"QYEAR","NEWID","SEQNO","ALCNO","REC_ORIG","JMKPURQV","JMKP_RQV","JNONFDQV","JNON_DQV","JOTHSTQV","JOTH_TQV","JDINEOQV","JDIN_OQV","JALOUTQV","JALO_TQV","JMLPAYQV","JMLP_YQV","JSCHMLQV","JSCH_LQV","JMKGRCQV","JMKG_CQV","JALHOMQV","JALH_MQV","CIGARETX","CIGA_ETX","JCIGARQV","JCIG_RQV","JOTBACQV","JOTB_CQV","OTHTBACX","OTHT_ACX"
"20151","02792005",24,0,"1",1300,"D",260,"D",130,"D",260,"D",0,"D",.,"A",.,"A",1040,"D",135,"D",10,"D",130,"D",.,"A",.,"A"
"20151","02792065",32,0,"1",520,"D",0,"D",130,"D",1560,"D",0,"D",.,"A",.,"A",520,"D",0,"D",.,"A",.,"A",.,"A",.,"A"
"20151","02792075",21,0,"1",1170,"D",130,"D",.,"A",0,"D",0,"D",.,"A",.,"A",1040,"D",0,"D",.,"A",.,"A",.,"A",.,"A"
"20151","02792095",21,0,"1",910,"D",130,"D",.,"A",0,"D",6,"D",.,"A",.,"A",780,"D",90,"D",.,"A",.,"A",.,"A",.,"A"
"20151","02792115",28,0,"1",1690,"D",520,"D",520,"D",0,"D",0,"D",.,"A",.,"A",1170,"D",0,"D",.,"A",.,"A",.,"A",.,"A"
"20151","02792125",19,0,"1",1300,"D",325,"D",.,"A",0,"D",0,"D",.,"A",.,"A",975,"D",0,"D",.,"A",.,"A",.,"A",.,"A"
"20151","02792155",26,0,"1",520,"D",130,"D",.,"A",26,"D",60,"D",.,"A",.,"A",390,"D",90,"D",.,"A",.,"A",.,"A",.,"A"
"20151","02792225",14,0,"1",520,"D",78,"D",.,"A",0,"D",0,"D",.,"A",.,"A",442,"D",0,"D",.,"A",.,"A",.,"A",.,"A"
"20151","02792245",50,0,"1",2600,"D",650,"D",.,"A",1300,"D",0,"D",.,"A",240,"D",1950,"D",180,"D",.,"A",.,"A",.,"A",.,"A"
"20151","02792265",18,0,"1",975,"D",130,"D",.,"A",0,"D",0,"D",.,"A",.,"A",845,"D",0,"D",30,"D",390,"D",.,"A",.,"A"
"20151","02792275",37,0,"1",910,"D",130,"D",.,"A",130,"D",0,"D",.,"A",.,"A",780,"D",0,"D",20,"D",260,"D",.,"A",.,"A"
"20151","02792295",29,0,"1",2600,"D",650,"D",.,"A",650,"D",0,"D",.,"A",.,"A",1950,"D",0,"D",.,"A",.,"A",.,"A",.,"A"
"20151","02792335",22,0,"1",1950,"D",520,"D",.,"A",0,"D",0,"D",.,"A",.,"A",1430,"D",0,"D",.,"A",.,"A",.,"A",.,"A"
"20151","02792385",21,0,"1",780,"D",0,"D",.,"A",1040,"D",0,"D",.,"A",.,"A",780,"D",0,"D",.,"A",.,"A",.,"A",.,"A"
"20151","02792415",24,0,"1",1300,"D",130,"D",.,"A",0,"D",0,"D",.,"A",.,"A",1170,"D",0,"D",.,"A",.,"A",.,"A",.,"A"
"20151","02792435",21,0,"1",780,"D",130,"D",130,"D",1300,"D",0,"D",.,"A",.,"A",650,"D",0,"D",.,"A",.,"A",.,"A",.,"A"
"20151","02792455",10,0,"1",520,"D",130,"D",.,"A",0,"D",0,"D",.,"A",.,"A",390,"D",45,"D",.,"A",.,"A",.,"A",.,"A"
"20151","02792525",74,0,"1",7800,"D",0,"D",.,"A",0,"D",300,"D",.,"A",.,"A",7800,"D",1500,"D",.,"A",.,"A",.,"A",.,"A"
"20151","02792585",16,0,"1",975,"D",260,"D",.,"A",0,"D",0,"D",.,"A",.,"A",715,"D",0,"D",.,"C",434,"F",.,"A",.,"A"
"20151","02792595",47,0,"1",1300,"D",325,"D",.,"A",1300,"D",0,"D",.,"A",.,"A",975,"D",0,"D",.,"A",.,"A",.,"A",.,"A"
"20151","02792605",23,0,"1",1950,"D",650,"D",.,"A",0,"D",0,"D",.,"A",.,"A",1300,"D",0,"D",.,"A",.,"A",.,"A",.,"A"
"20151","02792645",92,0,"1",1560,"D",0,"D",.,"A",728,"D",30,"D",.,"A",.,"A",1560,"D",75,"D",.,"A",.,"A",.,"A",.,"A"
"20151","02792725",33,0,"1",975,"D",0,"D",.,"A",455,"D",0,"D",.,"A",.,"A",975,"D",45,"D",.,"A",.,"A",.,"A",.,"A"
"20151","02792755",25,0,"1",520,"D",65,"D",.,"A",0,"D",0,"D",.,"A",.,"A",455,"D",0,"D",.,"A",.,"A",.,"A",.,"A"
"20151","02792805",54,0,"1",1300,"D",260,"D",39,"D",1040,"D",0,"D",.,"A",.,"A",1040,"D",0,"D",.,"A",.,"A",.,"A",.,"A"
"20151","02792815",67,0,"1",1365,"D",65,"D",.,"A",65,"D",0,"D",.,"A",.,"A",1300,"D",0,"D",.,"A",.,"A",.,"A",.,"A"
"20151","02792825",77,0,"1",780,"D",260,"D",.,"A",390,"D",0,"D",.,"A",.,"A",520,"D",180,"D",.,"A",.,"A",.,"A",.,"A"
"20151","02792885",33,0,"1",3250,"D",975,"D",.,"A",1300,"D",0,"D",.,"A",.,"A",2275,"D",0,"D",.,"A",.,"A",.,"A",.,"A"
"20151","02792925",65,0,"1",1300,"D",0,"D",.,"A",520,"D",0,"D",.,"A",.,"A",1300,"D",60,"D",.,"A",.,"A",.,"A",.,"A"
"20151","02792955",45,0,"1",1196,"D",130,"D",117,"D",156,"D",0,"D",.,"A",.,"A",1066,"D",63,"D",.,"A",.,"A",.,"A",.,"A"
"20151","02793075",15,0,"1",975,"D",288,"F",.,"A",427,"F",6,"D",.,"A",.,"A",1021,"F",6,"D",.,"A",.,"A",.,"A",.,"A"
"20151","02793085",42,0,"1",2600,"D",650,"D",.,"A",1300,"D",300,"D",.,"A",55,"D",1950,"D",450,"D",.,"A",.,"A",.,"A",.,"A"
"20151","02793125",41,0,"1",650,"D",130,"D",.,"A",520,"D",0,"D",.,"A",.,"A",520,"D",0,"D",50,"D",650,"D",.,"A",.,"A"
"20151","02793155",32,0,"1",910,"D",130,"D",130,"D",650,"D",150,"D",.,"A",.,"A",780,"D",240,"D",.,"A",.,"A",.,"A",.,"A"
"20151","02793225",38,0,"1",1300,"D",130,"D",.,"A",975,"D",225,"D",.,"A",.,"A",1170,"D",0,"D",.,"A",.,"A",.,"A",.,"A"
"20151","02793235",60,0,"1",4550,"D",702,"D",390,"D",1040,"D",6,"D",.,"A",200,"D",3848,"D",6,"D",.,"A",.,"A",.,"A",.,"A"
"20151","02793245",45,0,"1",4550,"D",650,"D",130,"D",650,"D",0,"D",.,"A",1600,"D",3900,"D",0,"D",.,"A",.,"A",.,"A",.,"A"
"20151","02793255",58,0,"1",1625,"D",325,"D",.,"A",650,"D",6,"D",.,"A",.,"A",1300,"D",6,"D",.,"A",.,"A",.,"A",.,"A"
"20151","02793275",50,0,"1",1950,"D",260,"D",.,"A",650,"D",75,"D",.,"A",.,"A",1690,"D",120,"D",.,"A",.,"A",.,"A",.,"A"
"20151","02793345",39,0,"1",1950,"D",520,"D",.,"A",390,"D",0,"D",.,"A",208,"D",1430,"D",60,"D",20,"D",260,"D",.,"A",.,"A"
"20151","02793355",25,0,"1",780,"D",195,"D",.,"A",260,"D",0,"D",.,"A",.,"A",585,"D",0,"D",.,"A",.,"A",.,"A",.,"A"
"20151","02793385",27,0,"1",1950,"D",715,"D",.,"A",780,"D",45,"D",.,"A",.,"A",1235,"D",450,"D",10,"D",130,"D",.,"A",.,"A"
"20151","02793455",16,0,"1",2925,"D",260,"D",260,"D",130,"D",0,"D",.,"A",.,"A",2665,"D",60,"D",.,"A",.,"A",.,"A",.,"A"
"20151","02793465",27,0,"1",1040,"D",65,"D",.,"A",650,"D",0,"D",.,"A",.,"A",975,"D",0,"D",.,"A",.,"A",.,"A",.,"A"
"20151","02793475",31,0,"1",910,"D",130,"D",.,"A",0,"D",0,"D",.,"A",.,"A",780,"D",0,"D",.,"A",.,"A",.,"A",.,"A"
"20151","02793495",46,0,"1",1300,"D",1300,"D",.,"A",1300,"D",0,"D",.,"A",.,"A",0,"D",0,"D",24,"D",312,"D",.,"A",.,"A"
"20151","02793515",47,0,"1",1300,"D",260,"D",.,"A",650,"D",0,"D",.,"A",.,"A",1040,"D",6,"D",.,"A",.,"A",.,"A",.,"A"
"20151","02793525",16,0,"1",975,"D",390,"D",.,"A",104,"D",0,"D",.,"A",.,"A",585,"D",90,"D",15,"D",195,"D",.,"A",.,"A"
"20151","02793585",42,0,"1",1560,"D",260,"D",.,"A",0,"D",0,"D",.,"A",.,"A",1300,"D",300,"D",.,"A",.,"A",.,"A",.,"A"
"20151","02793645",20,0,"1",1560,"D",520,"D",.,"A",520,"D",0,"D",.,"A",.,"A",1040,"D",0,"D",.,"A",.,"A",.,"A",.,"A"
"20151","02793775",13,0,"1",650,"D",260,"D",.,"A",0,"D",0,"D",.,"A",.,"A",390,"D",0,"D",.,"A",.,"A",.,"A",.,"A"
"20151","02793795",33,0,"1",2600,"D",520,"D",650,"D",520,"D",0,"D",.,"A",.,"A",2080,"D",121,"F",.,"A",.,"A",.,"A",.,"A"
"20151","02793805",25,0,"1",975,"D",260,"D",.,"A",195,"D",30,"D",.,"A",.,"A",715,"D",0,"D",.,"A",.,"A",.,"A",.,"A"
"20151","02793815",44,0,"1",390,"D",130,"D",.,"A",260,"D",6,"D",.,"A",.,"A",260,"D",6,"D",.,"A",.,"A",.,"A",.,"A"
"20151","02793855",54,0,"1",1690,"D",0,"D",455,"D",195,"D",0,"D",.,"A",.,"A",1690,"D",30,"D",.,"A",.,"A",52,"D",4,"D"
"20151","02793985",44,0,"1",0,"D",.,"A",.,"A",0,"D",0,"D",.,"A",.,"A",0,"D",0,"D",150,"D",1950,"D",.,"A",.,"A"
"20151","02794015",57,0,"1",1625,"D",325,"D",.,"A",975,"D",0,"D",.,"A",.,"A",1300,"D",0,"D",.,"A",.,"A",.,"A",.,"A"
"20151","02794075",22,0,"1",1502,"F",.,"A",.,"A",0,"D",0,"D",.,"A",.,"A",1217,"F",0,"D",.,"A",.,"A",.,"A",.,"A"
"20151","02794095",39,0,"1",2600,"D",395,"F",.,"A",650,"D",0,"D",.,"A",.,"A",1823,"F",300,"D",.,"A",.,"A",.,"A",.,"A"
"20151","02794105",14,0,"1",780,"D",130,"D",.,"A",0,"D",0,"D",.,"A",.,"A",650,"D",0,"D",.,"A",.,"A",.,"A",.,"A"
"20151","02794145",42,0,"1",1300,"D",0,"D",.,"A",390,"D",0,"D",.,"A",.,"A",1300,"D",0,"D",.,"A",.,"A",.,"A",.,"A"
"20151","02794155",77,0,"1",2600,"D",780,"D",.,"A",1300,"D",300,"D",.,"A",.,"A",1820,"D",300,"D",.,"A",.,"A",.,"A",.,"A"
"20151","02794165",42,0,"1",2600,"D",0,"D",.,"A",1950,"D",120,"D",.,"A",.,"A",2600,"D",180,"D",.,"A",.,"A",.,"A",.,"A"
"20151","02794175",14,0,"1",299,"D",52,"D",.,"A",0,"D",0,"D",.,"A",.,"A",247,"D",0,"D",.,"A",.,"A",.,"A",.,"A"
"20151","02794205",56,0,"1",1885,"D",260,"D",.,"A",2860,"D",0,"D",.,"A",.,"A",1625,"D",0,"D",.,"A",.,"A",.,"A",.,"A"
"20151","02794315",83,0,"1",5200,"D",1040,"D",.,"A",910,"D",0,"D",.,"A",.,"A",4160,"D",120,"D",.,"A",.,"A",.,"A",.,"A"
"20151","02794335",64,0,"1",1690,"D",442,"D",.,"A",1118,"D",105,"D",.,"A",.,"A",1248,"D",156,"D",.,"A",.,"A",.,"A",.,"A"
"20151","02794365",31,0,"1",650,"D",130,"D",.,"A",650,"D",0,"D",.,"A",.,"A",520,"D",90,"D",.,"A",.,"A",.,"A",.,"A"
"20151","02794385",31,0,"1",1950,"D",260,"D",390,"D",0,"D",0,"D",.,"A",.,"A",1690,"D",150,"D",10,"D",130,"D",.,"A",.,"A"
"20151","02794405",39,0,"1",1300,"D",130,"D",.,"A",650,"D",6,"D",.,"A",.,"A",1170,"D",6,"D",.,"A",.,"A",.,"A",.,"A"
"20151","02794445",47,0,"1",1950,"D",325,"D",260,"D",650,"D",60,"D",.,"A",50,"D",1625,"D",120,"D",.,"A",.,"A",.,"A",.,"A"
"20151","02794505",5,0,"1",0,"D",.,"A",.,"A",0,"D",0,"D",.,"A",.,"A",0,"D",0,"D",.,"A",.,"A",.,"A",.,"A"
"20151","02794565",20,0,"1",0,"D",.,"A",.,"A",0,"D",0,"D",.,"A",0,"D",0,"D",0,"D",.,"A",.,"A",.,"A",.,"A"
"20151","02794585",12,0,"1",1300,"D",325,"D",.,"A",520,"D",0,"D",.,"A",.,"A",975,"D",0,"D",.,"A",.,"A",.,"A",.,"A"
"20151","02794635",27,0,"1",1040,"D",260,"D",.,"A",650,"D",0,"D",.,"A",.,"A",780,"D",0,"D",.,"A",.,"A",.,"A",.,"A"
"20151","02794715",25,0,"1",1625,"D",390,"D",.,"A",130,"D",30,"D",.,"A",235,"F",1235,"D",150,"D",.,"A",.,"A",.,"A",.,"A"
"20151","02794755",27,0,"1",780,"D",260,"D",.,"A",650,"D",0,"D",.,"A",.,"A",520,"D",0,"D",.,"A",.,"A",.,"A",.,"A"
"20151","02794815",34,0,"1",1300,"D",130,"D",390,"D",1300,"D",300,"D",.,"A",.,"A",1170,"D",0,"D",.,"A",.,"A",.,"A",.,"A"
"20151","02794825",17,0,"1",650,"D",65,"D",.,"A",2600,"D",6,"D",.,"A",.,"A",585,"D",6,"D",.,"A",.,"A",.,"A",.,"A"
"20151","02794855",35,0,"1",1300,"D",260,"D",.,"A",650,"D",0,"D",.,"A",.,"A",1040,"D",0,"D",.,"A",.,"A",.,"A",.,"A"
"20151","02794935",21,0,"1",650,"D",0,"D",.,"A",0,"D",6,"D",.,"A",.,"A",650,"D",6,"D",.,"A",.,"A",.,"A",.,"A"
"20151","02794955",33,0,"1",2275,"D",260,"D",.,"A",0,"D",0,"D",.,"A",.,"A",2015,"D",60,"D",.,"A",.,"A",.,"A",.,"A"
"20151","02794975",36,0,"1",1430,"D",361,"F",.,"A",0,"D",0,"D",.,"A",.,"A",1269,"F",180,"D",120,"D",1560,"D",.,"A",.,"A"
"20151","02795105",28,0,"1",1495,"D",117,"D",.,"A",130,"D",0,"D",.,"A",.,"A",1378,"D",72,"D",.,"A",.,"A",.,"A",.,"A"
"20151","02795155",31,0,"1",520,"D",65,"D",.,"A",390,"D",30,"D",.,"A",.,"A",455,"D",60,"D",.,"A",.,"A",.,"A",.,"A"
"20151","02795165",90,0,"1",1625,"D",325,"D",.,"A",1105,"D",0,"D",.,"A",.,"A",1300,"D",0,"D",52,"D",676,"D",.,"A",.,"A"
"20151","02795195",13,0,"1",156,"D",0,"D",.,"A",0,"D",0,"D",.,"A",.,"A",156,"D",0,"D",.,"A",.,"A",.,"A",.,"A"
"20151","02795205",82,0,"1",2600,"D",0,"D",466,"F",520,"D",300,"D",.,"A",.,"A",2600,"D",0,"D",.,"A",.,"A",.,"A",.,"A"
"20151","02795255",20,0,"1",650,"D",0,"D",.,"A",553,"F",0,"D",.,"A",.,"A",650,"D",0,"D",.,"A",.,"A",.,"A",.,"A"
"20151","02795295",20,0,"1",1040,"D",325,"D",.,"A",0,"D",0,"D",.,"A",.,"A",715,"D",0,"D",.,"A",.,"A",.,"A",.,"A"
"20151","02795315",35,0,"1",1040,"D",130,"D",65,"D",780,"D",150,"D",.,"A",.,"A",910,"D",300,"D",.,"A",.,"A",.,"A",.,"A"
"20151","02795335",19,0,"1",1950,"D",130,"D",.,"A",2600,"D",600,"D",.,"A",.,"A",1820,"D",450,"D",.,"A",.,"A",.,"A",.,"A"
"20151","02795365",20,0,"1",2210,"D",260,"D",.,"A",650,"D",0,"D",.,"A",.,"A",1950,"D",0,"D",.,"A",.,"A",.,"A",.,"A"
"20151","02795445",37,0,"1",325,"D",130,"D",.,"A",650,"D",90,"D",.,"A",.,"A",195,"D",150,"D",.,"A",.,"A",.,"A",.,"A"
"20151","02795455",39,0,"1",1300,"D",130,"D",.,"A",650,"D",30,"D",.,"A",.,"A",1170,"D",75,"D",.,"A",.,"A",.,"A",.,"A"
"20151","02795465",59,0,"1",2093,"D",325,"D",.,"A",390,"D",150,"D",.,"A",.,"A",1768,"D",60,"D",.,"A",.,"A",325,"D",25,"D"
"20151","02795515",41,0,"1",1300,"D",130,"D",.,"A",650,"D",6,"D",.,"A",.,"A",1170,"D",6,"D",.,"A",.,"A",.,"A",.,"A"
"20151","02795615",54,0,"1",1950,"D",0,"D",260,"D",1950,"D",54,"D",.,"A",.,"A",1950,"D",360,"D",6,"D",78,"D",.,"A",.,"A"
"20151","02795645",15,0,"1",1040,"D",130,"D",.,"A",0,"D",0,"D",.,"A",.,"A",910,"D",0,"D",.,"A",.,"A",.,"A",.,"A"
"20151","02795695",41,0,"1",975,"D",650,"D",.,"A",390,"D",0,"D",.,"A",.,"A",325,"D",0,"D",.,"A",.,"A",.,"A",.,"A"
"20151","02795715",53,0,"1",3250,"D",650,"D",.,"A",390,"D",60,"D",.,"A",.,"A",2600,"D",45,"D",.,"A",.,"A",.,"A",.,"A"
"20151","02795735",13,0,"1",1300,"D",221,"F",.,"A",553,"F",121,"F",.,"A",.,"A",753,"F",106,"F",.,"A",.,"A",.,"A",.,"A"
"20151","02795865",32,0,"1",3250,"D",1300,"D",.,"A",650,"D",0,"D",.,"A",.,"A",1950,"D",300,"D",.,"A",.,"A",.,"A",.,"A"
"20151","02795875",33,0,"1",260,"D",0,"D",65,"D",819,"D",0,"D",.,"A",.,"A",260,"D",0,"D",.,"A",.,"A",.,"A",.,"A"
"20151","02796055",30,0,"1",1300,"D",390,"D",.,"A",130,"D",0,"D",.,"A",.,"A",910,"D",105,"D",.,"A",.,"A",.,"A",.,"A"
"20151","02796085",54,0,"1",1690,"D",390,"D",.,"A",650,"D",600,"D",.,"A",.,"A",1300,"D",300,"D",.,"A",.,"A",.,"A",.,"A"
"20151","02796105",18,0,"1",780,"D",130,"D",0,"D",650,"D",0,"D",.,"A",.,"A",650,"D",0,"D",.,"A",.,"A",.,"A",.,"A"
"20151","02796125",34,0,"1",2990,"D",910,"D",.,"A",910,"D",300,"D",.,"A",.,"A",2080,"D",120,"D",.,"A",.,"A",.,"A",.,"A"
"20151","02796205",44,0,"1",1300,"D",260,"D",390,"D",0,"D",0,"D",.,"A",150,"D",1040,"D",60,"D",.,"A",.,"A",.,"A",.,"A"
"20151","02796225",18,0,"1",1300,"D",130,"D",.,"A",260,"D",0,"D",.,"A",.,"A",1170,"D",0,"D",.,"A",.,"A",.,"A",.,"A"
"20151","02796235",75,0,"1",2080,"D",455,"D",.,"A",1300,"D",45,"D",.,"A",.,"A",1625,"D",135,"D",6,"D",78,"D",.,"A",.,"A"
"20151","02796245",78,0,"1",1430,"D",130,"D",.,"A",780,"D",0,"D",.,"A",.,"A",1300,"D",0,"D",.,"A",.,"A",.,"A",.,"A"
"20151","02796255",19,0,"1",1950,"D",0,"D",650,"D",0,"D",0,"D",.,"A",.,"A",1950,"D",0,"D",.,"A",.,"A",.,"A",.,"A"
"20151","02796265",43,0,"1",1300,"D",195,"D",.,"A",650,"D",120,"D",.,"A",.,"A",1105,"D",45,"D",.,"A",.,"A",.,"A",.,"A"
"20151","02796275",46,0,"1",1105,"D",390,"D",.,"A",260,"D",0,"D",.,"A",.,"A",715,"D",60,"D",.,"A",.,"A",.,"A",.,"A"
"20151","02796395",32,0,"1",1690,"D",195,"D",.,"A",390,"D",0,"D",.,"A",.,"A",1495,"D",0,"D",.,"A",.,"A",.,"A",.,"A"
"20151","02796415",14,0,"1",650,"D",130,"D",.,"A",0,"D",0,"D",273,"D",.,"A",520,"D",0,"D",.,"A",.,"A",.,"A",.,"A"
"20151","02796465",17,0,"1",910,"D",130,"D",.,"A",0,"D",0,"D",.,"A",.,"A",780,"D",0,"D",.,"A",.,"A",.,"A",.,"A"
"20151","02796475",10,0,"1",1690,"D",260,"D",.,"A",0,"D",0,"D",.,"A",.,"A",1430,"D",0,"D",.,"A",.,"A",.,"A",.,"A"
"20151","02796485",41,0,"1",1105,"D",130,"D",.,"A",0,"D",0,"D",.,"A",.,"A",975,"D",0,"D",.,"A",.,"A",.,"A",.,"A"
"20151","02796555",60,0,"1",2925,"D",455,"D",.,"A",780,"D",60,"D",.,"A",.,"A",2470,"D",150,"D",.,"A",.,"A",.,"A",.,"A"
"20151","02796565",31,0,"1",260,"D",26,"D",.,"A",390,"D",0,"D",.,"A",.,"A",234,"D",0,"D",.,"A",.,"A",.,"A",.,"A"
"20151","02796575",21,0,"1",1950,"D",0,"D",.,"A",0,"D",0,"D",.,"A",.,"A",1950,"D",0,"D",.,"A",.,"A",.,"A",.,"A"
"20151","02796585",19,0,"1",780,"D",65,"D",.,"A",0,"D",0,"D",.,"A",.,"A",715,"D",0,"D",.,"A",.,"A",.,"A",.,"A"
"20151","02796595",78,0,"1",1859,"D",780,"D",.,"A",1118,"D",6,"D",.,"A",.,"A",1079,"D",6,"D",.,"A",.,"A",.,"A",.,"A"
"20151","02796605",32,0,"1",1300,"D",130,"D",390,"D",520,"D",300,"D",.,"A",.,"A",1170,"D",150,"D",.,"A",.,"A",.,"A",.,"A"
"20151","02796625",39,0,"1",2600,"D",520,"D",.,"A",260,"D",0,"D",.,"A",.,"A",2080,"D",30,"D",.,"A",.,"A",.,"A",.,"A"
"20151","02796645",21,0,"1",520,"D",65,"D",.,"A",0,"D",0,"D",.,"A",.,"A",455,"D",0,"D",.,"A",.,"A",.,"A",.,"A"
"20151","02796735",35,0,"1",1430,"D",260,"D",.,"A",260,"D",0,"D",.,"A",.,"A",1170,"D",75,"D",28,"D",364,"D",.,"A",.,"A"
"20151","02796765",55,0,"1",650,"D",325,"D",.,"A",78,"D",0,"D",.,"A",.,"A",325,"D",0,"D",.,"A",.,"A",.,"A",.,"A"
"20151","02796775",64,0,"1",2990,"D",1365,"D",39,"D",1950,"D",180,"D",.,"A",270,"D",1625,"D",60,"D",.,"A",.,"A",.,"A",.,"A"
"20151","02796785",11,0,"1",1300,"D",260,"D",.,"A",0,"D",0,"D",.,"A",.,"A",1040,"D",0,"D",.,"A",.,"A",.,"A",.,"A"
"20151","02796795",15,0,"1",975,"D",13,"D",.,"A",650,"D",0,"D",.,"A",.,"A",962,"D",156,"D",.,"A",.,"A",.,"A",.,"A"
"20151","02796815",27,0,"1",1300,"D",65,"D",156,"D",1300,"D",0,"D",.,"A",.,"A",1235,"D",0,"D",.,"A",.,"A",.,"A",.,"A"
"20151","02796885",64,0,"1",1300,"D",650,"D",.,"A",130,"D",0,"D",.,"A",.,"A",650,"D",0,"D",.,"A",.,"A",.,"A",.,"A"
"20151","02796925",53,0,"1",2600,"D",462,"F",.,"A",1950,"D",0,"D",.,"A",397,"D",2313,"F",0,"D",.,"A",.,"A",.,"A",.,"A"
"20151","02796935",14,0,"1",914,"F",.,"A",.,"A",0,"D",0,"D",.,"A",.,"A",753,"F",0,"D",.,"A",.,"A",.,"A",.,"A"
"20151","02796945",42,0,"1",2600,"D",260,"D",.,"A",325,"D",0,"D",.,"A",.,"A",2340,"D",0,"D",.,"A",.,"A",.,"A",.,"A"
"20151","02796995",20,0,"1",650,"D",130,"D",.,"A",390,"D",30,"D",.,"A",.,"A",520,"D",30,"D",.,"A",.,"A",.,"A",.,"A"
"20151","02797025",29,0,"1",1950,"D",325,"D",390,"D",1950,"D",0,"D",.,"A",200,"D",1625,"D",0,"D",30,"D",390,"D",.,"A",.,"A"
"20151","02797045",16,0,"1",130,"D",13,"D",.,"A",0,"D",0,"D",.,"A",.,"A",117,"D",0,"D",.,"A",.,"A",.,"A",.,"A"
"20151","02797085",31,0,"1",1300,"D",130,"D",.,"A",0,"D",0,"D",.,"A",.,"A",1170,"D",122,"F",.,"A",.,"A",.,"A",.,"A"
"20151","02797145",23,0,"1",4550,"D",412,"F",.,"A",0,"D",0,"D",.,"A",200,"D",1807,"F",0,"D",.,"A",.,"A",.,"A",.,"A"
"20151","02797195",44,0,"1",2600,"D",414,"F",.,"A",0,"D",0,"D",.,"A",.,"A",1771,"F",0,"D",.,"A",.,"A",.,"A",.,"A"
"20151","02797215",29,0,"1",1170,"D",182,"D",.,"A",260,"D",0,"D",.,"A",.,"A",988,"D",0,"D",.,"A",.,"A",.,"A",.,"A"
"20151","02797235",37,0,"1",1300,"D",260,"D",.,"A",130,"D",0,"D",.,"A",.,"A",1040,"D",0,"D",.,"A",.,"A",.,"A",.,"A"
"20151","02797315",28,0,"1",650,"D",189,"F",.,"A",975,"D",0,"D",.,"A",.,"A",704,"F",60,"D",.,"A",.,"A",.,"A",.,"A"
"20151","02797325",18,0,"1",585,"D",65,"D",.,"A",0,"D",0,"D",.,"A",.,"A",520,"D",300,"D",.,"A",.,"A",.,"A",.,"A"
"20151","02797385",37,0,"1",520,"D",130,"D",.,"A",0,"D",0,"D",.,"A",.,"A",390,"D",45,"D",25,"D",325,"D",.,"A",.,"A"
"20151","02797405",76,0,"1",1040,"D",104,"D",.,"A",2600,"D",600,"D",.,"A",.,"A",936,"D",225,"D",.,"A",.,"A",.,"A",.,"A"
"20151","02797475",69,0,"1",1950,"D",260,"D",.,"A",351,"D",90,"D",.,"A",.,"A",1690,"D",180,"D",.,"A",.,"A",.,"A",.,"A"
"20151","02797525",37,0,"1",2600,"D",650,"D",.,"A",975,"D",0,"D",.,"A",200,"D",1950,"D",0,"D",.,"A",.,"A",.,"A",.,"A"
"20151","02797585",38,0,"1",650,"D",0,"D",130,"D",390,"D",0,"D",.,"A",.,"A",650,"D",30,"D",.,"A",.,"A",.,"A",.,"A"
"20151","02797645",9,0,"1",910,"D",130,"D",.,"A",0,"D",0,"D",.,"A",.,"A",780,"D",0,"D",.,"A",.,"A",.,"A",.,"A"
"20151","02797655",42,0,"1",2600,"D",260,"D",.,"A",975,"D",0,"D",.,"A",110,"D",2340,"D",0,"D",.,"A",.,"A",.,"A",.,"A"
"20151","02797675",46,0,"1",1950,"D",520,"D",.,"A",0,"D",0,"D",.,"A",.,"A",1430,"D",180,"D",.,"A",.,"A",.,"A",.,"A"
"20151","02797695",34,0,"1",2600,"D",260,"D",.,"A",650,"D",150,"D",.,"A",.,"A",2340,"D",75,"D",35,"D",455,"D",.,"A",.,"A"
"20151","02797725",41,0,"1",1300,"D",520,"D",.,"A",325,"D",0,"D",.,"A",.,"A",780,"D",0,"D",.,"A",.,"A",.,"A",.,"A"
"20151","02797735",42,0,"1",1625,"D",325,"D",.,"A",780,"D",60,"D",.,"A",.,"A",1300,"D",0,"D",.,"A",.,"A",.,"A",.,"A"
"20151","02797805",23,0,"1",2600,"D",260,"D",.,"A",260,"D",0,"D",.,"A",.,"A",2340,"D",0,"D",.,"A",.,"A",.,"A",.,"A"
"20151","02797885",28,0,"1",1300,"D",260,"D",390,"D",1300,"D",6,"D",.,"A",.,"A",1040,"D",6,"D",.,"A",.,"A",.,"A",.,"A"
"20151","02797895",61,0,"1",1950,"D",390,"D",.,"A",2600,"D",600,"D",.,"A",.,"A",1560,"D",600,"D",.,"A",.,"A",.,"A",.,"A"
"20151","02797915",34,0,"1",1300,"D",260,"D",.,"A",0,"D",0,"D",.,"A",.,"A",1040,"D",0,"D",.,"A",.,"A",.,"A",.,"A"
"20151","02797935",23,0,"1",2275,"D",260,"D",.,"A",650,"D",0,"D",.,"A",.,"A",2015,"D",0,"D",.,"A",.,"A",.,"A",.,"A"
"20151","02797995",21,0,"1",1300,"D",260,"D",.,"A",650,"D",0,"D",.,"A",.,"A",1040,"D",60,"D",.,"A",.,"A",.,"A",.,"A"
"20151","02798005",27,0,"1",2340,"D",325,"D",.,"A",130,"D",0,"D",.,"A",.,"A",2015,"D",0,"D",.,"A",.,"A",.,"A",.,"A"
"20151","02798035",56,0,"1",1950,"D",975,"D",520,"D",2600,"D",75,"D",.,"A",.,"A",975,"D",600,"D",.,"A",.,"A",130,"D",10,"D"
"20151","02798045",24,0,"1",585,"D",65,"D",.,"A",130,"D",0,"D",.,"A",.,"A",520,"D",120,"D",.,"A",.,"A",195,"D",15,"D"
"20151","02798065",27,0,"1",195,"D",0,"D",.,"A",0,"D",0,"D",.,"A",.,"A",195,"D",30,"D",.,"A",.,"A",104,"D",8,"D"
"20151","02798075",92,0,"1",1495,"D",403,"D",.,"A",1040,"D",540,"D",500,"D",.,"A",1092,"D",180,"D",.,"A",.,"A",.,"A",.,"A"
"20151","02798085",38,0,"1",1950,"D",390,"D",.,"A",520,"D",0,"D",.,"A",442,"D",1560,"D",300,"D",35,"D",455,"D",.,"A",.,"A"
"20151","02798135",21,0,"1",1300,"D",390,"D",.,"A",260,"D",6,"D",.,"A",.,"A",910,"D",6,"D",.,"A",.,"A",.,"A",.,"A"
"20151","02798155",20,0,"1",195,"D",189,"F",.,"A",0,"D",0,"D",.,"A",.,"A",704,"F",0,"D",.,"A",.,"A",.,"A",.,"A"
"20151","02798175",25,0,"1",1950,"D",650,"D",.,"A",0,"D",0,"D",.,"A",.,"A",1300,"D",0,"D",.,"A",.,"A",.,"A",.,"A"
"20151","02798195",30,0,"1",1040,"D",130,"D",.,"A",325,"D",0,"D",.,"A",.,"A",910,"D",0,"D",.,"A",.,"A",.,"A",.,"A"
"20151","02798225",38,0,"1",780,"D",65,"D",.,"A",195,"D",0,"D",.,"A",.,"A",715,"D",60,"D",.,"A",.,"A",.,"A",.,"A"
"20151","02798275",38,0,"1",1560,"D",260,"D",.,"A",650,"D",0,"D",.,"A",.,"A",1300,"D",75,"D",15,"D",195,"D",.,"A",.,"A"
"20151","02798305",16,0,"1",910,"D",130,"D",.,"A",195,"D",0,"D",.,"A",.,"A",780,"D",0,"D",.,"A",.,"A",.,"A",.,"A"
"20151","02798315",40,0,"1",845,"D",455,"D",.,"A",975,"D",0,"D",.,"A",.,"A",390,"D",0,"D",.,"A",.,"A",.,"A",.,"A"
"20151","02798335",31,0,"1",1950,"D",130,"D",.,"A",260,"D",0,"D",.,"A",195,"D",1820,"D",0,"D",35,"D",455,"D",.,"A",.,"A"
"20151","02798395",10,0,"1",1300,"D",130,"D",.,"A",390,"D",0,"D",.,"A",.,"A",1170,"D",0,"D",.,"A",.,"A",.,"A",.,"A"
"20151","02798405",57,0,"1",3250,"D",0,"D",975,"D",1950,"D",24,"D",.,"A",.,"A",3250,"D",54,"D",.,"A",.,"A",.,"A",.,"A"
"20151","02798425",36,0,"1",845,"D",390,"D",.,"A",260,"D",0,"D",.,"A",.,"A",455,"D",0,"D",.,"A",.,"A",.,"A",.,"A"
"20151","02798465",30,0,"1",1300,"D",390,"D",.,"A",780,"D",0,"D",.,"A",.,"A",910,"D",0,"D",.,"A",.,"A",.,"A",.,"A"
"20151","02798555",32,0,"1",1300,"D",130,"D",.,"A",260,"D",60,"D",.,"A",.,"A",1170,"D",90,"D",.,"A",.,"A",.,"A",.,"A"
"20151","02798615",35,0,"1",1950,"D",390,"D",.,"A",0,"D",0,"D",.,"A",.,"A",1560,"D",0,"D",10,"D",130,"D",.,"A",.,"A"
"20151","02798665",61,0,"1",845,"D",0,"D",.,"A",780,"D",0,"D",.,"A",.,"A",845,"D",90,"D",.,"A",.,"A",.,"A",.,"A"
"20151","02798675",26,0,"1",364,"D",65,"D",.,"A",0,"D",0,"D",.,"A",.,"A",299,"D",60,"D",.,"A",.,"A",.,"A",.,"A"
"20151","02798695",53,0,"1",650,"D",65,"D",.,"A",650,"D",75,"D",.,"A",.,"A",585,"D",45,"D",.,"A",.,"A",.,"A",.,"A"
"20151","02798735",45,0,"1",3900,"D",1300,"D",.,"A",0,"D",0,"D",.,"A",.,"A",2600,"D",0,"D",.,"A",.,"A",.,"A",.,"A"
"20151","02798755",46,0,"1",1625,"D",260,"D",130,"D",1170,"D",30,"D",.,"A",.,"A",1365,"D",0,"D",.,"A",.,"A",.,"A",.,"A"
"20151","02798785",22,0,"1",1625,"D",325,"D",.,"A",0,"D",0,"D",.,"A",.,"A",1300,"D",0,"D",.,"A",.,"A",.,"A",.,"A"
"20151","02798805",53,0,"1",1950,"D",130,"D",1300,"D",1300,"D",0,"D",.,"A",130,"D",1820,"D",0,"D",.,"A",.,"A",.,"A",.,"A"
"20151","02798835",54,0,"1",1300,"D",520,"D",65,"D",260,"D",0,"D",.,"A",.,"A",780,"D",0,"D",.,"A",.,"A",.,"A",.,"A"
"20151","02798855",35,0,"1",1105,"D",130,"D",.,"A",325,"D",0,"D",.,"A",.,"A",975,"D",0,"D",.,"A",.,"A",.,"A",.,"A"
"20151","02798865",47,0,"1",4875,"D",780,"D",.,"A",1300,"D",0,"D",.,"A",.,"A",4095,"D",600,"D",.,"A",.,"A",.,"A",.,"A"
"20151","02798985",30,0,"1",650,"D",52,"D",.,"A",0,"D",0,"D",.,"A",.,"A",598,"D",0,"D",.,"A",.,"A",.,"A",.,"A"
"20151","02799005",19,0,"1",1950,"D",390,"D",.,"A",780,"D",60,"D",.,"A",.,"A",1560,"D",0,"D",.,"A",.,"A",.,"A",.,"A"
"20151","02799035",32,0,"1",975,"D",189,"F",.,"A",650,"D",0,"D",.,"A",.,"A",704,"F",150,"D",.,"A",.,"A",.,"A",.,"A"
"20151","02799085",20,0,"1",1300,"D",260,"D",.,"A",390,"D",60,"D",.,"A",.,"A",1040,"D",300,"D",.,"A",.,"A",.,"A",.,"A"
"20151","02799095",44,0,"1",1040,"D",65,"D",117,"D",585,"D",0,"D",.,"A",.,"A",975,"D",45,"D",.,"A",.,"A",.,"A",.,"A"
"20151","02799135",52,0,"1",650,"D",130,"D",.,"A",260,"D",0,"D",.,"A",.,"A",520,"D",0,"D",.,"A",.,"A",.,"A",.,"A"
"20151","02799265",26,0,"1",1040,"D",130,"D",.,"A",650,"D",75,"D",.,"A",.,"A",910,"D",120,"D",.,"A",.,"A",.,"A",.,"A"
"20151","02799365",22,0,"1",1950,"D",395,"F",.,"A",733,"F",85,"F",.,"A",.,"A",1823,"F",119,"F",.,"A",.,"A",.,"A",.,"A"
"20151","02799385",20,0,"1",1300,"D",0,"D",.,"A",1300,"D",0,"D",.,"A",.,"A",1300,"D",60,"D",.,"A",.,"A",.,"A",.,"A"
"20151","02799395",39,0,"1",650,"D",130,"D",.,"A",195,"D",0,"D",.,"A",.,"A",520,"D",0,"D",.,"A",.,"A",.,"A",.,"A"
"20151","02799445",21,0,"1",1820,"D",260,"D",390,"D",1300,"D",6,"D",.,"A",.,"A",1560,"D",6,"D",.,"A",.,"A",.,"A",.,"A"
"20151","02799455",90,0,"1",1950,"D",0,"D",.,"A",975,"D",96,"D",.,"A",.,"A",1950,"D",600,"D",.,"A",.,"A",.,"A",.,"A"
"20151","02799475",54,0,"1",3900,"D",1300,"D",.,"A",1300,"D",0,"D",.,"A",.,"A",2600,"D",600,"D",.,"A",.,"A",.,"A",.,"A"
"20151","02799495",58,0,"1",2600,"D",520,"D",.,"A",520,"D",0,"D",.,"A",.,"A",2080,"D",300,"D",16,"D",208,"D",.,"A",.,"A"
"20151","02799525",38,0,"1",1300,"D",0,"D",130,"D",0,"D",0,"D",.,"A",.,"A",1300,"D",0,"D",.,"A",.,"A",.,"A",.,"A"
"20151","02799555",23,0,"1",1118,"D",208,"D",.,"A",286,"D",0,"D",.,"A",.,"A",910,"D",0,"D",.,"A",.,"A",.,"A",.,"A"
"20151","02799605",30,0,"1",650,"D",0,"D",.,"A",0,"D",0,"D",.,"A",.,"A",650,"D",0,"D",.,"A",.,"A",.,"A",.,"A"
"20151","02799625",34,0,"1",1625,"D",195,"D",.,"A",0,"D",0,"D",.,"A",.,"A",1430,"D",18,"D",.,"A",.,"A",.,"A",.,"A"
"20151","02799685",32,0,"1",1560,"D",130,"D",.,"A",0,"D",0,"D",.,"A",.,"A",1430,"D",0,"D",55,"D",715,"D",.,"A",.,"A"
"20151","02799695",50,0,"1",1625,"D",780,"D",.,"A",975,"D",0,"D",.,"A",.,"A",845,"D",300,"D",.,"A",.,"A",.,"A",.,"A"
"20151","02799745",26,0,"1",1690,"D",260,"D",.,"A",0,"D",0,"D",.,"A",.,"A",1430,"D",0,"D",.,"A",.,"A",.,"A",.,"A"
"20151","02799765",17,0,"1",1950,"D",260,"D",.,"A",520,"D",0,"D",.,"A",.,"A",1690,"D",0,"D",.,"A",.,"A",.,"A",.,"A"
"20151","02799775",26,0,"1",2600,"D",650,"D",.,"A",0,"D",0,"D",.,"A",.,"A",1950,"D",0,"D",.,"A",.,"A",.,"A",.,"A"
"20151","02799785",35,0,"1",1625,"D",130,"D",.,"A",260,"D",0,"D",.,"A",.,"A",1495,"D",0,"D",.,"A",.,"A",.,"A",.,"A"
"20151","02799815",32,0,"1",1300,"D",325,"D",260,"D",0,"D",0,"D",.,"A",.,"A",975,"D",6,"D",.,"A",.,"A",.,"A",.,"A"
"20151","02799835",54,0,"1",4550,"D",975,"D",.,"A",650,"D",0,"D",.,"A",.,"A",3575,"D",120,"D",.,"A",.,"A",.,"A",.,"A"
"20151","02799855",21,0,"1",2600,"D",390,"D",.,"A",1950,"D",0,"D",.,"A",.,"A",2210,"D",300,"D",.,"A",.,"A",.,"A",.,"A"
"20151","02799865",38,0,"1",2600,"D",325,"D",.,"A",650,"D",0,"D",.,"A",300,"D",2275,"D",0,"D",.,"A",.,"A",.,"A",.,"A"
"20151","02799885",10,0,"1",910,"D",288,"F",.,"A",542,"F",0,"D",.,"A",.,"A",874,"F",0,"D",.,"A",.,"A",.,"A",.,"A"
"20151","02799895",29,0,"1",520,"D",65,"D",.,"A",585,"D",0,"D",.,"A",.,"A",455,"D",0,"D",.,"A",.,"A",.,"A",.,"A"
"20151","02799905",25,0,"1",1820,"D",325,"D",.,"A",1560,"D",0,"D",.,"A",.,"A",1495,"D",0,"D",.,"A",.,"A",.,"A",.,"A"
"20151","02799935",36,0,"1",1170,"D",520,"D",260,"D",650,"D",750,"D",.,"A",.,"A",650,"D",300,"D",.,"A",.,"A",.,"A",.,"A"
"20151","02799965",28,0,"1",1625,"D",650,"D",.,"A",650,"D",0,"D",.,"A",.,"A",975,"D",0,"D",.,"A",.,"A",.,"A",.,"A"
"20151","02799975",28,0,"1",195,"D",0,"D",.,"A",520,"D",60,"D",.,"A",.,"A",195,"D",0,"D",.,"A",.,"A",.,"A",.,"A"
"20151","02799985",34,0,"1",3380,"D",395,"F",.,"A",0,"D",0,"D",.,"A",.,"A",1823,"F",0,"D",.,"A",.,"A",.,"A",.,"A"
"20151","02800005",41,0,"1",975,"D",78,"D",.,"A",650,"D",0,"D",.,"A",.,"A",897,"D",0,"D",.,"A",.,"A",.,"A",.,"A"
"20151","02800065",56,0,"1",1950,"D",390,"D",.,"A",1300,"D",150,"D",.,"A",.,"A",1560,"D",240,"D",30,"D",390,"D",.,"A",.,"A"
"20151","02800085",20,0,"1",1300,"D",195,"D",.,"A",650,"D",6,"D",.,"A",.,"A",1105,"D",6,"D",.,"A",.,"A",.,"A",.,"A"
"20151","02800125",46,0,"1",1950,"D",325,"D",.,"A",260,"D",0,"D",.,"A",.,"A",1625,"D",0,"D",.,"A",.,"A",.,"A",.,"A"
"20151","02800145",49,0,"1",1625,"D",325,"D",.,"A",1560,"D",60,"D",.,"A",.,"A",1300,"D",60,"D",.,"A",.,"A",.,"A",.,"A"
"20151","02800175",93,0,"1",1950,"D",650,"D",.,"A",1300,"D",75,"D",.,"A",.,"A",1300,"D",75,"D",.,"A",.,"A",.,"A",.,"A"
"20151","02800185",25,0,"1",2990,"D",650,"D",390,"D",325,"D",15,"D",.,"A",.,"A",2340,"D",60,"D",.,"A",.,"A",.,"A",.,"A"
"20151","02800265",76,0,"1",1327,"F",.,"A",.,"A",2925,"D",600,"D",.,"A",.,"A",1029,"F",150,"D",.,"A",.,"A",.,"A",.,"A"
"20151","02800285",33,0,"1",780,"D",0,"D",.,"A",0,"D",0,"D",.,"A",.,"A",780,"D",0,"D",10,"D",130,"D",.,"A",.,"A"
"20151","02800305",12,0,"1",2340,"D",520,"D",.,"A",390,"D",0,"D",.,"A",.,"A",1820,"D",0,"D",.,"A",.,"A",.,"A",.,"A"
"20151","02800335",58,0,"1",1300,"D",325,"D",390,"D",780,"D",0,"D",.,"A",.,"A",975,"D",0,"D",.,"A",.,"A",.,"A",.,"A"
"20151","02800385",49,0,"1",1040,"D",195,"D",.,"A",1040,"D",0,"D",113,"D",.,"A",845,"D",0,"D",.,"A",.,"A",.,"A",.,"A"
"20151","02800425",60,0,"1",1300,"D",260,"D",.,"A",975,"D",6,"D",.,"A",.,"A",1040,"D",6,"D",.,"A",.,"A",.,"A",.,"A"
"20151","02800445",60,0,"1",1560,"D",195,"D",520,"D",130,"D",0,"D",.,"A",.,"A",1365,"D",600,"D",20,"D",260,"D",.,"A",.,"A"
"20151","02800485",45,0,"1",3900,"D",455,"D",325,"D",1950,"D",225,"D",.,"A",100,"D",3445,"D",900,"D",.,"A",.,"A",.,"A",.,"A"
"20151","02800545",36,0,"1",2600,"D",325,"D",.,"A",299,"D",0,"D",.,"A",.,"A",2275,"D",0,"D",.,"A",.,"A",.,"A",.,"A"
"20151","02800555",34,0,"1",585,"D",195,"D",.,"A",0,"D",0,"D",.,"A",.,"A",390,"D",0,"D",.,"A",.,"A",260,"D",20,"D"
"20151","02800575",34,0,"1",780,"D",195,"D",.,"A",650,"D",0,"D",.,"A",.,"A",585,"D",0,"D",.,"A",.,"A",.,"A",.,"A"
"20151","02800595",35,0,"1",780,"D",130,"D",.,"A",390,"D",0,"D",.,"A",.,"A",650,"D",0,"D",.,"A",.,"A",.,"A",.,"A"
"20151","02800605",24,0,"1",1950,"D",260,"D",.,"A",390,"D",0,"D",.,"A",.,"A",1690,"D",90,"D",30,"D",390,"D",.,"A",.,"A"
"20151","02800665",29,0,"1",1196,"D",143,"D",.,"A",0,"D",0,"D",.,"A",.,"A",1053,"D",0,"D",.,"A",.,"A",.,"A",.,"A"
"20151","02800725",65,0,"1",2600,"D",65,"D",1300,"D",975,"D",132,"F",.,"A",.,"A",2535,"D",0,"D",.,"A",.,"A",.,"A",.,"A"
"20151","02800775",25,0,"1",455,"D",234,"D",.,"A",0,"D",0,"D",.,"A",.,"A",221,"D",0,"D",.,"A",.,"A",.,"A",.,"A"
"20151","02800805",28,0,"1",1300,"D",130,"D",.,"A",390,"D",0,"D",.,"A",.,"A",1170,"D",0,"D",.,"A",.,"A",.,"A",.,"A"
"20151","02800845",28,0,"1",780,"D",65,"D",.,"A",390,"D",0,"D",.,"A",.,"A",715,"D",0,"D",.,"A",.,"A",.,"A",.,"A"
"20151","02800895",23,0,"1",845,"D",260,"D",130,"D",0,"D",0,"D",.,"A",.,"A",585,"D",0,"D",.,"A",.,"A",.,"A",.,"A"
"20151","02800965",23,0,"1",455,"D",65,"D",.,"A",65,"D",0,"D",328,"F",.,"A",390,"D",0,"D",.,"A",.,"A",.,"A",.,"A"
"20151","02800985",17,0,"1",780,"D",130,"D",650,"D",1300,"D",0,"D",.,"A",.,"A",650,"D",90,"D",.,"A",.,"A",.,"A",.,"A"
"20151","02801015",38,0,"1",1040,"D",260,"D",.,"A",130,"D",0,"D",.,"A",.,"A",780,"D",0,"D",.,"A",.,"A",.,"A",.,"A"
"20151","02801045",52,0,"1",2600,"D",520,"D",195,"D",1300,"D",150,"D",.,"A",.,"A",2080,"D",600,"D",.,"A",.,"A",.,"A",.,"A"
"20151","02801065",47,0,"1",1300,"D",195,"D",.,"A",975,"D",90,"D",.,"A",.,"A",1105,"D",30,"D",.,"A",.,"A",.,"A",.,"A"
"20151","02801085",47,0,"1",780,"D",0,"D",.,"A",0,"D",0,"D",.,"A",.,"A",780,"D",0,"D",.,"A",.,"A",.,"A",.,"A"
"20151","02801145",26,0,"1",780,"D",65,"D",260,"D",520,"D",6,"D",.,"A",.,"A",715,"D",6,"D",.,"A",.,"A",.,"A",.,"A"
"20151","02801185",36,0,"1",975,"D",130,"D",.,"A",390,"D",0,"D",.,"A",.,"A",845,"D",0,"D",.,"A",.,"A",.,"A",.,"A"
"20151","02801275",42,0,"1",1040,"D",260,"D",.,"A",520,"D",0,"D",.,"A",.,"A",780,"D",0,"D",.,"A",.,"A",.,"A",.,"A"
"20151","02801305",26,0,"1",1040,"D",104,"D",.,"A",0,"D",0,"D",.,"A",.,"A",936,"D",0,"D",.,"A",.,"A",.,"A",.,"A"
"20151","02801355",32,0,"1",1378,"D",130,"D",.,"A",0,"D",0,"D",.,"A",.,"A",1248,"D",0,"D",.,"A",.,"A",.,"A",.,"A"
"20151","02801495",35,0,"1",650,"D",65,"D",.,"A",1300,"D",0,"D",.,"A",.,"A",585,"D",150,"D",38,"D",494,"D",.,"A",.,"A"
"20151","02801505",40,0,"1",585,"D",65,"D",.,"A",0,"D",0,"D",.,"A",.,"A",520,"D",0,"D",56,"D",728,"D",.,"A",.,"A"
"20151","02801575",56,0,"1",3250,"D",650,"D",.,"A",780,"D",0,"D",.,"A",.,"A",2600,"D",0,"D",.,"A",.,"A",.,"A",.,"A"
"20151","02801625",64,0,"1",3900,"D",650,"D",.,"A",1300,"D",0,"D",.,"A",215,"F",3250,"D",60,"D",.,"A",.,"A",.,"A",.,"A"
"20151","02801685",88,0,"1",5980,"D",780,"D",.,"A",1300,"D",0,"D",.,"A",.,"A",5200,"D",0,"D",.,"A",.,"A",.,"A",.,"A"
"20151","02801705",28,0,"1",325,"D",65,"D",.,"A",130,"D",30,"D",.,"A",.,"A",260,"D",45,"D",.,"A",.,"A",26,"D",2,"D"
"20151","02801765",100,0,"1",2600,"D",0,"D",299,"D",481,"D",0,"D",.,"A",.,"A",2600,"D",0,"D",.,"A",.,"A",.,"A",.,"A"
"20151","02801775",30,0,"1",1170,"D",260,"D",.,"A",1690,"D",0,"D",.,"A",.,"A",910,"D",15,"D",.,"A",.,"A",.,"A",.,"A"
"20151","02801805",15,0,"1",910,"D",260,"D",.,"A",0,"D",0,"D",.,"A",.,"A",650,"D",0,"D",10,"D",130,"D",.,"A",.,"A"
"20151","02801825",60,0,"1",3900,"D",26,"D",13,"D",65,"D",0,"D",.,"A",.,"A",3874,"D",0,"D",.,"A",.,"A",.,"A",.,"A"
"20151","02801845",59,0,"1",1430,"D",234,"D",.,"A",624,"D",30,"D",.,"A",.,"A",1196,"D",60,"D",.,"A",.,"A",.,"A",.,"A"
"20151","02801865",32,0,"1",845,"D",0,"D",.,"A",169,"D",0,"D",.,"A",.,"A",845,"D",0,"D",.,"A",.,"A",.,"A",.,"A"
"20151","02801925",111,0,"1",3250,"D",325,"D",.,"A",2600,"D",300,"D",.,"A",162,"D",2925,"D",180,"D",.,"A",.,"A",.,"A",.,"A"
"20151","02801955",36,0,"1",2275,"D",260,"D",.,"A",325,"D",0,"D",.,"A",.,"A",2015,"D",300,"D",.,"A",.,"A",.,"A",.,"A"
"20151","02801985",17,0,"1",975,"D",130,"D",260,"D",390,"D",0,"D",.,"A",.,"A",845,"D",0,"D",.,"A",.,"A",.,"A",.,"A"
"20151","02802045",21,0,"1",650,"D",65,"D",.,"A",0,"D",0,"D",.,"A",.,"A",585,"D",0,"D",.,"A",.,"A",.,"A",.,"A"
"20151","02802075",28,0,"1",1300,"D",0,"D",.,"A",0,"D",0,"D",.,"A",.,"A",1300,"D",0,"D",.,"A",.,"A",.,"A",.,"A"
"20151","02802095",24,0,"1",910,"D",325,"D",325,"D",325,"D",0,"D",.,"A",.,"A",585,"D",0,"D",.,"A",.,"A",.,"A",.,"A"
"20151","02802175",71,0,"1",2600,"D",520,"D",390,"D",650,"D",6,"D",.,"A",36,"D",2080,"D",6,"D",.,"A",.,"A",.,"A",.,"A"
"20151","02802195",49,0,"1",715,"D",325,"D",130,"D",390,"D",0,"D",.,"A",.,"A",390,"D",0,"D",.,"A",.,"A",.,"A",.,"A"
"20151","02802235",20,0,"1",1300,"D",325,"D",.,"A",325,"D",6,"D",.,"A",.,"A",975,"D",90,"D",.,"A",.,"A",.,"A",.,"A"
"20151","02802335",28,0,"1",1300,"D",195,"D",65,"D",699,"F",86,"F",.,"A",.,"A",1105,"D",121,"F",.,"A",.,"A",.,"A",.,"A"
"20151","02802345",33,0,"1",325,"D",0,"D",.,"A",1300,"D",21,"D",.,"A",.,"A",325,"D",0,"D",.,"A",.,"A",.,"A",.,"A"
"20151","02802475",10,0,"1",0,"D",.,"A",.,"A",0,"D",6,"D",.,"A",.,"A",0,"D",6,"D",.,"A",.,"A",.,"A",.,"A"
"20151","02802485",14,0,"1",1170,"D",65,"D",.,"A",1040,"D",0,"D",.,"A",.,"A",1105,"D",0,"D",.,"A",.,"A",.,"A",.,"A"
"20151","02802585",43,0,"1",1950,"D",130,"D",.,"A",260,"D",0,"D",.,"A",.,"A",1820,"D",0,"D",.,"A",.,"A",.,"A",.,"A"
"20151","02802735",18,0,"1",403,"D",91,"D",.,"A",130,"D",0,"D",.,"A",.,"A",312,"D",0,"D",.,"A",.,"A",.,"A",.,"A"
"20151","02802755",44,0,"1",1300,"D",260,"D",.,"A",325,"D",0,"D",.,"A",.,"A",1040,"D",300,"D",.,"A",.,"A",.,"A",.,"A"
"20151","02802795",14,0,"1",1300,"D",650,"D",.,"A",0,"D",0,"D",.,"A",.,"A",650,"D",0,"D",.,"A",.,"A",.,"A",.,"A"
"20151","02802895",22,0,"1",1300,"D",260,"D",.,"A",325,"D",0,"D",.,"A",.,"A",1040,"D",30,"D",.,"A",.,"A",.,"A",.,"A"
"20151","02802915",77,0,"1",910,"D",130,"D",.,"A",520,"D",0,"D",.,"A",.,"A",780,"D",45,"D",55,"D",715,"D",.,"A",.,"A"
"20151","02802945",33,0,"1",5200,"D",520,"D",.,"A",1300,"D",0,"D",.,"A",160,"D",4680,"D",45,"D",.,"A",.,"A",.,"A",.,"A"
"20151","02802955",21,0,"1",1300,"D",130,"D",.,"A",260,"D",0,"D",.,"A",.,"A",1170,"D",0,"D",.,"A",.,"A",.,"A",.,"A"
"20151","02802995",43,0,"1",1950,"D",390,"D",.,"A",0,"D",0,"D",.,"A",.,"A",1560,"D",0,"D",.,"A",.,"A",.,"A",.,"A"
"20151","02803065",23,0,"1",1040,"D",195,"D",.,"A",390,"D",75,"D",.,"A",.,"A",845,"D",45,"D",.,"A",.,"A",.,"A",.,"A"
"20151","02803085",11,0,"1",1300,"D",296,"F",.,"A",496,"F",6,"D",.,"A",.,"A",1361,"F",6,"D",.,"A",.,"A",.,"A",.,"A"
"20151","02803115",58,0,"1",1300,"D",130,"D",910,"D",1950,"D",150,"D",.,"A",.,"A",1170,"D",150,"D",.,"A",.,"A",.,"A",.,"A"
"20151","02803205",34,0,"1",1040,"D",260,"D",.,"A",390,"D",150,"D",.,"A",.,"A",780,"D",180,"D",.,"A",.,"A",.,"A",.,"A"
"20151","02803215",11,0,"1",780,"D",65,"D",65,"D",0,"D",0,"D",.,"A",.,"A",715,"D",0,"D",.,"A",.,"A",.,"A",.,"A"
"20151","02803255",32,0,"1",1560,"D",260,"D",.,"A",780,"D",0,"D",.,"A",.,"A",1300,"D",0,"D",.,"A",.,"A",.,"A",.,"A"
"20151","02803265",34,0,"1",1300,"D",347,"F",.,"A",455,"D",0,"D",.,"A",.,"A",1346,"F",0,"D",.,"A",.,"A",.,"A",.,"A"
"20151","02803415",60,0,"1",650,"D",130,"D",390,"D",520,"D",120,"D",.,"A",.,"A",520,"D",60,"D",.,"A",.,"A",.,"A",.,"A"
"20151","02803445",29,0,"1",1625,"D",260,"D",65,"D",0,"D",0,"D",.,"A",.,"A",1365,"D",0,"D",180,"D",2340,"D",.,"A",.,"A"
"20151","02803455",29,0,"1",1040,"D",390,"D",130,"D",130,"D",150,"D",.,"A",.,"A",650,"D",120,"D",.,"A",.,"A",.,"A",.,"A"
"20151","02803545",21,0,"1",780,"D",130,"D",.,"A",1300,"D",0,"D",.,"A",.,"A",650,"D",120,"D",.,"A",.,"A",.,"A",.,"A"
"20151","02803565",35,0,"1",325,"D",0,"D",.,"A",260,"D",0,"D",.,"A",.,"A",325,"D",0,"D",.,"A",.,"A",.,"A",.,"A"
"20151","02803645",46,0,"1",1300,"D",0,"D",.,"A",1300,"D",0,"D",.,"A",.,"A",1300,"D",240,"D",15,"D",195,"D",.,"A",.,"A"
"20151","02803665",52,0,"1",1300,"D",390,"D",.,"A",260,"D",120,"D",.,"A",.,"A",910,"D",180,"D",.,"A",.,"A",.,"A",.,"A"
"20151","02803745",95,0,"1",2600,"D",585,"D",1040,"D",65,"D",96,"D",.,"A",.,"A",2015,"D",300,"D",10,"D",130,"D",.,"A",.,"A"
"20151","02803775",22,0,"1",2600,"D",260,"D",.,"A",0,"D",6,"D",.,"A",.,"A",2340,"D",6,"D",.,"A",.,"A",.,"A",.,"A"
"20151","02803835",28,0,"1",1950,"D",520,"D",156,"D",1300,"D",30,"D",.,"A",48,"D",1430,"D",0,"D",.,"A",.,"A",.,"A",.,"A"
"20151","02803845",8,0,"1",1300,"D",0,"D",.,"A",0,"D",6,"D",.,"A",.,"A",1300,"D",6,"D",.,"A",.,"A",.,"A",.,"A"
"20151","02803855",32,0,"1",1950,"D",260,"D",260,"D",0,"D",0,"D",.,"A",.,"A",1690,"D",0,"D",.,"A",.,"A",.,"A",.,"A"
"20151","02804085",87,0,"1",3250,"D",260,"D",.,"A",1690,"D",0,"D",.,"A",.,"A",2990,"D",0,"D",.,"A",.,"A",.,"A",.,"A"
"20151","02804185",32,0,"1",2600,"D",650,"D",.,"A",0,"D",0,"D",.,"A",.,"A",1950,"D",0,"D",.,"A",.,"A",.,"A",.,"A"
"20151","02804225",57,0,"1",1560,"D",325,"D",156,"D",2600,"D",0,"D",.,"A",.,"A",1235,"D",0,"D",.,"A",.,"A",.,"A",.,"A"
"20151","02804255",52,0,"1",1560,"D",260,"D",.,"A",260,"D",0,"D",.,"A",.,"A",1300,"D",45,"D",.,"A",.,"A",.,"A",.,"A"
"20151","02804345",30,0,"1",1365,"D",260,"D",260,"D",260,"D",0,"D",.,"A",400,"D",1105,"D",0,"D",.,"A",.,"A",.,"A",.,"A"
"20151","02804435",38,0,"1",780,"D",65,"D",780,"D",325,"D",15,"D",.,"A",.,"A",715,"D",0,"D",.,"A",.,"A",.,"A",.,"A"
"20151","02804455",86,0,"1",1950,"D",390,"D",.,"A",3835,"D",0,"D",.,"A",.,"A",1560,"D",0,"D",.,"A",.,"A",.,"A",.,"A"
"20151","02804505",54,0,"1",1300,"D",130,"D",.,"A",390,"D",0,"D",.,"A",.,"A",1170,"D",0,"D",.,"A",.,"A",.,"A",.,"A"
"20151","02804575",71,0,"1",780,"D",390,"D",.,"A",0,"D",0,"D",.,"A",.,"A",390,"D",120,"D",.,"A",.,"A",.,"A",.,"A"
"20151","02804585",10,0,"1",0,"D",.,"A",.,"A",0,"D",0,"D",.,"A",.,"A",0,"D",0,"D",.,"A",.,"A",.,"A",.,"A"
"20151","02804615",12,0,"1",1950,"D",348,"F",.,"A",673,"F",66,"F",.,"A",.,"A",1217,"F",122,"F",.,"A",.,"A",.,"A",.,"A"
"20151","02804685",8,0,"1",914,"F",.,"A",.,"A",553,"F",0,"D",.,"A",.,"A",753,"F",0,"D",.,"A",.,"A",.,"A",.,"A"
"20151","02804705",48,0,"1",1300,"D",130,"D",.,"A",520,"D",0,"D",.,"A",.,"A",1170,"D",150,"D",.,"A",.,"A",.,"A",.,"A"
"20151","02804715",23,0,"1",1300,"D",260,"D",.,"A",520,"D",0,"D",.,"A",.,"A",1040,"D",0,"D",.,"A",.,"A",.,"A",.,"A"
"20151","02804775",58,0,"1",2600,"D",650,"D",.,"A",169,"D",6,"D",.,"A",900,"D",1950,"D",6,"D",.,"A",.,"A",.,"A",.,"A"
"20151","02804795",15,0,"1",1625,"D",214,"F",.,"A",442,"F",0,"D",.,"A",.,"A",694,"F",0,"D",.,"A",.,"A",.,"A",.,"A"
"20151","02804865",54,0,"1",2275,"D",0,"D",.,"A",3250,"D",300,"D",.,"A",.,"A",2275,"D",150,"D",.,"A",.,"A",.,"A",.,"A"
"20151","02804955",41,0,"1",1950,"D",130,"D",.,"A",650,"D",60,"D",.,"A",.,"A",1820,"D",300,"D",.,"A",.,"A",.,"A",.,"A"
"20151","02805045",37,0,"1",1690,"D",260,"D",.,"A",195,"D",0,"D",.,"A",.,"A",1430,"D",0,"D",.,"A",.,"A",.,"A",.,"A"
"20151","02805075",31,0,"1",1950,"D",130,"D",.,"A",0,"D",0,"D",.,"A",.,"A",1820,"D",72,"D",.,"A",.,"A",.,"A",.,"A"
"20151","02805115",19,0,"1",2600,"D",371,"F",.,"A",541,"F",99,"F",.,"A",.,"A",1481,"F",118,"F",.,"A",.,"A",.,"A",.,"A"
"20151","02805185",46,0,"1",2340,"D",390,"D",.,"A",1625,"D",150,"D",.,"A",120,"D",1950,"D",600,"D",.,"A",.,"A",.,"A",.,"A"
"20151","02805195",32,0,"1",1950,"D",390,"D",.,"A",0,"D",0,"D",.,"A",.,"A",1560,"D",0,"D",.,"A",.,"A",.,"A",.,"A"
"20151","02805205",14,0,"1",1430,"D",130,"D",.,"A",195,"D",0,"D",.,"A",.,"A",1300,"D",0,"D",.,"A",.,"A",.,"A",.,"A"
"20151","02805215",31,0,"1",975,"D",260,"D",.,"A",325,"D",30,"D",.,"A",.,"A",715,"D",30,"D",.,"A",.,"A",.,"A",.,"A"
"20151","02805305",74,0,"1",2600,"D",65,"D",.,"A",1300,"D",120,"D",.,"A",.,"A",2535,"D",120,"D",.,"A",.,"A",.,"A",.,"A"
"20151","02805315",20,0,"1",1300,"D",130,"D",.,"A",0,"D",0,"D",.,"A",.,"A",1170,"D",0,"D",.,"A",.,"A",.,"A",.,"A"
"20151","02805325",46,0,"1",3900,"D",650,"D",.,"A",260,"D",0,"D",.,"A",38,"D",3250,"D",0,"D",.,"A",.,"A",208,"D",16,"D"
"20151","02805345",113,0,"1",2275,"D",325,"D",.,"A",455,"D",0,"D",.,"A",.,"A",1950,"D",0,"D",.,"A",.,"A",.,"A",.,"A"
"20151","02805385",61,0,"1",1690,"D",390,"D",.,"A",780,"D",120,"D",.,"A",.,"A",1300,"D",150,"D",30,"D",390,"D",.,"A",.,"A"
"20151","02805395",6,0,"1",914,"F",.,"A",.,"A",553,"F",0,"D",.,"A",.,"A",753,"F",0,"D",.,"A",.,"A",.,"A",.,"A"
"20151","02805465",15,0,"1",1040,"D",260,"D",.,"A",130,"D",0,"D",.,"A",.,"A",780,"D",0,"D",.,"A",.,"A",.,"A",.,"A"
"20151","02805495",81,0,"1",650,"D",104,"D",195,"D",104,"D",0,"D",.,"A",.,"A",546,"D",75,"D",.,"A",.,"A",.,"A",.,"A"
"20151","02805505",28,0,"1",910,"D",0,"D",.,"A",0,"D",0,"D",.,"A",.,"A",910,"D",0,"D",.,"A",.,"A",.,"A",.,"A"
"20151","02805515",33,0,"1",260,"D",65,"D",.,"A",260,"D",60,"D",.,"A",.,"A",195,"D",0,"D",.,"A",.,"A",.,"A",.,"A"
"20151","02805525",20,0,"1",455,"D",0,"D",.,"A",520,"D",0,"D",.,"A",.,"A",455,"D",90,"D",.,"A",.,"A",.,"A",.,"A"
"20151","02805545",30,0,"1",1430,"D",130,"D",.,"A",390,"D",0,"D",.,"A",.,"A",1300,"D",0,"D",.,"A",.,"A",.,"A",.,"A"
"20151","02805555",56,0,"1",1625,"D",390,"D",195,"D",195,"D",0,"D",.,"A",.,"A",1235,"D",90,"D",.,"A",.,"A",.,"A",.,"A"
"20151","02805565",74,0,"1",1755,"D",130,"D",26,"D",65,"D",0,"D",193,"D",.,"A",1625,"D",0,"D",.,"A",.,"A",.,"A",.,"A"
"20151","02805585",35,0,"1",1950,"D",325,"D",.,"A",650,"D",0,"D",.,"A",.,"A",1625,"D",60,"D",.,"A",.,"A",.,"A",.,"A"
"20151","02805605",40,0,"1",1300,"D",130,"D",.,"A",325,"D",120,"D",15,"D",.,"A",1170,"D",60,"D",.,"A",.,"A",.,"A",.,"A"
"20151","02805635",53,0,"1",2600,"D",650,"D",.,"A",650,"D",21,"D",.,"A",250,"D",1950,"D",0,"D",.,"A",.,"A",.,"A",.,"A"
"20151","02805645",51,0,"1",780,"D",260,"D",.,"A",650,"D",0,"D",.,"A",.,"A",520,"D",0,"D",.,"A",.,"A",.,"A",.,"A"
"20151","02805705",19,0,"1",1040,"D",260,"D",.,"A",0,"D",0,"D",.,"A",.,"A",780,"D",0,"D",.,"A",.,"A",.,"A",.,"A"
"20151","02805745",67,0,"1",1950,"D",195,"D",.,"A",260,"D",0,"D",.,"A",.,"A",1755,"D",0,"D",.,"A",.,"A",.,"A",.,"A"
"20151","02805755",36,0,"1",1950,"D",390,"D",.,"A",0,"D",0,"D",.,"A",.,"A",1560,"D",0,"D",.,"A",.,"A",.,"A",.,"A"
"20151","02805815",21,0,"1",1040,"D",260,"D",.,"A",260,"D",0,"D",.,"A",.,"A",780,"D",0,"D",.,"A",.,"A",.,"A",.,"A"
"20151","02805835",14,0,"1",1300,"D",0,"D",.,"A",0,"D",0,"D",.,"A",.,"A",1300,"D",0,"D",.,"A",.,"A",.,"A",.,"A"
"20151","02805875",62,0,"1",5200,"D",520,"D",.,"A",390,"D",18,"D",.,"A",.,"A",4680,"D",30,"D",.,"A",.,"A",.,"A",.,"A"
"20151","02805905",32,0,"1",2340,"D",1170,"D",.,"A",650,"D",0,"D",.,"A",.,"A",1170,"D",0,"D",.,"A",.,"A",.,"A",.,"A"
"20151","02805945",46,0,"1",975,"D",377,"D",.,"A",650,"D",0,"D",.,"A",.,"A",598,"D",0,"D",.,"A",.,"A",.,"A",.,"A"
"20151","02805985",43,0,"1",520,"D",65,"D",.,"A",390,"D",0,"D",.,"A",.,"A",455,"D",0,"D",.,"A",.,"A",.,"A",.,"A"
"20151","02806085",36,0,"1",1560,"D",195,"D",.,"A",975,"D",0,"D",.,"A",.,"A",1365,"D",0,"D",.,"A",.,"A",.,"A",.,"A"
"20151","02806095",22,0,"1",1950,"D",650,"D",.,"A",0,"D",0,"D",.,"A",.,"A",1300,"D",0,"D",.,"A",.,"A",.,"A",.,"A"
"20151","02806125",52,0,"1",780,"D",78,"D",.,"A",260,"D",150,"D",.,"A",.,"A",702,"D",60,"D",.,"A",.,"A",.,"A",.,"A"
"20151","02806185",60,0,"1",1625,"D",208,"D",.,"A",0,"D",0,"D",.,"A",.,"A",1417,"D",0,"D",.,"A",.,"A",.,"A",.,"A"
"20151","02806195",44,0,"1",650,"D",130,"D",.,"A",2600,"D",6,"D",.,"A",.,"A",520,"D",6,"D",.,"A",.,"A",.,"A",.,"A"
"20151","02806245",46,0,"1",2275,"D",65,"D",.,"A",104,"D",6,"D",.,"A",.,"A",2210,"D",6,"D",.,"A",.,"A",.,"A",.,"A"
"20151","02806325",26,0,"1",1300,"D",260,"D",.,"A",260,"D",60,"D",.,"A",.,"A",1040,"D",0,"D",.,"A",.,"A",.,"A",.,"A"
"20151","02806335",28,0,"1",650,"D",0,"D",.,"A",130,"D",6,"D",.,"A",.,"A",650,"D",6,"D",.,"A",.,"A",.,"A",.,"A"
"20151","02806345",50,0,"1",1950,"D",260,"D",.,"A",650,"D",0,"D",.,"A",390,"D",1690,"D",0,"D",.,"A",.,"A",.,"A",.,"A"
"20151","02806355",64,0,"1",780,"D",130,"D",.,"A",910,"D",60,"D",.,"A",.,"A",650,"D",90,"D",.,"A",.,"A",130,"D",10,"D"
"20151","02806385",21,0,"1",1300,"D",0,"D",.,"A",650,"D",0,"D",.,"A",.,"A",1300,"D",0,"D",.,"A",.,"A",.,"A",.,"A"
"20151","02806435",60,0,"1",2119,"D",520,"D",390,"D",0,"D",0,"D",.,"A",.,"A",1599,"D",0,"D",.,"A",.,"A",.,"A",.,"A"
"20151","02806475",33,0,"1",1560,"D",260,"D",.,"A",260,"D",840,"D",.,"A",.,"A",1300,"D",720,"D",240,"D",3120,"D",.,"A",.,"A"
"20151","02806565",21,0,"1",1300,"D",390,"D",.,"A",0,"D",0,"D",.,"A",.,"A",910,"D",0,"D",.,"A",.,"A",.,"A",.,"A"
"20151","02806815",45,0,"1",910,"D",260,"D",.,"A",325,"D",0,"D",.,"A",.,"A",650,"D",0,"D",.,"A",.,"A",.,"A",.,"A"
"20151","02806845",28,0,"1",1300,"D",260,"D",.,"A",390,"D",0,"D",.,"A",.,"A",1040,"D",120,"D",.,"A",.,"A",.,"A",.,"A"
"20151","02806855",50,0,"1",3120,"D",0,"D",130,"D",390,"D",0,"D",.,"A",.,"A",3120,"D",120,"D",.,"A",.,"A",.,"A",.,"A"
"20151","02806925",47,0,"1",650,"D",0,"D",.,"A",871,"D",0,"D",.,"A",.,"A",650,"D",0,"D",.,"A",.,"A",.,"A",.,"A"
"20151","02806995",36,0,"1",1300,"D",325,"D",.,"A",325,"D",60,"D",.,"A",.,"A",975,"D",150,"D",.,"A",.,"A",.,"A",.,"A"
"20151","02807025",45,0,"1",1950,"D",130,"D",130,"D",260,"D",0,"D",.,"A",.,"A",1820,"D",0,"D",.,"A",.,"A",.,"A",.,"A"
"20151","02807065",28,0,"1",2600,"D",975,"D",.,"A",715,"D",6,"D",.,"A",.,"A",1625,"D",6,"D",20,"D",260,"D",.,"A",.,"A"
"20151","02807085",32,0,"1",2600,"D",260,"D",.,"A",650,"D",300,"D",.,"A",540,"D",2340,"D",90,"D",45,"D",585,"D",.,"A",.,"A"
"20151","02807125",49,0,"1",845,"D",130,"D",.,"A",130,"D",0,"D",.,"A",.,"A",715,"D",0,"D",.,"A",.,"A",.,"A",.,"A"
"20151","02807155",27,0,"1",650,"D",65,"D",.,"A",0,"D",0,"D",.,"A",.,"A",585,"D",0,"D",.,"A",.,"A",.,"A",.,"A"
"20151","02807165",22,0,"1",1300,"D",325,"D",.,"A",390,"D",0,"D",.,"A",.,"A",975,"D",0,"D",.,"A",.,"A",.,"A",.,"A"
"20151","02807175",30,0,"1",650,"D",65,"D",.,"A",260,"D",0,"D",.,"A",.,"A",585,"D",30,"D",18,"D",234,"D",.,"A",.,"A"
"20151","02807215",24,0,"1",650,"D",130,"D",.,"A",520,"D",0,"D",.,"A",.,"A",520,"D",0,"D",.,"A",.,"A",.,"A",.,"A"
"20151","02807225",8,0,"1",914,"F",.,"A",.,"A",553,"F",0,"D",.,"A",.,"A",753,"F",0,"D",.,"A",.,"A",.,"A",.,"A"
"20151","02807245",25,0,"1",585,"D",65,"D",.,"A",2600,"D",0,"D",.,"A",.,"A",520,"D",0,"D",.,"A",.,"A",.,"A",.,"A"
"20151","02807265",43,0,"1",2600,"D",260,"D",.,"A",780,"D",120,"D",.,"A",.,"A",2340,"D",90,"D",.,"A",.,"A",.,"A",.,"A"
"20151","02807275",22,0,"1",1040,"D",260,"D",.,"A",0,"D",0,"D",.,"A",.,"A",780,"D",0,"D",.,"A",.,"A",195,"D",15,"D"
"20151","02807305",34,0,"1",715,"D",0,"D",.,"A",260,"D",120,"D",520,"D",.,"A",715,"D",45,"D",.,"A",.,"A",.,"A",.,"A"
"20151","02807325",32,0,"1",1502,"F",.,"A",.,"A",673,"F",66,"F",.,"A",.,"A",1217,"F",122,"F",.,"A",.,"A",.,"A",.,"A"
"20151","02807405",32,0,"1",1040,"D",130,"D",195,"D",325,"D",0,"D",.,"A",3,"D",910,"D",120,"D",.,"A",.,"A",.,"A",.,"A"
"20151","02807475",30,0,"1",3250,"D",390,"D",.,"A",1300,"D",0,"D",.,"A",.,"A",2860,"D",75,"D",.,"A",.,"A",.,"A",.,"A"
"20151","02807495",34,0,"1",1950,"D",260,"D",.,"A",260,"D",0,"D",.,"A",.,"A",1690,"D",0,"D",.,"A",.,"A",.,"A",.,"A"
"20151","02807505",39,0,"1",1521,"D",169,"D",.,"A",130,"D",0,"D",383,"D",.,"A",1352,"D",180,"D",.,"A",.,"A",.,"A",.,"A"
"20151","02807555",64,0,"1",780,"D",130,"D",.,"A",1300,"D",0,"D",.,"A",.,"A",650,"D",60,"D",40,"D",520,"D",.,"A",.,"A"
"20151","02807605",55,0,"1",2600,"D",390,"D",.,"A",1300,"D",0,"D",.,"A",.,"A",2210,"D",300,"D",.,"A",.,"A",.,"A",.,"A"
"20151","02807615",34,0,"1",1950,"D",520,"D",.,"A",390,"D",0,"D",.,"A",.,"A",1430,"D",0,"D",.,"A",.,"A",.,"A",.,"A"
"20151","02807645",49,0,"1",1300,"D",455,"D",390,"D",260,"D",0,"D",.,"A",.,"A",845,"D",0,"D",60,"D",780,"D",.,"A",.,"A"
"20151","02807665",59,0,"1",3250,"D",650,"D",.,"A",650,"D",0,"D",.,"A",240,"D",2600,"D",750,"D",.,"A",.,"A",.,"A",.,"A"
"20151","02807685",22,0,"1",910,"D",260,"D",.,"A",65,"D",0,"D",.,"A",.,"A",650,"D",0,"D",.,"A",.,"A",.,"A",.,"A"
"20151","02807805",14,0,"1",650,"D",130,"D",130,"D",650,"D",0,"D",.,"A",.,"A",520,"D",0,"D",.,"A",.,"A",.,"A",.,"A"
"20151","02807815",70,0,"1",1300,"D",325,"D",156,"D",325,"D",0,"D",.,"A",.,"A",975,"D",0,"D",.,"A",.,"A",.,"A",.,"A"
"20151","02807855",34,0,"1",1950,"D",130,"D",.,"A",195,"D",0,"D",.,"A",468,"D",1820,"D",0,"D",24,"D",312,"D",.,"A",.,"A"
"20151","02807875",32,0,"1",650,"D",52,"D",.,"A",585,"D",6,"D",.,"A",.,"A",598,"D",6,"D",.,"A",.,"A",.,"A",.,"A"
"20151","02807885",40,0,"1",1300,"D",91,"D",.,"A",1040,"D",0,"D",.,"A",.,"A",1209,"D",0,"D",.,"A",.,"A",.,"A",.,"A"
"20151","02807895",30,0,"1",1950,"D",65,"D",.,"A",260,"D",0,"D",.,"A",.,"A",1885,"D",60,"D",.,"A",.,"A",.,"A",.,"A"
"20151","02807905",52,0,"1",1300,"D",195,"D",.,"A",754,"D",0,"D",.,"A",.,"A",1105,"D",180,"D",.,"A",.,"A",.,"A",.,"A"
"20151","02807915",87,0,"1",3250,"D",455,"D",975,"D",1300,"D",0,"D",.,"A",.,"A",2795,"D",0,"D",.,"A",.,"A",.,"A",.,"A"
"20151","02807935",82,0,"1",2600,"D",325,"D",.,"A",2600,"D",150,"D",.,"A",.,"A",2275,"D",240,"D",.,"A",.,"A",.,"A",.,"A"
"20151","02807945",11,0,"1",1950,"D",650,"D",.,"A",541,"F",0,"D",.,"A",.,"A",1300,"D",0,"D",.,"A",.,"A",.,"A",.,"A"
"20151","02807955",34,0,"1",650,"D",65,"D",.,"A",104,"D",0,"D",.,"A",.,"A",585,"D",0,"D",.,"A",.,"A",.,"A",.,"A"
"20151","02807965",60,0,"1",3250,"D",195,"D",.,"A",260,"D",0,"D",.,"A",30,"D",3055,"D",0,"D",.,"A",.,"A",.,"A",.,"A"
"20151","02807995",20,0,"1",650,"D",221,"F",.,"A",1950,"D",60,"D",.,"A",.,"A",753,"F",60,"D",.,"A",.,"A",.,"A",.,"A"
"20151","02808025",44,0,"1",520,"D",0,"D",.,"A",650,"D",0,"D",.,"A",.,"A",520,"D",0,"D",.,"A",.,"A",.,"A",.,"A"
"20151","02808135",44,0,"1",650,"D",195,"D",.,"A",1170,"D",0,"D",.,"A",.,"A",455,"D",0,"D",.,"A",.,"A",.,"A",.,"A"
"20151","02808165",66,0,"1",3250,"D",0,"D",.,"A",1300,"D",0,"D",.,"A",.,"A",3250,"D",210,"D",.,"A",.,"A",.,"A",.,"A"
"20151","02808175",53,0,"1",1950,"D",0,"D",325,"D",0,"D",0,"D",.,"A",.,"A",1950,"D",0,"D",.,"A",.,"A",.,"A",.,"A"
"20151","02808185",39,0,"1",1625,"D",260,"D",.,"A",2600,"D",300,"D",.,"A",.,"A",1365,"D",300,"D",.,"A",.,"A",.,"A",.,"A"
"20151","02808235",48,0,"1",1950,"D",780,"D",260,"D",1300,"D",0,"D",.,"A",175,"D",1170,"D",0,"D",.,"A",.,"A",.,"A",.,"A"
"20151","02808255",30,0,"1",520,"D",65,"D",.,"A",0,"D",0,"D",.,"A",.,"A",455,"D",0,"D",56,"D",728,"D",.,"A",.,"A"
"20151","02808275",40,0,"1",910,"D",130,"D",.,"A",325,"D",0,"D",.,"A",.,"A",780,"D",0,"D",.,"A",.,"A",.,"A",.,"A"
"20151","02808285",33,0,"1",1040,"D",260,"D",.,"A",390,"D",0,"D",.,"A",.,"A",780,"D",150,"D",.,"A",.,"A",.,"A",.,"A"
"20151","02808335",17,0,"1",2600,"D",650,"D",390,"D",1040,"D",0,"D",.,"A",.,"A",1950,"D",0,"D",.,"A",.,"A",.,"A",.,"A"
"20151","02808355",97,0,"1",4550,"D",1300,"D",.,"A",1300,"D",300,"D",.,"A",.,"A",3250,"D",300,"D",.,"A",.,"A",.,"A",.,"A"
"20151","02808385",27,0,"1",1300,"D",455,"D",.,"A",390,"D",0,"D",.,"A",.,"A",845,"D",0,"D",.,"A",.,"A",.,"A",.,"A"
"20151","02808395",24,0,"1",1170,"D",130,"D",.,"A",1365,"D",0,"D",.,"A",.,"A",1040,"D",0,"D",.,"A",.,"A",.,"A",.,"A"
"20151","02808445",35,0,"1",1040,"D",260,"D",.,"A",1300,"D",30,"D",.,"A",.,"A",780,"D",30,"D",.,"A",.,"A",.,"A",.,"A"
"20151","02808545",32,0,"1",650,"D",130,"D",.,"A",390,"D",0,"D",.,"A",.,"A",520,"D",225,"D",.,"A",.,"A",.,"A",.,"A"
"20151","02808565",23,0,"1",975,"D",260,"D",.,"A",1170,"D",0,"D",.,"A",.,"A",715,"D",0,"D",.,"A",.,"A",.,"A",.,"A"
"20151","02808585",34,0,"1",2600,"D",260,"D",.,"A",325,"D",30,"D",.,"A",.,"A",2340,"D",150,"D",.,"A",.,"A",.,"A",.,"A"
"20151","02808615",44,0,"1",780,"D",130,"D",.,"A",780,"D",90,"D",.,"A",.,"A",650,"D",45,"D",.,"A",.,"A",.,"A",.,"A"
"20151","02808635",75,0,"1",1625,"D",325,"D",.,"A",325,"D",0,"D",.,"A",.,"A",1300,"D",0,"D",.,"A",.,"A",.,"A",.,"A"
"20151","02808685",10,0,"1",650,"D",130,"D",.,"A",0,"D",0,"D",.,"A",.,"A",520,"D",0,"D",25,"D",325,"D",.,"A",.,"A"
"20151","02808715",10,0,"1",780,"D",130,"D",.,"A",325,"D",0,"D",.,"A",.,"A",650,"D",0,"D",.,"A",.,"A",.,"A",.,"A"
"20151","02808735",39,0,"1",1040,"D",260,"D",.,"A",104,"D",0,"D",.,"A",.,"A",780,"D",0,"D",.,"A",.,"A",.,"A",.,"A"
"20151","02808785",15,0,"1",1300,"D",0,"D",.,"A",325,"D",0,"D",.,"A",.,"A",1300,"D",0,"D",.,"A",.,"A",.,"A",.,"A"
"20151","02808825",10,0,"1",3900,"D",390,"D",.,"A",1300,"D",0,"D",.,"A",.,"A",3510,"D",0,"D",25,"D",325,"D",.,"A",.,"A"
"20151","02808865",20,0,"1",1040,"D",260,"D",.,"A",520,"D",0,"D",.,"A",.,"A",780,"D",60,"D",.,"C",353,"F",.,"A",.,"A"
"20151","02808895",35,0,"1",975,"D",370,"F",312,"F",650,"D",153,"F",.,"A",.,"A",1479,"F",90,"D",.,"A",.,"A",.,"A",.,"A"
"20151","02808985",33,0,"1",1625,"D",0,"D",.,"A",2275,"D",0,"D",.,"A",.,"A",1625,"D",0,"D",.,"A",.,"A",.,"A",.,"A"
"20151","02809005",63,0,"1",4550,"D",780,"D",.,"A",0,"D",0,"D",.,"A",72,"D",3770,"D",0,"D",.,"A",.,"A",.,"A",.,"A"
"20151","02809085",63,0,"1",1560,"D",370,"F",.,"A",1300,"D",150,"D",.,"A",.,"A",1479,"F",600,"D",.,"A",.,"A",.,"A",.,"A"
"20151","02809115",74,0,"1",3055,"D",390,"D",.,"A",546,"D",0,"D",.,"A",.,"A",2665,"D",36,"D",.,"A",.,"A",.,"A",.,"A"
"20151","02809175",40,0,"1",1950,"D",910,"D",313,"F",0,"D",0,"D",.,"A",.,"A",1040,"D",450,"D",.,"A",.,"A",.,"A",.,"A"
"20151","02809205",75,0,"1",1365,"D",325,"D",.,"A",2600,"D",18,"D",.,"A",.,"A",1040,"D",0,"D",72,"D",936,"D",.,"A",.,"A"
"20151","02809215",38,0,"1",2600,"D",650,"D",.,"A",0,"D",0,"D",.,"A",.,"A",1950,"D",0,"D",.,"A",.,"A",.,"A",.,"A"
"20151","02809245",59,0,"1",975,"D",325,"D",130,"D",455,"D",60,"D",.,"A",.,"A",650,"D",0,"D",.,"A",.,"A",.,"A",.,"A"
"20151","02809265",29,0,"1",780,"D",390,"D",.,"A",260,"D",0,"D",.,"A",.,"A",390,"D",0,"D",.,"A",.,"A",.,"A",.,"A"
"20151","02809315",67,0,"1",1300,"D",325,"D",.,"A",650,"D",0,"D",345,"D",.,"A",975,"D",0,"D",.,"A",.,"A",.,"A",.,"A"
"20151","02809325",34,0,"1",1950,"D",195,"D",.,"A",1300,"D",0,"D",.,"A",.,"A",1755,"D",0,"D",.,"A",.,"A",.,"A",.,"A"
"20151","02809345",29,0,"1",3250,"D",130,"D",.,"A",650,"D",0,"D",.,"A",.,"A",3120,"D",0,"D",.,"A",.,"A",.,"A",.,"A"
"20151","02809375",61,0,"1",650,"D",0,"D",.,"A",780,"D",120,"D",.,"A",.,"A",650,"D",225,"D",.,"A",.,"A",.,"A",.,"A"
"20151","02809385",52,0,"1",1300,"D",65,"D",.,"A",520,"D",30,"D",.,"A",120,"D",1235,"D",150,"D",.,"A",.,"A",.,"A",.,"A"
"20151","02809395",24,0,"1",650,"D",260,"D",.,"A",325,"D",0,"D",41,"D",.,"A",390,"D",0,"D",25,"D",325,"D",.,"A",.,"A"
"20151","02809405",39,0,"1",1430,"D",390,"D",.,"A",520,"D",0,"D",.,"A",.,"A",1040,"D",150,"D",.,"A",.,"A",.,"A",.,"A"
"20151","02809475",30,0,"1",1105,"D",195,"D",260,"D",390,"D",0,"D",.,"A",.,"A",910,"D",165,"D",15,"D",195,"D",.,"A",.,"A"
"20151","02809505",34,0,"1",1560,"D",260,"D",.,"A",260,"D",0,"D",.,"A",.,"A",1300,"D",30,"D",.,"A",.,"A",.,"A",.,"A"
"20151","02809575",30,0,"1",3900,"D",390,"D",.,"A",4550,"D",0,"D",.,"A",.,"A",3510,"D",0,"D",.,"A",.,"A",.,"A",.,"A"
"20151","02809615",27,0,"1",2210,"D",441,"F",.,"A",0,"D",0,"D",.,"A",.,"A",1613,"F",0,"D",.,"A",.,"A",.,"A",.,"A"
"20151","02809705",22,0,"1",870,"F",.,"A",.,"A",442,"F",85,"F",.,"A",.,"A",694,"F",102,"F",.,"A",.,"A",.,"A",.,"A"
"20151","02809755",29,0,"1",975,"D",156,"D",.,"A",390,"D",0,"D",.,"A",.,"A",819,"D",60,"D",.,"A",.,"A",.,"A",.,"A"
"20151","02809785",9,0,"1",772,"F",.,"A",.,"A",819,"D",0,"D",.,"A",.,"A",637,"F",0,"D",.,"A",.,"A",.,"A",.,"A"
"20151","02809815",52,0,"1",2600,"D",390,"D",.,"A",325,"D",300,"D",.,"A",.,"A",2210,"D",105,"D",.,"A",.,"A",.,"A",.,"A"
"20151","02809855",17,0,"1",845,"D",195,"D",.,"A",325,"D",0,"D",.,"A",.,"A",650,"D",60,"D",.,"A",.,"A",.,"A",.,"A"
"20151","02809875",44,0,"1",1105,"D",260,"D",.,"A",520,"D",0,"D",.,"A",.,"A",845,"D",144,"D",.,"A",.,"A",.,"A",.,"A"
"20151","02809945",19,0,"1",1625,"D",325,"D",.,"A",0,"D",0,"D",.,"A",.,"A",1300,"D",0,"D",.,"A",.,"A",.,"A",.,"A"
"20151","02809975",36,0,"1",1040,"D",260,"D",.,"A",325,"D",0,"D",.,"A",.,"A",780,"D",0,"D",20,"D",260,"D",.,"A",.,"A"
"20151","02810005",55,0,"1",2600,"D",325,"D",650,"D",520,"D",60,"D",.,"A",.,"A",2275,"D",0,"D",.,"A",.,"A",.,"A",.,"A"
"20151","02810035",21,0,"1",2340,"D",260,"D",.,"A",1300,"D",0,"D",.,"A",.,"A",2080,"D",0,"D",.,"A",.,"A",.,"A",.,"A"
"20151","02810075",34,0,"1",845,"D",65,"D",.,"A",0,"D",0,"D",.,"A",.,"A",780,"D",0,"D",.,"A",.,"A",.,"A",.,"A"
"20151","02810175",26,0,"1",1300,"D",104,"D",.,"A",780,"D",0,"D",.,"A",.,"A",1196,"D",0,"D",.,"A",.,"A",.,"A",.,"A"
"20151","02810185",36,0,"1",1690,"D",390,"D",.,"A",169,"D",0,"D",.,"A",.,"A",1300,"D",72,"D",.,"A",.,"A",.,"A",.,"A"
"20151","02810285",18,0,"1",3250,"D",780,"D",.,"A",1300,"D",0,"D",.,"A",150,"D",2470,"D",0,"D",.,"A",.,"A",.,"A",.,"A"
"20151","02810455",52,0,"1",3250,"D",390,"D",1300,"D",520,"D",60,"D",.,"A",.,"A",2860,"D",30,"D",.,"A",.,"A",.,"A",.,"A"
"20151","02810465",23,0,"1",1300,"D",260,"D",.,"A",650,"D",0,"D",.,"A",.,"A",1040,"D",0,"D",.,"A",.,"A",.,"A",.,"A"
"20151","02810515",26,0,"1",390,"D",26,"D",.,"A",520,"D",0,"D",.,"A",.,"A",364,"D",60,"D",.,"A",.,"A",.,"A",.,"A"
"20151","02810545",19,0,"1",1820,"D",325,"D",.,"A",975,"D",225,"D",.,"A",.,"A",1495,"D",390,"D",.,"A",.,"A",.,"A",.,"A"
"20151","02810575",17,0,"1",2340,"D",0,"D",2340,"D",1300,"D",60,"D",.,"A",.,"A",2340,"D",0,"D",.,"A",.,"A",.,"A",.,"A"
"20151","02810635",49,0,"1",1950,"D",520,"D",.,"A",650,"D",0,"D",.,"A",.,"A",1430,"D",0,"D",45,"D",585,"D",.,"A",.,"A"
"20151","02810645",38,0,"1",1300,"D",260,"D",.,"A",130,"D",0,"D",.,"A",.,"A",1040,"D",0,"D",.,"A",.,"A",.,"A",.,"A"
"20151","02810765",31,0,"1",1625,"D",455,"D",.,"A",65,"D",6,"D",.,"A",.,"A",1170,"D",6,"D",.,"A",.,"A",.,"A",.,"A"
"20151","02810815",8,0,"1",914,"F",.,"A",.,"A",553,"F",0,"D",.,"A",.,"A",753,"F",0,"D",.,"A",.,"A",.,"A",.,"A"
"20151","02810835",27,0,"1",1300,"D",325,"D",.,"A",0,"D",0,"D",.,"A",.,"A",975,"D",0,"D",.,"A",.,"A",.,"A",.,"A"
"20151","02810845",27,0,"1",650,"D",195,"D",0,"D",260,"D",45,"D",.,"A",.,"A",455,"D",0,"D",.,"A",.,"A",.,"A",.,"A"
"20151","02810865",28,0,"1",2600,"D",260,"D",.,"A",650,"D",6,"D",.,"A",.,"A",2340,"D",6,"D",.,"A",.,"A",.,"A",.,"A"
"20151","02810885",24,0,"1",910,"D",260,"D",.,"A",195,"D",0,"D",.,"A",.,"A",650,"D",0,"D",.,"A",.,"A",.,"A",.,"A"
"20151","02810895",43,0,"1",1950,"D",260,"D",.,"A",650,"D",0,"D",.,"A",.,"A",1690,"D",0,"D",.,"A",.,"A",.,"A",.,"A"
"20151","02810925",31,0,"1",1950,"D",390,"D",.,"A",1300,"D",0,"D",.,"A",.,"A",1560,"D",0,"D",.,"A",.,"A",.,"A",.,"A"
"20151","02810945",70,0,"1",1300,"D",195,"D",325,"D",325,"D",0,"D",.,"A",.,"A",1105,"D",150,"D",15,"D",195,"D",.,"A",.,"A"
"20151","02810975",36,0,"1",650,"D",130,"D",.,"A",0,"D",0,"D",.,"A",.,"A",520,"D",45,"D",.,"A",.,"A",.,"A",.,"A"
"20151","02811015",71,0,"1",1950,"D",130,"D",91,"D",780,"D",300,"D",.,"A",.,"A",1820,"D",120,"D",.,"A",.,"A",.,"A",.,"A"
"20151","02811055",38,0,"1",975,"D",441,"F",.,"A",520,"D",0,"D",.,"A",.,"A",1613,"F",0,"D",.,"A",.,"A",.,"A",.,"A"
"20151","02811075",20,0,"1",1300,"D",260,"D",.,"A",0,"D",0,"D",.,"A",.,"A",1040,"D",0,"D",.,"A",.,"A",.,"A",.,"A"
"20151","02811085",9,0,"1",1300,"D",390,"D",.,"A",0,"D",0,"D",.,"A",.,"A",910,"D",0,"D",.,"A",.,"A",.,"A",.,"A"
"20151","02811115",29,0,"1",1300,"D",0,"D",.,"A",715,"D",0,"D",.,"A",.,"A",1300,"D",240,"D",.,"A",.,"A",.,"A",.,"A"
"20151","02811145",44,0,"1",2340,"D",325,"D",.,"A",325,"D",150,"D",.,"A",215,"F",2015,"D",120,"D",.,"A",.,"A",.,"A",.,"A"
"20151","02811155",31,0,"1",3900,"D",325,"D",.,"A",0,"D",0,"D",.,"A",1300,"D",3575,"D",120,"D",.,"A",.,"A",.,"A",.,"A"
"20151","02811165",49,0,"1",1625,"D",390,"D",.,"A",520,"D",45,"D",.,"A",.,"A",1235,"D",45,"D",.,"A",.,"A",.,"A",.,"A"
"20151","02811195",21,0,"1",780,"D",104,"D",.,"A",130,"D",0,"D",.,"A",.,"A",676,"D",0,"D",.,"A",.,"A",.,"A",.,"A"
"20151","02811205",10,0,"1",1040,"D",260,"D",.,"A",0,"D",0,"D",.,"A",.,"A",780,"D",30,"D",.,"A",.,"A",.,"A",.,"A"
"20151","02811225",17,0,"1",1040,"D",156,"D",.,"A",780,"D",0,"D",.,"A",.,"A",884,"D",0,"D",.,"A",.,"A",.,"A",.,"A"
"20151","02811265",41,0,"1",3250,"D",650,"D",.,"A",1950,"D",0,"D",.,"A",278,"F",2600,"D",45,"D",.,"A",.,"A",.,"A",.,"A"
"20151","02811285",33,0,"1",1560,"D",325,"D",.,"A",2600,"D",0,"D",.,"A",.,"A",1235,"D",0,"D",.,"A",.,"A",.,"A",.,"A"
"20151","02811295",70,0,"1",2600,"D",975,"D",975,"D",650,"D",60,"D",.,"A",.,"A",1625,"D",60,"D",25,"D",325,"D",.,"A",.,"A"
"20151","02811395",36,0,"1",494,"D",39,"D",.,"A",325,"D",48,"D",.,"A",.,"A",455,"D",300,"D",.,"A",.,"A",.,"A",.,"A"
"20151","02811415",61,0,"1",1950,"D",260,"D",.,"A",0,"D",0,"D",.,"A",.,"A",1690,"D",60,"D",.,"A",.,"A",.,"A",.,"A"
"20151","02811555",43,0,"1",1950,"D",130,"D",.,"A",260,"D",0,"D",.,"A",.,"A",1820,"D",90,"D",.,"A",.,"A",.,"A",.,"A"
"20151","02811655",59,0,"1",3900,"D",650,"D",.,"A",1300,"D",0,"D",.,"A",.,"A",3250,"D",150,"D",.,"A",.,"A",.,"A",.,"A"
"20151","02811715",8,0,"1",260,"D",39,"D",.,"A",0,"D",0,"D",.,"A",.,"A",221,"D",0,"D",.,"A",.,"A",.,"A",.,"A"
"20151","02811735",25,0,"1",663,"D",260,"D",.,"A",442,"D",0,"D",.,"A",.,"A",403,"D",0,"D",.,"A",.,"A",.,"A",.,"A"
"20151","02811785",42,0,"1",1300,"D",455,"D",.,"A",650,"D",45,"D",.,"A",.,"A",845,"D",60,"D",.,"A",.,"A",.,"A",.,"A"
"20151","02811805",41,0,"1",1040,"D",260,"D",.,"A",520,"D",0,"D",.,"A",.,"A",780,"D",18,"D",.,"A",.,"A",.,"A",.,"A"
"20151","02811815",30,0,"1",650,"D",130,"D",.,"A",130,"D",0,"D",.,"A",.,"A",520,"D",0,"D",.,"A",.,"A",.,"A",.,"A"
"20151","02811835",70,0,"1",1950,"D",650,"D",.,"A",390,"D",0,"D",.,"A",180,"D",1300,"D",120,"D",.,"A",.,"A",.,"A",.,"A"
"20151","02811875",43,0,"1",1170,"D",195,"D",.,"A",195,"D",90,"D",.,"A",.,"A",975,"D",240,"D",.,"A",.,"A",.,"A",.,"A"
"20151","02811885",46,0,"1",1950,"D",650,"D",.,"A",650,"D",75,"D",.,"A",.,"A",1300,"D",150,"D",.,"A",.,"A",.,"A",.,"A"
"20151","02811905",32,0,"1",1950,"D",195,"D",.,"A",0,"D",0,"D",.,"A",.,"A",1755,"D",0,"D",.,"A",.,"A",.,"A",.,"A"
"20151","02811975",69,0,"1",3250,"D",650,"D",.,"A",260,"D",30,"D",1680,"D",.,"A",2600,"D",120,"D",.,"A",.,"A",.,"A",.,"A"
"20151","02811995",27,0,"1",585,"D",65,"D",.,"A",65,"D",0,"D",.,"A",.,"A",520,"D",0,"D",100,"D",1300,"D",.,"A",.,"A"
"20151","02812005",11,0,"1",1105,"D",0,"D",.,"A",0,"D",0,"D",.,"A",.,"A",1105,"D",0,"D",.,"A",.,"A",.,"A",.,"A"
"20151","02812015",38,0,"1",910,"D",390,"D",195,"D",195,"D",60,"D",.,"A",.,"A",520,"D",0,"D",.,"A",.,"A",.,"A",.,"A"
"20151","02812055",64,0,"1",1950,"D",650,"D",.,"A",1365,"D",600,"D",245,"D",.,"A",1300,"D",432,"D",.,"A",.,"A",.,"A",.,"A"
"20151","02812065",15,0,"1",520,"D",130,"D",.,"A",0,"D",0,"D",.,"A",.,"A",390,"D",0,"D",.,"A",.,"A",.,"A",.,"A"
"20151","02812075",32,0,"1",1560,"D",260,"D",.,"A",1300,"D",150,"D",.,"A",.,"A",1300,"D",300,"D",.,"A",.,"A",.,"A",.,"A"
"20151","02812135",8,0,"1",914,"F",.,"A",.,"A",553,"F",0,"D",.,"A",.,"A",753,"F",0,"D",.,"A",.,"A",.,"A",.,"A"
"20151","02812225",33,0,"1",780,"D",130,"D",.,"A",0,"D",6,"D",.,"A",.,"A",650,"D",6,"D",.,"A",.,"A",.,"A",.,"A"
"20151","02812235",12,0,"1",130,"D",0,"D",.,"A",0,"D",6,"D",.,"A",.,"A",130,"D",6,"D",.,"A",.,"A",.,"A",.,"A"
"20151","02812245",57,0,"1",2600,"D",325,"D",65,"D",975,"D",90,"D",.,"A",.,"A",2275,"D",870,"D",.,"A",.,"A",325,"D",25,"D"
"20151","02812285",31,0,"1",650,"D",130,"D",.,"A",65,"D",0,"D",.,"A",.,"A",520,"D",0,"D",.,"A",.,"A",.,"A",.,"A"
"20151","02812315",87,0,"1",1326,"D",156,"D",52,"D",650,"D",45,"D",.,"A",.,"A",1170,"D",600,"D",20,"D",260,"D",.,"A",.,"A"
"20151","02812385",51,0,"1",1300,"D",520,"D",.,"A",650,"D",0,"D",.,"A",.,"A",780,"D",0,"D",.,"A",.,"A",.,"A",.,"A"
"20151","02812405",65,0,"1",3250,"D",650,"D",.,"A",1300,"D",150,"D",.,"A",.,"A",2600,"D",261,"D",.,"A",.,"A",.,"A",.,"A"
"20151","02812435",56,0,"1",1157,"D",234,"D",.,"A",260,"D",60,"D",.,"A",.,"A",923,"D",108,"D",.,"A",.,"A",.,"A",.,"A"
"20151","02812475",31,0,"1",1300,"D",130,"D",.,"A",650,"D",0,"D",.,"A",.,"A",1170,"D",0,"D",.,"A",.,"A",.,"A",.,"A"
"20151","02812545",22,0,"1",780,"D",195,"D",.,"A",585,"D",0,"D",.,"A",.,"A",585,"D",0,"D",.,"A",.,"A",.,"A",.,"A"
"20151","02812635",13,0,"1",520,"D",130,"D",.,"A",0,"D",0,"D",.,"A",.,"A",390,"D",0,"D",.,"A",.,"A",.,"A",.,"A"
"20151","02812655",46,0,"1",1950,"D",260,"D",.,"A",2600,"D",300,"D",.,"A",295,"D",1690,"D",210,"D",.,"A",.,"A",.,"A",.,"A"
"20151","02812675",42,0,"1",2600,"D",0,"D",.,"A",0,"D",0,"D",.,"A",.,"A",2600,"D",0,"D",.,"A",.,"A",.,"A",.,"A"
"20151","02812735",56,0,"1",1625,"D",195,"D",260,"D",650,"D",0,"D",.,"A",.,"A",1430,"D",120,"D",.,"A",.,"A",.,"A",.,"A"
"20151","02812795",25,0,"1",1300,"D",130,"D",.,"A",1300,"D",0,"D",.,"A",.,"A",1170,"D",0,"D",.,"A",.,"A",.,"A",.,"A"
"20151","02812805",55,0,"1",1950,"D",260,"D",.,"A",728,"D",6,"D",.,"A",.,"A",1690,"D",6,"D",.,"A",.,"A",.,"A",.,"A"
"20151","02812875",32,0,"1",650,"D",130,"D",.,"A",0,"D",6,"D",.,"A",.,"A",520,"D",6,"D",.,"A",.,"A",.,"A",.,"A"
"20151","02812895",28,0,"1",780,"D",130,"D",.,"A",1040,"D",0,"D",.,"A",.,"A",650,"D",0,"D",35,"D",455,"D",.,"A",.,"A"
"20151","02812945",70,0,"1",1300,"D",0,"D",.,"A",65,"D",0,"D",.,"A",.,"A",1300,"D",114,"D",.,"A",.,"A",.,"A",.,"A"
"20151","02812955",35,0,"1",520,"D",156,"D",286,"D",455,"D",300,"D",.,"A",.,"A",364,"D",120,"D",.,"A",.,"A",.,"A",.,"A"
"20151","02813035",49,0,"1",2600,"D",1040,"D",.,"A",130,"D",0,"D",.,"A",.,"A",1560,"D",0,"D",.,"A",.,"A",.,"A",.,"A"
"20151","02813045",28,0,"1",1950,"D",260,"D",.,"A",650,"D",0,"D",.,"A",.,"A",1690,"D",0,"D",.,"A",.,"A",.,"A",.,"A"
"20151","02813075",57,0,"1",1950,"D",520,"D",.,"A",1040,"D",60,"D",.,"A",.,"A",1430,"D",240,"D",.,"A",.,"A",.,"A",.,"A"
"20151","02813105",25,0,"1",520,"D",65,"D",.,"A",325,"D",0,"D",.,"A",.,"A",455,"D",9,"D",.,"A",.,"A",.,"A",.,"A"
"20151","02813155",33,0,"1",5200,"D",1586,"D",.,"A",195,"D",0,"D",.,"A",.,"A",3614,"D",0,"D",200,"D",2600,"D",.,"A",.,"A"
"20151","02813185",34,0,"1",650,"D",130,"D",.,"A",975,"D",60,"D",.,"A",.,"A",520,"D",60,"D",.,"A",.,"A",.,"A",.,"A"
"20151","02813215",34,0,"1",780,"D",325,"D",195,"D",780,"D",300,"D",.,"A",.,"A",455,"D",240,"D",540,"D",7020,"D",.,"A",.,"A"
"20151","02813285",37,0,"1",1378,"D",403,"D",.,"A",0,"D",0,"D",150,"D",.,"A",975,"D",0,"D",.,"A",.,"A",.,"A",.,"A"
"20151","02813315",24,0,"1",325,"D",130,"D",.,"A",650,"D",0,"D",.,"A",.,"A",195,"D",0,"D",.,"A",.,"A",.,"A",.,"A"
"20151","02813325",19,0,"1",325,"D",0,"D",.,"A",0,"D",0,"D",.,"A",.,"A",325,"D",0,"D",.,"A",.,"A",.,"A",.,"A"
"20151","02813395",12,0,"1",1300,"D",130,"D",.,"A",0,"D",0,"D",.,"A",.,"A",1170,"D",0,"D",.,"A",.,"A",.,"A",.,"A"
"20151","02813425",34,0,"1",1560,"D",195,"D",260,"D",650,"D",0,"D",.,"A",.,"A",1365,"D",180,"D",.,"A",.,"A",.,"A",.,"A"
"20151","02813465",80,0,"1",1560,"D",0,"D",.,"A",780,"D",300,"D",.,"A",.,"A",1560,"D",150,"D",.,"A",.,"A",.,"A",.,"A"
"20151","02813535",25,0,"1",1300,"D",130,"D",.,"A",0,"D",0,"D",.,"A",.,"A",1170,"D",0,"D",.,"A",.,"A",.,"A",.,"A"
"20151","02813545",26,0,"1",3900,"D",390,"D",.,"A",0,"D",0,"D",.,"A",.,"A",3510,"D",0,"D",.,"A",.,"A",.,"A",.,"A"
"20151","02813555",68,0,"1",910,"D",348,"F",.,"A",650,"D",180,"D",.,"A",.,"A",1217,"F",120,"D",.,"A",.,"A",.,"A",.,"A"
"20151","02813585",20,0,"1",1300,"D",260,"D",.,"A",0,"D",0,"D",.,"A",.,"A",1040,"D",0,"D",.,"A",.,"A",.,"A",.,"A"
"20151","02813605",54,0,"1",2340,"D",260,"D",.,"A",2600,"D",120,"D",.,"A",.,"A",2080,"D",150,"D",.,"A",.,"A",.,"A",.,"A"
"20151","02813615",21,0,"1",1040,"D",130,"D",.,"A",260,"D",0,"D",.,"A",.,"A",910,"D",0,"D",.,"A",.,"A",.,"A",.,"A"
"20151","02813625",25,0,"1",1950,"D",520,"D",.,"A",733,"F",0,"D",.,"A",.,"A",1430,"D",0,"D",.,"A",.,"A",.,"A",.,"A"
"20151","02813635",12,0,"1",1430,"D",520,"D",.,"A",390,"D",0,"D",.,"A",.,"A",910,"D",0,"D",14,"D",182,"D",.,"A",.,"A"
"20151","02813665",59,0,"1",1625,"D",325,"D",.,"A",520,"D",0,"D",.,"A",.,"A",1300,"D",150,"D",.,"A",.,"A",.,"A",.,"A"
"20151","02813695",26,0,"1",780,"D",288,"F",.,"A",195,"D",0,"D",.,"A",.,"A",874,"F",0,"D",.,"A",.,"A",.,"A",.,"A"
"20151","02813725",28,0,"1",975,"D",0,"D",.,"A",0,"D",0,"D",.,"A",.,"A",975,"D",0,"D",.,"A",.,"A",.,"A",.,"A"
"20151","02813745",25,0,"1",2301,"D",195,"D",.,"A",130,"D",0,"D",.,"A",.,"A",2106,"D",18,"D",13,"D",169,"D",.,"A",.,"A"
"20151","02813755",42,0,"1",1300,"D",0,"D",.,"A",3250,"D",0,"D",.,"A",.,"A",1300,"D",90,"D",.,"A",.,"A",.,"A",.,"A"
"20151","02813775",62,0,"1",3640,"D",0,"D",260,"D",195,"D",0,"D",.,"A",.,"A",3640,"D",0,"D",.,"A",.,"A",.,"A",.,"A"
"20151","02813805",38,0,"1",806,"D",247,"D",.,"A",156,"D",0,"D",.,"A",.,"A",559,"D",0,"D",.,"A",.,"A",.,"A",.,"A"
"20151","02813825",40,0,"1",1300,"D",520,"D",.,"A",325,"D",120,"D",.,"A",.,"A",780,"D",450,"D",.,"A",.,"A",.,"A",.,"A"
"20151","02813885",34,0,"1",3250,"D",390,"D",.,"A",0,"D",0,"D",.,"A",.,"A",2860,"D",0,"D",.,"A",.,"A",845,"D",65,"D"
"20151","02813895",35,0,"1",2600,"D",325,"D",520,"D",247,"D",0,"D",.,"A",.,"A",2275,"D",0,"D",10,"D",130,"D",.,"A",.,"A"
"20151","02813925",54,0,"1",650,"D",130,"D",260,"D",0,"D",0,"D",.,"A",.,"A",520,"D",0,"D",.,"A",.,"A",.,"A",.,"A"
"20151","02813945",38,0,"1",1950,"D",975,"D",.,"A",715,"D",0,"D",.,"A",.,"A",975,"D",0,"D",.,"A",.,"A",.,"A",.,"A"
"20151","02813955",14,0,"1",1300,"D",455,"D",.,"A",0,"D",0,"D",.,"A",.,"A",845,"D",0,"D",.,"A",.,"A",.,"A",.,"A"
"20151","02813975",49,0,"1",1950,"D",910,"D",.,"A",1300,"D",0,"D",.,"A",.,"A",1040,"D",150,"D",.,"A",.,"A",.,"A",.,"A"
"20151","02814015",44,0,"1",1170,"D",0,"D",.,"A",4550,"D",0,"D",.,"A",.,"A",1170,"D",0,"D",.,"A",.,"A",.,"A",.,"A"
"20151","02814135",64,0,"1",2704,"D",1053,"D",.,"A",1235,"D",0,"D",.,"A",120,"D",1651,"D",75,"D",.,"A",.,"A",.,"A",.,"A"
"20151","02814155",51,0,"1",1950,"D",0,"D",.,"A",650,"D",0,"D",.,"A",.,"A",1950,"D",120,"D",.,"A",.,"A",.,"A",.,"A"
"20151","02814205",51,0,"1",1560,"D",260,"D",.,"A",1560,"D",45,"D",.,"A",30,"D",1300,"D",120,"D",.,"A",.,"A",.,"A",.,"A"
"20151","02814245",36,0,"1",1794,"F",.,"A",650,"D",910,"D",6,"D",.,"A",960,"D",1481,"F",6,"D",.,"A",.,"A",.,"A",.,"A"
"20151","02836284",24,0,"1",650,"D",65,"D",.,"A",260,"D",0,"D",400,"D",.,"A",585,"D",90,"D",.,"A",.,"A",.,"A",.,"A"
"20151","02836304",38,0,"1",5200,"D",195,"D",.,"A",1300,"D",0,"D",.,"A",.,"A",5005,"D",66,"D",.,"A",.,"A",.,"A",.,"A"
"20151","02836404",24,0,"1",1560,"D",184,"F",.,"A",260,"D",6,"D",.,"A",.,"A",637,"F",6,"D",.,"A",.,"A",.,"A",.,"A"
"20151","02836414",32,0,"1",1300,"D",0,"D",.,"A",0,"D",0,"D",.,"A",.,"A",1300,"D",210,"D",12,"D",156,"D",.,"A",.,"A"
"20151","02836574",30,0,"1",1300,"D",130,"D",.,"A",390,"D",0,"D",.,"A",.,"A",1170,"D",0,"D",.,"A",.,"A",.,"A",.,"A"
"20151","02836634",47,0,"1",1300,"D",0,"D",.,"A",1300,"D",0,"D",.,"A",.,"A",1300,"D",30,"D",.,"A",.,"A",.,"A",.,"A"
"20151","02836644",32,0,"1",975,"D",650,"D",260,"D",325,"D",0,"D",.,"A",.,"A",325,"D",0,"D",.,"A",.,"A",.,"A",.,"A"
"20151","02836674",24,0,"1",2600,"D",520,"D",.,"A",130,"D",60,"D",.,"A",.,"A",2080,"D",75,"D",.,"A",.,"A",325,"D",25,"D"
"20151","02836694",14,0,"1",2600,"D",195,"D",.,"A",520,"D",6,"D",.,"A",.,"A",2405,"D",6,"D",.,"A",.,"A",.,"A",.,"A"
"20151","02836734",29,0,"1",13000,"D",1300,"D",.,"A",650,"D",0,"D",.,"A",.,"A",11700,"D",0,"D",.,"A",.,"A",.,"A",.,"A"
"20151","02836764",52,0,"1",2730,"D",780,"D",130,"D",1040,"D",0,"D",.,"A",.,"A",1950,"D",180,"D",.,"A",.,"A",.,"A",.,"A"
"20151","02836794",11,0,"1",520,"D",195,"D",.,"A",0,"D",0,"D",.,"A",.,"A",325,"D",0,"D",.,"A",.,"A",.,"A",.,"A"
"20151","02836824",16,0,"1",650,"D",130,"D",.,"A",442,"D",0,"D",.,"A",.,"A",520,"D",120,"D",30,"D",390,"D",.,"A",.,"A"
"20151","02836864",37,0,"1",1430,"D",260,"D",.,"A",520,"D",75,"D",.,"A",.,"A",1170,"D",195,"D",.,"A",.,"A",.,"A",.,"A"
"20151","02836884",22,0,"1",1300,"D",0,"D",1950,"D",0,"D",0,"D",.,"A",.,"A",1300,"D",0,"D",.,"A",.,"A",.,"A",.,"A"
"20151","02836944",21,0,"1",2210,"D",585,"D",520,"D",2275,"D",150,"D",.,"A",.,"A",1625,"D",240,"D",.,"A",.,"A",.,"A",.,"A"
"20151","02836994",15,0,"1",914,"F",.,"A",.,"A",553,"F",0,"D",.,"A",.,"A",753,"F",0,"D",.,"A",.,"A",.,"A",.,"A"
"20151","02837004",21,0,"1",325,"D",130,"D",.,"A",0,"D",0,"D",.,"A",.,"A",195,"D",30,"D",.,"A",.,"A",.,"A",.,"A"
"20151","02837054",22,0,"1",325,"D",214,"F",.,"A",0,"D",0,"D",.,"A",.,"A",694,"F",0,"D",.,"A",.,"A",.,"A",.,"A"
"20151","02837154",33,0,"1",650,"D",104,"D",.,"A",325,"D",0,"D",.,"A",.,"A",546,"D",30,"D",.,"A",.,"A",.,"A",.,"A"
"20151","02837174",29,0,"1",1300,"D",130,"D",.,"A",650,"D",0,"D",.,"A",.,"A",1170,"D",0,"D",.,"A",.,"A",.,"A",.,"A"
"20151","02837214",61,0,"1",1235,"D",0,"D",.,"A",845,"D",0,"D",.,"A",.,"A",1235,"D",0,"D",.,"A",.,"A",.,"A",.,"A"
"20151","02837244",34,0,"1",650,"D",260,"D",.,"A",130,"D",0,"D",.,"A",.,"A",390,"D",0,"D",.,"A",.,"A",.,"A",.,"A"
"20151","02837294",30,0,"1",1560,"D",260,"D",.,"A",325,"D",0,"D",.,"A",.,"A",1300,"D",0,"D",.,"A",.,"A",.,"A",.,"A"
"20151","02837374",19,0,"1",650,"D",65,"D",.,"A",780,"D",0,"D",.,"A",.,"A",585,"D",0,"D",.,"A",.,"A",.,"A",.,"A"
"20151","02837394",49,0,"1",780,"D",370,"F",.,"A",5200,"D",600,"D",520,"D",.,"A",1479,"F",150,"D",.,"A",.,"A",.,"A",.,"A"
"20151","02837424",40,0,"1",1950,"D",325,"D",.,"A",195,"D",0,"D",.,"A",3,"D",1625,"D",0,"D",.,"A",.,"A",.,"A",.,"A"
"20151","02837444",27,0,"1",845,"D",0,"D",.,"A",520,"D",0,"D",.,"A",.,"A",845,"D",0,"D",.,"A",.,"A",.,"A",.,"A"
"20151","02837454",59,0,"1",1300,"D",195,"D",.,"A",780,"D",60,"D",.,"A",.,"A",1105,"D",60,"D",.,"A",.,"A",.,"A",.,"A"
"20151","02837524",42,0,"1",910,"D",130,"D",.,"A",65,"D",0,"D",.,"A",.,"A",780,"D",0,"D",.,"A",.,"A",.,"A",.,"A"
"20151","02837584",10,0,"1",325,"D",65,"D",.,"A",1300,"D",0,"D",.,"A",.,"A",260,"D",0,"D",.,"A",.,"A",.,"A",.,"A"
"20151","02837645",26,0,"1",650,"D",130,"D",.,"A",585,"D",0,"D",.,"A",.,"A",520,"D",6,"D",.,"A",.,"A",.,"A",.,"A"
"20151","02837704",34,0,"1",2600,"D",390,"D",.,"A",1300,"D",6,"D",.,"A",.,"A",2210,"D",6,"D",.,"A",.,"A",.,"A",.,"A"
"20151","02837794",34,0,"1",3250,"D",325,"D",.,"A",975,"D",0,"D",.,"A",.,"A",2925,"D",0,"D",.,"A",.,"A",.,"A",.,"A"
"20151","02837844",37,0,"1",728,"D",0,"D",.,"A",130,"D",24,"D",.,"A",.,"A",728,"D",0,"D",.,"A",.,"A",.,"A",.,"A"
"20151","02837884",29,0,"1",2600,"D",650,"D",.,"A",130,"D",6,"D",.,"A",.,"A",1950,"D",36,"D",.,"A",.,"A",.,"A",.,"A"
"20151","02837924",46,0,"1",1300,"D",260,"D",390,"D",325,"D",0,"D",.,"A",.,"A",1040,"D",0,"D",.,"A",.,"A",.,"A",.,"A"
"20151","02837934",50,0,"1",650,"D",0,"D",.,"A",390,"D",90,"D",.,"A",.,"A",650,"D",300,"D",.,"A",.,"A",.,"A",.,"A"
"20151","02837954",6,0,"1",39,"D",0,"D",.,"A",0,"D",45,"D",.,"A",.,"A",39,"D",60,"D",.,"A",.,"A",.,"A",.,"A"
"20151","02837974",25,0,"1",1625,"D",650,"D",.,"A",541,"F",0,"D",.,"A",.,"A",975,"D",0,"D",.,"A",.,"A",.,"A",.,"A"
"20151","02837984",46,0,"1",2600,"D",130,"D",.,"A",1300,"D",300,"D",.,"A",.,"A",2470,"D",3,"D",.,"A",.,"A",.,"A",.,"A"
"20151","02838025",32,0,"1",975,"D",39,"D",.,"A",130,"D",0,"D",.,"A",.,"A",936,"D",0,"D",25,"D",325,"D",.,"A",.,"A"
"20151","02838084",26,0,"1",1625,"D",455,"D",195,"D",325,"D",0,"D",.,"A",.,"A",1170,"D",36,"D",37,"D",481,"D",.,"A",.,"A"
"20151","02838144",30,0,"1",2600,"D",650,"D",.,"A",650,"D",75,"D",.,"A",.,"A",1950,"D",300,"D",30,"D",390,"D",.,"A",.,"A"
"20151","02838164",27,0,"1",780,"D",260,"D",.,"A",195,"D",0,"D",.,"A",.,"A",520,"D",0,"D",.,"A",.,"A",.,"A",.,"A"
"20151","02838174",47,0,"1",2106,"D",260,"D",.,"A",260,"D",0,"D",.,"A",.,"A",1846,"D",0,"D",.,"A",.,"A",.,"A",.,"A"
"20151","02838244",23,0,"1",1625,"D",325,"D",.,"A",390,"D",0,"D",.,"A",.,"A",1300,"D",0,"D",.,"A",.,"A",.,"A",.,"A"
"20151","02838254",81,0,"1",4550,"D",1300,"D",.,"A",910,"D",150,"D",.,"A",.,"A",3250,"D",150,"D",40,"D",520,"D",.,"A",.,"A"
"20151","02838274",34,0,"1",1300,"D",156,"D",.,"A",26,"D",0,"D",.,"A",.,"A",1144,"D",0,"D",.,"A",.,"A",.,"A",.,"A"
"20151","02838284",33,0,"1",390,"D",195,"D",.,"A",0,"D",0,"D",.,"A",.,"A",195,"D",0,"D",.,"A",.,"A",.,"A",.,"A"
"20151","02838324",36,0,"1",2600,"D",1300,"D",.,"A",0,"D",0,"D",.,"A",.,"A",1300,"D",120,"D",.,"A",.,"A",.,"A",.,"A"
"20151","02838354",36,0,"1",2600,"D",325,"D",.,"A",455,"D",120,"D",.,"A",.,"A",2275,"D",120,"D",.,"A",.,"A",.,"A",.,"A"
"20151","02838364",24,0,"1",1560,"D",260,"D",.,"A",0,"D",0,"D",.,"A",.,"A",1300,"D",0,"D",10,"D",130,"D",.,"A",.,"A"
"20151","02838374",23,0,"1",650,"D",65,"D",.,"A",520,"D",0,"D",.,"A",.,"A",585,"D",0,"D",.,"A",.,"A",.,"A",.,"A"
"20151","02838384",44,0,"1",195,"D",0,"D",.,"A",975,"D",0,"D",.,"A",.,"A",195,"D",0,"D",.,"A",.,"A",.,"A",.,"A"
"20151","02838454",9,0,"1",897,"D",0,"D",.,"A",0,"D",0,"D",.,"A",.,"A",897,"D",0,"D",7,"D",91,"D",.,"A",.,"A"
"20151","02838474",37,0,"1",1950,"D",520,"D",208,"D",325,"D",0,"D",.,"A",.,"A",1430,"D",0,"D",.,"A",.,"A",.,"A",.,"A"
"20151","02838544",54,0,"1",1950,"D",975,"D",.,"A",650,"D",0,"D",.,"A",.,"A",975,"D",0,"D",.,"A",.,"A",.,"A",.,"A"
"20151","02838554",31,0,"1",1300,"D",104,"D",.,"A",1300,"D",0,"D",.,"A",.,"A",1196,"D",0,"D",.,"A",.,"A",.,"A",.,"A"
"20151","02838584",25,0,"1",1105,"D",130,"D",.,"A",325,"D",0,"D",.,"A",.,"A",975,"D",0,"D",.,"A",.,"A",.,"A",.,"A"
"20151","02838624",33,0,"1",2275,"D",975,"D",130,"D",325,"D",0,"D",.,"A",100,"D",1300,"D",0,"D",18,"D",234,"D",.,"A",.,"A"
"20151","02838634",71,0,"1",1300,"D",195,"D",.,"A",195,"D",0,"D",.,"A",.,"A",1105,"D",60,"D",.,"A",.,"A",.,"A",.,"A"
"20151","02838654",51,0,"1",1521,"D",0,"D",.,"A",455,"D",45,"D",.,"A",.,"A",1521,"D",30,"D",.,"A",.,"A",.,"A",.,"A"
"20151","02838674",29,0,"1",1300,"D",260,"D",.,"A",260,"D",0,"D",.,"A",.,"A",1040,"D",0,"D",.,"A",.,"A",.,"A",.,"A"
"20151","02838684",31,0,"1",1950,"D",325,"D",.,"A",2600,"D",0,"D",.,"A",.,"A",1625,"D",45,"D",.,"A",.,"A",.,"A",.,"A"
"20151","02838754",50,0,"1",1040,"D",0,"D",.,"A",0,"D",0,"D",.,"A",.,"A",1040,"D",24,"D",.,"A",.,"A",.,"A",.,"A"
"20151","02838764",30,0,"1",2600,"D",0,"D",650,"D",650,"D",60,"D",.,"A",.,"A",2600,"D",30,"D",48,"D",624,"D",.,"A",.,"A"
"20151","02838824",50,0,"1",1300,"D",260,"D",.,"A",390,"D",0,"D",.,"A",.,"A",1040,"D",0,"D",.,"A",.,"A",.,"A",.,"A"
"20151","02838844",35,0,"1",1068,"F",.,"A",156,"D",0,"D",0,"D",.,"A",.,"A",868,"F",0,"D",20,"D",260,"D",.,"A",.,"A"
"20151","02838894",9,0,"1",650,"D",130,"D",.,"A",104,"D",0,"D",.,"A",.,"A",520,"D",0,"D",.,"A",.,"A",.,"A",.,"A"
"20151","02838904",18,0,"1",780,"D",0,"D",.,"A",475,"F",0,"D",.,"A",.,"A",780,"D",0,"D",.,"A",.,"A",.,"A",.,"A"
"20151","02838934",22,0,"1",390,"D",184,"F",260,"D",0,"D",0,"D",.,"A",.,"A",637,"F",0,"D",.,"A",.,"A",.,"A",.,"A"
"20151","02838954",38,0,"1",910,"D",390,"D",284,"F",156,"D",0,"D",.,"A",.,"A",520,"D",0,"D",.,"A",.,"A",.,"A",.,"A"
"20151","02838964",16,0,"1",1300,"D",195,"D",.,"A",1040,"D",375,"D",.,"A",.,"A",1105,"D",375,"D",25,"D",325,"D",.,"A",.,"A"
"20151","02839004",52,0,"1",2600,"D",260,"D",.,"A",780,"D",0,"D",.,"A",.,"A",2340,"D",0,"D",.,"A",.,"A",.,"A",.,"A"
"20151","02839094",43,0,"1",3900,"D",780,"D",.,"A",520,"D",0,"D",.,"A",.,"A",3120,"D",0,"D",40,"D",520,"D",.,"A",.,"A"
"20151","02839104",15,0,"1",0,"D",.,"A",.,"A",0,"D",0,"D",.,"A",.,"A",0,"D",0,"D",.,"A",.,"A",.,"A",.,"A"
"20151","02839134",13,0,"1",780,"D",65,"D",.,"A",0,"D",0,"D",.,"A",.,"A",715,"D",0,"D",.,"A",.,"A",.,"A",.,"A"
"20151","02839254",44,0,"1",1430,"D",195,"D",.,"A",260,"D",0,"D",.,"A",.,"A",1235,"D",0,"D",.,"A",.,"A",.,"A",.,"A"
"20151","02839264",55,0,"1",1950,"D",520,"D",.,"A",520,"D",0,"D",.,"A",.,"A",1430,"D",0,"D",.,"A",.,"A",.,"A",.,"A"
"20151","02839314",51,0,"1",1755,"D",455,"D",.,"A",260,"D",0,"D",.,"A",.,"A",1300,"D",90,"D",25,"D",325,"D",.,"A",.,"A"
"20151","02839364",19,0,"1",780,"D",189,"F",303,"F",520,"D",161,"F",.,"A",.,"A",704,"F",121,"F",.,"A",.,"A",.,"A",.,"A"
"20151","02839404",13,0,"1",650,"D",130,"D",.,"A",325,"D",0,"D",.,"A",.,"A",520,"D",0,"D",.,"A",.,"A",.,"A",.,"A"
"20151","02839474",12,0,"1",650,"D",184,"F",.,"A",0,"D",0,"D",.,"A",.,"A",637,"F",0,"D",.,"A",.,"A",.,"A",.,"A"
"20151","02839524",46,0,"1",1950,"D",780,"D",.,"A",585,"D",0,"D",.,"A",48,"D",1170,"D",240,"D",18,"D",234,"D",.,"A",.,"A"
"20151","02839544",73,0,"1",975,"D",0,"D",260,"D",390,"D",0,"D",.,"A",.,"A",975,"D",0,"D",.,"A",.,"A",130,"D",10,"D"
"20151","02839584",34,0,"1",2080,"D",130,"D",.,"A",0,"D",0,"D",.,"A",.,"A",1950,"D",0,"D",.,"A",.,"A",.,"A",.,"A"
"20151","02839594",47,0,"1",1950,"D",325,"D",130,"D",1300,"D",750,"D",.,"A",.,"A",1625,"D",300,"D",.,"A",.,"A",.,"A",.,"A"
"20151","02839644",23,0,"1",3250,"D",195,"D",650,"D",0,"D",0,"D",.,"A",.,"A",3055,"D",0,"D",.,"A",.,"A",.,"A",.,"A"
"20151","02839654",46,0,"1",1300,"D",455,"D",.,"A",1625,"D",0,"D",.,"A",.,"A",845,"D",60,"D",.,"A",.,"A",.,"A",.,"A"
"20151","02839684",30,0,"1",1950,"D",260,"D",.,"A",91,"D",0,"D",.,"A",.,"A",1690,"D",0,"D",.,"A",.,"A",.,"A",.,"A"
"20151","02839714",21,0,"1",715,"D",65,"D",.,"A",1950,"D",0,"D",.,"A",.,"A",650,"D",60,"D",.,"A",.,"A",.,"A",.,"A"
"20151","02839894",30,0,"1",1105,"D",130,"D",.,"A",260,"D",0,"D",.,"A",.,"A",975,"D",0,"D",.,"A",.,"A",.,"A",.,"A"
"20151","02839984",47,0,"1",2600,"D",325,"D",.,"A",650,"D",153,"F",.,"A",.,"A",2275,"D",120,"D",.,"A",.,"A",.,"A",.,"A"
"20151","02840034",8,0,"1",650,"D",0,"D",.,"A",553,"F",0,"D",.,"A",.,"A",650,"D",0,"D",.,"A",.,"A",.,"A",.,"A"
"20151","02840084",23,0,"1",650,"D",260,"D",.,"A",260,"D",0,"D",.,"A",.,"A",390,"D",0,"D",.,"A",.,"A",130,"D",10,"D"
"20151","02840154",10,0,"1",1040,"D",130,"D",130,"D",0,"D",0,"D",.,"A",.,"A",910,"D",90,"F",.,"A",.,"A",.,"A",.,"A"
"20151","02840174",50,0,"1",2080,"D",0,"D",.,"A",650,"D",0,"D",.,"A",.,"A",2080,"D",0,"D",.,"A",.,"A",.,"A",.,"A"
"20151","02840224",97,0,"1",4550,"D",650,"D",.,"A",1625,"D",150,"D",.,"A",112,"D",3900,"D",150,"D",.,"A",.,"A",.,"A",.,"A"
"20151","02840254",29,0,"1",1950,"D",520,"D",.,"A",0,"D",0,"D",.,"A",.,"A",1430,"D",0,"D",.,"A",.,"A",.,"A",.,"A"
"20151","02840274",64,0,"1",3484,"D",1300,"D",.,"A",1404,"D",72,"D",.,"A",.,"A",2184,"D",30,"D",.,"A",.,"A",.,"A",.,"A"
"20151","02840294",38,0,"1",2600,"D",260,"D",.,"A",130,"D",0,"D",.,"A",.,"A",2340,"D",60,"D",.,"A",.,"A",.,"A",.,"A"
"20151","02840305",30,0,"1",1300,"D",260,"D",.,"A",260,"D",0,"D",.,"A",.,"A",1040,"D",120,"D",60,"D",780,"D",.,"A",.,"A"
"20151","02840324",14,0,"1",390,"D",130,"D",.,"A",65,"D",0,"D",.,"A",.,"A",260,"D",0,"D",25,"D",325,"D",.,"A",.,"A"
"20151","02840354",54,0,"1",1300,"D",520,"D",.,"A",650,"D",60,"D",650,"D",.,"A",780,"D",360,"D",.,"A",.,"A",.,"A",.,"A"
"20151","02840424",15,0,"1",780,"D",65,"D",.,"A",1300,"D",60,"D",.,"A",.,"A",715,"D",60,"D",10,"D",130,"D",.,"A",.,"A"
"20151","02840444",20,0,"1",3900,"D",184,"F",.,"A",1950,"D",0,"D",.,"A",.,"A",637,"F",90,"D",.,"A",.,"A",.,"A",.,"A"
"20151","02840474",14,0,"1",650,"D",130,"D",.,"A",390,"D",0,"D",.,"A",.,"A",520,"D",0,"D",.,"A",.,"A",.,"A",.,"A"
"20151","02840574",40,0,"1",1560,"D",390,"D",130,"D",1950,"D",225,"D",.,"A",.,"A",1170,"D",225,"D",10,"D",130,"D",.,"A",.,"A"
"20151","02840594",26,0,"1",325,"D",65,"D",.,"A",390,"D",0,"D",.,"A",.,"A",260,"D",60,"D",35,"D",455,"D",.,"A",.,"A"
"20151","02840644",40,0,"1",1950,"D",650,"D",.,"A",130,"D",0,"D",.,"A",.,"A",1300,"D",360,"D",.,"A",.,"A",.,"A",.,"A"
"20151","02840694",45,0,"1",1950,"D",130,"D",.,"A",1300,"D",0,"D",.,"A",.,"A",1820,"D",0,"D",.,"A",.,"A",.,"A",.,"A"
"20151","02840714",19,0,"1",910,"D",0,"D",.,"A",104,"D",0,"D",.,"A",.,"A",910,"D",0,"D",.,"A",.,"A",.,"A",.,"A"
"20151","02840744",27,0,"1",650,"D",0,"D",.,"A",312,"D",6,"D",.,"A",.,"A",650,"D",6,"D",.,"A",.,"A",.,"A",.,"A"
"20151","02840844",62,0,"1",1300,"D",0,"D",.,"A",455,"D",0,"D",.,"A",.,"A",1300,"D",0,"D",.,"A",.,"A",.,"A",.,"A"
"20151","02840874",43,0,"1",2860,"D",520,"D",.,"A",0,"D",0,"D",.,"A",.,"A",2340,"D",39,"D",.,"A",.,"A",.,"A",.,"A"
"20151","02840894",12,0,"1",650,"D",130,"D",.,"A",0,"D",0,"D",.,"A",.,"A",520,"D",0,"D",.,"A",.,"A",.,"A",.,"A"
"20151","02840924",20,0,"1",780,"D",130,"D",65,"D",520,"D",0,"D",.,"A",.,"A",650,"D",60,"D",.,"A",.,"A",.,"A",.,"A"
"20151","02840944",26,0,"1",1300,"D",520,"D",.,"A",260,"D",6,"D",.,"A",.,"A",780,"D",6,"D",.,"A",.,"A",.,"A",.,"A"
"20151","02840984",22,0,"1",1300,"D",260,"D",.,"A",0,"D",0,"D",.,"A",.,"A",1040,"D",0,"D",.,"A",.,"A",.,"A",.,"A"
"20151","02841014",26,0,"1",975,"D",260,"D",.,"A",325,"D",0,"D",.,"A",.,"A",715,"D",150,"D",42,"D",546,"D",.,"A",.,"A"
"20151","02841024",32,0,"1",3250,"D",390,"D",.,"A",0,"D",0,"D",.,"A",.,"A",2860,"D",0,"D",.,"A",.,"A",.,"A",.,"A"
"20151","02841074",42,0,"1",585,"D",26,"D",.,"A",260,"D",0,"D",.,"A",.,"A",559,"D",0,"D",.,"A",.,"A",.,"A",.,"A"
"20151","02841084",11,0,"1",650,"D",78,"D",130,"D",130,"D",0,"D",.,"A",.,"A",572,"D",0,"D",.,"A",.,"A",.,"A",.,"A"
"20151","02841094",94,0,"1",1300,"D",130,"D",.,"A",520,"D",90,"D",.,"A",.,"A",1170,"D",150,"D",.,"A",.,"A",.,"A",.,"A"
"20151","02841124",32,0,"1",455,"D",130,"D",.,"A",0,"D",0,"D",.,"A",.,"A",325,"D",0,"D",.,"A",.,"A",.,"A",.,"A"
"20151","02841134",14,0,"1",650,"D",65,"D",.,"A",0,"D",0,"D",.,"A",.,"A",585,"D",0,"D",28,"D",364,"D",.,"A",.,"A"
"20151","02841174",24,0,"1",520,"D",65,"D",.,"A",65,"D",6,"D",.,"A",.,"A",455,"D",6,"D",.,"A",.,"A",.,"A",.,"A"
"20151","02841214",41,0,"1",780,"D",78,"D",.,"A",0,"D",120,"D",.,"A",.,"A",702,"D",3,"D",.,"A",.,"A",.,"A",.,"A"
"20151","02841244",40,0,"1",520,"D",0,"D",.,"A",130,"D",0,"D",.,"A",.,"A",520,"D",0,"D",.,"A",.,"A",.,"A",.,"A"
"20151","02841304",28,0,"1",1300,"D",280,"F",.,"A",1300,"D",0,"D",.,"A",.,"A",1094,"F",0,"D",40,"D",520,"D",.,"A",.,"A"
"20151","02841324",36,0,"1",1950,"D",325,"D",.,"A",650,"D",0,"D",.,"A",.,"A",1625,"D",120,"D",.,"A",.,"A",.,"A",.,"A"
"20151","02841354",58,0,"1",1105,"D",130,"D",.,"A",0,"D",0,"D",.,"A",.,"A",975,"D",0,"D",.,"A",.,"A",.,"A",.,"A"
"20151","02841444",27,0,"1",975,"D",65,"D",.,"A",520,"D",0,"D",.,"A",.,"A",910,"D",0,"D",.,"A",.,"A",.,"A",.,"A"
"20151","02841484",81,0,"1",975,"D",299,"D",260,"D",325,"D",75,"D",.,"A",.,"A",676,"D",300,"D",.,"A",.,"A",.,"A",.,"A"
"20151","02841504",24,0,"1",650,"D",0,"D",.,"A",91,"D",6,"D",.,"A",.,"A",650,"D",6,"D",.,"A",.,"A",.,"A",.,"A"
"20151","02841524",65,0,"1",1430,"D",260,"D",.,"A",156,"D",0,"D",.,"A",.,"A",1170,"D",75,"D",.,"A",.,"A",.,"A",.,"A"
"20151","02841534",40,0,"1",1950,"D",325,"D",.,"A",1300,"D",0,"D",.,"A",.,"A",1625,"D",0,"D",.,"A",.,"A",.,"A",.,"A"
"20151","02841604",10,0,"1",650,"D",130,"D",.,"A",260,"D",45,"D",.,"A",.,"A",520,"D",90,"D",.,"A",.,"A",.,"A",.,"A"
"20151","02841624",15,0,"1",650,"D",260,"D",.,"A",650,"D",0,"D",.,"A",.,"A",390,"D",75,"D",.,"A",.,"A",.,"A",.,"A"
"20151","02841654",14,0,"1",650,"D",221,"F",.,"A",553,"F",0,"D",.,"A",.,"A",753,"F",39,"D",.,"A",.,"A",.,"A",.,"A"
"20151","02841664",19,0,"1",650,"D",65,"D",.,"A",390,"D",0,"D",.,"A",.,"A",585,"D",60,"D",.,"A",.,"A",.,"A",.,"A"
"20151","02841684",30,0,"1",2600,"D",1300,"D",.,"A",260,"D",0,"D",.,"A",.,"A",1300,"D",0,"D",.,"A",.,"A",.,"A",.,"A"
"20151","02841704",32,0,"1",1300,"D",156,"D",130,"D",0,"D",0,"D",.,"A",.,"A",1144,"D",45,"D",.,"A",.,"A",.,"A",.,"A"
"20151","02841724",49,0,"1",2600,"D",390,"D",.,"A",1950,"D",120,"D",.,"A",.,"A",2210,"D",180,"D",.,"A",.,"A",.,"A",.,"A"
"20151","02841784",23,0,"1",0,"D",.,"A",130,"D",65,"D",0,"D",.,"A",.,"A",0,"D",0,"D",.,"A",.,"A",.,"A",.,"A"
"20151","02841804",31,0,"1",650,"D",130,"D",.,"A",0,"D",0,"D",.,"A",.,"A",520,"D",90,"D",20,"D",260,"D",.,"A",.,"A"
"20151","02841854",41,0,"1",3250,"D",520,"D",.,"A",2210,"D",0,"D",.,"A",.,"A",2730,"D",0,"D",.,"A",.,"A",.,"A",.,"A"
"20151","02841934",32,0,"1",1560,"D",260,"D",.,"A",390,"D",300,"D",.,"A",.,"A",1300,"D",600,"D",.,"A",.,"A",.,"A",.,"A"
"20151","02841964",65,0,"1",1651,"D",280,"F",.,"A",507,"D",0,"D",.,"A",.,"A",1094,"F",63,"D",.,"A",.,"A",.,"A",.,"A"
"20151","02841984",37,0,"1",1495,"D",325,"D",.,"A",325,"D",6,"D",.,"A",.,"A",1170,"D",6,"D",.,"A",.,"A",.,"A",.,"A"
"20151","02841994",42,0,"1",1300,"D",520,"D",.,"A",780,"D",525,"D",.,"A",.,"A",780,"D",270,"D",25,"D",325,"D",.,"A",.,"A"
"20151","02842044",30,0,"1",780,"D",130,"D",.,"A",0,"D",300,"D",.,"A",.,"A",650,"D",90,"D",140,"D",1820,"D",.,"A",.,"A"
"20151","02842114",16,0,"1",2600,"D",390,"D",390,"D",780,"D",0,"D",.,"A",.,"A",2210,"D",60,"D",11,"D",143,"D",.,"A",.,"A"
"20151","02842154",37,0,"1",4511,"D",437,"F",.,"A",2587,"D",6,"D",.,"A",.,"A",1882,"F",6,"D",.,"A",.,"A",.,"A",.,"A"
"20151","02842184",29,0,"1",520,"D",0,"D",.,"A",52,"D",6,"D",.,"A",.,"A",520,"D",6,"D",.,"A",.,"A",.,"A",.,"A"
"20151","02842254",41,0,"1",2600,"D",650,"D",.,"A",1300,"D",0,"D",.,"A",.,"A",1950,"D",0,"D",.,"A",.,"A",.,"A",.,"A"
"20151","02842264",24,0,"1",780,"D",0,"D",.,"A",130,"D",0,"D",.,"A",.,"A",780,"D",0,"D",.,"A",.,"A",.,"A",.,"A"
"20151","02842284",63,0,"1",2535,"D",780,"D",.,"A",1794,"D",0,"D",.,"A",.,"A",1755,"D",0,"D",.,"A",.,"A",.,"A",.,"A"
"20151","02842294",30,0,"1",1950,"D",0,"D",130,"D",1950,"D",150,"D",.,"A",.,"A",1950,"D",1050,"D",50,"D",650,"D",.,"A",.,"A"
"20151","02842334",48,0,"1",975,"D",195,"D",780,"D",325,"D",0,"D",.,"A",.,"A",780,"D",60,"D",.,"A",.,"A",.,"A",.,"A"
"20151","02842354",15,0,"1",650,"D",0,"D",.,"A",0,"D",0,"D",.,"A",.,"A",650,"D",0,"D",.,"A",.,"A",.,"A",.,"A"
"20151","02842384",37,0,"1",1560,"D",390,"D",.,"A",0,"D",0,"D",.,"A",120,"D",1170,"D",0,"D",.,"A",.,"A",.,"A",.,"A"
"20151","02842404",61,0,"1",2600,"D",520,"D",.,"A",650,"D",0,"D",.,"A",.,"A",2080,"D",300,"D",.,"A",.,"A",.,"A",.,"A"
"20151","02842414",29,0,"1",325,"D",0,"D",0,"D",0,"D",0,"D",.,"A",.,"A",325,"D",0,"D",.,"A",.,"A",.,"A",.,"A"
"20151","02842434",43,0,"1",3900,"D",520,"D",.,"A",650,"D",0,"D",.,"A",.,"A",3380,"D",150,"D",.,"A",.,"A",.,"A",.,"A"
"20151","02842474",13,0,"1",2600,"D",431,"F",.,"A",524,"F",6,"D",.,"A",.,"A",1476,"F",6,"D",.,"A",.,"A",.,"A",.,"A"
"20151","02842494",27,0,"1",1300,"D",260,"D",.,"A",260,"D",0,"D",.,"A",.,"A",1040,"D",0,"D",.,"A",.,"A",.,"A",.,"A"
"20151","02842584",55,0,"1",6500,"D",370,"F",.,"A",1300,"D",90,"D",.,"A",.,"A",1479,"F",90,"D",.,"A",.,"A",.,"A",.,"A"
"20151","02842624",39,0,"1",1300,"D",0,"D",.,"A",650,"D",0,"D",.,"A",240,"D",1300,"D",0,"D",.,"A",.,"A",.,"A",.,"A"
"20151","02842634",63,0,"1",2600,"D",520,"D",390,"D",780,"D",240,"D",.,"A",.,"A",2080,"D",60,"D",.,"A",.,"A",260,"D",20,"D"
"20151","02842664",35,0,"1",1300,"D",260,"D",.,"A",130,"D",0,"D",.,"A",.,"A",1040,"D",0,"D",.,"A",.,"A",.,"A",.,"A"
"20151","02842694",15,0,"1",1300,"D",195,"D",.,"A",1300,"D",0,"D",.,"A",.,"A",1105,"D",0,"D",.,"A",.,"A",.,"A",.,"A"
"20151","02842704",34,0,"1",650,"D",390,"D",.,"A",130,"D",0,"D",.,"A",.,"A",260,"D",0,"D",.,"A",.,"A",.,"A",.,"A"
"20151","02842724",30,0,"1",1950,"D",130,"D",.,"A",351,"D",0,"D",.,"A",.,"A",1820,"D",0,"D",.,"A",.,"A",.,"A",.,"A"
"20151","02842734",42,0,"1",455,"D",0,"D",.,"A",650,"D",120,"D",.,"A",.,"A",455,"D",0,"D",.,"A",.,"A",.,"A",.,"A"
"20151","02842794",40,0,"1",1755,"D",65,"D",.,"A",0,"D",0,"D",.,"A",.,"A",1690,"D",6,"D",.,"A",.,"A",.,"A",.,"A"
"20151","02842804",26,0,"1",1430,"D",260,"D",520,"D",0,"D",0,"D",.,"A",.,"A",1170,"D",0,"D",.,"A",.,"A",.,"A",.,"A"
"20151","02842824",27,0,"1",650,"D",221,"F",.,"A",0,"D",0,"D",.,"A",.,"A",753,"F",0,"D",.,"A",.,"A",.,"A",.,"A"
"20151","02842844",30,0,"1",1560,"D",260,"D",.,"A",260,"D",0,"D",.,"A",.,"A",1300,"D",0,"D",.,"A",.,"A",.,"A",.,"A"
"20151","02842854",49,0,"1",1625,"D",195,"D",390,"D",0,"D",0,"D",.,"A",.,"A",1430,"D",225,"D",.,"A",.,"A",.,"A",.,"A"
"20151","02842924",26,0,"1",1560,"D",260,"D",327,"F",763,"F",85,"F",.,"A",.,"A",1300,"D",150,"D",.,"A",.,"A",.,"A",.,"A"
"20151","02843004",38,0,"1",1300,"D",195,"D",.,"A",0,"D",0,"D",.,"A",.,"A",1105,"D",0,"D",.,"A",.,"A",.,"A",.,"A"
"20151","02843025",21,0,"1",4550,"D",325,"D",.,"A",130,"D",0,"D",.,"A",.,"A",4225,"D",0,"D",.,"A",.,"A",.,"A",.,"A"
"20151","02843074",28,0,"1",585,"D",195,"D",.,"A",195,"D",60,"D",.,"A",.,"A",390,"D",90,"D",.,"A",.,"A",.,"A",.,"A"
"20151","02843094",38,0,"1",1300,"D",260,"D",.,"A",1040,"D",0,"D",.,"A",.,"A",1040,"D",0,"D",20,"D",260,"D",390,"D",30,"D"
"20151","02843124",36,0,"1",520,"D",0,"D",.,"A",0,"D",0,"D",.,"A",.,"A",520,"D",42,"D",.,"A",.,"A",.,"A",.,"A"
"20151","02843134",15,0,"1",910,"D",130,"D",.,"A",0,"D",0,"D",.,"A",.,"A",780,"D",0,"D",20,"D",260,"D",.,"A",.,"A"
"20151","02843174",26,0,"1",1300,"D",260,"D",.,"A",1300,"D",0,"D",.,"A",.,"A",1040,"D",0,"D",.,"A",.,"A",.,"A",.,"A"
"20151","02843194",17,0,"1",780,"D",65,"D",.,"A",130,"D",0,"D",.,"A",.,"A",715,"D",0,"D",.,"A",.,"A",.,"A",.,"A"
"20151","02843204",43,0,"1",1950,"D",260,"D",104,"D",390,"D",0,"D",.,"A",.,"A",1690,"D",0,"D",.,"A",.,"A",.,"A",.,"A"
"20151","02843264",21,0,"1",2080,"D",390,"D",.,"A",0,"D",0,"D",.,"A",.,"A",1690,"D",0,"D",40,"D",520,"D",.,"A",.,"A"
"20151","02843324",22,0,"1",325,"D",0,"D",.,"A",13,"D",0,"D",.,"A",.,"A",325,"D",0,"D",.,"A",.,"A",.,"A",.,"A"
"20151","02843364",33,0,"1",650,"D",325,"D",65,"D",195,"D",0,"D",.,"A",.,"A",325,"D",150,"D",.,"A",.,"A",.,"A",.,"A"
"20151","02843464",52,0,"1",1625,"D",390,"D",.,"A",780,"D",180,"D",.,"A",.,"A",1235,"D",150,"D",80,"D",1040,"D",.,"A",.,"A"
"20151","02843504",59,0,"1",1950,"D",325,"D",.,"A",1690,"D",525,"D",.,"A",.,"A",1625,"D",750,"D",.,"A",.,"A",.,"A",.,"A"
"20151","02843614",61,0,"1",1560,"D",390,"D",.,"A",780,"D",0,"D",.,"A",.,"A",1170,"D",60,"D",.,"A",.,"A",.,"A",.,"A"
"20151","02843644",53,0,"1",2990,"D",520,"D",.,"A",1950,"D",0,"D",.,"A",.,"A",2470,"D",600,"D",.,"A",.,"A",.,"A",.,"A"
"20151","02843684",18,0,"1",910,"D",260,"D",.,"A",0,"D",0,"D",.,"A",.,"A",650,"D",0,"D",.,"A",.,"A",.,"A",.,"A"
"20151","02843714",22,0,"1",442,"D",0,"D",.,"A",0,"D",0,"D",.,"A",.,"A",442,"D",81,"D",.,"A",.,"A",.,"A",.,"A"
"20151","02843764",31,0,"1",780,"D",130,"D",.,"A",130,"D",0,"D",.,"A",.,"A",650,"D",0,"D",.,"A",.,"A",.,"A",.,"A"
"20151","02843794",18,0,"1",1040,"D",130,"D",.,"A",650,"D",0,"D",.,"A",.,"A",910,"D",0,"D",.,"A",.,"A",.,"A",.,"A"
"20151","02843814",21,0,"1",715,"D",130,"D",.,"A",65,"D",6,"D",.,"A",.,"A",585,"D",6,"D",6,"D",78,"D",.,"A",.,"A"
"20151","02843914",26,0,"1",2340,"D",325,"D",.,"A",1300,"D",0,"D",.,"A",.,"A",2015,"D",0,"D",.,"A",.,"A",.,"A",.,"A"
"20151","02843924",40,0,"1",1300,"D",130,"D",.,"A",780,"D",75,"D",.,"A",.,"A",1170,"D",150,"D",65,"D",845,"D",.,"A",.,"A"
"20151","02843944",126,0,"1",1950,"D",390,"D",.,"A",286,"D",0,"D",.,"A",.,"A",1560,"D",0,"D",.,"A",.,"A",.,"A",.,"A"
"20151","02843974",31,0,"1",1040,"D",520,"D",.,"A",260,"D",6,"D",.,"A",.,"A",520,"D",6,"D",.,"A",.,"A",.,"A",.,"A"
"20151","02844014",36,0,"1",650,"D",0,"D",.,"A",0,"D",0,"D",.,"A",.,"A",650,"D",0,"D",.,"A",.,"A",.,"A",.,"A"
"20151","02844074",26,0,"1",1300,"D",0,"D",.,"A",26,"D",0,"D",.,"A",.,"A",1300,"D",0,"D",.,"A",.,"A",.,"A",.,"A"
"20151","02844084",23,0,"1",2080,"D",390,"D",.,"A",0,"D",0,"D",.,"A",.,"A",1690,"D",0,"D",.,"A",.,"A",.,"A",.,"A"
"20151","02844104",30,0,"1",325,"D",26,"D",.,"A",0,"D",0,"D",.,"A",.,"A",299,"D",0,"D",.,"A",.,"A",.,"A",.,"A"
"20151","02844134",37,0,"1",3250,"D",325,"D",.,"A",780,"D",0,"D",.,"A",250,"D",2925,"D",210,"D",.,"A",.,"A",.,"A",.,"A"
"20151","02844144",29,0,"1",1950,"D",260,"D",.,"A",520,"D",0,"D",.,"A",.,"A",1690,"D",0,"D",20,"D",260,"D",.,"A",.,"A"
"20151","02844154",34,0,"1",2600,"D",325,"D",.,"A",520,"D",0,"D",.,"A",.,"A",2275,"D",45,"D",.,"A",.,"A",.,"A",.,"A"
"20151","02844164",29,0,"1",2600,"D",260,"D",.,"A",650,"D",0,"D",.,"A",.,"A",2340,"D",300,"D",.,"A",.,"A",.,"A",.,"A"
"20151","02844174",23,0,"1",1300,"D",325,"D",.,"A",39,"D",0,"D",.,"A",.,"A",975,"D",0,"D",.,"A",.,"A",.,"A",.,"A"
"20151","02844184",65,0,"1",1300,"D",214,"F",325,"D",2275,"D",0,"D",.,"A",.,"A",694,"F",0,"D",.,"A",.,"A",.,"A",.,"A"
"20151","02844194",46,0,"1",1040,"D",189,"F",.,"A",325,"D",60,"D",.,"A",.,"A",704,"F",120,"D",.,"A",.,"A",.,"A",.,"A"
"20151","02844214",33,0,"1",1300,"D",0,"D",.,"A",260,"D",0,"D",.,"A",.,"A",1300,"D",0,"D",.,"A",.,"A",.,"A",.,"A"
"20151","02844224",17,0,"1",1729,"D",585,"D",.,"A",0,"D",0,"D",.,"A",.,"A",1144,"D",99,"F",15,"D",195,"D",.,"A",.,"A"
"20151","02844274",59,0,"1",585,"D",26,"D",.,"A",65,"D",0,"D",.,"A",.,"A",559,"D",0,"D",.,"A",.,"A",.,"A",.,"A"
"20151","02844324",50,0,"1",1690,"D",390,"D",325,"D",455,"D",0,"D",.,"A",.,"A",1300,"D",45,"D",.,"A",.,"A",.,"A",.,"A"
"20151","02844334",41,0,"1",1560,"D",260,"D",.,"A",195,"D",30,"D",.,"A",.,"A",1300,"D",90,"D",.,"A",.,"A",.,"A",.,"A"
"20151","02844344",35,0,"1",1300,"D",0,"D",.,"A",650,"D",0,"D",.,"A",.,"A",1300,"D",0,"D",.,"A",.,"A",.,"A",.,"A"
"20151","02844354",87,0,"1",1300,"D",0,"D",.,"A",650,"D",0,"D",.,"A",.,"A",1300,"D",0,"D",.,"A",.,"A",.,"A",.,"A"
"20151","02844364",19,0,"1",975,"D",0,"D",.,"A",0,"D",0,"D",.,"A",.,"A",975,"D",0,"D",.,"A",.,"A",.,"A",.,"A"
"20151","02844374",22,0,"1",910,"D",130,"D",.,"A",325,"D",0,"D",.,"A",.,"A",780,"D",120,"D",.,"A",.,"A",.,"A",.,"A"
"20151","02844394",13,0,"1",650,"D",65,"D",.,"A",0,"D",0,"D",.,"A",.,"A",585,"D",0,"D",.,"A",.,"A",.,"A",.,"A"
"20151","02844404",57,0,"1",3250,"D",650,"D",.,"A",1300,"D",150,"D",.,"A",.,"A",2600,"D",225,"D",.,"A",.,"A",.,"A",.,"A"
"20151","02844454",55,0,"1",2600,"D",650,"D",.,"A",1950,"D",30,"D",.,"A",360,"D",1950,"D",30,"D",.,"A",.,"A",130,"D",10,"D"
"20151","02844524",30,0,"1",975,"D",65,"D",.,"A",650,"D",6,"D",.,"A",.,"A",910,"D",6,"D",.,"A",.,"A",.,"A",.,"A"
"20151","02844574",62,0,"1",1950,"D",0,"D",.,"A",780,"D",150,"D",.,"A",.,"A",1950,"D",1020,"D",.,"A",.,"A",.,"A",.,"A"
"20151","02844614",24,0,"1",1300,"D",260,"D",.,"A",0,"D",0,"D",.,"A",.,"A",1040,"D",0,"D",.,"A",.,"A",.,"A",.,"A"
"20151","02844644",31,0,"1",1300,"D",260,"D",.,"A",455,"D",45,"D",20,"D",.,"A",1040,"D",75,"D",.,"A",.,"A",130,"D",10,"D"
"20151","02844654",29,0,"1",1625,"D",130,"D",.,"A",0,"D",0,"D",.,"A",.,"A",1495,"D",0,"D",.,"A",.,"A",.,"A",.,"A"
"20151","02844664",43,0,"1",1300,"D",520,"D",390,"D",0,"D",0,"D",.,"A",.,"A",780,"D",0,"D",.,"A",.,"A",.,"A",.,"A"
"20151","02844674",46,0,"1",1950,"D",520,"D",390,"D",130,"D",150,"D",.,"A",.,"A",1430,"D",120,"D",.,"A",.,"A",.,"A",.,"A"
"20151","02844714",56,0,"1",1950,"D",650,"D",.,"A",325,"D",0,"D",.,"A",.,"A",1300,"D",105,"D",.,"A",.,"A",.,"A",.,"A"
"20151","02844734",51,0,"1",1690,"D",0,"D",.,"A",390,"D",0,"D",.,"A",.,"A",1690,"D",0,"D",.,"A",.,"A",.,"A",.,"A"
"20151","02844774",48,0,"1",1300,"D",462,"F",.,"A",234,"D",0,"D",.,"A",.,"A",2313,"F",0,"D",.,"A",.,"A",.,"A",.,"A"
"20151","02844824",26,0,"1",1300,"D",130,"D",.,"A",520,"D",0,"D",.,"A",.,"A",1170,"D",0,"D",10,"D",130,"D",.,"A",.,"A"
"20151","02844834",48,0,"1",2600,"D",975,"D",.,"A",1300,"D",0,"D",.,"A",.,"A",1625,"D",0,"D",.,"A",.,"A",.,"A",.,"A"
"20151","02844844",32,0,"1",1950,"D",130,"D",.,"A",0,"D",0,"D",.,"A",.,"A",1820,"D",0,"D",.,"A",.,"A",.,"A",.,"A"
"20151","02844874",15,0,"1",455,"D",65,"D",.,"A",0,"D",30,"D",.,"A",.,"A",390,"D",0,"D",.,"A",.,"A",.,"A",.,"A"
"20151","02844884",16,0,"1",715,"D",65,"D",.,"A",0,"D",0,"D",.,"A",.,"A",650,"D",0,"D",.,"A",.,"A",.,"A",.,"A"
"20151","02844984",15,0,"1",914,"F",.,"A",.,"A",553,"F",0,"D",.,"A",.,"A",753,"F",0,"D",.,"A",.,"A",.,"A",.,"A"
"20151","02845004",82,0,"1",1820,"D",325,"D",.,"A",455,"D",120,"D",.,"A",.,"A",1495,"D",45,"D",.,"A",.,"A",.,"A",.,"A"
"20151","02845034",51,0,"1",1300,"D",325,"D",.,"A",260,"D",0,"D",.,"A",.,"A",975,"D",0,"D",.,"A",.,"A",.,"A",.,"A"
"20151","02845044",40,0,"1",1300,"D",130,"D",.,"A",0,"D",0,"D",.,"A",.,"A",1170,"D",0,"D",.,"A",.,"A",.,"A",.,"A"
"20151","02845054",23,0,"1",845,"D",195,"D",.,"A",1300,"D",0,"D",.,"A",.,"A",650,"D",60,"D",.,"A",.,"A",.,"A",.,"A"
"20151","02845104",64,0,"1",910,"D",325,"D",.,"A",780,"D",0,"D",.,"A",.,"A",585,"D",0,"D",.,"A",.,"A",.,"A",.,"A"
"20151","02845134",111,0,"1",2600,"D",325,"D",.,"A",910,"D",150,"D",.,"A",.,"A",2275,"D",240,"D",.,"A",.,"A",.,"A",.,"A"
"20151","02845154",25,0,"1",650,"D",260,"D",.,"A",455,"D",30,"D",.,"A",.,"A",390,"D",45,"D",.,"A",.,"A",.,"A",.,"A"
"20151","02845194",47,0,"1",975,"D",260,"D",.,"A",156,"D",0,"D",.,"A",.,"A",715,"D",0,"D",.,"A",.,"A",.,"A",.,"A"
"20151","02845204",23,0,"1",1950,"D",520,"D",.,"A",780,"D",0,"D",.,"A",.,"A",1430,"D",0,"D",.,"A",.,"A",.,"A",.,"A"
"20151","02845224",52,0,"1",2340,"D",130,"D",.,"A",130,"D",0,"D",.,"A",.,"A",2210,"D",0,"D",.,"A",.,"A",.,"A",.,"A"
"20151","02845304",32,0,"1",780,"D",65,"D",.,"A",0,"D",6,"D",.,"A",.,"A",715,"D",6,"D",.,"A",.,"A",.,"A",.,"A"
"20151","02845324",55,0,"1",1300,"D",325,"D",.,"A",1300,"D",0,"D",.,"A",195,"D",975,"D",0,"D",.,"A",.,"A",.,"A",.,"A"
"20151","02845374",54,0,"1",1950,"D",1300,"D",.,"A",260,"D",0,"D",.,"A",.,"A",650,"D",45,"D",30,"D",390,"D",.,"A",.,"A"
"20151","02845404",29,0,"1",1300,"D",130,"D",.,"A",650,"D",0,"D",.,"A",108,"D",1170,"D",0,"D",.,"A",.,"A",.,"A",.,"A"
"20151","02845424",32,0,"1",780,"D",130,"D",.,"A",325,"D",0,"D",.,"A",.,"A",650,"D",0,"D",.,"A",.,"A",.,"A",.,"A"
"20151","02845454",42,0,"1",1560,"D",260,"D",650,"D",1040,"D",0,"D",.,"A",.,"A",1300,"D",0,"D",.,"A",.,"A",.,"A",.,"A"
"20151","02845474",26,0,"1",2080,"D",195,"D",.,"A",260,"D",0,"D",.,"A",.,"A",1885,"D",195,"D",.,"A",.,"A",.,"A",.,"A"
"20151","02845494",63,0,"1",390,"D",130,"D",39,"D",2275,"D",6,"D",.,"A",.,"A",260,"D",6,"D",.,"A",.,"A",.,"A",.,"A"
"20151","02845574",53,0,"1",650,"D",390,"D",.,"A",780,"D",60,"D",.,"A",.,"A",260,"D",0,"D",.,"A",.,"A",.,"A",.,"A"
"20151","02845604",57,0,"1",1950,"D",325,"D",390,"D",1300,"D",75,"D",.,"A",.,"A",1625,"D",120,"D",20,"D",260,"D",.,"A",.,"A"
"20151","02845624",30,0,"1",780,"D",130,"D",.,"A",130,"D",0,"D",.,"A",.,"A",650,"D",120,"D",15,"D",195,"D",.,"A",.,"A"
"20151","02845634",27,0,"1",1625,"D",390,"D",.,"A",650,"D",0,"D",.,"A",.,"A",1235,"D",0,"D",.,"A",.,"A",.,"A",.,"A"
"20151","02845644",21,0,"1",1820,"D",780,"D",26,"D",260,"D",0,"D",.,"A",.,"A",1040,"D",45,"D",.,"A",.,"A",104,"D",8,"D"
"20151","02845654",14,0,"1",520,"D",65,"D",.,"A",0,"D",0,"D",.,"A",.,"A",455,"D",60,"D",.,"A",.,"A",.,"A",.,"A"
"20151","02845674",34,0,"1",1950,"D",260,"D",.,"A",0,"D",0,"D",.,"A",.,"A",1690,"D",300,"D",.,"A",.,"A",.,"A",.,"A"
"20151","02845734",64,0,"1",2600,"D",0,"D",1300,"D",650,"D",0,"D",.,"A",.,"A",2600,"D",150,"D",.,"A",.,"A",.,"A",.,"A"
"20151","02845764",38,0,"1",2137,"F",.,"A",.,"A",733,"F",85,"F",.,"A",.,"A",1823,"F",119,"F",.,"A",.,"A",.,"A",.,"A"
"20151","02845794",12,0,"1",325,"D",65,"D",.,"A",0,"D",0,"D",.,"A",.,"A",260,"D",15,"D",.,"A",.,"A",.,"A",.,"A"
"20151","02845824",10,0,"1",650,"D",65,"D",260,"D",0,"D",0,"D",.,"A",.,"A",585,"D",120,"D",50,"D",650,"D",.,"A",.,"A"
"20151","02845874",40,0,"1",650,"D",441,"F",.,"A",195,"D",0,"D",.,"A",.,"A",1613,"F",0,"D",45,"D",585,"D",.,"A",.,"A"
"20151","02845894",6,0,"1",0,"D",.,"A",650,"D",650,"D",0,"D",.,"A",.,"A",0,"D",0,"D",.,"A",.,"A",.,"A",.,"A"
"20151","02845994",75,0,"1",1820,"D",520,"D",130,"D",780,"D",0,"D",.,"A",.,"A",1300,"D",0,"D",.,"A",.,"A",.,"A",.,"A"
"20151","02846004",30,0,"1",1300,"D",0,"D",.,"A",650,"D",0,"D",.,"A",.,"A",1300,"D",0,"D",20,"D",260,"D",.,"A",.,"A"
"20151","02846014",41,0,"1",1820,"D",130,"D",130,"D",715,"D",450,"D",.,"A",.,"A",1690,"D",60,"D",.,"A",.,"A",.,"A",.,"A"
"20151","02846054",65,0,"1",1300,"D",0,"D",.,"A",1300,"D",60,"D",.,"A",72,"D",1300,"D",0,"D",.,"A",.,"A",.,"A",.,"A"
"20151","02846084",53,0,"1",2600,"D",390,"D",.,"A",520,"D",0,"D",.,"A",.,"A",2210,"D",75,"D",.,"A",.,"A",.,"A",.,"A"
"20151","02846164",41,0,"1",650,"D",65,"D",.,"A",520,"D",90,"D",.,"A",.,"A",585,"D",24,"D",.,"A",.,"A",.,"A",.,"A"
"20151","02846174",34,0,"1",1560,"D",260,"D",.,"A",260,"D",0,"D",.,"A",.,"A",1300,"D",0,"D",.,"A",.,"A",.,"A",.,"A"
"20151","02846254",29,0,"1",1040,"D",195,"D",.,"A",390,"D",120,"D",.,"A",.,"A",845,"D",150,"D",.,"A",.,"A",.,"A",.,"A"
"20151","02846264",84,0,"1",2600,"D",390,"D",.,"A",650,"D",0,"D",.,"A",.,"A",2210,"D",15,"D",.,"A",.,"A",.,"A",.,"A"
"20151","02846294",51,0,"1",3900,"D",520,"D",.,"A",1560,"D",90,"D",.,"A",.,"A",3380,"D",90,"D",.,"A",.,"A",.,"A",.,"A"
"20151","02846334",29,0,"1",2600,"D",650,"D",.,"A",975,"D",0,"D",.,"A",.,"A",1950,"D",600,"D",.,"A",.,"A",.,"A",.,"A"
"20151","02846354",42,0,"1",1300,"D",390,"D",.,"A",390,"D",6,"D",.,"A",.,"A",910,"D",0,"D",.,"A",.,"A",.,"A",.,"A"
"20151","02846394",12,0,"1",650,"D",0,"D",.,"A",0,"D",0,"D",.,"A",.,"A",650,"D",0,"D",.,"A",.,"A",.,"A",.,"A"
"20151","02846414",46,0,"1",1950,"D",520,"D",.,"A",0,"D",0,"D",.,"A",.,"A",1430,"D",0,"D",.,"A",.,"A",.,"A",.,"A"
"20151","02846454",37,0,"1",1625,"D",0,"D",.,"A",744,"F",0,"D",.,"A",.,"A",1625,"D",150,"D",.,"A",.,"A",.,"A",.,"A"
"20151","02846474",27,0,"1",1170,"D",260,"D",.,"A",1820,"D",0,"D",.,"A",.,"A",910,"D",0,"D",.,"A",.,"A",.,"A",.,"A"
"20151","02846494",43,0,"1",1625,"D",195,"D",260,"D",520,"D",0,"D",.,"A",.,"A",1430,"D",60,"D",.,"A",.,"A",.,"A",.,"A"
"20151","02846504",14,0,"1",650,"D",0,"D",.,"A",325,"D",0,"D",.,"A",.,"A",650,"D",0,"D",.,"A",.,"A",.,"A",.,"A"
"20151","02846524",32,0,"1",1300,"D",130,"D",.,"A",520,"D",60,"D",.,"A",.,"A",1170,"D",60,"D",.,"A",.,"A",.,"A",.,"A"
"20151","02846544",44,0,"1",1300,"D",65,"D",.,"A",780,"D",0,"D",.,"A",.,"A",1235,"D",0,"D",.,"A",.,"A",.,"A",.,"A"
"20151","02846594",18,0,"1",260,"D",0,"D",1040,"D",520,"D",0,"D",.,"A",.,"A",260,"D",0,"D",.,"A",.,"A",.,"A",.,"A"
"20151","02846614",35,0,"1",975,"D",130,"D",.,"A",65,"D",0,"D",.,"A",23,"D",845,"D",0,"D",12,"D",156,"D",.,"A",.,"A"
"20151","02846684",37,0,"1",1950,"D",0,"D",.,"A",650,"D",0,"D",.,"A",.,"A",1950,"D",0,"D",.,"A",.,"A",.,"A",.,"A"
"20151","02846734",27,0,"1",650,"D",195,"D",130,"D",130,"D",15,"D",.,"A",.,"A",455,"D",45,"D",15,"D",195,"D",.,"A",.,"A"
"20151","02846794",34,0,"1",1300,"D",195,"D",390,"D",650,"D",120,"D",.,"A",.,"A",1105,"D",180,"D",.,"A",.,"A",.,"A",.,"A"
"20151","02846844",23,0,"1",1560,"D",390,"D",.,"A",0,"D",0,"D",.,"A",.,"A",1170,"D",0,"D",15,"D",195,"D",.,"A",.,"A"
"20151","02846894",50,0,"1",3900,"D",325,"D",.,"A",975,"D",0,"D",.,"A",199,"F",3575,"D",0,"D",.,"A",.,"A",.,"A",.,"A"
"20151","02846904",45,0,"1",650,"D",0,"D",.,"A",910,"D",0,"D",.,"A",.,"A",650,"D",300,"D",.,"A",.,"A",.,"A",.,"A"
"20151","02846914",20,0,"1",1040,"D",130,"D",.,"A",260,"D",0,"D",.,"A",.,"A",910,"D",0,"D",.,"A",.,"A",.,"A",.,"A"
"20151","02846934",20,0,"1",260,"D",280,"F",.,"A",325,"D",0,"D",.,"A",.,"A",1094,"F",0,"D",.,"A",.,"A",.,"A",.,"A"
"20151","02847014",55,0,"1",1300,"D",195,"D",.,"A",260,"D",0,"D",.,"A",.,"A",1105,"D",30,"D",.,"A",.,"A",.,"A",.,"A"
"20151","02847054",28,0,"1",1690,"D",455,"D",.,"A",390,"D",0,"D",.,"A",.,"A",1235,"D",0,"D",6,"D",78,"D",.,"A",.,"A"
"20151","02847094",18,0,"1",1267,"F",.,"A",.,"A",427,"F",94,"F",.,"A",.,"A",1021,"F",165,"F",.,"A",.,"A",.,"A",.,"A"
"20151","02847104",21,0,"1",325,"D",169,"D",.,"A",0,"D",0,"D",.,"A",.,"A",156,"D",0,"D",35,"D",455,"D",.,"A",.,"A"
"20151","02847134",105,0,"1",3211,"D",1040,"D",130,"D",195,"D",60,"D",.,"A",2,"D",2171,"D",45,"D",.,"A",.,"A",.,"A",.,"A"
"20151","02847225",23,0,"1",780,"D",390,"D",.,"A",520,"D",0,"D",.,"A",.,"A",390,"D",0,"D",.,"A",.,"A",.,"A",.,"A"
"20151","02847234",17,0,"1",260,"D",260,"D",.,"A",0,"D",0,"D",.,"A",.,"A",0,"D",0,"D",.,"A",.,"A",.,"A",.,"A"
"20151","02847284",24,0,"1",650,"D",0,"D",.,"A",325,"D",0,"D",.,"A",.,"A",650,"D",0,"D",.,"A",.,"A",.,"A",.,"A"
"20151","02867224",40,0,"1",1040,"D",195,"D",260,"D",4550,"D",300,"D",.,"A",.,"A",845,"D",300,"D",.,"A",.,"A",.,"A",.,"A"
"20151","02867264",20,0,"1",1950,"D",650,"D",.,"A",26,"D",6,"D",.,"A",.,"A",1300,"D",150,"D",100,"D",1300,"D",2600,"D",200,"D"
"20151","02867304",13,0,"1",1950,"D",325,"D",.,"A",0,"D",0,"D",.,"A",.,"A",1625,"D",0,"D",.,"A",.,"A",.,"A",.,"A"
"20151","02867354",21,0,"1",1105,"D",260,"D",.,"A",650,"D",75,"D",.,"A",.,"A",845,"D",225,"D",.,"A",.,"A",.,"A",.,"A"
"20151","02867424",28,0,"1",650,"D",130,"D",195,"D",325,"D",0,"D",.,"A",480,"D",520,"D",30,"D",.,"C",353,"F",.,"A",.,"A"
"20151","02867484",37,0,"1",1560,"D",455,"D",.,"A",390,"D",0,"D",.,"A",.,"A",1105,"D",0,"D",.,"A",.,"A",.,"A",.,"A"
"20151","02867504",25,0,"1",650,"D",156,"D",.,"A",260,"D",0,"D",.,"A",10,"D",494,"D",0,"D",.,"A",.,"A",.,"A",.,"A"
"20151","02867534",26,0,"1",1690,"D",650,"D",390,"D",260,"D",0,"D",.,"A",.,"A",1040,"D",60,"D",.,"A",.,"A",.,"A",.,"A"
"20151","02867574",73,0,"1",5200,"D",0,"D",260,"D",0,"D",6,"D",.,"A",.,"A",5200,"D",6,"D",20,"D",260,"D",.,"A",.,"A"
"20151","02867604",35,0,"1",1820,"D",195,"D",.,"A",325,"D",0,"D",.,"A",48,"D",1625,"D",312,"D",.,"A",.,"A",.,"A",.,"A"
"20151","02867624",14,0,"1",520,"D",0,"D",.,"A",130,"D",0,"D",.,"A",.,"A",520,"D",0,"D",.,"A",.,"A",.,"A",.,"A"
"20151","02867644",35,0,"1",3900,"D",1300,"D",.,"A",780,"D",0,"D",.,"A",585,"D",2600,"D",75,"D",.,"A",.,"A",130,"D",10,"D"
"20151","02867664",22,0,"1",520,"D",130,"D",.,"A",325,"D",0,"D",.,"A",.,"A",390,"D",0,"D",.,"A",.,"A",.,"A",.,"A"
"20151","02867694",25,0,"1",1950,"D",390,"D",.,"A",0,"D",0,"D",.,"A",.,"A",1560,"D",0,"D",.,"A",.,"A",.,"A",.,"A"
"20151","02867704",50,0,"1",1690,"D",650,"D",.,"A",780,"D",75,"D",.,"A",.,"A",1040,"D",15,"D",18,"D",234,"D",.,"A",.,"A"
"20151","02867754",59,0,"1",845,"D",0,"D",.,"A",585,"D",0,"D",.,"A",.,"A",845,"D",0,"D",.,"A",.,"A",.,"A",.,"A"
"20151","02867784",19,0,"1",975,"D",195,"D",.,"A",260,"D",0,"D",.,"A",.,"A",780,"D",0,"D",6,"D",78,"D",.,"A",.,"A"
"20151","02867794",14,0,"1",1430,"D",260,"D",.,"A",0,"D",0,"D",.,"A",.,"A",1170,"D",0,"D",.,"A",.,"A",.,"A",.,"A"
"20151","02867804",26,0,"1",1560,"D",260,"D",.,"A",780,"D",0,"D",.,"A",.,"A",1300,"D",0,"D",.,"A",.,"A",.,"A",.,"A"
"20151","02867824",51,0,"1",2600,"D",130,"D",.,"A",1300,"D",0,"D",.,"A",.,"A",2470,"D",360,"D",.,"A",.,"A",.,"A",.,"A"
"20151","02867844",60,0,"1",2600,"D",390,"D",.,"A",780,"D",150,"D",.,"A",.,"A",2210,"D",150,"D",65,"D",845,"D",.,"A",.,"A"
"20151","02867854",63,0,"1",1040,"D",0,"D",.,"A",975,"D",0,"D",.,"A",.,"A",1040,"D",0,"D",.,"A",.,"A",.,"A",.,"A"
"20151","02867894",20,0,"1",455,"D",130,"D",.,"A",520,"D",0,"D",.,"A",.,"A",325,"D",60,"D",.,"A",.,"A",.,"A",.,"A"
"20151","02867924",34,0,"1",1950,"D",260,"D",.,"A",0,"D",0,"D",.,"A",120,"D",1690,"D",0,"D",.,"A",.,"A",.,"A",.,"A"
"20151","02867934",66,0,"1",1300,"D",325,"D",.,"A",650,"D",150,"D",.,"A",.,"A",975,"D",0,"D",.,"A",.,"A",.,"A",.,"A"
"20151","02867964",70,0,"1",3237,"D",286,"D",.,"A",221,"D",15,"D",.,"A",.,"A",2951,"D",144,"D",.,"A",.,"A",.,"A",.,"A"
"20151","02867974",24,0,"1",5200,"D",780,"D",.,"A",130,"D",0,"D",.,"A",.,"A",4420,"D",0,"D",.,"A",.,"A",.,"A",.,"A"
"20151","02867984",36,0,"1",1950,"D",325,"D",130,"D",1300,"D",0,"D",.,"A",.,"A",1625,"D",0,"D",.,"A",.,"A",.,"A",.,"A"
"20151","02867994",32,0,"1",650,"D",130,"D",.,"A",260,"D",60,"D",.,"A",.,"A",520,"D",60,"D",.,"A",.,"A",.,"A",.,"A"
"20151","02868034",31,0,"1",1300,"D",130,"D",.,"A",520,"D",0,"D",.,"A",.,"A",1170,"D",0,"D",.,"A",.,"A",.,"A",.,"A"
"20151","02868064",44,0,"1",1950,"D",370,"F",.,"A",390,"D",0,"D",.,"A",.,"A",1479,"F",0,"D",.,"A",.,"A",.,"A",.,"A"
"20151","02868084",51,0,"1",910,"D",130,"D",.,"A",1300,"D",0,"D",.,"A",.,"A",780,"D",0,"D",.,"A",.,"A",.,"A",.,"A"
"20151","02868104",28,0,"1",1300,"D",390,"D",.,"A",0,"D",0,"D",.,"A",.,"A",910,"D",0,"D",43,"D",559,"D",.,"A",.,"A"
"20151","02868144",33,0,"1",780,"D",195,"D",325,"D",520,"D",0,"D",.,"A",.,"A",585,"D",0,"D",25,"D",325,"D",.,"A",.,"A"
"20151","02868184",36,0,"1",2600,"D",260,"D",.,"A",0,"D",0,"D",.,"A",.,"A",2340,"D",0,"D",75,"D",975,"D",.,"A",.,"A"
"20151","02868324",52,0,"1",4550,"D",1300,"D",.,"A",390,"D",0,"D",.,"A",.,"A",3250,"D",60,"D",10,"D",130,"D",.,"A",.,"A"
"20151","02868374",16,0,"1",260,"D",0,"D",.,"A",130,"D",150,"D",.,"A",.,"A",260,"D",150,"D",.,"A",.,"A",.,"A",.,"A"
"20151","02868414",29,0,"1",780,"D",260,"D",260,"D",260,"D",0,"D",.,"A",.,"A",520,"D",0,"D",.,"A",.,"A",.,"A",.,"A"
"20151","02868424",18,0,"1",780,"D",0,"D",.,"A",0,"D",0,"D",.,"A",.,"A",780,"D",0,"D",12,"D",156,"D",.,"A",.,"A"
"20151","02868484",18,0,"1",325,"D",26,"D",260,"D",0,"D",0,"D",.,"A",.,"A",299,"D",0,"D",.,"A",.,"A",.,"A",.,"A"
"20151","02868514",34,0,"1",1560,"D",0,"D",.,"A",0,"D",0,"D",.,"A",288,"D",1560,"D",0,"D",.,"A",.,"A",.,"A",.,"A"
"20151","02868524",26,0,"1",2340,"D",130,"D",.,"A",0,"D",6,"D",.,"A",.,"A",2210,"D",6,"D",.,"A",.,"A",.,"A",.,"A"
"20151","02868594",41,0,"1",1300,"D",130,"D",.,"A",325,"D",0,"D",.,"A",.,"A",1170,"D",75,"D",.,"A",.,"A",.,"A",.,"A"
"20151","02868684",58,0,"1",975,"D",0,"D",.,"A",650,"D",0,"D",.,"A",.,"A",975,"D",0,"D",.,"A",.,"A",.,"A",.,"A"
"20151","02868714",46,0,"1",1625,"D",520,"D",390,"D",1950,"D",300,"D",.,"A",.,"A",1105,"D",105,"D",.,"A",.,"A",.,"A",.,"A"
"20151","02868794",40,0,"1",1560,"D",195,"D",.,"A",780,"D",0,"D",.,"A",.,"A",1365,"D",600,"D",.,"A",.,"A",.,"A",.,"A"
"20151","02868834",58,0,"1",1625,"D",325,"D",325,"D",1430,"D",300,"D",.,"A",.,"A",1300,"D",120,"D",.,"A",.,"A",.,"A",.,"A"
"20151","02868844",14,0,"1",845,"D",130,"D",.,"A",195,"D",0,"D",.,"A",.,"A",715,"D",72,"D",.,"A",.,"A",.,"A",.,"A"
"20151","02868864",51,0,"1",2600,"D",520,"D",.,"A",780,"D",150,"D",.,"A",30,"D",2080,"D",240,"D",.,"A",.,"A",.,"A",.,"A"
"20151","02868884",30,0,"1",1300,"D",0,"D",.,"A",0,"D",0,"D",.,"A",.,"A",1300,"D",0,"D",.,"A",.,"A",.,"A",.,"A"
"20151","02868894",29,0,"1",1300,"D",390,"D",.,"A",1300,"D",6,"D",.,"A",.,"A",910,"D",6,"D",.,"A",.,"A",.,"A",.,"A"
"20151","02868944",40,0,"1",3900,"D",650,"D",.,"A",650,"D",0,"D",.,"A",.,"A",3250,"D",300,"D",.,"A",.,"A",.,"A",.,"A"
"20151","02868954",9,0,"1",910,"D",65,"D",.,"A",910,"D",0,"D",.,"A",.,"A",845,"D",0,"D",.,"A",.,"A",.,"A",.,"A"
"20151","02868994",45,0,"1",780,"D",156,"D",520,"D",650,"D",6,"D",.,"A",.,"A",624,"D",6,"D",.,"A",.,"A",.,"A",.,"A"
"20151","02869014",12,0,"1",1950,"D",260,"D",.,"A",0,"D",0,"D",.,"A",.,"A",1690,"D",0,"D",.,"A",.,"A",.,"A",.,"A"
"20151","02869084",29,0,"1",2600,"D",455,"D",650,"D",325,"D",6,"D",.,"A",.,"A",2145,"D",6,"D",.,"A",.,"A",.,"A",.,"A"
"20151","02869134",20,0,"1",1560,"D",260,"D",.,"A",520,"D",0,"D",.,"A",.,"A",1300,"D",0,"D",.,"A",.,"A",.,"A",.,"A"
"20151","02869144",14,0,"1",1365,"D",325,"D",.,"A",0,"D",0,"D",.,"A",.,"A",1040,"D",0,"D",.,"A",.,"A",.,"A",.,"A"
"20151","02869264",85,0,"1",4550,"D",650,"D",975,"D",650,"D",0,"D",.,"A",24,"D",3900,"D",0,"D",.,"A",.,"A",.,"A",.,"A"
"20151","02869274",10,0,"1",780,"D",130,"D",.,"A",0,"D",0,"D",.,"A",.,"A",650,"D",0,"D",.,"A",.,"A",.,"A",.,"A"
"20151","02869284",43,0,"1",1950,"D",455,"D",.,"A",1040,"D",0,"D",189,"D",425,"D",1495,"D",90,"D",35,"D",455,"D",.,"A",.,"A"
"20151","02869294",25,0,"1",2106,"D",728,"D",.,"A",195,"D",0,"D",.,"A",.,"A",1378,"D",30,"D",.,"A",.,"A",.,"A",.,"A"
"20151","02869374",57,0,"1",2600,"D",325,"D",.,"A",520,"D",0,"D",.,"A",.,"A",2275,"D",0,"D",45,"D",585,"D",.,"A",.,"A"
"20151","02869384",16,0,"1",1625,"D",390,"D",.,"A",1300,"D",300,"D",.,"A",.,"A",1235,"D",210,"D",.,"A",.,"A",.,"A",.,"A"
"20151","02869474",31,0,"1",1300,"D",260,"D",.,"A",390,"D",0,"D",.,"A",.,"A",1040,"D",0,"D",.,"A",.,"A",.,"A",.,"A"
"20151","02869484",68,0,"1",1300,"D",390,"D",.,"A",130,"D",0,"D",.,"A",.,"A",910,"D",900,"D",.,"A",.,"A",.,"A",.,"A"
"20151","02869544",39,0,"1",975,"D",130,"D",.,"A",650,"D",0,"D",.,"A",.,"A",845,"D",0,"D",.,"A",.,"A",.,"A",.,"A"
"20151","02869574",15,0,"1",650,"D",130,"D",.,"A",39,"D",0,"D",.,"A",.,"A",520,"D",0,"D",20,"D",260,"D",.,"A",.,"A"
"20151","02869585",46,0,"1",1300,"D",325,"D",325,"D",650,"D",150,"D",.,"A",.,"A",975,"D",150,"D",.,"A",.,"A",195,"D",15,"D"
"20151","02869604",18,0,"1",1300,"D",65,"D",.,"A",0,"D",0,"D",.,"A",.,"A",1235,"D",0,"D",8,"D",104,"D",.,"A",.,"A"
"20151","02869634",44,0,"1",1040,"D",195,"D",.,"A",0,"D",0,"D",.,"A",.,"A",845,"D",0,"D",.,"A",.,"A",.,"A",.,"A"
"20151","02869684",68,0,"1",3172,"D",260,"D",.,"A",767,"D",0,"D",.,"A",.,"A",2912,"D",158,"F",.,"A",.,"A",.,"A",.,"A"
"20151","02869714",34,0,"1",1560,"D",0,"D",.,"A",0,"D",0,"D",.,"A",.,"A",1560,"D",0,"D",7,"D",91,"D",.,"A",.,"A"
"20151","02869744",14,0,"1",1300,"D",195,"D",.,"A",1300,"D",0,"D",.,"A",.,"A",1105,"D",75,"D",.,"A",.,"A",.,"A",.,"A"
"20151","02869784",58,0,"1",2275,"D",650,"D",65,"D",390,"D",60,"D",.,"A",.,"A",1625,"D",60,"D",.,"A",.,"A",.,"A",.,"A"
"20151","02869814",36,0,"1",1300,"D",260,"D",.,"A",780,"D",0,"D",.,"A",.,"A",1040,"D",0,"D",.,"A",.,"A",260,"D",20,"D"
"20151","02869834",36,0,"1",1599,"D",650,"D",.,"A",0,"D",0,"D",.,"A",.,"A",949,"D",150,"D",50,"D",650,"D",.,"A",.,"A"
"20151","02869874",33,0,"1",2600,"D",650,"D",.,"A",650,"D",0,"D",.,"A",.,"A",1950,"D",0,"D",.,"A",.,"A",.,"A",.,"A"
"20151","02869924",15,0,"1",1560,"D",65,"D",.,"A",1950,"D",6,"D",.,"A",.,"A",1495,"D",6,"D",.,"A",.,"A",.,"A",.,"A"
"20151","02869964",21,0,"1",2080,"D",260,"D",.,"A",195,"D",0,"D",.,"A",.,"A",1820,"D",0,"D",20,"D",260,"D",.,"A",.,"A"
"20151","02869974",44,0,"1",1950,"D",130,"D",.,"A",325,"D",0,"D",.,"A",.,"A",1820,"D",0,"D",.,"A",.,"A",.,"A",.,"A"
"20151","02869994",15,0,"1",1560,"D",130,"D",1040,"D",0,"D",0,"D",.,"A",.,"A",1430,"D",0,"D",40,"D",520,"D",.,"A",.,"A"
"20151","02870014",24,0,"1",1300,"D",650,"D",.,"A",325,"D",6,"D",.,"A",.,"A",650,"D",6,"D",.,"A",.,"A",.,"A",.,"A"
"20151","02870024",30,0,"1",4550,"D",130,"D",.,"A",0,"D",0,"D",.,"A",.,"A",4420,"D",0,"D",.,"A",.,"A",.,"A",.,"A"
"20151","02870044",24,0,"1",1300,"D",325,"D",.,"A",260,"D",0,"D",.,"A",.,"A",975,"D",0,"D",.,"A",.,"A",.,"A",.,"A"
"20151","02870074",17,0,"1",1560,"D",260,"D",.,"A",455,"D",0,"D",.,"A",.,"A",1300,"D",0,"D",.,"A",.,"A",.,"A",.,"A"
"20151","02870094",81,0,"1",1950,"D",520,"D",.,"A",2275,"D",600,"D",.,"A",6,"D",1430,"D",120,"D",.,"A",.,"A",.,"A",.,"A"
"20151","02870124",33,0,"1",650,"D",130,"D",.,"A",1560,"D",60,"D",.,"A",.,"A",520,"D",30,"D",.,"A",.,"A",.,"A",.,"A"
"20151","02870134",28,0,"1",390,"D",184,"F",.,"A",130,"D",24,"D",.,"A",.,"A",637,"F",60,"D",5,"D",65,"D",.,"A",.,"A"
"20151","02870164",26,0,"1",1300,"D",195,"D",.,"A",0,"D",0,"D",.,"A",.,"A",1105,"D",0,"D",.,"A",.,"A",.,"A",.,"A"
"20151","02870214",25,0,"1",260,"D",65,"D",.,"A",390,"D",0,"D",.,"A",.,"A",195,"D",0,"D",.,"A",.,"A",.,"A",.,"A"
"20151","02870234",53,0,"1",3250,"D",390,"D",260,"D",1300,"D",75,"D",.,"A",.,"A",2860,"D",150,"D",.,"A",.,"A",.,"A",.,"A"
"20151","02870244",63,0,"1",1625,"D",195,"D",.,"A",0,"D",0,"D",.,"A",.,"A",1430,"D",30,"D",.,"A",.,"A",.,"A",.,"A"
"20151","02870334",22,0,"1",1950,"D",130,"D",195,"D",325,"D",0,"D",.,"A",.,"A",1820,"D",0,"D",.,"A",.,"A",.,"A",.,"A"
"20151","02870344",49,0,"1",1950,"D",390,"D",.,"A",325,"D",120,"D",.,"A",.,"A",1560,"D",75,"D",.,"A",.,"A",.,"A",.,"A"
"20151","02870364",65,0,"1",1040,"D",130,"D",390,"D",0,"D",0,"D",.,"A",.,"A",910,"D",0,"D",.,"C",655,"F",.,"A",.,"A"
"20151","02870374",65,0,"1",3900,"D",130,"D",.,"A",0,"D",0,"D",.,"A",.,"A",3770,"D",1200,"D",.,"B",467,"F",.,"A",.,"A"
"20151","02870394",49,0,"1",2600,"D",325,"D",.,"A",2600,"D",90,"D",.,"A",360,"D",2275,"D",45,"D",.,"A",.,"A",.,"A",.,"A"
"20151","02870404",41,0,"1",910,"D",260,"D",260,"D",390,"D",90,"D",.,"A",.,"A",650,"D",75,"D",.,"A",.,"A",.,"A",.,"A"
"20151","02870434",64,0,"1",2600,"D",390,"D",.,"A",455,"D",0,"D",.,"A",.,"A",2210,"D",399,"D",5,"D",65,"D",.,"A",.,"A"
"20151","02870464",51,0,"1",2600,"D",520,"D",.,"A",390,"D",0,"D",.,"A",.,"A",2080,"D",0,"D",.,"A",.,"A",.,"A",.,"A"
"20151","02870554",25,0,"1",1300,"D",130,"D",.,"A",780,"D",45,"D",.,"A",.,"A",1170,"D",0,"D",.,"A",.,"A",.,"A",.,"A"
"20151","02870624",50,0,"1",1521,"D",299,"D",325,"D",442,"D",0,"D",.,"A",.,"A",1222,"D",0,"D",.,"A",.,"A",.,"A",.,"A"
"20151","02870654",39,0,"1",1560,"D",325,"D",.,"A",0,"D",0,"D",.,"A",.,"A",1235,"D",0,"D",.,"A",.,"A",.,"A",.,"A"
"20151","02870814",13,0,"1",975,"D",130,"D",.,"A",65,"D",0,"D",.,"A",.,"A",845,"D",0,"D",5,"D",65,"D",.,"A",.,"A"
"20151","02870874",27,0,"1",1755,"D",260,"D",260,"D",1040,"D",0,"D",.,"A",.,"A",1495,"D",0,"D",.,"A",.,"A",.,"A",.,"A"
"20151","02870944",36,0,"1",2600,"D",325,"D",.,"A",260,"D",0,"D",.,"A",.,"A",2275,"D",0,"D",.,"A",.,"A",.,"A",.,"A"
"20151","02870984",17,0,"1",650,"D",130,"D",.,"A",390,"D",6,"D",.,"A",.,"A",520,"D",6,"D",.,"A",.,"A",.,"A",.,"A"
"20151","02870994",35,0,"1",3250,"D",650,"D",.,"A",0,"D",0,"D",328,"F",100,"D",2600,"D",0,"D",.,"A",.,"A",.,"A",.,"A"
"20151","02871004",40,0,"1",1430,"D",325,"D",.,"A",520,"D",0,"D",.,"A",.,"A",1105,"D",0,"D",.,"A",.,"A",.,"A",.,"A"
"20151","02871024",44,0,"1",1495,"D",0,"D",.,"A",325,"D",0,"D",.,"A",.,"A",1495,"D",0,"D",.,"A",.,"A",.,"A",.,"A"
"20151","02871074",50,0,"1",2925,"D",325,"D",650,"D",1365,"D",225,"D",.,"A",.,"A",2600,"D",150,"D",.,"A",.,"A",.,"A",.,"A"
"20151","02871094",25,0,"1",2730,"D",455,"D",.,"A",780,"D",0,"D",.,"A",.,"A",2275,"D",0,"D",.,"A",.,"A",.,"A",.,"A"
"20151","02871114",26,0,"1",390,"D",65,"D",.,"A",390,"D",0,"D",.,"A",.,"A",325,"D",90,"D",.,"A",.,"A",.,"A",.,"A"
"20151","02871124",54,0,"1",1495,"D",91,"D",.,"A",1170,"D",0,"D",.,"A",.,"A",1404,"D",210,"D",.,"A",.,"A",.,"A",.,"A"
"20151","02871154",30,0,"1",2600,"D",130,"D",.,"A",0,"D",0,"D",.,"A",.,"A",2470,"D",45,"D",.,"A",.,"A",.,"A",.,"A"
"20151","02871194",36,0,"1",1560,"D",195,"D",.,"A",260,"D",0,"D",.,"A",.,"A",1365,"D",0,"D",.,"A",.,"A",.,"A",.,"A"
"20151","02871204",30,0,"1",1625,"D",260,"D",.,"A",390,"D",0,"D",.,"A",.,"A",1365,"D",30,"D",7,"D",91,"D",.,"A",.,"A"
"20151","02871214",15,0,"1",1950,"D",348,"F",.,"A",673,"F",66,"F",.,"A",.,"A",1217,"F",122,"F",.,"A",.,"A",.,"A",.,"A"
"20151","02871224",50,0,"1",650,"D",65,"D",260,"D",0,"D",0,"D",.,"A",.,"A",585,"D",6,"D",.,"A",.,"A",.,"A",.,"A"
"20151","02871234",32,0,"1",1300,"D",260,"D",.,"A",390,"D",0,"D",.,"A",.,"A",1040,"D",0,"D",.,"A",.,"A",.,"A",.,"A"
"20151","02871314",19,0,"1",910,"D",130,"D",.,"A",0,"D",0,"D",.,"A",.,"A",780,"D",0,"D",.,"A",.,"A",.,"A",.,"A"
"20151","02871324",47,0,"1",975,"D",260,"D",.,"A",780,"D",0,"D",.,"A",.,"A",715,"D",180,"D",.,"A",.,"A",.,"A",.,"A"
"20151","02871374",14,0,"1",455,"D",0,"D",.,"A",1300,"D",900,"D",328,"F",.,"A",455,"D",300,"D",.,"A",.,"A",650,"D",50,"D"
"20151","02871414",34,0,"1",2470,"D",195,"D",.,"A",650,"D",0,"D",.,"A",.,"A",2275,"D",120,"D",.,"A",.,"A",.,"A",.,"A"
"20151","02871424",11,0,"1",910,"D",65,"D",.,"A",260,"D",0,"D",.,"A",.,"A",845,"D",0,"D",.,"A",.,"A",.,"A",.,"A"
"20151","02871434",18,0,"1",1976,"D",130,"D",.,"A",650,"D",0,"D",.,"A",.,"A",1846,"D",0,"D",15,"D",195,"D",.,"A",.,"A"
"20151","02871454",19,0,"1",325,"D",0,"D",.,"A",1300,"D",0,"D",.,"A",.,"A",325,"D",0,"D",.,"A",.,"A",.,"A",.,"A"
"20151","02871464",43,0,"1",2340,"D",871,"D",.,"A",1430,"D",0,"D",.,"A",.,"A",1469,"D",0,"D",.,"A",.,"A",.,"A",.,"A"
"20151","02871494",17,0,"1",1950,"D",390,"D",.,"A",0,"D",90,"D",.,"A",.,"A",1560,"D",90,"D",.,"A",.,"A",.,"A",.,"A"
"20151","02871534",22,0,"1",910,"D",260,"D",.,"A",3250,"D",0,"D",.,"A",.,"A",650,"D",60,"D",.,"A",.,"A",.,"A",.,"A"
"20151","02871564",41,0,"1",1300,"D",325,"D",.,"A",520,"D",0,"D",.,"A",.,"A",975,"D",0,"D",.,"A",.,"A",.,"A",.,"A"
"20151","02871594",28,0,"1",1300,"D",130,"D",.,"A",260,"D",0,"D",.,"A",.,"A",1170,"D",45,"D",.,"A",.,"A",.,"A",.,"A"
"20151","02871614",28,0,"1",1300,"D",156,"D",.,"A",715,"D",0,"D",.,"A",.,"A",1144,"D",0,"D",.,"A",.,"A",.,"A",.,"A"
"20151","02871754",19,0,"1",3900,"D",1950,"D",.,"A",1300,"D",86,"F",520,"D",.,"A",1950,"D",0,"D",20,"D",260,"D",.,"A",.,"A"
"20151","02871774",58,0,"1",975,"D",395,"F",327,"F",650,"D",85,"F",.,"A",.,"A",1823,"F",119,"F",.,"A",.,"A",.,"A",.,"A"
"20151","02871814",47,0,"1",325,"D",65,"D",.,"A",195,"D",0,"D",.,"A",.,"A",260,"D",0,"D",.,"A",.,"A",.,"A",.,"A"
"20151","02871864",28,0,"1",1040,"D",195,"D",130,"D",0,"D",0,"D",.,"A",.,"A",845,"D",75,"D",.,"A",.,"A",.,"A",.,"A"
"20151","02871894",35,0,"1",780,"D",325,"D",104,"D",117,"D",0,"D",.,"A",.,"A",455,"D",0,"D",.,"A",.,"A",.,"A",.,"A"
"20151","02871994",112,0,"1",4550,"D",975,"D",.,"A",1625,"D",300,"D",.,"A",.,"A",3575,"D",600,"D",.,"A",.,"A",.,"A",.,"A"
"20151","02872024",22,0,"1",780,"D",260,"D",.,"A",0,"D",0,"D",.,"A",.,"A",520,"D",0,"D",.,"A",.,"A",.,"A",.,"A"
"20151","02872164",74,0,"1",3250,"D",650,"D",.,"A",780,"D",9,"D",.,"A",.,"A",2600,"D",0,"D",.,"A",.,"A",.,"A",.,"A"
"20151","02872174",19,0,"1",1820,"D",195,"D",.,"A",390,"D",0,"D",.,"A",.,"A",1625,"D",375,"D",50,"D",650,"D",.,"A",.,"A"
"20151","02872204",23,0,"1",780,"D",130,"D",.,"A",650,"D",30,"D",.,"A",.,"A",650,"D",30,"D",.,"A",.,"A",.,"A",.,"A"
"20151","02872254",52,0,"1",2600,"D",780,"D",.,"A",169,"D",0,"D",.,"A",.,"A",1820,"D",300,"D",.,"A",.,"A",.,"A",.,"A"
"20151","02872344",101,0,"1",3250,"D",650,"D",325,"D",1300,"D",0,"D",.,"A",.,"A",2600,"D",120,"D",.,"A",.,"A",.,"A",.,"A"
"20151","02872364",36,0,"1",2600,"D",0,"D",.,"A",1300,"D",0,"D",.,"A",.,"A",2600,"D",0,"D",.,"A",.,"A",.,"A",.,"A"
"20151","02872404",59,0,"1",2600,"D",286,"D",.,"A",780,"D",0,"D",.,"A",.,"A",2314,"D",0,"D",.,"A",.,"A",.,"A",.,"A"
"20151","02872424",12,0,"1",650,"D",325,"D",.,"A",195,"D",0,"D",.,"A",.,"A",325,"D",0,"D",15,"D",195,"D",.,"A",.,"A"
"20151","02872454",35,0,"1",2275,"D",325,"D",.,"A",260,"D",0,"D",.,"A",.,"A",1950,"D",90,"D",.,"A",.,"A",.,"A",.,"A"
"20151","02872614",36,0,"1",1300,"D",260,"D",650,"D",975,"D",150,"D",.,"A",.,"A",1040,"D",300,"D",.,"A",.,"A",.,"A",.,"A"
"20151","02872654",19,0,"1",1300,"D",91,"D",.,"A",195,"D",0,"D",.,"A",.,"A",1209,"D",198,"D",.,"A",.,"A",.,"A",.,"A"
"20151","02872714",29,0,"1",390,"D",65,"D",.,"A",1560,"D",240,"D",.,"A",.,"A",325,"D",60,"D",.,"A",.,"A",.,"A",.,"A"
"20151","02872744",46,0,"1",390,"D",65,"D",.,"A",0,"D",0,"D",.,"A",.,"A",325,"D",72,"D",.,"A",.,"A",.,"A",.,"A"
"20151","02872784",8,0,"1",650,"D",0,"D",.,"A",156,"D",0,"D",.,"A",.,"A",650,"D",0,"D",.,"A",.,"A",.,"A",.,"A"
"20151","02872804",34,0,"1",1040,"D",130,"D",.,"A",195,"D",0,"D",.,"A",.,"A",910,"D",0,"D",.,"A",.,"A",.,"A",.,"A"
"20151","02872864",21,0,"1",910,"D",195,"D",.,"A",0,"D",0,"D",.,"A",.,"A",715,"D",0,"D",10,"D",130,"D",.,"A",.,"A"
"20151","02872874",30,0,"1",1040,"D",0,"D",520,"D",0,"D",0,"D",.,"A",.,"A",1040,"D",0,"D",.,"A",.,"A",.,"A",.,"A"
"20151","02872914",30,0,"1",1105,"D",260,"D",.,"A",130,"D",60,"D",.,"A",.,"A",845,"D",0,"D",.,"A",.,"A",.,"A",.,"A"
"20151","02872934",37,0,"1",325,"D",130,"D",.,"A",65,"D",0,"D",.,"A",.,"A",195,"D",60,"D",.,"A",.,"A",.,"A",.,"A"
"20151","02872994",60,0,"1",1950,"D",650,"D",.,"A",325,"D",0,"D",.,"A",78,"D",1300,"D",45,"D",.,"A",.,"A",.,"A",.,"A"
"20151","02873034",15,0,"1",2600,"D",260,"D",.,"A",0,"D",0,"D",.,"A",.,"A",2340,"D",0,"D",12,"D",156,"D",156,"D",12,"D"
"20151","02873044",40,0,"1",2080,"D",260,"D",.,"A",1040,"D",0,"D",.,"A",130,"D",1820,"D",0,"D",.,"A",.,"A",.,"A",.,"A"
"20151","02873074",30,0,"1",1300,"D",325,"D",.,"A",650,"D",0,"D",.,"A",.,"A",975,"D",0,"D",.,"A",.,"A",.,"A",.,"A"
"20151","02873084",61,0,"1",2561,"D",507,"D",.,"A",52,"D",30,"D",.,"A",.,"A",2054,"D",39,"D",.,"A",.,"A",.,"A",.,"A"
"20151","02873114",30,0,"1",2600,"D",260,"D",.,"A",0,"D",0,"D",.,"A",.,"A",2340,"D",0,"D",.,"A",.,"A",.,"A",.,"A"
"20151","02873134",32,0,"1",780,"D",78,"D",.,"A",0,"D",0,"D",.,"A",.,"A",702,"D",90,"D",.,"A",.,"A",.,"A",.,"A"
"20151","02873214",10,0,"1",910,"D",0,"D",.,"A",0,"D",0,"D",.,"A",.,"A",910,"D",0,"D",.,"A",.,"A",.,"A",.,"A"
"20151","02873244",25,0,"1",1300,"D",130,"D",.,"A",0,"D",0,"D",.,"A",.,"A",1170,"D",0,"D",70,"D",910,"D",.,"A",.,"A"
"20151","02873274",70,0,"1",3900,"D",520,"D",.,"A",260,"D",0,"D",.,"A",.,"A",3380,"D",0,"D",.,"A",.,"A",.,"A",.,"A"
"20151","02873284",27,0,"1",1300,"D",0,"D",325,"D",130,"D",0,"D",.,"A",.,"A",1300,"D",0,"D",25,"D",325,"D",.,"A",.,"A"
"20151","02873364",45,0,"1",910,"D",65,"D",260,"D",273,"D",0,"D",.,"A",.,"A",845,"D",0,"D",.,"A",.,"A",.,"A",.,"A"
"20151","02873404",71,0,"1",1625,"D",195,"D",.,"A",650,"D",360,"D",.,"A",.,"A",1430,"D",0,"D",.,"A",.,"A",.,"A",.,"A"
"20151","02873454",67,0,"1",2600,"D",156,"D",260,"D",2600,"D",60,"D",.,"A",.,"A",2444,"D",0,"D",.,"A",.,"A",.,"A",.,"A"
"20151","02873464",34,0,"1",2600,"D",494,"D",.,"A",1300,"D",0,"D",.,"A",.,"A",2106,"D",0,"D",.,"C",501,"F",.,"A",.,"A"
"20151","02873494",14,0,"1",650,"D",65,"D",.,"A",1040,"D",0,"D",.,"A",.,"A",585,"D",0,"D",.,"A",.,"A",.,"A",.,"A"
"20151","02873544",22,0,"1",975,"D",195,"D",.,"A",0,"D",0,"D",.,"A",.,"A",780,"D",0,"D",.,"A",.,"A",.,"A",.,"A"
"20151","02873574",42,0,"1",3250,"D",260,"D",.,"A",1300,"D",600,"D",.,"A",360,"D",2990,"D",300,"D",.,"A",.,"A",.,"A",.,"A"
"20151","02873584",47,0,"1",3250,"D",650,"D",.,"A",1300,"D",150,"D",.,"A",156,"D",2600,"D",150,"D",.,"A",.,"A",.,"A",.,"A"
"20151","02873614",44,0,"1",1300,"D",0,"D",336,"F",325,"D",30,"D",.,"A",.,"A",1300,"D",30,"D",.,"A",.,"A",.,"A",.,"A"
"20151","02873644",112,0,"1",1950,"D",195,"D",.,"A",1300,"D",0,"D",.,"A",.,"A",1755,"D",144,"D",.,"A",.,"A",.,"A",.,"A"
"20151","02873664",37,0,"1",1040,"D",325,"D",.,"A",390,"D",0,"D",.,"A",.,"A",715,"D",3,"D",.,"A",.,"A",.,"A",.,"A"
"20151","02873704",45,0,"1",1950,"D",520,"D",975,"D",650,"D",0,"D",.,"A",.,"A",1430,"D",300,"D",.,"A",.,"A",.,"A",.,"A"
"20151","02873734",47,0,"1",2340,"D",260,"D",.,"A",1560,"D",6,"D",.,"A",.,"A",2080,"D",6,"D",.,"A",.,"A",.,"A",.,"A"
"20151","02873754",58,0,"1",2600,"D",650,"D",.,"A",520,"D",120,"D",.,"A",.,"A",1950,"D",120,"D",.,"A",.,"A",.,"A",.,"A"
"20151","02873764",26,0,"1",1300,"D",325,"D",.,"A",260,"D",0,"D",.,"A",100,"D",975,"D",60,"D",.,"A",.,"A",.,"A",.,"A"
"20151","02873794",57,0,"1",2600,"D",650,"D",.,"A",325,"D",75,"D",.,"A",.,"A",1950,"D",24,"D",.,"A",.,"A",.,"A",.,"A"
"20151","02873804",41,0,"1",780,"D",0,"D",.,"A",1638,"D",169,"F",.,"A",.,"A",780,"D",118,"F",.,"A",.,"A",.,"A",.,"A"
"20151","02873824",29,0,"1",2600,"D",650,"D",.,"A",65,"D",0,"D",.,"A",0,"D",1950,"D",0,"D",100,"D",1300,"D",.,"A",.,"A"
"20151","02873894",47,0,"1",1690,"D",195,"D",.,"A",1560,"D",0,"D",.,"A",.,"A",1495,"D",0,"D",.,"A",.,"A",.,"A",.,"A"
"20151","02873914",23,0,"1",1690,"D",390,"D",.,"A",520,"D",0,"D",.,"A",.,"A",1300,"D",0,"D",.,"A",.,"A",.,"A",.,"A"
"20151","02874014",121,0,"1",2171,"D",414,"F",.,"A",3432,"D",180,"D",.,"A",.,"A",1771,"F",114,"D",.,"A",.,"A",.,"A",.,"A"
"20151","02874044",13,0,"1",1560,"D",390,"D",.,"A",0,"D",0,"D",.,"A",.,"A",1170,"D",0,"D",25,"D",325,"D",.,"A",.,"A"
"20151","02874064",52,0,"1",1300,"D",325,"D",.,"A",260,"D",0,"D",.,"A",.,"A",975,"D",0,"D",.,"A",.,"A",.,"A",.,"A"
"20151","02874174",33,0,"1",1950,"D",260,"D",.,"A",130,"D",0,"D",.,"A",.,"A",1690,"D",0,"D",.,"A",.,"A",.,"A",.,"A"
"20151","02874194",50,0,"1",1170,"D",0,"D",.,"A",260,"D",0,"D",.,"A",.,"A",1170,"D",90,"D",.,"A",.,"A",.,"A",.,"A"
"20151","02874354",25,0,"1",1300,"D",195,"D",.,"A",195,"D",0,"D",.,"A",.,"A",1105,"D",36,"D",3,"D",39,"D",.,"A",.,"A"
"20151","02874364",14,0,"1",780,"D",130,"D",.,"A",286,"D",0,"D",.,"A",.,"A",650,"D",0,"D",.,"A",.,"A",.,"A",.,"A"
"20151","02874414",16,0,"1",520,"D",0,"D",.,"A",650,"D",0,"D",.,"A",.,"A",520,"D",30,"D",.,"A",.,"A",.,"A",.,"A"
"20151","02874434",32,0,"1",1690,"D",390,"D",.,"A",1950,"D",0,"D",.,"A",.,"A",1300,"D",0,"D",.,"A",.,"A",.,"A",.,"A"
"20151","02874444",41,0,"1",3250,"D",650,"D",.,"A",5200,"D",60,"D",.,"A",.,"A",2600,"D",0,"D",.,"A",.,"A",.,"A",.,"A"
"20151","02874454",106,0,"1",2600,"D",520,"D",130,"D",130,"D",45,"D",.,"A",.,"A",2080,"D",60,"D",.,"A",.,"A",130,"D",10,"D"
"20151","02874524",51,0,"1",1300,"D",260,"D",.,"A",520,"D",6,"D",.,"A",.,"A",1040,"D",6,"D",.,"A",.,"A",.,"A",.,"A"
"20151","02874545",34,0,"1",1690,"D",65,"D",.,"A",1560,"D",900,"D",.,"A",.,"A",1625,"D",90,"D",.,"A",.,"A",.,"A",.,"A"
"20151","02874564",10,0,"1",1170,"D",130,"D",.,"A",0,"D",0,"D",.,"A",.,"A",1040,"D",0,"D",.,"A",.,"A",.,"A",.,"A"
"20151","02874614",43,0,"1",1625,"D",104,"D",.,"A",390,"D",0,"D",.,"A",.,"A",1521,"D",30,"D",10,"D",130,"D",.,"A",.,"A"
"20151","02874634",44,0,"1",390,"D",104,"D",.,"A",0,"D",0,"D",.,"A",.,"A",286,"D",72,"D",.,"A",.,"A",.,"A",.,"A"
"20151","02874654",62,0,"1",2600,"D",520,"D",.,"A",650,"D",0,"D",.,"A",.,"A",2080,"D",0,"D",.,"A",.,"A",.,"A",.,"A"
"20151","02874664",20,0,"1",1950,"D",260,"D",.,"A",650,"D",0,"D",.,"A",.,"A",1690,"D",0,"D",.,"A",.,"A",.,"A",.,"A"
"20151","02874704",69,0,"1",1950,"D",325,"D",.,"A",1300,"D",600,"D",.,"A",.,"A",1625,"D",900,"D",.,"A",.,"A",.,"A",.,"A"
"20151","02874774",49,0,"1",1170,"D",0,"D",.,"A",104,"D",0,"D",.,"A",.,"A",1170,"D",390,"D",20,"D",260,"D",130,"D",10,"D"
"20151","02874784",41,0,"1",3900,"D",390,"D",.,"A",0,"D",109,"F",.,"A",.,"A",3510,"D",45,"D",.,"A",.,"A",.,"A",.,"A"
"20151","02874844",30,0,"1",910,"D",390,"D",.,"A",0,"D",0,"D",.,"A",.,"A",520,"D",90,"D",.,"A",.,"A",.,"A",.,"A"
"20151","02874914",33,0,"1",1300,"D",289,"F",.,"A",455,"D",0,"D",.,"A",.,"A",1423,"F",60,"D",.,"A",.,"A",.,"A",.,"A"
"20151","02874964",43,0,"1",325,"D",0,"D",.,"A",0,"D",0,"D",.,"A",.,"A",325,"D",0,"D",.,"A",.,"A",.,"A",.,"A"
"20151","02875004",27,0,"1",520,"D",130,"D",260,"D",390,"D",66,"F",.,"A",.,"A",390,"D",60,"D",.,"A",.,"A",.,"A",.,"A"
"20151","02875014",21,0,"1",1950,"D",650,"D",.,"A",0,"D",0,"D",.,"A",.,"A",1300,"D",0,"D",.,"A",.,"A",.,"A",.,"A"
"20151","02875024",73,0,"1",3250,"D",975,"D",.,"A",1950,"D",300,"D",.,"A",.,"A",2275,"D",600,"D",.,"A",.,"A",.,"A",.,"A"
"20151","02875034",16,0,"1",1703,"D",0,"D",39,"D",0,"D",0,"D",.,"A",.,"A",1703,"D",0,"D",.,"A",.,"A",.,"A",.,"A"
"20151","02875044",28,0,"1",1950,"D",0,"D",.,"A",650,"D",150,"D",.,"A",.,"A",1950,"D",0,"D",.,"A",.,"A",.,"A",.,"A"
"20151","02875054",41,0,"1",1755,"D",0,"D",.,"A",520,"D",0,"D",.,"A",.,"A",1755,"D",0,"D",.,"A",.,"A",.,"A",.,"A"
"20151","02875064",34,0,"1",1300,"D",65,"D",.,"A",455,"D",0,"D",.,"A",.,"A",1235,"D",45,"D",.,"A",.,"A",.,"A",.,"A"
"20151","02875094",31,0,"1",3120,"D",520,"D",520,"D",260,"D",0,"D",.,"A",.,"A",2600,"D",0,"D",.,"A",.,"A",.,"A",.,"A"
"20151","02875224",21,0,"1",650,"D",0,"D",.,"A",260,"D",0,"D",.,"A",.,"A",650,"D",60,"D",.,"A",.,"A",.,"A",.,"A"
"20151","02875294",28,0,"1",1950,"D",370,"F",.,"A",650,"D",30,"D",.,"A",.,"A",1479,"F",300,"D",.,"A",.,"A",.,"A",.,"A"
"20151","02875324",30,0,"1",2600,"D",260,"D",.,"A",1950,"D",0,"D",.,"A",.,"A",2340,"D",90,"D",75,"D",975,"D",.,"A",.,"A"
"20151","02875334",45,0,"1",1950,"D",390,"D",130,"D",325,"D",60,"D",.,"A",1320,"D",1560,"D",120,"D",.,"A",.,"A",.,"A",.,"A"
"20151","02875344",13,0,"1",1625,"D",130,"D",.,"A",585,"D",0,"D",.,"A",.,"A",1495,"D",30,"D",.,"A",.,"A",.,"A",.,"A"
"20151","02875404",32,0,"1",2600,"D",650,"D",.,"A",2600,"D",0,"D",.,"A",.,"A",1950,"D",0,"D",.,"A",.,"A",.,"A",.,"A"
"20151","02875424",37,0,"1",1430,"D",650,"D",.,"A",0,"D",0,"D",.,"A",.,"A",780,"D",0,"D",.,"A",.,"A",.,"A",.,"A"
"20151","02875434",36,0,"1",1950,"D",325,"D",650,"D",650,"D",3,"D",.,"A",.,"A",1625,"D",120,"D",20,"D",260,"D",.,"A",.,"A"
"20151","02875454",73,0,"1",3250,"D",0,"D",.,"A",1300,"D",0,"D",.,"A",.,"A",3250,"D",180,"D",.,"A",.,"A",.,"A",.,"A"
"20151","02875514",36,0,"1",975,"D",156,"D",.,"A",390,"D",45,"D",.,"A",.,"A",819,"D",180,"D",.,"A",.,"A",.,"A",.,"A"
"20151","02875554",19,0,"1",1300,"D",289,"F",.,"A",635,"F",191,"F",.,"A",.,"A",1423,"F",111,"F",.,"A",.,"A",.,"A",.,"A"
"20151","02875564",34,0,"1",2600,"D",130,"D",.,"A",1300,"D",0,"D",.,"A",.,"A",2470,"D",0,"D",.,"A",.,"A",.,"A",.,"A"
"20151","02875624",39,0,"1",650,"D",325,"D",.,"A",390,"D",0,"D",.,"A",.,"A",325,"D",180,"D",.,"A",.,"A",.,"A",.,"A"
"20151","02875644",50,0,"1",975,"D",130,"D",.,"A",1300,"D",600,"D",.,"A",.,"A",845,"D",120,"D",.,"A",.,"A",.,"A",.,"A"
"20151","02875684",10,0,"1",1300,"D",260,"D",.,"A",0,"D",0,"D",.,"A",.,"A",1040,"D",0,"D",.,"A",.,"A",.,"A",.,"A"
"20151","02875734",17,0,"1",2152,"F",.,"A",.,"A",699,"F",6,"D",.,"A",199,"F",1771,"F",6,"D",.,"A",.,"A",.,"A",.,"A"
"20151","02875754",30,0,"1",1950,"D",260,"D",.,"A",975,"D",0,"D",.,"A",.,"A",1690,"D",150,"D",.,"A",.,"A",.,"A",.,"A"
"20151","02875784",36,0,"1",520,"D",260,"D",.,"A",130,"D",90,"D",.,"A",.,"A",260,"D",270,"D",.,"A",.,"A",.,"A",.,"A"
"20151","02875874",37,0,"1",1040,"D",195,"D",.,"A",650,"D",0,"D",.,"A",.,"A",845,"D",0,"D",.,"A",.,"A",.,"A",.,"A"
"20151","02875884",45,0,"1",1300,"D",0,"D",.,"A",520,"D",60,"D",.,"A",.,"A",1300,"D",60,"D",12,"D",156,"D",.,"A",.,"A"
"20151","02875894",30,0,"1",1235,"D",260,"D",.,"A",390,"D",0,"D",.,"A",.,"A",975,"D",63,"D",.,"A",.,"A",.,"A",.,"A"
"20151","02875904",16,0,"1",975,"D",130,"D",260,"D",520,"D",0,"D",.,"A",.,"A",845,"D",0,"D",.,"A",.,"A",.,"A",.,"A"
"20151","02875994",14,0,"1",975,"D",221,"F",.,"A",0,"D",0,"D",.,"A",.,"A",753,"F",0,"D",.,"A",.,"A",.,"A",.,"A"
"20151","02876004",44,0,"1",3250,"D",260,"D",.,"A",520,"D",0,"D",.,"A",.,"A",2990,"D",0,"D",.,"A",.,"A",.,"A",.,"A"
"20151","02876014",34,0,"1",650,"D",0,"D",.,"A",260,"D",0,"D",.,"A",.,"A",650,"D",0,"D",.,"A",.,"A",.,"A",.,"A"
"20151","02876174",68,0,"1",1482,"D",494,"D",.,"A",884,"D",6,"D",.,"A",.,"A",988,"D",24,"D",.,"A",.,"A",.,"A",.,"A"
"20151","02876194",54,0,"1",1950,"D",260,"D",.,"A",0,"D",60,"D",.,"A",240,"D",1690,"D",360,"D",.,"A",.,"A",.,"A",.,"A"
"20151","02876224",19,0,"1",650,"D",130,"D",195,"D",260,"D",6,"D",.,"A",.,"A",520,"D",6,"D",.,"A",.,"A",.,"A",.,"A"
"20151","02876234",92,0,"1",5070,"D",1521,"D",195,"D",780,"D",21,"D",.,"A",.,"A",3549,"D",15,"D",.,"A",.,"A",.,"A",.,"A"
"20151","02876264",32,0,"1",1560,"D",650,"D",650,"D",0,"D",0,"D",.,"A",.,"A",910,"D",0,"D",.,"A",.,"A",.,"A",.,"A"
"20151","02876284",12,0,"1",650,"D",0,"D",.,"A",130,"D",0,"D",.,"A",.,"A",650,"D",0,"D",.,"A",.,"A",.,"A",.,"A"
"20151","02876294",37,0,"1",1300,"D",0,"D",.,"A",390,"D",6,"D",.,"A",.,"A",1300,"D",6,"D",.,"A",.,"A",.,"A",.,"A"
"20151","02876304",20,0,"1",1300,"D",325,"D",.,"A",0,"D",0,"D",.,"A",.,"A",975,"D",0,"D",.,"A",.,"A",.,"A",.,"A"
"20151","02876424",23,0,"1",1820,"D",390,"D",.,"A",0,"D",0,"D",.,"A",.,"A",1430,"D",0,"D",.,"A",.,"A",.,"A",.,"A"
"20151","02876444",23,0,"1",1300,"D",520,"D",.,"A",0,"D",0,"D",.,"A",.,"A",780,"D",0,"D",.,"A",.,"A",.,"A",.,"A"
"20151","02876484",31,0,"1",1950,"D",325,"D",390,"D",390,"D",0,"D",.,"A",.,"A",1625,"D",0,"D",.,"A",.,"A",.,"A",.,"A"
"20151","02876564",25,0,"1",325,"D",65,"D",.,"A",0,"D",6,"D",.,"A",.,"A",260,"D",6,"D",.,"A",.,"A",.,"A",.,"A"
"20151","02876624",45,0,"1",1950,"D",390,"D",.,"A",1300,"D",0,"D",.,"A",.,"A",1560,"D",0,"D",.,"A",.,"A",.,"A",.,"A"
"20151","02876634",16,0,"1",910,"D",130,"D",.,"A",650,"D",150,"D",.,"A",.,"A",780,"D",60,"D",.,"A",.,"A",.,"A",.,"A"
"20151","02876644",33,0,"1",2600,"D",260,"D",.,"A",130,"D",45,"D",.,"A",.,"A",2340,"D",150,"D",.,"A",.,"A",.,"A",.,"A"
"20151","02876654",35,0,"1",1950,"D",260,"D",.,"A",650,"D",0,"D",.,"A",.,"A",1690,"D",30,"D",.,"A",.,"A",.,"A",.,"A"
"20151","02876674",45,0,"1",1625,"D",325,"D",.,"A",1300,"D",0,"D",.,"A",.,"A",1300,"D",0,"D",40,"D",520,"D",.,"A",.,"A"
"20151","02876844",18,0,"1",780,"D",130,"D",.,"A",780,"D",0,"D",.,"A",.,"A",650,"D",225,"D",.,"A",.,"A",.,"A",.,"A"
"20151","02876924",47,0,"1",1300,"D",260,"D",.,"A",390,"D",6,"D",.,"A",.,"A",1040,"D",6,"D",50,"D",650,"D",.,"A",.,"A"
"20151","02876944",54,0,"1",2275,"D",390,"D",.,"A",1300,"D",75,"D",.,"A",.,"A",1885,"D",0,"D",.,"A",.,"A",.,"A",.,"A"
"20151","02876984",53,0,"1",5850,"D",0,"D",.,"A",1950,"D",600,"D",.,"A",.,"A",5850,"D",600,"D",.,"A",.,"A",.,"A",.,"A"
"20151","02877044",76,0,"1",2275,"D",650,"D",.,"A",1820,"D",0,"D",.,"A",50,"D",1625,"D",375,"D",35,"D",455,"D",.,"A",.,"A"
"20151","02877074",31,0,"1",1560,"D",130,"D",.,"A",520,"D",0,"D",.,"A",.,"A",1430,"D",0,"D",.,"A",.,"A",.,"A",.,"A"
"20151","02877094",32,0,"1",1430,"D",195,"D",.,"A",650,"D",0,"D",.,"A",.,"A",1235,"D",120,"D",.,"A",.,"A",.,"A",.,"A"
"20151","02877144",47,0,"1",1950,"D",379,"F",.,"A",520,"D",600,"D",.,"A",.,"A",1228,"F",120,"D",.,"A",.,"A",.,"A",.,"A"
"20151","02877214",40,0,"1",780,"D",390,"D",.,"A",260,"D",600,"D",.,"A",.,"A",390,"D",119,"F",10,"D",130,"D",.,"A",.,"A"
"20151","02877274",33,0,"1",1300,"D",260,"D",.,"A",1300,"D",0,"D",.,"A",.,"A",1040,"D",0,"D",.,"A",.,"A",.,"A",.,"A"
"20151","02877284",13,0,"1",1300,"D",520,"D",.,"A",780,"D",0,"D",.,"A",.,"A",780,"D",0,"D",.,"A",.,"A",.,"A",.,"A"
"20151","02877354",37,0,"1",5161,"D",0,"D",.,"A",0,"D",0,"D",.,"A",.,"A",5161,"D",0,"D",.,"A",.,"A",.,"A",.,"A"
"20151","02877364",58,0,"1",1300,"D",195,"D",.,"A",1300,"D",0,"D",.,"A",.,"A",1105,"D",15,"D",35,"D",455,"D",.,"A",.,"A"
"20151","02877434",49,0,"1",1300,"D",195,"D",325,"D",1300,"D",300,"D",.,"A",.,"A",1105,"D",300,"D",.,"A",.,"A",.,"A",.,"A"
"20151","02877444",12,0,"1",1950,"D",130,"D",.,"A",0,"D",0,"D",.,"A",.,"A",1820,"D",0,"D",.,"A",.,"A",.,"A",.,"A"
"20151","02877474",15,0,"1",390,"D",0,"D",.,"A",0,"D",121,"F",.,"A",.,"A",390,"D",106,"F",.,"A",.,"A",.,"A",.,"A"
"20151","02877514",28,0,"1",650,"D",455,"D",.,"A",1560,"D",0,"D",.,"A",.,"A",195,"D",0,"D",.,"A",.,"A",.,"A",.,"A"
"20151","02877544",34,0,"1",1950,"D",260,"D",.,"A",780,"D",75,"D",.,"A",.,"A",1690,"D",36,"D",60,"D",780,"D",.,"A",.,"A"
"20151","02877564",43,0,"1",1950,"D",0,"D",.,"A",0,"D",6,"D",.,"A",.,"A",1950,"D",6,"D",.,"A",.,"A",.,"A",.,"A"
"20151","02877574",14,0,"1",975,"D",130,"D",325,"D",390,"D",0,"D",.,"A",.,"A",845,"D",0,"D",.,"A",.,"A",.,"A",.,"A"
"20151","02877634",27,0,"1",1300,"D",325,"D",.,"A",195,"D",0,"D",.,"A",.,"A",975,"D",90,"D",.,"A",.,"A",.,"A",.,"A"
"20151","02877654",91,0,"1",1950,"D",650,"D",130,"D",325,"D",0,"D",.,"A",.,"A",1300,"D",30,"D",.,"A",.,"A",.,"A",.,"A"
"20151","02877684",50,0,"1",2054,"D",208,"D",.,"A",910,"D",0,"D",.,"A",.,"A",1846,"D",120,"D",.,"A",.,"A",.,"A",.,"A"
"20151","02877704",34,0,"1",91,"D",0,"D",.,"A",390,"D",0,"D",.,"A",.,"A",91,"D",0,"D",.,"A",.,"A",.,"A",.,"A"
"20151","02877734",25,0,"1",1950,"D",390,"D",.,"A",0,"D",0,"D",.,"A",.,"A",1560,"D",0,"D",.,"A",.,"A",.,"A",.,"A"
"20151","02877764",32,0,"1",10400,"D",975,"D",.,"A",650,"D",0,"D",.,"A",.,"A",9425,"D",0,"D",.,"A",.,"A",.,"A",.,"A"
"20151","02877794",15,0,"1",2152,"F",.,"A",.,"A",130,"D",0,"D",.,"A",.,"A",1771,"F",720,"D",11,"D",143,"D",.,"A",.,"A"
"20151","02877864",48,0,"1",2275,"D",325,"D",26,"D",1300,"D",300,"D",.,"A",.,"A",1950,"D",240,"D",.,"A",.,"A",.,"A",.,"A"
"20151","02877884",57,0,"1",2860,"D",585,"D",.,"A",3250,"D",60,"D",.,"A",.,"A",2275,"D",75,"D",.,"A",.,"A",.,"A",.,"A"
"20151","02877904",62,0,"1",1404,"D",437,"F",.,"A",208,"D",0,"D",.,"A",.,"A",1882,"F",18,"D",.,"A",.,"A",.,"A",.,"A"
"20151","02877914",19,0,"1",1950,"D",390,"D",130,"D",130,"D",0,"D",.,"A",.,"A",1560,"D",0,"D",.,"A",.,"A",.,"A",.,"A"
"20151","02878014",43,0,"1",1950,"D",390,"D",.,"A",1105,"D",0,"D",.,"A",116,"D",1560,"D",0,"D",.,"A",.,"A",.,"A",.,"A"
"20151","02878024",12,0,"1",1950,"D",348,"F",.,"A",673,"F",66,"F",.,"A",.,"A",1217,"F",122,"F",.,"A",.,"A",.,"A",.,"A"
"20151","02878074",41,0,"1",1235,"D",0,"D",.,"A",1300,"D",0,"D",.,"A",.,"A",1235,"D",0,"D",.,"A",.,"A",.,"A",.,"A"
"20151","02878124",54,0,"1",2600,"D",650,"D",.,"A",1300,"D",150,"D",.,"A",.,"A",1950,"D",60,"D",.,"A",.,"A",.,"A",.,"A"
"20151","02878154",47,0,"1",910,"D",130,"D",390,"D",325,"D",90,"D",.,"A",.,"A",780,"D",60,"D",.,"A",.,"A",.,"A",.,"A"
"20151","02878164",35,0,"1",1950,"D",130,"D",.,"A",390,"D",0,"D",.,"A",150,"D",1820,"D",0,"D",.,"A",.,"A",.,"A",.,"A"
"20151","02878174",24,0,"1",975,"D",0,"D",.,"A",325,"D",0,"D",.,"A",.,"A",975,"D",0,"D",.,"A",.,"A",.,"A",.,"A"
"20151","02878184",29,0,"1",780,"D",130,"D",.,"A",0,"D",0,"D",.,"A",.,"A",650,"D",0,"D",.,"A",.,"A",.,"A",.,"A"
"20151","02878204",50,0,"1",2600,"D",260,"D",.,"A",325,"D",0,"D",.,"A",.,"A",2340,"D",0,"D",.,"A",.,"A",.,"A",.,"A"
"20151","02878254",39,0,"1",975,"D",195,"D",650,"D",1300,"D",0,"D",.,"A",.,"A",780,"D",0,"D",.,"A",.,"A",.,"A",.,"A"
"20151","02878334",11,0,"1",1300,"D",650,"D",.,"A",325,"D",300,"D",.,"A",.,"A",650,"D",300,"D",.,"A",.,"A",.,"A",.,"A"
"20151","02878474",35,0,"1",1950,"D",260,"D",.,"A",195,"D",90,"D",.,"A",.,"A",1690,"D",60,"D",.,"A",.,"A",.,"A",.,"A"
"20151","02878484",12,0,"1",1183,"D",195,"D",.,"A",91,"D",0,"D",.,"A",.,"A",988,"D",0,"D",.,"A",.,"A",.,"A",.,"A"
"20151","02878514",34,0,"1",780,"D",260,"D",.,"A",325,"D",0,"D",.,"A",.,"A",520,"D",0,"D",.,"A",.,"A",.,"A",.,"A"
"20151","02878534",23,0,"1",520,"D",65,"D",.,"A",650,"D",0,"D",.,"A",.,"A",455,"D",0,"D",.,"A",.,"A",.,"A",.,"A"
"20151","02878544",31,0,"1",390,"D",130,"D",.,"A",0,"D",0,"D",.,"A",.,"A",260,"D",0,"D",5,"D",65,"D",.,"A",.,"A"
"20151","02878574",17,0,"1",650,"D",0,"D",.,"A",0,"D",0,"D",.,"A",.,"A",650,"D",0,"D",.,"A",.,"A",.,"A",.,"A"
"20151","02878594",12,0,"1",0,"D",.,"A",.,"A",0,"D",0,"D",.,"A",.,"A",0,"D",0,"D",.,"A",.,"A",.,"A",.,"A"
"20151","02878644",46,0,"1",1560,"D",260,"D",.,"A",650,"D",0,"D",.,"A",.,"A",1300,"D",0,"D",.,"A",.,"A",.,"A",.,"A"
"20151","02878654",40,0,"1",1040,"D",260,"D",.,"A",650,"D",0,"D",.,"A",.,"A",780,"D",60,"D",.,"A",.,"A",.,"A",.,"A"
"20151","02878664",30,0,"1",1209,"F",.,"A",.,"A",737,"F",201,"F",.,"A",.,"A",893,"F",160,"F",.,"A",.,"A",.,"A",.,"A"
"20151","02878684",40,0,"1",1300,"D",325,"D",.,"A",455,"D",0,"D",.,"A",.,"A",975,"D",0,"D",.,"A",.,"A",.,"A",.,"A"
"20151","02878694",16,0,"1",1300,"D",325,"D",.,"A",0,"D",0,"D",.,"A",.,"A",975,"D",0,"D",.,"A",.,"A",.,"A",.,"A"
"20151","02878734",47,0,"1",1300,"D",0,"D",.,"A",715,"D",90,"D",.,"A",.,"A",1300,"D",0,"D",.,"A",.,"A",.,"A",.,"A"
"20151","02878754",32,0,"1",1950,"D",390,"D",390,"D",195,"D",0,"D",.,"A",.,"A",1560,"D",144,"D",.,"A",.,"A",.,"A",.,"A"
"20151","02922413",15,0,"1",1300,"D",195,"D",.,"A",0,"D",0,"D",.,"A",.,"A",1105,"D",0,"D",.,"A",.,"A",.,"A",.,"A"
"20151","02922443",40,0,"1",1560,"D",130,"D",.,"A",0,"D",0,"D",.,"A",.,"A",1430,"D",0,"D",.,"A",.,"A",.,"A",.,"A"
"20151","02922473",37,0,"1",1300,"D",325,"D",.,"A",325,"D",0,"D",.,"A",198,"D",975,"D",0,"D",.,"A",.,"A",.,"A",.,"A"
"20151","02922483",38,0,"1",650,"D",0,"D",.,"A",260,"D",0,"D",.,"A",.,"A",650,"D",0,"D",.,"A",.,"A",.,"A",.,"A"
"20151","02922493",24,0,"1",780,"D",260,"D",.,"A",325,"D",0,"D",.,"A",.,"A",520,"D",0,"D",.,"A",.,"A",.,"A",.,"A"
"20151","02922513",75,0,"1",2600,"D",0,"D",.,"A",650,"D",90,"D",.,"A",.,"A",2600,"D",150,"D",.,"A",.,"A",.,"A",.,"A"
"20151","02922563",34,0,"1",1950,"D",650,"D",.,"A",520,"D",0,"D",.,"A",98,"D",1300,"D",0,"D",.,"A",.,"A",.,"A",.,"A"
"20151","02922573",9,0,"1",650,"D",65,"D",.,"A",91,"D",0,"D",.,"A",.,"A",585,"D",240,"D",20,"D",260,"D",.,"A",.,"A"
"20151","02922603",23,0,"1",3250,"D",260,"D",.,"A",0,"D",0,"D",.,"A",.,"A",2990,"D",0,"D",.,"A",.,"A",.,"A",.,"A"
"20151","02922633",67,0,"1",2600,"D",910,"D",.,"A",390,"D",0,"D",.,"A",.,"A",1690,"D",150,"D",.,"A",.,"A",.,"A",.,"A"
"20151","02922643",53,0,"1",1950,"D",260,"D",.,"A",195,"D",75,"D",.,"A",.,"A",1690,"D",75,"D",.,"A",.,"A",.,"A",.,"A"
"20151","02922653",49,0,"1",3250,"D",325,"D",78,"D",1300,"D",0,"D",.,"A",.,"A",2925,"D",0,"D",.,"A",.,"A",.,"A",.,"A"
"20151","02922663",19,0,"1",780,"D",260,"D",260,"D",910,"D",0,"D",.,"A",.,"A",520,"D",840,"D",.,"A",.,"A",.,"A",.,"A"
"20151","02922693",24,0,"1",1300,"D",325,"D",.,"A",260,"D",0,"D",.,"A",.,"A",975,"D",300,"D",.,"A",.,"A",.,"A",.,"A"
"20151","02922703",25,0,"1",1300,"D",260,"D",325,"D",780,"D",0,"D",.,"A",.,"A",1040,"D",0,"D",.,"A",.,"A",.,"A",.,"A"
"20151","02922713",25,0,"1",780,"D",130,"D",.,"A",1300,"D",450,"D",.,"A",.,"A",650,"D",300,"D",.,"A",.,"A",.,"A",.,"A"
"20151","02922723",88,0,"1",3900,"D",780,"D",.,"A",520,"D",0,"D",.,"A",.,"A",3120,"D",54,"D",.,"A",.,"A",.,"A",.,"A"
"20151","02922733",52,0,"1",1625,"D",370,"F",.,"A",1105,"D",0,"D",.,"A",.,"A",1479,"F",120,"D",.,"A",.,"A",.,"A",.,"A"
"20151","02922743",26,0,"1",1300,"D",325,"D",.,"A",65,"D",0,"D",.,"A",.,"A",975,"D",0,"D",.,"A",.,"A",.,"A",.,"A"
"20151","02922753",28,0,"1",1950,"D",650,"D",.,"A",260,"D",0,"D",.,"A",330,"D",1300,"D",0,"D",.,"A",.,"A",.,"A",.,"A"
"20151","02922763",61,0,"1",2600,"D",650,"D",.,"A",780,"D",0,"D",.,"A",80,"D",1950,"D",180,"D",20,"D",260,"D",.,"A",.,"A"
"20151","02922793",37,0,"1",1625,"D",650,"D",.,"A",390,"D",0,"D",.,"A",.,"A",975,"D",90,"D",.,"A",.,"A",.,"A",.,"A"
"20151","02922823",22,0,"1",910,"D",455,"D",.,"A",650,"D",0,"D",.,"A",.,"A",455,"D",0,"D",150,"D",1950,"D",.,"A",.,"A"
"20151","02922833",63,0,"1",1950,"D",455,"D",130,"D",390,"D",30,"D",.,"A",168,"D",1495,"D",240,"D",.,"A",.,"A",.,"A",.,"A"
"20151","02922953",25,0,"1",520,"D",26,"D",.,"A",975,"D",0,"D",.,"A",.,"A",494,"D",0,"D",.,"A",.,"A",.,"A",.,"A"
"20151","02922963",30,0,"1",325,"D",331,"F",1300,"D",0,"D",0,"D",.,"A",.,"A",1029,"F",0,"D",.,"A",.,"A",.,"A",.,"A"
"20151","02923003",29,0,"1",780,"D",260,"D",.,"A",0,"D",0,"D",.,"A",.,"A",520,"D",0,"D",.,"A",.,"A",.,"A",.,"A"
"20151","02923013",16,0,"1",975,"D",130,"D",.,"A",260,"D",0,"D",.,"A",.,"A",845,"D",0,"D",.,"A",.,"A",.,"A",.,"A"
"20151","02923033",49,0,"1",2600,"D",260,"D",.,"A",975,"D",0,"D",.,"A",.,"A",2340,"D",60,"D",.,"A",.,"A",.,"A",.,"A"
"20151","02923063",47,0,"1",3250,"D",390,"D",.,"A",0,"D",0,"D",.,"A",450,"D",2860,"D",0,"D",70,"D",910,"D",.,"A",.,"A"
"20151","02923143",22,0,"1",325,"D",0,"D",.,"A",0,"D",0,"D",.,"A",.,"A",325,"D",0,"D",.,"A",.,"A",.,"A",.,"A"
"20151","02923183",34,0,"1",325,"D",65,"D",.,"A",1560,"D",0,"D",.,"A",.,"A",260,"D",0,"D",.,"A",.,"A",.,"A",.,"A"
"20151","02923193",39,0,"1",1300,"D",0,"D",.,"A",0,"D",0,"D",.,"A",.,"A",1300,"D",0,"D",.,"A",.,"A",.,"A",.,"A"
"20151","02923223",18,0,"1",325,"D",0,"D",.,"A",65,"D",120,"D",.,"A",.,"A",325,"D",0,"D",.,"A",.,"A",.,"A",.,"A"
"20151","02923273",33,0,"1",455,"D",0,"D",.,"A",780,"D",0,"D",.,"A",.,"A",455,"D",0,"D",.,"A",.,"A",.,"A",.,"A"
"20151","02923343",35,0,"1",1502,"F",.,"A",.,"A",673,"F",180,"D",.,"A",.,"A",1217,"F",120,"D",.,"A",.,"A",.,"A",.,"A"
"20151","02923363",47,0,"1",325,"D",0,"D",.,"A",2275,"D",240,"D",.,"A",.,"A",325,"D",0,"D",.,"A",.,"A",.,"A",.,"A"
"20151","02923373",22,0,"1",1625,"D",182,"D",.,"A",0,"D",0,"D",.,"A",.,"A",1443,"D",0,"D",.,"A",.,"A",.,"A",.,"A"
"20151","02923383",24,0,"1",1300,"D",260,"D",.,"A",390,"D",0,"D",.,"A",.,"A",1040,"D",0,"D",.,"C",380,"F",.,"A",.,"A"
"20151","02923423",18,0,"1",1300,"D",130,"D",.,"A",0,"D",0,"D",.,"A",.,"A",1170,"D",0,"D",.,"A",.,"A",.,"A",.,"A"
"20151","02923463",27,0,"1",650,"D",348,"F",.,"A",673,"F",6,"D",.,"A",.,"A",1217,"F",6,"D",.,"A",.,"A",.,"A",.,"A"
"20151","02923473",34,0,"1",1625,"D",260,"D",.,"A",0,"D",6,"D",.,"A",.,"A",1365,"D",6,"D",.,"A",.,"A",.,"A",.,"A"
"20151","02923535",11,0,"1",1300,"D",455,"D",130,"D",130,"D",0,"D",.,"A",.,"A",845,"D",0,"D",.,"A",.,"A",.,"A",.,"A"
"20151","02923543",35,0,"1",1300,"D",130,"D",.,"A",390,"D",0,"D",.,"A",.,"A",1170,"D",0,"D",.,"A",.,"A",.,"A",.,"A"
"20151","02923553",27,0,"1",1170,"D",130,"D",.,"A",78,"D",60,"D",.,"A",.,"A",1040,"D",150,"D",.,"A",.,"A",.,"A",.,"A"
"20151","02923563",31,0,"1",975,"D",455,"D",.,"A",520,"D",156,"F",.,"A",.,"A",520,"D",60,"D",25,"D",325,"D",.,"A",.,"A"
"20151","02923613",21,0,"1",2340,"D",520,"D",.,"A",390,"D",0,"D",.,"A",.,"A",1820,"D",0,"D",.,"A",.,"A",.,"A",.,"A"
"20151","02923633",26,0,"1",910,"D",390,"D",.,"A",52,"D",0,"D",.,"A",.,"A",520,"D",0,"D",.,"A",.,"A",.,"A",.,"A"
"20151","02923653",28,0,"1",2137,"F",.,"A",.,"A",733,"F",85,"F",.,"A",.,"A",1823,"F",119,"F",.,"A",.,"A",.,"A",.,"A"
"20151","02923673",23,0,"1",780,"D",130,"D",.,"A",130,"D",0,"D",.,"A",.,"A",650,"D",45,"D",.,"A",.,"A",.,"A",.,"A"
"20151","02923683",21,0,"1",1690,"D",390,"D",.,"A",0,"D",6,"D",.,"A",.,"A",1300,"D",6,"D",.,"A",.,"A",.,"A",.,"A"
"20151","02923693",26,0,"1",3900,"D",520,"D",390,"D",0,"D",0,"D",.,"A",.,"A",3380,"D",0,"D",.,"A",.,"A",.,"A",.,"A"
"20151","02923753",38,0,"1",1950,"D",390,"D",.,"A",0,"D",0,"D",.,"A",.,"A",1560,"D",0,"D",.,"A",.,"A",.,"A",.,"A"
"20151","02923763",47,0,"1",1300,"D",390,"D",.,"A",390,"D",0,"D",.,"A",24,"D",910,"D",360,"D",.,"A",.,"A",.,"A",.,"A"
"20151","02923773",25,0,"1",1502,"F",.,"A",.,"A",673,"F",66,"F",.,"A",.,"A",1217,"F",122,"F",.,"A",.,"A",.,"A",.,"A"
"20151","02923783",22,0,"1",195,"D",26,"D",.,"A",0,"D",0,"D",.,"A",.,"A",169,"D",6,"D",.,"A",.,"A",.,"A",.,"A"
"20151","02923793",21,0,"1",780,"D",0,"D",.,"A",0,"D",0,"D",.,"A",.,"A",780,"D",0,"D",.,"A",.,"A",130,"D",10,"D"
"20151","02923803",83,0,"1",3250,"D",325,"D",.,"A",325,"D",0,"D",.,"A",.,"A",2925,"D",0,"D",.,"A",.,"A",.,"A",.,"A"
"20151","02923813",22,0,"1",1560,"D",325,"D",325,"D",455,"D",0,"D",520,"D",.,"A",1235,"D",0,"D",50,"D",650,"D",.,"A",.,"A"
"20151","02923823",39,0,"1",975,"D",130,"D",.,"A",260,"D",120,"D",.,"A",288,"D",845,"D",75,"D",.,"A",.,"A",.,"A",.,"A"
"20151","02923833",22,0,"1",130,"D",65,"D",.,"A",650,"D",0,"D",.,"A",.,"A",65,"D",0,"D",.,"A",.,"A",.,"A",.,"A"
"20151","02923843",57,0,"1",2080,"D",520,"D",.,"A",1300,"D",300,"D",.,"A",.,"A",1560,"D",450,"D",.,"A",.,"A",.,"A",.,"A"
"20151","02923893",25,0,"1",2600,"D",585,"D",.,"A",0,"D",0,"D",.,"A",168,"D",2015,"D",63,"D",.,"A",.,"A",.,"A",.,"A"
"20151","02923904",21,0,"1",2600,"D",260,"D",.,"A",650,"D",0,"D",.,"A",.,"A",2340,"D",0,"D",35,"D",455,"D",.,"A",.,"A"
"20151","02923913",23,0,"1",2600,"D",520,"D",260,"D",780,"D",300,"D",.,"A",.,"A",2080,"D",150,"D",.,"A",.,"A",.,"A",.,"A"
"20151","02923943",31,0,"1",1300,"D",0,"D",.,"A",0,"D",0,"D",.,"A",.,"A",1300,"D",0,"D",.,"A",.,"A",.,"A",.,"A"
"20151","02923993",64,0,"1",2600,"D",325,"D",1625,"D",325,"D",0,"D",.,"A",.,"A",2275,"D",90,"D",.,"A",.,"A",.,"A",.,"A"
"20151","02924013",16,0,"1",195,"D",65,"D",.,"A",0,"D",0,"D",.,"A",.,"A",130,"D",0,"D",.,"A",.,"A",.,"A",.,"A"
"20151","02924093",65,0,"1",1950,"D",390,"D",.,"A",780,"D",120,"D",.,"A",.,"A",1560,"D",180,"D",.,"A",.,"A",.,"A",.,"A"
"20151","02924123",15,0,"1",1105,"D",348,"F",.,"A",673,"F",6,"D",.,"A",.,"A",1217,"F",66,"D",.,"A",.,"A",.,"A",.,"A"
"20151","02924143",45,0,"1",3250,"D",390,"D",.,"A",650,"D",0,"D",.,"A",.,"A",2860,"D",0,"D",.,"A",.,"A",.,"A",.,"A"
"20151","02924203",21,0,"1",585,"D",130,"D",.,"A",650,"D",0,"D",.,"A",.,"A",455,"D",120,"D",.,"A",.,"A",.,"A",.,"A"
"20151","02924213",42,0,"1",1950,"D",650,"D",650,"D",650,"D",0,"D",.,"A",.,"A",1300,"D",60,"D",.,"A",.,"A",.,"A",.,"A"
"20151","02924243",41,0,"1",1040,"D",130,"D",.,"A",780,"D",0,"D",.,"A",.,"A",910,"D",0,"D",.,"A",.,"A",.,"A",.,"A"
"20151","02924253",36,0,"1",325,"D",65,"D",.,"A",780,"D",60,"D",.,"A",.,"A",260,"D",210,"D",.,"A",.,"A",.,"A",.,"A"
"20151","02924283",63,0,"1",3900,"D",650,"D",.,"A",1950,"D",0,"D",.,"A",.,"A",3250,"D",0,"D",.,"A",.,"A",.,"A",.,"A"
"20151","02924313",17,0,"1",1300,"D",0,"D",.,"A",650,"D",0,"D",.,"A",.,"A",1300,"D",180,"D",.,"A",.,"A",.,"A",.,"A"
"20151","02924323",38,0,"1",4550,"D",390,"D",.,"A",0,"D",0,"D",.,"A",.,"A",4160,"D",6,"D",.,"A",.,"A",.,"A",.,"A"
"20151","02924333",59,0,"1",1950,"D",390,"D",.,"A",1560,"D",0,"D",.,"A",.,"A",1560,"D",0,"D",.,"A",.,"A",.,"A",.,"A"
"20151","02924373",38,0,"1",1300,"D",130,"D",.,"A",390,"D",0,"D",.,"A",.,"A",1170,"D",120,"D",.,"A",.,"A",.,"A",.,"A"
"20151","02924413",89,0,"1",1950,"D",104,"D",390,"D",325,"D",0,"D",.,"A",.,"A",1846,"D",60,"D",.,"A",.,"A",.,"A",.,"A"
"20151","02924423",47,0,"1",3250,"D",650,"D",325,"D",260,"D",0,"D",.,"A",45,"D",2600,"D",150,"D",.,"A",.,"A",.,"A",.,"A"
"20151","02924455",23,0,"1",2990,"D",390,"D",.,"A",0,"D",0,"D",.,"A",.,"A",2600,"D",0,"D",.,"A",.,"A",.,"A",.,"A"
"20151","02924533",115,0,"1",2886,"D",585,"D",325,"D",975,"D",192,"D",.,"A",.,"A",2301,"D",450,"D",.,"A",.,"A",.,"A",.,"A"
"20151","02924553",34,0,"1",4550,"D",390,"D",728,"D",260,"D",0,"D",.,"A",.,"A",4160,"D",0,"D",.,"A",.,"A",.,"A",.,"A"
"20151","02924573",35,0,"1",1560,"D",130,"D",.,"A",520,"D",0,"D",.,"A",.,"A",1430,"D",0,"D",.,"A",.,"A",.,"A",.,"A"
"20151","02924603",36,0,"1",910,"D",130,"D",.,"A",1950,"D",150,"D",.,"A",.,"A",780,"D",150,"D",.,"A",.,"A",.,"A",.,"A"
"20151","02924613",46,0,"1",1950,"D",650,"D",.,"A",0,"D",120,"D",.,"A",.,"A",1300,"D",900,"D",100,"D",1300,"D",.,"A",.,"A"
"20151","02924683",26,0,"1",1040,"D",130,"D",.,"A",130,"D",0,"D",.,"A",.,"A",910,"D",0,"D",.,"A",.,"A",.,"A",.,"A"
"20151","02924763",16,0,"1",3250,"D",650,"D",.,"A",390,"D",0,"D",.,"A",.,"A",2600,"D",0,"D",.,"A",.,"A",.,"A",.,"A"
"20151","02924803",20,0,"1",1287,"D",325,"D",.,"A",65,"D",0,"D",.,"A",.,"A",962,"D",75,"D",.,"A",.,"A",.,"A",.,"A"
"20151","02924823",23,0,"1",1950,"D",390,"D",.,"A",195,"D",0,"D",.,"A",.,"A",1560,"D",120,"D",15,"D",195,"D",.,"A",.,"A"
"20151","02924913",32,0,"1",2600,"D",260,"D",.,"A",1300,"D",0,"D",.,"A",.,"A",2340,"D",0,"D",.,"A",.,"A",.,"A",.,"A"
"20151","02924943",44,0,"1",2990,"D",390,"D",.,"A",520,"D",0,"D",.,"A",.,"A",2600,"D",150,"D",.,"A",.,"A",.,"A",.,"A"
"20151","02924953",35,0,"1",325,"D",0,"D",.,"A",2600,"D",0,"D",.,"A",.,"A",325,"D",0,"D",100,"D",1300,"D",.,"A",.,"A"
"20151","02924963",23,0,"1",6240,"D",414,"F",.,"A",0,"D",120,"D",.,"A",.,"A",1771,"F",120,"D",.,"A",.,"A",.,"A",.,"A"
"20151","02924973",36,0,"1",3250,"D",520,"D",.,"A",390,"D",0,"D",.,"A",.,"A",2730,"D",60,"D",15,"D",195,"D",.,"A",.,"A"
"20151","02924993",42,0,"1",1625,"D",260,"D",.,"A",1950,"D",90,"D",.,"A",.,"A",1365,"D",90,"D",.,"A",.,"A",.,"A",.,"A"
"20151","02925023",37,0,"1",1950,"D",325,"D",.,"A",0,"D",6,"D",.,"A",.,"A",1625,"D",6,"D",.,"A",.,"A",.,"A",.,"A"
"20151","02925043",29,0,"1",1950,"D",520,"D",.,"A",0,"D",0,"D",.,"A",.,"A",1430,"D",0,"D",.,"A",.,"A",.,"A",.,"A"
"20151","02925063",26,0,"1",1040,"D",0,"D",.,"A",390,"D",0,"D",.,"A",455,"D",1040,"D",0,"D",.,"A",.,"A",.,"A",.,"A"
"20151","02925103",32,0,"1",975,"D",130,"D",65,"D",0,"D",0,"D",.,"A",.,"A",845,"D",30,"D",.,"A",.,"A",.,"A",.,"A"
"20151","02925123",41,0,"1",1690,"D",585,"D",.,"A",520,"D",0,"D",.,"A",.,"A",1105,"D",150,"D",.,"A",.,"A",.,"A",.,"A"
"20151","02925133",16,0,"1",780,"D",156,"D",.,"A",260,"D",180,"D",.,"A",.,"A",624,"D",90,"D",.,"A",.,"A",.,"A",.,"A"
"20151","02925203",35,0,"1",910,"D",130,"D",.,"A",0,"D",0,"D",.,"A",.,"A",780,"D",0,"D",.,"A",.,"A",.,"A",.,"A"
"20151","02925213",57,0,"1",2366,"D",975,"D",.,"A",2275,"D",624,"D",.,"A",.,"A",1391,"D",183,"D",.,"A",.,"A",.,"A",.,"A"
"20151","02925233",29,0,"1",1300,"D",195,"D",.,"A",130,"D",0,"D",.,"A",.,"A",1105,"D",0,"D",.,"A",.,"A",.,"A",.,"A"
"20151","02925253",77,0,"1",2600,"D",260,"D",.,"A",130,"D",0,"D",.,"A",.,"A",2340,"D",120,"D",.,"A",.,"A",.,"A",.,"A"
"20151","02925273",42,0,"1",3250,"D",325,"D",.,"A",1950,"D",6,"D",.,"A",.,"A",2925,"D",6,"D",.,"A",.,"A",.,"A",.,"A"
"20151","02925353",36,0,"1",1430,"D",455,"D",.,"A",2600,"D",120,"D",.,"A",.,"A",975,"D",0,"D",.,"A",.,"A",.,"A",.,"A"
"20151","02925383",24,0,"1",390,"D",65,"D",.,"A",520,"D",0,"D",.,"A",.,"A",325,"D",0,"D",.,"A",.,"A",.,"A",.,"A"
"20151","02925433",45,0,"1",2600,"D",260,"D",.,"A",2080,"D",0,"D",.,"A",.,"A",2340,"D",0,"D",.,"A",.,"A",.,"A",.,"A"
"20151","02925473",10,0,"1",0,"D",.,"A",.,"A",0,"D",0,"D",.,"A",.,"A",0,"D",0,"D",.,"A",.,"A",.,"A",.,"A"
"20151","02925483",16,0,"1",1300,"D",221,"D",.,"A",455,"D",0,"D",.,"A",.,"A",1079,"D",120,"D",100,"D",1300,"D",.,"A",.,"A"
"20151","02925493",42,0,"1",1950,"D",0,"D",.,"A",1040,"D",105,"D",.,"A",.,"A",1950,"D",0,"D",.,"A",.,"A",.,"A",.,"A"
"20151","02925533",34,0,"1",1300,"D",260,"D",.,"A",325,"D",0,"D",.,"A",.,"A",1040,"D",0,"D",.,"A",.,"A",260,"D",20,"D"
"20151","02925573",22,0,"1",884,"D",104,"D",.,"A",390,"D",90,"D",.,"A",.,"A",780,"D",60,"D",.,"A",.,"A",.,"A",.,"A"
"20151","02925583",30,0,"1",3250,"D",2600,"D",.,"A",260,"D",0,"D",.,"A",168,"D",650,"D",120,"D",70,"D",910,"D",.,"A",.,"A"
"20151","02925603",43,0,"1",1950,"D",520,"D",.,"A",1105,"D",150,"D",.,"A",.,"A",1430,"D",30,"D",.,"A",.,"A",.,"A",.,"A"
"20151","02925613",15,0,"1",390,"D",0,"D",.,"A",260,"D",6,"D",.,"A",.,"A",390,"D",6,"D",.,"A",.,"A",.,"A",.,"A"
"20151","02925623",44,0,"1",1950,"D",390,"D",260,"D",1300,"D",0,"D",.,"A",.,"A",1560,"D",60,"D",.,"A",.,"A",.,"A",.,"A"
"20151","02925633",27,0,"1",1950,"D",348,"F",.,"A",0,"D",0,"D",.,"A",.,"A",1217,"F",0,"D",.,"A",.,"A",.,"A",.,"A"
"20151","02925653",33,0,"1",390,"D",65,"D",.,"A",780,"D",0,"D",.,"A",.,"A",325,"D",99,"D",.,"A",.,"A",.,"A",.,"A"
"20151","02925673",22,0,"1",650,"D",260,"D",.,"A",91,"D",0,"D",.,"A",.,"A",390,"D",0,"D",.,"A",.,"A",.,"A",.,"A"
"20151","02925693",28,0,"1",650,"D",65,"D",.,"A",0,"D",6,"D",.,"A",.,"A",585,"D",6,"D",.,"A",.,"A",.,"A",.,"A"
"20151","02925713",28,0,"1",1300,"D",260,"D",.,"A",273,"D",6,"D",.,"A",.,"A",1040,"D",6,"D",63,"D",819,"D",.,"A",.,"A"
"20151","02925773",56,0,"1",650,"D",195,"D",130,"D",520,"D",360,"D",.,"A",.,"A",455,"D",162,"D",.,"A",.,"A",.,"A",.,"A"
"20151","02925803",24,0,"1",914,"F",.,"A",.,"A",553,"F",0,"D",.,"A",.,"A",753,"F",0,"D",.,"A",.,"A",.,"A",.,"A"
"20151","02925823",44,0,"1",1560,"D",412,"F",367,"F",650,"D",109,"F",.,"A",.,"A",1807,"F",137,"F",.,"A",.,"A",.,"A",.,"A"
"20151","02925933",76,0,"1",1560,"D",260,"D",.,"A",1300,"D",0,"D",.,"A",.,"A",1300,"D",600,"D",.,"A",.,"A",.,"A",.,"A"
"20151","02925943",30,0,"1",1040,"D",65,"D",130,"D",975,"D",0,"D",.,"A",.,"A",975,"D",600,"D",.,"A",.,"A",.,"A",.,"A"
"20151","02926033",25,0,"1",1300,"D",0,"D",.,"A",0,"D",0,"D",.,"A",.,"A",1300,"D",0,"D",.,"A",.,"A",.,"A",.,"A"
"20151","02926073",55,0,"1",1495,"D",195,"D",.,"A",130,"D",0,"D",.,"A",.,"A",1300,"D",60,"D",.,"A",.,"A",.,"A",.,"A"
"20151","02926083",17,0,"1",1300,"D",130,"D",.,"A",130,"D",30,"D",.,"A",530,"D",1170,"D",30,"D",.,"A",.,"A",.,"A",.,"A"
"20151","02926123",15,0,"1",520,"D",65,"D",.,"A",325,"D",6,"D",.,"A",.,"A",455,"D",6,"D",.,"A",.,"A",.,"A",.,"A"
"20151","02926133",59,0,"1",3250,"D",650,"D",195,"D",520,"D",90,"D",.,"A",.,"A",2600,"D",0,"D",.,"A",.,"A",.,"A",.,"A"
"20151","02926185",51,0,"1",845,"D",331,"F",.,"A",1300,"D",90,"D",.,"A",.,"A",1029,"F",0,"D",.,"A",.,"A",.,"A",.,"A"
"20151","02926263",43,0,"1",2600,"D",260,"D",.,"A",1040,"D",0,"D",.,"A",.,"A",2340,"D",0,"D",.,"A",.,"A",.,"A",.,"A"
"20151","02926273",38,0,"1",1950,"D",195,"D",.,"A",130,"D",0,"D",.,"A",108,"D",1755,"D",60,"D",.,"A",.,"A",.,"A",.,"A"
"20151","02926373",70,0,"1",1820,"D",0,"D",260,"D",325,"D",0,"D",.,"A",.,"A",1820,"D",0,"D",.,"A",.,"A",.,"A",.,"A"
"20151","02926393",89,0,"1",1079,"D",377,"F",.,"A",416,"D",201,"F",.,"A",.,"A",893,"F",66,"D",.,"A",.,"A",.,"A",.,"A"
"20151","02926463",19,0,"1",325,"D",65,"D",.,"A",260,"D",0,"D",.,"A",.,"A",260,"D",0,"D",.,"A",.,"A",.,"A",.,"A"
"20151","02926533",27,0,"1",650,"D",0,"D",195,"D",260,"D",0,"D",.,"A",.,"A",650,"D",0,"D",30,"D",390,"D",.,"A",.,"A"
"20151","02926555",19,0,"1",2600,"D",0,"D",.,"A",0,"D",0,"D",270,"D",.,"A",2600,"D",0,"D",24,"D",312,"D",.,"A",.,"A"
"20151","02926593",22,0,"1",1625,"D",325,"D",260,"D",650,"D",0,"D",.,"A",30,"D",1300,"D",60,"D",200,"D",2600,"D",.,"A",.,"A"
"20151","02926623",60,0,"1",5200,"D",975,"D",.,"A",3900,"D",300,"D",.,"A",138,"D",4225,"D",300,"D",.,"A",.,"A",.,"A",.,"A"
"20151","02926643",29,0,"1",585,"D",221,"F",.,"A",390,"D",15,"D",328,"F",.,"A",753,"F",75,"D",.,"A",.,"A",.,"A",.,"A"
"20151","02926653",45,0,"1",520,"D",0,"D",.,"A",520,"D",120,"D",.,"A",.,"A",520,"D",900,"D",.,"A",.,"A",.,"A",.,"A"
"20151","02926663",41,0,"1",975,"D",195,"D",.,"A",260,"D",0,"D",.,"A",.,"A",780,"D",0,"D",.,"A",.,"A",.,"A",.,"A"
"20151","02926713",27,0,"1",585,"D",0,"D",.,"A",975,"D",0,"D",.,"A",.,"A",585,"D",0,"D",.,"A",.,"A",.,"A",.,"A"
"20151","02926743",69,0,"1",2093,"D",412,"F",.,"A",195,"D",0,"D",.,"A",.,"A",1807,"F",6,"D",.,"A",.,"A",.,"A",.,"A"
"20151","02926753",33,0,"1",1950,"D",371,"F",.,"A",260,"D",0,"D",.,"A",.,"A",1481,"F",120,"D",.,"A",.,"A",.,"A",.,"A"
"20151","02926763",50,0,"1",1300,"D",130,"D",.,"A",91,"D",0,"D",.,"A",.,"A",1170,"D",60,"D",.,"A",.,"A",.,"A",.,"A"
"20151","02926783",56,0,"1",1300,"D",260,"D",.,"A",520,"D",0,"D",.,"A",.,"A",1040,"D",0,"D",.,"A",.,"A",.,"A",.,"A"
"20151","02926803",37,0,"1",1820,"D",260,"D",.,"A",0,"D",0,"D",.,"A",.,"A",1560,"D",0,"D",.,"A",.,"A",.,"A",.,"A"
"20151","02926833",71,0,"1",2080,"D",780,"D",260,"D",650,"D",75,"D",.,"A",.,"A",1300,"D",150,"D",.,"A",.,"A",.,"A",.,"A"
"20151","02926853",39,0,"1",780,"D",78,"D",.,"A",1300,"D",90,"D",.,"A",.,"A",702,"D",24,"D",.,"A",.,"A",.,"A",.,"A"
"20151","02926933",24,0,"1",1040,"D",65,"D",.,"A",390,"D",0,"D",.,"A",.,"A",975,"D",0,"D",.,"A",.,"A",.,"A",.,"A"
"20151","02926943",32,0,"1",1950,"D",650,"D",.,"A",1625,"D",0,"D",.,"A",.,"A",1300,"D",0,"D",.,"A",.,"A",.,"A",.,"A"
"20151","02926963",17,0,"1",1502,"F",.,"A",.,"A",0,"D",0,"D",.,"A",.,"A",1217,"F",0,"D",.,"A",.,"A",.,"A",.,"A"
"20151","02926983",38,0,"1",5200,"D",0,"D",.,"A",0,"D",0,"D",.,"A",.,"A",5200,"D",60,"D",.,"A",.,"A",.,"A",.,"A"
"20151","02926993",40,0,"1",975,"D",130,"D",.,"A",260,"D",0,"D",.,"A",.,"A",845,"D",30,"D",.,"A",.,"A",.,"A",.,"A"
"20151","02927043",50,0,"1",1300,"D",130,"D",.,"A",0,"D",0,"D",.,"A",.,"A",1170,"D",0,"D",25,"D",325,"D",.,"A",.,"A"
"20151","02927073",30,0,"1",1625,"D",455,"D",.,"A",1950,"D",6,"D",.,"A",.,"A",1170,"D",360,"D",.,"A",.,"A",.,"A",.,"A"
"20151","02927103",34,0,"1",1040,"D",195,"D",.,"A",0,"D",0,"D",.,"A",.,"A",845,"D",0,"D",.,"A",.,"A",.,"A",.,"A"
"20151","02927113",19,0,"1",1950,"D",260,"D",327,"F",0,"D",0,"D",.,"A",540,"D",1690,"D",0,"D",.,"A",.,"A",.,"A",.,"A"
"20151","02927123",32,0,"1",819,"D",325,"D",.,"A",104,"D",0,"D",2275,"D",.,"A",494,"D",0,"D",.,"A",.,"A",.,"A",.,"A"
"20151","02927133",56,0,"1",2600,"D",520,"D",.,"A",975,"D",150,"D",.,"A",91,"D",2080,"D",150,"D",.,"A",.,"A",.,"A",.,"A"
"20151","02927193",47,0,"1",1560,"D",455,"D",286,"D",975,"D",0,"D",.,"A",.,"A",1105,"D",0,"D",.,"A",.,"A",.,"A",.,"A"
"20151","02927223",57,0,"1",1625,"D",390,"D",.,"A",1300,"D",0,"D",.,"A",.,"A",1235,"D",36,"D",.,"A",.,"A",.,"A",.,"A"
"20151","02927263",48,0,"1",1690,"D",390,"D",.,"A",312,"D",0,"D",.,"A",.,"A",1300,"D",69,"D",.,"A",.,"A",.,"A",.,"A"
"20151","02927343",26,0,"1",1300,"D",130,"D",.,"A",1300,"D",85,"F",.,"A",.,"A",1170,"D",119,"F",.,"A",.,"A",.,"A",.,"A"
"20151","02927353",25,0,"1",975,"D",130,"D",.,"A",0,"D",0,"D",.,"A",.,"A",845,"D",0,"D",.,"A",.,"A",.,"A",.,"A"
"20151","02927363",39,0,"1",1690,"D",0,"D",650,"D",325,"D",30,"D",.,"A",.,"A",1690,"D",0,"D",.,"A",.,"A",.,"A",.,"A"
"20151","02927373",16,0,"1",975,"D",260,"D",.,"A",780,"D",0,"D",.,"A",.,"A",715,"D",0,"D",.,"A",.,"A",.,"A",.,"A"
"20151","02927393",20,0,"1",416,"D",0,"D",.,"A",26,"D",0,"D",.,"A",.,"A",416,"D",0,"D",18,"D",234,"D",.,"A",.,"A"
"20151","02927443",28,0,"1",585,"D",65,"D",.,"A",650,"D",0,"D",.,"A",.,"A",520,"D",0,"D",.,"A",.,"A",.,"A",.,"A"
"20151","02927453",53,0,"1",1625,"D",0,"D",.,"A",1300,"D",0,"D",.,"A",.,"A",1625,"D",30,"D",.,"A",.,"A",.,"A",.,"A"
"20151","02927473",39,0,"1",1300,"D",0,"D",.,"A",130,"D",0,"D",.,"A",.,"A",1300,"D",0,"D",.,"A",.,"A",.,"A",.,"A"
"20151","02927493",30,0,"1",1950,"D",260,"D",260,"D",0,"D",0,"D",.,"A",.,"A",1690,"D",0,"D",.,"A",.,"A",.,"A",.,"A"
"20151","02927513",25,0,"1",2860,"D",260,"D",.,"A",390,"D",6,"D",.,"A",.,"A",2600,"D",6,"D",60,"D",780,"D",.,"A",.,"A"
"20151","02927543",42,0,"1",2600,"D",462,"F",.,"A",650,"D",600,"D",.,"A",.,"A",2313,"F",300,"D",.,"A",.,"A",.,"A",.,"A"
"20151","02927553",22,0,"1",1625,"D",0,"D",.,"A",0,"D",0,"D",.,"A",.,"A",1625,"D",0,"D",.,"A",.,"A",.,"A",.,"A"
"20151","02927573",38,0,"1",1300,"D",325,"D",130,"D",130,"D",120,"D",.,"A",.,"A",975,"D",0,"D",.,"A",.,"A",.,"A",.,"A"
"20151","02927623",16,0,"1",260,"D",52,"D",.,"A",0,"D",0,"D",.,"A",.,"A",208,"D",0,"D",.,"A",.,"A",.,"A",.,"A"
"20151","02927653",25,0,"1",390,"D",0,"D",.,"A",130,"D",0,"D",.,"A",.,"A",390,"D",0,"D",.,"A",.,"A",.,"A",.,"A"
"20151","02927663",12,0,"1",585,"D",39,"D",.,"A",0,"D",0,"D",.,"A",.,"A",546,"D",0,"D",.,"A",.,"A",.,"A",.,"A"
"20151","02927723",20,0,"1",2080,"D",195,"D",.,"A",390,"D",6,"D",.,"A",.,"A",1885,"D",6,"D",.,"A",.,"A",.,"A",.,"A"
"20151","02927753",23,0,"1",1300,"D",260,"D",130,"D",1820,"D",120,"D",.,"A",.,"A",1040,"D",30,"D",14,"D",182,"D",.,"A",.,"A"
"20151","02927763",18,0,"1",2600,"D",650,"D",.,"A",0,"D",0,"D",.,"A",.,"A",1950,"D",0,"D",.,"A",.,"A",.,"A",.,"A"
"20151","02927803",23,0,"1",2600,"D",650,"D",.,"A",260,"D",0,"D",.,"A",.,"A",1950,"D",0,"D",.,"A",.,"A",.,"A",.,"A"
"20151","02927823",27,0,"1",650,"D",0,"D",.,"A",1300,"D",300,"D",.,"A",.,"A",650,"D",300,"D",20,"D",260,"D",.,"A",.,"A"
"20151","02927893",44,0,"1",390,"D",390,"D",.,"A",65,"D",0,"D",.,"A",.,"A",0,"D",0,"D",.,"A",.,"A",.,"A",.,"A"
"20151","02927913",71,0,"1",2275,"D",0,"D",.,"A",910,"D",0,"D",.,"A",.,"A",2275,"D",0,"D",.,"A",.,"A",.,"A",.,"A"
"20151","02927943",34,0,"1",845,"D",260,"D",.,"A",390,"D",0,"D",.,"A",.,"A",585,"D",60,"D",5,"D",65,"D",.,"A",.,"A"
"20151","02927953",75,0,"1",1950,"D",585,"D",.,"A",650,"D",0,"D",.,"A",.,"A",1365,"D",0,"D",50,"D",650,"D",.,"A",.,"A"
"20151","02927973",29,0,"1",1300,"D",325,"D",.,"A",1300,"D",165,"D",.,"A",.,"A",975,"D",105,"D",.,"A",.,"A",.,"A",.,"A"
"20151","02928023",30,0,"1",1079,"D",104,"D",.,"A",975,"D",0,"D",.,"A",.,"A",975,"D",300,"D",.,"A",.,"A",.,"A",.,"A"
"20151","02928033",28,0,"1",1625,"D",260,"D",.,"A",130,"D",0,"D",.,"A",.,"A",1365,"D",90,"D",.,"A",.,"A",.,"A",.,"A"
"20151","02928223",48,0,"1",1560,"D",130,"D",.,"A",1300,"D",0,"D",.,"A",.,"A",1430,"D",45,"D",.,"A",.,"A",.,"A",.,"A"
"20151","02928253",62,0,"1",2080,"D",130,"D",.,"A",650,"D",0,"D",.,"A",.,"A",1950,"D",45,"D",.,"A",.,"A",.,"A",.,"A"
"20151","02928323",46,0,"1",1950,"D",325,"D",.,"A",650,"D",0,"D",.,"A",.,"A",1625,"D",0,"D",.,"A",.,"A",.,"A",.,"A"
"20151","02928353",26,0,"1",1950,"D",260,"D",520,"D",0,"D",0,"D",.,"A",.,"A",1690,"D",0,"D",.,"A",.,"A",.,"A",.,"A"
"20151","02928363",50,0,"1",676,"D",156,"D",.,"A",0,"D",6,"D",.,"A",162,"D",520,"D",6,"D",.,"A",.,"A",.,"A",.,"A"
"20151","02928373",15,0,"1",2340,"D",390,"D",.,"A",1040,"D",0,"D",.,"A",.,"A",1950,"D",0,"D",.,"A",.,"A",.,"A",.,"A"
"20151","02928433",42,0,"1",1040,"D",130,"D",.,"A",520,"D",0,"D",.,"A",.,"A",910,"D",30,"D",.,"A",.,"A",.,"A",.,"A"
"20151","02928483",11,0,"1",1300,"D",195,"D",.,"A",520,"D",0,"D",.,"A",.,"A",1105,"D",0,"D",.,"A",.,"A",.,"A",.,"A"
"20151","02928553",65,0,"1",1625,"D",390,"D",1040,"D",754,"D",0,"D",.,"A",275,"D",1235,"D",0,"D",.,"A",.,"A",.,"A",.,"A"
"20151","02928623",23,0,"1",2600,"D",260,"D",520,"D",520,"D",240,"D",.,"A",.,"A",2340,"D",6,"D",.,"A",.,"A",.,"A",.,"A"
"20151","02928635",13,0,"1",520,"D",65,"D",.,"A",195,"D",0,"D",.,"A",.,"A",455,"D",0,"D",.,"A",.,"A",.,"A",.,"A"
"20151","02928693",9,0,"1",1950,"D",288,"F",.,"A",0,"D",0,"D",.,"A",.,"A",874,"F",0,"D",.,"A",.,"A",.,"A",.,"A"
"20151","02928713",46,0,"1",3250,"D",390,"D",260,"D",117,"D",36,"D",.,"A",25,"D",2860,"D",75,"D",.,"A",.,"A",.,"A",.,"A"
"20151","02928753",26,0,"1",1300,"D",130,"D",.,"A",260,"D",0,"D",.,"A",.,"A",1170,"D",0,"D",.,"A",.,"A",.,"A",.,"A"
"20151","02928763",54,0,"1",2600,"D",130,"D",.,"A",1625,"D",0,"D",.,"A",.,"A",2470,"D",0,"D",.,"A",.,"A",.,"A",.,"A"
"20151","02928774",10,0,"1",650,"D",221,"F",.,"A",553,"F",0,"D",.,"A",.,"A",753,"F",39,"D",.,"A",.,"A",.,"A",.,"A"
"20151","02928853",35,0,"1",1560,"D",975,"D",.,"A",0,"D",0,"D",.,"A",.,"A",585,"D",900,"D",171,"D",2223,"D",.,"A",.,"A"
"20151","02928873",67,0,"1",1040,"D",331,"F",.,"A",325,"D",6,"D",.,"A",.,"A",1029,"F",6,"D",.,"A",.,"A",.,"A",.,"A"
"20151","02928893",31,0,"1",1300,"D",650,"D",650,"D",325,"D",0,"D",.,"A",.,"A",650,"D",300,"D",.,"A",.,"A",.,"A",.,"A"
"20151","02928903",79,0,"1",3250,"D",975,"D",.,"A",1170,"D",0,"D",.,"A",.,"A",2275,"D",0,"D",35,"D",455,"D",.,"A",.,"A"
"20151","02928913",40,0,"1",1300,"D",195,"D",.,"A",1300,"D",240,"D",.,"A",24,"D",1105,"D",0,"D",40,"D",520,"D",.,"A",.,"A"
"20151","02928923",52,0,"1",1950,"D",0,"D",.,"A",1300,"D",240,"D",.,"A",.,"A",1950,"D",240,"D",.,"A",.,"A",.,"A",.,"A"
"20151","02928935",20,0,"1",910,"D",260,"D",.,"A",325,"D",75,"D",.,"A",.,"A",650,"D",240,"D",.,"A",.,"A",.,"A",.,"A"
"20151","02929033",76,0,"1",4550,"D",520,"D",.,"A",975,"D",240,"D",.,"A",220,"D",4030,"D",90,"D",.,"A",.,"A",.,"A",.,"A"
"20151","02929073",38,0,"1",2600,"D",260,"D",.,"A",1300,"D",0,"D",.,"A",.,"A",2340,"D",0,"D",.,"A",.,"A",.,"A",.,"A"
"20151","02929093",26,0,"1",975,"D",0,"D",.,"A",0,"D",0,"D",.,"A",.,"A",975,"D",0,"D",.,"A",.,"A",.,"A",.,"A"
"20151","02929123",13,0,"1",1560,"D",390,"D",.,"A",0,"D",0,"D",.,"A",.,"A",1170,"D",0,"D",.,"A",.,"A",.,"A",.,"A"
"20151","02929173",36,0,"1",1560,"D",325,"D",195,"D",520,"D",150,"D",.,"A",.,"A",1235,"D",150,"D",.,"A",.,"A",.,"A",.,"A"
"20151","02929183",44,0,"1",650,"D",260,"D",.,"A",0,"D",0,"D",.,"A",.,"A",390,"D",0,"D",25,"D",325,"D",.,"A",.,"A"
"20151","02929253",15,0,"1",1300,"D",260,"D",.,"A",130,"D",0,"D",.,"A",.,"A",1040,"D",90,"D",10,"D",130,"D",65,"D",5,"D"
"20151","02929283",31,0,"1",2600,"D",260,"D",.,"A",0,"D",0,"D",.,"A",.,"A",2340,"D",0,"D",.,"A",.,"A",.,"A",.,"A"
"20151","02929353",29,0,"1",2600,"D",455,"D",.,"A",1300,"D",0,"D",.,"A",.,"A",2145,"D",0,"D",.,"A",.,"A",.,"A",.,"A"
"20151","02929364",48,0,"1",650,"D",0,"D",390,"D",650,"D",0,"D",.,"A",.,"A",650,"D",0,"D",.,"A",.,"A",.,"A",.,"A"
"20151","02929393",21,0,"1",975,"D",130,"D",65,"D",260,"D",0,"D",.,"A",.,"A",845,"D",90,"D",.,"A",.,"A",.,"A",.,"A"
"20151","02929403",45,0,"1",1040,"D",260,"D",.,"A",260,"D",0,"D",.,"A",.,"A",780,"D",0,"D",.,"A",.,"A",.,"A",.,"A"
"20151","02929443",28,0,"1",1040,"D",208,"D",.,"A",260,"D",6,"D",.,"A",.,"A",832,"D",6,"D",.,"A",.,"A",.,"A",.,"A"
"20151","02929473",12,0,"1",2080,"D",260,"D",.,"A",260,"D",0,"D",.,"A",.,"A",1820,"D",0,"D",.,"A",.,"A",.,"A",.,"A"
"20151","02929483",16,0,"1",1950,"D",260,"D",.,"A",780,"D",0,"D",.,"A",.,"A",1690,"D",0,"D",.,"A",.,"A",.,"A",.,"A"
"20151","02929545",15,0,"1",546,"D",26,"D",.,"A",195,"D",0,"D",.,"A",.,"A",520,"D",0,"D",.,"A",.,"A",.,"A",.,"A"
"20151","02929553",27,0,"1",1300,"D",361,"F",.,"A",975,"D",156,"F",.,"A",.,"A",1269,"F",150,"D",.,"A",.,"A",.,"A",.,"A"
"20151","02929563",42,0,"1",585,"D",260,"D",39,"D",130,"D",0,"D",.,"A",.,"A",325,"D",6,"D",15,"D",195,"D",.,"A",.,"A"
"20151","02929593",22,0,"1",975,"D",260,"D",.,"A",0,"D",6,"D",.,"A",.,"A",715,"D",6,"D",.,"A",.,"A",.,"A",.,"A"
"20151","02929613",26,0,"1",1337,"F",.,"A",403,"F",588,"F",95,"F",.,"A",.,"A",1094,"F",94,"F",.,"A",.,"A",.,"A",.,"A"
"20151","02929643",41,0,"1",1625,"D",195,"D",.,"A",260,"D",0,"D",.,"A",.,"A",1430,"D",108,"F",.,"A",.,"A",.,"A",.,"A"
"20151","02929713",70,0,"1",1560,"D",130,"D",.,"A",0,"D",0,"D",.,"A",.,"A",1430,"D",240,"D",.,"A",.,"A",.,"A",.,"A"
"20151","02929743",23,0,"1",3900,"D",351,"F",.,"A",458,"F",66,"D",.,"A",.,"A",1470,"F",66,"D",.,"A",.,"A",.,"A",.,"A"
"20151","02929753",29,0,"1",455,"D",0,"D",130,"D",130,"D",0,"D",.,"A",.,"A",455,"D",45,"D",14,"D",182,"D",.,"A",.,"A"
"20151","02929803",19,0,"1",780,"D",0,"D",.,"A",553,"F",0,"D",.,"A",.,"A",780,"D",0,"D",.,"A",.,"A",.,"A",.,"A"
"20151","02929843",54,0,"1",1950,"D",650,"D",.,"A",520,"D",60,"D",.,"A",.,"A",1300,"D",30,"D",.,"A",.,"A",.,"A",.,"A"
"20151","02929953",33,0,"1",780,"D",130,"D",585,"D",520,"D",0,"D",.,"A",.,"A",650,"D",0,"D",.,"A",.,"A",.,"A",.,"A"
"20151","02929993",27,0,"1",2106,"D",156,"D",.,"A",39,"D",0,"D",.,"A",.,"A",1950,"D",0,"D",.,"A",.,"A",.,"A",.,"A"
"20151","02930013",39,0,"1",2600,"D",260,"D",.,"A",650,"D",0,"D",.,"A",.,"A",2340,"D",0,"D",.,"A",.,"A",.,"A",.,"A"
"20151","02930043",23,0,"1",650,"D",221,"F",.,"A",553,"F",0,"D",.,"A",.,"A",753,"F",0,"D",.,"A",.,"A",.,"A",.,"A"
"20151","02930063",29,0,"1",1560,"D",390,"D",.,"A",260,"D",300,"D",.,"A",.,"A",1170,"D",300,"D",.,"A",.,"A",.,"A",.,"A"
"20151","02930073",56,0,"1",1625,"D",325,"D",.,"A",4550,"D",0,"D",.,"A",.,"A",1300,"D",0,"D",.,"A",.,"A",.,"A",.,"A"
"20151","02930083",51,0,"1",650,"D",0,"D",.,"A",325,"D",85,"F",.,"A",.,"A",650,"D",90,"D",.,"A",.,"A",.,"A",.,"A"
"20151","02930123",54,0,"1",1300,"D",130,"D",1300,"D",650,"D",0,"D",.,"A",.,"A",1170,"D",108,"F",.,"A",.,"A",.,"A",.,"A"
"20151","02930173",6,0,"1",1300,"D",0,"D",.,"A",0,"D",0,"D",.,"A",.,"A",1300,"D",0,"D",.,"A",.,"A",.,"A",.,"A"
"20151","02930243",45,0,"1",1625,"D",325,"D",.,"A",260,"D",0,"D",.,"A",.,"A",1300,"D",0,"D",.,"A",.,"A",.,"A",.,"A"
"20151","02930263",32,0,"1",650,"D",130,"D",.,"A",325,"D",0,"D",.,"A",.,"A",520,"D",30,"D",.,"A",.,"A",.,"A",.,"A"
"20151","02930283",42,0,"1",845,"D",195,"D",520,"D",130,"D",0,"D",.,"A",.,"A",650,"D",24,"D",.,"A",.,"A",.,"A",.,"A"
"20151","02930393",27,0,"1",1625,"D",0,"D",.,"A",520,"D",0,"D",.,"A",.,"A",1625,"D",0,"D",.,"A",.,"A",.,"A",.,"A"
"20151","02930403",12,0,"1",1495,"D",325,"D",325,"D",780,"D",0,"D",.,"A",.,"A",1170,"D",0,"D",.,"A",.,"A",.,"A",.,"A"
"20151","02930453",57,0,"1",1300,"D",260,"D",.,"A",2600,"D",1200,"D",.,"A",.,"A",1040,"D",120,"D",.,"A",.,"A",.,"A",.,"A"
"20151","02930493",41,0,"1",975,"D",260,"D",.,"A",390,"D",0,"D",.,"A",.,"A",715,"D",0,"D",.,"A",.,"A",.,"A",.,"A"
"20151","02930503",36,0,"1",1105,"D",390,"D",.,"A",0,"D",0,"D",.,"A",.,"A",715,"D",0,"D",.,"A",.,"A",.,"A",.,"A"
"20151","02930513",17,0,"1",195,"D",39,"D",.,"A",260,"D",0,"D",.,"A",.,"A",156,"D",0,"D",.,"A",.,"A",.,"A",.,"A"
"20151","02930553",18,0,"1",2137,"F",.,"A",.,"A",733,"F",85,"F",.,"A",.,"A",1823,"F",119,"F",.,"A",.,"A",.,"A",.,"A"
"20151","02930583",18,0,"1",3380,"D",780,"D",.,"A",0,"D",0,"D",.,"A",.,"A",2600,"D",6,"D",.,"A",.,"A",.,"A",.,"A"
"20151","02930593",11,0,"1",780,"D",0,"D",.,"A",0,"D",6,"D",.,"A",.,"A",780,"D",6,"D",.,"A",.,"A",.,"A",.,"A"
"20151","02930643",21,0,"1",2600,"D",260,"D",390,"D",1560,"D",0,"D",.,"A",.,"A",2340,"D",0,"D",.,"A",.,"A",.,"A",.,"A"
"20151","02930673",21,0,"1",1300,"D",184,"F",.,"A",352,"F",0,"D",.,"A",.,"A",637,"F",0,"D",.,"A",.,"A",.,"A",.,"A"
"20151","02930693",30,0,"1",3510,"D",260,"D",.,"A",1300,"D",0,"D",.,"A",360,"D",3250,"D",0,"D",.,"A",.,"A",.,"A",.,"A"
"20151","02930733",52,0,"1",2210,"D",260,"D",.,"A",390,"D",0,"D",.,"A",98,"D",1950,"D",0,"D",.,"A",.,"A",.,"A",.,"A"
"20151","02930743",125,0,"1",3055,"D",65,"D",.,"A",910,"D",0,"D",.,"A",.,"A",2990,"D",30,"D",.,"A",.,"A",.,"A",.,"A"
"20151","02930753",52,0,"1",650,"D",260,"D",260,"D",390,"D",90,"D",.,"A",.,"A",390,"D",180,"D",.,"A",.,"A",.,"A",.,"A"
"20151","02930763",45,0,"1",3250,"D",520,"D",.,"A",0,"D",0,"D",.,"A",.,"A",2730,"D",0,"D",100,"D",1300,"D",.,"A",.,"A"
"20151","02930773",39,0,"1",2600,"D",325,"D",2600,"D",2600,"D",0,"D",.,"A",.,"A",2275,"D",0,"D",.,"A",.,"A",.,"A",.,"A"
"20151","02930795",15,0,"1",325,"D",0,"D",.,"A",650,"D",6,"D",.,"A",.,"A",325,"D",106,"F",20,"D",260,"D",.,"A",.,"A"
"20151","02930813",39,0,"1",1950,"D",520,"D",.,"A",1560,"D",75,"D",.,"A",.,"A",1430,"D",0,"D",.,"A",.,"A",.,"A",.,"A"
"20151","02930865",15,0,"1",260,"D",0,"D",.,"A",130,"D",0,"D",.,"A",.,"A",260,"D",0,"D",.,"A",.,"A",.,"A",.,"A"
"20151","02930884",30,0,"1",1040,"D",0,"D",260,"D",0,"D",0,"D",.,"A",.,"A",1040,"D",0,"D",.,"A",.,"A",.,"A",.,"A"
"20151","02930893",29,0,"1",1040,"D",65,"D",.,"A",65,"D",0,"D",.,"A",.,"A",975,"D",0,"D",.,"A",.,"A",.,"A",.,"A"
"20151","02930945",26,0,"1",1040,"D",130,"D",.,"A",260,"D",90,"D",.,"A",.,"A",910,"D",0,"D",.,"A",.,"A",.,"A",.,"A"
"20151","02930953",32,0,"1",780,"D",195,"D",.,"A",130,"D",0,"D",.,"A",.,"A",585,"D",45,"D",7,"D",91,"D",.,"A",.,"A"
"20151","02930963",14,0,"1",1625,"D",195,"D",.,"A",520,"D",0,"D",.,"A",.,"A",1430,"D",0,"D",.,"A",.,"A",.,"A",.,"A"
"20151","02931073",31,0,"1",2600,"D",650,"D",390,"D",845,"D",0,"D",.,"A",.,"A",1950,"D",0,"D",.,"A",.,"A",.,"A",.,"A"
"20151","02931083",10,0,"1",780,"D",104,"D",.,"A",260,"D",0,"D",.,"A",.,"A",676,"D",0,"D",.,"A",.,"A",.,"A",.,"A"
"20151","02931193",8,0,"1",520,"D",184,"F",.,"A",0,"D",6,"D",.,"A",.,"A",637,"F",6,"D",.,"A",.,"A",.,"A",.,"A"
"20151","02931213",36,0,"1",3900,"D",0,"D",.,"A",1300,"D",0,"D",.,"A",.,"A",3900,"D",0,"D",.,"A",.,"A",.,"A",.,"A"
"20151","02931243",40,0,"1",3250,"D",650,"D",.,"A",650,"D",180,"D",.,"A",.,"A",2600,"D",240,"D",.,"A",.,"A",.,"A",.,"A"
"20151","02931253",57,0,"1",1950,"D",325,"D",.,"A",650,"D",90,"D",.,"A",.,"A",1625,"D",90,"D",.,"A",.,"A",.,"A",.,"A"
"20151","02931273",23,0,"1",1502,"F",.,"A",.,"A",673,"F",66,"F",.,"A",.,"A",1217,"F",122,"F",.,"A",.,"A",.,"A",.,"A"
"20151","02931293",20,0,"1",1300,"D",260,"D",.,"A",0,"D",0,"D",.,"A",.,"A",1040,"D",0,"D",.,"A",.,"A",.,"A",.,"A"
"20151","02931303",33,0,"1",910,"D",390,"D",.,"A",0,"D",0,"D",.,"A",.,"A",520,"D",0,"D",25,"D",325,"D",.,"A",.,"A"
"20151","02931323",46,0,"1",1300,"D",650,"D",.,"A",195,"D",0,"D",.,"A",.,"A",650,"D",0,"D",.,"A",.,"A",.,"A",.,"A"
"20151","02931343",22,0,"1",1625,"D",130,"D",.,"A",390,"D",0,"D",.,"A",.,"A",1495,"D",0,"D",.,"A",.,"A",.,"A",.,"A"
"20151","02931393",33,0,"1",1560,"D",325,"D",325,"D",780,"D",0,"D",.,"A",.,"A",1235,"D",0,"D",.,"A",.,"A",.,"A",.,"A"
"20151","02931443",38,0,"1",1690,"D",260,"D",.,"A",130,"D",45,"D",.,"A",.,"A",1430,"D",90,"D",20,"D",260,"D",.,"A",.,"A"
"20151","02931453",20,0,"1",1950,"D",0,"D",.,"A",1950,"D",0,"D",.,"A",.,"A",1950,"D",0,"D",.,"A",.,"A",.,"A",.,"A"
"20151","02931483",31,0,"1",780,"D",182,"D",.,"A",260,"D",0,"D",.,"A",.,"A",598,"D",15,"D",.,"A",.,"A",.,"A",.,"A"
"20151","02931563",14,0,"1",130,"D",26,"D",.,"A",0,"D",0,"D",.,"A",.,"A",104,"D",0,"D",.,"A",.,"A",.,"A",.,"A"
"20151","02931573",75,0,"1",6500,"D",390,"D",195,"D",650,"D",75,"D",.,"A",.,"A",6110,"D",0,"D",.,"A",.,"A",.,"A",.,"A"
"20151","02931623",21,0,"1",650,"D",65,"D",.,"A",130,"D",0,"D",.,"A",.,"A",585,"D",75,"D",.,"A",.,"A",.,"A",.,"A"
"20151","02931654",13,0,"1",325,"D",325,"D",.,"A",0,"D",0,"D",.,"A",.,"A",0,"D",30,"D",.,"A",.,"A",.,"A",.,"A"
"20151","02931663",82,0,"1",2600,"D",650,"D",260,"D",975,"D",0,"D",.,"A",.,"A",1950,"D",0,"D",.,"A",.,"A",.,"A",.,"A"
"20151","02931673",54,0,"1",1950,"D",325,"D",130,"D",325,"D",45,"D",.,"A",.,"A",1625,"D",75,"D",.,"A",.,"A",.,"A",.,"A"
"20151","02931723",35,0,"1",1502,"F",.,"A",.,"A",673,"F",72,"D",.,"A",.,"A",1217,"F",0,"D",.,"A",.,"A",.,"A",.,"A"
"20151","02931753",20,0,"1",780,"D",214,"F",.,"A",741,"D",0,"D",.,"A",.,"A",694,"F",90,"D",.,"A",.,"A",.,"A",.,"A"
"20151","02931763",34,0,"1",2600,"D",650,"D",.,"A",325,"D",132,"F",.,"A",.,"A",1950,"D",150,"D",.,"A",.,"A",.,"A",.,"A"
"20151","02931783",30,0,"1",2600,"D",650,"D",260,"D",0,"D",0,"D",.,"A",.,"A",1950,"D",45,"D",.,"A",.,"A",.,"A",.,"A"
"20151","02931833",15,0,"1",2275,"D",0,"D",.,"A",0,"D",0,"D",.,"A",.,"A",2275,"D",45,"D",27,"D",351,"D",.,"A",.,"A"
"20151","02931853",44,0,"1",1300,"D",130,"D",.,"A",1170,"D",60,"D",.,"A",180,"D",1170,"D",60,"D",.,"A",.,"A",.,"A",.,"A"
"20151","02931903",17,0,"1",780,"D",130,"D",195,"D",130,"D",30,"D",.,"A",.,"A",650,"D",60,"D",.,"A",.,"A",.,"A",.,"A"
"20151","02931913",20,0,"1",1170,"D",260,"D",.,"A",364,"D",0,"D",.,"A",.,"A",910,"D",0,"D",.,"A",.,"A",.,"A",.,"A"
"20151","02931923",41,0,"1",2600,"D",260,"D",.,"A",650,"D",0,"D",.,"A",.,"A",2340,"D",0,"D",.,"A",.,"A",.,"A",.,"A"
"20151","02931933",42,0,"1",2600,"D",0,"D",.,"A",650,"D",0,"D",.,"A",.,"A",2600,"D",0,"D",.,"A",.,"A",.,"A",.,"A"
"20151","02931943",43,0,"1",2600,"D",975,"D",.,"A",0,"D",0,"D",.,"A",60,"D",1625,"D",120,"D",.,"A",.,"A",.,"A",.,"A"
"20151","02931953",29,0,"1",1950,"D",390,"D",.,"A",260,"D",0,"D",.,"A",.,"A",1560,"D",0,"D",.,"A",.,"A",.,"A",.,"A"
"20151","02932023",34,0,"1",1690,"D",441,"F",.,"A",0,"D",0,"D",.,"A",.,"A",1613,"F",0,"D",.,"A",.,"A",.,"A",.,"A"
"20151","02932063",19,0,"1",494,"D",52,"D",.,"A",156,"D",0,"D",.,"A",.,"A",442,"D",0,"D",.,"A",.,"A",.,"A",.,"A"
"20151","02932143",47,0,"1",2275,"D",195,"D",.,"A",3250,"D",0,"D",.,"A",.,"A",2080,"D",150,"D",.,"A",.,"A",.,"A",.,"A"
"20151","02932163",11,0,"1",845,"D",156,"D",.,"A",325,"D",0,"D",.,"A",.,"A",689,"D",90,"D",.,"A",.,"A",.,"A",.,"A"
"20151","02932173",33,0,"1",1950,"D",395,"F",.,"A",733,"F",85,"F",.,"A",.,"A",1823,"F",119,"F",.,"A",.,"A",.,"A",.,"A"
"20151","02932185",19,0,"1",1950,"D",650,"D",.,"A",650,"D",75,"D",.,"A",.,"A",1300,"D",75,"D",10,"D",130,"D",.,"A",.,"A"
"20151","02932203",59,0,"1",910,"D",260,"D",.,"A",975,"D",0,"D",.,"A",.,"A",650,"D",0,"D",.,"A",.,"A",.,"A",.,"A"
"20151","02932223",80,0,"1",1950,"D",130,"D",39,"D",715,"D",153,"F",.,"A",.,"A",1820,"D",105,"D",.,"A",.,"A",.,"A",.,"A"
"20151","02932233",50,0,"1",2080,"D",520,"D",.,"A",1209,"D",0,"D",.,"A",.,"A",1560,"D",150,"D",.,"A",.,"A",.,"A",.,"A"
"20151","02932243",17,0,"1",195,"D",130,"D",.,"A",390,"D",0,"D",.,"A",.,"A",65,"D",0,"D",.,"A",.,"A",.,"A",.,"A"
"20151","02932253",23,0,"1",845,"D",0,"D",.,"A",650,"D",0,"D",.,"A",.,"A",845,"D",450,"D",.,"A",.,"A",.,"A",.,"A"
"20151","02932273",29,0,"1",1950,"D",390,"D",.,"A",195,"D",0,"D",.,"A",.,"A",1560,"D",0,"D",.,"A",.,"A",.,"A",.,"A"
"20151","02932343",48,0,"1",3575,"D",845,"D",.,"A",2730,"D",0,"D",.,"A",.,"A",2730,"D",0,"D",.,"A",.,"A",.,"A",.,"A"
"20151","02932353",50,0,"1",975,"D",0,"D",.,"A",673,"F",66,"F",.,"A",.,"A",975,"D",122,"F",.,"A",.,"A",.,"A",.,"A"
"20151","02932363",51,0,"1",975,"D",65,"D",13,"D",325,"D",30,"D",.,"A",.,"A",910,"D",105,"D",80,"D",1040,"D",.,"A",.,"A"
"20151","02932413",100,0,"1",2600,"D",390,"D",.,"A",975,"D",150,"D",.,"A",240,"D",2210,"D",150,"D",.,"A",.,"A",.,"A",.,"A"
"20151","02932433",43,0,"1",1300,"D",520,"D",.,"A",260,"D",0,"D",.,"A",.,"A",780,"D",0,"D",.,"A",.,"A",.,"A",.,"A"
"20151","02932453",58,0,"1",1300,"D",130,"D",195,"D",130,"D",60,"D",.,"A",.,"A",1170,"D",90,"D",.,"A",.,"A",.,"A",.,"A"
"20151","02932463",51,0,"1",1040,"D",520,"D",.,"A",325,"D",60,"D",.,"A",.,"A",520,"D",60,"D",.,"A",.,"A",.,"A",.,"A"
"20151","02932523",31,0,"1",2600,"D",650,"D",650,"D",520,"D",0,"D",.,"A",.,"A",1950,"D",0,"D",6,"D",78,"D",.,"A",.,"A"
"20151","02932533",34,0,"1",5200,"D",975,"D",.,"A",130,"D",60,"D",.,"A",.,"A",4225,"D",300,"D",.,"A",.,"A",.,"A",.,"A"
"20151","02932563",34,0,"1",780,"D",65,"D",.,"A",325,"D",0,"D",.,"A",.,"A",715,"D",0,"D",.,"A",.,"A",.,"A",.,"A"
"20151","02932603",33,0,"1",1300,"D",0,"D",.,"A",780,"D",0,"D",.,"A",.,"A",1300,"D",0,"D",.,"A",.,"A",.,"A",.,"A"
"20151","02932633",26,0,"1",910,"D",130,"D",.,"A",650,"D",0,"D",.,"A",.,"A",780,"D",0,"D",.,"A",.,"A",.,"A",.,"A"
"20151","02932663",53,0,"1",2340,"D",650,"D",.,"A",1300,"D",0,"D",.,"A",.,"A",1690,"D",300,"D",.,"A",.,"A",.,"A",.,"A"
"20151","02932683",17,0,"1",1300,"D",260,"D",.,"A",0,"D",0,"D",.,"A",.,"A",1040,"D",0,"D",50,"D",650,"D",.,"A",.,"A"
"20151","02932693",50,0,"1",650,"D",0,"D",.,"A",0,"D",0,"D",130,"D",.,"A",650,"D",24,"D",.,"A",.,"A",.,"A",.,"A"
"20151","02932703",119,0,"1",1950,"D",650,"D",.,"A",1300,"D",450,"D",.,"A",70,"D",1300,"D",90,"D",.,"A",.,"A",.,"A",.,"A"
"20151","02932733",29,0,"1",1950,"D",520,"D",325,"D",390,"D",0,"D",.,"A",.,"A",1430,"D",0,"D",.,"A",.,"A",.,"A",.,"A"
"20151","02932805",26,0,"1",1560,"D",520,"D",.,"A",325,"D",0,"D",.,"A",.,"A",1040,"D",150,"D",.,"A",.,"A",.,"A",.,"A"
"20151","02932833",23,0,"1",780,"D",260,"D",.,"A",260,"D",0,"D",.,"A",.,"A",520,"D",0,"D",.,"A",.,"A",.,"A",.,"A"
"20151","02932843",51,0,"1",1300,"D",195,"D",.,"A",0,"D",0,"D",.,"A",.,"A",1105,"D",0,"D",.,"A",.,"A",.,"A",.,"A"
"20151","02932903",55,0,"1",845,"D",325,"D",.,"A",715,"D",300,"D",.,"A",.,"A",520,"D",180,"D",.,"A",.,"A",.,"A",.,"A"
"20151","02932933",44,0,"1",1560,"D",520,"D",.,"A",260,"D",45,"D",.,"A",.,"A",1040,"D",45,"D",.,"A",.,"A",.,"A",.,"A"
"20151","02932953",69,0,"1",2600,"D",260,"D",650,"D",260,"D",0,"D",.,"A",180,"D",2340,"D",30,"D",.,"A",.,"A",.,"A",.,"A"
"20151","02933003",39,0,"1",1300,"D",130,"D",130,"D",975,"D",450,"D",.,"A",.,"A",1170,"D",300,"D",.,"A",.,"A",.,"A",.,"A"
"20151","02933033",41,0,"1",1950,"D",0,"D",.,"A",1300,"D",0,"D",.,"A",.,"A",1950,"D",0,"D",.,"A",.,"A",.,"A",.,"A"
"20151","02933063",18,0,"1",65,"D",0,"D",.,"A",130,"D",0,"D",.,"A",.,"A",65,"D",150,"D",39,"D",507,"D",.,"A",.,"A"
"20151","02933103",41,0,"1",1300,"D",195,"D",.,"A",520,"D",45,"D",.,"A",.,"A",1105,"D",60,"D",.,"A",.,"A",.,"A",.,"A"
"20151","02933133",78,0,"1",1950,"D",325,"D",.,"A",650,"D",300,"D",.,"A",240,"D",1625,"D",300,"D",.,"A",.,"A",.,"A",.,"A"
"20151","02933233",26,0,"1",3900,"D",260,"D",195,"D",520,"D",45,"D",.,"A",.,"A",3640,"D",300,"D",.,"A",.,"A",.,"A",.,"A"
"20151","02933253",27,0,"1",1950,"D",0,"D",130,"D",650,"D",0,"D",.,"A",.,"A",1950,"D",0,"D",.,"A",.,"A",.,"A",.,"A"
"20151","02933263",17,0,"1",1950,"D",390,"D",.,"A",0,"D",6,"D",.,"A",.,"A",1560,"D",6,"D",.,"A",.,"A",.,"A",.,"A"
"20151","02933323",36,0,"1",715,"D",325,"D",.,"A",260,"D",0,"D",.,"A",.,"A",390,"D",0,"D",.,"A",.,"A",.,"A",.,"A"
"20151","02933353",31,0,"1",195,"D",0,"D",.,"A",1105,"D",480,"D",625,"D",.,"A",195,"D",75,"D",.,"A",.,"A",.,"A",.,"A"
"20151","02933413",27,0,"1",390,"D",65,"D",.,"A",260,"D",360,"D",.,"A",.,"A",325,"D",0,"D",.,"A",.,"A",.,"A",.,"A"
"20151","02933453",30,0,"1",2600,"D",650,"D",.,"A",1300,"D",0,"D",.,"A",.,"A",1950,"D",0,"D",.,"A",.,"A",.,"A",.,"A"
"20151","02933513",39,0,"1",3900,"D",650,"D",.,"A",650,"D",150,"D",.,"A",.,"A",3250,"D",0,"D",.,"A",.,"A",.,"A",.,"A"
"20151","02933563",59,0,"1",1300,"D",0,"D",.,"A",975,"D",45,"D",.,"A",.,"A",1300,"D",0,"D",.,"A",.,"A",.,"A",.,"A"
"20151","02933573",46,0,"1",3900,"D",650,"D",.,"A",390,"D",132,"F",.,"A",.,"A",3250,"D",900,"D",.,"C",508,"F",.,"A",.,"A"
"20151","02933613",42,0,"1",390,"D",39,"D",65,"D",650,"D",0,"D",.,"A",.,"A",351,"D",0,"D",.,"A",.,"A",.,"A",.,"A"
"20151","02933633",16,0,"1",1950,"D",0,"D",.,"A",458,"F",0,"D",.,"A",.,"A",1950,"D",0,"D",.,"A",.,"A",.,"A",.,"A"
"20151","02933643",23,0,"1",650,"D",65,"D",.,"A",260,"D",60,"D",.,"A",.,"A",585,"D",30,"D",.,"A",.,"A",.,"A",.,"A"
"20151","02933663",56,0,"1",520,"D",0,"D",.,"A",650,"D",0,"D",.,"A",.,"A",520,"D",30,"D",.,"A",.,"A",.,"A",.,"A"
"20151","02933704",30,0,"1",1040,"D",0,"D",260,"D",130,"D",0,"D",.,"A",.,"A",1040,"D",0,"D",.,"A",.,"A",.,"A",.,"A"
"20151","02933733",52,0,"1",845,"D",331,"F",.,"A",2600,"D",0,"D",.,"A",.,"A",1029,"F",0,"D",.,"A",.,"A",.,"A",.,"A"
"20151","02944263",8,0,"1",0,"D",.,"A",.,"A",0,"D",0,"D",.,"A",.,"A",0,"D",0,"D",.,"A",.,"A",.,"A",.,"A"
"20151","02944305",17,0,"1",1430,"D",520,"D",.,"A",1300,"D",225,"D",.,"A",.,"A",910,"D",480,"D",.,"A",.,"A",.,"A",.,"A"
"20151","02944383",59,0,"1",2600,"D",520,"D",260,"D",780,"D",0,"D",.,"A",135,"D",2080,"D",0,"D",.,"A",.,"A",.,"A",.,"A"
"20151","02944473",18,0,"1",559,"D",0,"D",.,"A",0,"D",0,"D",.,"A",.,"A",559,"D",0,"D",20,"D",260,"D",.,"A",.,"A"
"20151","02944483",33,0,"1",5200,"D",650,"D",.,"A",1300,"D",0,"D",.,"A",.,"A",4550,"D",0,"D",.,"A",.,"A",.,"A",.,"A"
"20151","02944543",35,0,"1",1456,"D",156,"D",.,"A",39,"D",0,"D",.,"A",.,"A",1300,"D",0,"D",.,"A",.,"A",.,"A",.,"A"
"20151","02944563",21,0,"1",2210,"D",260,"D",.,"A",65,"D",0,"D",.,"A",.,"A",1950,"D",15,"D",5,"D",65,"D",.,"A",.,"A"
"20151","02944583",40,0,"1",2600,"D",325,"D",.,"A",650,"D",6,"D",.,"A",.,"A",2275,"D",6,"D",.,"A",.,"A",.,"A",.,"A"
"20151","02944623",37,0,"1",2600,"D",520,"D",.,"A",3900,"D",0,"D",.,"A",100,"D",2080,"D",300,"D",.,"A",.,"A",.,"A",.,"A"
"20151","02944643",49,0,"1",4225,"D",1950,"D",.,"A",3900,"D",600,"D",.,"A",188,"D",2275,"D",600,"D",.,"A",.,"A",.,"A",.,"A"
"20151","02944673",12,0,"1",910,"D",130,"D",.,"A",260,"D",6,"D",.,"A",.,"A",780,"D",6,"D",.,"A",.,"A",.,"A",.,"A"
"20151","02944713",8,0,"1",780,"D",130,"D",373,"F",553,"F",0,"D",.,"A",.,"A",650,"D",0,"D",.,"A",.,"A",.,"A",.,"A"
"20151","02944753",63,0,"1",1300,"D",260,"D",.,"A",1300,"D",150,"D",.,"A",.,"A",1040,"D",0,"D",.,"A",.,"A",.,"A",.,"A"
"20151","02944803",35,0,"1",1068,"F",.,"A",.,"A",2600,"D",450,"D",.,"A",.,"A",868,"F",0,"D",.,"A",.,"A",.,"A",.,"A"
"20151","02944843",36,0,"1",1300,"D",195,"D",.,"A",260,"D",0,"D",.,"A",.,"A",1105,"D",0,"D",.,"A",.,"A",.,"A",.,"A"
"20151","02944863",34,0,"1",780,"D",260,"D",.,"A",195,"D",30,"D",.,"A",.,"A",520,"D",105,"D",.,"A",.,"A",.,"A",.,"A"
"20151","02944883",40,0,"1",1950,"D",260,"D",.,"A",3250,"D",0,"D",.,"A",.,"A",1690,"D",60,"D",.,"A",.,"A",.,"A",.,"A"
"20151","02944893",59,0,"1",975,"D",0,"D",325,"D",455,"D",6,"D",.,"A",.,"A",975,"D",6,"D",.,"A",.,"A",.,"A",.,"A"
"20151","02944973",67,0,"1",2600,"D",650,"D",260,"D",650,"D",0,"D",.,"A",.,"A",1950,"D",0,"D",.,"A",.,"A",.,"A",.,"A"
"20151","02944993",17,0,"1",975,"D",195,"D",.,"A",0,"D",0,"D",.,"A",.,"A",780,"D",0,"D",.,"A",.,"A",.,"A",.,"A"
"20151","02945014",26,0,"1",1300,"D",260,"D",.,"A",0,"D",0,"D",.,"A",.,"A",1040,"D",0,"D",.,"A",.,"A",.,"A",.,"A"
"20151","02945063",63,0,"1",5200,"D",975,"D",650,"D",5200,"D",1500,"D",.,"A",.,"A",4225,"D",600,"D",.,"A",.,"A",.,"A",.,"A"
"20151","02945123",19,0,"1",1560,"D",260,"D",.,"A",325,"D",0,"D",.,"A",.,"A",1300,"D",0,"D",.,"A",.,"A",.,"A",.,"A"
"20151","02945133",15,0,"1",520,"D",130,"D",.,"A",0,"D",0,"D",.,"A",.,"A",390,"D",0,"D",.,"A",.,"A",.,"A",.,"A"
"20151","02945163",27,0,"1",1040,"D",39,"D",.,"A",130,"D",6,"D",.,"A",.,"A",1001,"D",6,"D",.,"A",.,"A",.,"A",.,"A"
"20151","02945243",43,0,"1",1820,"D",260,"D",.,"A",390,"D",45,"D",.,"A",130,"D",1560,"D",90,"D",.,"A",.,"A",.,"A",.,"A"
"20151","02945323",14,0,"1",1950,"D",260,"D",325,"D",1950,"D",0,"D",.,"A",.,"A",1690,"D",0,"D",.,"A",.,"A",.,"A",.,"A"
"20151","02945403",10,0,"1",1950,"D",390,"D",390,"D",0,"D",0,"D",.,"A",.,"A",1560,"D",0,"D",.,"A",.,"A",.,"A",.,"A"
"20151","02945433",96,0,"1",2275,"D",390,"D",.,"A",325,"D",0,"D",.,"A",.,"A",1885,"D",0,"D",.,"A",.,"A",.,"A",.,"A"
"20151","02945443",41,0,"1",2275,"D",325,"D",.,"A",975,"D",300,"D",.,"A",.,"A",1950,"D",375,"D",.,"A",.,"A",.,"A",.,"A"
"20151","02945513",33,0,"1",3250,"D",650,"D",.,"A",325,"D",45,"D",.,"A",.,"A",2600,"D",75,"D",.,"A",.,"A",.,"A",.,"A"
"20151","02945543",31,0,"1",455,"D",65,"D",.,"A",650,"D",1200,"D",.,"A",.,"A",390,"D",273,"D",26,"D",338,"D",.,"A",.,"A"
"20151","02945553",16,0,"1",1300,"D",130,"D",.,"A",195,"D",0,"D",.,"A",.,"A",1170,"D",0,"D",.,"A",.,"A",.,"A",.,"A"
"20151","02945583",27,0,"1",1950,"D",260,"D",.,"A",1300,"D",0,"D",.,"A",.,"A",1690,"D",0,"D",.,"A",.,"A",.,"A",.,"A"
"20151","02945593",64,0,"1",11700,"D",3900,"D",.,"A",1950,"D",300,"D",.,"A",.,"A",7800,"D",600,"D",.,"A",.,"A",.,"A",.,"A"
"20151","02945663",40,0,"1",1950,"D",975,"D",.,"A",780,"D",0,"D",.,"A",.,"A",975,"D",6,"D",.,"A",.,"A",.,"A",.,"A"
"20151","02945763",24,0,"1",650,"D",214,"F",284,"F",520,"D",85,"F",.,"A",.,"A",694,"F",102,"F",.,"A",.,"A",.,"A",.,"A"
"20151","02945803",25,0,"1",910,"D",130,"D",.,"A",0,"D",0,"D",.,"A",.,"A",780,"D",0,"D",.,"A",.,"A",.,"A",.,"A"
"20151","02945813",23,0,"1",3250,"D",0,"D",.,"A",130,"D",0,"D",.,"A",.,"A",3250,"D",0,"D",.,"A",.,"A",.,"A",.,"A"
"20151","02945823",23,0,"1",520,"D",130,"D",.,"A",260,"D",0,"D",.,"A",.,"A",390,"D",0,"D",.,"A",.,"A",.,"A",.,"A"
"20151","02945843",30,0,"1",1625,"D",260,"D",.,"A",390,"D",60,"D",.,"A",.,"A",1365,"D",120,"D",.,"A",.,"A",.,"A",.,"A"
"20151","02945853",42,0,"1",1300,"D",520,"D",.,"A",0,"D",0,"D",.,"A",.,"A",780,"D",0,"D",.,"A",.,"A",.,"A",.,"A"
"20151","02945863",26,0,"1",1560,"D",390,"D",65,"D",65,"D",118,"F",.,"A",.,"A",1170,"D",0,"D",.,"C",330,"F",.,"A",.,"A"
"20151","02945893",27,0,"1",1300,"D",260,"D",.,"A",260,"D",0,"D",.,"A",.,"A",1040,"D",0,"D",.,"A",.,"A",.,"A",.,"A"
"20151","02945903",16,0,"1",2600,"D",260,"D",.,"A",1300,"D",0,"D",.,"A",.,"A",2340,"D",0,"D",.,"A",.,"A",.,"A",.,"A"
"20151","02945913",36,0,"1",520,"D",260,"D",.,"A",260,"D",0,"D",.,"A",.,"A",260,"D",0,"D",.,"A",.,"A",.,"A",.,"A"
"20151","02945923",17,0,"1",325,"D",0,"D",.,"A",390,"D",6,"D",.,"A",.,"A",325,"D",6,"D",.,"A",.,"A",.,"A",.,"A"
"20151","02945933",34,0,"1",1950,"D",0,"D",.,"A",260,"D",0,"D",.,"A",60,"D",1950,"D",30,"D",.,"A",.,"A",.,"A",.,"A"
"20151","02945963",73,0,"1",3250,"D",650,"D",.,"A",260,"D",0,"D",.,"A",.,"A",2600,"D",0,"D",.,"A",.,"A",.,"A",.,"A"
"20151","02946003",80,0,"1",3575,"D",288,"F",.,"A",780,"D",0,"D",.,"A",.,"A",874,"F",0,"D",.,"A",.,"A",.,"A",.,"A"
"20151","02946013",24,0,"1",1950,"D",260,"D",.,"A",2600,"D",0,"D",.,"A",.,"A",1690,"D",0,"D",.,"A",.,"A",.,"A",.,"A"
"20151","02946053",27,0,"1",910,"D",195,"D",.,"A",260,"D",0,"D",.,"A",.,"A",715,"D",90,"D",.,"A",.,"A",.,"A",.,"A"
"20151","02946083",20,0,"1",2600,"D",0,"D",.,"A",0,"D",0,"D",.,"A",.,"A",2600,"D",0,"D",.,"A",.,"A",.,"A",.,"A"
"20151","02946103",14,0,"1",2080,"D",195,"D",.,"A",0,"D",0,"D",.,"A",.,"A",1885,"D",0,"D",.,"A",.,"A",.,"A",.,"A"
"20151","02946113",32,0,"1",390,"D",0,"D",.,"A",260,"D",0,"D",.,"A",.,"A",390,"D",90,"D",.,"A",.,"A",.,"A",.,"A"
"20151","02946143",46,0,"1",780,"D",0,"D",.,"A",325,"D",120,"D",.,"A",.,"A",780,"D",150,"D",.,"C",501,"F",.,"A",.,"A"
"20151","02946153",13,0,"1",1950,"D",520,"D",.,"A",5200,"D",600,"D",.,"A",.,"A",1430,"D",120,"D",.,"A",.,"A",.,"A",.,"A"
"20151","02946193",26,0,"1",3250,"D",325,"D",.,"A",1950,"D",0,"D",.,"A",.,"A",2925,"D",75,"D",.,"A",.,"A",.,"A",.,"A"
"20151","02946233",38,0,"1",2600,"D",0,"D",.,"A",0,"D",0,"D",.,"A",.,"A",2600,"D",0,"D",.,"A",.,"A",.,"A",.,"A"
"20151","02946253",28,0,"1",2600,"D",260,"D",260,"D",1300,"D",150,"D",.,"A",.,"A",2340,"D",120,"D",.,"A",.,"A",.,"A",.,"A"
"20151","02946263",44,0,"1",1300,"D",260,"D",130,"D",780,"D",0,"D",.,"A",.,"A",1040,"D",0,"D",.,"A",.,"A",.,"A",.,"A"
"20151","02946323",40,0,"1",975,"D",195,"D",.,"A",650,"D",0,"D",71,"D",.,"A",780,"D",0,"D",.,"A",.,"A",.,"A",.,"A"
"20151","02946343",27,0,"1",585,"D",0,"D",65,"D",39,"D",0,"D",.,"A",.,"A",585,"D",0,"D",.,"A",.,"A",.,"A",.,"A"
"20151","02946353",18,0,"1",3900,"D",650,"D",65,"D",130,"D",0,"D",.,"A",.,"A",3250,"D",0,"D",.,"A",.,"A",.,"A",.,"A"
"20151","02946373",37,0,"1",3250,"D",975,"D",.,"A",0,"D",0,"D",.,"A",.,"A",2275,"D",600,"D",.,"A",.,"A",.,"A",.,"A"
"20151","02946383",15,0,"1",1300,"D",195,"D",.,"A",130,"D",0,"D",.,"A",.,"A",1105,"D",210,"D",8,"D",104,"D",.,"A",.,"A"
"20151","02946393",22,0,"1",1300,"D",260,"D",390,"D",0,"D",0,"D",.,"A",.,"A",1040,"D",0,"D",.,"A",.,"A",.,"A",.,"A"
"20151","02946423",69,0,"1",2600,"D",780,"D",520,"D",650,"D",120,"D",.,"A",81,"D",1820,"D",90,"D",.,"A",.,"A",.,"A",.,"A"
"20151","02946433",13,0,"1",455,"D",0,"D",.,"A",352,"F",85,"F",.,"A",.,"A",455,"D",90,"F",.,"A",.,"A",.,"A",.,"A"
"20151","02946443",46,0,"1",3250,"D",455,"D",325,"D",1040,"D",0,"D",.,"A",.,"A",2795,"D",0,"D",.,"A",.,"A",.,"A",.,"A"
"20151","02946473",23,0,"1",1560,"D",361,"F",314,"F",823,"F",0,"D",.,"A",.,"A",1269,"F",0,"D",.,"A",.,"A",.,"A",.,"A"
"20151","02946563",18,0,"1",780,"D",260,"D",260,"D",0,"D",0,"D",.,"A",.,"A",520,"D",0,"D",.,"A",.,"A",.,"A",.,"A"
"20151","02946583",32,0,"1",1300,"D",390,"D",.,"A",130,"D",30,"D",.,"A",.,"A",910,"D",0,"D",12,"D",156,"D",.,"A",.,"A"
"20151","02946613",22,0,"1",1950,"D",325,"D",.,"A",65,"D",0,"D",.,"A",.,"A",1625,"D",0,"D",50,"D",650,"D",.,"A",.,"A"
"20151","02946663",22,0,"1",520,"D",91,"D",.,"A",260,"D",0,"D",325,"D",.,"A",429,"D",0,"D",.,"A",.,"A",.,"A",.,"A"
"20151","02946683",26,0,"1",1040,"D",130,"D",520,"D",673,"F",66,"F",.,"A",.,"A",910,"D",122,"F",.,"A",.,"A",.,"A",.,"A"
"20151","02946703",35,0,"1",1040,"D",130,"D",.,"A",325,"D",120,"D",.,"A",.,"A",910,"D",240,"D",.,"A",.,"A",.,"A",.,"A"
"20151","02946723",36,0,"1",3250,"D",650,"D",.,"A",0,"D",0,"D",.,"A",.,"A",2600,"D",0,"D",.,"A",.,"A",.,"A",.,"A"
"20151","02946873",44,0,"1",3250,"D",260,"D",.,"A",1950,"D",0,"D",.,"A",.,"A",2990,"D",0,"D",.,"A",.,"A",.,"A",.,"A"
"20151","02946883",16,0,"1",1300,"D",260,"D",65,"D",0,"D",0,"D",.,"A",.,"A",1040,"D",15,"D",.,"A",.,"A",.,"A",.,"A"
"20151","02946903",19,0,"1",520,"D",130,"D",.,"A",130,"D",0,"D",.,"A",.,"A",390,"D",0,"D",.,"A",.,"A",.,"A",.,"A"
"20151","02946913",32,0,"1",2600,"D",0,"D",.,"A",260,"D",0,"D",328,"F",.,"A",2600,"D",0,"D",.,"A",.,"A",.,"A",.,"A"
"20151","02946933",47,0,"1",2600,"D",650,"D",.,"A",1040,"D",0,"D",.,"A",.,"A",1950,"D",180,"D",.,"A",.,"A",.,"A",.,"A"
"20151","02946973",39,0,"1",975,"D",260,"D",.,"A",325,"D",0,"D",.,"A",.,"A",715,"D",0,"D",15,"D",195,"D",.,"A",.,"A"
"20151","02947023",65,0,"1",4550,"D",3250,"D",130,"D",455,"D",30,"D",.,"A",.,"A",1300,"D",360,"D",.,"A",.,"A",.,"A",.,"A"
"20151","02947093",31,0,"1",780,"D",65,"D",.,"A",104,"D",0,"D",.,"A",.,"A",715,"D",0,"D",.,"A",.,"A",.,"A",.,"A"
"20151","02947123",49,0,"1",169,"D",0,"D",.,"A",1820,"D",0,"D",.,"A",.,"A",169,"D",0,"D",.,"A",.,"A",.,"A",.,"A"
"20151","02947193",13,0,"1",0,"D",.,"A",.,"A",0,"D",0,"D",.,"A",.,"A",0,"D",0,"D",0,"D",0,"D",.,"A",.,"A"
"20151","02947203",45,0,"1",975,"D",130,"D",.,"A",260,"D",60,"D",.,"A",.,"A",845,"D",75,"D",.,"A",.,"A",.,"A",.,"A"
"20151","02947223",32,0,"1",1560,"D",325,"D",195,"D",780,"D",0,"D",.,"A",.,"A",1235,"D",0,"D",.,"A",.,"A",.,"A",.,"A"
"20151","02947303",41,0,"1",3900,"D",650,"D",.,"A",520,"D",0,"D",.,"A",.,"A",3250,"D",60,"D",.,"A",.,"A",.,"A",.,"A"
"20151","02947313",24,0,"1",780,"D",650,"D",.,"A",910,"D",0,"D",.,"A",.,"A",130,"D",0,"D",.,"A",.,"A",.,"A",.,"A"
"20151","02947323",13,0,"1",0,"D",.,"A",.,"A",0,"D",158,"F",.,"A",.,"A",0,"D",115,"F",9,"D",117,"D",.,"A",.,"A"
"20151","02947353",30,0,"1",780,"D",130,"D",.,"A",0,"D",0,"D",.,"A",.,"A",650,"D",0,"D",.,"A",.,"A",.,"A",.,"A"
"20151","02947365",28,0,"1",1300,"D",0,"D",.,"A",1300,"D",240,"D",.,"A",.,"A",1300,"D",600,"D",.,"A",.,"A",.,"A",.,"A"
"20151","02947383",23,0,"1",1300,"D",195,"D",.,"A",0,"D",0,"D",.,"A",.,"A",1105,"D",0,"D",15,"D",195,"D",.,"A",.,"A"
"20151","02947393",33,0,"1",1950,"D",650,"D",.,"A",650,"D",0,"D",.,"A",.,"A",1300,"D",0,"D",.,"A",.,"A",.,"A",.,"A"
"20151","02947403",45,0,"1",1560,"D",390,"D",650,"D",1040,"D",180,"D",.,"A",.,"A",1170,"D",105,"D",27,"D",351,"D",.,"A",.,"A"
"20151","02947413",47,0,"1",1040,"D",26,"D",52,"D",260,"D",0,"D",.,"A",80,"D",1014,"D",0,"D",.,"A",.,"A",.,"A",.,"A"
"20151","02947434",18,0,"1",1625,"D",325,"D",.,"A",325,"D",0,"D",.,"A",.,"A",1300,"D",0,"D",.,"A",.,"A",.,"A",.,"A"
"20151","02947453",42,0,"1",390,"D",26,"D",.,"A",0,"D",0,"D",.,"A",.,"A",364,"D",0,"D",.,"A",.,"A",.,"A",.,"A"
"20151","02947463",28,0,"1",1820,"D",195,"D",.,"A",1040,"D",180,"D",.,"A",.,"A",1625,"D",90,"D",7,"D",91,"D",.,"A",.,"A"
"20151","02947533",26,0,"1",1625,"D",156,"D",.,"A",520,"D",0,"D",.,"A",150,"D",1469,"D",60,"D",.,"A",.,"A",.,"A",.,"A"
"20151","02947543",112,0,"1",650,"D",65,"D",.,"A",910,"D",150,"D",.,"A",.,"A",585,"D",150,"D",.,"A",.,"A",.,"A",.,"A"
"20151","02947553",17,0,"1",1300,"D",975,"D",.,"A",325,"D",0,"D",.,"A",.,"A",325,"D",0,"D",.,"A",.,"A",.,"A",.,"A"
"20151","02947583",18,0,"1",1040,"D",195,"D",260,"D",780,"D",0,"D",.,"A",.,"A",845,"D",60,"D",.,"A",.,"A",.,"A",.,"A"
"20151","02947613",42,0,"1",1482,"D",260,"D",.,"A",650,"D",0,"D",.,"A",.,"A",1222,"D",0,"D",.,"A",.,"A",.,"A",.,"A"
"20151","02947653",12,0,"1",1986,"F",.,"A",327,"F",763,"F",0,"D",.,"A",.,"A",1613,"F",0,"D",.,"A",.,"A",.,"A",.,"A"
"20151","02947673",26,0,"1",1300,"D",650,"D",.,"A",390,"D",0,"D",.,"A",.,"A",650,"D",84,"D",.,"A",.,"A",.,"A",.,"A"
"20151","02947683",15,0,"1",520,"D",39,"D",.,"A",195,"D",6,"D",.,"A",.,"A",481,"D",6,"D",.,"A",.,"A",.,"A",.,"A"
"20151","02947725",33,0,"1",780,"D",0,"D",.,"A",65,"D",0,"D",.,"A",.,"A",780,"D",0,"D",.,"A",.,"A",.,"A",.,"A"
"20151","02947733",58,0,"1",1625,"D",260,"D",.,"A",1170,"D",15,"D",.,"A",.,"A",1365,"D",0,"D",.,"A",.,"A",.,"A",.,"A"
"20151","02947753",10,0,"1",1300,"D",390,"D",.,"A",260,"D",0,"D",.,"A",.,"A",910,"D",0,"D",.,"A",.,"A",.,"A",.,"A"
"20151","02947763",21,0,"1",2730,"D",130,"D",.,"A",260,"D",0,"D",.,"A",.,"A",2600,"D",0,"D",.,"A",.,"A",.,"A",.,"A"
"20151","02947773",10,0,"1",650,"D",441,"F",.,"A",0,"D",85,"F",.,"A",.,"A",1613,"F",0,"D",.,"C",353,"F",.,"A",.,"A"
"20151","02947803",32,0,"1",1560,"D",195,"D",.,"A",390,"D",0,"D",.,"A",.,"A",1365,"D",90,"D",7,"D",91,"D",.,"A",.,"A"
"20151","02947853",87,0,"1",2340,"D",260,"D",.,"A",9750,"D",450,"D",.,"A",.,"A",2080,"D",450,"D",.,"A",.,"A",.,"A",.,"A"
"20151","02947923",60,0,"1",1235,"D",156,"D",.,"A",611,"D",72,"D",.,"A",.,"A",1079,"D",72,"D",.,"A",.,"A",.,"A",.,"A"
"20151","02947933",19,0,"1",1950,"D",0,"D",.,"A",1105,"D",0,"D",.,"A",.,"A",1950,"D",0,"D",.,"A",.,"A",.,"A",.,"A"
"20151","02947943",28,0,"1",390,"D",260,"D",.,"A",390,"D",0,"D",.,"A",.,"A",130,"D",0,"D",.,"A",.,"A",.,"A",.,"A"
"20151","02947963",33,0,"1",1950,"D",390,"D",.,"A",390,"D",60,"D",.,"A",.,"A",1560,"D",75,"D",60,"D",780,"D",.,"A",.,"A"
"20151","02947973",29,0,"1",1560,"D",390,"D",.,"A",780,"D",0,"D",.,"A",.,"A",1170,"D",0,"D",.,"A",.,"A",.,"A",.,"A"
"20151","02947993",47,0,"1",1430,"D",0,"D",.,"A",780,"D",0,"D",.,"A",30,"D",1430,"D",0,"D",.,"A",.,"A",0,"D",0,"D"
"20151","02948013",11,0,"1",1560,"D",325,"D",.,"A",0,"D",0,"D",.,"A",.,"A",1235,"D",0,"D",.,"A",.,"A",.,"A",.,"A"
"20151","02948113",32,0,"1",1625,"D",325,"D",130,"D",650,"D",90,"D",130,"D",.,"A",1300,"D",60,"D",.,"A",.,"A",.,"A",.,"A"
"20151","02948123",31,0,"1",1625,"D",650,"D",.,"A",520,"D",0,"D",.,"A",.,"A",975,"D",0,"D",.,"A",.,"A",.,"A",.,"A"
"20151","02948223",22,0,"1",1300,"D",65,"D",.,"A",91,"D",0,"D",.,"A",.,"A",1235,"D",0,"D",.,"A",.,"A",.,"A",.,"A"
"20151","02948253",54,0,"1",1625,"D",520,"D",130,"D",2600,"D",480,"D",.,"A",.,"A",1105,"D",222,"D",.,"A",.,"A",.,"A",.,"A"
"20151","02948313",17,0,"1",1502,"F",.,"A",.,"A",673,"F",66,"F",.,"A",.,"A",1217,"F",122,"F",.,"A",.,"A",.,"A",.,"A"
"20151","02948333",85,0,"1",3250,"D",650,"D",.,"A",910,"D",30,"D",.,"A",.,"A",2600,"D",0,"D",.,"A",.,"A",.,"A",.,"A"
"20151","02948353",32,0,"1",2600,"D",780,"D",.,"A",520,"D",60,"D",.,"A",.,"A",1820,"D",6,"D",.,"A",.,"A",.,"A",.,"A"
"20151","02948363",57,0,"1",1950,"D",390,"D",.,"A",975,"D",150,"D",.,"A",.,"A",1560,"D",300,"D",25,"D",325,"D",.,"A",.,"A"
"20151","02948373",26,0,"1",897,"D",0,"D",.,"A",286,"D",6,"D",.,"A",.,"A",897,"D",6,"D",.,"A",.,"A",.,"A",.,"A"
"20151","02948383",39,0,"1",910,"D",390,"D",.,"A",260,"D",0,"D",.,"A",.,"A",520,"D",0,"D",.,"A",.,"A",.,"A",.,"A"
"20151","02948413",18,0,"1",1560,"D",260,"D",.,"A",0,"D",0,"D",.,"A",.,"A",1300,"D",0,"D",.,"A",.,"A",.,"A",.,"A"
"20151","02948433",50,0,"1",2600,"D",260,"D",.,"A",520,"D",0,"D",.,"A",.,"A",2340,"D",300,"D",50,"D",650,"D",.,"A",.,"A"
"20151","02948473",69,0,"1",1300,"D",260,"D",.,"A",390,"D",0,"D",.,"A",.,"A",1040,"D",0,"D",.,"A",.,"A",.,"A",.,"A"
"20151","02948483",53,0,"1",1300,"D",260,"D",.,"A",1300,"D",60,"D",.,"A",25,"D",1040,"D",0,"D",10,"D",130,"D",.,"A",.,"A"
"20151","02948493",20,0,"1",845,"D",325,"D",.,"A",0,"D",0,"D",.,"A",.,"A",520,"D",0,"D",.,"A",.,"A",.,"A",.,"A"
"20151","02948513",29,0,"1",585,"D",0,"D",.,"A",65,"D",0,"D",.,"A",.,"A",585,"D",0,"D",.,"A",.,"A",.,"A",.,"A"
"20151","02948533",45,0,"1",3900,"D",260,"D",.,"A",195,"D",0,"D",.,"A",.,"A",3640,"D",180,"D",10,"D",130,"D",.,"A",.,"A"
"20151","02948553",20,0,"1",585,"D",26,"D",.,"A",195,"D",0,"D",.,"A",.,"A",559,"D",0,"D",.,"A",.,"A",.,"A",.,"A"
"20151","02948563",14,0,"1",1105,"D",260,"D",.,"A",390,"D",0,"D",.,"A",.,"A",845,"D",0,"D",.,"A",.,"A",.,"A",.,"A"
"20151","02948573",23,0,"1",1300,"D",260,"D",.,"A",0,"D",0,"D",.,"A",.,"A",1040,"D",0,"D",.,"A",.,"A",.,"A",.,"A"
"20151","02948623",27,0,"1",1950,"D",0,"D",.,"A",0,"D",0,"D",.,"A",.,"A",1950,"D",0,"D",.,"A",.,"A",.,"A",.,"A"
"20151","02948643",80,0,"1",2340,"D",390,"D",.,"A",1300,"D",195,"D",.,"A",.,"A",1950,"D",45,"D",.,"A",.,"A",.,"A",.,"A"
"20151","02948683",83,0,"1",2925,"D",520,"D",.,"A",1625,"D",120,"D",.,"A",.,"A",2405,"D",600,"D",50,"D",650,"D",.,"A",.,"A"
"20151","02948693",23,0,"1",1040,"D",130,"D",65,"D",260,"D",0,"D",.,"A",.,"A",910,"D",0,"D",.,"A",.,"A",.,"A",.,"A"
"20151","02948703",30,0,"1",780,"D",130,"D",.,"A",1300,"D",120,"D",.,"A",.,"A",650,"D",90,"D",.,"A",.,"A",.,"A",.,"A"
"20151","02948723",23,0,"1",1755,"D",260,"D",195,"D",520,"D",0,"D",.,"A",.,"A",1495,"D",0,"D",.,"A",.,"A",.,"A",.,"A"
"20151","02948753",78,0,"1",1300,"D",130,"D",.,"A",156,"D",60,"D",.,"A",.,"A",1170,"D",0,"D",30,"D",390,"D",.,"A",.,"A"
"20151","02948763",9,0,"1",1560,"D",130,"D",.,"A",0,"D",0,"D",.,"A",.,"A",1430,"D",0,"D",90,"D",1170,"D",325,"D",25,"D"
"20151","02948773",49,0,"1",715,"D",414,"F",.,"A",0,"D",6,"D",.,"A",.,"A",1771,"F",6,"D",.,"A",.,"A",.,"A",.,"A"
"20151","02948783",16,0,"1",780,"D",78,"D",.,"A",390,"D",0,"D",.,"A",.,"A",702,"D",0,"D",.,"A",.,"A",.,"A",.,"A"
"20151","02948855",19,0,"1",1950,"D",0,"D",.,"A",1300,"D",0,"D",.,"A",.,"A",1950,"D",0,"D",.,"A",.,"A",.,"A",.,"A"
"20151","02948914",9,0,"1",650,"D",65,"D",.,"A",520,"D",0,"D",.,"A",.,"A",585,"D",60,"D",.,"A",.,"A",.,"A",.,"A"
"20151","02948943",28,0,"1",585,"D",325,"D",390,"D",65,"D",0,"D",306,"D",.,"A",260,"D",0,"D",.,"A",.,"A",.,"A",.,"A"
"20151","02948993",35,0,"1",3900,"D",650,"D",.,"A",1300,"D",6,"D",.,"A",.,"A",3250,"D",300,"D",.,"A",.,"A",.,"A",.,"A"
"20151","02949033",17,0,"1",390,"D",104,"D",390,"D",520,"D",180,"D",.,"A",.,"A",286,"D",90,"D",.,"A",.,"A",.,"A",.,"A"
"20151","02949063",19,0,"1",650,"D",65,"D",.,"A",0,"D",6,"D",.,"A",.,"A",585,"D",6,"D",10,"D",130,"D",.,"A",.,"A"
"20151","02949123",24,0,"1",5200,"D",1040,"D",.,"A",2600,"D",0,"D",.,"A",.,"A",4160,"D",0,"D",.,"A",.,"A",.,"A",.,"A"
"20151","02949153",23,0,"1",1300,"D",260,"D",.,"A",260,"D",0,"D",.,"A",.,"A",1040,"D",90,"D",30,"D",390,"D",.,"A",.,"A"
"20151","02949193",43,0,"1",975,"D",0,"D",.,"A",130,"D",0,"D",.,"A",.,"A",975,"D",0,"D",.,"A",.,"A",.,"A",.,"A"
"20151","02949223",58,0,"1",2600,"D",260,"D",390,"D",3250,"D",0,"D",.,"A",.,"A",2340,"D",60,"D",.,"A",.,"A",.,"A",.,"A"
"20151","02949255",10,0,"1",390,"D",0,"D",.,"A",130,"D",0,"D",.,"A",.,"A",390,"D",0,"D",.,"A",.,"A",.,"A",.,"A"
"20151","02949263",22,0,"1",3900,"D",650,"D",.,"A",0,"D",0,"D",.,"A",.,"A",3250,"D",120,"D",.,"A",.,"A",.,"A",.,"A"
"20151","02949413",30,0,"1",2860,"D",260,"D",.,"A",0,"D",0,"D",.,"A",.,"A",2600,"D",0,"D",.,"A",.,"A",.,"A",.,"A"
"20151","02949433",34,0,"1",1300,"D",260,"D",260,"D",390,"D",480,"D",.,"A",.,"A",1040,"D",240,"D",.,"A",.,"A",.,"A",.,"A"
"20151","02949483",52,0,"1",4550,"D",520,"D",390,"D",2600,"D",0,"D",.,"A",416,"D",4030,"D",135,"D",42,"D",546,"D",.,"A",.,"A"
"20151","02949533",41,0,"1",299,"D",221,"F",195,"D",286,"D",0,"D",.,"A",.,"A",753,"F",0,"D",.,"A",.,"A",.,"A",.,"A"
"20151","02949563",18,0,"1",650,"D",130,"D",260,"D",520,"D",120,"D",.,"A",.,"A",520,"D",0,"D",.,"A",.,"A",.,"A",.,"A"
"20151","02949633",21,0,"1",1040,"D",260,"D",.,"A",0,"D",0,"D",.,"A",.,"A",780,"D",0,"D",.,"A",.,"A",.,"A",.,"A"
"20151","02949713",43,0,"1",1950,"D",325,"D",.,"A",2600,"D",0,"D",.,"A",.,"A",1625,"D",0,"D",.,"A",.,"A",.,"A",.,"A"
"20151","02949743",25,0,"1",1300,"D",286,"D",.,"A",390,"D",0,"D",.,"A",.,"A",1014,"D",0,"D",.,"A",.,"A",.,"A",.,"A"
"20151","02949763",32,0,"1",3510,"D",130,"D",.,"A",273,"D",0,"D",.,"A",.,"A",3380,"D",0,"D",.,"A",.,"A",.,"A",.,"A"
"20151","02949783",24,0,"1",1820,"D",520,"D",.,"A",0,"D",0,"D",.,"A",.,"A",1300,"D",0,"D",.,"A",.,"A",.,"A",.,"A"
"20151","02949793",45,0,"1",1950,"D",390,"D",.,"A",520,"D",0,"D",.,"A",.,"A",1560,"D",30,"D",.,"A",.,"A",.,"A",.,"A"
"20151","02949803",21,0,"1",1300,"D",130,"D",.,"A",195,"D",0,"D",.,"A",.,"A",1170,"D",0,"D",.,"A",.,"A",.,"A",.,"A"
"20151","02949823",25,0,"1",3900,"D",1300,"D",.,"A",0,"D",0,"D",.,"A",.,"A",2600,"D",0,"D",.,"A",.,"A",.,"A",.,"A"
"20151","02949843",29,0,"1",520,"D",65,"D",.,"A",325,"D",0,"D",.,"A",.,"A",455,"D",0,"D",.,"A",.,"A",.,"A",.,"A"
"20151","02949853",74,0,"1",1950,"D",325,"D",.,"A",403,"D",84,"D",.,"A",.,"A",1625,"D",120,"D",.,"A",.,"A",.,"A",.,"A"
"20151","02949865",13,0,"1",1300,"D",0,"D",.,"A",0,"D",0,"D",.,"A",.,"A",1300,"D",0,"D",.,"A",.,"A",.,"A",.,"A"
"20151","02949923",57,0,"1",2275,"D",390,"D",.,"A",650,"D",60,"D",.,"A",.,"A",1885,"D",90,"D",.,"A",.,"A",.,"A",.,"A"
"20151","02949953",25,0,"1",1300,"D",130,"D",.,"A",650,"D",0,"D",.,"A",.,"A",1170,"D",0,"D",.,"A",.,"A",.,"A",.,"A"
"20151","02950033",54,0,"1",1300,"D",260,"D",130,"D",260,"D",60,"D",.,"A",.,"A",1040,"D",60,"D",.,"A",.,"A",.,"A",.,"A"
"20151","02950073",50,0,"1",3900,"D",650,"D",1300,"D",1300,"D",30,"D",.,"A",252,"D",3250,"D",30,"D",.,"A",.,"A",.,"A",.,"A"
"20151","02950083",33,0,"1",1300,"D",650,"D",.,"A",1300,"D",90,"D",.,"A",.,"A",650,"D",132,"D",.,"A",.,"A",.,"A",.,"A"
"20151","02950113",23,0,"1",1040,"D",650,"D",.,"A",390,"D",0,"D",.,"A",30,"D",390,"D",24,"D",.,"A",.,"A",.,"A",.,"A"
"20151","02950133",29,0,"1",195,"D",0,"D",.,"A",0,"D",0,"D",.,"A",.,"A",195,"D",0,"D",.,"A",.,"A",.,"A",.,"A"
"20151","02950143",21,0,"1",1300,"D",260,"D",.,"A",520,"D",60,"D",.,"A",.,"A",1040,"D",90,"D",.,"A",.,"A",.,"A",.,"A"
"20151","02950153",45,0,"1",325,"D",0,"D",.,"A",1612,"D",0,"D",.,"A",.,"A",325,"D",0,"D",.,"A",.,"A",.,"A",.,"A"
"20151","02950163",38,0,"1",650,"D",65,"D",.,"A",1300,"D",6,"D",.,"A",.,"A",585,"D",90,"D",30,"D",390,"D",.,"A",.,"A"
"20151","02950373",22,0,"1",780,"D",130,"D",.,"A",390,"D",0,"D",300,"D",.,"A",650,"D",150,"D",.,"A",.,"A",.,"A",.,"A"
"20151","02950383",55,0,"1",1560,"D",260,"D",65,"D",1300,"D",60,"D",.,"A",.,"A",1300,"D",30,"D",.,"A",.,"A",.,"A",.,"A"
"20151","02950503",7,0,"1",975,"D",195,"D",.,"A",0,"D",0,"D",.,"A",.,"A",780,"D",0,"D",.,"A",.,"A",.,"A",.,"A"
"20151","02950513",14,0,"1",1560,"D",288,"F",.,"A",390,"D",0,"D",.,"A",.,"A",1021,"F",0,"D",.,"A",.,"A",.,"A",.,"A"
"20151","02950533",37,0,"1",975,"D",195,"D",.,"A",156,"D",0,"D",.,"A",.,"A",780,"D",0,"D",.,"A",.,"A",.,"A",.,"A"
"20151","02950553",36,0,"1",1625,"D",412,"F",.,"A",260,"D",0,"D",.,"A",224,"F",1807,"F",0,"D",.,"A",.,"A",.,"A",.,"A"
"20151","02950583",40,0,"1",2080,"D",650,"D",.,"A",715,"D",0,"D",.,"A",.,"A",1430,"D",0,"D",.,"A",.,"A",.,"A",.,"A"
"20151","02950603",84,0,"1",2795,"D",819,"D",78,"D",1690,"D",0,"D",.,"A",.,"A",1976,"D",300,"D",.,"A",.,"A",.,"A",.,"A"
"20151","02950653",20,0,"1",520,"D",0,"D",.,"A",1300,"D",120,"D",.,"A",.,"A",520,"D",6,"D",.,"A",.,"A",.,"A",.,"A"
"20151","02950663",40,0,"1",2600,"D",0,"D",.,"A",1300,"D",0,"D",.,"A",.,"A",2600,"D",60,"D",.,"A",.,"A",.,"A",.,"A"
"20151","02950683",34,0,"1",2600,"D",260,"D",260,"D",1300,"D",90,"D",.,"A",.,"A",2340,"D",300,"D",.,"A",.,"A",.,"A",.,"A"
"20151","02950693",44,0,"1",3510,"D",260,"D",.,"A",650,"D",15,"D",.,"A",.,"A",3250,"D",60,"D",.,"A",.,"A",.,"A",.,"A"
"20151","02950813",106,0,"1",2626,"D",390,"D",.,"A",728,"D",90,"D",.,"A",.,"A",2236,"D",165,"D",15,"D",195,"D",.,"A",.,"A"
"20151","02950853",52,0,"1",1300,"D",325,"D",.,"A",1300,"D",6,"D",.,"A",.,"A",975,"D",6,"D",.,"A",.,"A",.,"A",.,"A"
"20151","02950873",41,0,"1",1300,"D",260,"D",.,"A",1300,"D",0,"D",.,"A",.,"A",1040,"D",0,"D",.,"A",.,"A",.,"A",.,"A"
"20151","02950913",63,0,"1",455,"D",195,"D",182,"D",923,"D",0,"D",.,"A",.,"A",260,"D",0,"D",.,"A",.,"A",.,"A",.,"A"
"20151","02951003",29,0,"1",1625,"D",325,"D",.,"A",975,"D",0,"D",.,"A",.,"A",1300,"D",300,"D",.,"A",.,"A",.,"A",.,"A"
"20151","02951013",23,0,"1",1300,"D",130,"D",.,"A",520,"D",0,"D",.,"A",180,"D",1170,"D",0,"D",.,"A",.,"A",.,"A",.,"A"
"20151","02951043",28,0,"1",1950,"D",130,"D",130,"D",0,"D",0,"D",.,"A",.,"A",1820,"D",0,"D",15,"D",195,"D",.,"A",.,"A"
"20151","02951053",43,0,"1",1300,"D",325,"D",.,"A",0,"D",0,"D",.,"A",.,"A",975,"D",0,"D",.,"A",.,"A",.,"A",.,"A"
"20151","02951063",10,0,"1",325,"D",0,"D",.,"A",0,"D",0,"D",.,"A",.,"A",325,"D",0,"D",.,"A",.,"A",.,"A",.,"A"
"20151","02951073",37,0,"1",520,"D",65,"D",.,"A",975,"D",0,"D",.,"A",.,"A",455,"D",240,"D",.,"A",.,"A",.,"A",.,"A"
"20151","02951113",60,0,"1",1820,"D",325,"D",130,"D",650,"D",0,"D",.,"A",.,"A",1495,"D",0,"D",.,"A",.,"A",.,"A",.,"A"
"20151","02951133",37,0,"1",4550,"D",975,"D",390,"D",260,"D",0,"D",.,"A",.,"A",3575,"D",225,"D",.,"A",.,"A",.,"A",.,"A"
"20151","02951213",17,0,"1",78,"D",13,"D",.,"A",260,"D",48,"D",.,"A",.,"A",65,"D",60,"D",.,"A",.,"A",.,"A",.,"A"
"20151","02951253",22,0,"1",9100,"D",1300,"D",.,"A",1300,"D",0,"D",.,"A",.,"A",7800,"D",0,"D",.,"A",.,"A",.,"A",.,"A"
"20151","02951263",28,0,"1",1625,"D",260,"D",.,"A",650,"D",0,"D",.,"A",.,"A",1365,"D",0,"D",.,"A",.,"A",.,"A",.,"A"
"20151","02951353",28,0,"1",780,"D",130,"D",.,"A",1300,"D",0,"D",.,"A",.,"A",650,"D",0,"D",.,"A",.,"A",.,"A",.,"A"
"20151","02951483",36,0,"1",2990,"D",390,"D",.,"A",260,"D",0,"D",.,"A",.,"A",2600,"D",0,"D",20,"D",260,"D",.,"A",.,"A"
"20151","02951503",46,0,"1",1040,"D",65,"D",.,"A",455,"D",0,"D",.,"A",.,"A",975,"D",0,"D",10,"D",130,"D",.,"A",.,"A"
"20151","02951513",28,0,"1",975,"D",195,"D",.,"A",780,"D",90,"D",.,"A",.,"A",780,"D",180,"D",.,"A",.,"A",.,"A",.,"A"
"20151","02951613",16,0,"1",1300,"D",377,"F",.,"A",737,"F",201,"F",.,"A",.,"A",893,"F",160,"F",.,"A",.,"A",.,"A",.,"A"
"20151","02951623",14,0,"1",1625,"D",260,"D",.,"A",650,"D",0,"D",.,"A",.,"A",1365,"D",0,"D",.,"A",.,"A",.,"A",.,"A"
"20151","02951643",14,0,"1",975,"D",325,"D",.,"A",390,"D",0,"D",.,"A",.,"A",650,"D",60,"D",.,"A",.,"A",.,"A",.,"A"
"20151","02951673",42,0,"1",2340,"D",130,"D",.,"A",130,"D",30,"D",.,"A",.,"A",2210,"D",30,"D",.,"A",.,"A",.,"A",.,"A"
"20151","02951743",24,0,"1",1300,"D",260,"D",.,"A",455,"D",0,"D",.,"A",.,"A",1040,"D",0,"D",.,"A",.,"A",.,"A",.,"A"
"20151","02951754",38,0,"1",975,"D",260,"D",.,"A",650,"D",360,"D",.,"A",.,"A",715,"D",420,"D",.,"A",.,"A",.,"A",.,"A"
"20151","02951773",22,0,"1",650,"D",65,"D",.,"A",0,"D",0,"D",.,"A",.,"A",585,"D",60,"D",.,"A",.,"A",.,"A",.,"A"
"20151","02951813",54,0,"1",0,"D",.,"A",.,"A",650,"D",0,"D",.,"A",.,"A",0,"D",0,"D",42,"D",546,"D",.,"A",.,"A"
"20151","02951843",20,0,"1",780,"D",65,"D",.,"A",195,"D",0,"D",.,"A",.,"A",715,"D",60,"D",.,"A",.,"A",.,"A",.,"A"
"20151","02951853",49,0,"1",975,"D",130,"D",.,"A",260,"D",0,"D",.,"A",.,"A",845,"D",60,"D",.,"A",.,"A",.,"A",.,"A"
"20151","02951923",26,0,"1",1502,"F",.,"A",.,"A",0,"D",66,"F",.,"A",.,"A",1217,"F",122,"F",.,"A",.,"A",.,"A",.,"A"
"20151","02951933",28,0,"1",1300,"D",325,"D",.,"A",0,"D",0,"D",.,"A",.,"A",975,"D",0,"D",.,"A",.,"A",.,"A",.,"A"
"20151","02951963",22,0,"1",1300,"D",455,"D",.,"A",1300,"D",150,"D",.,"A",.,"A",845,"D",150,"D",.,"A",.,"A",.,"A",.,"A"
"20151","02951993",43,0,"1",520,"D",0,"D",0,"D",0,"D",0,"D",.,"A",.,"A",520,"D",0,"D",.,"A",.,"A",.,"A",.,"A"
"20151","02952043",26,0,"1",1170,"D",260,"D",.,"A",390,"D",60,"D",.,"A",.,"A",910,"D",300,"D",.,"A",.,"A",.,"A",.,"A"
"20151","02952093",10,0,"1",772,"F",.,"A",.,"A",352,"F",85,"F",.,"A",.,"A",637,"F",90,"F",.,"A",.,"A",.,"A",.,"A"
"20151","02952135",13,0,"1",1300,"D",390,"D",.,"A",130,"D",0,"D",.,"A",.,"A",910,"D",0,"D",.,"A",.,"A",.,"A",.,"A"
"20151","02952173",59,0,"1",1300,"D",195,"D",.,"A",1040,"D",180,"D",.,"A",385,"D",1105,"D",60,"D",.,"A",.,"A",.,"A",.,"A"
"20151","02952193",30,0,"1",1300,"D",390,"D",.,"A",156,"D",0,"D",.,"A",48,"D",910,"D",60,"D",.,"A",.,"A",.,"A",.,"A"
"20151","02952223",72,0,"1",975,"D",195,"D",.,"A",650,"D",60,"D",.,"A",.,"A",780,"D",60,"D",.,"A",.,"A",.,"A",.,"A"
"20151","02952233",30,0,"1",1430,"D",65,"D",.,"A",390,"D",0,"D",.,"A",.,"A",1365,"D",0,"D",.,"A",.,"A",.,"A",.,"A"
"20151","02952253",38,0,"1",3380,"D",412,"F",367,"F",0,"D",109,"F",.,"A",.,"A",1807,"F",137,"F",.,"A",.,"A",.,"A",.,"A"
"20151","02952303",45,0,"1",1300,"D",130,"D",.,"A",1300,"D",0,"D",.,"A",.,"A",1170,"D",0,"D",.,"A",.,"A",.,"A",.,"A"
"20151","02952333",30,0,"1",650,"D",130,"D",.,"A",325,"D",0,"D",.,"A",.,"A",520,"D",0,"D",.,"A",.,"A",.,"A",.,"A"
"20151","02952343",27,0,"1",845,"D",65,"D",390,"D",650,"D",240,"D",.,"A",.,"A",780,"D",300,"D",.,"A",.,"A",.,"A",.,"A"
"20151","02952383",26,0,"1",975,"D",325,"D",.,"A",260,"D",0,"D",.,"A",.,"A",650,"D",0,"D",.,"A",.,"A",.,"A",.,"A"
"20151","02952425",74,0,"1",2600,"D",975,"D",.,"A",650,"D",300,"D",.,"A",.,"A",1625,"D",600,"D",60,"D",780,"D",.,"A",.,"A"
"20151","02952493",36,0,"1",1300,"D",0,"D",.,"A",78,"D",0,"D",.,"A",.,"A",1300,"D",0,"D",128,"D",1664,"D",52,"D",4,"D"
"20151","02952503",45,0,"1",1170,"D",0,"D",390,"D",2860,"D",1200,"D",.,"A",.,"A",1170,"D",135,"D",150,"D",1950,"D",.,"A",.,"A"
"20151","02952533",41,0,"1",1560,"D",520,"D",520,"D",975,"D",0,"D",.,"A",.,"A",1040,"D",0,"D",.,"A",.,"A",.,"A",.,"A"
"20151","02952613",21,0,"1",1950,"D",390,"D",.,"A",520,"D",0,"D",650,"D",.,"A",1560,"D",0,"D",.,"A",.,"A",.,"A",.,"A"
"20151","02952623",41,0,"1",1950,"D",455,"D",.,"A",325,"D",0,"D",.,"A",.,"A",1495,"D",0,"D",.,"A",.,"A",.,"A",.,"A"
"20151","02952653",26,0,"1",585,"D",65,"D",.,"A",520,"D",0,"D",.,"A",.,"A",520,"D",0,"D",.,"A",.,"A",.,"A",.,"A"
"20151","02952703",43,0,"1",585,"D",130,"D",325,"D",910,"D",0,"D",.,"A",.,"A",455,"D",0,"D",.,"A",.,"A",.,"A",.,"A"
"20151","02952723",19,0,"1",975,"D",130,"D",.,"A",0,"D",0,"D",.,"A",.,"A",845,"D",0,"D",.,"A",.,"A",.,"A",.,"A"
"20151","02952753",26,0,"1",1560,"D",130,"D",.,"A",0,"D",15,"D",.,"A",.,"A",1430,"D",30,"D",.,"A",.,"A",.,"A",.,"A"
"20151","02952773",37,0,"1",3250,"D",130,"D",.,"A",390,"D",0,"D",.,"A",120,"D",3120,"D",60,"D",.,"A",.,"A",.,"A",.,"A"
"20151","02952793",50,0,"1",1300,"D",325,"D",.,"A",1365,"D",0,"D",.,"A",.,"A",975,"D",30,"D",21,"D",273,"D",.,"A",.,"A"
"20151","02952824",42,0,"1",1950,"D",0,"D",.,"A",0,"D",0,"D",.,"A",.,"A",1950,"D",0,"D",.,"A",.,"A",.,"A",.,"A"
"20151","02952983",59,0,"1",2600,"D",520,"D",.,"A",2600,"D",0,"D",.,"A",.,"A",2080,"D",240,"D",.,"A",.,"A",.,"A",.,"A"
"20151","02952993",29,0,"1",1300,"D",65,"D",.,"A",260,"D",0,"D",.,"A",.,"A",1235,"D",0,"D",.,"A",.,"A",.,"A",.,"A"
"20151","02953023",33,0,"1",975,"D",331,"F",806,"D",520,"D",130,"F",.,"A",.,"A",1029,"F",75,"D",.,"A",.,"A",.,"A",.,"A"
"20151","02953103",30,0,"1",1170,"D",65,"D",.,"A",0,"D",0,"D",.,"A",.,"A",1105,"D",0,"D",.,"A",.,"A",.,"A",.,"A"
"20151","02953113",14,0,"1",650,"D",0,"D",373,"F",390,"D",0,"D",.,"A",.,"A",650,"D",106,"F",.,"A",.,"A",.,"A",.,"A"
"20151","02953193",54,0,"1",1950,"D",260,"D",.,"A",0,"D",120,"D",.,"A",.,"A",1690,"D",180,"D",6,"D",78,"D",.,"A",.,"A"
"20151","02953223",36,0,"1",3250,"D",1950,"D",.,"A",2600,"D",0,"D",.,"A",235,"F",1300,"D",0,"D",.,"A",.,"A",.,"A",.,"A"
"20151","02953273",34,0,"1",975,"D",260,"D",.,"A",260,"D",0,"D",.,"A",.,"A",715,"D",0,"D",.,"A",.,"A",.,"A",.,"A"
"20151","02953283",41,0,"1",650,"D",130,"D",.,"A",2275,"D",0,"D",.,"A",.,"A",520,"D",0,"D",.,"A",.,"A",.,"A",.,"A"
"20151","02953333",51,0,"1",1300,"D",0,"D",0,"D",0,"D",0,"D",.,"A",.,"A",1300,"D",150,"D",.,"A",.,"A",.,"A",.,"A"
"20151","02953433",36,0,"1",715,"D",0,"D",.,"A",0,"D",0,"D",.,"A",.,"A",715,"D",0,"D",.,"A",.,"A",.,"A",.,"A"
"20151","02953443",20,0,"1",2600,"D",520,"D",.,"A",390,"D",0,"D",.,"A",.,"A",2080,"D",0,"D",.,"A",.,"A",.,"A",.,"A"
"20151","02953483",60,0,"1",1170,"D",65,"D",39,"D",65,"D",300,"D",.,"A",.,"A",1105,"D",75,"D",.,"A",.,"A",.,"A",.,"A"
"20151","02953553",43,0,"1",3900,"D",1300,"D",1300,"D",1300,"D",90,"D",.,"A",.,"A",2600,"D",0,"D",.,"A",.,"A",.,"A",.,"A"
"20151","02953604",18,0,"1",2275,"D",325,"D",.,"A",0,"D",0,"D",.,"A",0,"D",1950,"D",0,"D",25,"D",325,"D",.,"A",.,"A"
"20151","02953613",24,0,"1",3900,"D",0,"D",260,"D",260,"D",0,"D",.,"A",.,"A",3900,"D",75,"D",.,"A",.,"A",.,"A",.,"A"
"20151","02953633",35,0,"1",1625,"D",325,"D",.,"A",910,"D",150,"D",.,"A",.,"A",1300,"D",900,"D",.,"A",.,"A",.,"A",.,"A"
"20151","02953643",18,0,"1",780,"D",195,"D",.,"A",325,"D",0,"D",.,"A",.,"A",585,"D",0,"D",.,"A",.,"A",.,"A",.,"A"
"20151","02953653",47,0,"1",3250,"D",234,"D",.,"A",0,"D",0,"D",.,"A",.,"A",3016,"D",0,"D",.,"A",.,"A",.,"A",.,"A"
"20151","02953733",25,0,"1",2275,"D",325,"D",.,"A",260,"D",0,"D",.,"A",390,"D",1950,"D",0,"D",.,"A",.,"A",.,"A",.,"A"
"20151","02953874",20,0,"1",910,"D",130,"D",780,"D",650,"D",60,"D",.,"A",.,"A",780,"D",60,"D",.,"A",.,"A",.,"A",.,"A"
"20151","02953933",18,0,"1",260,"D",26,"D",.,"A",650,"D",0,"D",.,"A",.,"A",234,"D",0,"D",.,"A",.,"A",.,"A",.,"A"
"20151","02953963",48,0,"1",2600,"D",0,"D",.,"A",1040,"D",0,"D",.,"A",130,"D",2600,"D",0,"D",.,"A",.,"A",.,"A",.,"A"
"20151","02953983",26,0,"1",910,"D",260,"D",.,"A",130,"D",0,"D",.,"A",.,"A",650,"D",240,"D",35,"D",455,"D",.,"A",.,"A"
"20151","02954053",27,0,"1",1300,"D",325,"D",.,"A",0,"D",0,"D",.,"A",.,"A",975,"D",0,"D",.,"A",.,"A",.,"A",.,"A"
"20151","02954093",49,0,"1",1300,"D",0,"D",.,"A",390,"D",0,"D",.,"A",.,"A",1300,"D",0,"D",.,"A",.,"A",.,"A",.,"A"
"20151","02954113",66,0,"1",3250,"D",520,"D",.,"A",260,"D",0,"D",.,"A",.,"A",2730,"D",90,"D",.,"A",.,"A",.,"A",.,"A"
"20151","02954163",38,0,"1",1300,"D",156,"D",.,"A",1300,"D",0,"D",.,"A",.,"A",1144,"D",150,"D",.,"A",.,"A",.,"A",.,"A"
"20151","02954183",63,0,"1",1560,"D",260,"D",.,"A",325,"D",0,"D",.,"A",.,"A",1300,"D",30,"D",.,"A",.,"A",.,"A",.,"A"
"20151","02954235",13,0,"1",260,"D",0,"D",.,"A",650,"D",0,"D",.,"A",.,"A",260,"D",150,"D",6,"D",78,"D",.,"A",.,"A"
"20151","02954243",37,0,"1",2080,"D",195,"D",.,"A",650,"D",0,"D",.,"A",.,"A",1885,"D",0,"D",.,"A",.,"A",.,"A",.,"A"
"20151","02954253",14,0,"1",650,"D",130,"D",104,"D",260,"D",90,"D",.,"A",.,"A",520,"D",90,"D",.,"A",.,"A",.,"A",.,"A"
"20151","02954335",18,0,"1",0,"D",.,"A",130,"D",0,"D",0,"D",.,"A",.,"A",0,"D",0,"D",10,"D",130,"D",78,"D",6,"D"
"20151","02954363",20,0,"1",780,"D",260,"D",130,"D",195,"D",158,"F",.,"A",.,"A",520,"D",115,"F",.,"A",.,"A",.,"A",.,"A"
"20151","02954383",33,0,"1",650,"D",0,"D",520,"D",0,"D",0,"D",.,"A",.,"A",650,"D",0,"D",.,"A",.,"A",.,"A",.,"A"
"20151","02954403",16,0,"1",390,"D",0,"D",.,"A",0,"D",0,"D",.,"A",.,"A",390,"D",0,"D",.,"A",.,"A",.,"A",.,"A"
"20151","02954443",32,0,"1",1300,"D",260,"D",.,"A",1560,"D",0,"D",.,"A",.,"A",1040,"D",0,"D",.,"A",.,"A",.,"A",.,"A"
"20151","02954493",27,0,"1",2080,"D",325,"D",.,"A",390,"D",0,"D",.,"A",.,"A",1755,"D",75,"D",.,"A",.,"A",.,"A",.,"A"
"20151","02954523",26,0,"1",0,"D",.,"A",1040,"D",650,"D",0,"D",.,"A",.,"A",0,"D",0,"D",.,"A",.,"A",.,"A",.,"A"
"20151","02954533",37,0,"1",1300,"D",0,"D",.,"A",0,"D",300,"D",.,"A",.,"A",1300,"D",150,"D",.,"A",.,"A",.,"A",.,"A"
"20151","02954593",30,0,"1",780,"D",65,"D",.,"A",520,"D",90,"D",.,"A",.,"A",715,"D",90,"D",.,"A",.,"A",.,"A",.,"A"
"20151","02954613",22,0,"1",1300,"D",0,"D",520,"D",1300,"D",0,"D",.,"A",.,"A",1300,"D",0,"D",75,"D",975,"D",.,"A",.,"A"
"20151","02954624",24,0,"1",1300,"D",975,"D",260,"D",130,"D",600,"D",.,"A",.,"A",325,"D",600,"D",25,"D",325,"D",.,"A",.,"A"
"20151","02954633",22,0,"1",780,"D",351,"F",260,"D",0,"D",0,"D",.,"A",.,"A",1470,"F",0,"D",.,"A",.,"A",.,"A",.,"A"
"20151","02954673",40,0,"1",1300,"D",130,"D",.,"A",325,"D",6,"D",.,"A",270,"D",1170,"D",6,"D",.,"A",.,"A",.,"A",.,"A"
"20151","02954703",65,0,"1",2600,"D",0,"D",325,"D",1430,"D",0,"D",.,"A",72,"D",2600,"D",0,"D",.,"A",.,"A",.,"A",.,"A"
"20151","02954793",45,0,"1",1885,"D",650,"D",.,"A",325,"D",0,"D",.,"A",.,"A",1235,"D",0,"D",.,"A",.,"A",.,"A",.,"A"
"20151","02954834",30,0,"1",325,"D",0,"D",130,"D",0,"D",24,"D",.,"A",.,"A",325,"D",0,"D",.,"A",.,"A",.,"A",.,"A"
"20151","02954853",26,0,"1",1950,"D",650,"D",.,"A",0,"D",0,"D",.,"A",.,"A",1300,"D",0,"D",.,"A",.,"A",.,"A",.,"A"
"20151","02954903",61,0,"1",3575,"D",520,"D",.,"A",455,"D",0,"D",.,"A",.,"A",3055,"D",54,"D",.,"A",.,"A",.,"A",.,"A"
"20151","02954963",8,0,"1",780,"D",0,"D",.,"A",260,"D",0,"D",.,"A",.,"A",780,"D",0,"D",.,"A",.,"A",.,"A",.,"A"
"20151","02954973",34,0,"1",1950,"D",650,"D",.,"A",650,"D",0,"D",.,"A",.,"A",1300,"D",120,"D",280,"D",3640,"D",.,"A",.,"A"
"20151","02955003",17,0,"1",260,"D",52,"D",.,"A",0,"D",0,"D",.,"A",.,"A",208,"D",0,"D",.,"A",.,"A",.,"A",.,"A"
"20151","02955113",43,0,"1",650,"D",0,"D",.,"A",0,"D",0,"D",.,"A",.,"A",650,"D",0,"D",.,"A",.,"A",.,"A",.,"A"
"20151","02955123",50,0,"1",1755,"D",390,"D",.,"A",585,"D",0,"D",.,"A",.,"A",1365,"D",0,"D",.,"A",.,"A",.,"A",.,"A"
"20151","02955173",14,0,"1",650,"D",0,"D",.,"A",0,"D",0,"D",.,"A",.,"A",650,"D",0,"D",.,"A",.,"A",.,"A",.,"A"
"20151","02955213",65,0,"1",2080,"D",650,"D",.,"A",1300,"D",63,"D",.,"A",.,"A",1430,"D",45,"D",.,"A",.,"A",.,"A",.,"A"
"20151","02955283",14,0,"1",520,"D",0,"D",.,"A",325,"D",0,"D",.,"A",.,"A",520,"D",0,"D",.,"A",.,"A",.,"A",.,"A"
"20151","02955373",14,0,"1",1300,"D",348,"F",.,"A",673,"F",66,"F",.,"A",.,"A",1217,"F",122,"F",.,"A",.,"A",.,"A",.,"A"
"20151","02955393",21,0,"1",715,"D",65,"D",650,"D",0,"D",0,"D",.,"A",.,"A",650,"D",0,"D",35,"D",455,"D",.,"A",.,"A"
"20151","02955403",30,0,"1",910,"D",325,"D",.,"A",0,"D",105,"D",.,"A",.,"A",585,"D",165,"D",.,"A",.,"A",.,"A",.,"A"
"20151","02955413",33,0,"1",1300,"D",520,"D",.,"A",0,"D",0,"D",.,"A",.,"A",780,"D",120,"D",.,"A",.,"A",260,"D",20,"D"
"20151","02955523",31,0,"1",2275,"D",325,"D",234,"D",169,"D",99,"F",.,"A",.,"A",1950,"D",75,"D",.,"A",.,"A",.,"A",.,"A"
"20151","02955565",18,0,"1",585,"D",260,"D",.,"A",195,"D",300,"D",195,"D",.,"A",325,"D",300,"D",.,"A",.,"A",.,"A",.,"A"
"20151","02955653",30,0,"1",1560,"D",260,"D",.,"A",520,"D",30,"D",.,"A",.,"A",1300,"D",90,"D",.,"A",.,"A",.,"A",.,"A"
"20151","02955663",55,0,"1",780,"D",65,"D",.,"A",0,"D",0,"D",.,"A",60,"D",715,"D",0,"D",.,"A",.,"A",.,"A",.,"A"
"20151","02955675",26,0,"1",650,"D",91,"D",390,"D",260,"D",0,"D",.,"A",.,"A",559,"D",0,"D",.,"A",.,"A",.,"A",.,"A"
"20151","02955683",25,0,"1",2137,"F",.,"A",.,"A",733,"F",0,"D",.,"A",.,"A",1823,"F",119,"F",.,"A",.,"A",.,"A",.,"A"
"20151","02955703",33,0,"1",1950,"D",520,"D",.,"A",650,"D",0,"D",.,"A",.,"A",1430,"D",0,"D",.,"A",.,"A",.,"A",.,"A"
"20151","02955743",30,0,"1",2600,"D",370,"F",.,"A",650,"D",0,"D",.,"A",.,"A",1479,"F",0,"D",.,"A",.,"A",.,"A",.,"A"
"20151","02955763",17,0,"1",1300,"D",260,"D",.,"A",0,"D",0,"D",.,"A",.,"A",1040,"D",0,"D",20,"D",260,"D",.,"A",.,"A"
"20151","02955773",22,0,"1",520,"D",78,"D",.,"A",247,"D",0,"D",.,"A",.,"A",442,"D",0,"D",.,"A",.,"A",.,"A",.,"A"
"20151","02955813",17,0,"1",1300,"D",351,"F",.,"A",458,"F",6,"D",.,"A",.,"A",1470,"F",6,"D",.,"A",.,"A",.,"A",.,"A"
"20151","02955903",18,0,"1",650,"D",65,"D",.,"A",0,"D",0,"D",.,"A",.,"A",585,"D",0,"D",.,"A",.,"A",.,"A",.,"A"
"20151","02955933",37,0,"1",1456,"D",325,"D",.,"A",260,"D",0,"D",.,"A",.,"A",1131,"D",45,"D",.,"A",.,"A",.,"A",.,"A"
"20151","02988812",25,0,"1",1950,"D",130,"D",.,"A",780,"D",0,"D",.,"A",.,"A",1820,"D",0,"D",.,"A",.,"A",.,"A",.,"A"
"20151","02988832",60,0,"1",1950,"D",260,"D",.,"A",650,"D",0,"D",.,"A",.,"A",1690,"D",0,"D",.,"A",.,"A",.,"A",.,"A"
"20151","02988842",38,0,"1",1300,"D",260,"D",325,"D",650,"D",600,"D",.,"A",.,"A",1040,"D",150,"D",40,"D",520,"D",.,"A",.,"A"
"20151","02988852",20,0,"1",3900,"D",650,"D",.,"A",390,"D",0,"D",.,"A",.,"A",3250,"D",0,"D",.,"A",.,"A",.,"A",.,"A"
"20151","02988864",26,0,"1",2600,"D",0,"D",.,"A",260,"D",0,"D",.,"A",72,"D",2600,"D",0,"D",.,"A",.,"A",.,"A",.,"A"
"20151","02988872",39,0,"1",1950,"D",650,"D",.,"A",325,"D",0,"D",.,"A",.,"A",1300,"D",75,"D",.,"A",.,"A",.,"A",.,"A"
"20151","02988893",25,0,"1",3250,"D",361,"F",.,"A",520,"D",0,"D",.,"A",.,"A",1269,"F",0,"D",.,"A",.,"A",.,"A",.,"A"
"20151","02988902",33,0,"1",3250,"D",650,"D",.,"A",260,"D",0,"D",.,"A",.,"A",2600,"D",150,"D",.,"A",.,"A",.,"A",.,"A"
"20151","02988932",25,0,"1",975,"D",195,"D",.,"A",910,"D",0,"D",.,"A",.,"A",780,"D",0,"D",.,"A",.,"A",.,"A",.,"A"
"20151","02988942",33,0,"1",1267,"F",.,"A",.,"A",260,"D",0,"D",.,"A",.,"A",1021,"F",0,"D",.,"A",.,"A",.,"A",.,"A"
"20151","02988992",20,0,"1",780,"D",130,"D",.,"A",260,"D",0,"D",.,"A",.,"A",650,"D",6,"D",.,"A",.,"A",.,"A",.,"A"
"20151","02989032",51,0,"1",3575,"D",975,"D",.,"A",130,"D",0,"D",.,"A",.,"A",2600,"D",0,"D",.,"A",.,"A",.,"A",.,"A"
"20151","02989042",49,0,"1",1300,"D",195,"D",325,"D",260,"D",45,"D",.,"A",.,"A",1105,"D",45,"D",.,"A",.,"A",.,"A",.,"A"
"20151","02989052",55,0,"1",780,"D",195,"D",260,"D",650,"D",300,"D",.,"A",.,"A",585,"D",0,"D",.,"A",.,"A",.,"A",.,"A"
"20151","02989092",56,0,"1",1300,"D",260,"D",303,"F",520,"D",150,"D",.,"A",.,"A",1040,"D",0,"D",.,"A",.,"A",.,"A",.,"A"
"20151","02989102",54,0,"1",1170,"D",65,"D",.,"A",325,"D",15,"D",.,"A",.,"A",1105,"D",30,"D",.,"A",.,"A",.,"A",.,"A"
"20151","02989122",50,0,"1",1040,"D",195,"D",.,"A",0,"D",0,"D",99,"D",.,"A",845,"D",360,"D",.,"A",.,"A",.,"A",.,"A"
"20151","02989132",72,0,"1",1456,"D",195,"D",.,"A",780,"D",480,"D",.,"A",.,"A",1261,"D",300,"D",.,"A",.,"A",.,"A",.,"A"
"20151","02989172",41,0,"1",2600,"D",0,"D",.,"A",0,"D",0,"D",.,"A",.,"A",2600,"D",60,"D",.,"A",.,"A",.,"A",.,"A"
"20151","02989182",56,0,"1",1170,"D",390,"D",390,"D",1040,"D",120,"D",.,"A",.,"A",780,"D",120,"D",.,"A",.,"A",.,"A",.,"A"
"20151","02989193",18,0,"1",871,"D",39,"D",.,"A",3250,"D",375,"D",.,"A",.,"A",832,"D",63,"D",.,"A",.,"A",.,"A",.,"A"
"20151","02989242",23,0,"1",5200,"D",1300,"D",.,"A",1950,"D",0,"D",.,"A",.,"A",3900,"D",0,"D",.,"C",353,"F",.,"A",.,"A"
"20151","02989262",66,0,"1",1625,"D",260,"D",.,"A",156,"D",0,"D",.,"A",.,"A",1365,"D",15,"D",.,"A",.,"A",.,"A",.,"A"
"20151","02989312",30,0,"1",975,"D",0,"D",.,"A",1430,"D",180,"D",.,"A",.,"A",975,"D",0,"D",.,"A",.,"A",.,"A",.,"A"
"20151","02989332",21,0,"1",1560,"D",390,"D",.,"A",130,"D",0,"D",.,"A",.,"A",1170,"D",0,"D",.,"A",.,"A",.,"A",.,"A"
"20151","02989372",10,0,"1",2600,"D",780,"D",.,"A",1950,"D",0,"D",.,"A",.,"A",1820,"D",0,"D",.,"A",.,"A",.,"A",.,"A"
"20151","02989382",20,0,"1",1170,"D",195,"D",.,"A",325,"D",0,"D",.,"A",.,"A",975,"D",0,"D",.,"A",.,"A",.,"A",.,"A"
"20151","02989483",25,0,"1",520,"D",65,"D",.,"A",130,"D",120,"D",.,"A",.,"A",455,"D",60,"D",.,"A",.,"A",.,"A",.,"A"
"20151","02989502",25,0,"1",390,"D",0,"D",.,"A",0,"D",0,"D",.,"A",.,"A",390,"D",0,"D",.,"A",.,"A",.,"A",.,"A"
"20151","02989552",23,0,"1",1300,"D",390,"D",.,"A",390,"D",60,"D",980,"D",.,"A",910,"D",120,"D",30,"D",390,"D",.,"A",.,"A"
"20151","02989572",73,0,"1",2340,"D",130,"D",.,"A",650,"D",0,"D",.,"A",.,"A",2210,"D",45,"D",.,"A",.,"A",.,"A",.,"A"
"20151","02989592",46,0,"1",1300,"D",650,"D",.,"A",650,"D",0,"D",.,"A",.,"A",650,"D",120,"D",.,"A",.,"A",.,"A",.,"A"
"20151","02989652",16,0,"1",1235,"D",431,"F",.,"A",0,"D",0,"D",3640,"D",.,"A",1476,"F",0,"D",.,"A",.,"A",.,"A",.,"A"
"20151","02989682",11,0,"1",1950,"D",260,"D",.,"A",520,"D",0,"D",.,"A",.,"A",1690,"D",0,"D",.,"A",.,"A",.,"A",.,"A"
"20151","02989732",21,0,"1",845,"D",0,"D",.,"A",390,"D",0,"D",.,"A",.,"A",845,"D",0,"D",.,"A",.,"A",.,"A",.,"A"
"20151","02989752",41,0,"1",1950,"D",260,"D",.,"A",260,"D",0,"D",.,"A",.,"A",1690,"D",30,"D",.,"A",.,"A",.,"A",.,"A"
"20151","02989782",47,0,"1",2600,"D",260,"D",.,"A",390,"D",0,"D",.,"A",720,"D",2340,"D",0,"D",.,"A",.,"A",.,"A",.,"A"
"20151","02989872",33,0,"1",1625,"D",260,"D",130,"D",208,"D",0,"D",.,"A",130,"D",1365,"D",0,"D",.,"A",.,"A",.,"A",.,"A"
"20151","02989892",27,0,"1",1300,"D",130,"D",.,"A",910,"D",0,"D",.,"A",.,"A",1170,"D",0,"D",.,"A",.,"A",.,"A",.,"A"
"20151","02989932",17,0,"1",1300,"D",325,"D",.,"A",130,"D",0,"D",.,"A",.,"A",975,"D",0,"D",30,"D",390,"D",.,"A",.,"A"
"20151","02989962",61,0,"1",1300,"D",260,"D",.,"A",780,"D",90,"D",.,"A",.,"A",1040,"D",360,"D",.,"A",.,"A",.,"A",.,"A"
"20151","02989982",23,0,"1",975,"D",0,"D",.,"A",390,"D",0,"D",.,"A",.,"A",975,"D",0,"D",.,"A",.,"A",.,"A",.,"A"
"20151","02990014",10,0,"1",780,"D",65,"D",.,"A",0,"D",6,"D",.,"A",.,"A",715,"D",6,"D",.,"A",.,"A",.,"A",.,"A"
"20151","02990022",38,0,"1",1300,"D",325,"D",.,"A",3900,"D",300,"D",.,"A",.,"A",975,"D",600,"D",.,"A",.,"A",.,"A",.,"A"
"20151","02990032",27,0,"1",390,"D",39,"D",130,"D",0,"D",0,"D",.,"A",.,"A",351,"D",0,"D",.,"A",.,"A",.,"A",.,"A"
"20151","02990072",56,0,"1",325,"D",0,"D",.,"A",0,"D",0,"D",.,"A",.,"A",325,"D",0,"D",.,"A",.,"A",.,"A",.,"A"
"20151","02990092",38,0,"1",1625,"D",325,"D",.,"A",260,"D",0,"D",.,"A",.,"A",1300,"D",108,"F",20,"D",260,"D",.,"A",.,"A"
"20151","02990112",62,0,"1",1950,"D",650,"D",.,"A",1300,"D",0,"D",.,"A",.,"A",1300,"D",0,"D",.,"A",.,"A",.,"A",.,"A"
"20151","02990122",29,0,"1",2600,"D",325,"D",.,"A",520,"D",0,"D",.,"A",.,"A",2275,"D",0,"D",.,"A",.,"A",.,"A",.,"A"
"20151","02990134",5,0,"1",0,"D",.,"A",.,"A",260,"D",0,"D",.,"A",.,"A",0,"D",0,"D",.,"A",.,"A",.,"A",.,"A"
"20151","02990172",38,0,"1",260,"D",0,"D",130,"D",156,"D",90,"D",.,"A",.,"A",260,"D",6,"D",.,"A",.,"A",.,"A",.,"A"
"20151","02990192",22,0,"1",1300,"D",130,"D",.,"A",260,"D",0,"D",.,"A",.,"A",1170,"D",45,"D",.,"A",.,"A",65,"D",5,"D"
"20151","02990262",48,0,"1",1300,"D",650,"D",.,"A",1105,"D",600,"D",.,"A",.,"A",650,"D",30,"D",.,"A",.,"A",.,"A",.,"A"
"20151","02990272",33,0,"1",2145,"D",0,"D",.,"A",260,"D",0,"D",.,"A",.,"A",2145,"D",0,"D",15,"D",195,"D",.,"A",.,"A"
"20151","02990282",24,0,"1",1300,"D",195,"D",.,"A",650,"D",0,"D",.,"A",.,"A",1105,"D",0,"D",.,"A",.,"A",.,"A",.,"A"
"20151","02990382",16,0,"1",325,"D",0,"D",.,"A",78,"D",0,"D",.,"A",.,"A",325,"D",72,"D",.,"A",.,"A",.,"A",.,"A"
"20151","02990402",26,0,"1",1950,"D",390,"D",260,"D",390,"D",0,"D",.,"A",.,"A",1560,"D",0,"D",.,"A",.,"A",.,"A",.,"A"
"20151","02990412",21,0,"1",1300,"D",0,"D",.,"A",0,"D",0,"D",.,"A",.,"A",1300,"D",0,"D",.,"A",.,"A",.,"A",.,"A"
"20151","02990432",17,0,"1",975,"D",260,"D",.,"A",2600,"D",0,"D",.,"A",.,"A",715,"D",0,"D",.,"A",.,"A",.,"A",.,"A"
"20151","02990454",26,0,"1",2340,"D",455,"D",.,"A",325,"D",0,"D",.,"A",.,"A",1885,"D",75,"D",.,"A",.,"A",.,"A",.,"A"
"20151","02990472",12,0,"1",1690,"D",0,"D",.,"A",0,"D",0,"D",.,"A",.,"A",1690,"D",0,"D",.,"A",.,"A",.,"A",.,"A"
"20151","02990484",74,0,"1",1300,"D",260,"D",.,"A",260,"D",0,"D",.,"A",.,"A",1040,"D",0,"D",.,"A",.,"A",.,"A",.,"A"
"20151","02990652",64,0,"1",1950,"D",260,"D",780,"D",390,"D",30,"D",.,"A",.,"A",1690,"D",60,"D",.,"A",.,"A",.,"A",.,"A"
"20151","02990662",46,0,"1",260,"D",184,"F",520,"D",78,"D",0,"D",.,"A",.,"A",637,"F",0,"D",.,"A",.,"A",.,"A",.,"A"
"20151","02990702",26,0,"1",910,"D",260,"D",78,"D",325,"D",0,"D",.,"A",.,"A",650,"D",0,"D",.,"A",.,"A",.,"A",.,"A"
"20151","02990712",15,0,"1",520,"D",65,"D",.,"A",65,"D",0,"D",.,"A",.,"A",455,"D",0,"D",.,"A",.,"A",.,"A",.,"A"
"20151","02990722",28,0,"1",1300,"D",0,"D",.,"A",429,"D",0,"D",.,"A",.,"A",1300,"D",0,"D",.,"A",.,"A",.,"A",.,"A"
"20151","02990742",25,0,"1",1950,"D",195,"D",.,"A",0,"D",0,"D",.,"A",.,"A",1755,"D",0,"D",.,"A",.,"A",.,"A",.,"A"
"20151","02990782",29,0,"1",325,"D",130,"D",.,"A",260,"D",0,"D",.,"A",.,"A",195,"D",0,"D",.,"A",.,"A",.,"A",.,"A"
"20151","02990802",34,0,"1",1950,"D",325,"D",.,"A",650,"D",85,"F",.,"A",.,"A",1625,"D",108,"F",.,"A",.,"A",.,"A",.,"A"
"20151","02990812",15,0,"1",1300,"D",379,"F",.,"A",473,"F",6,"D",.,"A",.,"A",1228,"F",6,"D",.,"A",.,"A",.,"A",.,"A"
"20151","02990902",11,0,"1",390,"D",65,"D",.,"A",390,"D",0,"D",.,"A",.,"A",325,"D",0,"D",.,"A",.,"A",.,"A",.,"A"
"20151","02990942",20,0,"1",780,"D",195,"D",.,"A",0,"D",0,"D",.,"A",.,"A",585,"D",0,"D",.,"A",.,"A",.,"A",.,"A"
"20151","02990962",43,0,"1",975,"D",260,"D",.,"A",650,"D",6,"D",.,"A",.,"A",715,"D",6,"D",.,"A",.,"A",.,"A",.,"A"
"20151","02991072",58,0,"1",2600,"D",520,"D",130,"D",1950,"D",120,"D",.,"A",.,"A",2080,"D",45,"D",.,"A",.,"A",.,"A",.,"A"
"20151","02991112",25,0,"1",1625,"D",195,"D",.,"A",0,"D",0,"D",.,"A",.,"A",1430,"D",30,"D",.,"A",.,"A",.,"A",.,"A"
"20151","02991152",53,0,"1",1820,"D",370,"F",.,"A",1625,"D",153,"F",.,"A",.,"A",1479,"F",630,"D",.,"A",.,"A",.,"A",.,"A"
"20151","02991232",33,0,"1",2080,"D",390,"D",.,"A",1300,"D",600,"D",.,"A",.,"A",1690,"D",300,"D",.,"A",.,"A",.,"A",.,"A"
"20151","02991292",28,0,"1",1040,"D",130,"D",.,"A",1040,"D",6,"D",.,"A",180,"D",910,"D",60,"D",.,"A",.,"A",.,"A",.,"A"
"20151","02991392",42,0,"1",1625,"D",325,"D",.,"A",65,"D",60,"D",.,"A",.,"A",1300,"D",0,"D",.,"A",.,"A",.,"A",.,"A"
"20151","02991452",29,0,"1",650,"D",249,"F",.,"A",182,"D",0,"D",.,"A",.,"A",868,"F",0,"D",.,"A",.,"A",.,"A",.,"A"
"20151","02991464",81,0,"1",1625,"D",195,"D",.,"A",4290,"D",0,"D",382,"F",.,"A",1430,"D",195,"D",20,"D",260,"D",.,"A",.,"A"
"20151","02991472",30,0,"1",1300,"D",260,"D",.,"A",650,"D",94,"F",.,"A",.,"A",1040,"D",150,"D",.,"A",.,"A",.,"A",.,"A"
"20151","02991492",43,0,"1",1950,"D",390,"D",.,"A",4550,"D",120,"D",.,"A",.,"A",1560,"D",60,"D",.,"A",.,"A",.,"A",.,"A"
"20151","02991503",31,0,"1",2600,"D",520,"D",.,"A",130,"D",60,"D",.,"A",.,"A",2080,"D",60,"D",.,"A",.,"A",.,"A",.,"A"
"20151","02991522",57,0,"1",2600,"D",169,"D",.,"A",650,"D",0,"D",.,"A",.,"A",2431,"D",0,"D",.,"A",.,"A",.,"A",.,"A"
"20151","02991542",73,0,"1",2600,"D",0,"D",.,"A",780,"D",180,"D",.,"A",.,"A",2600,"D",300,"D",.,"A",.,"A",.,"A",.,"A"
"20151","02991562",56,0,"1",975,"D",390,"D",65,"D",0,"D",0,"D",.,"A",.,"A",585,"D",51,"D",.,"A",.,"A",130,"D",10,"D"
"20151","02991572",55,0,"1",1105,"D",195,"D",325,"D",455,"D",0,"D",.,"A",15,"D",910,"D",0,"D",36,"D",468,"D",.,"A",.,"A"
"20151","02991582",41,0,"1",1430,"D",130,"D",.,"A",975,"D",0,"D",.,"A",.,"A",1300,"D",108,"D",.,"A",.,"A",.,"A",.,"A"
"20151","02991612",21,0,"1",1950,"D",650,"D",1300,"D",390,"D",75,"D",.,"A",.,"A",1300,"D",90,"D",.,"A",.,"A",.,"A",.,"A"
"20151","02991652",42,0,"1",3380,"D",260,"D",.,"A",585,"D",0,"D",.,"A",.,"A",3120,"D",192,"D",.,"A",.,"A",.,"A",.,"A"
"20151","02991792",35,0,"1",1950,"D",455,"D",.,"A",520,"D",6,"D",.,"A",.,"A",1495,"D",6,"D",.,"A",.,"A",.,"A",.,"A"
"20151","02991822",86,0,"1",2600,"D",390,"D",.,"A",780,"D",15,"D",.,"A",.,"A",2210,"D",75,"D",.,"A",.,"A",.,"A",.,"A"
"20151","02991852",45,0,"1",1820,"D",260,"D",.,"A",975,"D",0,"D",.,"A",.,"A",1560,"D",75,"D",.,"A",.,"A",.,"A",.,"A"
"20151","02991872",15,0,"1",3250,"D",325,"D",260,"D",0,"D",0,"D",.,"A",.,"A",2925,"D",180,"D",.,"A",.,"A",.,"A",.,"A"
"20151","02991912",9,0,"1",1950,"D",325,"D",650,"D",650,"D",120,"D",.,"A",.,"A",1625,"D",120,"D",20,"D",260,"D",.,"A",.,"A"
"20151","02991972",40,0,"1",3380,"D",650,"D",.,"A",650,"D",30,"D",.,"A",.,"A",2730,"D",150,"D",.,"A",.,"A",.,"A",.,"A"
"20151","02992032",22,0,"1",390,"D",130,"D",.,"A",325,"D",0,"D",.,"A",.,"A",260,"D",6,"D",.,"A",.,"A",.,"A",.,"A"
"20151","02992042",40,0,"1",338,"D",26,"D",.,"A",975,"D",0,"D",.,"A",.,"A",312,"D",30,"D",.,"A",.,"A",.,"A",.,"A"
"20151","02992062",51,0,"1",1625,"D",520,"D",520,"D",1560,"D",48,"D",.,"A",.,"A",1105,"D",192,"D",.,"A",.,"A",.,"A",.,"A"
"20151","02992082",85,0,"1",1625,"D",0,"D",.,"A",1625,"D",21,"D",.,"A",.,"A",1625,"D",0,"D",.,"A",.,"A",.,"A",.,"A"
"20151","02992092",31,0,"1",1950,"D",455,"D",.,"A",1040,"D",0,"D",.,"A",.,"A",1495,"D",0,"D",.,"A",.,"A",.,"A",.,"A"
"20151","02992112",58,0,"1",2708,"F",.,"A",466,"F",987,"F",0,"D",.,"A",.,"A",2313,"F",30,"D",15,"D",195,"D",.,"A",.,"A"
"20151","02992162",24,0,"1",975,"D",65,"D",.,"A",195,"D",0,"D",.,"A",.,"A",910,"D",0,"D",.,"A",.,"A",.,"A",.,"A"
"20151","02992182",11,0,"1",2860,"D",260,"D",.,"A",130,"D",0,"D",.,"A",.,"A",2600,"D",0,"D",.,"A",.,"A",.,"A",.,"A"
"20151","02992242",29,0,"1",520,"D",260,"D",.,"A",260,"D",30,"D",.,"A",.,"A",260,"D",0,"D",.,"A",.,"A",.,"A",.,"A"
"20151","02992282",24,0,"1",1950,"D",0,"D",.,"A",130,"D",0,"D",.,"A",.,"A",1950,"D",0,"D",20,"D",260,"D",.,"A",.,"A"
"20151","02992302",36,0,"1",2600,"D",1300,"D",.,"A",650,"D",0,"D",.,"A",.,"A",1300,"D",15,"D",.,"A",.,"A",.,"A",.,"A"
"20151","02992342",45,0,"1",845,"D",325,"D",520,"D",260,"D",0,"D",.,"A",240,"D",520,"D",0,"D",.,"A",.,"A",.,"A",.,"A"
"20151","02992362",45,0,"1",1040,"D",130,"D",.,"A",260,"D",6,"D",.,"A",.,"A",910,"D",6,"D",.,"A",.,"A",.,"A",.,"A"
"20151","02992432",46,0,"1",780,"D",130,"D",.,"A",689,"D",0,"D",.,"A",.,"A",650,"D",6,"D",.,"A",.,"A",.,"A",.,"A"
"20151","02992472",56,0,"1",1625,"D",130,"D",.,"A",390,"D",0,"D",.,"A",.,"A",1495,"D",0,"D",.,"A",.,"A",.,"A",.,"A"
"20151","02992482",49,0,"1",1300,"D",390,"D",.,"A",520,"D",0,"D",.,"A",.,"A",910,"D",0,"D",.,"A",.,"A",.,"A",.,"A"
"20151","02992502",13,0,"1",1560,"D",260,"D",390,"D",0,"D",0,"D",.,"A",.,"A",1300,"D",0,"D",.,"A",.,"A",.,"A",.,"A"
"20151","02992562",32,0,"1",975,"D",104,"D",.,"A",585,"D",0,"D",.,"A",.,"A",871,"D",0,"D",.,"A",.,"A",.,"A",.,"A"
"20151","02992602",38,0,"1",2600,"D",0,"D",.,"A",986,"F",0,"D",.,"A",.,"A",2600,"D",0,"D",.,"A",.,"A",.,"A",.,"A"
"20151","02992612",34,0,"1",650,"D",130,"D",.,"A",390,"D",0,"D",.,"A",.,"A",520,"D",60,"D",30,"D",390,"D",.,"A",.,"A"
"20151","02992632",66,0,"1",975,"D",0,"D",325,"D",325,"D",0,"D",.,"A",.,"A",975,"D",138,"D",.,"A",.,"A",.,"A",.,"A"
"20151","02992662",19,0,"1",780,"D",130,"D",.,"A",0,"D",0,"D",.,"A",.,"A",650,"D",0,"D",.,"A",.,"A",.,"A",.,"A"
"20151","02992672",28,0,"1",845,"D",260,"D",.,"A",260,"D",0,"D",.,"A",.,"A",585,"D",30,"D",.,"A",.,"A",.,"A",.,"A"
"20151","02992682",18,0,"1",1950,"D",260,"D",520,"D",130,"D",0,"D",.,"A",.,"A",1690,"D",75,"D",20,"D",260,"D",.,"A",.,"A"
"20151","02992712",43,0,"1",1950,"D",0,"D",.,"A",390,"D",0,"D",.,"A",.,"A",1950,"D",0,"D",100,"D",1300,"D",.,"A",.,"A"
"20151","02992742",31,0,"1",1300,"D",130,"D",.,"A",390,"D",60,"D",.,"A",.,"A",1170,"D",240,"D",.,"A",.,"A",.,"A",.,"A"
"20151","02992782",37,0,"1",3380,"D",1040,"D",156,"D",520,"D",90,"D",.,"A",.,"A",2340,"D",150,"D",.,"A",.,"A",.,"A",.,"A"
"20151","02992802",20,0,"1",780,"D",260,"D",130,"D",455,"D",0,"D",.,"A",.,"A",520,"D",30,"D",40,"D",520,"D",.,"A",.,"A"
"20151","02992812",42,0,"1",1040,"D",195,"D",.,"A",650,"D",0,"D",.,"A",.,"A",845,"D",0,"D",.,"A",.,"A",.,"A",.,"A"
"20151","02992862",24,0,"1",1559,"F",.,"A",.,"A",650,"D",0,"D",.,"A",.,"A",1361,"F",0,"D",.,"A",.,"A",.,"A",.,"A"
"20151","02992872",54,0,"1",1560,"D",390,"D",.,"A",650,"D",36,"D",.,"A",.,"A",1170,"D",60,"D",.,"A",.,"A",.,"A",.,"A"
"20151","02992902",35,0,"1",1950,"D",260,"D",1300,"D",975,"D",0,"D",.,"A",.,"A",1690,"D",0,"D",.,"A",.,"A",.,"A",.,"A"
"20151","02992932",30,0,"1",1560,"D",390,"D",.,"A",520,"D",0,"D",.,"A",.,"A",1170,"D",75,"D",.,"A",.,"A",.,"A",.,"A"
"20151","02992942",23,0,"1",520,"D",130,"D",104,"D",325,"D",30,"D",.,"A",.,"A",390,"D",90,"D",.,"A",.,"A",.,"A",.,"A"
"20151","02992952",24,0,"1",1950,"D",195,"D",373,"F",553,"F",6,"D",.,"A",.,"A",1755,"D",6,"D",.,"A",.,"A",.,"A",.,"A"
"20151","02993022",29,0,"1",1040,"D",195,"D",390,"D",650,"D",0,"D",.,"A",.,"A",845,"D",0,"D",.,"A",.,"A",.,"A",.,"A"
"20151","02993032",67,0,"1",1105,"D",130,"D",390,"D",1300,"D",30,"D",.,"A",.,"A",975,"D",60,"D",40,"D",520,"D",.,"A",.,"A"
"20151","02993082",13,0,"1",130,"D",65,"D",.,"A",0,"D",0,"D",.,"A",.,"A",65,"D",120,"D",.,"A",.,"A",.,"A",.,"A"
"20151","02993112",66,0,"1",650,"D",0,"D",.,"A",910,"D",0,"D",.,"A",.,"A",650,"D",0,"D",.,"A",.,"A",.,"A",.,"A"
"20151","02993142",28,0,"1",1950,"D",390,"D",.,"A",650,"D",6,"D",.,"A",.,"A",1560,"D",6,"D",.,"A",.,"A",.,"A",.,"A"
"20151","02993162",34,0,"1",1300,"D",650,"D",.,"A",650,"D",0,"D",.,"A",.,"A",650,"D",0,"D",.,"A",.,"A",.,"A",.,"A"
"20151","02993202",22,0,"1",2600,"D",520,"D",.,"A",1300,"D",0,"D",.,"A",.,"A",2080,"D",0,"D",.,"A",.,"A",546,"D",42,"D"
"20151","02993212",19,0,"1",520,"D",65,"D",.,"A",520,"D",6,"D",.,"A",.,"A",455,"D",6,"D",.,"A",.,"A",.,"A",.,"A"
"20151","02993282",37,0,"1",2600,"D",780,"D",.,"A",0,"D",6,"D",.,"A",.,"A",1820,"D",6,"D",25,"D",325,"D",325,"D",25,"D"
"20151","02993302",12,0,"1",520,"D",65,"D",65,"D",0,"D",0,"D",.,"A",.,"A",455,"D",0,"D",.,"A",.,"A",.,"A",.,"A"
"20151","02993352",36,0,"1",1560,"D",260,"D",.,"A",975,"D",60,"D",.,"A",.,"A",1300,"D",45,"D",.,"A",.,"A",.,"A",.,"A"
"20151","02993432",43,0,"1",1950,"D",260,"D",78,"D",650,"D",150,"D",.,"A",.,"A",1690,"D",450,"D",.,"A",.,"A",.,"A",.,"A"
"20151","02993453",13,0,"1",910,"D",130,"D",.,"A",130,"D",6,"D",.,"A",.,"A",780,"D",6,"D",.,"A",.,"A",.,"A",.,"A"
"20151","02993462",14,0,"1",1950,"D",260,"D",.,"A",65,"D",0,"D",.,"A",.,"A",1690,"D",0,"D",33,"D",429,"D",.,"A",.,"A"
"20151","02993493",41,0,"1",1339,"D",169,"D",.,"A",182,"D",6,"D",.,"A",.,"A",1170,"D",6,"D",.,"A",.,"A",.,"A",.,"A"
"20151","02993514",40,0,"1",845,"D",130,"D",.,"A",975,"D",300,"D",.,"A",.,"A",715,"D",120,"D",.,"A",.,"A",.,"A",.,"A"
"20151","02993532",54,0,"1",325,"D",0,"D",.,"A",104,"D",0,"D",.,"A",.,"A",325,"D",0,"D",.,"A",.,"A",.,"A",.,"A"
"20151","02993612",15,0,"1",1040,"D",65,"D",.,"A",780,"D",0,"D",.,"A",.,"A",975,"D",0,"D",.,"A",.,"A",.,"A",.,"A"
"20151","02993625",15,0,"1",728,"D",78,"D",.,"A",130,"D",0,"D",.,"A",.,"A",650,"D",0,"D",.,"A",.,"A",.,"A",.,"A"
"20151","02993682",18,0,"1",1300,"D",260,"D",.,"A",130,"D",75,"D",.,"A",.,"A",1040,"D",150,"D",.,"A",.,"A",.,"A",.,"A"
"20151","02993752",42,0,"1",3900,"D",1950,"D",.,"A",0,"D",0,"D",.,"A",.,"A",1950,"D",75,"D",15,"D",195,"D",.,"A",.,"A"
"20151","02993762",24,0,"1",1950,"D",390,"D",.,"A",1300,"D",0,"D",.,"A",.,"A",1560,"D",0,"D",.,"A",.,"A",.,"A",.,"A"
"20151","02993812",77,0,"1",1976,"D",676,"D",.,"A",975,"D",45,"D",.,"A",30,"D",1300,"D",75,"D",.,"A",.,"A",.,"A",.,"A"
"20151","02993832",44,0,"1",780,"D",260,"D",260,"D",975,"D",0,"D",.,"A",.,"A",520,"D",0,"D",.,"A",.,"A",.,"A",.,"A"
"20151","02993892",19,0,"1",1625,"D",325,"D",.,"A",1040,"D",0,"D",.,"A",.,"A",1300,"D",90,"D",60,"D",780,"D",.,"A",.,"A"
"20151","02993942",22,0,"1",975,"D",288,"F",.,"A",0,"D",0,"D",.,"A",.,"A",874,"F",0,"D",.,"A",.,"A",.,"A",.,"A"
"20151","02993952",43,0,"1",2275,"D",689,"D",.,"A",1300,"D",85,"F",.,"A",.,"A",1586,"D",119,"F",.,"A",.,"A",.,"A",.,"A"
"20151","02993962",58,0,"1",1300,"D",195,"D",520,"D",650,"D",210,"D",.,"A",.,"A",1105,"D",120,"D",.,"A",.,"A",.,"A",.,"A"
"20151","02993982",18,0,"1",1950,"D",195,"D",.,"A",390,"D",0,"D",.,"A",.,"A",1755,"D",0,"D",.,"A",.,"A",.,"A",.,"A"
"20151","02994002",43,0,"1",2080,"D",390,"D",260,"D",650,"D",150,"D",.,"A",.,"A",1690,"D",150,"D",.,"A",.,"A",191,"F",.,"C"
"20151","02994032",42,0,"1",1625,"D",0,"D",.,"A",325,"D",0,"D",.,"A",.,"A",1625,"D",0,"D",38,"D",494,"D",.,"A",.,"A"
"20151","02994042",38,0,"1",1430,"D",390,"D",260,"D",585,"D",0,"D",.,"A",120,"D",1040,"D",0,"D",.,"A",.,"A",130,"D",10,"D"
"20151","02994052",36,0,"1",325,"D",65,"D",.,"A",754,"D",60,"D",.,"A",.,"A",260,"D",30,"D",.,"A",.,"A",.,"A",.,"A"
"20151","02994122",22,0,"1",1300,"D",130,"D",.,"A",0,"D",0,"D",.,"A",.,"A",1170,"D",0,"D",.,"A",.,"A",.,"A",.,"A"
"20151","02994202",51,0,"1",1300,"D",195,"D",.,"A",325,"D",0,"D",.,"A",.,"A",1105,"D",0,"D",.,"A",.,"A",.,"A",.,"A"
"20151","02994252",25,0,"1",1820,"D",520,"D",.,"A",0,"D",0,"D",.,"A",.,"A",1300,"D",120,"D",.,"A",.,"A",.,"A",.,"A"
"20151","02994262",41,0,"1",2340,"D",520,"D",195,"D",1950,"D",180,"D",.,"A",84,"D",1820,"D",240,"D",.,"A",.,"A",.,"A",.,"A"
"20151","02994292",15,0,"1",650,"D",280,"F",.,"A",910,"D",0,"D",.,"A",.,"A",1094,"F",60,"D",.,"A",.,"A",.,"A",.,"A"
"20151","02994322",34,0,"1",1950,"D",390,"D",.,"A",910,"D",0,"D",.,"A",.,"A",1560,"D",0,"D",.,"A",.,"A",.,"A",.,"A"
"20151","02994342",13,0,"1",650,"D",65,"D",.,"A",0,"D",0,"D",.,"A",.,"A",585,"D",0,"D",.,"A",.,"A",.,"A",.,"A"
"20151","02994382",21,0,"1",650,"D",65,"D",.,"A",520,"D",0,"D",.,"A",.,"A",585,"D",0,"D",.,"A",.,"A",.,"A",.,"A"
"20151","02994442",39,0,"1",1560,"D",455,"D",.,"A",650,"D",105,"D",.,"A",.,"A",1105,"D",90,"D",.,"A",.,"A",.,"A",.,"A"
"20151","02994462",27,0,"1",780,"D",195,"D",.,"A",104,"D",0,"D",.,"A",.,"A",585,"D",60,"D",.,"A",.,"A",.,"A",.,"A"
"20151","02994473",16,0,"1",1235,"D",195,"D",.,"A",260,"D",0,"D",.,"A",.,"A",1040,"D",0,"D",.,"A",.,"A",.,"A",.,"A"
"20151","02994502",42,0,"1",910,"D",195,"D",.,"A",0,"D",0,"D",.,"A",.,"A",715,"D",90,"D",.,"A",.,"A",.,"A",.,"A"
"20151","02994532",42,0,"1",975,"D",195,"D",260,"D",91,"D",0,"D",.,"A",.,"A",780,"D",0,"D",.,"A",.,"A",.,"A",.,"A"
"20151","02994572",20,0,"1",1040,"D",260,"D",.,"A",1300,"D",0,"D",.,"A",.,"A",780,"D",0,"D",.,"A",.,"A",.,"A",.,"A"
"20151","02994692",39,0,"1",2600,"D",780,"D",.,"A",650,"D",0,"D",.,"A",.,"A",1820,"D",300,"D",.,"A",.,"A",.,"A",.,"A"
"20151","02994732",38,0,"1",650,"D",104,"D",.,"A",0,"D",0,"D",.,"A",.,"A",546,"D",0,"D",.,"A",.,"A",.,"A",.,"A"
"20151","02994822",65,0,"1",2600,"D",650,"D",.,"A",260,"D",0,"D",.,"A",.,"A",1950,"D",60,"D",.,"A",.,"A",.,"A",.,"A"
"20151","02994862",22,0,"1",1300,"D",260,"D",.,"A",0,"D",0,"D",.,"A",.,"A",1040,"D",60,"D",.,"A",.,"A",.,"A",.,"A"
"20151","02994972",31,0,"1",1950,"D",650,"D",.,"A",0,"D",0,"D",.,"A",260,"D",1300,"D",0,"D",.,"A",.,"A",.,"A",.,"A"
"20151","02995002",24,0,"1",520,"D",13,"D",.,"A",455,"D",0,"D",.,"A",.,"A",507,"D",0,"D",.,"A",.,"A",.,"A",.,"A"
"20151","02995022",55,0,"1",1950,"D",325,"D",650,"D",2600,"D",0,"D",.,"A",.,"A",1625,"D",30,"D",55,"D",715,"D",260,"D",20,"D"
"20151","02995052",42,0,"1",1625,"D",260,"D",.,"A",260,"D",0,"D",.,"A",.,"A",1365,"D",30,"D",.,"A",.,"A",.,"A",.,"A"
"20151","02995062",61,0,"1",1300,"D",260,"D",.,"A",975,"D",0,"D",.,"A",.,"A",1040,"D",0,"D",.,"A",.,"A",.,"A",.,"A"
"20151","02995122",32,0,"1",1820,"D",520,"D",.,"A",1300,"D",120,"D",200,"D",.,"A",1300,"D",90,"D",.,"A",.,"A",.,"A",.,"A"
"20151","02995182",21,0,"1",520,"D",104,"D",.,"A",130,"D",0,"D",.,"A",.,"A",416,"D",0,"D",.,"A",.,"A",1170,"D",90,"D"
"20151","02995212",23,0,"1",2600,"D",195,"D",650,"D",0,"D",0,"D",.,"A",.,"A",2405,"D",60,"D",8,"D",104,"D",.,"A",.,"A"
"20151","02995252",43,0,"1",650,"D",390,"D",.,"A",2275,"D",0,"D",.,"A",.,"A",260,"D",300,"D",25,"D",325,"D",.,"A",.,"A"
"20151","02995282",26,0,"1",325,"D",104,"D",.,"A",520,"D",96,"D",.,"A",.,"A",221,"D",0,"D",.,"A",.,"A",.,"A",.,"A"
"20151","02995312",119,0,"1",3250,"D",390,"D",1300,"D",1950,"D",150,"D",.,"A",.,"A",2860,"D",150,"D",14,"D",182,"D",.,"A",.,"A"
"20151","02995402",28,0,"1",2600,"D",0,"D",.,"A",260,"D",0,"D",.,"A",.,"A",2600,"D",0,"D",.,"A",.,"A",.,"A",.,"A"
"20151","02995412",27,0,"1",1300,"D",481,"D",.,"A",325,"D",0,"D",.,"A",.,"A",819,"D",0,"D",.,"A",.,"A",.,"A",.,"A"
"20151","02995452",27,0,"1",1950,"D",325,"D",.,"A",3250,"D",150,"D",.,"A",.,"A",1625,"D",225,"D",.,"A",.,"A",.,"A",.,"A"
"20151","02995622",11,0,"1",870,"F",.,"A",.,"A",442,"F",85,"F",.,"A",.,"A",694,"F",102,"F",.,"A",.,"A",.,"A",.,"A"
"20151","02995632",55,0,"1",1950,"D",650,"D",.,"A",780,"D",0,"D",1170,"D",.,"A",1300,"D",45,"D",.,"A",.,"A",.,"A",.,"A"
"20151","02995682",62,0,"1",1300,"D",260,"D",.,"A",2080,"D",450,"D",.,"A",168,"D",1040,"D",60,"D",.,"A",.,"A",.,"A",.,"A"
"20151","02995732",23,0,"1",650,"D",195,"D",.,"A",0,"D",0,"D",.,"A",.,"A",455,"D",30,"D",.,"A",.,"A",.,"A",.,"A"
"20151","02995772",26,0,"1",1300,"D",280,"F",403,"F",39,"D",95,"F",.,"A",.,"A",1094,"F",94,"F",.,"A",.,"A",.,"A",.,"A"
"20151","02995785",9,0,"1",0,"D",.,"A",130,"D",260,"D",0,"D",.,"A",.,"A",0,"D",0,"D",.,"A",.,"A",.,"A",.,"A"
"20151","02995822",45,0,"1",1950,"D",390,"D",65,"D",260,"D",90,"D",.,"A",60,"D",1560,"D",180,"D",.,"A",.,"A",65,"D",5,"D"
"20151","02995882",29,0,"1",1820,"D",520,"D",.,"A",1300,"D",0,"D",.,"A",.,"A",1300,"D",60,"D",.,"A",.,"A",.,"A",.,"A"
"20151","02995912",30,0,"1",650,"D",65,"D",650,"D",650,"D",60,"D",.,"A",.,"A",585,"D",0,"D",20,"D",260,"D",.,"A",.,"A"
"20151","02995922",30,0,"1",1986,"F",.,"A",130,"D",0,"D",0,"D",.,"A",.,"A",1613,"F",0,"D",.,"A",.,"A",.,"A",.,"A"
"20151","02995932",31,0,"1",1300,"D",130,"D",.,"A",1300,"D",0,"D",.,"A",.,"A",1170,"D",0,"D",.,"A",.,"A",.,"A",.,"A"
"20151","02995952",24,0,"1",650,"D",156,"D",1950,"D",169,"D",0,"D",.,"A",.,"A",494,"D",0,"D",.,"A",.,"A",.,"A",.,"A"
"20151","02995982",22,0,"1",1625,"D",78,"D",.,"A",0,"D",0,"D",.,"A",.,"A",1547,"D",150,"D",.,"A",.,"A",.,"A",.,"A"
"20151","02996002",16,0,"1",1300,"D",260,"D",390,"D",650,"D",6,"D",.,"A",.,"A",1040,"D",6,"D",.,"A",.,"A",.,"A",.,"A"
"20151","02996022",21,0,"1",4550,"D",390,"D",.,"A",650,"D",0,"D",.,"A",.,"A",4160,"D",0,"D",.,"A",.,"A",.,"A",.,"A"
"20151","02996032",24,0,"1",914,"F",.,"A",.,"A",0,"D",0,"D",.,"A",.,"A",753,"F",0,"D",.,"A",.,"A",.,"A",.,"A"
"20151","02996042",99,0,"1",1300,"D",325,"D",169,"D",325,"D",45,"D",.,"A",.,"A",975,"D",240,"D",.,"A",.,"A",65,"D",5,"D"
"20151","02996072",25,0,"1",1300,"D",260,"D",.,"A",520,"D",150,"D",.,"A",.,"A",1040,"D",3,"D",.,"A",.,"A",.,"A",.,"A"
"20151","02996082",47,0,"1",1950,"D",130,"D",.,"A",650,"D",0,"D",.,"A",.,"A",1820,"D",90,"D",.,"A",.,"A",.,"A",.,"A"
"20151","02996092",37,0,"1",2340,"D",650,"D",260,"D",260,"D",0,"D",.,"A",.,"A",1690,"D",195,"D",.,"A",.,"A",.,"A",.,"A"
"20151","02996102",38,0,"1",2600,"D",0,"D",.,"A",650,"D",0,"D",.,"A",.,"A",2600,"D",0,"D",.,"A",.,"A",.,"A",.,"A"
"20151","02996135",19,0,"1",2600,"D",325,"D",.,"A",650,"D",0,"D",.,"A",.,"A",2275,"D",0,"D",.,"A",.,"A",.,"A",.,"A"
"20151","02996142",58,0,"1",520,"D",0,"D",.,"A",650,"D",0,"D",.,"A",.,"A",520,"D",0,"D",.,"A",.,"A",.,"A",.,"A"
"20151","02996162",51,0,"1",975,"D",130,"D",.,"A",130,"D",0,"D",.,"A",.,"A",845,"D",30,"D",15,"D",195,"D",.,"A",.,"A"
"20151","02996192",13,0,"1",650,"D",130,"D",.,"A",0,"D",0,"D",.,"A",.,"A",520,"D",0,"D",.,"A",.,"A",.,"A",.,"A"
"20151","02996212",56,0,"1",1950,"D",650,"D",130,"D",910,"D",45,"D",.,"A",.,"A",1300,"D",0,"D",.,"A",.,"A",65,"D",5,"D"
"20151","02996262",35,0,"1",1502,"F",.,"A",.,"A",673,"F",66,"F",.,"A",.,"A",1217,"F",122,"F",.,"A",.,"A",.,"A",.,"A"
"20151","02996283",17,0,"1",650,"D",130,"D",.,"A",260,"D",0,"D",.,"A",.,"A",520,"D",0,"D",.,"A",.,"A",.,"A",.,"A"
"20151","02996322",44,0,"1",650,"D",0,"D",195,"D",325,"D",0,"D",.,"A",.,"A",650,"D",375,"D",.,"A",.,"A",.,"A",.,"A"
"20151","02996372",49,0,"1",3250,"D",650,"D",.,"A",975,"D",6,"D",.,"A",.,"A",2600,"D",6,"D",.,"A",.,"A",.,"A",.,"A"
"20151","02996382",15,0,"1",1300,"D",130,"D",.,"A",260,"D",0,"D",.,"A",.,"A",1170,"D",0,"D",.,"A",.,"A",.,"A",.,"A"
"20151","02996392",24,0,"1",65,"D",280,"F",.,"A",2600,"D",0,"D",.,"A",.,"A",1094,"F",0,"D",.,"A",.,"A",.,"A",.,"A"
"20151","02996412",16,0,"1",870,"F",.,"A",.,"A",65,"D",0,"D",.,"A",.,"A",694,"F",0,"D",35,"D",455,"D",13,"D",1,"D"
"20151","02996422",35,0,"1",1040,"D",65,"D",.,"A",195,"D",0,"D",.,"A",.,"A",975,"D",27,"D",.,"A",.,"A",.,"A",.,"A"
"20151","02996432",20,0,"1",650,"D",0,"D",169,"D",0,"D",0,"D",.,"A",.,"A",650,"D",0,"D",15,"D",195,"D",.,"A",.,"A"
"20151","02996512",47,0,"1",2600,"D",260,"D",.,"A",650,"D",0,"D",.,"A",.,"A",2340,"D",0,"D",.,"A",.,"A",.,"A",.,"A"
"20151","02996552",42,0,"1",1300,"D",260,"D",130,"D",650,"D",0,"D",.,"A",.,"A",1040,"D",0,"D",.,"A",.,"A",.,"A",.,"A"
"20151","02996562",22,0,"1",910,"D",260,"D",390,"D",1300,"D",150,"D",.,"A",.,"A",650,"D",150,"D",.,"A",.,"A",.,"A",.,"A"
"20151","02996572",46,0,"1",975,"D",130,"D",.,"A",0,"D",0,"D",.,"A",.,"A",845,"D",0,"D",.,"A",.,"A",.,"A",.,"A"
"20151","02996582",38,0,"1",1430,"D",260,"D",260,"D",260,"D",30,"D",.,"A",.,"A",1170,"D",75,"D",.,"A",.,"A",.,"A",.,"A"
"20151","02996702",33,0,"1",1300,"D",260,"D",260,"D",650,"D",600,"D",.,"A",.,"A",1040,"D",120,"D",.,"A",.,"A",.,"A",.,"A"
"20151","02996782",13,0,"1",1105,"D",390,"D",.,"A",195,"D",0,"D",.,"A",.,"A",715,"D",45,"D",.,"A",.,"A",.,"A",.,"A"
"20151","02996792",37,0,"1",1950,"D",325,"D",.,"A",390,"D",0,"D",.,"A",.,"A",1625,"D",78,"D",.,"A",.,"A",.,"A",.,"A"
"20151","02996802",19,0,"1",0,"D",.,"A",327,"F",0,"D",0,"D",.,"A",.,"A",0,"D",0,"D",.,"A",.,"A",.,"A",.,"A"
"20151","02996812",27,0,"1",650,"D",130,"D",260,"D",780,"D",0,"D",.,"A",.,"A",520,"D",0,"D",.,"A",.,"A",.,"A",.,"A"
"20151","02996822",53,0,"1",3250,"D",650,"D",.,"A",1950,"D",0,"D",.,"A",.,"A",2600,"D",60,"D",.,"A",.,"A",.,"A",.,"A"
"20151","02996832",47,0,"1",3900,"D",260,"D",.,"A",1950,"D",0,"D",.,"A",.,"A",3640,"D",0,"D",.,"A",.,"A",.,"A",.,"A"
"20151","02996932",31,0,"1",3250,"D",390,"D",.,"A",1300,"D",0,"D",.,"A",.,"A",2860,"D",0,"D",.,"A",.,"A",.,"A",.,"A"
"20151","02996952",25,0,"1",1300,"D",390,"D",.,"A",0,"D",0,"D",.,"A",.,"A",910,"D",0,"D",.,"A",.,"A",.,"A",.,"A"
"20151","02996982",42,0,"1",1170,"D",260,"D",.,"A",0,"D",0,"D",.,"A",.,"A",910,"D",48,"D",.,"A",.,"A",52,"D",4,"D"
"20151","02997025",23,0,"1",975,"D",130,"D",.,"A",260,"D",0,"D",.,"A",.,"A",845,"D",0,"D",.,"A",.,"A",.,"A",.,"A"
"20151","02997082",48,0,"1",2600,"D",1300,"D",.,"A",1300,"D",0,"D",.,"A",.,"A",1300,"D",0,"D",.,"A",.,"A",.,"A",.,"A"
"20151","02997112",16,0,"1",1950,"D",65,"D",.,"A",1300,"D",0,"D",.,"A",.,"A",1885,"D",0,"D",.,"A",.,"A",.,"A",.,"A"
"20151","02997122",62,0,"1",1300,"D",325,"D",260,"D",260,"D",0,"D",.,"A",.,"A",975,"D",45,"D",.,"A",.,"A",.,"A",.,"A"
"20151","02997132",36,0,"1",914,"F",.,"A",.,"A",1950,"D",0,"D",.,"A",.,"A",753,"F",0,"D",.,"A",.,"A",.,"A",.,"A"
"20151","02997152",22,0,"1",1950,"D",650,"D",.,"A",0,"D",0,"D",.,"A",.,"A",1300,"D",0,"D",.,"A",.,"A",.,"A",.,"A"
"20151","02997162",43,0,"1",1950,"D",650,"D",.,"A",390,"D",0,"D",.,"A",.,"A",1300,"D",144,"D",5,"D",65,"D",.,"A",.,"A"
"20151","02997172",10,0,"1",0,"D",.,"A",.,"A",0,"D",6,"D",.,"A",.,"A",0,"D",6,"D",.,"A",.,"A",.,"A",.,"A"
"20151","02997212",14,0,"1",390,"D",65,"D",.,"A",520,"D",60,"D",.,"A",.,"A",325,"D",75,"D",.,"A",.,"A",.,"A",.,"A"
"20151","02997232",42,0,"1",3900,"D",390,"D",.,"A",3900,"D",6,"D",.,"A",.,"A",3510,"D",6,"D",.,"A",.,"A",.,"A",.,"A"
"20151","02997242",31,0,"1",1300,"D",195,"D",.,"A",1300,"D",0,"D",.,"A",.,"A",1105,"D",0,"D",.,"A",.,"A",.,"A",.,"A"
"20151","02997372",33,0,"1",2340,"D",455,"D",.,"A",650,"D",0,"D",.,"A",.,"A",1885,"D",0,"D",.,"A",.,"A",.,"A",.,"A"
"20151","02997382",26,0,"1",1950,"D",390,"D",.,"A",130,"D",15,"D",.,"A",.,"A",1560,"D",15,"D",.,"A",.,"A",.,"A",.,"A"
"20151","02997452",69,0,"1",5161,"D",650,"D",.,"A",845,"D",0,"D",.,"A",.,"A",4511,"D",0,"D",.,"A",.,"A",.,"A",.,"A"
"20151","02997472",33,0,"1",1300,"D",130,"D",260,"D",130,"D",0,"D",.,"A",30,"D",1170,"D",0,"D",.,"A",.,"A",.,"A",.,"A"
"20151","02997482",8,0,"1",585,"D",0,"D",.,"A",0,"D",6,"D",.,"A",.,"A",585,"D",6,"D",.,"A",.,"A",.,"A",.,"A"
"20151","02997502",23,0,"1",3900,"D",325,"D",.,"A",1560,"D",0,"D",.,"A",.,"A",3575,"D",300,"D",.,"A",.,"A",.,"A",.,"A"
"20151","02997512",53,0,"1",1300,"D",288,"F",357,"F",325,"D",6,"D",.,"A",.,"A",1021,"F",6,"D",.,"A",.,"A",.,"A",.,"A"
"20151","02997554",21,0,"1",975,"D",195,"D",.,"A",130,"D",0,"D",.,"A",.,"A",780,"D",0,"D",10,"D",130,"D",.,"A",.,"A"
"20151","02997562",24,0,"1",650,"D",130,"D",.,"A",195,"D",600,"D",.,"A",.,"A",520,"D",90,"D",20,"D",260,"D",.,"A",.,"A"
"20151","02997582",44,0,"1",1300,"D",390,"D",.,"A",1300,"D",120,"D",.,"A",.,"A",910,"D",120,"D",.,"A",.,"A",.,"A",.,"A"
"20151","02997602",29,0,"1",1300,"D",260,"D",.,"A",1950,"D",0,"D",.,"A",75,"D",1040,"D",0,"D",30,"D",390,"D",65,"D",5,"D"
"20151","02997622",39,0,"1",1300,"D",249,"F",.,"A",325,"D",0,"D",.,"A",.,"A",868,"F",0,"D",.,"A",.,"A",.,"A",.,"A"
"20151","02997652",34,0,"1",650,"D",195,"D",.,"A",455,"D",0,"D",.,"A",.,"A",455,"D",45,"D",.,"A",.,"A",.,"A",.,"A"
"20151","02997672",31,0,"1",2600,"D",650,"D",.,"A",650,"D",0,"D",.,"A",.,"A",1950,"D",0,"D",.,"A",.,"A",.,"A",.,"A"
"20151","02997692",42,0,"1",975,"D",156,"D",.,"A",260,"D",30,"D",.,"A",.,"A",819,"D",0,"D",.,"A",.,"A",.,"A",.,"A"
"20151","02997712",21,0,"1",1950,"D",379,"F",520,"D",650,"D",300,"D",.,"A",.,"A",1228,"F",300,"D",.,"A",.,"A",.,"A",.,"A"
"20151","02997722",18,0,"1",975,"D",130,"D",.,"A",325,"D",0,"D",.,"A",.,"A",845,"D",0,"D",.,"A",.,"A",.,"A",.,"A"
"20151","02997735",25,0,"1",650,"D",130,"D",130,"D",130,"D",60,"D",.,"A",.,"A",520,"D",30,"D",.,"A",.,"A",.,"A",.,"A"
"20151","02997762",20,0,"1",2600,"D",0,"D",.,"A",0,"D",0,"D",.,"A",720,"D",2600,"D",0,"D",.,"A",.,"A",.,"A",.,"A"
"20151","02997775",43,0,"1",3900,"D",260,"D",.,"A",0,"D",0,"D",.,"A",360,"D",3640,"D",0,"D",.,"A",.,"A",.,"A",.,"A"
"20151","02997782",33,0,"1",1950,"D",0,"D",.,"A",650,"D",60,"D",.,"A",.,"A",1950,"D",150,"D",.,"A",.,"A",.,"A",.,"A"
"20151","02997792",45,0,"1",845,"D",13,"D",390,"D",390,"D",0,"D",.,"A",.,"A",832,"D",15,"D",2,"D",26,"D",.,"A",.,"A"
"20151","02997852",48,0,"1",780,"D",130,"D",.,"A",780,"D",0,"D",.,"A",.,"A",650,"D",132,"D",.,"A",.,"A",.,"A",.,"A"
"20151","02997872",43,0,"1",2137,"F",.,"A",.,"A",733,"F",85,"F",.,"A",.,"A",1823,"F",119,"F",.,"A",.,"A",.,"A",.,"A"
"20151","02997902",18,0,"1",1300,"D",260,"D",.,"A",520,"D",0,"D",.,"A",.,"A",1040,"D",0,"D",.,"A",.,"A",.,"A",.,"A"
"20151","02997922",40,0,"1",2210,"D",260,"D",.,"A",780,"D",180,"D",.,"A",.,"A",1950,"D",0,"D",.,"A",.,"A",.,"A",.,"A"
"20151","02997992",54,0,"1",1430,"D",260,"D",.,"A",390,"D",120,"D",.,"A",.,"A",1170,"D",60,"D",.,"A",.,"A",.,"A",.,"A"
"20151","02998022",35,0,"1",1300,"D",130,"D",.,"A",260,"D",0,"D",.,"A",.,"A",1170,"D",0,"D",50,"D",650,"D",.,"A",.,"A"
"20151","02998032",93,0,"1",2210,"D",520,"D",1040,"D",650,"D",0,"D",.,"A",.,"A",1690,"D",0,"D",.,"A",.,"A",.,"A",.,"A"
"20151","02998092",35,0,"1",1950,"D",325,"D",.,"A",975,"D",135,"D",.,"A",.,"A",1625,"D",90,"D",.,"A",.,"A",.,"A",.,"A"
"20151","02998122",23,0,"1",1300,"D",0,"D",.,"A",325,"D",0,"D",.,"A",.,"A",1300,"D",0,"D",.,"A",.,"A",.,"A",.,"A"
"20151","02998202",11,0,"1",650,"D",184,"F",.,"A",352,"F",0,"D",.,"A",.,"A",637,"F",0,"D",.,"A",.,"A",.,"A",.,"A"
"20151","02998242",33,0,"1",2600,"D",975,"D",.,"A",260,"D",0,"D",.,"A",.,"A",1625,"D",0,"D",.,"A",.,"A",.,"A",.,"A"
"20151","02998272",59,0,"1",1183,"D",234,"D",.,"A",195,"D",0,"D",.,"A",.,"A",949,"D",0,"D",.,"A",.,"A",.,"A",.,"A"
"20151","02998282",21,0,"1",1625,"D",0,"D",.,"A",1040,"D",240,"D",.,"A",.,"A",1625,"D",60,"D",.,"A",.,"A",.,"A",.,"A"
"20151","02998302",39,0,"1",1625,"D",390,"D",.,"A",260,"D",0,"D",.,"A",.,"A",1235,"D",0,"D",80,"D",1040,"D",.,"A",.,"A"
"20151","02998322",53,0,"1",910,"D",130,"D",.,"A",520,"D",0,"D",900,"D",.,"A",780,"D",0,"D",.,"A",.,"A",.,"A",.,"A"
"20151","02998332",30,0,"1",1950,"D",195,"D",.,"A",260,"D",0,"D",.,"A",.,"A",1755,"D",0,"D",.,"A",.,"A",.,"A",.,"A"
"20151","02998372",61,0,"1",1560,"D",260,"D",.,"A",1300,"D",150,"D",.,"A",.,"A",1300,"D",90,"D",.,"A",.,"A",.,"A",.,"A"
"20151","02998392",42,0,"1",1625,"D",0,"D",130,"D",1300,"D",0,"D",.,"A",.,"A",1625,"D",30,"D",27,"D",351,"D",.,"A",.,"A"
"20151","02998465",21,0,"1",260,"D",130,"D",.,"A",182,"D",6,"D",.,"A",.,"A",130,"D",6,"D",.,"A",.,"A",.,"A",.,"A"
"20151","02998472",16,0,"1",520,"D",0,"D",.,"A",455,"D",0,"D",.,"A",.,"A",520,"D",0,"D",.,"A",.,"A",.,"A",.,"A"
"20151","02998482",28,0,"1",2275,"D",195,"D",.,"A",1040,"D",0,"D",.,"A",.,"A",2080,"D",90,"D",.,"A",.,"A",.,"A",.,"A"
"20151","02998512",35,0,"1",1625,"D",260,"D",.,"A",0,"D",0,"D",.,"A",.,"A",1365,"D",150,"D",.,"A",.,"A",.,"A",.,"A"
"20151","02998522",20,0,"1",650,"D",39,"D",.,"A",390,"D",120,"D",.,"A",.,"A",611,"D",90,"D",.,"A",.,"A",.,"A",.,"A"
"20151","02998572",45,0,"1",520,"D",26,"D",65,"D",130,"D",18,"D",.,"A",.,"A",494,"D",402,"D",.,"A",.,"A",.,"A",.,"A"
"20151","02998582",25,0,"1",3250,"D",390,"D",.,"A",733,"F",0,"D",.,"A",.,"A",2860,"D",0,"D",.,"A",.,"A",.,"A",.,"A"
"20151","02998672",33,0,"1",1300,"D",325,"D",.,"A",195,"D",0,"D",.,"A",.,"A",975,"D",75,"D",35,"D",455,"D",.,"A",.,"A"
"20151","02998682",35,0,"1",650,"D",0,"D",.,"A",1300,"D",72,"D",.,"A",.,"A",650,"D",90,"D",.,"A",.,"A",.,"A",.,"A"
"20151","02998722",49,0,"1",2600,"D",412,"F",.,"A",325,"D",0,"D",.,"A",4,"D",1807,"F",0,"D",.,"A",.,"A",.,"A",.,"A"
"20151","02998752",16,0,"1",520,"D",117,"D",.,"A",0,"D",0,"D",.,"A",.,"A",403,"D",0,"D",.,"A",.,"A",.,"A",.,"A"
"20151","02998802",18,0,"1",650,"D",0,"D",.,"A",0,"D",0,"D",.,"A",.,"A",650,"D",0,"D",25,"D",325,"D",.,"A",.,"A"
"20151","02998812",34,0,"1",1300,"D",395,"F",.,"A",733,"F",85,"F",.,"A",278,"F",1823,"F",119,"F",.,"A",.,"A",.,"A",.,"A"
"20151","02998822",30,0,"1",1300,"D",325,"D",.,"A",650,"D",0,"D",.,"A",.,"A",975,"D",0,"D",.,"A",.,"A",.,"A",.,"A"
"20151","02998842",37,0,"1",780,"D",195,"D",.,"A",1300,"D",150,"D",.,"A",.,"A",585,"D",60,"D",.,"A",.,"A",.,"A",.,"A"
"20151","02998912",21,0,"1",650,"D",195,"D",195,"D",520,"D",300,"D",.,"A",.,"A",455,"D",105,"D",.,"A",.,"A",.,"A",.,"A"
"20151","02999012",25,0,"1",1170,"D",195,"D",.,"A",26,"D",0,"D",.,"A",.,"A",975,"D",0,"D",20,"D",260,"D",.,"A",.,"A"
"20151","02999042",11,0,"1",1502,"F",.,"A",.,"A",673,"F",0,"D",.,"A",.,"A",1217,"F",0,"D",.,"A",.,"A",.,"A",.,"A"
"20151","02999072",40,0,"1",2600,"D",650,"D",.,"A",520,"D",0,"D",.,"A",.,"A",1950,"D",240,"D",.,"A",.,"A",273,"D",21,"D"
"20151","02999125",30,0,"1",390,"D",184,"F",.,"A",130,"D",0,"D",.,"A",.,"A",637,"F",0,"D",.,"A",.,"A",.,"A",.,"A"
"20151","02999162",27,0,"1",260,"D",0,"D",.,"A",130,"D",0,"D",.,"A",.,"A",260,"D",0,"D",.,"A",.,"A",.,"A",.,"A"
"20151","02999172",35,0,"1",650,"D",130,"D",.,"A",910,"D",0,"D",.,"A",.,"A",520,"D",0,"D",.,"A",.,"A",.,"A",.,"A"
"20151","02999192",11,0,"1",390,"D",130,"D",.,"A",0,"D",27,"D",.,"A",.,"A",260,"D",0,"D",.,"A",.,"A",.,"A",.,"A"
"20151","02999202",50,0,"1",650,"D",0,"D",.,"A",260,"D",0,"D",.,"A",84,"D",650,"D",0,"D",.,"A",.,"A",.,"A",.,"A"
"20151","02999252",57,0,"1",2600,"D",871,"D",.,"A",195,"D",0,"D",.,"A",.,"A",1729,"D",0,"D",.,"A",.,"A",.,"A",.,"A"
"20151","02999292",26,0,"1",5850,"D",1560,"D",585,"D",1560,"D",300,"D",.,"A",.,"A",4290,"D",300,"D",.,"C",501,"F",65,"D",5,"D"
"20151","02999322",8,0,"1",910,"D",195,"D",195,"D",520,"D",0,"D",.,"A",.,"A",715,"D",0,"D",.,"A",.,"A",.,"A",.,"A"
"20151","02999372",12,0,"1",91,"D",0,"D",.,"A",0,"D",6,"D",.,"A",.,"A",91,"D",6,"D",.,"A",.,"A",.,"A",.,"A"
"20151","02999402",20,0,"1",2600,"D",130,"D",845,"D",0,"D",0,"D",.,"A",.,"A",2470,"D",0,"D",.,"A",.,"A",.,"A",.,"A"
"20151","02999412",40,0,"1",1560,"D",260,"D",.,"A",195,"D",0,"D",.,"A",60,"D",1300,"D",120,"D",35,"D",455,"D",.,"A",.,"A"
"20151","02999442",21,0,"1",1040,"D",195,"D",.,"A",520,"D",66,"D",.,"A",.,"A",845,"D",6,"D",.,"A",.,"A",.,"A",.,"A"
"20151","02999502",29,0,"1",3900,"D",650,"D",.,"A",390,"D",0,"D",.,"A",.,"A",3250,"D",0,"D",3,"D",39,"D",.,"A",.,"A"
"20151","02999515",32,0,"1",2600,"D",650,"D",.,"A",1300,"D",0,"D",.,"A",.,"A",1950,"D",45,"D",.,"A",.,"A",.,"A",.,"A"
"20151","02999532",34,0,"1",260,"D",0,"D",.,"A",0,"D",0,"D",.,"A",.,"A",260,"D",0,"D",.,"A",.,"A",.,"A",.,"A"
"20151","02999562",62,0,"1",650,"D",130,"D",.,"A",260,"D",240,"D",.,"A",.,"A",520,"D",0,"D",15,"D",195,"D",.,"A",.,"A"
"20151","02999572",21,0,"1",455,"D",260,"D",.,"A",39,"D",0,"D",.,"A",.,"A",195,"D",45,"D",.,"A",.,"A",.,"A",.,"A"
"20151","02999582",27,0,"1",910,"D",260,"D",.,"A",650,"D",180,"D",.,"A",.,"A",650,"D",90,"D",.,"A",.,"A",.,"A",.,"A"
"20151","02999702",34,0,"1",1950,"D",195,"D",.,"A",650,"D",0,"D",.,"A",.,"A",1755,"D",0,"D",.,"A",.,"A",.,"A",.,"A"
"20151","02999742",34,0,"1",1950,"D",0,"D",.,"A",338,"D",0,"D",.,"A",.,"A",1950,"D",6,"D",.,"A",.,"A",.,"A",.,"A"
"20151","02999762",30,0,"1",1300,"D",390,"D",.,"A",390,"D",0,"D",.,"A",.,"A",910,"D",0,"D",.,"A",.,"A",.,"A",.,"A"
"20151","02999792",20,0,"1",780,"D",260,"D",.,"A",65,"D",0,"D",.,"A",.,"A",520,"D",60,"D",.,"A",.,"A",.,"A",.,"A"
"20151","02999862",49,0,"1",1560,"D",195,"D",.,"A",520,"D",60,"D",.,"A",.,"A",1365,"D",90,"D",.,"A",.,"A",.,"A",.,"A"
"20151","02999902",32,0,"1",1300,"D",260,"D",.,"A",1950,"D",6,"D",.,"A",.,"A",1040,"D",6,"D",.,"A",.,"A",.,"A",.,"A"
"20151","02999922",17,0,"1",2137,"F",.,"A",.,"A",0,"D",0,"D",.,"A",150,"D",1823,"F",0,"D",.,"A",.,"A",.,"A",.,"A"
"20151","02999932",39,0,"1",3900,"D",260,"D",.,"A",130,"D",0,"D",.,"A",.,"A",3640,"D",180,"D",.,"A",.,"A",.,"A",.,"A"
"20151","02999983",20,0,"1",390,"D",65,"D",.,"A",260,"D",24,"D",30,"D",.,"A",325,"D",0,"D",.,"A",.,"A",.,"A",.,"A"
"20151","02999992",69,0,"1",650,"D",0,"D",.,"A",650,"D",0,"D",.,"A",90,"D",650,"D",96,"D",15,"D",195,"D",.,"A",.,"A"
"20151","03000012",35,0,"1",1040,"D",0,"D",260,"D",520,"D",0,"D",.,"A",.,"A",1040,"D",0,"D",.,"A",.,"A",338,"D",26,"D"
"20151","03000032",41,0,"1",650,"D",78,"D",260,"D",390,"D",300,"D",.,"A",.,"A",572,"D",0,"D",50,"D",650,"D",.,"A",.,"A"
"20151","03000062",17,0,"1",1755,"D",130,"D",.,"A",780,"D",0,"D",.,"A",.,"A",1625,"D",0,"D",.,"A",.,"A",.,"A",.,"A"
"20151","03000072",43,0,"1",1625,"D",195,"D",.,"A",325,"D",30,"D",.,"A",224,"F",1430,"D",30,"D",.,"A",.,"A",.,"A",.,"A"
"20151","03000142",66,0,"1",1300,"D",260,"D",.,"A",650,"D",210,"D",.,"A",.,"A",1040,"D",180,"D",.,"A",.,"A",273,"D",21,"D"
"20151","03000284",20,0,"1",2600,"D",130,"D",.,"A",0,"D",0,"D",.,"A",.,"A",2470,"D",0,"D",60,"D",780,"D",.,"A",.,"A"
"20151","03000322",34,0,"1",1950,"D",195,"D",130,"D",585,"D",0,"D",.,"A",.,"A",1755,"D",0,"D",.,"A",.,"A",65,"D",5,"D"
"20151","03000372",40,0,"1",1300,"D",260,"D",.,"A",390,"D",0,"D",.,"A",.,"A",1040,"D",0,"D",.,"A",.,"A",.,"A",.,"A"
"20151","03000382",42,0,"1",780,"D",0,"D",.,"A",260,"D",0,"D",.,"A",.,"A",780,"D",0,"D",.,"A",.,"A",.,"A",.,"A"
"20151","03000402",40,0,"1",650,"D",130,"D",.,"A",390,"D",51,"D",.,"A",.,"A",520,"D",60,"D",.,"A",.,"A",.,"A",.,"A"
"20151","03000442",21,0,"1",260,"D",280,"F",.,"A",0,"D",0,"D",.,"A",.,"A",1094,"F",0,"D",.,"A",.,"A",.,"A",.,"A"
"20151","03000452",12,0,"1",520,"D",65,"D",.,"A",130,"D",0,"D",.,"A",.,"A",455,"D",30,"D",20,"D",260,"D",.,"A",.,"A"
"20151","03000472",23,0,"1",1625,"D",390,"D",.,"A",65,"D",0,"D",.,"A",.,"A",1235,"D",0,"D",.,"A",.,"A",.,"A",.,"A"
"20151","03000512",15,0,"1",1950,"D",130,"D",390,"D",0,"D",0,"D",.,"A",.,"A",1820,"D",60,"D",.,"A",.,"A",.,"A",.,"A"
"20151","03000532",31,0,"1",2600,"D",260,"D",.,"A",0,"D",0,"D",.,"A",.,"A",2340,"D",0,"D",.,"A",.,"A",.,"A",.,"A"
"20151","03000552",37,0,"1",1300,"D",260,"D",130,"D",520,"D",60,"D",.,"A",.,"A",1040,"D",90,"D",.,"A",.,"A",.,"A",.,"A"
"20151","03000572",23,0,"1",390,"D",0,"D",.,"A",1040,"D",0,"D",.,"A",.,"A",390,"D",0,"D",80,"D",1040,"D",.,"A",.,"A"
"20151","03000612",47,0,"1",2600,"D",325,"D",.,"A",325,"D",0,"D",.,"A",.,"A",2275,"D",30,"D",.,"A",.,"A",.,"A",.,"A"
"20151","03000622",35,0,"1",1105,"D",195,"D",.,"A",130,"D",0,"D",.,"A",0,"D",910,"D",6,"D",.,"A",.,"A",.,"A",.,"A"
"20151","03000662",15,0,"1",1300,"D",260,"D",.,"A",260,"D",0,"D",.,"A",.,"A",1040,"D",0,"D",.,"A",.,"A",.,"A",.,"A"
"20151","03000702",76,0,"1",1365,"D",65,"D",1105,"D",975,"D",0,"D",.,"A",.,"A",1300,"D",0,"D",.,"A",.,"A",.,"A",.,"A"
"20151","03000732",30,0,"1",520,"D",130,"D",.,"A",390,"D",0,"D",.,"A",.,"A",390,"D",0,"D",.,"A",.,"A",.,"A",.,"A"
"20151","03000742",18,0,"1",1040,"D",130,"D",.,"A",1950,"D",0,"D",.,"A",.,"A",910,"D",0,"D",.,"A",.,"A",.,"A",.,"A"
"20151","03000772",29,0,"1",1502,"F",.,"A",.,"A",0,"D",0,"D",.,"A",.,"A",1217,"F",0,"D",.,"A",.,"A",.,"A",.,"A"
"20151","03000893",31,0,"1",1300,"D",260,"D",.,"A",0,"D",0,"D",.,"A",.,"A",1040,"D",21,"D",.,"A",.,"A",.,"A",.,"A"
"20151","03000912",68,0,"1",715,"D",195,"D",.,"A",650,"D",180,"D",.,"A",.,"A",520,"D",120,"D",42,"D",546,"D",.,"A",.,"A"
"20151","03000935",18,0,"1",1300,"D",0,"D",.,"A",650,"D",120,"D",.,"A",.,"A",1300,"D",24,"D",6,"D",78,"D",.,"A",.,"A"
"20151","03000982",51,0,"1",2600,"D",780,"D",.,"A",260,"D",60,"D",.,"A",.,"A",1820,"D",120,"D",.,"A",.,"A",.,"A",.,"A"
"20151","03001012",36,0,"1",1950,"D",390,"D",373,"F",650,"D",30,"D",.,"A",.,"A",1560,"D",150,"D",.,"A",.,"A",.,"A",.,"A"
"20151","03001032",70,0,"1",1950,"D",390,"D",.,"A",1560,"D",90,"D",.,"A",300,"D",1560,"D",45,"D",.,"A",.,"A",.,"A",.,"A"
"20151","03001072",36,0,"1",1690,"D",130,"D",.,"A",0,"D",0,"D",.,"A",.,"A",1560,"D",0,"D",.,"A",.,"A",.,"A",.,"A"
"20151","03001182",22,0,"1",1040,"D",130,"D",.,"A",325,"D",6,"D",.,"A",.,"A",910,"D",6,"D",.,"A",.,"A",.,"A",.,"A"
"20151","03001232",66,0,"1",1950,"D",650,"D",.,"A",975,"D",0,"D",.,"A",.,"A",1300,"D",0,"D",.,"A",.,"A",.,"A",.,"A"
"20151","03001262",24,0,"1",1040,"D",195,"D",.,"A",650,"D",75,"D",.,"A",.,"A",845,"D",0,"D",.,"A",.,"A",.,"A",.,"A"
"20151","03001272",26,0,"1",1950,"D",260,"D",195,"D",325,"D",600,"D",.,"A",.,"A",1690,"D",90,"D",.,"A",.,"A",.,"A",.,"A"
"20151","03001332",20,0,"1",650,"D",184,"F",.,"A",1300,"D",0,"D",.,"A",.,"A",637,"F",0,"D",.,"A",.,"A",.,"A",.,"A"
"20151","03001342",27,0,"1",325,"D",0,"D",182,"D",390,"D",240,"D",.,"A",.,"A",325,"D",90,"D",.,"A",.,"A",.,"A",.,"A"
"20151","03001352",24,0,"1",650,"D",0,"D",260,"D",780,"D",0,"D",.,"A",.,"A",650,"D",0,"D",.,"A",.,"A",.,"A",.,"A"
"20151","03001362",31,0,"1",3900,"D",1300,"D",.,"A",1300,"D",6,"D",.,"A",30,"D",2600,"D",6,"D",.,"A",.,"A",.,"A",.,"A"
"20151","03001372",46,0,"1",1560,"D",65,"D",.,"A",0,"D",450,"D",.,"A",.,"A",1495,"D",300,"D",.,"A",.,"A",.,"A",.,"A"
"20151","03001402",12,0,"1",0,"D",.,"A",.,"A",0,"D",0,"D",.,"A",.,"A",0,"D",0,"D",.,"A",.,"A",.,"A",.,"A"
"20151","03001492",51,0,"1",1950,"D",390,"D",325,"D",325,"D",30,"D",.,"A",.,"A",1560,"D",225,"D",.,"A",.,"A",.,"A",.,"A"
"20151","03001512",16,0,"1",975,"D",104,"D",.,"A",520,"D",60,"D",.,"A",.,"A",871,"D",105,"D",.,"A",.,"A",.,"A",.,"A"
"20151","03001562",26,0,"1",1950,"D",520,"D",.,"A",195,"D",0,"D",.,"A",.,"A",1430,"D",0,"D",.,"A",.,"A",.,"A",.,"A"
"20151","03001602",26,0,"1",1105,"D",195,"D",.,"A",260,"D",0,"D",.,"A",.,"A",910,"D",0,"D",.,"A",.,"A",.,"A",.,"A"
"20151","03001622",35,0,"1",1625,"D",130,"D",.,"A",0,"D",0,"D",.,"A",.,"A",1495,"D",0,"D",.,"A",.,"A",.,"A",.,"A"
"20151","03001632",53,0,"1",1040,"D",130,"D",.,"A",3900,"D",0,"D",.,"A",.,"A",910,"D",0,"D",.,"A",.,"A",.,"A",.,"A"
"20151","03001642",14,0,"1",3900,"D",650,"D",.,"A",0,"D",0,"D",.,"A",.,"A",3250,"D",0,"D",.,"A",.,"A",.,"A",.,"A"
"20151","03001652",20,0,"1",1300,"D",260,"D",.,"A",260,"D",0,"D",.,"A",.,"A",1040,"D",150,"D",30,"D",390,"D",.,"A",.,"A"
"20151","03001682",11,0,"1",520,"D",0,"D",.,"A",130,"D",0,"D",.,"A",.,"A",520,"D",66,"D",.,"A",.,"A",.,"A",.,"A"
"20151","03001692",35,0,"1",650,"D",130,"D",.,"A",130,"D",0,"D",.,"A",.,"A",520,"D",0,"D",.,"A",.,"A",.,"A",.,"A"
"20151","03001702",25,0,"1",1950,"D",650,"D",.,"A",3250,"D",0,"D",.,"A",.,"A",1300,"D",0,"D",.,"A",.,"A",.,"A",.,"A"
"20151","03001722",66,0,"1",1625,"D",325,"D",.,"A",650,"D",90,"D",.,"A",.,"A",1300,"D",75,"D",.,"A",.,"A",.,"A",.,"A"
"20151","03001732",35,0,"1",1690,"D",130,"D",.,"A",780,"D",0,"D",.,"A",240,"D",1560,"D",0,"D",.,"A",.,"A",.,"A",.,"A"
"20151","03001772",40,0,"1",1300,"D",650,"D",.,"A",325,"D",0,"D",.,"A",.,"A",650,"D",0,"D",25,"D",325,"D",.,"A",.,"A"
"20151","03001822",36,0,"1",1300,"D",130,"D",.,"A",260,"D",0,"D",.,"A",.,"A",1170,"D",60,"D",.,"A",.,"A",.,"A",.,"A"
"20151","03001872",18,0,"1",390,"D",195,"D",.,"A",260,"D",0,"D",.,"A",.,"A",195,"D",0,"D",.,"A",.,"A",.,"A",.,"A"
"20151","03001892",50,0,"1",650,"D",130,"D",.,"A",650,"D",120,"D",.,"A",.,"A",520,"D",6,"D",.,"A",.,"A",.,"A",.,"A"
"20151","03001952",46,0,"1",2600,"D",520,"D",.,"A",1300,"D",0,"D",.,"A",.,"A",2080,"D",0,"D",.,"A",.,"A",.,"A",.,"A"
"20151","03001972",26,0,"1",910,"D",130,"D",390,"D",0,"D",0,"D",.,"A",.,"A",780,"D",0,"D",.,"A",.,"A",.,"A",.,"A"
"20151","03001982",20,0,"1",455,"D",156,"D",.,"A",0,"D",0,"D",.,"A",.,"A",299,"D",0,"D",.,"A",.,"A",.,"A",.,"A"
"20151","03002034",24,0,"1",260,"D",0,"D",.,"A",130,"D",0,"D",.,"A",.,"A",260,"D",0,"D",.,"A",.,"A",.,"A",.,"A"
"20151","03002042",58,0,"1",1872,"D",260,"D",.,"A",130,"D",0,"D",.,"A",.,"A",1612,"D",0,"D",.,"A",.,"A",.,"A",.,"A"
"20151","03002082",37,0,"1",1950,"D",130,"D",.,"A",260,"D",0,"D",.,"A",.,"A",1820,"D",0,"D",.,"A",.,"A",.,"A",.,"A"
"20151","03002102",94,0,"1",2275,"D",650,"D",104,"D",1950,"D",60,"D",.,"A",.,"A",1625,"D",30,"D",.,"A",.,"A",.,"A",.,"A"
"20151","03002112",23,0,"1",975,"D",0,"D",.,"A",650,"D",900,"D",.,"A",.,"A",975,"D",60,"D",10,"D",130,"D",.,"A",.,"A"
"20151","03002162",54,0,"1",1300,"D",348,"F",.,"A",1300,"D",60,"D",.,"A",.,"A",1217,"F",300,"D",.,"A",.,"A",.,"A",.,"A"
"20151","03002192",38,0,"1",1300,"D",130,"D",65,"D",0,"D",0,"D",.,"A",.,"A",1170,"D",150,"D",.,"A",.,"A",.,"A",.,"A"
"20151","03002212",33,0,"1",650,"D",0,"D",.,"A",650,"D",0,"D",.,"A",.,"A",650,"D",60,"D",.,"A",.,"A",.,"A",.,"A"
"20151","03002222",89,0,"1",3380,"D",650,"D",.,"A",650,"D",0,"D",.,"A",.,"A",2730,"D",0,"D",.,"A",.,"A",.,"A",.,"A"
"20151","03002242",25,0,"1",390,"D",39,"D",.,"A",91,"D",0,"D",.,"A",.,"A",351,"D",0,"D",.,"A",.,"A",.,"A",.,"A"
"20151","03002312",26,0,"1",3900,"D",260,"D",325,"D",325,"D",0,"D",.,"A",.,"A",3640,"D",60,"D",.,"A",.,"A",.,"A",.,"A"
"20151","03002322",44,0,"1",1950,"D",650,"D",.,"A",195,"D",45,"D",.,"A",.,"A",1300,"D",0,"D",.,"A",.,"A",.,"A",.,"A"
"20151","03002332",30,0,"1",1950,"D",520,"D",1300,"D",1300,"D",300,"D",.,"A",.,"A",1430,"D",150,"D",60,"D",780,"D",.,"A",.,"A"
"20151","03002342",16,0,"1",1560,"D",260,"D",.,"A",650,"D",0,"D",.,"A",.,"A",1300,"D",0,"D",.,"A",.,"A",.,"A",.,"A"
"20151","03002412",20,0,"1",1625,"D",0,"D",.,"A",91,"D",0,"D",.,"A",.,"A",1625,"D",0,"D",.,"A",.,"A",.,"A",.,"A"
"20151","03002452",23,0,"1",2600,"D",390,"D",.,"A",325,"D",0,"D",.,"A",.,"A",2210,"D",0,"D",.,"A",.,"A",.,"A",.,"A"
"20151","03002462",30,0,"1",975,"D",130,"D",.,"A",390,"D",0,"D",.,"A",.,"A",845,"D",0,"D",.,"A",.,"A",.,"A",.,"A"
"20151","03002472",23,0,"1",2600,"D",780,"D",.,"A",650,"D",0,"D",.,"A",.,"A",1820,"D",0,"D",.,"A",.,"A",.,"A",.,"A"
"20151","03002532",35,0,"1",780,"D",130,"D",.,"A",390,"D",0,"D",.,"A",.,"A",650,"D",0,"D",.,"A",.,"A",.,"A",.,"A"
"20151","03002572",63,0,"1",1690,"D",325,"D",.,"A",156,"D",0,"D",.,"A",.,"A",1365,"D",165,"D",.,"A",.,"A",.,"A",.,"A"
"20151","03002602",67,0,"1",1950,"D",650,"D",390,"D",1690,"D",60,"D",.,"A",.,"A",1300,"D",120,"D",.,"A",.,"A",.,"A",.,"A"
"20151","03002612",27,0,"1",650,"D",325,"D",.,"A",260,"D",0,"D",.,"A",.,"A",325,"D",120,"D",50,"D",650,"D",.,"A",.,"A"
"20151","03002652",17,0,"1",1300,"D",260,"D",780,"D",1950,"D",6,"D",.,"A",240,"D",1040,"D",6,"D",.,"A",.,"A",.,"A",.,"A"
"20151","03002682",53,0,"1",1820,"D",260,"D",195,"D",780,"D",0,"D",.,"A",.,"A",1560,"D",270,"D",.,"A",.,"A",.,"A",.,"A"
"20151","03002692",43,0,"1",1560,"D",195,"D",.,"A",65,"D",0,"D",.,"A",.,"A",1365,"D",0,"D",.,"A",.,"A",.,"A",.,"A"
"20151","03002742",46,0,"1",3250,"D",650,"D",.,"A",0,"D",0,"D",.,"A",.,"A",2600,"D",45,"D",.,"A",.,"A",.,"A",.,"A"
"20151","03002762",31,0,"1",650,"D",0,"D",.,"A",130,"D",75,"D",.,"A",.,"A",650,"D",30,"D",.,"A",.,"A",.,"A",.,"A"
"20151","03002782",48,0,"1",520,"D",130,"D",39,"D",0,"D",0,"D",.,"A",.,"A",390,"D",0,"D",.,"A",.,"A",.,"A",.,"A"
"20151","03002802",14,0,"1",780,"D",39,"D",.,"A",13,"D",0,"D",.,"A",.,"A",741,"D",0,"D",.,"A",.,"A",.,"A",.,"A"
"20151","03002842",20,0,"1",2600,"D",260,"D",.,"A",0,"D",0,"D",.,"A",.,"A",2340,"D",0,"D",.,"A",.,"A",.,"A",.,"A"
"20151","03002892",41,0,"1",1300,"D",130,"D",.,"A",780,"D",0,"D",.,"A",.,"A",1170,"D",30,"D",.,"A",.,"A",.,"A",.,"A"
"20151","03002912",26,0,"1",2600,"D",260,"D",.,"A",1300,"D",120,"D",.,"A",.,"A",2340,"D",240,"D",.,"A",.,"A",.,"A",.,"A"
"20151","03002972",48,0,"1",1560,"D",520,"D",260,"D",715,"D",0,"D",.,"A",.,"A",1040,"D",0,"D",.,"A",.,"A",.,"A",.,"A"
"20151","03002982",39,0,"1",2600,"D",650,"D",.,"A",520,"D",0,"D",.,"A",.,"A",1950,"D",0,"D",35,"D",455,"D",.,"A",.,"A"
"20151","03003002",18,0,"1",715,"D",195,"D",.,"A",0,"D",0,"D",.,"A",.,"A",520,"D",0,"D",.,"A",.,"A",.,"A",.,"A"
"20151","03003012",45,0,"1",1430,"D",260,"D",.,"A",390,"D",0,"D",.,"A",0,"D",1170,"D",0,"D",.,"A",.,"A",.,"A",.,"A"
"20151","03003062",58,0,"1",975,"D",377,"F",.,"A",0,"D",0,"D",.,"A",.,"A",893,"F",60,"D",.,"A",.,"A",.,"A",.,"A"
"20151","03003072",30,0,"1",1300,"D",260,"D",.,"A",780,"D",30,"D",.,"A",.,"A",1040,"D",30,"D",.,"A",.,"A",.,"A",.,"A"
"20151","03003092",44,0,"1",1040,"D",130,"D",260,"D",0,"D",30,"D",.,"A",.,"A",910,"D",6,"D",.,"A",.,"A",.,"A",.,"A"
"20151","03003102",47,0,"1",2600,"D",260,"D",.,"A",650,"D",0,"D",.,"A",24,"D",2340,"D",300,"D",.,"A",.,"A",.,"A",.,"A"
"20151","03003172",19,0,"1",715,"D",65,"D",.,"A",130,"D",0,"D",125,"D",.,"A",650,"D",0,"D",.,"A",.,"A",.,"A",.,"A"
"20151","03003182",70,0,"1",3250,"D",650,"D",.,"A",650,"D",0,"D",.,"A",.,"A",2600,"D",165,"F",.,"A",.,"A",.,"A",.,"A"
"20151","03003252",9,0,"1",650,"D",130,"D",.,"A",0,"D",0,"D",.,"A",.,"A",520,"D",0,"D",.,"A",.,"A",.,"A",.,"A"
"20151","03003272",65,0,"1",1950,"D",390,"D",325,"D",1040,"D",150,"D",.,"A",.,"A",1560,"D",150,"D",.,"A",.,"A",.,"A",.,"A"
"20151","03003322",33,0,"1",1950,"D",260,"D",.,"A",195,"D",0,"D",.,"A",.,"A",1690,"D",0,"D",60,"D",780,"D",.,"A",.,"A"
"20151","03003404",27,0,"1",390,"D",390,"D",.,"A",0,"D",0,"D",.,"A",.,"A",0,"D",0,"D",.,"A",.,"A",.,"A",.,"A"
"20151","03003412",17,0,"1",1502,"F",.,"A",.,"A",673,"F",66,"F",.,"A",.,"A",1217,"F",122,"F",.,"A",.,"A",.,"A",.,"A"
"20151","03003442",41,0,"1",2600,"D",260,"D",.,"A",0,"D",0,"D",.,"A",.,"A",2340,"D",0,"D",.,"A",.,"A",188,"F",.,"C"
"20151","03003552",20,0,"1",1040,"D",65,"D",.,"A",0,"D",0,"D",.,"A",.,"A",975,"D",0,"D",.,"A",.,"A",.,"A",.,"A"
"20151","03003632",13,0,"1",0,"D",.,"A",.,"A",0,"D",0,"D",.,"A",.,"A",0,"D",0,"D",.,"A",.,"A",.,"A",.,"A"
"20151","03003732",68,0,"1",3250,"D",1625,"D",1053,"D",325,"D",0,"D",.,"A",.,"A",1625,"D",117,"D",.,"A",.,"A",.,"A",.,"A"
"20151","03003752",31,0,"1",1300,"D",325,"D",975,"D",650,"D",0,"D",.,"A",.,"A",975,"D",240,"D",.,"A",.,"A",.,"A",.,"A"
"20151","03003822",30,0,"1",1950,"D",390,"D",.,"A",520,"D",60,"D",.,"A",.,"A",1560,"D",60,"D",.,"A",.,"A",.,"A",.,"A"
"20151","03003842",32,0,"1",2145,"D",195,"D",.,"A",1040,"D",85,"F",.,"A",.,"A",1950,"D",119,"F",.,"A",.,"A",.,"A",.,"A"
"20151","03003862",17,0,"1",1625,"D",130,"D",.,"A",325,"D",0,"D",.,"A",.,"A",1495,"D",0,"D",.,"A",.,"A",.,"A",.,"A"
"20151","03003903",31,0,"1",2600,"D",412,"F",.,"A",195,"D",0,"D",.,"A",.,"A",1807,"F",0,"D",.,"A",.,"A",.,"A",.,"A"
"20151","03004032",100,0,"1",2600,"D",260,"D",.,"A",845,"D",0,"D",.,"A",.,"A",2340,"D",0,"D",.,"A",.,"A",.,"A",.,"A"
"20151","03004055",34,0,"1",1300,"D",130,"D",.,"A",390,"D",0,"D",.,"A",.,"A",1170,"D",0,"D",.,"A",.,"A",.,"A",.,"A"
"20151","03004062",33,0,"1",650,"D",0,"D",.,"A",0,"D",0,"D",.,"A",.,"A",650,"D",137,"F",.,"A",.,"A",.,"A",.,"A"
"20151","03004112",58,0,"1",910,"D",0,"D",520,"D",1300,"D",0,"D",.,"A",.,"A",910,"D",0,"D",.,"A",.,"A",117,"D",9,"D"
"20151","03004122",43,0,"1",780,"D",0,"D",260,"D",260,"D",60,"D",.,"A",.,"A",780,"D",0,"D",.,"A",.,"A",.,"A",.,"A"
"20151","03004142",53,0,"1",910,"D",390,"D",.,"A",2600,"D",750,"D",.,"A",.,"A",520,"D",300,"D",.,"A",.,"A",.,"A",.,"A"
"20151","03004182",30,0,"1",1950,"D",390,"D",.,"A",2600,"D",0,"D",.,"A",.,"A",1560,"D",0,"D",.,"A",.,"A",.,"A",.,"A"
"20151","03004222",83,0,"1",1625,"D",325,"D",.,"A",390,"D",150,"D",.,"A",.,"A",1300,"D",90,"D",.,"A",.,"A",.,"A",.,"A"
"20151","03004252",28,0,"1",1300,"D",130,"D",130,"D",0,"D",0,"D",.,"A",.,"A",1170,"D",0,"D",.,"A",.,"A",.,"A",.,"A"
"20151","03004272",19,0,"1",1950,"D",780,"D",.,"A",390,"D",6,"D",.,"A",.,"A",1170,"D",90,"D",.,"A",.,"A",.,"A",.,"A"
"20151","03004312",30,0,"1",3575,"D",288,"F",.,"A",195,"D",0,"D",.,"A",.,"A",1021,"F",0,"D",.,"A",.,"A",.,"A",.,"A"
"20151","03004362",28,0,"1",1986,"F",.,"A",.,"A",763,"F",85,"F",.,"A",.,"A",1613,"F",108,"F",.,"A",.,"A",.,"A",.,"A"
"20151","03004382",35,0,"1",1495,"D",260,"D",.,"A",1300,"D",0,"D",.,"A",.,"A",1235,"D",0,"D",.,"A",.,"A",.,"A",.,"A"
"20151","03004412",38,0,"1",2708,"F",.,"A",.,"A",987,"F",132,"F",.,"A",.,"A",2313,"F",158,"F",.,"A",.,"A",.,"A",.,"A"
"20151","03004452",32,0,"1",910,"D",0,"D",.,"A",0,"D",0,"D",.,"A",.,"A",910,"D",0,"D",.,"A",.,"A",.,"A",.,"A"
"20151","03004482",36,0,"1",1950,"D",0,"D",.,"A",673,"F",66,"F",.,"A",.,"A",1950,"D",122,"F",.,"A",.,"A",.,"A",.,"A"
"20151","03004492",23,0,"1",598,"D",13,"D",.,"A",0,"D",0,"D",.,"A",.,"A",585,"D",0,"D",.,"A",.,"A",.,"A",.,"A"
"20151","03004502",22,0,"1",914,"F",.,"A",.,"A",0,"D",0,"D",.,"A",.,"A",753,"F",0,"D",.,"A",.,"A",.,"A",.,"A"
"20151","03004542",25,0,"1",1300,"D",325,"D",.,"A",520,"D",0,"D",.,"A",.,"A",975,"D",150,"D",50,"D",650,"D",.,"A",.,"A"
"20151","03004592",12,0,"1",6500,"D",650,"D",.,"A",0,"D",0,"D",.,"A",.,"A",5850,"D",0,"D",.,"A",.,"A",.,"A",.,"A"
"20151","03004652",41,0,"1",1950,"D",325,"D",.,"A",520,"D",0,"D",.,"A",120,"D",1625,"D",0,"D",.,"A",.,"A",.,"A",.,"A"
"20151","03004682",24,0,"1",1560,"D",65,"D",.,"A",0,"D",0,"D",.,"A",.,"A",1495,"D",0,"D",.,"A",.,"A",.,"A",.,"A"
"20151","03004692",17,0,"1",1300,"D",260,"D",520,"D",260,"D",45,"D",.,"A",.,"A",1040,"D",60,"D",.,"A",.,"A",.,"A",.,"A"
"20151","03004712",24,0,"1",1625,"D",0,"D",520,"D",390,"D",42,"D",.,"A",.,"A",1625,"D",0,"D",40,"D",520,"D",.,"A",.,"A"
"20151","03004722",21,0,"1",520,"D",26,"D",.,"A",0,"D",0,"D",.,"A",.,"A",494,"D",0,"D",.,"A",.,"A",.,"A",.,"A"
"20151","03004772",56,0,"1",3250,"D",520,"D",.,"A",520,"D",6,"D",.,"A",.,"A",2730,"D",6,"D",.,"A",.,"A",.,"A",.,"A"
"20151","03004812",44,0,"1",585,"D",0,"D",.,"A",195,"D",0,"D",.,"A",.,"A",585,"D",0,"D",.,"A",.,"A",.,"A",.,"A"
"20151","03004852",56,0,"1",975,"D",260,"D",.,"A",195,"D",0,"D",.,"A",.,"A",715,"D",45,"D",.,"A",.,"A",.,"A",.,"A"
"20151","03004882",26,0,"1",650,"D",65,"D",.,"A",0,"D",0,"D",.,"A",.,"A",585,"D",0,"D",.,"A",.,"A",.,"A",.,"A"
"20151","03004892",20,0,"1",520,"D",65,"D",.,"A",0,"D",0,"D",.,"A",.,"A",455,"D",0,"D",.,"A",.,"A",.,"A",.,"A"
"20151","03004905",15,0,"1",2600,"D",130,"D",.,"A",130,"D",0,"D",.,"A",.,"A",2470,"D",0,"D",.,"A",.,"A",.,"A",.,"A"
"20151","03004912",64,0,"1",1560,"D",390,"D",130,"D",585,"D",240,"D",.,"A",120,"D",1170,"D",168,"D",.,"A",.,"A",.,"A",.,"A"
"20151","03004992",49,0,"1",1950,"D",650,"D",390,"D",390,"D",0,"D",.,"A",.,"A",1300,"D",0,"D",.,"A",.,"A",.,"A",.,"A"
"20151","03005092",11,0,"1",1040,"D",130,"D",.,"A",0,"D",0,"D",.,"A",.,"A",910,"D",0,"D",.,"A",.,"A",.,"A",.,"A"
"20151","03005102",25,0,"1",1950,"D",195,"D",.,"A",975,"D",0,"D",.,"A",.,"A",1755,"D",0,"D",.,"A",.,"A",.,"A",.,"A"
"20151","03005112",32,0,"1",2275,"D",325,"D",.,"A",1040,"D",0,"D",.,"A",.,"A",1950,"D",0,"D",.,"A",.,"A",.,"A",.,"A"
"20151","03005132",15,0,"1",780,"D",65,"D",.,"A",520,"D",180,"D",.,"A",.,"A",715,"D",60,"D",.,"A",.,"A",.,"A",.,"A"
"20151","03005152",10,0,"1",2600,"D",0,"D",.,"A",0,"D",0,"D",.,"A",.,"A",2600,"D",120,"D",.,"A",.,"A",.,"A",.,"A"
"20151","03005232",32,0,"1",910,"D",130,"D",.,"A",3900,"D",0,"D",.,"A",.,"A",780,"D",0,"D",.,"A",.,"A",.,"A",.,"A"
"20151","03005262",26,0,"1",650,"D",65,"D",.,"A",0,"D",60,"D",.,"A",.,"A",585,"D",60,"D",.,"A",.,"A",.,"A",.,"A"
"20151","03005322",26,0,"1",1300,"D",195,"D",.,"A",260,"D",0,"D",.,"A",.,"A",1105,"D",0,"D",.,"A",.,"A",.,"A",.,"A"
"20151","03005392",28,0,"1",1040,"D",130,"D",.,"A",195,"D",27,"D",.,"A",.,"A",910,"D",0,"D",.,"A",.,"A",.,"A",.,"A"
"20151","03005442",15,0,"1",650,"D",0,"D",373,"F",553,"F",0,"D",.,"A",.,"A",650,"D",0,"D",.,"A",.,"A",.,"A",.,"A"
"20151","03005462",41,0,"1",5200,"D",390,"D",.,"A",0,"D",0,"D",.,"A",.,"A",4810,"D",60,"D",.,"A",.,"A",.,"A",.,"A"
"20151","03005562",26,0,"1",1950,"D",325,"D",.,"A",260,"D",0,"D",.,"A",.,"A",1625,"D",0,"D",.,"A",.,"A",.,"A",.,"A"
"20151","03005572",26,0,"1",2600,"D",325,"D",.,"A",650,"D",0,"D",.,"A",.,"A",2275,"D",0,"D",.,"A",.,"A",.,"A",.,"A"
"20151","03005592",17,0,"1",1820,"D",390,"D",390,"D",1625,"D",300,"D",.,"A",.,"A",1430,"D",300,"D",.,"A",.,"A",.,"A",.,"A"
"20151","03005612",24,0,"1",3900,"D",650,"D",.,"A",0,"D",0,"D",.,"A",.,"A",3250,"D",0,"D",.,"A",.,"A",.,"A",.,"A"
"20151","03005622",22,0,"1",1560,"D",390,"D",.,"A",650,"D",0,"D",.,"A",.,"A",1170,"D",0,"D",.,"A",.,"A",.,"A",.,"A"
"20151","03005672",10,0,"1",1300,"D",130,"D",.,"A",0,"D",6,"D",.,"A",.,"A",1170,"D",6,"D",.,"A",.,"A",.,"A",.,"A"
"20151","03005712",50,0,"1",520,"D",0,"D",.,"A",195,"D",240,"D",.,"A",.,"A",520,"D",120,"D",.,"A",.,"A",.,"A",.,"A"
"20151","03005742",16,0,"1",650,"D",650,"D",.,"A",650,"D",0,"D",.,"A",.,"A",0,"D",60,"D",.,"A",.,"A",.,"A",.,"A"
"20151","03005762",67,0,"1",1040,"D",130,"D",.,"A",39,"D",0,"D",.,"A",.,"A",910,"D",0,"D",.,"A",.,"A",.,"A",.,"A"
"20151","03005842",13,0,"1",3900,"D",0,"D",.,"A",528,"F",0,"D",.,"A",.,"A",3900,"D",0,"D",.,"A",.,"A",.,"A",.,"A"
"20151","03005852",24,0,"1",1040,"D",260,"D",.,"A",195,"D",0,"D",.,"A",.,"A",780,"D",0,"D",.,"A",.,"A",.,"A",.,"A"
"20151","03005862",17,0,"1",1950,"D",585,"D",.,"A",520,"D",0,"D",.,"A",.,"A",1365,"D",0,"D",.,"A",.,"A",.,"A",.,"A"
"20151","03005872",22,0,"1",2080,"D",390,"D",.,"A",0,"D",0,"D",.,"A",.,"A",1690,"D",0,"D",.,"A",.,"A",.,"A",.,"A"
"20151","03005902",40,0,"1",2340,"D",390,"D",.,"A",780,"D",0,"D",.,"A",.,"A",1950,"D",240,"D",.,"A",.,"A",.,"A",.,"A"
"20151","03005912",28,0,"1",780,"D",455,"D",455,"D",1560,"D",240,"D",.,"A",.,"A",325,"D",240,"D",.,"A",.,"A",.,"A",.,"A"
"20151","03005942",35,0,"1",1625,"D",325,"D",.,"A",520,"D",0,"D",.,"A",.,"A",1300,"D",0,"D",.,"A",.,"A",.,"A",.,"A"
"20151","03005962",53,0,"1",1300,"D",195,"D",.,"A",780,"D",0,"D",.,"A",.,"A",1105,"D",0,"D",.,"A",.,"A",.,"A",.,"A"
"20151","03006002",42,0,"1",1300,"D",325,"D",.,"A",0,"D",0,"D",.,"A",.,"A",975,"D",0,"D",.,"A",.,"A",.,"A",.,"A"
"20151","03006034",10,0,"1",650,"D",104,"D",.,"A",0,"D",0,"D",.,"A",.,"A",546,"D",0,"D",10,"D",130,"D",.,"A",.,"A"
"20151","03006053",21,0,"1",325,"D",0,"D",.,"A",780,"D",0,"D",.,"A",.,"A",325,"D",0,"D",.,"A",.,"A",.,"A",.,"A"
"20151","03006082",33,0,"1",1950,"D",260,"D",.,"A",1950,"D",0,"D",.,"A",.,"A",1690,"D",0,"D",.,"A",.,"A",.,"A",.,"A"
"20151","03006172",49,0,"1",2275,"D",325,"D",.,"A",260,"D",0,"D",.,"A",.,"A",1950,"D",150,"D",.,"A",.,"A",.,"A",.,"A"
"20151","03006232",14,0,"1",975,"D",325,"D",.,"A",0,"D",0,"D",.,"A",.,"A",650,"D",0,"D",.,"A",.,"A",.,"A",.,"A"
"20151","03006242",34,0,"1",1625,"D",650,"D",.,"A",520,"D",60,"D",.,"A",180,"D",975,"D",180,"D",35,"D",455,"D",.,"A",.,"A"
"20151","03006262",60,0,"1",1430,"D",195,"D",.,"A",325,"D",45,"D",.,"A",.,"A",1235,"D",75,"D",.,"A",.,"A",.,"A",.,"A"
"20151","03006272",34,0,"1",1560,"D",260,"D",.,"A",0,"D",6,"D",.,"A",.,"A",1300,"D",0,"D",.,"A",.,"A",.,"A",.,"A"
"20151","03006284",18,0,"1",520,"D",130,"D",.,"A",260,"D",0,"D",.,"A",.,"A",390,"D",30,"D",30,"D",390,"D",.,"A",.,"A"
"20151","03006334",13,0,"1",2015,"D",0,"D",.,"A",0,"D",0,"D",.,"A",.,"A",2015,"D",0,"D",.,"A",.,"A",.,"A",.,"A"
"20151","03006362",15,0,"1",1690,"D",650,"D",.,"A",390,"D",0,"D",.,"A",.,"A",1040,"D",0,"D",.,"A",.,"A",.,"A",.,"A"
"20151","03006432",7,0,"1",1300,"D",130,"D",.,"A",0,"D",0,"D",.,"A",.,"A",1170,"D",60,"D",15,"D",195,"D",.,"A",.,"A"
"20151","03006542",26,0,"1",1950,"D",325,"D",.,"A",910,"D",0,"D",.,"A",.,"A",1625,"D",75,"D",.,"A",.,"A",.,"A",.,"A"
"20151","03006582",30,0,"1",1300,"D",130,"D",260,"D",520,"D",0,"D",.,"A",.,"A",1170,"D",90,"D",.,"A",.,"A",.,"A",.,"A"
"20151","03006662",59,0,"1",1950,"D",260,"D",.,"A",650,"D",0,"D",.,"A",.,"A",1690,"D",600,"D",.,"A",.,"A",.,"A",.,"A"
"20151","03006762",47,0,"1",1560,"D",195,"D",.,"A",910,"D",0,"D",.,"A",.,"A",1365,"D",0,"D",.,"A",.,"A",.,"A",.,"A"
"20151","03006772",28,0,"1",2600,"D",260,"D",.,"A",260,"D",0,"D",.,"A",.,"A",2340,"D",180,"D",.,"A",.,"A",.,"A",.,"A"
"20151","03006792",33,0,"1",1950,"D",130,"D",1950,"D",0,"D",0,"D",.,"A",.,"A",1820,"D",90,"D",.,"A",.,"A",.,"A",.,"A"
"20151","03006802",59,0,"1",195,"D",91,"D",.,"A",195,"D",0,"D",.,"A",.,"A",104,"D",0,"D",.,"A",.,"A",.,"A",.,"A"
"20151","03006812",49,0,"1",1300,"D",260,"D",.,"A",455,"D",0,"D",.,"A",.,"A",1040,"D",0,"D",.,"A",.,"A",.,"A",.,"A"
"20151","03006842",37,0,"1",5200,"D",2080,"D",.,"A",1950,"D",0,"D",.,"A",.,"A",3120,"D",180,"D",.,"A",.,"A",.,"A",.,"A"
"20151","03006852",19,0,"1",390,"D",39,"D",.,"A",650,"D",0,"D",.,"A",.,"A",351,"D",0,"D",.,"A",.,"A",.,"A",.,"A"
"20151","03006872",21,0,"1",1300,"D",348,"F",.,"A",650,"D",0,"D",.,"A",.,"A",1217,"F",0,"D",.,"A",.,"A",.,"A",.,"A"
"20151","03006905",24,0,"1",2210,"D",325,"D",.,"A",0,"D",0,"D",.,"A",.,"A",1885,"D",108,"F",.,"A",.,"A",.,"A",.,"A"
"20151","03006922",36,0,"1",2600,"D",130,"D",1196,"D",1300,"D",0,"D",.,"A",.,"A",2470,"D",0,"D",5,"D",65,"D",39,"D",3,"D"
"20151","03006952",32,0,"1",1300,"D",65,"D",.,"A",130,"D",0,"D",.,"A",.,"A",1235,"D",30,"D",.,"A",.,"A",.,"A",.,"A"
"20151","03006972",20,0,"1",1625,"D",195,"D",.,"A",650,"D",6,"D",.,"A",.,"A",1430,"D",6,"D",.,"A",.,"A",.,"A",.,"A"
"20151","03006992",54,0,"1",975,"D",260,"D",.,"A",390,"D",45,"D",.,"A",.,"A",715,"D",0,"D",.,"A",.,"A",.,"A",.,"A"
"20151","03007002",72,0,"1",520,"D",130,"D",.,"A",1950,"D",0,"D",.,"A",.,"A",390,"D",0,"D",.,"A",.,"A",.,"A",.,"A"
"20151","03007032",10,0,"1",780,"D",0,"D",.,"A",130,"D",0,"D",.,"A",.,"A",780,"D",0,"D",.,"A",.,"A",.,"A",.,"A"
"20151","03007042",14,0,"1",650,"D",130,"D",260,"D",0,"D",6,"D",.,"A",.,"A",520,"D",6,"D",.,"A",.,"A",.,"A",.,"A"
"20151","03007062",28,0,"1",1040,"D",52,"D",.,"A",390,"D",0,"D",.,"A",.,"A",988,"D",0,"D",.,"A",.,"A",.,"A",.,"A"
"20151","03007072",56,0,"1",2860,"D",390,"D",.,"A",1755,"D",60,"D",.,"A",.,"A",2470,"D",120,"D",29,"D",377,"D",.,"A",.,"A"
"20151","03007192",35,0,"1",520,"D",0,"D",.,"A",780,"D",0,"D",.,"A",.,"A",520,"D",600,"D",.,"A",.,"A",.,"A",.,"A"
"20151","03007272",55,0,"1",1950,"D",260,"D",.,"A",910,"D",420,"D",.,"A",300,"D",1690,"D",0,"D",.,"A",.,"A",.,"A",.,"A"
"20151","03007292",46,0,"1",598,"D",91,"D",195,"D",364,"D",0,"D",.,"A",.,"A",507,"D",0,"D",.,"A",.,"A",.,"A",.,"A"
"20151","03007312",70,0,"1",2600,"D",650,"D",494,"D",325,"D",0,"D",.,"A",300,"D",1950,"D",0,"D",.,"A",.,"A",.,"A",.,"A"
"20151","03007324",9,0,"1",650,"D",26,"D",.,"A",130,"D",0,"D",.,"A",.,"A",624,"D",0,"D",.,"A",.,"A",.,"A",.,"A"
"20151","03007332",21,0,"1",1625,"D",348,"F",.,"A",673,"F",66,"F",.,"A",.,"A",1217,"F",122,"F",.,"A",.,"A",.,"A",.,"A"
"20151","03007392",27,0,"1",1300,"D",130,"D",.,"A",1300,"D",150,"D",.,"A",.,"A",1170,"D",150,"D",.,"A",.,"A",.,"A",.,"A"
"20151","03007402",81,0,"1",780,"D",130,"D",.,"A",104,"D",0,"D",.,"A",.,"A",650,"D",0,"D",11,"D",143,"D",.,"A",.,"A"
"20151","03007442",68,0,"1",910,"D",0,"D",325,"D",845,"D",30,"D",.,"A",120,"D",910,"D",30,"D",.,"A",.,"A",.,"A",.,"A"
"20151","03007472",26,0,"1",780,"D",390,"D",.,"A",0,"D",0,"D",.,"A",.,"A",390,"D",0,"D",.,"A",.,"A",.,"A",.,"A"
"20151","03007512",37,0,"1",1300,"D",441,"F",.,"A",325,"D",0,"D",.,"A",.,"A",1613,"F",75,"D",.,"A",.,"A",.,"A",.,"A"
"20151","03007532",33,0,"1",1040,"D",104,"D",.,"A",260,"D",6,"D",.,"A",70,"D",936,"D",6,"D",.,"A",.,"A",.,"A",.,"A"
"20151","03007592",72,0,"1",2275,"D",650,"D",.,"A",260,"D",30,"D",60,"D",650,"D",1625,"D",60,"D",.,"A",.,"A",.,"A",.,"A"
"20151","03007612",50,0,"1",1625,"D",156,"D",.,"A",1625,"D",0,"D",.,"A",.,"A",1469,"D",0,"D",.,"A",.,"A",.,"A",.,"A"
"20151","03007682",10,0,"1",910,"D",65,"D",.,"A",0,"D",0,"D",.,"A",.,"A",845,"D",0,"D",25,"D",325,"D",.,"A",.,"A"
"20151","03007692",12,0,"1",1950,"D",0,"D",.,"A",0,"D",0,"D",.,"A",.,"A",1950,"D",0,"D",.,"A",.,"A",.,"A",.,"A"
"20151","03007702",54,0,"1",442,"D",0,"D",247,"D",260,"D",0,"D",.,"A",.,"A",442,"D",6,"D",.,"A",.,"A",.,"A",.,"A"
"20151","03007712",67,0,"1",754,"D",169,"D",.,"A",195,"D",0,"D",.,"A",.,"A",585,"D",0,"D",.,"A",.,"A",.,"A",.,"A"
"20151","03007722",28,0,"1",1040,"D",65,"D",.,"A",130,"D",0,"D",.,"A",.,"A",975,"D",0,"D",.,"A",.,"A",.,"A",.,"A"
"20151","03007742",62,0,"1",1300,"D",0,"D",325,"D",1300,"D",0,"D",.,"A",110,"D",1300,"D",0,"D",.,"A",.,"A",.,"A",.,"A"
"20151","03007752",40,0,"1",650,"D",0,"D",.,"A",195,"D",0,"D",.,"A",.,"A",650,"D",0,"D",.,"A",.,"A",.,"A",.,"A"
"20151","03007812",16,0,"1",780,"D",288,"F",.,"A",520,"D",0,"D",.,"A",.,"A",1021,"F",0,"D",.,"A",.,"A",.,"A",.,"A"
"20151","03007842",49,0,"1",1950,"D",0,"D",.,"A",1300,"D",150,"D",.,"A",.,"A",1950,"D",450,"D",20,"D",260,"D",.,"A",.,"A"
"20151","03007912",23,0,"1",1625,"D",325,"D",.,"A",650,"D",30,"D",2450,"D",.,"A",1300,"D",0,"D",50,"D",650,"D",13,"D",1,"D"
"20151","03007942",62,0,"1",975,"D",325,"D",.,"A",1300,"D",0,"D",.,"A",.,"A",650,"D",0,"D",.,"A",.,"A",.,"A",.,"A"
"20151","03007955",10,0,"1",780,"D",130,"D",.,"A",390,"D",0,"D",.,"A",.,"A",650,"D",0,"D",28,"D",364,"D",.,"A",.,"A"
"20151","03007962",39,0,"1",2600,"D",260,"D",390,"D",1300,"D",600,"D",.,"A",.,"A",2340,"D",900,"D",.,"A",.,"A",.,"A",.,"A"
"20151","03007972",56,0,"1",4550,"D",650,"D",260,"D",1300,"D",300,"D",195,"D",.,"A",3900,"D",300,"D",.,"A",.,"A",.,"A",.,"A"
"20151","03008032",5,0,"1",0,"D",.,"A",.,"A",0,"D",0,"D",.,"A",.,"A",0,"D",0,"D",.,"A",.,"A",.,"A",.,"A"
"20151","03008042",15,0,"1",4589,"D",260,"D",.,"A",0,"D",0,"D",.,"A",.,"A",4329,"D",0,"D",150,"D",1950,"D",.,"A",.,"A"
"20151","03008102",35,0,"1",1300,"D",325,"D",.,"A",650,"D",0,"D",.,"A",.,"A",975,"D",450,"D",.,"A",.,"A",.,"A",.,"A"
"20151","03008182",52,0,"1",2600,"D",325,"D",.,"A",390,"D",150,"D",.,"A",.,"A",2275,"D",240,"D",.,"A",.,"A",.,"A",.,"A"
"20151","03008252",30,0,"1",1560,"D",260,"D",325,"D",130,"D",0,"D",.,"A",.,"A",1300,"D",0,"D",.,"A",.,"A",.,"A",.,"A"
"20151","03008292",25,0,"1",4875,"D",1300,"D",.,"A",780,"D",0,"D",.,"A",.,"A",3575,"D",0,"D",.,"A",.,"A",.,"A",.,"A"
"20151","03008302",46,0,"1",3900,"D",520,"D",.,"A",1300,"D",0,"D",.,"A",.,"A",3380,"D",0,"D",40,"D",520,"D",.,"A",.,"A"
"20151","03008322",31,0,"1",572,"D",130,"D",.,"A",195,"D",0,"D",60,"D",.,"A",442,"D",12,"D",.,"A",.,"A",.,"A",.,"A"
"20151","03008332",70,0,"1",1235,"D",65,"D",.,"A",780,"D",0,"D",.,"A",.,"A",1170,"D",0,"D",.,"A",.,"A",.,"A",.,"A"
"20151","03008372",73,0,"1",3250,"D",0,"D",1300,"D",1300,"D",96,"D",.,"A",200,"D",3250,"D",90,"D",.,"A",.,"A",.,"A",.,"A"
"20151","03008392",110,0,"1",2600,"D",650,"D",.,"A",975,"D",120,"D",.,"A",.,"A",1950,"D",300,"D",.,"A",.,"A",130,"D",10,"D"
"20151","03008442",54,0,"1",2600,"D",585,"D",.,"A",325,"D",0,"D",.,"A",.,"A",2015,"D",0,"D",.,"A",.,"A",.,"A",.,"A"
"20151","03008452",35,0,"1",1950,"D",520,"D",.,"A",195,"D",300,"D",.,"A",.,"A",1430,"D",60,"D",.,"A",.,"A",.,"A",.,"A"
"20151","03008492",14,0,"1",780,"D",78,"D",.,"A",0,"D",0,"D",.,"A",.,"A",702,"D",0,"D",.,"A",.,"A",.,"A",.,"A"
"20151","03008502",53,0,"1",1950,"D",390,"D",.,"A",650,"D",0,"D",.,"A",.,"A",1560,"D",0,"D",30,"D",390,"D",.,"A",.,"A"
"20151","03008512",71,0,"1",1430,"D",260,"D",.,"A",1040,"D",210,"D",.,"A",.,"A",1170,"D",60,"D",.,"A",.,"A",.,"A",.,"A"
"20151","03008532",23,0,"1",650,"D",195,"D",.,"A",520,"D",0,"D",.,"A",.,"A",455,"D",45,"D",.,"A",.,"A",.,"A",.,"A"
"20151","03008542",50,0,"1",1560,"D",325,"D",455,"D",0,"D",0,"D",.,"A",.,"A",1235,"D",24,"D",.,"A",.,"A",.,"A",.,"A"
"20151","03008562",47,0,"1",1300,"D",130,"D",.,"A",65,"D",0,"D",.,"A",.,"A",1170,"D",0,"D",.,"A",.,"A",.,"A",.,"A"
"20151","03008572",26,0,"1",520,"D",130,"D",.,"A",0,"D",240,"D",.,"A",.,"A",390,"D",60,"D",36,"D",468,"D",.,"A",.,"A"
"20151","03008612",59,0,"1",650,"D",130,"D",.,"A",975,"D",60,"D",.,"A",.,"A",520,"D",60,"D",.,"A",.,"A",.,"A",.,"A"
"20151","03008632",40,0,"1",1300,"D",260,"D",.,"A",260,"D",0,"D",.,"A",.,"A",1040,"D",0,"D",.,"A",.,"A",.,"A",.,"A"
"20151","03008652",45,0,"1",1625,"D",390,"D",1300,"D",195,"D",0,"D",.,"A",.,"A",1235,"D",120,"D",.,"A",.,"A",.,"A",.,"A"
"20151","03008732",32,0,"1",520,"D",0,"D",195,"D",182,"D",6,"D",.,"A",.,"A",520,"D",6,"D",.,"A",.,"A",.,"A",.,"A"
"20151","03008742",10,0,"1",1300,"D",260,"D",.,"A",520,"D",0,"D",.,"A",.,"A",1040,"D",0,"D",.,"A",.,"A",.,"A",.,"A"
"20151","03008762",33,0,"1",390,"D",130,"D",.,"A",260,"D",169,"F",.,"A",.,"A",260,"D",0,"D",.,"A",.,"A",.,"A",.,"A"
"20151","03008852",22,0,"1",650,"D",130,"D",.,"A",130,"D",186,"F",.,"A",.,"A",520,"D",180,"F",.,"A",.,"A",.,"A",.,"A"
"20151","03008872",22,0,"1",1300,"D",130,"D",.,"A",0,"D",0,"D",.,"A",.,"A",1170,"D",60,"D",.,"A",.,"A",.,"A",.,"A"
"20151","03008882",27,0,"1",1950,"D",260,"D",.,"A",1300,"D",0,"D",.,"A",.,"A",1690,"D",0,"D",.,"A",.,"A",.,"A",.,"A"
"20151","03008902",48,0,"1",5200,"D",650,"D",.,"A",1300,"D",30,"D",.,"A",.,"A",4550,"D",30,"D",.,"A",.,"A",.,"A",.,"A"
"20151","03008912",23,0,"1",780,"D",195,"D",.,"A",1300,"D",0,"D",.,"A",.,"A",585,"D",9,"D",.,"A",.,"A",.,"A",.,"A"
"20151","03008932",45,0,"1",1300,"D",0,"D",.,"A",325,"D",0,"D",.,"A",.,"A",1300,"D",0,"D",.,"A",.,"A",.,"A",.,"A"
"20151","03008942",38,0,"1",1300,"D",260,"D",.,"A",520,"D",60,"D",.,"A",.,"A",1040,"D",60,"D",.,"A",.,"A",.,"A",.,"A"
"20151","03008952",39,0,"1",650,"D",0,"D",.,"A",1300,"D",150,"D",.,"A",.,"A",650,"D",0,"D",.,"A",.,"A",.,"A",.,"A"
"20151","03008962",39,0,"1",1105,"D",130,"D",.,"A",260,"D",0,"D",195,"D",.,"A",975,"D",75,"D",30,"D",390,"D",.,"A",.,"A"
"20151","03008993",7,0,"1",325,"D",0,"D",273,"D",0,"D",480,"D",.,"A",.,"A",325,"D",51,"D",35,"D",455,"D",.,"A",.,"A"
"20151","03009022",36,0,"1",1040,"D",130,"D",.,"A",260,"D",0,"D",.,"A",.,"A",910,"D",0,"D",.,"A",.,"A",.,"A",.,"A"
"20151","03009132",40,0,"1",390,"D",65,"D",.,"A",325,"D",0,"D",.,"A",.,"A",325,"D",0,"D",.,"A",.,"A",.,"A",.,"A"
"20151","03009162",15,0,"1",390,"D",39,"D",.,"A",0,"D",0,"D",.,"A",.,"A",351,"D",0,"D",.,"A",.,"A",.,"A",.,"A"
"20151","03009172",30,0,"1",2600,"D",390,"D",.,"A",0,"D",0,"D",.,"A",.,"A",2210,"D",0,"D",.,"A",.,"A",.,"A",.,"A"
"20151","03009202",9,0,"1",3250,"D",520,"D",.,"A",699,"F",0,"D",.,"A",.,"A",2730,"D",0,"D",.,"A",.,"A",.,"A",.,"A"
"20151","03009252",47,0,"1",1300,"D",520,"D",.,"A",390,"D",60,"D",.,"A",.,"A",780,"D",60,"D",.,"A",.,"A",.,"A",.,"A"
"20151","03009262",33,0,"1",650,"D",195,"D",.,"A",1105,"D",0,"D",.,"A",.,"A",455,"D",60,"D",20,"D",260,"D",.,"A",.,"A"
"20151","03009285",16,0,"1",1300,"D",325,"D",.,"A",0,"D",0,"D",.,"A",.,"A",975,"D",0,"D",10,"D",130,"D",.,"A",.,"A"
"20151","03009312",24,0,"1",1040,"D",325,"D",.,"A",325,"D",0,"D",.,"A",.,"A",715,"D",0,"D",.,"A",.,"A",.,"A",.,"A"
"20151","03009372",54,0,"1",1950,"D",234,"F",.,"A",1144,"D",60,"D",.,"A",.,"A",979,"F",60,"D",.,"A",.,"A",.,"A",.,"A"
"20151","03009385",48,0,"1",1950,"D",390,"D",.,"A",1300,"D",30,"D",.,"A",.,"A",1560,"D",15,"D",.,"A",.,"A",.,"A",.,"A"
"20151","03009472",33,0,"1",1040,"D",260,"D",.,"A",130,"D",0,"D",328,"F",.,"A",780,"D",0,"D",.,"A",.,"A",.,"A",.,"A"
"20151","03009532",26,0,"1",2340,"D",325,"D",.,"A",673,"F",0,"D",.,"A",.,"A",2015,"D",0,"D",.,"A",.,"A",.,"A",.,"A"
"20151","03009542",22,0,"1",390,"D",65,"D",.,"A",130,"D",0,"D",.,"A",.,"A",325,"D",0,"D",.,"A",.,"A",.,"A",.,"A"
"20151","03009592",50,0,"1",650,"D",130,"D",.,"A",390,"D",90,"D",.,"A",.,"A",520,"D",60,"D",.,"A",.,"A",.,"A",.,"A"
"20151","03009682",18,0,"1",520,"D",195,"D",.,"A",1820,"D",60,"D",.,"A",.,"A",325,"D",120,"D",.,"A",.,"A",.,"A",.,"A"
"20151","03009692",33,0,"1",2080,"D",650,"D",.,"A",650,"D",0,"D",.,"A",.,"A",1430,"D",0,"D",.,"A",.,"A",.,"A",.,"A"
"20151","03009732",26,0,"1",2210,"D",650,"D",.,"A",0,"D",0,"D",.,"A",.,"A",1560,"D",0,"D",.,"A",.,"A",.,"A",.,"A"
"20151","03009762",48,0,"1",650,"D",65,"D",195,"D",0,"D",0,"D",.,"A",.,"A",585,"D",75,"D",.,"A",.,"A",.,"A",.,"A"
"20151","03009772",32,0,"1",2600,"D",390,"D",.,"A",650,"D",0,"D",.,"A",.,"A",2210,"D",0,"D",14,"D",182,"D",.,"A",.,"A"
"20151","03009782",53,0,"1",2340,"D",390,"D",650,"D",520,"D",0,"D",.,"A",.,"A",1950,"D",0,"D",.,"A",.,"A",.,"A",.,"A"
"20151","03009842",38,0,"1",2600,"D",975,"D",.,"A",0,"D",0,"D",.,"A",.,"A",1625,"D",0,"D",7,"D",91,"D",.,"A",.,"A"
"20151","03009852",11,0,"1",715,"D",325,"D",195,"D",65,"D",75,"D",.,"A",.,"A",390,"D",60,"D",.,"A",.,"A",.,"A",.,"A"
"20151","03009862",19,0,"1",910,"D",195,"D",.,"A",520,"D",0,"D",.,"A",.,"A",715,"D",300,"D",55,"D",715,"D",.,"A",.,"A"
"20151","03009882",37,0,"1",650,"D",347,"F",.,"A",390,"D",75,"D",.,"A",.,"A",1346,"F",75,"D",.,"A",.,"A",325,"D",25,"D"
"20151","03009892",32,0,"1",1560,"D",390,"D",.,"A",733,"F",85,"F",.,"A",.,"A",1170,"D",0,"D",.,"A",.,"A",.,"A",.,"A"
"20151","03009932",18,0,"1",1950,"D",130,"D",.,"A",0,"D",0,"D",260,"D",.,"A",1820,"D",0,"D",.,"A",.,"A",.,"A",.,"A"
"20151","03009962",23,0,"1",975,"D",0,"D",.,"A",130,"D",0,"D",.,"A",.,"A",975,"D",0,"D",.,"A",.,"A",.,"A",.,"A"
"20151","03010022",41,0,"1",1300,"D",260,"D",.,"A",390,"D",0,"D",.,"A",.,"A",1040,"D",0,"D",.,"A",.,"A",.,"A",.,"A"
"20151","03010052",23,0,"1",1820,"D",260,"D",.,"A",390,"D",0,"D",.,"A",.,"A",1560,"D",0,"D",.,"A",.,"A",.,"A",.,"A"
"20151","03010082",41,0,"1",1625,"D",455,"D",.,"A",390,"D",0,"D",.,"A",.,"A",1170,"D",0,"D",25,"D",325,"D",.,"A",.,"A"
"20151","03010102",33,0,"1",1300,"D",130,"D",.,"A",260,"D",0,"D",.,"A",.,"A",1170,"D",0,"D",.,"A",.,"A",.,"A",.,"A"
"20151","03010122",51,0,"1",1755,"D",325,"D",.,"A",260,"D",0,"D",.,"A",.,"A",1430,"D",0,"D",.,"A",.,"A",.,"A",.,"A"
"20151","03010142",44,0,"1",2067,"D",325,"D",.,"A",650,"D",0,"D",.,"A",.,"A",1742,"D",0,"D",.,"A",.,"A",.,"A",.,"A"
"20151","03010222",28,0,"1",3250,"D",520,"D",910,"D",0,"D",0,"D",.,"A",.,"A",2730,"D",0,"D",.,"A",.,"A",.,"A",.,"A"
"20151","03010232",38,0,"1",1625,"D",390,"D",.,"A",650,"D",0,"D",.,"A",.,"A",1235,"D",0,"D",.,"A",.,"A",.,"A",.,"A"
"20151","03010272",27,0,"1",1105,"D",130,"D",.,"A",650,"D",30,"D",.,"A",.,"A",975,"D",60,"D",.,"A",.,"A",.,"A",.,"A"
"20151","03010312",82,0,"1",1300,"D",650,"D",.,"A",6500,"D",0,"D",.,"A",.,"A",650,"D",0,"D",.,"A",.,"A",.,"A",.,"A"
"20151","03010423",22,0,"1",260,"D",0,"D",.,"A",780,"D",0,"D",.,"A",.,"A",260,"D",0,"D",.,"A",.,"A",.,"A",.,"A"
"20151","03010483",59,0,"1",1950,"D",390,"D",.,"A",325,"D",0,"D",.,"A",.,"A",1560,"D",0,"D",.,"A",.,"A",.,"A",.,"A"
"20151","03010502",26,0,"1",1105,"D",65,"D",.,"A",0,"D",0,"D",.,"A",.,"A",1040,"D",0,"D",.,"A",.,"A",.,"A",.,"A"
"20151","03010542",10,0,"1",650,"D",65,"D",195,"D",260,"D",0,"D",.,"A",.,"A",585,"D",60,"D",.,"A",.,"A",.,"A",.,"A"
"20151","03010552",43,0,"1",3250,"D",650,"D",.,"A",1300,"D",60,"D",.,"A",.,"A",2600,"D",150,"D",.,"A",.,"A",.,"A",.,"A"
"20151","03010572",44,0,"1",1950,"D",260,"D",.,"A",325,"D",0,"D",.,"A",225,"D",1690,"D",90,"D",.,"A",.,"A",.,"A",.,"A"
"20151","03010622",22,0,"1",3900,"D",0,"D",.,"A",2600,"D",85,"F",.,"A",.,"A",3900,"D",119,"F",.,"A",.,"A",.,"A",.,"A"
"20151","03010632",52,0,"1",1560,"D",0,"D",.,"A",635,"F",191,"F",.,"A",.,"A",1560,"D",360,"D",.,"A",.,"A",.,"A",.,"A"
"20151","03010662",31,0,"1",455,"D",130,"D",.,"A",0,"D",0,"D",.,"A",.,"A",325,"D",0,"D",.,"A",.,"A",.,"A",.,"A"
"20151","03010692",23,0,"1",650,"D",104,"D",.,"A",65,"D",0,"D",.,"A",.,"A",546,"D",0,"D",.,"A",.,"A",.,"A",.,"A"
"20151","03010702",11,0,"1",1950,"D",650,"D",.,"A",325,"D",0,"D",.,"A",.,"A",1300,"D",0,"D",.,"A",.,"A",.,"A",.,"A"
"20151","03010733",21,0,"1",780,"D",260,"D",.,"A",2600,"D",300,"D",.,"A",.,"A",520,"D",0,"D",12,"D",156,"D",.,"A",.,"A"
"20151","03010742",97,0,"1",3575,"D",975,"D",117,"D",1300,"D",450,"D",.,"A",169,"D",2600,"D",240,"D",20,"D",260,"D",104,"D",8,"D"
"20151","03010752",15,0,"1",520,"D",65,"D",.,"A",195,"D",30,"D",.,"A",.,"A",455,"D",30,"D",.,"A",.,"A",.,"A",.,"A"
"20151","03010792",14,0,"1",1170,"D",130,"D",.,"A",0,"D",0,"D",.,"A",.,"A",1040,"D",0,"D",.,"A",.,"A",.,"A",.,"A"
"20151","03010852",30,0,"1",1950,"D",650,"D",.,"A",0,"D",0,"D",.,"A",.,"A",1300,"D",0,"D",.,"A",.,"A",.,"A",.,"A"
"20151","03010862",25,0,"1",2600,"D",260,"D",.,"A",260,"D",0,"D",.,"A",.,"A",2340,"D",0,"D",.,"A",.,"A",.,"A",.,"A"
"20151","03010882",42,0,"1",2600,"D",520,"D",325,"D",650,"D",0,"D",.,"A",.,"A",2080,"D",30,"D",.,"A",.,"A",.,"A",.,"A"
"20151","03010922",44,0,"1",3250,"D",390,"D",.,"A",975,"D",0,"D",.,"A",.,"A",2860,"D",0,"D",.,"A",.,"A",.,"A",.,"A"
"20151","03010932",16,0,"1",1300,"D",65,"D",.,"A",65,"D",30,"D",.,"A",.,"A",1235,"D",45,"D",.,"A",.,"A",.,"A",.,"A"
"20151","03010972",33,0,"1",1950,"D",195,"D",.,"A",650,"D",0,"D",.,"A",300,"D",1755,"D",150,"D",.,"A",.,"A",.,"A",.,"A"
"20151","03011012",55,0,"1",1300,"D",260,"D",195,"D",780,"D",60,"D",.,"A",.,"A",1040,"D",75,"D",.,"A",.,"A",.,"A",.,"A"
"20151","03011022",54,0,"1",650,"D",130,"D",260,"D",3640,"D",30,"D",.,"A",.,"A",520,"D",78,"D",.,"A",.,"A",.,"A",.,"A"
"20151","03011042",17,0,"1",1690,"D",195,"D",.,"A",0,"D",0,"D",.,"A",.,"A",1495,"D",0,"D",.,"A",.,"A",.,"A",.,"A"
"20151","03011052",38,0,"1",3575,"D",975,"D",.,"A",0,"D",0,"D",.,"A",.,"A",2600,"D",300,"D",.,"A",.,"A",.,"A",.,"A"
"20151","03011062",30,0,"1",585,"D",130,"D",.,"A",1950,"D",0,"D",.,"A",.,"A",455,"D",0,"D",.,"A",.,"A",143,"D",11,"D"
"20151","03011124",51,0,"1",650,"D",260,"D",130,"D",520,"D",60,"D",.,"A",.,"A",390,"D",90,"D",20,"D",260,"D",325,"D",25,"D"
"20151","03011162",38,0,"1",1950,"D",650,"D",.,"A",1950,"D",60,"D",.,"A",.,"A",1300,"D",75,"D",.,"A",.,"A",.,"A",.,"A"
"20151","03011182",20,0,"1",1430,"D",0,"D",.,"A",39,"D",0,"D",.,"A",.,"A",1430,"D",0,"D",.,"A",.,"A",.,"A",.,"A"
"20151","03011212",42,0,"1",1300,"D",325,"D",1300,"D",1950,"D",0,"D",.,"A",.,"A",975,"D",0,"D",.,"A",.,"A",.,"A",.,"A"
"20151","03011222",24,0,"1",1950,"D",195,"D",650,"D",390,"D",0,"D",.,"A",.,"A",1755,"D",0,"D",.,"A",.,"A",.,"A",.,"A"
"20151","03011252",42,0,"1",1950,"D",650,"D",.,"A",650,"D",75,"D",.,"A",.,"A",1300,"D",75,"D",.,"A",.,"A",.,"A",.,"A"
"20151","03045343",21,0,"1",3900,"D",650,"D",.,"A",0,"D",0,"D",.,"A",.,"A",3250,"D",0,"D",.,"A",.,"A",.,"A",.,"A"
"20151","03045354",30,0,"1",2600,"D",780,"D",455,"D",650,"D",450,"D",.,"A",.,"A",1820,"D",60,"D",35,"D",455,"D",.,"A",.,"A"
"20151","03045384",36,0,"1",1300,"D",65,"D",.,"A",325,"D",0,"D",.,"A",.,"A",1235,"D",360,"D",.,"A",.,"A",.,"A",.,"A"
"20151","03045402",11,0,"1",0,"D",.,"A",.,"A",0,"D",0,"D",.,"A",.,"A",0,"D",0,"D",.,"A",.,"A",.,"A",.,"A"
"20151","03045412",16,0,"1",1040,"D",130,"D",.,"A",0,"D",0,"D",.,"A",.,"A",910,"D",0,"D",.,"A",.,"A",.,"A",.,"A"
"20151","03045423",19,0,"1",2349,"F",.,"A",.,"A",1010,"F",0,"D",.,"A",.,"A",1882,"F",165,"F",.,"A",.,"A",.,"A",.,"A"
"20151","03045435",15,0,"1",195,"D",221,"F",.,"A",0,"D",0,"D",.,"A",.,"A",753,"F",0,"D",.,"A",.,"A",.,"A",.,"A"
"20151","03045484",66,0,"1",2600,"D",520,"D",260,"D",910,"D",120,"D",.,"A",.,"A",2080,"D",300,"D",.,"A",.,"A",.,"A",.,"A"
"20151","03045513",15,0,"1",1170,"D",130,"D",.,"A",0,"D",0,"D",.,"A",.,"A",1040,"D",0,"D",.,"A",.,"A",.,"A",.,"A"
"20151","03045523",6,0,"1",0,"D",.,"A",260,"D",715,"D",0,"D",.,"A",.,"A",0,"D",0,"D",.,"A",.,"A",.,"A",.,"A"
"20151","03045563",23,0,"1",1560,"D",520,"D",260,"D",650,"D",0,"D",.,"A",.,"A",1040,"D",0,"D",.,"A",.,"A",.,"A",.,"A"
"20151","03045574",20,0,"1",1625,"D",325,"D",.,"A",0,"D",0,"D",.,"A",.,"A",1300,"D",0,"D",40,"D",520,"D",.,"A",.,"A"
"20151","03045594",14,0,"1",650,"D",370,"F",.,"A",650,"D",0,"D",.,"A",.,"A",1479,"F",0,"D",.,"A",.,"A",.,"A",.,"A"
"20151","03045613",41,0,"1",2600,"D",650,"D",390,"D",650,"D",0,"D",.,"A",.,"A",1950,"D",600,"D",.,"A",.,"A",65,"D",5,"D"
"20151","03045644",21,0,"1",2600,"D",650,"D",.,"A",0,"D",0,"D",.,"A",.,"A",1950,"D",0,"D",.,"A",.,"A",.,"A",.,"A"
"20151","03045654",6,0,"1",0,"D",.,"A",.,"A",0,"D",0,"D",.,"A",.,"A",0,"D",0,"D",.,"A",.,"A",.,"A",.,"A"
"20151","03045664",35,0,"1",910,"D",130,"D",.,"A",390,"D",0,"D",.,"A",.,"A",780,"D",0,"D",50,"D",650,"D",.,"A",.,"A"
"20151","03045683",29,0,"1",325,"D",65,"D",.,"A",52,"D",15,"D",.,"A",.,"A",260,"D",0,"D",.,"A",.,"A",.,"A",.,"A"
"20151","03045705",10,0,"1",0,"D",.,"A",.,"A",0,"D",0,"D",.,"A",.,"A",0,"D",0,"D",.,"A",.,"A",.,"A",.,"A"
"20151","03045724",13,0,"1",520,"D",65,"D",.,"A",130,"D",0,"D",.,"A",.,"A",455,"D",0,"D",.,"A",.,"A",.,"A",.,"A"
"20151","03045735",22,0,"1",1300,"D",260,"D",.,"A",130,"D",0,"D",.,"A",.,"A",1040,"D",0,"D",.,"A",.,"A",.,"A",.,"A"
"20151","03045763",38,0,"1",325,"D",65,"D",390,"D",1560,"D",600,"D",.,"A",.,"A",260,"D",180,"D",.,"A",.,"A",.,"A",.,"A"
"20151","03045782",44,0,"1",1885,"D",260,"D",.,"A",390,"D",0,"D",.,"A",.,"A",1625,"D",30,"D",.,"A",.,"A",.,"A",.,"A"
"20151","03045792",24,0,"1",1950,"D",650,"D",.,"A",260,"D",0,"D",.,"A",.,"A",1300,"D",360,"D",.,"A",.,"A",.,"A",.,"A"
"20151","03045825",17,0,"1",910,"D",0,"D",.,"A",195,"D",0,"D",.,"A",.,"A",910,"D",0,"D",.,"A",.,"A",.,"A",.,"A"
"20151","03045864",49,0,"1",1300,"D",195,"D",.,"A",2600,"D",300,"D",.,"A",.,"A",1105,"D",240,"D",.,"A",.,"A",.,"A",.,"A"
"20151","03045883",23,0,"1",1300,"D",195,"D",.,"A",520,"D",0,"D",.,"A",.,"A",1105,"D",0,"D",.,"A",.,"A",.,"A",.,"A"
"20151","03045894",19,0,"1",780,"D",156,"D",.,"A",520,"D",0,"D",.,"A",.,"A",624,"D",120,"D",.,"A",.,"A",.,"A",.,"A"
"20151","03045905",16,0,"1",260,"D",0,"D",130,"D",260,"D",0,"D",.,"A",.,"A",260,"D",0,"D",.,"A",.,"A",.,"A",.,"A"
"20151","03045915",17,0,"1",3250,"D",520,"D",.,"A",1300,"D",0,"D",.,"A",84,"D",2730,"D",0,"D",.,"A",.,"A",.,"A",.,"A"
"20151","03045932",19,0,"1",4550,"D",2860,"D",.,"A",260,"D",0,"D",.,"A",.,"A",1690,"D",0,"D",9,"D",117,"D",.,"A",.,"A"
"20151","03045944",20,0,"1",780,"D",0,"D",.,"A",3250,"D",750,"D",.,"A",.,"A",780,"D",975,"D",65,"D",845,"D",.,"A",.,"A"
"20151","03045973",28,0,"1",1430,"D",130,"D",.,"A",130,"D",6,"D",.,"A",.,"A",1300,"D",6,"D",.,"A",.,"A",.,"A",.,"A"
"20151","03045984",20,0,"1",975,"D",130,"D",.,"A",780,"D",60,"D",328,"F",.,"A",845,"D",120,"D",.,"A",.,"A",.,"A",.,"A"
"20151","03045994",14,0,"1",3900,"D",1300,"D",.,"A",780,"D",150,"D",.,"A",.,"A",2600,"D",0,"D",.,"A",.,"A",.,"A",.,"A"
"20151","03046012",25,0,"1",650,"D",0,"D",.,"A",260,"D",0,"D",312,"D",.,"A",650,"D",0,"D",.,"A",.,"A",.,"A",.,"A"
"20151","03046043",7,0,"1",390,"D",26,"D",.,"A",0,"D",0,"D",.,"A",.,"A",364,"D",0,"D",20,"D",260,"D",.,"A",.,"A"
"20151","03046052",14,0,"1",1300,"D",130,"D",373,"F",325,"D",0,"D",.,"A",.,"A",1170,"D",0,"D",40,"D",520,"D",.,"A",.,"A"
"20151","03046063",23,0,"1",1950,"D",975,"D",.,"A",845,"D",0,"D",.,"A",.,"A",975,"D",150,"D",.,"A",.,"A",.,"A",.,"A"
"20151","03046085",56,0,"1",1300,"D",195,"D",.,"A",325,"D",0,"D",.,"A",.,"A",1105,"D",0,"D",.,"A",.,"A",.,"A",.,"A"
"20151","03046114",27,0,"1",3250,"D",325,"D",130,"D",1300,"D",240,"D",.,"A",.,"A",2925,"D",30,"D",.,"A",.,"A",.,"A",.,"A"
"20151","03046135",19,0,"1",2600,"D",390,"D",.,"A",0,"D",6,"D",.,"A",.,"A",2210,"D",6,"D",.,"A",.,"A",.,"A",.,"A"
"20151","03046145",23,0,"1",2080,"D",520,"D",.,"A",1079,"D",0,"D",.,"A",.,"A",1560,"D",0,"D",.,"A",.,"A",.,"A",.,"A"
"20151","03046175",12,0,"1",1300,"D",288,"F",.,"A",0,"D",0,"D",.,"A",.,"A",1021,"F",0,"D",.,"A",.,"A",.,"A",.,"A"
"20151","03046204",45,0,"1",2990,"D",1040,"D",.,"A",1040,"D",0,"D",.,"A",.,"A",1950,"D",0,"D",.,"A",.,"A",.,"A",.,"A"
"20151","03046232",12,0,"1",1040,"D",195,"D",.,"A",0,"D",0,"D",.,"A",.,"A",845,"D",0,"D",.,"A",.,"A",.,"A",.,"A"
"20151","03046245",32,0,"1",780,"D",130,"D",.,"A",260,"D",45,"D",.,"A",.,"A",650,"D",45,"D",.,"A",.,"A",.,"A",.,"A"
"20151","03046274",23,0,"1",520,"D",260,"D",.,"A",65,"D",0,"D",.,"A",.,"A",260,"D",60,"D",57,"D",741,"D",.,"A",.,"A"
"20151","03046294",27,0,"1",5200,"D",1950,"D",1040,"D",650,"D",0,"D",.,"A",.,"A",3250,"D",0,"D",80,"D",1040,"D",.,"A",.,"A"
"20151","03046305",35,0,"1",780,"D",130,"D",.,"A",520,"D",6,"D",.,"A",.,"A",650,"D",6,"D",.,"A",.,"A",.,"A",.,"A"
"20151","03046314",23,0,"1",1300,"D",260,"D",.,"A",524,"F",0,"D",.,"A",.,"A",1040,"D",0,"D",.,"A",.,"A",.,"A",.,"A"
"20151","03046324",22,0,"1",1300,"D",260,"D",.,"A",0,"D",0,"D",.,"A",.,"A",1040,"D",0,"D",.,"A",.,"A",.,"A",.,"A"
"20151","03046374",21,0,"1",1950,"D",390,"D",260,"D",130,"D",30,"D",.,"A",.,"A",1560,"D",30,"D",5,"D",65,"D",.,"A",.,"A"
"20151","03046385",51,0,"1",780,"D",260,"D",.,"A",325,"D",0,"D",.,"A",.,"A",520,"D",15,"D",.,"A",.,"A",.,"A",.,"A"
"20151","03046393",11,0,"1",780,"D",221,"F",.,"A",0,"D",0,"D",.,"A",.,"A",753,"F",0,"D",.,"A",.,"A",.,"A",.,"A"
"20151","03046405",12,0,"1",975,"D",325,"D",.,"A",0,"D",0,"D",.,"A",.,"A",650,"D",0,"D",.,"A",.,"A",.,"A",.,"A"
"20151","03046424",27,0,"1",1950,"D",650,"D",.,"A",130,"D",90,"D",.,"A",.,"A",1300,"D",6,"D",.,"A",.,"A",.,"A",.,"A"
"20151","03046434",23,0,"1",650,"D",130,"D",.,"A",260,"D",0,"D",.,"A",.,"A",520,"D",0,"D",.,"A",.,"A",.,"A",.,"A"
"20151","03046455",6,0,"1",0,"D",.,"A",.,"A",0,"D",0,"D",.,"A",.,"A",0,"D",0,"D",.,"A",.,"A",.,"A",.,"A"
"20151","03046543",24,0,"1",975,"D",0,"D",325,"D",1365,"D",0,"D",.,"A",.,"A",975,"D",900,"D",35,"D",455,"D",.,"A",.,"A"
"20151","03046563",13,0,"1",1950,"D",260,"D",.,"A",2600,"D",60,"D",.,"A",.,"A",1690,"D",60,"D",.,"A",.,"A",.,"A",.,"A"
"20151","03046583",21,0,"1",1040,"D",208,"D",.,"A",1625,"D",90,"D",.,"A",.,"A",832,"D",120,"D",.,"A",.,"A",.,"A",.,"A"
"20151","03046635",46,0,"1",1300,"D",130,"D",.,"A",390,"D",0,"D",.,"A",.,"A",1170,"D",15,"D",.,"A",.,"A",.,"A",.,"A"
"20151","03046644",22,0,"1",975,"D",390,"D",.,"A",520,"D",300,"D",.,"A",.,"A",585,"D",180,"D",.,"A",.,"A",.,"A",.,"A"
"20151","03046654",23,0,"1",1625,"D",325,"D",130,"D",260,"D",0,"D",.,"A",.,"A",1300,"D",30,"D",20,"D",260,"D",65,"D",5,"D"
"20151","03046665",53,0,"1",2860,"D",260,"D",.,"A",650,"D",0,"D",.,"A",520,"D",2600,"D",120,"D",.,"A",.,"A",.,"A",.,"A"
"20151","03046675",6,0,"1",325,"D",0,"D",.,"A",0,"D",0,"D",.,"A",.,"A",325,"D",0,"D",.,"A",.,"A",.,"A",.,"A"
"20151","03046684",20,0,"1",910,"D",130,"D",.,"A",0,"D",0,"D",.,"A",.,"A",780,"D",0,"D",70,"D",910,"D",.,"A",.,"A"
"20151","03046715",18,0,"1",1560,"D",390,"D",.,"A",780,"D",0,"D",.,"A",208,"D",1170,"D",240,"D",.,"A",.,"A",.,"A",.,"A"
"20151","03046722",13,0,"1",914,"F",.,"A",.,"A",553,"F",121,"F",.,"A",.,"A",753,"F",106,"F",.,"C",406,"F",.,"A",.,"A"
"20151","03046763",23,0,"1",780,"D",130,"D",104,"D",195,"D",0,"D",.,"A",.,"A",650,"D",0,"D",2,"D",26,"D",.,"A",.,"A"
"20151","03046775",23,0,"1",2137,"F",.,"A",.,"A",733,"F",85,"F",.,"A",.,"A",1823,"F",119,"F",.,"A",.,"A",.,"A",.,"A"
"20151","03046825",17,0,"1",520,"D",0,"D",.,"A",1950,"D",150,"D",.,"A",.,"A",520,"D",0,"D",.,"A",.,"A",.,"A",.,"A"
"20151","03046835",40,0,"1",520,"D",65,"D",.,"A",325,"D",300,"D",.,"A",.,"A",455,"D",90,"D",.,"A",.,"A",.,"A",.,"A"
"20151","03046854",16,0,"1",4550,"D",650,"D",.,"A",1300,"D",0,"D",.,"A",.,"A",3900,"D",0,"D",.,"A",.,"A",.,"A",.,"A"
"20151","03046875",11,0,"1",1235,"D",104,"D",.,"A",715,"D",0,"D",.,"A",.,"A",1131,"D",0,"D",.,"A",.,"A",.,"A",.,"A"
"20151","03046905",14,0,"1",325,"D",39,"D",.,"A",130,"D",0,"D",.,"A",.,"A",286,"D",0,"D",.,"A",.,"A",.,"A",.,"A"
"20151","03046944",19,0,"1",1950,"D",130,"D",.,"A",0,"D",0,"D",.,"A",.,"A",1820,"D",0,"D",.,"A",.,"A",.,"A",.,"A"
"20151","03046955",14,0,"1",520,"D",0,"D",.,"A",0,"D",0,"D",.,"A",.,"A",520,"D",0,"D",.,"A",.,"A",.,"A",.,"A"
"20151","03046975",37,0,"1",650,"D",130,"D",.,"A",260,"D",0,"D",.,"A",.,"A",520,"D",0,"D",.,"A",.,"A",.,"A",.,"A"
"20151","03046992",26,0,"1",390,"D",130,"D",.,"A",390,"D",0,"D",.,"A",.,"A",260,"D",0,"D",.,"C",406,"F",.,"A",.,"A"
"20151","03047004",26,0,"1",1300,"D",429,"D",.,"A",520,"D",0,"D",.,"A",.,"A",871,"D",0,"D",.,"A",.,"A",.,"A",.,"A"
"20151","03047033",47,0,"1",4550,"D",1950,"D",.,"A",3250,"D",225,"D",.,"A",.,"A",2600,"D",720,"D",.,"A",.,"A",.,"A",.,"A"
"20151","03047044",52,0,"1",2600,"D",650,"D",.,"A",1950,"D",0,"D",.,"A",.,"A",1950,"D",0,"D",.,"A",.,"A",.,"A",.,"A"
"20151","03047052",33,0,"1",975,"D",195,"D",.,"A",390,"D",0,"D",.,"A",.,"A",780,"D",0,"D",.,"A",.,"A",.,"A",.,"A"
"20151","03047104",38,0,"1",520,"D",260,"D",.,"A",390,"D",0,"D",.,"A",.,"A",260,"D",0,"D",.,"A",.,"A",.,"A",.,"A"
"20151","03047112",23,0,"1",1950,"D",780,"D",.,"A",0,"D",0,"D",.,"A",.,"A",1170,"D",0,"D",.,"A",.,"A",.,"A",.,"A"
"20151","03047144",44,0,"1",1950,"D",0,"D",.,"A",650,"D",0,"D",.,"A",.,"A",1950,"D",0,"D",.,"A",.,"A",.,"A",.,"A"
"20151","03047163",16,0,"1",1502,"F",.,"A",.,"A",673,"F",66,"F",.,"A",.,"A",1217,"F",122,"F",.,"A",.,"A",.,"A",.,"A"
"20151","03047191",36,0,"1",1950,"D",390,"D",325,"D",195,"D",0,"D",.,"A",.,"A",1560,"D",0,"D",.,"A",.,"A",325,"D",25,"D"
"20151","03047212",27,0,"1",3250,"D",650,"D",.,"A",0,"D",0,"D",.,"A",.,"A",2600,"D",0,"D",25,"D",325,"D",.,"A",.,"A"
"20151","03047271",25,0,"1",520,"D",130,"D",.,"A",0,"D",0,"D",.,"A",.,"A",390,"D",0,"D",6,"D",78,"D",.,"A",.,"A"
"20151","03047321",31,0,"1",520,"D",0,"D",.,"A",0,"D",6,"D",.,"A",.,"A",520,"D",6,"D",.,"A",.,"A",.,"A",.,"A"
"20151","03047361",12,0,"1",910,"D",325,"D",.,"A",0,"D",0,"D",.,"A",.,"A",585,"D",0,"D",20,"D",260,"D",.,"A",.,"A"
"20151","03047382",22,0,"1",1502,"F",.,"A",.,"A",673,"F",66,"F",.,"A",.,"A",1217,"F",122,"F",.,"A",.,"A",.,"A",.,"A"
"20151","03047392",29,0,"1",1950,"D",650,"D",.,"A",0,"D",0,"D",.,"A",.,"A",1300,"D",0,"D",.,"A",.,"A",.,"A",.,"A"
"20151","03047411",29,0,"1",1300,"D",260,"D",.,"A",260,"D",0,"D",.,"A",.,"A",1040,"D",0,"D",10,"D",130,"D",.,"A",.,"A"
"20151","03047452",32,0,"1",650,"D",130,"D",.,"A",975,"D",0,"D",.,"A",.,"A",520,"D",0,"D",.,"A",.,"A",.,"A",.,"A"
"20151","03047472",19,0,"1",1300,"D",325,"D",.,"A",585,"D",0,"D",.,"A",120,"D",975,"D",0,"D",.,"A",.,"A",455,"D",35,"D"
"20151","03047491",63,0,"1",2730,"D",390,"D",650,"D",1300,"D",0,"D",.,"A",.,"A",2340,"D",300,"D",.,"A",.,"A",.,"A",.,"A"
"20151","03047502",49,0,"1",2600,"D",520,"D",.,"A",520,"D",0,"D",.,"A",225,"D",2080,"D",45,"D",40,"D",520,"D",.,"A",.,"A"
"20151","03047514",23,0,"1",2600,"D",195,"D",.,"A",0,"D",0,"D",.,"A",.,"A",2405,"D",0,"D",.,"A",.,"A",.,"A",.,"A"
"20151","03047533",31,0,"1",1300,"D",325,"D",.,"A",1950,"D",150,"D",.,"A",.,"A",975,"D",150,"D",100,"D",1300,"D",.,"A",.,"A"
"20151","03047553",29,0,"1",1560,"D",520,"D",.,"A",520,"D",0,"D",.,"A",.,"A",1040,"D",0,"D",40,"D",520,"D",.,"A",.,"A"
"20151","03047661",18,0,"1",390,"D",65,"D",.,"A",0,"D",0,"D",.,"A",.,"A",325,"D",0,"D",.,"A",.,"A",.,"A",.,"A"
"20151","03047684",11,0,"1",910,"D",325,"D",.,"A",520,"D",0,"D",.,"A",.,"A",585,"D",0,"D",.,"A",.,"A",.,"A",.,"A"
"20151","03047702",27,0,"1",1820,"D",325,"D",.,"A",0,"D",0,"D",.,"A",.,"A",1495,"D",0,"D",.,"A",.,"A",.,"A",.,"A"
"20151","03047713",27,0,"1",1560,"D",455,"D",195,"D",0,"D",0,"D",.,"A",.,"A",1105,"D",0,"D",80,"D",1040,"D",.,"A",.,"A"
"20151","03047804",10,0,"1",650,"D",65,"D",.,"A",325,"D",0,"D",.,"A",.,"A",585,"D",0,"D",.,"A",.,"A",.,"A",.,"A"
"20151","03047813",26,0,"1",780,"D",65,"D",.,"A",0,"D",0,"D",.,"A",.,"A",715,"D",0,"D",.,"A",.,"A",.,"A",.,"A"
"20151","03047822",26,0,"1",910,"D",130,"D",.,"A",0,"D",0,"D",.,"A",.,"A",780,"D",0,"D",55,"D",715,"D",.,"A",.,"A"
"20151","03047831",29,0,"1",1300,"D",520,"D",260,"D",1300,"D",0,"D",.,"A",.,"A",780,"D",0,"D",.,"A",.,"A",.,"A",.,"A"
"20151","03047842",24,0,"1",455,"D",0,"D",.,"A",91,"D",0,"D",.,"A",.,"A",455,"D",0,"D",20,"D",260,"D",.,"A",.,"A"
"20151","03047864",58,0,"1",3250,"D",975,"D",1300,"D",390,"D",0,"D",.,"A",180,"D",2275,"D",720,"D",.,"A",.,"A",.,"A",.,"A"
"20151","03047892",14,0,"1",975,"D",0,"D",.,"A",260,"D",0,"D",.,"A",.,"A",975,"D",0,"D",.,"A",.,"A",.,"A",.,"A"
"20151","03047902",16,0,"1",2600,"D",0,"D",.,"A",0,"D",0,"D",.,"A",.,"A",2600,"D",0,"D",.,"A",.,"A",.,"A",.,"A"
"20151","03047941",9,0,"1",975,"D",390,"D",.,"A",520,"D",6,"D",.,"A",.,"A",585,"D",6,"D",.,"A",.,"A",.,"A",.,"A"
"20151","03048022",11,0,"1",520,"D",390,"D",.,"A",0,"D",0,"D",.,"A",.,"A",130,"D",0,"D",12,"D",156,"D",.,"A",.,"A"
"20151","03048041",33,0,"1",1300,"D",0,"D",.,"A",650,"D",60,"D",.,"A",.,"A",1300,"D",90,"D",.,"A",.,"A",.,"A",.,"A"
"20151","03048051",36,0,"1",715,"D",65,"D",.,"A",65,"D",0,"D",.,"A",.,"A",650,"D",0,"D",.,"A",.,"A",.,"A",.,"A"
"20151","03048083",25,0,"1",1950,"D",0,"D",.,"A",260,"D",0,"D",.,"A",.,"A",1950,"D",36,"D",.,"A",.,"A",.,"A",.,"A"
"20151","03048133",18,0,"1",390,"D",26,"D",.,"A",325,"D",0,"D",.,"A",.,"A",364,"D",0,"D",.,"A",.,"A",.,"A",.,"A"
"20151","03048142",30,0,"1",975,"D",260,"D",130,"D",910,"D",315,"D",.,"A",.,"A",715,"D",240,"D",.,"A",.,"A",.,"A",.,"A"
"20151","03048151",51,0,"1",1950,"D",650,"D",.,"A",260,"D",0,"D",.,"A",180,"D",1300,"D",30,"D",.,"A",.,"A",.,"A",.,"A"
"20151","03048193",16,0,"1",390,"D",65,"D",.,"A",0,"D",0,"D",.,"A",.,"A",325,"D",0,"D",35,"D",455,"D",.,"A",.,"A"
"20151","03048201",34,0,"1",1300,"D",650,"D",130,"D",390,"D",0,"D",.,"A",.,"A",650,"D",0,"D",.,"A",.,"A",.,"A",.,"A"
"20151","03048214",9,0,"1",130,"D",0,"D",.,"A",39,"D",6,"D",.,"A",.,"A",130,"D",6,"D",.,"A",.,"A",.,"A",.,"A"
"20151","03048241",16,0,"1",650,"D",65,"D",.,"A",390,"D",0,"D",.,"A",.,"A",585,"D",0,"D",.,"A",.,"A",.,"A",.,"A"
"20151","03048303",32,0,"1",2925,"D",520,"D",.,"A",195,"D",0,"D",.,"A",150,"D",2405,"D",90,"D",.,"A",.,"A",.,"A",.,"A"
"20151","03048312",33,0,"1",650,"D",0,"D",260,"D",260,"D",0,"D",.,"A",.,"A",650,"D",0,"D",.,"A",.,"A",.,"A",.,"A"
"20151","03048332",32,0,"1",1625,"D",325,"D",.,"A",195,"D",60,"D",.,"A",.,"A",1300,"D",150,"D",30,"D",390,"D",.,"A",.,"A"
"20151","03048361",30,0,"1",1690,"D",260,"D",390,"D",260,"D",0,"D",.,"A",.,"A",1430,"D",0,"D",.,"A",.,"A",.,"A",.,"A"
"20151","03048394",8,0,"1",1300,"D",221,"F",.,"A",553,"F",0,"D",.,"A",.,"A",753,"F",0,"D",.,"A",.,"A",.,"A",.,"A"
"20151","03048404",18,0,"1",1300,"D",260,"D",.,"A",390,"D",0,"D",.,"A",24,"D",1040,"D",0,"D",.,"A",.,"A",.,"A",.,"A"
"20151","03048441",30,0,"1",3900,"D",260,"D",130,"D",260,"D",0,"D",.,"A",.,"A",3640,"D",0,"D",.,"A",.,"A",.,"A",.,"A"
"20151","03048453",35,0,"1",975,"D",130,"D",.,"A",650,"D",30,"D",.,"A",.,"A",845,"D",60,"D",.,"A",.,"A",.,"A",.,"A"
"20151","03048483",24,0,"1",390,"D",39,"D",.,"A",52,"D",0,"D",45,"D",.,"A",351,"D",0,"D",25,"D",325,"D",130,"D",10,"D"
"20151","03048491",22,0,"1",1502,"F",.,"A",.,"A",0,"D",0,"D",.,"A",.,"A",1217,"F",0,"D",.,"A",.,"A",130,"D",10,"D"
"20151","03048543",6,0,"1",0,"D",.,"A",.,"A",0,"D",0,"D",.,"A",.,"A",0,"D",45,"D",.,"A",.,"A",.,"A",.,"A"
"20151","03048583",28,0,"1",520,"D",0,"D",39,"D",260,"D",0,"D",.,"A",.,"A",520,"D",0,"D",.,"A",.,"A",.,"A",.,"A"
"20151","03048601",37,0,"1",1625,"D",195,"D",130,"D",780,"D",6,"D",.,"A",.,"A",1430,"D",6,"D",.,"A",.,"A",.,"A",.,"A"
"20151","03048612",14,0,"1",780,"D",0,"D",.,"A",0,"D",0,"D",.,"A",.,"A",780,"D",300,"D",.,"A",.,"A",195,"D",15,"D"
"20151","03048631",27,0,"1",650,"D",0,"D",.,"A",390,"D",0,"D",.,"A",.,"A",650,"D",0,"D",10,"D",130,"D",.,"A",.,"A"
"20151","03048652",28,0,"1",780,"D",130,"D",.,"A",520,"D",60,"D",.,"A",.,"A",650,"D",270,"D",.,"A",.,"A",.,"A",.,"A"
"20151","03048703",36,0,"1",1950,"D",260,"D",65,"D",780,"D",60,"D",.,"A",.,"A",1690,"D",60,"D",.,"A",.,"A",.,"A",.,"A"
"20151","03048713",31,0,"1",914,"F",.,"A",.,"A",26,"D",0,"D",.,"A",.,"A",753,"F",0,"D",.,"A",.,"A",.,"A",.,"A"
"20151","03048742",41,0,"1",975,"D",130,"D",130,"D",325,"D",30,"D",.,"A",341,"D",845,"D",90,"D",.,"A",.,"A",52,"D",4,"D"
"20151","03048771",26,0,"1",772,"F",.,"A",.,"A",0,"D",0,"D",.,"A",.,"A",637,"F",0,"D",.,"A",.,"A",.,"A",.,"A"
"20151","03048823",18,0,"1",1430,"D",260,"D",.,"A",0,"D",0,"D",.,"A",.,"A",1170,"D",0,"D",.,"A",.,"A",.,"A",.,"A"
"20151","03048852",17,0,"1",520,"D",0,"D",.,"A",0,"D",0,"D",.,"A",.,"A",520,"D",0,"D",.,"A",.,"A",.,"A",.,"A"
"20151","03048892",26,0,"1",3900,"D",650,"D",104,"D",520,"D",0,"D",.,"A",.,"A",3250,"D",120,"D",.,"A",.,"A",.,"A",.,"A"
"20151","03048931",40,0,"1",1300,"D",260,"D",.,"A",975,"D",0,"D",.,"A",.,"A",1040,"D",30,"D",.,"A",.,"A",.,"A",.,"A"
"20151","03049011",23,0,"1",1300,"D",260,"D",910,"D",0,"D",0,"D",.,"A",.,"A",1040,"D",0,"D",.,"A",.,"A",.,"A",.,"A"
"20151","03049034",34,0,"1",2600,"D",325,"D",.,"A",260,"D",45,"D",.,"A",.,"A",2275,"D",60,"D",.,"A",.,"A",.,"A",.,"A"
"20151","03049064",27,0,"1",1300,"D",390,"D",.,"A",650,"D",300,"D",.,"A",.,"A",910,"D",90,"D",50,"D",650,"D",.,"A",.,"A"
"20151","03049071",20,0,"1",1560,"D",214,"F",.,"A",0,"D",0,"D",.,"A",.,"A",694,"F",180,"D",50,"D",650,"D",.,"A",.,"A"
"20151","03049102",20,0,"1",325,"D",0,"D",.,"A",65,"D",6,"D",.,"A",.,"A",325,"D",6,"D",.,"A",.,"A",.,"A",.,"A"
"20151","03049161",23,0,"1",455,"D",39,"D",.,"A",0,"D",0,"D",.,"A",.,"A",416,"D",0,"D",.,"A",.,"A",.,"A",.,"A"
"20151","03049181",16,0,"1",520,"D",156,"D",.,"A",715,"D",0,"D",.,"A",.,"A",364,"D",0,"D",.,"A",.,"A",.,"A",.,"A"
"20151","03049192",38,0,"1",728,"D",260,"D",.,"A",299,"D",15,"D",.,"A",.,"A",468,"D",30,"D",.,"A",.,"A",.,"A",.,"A"
"20151","03049204",16,0,"1",260,"D",130,"D",.,"A",130,"D",135,"D",.,"A",.,"A",130,"D",75,"D",.,"A",.,"A",.,"A",.,"A"
"20151","03049222",31,0,"1",1040,"D",0,"D",.,"A",130,"D",0,"D",.,"A",.,"A",1040,"D",0,"D",.,"A",.,"A",.,"A",.,"A"
"20151","03049243",26,0,"1",1950,"D",390,"D",.,"A",975,"D",90,"D",.,"A",.,"A",1560,"D",300,"D",.,"A",.,"A",.,"A",.,"A"
"20151","03049262",52,0,"1",975,"D",91,"D",.,"A",325,"D",0,"D",.,"A",.,"A",884,"D",24,"D",2,"D",26,"D",.,"A",.,"A"
"20151","03049273",12,0,"1",1560,"D",390,"D",.,"A",390,"D",0,"D",.,"A",.,"A",1170,"D",0,"D",.,"A",.,"A",.,"A",.,"A"
"20151","03049294",21,0,"1",780,"D",130,"D",.,"A",260,"D",0,"D",.,"A",.,"A",650,"D",0,"D",.,"A",.,"A",.,"A",.,"A"
"20151","03049331",16,0,"1",650,"D",0,"D",.,"A",0,"D",0,"D",.,"A",.,"A",650,"D",0,"D",.,"A",.,"A",.,"A",.,"A"
"20151","03049384",25,0,"1",3250,"D",260,"D",.,"A",0,"D",6,"D",.,"A",.,"A",2990,"D",6,"D",.,"A",.,"A",.,"A",.,"A"
"20151","03049412",35,0,"1",1300,"D",0,"D",.,"A",0,"D",0,"D",.,"A",.,"A",1300,"D",60,"D",.,"A",.,"A",.,"A",.,"A"
"20151","03049432",16,0,"1",2137,"F",.,"A",.,"A",733,"F",85,"F",.,"A",.,"A",1823,"F",119,"F",.,"A",.,"A",.,"A",.,"A"
"20151","03049462",17,0,"1",780,"D",130,"D",.,"A",260,"D",0,"D",.,"A",.,"A",650,"D",0,"D",.,"A",.,"A",.,"A",.,"A"
"20151","03049524",41,0,"1",1300,"D",195,"D",260,"D",650,"D",0,"D",.,"A",.,"A",1105,"D",0,"D",.,"A",.,"A",.,"A",.,"A"
"20151","03049552",21,0,"1",819,"D",0,"D",234,"D",260,"D",6,"D",.,"A",.,"A",819,"D",6,"D",.,"A",.,"A",.,"A",.,"A"
"20151","03049563",21,0,"1",2145,"D",650,"D",.,"A",260,"D",0,"D",.,"A",.,"A",1495,"D",60,"D",.,"A",.,"A",.,"A",.,"A"
"20151","03049593",29,0,"1",1300,"D",520,"D",65,"D",130,"D",0,"D",.,"A",.,"A",780,"D",0,"D",.,"A",.,"A",.,"A",.,"A"
"20151","03049601",17,0,"1",910,"D",260,"D",.,"A",65,"D",0,"D",.,"A",.,"A",650,"D",0,"D",.,"A",.,"A",.,"A",.,"A"
"20151","03049611",68,0,"1",2600,"D",650,"D",.,"A",1040,"D",0,"D",.,"A",.,"A",1950,"D",0,"D",.,"A",.,"A",.,"A",.,"A"
"20151","03049621",34,0,"1",1300,"D",260,"D",.,"A",195,"D",6,"D",.,"A",.,"A",1040,"D",6,"D",30,"D",390,"D",.,"A",.,"A"
"20151","03049653",17,0,"1",780,"D",184,"F",.,"A",26,"D",0,"D",.,"A",.,"A",637,"F",0,"D",.,"A",.,"A",.,"A",.,"A"
"20151","03049711",23,0,"1",780,"D",260,"D",.,"A",455,"D",0,"D",.,"A",.,"A",520,"D",0,"D",.,"A",.,"A",.,"A",.,"A"
"20151","03049753",15,0,"1",1950,"D",390,"D",195,"D",390,"D",60,"D",.,"A",.,"A",1560,"D",120,"D",.,"A",.,"A",.,"A",.,"A"
"20151","03049783",22,0,"1",1040,"D",390,"D",1625,"D",325,"D",150,"D",.,"A",.,"A",650,"D",120,"D",.,"A",.,"A",.,"A",.,"A"
"20151","03049792",27,0,"1",1040,"D",0,"D",.,"A",0,"D",0,"D",.,"A",.,"A",1040,"D",21,"D",.,"A",.,"A",.,"A",.,"A"
"20151","03049801",22,0,"1",455,"D",65,"D",.,"A",0,"D",30,"D",.,"A",.,"A",390,"D",0,"D",.,"A",.,"A",.,"A",.,"A"
"20151","03049814",19,0,"1",975,"D",65,"D",.,"A",0,"D",0,"D",.,"A",.,"A",910,"D",0,"D",.,"A",.,"A",.,"A",.,"A"
"20151","03049824",34,0,"1",1300,"D",650,"D",169,"D",650,"D",0,"D",.,"A",.,"A",650,"D",150,"D",40,"D",520,"D",.,"A",.,"A"
"20151","03049841",24,0,"1",1170,"D",104,"D",.,"A",39,"D",0,"D",.,"A",.,"A",1066,"D",0,"D",.,"A",.,"A",.,"A",.,"A"
"20151","03049873",19,0,"1",910,"D",260,"D",.,"A",130,"D",0,"D",.,"A",.,"A",650,"D",0,"D",.,"A",.,"A",.,"A",.,"A"
"20151","03049882",63,0,"1",910,"D",130,"D",.,"A",650,"D",0,"D",.,"A",.,"A",780,"D",0,"D",.,"A",.,"A",.,"A",.,"A"
"20151","03049893",16,0,"1",325,"D",130,"D",260,"D",13,"D",0,"D",.,"A",.,"A",195,"D",0,"D",.,"A",.,"A",.,"A",.,"A"
"20151","03049963",46,0,"1",2600,"D",650,"D",130,"D",260,"D",60,"D",.,"A",.,"A",1950,"D",120,"D",.,"A",.,"A",.,"A",.,"A"
"20151","03049982",37,0,"1",2210,"D",260,"D",195,"D",650,"D",15,"D",.,"A",.,"A",1950,"D",480,"D",.,"A",.,"A",.,"A",.,"A"
"20151","03050084",42,0,"1",2600,"D",650,"D",.,"A",0,"D",0,"D",.,"A",.,"A",1950,"D",450,"D",.,"A",.,"A",.,"A",.,"A"
"20151","03050141",34,0,"1",1950,"D",520,"D",.,"A",130,"D",0,"D",.,"A",278,"F",1430,"D",0,"D",.,"A",.,"A",.,"A",.,"A"
"20151","03050172",15,0,"1",455,"D",130,"D",.,"A",130,"D",0,"D",.,"A",.,"A",325,"D",0,"D",.,"A",.,"A",.,"A",.,"A"
"20151","03050184",53,0,"1",1690,"D",585,"D",.,"A",1820,"D",30,"D",.,"A",.,"A",1105,"D",60,"D",.,"A",.,"A",.,"A",.,"A"
"20151","03050221",33,0,"1",1300,"D",0,"D",65,"D",260,"D",0,"D",.,"A",.,"A",1300,"D",60,"D",.,"A",.,"A",.,"A",.,"A"
"20151","03050244",15,0,"1",975,"D",325,"D",.,"A",585,"D",0,"D",.,"A",.,"A",650,"D",0,"D",.,"A",.,"A",.,"A",.,"A"
"20151","03050252",19,0,"1",1300,"D",130,"D",.,"A",260,"D",0,"D",.,"A",.,"A",1170,"D",0,"D",.,"A",.,"A",.,"A",.,"A"
"20151","03050264",16,0,"1",1560,"D",520,"D",.,"A",1560,"D",150,"D",.,"A",.,"A",1040,"D",150,"D",.,"A",.,"A",.,"A",.,"A"
"20151","03050291",12,0,"1",650,"D",65,"D",.,"A",0,"D",0,"D",.,"A",.,"A",585,"D",60,"D",.,"A",.,"A",.,"A",.,"A"
"20151","03050302",18,0,"1",650,"D",195,"D",.,"A",325,"D",0,"D",.,"A",.,"A",455,"D",0,"D",.,"A",.,"A",.,"A",.,"A"
"20151","03050311",31,0,"1",1170,"D",390,"D",.,"A",585,"D",60,"D",.,"A",.,"A",780,"D",75,"D",.,"A",.,"A",.,"A",.,"A"
"20151","03050322",23,0,"1",780,"D",390,"D",.,"A",0,"D",0,"D",.,"A",.,"A",390,"D",0,"D",.,"A",.,"A",.,"A",.,"A"
"20151","03050332",13,0,"1",1950,"D",975,"D",.,"A",650,"D",0,"D",.,"A",.,"A",975,"D",0,"D",.,"A",.,"A",.,"A",.,"A"
"20151","03050352",37,0,"1",715,"D",130,"D",.,"A",0,"D",6,"D",.,"A",.,"A",585,"D",6,"D",.,"A",.,"A",.,"A",.,"A"
"20151","03050402",26,0,"1",1625,"D",130,"D",.,"A",0,"D",0,"D",.,"A",.,"A",1495,"D",60,"D",.,"A",.,"A",.,"A",.,"A"
"20151","03050464",38,0,"1",1300,"D",0,"D",.,"A",1300,"D",6,"D",.,"A",.,"A",1300,"D",6,"D",.,"A",.,"A",.,"A",.,"A"
"20151","03050481",25,0,"1",1950,"D",195,"D",.,"A",0,"D",6,"D",.,"A",.,"A",1755,"D",6,"D",.,"A",.,"A",.,"A",.,"A"
"20151","03050533",26,0,"1",1300,"D",0,"D",.,"A",260,"D",0,"D",.,"A",.,"A",1300,"D",90,"D",.,"A",.,"A",130,"D",10,"D"
"20151","03050553",30,0,"1",1625,"D",650,"D",.,"A",0,"D",0,"D",.,"A",.,"A",975,"D",450,"D",.,"A",.,"A",.,"A",.,"A"
"20151","03050563",55,0,"1",1300,"D",0,"D",.,"A",650,"D",30,"D",.,"A",88,"D",1300,"D",45,"D",.,"A",.,"A",.,"A",.,"A"
"20151","03050572",25,0,"1",910,"D",325,"D",.,"A",260,"D",6,"D",.,"A",.,"A",585,"D",6,"D",.,"A",.,"A",.,"A",.,"A"
"20151","03050592",22,0,"1",975,"D",91,"D",.,"A",260,"D",0,"D",.,"A",.,"A",884,"D",45,"D",50,"D",650,"D",.,"A",.,"A"
"20151","03050601",39,0,"1",1560,"D",325,"D",.,"A",780,"D",900,"D",130,"D",.,"A",1235,"D",60,"D",10,"D",130,"D",.,"A",.,"A"
"20151","03050613",36,0,"1",650,"D",0,"D",.,"A",260,"D",0,"D",.,"A",180,"D",650,"D",30,"D",.,"A",.,"A",.,"A",.,"A"
"20151","03050623",40,0,"1",3250,"D",650,"D",.,"A",1040,"D",0,"D",.,"A",.,"A",2600,"D",0,"D",.,"A",.,"A",.,"A",.,"A"
"20151","03050661",64,0,"1",1300,"D",130,"D",.,"A",650,"D",105,"D",.,"A",.,"A",1170,"D",15,"D",.,"A",.,"A",.,"A",.,"A"
"20151","03050743",18,0,"1",780,"D",130,"D",.,"A",0,"D",0,"D",.,"A",.,"A",650,"D",0,"D",.,"A",.,"A",.,"A",.,"A"
"20151","03050751",22,0,"1",1950,"D",650,"D",.,"A",325,"D",0,"D",.,"A",.,"A",1300,"D",0,"D",20,"D",260,"D",.,"A",.,"A"
"20151","03050793",18,0,"1",650,"D",0,"D",.,"A",260,"D",0,"D",.,"A",.,"A",650,"D",0,"D",.,"A",.,"A",.,"A",.,"A"
"20151","03050851",42,0,"1",1300,"D",650,"D",.,"A",910,"D",0,"D",.,"A",.,"A",650,"D",0,"D",.,"A",.,"A",.,"A",.,"A"
"20151","03050861",23,0,"1",2600,"D",195,"D",.,"A",65,"D",0,"D",.,"A",.,"A",2405,"D",0,"D",43,"D",559,"D",.,"A",.,"A"
"20151","03050884",23,0,"1",1950,"D",975,"D",.,"A",650,"D",0,"D",.,"A",.,"A",975,"D",0,"D",.,"A",.,"A",.,"A",.,"A"
"20151","03050894",31,0,"1",650,"D",0,"D",.,"A",650,"D",6,"D",.,"A",.,"A",650,"D",6,"D",.,"A",.,"A",.,"A",.,"A"
"20151","03050914",22,0,"1",390,"D",130,"D",.,"A",0,"D",0,"D",.,"A",.,"A",260,"D",60,"D",12,"D",156,"D",.,"A",.,"A"
"20151","03050921",22,0,"1",910,"D",0,"D",.,"A",260,"D",66,"F",.,"A",.,"A",910,"D",6,"D",.,"A",.,"A",.,"A",.,"A"
"20151","03050954",16,0,"1",416,"D",65,"D",.,"A",0,"D",0,"D",.,"A",.,"A",351,"D",0,"D",.,"A",.,"A",234,"D",18,"D"
"20151","03050961",10,0,"1",780,"D",280,"F",.,"A",588,"F",6,"D",.,"A",.,"A",1094,"F",6,"D",.,"A",.,"A",.,"A",.,"A"
"20151","03050984",14,0,"1",455,"D",130,"D",.,"A",0,"D",0,"D",.,"A",.,"A",325,"D",0,"D",.,"A",.,"A",.,"A",.,"A"
"20151","03051003",20,0,"1",1300,"D",650,"D",325,"D",650,"D",0,"D",.,"A",.,"A",650,"D",75,"D",20,"D",260,"D",.,"A",.,"A"
"20151","03051032",35,0,"1",3250,"D",325,"D",.,"A",520,"D",21,"D",.,"A",.,"A",2925,"D",75,"D",.,"A",.,"A",.,"A",.,"A"
"20151","03051092",29,0,"1",975,"D",650,"D",130,"D",455,"D",0,"D",.,"A",.,"A",325,"D",0,"D",.,"A",.,"A",.,"A",.,"A"
"20151","03051154",19,0,"1",910,"D",65,"D",.,"A",0,"D",0,"D",.,"A",.,"A",845,"D",60,"D",65,"D",845,"D",65,"D",5,"D"
"20151","03051174",10,0,"1",914,"F",.,"A",.,"A",553,"F",121,"F",.,"A",.,"A",753,"F",106,"F",.,"A",.,"A",.,"A",.,"A"
"20151","03051194",30,0,"1",1300,"D",650,"D",.,"A",0,"D",0,"D",.,"A",160,"D",650,"D",0,"D",7,"D",91,"D",.,"A",.,"A"
"20151","03051202",6,0,"1",0,"D",.,"A",.,"A",260,"D",0,"D",.,"A",.,"A",0,"D",0,"D",.,"A",.,"A",.,"A",.,"A"
"20151","03051231",43,0,"1",1105,"D",260,"D",.,"A",650,"D",120,"D",.,"A",.,"A",845,"D",120,"D",.,"A",.,"A",.,"A",.,"A"
"20151","03051292",30,0,"1",1300,"D",260,"D",.,"A",260,"D",15,"D",.,"A",.,"A",1040,"D",0,"D",12,"D",156,"D",.,"A",.,"A"
"20151","03051304",11,0,"1",1300,"D",585,"D",.,"A",260,"D",0,"D",.,"A",.,"A",715,"D",0,"D",20,"D",260,"D",.,"A",.,"A"
"20151","03051341",16,0,"1",260,"D",65,"D",.,"A",65,"D",0,"D",.,"A",.,"A",195,"D",0,"D",.,"A",.,"A",.,"A",.,"A"
"20151","03051411",47,0,"1",780,"D",78,"D",.,"A",260,"D",0,"D",.,"A",78,"D",702,"D",45,"D",.,"A",.,"A",.,"A",.,"A"
"20151","03051481",20,0,"1",780,"D",260,"D",.,"A",1040,"D",0,"D",.,"A",.,"A",520,"D",30,"D",.,"A",.,"A",.,"A",.,"A"
"20151","03051501",23,0,"1",910,"D",0,"D",.,"A",0,"D",0,"D",.,"A",.,"A",910,"D",0,"D",.,"A",.,"A",52,"D",4,"D"
"20151","03051522",14,0,"1",403,"D",195,"D",.,"A",0,"D",0,"D",.,"A",.,"A",208,"D",0,"D",.,"A",.,"A",.,"A",.,"A"
"20151","03051571",56,0,"1",1300,"D",130,"D",.,"A",325,"D",0,"D",.,"A",.,"A",1170,"D",45,"D",.,"A",.,"A",.,"A",.,"A"
"20151","03051583",15,0,"1",910,"D",195,"D",.,"A",650,"D",450,"D",.,"A",.,"A",715,"D",240,"D",.,"A",.,"A",.,"A",.,"A"
"20151","03051614",25,0,"1",1430,"D",260,"D",130,"D",130,"D",0,"D",.,"A",.,"A",1170,"D",60,"D",.,"A",.,"A",.,"A",.,"A"
"20151","03051624",34,0,"1",1625,"D",260,"D",.,"A",673,"F",0,"D",.,"A",.,"A",1365,"D",0,"D",.,"A",.,"A",.,"A",.,"A"
"20151","03051632",17,0,"1",780,"D",260,"D",.,"A",325,"D",0,"D",.,"A",.,"A",520,"D",0,"D",.,"A",.,"A",.,"A",.,"A"
"20151","03051704",16,0,"1",1170,"D",130,"D",.,"A",390,"D",0,"D",.,"A",.,"A",1040,"D",0,"D",42,"D",546,"D",.,"A",.,"A"
"20151","03051712",26,0,"1",195,"D",65,"D",.,"A",975,"D",0,"D",.,"A",.,"A",130,"D",0,"D",.,"A",.,"A",.,"A",.,"A"
"20151","03051744",31,0,"1",1625,"D",325,"D",.,"A",1950,"D",0,"D",.,"A",.,"A",1300,"D",0,"D",.,"A",.,"A",.,"A",.,"A"
"20151","03051751",19,0,"1",0,"D",.,"A",.,"A",0,"D",0,"D",.,"A",.,"A",0,"D",0,"D",.,"A",.,"A",.,"A",.,"A"
"20151","03051763",23,0,"1",650,"D",260,"D",.,"A",260,"D",105,"D",.,"A",.,"A",390,"D",0,"D",.,"A",.,"A",.,"A",.,"A"
"20151","03051771",22,0,"1",2600,"D",390,"D",.,"A",130,"D",0,"D",.,"A",.,"A",2210,"D",0,"D",.,"A",.,"A",.,"A",.,"A"
"20151","03051823",56,0,"1",2600,"D",650,"D",1040,"D",1950,"D",450,"D",.,"A",2,"D",1950,"D",300,"D",.,"A",.,"A",.,"A",.,"A"
"20151","03051912",35,0,"1",1300,"D",325,"D",.,"A",260,"D",300,"D",.,"A",.,"A",975,"D",300,"D",70,"D",910,"D",.,"A",.,"A"
"20151","03051923",36,0,"1",3380,"D",650,"D",.,"A",975,"D",0,"D",.,"A",600,"D",2730,"D",30,"D",.,"A",.,"A",.,"A",.,"A"
"20151","03051944",16,0,"1",650,"D",195,"D",.,"A",325,"D",0,"D",.,"A",.,"A",455,"D",0,"D",.,"A",.,"A",.,"A",.,"A"
"20151","03051954",10,0,"1",772,"F",.,"A",.,"A",352,"F",85,"F",.,"A",.,"A",637,"F",90,"F",.,"A",.,"A",.,"A",.,"A"
"20151","03052004",22,0,"1",1300,"D",520,"D",.,"A",195,"D",0,"D",.,"A",.,"A",780,"D",6,"D",20,"D",260,"D",.,"A",.,"A"
"20151","03052072",28,0,"1",390,"D",195,"D",.,"A",0,"D",0,"D",.,"A",.,"A",195,"D",0,"D",.,"A",.,"A",.,"A",.,"A"
"20151","03052133",25,0,"1",1950,"D",260,"D",.,"A",1430,"D",6,"D",.,"A",.,"A",1690,"D",6,"D",.,"A",.,"A",.,"A",.,"A"
"20151","03052171",34,0,"1",1560,"D",431,"F",.,"A",1300,"D",0,"D",.,"A",.,"A",1476,"F",75,"D",.,"A",.,"A",.,"A",.,"A"
"20151","03052192",33,0,"1",325,"D",65,"D",.,"A",65,"D",0,"D",.,"A",.,"A",260,"D",12,"D",.,"A",.,"A",.,"A",.,"A"
"20151","03052202",9,0,"1",325,"D",65,"D",65,"D",130,"D",0,"D",.,"A",.,"A",260,"D",0,"D",.,"A",.,"A",.,"A",.,"A"
"20151","03052223",38,0,"1",1300,"D",0,"D",.,"A",0,"D",0,"D",.,"A",.,"A",1300,"D",0,"D",7,"D",91,"D",.,"A",.,"A"
"20151","03052261",18,0,"1",780,"D",260,"D",.,"A",0,"D",0,"D",.,"A",.,"A",520,"D",0,"D",12,"D",156,"D",.,"A",.,"A"
"20151","03052302",32,0,"1",1820,"D",429,"D",.,"A",1040,"D",0,"D",.,"A",.,"A",1391,"D",27,"D",35,"D",455,"D",.,"A",.,"A"
"20151","03052322",36,0,"1",260,"D",65,"D",.,"A",130,"D",0,"D",.,"A",.,"A",195,"D",0,"D",.,"A",.,"A",.,"A",.,"A"
"20151","03052354",6,0,"1",0,"D",.,"A",.,"A",0,"D",0,"D",.,"A",.,"A",0,"D",0,"D",.,"A",.,"A",.,"A",.,"A"
"20151","03052372",22,0,"1",2080,"D",390,"D",.,"A",260,"D",0,"D",.,"A",.,"A",1690,"D",0,"D",28,"D",364,"D",.,"A",.,"A"
"20151","03052464",16,0,"1",1502,"F",.,"A",.,"A",195,"D",66,"D",.,"A",.,"A",1217,"F",6,"D",.,"A",.,"A",.,"A",.,"A"
"20151","03052472",30,0,"1",650,"D",650,"D",.,"A",1300,"D",6,"D",.,"A",.,"A",0,"D",6,"D",.,"A",.,"A",.,"A",.,"A"
"20151","03052512",22,0,"1",1300,"D",390,"D",.,"A",0,"D",0,"D",.,"A",.,"A",910,"D",192,"D",14,"D",182,"D",.,"A",.,"A"
"20151","03052532",21,0,"1",390,"D",0,"D",.,"A",0,"D",0,"D",.,"A",.,"A",390,"D",0,"D",60,"D",780,"D",.,"A",.,"A"
"20151","03052583",17,0,"1",2145,"D",260,"D",.,"A",65,"D",0,"D",.,"A",.,"A",1885,"D",0,"D",7,"D",91,"D",.,"A",.,"A"
"20151","03052644",22,0,"1",3900,"D",390,"D",.,"A",975,"D",60,"D",.,"A",.,"A",3510,"D",90,"D",.,"A",.,"A",.,"A",.,"A"
"20151","03052651",19,0,"1",1300,"D",130,"D",.,"A",0,"D",0,"D",.,"A",.,"A",1170,"D",0,"D",.,"A",.,"A",.,"A",.,"A"
"20151","03052734",21,0,"1",1300,"D",455,"D",312,"D",650,"D",0,"D",.,"A",.,"A",845,"D",300,"D",.,"A",.,"A",104,"D",8,"D"
"20151","03052744",31,0,"1",975,"D",325,"D",.,"A",390,"D",60,"D",.,"A",.,"A",650,"D",120,"D",.,"A",.,"A",.,"A",.,"A"
"20151","03052803",64,0,"1",1300,"D",130,"D",.,"A",650,"D",120,"D",.,"A",200,"D",1170,"D",30,"D",.,"A",.,"A",.,"A",.,"A"
"20151","03052884",25,0,"1",3250,"D",1625,"D",.,"A",260,"D",0,"D",.,"A",.,"A",1625,"D",60,"D",10,"D",130,"D",.,"A",.,"A"
"20151","03052904",17,0,"1",780,"D",130,"D",.,"A",0,"D",0,"D",.,"A",.,"A",650,"D",0,"D",.,"A",.,"A",130,"D",10,"D"
"20151","03052911",14,0,"1",1950,"D",395,"F",.,"A",733,"F",85,"F",.,"A",.,"A",1823,"F",119,"F",.,"A",.,"A",.,"A",.,"A"
"20151","03052922",30,0,"1",2600,"D",455,"D",260,"D",0,"D",0,"D",.,"A",.,"A",2145,"D",1500,"D",.,"A",.,"A",156,"D",12,"D"
"20151","03052944",8,0,"1",2137,"F",.,"A",.,"A",733,"F",85,"F",.,"A",.,"A",1823,"F",119,"F",.,"A",.,"A",.,"A",.,"A"
"20151","03052973",22,0,"1",1300,"D",520,"D",.,"A",0,"D",0,"D",.,"A",.,"A",780,"D",0,"D",56,"D",728,"D",65,"D",5,"D"
"20151","03052981",9,0,"1",520,"D",184,"F",182,"D",130,"D",0,"D",.,"A",.,"A",637,"F",0,"D",.,"A",.,"A",.,"A",.,"A"
"20151","03052994",17,0,"1",1170,"D",130,"D",.,"A",0,"D",0,"D",.,"A",.,"A",1040,"D",0,"D",.,"A",.,"A",.,"A",.,"A"
"20151","03053004",35,0,"1",780,"D",130,"D",.,"A",0,"D",0,"D",.,"A",.,"A",650,"D",0,"D",.,"A",.,"A",.,"A",.,"A"
"20151","03053063",17,0,"1",1625,"D",0,"D",.,"A",975,"D",105,"D",.,"A",.,"A",1625,"D",105,"D",.,"A",.,"A",.,"A",.,"A"
"20151","03053071",21,0,"1",1300,"D",195,"D",.,"A",260,"D",0,"D",.,"A",.,"A",1105,"D",0,"D",.,"A",.,"A",.,"A",.,"A"
"20151","03053133",23,0,"1",520,"D",0,"D",.,"A",26,"D",0,"D",.,"A",.,"A",520,"D",18,"D",25,"D",325,"D",.,"A",.,"A"
"20151","03053164",65,0,"1",1950,"D",455,"D",.,"A",1040,"D",0,"D",.,"A",.,"A",1495,"D",0,"D",.,"A",.,"A",.,"A",.,"A"
"20151","03053234",32,0,"1",390,"D",65,"D",.,"A",39,"D",0,"D",.,"A",.,"A",325,"D",0,"D",.,"A",.,"A",.,"A",.,"A"
"20151","03053253",30,0,"1",520,"D",260,"D",.,"A",520,"D",0,"D",.,"A",.,"A",260,"D",0,"D",.,"A",.,"A",.,"A",.,"A"
"20151","03053304",37,0,"1",2600,"D",390,"D",260,"D",130,"D",60,"D",.,"A",160,"D",2210,"D",0,"D",.,"A",.,"A",.,"A",.,"A"
"20151","03053323",31,0,"1",1690,"D",130,"D",.,"A",520,"D",0,"D",.,"A",120,"D",1560,"D",60,"D",.,"A",.,"A",.,"A",.,"A"
"20151","03053332",31,0,"1",650,"D",130,"D",.,"A",0,"D",0,"D",.,"A",.,"A",520,"D",0,"D",.,"A",.,"A",.,"A",.,"A"
"20151","03053353",24,0,"1",2600,"D",650,"D",.,"A",1300,"D",0,"D",.,"A",.,"A",1950,"D",0,"D",.,"A",.,"A",.,"A",.,"A"
"20151","03053384",46,0,"1",2600,"D",975,"D",.,"A",390,"D",0,"D",.,"A",.,"A",1625,"D",600,"D",60,"D",780,"D",260,"D",20,"D"
"20151","03053394",19,0,"1",780,"D",130,"D",.,"A",325,"D",0,"D",.,"A",.,"A",650,"D",0,"D",.,"A",.,"A",.,"A",.,"A"
"20151","03053434",21,0,"1",650,"D",65,"D",.,"A",195,"D",30,"D",.,"A",.,"A",585,"D",30,"D",.,"A",.,"A",.,"A",.,"A"
"20151","03053494",20,0,"1",2600,"D",260,"D",.,"A",325,"D",0,"D",.,"A",360,"D",2340,"D",0,"D",.,"A",.,"A",.,"A",.,"A"
"20151","03053502",28,0,"1",520,"D",130,"D",.,"A",0,"D",0,"D",.,"A",.,"A",390,"D",0,"D",20,"D",260,"D",.,"A",.,"A"
"20151","03053534",23,0,"1",1625,"D",260,"D",.,"A",390,"D",0,"D",.,"A",.,"A",1365,"D",0,"D",.,"A",.,"A",.,"A",.,"A"
"20151","03053553",25,0,"1",650,"D",65,"D",.,"A",325,"D",0,"D",.,"A",.,"A",585,"D",0,"D",.,"A",.,"A",.,"A",.,"A"
"20151","03053564",34,0,"1",1300,"D",130,"D",195,"D",650,"D",0,"D",.,"A",.,"A",1170,"D",0,"D",.,"A",.,"A",.,"A",.,"A"
"20151","03053571",15,0,"1",910,"D",390,"D",.,"A",65,"D",0,"D",.,"A",.,"A",520,"D",0,"D",3,"D",39,"D",.,"A",.,"A"
"20151","03053583",29,0,"1",1560,"D",260,"D",.,"A",325,"D",240,"D",.,"A",225,"D",1300,"D",120,"D",.,"A",.,"A",.,"A",.,"A"
"20151","03053593",22,0,"1",260,"D",65,"D",.,"A",0,"D",0,"D",.,"A",.,"A",195,"D",0,"D",.,"A",.,"A",.,"A",.,"A"
"20151","03053621",33,0,"1",5200,"D",0,"D",.,"A",1040,"D",6,"D",.,"A",.,"A",5200,"D",6,"D",.,"A",.,"A",.,"A",.,"A"
"20151","03053653",27,0,"1",1625,"D",156,"D",.,"A",260,"D",0,"D",.,"A",.,"A",1469,"D",0,"D",.,"A",.,"A",.,"A",.,"A"
"20151","03053682",16,0,"1",650,"D",130,"D",.,"A",130,"D",0,"D",.,"A",.,"A",520,"D",0,"D",.,"A",.,"A",.,"A",.,"A"
"20151","03053692",20,0,"1",1300,"D",390,"D",.,"A",673,"F",0,"D",.,"A",.,"A",910,"D",0,"D",.,"A",.,"A",.,"A",.,"A"
"20151","03053703",25,0,"1",2600,"D",585,"D",.,"A",390,"D",0,"D",.,"A",.,"A",2015,"D",0,"D",.,"A",.,"A",.,"A",.,"A"
"20151","03053751",16,0,"1",650,"D",325,"D",.,"A",0,"D",0,"D",.,"A",.,"A",325,"D",0,"D",.,"A",.,"A",.,"A",.,"A"
"20151","03053883",17,0,"1",650,"D",156,"D",.,"A",0,"D",0,"D",.,"A",.,"A",494,"D",0,"D",.,"A",.,"A",.,"A",.,"A"
"20151","03053903",37,0,"1",1950,"D",650,"D",1625,"D",520,"D",300,"D",.,"A",.,"A",1300,"D",300,"D",75,"D",975,"D",.,"A",.,"A"
"20151","03053954",17,0,"1",780,"D",91,"D",.,"A",91,"D",0,"D",.,"A",.,"A",689,"D",0,"D",40,"D",520,"D",.,"A",.,"A"
"20151","03053974",33,0,"1",520,"D",130,"D",.,"A",260,"D",60,"D",.,"A",.,"A",390,"D",60,"D",.,"A",.,"A",.,"A",.,"A"
"20151","03053982",16,0,"1",3900,"D",395,"F",.,"A",0,"D",0,"D",.,"A",.,"A",1823,"F",0,"D",.,"A",.,"A",.,"A",.,"A"
"20151","03054003",34,0,"1",1300,"D",260,"D",.,"A",130,"D",0,"D",.,"A",.,"A",1040,"D",0,"D",20,"D",260,"D",.,"A",.,"A"
"20151","03054082",40,0,"1",1950,"D",650,"D",.,"A",0,"D",0,"D",.,"A",.,"A",1300,"D",0,"D",.,"A",.,"A",.,"A",.,"A"
"20151","03054103",21,0,"1",2470,"D",585,"D",.,"A",13,"D",0,"D",.,"A",.,"A",1885,"D",0,"D",14,"D",182,"D",.,"A",.,"A"
"20151","03054131",13,0,"1",520,"D",65,"D",.,"A",0,"D",0,"D",.,"A",.,"A",455,"D",0,"D",.,"A",.,"A",.,"A",.,"A"
"20151","03054152",37,0,"1",1300,"D",0,"D",.,"A",0,"D",6,"D",.,"A",.,"A",1300,"D",6,"D",.,"A",.,"A",.,"A",.,"A"
"20151","03054174",11,0,"1",1502,"F",.,"A",.,"A",673,"F",66,"F",.,"A",.,"A",1217,"F",122,"F",.,"A",.,"A",.,"A",.,"A"
"20151","03054193",11,0,"1",1950,"D",260,"D",780,"D",520,"D",0,"D",.,"A",.,"A",1690,"D",0,"D",.,"A",.,"A",.,"A",.,"A"
"20151","03054202",19,0,"1",1950,"D",650,"D",.,"A",195,"D",0,"D",.,"A",.,"A",1300,"D",0,"D",.,"A",.,"A",.,"A",.,"A"
"20151","03054214",26,0,"1",650,"D",130,"D",.,"A",0,"D",30,"D",.,"A",169,"D",520,"D",0,"D",.,"A",.,"A",.,"A",.,"A"
"20151","03054221",42,0,"1",2600,"D",195,"D",.,"A",455,"D",0,"D",.,"A",286,"D",2405,"D",0,"D",.,"A",.,"A",.,"A",.,"A"
"20151","03054262",21,0,"1",780,"D",130,"D",260,"D",195,"D",90,"D",.,"A",.,"A",650,"D",60,"D",.,"A",.,"A",.,"A",.,"A"
"20151","03054273",19,0,"1",260,"D",130,"D",.,"A",195,"D",150,"D",.,"A",.,"A",130,"D",120,"D",18,"D",234,"D",.,"A",.,"A"
"20151","03054373",22,0,"1",1300,"D",325,"D",.,"A",975,"D",60,"D",.,"A",.,"A",975,"D",0,"D",.,"A",.,"A",.,"A",.,"A"
"20151","03054391",37,0,"1",650,"D",325,"D",.,"A",65,"D",0,"D",.,"A",.,"A",325,"D",0,"D",.,"A",.,"A",.,"A",.,"A"
"20151","03054433",15,0,"1",910,"D",195,"D",.,"A",260,"D",0,"D",.,"A",.,"A",715,"D",120,"D",.,"A",.,"A",.,"A",.,"A"
"20151","03054473",10,0,"1",1690,"D",0,"D",.,"A",0,"D",0,"D",.,"A",.,"A",1690,"D",45,"D",.,"A",.,"A",.,"A",.,"A"
"20151","03054481",33,0,"1",1950,"D",260,"D",.,"A",1300,"D",12,"D",.,"A",.,"A",1690,"D",12,"D",.,"A",.,"A",.,"A",.,"A"
"20151","03054511",27,0,"1",1950,"D",260,"D",.,"A",0,"D",0,"D",.,"A",.,"A",1690,"D",0,"D",.,"A",.,"A",.,"A",.,"A"
"20151","03054544",10,0,"1",650,"D",130,"D",.,"A",0,"D",0,"D",.,"A",.,"A",520,"D",0,"D",.,"A",.,"A",.,"A",.,"A"
"20151","03054582",25,0,"1",1625,"D",325,"D",.,"A",650,"D",0,"D",.,"A",72,"D",1300,"D",0,"D",.,"A",.,"A",.,"A",.,"A"
"20151","03054614",43,0,"1",1170,"D",650,"D",130,"D",130,"D",0,"D",.,"A",.,"A",520,"D",180,"D",.,"A",.,"A",.,"A",.,"A"
"20151","03054622",23,0,"1",650,"D",130,"D",.,"A",0,"D",0,"D",.,"A",.,"A",520,"D",0,"D",.,"A",.,"A",.,"A",.,"A"
"20151","03054632",49,0,"1",2600,"D",0,"D",.,"A",0,"D",0,"D",.,"A",.,"A",2600,"D",240,"D",25,"D",325,"D",.,"A",.,"A"
"20151","03054662",28,0,"1",1300,"D",390,"D",390,"D",520,"D",60,"D",.,"A",.,"A",910,"D",300,"D",.,"A",.,"A",130,"D",10,"D"
"20151","03054681",42,0,"1",975,"D",130,"D",.,"A",130,"D",30,"D",.,"A",.,"A",845,"D",180,"D",10,"D",130,"D",.,"A",.,"A"
"20151","03054701",29,0,"1",1300,"D",260,"D",.,"A",260,"D",90,"D",.,"A",.,"A",1040,"D",90,"D",30,"D",390,"D",.,"A",.,"A"
"20151","03054713",23,0,"1",1495,"D",260,"D",.,"A",390,"D",300,"D",.,"A",80,"D",1235,"D",300,"D",20,"D",260,"D",130,"D",10,"D"
"20151","03054753",38,0,"1",1950,"D",975,"D",.,"A",650,"D",0,"D",.,"A",.,"A",975,"D",180,"D",.,"A",.,"A",.,"A",.,"A"
"20151","03054764",30,0,"1",5200,"D",1300,"D",.,"A",1300,"D",90,"D",.,"A",.,"A",3900,"D",300,"D",.,"A",.,"A",.,"A",.,"A"
"20151","03054783",21,0,"1",1300,"D",260,"D",.,"A",520,"D",0,"D",.,"A",.,"A",1040,"D",0,"D",.,"A",.,"A",.,"A",.,"A"
"20151","03054811",10,0,"1",325,"D",184,"F",.,"A",0,"D",0,"D",.,"A",.,"A",637,"F",0,"D",.,"A",.,"A",.,"A",.,"A"
"20151","03054851",22,0,"1",650,"D",130,"D",195,"D",325,"D",0,"D",.,"A",.,"A",520,"D",300,"D",20,"D",260,"D",.,"A",.,"A"
"20151","03054862",24,0,"1",1040,"D",286,"D",.,"A",780,"D",0,"D",.,"A",.,"A",754,"D",0,"D",7,"D",91,"D",91,"D",7,"D"
"20151","03054923",24,0,"1",1300,"D",195,"D",.,"A",0,"D",0,"D",.,"A",.,"A",1105,"D",120,"D",.,"A",.,"A",.,"A",.,"A"
"20151","03054972",27,0,"1",1950,"D",325,"D",.,"A",520,"D",0,"D",.,"A",.,"A",1625,"D",0,"D",.,"A",.,"A",.,"A",.,"A"
"20151","03054982",22,0,"1",1950,"D",650,"D",.,"A",390,"D",0,"D",.,"A",.,"A",1300,"D",0,"D",.,"A",.,"A",.,"A",.,"A"
"20151","03055002",12,0,"1",2015,"D",0,"D",.,"A",0,"D",0,"D",.,"A",.,"A",2015,"D",0,"D",.,"C",353,"F",.,"A",.,"A"
"20151","03055023",17,0,"1",1560,"D",260,"D",.,"A",1300,"D",60,"D",.,"A",.,"A",1300,"D",60,"D",.,"A",.,"A",.,"A",.,"A"
"20151","03055033",17,0,"1",2340,"D",390,"D",.,"A",130,"D",0,"D",.,"A",.,"A",1950,"D",0,"D",9,"D",117,"D",.,"A",.,"A"
"20151","03055054",27,0,"1",1625,"D",130,"D",.,"A",325,"D",0,"D",.,"A",.,"A",1495,"D",0,"D",4,"D",52,"D",.,"A",.,"A"
"20151","03055062",20,0,"1",2275,"D",650,"D",.,"A",520,"D",0,"D",.,"A",.,"A",1625,"D",60,"D",.,"A",.,"A",.,"A",.,"A"
"20151","03055092",20,0,"1",1560,"D",650,"D",.,"A",0,"D",0,"D",.,"A",.,"A",910,"D",450,"D",50,"D",650,"D",.,"A",.,"A"
"20151","03055102",11,0,"1",2600,"D",288,"F",.,"A",542,"F",158,"F",.,"A",.,"A",874,"F",115,"F",.,"A",.,"A",.,"A",.,"A"
"20151","03055111",15,0,"1",1560,"D",260,"D",.,"A",520,"D",60,"D",.,"A",.,"A",1300,"D",60,"D",.,"A",.,"A",.,"A",.,"A"
"20151","03055193",51,0,"1",1950,"D",0,"D",.,"A",1300,"D",120,"D",.,"A",.,"A",1950,"D",30,"D",40,"D",520,"D",.,"A",.,"A"
"20151","03055201",20,0,"1",1430,"D",780,"D",65,"D",130,"D",0,"D",.,"A",.,"A",650,"D",0,"D",10,"D",130,"D",.,"A",.,"A"
"20151","03055212",18,0,"1",1040,"D",260,"D",130,"D",0,"D",0,"D",625,"D",.,"A",780,"D",0,"D",17,"D",221,"D",.,"A",.,"A"
"20151","03055221",35,0,"1",2600,"D",520,"D",260,"D",260,"D",0,"D",.,"A",.,"A",2080,"D",0,"D",.,"A",.,"A",130,"D",10,"D"
"20151","03055251",32,0,"1",975,"D",325,"D",.,"A",650,"D",0,"D",.,"A",.,"A",650,"D",66,"D",.,"A",.,"A",104,"D",8,"D"
"20151","03055294",13,0,"1",975,"D",130,"D",.,"A",0,"D",0,"D",.,"A",.,"A",845,"D",0,"D",.,"A",.,"A",.,"A",.,"A"
"20151","03055351",23,0,"1",260,"D",0,"D",195,"D",117,"D",18,"D",.,"A",.,"A",260,"D",0,"D",.,"A",.,"A",.,"A",.,"A"
"20151","03055413",43,0,"1",2275,"D",325,"D",.,"A",325,"D",0,"D",.,"A",.,"A",1950,"D",30,"D",.,"A",.,"A",.,"A",.,"A"
"20151","03055432",14,0,"1",2137,"F",.,"A",.,"A",733,"F",85,"F",.,"A",.,"A",1823,"F",119,"F",.,"A",.,"A",.,"A",.,"A"
"20151","03055462",22,0,"1",2600,"D",325,"D",.,"A",650,"D",0,"D",.,"A",.,"A",2275,"D",90,"D",30,"D",390,"D",390,"D",30,"D"
"20151","03055472",20,0,"1",1300,"D",195,"D",.,"A",0,"D",0,"D",.,"A",.,"A",1105,"D",24,"D",.,"A",.,"A",.,"A",.,"A"
"20151","03055593",8,0,"1",1300,"D",390,"D",650,"D",260,"D",0,"D",.,"A",.,"A",910,"D",90,"D",25,"D",325,"D",.,"A",.,"A"
"20151","03055602",26,0,"1",1040,"D",195,"D",.,"A",78,"D",0,"D",.,"A",.,"A",845,"D",0,"D",28,"D",364,"D",.,"A",.,"A"
"20151","03055653",25,0,"1",1625,"D",390,"D",.,"A",1625,"D",0,"D",.,"A",.,"A",1235,"D",0,"D",.,"A",.,"A",.,"A",.,"A"
"20151","03055661",16,0,"1",1300,"D",260,"D",.,"A",0,"D",0,"D",.,"A",.,"A",1040,"D",0,"D",.,"A",.,"A",.,"A",.,"A"
"20151","03055701",19,0,"1",585,"D",169,"D",.,"A",52,"D",0,"D",.,"A",.,"A",416,"D",0,"D",.,"A",.,"A",.,"A",.,"A"
"20151","03055744",21,0,"1",650,"D",0,"D",.,"A",130,"D",21,"D",.,"A",.,"A",650,"D",90,"D",.,"A",.,"A",.,"A",.,"A"
"20151","03055761",33,0,"1",1625,"D",910,"D",.,"A",260,"D",0,"D",.,"A",.,"A",715,"D",45,"D",20,"D",260,"D",.,"A",.,"A"
"20151","03055774",21,0,"1",1950,"D",195,"D",.,"A",390,"D",0,"D",.,"A",.,"A",1755,"D",0,"D",.,"A",.,"A",.,"A",.,"A"
"20151","03055802",20,0,"1",1300,"D",260,"D",.,"A",0,"D",0,"D",.,"A",.,"A",1040,"D",0,"D",.,"A",.,"A",.,"A",.,"A"
"20151","03055831",21,0,"1",910,"D",260,"D",.,"A",260,"D",0,"D",.,"A",.,"A",650,"D",75,"D",.,"A",.,"A",.,"A",.,"A"
"20151","03055844",28,0,"1",975,"D",351,"F",.,"A",0,"D",6,"D",.,"A",.,"A",1470,"F",6,"D",.,"A",.,"A",.,"A",.,"A"
"20151","03055851",50,0,"1",1300,"D",348,"F",.,"A",673,"F",0,"D",.,"A",.,"A",1217,"F",0,"D",.,"A",.,"A",.,"A",.,"A"
"20151","03055864",74,0,"1",1300,"D",195,"D",325,"D",1300,"D",0,"D",.,"A",165,"D",1105,"D",0,"D",.,"A",.,"A",.,"A",.,"A"
"20151","03055904",20,0,"1",260,"D",26,"D",.,"A",0,"D",60,"D",.,"A",.,"A",234,"D",105,"D",.,"A",.,"A",.,"A",.,"A"
"20151","03055974",27,0,"1",1300,"D",325,"D",.,"A",975,"D",75,"D",.,"A",.,"A",975,"D",300,"D",.,"A",.,"A",.,"A",.,"A"
"20151","03055983",54,0,"1",1950,"D",650,"D",.,"A",2600,"D",300,"D",.,"A",90,"D",1300,"D",525,"D",.,"A",.,"A",.,"A",.,"A"
"20151","03056001",15,0,"1",390,"D",65,"D",.,"A",260,"D",0,"D",.,"A",.,"A",325,"D",0,"D",.,"A",.,"A",.,"A",.,"A"
"20151","03056011",38,0,"1",1560,"D",260,"D",.,"A",715,"D",300,"D",.,"A",78,"D",1300,"D",60,"D",40,"D",520,"D",.,"A",.,"A"
"20151","03056032",46,0,"1",1300,"D",260,"D",.,"A",975,"D",300,"D",.,"A",.,"A",1040,"D",150,"D",42,"D",546,"D",.,"A",.,"A"
"20151","03056044",35,0,"1",975,"D",130,"D",.,"A",260,"D",0,"D",.,"A",.,"A",845,"D",0,"D",.,"A",.,"A",.,"A",.,"A"
"20151","03056174",24,0,"1",1300,"D",260,"D",260,"D",520,"D",0,"D",.,"A",.,"A",1040,"D",120,"D",.,"A",.,"A",.,"A",.,"A"
"20151","03056204",30,0,"1",650,"D",260,"D",.,"A",780,"D",120,"D",.,"A",50,"D",390,"D",0,"D",.,"A",.,"A",.,"A",.,"A"
"20151","03056231",19,0,"1",2600,"D",910,"D",.,"A",325,"D",0,"D",.,"A",.,"A",1690,"D",0,"D",35,"D",455,"D",39,"D",3,"D"
"20151","03056242",36,0,"1",3250,"D",325,"D",975,"D",0,"D",0,"D",.,"A",.,"A",2925,"D",0,"D",.,"A",.,"A",.,"A",.,"A"
"20151","03056262",23,0,"1",1300,"D",325,"D",.,"A",390,"D",0,"D",.,"A",.,"A",975,"D",0,"D",.,"A",.,"A",.,"A",.,"A"
"20151","03056292",16,0,"1",1502,"F",.,"A",.,"A",673,"F",66,"F",.,"A",.,"A",1217,"F",122,"F",.,"A",.,"A",.,"A",.,"A"
"20151","03056314",19,0,"1",1625,"D",195,"D",.,"A",0,"D",0,"D",.,"A",.,"A",1430,"D",0,"D",30,"D",390,"D",.,"A",.,"A"
"20151","03056341",32,0,"1",1300,"D",65,"D",.,"A",520,"D",0,"D",.,"A",.,"A",1235,"D",0,"D",.,"A",.,"A",.,"A",.,"A"
"20151","03056351",33,0,"1",520,"D",39,"D",195,"D",585,"D",0,"D",.,"A",.,"A",481,"D",0,"D",.,"A",.,"A",.,"A",.,"A"
"20151","03056372",31,0,"1",1950,"D",650,"D",.,"A",650,"D",0,"D",.,"A",260,"D",1300,"D",60,"D",.,"A",.,"A",.,"A",.,"A"
"20151","03056411",25,0,"1",2275,"D",325,"D",.,"A",780,"D",0,"D",.,"A",.,"A",1950,"D",90,"D",.,"A",.,"A",.,"A",.,"A"
"20151","03056432",32,0,"1",1300,"D",260,"D",.,"A",455,"D",30,"D",.,"A",.,"A",1040,"D",15,"D",14,"D",182,"D",.,"A",.,"A"
"20151","03056443",13,0,"1",650,"D",195,"D",.,"A",0,"D",0,"D",.,"A",.,"A",455,"D",0,"D",0,"D",0,"D",.,"A",.,"A"
"20151","03056453",18,0,"1",910,"D",260,"D",.,"A",260,"D",0,"D",.,"A",.,"A",650,"D",0,"D",.,"A",.,"A",.,"A",.,"A"
"20151","03056474",30,0,"1",1950,"D",390,"D",.,"A",650,"D",6,"D",.,"A",.,"A",1560,"D",6,"D",.,"A",.,"A",.,"A",.,"A"
"20151","03056542",30,0,"1",1560,"D",195,"D",.,"A",1300,"D",30,"D",.,"A",.,"A",1365,"D",300,"D",.,"A",.,"A",.,"A",.,"A"
"20151","03056562",32,0,"1",1430,"D",650,"D",.,"A",0,"D",0,"D",.,"A",.,"A",780,"D",15,"D",28,"D",364,"D",.,"A",.,"A"
"20151","03056601",22,0,"1",975,"D",130,"D",26,"D",260,"D",0,"D",.,"A",.,"A",845,"D",0,"D",.,"A",.,"A",.,"A",.,"A"
"20151","03056613",28,0,"1",1300,"D",455,"D",.,"A",0,"D",0,"D",.,"A",480,"D",845,"D",0,"D",.,"A",.,"A",.,"A",.,"A"
"20151","03056674",31,0,"1",1300,"D",130,"D",.,"A",520,"D",0,"D",.,"A",.,"A",1170,"D",0,"D",.,"A",.,"A",.,"A",.,"A"
"20151","03056701",54,0,"1",3900,"D",390,"D",.,"A",975,"D",0,"D",.,"A",.,"A",3510,"D",0,"D",10,"D",130,"D",.,"A",.,"A"
"20151","03056763",30,0,"1",1300,"D",130,"D",.,"A",0,"D",0,"D",.,"A",.,"A",1170,"D",0,"D",.,"A",.,"A",.,"A",.,"A"
"20151","03056792",37,0,"1",1950,"D",650,"D",.,"A",455,"D",0,"D",.,"A",.,"A",1300,"D",0,"D",.,"A",.,"A",.,"A",.,"A"
"20151","03056804",13,0,"1",975,"D",130,"D",.,"A",0,"D",0,"D",.,"A",.,"A",845,"D",0,"D",.,"A",.,"A",.,"A",.,"A"
"20151","03056824",34,0,"1",4550,"D",455,"D",.,"A",1950,"D",60,"D",.,"A",160,"D",4095,"D",45,"D",.,"A",.,"A",.,"A",.,"A"
"20151","03056832",49,0,"1",2600,"D",195,"D",390,"D",780,"D",30,"D",.,"A",.,"A",2405,"D",150,"D",.,"A",.,"A",.,"A",.,"A"
"20151","03056883",25,0,"1",1300,"D",130,"D",.,"A",0,"D",0,"D",.,"A",.,"A",1170,"D",0,"D",.,"A",.,"A",91,"D",7,"D"
"20151","03056941",17,0,"1",1300,"D",130,"D",.,"A",0,"D",6,"D",.,"A",.,"A",1170,"D",6,"D",.,"A",.,"A",.,"A",.,"A"
"20151","03056974",20,0,"1",650,"D",130,"D",.,"A",650,"D",60,"D",.,"A",.,"A",520,"D",60,"D",.,"A",.,"A",.,"A",.,"A"
"20151","03057032",42,0,"1",2600,"D",260,"D",.,"A",650,"D",0,"D",.,"A",25,"D",2340,"D",90,"D",.,"A",.,"A",.,"A",.,"A"
"20151","03057103",29,0,"1",1300,"D",260,"D",.,"A",650,"D",0,"D",.,"A",.,"A",1040,"D",0,"D",.,"A",.,"A",169,"D",13,"D"
"20151","03057173",18,0,"1",975,"D",260,"D",.,"A",260,"D",0,"D",.,"A",.,"A",715,"D",0,"D",.,"A",.,"A",.,"A",.,"A"
"20151","03057222",26,0,"1",1625,"D",156,"D",.,"A",0,"D",0,"D",.,"A",.,"A",1469,"D",0,"D",40,"D",520,"D",.,"A",.,"A"
"20151","03057233",20,0,"1",1625,"D",130,"D",.,"A",0,"D",0,"D",.,"A",.,"A",1495,"D",60,"D",20,"D",260,"D",.,"A",.,"A"
"20151","03057244",28,0,"1",520,"D",195,"D",.,"A",0,"D",0,"D",.,"A",.,"A",325,"D",0,"D",.,"A",.,"A",.,"A",.,"A"
"20151","03057264",32,0,"1",2080,"D",520,"D",65,"D",0,"D",0,"D",.,"A",.,"A",1560,"D",360,"D",35,"D",455,"D",.,"A",.,"A"
"20151","03057284",14,0,"1",650,"D",130,"D",65,"D",0,"D",0,"D",.,"A",.,"A",520,"D",45,"D",10,"D",130,"D",.,"A",.,"A"
"20151","03057294",40,0,"1",4550,"D",260,"D",.,"A",650,"D",30,"D",.,"A",120,"D",4290,"D",30,"D",.,"A",.,"A",.,"A",.,"A"
"20151","03057302",23,0,"1",780,"D",130,"D",.,"A",0,"D",0,"D",.,"A",.,"A",650,"D",0,"D",.,"A",.,"A",.,"A",.,"A"
"20151","03057343",26,0,"1",1300,"D",130,"D",.,"A",0,"D",0,"D",.,"A",.,"A",1170,"D",45,"D",20,"D",260,"D",.,"A",.,"A"
"20151","03057351",20,0,"1",1625,"D",390,"D",.,"A",0,"D",0,"D",.,"A",.,"A",1235,"D",0,"D",30,"D",390,"D",.,"A",.,"A"
"20151","03057414",54,0,"1",1300,"D",390,"D",.,"A",0,"D",0,"D",.,"A",.,"A",910,"D",0,"D",.,"A",.,"A",390,"D",30,"D"
"20151","03057461",12,0,"1",1300,"D",325,"D",.,"A",325,"D",0,"D",.,"A",.,"A",975,"D",0,"D",.,"A",.,"A",.,"A",.,"A"
"20151","03057482",20,0,"1",390,"D",441,"F",.,"A",104,"D",0,"D",.,"A",.,"A",1613,"F",0,"D",.,"A",.,"A",.,"A",.,"A"
"20151","03057532",15,0,"1",975,"D",520,"D",.,"A",975,"D",0,"D",.,"A",.,"A",455,"D",0,"D",.,"A",.,"A",.,"A",.,"A"
"20151","03057554",46,0,"1",2860,"D",0,"D",.,"A",0,"D",0,"D",.,"A",300,"D",2860,"D",60,"D",.,"A",.,"A",.,"A",.,"A"
"20151","03057561",30,0,"1",650,"D",195,"D",.,"A",260,"D",30,"D",.,"A",.,"A",455,"D",150,"D",.,"A",.,"A",.,"A",.,"A"
"20151","03057614",34,0,"1",1300,"D",130,"D",.,"A",780,"D",0,"D",.,"A",.,"A",1170,"D",0,"D",.,"A",.,"A",.,"A",.,"A"
"20151","03057631",15,0,"1",650,"D",130,"D",.,"A",455,"D",120,"D",.,"A",.,"A",520,"D",480,"D",30,"D",390,"D",.,"A",.,"A"
"20151","03057663",23,0,"1",1300,"D",325,"D",.,"A",390,"D",0,"D",.,"A",.,"A",975,"D",0,"D",.,"A",.,"A",.,"A",.,"A"
"20151","03057672",27,0,"1",2600,"D",260,"D",.,"A",975,"D",150,"D",.,"A",540,"D",2340,"D",150,"D",.,"A",.,"A",.,"A",.,"A"
"20151","03057702",45,0,"1",1300,"D",455,"D",.,"A",325,"D",30,"D",.,"A",.,"A",845,"D",105,"D",.,"A",.,"A",.,"A",.,"A"
"20151","03057741",45,0,"1",1040,"D",390,"D",.,"A",390,"D",75,"D",.,"A",.,"A",650,"D",30,"D",.,"A",.,"A",.,"A",.,"A"
"20151","03057752",45,0,"1",780,"D",195,"D",.,"A",390,"D",0,"D",.,"A",.,"A",585,"D",0,"D",.,"A",.,"A",.,"A",.,"A"
"20151","03057782",27,0,"1",1300,"D",455,"D",.,"A",650,"D",240,"D",.,"A",.,"A",845,"D",180,"D",.,"A",.,"A",.,"A",.,"A"
"20151","03057801",20,0,"1",390,"D",65,"D",.,"A",130,"D",6,"D",.,"A",.,"A",325,"D",6,"D",.,"A",.,"A",.,"A",.,"A"
"20151","03057821",12,0,"1",260,"D",0,"D",.,"A",130,"D",0,"D",.,"A",.,"A",260,"D",0,"D",.,"A",.,"A",.,"A",.,"A"
"20151","03057841",25,0,"1",1300,"D",130,"D",.,"A",260,"D",0,"D",.,"A",.,"A",1170,"D",0,"D",.,"A",.,"A",.,"A",.,"A"
"20151","03057862",8,0,"1",1502,"F",.,"A",.,"A",673,"F",66,"F",.,"A",.,"A",1217,"F",122,"F",.,"A",.,"A",.,"A",.,"A"
"20151","03057874",28,0,"1",780,"D",260,"D",.,"A",325,"D",0,"D",.,"A",.,"A",520,"D",60,"D",.,"A",.,"A",.,"A",.,"A"
"20151","03057893",14,0,"1",1040,"D",130,"D",195,"D",260,"D",0,"D",.,"A",.,"A",910,"D",90,"D",.,"A",.,"A",.,"A",.,"A"
"20151","03057932",31,0,"1",1300,"D",0,"D",.,"A",650,"D",0,"D",.,"A",.,"A",1300,"D",75,"D",.,"A",.,"A",.,"A",.,"A"
"20151","03057964",62,0,"1",650,"D",130,"D",.,"A",0,"D",0,"D",.,"A",.,"A",520,"D",0,"D",.,"A",.,"A",.,"A",.,"A"
"20151","03058044",13,0,"1",975,"D",650,"D",.,"A",0,"D",0,"D",.,"A",.,"A",325,"D",0,"D",.,"A",.,"A",.,"A",.,"A"
"20151","03058061",45,0,"1",1300,"D",260,"D",.,"A",650,"D",0,"D",.,"A",.,"A",1040,"D",30,"D",.,"A",.,"A",.,"A",.,"A"
"20151","03058071",22,0,"1",650,"D",195,"D",.,"A",390,"D",90,"D",.,"A",.,"A",455,"D",120,"D",.,"A",.,"A",.,"A",.,"A"
"20151","03058093",27,0,"1",1300,"D",650,"D",.,"A",325,"D",0,"D",.,"A",.,"A",650,"D",150,"D",35,"D",455,"D",189,"F",.,"C"
"20151","03058134",21,0,"1",1300,"D",195,"D",.,"A",390,"D",0,"D",.,"A",60,"D",1105,"D",0,"D",.,"A",.,"A",.,"A",.,"A"
"20151","03058141",35,0,"1",1300,"D",390,"D",.,"A",1950,"D",0,"D",.,"A",.,"A",910,"D",21,"D",.,"A",.,"A",.,"A",.,"A"
"20151","03058162",22,0,"1",780,"D",325,"D",.,"A",0,"D",0,"D",.,"A",.,"A",455,"D",0,"D",.,"A",.,"A",.,"A",.,"A"
"20151","03058172",57,0,"1",1430,"D",520,"D",65,"D",520,"D",21,"D",.,"A",40,"D",910,"D",0,"D",.,"A",.,"A",.,"A",.,"A"
"20151","03058201",17,0,"1",975,"D",195,"D",.,"A",130,"D",0,"D",.,"A",.,"A",780,"D",0,"D",10,"D",130,"D",.,"A",.,"A"
"20151","03058221",26,0,"1",3250,"D",260,"D",.,"A",65,"D",0,"D",131,"D",.,"A",2990,"D",0,"D",.,"A",.,"A",.,"A",.,"A"
"20151","03058261",34,0,"1",1560,"D",390,"D",.,"A",390,"D",0,"D",.,"A",.,"A",1170,"D",0,"D",.,"A",.,"A",.,"A",.,"A"
"20151","03058293",17,0,"1",390,"D",0,"D",.,"A",312,"D",0,"D",.,"A",.,"A",390,"D",0,"D",.,"A",.,"A",.,"A",.,"A"
"20151","03058304",17,0,"1",780,"D",130,"D",.,"A",325,"D",0,"D",.,"A",300,"D",650,"D",0,"D",.,"A",.,"A",.,"A",.,"A"
"20151","03058354",30,0,"1",1950,"D",130,"D",.,"A",0,"D",0,"D",.,"A",.,"A",1820,"D",0,"D",.,"A",.,"A",130,"D",10,"D"
"20151","03058371",38,0,"1",520,"D",0,"D",65,"D",260,"D",0,"D",.,"A",.,"A",520,"D",0,"D",.,"A",.,"A",.,"A",.,"A"
"20151","03058382",28,0,"1",780,"D",260,"D",.,"A",455,"D",0,"D",.,"A",.,"A",520,"D",30,"D",.,"A",.,"A",.,"A",.,"A"
"20151","03058392",14,0,"1",0,"D",.,"A",.,"A",0,"D",0,"D",.,"A",.,"A",0,"D",33,"D",.,"A",.,"A",.,"A",.,"A"
"20151","03058403",17,0,"1",715,"D",130,"D",.,"A",130,"D",0,"D",.,"A",.,"A",585,"D",150,"D",.,"A",.,"A",.,"A",.,"A"
"20151","03058444",40,0,"1",780,"D",130,"D",.,"A",0,"D",0,"D",.,"A",.,"A",650,"D",0,"D",.,"A",.,"A",.,"A",.,"A"
"20151","03058452",33,0,"1",975,"D",260,"D",.,"A",390,"D",0,"D",.,"A",.,"A",715,"D",60,"D",.,"A",.,"A",.,"A",.,"A"
"20151","03058461",13,0,"1",2600,"D",325,"D",.,"A",260,"D",0,"D",.,"A",.,"A",2275,"D",0,"D",.,"A",.,"A",.,"A",.,"A"
"20151","03058471",29,0,"1",1625,"D",260,"D",.,"A",520,"D",0,"D",.,"A",.,"A",1365,"D",0,"D",.,"A",.,"A",.,"A",.,"A"
"20151","03058571",19,0,"1",975,"D",0,"D",.,"A",0,"D",0,"D",.,"A",.,"A",975,"D",0,"D",.,"A",.,"A",.,"A",.,"A"
"20151","03058611",29,0,"1",3900,"D",1300,"D",.,"A",0,"D",0,"D",.,"A",.,"A",2600,"D",0,"D",.,"A",.,"A",.,"A",.,"A"
"20151","03058761",27,0,"1",1950,"D",650,"D",.,"A",0,"D",66,"F",.,"A",.,"A",1300,"D",122,"F",10,"D",130,"D",.,"A",.,"A"
"20151","03058772",27,0,"1",1690,"D",390,"D",.,"A",260,"D",180,"D",.,"A",.,"A",1300,"D",180,"D",.,"A",.,"A",.,"A",.,"A"
"20151","03058784",41,0,"1",1300,"D",130,"D",.,"A",195,"D",0,"D",.,"A",.,"A",1170,"D",0,"D",.,"A",.,"A",65,"D",5,"D"
"20151","03058803",17,0,"1",975,"D",325,"D",.,"A",130,"D",0,"D",.,"A",.,"A",650,"D",0,"D",.,"A",.,"A",.,"A",.,"A"
"20151","03058823",23,0,"1",975,"D",0,"D",.,"A",260,"D",0,"D",.,"A",.,"A",975,"D",0,"D",.,"A",.,"A",.,"A",.,"A"
"20151","03058833",18,0,"1",2470,"D",260,"D",.,"A",390,"D",6,"D",.,"A",.,"A",2210,"D",6,"D",.,"A",.,"A",.,"A",.,"A"
"20151","03058861",39,0,"1",2600,"D",650,"D",260,"D",260,"D",0,"D",.,"A",.,"A",1950,"D",0,"D",.,"A",.,"A",.,"A",.,"A"
"20151","03058932",10,0,"1",1300,"D",520,"D",.,"A",520,"D",0,"D",20,"D",.,"A",780,"D",0,"D",20,"D",260,"D",.,"A",.,"A"
"20151","03059011",25,0,"1",3250,"D",650,"D",650,"D",650,"D",0,"D",.,"A",.,"A",2600,"D",0,"D",.,"A",.,"A",.,"A",.,"A"
"20151","03059024",14,0,"1",975,"D",260,"D",.,"A",65,"D",60,"D",.,"A",.,"A",715,"D",60,"D",.,"A",.,"A",.,"A",.,"A"
"20151","03059034",14,0,"1",1625,"D",325,"D",260,"D",715,"D",30,"D",.,"A",.,"A",1300,"D",0,"D",40,"D",520,"D",.,"A",.,"A"
"20151","03059141",44,0,"1",2600,"D",650,"D",.,"A",1560,"D",0,"D",.,"A",.,"A",1950,"D",0,"D",30,"D",390,"D",.,"A",.,"A"
"20151","03059164",25,0,"1",1950,"D",650,"D",.,"A",0,"D",0,"D",.,"A",.,"A",1300,"D",0,"D",25,"D",325,"D",.,"A",.,"A"
"20151","03059172",27,0,"1",780,"D",280,"F",.,"A",780,"D",0,"D",.,"A",132,"D",1094,"F",0,"D",.,"A",.,"A",.,"A",.,"A"
"20151","03059182",23,0,"1",975,"D",0,"D",65,"D",0,"D",0,"D",.,"A",.,"A",975,"D",0,"D",20,"D",260,"D",.,"A",.,"A"
"20151","03059203",20,0,"1",1300,"D",520,"D",260,"D",650,"D",0,"D",.,"A",.,"A",780,"D",60,"D",30,"D",390,"D",.,"A",.,"A"
"20151","03059231",26,0,"1",975,"D",130,"D",.,"A",0,"D",0,"D",.,"A",.,"A",845,"D",0,"D",.,"A",.,"A",.,"A",.,"A"
"20151","03059313",27,0,"1",975,"D",260,"D",260,"D",1300,"D",0,"D",.,"A",.,"A",715,"D",0,"D",.,"A",.,"A",.,"A",.,"A"
"20151","03059353",23,0,"1",650,"D",260,"D",.,"A",650,"D",0,"D",.,"A",.,"A",390,"D",0,"D",.,"A",.,"A",.,"A",.,"A"
"20151","03059362",25,0,"1",2600,"D",91,"D",195,"D",520,"D",0,"D",.,"A",600,"D",2509,"D",0,"D",.,"A",.,"A",.,"A",.,"A"
"20151","03059372",21,0,"1",1950,"D",130,"D",.,"A",0,"D",6,"D",.,"A",.,"A",1820,"D",0,"D",.,"A",.,"A",.,"A",.,"A"
"20151","03059402",15,0,"1",650,"D",0,"D",.,"A",0,"D",0,"D",.,"A",.,"A",650,"D",0,"D",.,"A",.,"A",.,"A",.,"A"
"20151","03059424",12,0,"1",130,"D",0,"D",.,"A",0,"D",0,"D",.,"A",.,"A",130,"D",0,"D",.,"A",.,"A",.,"A",.,"A"
"20151","03059433",27,0,"1",1625,"D",650,"D",130,"D",0,"D",0,"D",.,"A",150,"D",975,"D",75,"D",.,"A",.,"A",.,"A",.,"A"
"20151","03059442",38,0,"1",4160,"D",195,"D",.,"A",195,"D",45,"D",.,"A",.,"A",3965,"D",90,"D",.,"A",.,"A",.,"A",.,"A"
"20151","03059462",36,0,"1",1267,"F",.,"A",.,"A",650,"D",90,"D",.,"A",.,"A",1021,"F",0,"D",.,"A",.,"A",.,"A",.,"A"
"20151","03059472",29,0,"1",1950,"D",195,"D",.,"A",733,"F",0,"D",.,"A",.,"A",1755,"D",119,"F",.,"A",.,"A",.,"A",.,"A"
"20151","03059482",15,0,"1",260,"D",78,"D",.,"A",65,"D",0,"D",.,"A",.,"A",182,"D",30,"D",.,"A",.,"A",.,"A",.,"A"
"20151","03059501",13,0,"1",1300,"D",130,"D",.,"A",1040,"D",0,"D",.,"A",.,"A",1170,"D",0,"D",.,"A",.,"A",.,"A",.,"A"
"20151","03059543",31,0,"1",650,"D",195,"D",.,"A",910,"D",0,"D",.,"A",.,"A",455,"D",0,"D",.,"A",.,"A",.,"A",.,"A"
"20151","03059554",39,0,"1",1950,"D",520,"D",130,"D",520,"D",180,"D",.,"A",.,"A",1430,"D",60,"D",20,"D",260,"D",.,"A",.,"A"
"20151","03059574",25,0,"1",650,"D",390,"D",.,"A",0,"D",0,"D",.,"A",.,"A",260,"D",30,"D",15,"D",195,"D",.,"A",.,"A"
"20151","03059581",21,0,"1",1560,"D",520,"D",1040,"D",130,"D",0,"D",.,"A",.,"A",1040,"D",0,"D",100,"D",1300,"D",.,"A",.,"A"
"20151","03059694",15,0,"1",1625,"D",650,"D",.,"A",520,"D",0,"D",.,"A",.,"A",975,"D",0,"D",.,"A",.,"A",.,"A",.,"A"
"20151","03059701",22,0,"1",1300,"D",184,"F",.,"A",104,"D",0,"D",.,"A",.,"A",637,"F",0,"D",.,"A",.,"A",.,"A",.,"A"
"20151","03059722",61,0,"1",1986,"F",.,"A",327,"F",763,"F",0,"D",.,"A",.,"A",1613,"F",0,"D",.,"A",.,"A",.,"A",.,"A"
"20151","03059733",35,0,"1",1950,"D",260,"D",.,"A",2600,"D",300,"D",.,"A",.,"A",1690,"D",300,"D",.,"A",.,"A",.,"A",.,"A"
"20151","03059751",28,0,"1",1456,"D",234,"D",156,"D",520,"D",0,"D",.,"A",.,"A",1222,"D",0,"D",.,"A",.,"A",.,"A",.,"A"
"20151","03059784",33,0,"1",585,"D",65,"D",.,"A",0,"D",0,"D",.,"A",.,"A",520,"D",120,"D",20,"D",260,"D",.,"A",.,"A"
"20151","03059824",14,0,"1",325,"D",39,"D",.,"A",0,"D",0,"D",.,"A",.,"A",286,"D",24,"D",10,"D",130,"D",.,"A",.,"A"
"20151","03059854",33,0,"1",3900,"D",520,"D",.,"A",650,"D",0,"D",.,"A",.,"A",3380,"D",0,"D",.,"A",.,"A",.,"A",.,"A"
"20151","03059861",14,0,"1",1170,"D",195,"D",.,"A",0,"D",0,"D",.,"A",.,"A",975,"D",0,"D",40,"D",520,"D",780,"D",60,"D"
"20151","03059883",20,0,"1",780,"D",65,"D",130,"D",130,"D",0,"D",.,"A",.,"A",715,"D",0,"D",.,"A",.,"A",.,"A",.,"A"
"20151","03059892",45,0,"1",1300,"D",260,"D",.,"A",130,"D",0,"D",.,"A",225,"D",1040,"D",0,"D",.,"A",.,"A",.,"A",.,"A"
"20151","03059902",14,0,"1",390,"D",214,"F",.,"A",195,"D",0,"D",.,"A",.,"A",694,"F",0,"D",.,"A",.,"A",.,"A",.,"A"
"20151","03059931",20,0,"1",780,"D",390,"D",.,"A",26,"D",0,"D",.,"A",.,"A",390,"D",0,"D",4,"D",52,"D",.,"A",.,"A"
"20151","03059994",19,0,"1",715,"D",195,"D",.,"A",520,"D",0,"D",.,"A",.,"A",520,"D",75,"D",.,"A",.,"A",.,"A",.,"A"
"20151","03060044",28,0,"1",650,"D",130,"D",.,"A",130,"D",6,"D",.,"A",.,"A",520,"D",6,"D",.,"A",.,"A",.,"A",.,"A"
"20151","03060052",21,0,"1",4550,"D",650,"D",1950,"D",325,"D",60,"D",.,"A",.,"A",3900,"D",480,"D",.,"A",.,"A",.,"A",.,"A"
"20151","03060064",18,0,"1",1040,"D",130,"D",65,"D",455,"D",30,"D",.,"A",.,"A",910,"D",0,"D",.,"A",.,"A",.,"A",.,"A"
"20151","03060083",20,0,"1",1950,"D",650,"D",.,"A",0,"D",0,"D",.,"A",.,"A",1300,"D",0,"D",30,"D",390,"D",.,"A",.,"A"
"20151","03060114",26,0,"1",1820,"D",130,"D",.,"A",260,"D",0,"D",.,"A",.,"A",1690,"D",0,"D",.,"A",.,"A",.,"A",.,"A"
"20151","03060132",15,0,"1",650,"D",221,"F",.,"A",0,"D",0,"D",.,"A",.,"A",753,"F",0,"D",.,"A",.,"A",.,"A",.,"A"
"20151","03060214",32,0,"1",585,"D",130,"D",65,"D",260,"D",0,"D",.,"A",.,"A",455,"D",0,"D",.,"A",.,"A",.,"A",.,"A"
"20151","03060224",18,0,"1",1690,"D",390,"D",.,"A",0,"D",0,"D",.,"A",.,"A",1300,"D",0,"D",8,"D",104,"D",.,"A",.,"A"
"20151","03060243",26,0,"1",1560,"D",104,"D",.,"A",650,"D",120,"D",.,"A",.,"A",1456,"D",150,"D",.,"A",.,"A",.,"A",.,"A"
"20151","03060274",43,0,"1",2600,"D",650,"D",.,"A",650,"D",90,"D",.,"A",.,"A",1950,"D",300,"D",.,"A",.,"A",.,"A",.,"A"
"20151","03060304",16,0,"1",1300,"D",325,"D",.,"A",0,"D",0,"D",.,"A",.,"A",975,"D",0,"D",13,"D",169,"D",.,"A",.,"A"
"20151","03060334",29,0,"1",1560,"D",520,"D",.,"A",1300,"D",180,"D",312,"D",.,"A",1040,"D",120,"D",40,"D",520,"D",.,"A",.,"A"
"20151","03060341",17,0,"1",650,"D",130,"D",.,"A",0,"D",0,"D",.,"A",.,"A",520,"D",0,"D",.,"A",.,"A",.,"A",.,"A"
"20151","03060404",12,0,"1",780,"D",260,"D",.,"A",130,"D",0,"D",.,"A",.,"A",520,"D",0,"D",.,"A",.,"A",.,"A",.,"A"
"20151","03060413",21,0,"1",1950,"D",650,"D",3900,"D",650,"D",0,"D",.,"A",.,"A",1300,"D",0,"D",.,"A",.,"A",.,"A",.,"A"
"20151","03060473",19,0,"1",975,"D",325,"D",.,"A",390,"D",30,"D",.,"A",.,"A",650,"D",240,"D",5,"D",65,"D",.,"A",.,"A"
"20151","03060511",22,0,"1",1950,"D",520,"D",650,"D",390,"D",0,"D",.,"A",.,"A",1430,"D",0,"D",.,"A",.,"A",.,"A",.,"A"
"20151","03060522",15,0,"1",780,"D",296,"F",.,"A",650,"D",85,"F",.,"A",325,"D",1361,"F",150,"D",.,"A",.,"A",184,"F",.,"C"
"20151","03060531",9,0,"1",1300,"D",650,"D",.,"A",260,"D",0,"D",.,"A",.,"A",650,"D",360,"D",.,"A",.,"A",.,"A",.,"A"
"20151","03060543",23,0,"1",1625,"D",325,"D",.,"A",390,"D",0,"D",.,"A",.,"A",1300,"D",0,"D",.,"A",.,"A",.,"A",.,"A"
"20151","03060561",26,0,"1",1040,"D",520,"D",.,"A",390,"D",60,"D",.,"A",.,"A",520,"D",30,"D",.,"A",.,"A",.,"A",.,"A"
"20151","03060571",68,0,"1",3900,"D",437,"F",.,"A",1300,"D",0,"D",.,"A",.,"A",1882,"F",0,"D",.,"A",.,"A",.,"A",.,"A"
"20151","03060582",47,0,"1",1040,"D",260,"D",39,"D",260,"D",60,"D",.,"A",.,"A",780,"D",18,"D",20,"D",260,"D",.,"A",.,"A"
"20151","03060613",33,0,"1",975,"D",260,"D",.,"A",325,"D",0,"D",.,"A",.,"A",715,"D",0,"D",.,"A",.,"A",.,"A",.,"A"
"20151","03060621",16,0,"1",1300,"D",0,"D",260,"D",0,"D",0,"D",.,"A",.,"A",1300,"D",120,"D",10,"D",130,"D",.,"A",.,"A"
"20151","03060643",26,0,"1",1950,"D",260,"D",.,"A",169,"D",6,"D",.,"A",.,"A",1690,"D",6,"D",.,"A",.,"A",.,"A",.,"A"
"20151","03060652",17,0,"1",1950,"D",650,"D",.,"A",0,"D",0,"D",.,"A",.,"A",1300,"D",0,"D",.,"A",.,"A",.,"A",.,"A"
"20151","03060661",24,0,"1",520,"D",130,"D",.,"A",260,"D",0,"D",.,"A",.,"A",390,"D",0,"D",.,"A",.,"A",.,"A",.,"A"
"20151","03060764",27,0,"1",1300,"D",390,"D",.,"A",260,"D",0,"D",.,"A",.,"A",910,"D",0,"D",.,"A",.,"A",.,"A",.,"A"
"20151","03060782",18,0,"1",1950,"D",650,"D",260,"D",65,"D",0,"D",.,"A",.,"A",1300,"D",120,"D",20,"D",260,"D",.,"A",.,"A"
"20151","03060851",41,0,"1",2600,"D",650,"D",.,"A",650,"D",120,"D",.,"A",60,"D",1950,"D",120,"D",.,"A",.,"A",.,"A",.,"A"
"20151","03060862",15,0,"1",910,"D",260,"D",.,"A",130,"D",0,"D",.,"A",.,"A",650,"D",0,"D",.,"A",.,"A",.,"A",.,"A"
"20151","03060872",16,0,"1",1625,"D",260,"D",.,"A",1300,"D",0,"D",.,"A",.,"A",1365,"D",0,"D",.,"A",.,"A",.,"A",.,"A"
"20151","03060892",25,0,"1",2080,"D",390,"D",260,"D",130,"D",0,"D",.,"A",.,"A",1690,"D",0,"D",.,"A",.,"A",.,"A",.,"A"
"20151","03060931",36,0,"1",1560,"D",390,"D",.,"A",130,"D",0,"D",.,"A",.,"A",1170,"D",0,"D",.,"A",.,"A",.,"A",.,"A"
"20151","03060941",18,0,"1",1625,"D",455,"D",.,"A",975,"D",0,"D",.,"A",.,"A",1170,"D",6,"D",35,"D",455,"D",.,"A",.,"A"
"20151","03060954",11,0,"1",3250,"D",975,"D",195,"D",520,"D",0,"D",.,"A",.,"A",2275,"D",120,"D",.,"A",.,"A",.,"A",.,"A"
"20151","03060961",30,0,"1",1625,"D",260,"D",.,"A",260,"D",0,"D",.,"A",.,"A",1365,"D",0,"D",.,"A",.,"A",.,"A",.,"A"
"20151","03060973",28,0,"1",650,"D",26,"D",.,"A",624,"D",0,"D",.,"A",.,"A",624,"D",0,"D",.,"A",.,"A",.,"A",.,"A"
"20151","03061014",22,0,"1",585,"D",104,"D",.,"A",195,"D",0,"D",.,"A",.,"A",481,"D",45,"D",.,"A",.,"A",.,"A",.,"A"
"20151","03061072",11,0,"1",910,"D",65,"D",.,"A",390,"D",0,"D",.,"A",.,"A",845,"D",0,"D",.,"A",.,"A",.,"A",.,"A"
"20151","03061103",12,0,"1",780,"D",130,"D",.,"A",65,"D",0,"D",.,"A",.,"A",650,"D",0,"D",.,"A",.,"A",.,"A",.,"A"
"20151","03061131",16,0,"1",1300,"D",130,"D",.,"A",0,"D",0,"D",.,"A",.,"A",1170,"D",0,"D",.,"A",.,"A",.,"A",.,"A"
"20151","03061183",36,0,"1",975,"D",455,"D",.,"A",1300,"D",6,"D",.,"A",.,"A",520,"D",6,"D",60,"D",780,"D",.,"A",.,"A"
"20151","03061192",34,0,"1",1950,"D",0,"D",.,"A",104,"D",0,"D",.,"A",.,"A",1950,"D",0,"D",.,"A",.,"A",.,"A",.,"A"
"20151","03061231",18,0,"1",598,"D",0,"D",.,"A",0,"D",0,"D",.,"A",.,"A",598,"D",0,"D",.,"A",.,"A",.,"A",.,"A"
"20151","03061241",37,0,"1",975,"D",260,"D",.,"A",260,"D",0,"D",.,"A",.,"A",715,"D",0,"D",.,"A",.,"A",.,"A",.,"A"
"20151","03061253",26,0,"1",975,"D",130,"D",.,"A",975,"D",0,"D",.,"A",.,"A",845,"D",0,"D",.,"A",.,"A",325,"D",25,"D"
"20151","03061291",35,0,"1",390,"D",0,"D",.,"A",325,"D",0,"D",.,"A",.,"A",390,"D",0,"D",.,"A",.,"A",.,"A",.,"A"
"20151","03061353",41,0,"1",1690,"D",195,"D",325,"D",260,"D",60,"D",.,"A",.,"A",1495,"D",450,"D",.,"A",.,"A",.,"A",.,"A"
"20151","03061382",28,0,"1",1300,"D",650,"D",.,"A",1300,"D",60,"D",.,"A",.,"A",650,"D",60,"D",50,"D",650,"D",.,"A",.,"A"
"20151","03061442",26,0,"1",1430,"D",65,"D",390,"D",0,"D",0,"D",.,"A",.,"A",1365,"D",0,"D",29,"D",377,"D",.,"A",.,"A"
"20151","03061474",26,0,"1",520,"D",130,"D",.,"A",39,"D",45,"D",.,"A",.,"A",390,"D",60,"D",.,"A",.,"A",.,"A",.,"A"
"20151","03061482",27,0,"1",650,"D",130,"D",.,"A",260,"D",0,"D",.,"A",.,"A",520,"D",0,"D",10,"D",130,"D",.,"A",.,"A"
"20151","03061553",23,0,"1",1300,"D",195,"D",.,"A",260,"D",0,"D",.,"A",.,"A",1105,"D",15,"D",.,"A",.,"A",.,"A",.,"A"
"20151","03061574",18,0,"1",1300,"D",260,"D",.,"A",0,"D",0,"D",.,"A",.,"A",1040,"D",0,"D",.,"A",.,"A",.,"A",.,"A"
"20151","03061591",20,0,"1",975,"D",390,"D",.,"A",260,"D",0,"D",.,"A",.,"A",585,"D",0,"D",.,"A",.,"A",.,"A",.,"A"
"20151","03061603",19,0,"1",2730,"D",520,"D",.,"A",195,"D",30,"D",.,"A",.,"A",2210,"D",75,"D",20,"D",260,"D",.,"A",.,"A"
"20151","03061613",25,0,"1",910,"D",130,"D",.,"A",52,"D",0,"D",.,"A",.,"A",780,"D",0,"D",.,"A",.,"A",.,"A",.,"A"
"20151","03061632",24,0,"1",780,"D",130,"D",.,"A",390,"D",0,"D",.,"A",.,"A",650,"D",0,"D",.,"A",.,"A",.,"A",.,"A"
"20151","03061714",33,0,"1",1040,"D",520,"D",.,"A",650,"D",150,"D",.,"A",.,"A",520,"D",0,"D",.,"A",.,"A",.,"A",.,"A"
"20151","03061722",26,0,"1",650,"D",130,"D",.,"A",130,"D",0,"D",.,"A",.,"A",520,"D",6,"D",.,"A",.,"A",.,"A",.,"A"
"20151","03061751",8,0,"1",650,"D",0,"D",.,"A",0,"D",0,"D",.,"A",.,"A",650,"D",0,"D",50,"D",650,"D",.,"A",.,"A"
"20151","03061762",20,0,"1",1300,"D",260,"D",.,"A",130,"D",6,"D",.,"A",.,"A",1040,"D",6,"D",.,"A",.,"A",.,"A",.,"A"
"20151","03061773",21,0,"1",585,"D",130,"D",.,"A",91,"D",6,"D",.,"A",.,"A",455,"D",6,"D",.,"A",.,"A",.,"A",.,"A"
"20151","03061783",19,0,"1",914,"F",.,"A",.,"A",553,"F",121,"F",.,"A",.,"A",753,"F",106,"F",.,"A",.,"A",.,"A",.,"A"
"20151","03061853",12,0,"1",585,"D",65,"D",.,"A",195,"D",0,"D",.,"A",.,"A",520,"D",0,"D",.,"A",.,"A",.,"A",.,"A"
"20151","03061873",43,0,"1",1625,"D",520,"D",130,"D",520,"D",0,"D",.,"A",.,"A",1105,"D",15,"D",.,"A",.,"A",.,"A",.,"A"
"20151","03061884",29,0,"1",1040,"D",0,"D",130,"D",0,"D",6,"D",.,"A",.,"A",1040,"D",6,"D",.,"A",.,"A",.,"A",.,"A"
"20151","03061971",29,0,"1",2600,"D",325,"D",.,"A",455,"D",0,"D",.,"A",.,"A",2275,"D",0,"D",.,"A",.,"A",195,"D",15,"D"
"20151","03062054",23,0,"1",1625,"D",481,"D",.,"A",780,"D",0,"D",.,"A",.,"A",1144,"D",0,"D",.,"A",.,"A",.,"A",.,"A"
"20151","03062072",9,0,"1",650,"D",0,"D",.,"A",0,"D",0,"D",.,"A",.,"A",650,"D",6,"D",8,"D",104,"D",.,"A",.,"A"
"20151","03062091",21,0,"1",650,"D",130,"D",.,"A",260,"D",0,"D",.,"A",.,"A",520,"D",0,"D",35,"D",455,"D",.,"A",.,"A"
"20151","03062104",18,0,"1",1170,"D",390,"D",325,"D",0,"D",0,"D",.,"A",.,"A",780,"D",240,"D",80,"D",1040,"D",.,"A",.,"A"
"20151","03062164",25,0,"1",1300,"D",65,"D",.,"A",260,"D",0,"D",.,"A",.,"A",1235,"D",0,"D",.,"A",.,"A",.,"A",.,"A"
"20151","03062193",33,0,"1",1300,"D",331,"F",.,"A",650,"D",150,"D",.,"A",.,"A",1029,"F",75,"D",.,"A",.,"A",.,"A",.,"A"
"20151","03062222",23,0,"1",914,"F",.,"A",39,"D",39,"D",6,"D",.,"A",.,"A",753,"F",6,"D",.,"A",.,"A",.,"A",.,"A"
"20151","03062251",21,0,"1",1300,"D",0,"D",.,"A",5200,"D",0,"D",.,"A",5,"D",1300,"D",90,"D",.,"A",.,"A",390,"D",30,"D"
"20151","03062322",22,0,"1",975,"D",325,"D",.,"A",130,"D",6,"D",.,"A",.,"A",650,"D",6,"D",.,"A",.,"A",.,"A",.,"A"
"20151","03062353",15,0,"1",1950,"D",361,"F",.,"A",823,"F",6,"D",.,"A",.,"A",1269,"F",6,"D",.,"A",.,"A",.,"A",.,"A"
"20151","03062424",13,0,"1",2137,"F",.,"A",.,"A",0,"D",0,"D",.,"A",.,"A",1823,"F",0,"D",.,"A",.,"A",.,"A",.,"A"
"20151","03062493",25,0,"1",1196,"D",260,"D",.,"A",390,"D",45,"D",.,"A",.,"A",936,"D",60,"D",.,"A",.,"A",.,"A",.,"A"
"20151","03062501",20,0,"1",650,"D",195,"D",130,"D",390,"D",0,"D",.,"A",.,"A",455,"D",0,"D",.,"A",.,"A",.,"A",.,"A"
"20151","03062513",22,0,"1",1170,"D",260,"D",.,"A",0,"D",0,"D",.,"A",.,"A",910,"D",0,"D",.,"A",.,"A",.,"A",.,"A"
"20151","03062521",8,0,"1",910,"D",0,"D",.,"A",91,"D",0,"D",.,"A",.,"A",910,"D",0,"D",.,"A",.,"A",.,"A",.,"A"
"20151","03062542",21,0,"1",975,"D",195,"D",.,"A",0,"D",0,"D",.,"A",.,"A",780,"D",0,"D",.,"A",.,"A",.,"A",.,"A"
"20151","03062571",41,0,"1",1300,"D",520,"D",.,"A",65,"D",0,"D",.,"A",.,"A",780,"D",39,"D",7,"D",91,"D",.,"A",.,"A"
"20151","03062603",22,0,"1",1950,"D",390,"D",.,"A",650,"D",30,"D",.,"A",.,"A",1560,"D",60,"D",.,"A",.,"A",.,"A",.,"A"
"20151","03062643",63,0,"1",1300,"D",390,"D",130,"D",910,"D",120,"D",.,"A",.,"A",910,"D",90,"D",.,"A",.,"A",.,"A",.,"A"
"20151","03062721",34,0,"1",1430,"D",260,"D",.,"A",520,"D",0,"D",.,"A",.,"A",1170,"D",15,"D",.,"A",.,"A",.,"A",.,"A"
"20151","03062734",40,0,"1",1300,"D",260,"D",130,"D",390,"D",0,"D",.,"A",8,"D",1040,"D",0,"D",.,"A",.,"A",.,"A",.,"A"
"20151","03062741",27,0,"1",650,"D",130,"D",.,"A",0,"D",0,"D",.,"A",.,"A",520,"D",15,"D",.,"A",.,"A",.,"A",.,"A"
"20151","03062773",31,0,"1",975,"D",130,"D",.,"A",195,"D",0,"D",.,"A",.,"A",845,"D",0,"D",.,"A",.,"A",13,"D",1,"D"
"20151","03062784",19,0,"1",1300,"D",0,"D",78,"D",0,"D",0,"D",.,"A",.,"A",1300,"D",0,"D",10,"D",130,"D",.,"A",.,"A"
"20151","03062792",11,0,"1",325,"D",0,"D",.,"A",130,"D",0,"D",.,"A",.,"A",325,"D",0,"D",.,"A",.,"A",.,"A",.,"A"
"20151","03062813",13,0,"1",910,"D",390,"D",.,"A",0,"D",0,"D",.,"A",.,"A",520,"D",0,"D",.,"A",.,"A",.,"A",.,"A"
"20151","03062823",6,0,"1",637,"D",0,"D",.,"A",0,"D",0,"D",.,"A",.,"A",637,"D",0,"D",.,"A",.,"A",.,"A",.,"A"
"20151","03062831",66,0,"1",975,"D",0,"D",.,"A",130,"D",60,"D",.,"A",.,"A",975,"D",480,"D",.,"A",.,"A",.,"A",.,"A"
"20151","03062852",34,0,"1",2600,"D",260,"D",.,"A",520,"D",0,"D",.,"A",.,"A",2340,"D",0,"D",38,"D",494,"D",.,"A",.,"A"
"20151","03062864",19,0,"1",1300,"D",325,"D",.,"A",0,"D",0,"D",.,"A",.,"A",975,"D",0,"D",.,"A",.,"A",.,"A",.,"A"
"20151","03062921",15,0,"1",1300,"D",390,"D",.,"A",0,"D",0,"D",.,"A",.,"A",910,"D",0,"D",.,"A",.,"A",.,"A",.,"A"
"20151","03062932",17,0,"1",1235,"D",260,"D",130,"D",520,"D",0,"D",.,"A",.,"A",975,"D",0,"D",25,"D",325,"D",.,"A",.,"A"
"20151","03062961",44,0,"1",5200,"D",441,"F",.,"A",763,"F",85,"F",.,"A",188,"D",1613,"F",300,"D",.,"A",.,"A",.,"A",.,"A"
"20151","03063013",16,0,"1",975,"D",325,"D",.,"A",195,"D",0,"D",.,"A",.,"A",650,"D",60,"D",.,"A",.,"A",.,"A",.,"A"
"20151","03063024",25,0,"1",260,"D",0,"D",.,"A",0,"D",0,"D",.,"A",.,"A",260,"D",0,"D",.,"A",.,"A",.,"A",.,"A"
"20151","03063033",31,0,"1",1300,"D",0,"D",.,"A",0,"D",0,"D",.,"A",.,"A",1300,"D",0,"D",.,"A",.,"A",.,"A",.,"A"
"20151","03063053",33,0,"1",1105,"D",325,"D",.,"A",520,"D",60,"D",.,"A",.,"A",780,"D",240,"D",.,"A",.,"A",.,"A",.,"A"
"20151","03063081",39,0,"1",2600,"D",195,"D",78,"D",260,"D",0,"D",.,"A",75,"D",2405,"D",0,"D",.,"A",.,"A",.,"A",.,"A"
"20151","03063093",52,0,"1",1625,"D",0,"D",260,"D",455,"D",0,"D",.,"A",.,"A",1625,"D",150,"D",20,"D",260,"D",.,"A",.,"A"
"20151","03063102",41,0,"1",3250,"D",780,"D",.,"A",520,"D",0,"D",.,"A",.,"A",2470,"D",0,"D",50,"D",650,"D",.,"A",.,"A"
"20151","03063132",39,0,"1",1105,"D",195,"D",.,"A",650,"D",0,"D",.,"A",.,"A",910,"D",60,"D",.,"A",.,"A",.,"A",.,"A"
"20151","03063162",23,0,"1",5200,"D",1170,"D",.,"A",325,"D",0,"D",.,"A",.,"A",4030,"D",60,"D",.,"A",.,"A",.,"A",.,"A"
"20151","03063182",20,0,"1",260,"D",0,"D",.,"A",208,"D",0,"D",.,"A",.,"A",260,"D",0,"D",.,"A",.,"A",.,"A",.,"A"
"20151","03063191",39,0,"1",1300,"D",650,"D",.,"A",0,"D",0,"D",.,"A",.,"A",650,"D",45,"D",.,"A",.,"A",.,"A",.,"A"
"20151","03063321",20,0,"1",1300,"D",325,"D",.,"A",0,"D",0,"D",.,"A",.,"A",975,"D",21,"D",.,"A",.,"A",.,"A",.,"A"
"20151","03063344",20,0,"1",3900,"D",1300,"D",.,"A",1950,"D",105,"D",.,"A",.,"A",2600,"D",90,"D",.,"A",.,"A",.,"A",.,"A"
"20151","03063374",17,0,"1",390,"D",0,"D",.,"A",0,"D",0,"D",.,"A",.,"A",390,"D",0,"D",.,"A",.,"A",.,"A",.,"A"
"20151","03063423",21,0,"1",780,"D",0,"D",.,"A",195,"D",0,"D",.,"A",.,"A",780,"D",0,"D",.,"A",.,"A",.,"A",.,"A"
"20151","03063451",14,0,"1",0,"D",.,"A",.,"A",0,"D",6,"D",.,"A",.,"A",0,"D",6,"D",.,"A",.,"A",.,"A",.,"A"
"20151","03063534",22,0,"1",520,"D",130,"D",.,"A",780,"D",120,"D",.,"A",.,"A",390,"D",720,"D",5,"D",65,"D",.,"A",.,"A"
"20151","03063572",22,0,"1",520,"D",130,"D",.,"A",260,"D",0,"D",.,"A",.,"A",390,"D",0,"D",.,"A",.,"A",.,"A",.,"A"
"20151","03063591",32,0,"1",1300,"D",325,"D",.,"A",0,"D",0,"D",.,"A",.,"A",975,"D",240,"D",.,"A",.,"A",.,"A",.,"A"
"20151","03063613",16,0,"1",845,"D",325,"D",.,"A",0,"D",0,"D",.,"A",.,"A",520,"D",0,"D",.,"A",.,"A",.,"A",.,"A"
"20151","03063622",15,0,"1",520,"D",260,"D",.,"A",130,"D",0,"D",.,"A",.,"A",260,"D",0,"D",.,"A",.,"A",.,"A",.,"A"
"20151","03063684",40,0,"1",1300,"D",0,"D",.,"A",325,"D",0,"D",.,"A",.,"A",1300,"D",0,"D",.,"A",.,"A",.,"A",.,"A"
"20151","03063701",31,0,"1",1950,"D",390,"D",.,"A",1950,"D",135,"D",.,"A",.,"A",1560,"D",255,"D",35,"D",455,"D",65,"D",5,"D"
"20151","03063722",28,0,"1",650,"D",0,"D",.,"A",390,"D",0,"D",.,"A",.,"A",650,"D",240,"D",.,"A",.,"A",.,"A",.,"A"
"20151","03063742",11,0,"1",585,"D",65,"D",.,"A",0,"D",0,"D",.,"A",.,"A",520,"D",0,"D",.,"A",.,"A",.,"A",.,"A"
"20151","03063754",24,0,"1",975,"D",325,"D",.,"A",325,"D",6,"D",.,"A",.,"A",650,"D",30,"D",.,"A",.,"A",.,"A",.,"A"
"20151","03063762",30,0,"1",1300,"D",260,"D",.,"A",390,"D",60,"D",.,"A",.,"A",1040,"D",75,"D",20,"D",260,"D",130,"D",10,"D"
"20151","03063864",12,0,"1",1300,"D",195,"D",.,"A",0,"D",6,"D",328,"F",.,"A",1105,"D",6,"D",.,"A",.,"A",.,"A",.,"A"
"20151","03063893",17,0,"1",715,"D",195,"D",.,"A",65,"D",0,"D",.,"A",.,"A",520,"D",0,"D",10,"D",130,"D",.,"A",.,"A"
"20151","03063903",51,0,"1",650,"D",130,"D",.,"A",78,"D",0,"D",.,"A",.,"A",520,"D",0,"D",.,"A",.,"A",.,"A",.,"A"
"20151","03063914",19,0,"1",975,"D",325,"D",.,"A",325,"D",0,"D",.,"A",.,"A",650,"D",0,"D",.,"A",.,"A",.,"A",.,"A"
"20151","03063921",21,0,"1",975,"D",130,"D",.,"A",390,"D",0,"D",.,"A",.,"A",845,"D",0,"D",.,"A",.,"A",.,"A",.,"A"
"20151","03063932",17,0,"1",390,"D",0,"D",.,"A",0,"D",0,"D",.,"A",.,"A",390,"D",6,"D",.,"A",.,"A",.,"A",.,"A"
"20151","03063991",12,0,"1",910,"D",260,"D",.,"A",0,"D",0,"D",.,"A",.,"A",650,"D",0,"D",.,"A",.,"A",.,"A",.,"A"
"20151","03064002",24,0,"1",845,"D",195,"D",.,"A",130,"D",0,"D",.,"A",.,"A",650,"D",90,"D",.,"A",.,"A",.,"A",.,"A"
"20151","03064033",36,0,"1",1950,"D",650,"D",.,"A",520,"D",0,"D",.,"A",.,"A",1300,"D",150,"D",.,"A",.,"A",.,"A",.,"A"
"20151","03064083",18,0,"1",1625,"D",325,"D",650,"D",0,"D",60,"D",.,"A",.,"A",1300,"D",0,"D",.,"A",.,"A",.,"A",.,"A"
"20151","03064102",23,0,"1",780,"D",130,"D",169,"D",65,"D",0,"D",.,"A",.,"A",650,"D",0,"D",.,"A",.,"A",.,"A",.,"A"
"20151","03064114",10,0,"1",1300,"D",130,"D",.,"A",0,"D",0,"D",.,"A",.,"A",1170,"D",0,"D",40,"D",520,"D",.,"A",.,"A"
"20151","03064134",15,0,"1",1300,"D",390,"D",.,"A",260,"D",0,"D",.,"A",.,"A",910,"D",0,"D",.,"A",.,"A",.,"A",.,"A"
"20151","03064154",49,0,"1",1950,"D",195,"D",.,"A",650,"D",120,"D",.,"A",.,"A",1755,"D",300,"D",.,"A",.,"A",.,"A",.,"A"
"20151","03064194",37,0,"1",1300,"D",130,"D",.,"A",520,"D",66,"F",.,"A",.,"A",1170,"D",122,"F",.,"A",.,"A",.,"A",.,"A"
"20151","03064211",28,0,"1",1300,"D",195,"D",.,"A",260,"D",0,"D",.,"A",48,"D",1105,"D",45,"D",28,"D",364,"D",.,"A",.,"A"
"20151","03064222",14,0,"1",975,"D",260,"D",.,"A",0,"D",0,"D",.,"A",.,"A",715,"D",0,"D",.,"A",.,"A",.,"A",.,"A"
"20151","03064244",16,0,"1",650,"D",130,"D",.,"A",195,"D",0,"D",.,"A",.,"A",520,"D",0,"D",20,"D",260,"D",.,"A",.,"A"
"20151","03064263",23,0,"1",975,"D",195,"D",975,"D",260,"D",0,"D",.,"A",.,"A",780,"D",60,"D",50,"D",650,"D",.,"A",.,"A"
"20151","03064293",14,0,"1",650,"D",130,"D",.,"A",0,"D",0,"D",.,"A",.,"A",520,"D",0,"D",.,"A",.,"A",.,"A",.,"A"
"20151","03064354",84,0,"1",1300,"D",455,"D",195,"D",65,"D",0,"D",65,"D",.,"A",845,"D",0,"D",42,"D",546,"D",.,"A",.,"A"
"20151","03064374",53,0,"1",1300,"D",325,"D",.,"A",1300,"D",600,"D",.,"A",.,"A",975,"D",150,"D",.,"A",.,"A",.,"A",.,"A"
"20151","03064394",35,0,"1",1560,"D",260,"D",.,"A",520,"D",0,"D",.,"A",100,"D",1300,"D",0,"D",147,"D",1911,"D",.,"A",.,"A"
"20151","03064402",47,0,"1",1300,"D",195,"D",.,"A",65,"D",0,"D",.,"A",.,"A",1105,"D",45,"D",.,"A",.,"A",.,"A",.,"A"
"20151","03064443",22,0,"1",1560,"D",650,"D",.,"A",0,"D",0,"D",.,"A",.,"A",910,"D",0,"D",.,"A",.,"A",.,"A",.,"A"
"20151","03064543",8,0,"1",650,"D",390,"D",.,"A",0,"D",0,"D",.,"A",.,"A",260,"D",0,"D",10,"D",130,"D",.,"A",.,"A"
"20151","03064611",35,0,"1",2340,"D",0,"D",.,"A",975,"D",6,"D",.,"A",.,"A",2340,"D",6,"D",.,"A",.,"A",.,"A",.,"A"
"20151","03064653",28,0,"1",4550,"D",1040,"D",130,"D",520,"D",0,"D",.,"A",.,"A",3510,"D",0,"D",15,"D",195,"D",702,"D",54,"D"
"20151","03064663",37,0,"1",1300,"D",0,"D",.,"A",1040,"D",90,"D",.,"A",.,"A",1300,"D",360,"D",35,"D",455,"D",.,"A",.,"A"
"20151","03064722",28,0,"1",1950,"D",260,"D",390,"D",780,"D",0,"D",.,"A",.,"A",1690,"D",0,"D",.,"A",.,"A",.,"A",.,"A"
"20151","03064734",16,0,"1",1300,"D",260,"D",.,"A",673,"F",0,"D",.,"A",.,"A",1040,"D",0,"D",.,"A",.,"A",.,"A",.,"A"
"20151","03064754",20,0,"1",156,"D",0,"D",.,"A",39,"D",0,"D",.,"A",.,"A",156,"D",0,"D",.,"A",.,"A",.,"A",.,"A"
"20151","03064763",19,0,"1",975,"D",650,"D",.,"A",0,"D",0,"D",.,"A",.,"A",325,"D",0,"D",50,"D",650,"D",.,"A",.,"A"
"20151","03064782",21,0,"1",650,"D",325,"D",.,"A",260,"D",0,"D",.,"A",.,"A",325,"D",0,"D",.,"A",.,"A",.,"A",.,"A"
"20151","03064843",13,0,"1",2137,"F",.,"A",.,"A",733,"F",85,"F",.,"A",.,"A",1823,"F",119,"F",.,"A",.,"A",.,"A",.,"A"
"20151","03064863",29,0,"1",520,"D",130,"D",.,"A",0,"D",27,"D",.,"A",.,"A",390,"D",6,"D",.,"A",.,"A",.,"A",.,"A"
"20151","03064891",21,0,"1",1950,"D",325,"D",.,"A",0,"D",0,"D",.,"A",120,"D",1625,"D",0,"D",.,"A",.,"A",130,"D",10,"D"
"20151","03064903",16,0,"1",1502,"F",.,"A",.,"A",673,"F",66,"F",.,"A",.,"A",1217,"F",122,"F",.,"A",.,"A",.,"A",.,"A"
"20151","03064914",41,0,"1",1625,"D",325,"D",.,"A",325,"D",60,"D",.,"A",99,"D",1300,"D",75,"D",.,"A",.,"A",.,"A",.,"A"
"20151","03064922",20,0,"1",780,"D",260,"D",.,"A",0,"D",0,"D",.,"A",.,"A",520,"D",0,"D",.,"A",.,"A",.,"A",.,"A"
"20151","03064932",26,0,"1",1300,"D",650,"D",.,"A",650,"D",0,"D",.,"A",.,"A",650,"D",0,"D",.,"A",.,"A",.,"A",.,"A"
"20151","03064953",34,0,"1",1794,"D",325,"D",.,"A",975,"D",0,"D",.,"A",120,"D",1469,"D",0,"D",.,"A",.,"A",.,"A",.,"A"
"20151","03064992",20,0,"1",1300,"D",325,"D",325,"D",195,"D",0,"D",.,"A",.,"A",975,"D",0,"D",1,"D",13,"D",91,"D",7,"D"
"20151","03065004",54,0,"1",1560,"D",0,"D",.,"A",780,"D",60,"D",.,"A",.,"A",1560,"D",180,"D",.,"A",.,"A",.,"A",.,"A"
"20151","03065011",40,0,"1",1040,"D",520,"D",.,"A",325,"D",0,"D",.,"A",30,"D",520,"D",120,"D",.,"A",.,"A",.,"A",.,"A"
"20151","03065042",10,0,"1",130,"D",130,"D",.,"A",0,"D",0,"D",.,"A",.,"A",0,"D",0,"D",60,"D",780,"D",.,"A",.,"A"
"20151","03065063",28,0,"1",3900,"D",1300,"D",.,"A",0,"D",0,"D",.,"A",.,"A",2600,"D",60,"D",.,"A",.,"A",.,"A",.,"A"
"20151","03065103",42,0,"1",1131,"D",0,"D",.,"A",390,"D",0,"D",.,"A",.,"A",1131,"D",15,"D",.,"A",.,"A",.,"A",.,"A"
"20151","03065133",30,0,"1",1625,"D",390,"D",.,"A",975,"D",0,"D",.,"A",.,"A",1235,"D",0,"D",.,"A",.,"A",.,"A",.,"A"
"20151","03065141",13,0,"1",975,"D",65,"D",.,"A",0,"D",60,"D",.,"A",.,"A",910,"D",60,"D",40,"D",520,"D",.,"A",.,"A"
"20151","03065173",24,0,"1",1300,"D",260,"D",.,"A",0,"D",15,"D",.,"A",.,"A",1040,"D",0,"D",10,"D",130,"D",.,"A",.,"A"
"20151","03065182",20,0,"1",390,"D",0,"D",.,"A",0,"D",0,"D",.,"A",.,"A",390,"D",0,"D",.,"A",.,"A",.,"A",.,"A"
"20151","03065201",10,0,"1",520,"D",130,"D",.,"A",0,"D",0,"D",.,"A",.,"A",390,"D",0,"D",.,"A",.,"A",.,"A",.,"A"
"20151","03065222",39,0,"1",260,"D",65,"D",65,"D",0,"D",0,"D",.,"A",.,"A",195,"D",0,"D",50,"D",650,"D",.,"A",.,"A"
"20151","03065251",61,0,"1",650,"D",130,"D",130,"D",0,"D",36,"D",.,"A",.,"A",520,"D",0,"D",.,"A",.,"A",.,"A",.,"A"
"20151","03065264",35,0,"1",1950,"D",260,"D",.,"A",1300,"D",0,"D",.,"A",.,"A",1690,"D",0,"D",.,"A",.,"A",.,"A",.,"A"
"20151","03065314",33,0,"1",1950,"D",189,"F",.,"A",325,"D",0,"D",.,"A",.,"A",704,"F",300,"D",.,"A",.,"A",.,"A",.,"A"
"20151","03065342",27,0,"1",650,"D",288,"F",.,"A",130,"D",0,"D",.,"A",.,"A",1021,"F",30,"D",.,"A",.,"A",.,"A",.,"A"
"20151","03065372",18,0,"1",910,"D",130,"D",.,"A",260,"D",360,"D",.,"A",.,"A",780,"D",150,"D",.,"A",.,"A",195,"D",15,"D"
"20151","03065413",27,0,"1",910,"D",260,"D",.,"A",390,"D",0,"D",.,"A",.,"A",650,"D",0,"D",.,"A",.,"A",.,"A",.,"A"
"20151","03065423",11,0,"1",1625,"D",462,"F",.,"A",987,"F",132,"F",.,"A",.,"A",2313,"F",158,"F",.,"A",.,"A",.,"A",.,"A"
"20151","03065431",44,0,"1",2600,"D",650,"D",.,"A",520,"D",0,"D",.,"A",.,"A",1950,"D",0,"D",.,"A",.,"A",.,"A",.,"A"
"20151","03065463",22,0,"1",650,"D",195,"D",.,"A",390,"D",90,"D",.,"A",.,"A",455,"D",120,"D",10,"D",130,"D",.,"A",.,"A"
"20151","03065472",16,0,"1",3900,"D",650,"D",.,"A",650,"D",0,"D",.,"A",.,"A",3250,"D",0,"D",.,"A",.,"A",.,"A",.,"A"
"20151","03065502",18,0,"1",1300,"D",0,"D",.,"A",0,"D",0,"D",.,"A",.,"A",1300,"D",0,"D",.,"A",.,"A",.,"A",.,"A"
"20151","03065522",43,0,"1",1560,"D",260,"D",.,"A",650,"D",0,"D",.,"A",40,"D",1300,"D",600,"D",.,"A",.,"A",.,"A",.,"A"
"20151","03065594",18,0,"1",1950,"D",390,"D",.,"A",650,"D",0,"D",.,"A",.,"A",1560,"D",0,"D",30,"D",390,"D",.,"A",.,"A"
"20151","03065604",26,0,"1",975,"D",455,"D",.,"A",130,"D",0,"D",.,"A",.,"A",520,"D",60,"D",.,"A",.,"A",65,"D",5,"D"
"20151","03065621",20,0,"1",780,"D",260,"D",39,"D",0,"D",0,"D",.,"A",.,"A",520,"D",150,"D",12,"D",156,"D",.,"A",.,"A"
"20151","03065644",35,0,"1",1300,"D",260,"D",130,"D",390,"D",0,"D",.,"A",156,"D",1040,"D",0,"D",.,"A",.,"A",.,"A",.,"A"
"20151","03065701",49,0,"1",1950,"D",390,"D",.,"A",390,"D",0,"D",.,"A",.,"A",1560,"D",60,"D",.,"A",.,"A",.,"A",.,"A"
"20151","03065714",15,0,"1",1300,"D",390,"D",.,"A",520,"D",0,"D",.,"A",.,"A",910,"D",0,"D",70,"D",910,"D",.,"A",.,"A"
"20151","03065781",28,0,"1",650,"D",130,"D",.,"A",260,"D",30,"D",.,"A",.,"A",520,"D",120,"D",.,"A",.,"A",.,"A",.,"A"
"20151","03065823",43,0,"1",650,"D",195,"D",.,"A",260,"D",6,"D",.,"A",.,"A",455,"D",6,"D",.,"A",.,"A",.,"A",.,"A"
"20151","03065831",26,0,"1",1430,"D",130,"D",.,"A",0,"D",0,"D",.,"A",.,"A",1300,"D",180,"D",.,"A",.,"A",.,"A",.,"A"
"20151","03065912",18,0,"1",975,"D",520,"D",.,"A",520,"D",0,"D",.,"A",.,"A",455,"D",0,"D",.,"A",.,"A",.,"A",.,"A"
"20151","03065931",29,0,"1",650,"D",65,"D",.,"A",325,"D",0,"D",.,"A",.,"A",585,"D",0,"D",.,"A",.,"A",.,"A",.,"A"
"20151","03065964",18,0,"1",650,"D",195,"D",325,"D",0,"D",0,"D",.,"A",.,"A",455,"D",135,"D",.,"A",.,"A",39,"D",3,"D"
"20151","03065974",47,0,"1",1625,"D",0,"D",.,"A",520,"D",0,"D",.,"A",.,"A",1625,"D",0,"D",.,"A",.,"A",.,"A",.,"A"
"20151","03066044",25,0,"1",3900,"D",650,"D",130,"D",1040,"D",0,"D",.,"A",120,"D",3250,"D",0,"D",.,"A",.,"A",.,"A",.,"A"
"20151","03066054",13,0,"1",156,"D",0,"D",.,"A",260,"D",0,"D",.,"A",.,"A",156,"D",0,"D",.,"A",.,"A",.,"A",.,"A"
"20151","03066113",11,0,"1",780,"D",130,"D",.,"A",2600,"D",0,"D",.,"A",.,"A",650,"D",0,"D",.,"A",.,"A",.,"A",.,"A"
"20151","03066121",43,0,"1",2600,"D",260,"D",130,"D",585,"D",45,"D",.,"A",.,"A",2340,"D",45,"D",.,"A",.,"A",.,"A",.,"A"
"20151","03066163",19,0,"1",2210,"D",431,"F",336,"F",524,"F",118,"F",.,"A",.,"A",1476,"F",167,"F",.,"A",.,"A",.,"A",.,"A"
"20151","03066223",21,0,"1",650,"D",130,"D",.,"A",2600,"D",0,"D",130,"D",.,"A",520,"D",0,"D",.,"A",.,"A",.,"A",.,"A"
"20151","03066244",25,0,"1",1950,"D",130,"D",.,"A",195,"D",0,"D",.,"A",.,"A",1820,"D",0,"D",.,"A",.,"A",.,"A",.,"A"
"20151","03066251",37,0,"1",1625,"D",130,"D",195,"D",390,"D",0,"D",.,"A",.,"A",1495,"D",0,"D",.,"A",.,"A",.,"A",.,"A"
"20151","03066273",29,0,"1",1950,"D",325,"D",325,"D",650,"D",60,"D",.,"A",.,"A",1625,"D",120,"D",.,"A",.,"A",.,"A",.,"A"
"20151","03066321",15,0,"1",650,"D",65,"D",.,"A",260,"D",0,"D",.,"A",.,"A",585,"D",0,"D",.,"A",.,"A",.,"A",.,"A"
"20151","03066331",20,0,"1",585,"D",65,"D",.,"A",0,"D",0,"D",.,"A",.,"A",520,"D",0,"D",5,"D",65,"D",52,"D",4,"D"
"20151","03066353",44,0,"1",4550,"D",585,"D",.,"A",975,"D",90,"D",.,"A",.,"A",3965,"D",240,"D",.,"A",.,"A",.,"A",.,"A"
"20151","03066383",14,0,"1",260,"D",65,"D",.,"A",169,"D",0,"D",.,"A",.,"A",195,"D",0,"D",2,"D",26,"D",160,"F",.,"C"
"20151","03066461",17,0,"1",1040,"D",214,"F",26,"D",0,"D",0,"D",.,"A",.,"A",694,"F",60,"D",.,"A",.,"A",65,"D",5,"D"
"20151","03066531",22,0,"1",1560,"D",780,"D",.,"A",520,"D",0,"D",.,"A",.,"A",780,"D",0,"D",.,"A",.,"A",.,"A",.,"A"
"20151","03066564",23,0,"1",2600,"D",780,"D",.,"A",520,"D",0,"D",.,"A",.,"A",1820,"D",0,"D",.,"A",.,"A",.,"A",.,"A"
"20151","03066571",28,0,"1",2600,"D",390,"D",.,"A",520,"D",60,"D",.,"A",.,"A",2210,"D",60,"D",.,"A",.,"A",.,"A",.,"A"
"20151","03066603",36,0,"1",3250,"D",1300,"D",.,"A",390,"D",85,"F",.,"A",.,"A",1950,"D",750,"D",.,"A",.,"A",.,"A",.,"A"
"20151","03066633",11,0,"1",1300,"D",221,"F",.,"A",553,"F",6,"D",.,"A",.,"A",753,"F",6,"D",.,"A",.,"A",.,"A",.,"A"
"20151","03066691",19,0,"1",390,"D",0,"D",.,"A",130,"D",6,"D",.,"A",.,"A",390,"D",6,"D",.,"A",.,"A",.,"A",.,"A"
"20151","03066701",20,0,"1",1950,"D",260,"D",.,"A",650,"D",60,"D",.,"A",.,"A",1690,"D",60,"D",.,"A",.,"A",.,"A",.,"A"
"20151","03066713",50,0,"1",1625,"D",325,"D",.,"A",1690,"D",6,"D",.,"A",.,"A",1300,"D",6,"D",.,"A",.,"A",.,"A",.,"A"
"20151","03066752",33,0,"1",780,"D",0,"D",.,"A",1040,"D",0,"D",.,"A",.,"A",780,"D",0,"D",.,"A",.,"A",.,"A",.,"A"
"20151","03066773",16,0,"1",975,"D",130,"D",.,"A",325,"D",30,"D",.,"A",.,"A",845,"D",0,"D",.,"A",.,"A",.,"A",.,"A"
"20151","03066791",30,0,"1",975,"D",325,"D",.,"A",260,"D",195,"D",.,"A",.,"A",650,"D",120,"D",.,"A",.,"A",.,"A",.,"A"
"20151","03066811",27,0,"1",650,"D",260,"D",.,"A",0,"D",0,"D",.,"A",.,"A",390,"D",0,"D",100,"D",1300,"D",.,"A",.,"A"
"20151","03066851",67,0,"1",650,"D",0,"D",533,"D",0,"D",0,"D",.,"A",.,"A",650,"D",0,"D",50,"D",650,"D",260,"D",20,"D"
"20151","03066871",13,0,"1",2600,"D",1300,"D",.,"A",0,"D",0,"D",.,"A",.,"A",1300,"D",21,"D",8,"D",104,"D",.,"A",.,"A"
"20151","03066913",22,0,"1",1300,"D",260,"D",.,"A",260,"D",60,"D",.,"A",.,"A",1040,"D",600,"D",70,"D",910,"D",.,"A",.,"A"
"20151","03066953",28,0,"1",1950,"D",260,"D",.,"A",0,"D",6,"D",.,"A",.,"A",1690,"D",6,"D",.,"A",.,"A",.,"A",.,"A"
"20151","03066963",20,0,"1",1950,"D",390,"D",195,"D",195,"D",0,"D",.,"A",.,"A",1560,"D",300,"D",35,"D",455,"D",.,"A",.,"A"
"20151","03066973",17,0,"1",1502,"F",.,"A",.,"A",673,"F",66,"F",.,"A",.,"A",1217,"F",122,"F",.,"A",.,"A",.,"A",.,"A"
"20151","03067003",24,0,"1",1560,"D",390,"D",130,"D",390,"D",15,"D",.,"A",.,"A",1170,"D",30,"D",.,"A",.,"A",.,"A",.,"A"
"20151","03067041",57,0,"1",1040,"D",130,"D",.,"A",650,"D",0,"D",.,"A",195,"D",910,"D",0,"D",.,"A",.,"A",.,"A",.,"A"
"20151","03067094",40,0,"1",2600,"D",130,"D",.,"A",195,"D",0,"D",.,"A",144,"D",2470,"D",150,"D",.,"A",.,"A",.,"A",.,"A"
"20151","03067102",15,0,"1",975,"D",130,"D",.,"A",650,"D",0,"D",.,"A",.,"A",845,"D",0,"D",.,"A",.,"A",.,"A",.,"A"
"20151","03067114",27,0,"1",975,"D",390,"D",65,"D",260,"D",0,"D",.,"A",.,"A",585,"D",0,"D",.,"A",.,"A",.,"A",.,"A"
"20151","03067141",30,0,"1",2600,"D",520,"D",.,"A",390,"D",0,"D",.,"A",.,"A",2080,"D",30,"D",.,"A",.,"A",.,"A",.,"A"
"20151","03067151",22,0,"1",780,"D",65,"D",.,"A",65,"D",0,"D",.,"A",.,"A",715,"D",30,"D",.,"A",.,"A",.,"A",.,"A"
"20151","03067192",18,0,"1",650,"D",0,"D",.,"A",104,"D",0,"D",.,"A",.,"A",650,"D",0,"D",30,"D",390,"D",.,"A",.,"A"
"20151","03067284",37,0,"1",1950,"D",650,"D",.,"A",520,"D",0,"D",.,"A",.,"A",1300,"D",0,"D",.,"A",.,"A",.,"A",.,"A"
"20151","03067304",30,0,"1",3250,"D",650,"D",.,"A",0,"D",6,"D",.,"A",.,"A",2600,"D",6,"D",.,"A",.,"A",.,"A",.,"A"
"20151","03067314",27,0,"1",1300,"D",0,"D",.,"A",1300,"D",0,"D",.,"A",.,"A",1300,"D",0,"D",.,"A",.,"A",260,"D",20,"D"
"20151","03067333",36,0,"1",650,"D",156,"D",.,"A",1170,"D",0,"D",.,"A",.,"A",494,"D",0,"D",.,"A",.,"A",.,"A",.,"A"
"20151","03067354",27,0,"1",1040,"D",325,"D",.,"A",390,"D",0,"D",.,"A",.,"A",715,"D",0,"D",.,"A",.,"A",.,"A",.,"A"
"20151","03067362",15,0,"1",1300,"D",195,"D",.,"A",0,"D",0,"D",.,"A",.,"A",1105,"D",0,"D",.,"A",.,"A",.,"A",.,"A"
"20151","03067394",15,0,"1",845,"D",0,"D",.,"A",0,"D",0,"D",.,"A",.,"A",845,"D",0,"D",.,"A",.,"A",.,"A",.,"A"
"20151","03067401",17,0,"1",650,"D",325,"D",.,"A",0,"D",0,"D",.,"A",.,"A",325,"D",0,"D",.,"A",.,"A",.,"A",.,"A"
"20151","03067411",78,0,"1",1950,"D",650,"D",.,"A",1040,"D",0,"D",.,"A",.,"A",1300,"D",30,"D",.,"A",.,"A",.,"A",.,"A"
"20151","03067423",8,0,"1",650,"D",195,"D",.,"A",390,"D",0,"D",.,"A",.,"A",455,"D",0,"D",.,"A",.,"A",.,"A",.,"A"
"20151","03067442",21,0,"1",1820,"D",260,"D",.,"A",650,"D",0,"D",.,"A",.,"A",1560,"D",0,"D",15,"D",195,"D",.,"A",.,"A"
"20151","03067452",7,0,"1",2275,"D",650,"D",.,"A",260,"D",0,"D",.,"A",.,"A",1625,"D",0,"D",30,"D",390,"D",.,"A",.,"A"
"20151","03067474",22,0,"1",975,"D",325,"D",.,"A",0,"D",0,"D",.,"A",.,"A",650,"D",60,"D",.,"A",.,"A",.,"A",.,"A"
"20151","03067494",16,0,"1",1502,"F",.,"A",.,"A",673,"F",6,"D",.,"A",.,"A",1217,"F",6,"D",.,"A",.,"A",.,"A",.,"A"
"20151","03067504",32,0,"1",1300,"D",130,"D",.,"A",1950,"D",60,"D",.,"A",.,"A",1170,"D",60,"D",.,"A",.,"A",.,"A",.,"A"
"20151","03067512",32,0,"1",780,"D",195,"D",195,"D",260,"D",6,"D",.,"A",.,"A",585,"D",15,"D",5,"D",65,"D",.,"A",.,"A"
"20151","03067551",33,0,"1",975,"D",325,"D",.,"A",325,"D",0,"D",.,"A",.,"A",650,"D",0,"D",.,"A",.,"A",.,"A",.,"A"
"20151","03067594",19,0,"1",325,"D",52,"D",.,"A",39,"D",6,"D",.,"A",.,"A",273,"D",6,"D",.,"A",.,"A",.,"A",.,"A"
"20151","03067601",6,0,"1",0,"D",.,"A",.,"A",0,"D",0,"D",.,"A",.,"A",0,"D",0,"D",.,"A",.,"A",.,"A",.,"A"
"20151","03067623",16,0,"1",1300,"D",650,"D",.,"A",0,"D",0,"D",.,"A",.,"A",650,"D",0,"D",30,"D",390,"D",.,"A",.,"A"
"20151","03067642",24,0,"1",1625,"D",0,"D",.,"A",975,"D",0,"D",.,"A",.,"A",1625,"D",0,"D",.,"A",.,"A",.,"A",.,"A"
"20151","03067674",37,0,"1",1625,"D",390,"D",.,"A",1300,"D",90,"D",.,"A",130,"D",1235,"D",0,"D",.,"A",.,"A",.,"A",.,"A"
"20151","03067702",30,0,"1",3250,"D",325,"D",.,"A",1625,"D",60,"D",.,"A",50,"D",2925,"D",60,"D",.,"A",.,"A",.,"A",.,"A"
"20151","03067754",16,0,"1",1300,"D",325,"D",.,"A",390,"D",0,"D",.,"A",.,"A",975,"D",0,"D",.,"A",.,"A",.,"A",.,"A"
"20151","03067764",24,0,"1",1950,"D",390,"D",390,"D",520,"D",0,"D",.,"A",.,"A",1560,"D",0,"D",.,"A",.,"A",.,"A",.,"A"
"20151","03067774",21,0,"1",650,"D",130,"D",.,"A",325,"D",0,"D",.,"A",.,"A",520,"D",0,"D",.,"A",.,"A",.,"A",.,"A"
"20151","03067781",23,0,"1",1950,"D",650,"D",.,"A",0,"D",0,"D",.,"A",.,"A",1300,"D",0,"D",112,"D",1456,"D",.,"A",.,"A"
"20151","03067814",21,0,"1",2600,"D",130,"D",.,"A",260,"D",0,"D",.,"A",.,"A",2470,"D",15,"D",.,"A",.,"A",.,"A",.,"A"
"20151","03067834",23,0,"1",1560,"D",195,"D",.,"A",0,"D",0,"D",.,"A",.,"A",1365,"D",0,"D",.,"A",.,"A",.,"A",.,"A"
"20151","03067844",23,0,"1",780,"D",650,"D",.,"A",130,"D",6,"D",.,"A",.,"A",130,"D",15,"D",.,"A",.,"A",.,"A",.,"A"
"20151","03067854",32,0,"1",1625,"D",0,"D",.,"A",780,"D",0,"D",.,"A",.,"A",1625,"D",30,"D",.,"A",.,"A",.,"A",.,"A"
"20151","03067862",11,0,"1",520,"D",65,"D",.,"A",0,"D",0,"D",.,"A",.,"A",455,"D",0,"D",20,"D",260,"D",.,"A",.,"A"
"20151","03067872",23,0,"1",1300,"D",650,"D",130,"D",1950,"D",900,"D",.,"A",.,"A",650,"D",180,"D",.,"A",.,"A",.,"A",.,"A"
"20151","03067881",25,0,"1",1300,"D",195,"D",.,"A",65,"D",0,"D",.,"A",.,"A",1105,"D",0,"D",20,"D",260,"D",.,"A",.,"A"
"20151","03067913",19,0,"1",520,"D",0,"D",.,"A",0,"D",0,"D",.,"A",.,"A",520,"D",0,"D",20,"D",260,"D",.,"A",.,"A"
"20151","03067933",28,0,"1",2600,"D",650,"D",.,"A",650,"D",75,"D",.,"A",.,"A",1950,"D",60,"D",.,"A",.,"A",.,"A",.,"A"
"20151","03067962",27,0,"1",1300,"D",520,"D",91,"D",260,"D",0,"D",.,"A",.,"A",780,"D",138,"D",40,"D",520,"D",.,"A",.,"A"
"20151","03067982",25,0,"1",1950,"D",975,"D",.,"A",520,"D",0,"D",.,"A",.,"A",975,"D",0,"D",.,"A",.,"A",.,"A",.,"A"
"20151","03067991",31,0,"1",585,"D",65,"D",.,"A",520,"D",30,"D",.,"A",.,"A",520,"D",45,"D",.,"A",.,"A",.,"A",.,"A"
"20151","03068004",30,0,"1",2236,"D",364,"D",.,"A",780,"D",180,"D",.,"A",.,"A",1872,"D",960,"D",.,"A",.,"A",169,"D",13,"D"
"20151","03068032",28,0,"1",650,"D",260,"D",.,"A",0,"D",0,"D",.,"A",.,"A",390,"D",0,"D",.,"A",.,"A",.,"A",.,"A"
"20151","03068091",17,0,"1",1950,"D",650,"D",650,"D",260,"D",0,"D",.,"A",.,"A",1300,"D",0,"D",30,"D",390,"D",.,"A",.,"A"
"20151","03068174",41,0,"1",1300,"D",650,"D",325,"D",910,"D",0,"D",.,"A",.,"A",650,"D",0,"D",.,"A",.,"A",.,"A",.,"A"
"20151","03068192",18,0,"1",1560,"D",65,"D",.,"A",780,"D",0,"D",.,"A",.,"A",1495,"D",0,"D",.,"A",.,"A",104,"D",8,"D"
"20151","03068204",33,0,"1",2600,"D",260,"D",650,"D",130,"D",0,"D",.,"A",100,"D",2340,"D",135,"D",60,"D",780,"D",.,"A",.,"A"
"20151","03068224",11,0,"1",0,"D",.,"A",.,"A",0,"D",0,"D",.,"A",.,"A",0,"D",0,"D",.,"A",.,"A",.,"A",.,"A"
"20151","03068241",16,0,"1",1300,"D",260,"D",.,"A",520,"D",0,"D",.,"A",.,"A",1040,"D",0,"D",56,"D",728,"D",.,"A",.,"A"
"20151","03068302",51,0,"1",3250,"D",650,"D",.,"A",650,"D",30,"D",.,"A",300,"D",2600,"D",0,"D",.,"A",.,"A",.,"A",.,"A"
"20151","03068344",17,0,"1",975,"D",260,"D",.,"A",0,"D",0,"D",.,"A",.,"A",715,"D",0,"D",.,"A",.,"A",.,"A",.,"A"
"20151","03068413",30,0,"1",845,"D",195,"D",.,"A",260,"D",0,"D",.,"A",.,"A",650,"D",0,"D",.,"A",.,"A",.,"A",.,"A"
"20151","03068433",46,0,"1",1950,"D",975,"D",260,"D",325,"D",0,"D",.,"A",.,"A",975,"D",0,"D",120,"D",1560,"D",.,"A",.,"A"
"20151","03068484",29,0,"1",780,"D",325,"D",52,"D",260,"D",0,"D",.,"A",.,"A",455,"D",15,"D",.,"A",.,"A",.,"A",.,"A"
"20151","03068493",45,0,"1",1625,"D",260,"D",.,"A",520,"D",60,"D",.,"A",.,"A",1365,"D",90,"D",.,"A",.,"A",.,"A",.,"A"
"20151","03068501",20,0,"1",1105,"D",468,"D",130,"D",0,"D",0,"D",.,"A",.,"A",637,"D",0,"D",25,"D",325,"D",.,"A",.,"A"
"20151","03068513",71,0,"1",1625,"D",0,"D",195,"D",650,"D",0,"D",1,"D",.,"A",1625,"D",0,"D",.,"A",.,"A",.,"A",.,"A"
"20151","03068531",26,0,"1",1300,"D",0,"D",.,"A",650,"D",0,"D",.,"A",.,"A",1300,"D",60,"D",.,"A",.,"A",.,"A",.,"A"
"20151","03068541",22,0,"1",806,"D",78,"D",.,"A",325,"D",0,"D",.,"A",.,"A",728,"D",0,"D",.,"A",.,"A",.,"A",.,"A"
"20151","03068552",43,0,"1",1105,"D",260,"D",.,"A",130,"D",0,"D",.,"A",.,"A",845,"D",94,"F",21,"D",273,"D",.,"A",.,"A"
"20151","03068562",23,0,"1",1300,"D",260,"D",.,"A",520,"D",0,"D",.,"A",.,"A",1040,"D",0,"D",12,"D",156,"D",.,"A",.,"A"
"20151","03068572",24,0,"1",1300,"D",260,"D",.,"A",260,"D",0,"D",.,"A",.,"A",1040,"D",0,"D",20,"D",260,"D",.,"A",.,"A"
"20151","03068582",22,0,"1",1300,"D",195,"D",.,"A",1300,"D",75,"D",.,"A",200,"D",1105,"D",150,"D",.,"A",.,"A",.,"A",.,"A"
"20151","03068592",38,0,"1",1950,"D",234,"D",.,"A",325,"D",0,"D",.,"A",.,"A",1716,"D",0,"D",.,"A",.,"A",.,"A",.,"A"
"20151","03068604",24,0,"1",6500,"D",2600,"D",.,"A",650,"D",0,"D",.,"A",.,"A",3900,"D",0,"D",.,"A",.,"A",.,"A",.,"A"
"20151","03068624",34,0,"1",780,"D",156,"D",.,"A",520,"D",90,"D",625,"D",.,"A",624,"D",150,"D",.,"A",.,"A",.,"A",.,"A"
"20151","03068634",14,0,"1",780,"D",260,"D",.,"A",195,"D",0,"D",.,"A",.,"A",520,"D",0,"D",.,"A",.,"A",.,"A",.,"A"
"20151","03068643",12,0,"1",1040,"D",130,"D",.,"A",0,"D",0,"D",.,"A",.,"A",910,"D",0,"D",.,"A",.,"A",.,"A",.,"A"
"20151","03068653",14,0,"1",975,"D",130,"D",.,"A",520,"D",0,"D",.,"A",.,"A",845,"D",105,"D",.,"A",.,"A",.,"A",.,"A"
"20151","03068693",15,0,"1",416,"D",130,"D",.,"A",65,"D",0,"D",.,"A",.,"A",286,"D",0,"D",.,"A",.,"A",.,"A",.,"A"
"20151","03068712",51,0,"1",1560,"D",390,"D",.,"A",520,"D",0,"D",.,"A",.,"A",1170,"D",90,"D",.,"A",.,"A",.,"A",.,"A"
"20151","03068753",62,0,"1",1690,"D",260,"D",.,"A",1300,"D",0,"D",.,"A",.,"A",1430,"D",30,"D",.,"A",.,"A",.,"A",.,"A"
"20151","03068804",35,0,"1",910,"D",130,"D",1040,"D",650,"D",30,"D",.,"A",.,"A",780,"D",99,"D",.,"A",.,"A",.,"A",.,"A"
"20151","03068832",30,0,"1",2275,"D",650,"D",.,"A",650,"D",0,"D",.,"A",300,"D",1625,"D",0,"D",.,"A",.,"A",.,"A",.,"A"
"20151","03068851",20,0,"1",1300,"D",260,"D",.,"A",0,"D",0,"D",.,"A",.,"A",1040,"D",0,"D",.,"A",.,"A",.,"A",.,"A"
"20151","03068864",16,0,"1",975,"D",130,"D",.,"A",0,"D",0,"D",.,"A",.,"A",845,"D",0,"D",.,"A",.,"A",.,"A",.,"A"
"20151","03068904",18,0,"1",975,"D",130,"D",.,"A",650,"D",75,"D",.,"A",.,"A",845,"D",75,"D",.,"A",.,"A",.,"A",.,"A"
"20151","03068963",21,0,"1",1950,"D",130,"D",.,"A",650,"D",0,"D",.,"A",150,"D",1820,"D",150,"D",.,"A",.,"A",.,"A",.,"A"
"20151","03068982",22,0,"1",1040,"D",325,"D",.,"A",156,"D",0,"D",.,"A",.,"A",715,"D",300,"D",10,"D",130,"D",.,"A",.,"A"
"20151","03068992",24,0,"1",845,"D",0,"D",325,"D",260,"D",0,"D",.,"A",.,"A",845,"D",0,"D",.,"A",.,"A",.,"A",.,"A"
"20151","03069021",10,0,"1",975,"D",130,"D",.,"A",130,"D",0,"D",.,"A",.,"A",845,"D",0,"D",.,"A",.,"A",130,"D",10,"D"
"20151","03069074",16,0,"1",780,"D",130,"D",.,"A",156,"D",0,"D",.,"A",.,"A",650,"D",0,"D",.,"A",.,"A",.,"A",.,"A"
"20151","03069094",23,0,"1",1300,"D",260,"D",260,"D",260,"D",0,"D",.,"A",.,"A",1040,"D",0,"D",5,"D",65,"D",.,"A",.,"A"
"20151","03069133",17,0,"1",910,"D",130,"D",.,"A",104,"D",0,"D",.,"A",.,"A",780,"D",0,"D",.,"A",.,"A",.,"A",.,"A"
"20151","03069163",22,0,"1",1300,"D",371,"F",.,"A",0,"D",0,"D",.,"A",.,"A",1481,"F",0,"D",.,"A",.,"A",.,"A",.,"A"
"20151","03069171",13,0,"1",1300,"D",260,"D",.,"A",0,"D",0,"D",.,"A",.,"A",1040,"D",0,"D",.,"A",.,"A",.,"A",.,"A"
"20151","03069184",37,0,"1",650,"D",130,"D",.,"A",455,"D",0,"D",.,"A",.,"A",520,"D",0,"D",23,"D",299,"D",.,"A",.,"A"
"20151","03069203",17,0,"1",715,"D",0,"D",.,"A",0,"D",0,"D",.,"A",.,"A",715,"D",0,"D",.,"A",.,"A",.,"A",.,"A"
"20151","03069214",23,0,"1",1300,"D",325,"D",.,"A",1300,"D",0,"D",.,"A",.,"A",975,"D",0,"D",.,"A",.,"A",.,"A",.,"A"
"20151","03069251",21,0,"1",650,"D",130,"D",.,"A",260,"D",0,"D",.,"A",.,"A",520,"D",0,"D",.,"A",.,"A",.,"A",.,"A"
"20151","03069293",20,0,"1",1950,"D",325,"D",.,"A",780,"D",60,"D",.,"A",.,"A",1625,"D",60,"D",.,"A",.,"A",.,"A",.,"A"
"20151","03069301",34,0,"1",1560,"D",260,"D",.,"A",1300,"D",120,"D",.,"A",.,"A",1300,"D",75,"D",.,"A",.,"A",.,"A",.,"A"
"20151","03069321",15,0,"1",806,"D",130,"D",.,"A",0,"D",0,"D",.,"A",.,"A",676,"D",0,"D",.,"A",.,"A",.,"A",.,"A"
"20151","03069343",27,0,"1",1300,"D",260,"D",.,"A",390,"D",0,"D",.,"A",.,"A",1040,"D",0,"D",.,"A",.,"A",.,"A",.,"A"
"20151","03069391",20,0,"1",1300,"D",650,"D",.,"A",650,"D",121,"F",.,"A",.,"A",650,"D",106,"F",.,"A",.,"A",.,"A",.,"A"
"20151","03069424",25,0,"1",2275,"D",195,"D",.,"A",130,"D",0,"D",.,"A",.,"A",2080,"D",45,"D",30,"D",390,"D",65,"D",5,"D"
"20151","03069474",15,0,"1",1950,"D",520,"D",.,"A",1300,"D",0,"D",.,"A",.,"A",1430,"D",180,"D",.,"A",.,"A",.,"A",.,"A"
"20151","03069534",23,0,"1",975,"D",390,"D",.,"A",0,"D",900,"D",.,"A",.,"A",585,"D",0,"D",.,"A",.,"A",.,"A",.,"A"
"20151","03069562",19,0,"1",572,"D",78,"D",.,"A",0,"D",0,"D",.,"A",.,"A",494,"D",0,"D",12,"D",156,"D",.,"A",.,"A"
"20151","03069572",15,0,"1",1300,"D",260,"D",.,"A",1040,"D",30,"D",.,"A",.,"A",1040,"D",0,"D",.,"A",.,"A",.,"A",.,"A"
"20151","03069602",27,0,"1",2600,"D",260,"D",.,"A",390,"D",60,"D",.,"A",.,"A",2340,"D",75,"D",.,"A",.,"A",.,"A",.,"A"
"20151","03069612",66,0,"1",845,"D",195,"D",.,"A",845,"D",0,"D",.,"A",.,"A",650,"D",90,"D",.,"A",.,"A",.,"A",.,"A"
"20151","03069624",17,0,"1",0,"D",.,"A",.,"A",0,"D",0,"D",.,"A",.,"A",0,"D",0,"D",.,"A",.,"A",.,"A",.,"A"
"20151","03069651",45,0,"1",1300,"D",650,"D",.,"A",520,"D",0,"D",.,"A",.,"A",650,"D",6,"D",.,"A",.,"A",.,"A",.,"A"
"20151","03069684",21,0,"1",650,"D",325,"D",.,"A",390,"D",0,"D",.,"A",.,"A",325,"D",0,"D",.,"A",.,"A",.,"A",.,"A"
"20151","03069713",23,0,"1",2600,"D",650,"D",.,"A",0,"D",0,"D",.,"A",390,"D",1950,"D",0,"D",.,"A",.,"A",.,"A",.,"A"
"20151","03069763",45,0,"1",1950,"D",325,"D",260,"D",650,"D",0,"D",.,"A",.,"A",1625,"D",0,"D",.,"A",.,"A",.,"A",.,"A"
"20151","03069782",14,0,"1",1300,"D",325,"D",.,"A",0,"D",0,"D",.,"A",.,"A",975,"D",0,"D",20,"D",260,"D",.,"A",.,"A"
"20151","03069833",36,0,"1",1950,"D",195,"D",.,"A",455,"D",0,"D",.,"A",300,"D",1755,"D",45,"D",.,"A",.,"A",.,"A",.,"A"
"20151","03069863",23,0,"1",975,"D",65,"D",.,"A",780,"D",0,"D",.,"A",.,"A",910,"D",9,"D",.,"A",.,"A",.,"A",.,"A"
"20151","03069954",37,0,"1",1950,"D",520,"D",.,"A",650,"D",0,"D",.,"A",.,"A",1430,"D",0,"D",.,"A",.,"A",.,"A",.,"A"
"20151","03069961",19,0,"1",1950,"D",650,"D",.,"A",780,"D",0,"D",.,"A",.,"A",1300,"D",0,"D",.,"A",.,"A",.,"A",.,"A"
"20151","03069992",35,0,"1",260,"D",65,"D",13,"D",13,"D",0,"D",.,"A",.,"A",195,"D",15,"D",.,"A",.,"A",.,"A",.,"A"
"20151","03070014",30,0,"1",1560,"D",130,"D",.,"A",325,"D",0,"D",.,"A",.,"A",1430,"D",0,"D",.,"A",.,"A",.,"A",.,"A"
"20151","03070042",23,0,"1",975,"D",390,"D",.,"A",130,"D",15,"D",.,"A",.,"A",585,"D",60,"D",.,"A",.,"A",65,"D",5,"D"
"20151","03070073",26,0,"1",1300,"D",390,"D",.,"A",390,"D",60,"D",.,"A",.,"A",910,"D",0,"D",.,"C",353,"F",.,"A",.,"A"
"20151","03070101",40,0,"1",1950,"D",390,"D",.,"A",910,"D",0,"D",.,"A",351,"D",1560,"D",105,"D",.,"A",.,"A",455,"D",35,"D"
"20151","03070114",21,0,"1",780,"D",390,"D",.,"A",130,"D",0,"D",.,"A",.,"A",390,"D",30,"D",7,"D",91,"D",.,"A",.,"A"
"20151","03070124",18,0,"1",1625,"D",390,"D",.,"A",390,"D",0,"D",.,"A",.,"A",1235,"D",0,"D",.,"A",.,"A",.,"A",.,"A"
"20151","03070211",21,0,"1",2600,"D",0,"D",.,"A",195,"D",0,"D",.,"A",.,"A",2600,"D",0,"D",.,"A",.,"A",.,"A",.,"A"
"20151","03070221",60,0,"1",3250,"D",462,"F",.,"A",650,"D",6,"D",.,"A",125,"D",2313,"F",6,"D",.,"A",.,"A",.,"A",.,"A"
"20151","03070231",69,0,"1",2600,"D",520,"D",.,"A",1950,"D",150,"D",.,"A",.,"A",2080,"D",75,"D",.,"A",.,"A",.,"A",.,"A"
"20151","03070243",25,0,"1",390,"D",0,"D",.,"A",130,"D",0,"D",.,"A",.,"A",390,"D",0,"D",.,"A",.,"A",.,"A",.,"A"
"20151","03070283",17,0,"1",1300,"D",390,"D",.,"A",0,"D",0,"D",.,"A",.,"A",910,"D",0,"D",.,"A",.,"A",.,"A",.,"A"
"20151","03070321",29,0,"1",650,"D",39,"D",130,"D",0,"D",121,"F",.,"A",.,"A",611,"D",106,"F",.,"A",.,"A",.,"A",.,"A"
"20151","03070331",46,0,"1",3250,"D",260,"D",.,"A",650,"D",150,"D",.,"A",200,"D",2990,"D",90,"D",.,"A",.,"A",.,"A",.,"A"
"20151","03070341",13,0,"1",1502,"F",.,"A",.,"A",673,"F",66,"F",.,"A",.,"A",1217,"F",122,"F",.,"A",.,"A",.,"A",.,"A"
"20151","03070361",27,0,"1",1170,"D",288,"F",.,"A",910,"D",94,"F",.,"A",.,"A",1021,"F",24,"D",.,"A",.,"A",.,"A",.,"A"
"20151","03070383",26,0,"1",1040,"D",130,"D",.,"A",65,"D",0,"D",.,"A",84,"D",910,"D",0,"D",.,"A",.,"A",.,"A",.,"A"
"20151","03070411",8,0,"1",1170,"D",650,"D",.,"A",0,"D",0,"D",.,"A",.,"A",520,"D",600,"D",35,"D",455,"D",.,"A",.,"A"
"20151","03070451",20,0,"1",1300,"D",195,"D",.,"A",910,"D",0,"D",.,"A",.,"A",1105,"D",45,"D",.,"A",.,"A",.,"A",.,"A"
"20151","03070462",29,0,"1",975,"D",325,"D",650,"D",325,"D",0,"D",.,"A",.,"A",650,"D",0,"D",.,"A",.,"A",.,"A",.,"A"
"20151","03070474",20,0,"1",325,"D",130,"D",.,"A",130,"D",0,"D",.,"A",.,"A",195,"D",0,"D",.,"A",.,"A",.,"A",.,"A"
"20151","03070482",38,0,"1",2600,"D",650,"D",.,"A",975,"D",0,"D",.,"A",.,"A",1950,"D",0,"D",.,"A",.,"A",.,"A",.,"A"
"20151","03070491",23,0,"1",195,"D",65,"D",234,"D",156,"D",0,"D",.,"A",.,"A",130,"D",0,"D",24,"D",312,"D",130,"D",10,"D"
"20151","03070593",21,0,"1",1950,"D",325,"D",.,"A",0,"D",60,"D",.,"A",.,"A",1625,"D",150,"D",.,"A",.,"A",.,"A",.,"A"
"20151","03070672",36,0,"1",2080,"D",0,"D",195,"D",975,"D",18,"D",.,"A",.,"A",2080,"D",0,"D",.,"A",.,"A",.,"A",.,"A"
"20151","03070702",12,0,"1",2054,"D",0,"D",.,"A",0,"D",0,"D",.,"A",.,"A",2054,"D",180,"D",30,"D",390,"D",.,"A",.,"A"
"20151","03070764",29,0,"1",2600,"D",325,"D",.,"A",325,"D",90,"D",.,"A",.,"A",2275,"D",0,"D",.,"A",.,"A",.,"A",.,"A"
"20151","03070774",29,0,"1",650,"D",39,"D",156,"D",65,"D",0,"D",.,"A",.,"A",611,"D",0,"D",.,"A",.,"A",.,"A",.,"A"
"20151","03070811",38,0,"1",1040,"D",156,"D",390,"D",520,"D",0,"D",.,"A",.,"A",884,"D",0,"D",.,"A",.,"A",.,"A",.,"A"
"20151","03070834",7,0,"1",520,"D",65,"D",.,"A",0,"D",0,"D",.,"A",.,"A",455,"D",0,"D",.,"A",.,"A",.,"A",.,"A"
"20151","03070853",21,0,"1",1950,"D",650,"D",325,"D",520,"D",6,"D",.,"A",.,"A",1300,"D",6,"D",.,"A",.,"A",.,"A",.,"A"
"20151","03070863",17,0,"1",2708,"F",.,"A",.,"A",987,"F",132,"F",.,"A",235,"F",2313,"F",158,"F",.,"A",.,"A",.,"A",.,"A"
"20151","03070871",12,0,"1",260,"D",0,"D",.,"A",0,"D",0,"D",.,"A",.,"A",260,"D",225,"D",.,"A",.,"A",.,"A",.,"A"
"20151","03070881",18,0,"1",1950,"D",390,"D",.,"A",195,"D",0,"D",.,"A",.,"A",1560,"D",0,"D",.,"A",.,"A",.,"A",.,"A"
"20151","03070892",38,0,"1",1950,"D",975,"D",130,"D",520,"D",0,"D",.,"A",.,"A",975,"D",0,"D",.,"A",.,"A",.,"A",.,"A"
"20151","03070903",20,0,"1",1502,"F",.,"A",.,"A",673,"F",66,"F",.,"A",.,"A",1217,"F",122,"F",.,"A",.,"A",.,"A",.,"A"
"20151","03070933",21,0,"1",1950,"D",195,"D",.,"A",325,"D",0,"D",.,"A",.,"A",1755,"D",0,"D",35,"D",455,"D",.,"A",.,"A"
"20151","03070984",23,0,"1",2137,"F",.,"A",.,"A",733,"F",0,"D",.,"A",.,"A",1823,"F",119,"F",.,"A",.,"A",.,"A",.,"A"
"20151","03070992",16,0,"1",325,"D",65,"D",.,"A",0,"D",0,"D",.,"A",.,"A",260,"D",0,"D",.,"A",.,"A",.,"A",.,"A"
"20151","03071004",30,0,"1",1300,"D",65,"D",.,"A",0,"D",0,"D",.,"A",.,"A",1235,"D",6,"D",.,"A",.,"A",.,"A",.,"A"
"20151","03071083",22,0,"1",1950,"D",325,"D",.,"A",975,"D",150,"D",328,"F",.,"A",1625,"D",75,"D",.,"A",.,"A",.,"A",.,"A"
"20151","03071093",39,0,"1",1576,"F",.,"A",.,"A",473,"F",0,"D",.,"A",.,"A",1228,"F",15,"D",.,"A",.,"A",.,"A",.,"A"
"20151","03071133",36,0,"1",3900,"D",650,"D",325,"D",3900,"D",0,"D",.,"A",864,"D",3250,"D",0,"D",.,"A",.,"A",.,"A",.,"A"
"20151","03071162",22,0,"1",1430,"D",130,"D",.,"A",260,"D",0,"D",.,"A",.,"A",1300,"D",600,"D",.,"A",.,"A",.,"A",.,"A"
"20151","03071172",27,0,"1",0,"D",.,"A",.,"A",975,"D",0,"D",.,"A",.,"A",0,"D",0,"D",15,"D",195,"D",.,"A",.,"A"
"20151","03071201",33,0,"1",1300,"D",390,"D",.,"A",650,"D",45,"D",.,"A",.,"A",910,"D",180,"D",.,"A",.,"A",.,"A",.,"A"
"20151","03071221",73,0,"1",2600,"D",975,"D",390,"D",975,"D",0,"D",.,"A",.,"A",1625,"D",90,"D",.,"A",.,"A",.,"A",.,"A"
"20151","03071234",21,0,"1",1950,"D",325,"D",.,"A",0,"D",0,"D",.,"A",54,"D",1625,"D",0,"D",.,"A",.,"A",.,"A",.,"A"
"20151","03071244",29,0,"1",1560,"D",130,"D",.,"A",260,"D",0,"D",.,"A",303,"D",1430,"D",60,"D",.,"A",.,"A",.,"A",.,"A"
"20151","03071251",24,0,"1",1300,"D",260,"D",65,"D",260,"D",6,"D",.,"A",360,"D",1040,"D",6,"D",.,"A",.,"A",.,"A",.,"A"
"20151","03071292",40,0,"1",455,"D",65,"D",.,"A",65,"D",0,"D",.,"A",.,"A",390,"D",0,"D",.,"A",.,"A",.,"A",.,"A"
"20151","03071303",16,0,"1",2137,"F",.,"A",.,"A",733,"F",85,"F",.,"A",.,"A",1823,"F",119,"F",.,"A",.,"A",.,"A",.,"A"
"20151","03071324",18,0,"1",195,"D",184,"F",.,"A",0,"D",6,"D",.,"A",.,"A",637,"F",6,"D",.,"A",.,"A",.,"A",.,"A"
"20151","03071342",20,0,"1",650,"D",214,"F",.,"A",0,"D",0,"D",.,"A",.,"A",694,"F",0,"D",.,"A",.,"A",.,"A",.,"A"
"20151","03071363",32,0,"1",585,"D",130,"D",.,"A",650,"D",30,"D",.,"A",.,"A",455,"D",0,"D",.,"A",.,"A",.,"A",.,"A"
"20151","03071411",45,0,"1",1300,"D",65,"D",.,"A",390,"D",15,"D",.,"A",.,"A",1235,"D",30,"D",.,"A",.,"A",.,"A",.,"A"
"20151","03071421",14,0,"1",884,"D",195,"D",.,"A",455,"D",30,"D",.,"A",.,"A",689,"D",225,"D",50,"D",650,"D",156,"D",12,"D"
"20151","03071472",13,0,"1",1040,"D",0,"D",.,"A",195,"D",0,"D",.,"A",.,"A",1040,"D",0,"D",30,"D",390,"D",.,"A",.,"A"
"20151","03071502",31,0,"1",1625,"D",130,"D",520,"D",325,"D",0,"D",.,"A",.,"A",1495,"D",0,"D",20,"D",260,"D",390,"D",30,"D"
"20151","03071523",25,0,"1",975,"D",390,"D",.,"A",104,"D",60,"D",.,"A",.,"A",585,"D",106,"F",.,"A",.,"A",.,"A",.,"A"
"20151","03071561",23,0,"1",130,"D",65,"D",.,"A",1300,"D",0,"D",.,"A",.,"A",65,"D",0,"D",.,"A",.,"A",.,"A",.,"A"
"20151","03071581",25,0,"1",650,"D",130,"D",.,"A",455,"D",0,"D",.,"A",.,"A",520,"D",45,"D",.,"A",.,"A",.,"A",.,"A"
"20151","03071612",18,0,"1",1300,"D",260,"D",.,"A",390,"D",0,"D",.,"A",.,"A",1040,"D",0,"D",.,"A",.,"A",.,"A",.,"A"
"20151","03071642",77,0,"1",2600,"D",195,"D",.,"A",1820,"D",0,"D",.,"A",100,"D",2405,"D",0,"D",.,"A",.,"A",.,"A",.,"A"
"20151","03071661",31,0,"1",2860,"D",260,"D",.,"A",1300,"D",60,"D",.,"A",.,"A",2600,"D",120,"D",.,"A",.,"A",.,"A",.,"A"
"20151","03071701",41,0,"1",1950,"D",325,"D",.,"A",780,"D",180,"D",.,"A",100,"D",1625,"D",120,"D",50,"D",650,"D",.,"A",.,"A"
"20151","03071794",20,0,"1",975,"D",390,"D",.,"A",0,"D",0,"D",.,"A",.,"A",585,"D",0,"D",.,"A",.,"A",.,"A",.,"A"
"20151","03071833",35,0,"1",2925,"D",975,"D",.,"A",260,"D",0,"D",.,"A",.,"A",1950,"D",0,"D",.,"A",.,"A",.,"A",.,"A"
"20151","03071843",24,0,"1",1950,"D",390,"D",.,"A",195,"D",0,"D",.,"A",.,"A",1560,"D",0,"D",.,"A",.,"A",.,"A",.,"A"
"20151","03071851",45,0,"1",1950,"D",130,"D",.,"A",390,"D",30,"D",.,"A",.,"A",1820,"D",48,"D",.,"A",.,"A",.,"A",.,"A"
"20151","03071902",24,0,"1",1560,"D",156,"D",.,"A",0,"D",0,"D",.,"A",.,"A",1404,"D",240,"D",.,"A",.,"A",.,"A",.,"A"
"20151","03071921",47,0,"1",260,"D",65,"D",130,"D",0,"D",0,"D",.,"A",.,"A",195,"D",60,"D",55,"D",715,"D",.,"A",.,"A"
"20151","03071943",13,0,"1",650,"D",65,"D",65,"D",65,"D",0,"D",.,"A",.,"A",585,"D",0,"D",42,"D",546,"D",.,"A",.,"A"
"20151","03071973",28,0,"1",1950,"D",975,"D",.,"A",2600,"D",0,"D",.,"A",.,"A",975,"D",0,"D",.,"A",.,"A",.,"A",.,"A"
"20151","03071983",20,0,"1",1560,"D",520,"D",.,"A",0,"D",0,"D",.,"A",.,"A",1040,"D",45,"D",.,"A",.,"A",.,"A",.,"A"
"20151","03072014",22,0,"1",520,"D",325,"D",.,"A",208,"D",0,"D",.,"A",.,"A",195,"D",150,"D",.,"A",.,"A",.,"A",.,"A"
"20151","03072022",42,0,"1",650,"D",65,"D",.,"A",0,"D",0,"D",.,"A",.,"A",585,"D",0,"D",.,"A",.,"A",.,"A",.,"A"
"20151","03072052",32,0,"1",455,"D",195,"D",195,"D",650,"D",300,"D",.,"A",.,"A",260,"D",45,"D",20,"D",260,"D",.,"A",.,"A"
"20151","03072061",36,0,"1",1300,"D",429,"D",.,"A",325,"D",0,"D",.,"A",.,"A",871,"D",0,"D",.,"A",.,"A",.,"A",.,"A"
"20151","03072073",13,0,"1",780,"D",130,"D",.,"A",0,"D",0,"D",.,"A",.,"A",650,"D",60,"D",.,"A",.,"A",.,"A",.,"A"
"20151","03072094",50,0,"1",1625,"D",0,"D",.,"A",390,"D",30,"D",.,"A",.,"A",1625,"D",30,"D",.,"A",.,"A",.,"A",.,"A"
"20151","03072134",51,0,"1",1625,"D",455,"D",.,"A",0,"D",90,"D",.,"A",.,"A",1170,"D",75,"D",.,"A",.,"A",.,"A",.,"A"
"20151","03072152",62,0,"1",1495,"D",520,"D",.,"A",130,"D",0,"D",.,"A",.,"A",975,"D",450,"D",60,"D",780,"D",.,"A",.,"A"
"20151","03072182",28,0,"1",1300,"D",325,"D",.,"A",0,"D",0,"D",.,"A",1125,"D",975,"D",0,"D",.,"A",.,"A",.,"A",.,"A"
"20151","03072201",49,0,"1",2275,"D",455,"D",260,"D",585,"D",0,"D",.,"A",.,"A",1820,"D",0,"D",.,"A",.,"A",.,"A",.,"A"
"20151","03072212",38,0,"1",936,"D",182,"D",.,"A",351,"D",0,"D",.,"A",.,"A",754,"D",0,"D",.,"A",.,"A",.,"A",.,"A"
"20151","03072233",35,0,"1",650,"D",260,"D",390,"D",650,"D",30,"D",158,"D",.,"A",390,"D",60,"D",.,"A",.,"A",.,"A",.,"A"
"20151","03072244",15,0,"1",585,"D",0,"D",.,"A",0,"D",0,"D",.,"A",.,"A",585,"D",0,"D",17,"D",221,"D",.,"A",.,"A"
"20151","03072262",40,0,"1",1040,"D",260,"D",.,"A",1300,"D",360,"D",.,"A",.,"A",780,"D",60,"D",30,"D",390,"D",.,"A",.,"A"
"20151","03072282",17,0,"1",1300,"D",325,"D",65,"D",585,"D",30,"D",.,"A",240,"D",975,"D",30,"D",20,"D",260,"D",.,"A",.,"A"
"20151","03072301",23,0,"1",2600,"D",650,"D",260,"D",1300,"D",300,"D",.,"A",.,"A",1950,"D",0,"D",.,"A",.,"A",.,"A",.,"A"
"20151","03072341",28,0,"1",1950,"D",650,"D",.,"A",390,"D",0,"D",.,"A",.,"A",1300,"D",0,"D",15,"D",195,"D",.,"A",.,"A"
"20151","03072354",14,0,"1",780,"D",260,"D",.,"A",260,"D",90,"D",.,"A",.,"A",520,"D",60,"D",15,"D",195,"D",.,"A",.,"A"
"20151","03072402",15,0,"1",975,"D",390,"D",.,"A",260,"D",0,"D",.,"A",.,"A",585,"D",0,"D",.,"A",.,"A",.,"A",.,"A"
"20151","03072432",17,0,"1",1950,"D",325,"D",.,"A",650,"D",0,"D",.,"A",.,"A",1625,"D",0,"D",.,"A",.,"A",.,"A",.,"A"
"20151","03072442",14,0,"1",1560,"D",260,"D",.,"A",0,"D",0,"D",.,"A",.,"A",1300,"D",0,"D",.,"A",.,"A",.,"A",.,"A"
"20151","03072471",15,0,"1",2600,"D",650,"D",.,"A",0,"D",0,"D",.,"A",.,"A",1950,"D",0,"D",60,"D",780,"D",.,"A",.,"A"
"20151","03072482",24,0,"1",520,"D",0,"D",130,"D",390,"D",0,"D",.,"A",.,"A",520,"D",0,"D",.,"A",.,"A",.,"A",.,"A"
"20151","03072534",18,0,"1",650,"D",325,"D",.,"A",0,"D",0,"D",.,"A",.,"A",325,"D",0,"D",.,"A",.,"A",.,"A",.,"A"
"20151","03072573",25,0,"1",273,"D",0,"D",65,"D",0,"D",0,"D",.,"A",.,"A",273,"D",0,"D",.,"A",.,"A",.,"A",.,"A"
"20151","03072611",13,0,"1",1300,"D",130,"D",.,"A",0,"D",0,"D",.,"A",.,"A",1170,"D",0,"D",5,"D",65,"D",.,"A",.,"A"
"20151","03072644",36,0,"1",1105,"D",130,"D",.,"A",130,"D",0,"D",.,"A",.,"A",975,"D",0,"D",.,"A",.,"A",.,"A",.,"A"
"20151","03072654",20,0,"1",260,"D",65,"D",.,"A",325,"D",0,"D",.,"A",.,"A",195,"D",0,"D",.,"A",.,"A",.,"A",.,"A"
"20151","03072714",49,0,"1",195,"D",0,"D",.,"A",195,"D",0,"D",.,"A",.,"A",195,"D",0,"D",.,"A",.,"A",.,"A",.,"A"
"20151","03072761",35,0,"1",585,"D",0,"D",52,"D",975,"D",0,"D",.,"A",.,"A",585,"D",0,"D",.,"A",.,"A",.,"A",.,"A"
"20151","03072831",32,0,"1",1300,"D",390,"D",325,"D",260,"D",0,"D",.,"A",135,"D",910,"D",0,"D",20,"D",260,"D",.,"A",.,"A"
"20151","03072844",18,0,"1",1300,"D",0,"D",.,"A",0,"D",0,"D",.,"A",.,"A",1300,"D",0,"D",.,"A",.,"A",.,"A",.,"A"
"20151","03072854",12,0,"1",650,"D",130,"D",.,"A",65,"D",0,"D",.,"A",.,"A",520,"D",0,"D",.,"A",.,"A",.,"A",.,"A"
"20151","03072874",36,0,"1",1300,"D",195,"D",.,"A",65,"D",60,"D",.,"A",.,"A",1105,"D",150,"D",.,"A",.,"A",.,"A",.,"A"
"20151","03072962",14,0,"1",650,"D",65,"D",.,"A",0,"D",0,"D",.,"A",.,"A",585,"D",0,"D",.,"A",.,"A",.,"A",.,"A"
"20151","03072994",10,0,"1",390,"D",65,"D",.,"A",390,"D",0,"D",.,"A",.,"A",325,"D",0,"D",.,"A",.,"A",.,"A",.,"A"
"20151","03073061",9,0,"1",1502,"F",.,"A",.,"A",673,"F",66,"F",.,"A",.,"A",1217,"F",122,"F",.,"A",.,"A",.,"A",.,"A"
"20151","03073074",26,0,"1",1300,"D",390,"D",65,"D",0,"D",0,"D",.,"A",.,"A",910,"D",0,"D",40,"D",520,"D",.,"A",.,"A"
"20151","03073081",58,0,"1",2600,"D",1300,"D",520,"D",1300,"D",120,"D",.,"A",.,"A",1300,"D",60,"D",.,"A",.,"A",.,"A",.,"A"
"20151","03073124",23,0,"1",780,"D",0,"D",195,"D",0,"D",0,"D",.,"A",.,"A",780,"D",0,"D",.,"A",.,"A",.,"A",.,"A"
"20151","03073134",29,0,"1",2600,"D",650,"D",.,"A",780,"D",150,"D",.,"A",.,"A",1950,"D",150,"D",.,"A",.,"A",.,"A",.,"A"
"20151","03073142",33,0,"1",1950,"D",78,"D",130,"D",650,"D",0,"D",.,"A",.,"A",1872,"D",0,"D",.,"A",.,"A",.,"A",.,"A"
"20151","03073174",37,0,"1",1690,"D",520,"D",.,"A",260,"D",0,"D",.,"A",.,"A",1170,"D",0,"D",.,"A",.,"A",.,"A",.,"A"
"20151","03073191",24,0,"1",650,"D",130,"D",390,"D",975,"D",0,"D",.,"A",.,"A",520,"D",0,"D",.,"A",.,"A",.,"A",.,"A"
"20151","03073222",41,0,"1",2600,"D",1300,"D",650,"D",910,"D",0,"D",.,"A",.,"A",1300,"D",300,"D",50,"D",650,"D",104,"D",8,"D"
"20151","03073251",46,0,"1",1300,"D",325,"D",.,"A",650,"D",240,"D",.,"A",120,"D",975,"D",450,"D",.,"A",.,"A",.,"A",.,"A"
"20151","03073273",16,0,"1",1625,"D",520,"D",715,"D",0,"D",0,"D",.,"A",.,"A",1105,"D",300,"D",70,"D",910,"D",.,"A",.,"A"
"20151","03073284",27,0,"1",1950,"D",195,"D",.,"A",390,"D",0,"D",.,"A",.,"A",1755,"D",150,"D",.,"A",.,"A",.,"A",.,"A"
"20151","03073324",26,0,"1",2600,"D",260,"D",390,"D",0,"D",0,"D",.,"A",.,"A",2340,"D",90,"D",.,"A",.,"A",.,"A",.,"A"
"20151","03073344",32,0,"1",3900,"D",520,"D",.,"A",845,"D",0,"D",.,"A",.,"A",3380,"D",225,"D",.,"A",.,"A",.,"A",.,"A"
"20151","03073354",27,0,"1",650,"D",0,"D",.,"A",390,"D",300,"D",.,"A",.,"A",650,"D",225,"D",.,"A",.,"A",.,"A",.,"A"
"20151","03073381",12,0,"1",2600,"D",1300,"D",520,"D",390,"D",0,"D",.,"A",.,"A",1300,"D",0,"D",50,"D",650,"D",.,"A",.,"A"
"20151","03073394",14,0,"1",1950,"D",780,"D",.,"A",650,"D",0,"D",.,"A",.,"A",1170,"D",0,"D",.,"A",.,"A",.,"A",.,"A"
"20151","03073401",46,0,"1",1950,"D",260,"D",325,"D",325,"D",0,"D",.,"A",.,"A",1690,"D",0,"D",.,"A",.,"A",.,"A",.,"A"
"20151","03073411",35,0,"1",1300,"D",390,"D",.,"A",780,"D",0,"D",.,"A",.,"A",910,"D",0,"D",40,"D",520,"D",.,"A",.,"A"
"20151","03073512",33,0,"1",1300,"D",260,"D",130,"D",325,"D",0,"D",.,"A",.,"A",1040,"D",0,"D",.,"A",.,"A",.,"A",.,"A"
"20151","03073522",15,0,"1",585,"D",65,"D",260,"D",260,"D",0,"D",.,"A",.,"A",520,"D",0,"D",.,"A",.,"A",.,"A",.,"A"
"20151","03073561",22,0,"1",1950,"D",130,"D",260,"D",390,"D",18,"D",.,"A",.,"A",1820,"D",0,"D",.,"A",.,"A",65,"D",5,"D"
"20151","03073572",52,0,"1",1300,"D",260,"D",.,"A",390,"D",60,"D",.,"A",.,"A",1040,"D",120,"D",.,"A",.,"A",.,"A",.,"A"
"20151","03073592",39,0,"1",1430,"D",130,"D",.,"A",1950,"D",150,"D",.,"A",.,"A",1300,"D",150,"D",.,"A",.,"A",.,"A",.,"A"
"20151","03073623",16,0,"1",1560,"D",260,"D",.,"A",260,"D",0,"D",.,"A",.,"A",1300,"D",0,"D",.,"A",.,"A",.,"A",.,"A"
"20151","03073634",18,0,"1",650,"D",130,"D",.,"A",0,"D",0,"D",.,"A",.,"A",520,"D",0,"D",.,"A",.,"A",.,"A",.,"A"
"20151","03073643",21,0,"1",975,"D",325,"D",.,"A",390,"D",0,"D",.,"A",.,"A",650,"D",90,"D",.,"A",.,"A",.,"A",.,"A"
"20151","03073662",60,0,"1",1560,"D",260,"D",.,"A",1950,"D",150,"D",.,"A",.,"A",1300,"D",270,"D",.,"A",.,"A",.,"A",.,"A"
"20151","03073674",15,0,"1",975,"D",325,"D",.,"A",0,"D",0,"D",.,"A",.,"A",650,"D",0,"D",.,"A",.,"A",.,"A",.,"A"
"20151","03073694",26,0,"1",390,"D",91,"D",.,"A",0,"D",0,"D",.,"A",.,"A",299,"D",0,"D",.,"A",.,"A",.,"A",.,"A"
"20151","03073701",27,0,"1",1950,"D",325,"D",.,"A",520,"D",0,"D",.,"A",.,"A",1625,"D",0,"D",.,"A",.,"A",.,"A",.,"A"
"20151","03073724",16,0,"1",520,"D",260,"D",325,"D",1040,"D",30,"D",.,"A",.,"A",260,"D",135,"D",6,"D",78,"D",.,"A",.,"A"
"20151","03073763",32,0,"1",975,"D",455,"D",.,"A",390,"D",0,"D",.,"A",.,"A",520,"D",60,"D",.,"A",.,"A",.,"A",.,"A"
"20151","03073802",27,0,"1",1950,"D",650,"D",.,"A",520,"D",150,"D",.,"A",.,"A",1300,"D",150,"D",20,"D",260,"D",.,"A",.,"A"
"20151","03073831",9,0,"1",0,"D",.,"A",.,"A",0,"D",0,"D",.,"A",.,"A",0,"D",0,"D",.,"A",.,"A",.,"A",.,"A"
"20151","03073863",32,0,"1",1300,"D",520,"D",.,"A",650,"D",0,"D",.,"A",.,"A",780,"D",0,"D",.,"A",.,"A",.,"A",.,"A"
"20151","03073873",17,0,"1",1300,"D",325,"D",.,"A",130,"D",0,"D",.,"A",.,"A",975,"D",0,"D",.,"A",.,"A",.,"A",.,"A"
"20151","03073882",22,0,"1",910,"D",130,"D",.,"A",520,"D",0,"D",.,"A",.,"A",780,"D",0,"D",25,"D",325,"D",195,"D",15,"D"
"20151","03073933",16,0,"1",260,"D",65,"D",.,"A",195,"D",0,"D",.,"A",.,"A",195,"D",0,"D",.,"A",.,"A",.,"A",.,"A"
"20151","03074012",42,0,"1",1950,"D",975,"D",.,"A",325,"D",6,"D",.,"A",.,"A",975,"D",6,"D",.,"A",.,"A",.,"A",.,"A"
"20151","03074031",23,0,"1",1950,"D",1170,"D",.,"A",650,"D",0,"D",.,"A",.,"A",780,"D",0,"D",.,"A",.,"A",.,"A",.,"A"
"20151","03074072",18,0,"1",1300,"D",260,"D",.,"A",650,"D",0,"D",.,"A",.,"A",1040,"D",45,"D",.,"A",.,"A",.,"A",.,"A"
"20151","03074083",18,0,"1",650,"D",260,"D",.,"A",0,"D",0,"D",.,"A",.,"A",390,"D",150,"D",.,"A",.,"A",.,"A",.,"A"
"20151","03074111",45,0,"1",1950,"D",390,"D",.,"A",260,"D",0,"D",.,"A",.,"A",1560,"D",0,"D",.,"A",.,"A",.,"A",.,"A"
"20151","03074143",24,0,"1",2600,"D",260,"D",.,"A",1300,"D",0,"D",.,"A",500,"D",2340,"D",75,"D",.,"A",.,"A",.,"A",.,"A"
"20151","03074154",21,0,"1",975,"D",260,"D",65,"D",390,"D",60,"D",.,"A",.,"A",715,"D",60,"D",.,"A",.,"A",.,"A",.,"A"
"20151","03074164",20,0,"1",780,"D",390,"D",.,"A",0,"D",0,"D",625,"D",.,"A",390,"D",0,"D",.,"A",.,"A",.,"A",.,"A"
"20151","03074172",23,0,"1",975,"D",130,"D",65,"D",260,"D",0,"D",.,"A",.,"A",845,"D",60,"D",.,"A",.,"A",.,"A",.,"A"
"20151","03074261",18,0,"1",1300,"D",975,"D",.,"A",520,"D",0,"D",.,"A",.,"A",325,"D",0,"D",.,"A",.,"A",.,"A",.,"A"
"20151","03074274",50,0,"1",780,"D",0,"D",.,"A",1300,"D",300,"D",.,"A",.,"A",780,"D",75,"D",.,"A",.,"A",.,"A",.,"A"
"20151","03074301",29,0,"1",1300,"D",260,"D",.,"A",650,"D",150,"D",.,"A",.,"A",1040,"D",150,"D",.,"A",.,"A",.,"A",.,"A"
"20151","03074323",13,0,"1",845,"D",130,"D",.,"A",156,"D",75,"D",.,"A",.,"A",715,"D",45,"D",.,"A",.,"A",.,"A",.,"A"
"20151","03074363",40,0,"1",1950,"D",520,"D",390,"D",390,"D",60,"D",.,"A",.,"A",1430,"D",90,"D",.,"A",.,"A",195,"D",15,"D"
"20151","03074374",31,0,"1",325,"D",52,"D",.,"A",390,"D",0,"D",.,"A",.,"A",273,"D",36,"D",.,"A",.,"A",.,"A",.,"A"
"20151","03074383",69,0,"1",3250,"D",1300,"D",650,"D",1950,"D",300,"D",.,"A",40,"D",1950,"D",60,"D",.,"A",.,"A",.,"A",.,"A"
"20151","03074401",26,0,"1",1105,"D",130,"D",.,"A",325,"D",0,"D",.,"A",.,"A",975,"D",30,"D",.,"A",.,"A",.,"A",.,"A"
"20151","03074423",9,0,"1",585,"D",39,"D",.,"A",0,"D",0,"D",.,"A",.,"A",546,"D",0,"D",.,"A",.,"A",.,"A",.,"A"
"20151","03074432",51,0,"1",1300,"D",325,"D",.,"A",650,"D",0,"D",.,"A",.,"A",975,"D",0,"D",.,"A",.,"A",.,"A",.,"A"
"20151","03074444",39,0,"1",5200,"D",1300,"D",.,"A",3900,"D",0,"D",.,"A",215,"F",3900,"D",1800,"D",110,"D",1430,"D",.,"A",.,"A"
"20151","03074463",31,0,"1",585,"D",156,"D",.,"A",260,"D",0,"D",.,"A",.,"A",429,"D",45,"D",.,"A",.,"A",.,"A",.,"A"
"20151","03074471",32,0,"1",1300,"D",325,"D",.,"A",0,"D",0,"D",.,"A",.,"A",975,"D",0,"D",.,"A",.,"A",130,"D",10,"D"
"20151","03074483",36,0,"1",975,"D",325,"D",.,"A",130,"D",0,"D",.,"A",.,"A",650,"D",39,"D",.,"A",.,"A",.,"A",.,"A"
"20151","03074494",9,0,"1",975,"D",0,"D",.,"A",0,"D",0,"D",.,"A",.,"A",975,"D",0,"D",10,"D",130,"D",.,"A",.,"A"
"20151","03074502",25,0,"1",650,"D",260,"D",.,"A",390,"D",0,"D",.,"A",.,"A",390,"D",60,"D",.,"A",.,"A",.,"A",.,"A"
"20151","03074514",12,0,"1",1950,"D",390,"D",.,"A",520,"D",0,"D",.,"A",.,"A",1560,"D",0,"D",.,"A",.,"A",.,"A",.,"A"
"20151","03074531",21,0,"1",1300,"D",0,"D",.,"A",78,"D",0,"D",.,"A",.,"A",1300,"D",150,"D",20,"D",260,"D",.,"A",.,"A"
"20151","03074573",26,0,"1",1690,"D",585,"D",.,"A",65,"D",0,"D",.,"A",.,"A",1105,"D",0,"D",.,"A",.,"A",.,"A",.,"A"
"20151","03074593",20,0,"1",1625,"D",325,"D",.,"A",780,"D",30,"D",.,"A",.,"A",1300,"D",0,"D",.,"A",.,"A",.,"A",.,"A"
"20151","03074612",22,0,"1",780,"D",260,"D",.,"A",325,"D",0,"D",.,"A",.,"A",520,"D",0,"D",.,"A",.,"A",.,"A",.,"A"
"20151","03074633",28,0,"1",1820,"D",195,"D",.,"A",650,"D",0,"D",.,"A",.,"A",1625,"D",0,"D",.,"A",.,"A",.,"A",.,"A"
"20151","03074662",28,0,"1",1950,"D",975,"D",.,"A",0,"D",0,"D",.,"A",.,"A",975,"D",0,"D",.,"A",.,"A",.,"A",.,"A"
"20151","03074692",52,0,"1",1040,"D",0,"D",.,"A",1040,"D",120,"D",.,"A",.,"A",1040,"D",120,"D",.,"A",.,"A",.,"A",.,"A"
"20151","03074714",11,0,"1",455,"D",0,"D",.,"A",455,"D",0,"D",.,"A",.,"A",455,"D",0,"D",.,"A",.,"A",.,"A",.,"A"
"20151","03074723",34,0,"1",975,"D",104,"D",156,"D",260,"D",0,"D",.,"A",.,"A",871,"D",0,"D",10,"D",130,"D",.,"A",.,"A"
"20151","03074752",9,0,"1",1300,"D",390,"D",.,"A",130,"D",0,"D",.,"A",.,"A",910,"D",0,"D",.,"A",.,"A",.,"A",.,"A"
"20151","03074783",38,0,"1",1625,"D",325,"D",78,"D",325,"D",75,"D",.,"A",.,"A",1300,"D",300,"D",15,"D",195,"D",.,"A",.,"A"
"20151","03074793",21,0,"1",780,"D",260,"D",.,"A",390,"D",30,"D",.,"A",.,"A",520,"D",120,"D",.,"A",.,"A",.,"A",.,"A"
"20151","03074811",27,0,"1",1625,"D",325,"D",.,"A",1950,"D",120,"D",.,"A",.,"A",1300,"D",60,"D",.,"A",.,"A",.,"A",.,"A"
"20151","03074864",54,0,"1",1950,"D",0,"D",1300,"D",1040,"D",120,"D",.,"A",200,"D",1950,"D",60,"D",.,"A",.,"A",.,"A",.,"A"
"20151","03074871",25,0,"1",2600,"D",412,"F",.,"A",650,"D",109,"F",.,"A",18,"D",1807,"F",137,"F",.,"A",.,"A",.,"A",.,"A"
"20151","03074884",11,0,"1",1625,"D",65,"D",.,"A",0,"D",0,"D",.,"A",.,"A",1560,"D",0,"D",.,"A",.,"A",.,"A",.,"A"
"20151","03074903",17,0,"1",1040,"D",130,"D",.,"A",0,"D",0,"D",.,"A",.,"A",910,"D",51,"D",.,"A",.,"A",39,"D",3,"D"
"20151","03074924",27,0,"1",325,"D",39,"D",.,"A",65,"D",0,"D",.,"A",.,"A",286,"D",0,"D",.,"A",.,"A",.,"A",.,"A"
"20151","03074971",27,0,"1",975,"D",260,"D",.,"A",1300,"D",90,"D",.,"A",.,"A",715,"D",150,"D",.,"A",.,"A",.,"A",.,"A"
"20151","03074982",23,0,"1",845,"D",325,"D",.,"A",260,"D",0,"D",.,"A",.,"A",520,"D",0,"D",.,"A",.,"A",.,"A",.,"A"
"20151","03074994",19,0,"1",1300,"D",195,"D",.,"A",260,"D",0,"D",.,"A",.,"A",1105,"D",0,"D",.,"A",.,"A",.,"A",.,"A"
"20151","03075011",13,0,"1",2600,"D",520,"D",.,"A",91,"D",0,"D",.,"A",84,"D",2080,"D",0,"D",21,"D",273,"D",.,"A",.,"A"
"20151","03075024",61,0,"1",2600,"D",650,"D",650,"D",260,"D",60,"D",.,"A",150,"D",1950,"D",150,"D",.,"A",.,"A",.,"A",.,"A"
"20151","03075031",26,0,"1",1300,"D",65,"D",.,"A",1625,"D",30,"D",.,"A",.,"A",1235,"D",30,"D",.,"A",.,"A",.,"A",.,"A"
"20151","03075091",7,0,"1",650,"D",0,"D",130,"D",0,"D",0,"D",.,"A",.,"A",650,"D",0,"D",20,"D",260,"D",.,"A",.,"A"
"20151","03075121",23,0,"1",1950,"D",390,"D",.,"A",520,"D",0,"D",.,"A",.,"A",1560,"D",0,"D",.,"A",.,"A",.,"A",.,"A"
"20151","03075132",24,0,"1",1502,"F",.,"A",.,"A",673,"F",66,"F",.,"A",.,"A",1217,"F",122,"F",.,"A",.,"A",.,"A",.,"A"
"20151","03075153",29,0,"1",390,"D",65,"D",.,"A",0,"D",0,"D",.,"A",.,"A",325,"D",0,"D",.,"A",.,"A",.,"A",.,"A"
"20151","03075174",19,0,"1",325,"D",91,"D",.,"A",91,"D",0,"D",.,"A",.,"A",234,"D",0,"D",30,"D",390,"D",.,"A",.,"A"
"20151","03075181",40,0,"1",1560,"D",390,"D",.,"A",390,"D",0,"D",.,"A",.,"A",1170,"D",0,"D",.,"C",655,"F",.,"A",.,"A"
"20151","03075221",23,0,"1",390,"D",65,"D",260,"D",130,"D",0,"D",.,"A",.,"A",325,"D",0,"D",.,"A",.,"A",.,"A",.,"A"
"20151","03075263",34,0,"1",1040,"D",195,"D",325,"D",520,"D",0,"D",.,"A",.,"A",845,"D",0,"D",.,"A",.,"A",.,"A",.,"A"
"20151","03075271",26,0,"1",780,"D",260,"D",260,"D",130,"D",300,"D",.,"A",.,"A",520,"D",120,"D",.,"A",.,"A",130,"D",10,"D"
"20151","03075291",29,0,"1",1300,"D",260,"D",.,"A",650,"D",150,"D",.,"A",.,"A",1040,"D",42,"D",.,"A",.,"A",.,"A",.,"A"
"20151","03075331",25,0,"1",6500,"D",325,"D",.,"A",0,"D",0,"D",.,"A",.,"A",6175,"D",0,"D",.,"A",.,"A",.,"A",.,"A"
"20151","03075363",28,0,"1",3250,"D",260,"D",.,"A",0,"D",0,"D",.,"A",.,"A",2990,"D",0,"D",.,"A",.,"A",.,"A",.,"A"
"20151","03075382",48,0,"1",1079,"D",0,"D",26,"D",65,"D",0,"D",.,"A",.,"A",1079,"D",0,"D",.,"A",.,"A",.,"A",.,"A"
"20151","03075401",16,0,"1",3250,"D",390,"D",.,"A",763,"F",6,"D",.,"A",.,"A",2860,"D",6,"D",.,"A",.,"A",.,"A",.,"A"
"20151","03075414",16,0,"1",2600,"D",130,"D",650,"D",0,"D",0,"D",.,"A",.,"A",2470,"D",0,"D",.,"A",.,"A",.,"A",.,"A"
"20151","03075443",25,0,"1",1950,"D",650,"D",.,"A",0,"D",0,"D",.,"A",.,"A",1300,"D",75,"D",.,"A",.,"A",.,"A",.,"A"
"20151","03075451",13,0,"1",1742,"D",442,"D",.,"A",78,"D",0,"D",.,"A",.,"A",1300,"D",0,"D",.,"A",.,"A",.,"A",.,"A"
"20151","03075514",51,0,"1",2600,"D",1300,"D",260,"D",1950,"D",150,"D",.,"A",.,"A",1300,"D",0,"D",.,"A",.,"A",130,"D",10,"D"
"20151","03075542",18,0,"1",1950,"D",975,"D",1950,"D",0,"D",0,"D",.,"A",.,"A",975,"D",0,"D",.,"A",.,"A",.,"A",.,"A"
"20151","03075551",42,0,"1",975,"D",260,"D",.,"A",780,"D",0,"D",.,"A",.,"A",715,"D",0,"D",.,"A",.,"A",.,"A",.,"A"
"20151","03075571",8,0,"1",585,"D",0,"D",91,"D",325,"D",0,"D",.,"A",.,"A",585,"D",0,"D",.,"A",.,"A",.,"A",.,"A"
"20151","03075603",45,0,"1",2600,"D",0,"D",.,"A",1040,"D",0,"D",.,"A",.,"A",2600,"D",0,"D",.,"A",.,"A",.,"A",.,"A"
"20151","03075661",14,0,"1",1300,"D",325,"D",.,"A",0,"D",0,"D",.,"A",.,"A",975,"D",60,"D",.,"A",.,"A",.,"A",.,"A"
"20151","03075673",25,0,"1",3250,"D",650,"D",.,"A",0,"D",0,"D",.,"A",.,"A",2600,"D",0,"D",30,"D",390,"D",.,"A",.,"A"
"20151","03075724",21,0,"1",780,"D",130,"D",.,"A",650,"D",0,"D",.,"A",.,"A",650,"D",75,"D",22,"D",286,"D",.,"A",.,"A"
"20151","03075741",16,0,"1",2925,"D",975,"D",.,"A",650,"D",0,"D",.,"A",.,"A",1950,"D",900,"D",40,"D",520,"D",.,"A",.,"A"
"20151","03075804",7,0,"1",0,"D",.,"A",.,"A",0,"D",0,"D",.,"A",.,"A",0,"D",0,"D",.,"A",.,"A",.,"A",.,"A"
"20151","03075814",15,0,"1",0,"D",.,"A",.,"A",1300,"D",210,"D",.,"A",.,"A",0,"D",360,"D",.,"A",.,"A",130,"D",10,"D"
"20151","03075833",36,0,"1",1300,"D",0,"D",1235,"D",0,"D",30,"D",.,"A",.,"A",1300,"D",180,"D",.,"A",.,"A",.,"A",.,"A"
"20151","03075873",32,0,"1",1625,"D",780,"D",.,"A",520,"D",0,"D",.,"A",.,"A",845,"D",0,"D",.,"A",.,"A",.,"A",.,"A"
"20151","03075881",58,0,"1",2600,"D",260,"D",130,"D",0,"D",0,"D",.,"A",120,"D",2340,"D",0,"D",.,"A",.,"A",.,"A",.,"A"
"20151","03075913",41,0,"1",1625,"D",325,"D",.,"A",494,"D",0,"D",.,"A",.,"A",1300,"D",0,"D",40,"D",520,"D",.,"A",.,"A"
"20151","03075934",43,0,"1",1950,"D",390,"D",.,"A",975,"D",60,"D",.,"A",.,"A",1560,"D",30,"D",.,"A",.,"A",.,"A",.,"A"
"20151","03075961",25,0,"1",1560,"D",390,"D",.,"A",1170,"D",158,"F",.,"A",.,"A",1170,"D",0,"D",96,"D",1248,"D",.,"A",.,"A"
"20151","03075991",23,0,"1",1950,"D",650,"D",.,"A",0,"D",0,"D",.,"A",.,"A",1300,"D",0,"D",.,"A",.,"A",338,"D",26,"D"
"20151","03076014",32,0,"1",1560,"D",390,"D",.,"A",260,"D",60,"D",.,"A",.,"A",1170,"D",90,"D",.,"A",.,"A",.,"A",.,"A"
"20151","03076024",18,0,"1",1950,"D",390,"D",.,"A",260,"D",0,"D",.,"A",.,"A",1560,"D",0,"D",.,"A",.,"A",.,"A",.,"A"
"20151","03076041",28,0,"1",1040,"D",650,"D",.,"A",390,"D",0,"D",.,"A",120,"D",390,"D",60,"D",.,"A",.,"A",.,"A",.,"A"
"20151","03076094",33,0,"1",1300,"D",260,"D",.,"A",260,"D",60,"D",.,"A",.,"A",1040,"D",150,"D",.,"A",.,"A",390,"D",30,"D"
"20151","03076114",15,0,"1",650,"D",65,"D",.,"A",39,"D",0,"D",.,"A",.,"A",585,"D",0,"D",.,"A",.,"A",.,"A",.,"A"
"20151","03076143",29,0,"1",650,"D",65,"D",303,"F",475,"F",0,"D",.,"A",.,"A",585,"D",0,"D",.,"A",.,"A",.,"A",.,"A"
"20151","03076162",26,0,"1",2600,"D",0,"D",260,"D",390,"D",0,"D",.,"A",.,"A",2600,"D",137,"F",.,"A",.,"A",.,"A",.,"A"
"20151","03076203",27,0,"1",1300,"D",260,"D",.,"A",325,"D",0,"D",.,"A",.,"A",1040,"D",0,"D",.,"A",.,"A",.,"A",.,"A"
"20151","03076233",16,0,"1",130,"D",26,"D",.,"A",0,"D",0,"D",.,"A",.,"A",104,"D",0,"D",.,"A",.,"A",.,"A",.,"A"
"20151","03076252",10,0,"1",650,"D",130,"D",.,"A",195,"D",0,"D",.,"A",.,"A",520,"D",0,"D",.,"A",.,"A",195,"D",15,"D"
"20151","03076302",24,0,"1",1560,"D",520,"D",.,"A",390,"D",0,"D",.,"A",.,"A",1040,"D",0,"D",100,"D",1300,"D",.,"A",.,"A"
"20151","03076344",11,0,"1",1300,"D",260,"D",260,"D",0,"D",0,"D",.,"A",.,"A",1040,"D",0,"D",.,"A",.,"A",.,"A",.,"A"
"20151","03076354",20,0,"1",1300,"D",260,"D",.,"A",390,"D",0,"D",.,"A",.,"A",1040,"D",0,"D",.,"A",.,"A",.,"A",.,"A"
"20151","03076384",41,0,"1",1950,"D",195,"D",195,"D",780,"D",90,"D",.,"A",.,"A",1755,"D",60,"D",.,"A",.,"A",.,"A",.,"A"
"20151","03076443",18,0,"1",3250,"D",780,"D",.,"A",0,"D",6,"D",.,"A",.,"A",2470,"D",6,"D",.,"A",.,"A",.,"A",.,"A"
"20151","03076514",30,0,"1",650,"D",0,"D",.,"A",780,"D",0,"D",.,"A",.,"A",650,"D",120,"D",.,"A",.,"A",.,"A",.,"A"
"20151","03076553",45,0,"1",1300,"D",260,"D",130,"D",650,"D",30,"D",.,"A",.,"A",1040,"D",30,"D",.,"A",.,"A",.,"A",.,"A"
"20151","03076602",27,0,"1",1625,"D",325,"D",.,"A",65,"D",12,"D",.,"A",.,"A",1300,"D",21,"D",.,"A",.,"A",.,"A",.,"A"
"20151","03076664",16,0,"1",2600,"D",260,"D",.,"A",0,"D",0,"D",.,"A",.,"A",2340,"D",75,"D",.,"A",.,"A",.,"A",.,"A"
"20151","03076672",53,0,"1",1950,"D",260,"D",.,"A",520,"D",6,"D",.,"A",.,"A",1690,"D",6,"D",.,"A",.,"A",.,"A",.,"A"
"20151","03076701",66,0,"1",3900,"D",520,"D",.,"A",1092,"D",48,"D",.,"A",.,"A",3380,"D",90,"D",.,"A",.,"A",.,"A",.,"A"
"20151","03076742",17,0,"1",325,"D",65,"D",.,"A",130,"D",0,"D",.,"A",.,"A",260,"D",0,"D",2,"D",26,"D",.,"A",.,"A"
"20151","03076801",31,0,"1",1300,"D",130,"D",.,"A",0,"D",0,"D",.,"A",235,"F",1170,"D",0,"D",.,"A",.,"A",.,"A",.,"A"
"20151","03076812",51,0,"1",1560,"D",390,"D",390,"D",975,"D",180,"D",.,"A",.,"A",1170,"D",180,"D",.,"A",.,"A",.,"A",.,"A"
"20151","03076851",19,0,"1",520,"D",195,"D",.,"A",1300,"D",0,"D",.,"A",.,"A",325,"D",0,"D",.,"A",.,"A",.,"A",.,"A"
"20151","03076863",31,0,"1",3250,"D",260,"D",.,"A",650,"D",90,"D",.,"A",.,"A",2990,"D",300,"D",.,"A",.,"A",.,"A",.,"A"
"20151","03076881",20,0,"1",910,"D",65,"D",.,"A",156,"D",0,"D",.,"A",80,"D",845,"D",0,"D",40,"D",520,"D",.,"A",.,"A"
"20151","03076902",25,0,"1",390,"D",195,"D",130,"D",520,"D",0,"D",.,"A",.,"A",195,"D",0,"D",.,"A",.,"A",.,"A",.,"A"
"20151","03076922",33,0,"1",3250,"D",260,"D",.,"A",260,"D",0,"D",.,"A",.,"A",2990,"D",72,"D",.,"A",.,"A",.,"A",.,"A"
"20151","03076931",29,0,"1",1950,"D",390,"D",.,"A",130,"D",0,"D",.,"A",.,"A",1560,"D",0,"D",.,"A",.,"A",.,"A",.,"A"
"20151","03076944",23,0,"1",650,"D",260,"D",.,"A",260,"D",0,"D",.,"A",.,"A",390,"D",90,"D",.,"A",.,"A",.,"A",.,"A"
"20151","03077042",45,0,"1",1820,"D",520,"D",.,"A",520,"D",0,"D",.,"A",.,"A",1300,"D",150,"D",.,"A",.,"A",.,"A",.,"A"
"20151","03077091",27,0,"1",1300,"D",0,"D",.,"A",0,"D",0,"D",.,"A",.,"A",1300,"D",0,"D",.,"A",.,"A",260,"D",20,"D"
"20151","03077111",44,0,"1",1300,"D",325,"D",650,"D",2600,"D",0,"D",.,"A",.,"A",975,"D",0,"D",.,"A",.,"A",.,"A",.,"A"
"20151","03077133",23,0,"1",650,"D",130,"D",.,"A",1300,"D",90,"D",.,"A",.,"A",520,"D",180,"D",.,"A",.,"A",.,"A",.,"A"
"20151","03077163",30,0,"1",1950,"D",390,"D",520,"D",0,"D",0,"D",.,"A",.,"A",1560,"D",0,"D",.,"A",.,"A",.,"A",.,"A"
"20151","03077193",36,0,"1",1560,"D",455,"D",.,"A",1170,"D",750,"D",.,"A",.,"A",1105,"D",600,"D",.,"A",.,"A",.,"A",.,"A"
"20151","03077243",27,0,"1",1950,"D",520,"D",.,"A",650,"D",0,"D",.,"A",.,"A",1430,"D",0,"D",75,"D",975,"D",.,"A",.,"A"
"20151","03077323",42,0,"1",910,"D",130,"D",.,"A",182,"D",0,"D",.,"A",.,"A",780,"D",0,"D",.,"A",.,"A",.,"A",.,"A"
"20151","03077391",40,0,"1",2600,"D",1300,"D",806,"D",130,"D",90,"D",.,"A",.,"A",1300,"D",60,"D",120,"D",1560,"D",.,"A",.,"A"
"20151","03077404",18,0,"1",260,"D",296,"F",1300,"D",0,"D",0,"D",.,"A",.,"A",1361,"F",97,"F",3,"D",39,"D",.,"A",.,"A"
"20151","03077423",15,0,"1",1040,"D",65,"D",.,"A",0,"D",6,"D",.,"A",.,"A",975,"D",6,"D",.,"A",.,"A",.,"A",.,"A"
"20151","03077433",41,0,"1",3250,"D",325,"D",.,"A",650,"D",240,"D",.,"A",.,"A",2925,"D",300,"D",.,"A",.,"A",.,"A",.,"A"
"20151","03077481",16,0,"1",1040,"D",0,"D",.,"A",195,"D",0,"D",.,"A",.,"A",1040,"D",0,"D",24,"D",312,"D",.,"A",.,"A"
"20151","03077491",26,0,"1",1300,"D",325,"D",.,"A",910,"D",0,"D",.,"A",.,"A",975,"D",0,"D",.,"A",.,"A",.,"A",.,"A"
"20151","03077551",25,0,"1",914,"F",.,"A",.,"A",455,"D",0,"D",.,"A",.,"A",753,"F",0,"D",.,"A",.,"A",.,"A",.,"A"
"20151","03077594",26,0,"1",2600,"D",395,"F",.,"A",733,"F",0,"D",.,"A",.,"A",1823,"F",0,"D",.,"A",.,"A",.,"A",.,"A"
"20151","03077603",21,0,"1",390,"D",130,"D",.,"A",260,"D",0,"D",.,"A",.,"A",260,"D",0,"D",.,"A",.,"A",.,"A",.,"A"
"20151","03077664",25,0,"1",455,"D",65,"D",.,"A",585,"D",45,"D",.,"A",.,"A",390,"D",45,"D",.,"A",.,"A",.,"A",.,"A"
"20151","03077781",19,0,"1",390,"D",214,"F",.,"A",195,"D",0,"D",.,"A",.,"A",694,"F",0,"D",.,"A",.,"A",.,"A",.,"A"
"20151","03077804",42,0,"1",1950,"D",975,"D",1300,"D",130,"D",0,"D",.,"A",.,"A",975,"D",60,"D",75,"D",975,"D",52,"D",4,"D"
"20151","03077844",48,0,"1",1040,"D",130,"D",.,"A",390,"D",0,"D",.,"A",.,"A",910,"D",0,"D",25,"D",325,"D",65,"D",5,"D"
"20151","03077861",26,0,"1",1560,"D",260,"D",.,"A",0,"D",0,"D",.,"A",.,"A",1300,"D",0,"D",0,"D",0,"D",130,"D",10,"D"
"20151","03077934",23,0,"1",1300,"D",260,"D",.,"A",390,"D",0,"D",.,"A",.,"A",1040,"D",0,"D",55,"D",715,"D",.,"A",.,"A"
"20151","03077942",19,0,"1",585,"D",65,"D",.,"A",260,"D",150,"D",.,"A",.,"A",520,"D",75,"D",.,"A",.,"A",.,"A",.,"A"
"20151","03077962",29,0,"1",3900,"D",0,"D",.,"A",455,"D",0,"D",.,"A",.,"A",3900,"D",300,"D",.,"A",.,"A",.,"A",.,"A"
"20151","03077993",18,0,"1",1950,"D",390,"D",.,"A",1040,"D",0,"D",.,"A",.,"A",1560,"D",0,"D",35,"D",455,"D",.,"A",.,"A"
"20151","03078004",10,0,"1",1300,"D",390,"D",.,"A",260,"D",0,"D",.,"A",.,"A",910,"D",0,"D",.,"A",.,"A",.,"A",.,"A"
"20151","03078012",17,0,"1",455,"D",195,"D",.,"A",0,"D",0,"D",.,"A",.,"A",260,"D",0,"D",.,"A",.,"A",.,"A",.,"A"
"20151","03078091",32,0,"1",1560,"D",520,"D",.,"A",780,"D",30,"D",.,"A",.,"A",1040,"D",0,"D",8,"D",104,"D",260,"D",20,"D"
"20151","03078223",58,0,"1",1625,"D",0,"D",.,"A",130,"D",60,"D",.,"A",.,"A",1625,"D",75,"D",.,"A",.,"A",.,"A",.,"A"
"20151","03078281",23,0,"1",1950,"D",390,"D",650,"D",325,"D",0,"D",.,"A",.,"A",1560,"D",60,"D",.,"A",.,"A",.,"A",.,"A"
"20151","03078292",64,0,"1",1300,"D",130,"D",.,"A",650,"D",90,"D",.,"A",.,"A",1170,"D",90,"D",.,"A",.,"A",52,"D",4,"D"
"20151","03078334",8,0,"1",2080,"D",780,"D",.,"A",390,"D",0,"D",.,"A",.,"A",1300,"D",0,"D",.,"A",.,"A",.,"A",.,"A"
"20151","03078341",9,0,"1",914,"F",.,"A",.,"A",553,"F",0,"D",.,"A",.,"A",753,"F",0,"D",.,"A",.,"A",.,"A",.,"A"
"20151","03078423",22,0,"1",2340,"D",390,"D",780,"D",780,"D",0,"D",.,"A",.,"A",1950,"D",30,"D",.,"A",.,"A",.,"A",.,"A"
"20151","03078442",18,0,"1",1300,"D",130,"D",.,"A",0,"D",0,"D",.,"A",.,"A",1170,"D",0,"D",7,"D",91,"D",.,"A",.,"A"
"20151","03078452",16,0,"1",1300,"D",195,"D",.,"A",130,"D",0,"D",.,"A",.,"A",1105,"D",0,"D",.,"A",.,"A",.,"A",.,"A"
"20151","03078464",35,0,"1",910,"D",260,"D",.,"A",1300,"D",450,"D",.,"A",.,"A",650,"D",60,"D",40,"D",520,"D",65,"D",5,"D"
"20151","03078481",51,0,"1",2340,"D",520,"D",.,"A",195,"D",15,"D",.,"A",.,"A",1820,"D",36,"D",.,"A",.,"A",.,"A",.,"A"
"20151","03078494",48,0,"1",1950,"D",520,"D",.,"A",520,"D",0,"D",.,"A",.,"A",1430,"D",30,"D",.,"A",.,"A",.,"A",.,"A"
"20151","03078512",12,0,"1",1105,"D",260,"D",.,"A",0,"D",0,"D",.,"A",.,"A",845,"D",0,"D",.,"A",.,"A",468,"D",36,"D"
"20151","03078524",32,0,"1",2600,"D",390,"D",130,"D",390,"D",75,"D",.,"A",.,"A",2210,"D",75,"D",.,"A",.,"A",.,"A",.,"A"
"20151","03078544",17,0,"1",520,"D",156,"D",.,"A",0,"D",0,"D",.,"A",.,"A",364,"D",0,"D",30,"D",390,"D",.,"A",.,"A"
"20151","03078551",28,0,"1",1625,"D",331,"F",.,"A",520,"D",90,"D",.,"A",.,"A",1029,"F",120,"D",25,"D",325,"D",.,"A",.,"A"
"20151","03078574",27,0,"1",2137,"F",.,"A",327,"F",733,"F",85,"F",.,"A",278,"F",1823,"F",119,"F",.,"A",.,"A",.,"A",.,"A"
"20151","03078584",14,0,"1",780,"D",104,"D",.,"A",1300,"D",600,"D",.,"A",.,"A",676,"D",750,"D",.,"A",.,"A",.,"A",.,"A"
"20151","03078592",26,0,"1",975,"D",325,"D",104,"D",130,"D",300,"D",.,"A",.,"A",650,"D",60,"D",.,"A",.,"A",.,"A",.,"A"
"20151","03078632",26,0,"1",910,"D",65,"D",.,"A",0,"D",0,"D",.,"A",.,"A",845,"D",45,"D",.,"A",.,"A",.,"A",.,"A"
"20151","03078664",15,0,"1",1170,"D",195,"D",.,"A",0,"D",0,"D",.,"A",.,"A",975,"D",0,"D",.,"A",.,"A",.,"A",.,"A"
"20151","03078674",51,0,"1",1079,"D",65,"D",.,"A",325,"D",30,"D",.,"A",.,"A",1014,"D",30,"D",.,"A",.,"A",.,"A",.,"A"
"20151","03078701",29,0,"1",975,"D",325,"D",.,"A",0,"D",6,"D",.,"A",63,"D",650,"D",6,"D",.,"A",.,"A",.,"A",.,"A"
"20151","03078731",15,0,"1",780,"D",260,"D",.,"A",260,"D",240,"D",.,"A",.,"A",520,"D",24,"D",.,"A",.,"A",.,"A",.,"A"
"20151","03078782",43,0,"1",1950,"D",390,"D",.,"A",260,"D",120,"D",.,"A",.,"A",1560,"D",180,"D",.,"A",.,"A",.,"A",.,"A"
"20151","03078803",15,0,"1",845,"D",184,"F",.,"A",130,"D",0,"D",.,"A",.,"A",637,"F",0,"D",.,"A",.,"A",260,"D",20,"D"
"20151","03078841",17,0,"1",0,"D",.,"A",.,"A",195,"D",0,"D",.,"A",.,"A",0,"D",0,"D",.,"A",.,"A",.,"A",.,"A"
"20151","03078851",21,0,"1",130,"D",184,"F",.,"A",13,"D",0,"D",.,"A",.,"A",637,"F",0,"D",.,"A",.,"A",.,"A",.,"A"
"20151","03078973",29,0,"1",715,"D",130,"D",.,"A",0,"D",6,"D",.,"A",.,"A",585,"D",6,"D",.,"A",.,"A",.,"A",.,"A"
"20151","03079072",25,0,"1",2080,"D",390,"D",.,"A",0,"D",0,"D",.,"A",.,"A",1690,"D",60,"D",45,"D",585,"D",.,"A",.,"A"
"20151","03079081",42,0,"1",1300,"D",130,"D",.,"A",650,"D",60,"D",.,"A",.,"A",1170,"D",30,"D",5,"D",65,"D",.,"A",.,"A"
"20151","03079113",41,0,"1",650,"D",260,"D",.,"A",260,"D",450,"D",.,"A",.,"A",390,"D",210,"D",.,"A",.,"A",.,"A",.,"A"
"20151","03079123",35,0,"1",780,"D",0,"D",585,"D",0,"D",0,"D",.,"A",.,"A",780,"D",120,"D",30,"D",390,"D",.,"A",.,"A"
"20151","03079134",16,0,"1",3250,"D",1950,"D",.,"A",1950,"D",0,"D",.,"A",.,"A",1300,"D",0,"D",.,"A",.,"A",.,"A",.,"A"
"20151","03079281",15,0,"1",1300,"D",260,"D",.,"A",0,"D",0,"D",.,"A",0,"D",1040,"D",0,"D",50,"D",650,"D",.,"A",.,"A"
"20151","03079324",12,0,"1",1950,"D",975,"D",.,"A",1300,"D",0,"D",.,"A",.,"A",975,"D",0,"D",30,"D",390,"D",.,"A",.,"A"
"20151","03079352",35,0,"1",1950,"D",0,"D",.,"A",650,"D",450,"D",.,"A",.,"A",1950,"D",150,"D",.,"A",.,"A",.,"A",.,"A"
"20151","03079362",21,0,"1",910,"D",130,"D",.,"A",130,"D",0,"D",.,"A",.,"A",780,"D",0,"D",.,"A",.,"A",.,"A",.,"A"
"20151","03079374",10,0,"1",390,"D",65,"D",.,"A",195,"D",0,"D",.,"A",.,"A",325,"D",0,"D",.,"A",.,"A",.,"A",.,"A"
"20151","03079383",22,0,"1",975,"D",130,"D",.,"A",455,"D",0,"D",.,"A",100,"D",845,"D",0,"D",.,"A",.,"A",.,"A",.,"A"
"20151","03079394",51,0,"1",650,"D",130,"D",.,"A",0,"D",0,"D",.,"A",.,"A",520,"D",0,"D",35,"D",455,"D",.,"A",.,"A"
"20151","03079424",26,0,"1",650,"D",260,"D",.,"A",390,"D",0,"D",.,"A",.,"A",390,"D",90,"D",.,"A",.,"A",.,"A",.,"A"
"20151","03079433",19,0,"1",260,"D",130,"D",.,"A",260,"D",0,"D",.,"A",.,"A",130,"D",45,"D",.,"A",.,"A",.,"A",.,"A"
"20151","03079443",13,0,"1",1300,"D",390,"D",.,"A",0,"D",0,"D",.,"A",.,"A",910,"D",0,"D",.,"A",.,"A",.,"A",.,"A"
"20151","03079472",38,0,"1",3250,"D",361,"F",.,"A",2600,"D",150,"D",.,"A",.,"A",1269,"F",375,"D",.,"A",.,"A",.,"A",.,"A"
"20151","03079523",25,0,"1",715,"D",325,"D",.,"A",0,"D",0,"D",220,"D",.,"A",390,"D",0,"D",5,"D",65,"D",65,"D",5,"D"
"20151","03079534",26,0,"1",1625,"D",325,"D",.,"A",195,"D",0,"D",.,"A",.,"A",1300,"D",0,"D",.,"A",.,"A",.,"A",.,"A"
"20151","03079543",17,0,"1",1560,"D",650,"D",.,"A",0,"D",0,"D",.,"A",.,"A",910,"D",0,"D",.,"A",.,"A",.,"A",.,"A"
"20151","03079552",17,0,"1",520,"D",0,"D",520,"D",195,"D",90,"D",.,"A",.,"A",520,"D",120,"D",.,"A",.,"A",.,"A",.,"A"
"20151","03079563",26,0,"1",1068,"F",.,"A",.,"A",604,"F",0,"D",.,"A",.,"A",868,"F",0,"D",.,"A",.,"A",.,"A",.,"A"
"20151","03079571",52,0,"1",3250,"D",650,"D",.,"A",650,"D",0,"D",.,"A",.,"A",2600,"D",60,"D",.,"A",.,"A",.,"A",.,"A"
"20151","03079614",35,0,"1",1300,"D",325,"D",.,"A",195,"D",0,"D",.,"A",.,"A",975,"D",0,"D",.,"A",.,"A",.,"A",.,"A"
"20151","03079682",17,0,"1",914,"F",.,"A",.,"A",553,"F",0,"D",.,"A",.,"A",753,"F",0,"D",.,"A",.,"A",.,"A",.,"A"
"20151","03079762",15,0,"1",1300,"D",260,"D",.,"A",0,"D",0,"D",.,"A",84,"D",1040,"D",0,"D",.,"A",.,"A",.,"A",.,"A"
"20151","03079794",45,0,"1",1300,"D",195,"D",.,"A",0,"D",0,"D",.,"A",.,"A",1105,"D",0,"D",.,"A",.,"A",.,"A",.,"A"
"20151","03079844",30,0,"1",585,"D",0,"D",.,"A",195,"D",90,"D",.,"A",.,"A",585,"D",21,"D",.,"A",.,"A",.,"A",.,"A"
"20151","03079894",18,0,"1",1300,"D",260,"D",.,"A",0,"D",0,"D",.,"A",.,"A",1040,"D",90,"D",.,"A",.,"A",.,"A",.,"A"
"20151","03079903",31,0,"1",2600,"D",325,"D",325,"D",975,"D",0,"D",.,"A",.,"A",2275,"D",0,"D",.,"A",.,"A",.,"A",.,"A"
"20151","03079914",45,0,"1",1823,"F",.,"A",.,"A",528,"F",0,"D",.,"A",.,"A",1491,"F",0,"D",.,"A",.,"A",234,"D",18,"D"
"20151","03079942",15,0,"1",1300,"D",260,"D",.,"A",390,"D",0,"D",.,"A",.,"A",1040,"D",0,"D",.,"A",.,"A",.,"A",.,"A"
"20151","03079964",58,0,"1",650,"D",260,"D",.,"A",650,"D",30,"D",.,"A",.,"A",390,"D",30,"D",.,"A",.,"A",65,"D",5,"D"
"20151","03079984",20,0,"1",1690,"D",650,"D",.,"A",260,"D",0,"D",.,"A",.,"A",1040,"D",0,"D",.,"A",.,"A",.,"A",.,"A"
"20151","03079993",17,0,"1",1300,"D",130,"D",.,"A",195,"D",0,"D",.,"A",.,"A",1170,"D",60,"D",.,"A",.,"A",.,"A",.,"A"
"20151","03080002",9,0,"1",1502,"F",.,"A",.,"A",673,"F",66,"F",.,"A",.,"A",1217,"F",0,"D",.,"A",.,"A",.,"A",.,"A"
"20151","03080034",19,0,"1",325,"D",65,"D",.,"A",260,"D",0,"D",.,"A",.,"A",260,"D",0,"D",.,"A",.,"A",.,"A",.,"A"
"20151","03080061",19,0,"1",1040,"D",195,"D",.,"A",130,"D",0,"D",.,"A",.,"A",845,"D",6,"D",.,"A",.,"A",.,"A",.,"A"
"20151","03080071",47,0,"1",1300,"D",429,"D",.,"A",325,"D",0,"D",.,"A",.,"A",871,"D",0,"D",.,"A",.,"A",.,"A",.,"A"
"20151","03080112",60,0,"1",1950,"D",650,"D",.,"A",390,"D",180,"D",.,"A",.,"A",1300,"D",30,"D",2,"D",26,"D",26,"D",2,"D"
"20151","03080141",22,0,"1",884,"D",195,"D",884,"D",0,"D",0,"D",.,"A",.,"A",689,"D",0,"D",.,"A",.,"A",.,"A",.,"A"
"20151","03080152",14,0,"1",520,"D",195,"D",.,"A",260,"D",6,"D",.,"A",.,"A",325,"D",6,"D",.,"A",.,"A",.,"A",.,"A"
"20151","03080164",33,0,"1",1300,"D",0,"D",520,"D",325,"D",210,"D",325,"D",325,"D",1300,"D",195,"D",30,"D",390,"D",.,"A",.,"A"
"20151","03080191",39,0,"1",650,"D",260,"D",39,"D",130,"D",0,"D",.,"A",.,"A",390,"D",0,"D",.,"A",.,"A",.,"A",.,"A"
"20151","03080211",27,0,"1",390,"D",325,"D",195,"D",650,"D",0,"D",.,"A",.,"A",65,"D",105,"D",6,"D",78,"D",.,"A",.,"A"
"20151","03080223",27,0,"1",1040,"D",260,"D",.,"A",260,"D",0,"D",.,"A",.,"A",780,"D",30,"D",.,"A",.,"A",.,"A",.,"A"
"20151","03080281",21,0,"1",3900,"D",650,"D",650,"D",650,"D",0,"D",.,"A",.,"A",3250,"D",0,"D",.,"A",.,"A",325,"D",25,"D"
"20151","03080293",13,0,"1",1560,"D",780,"D",.,"A",0,"D",0,"D",.,"A",.,"A",780,"D",0,"D",.,"A",.,"A",.,"A",.,"A"
"20151","03080353",19,0,"1",1300,"D",390,"D",.,"A",130,"D",0,"D",.,"A",.,"A",910,"D",120,"D",20,"D",260,"D",.,"A",.,"A"
"20151","03080374",20,0,"1",1560,"D",130,"D",.,"A",260,"D",30,"D",.,"A",.,"A",1430,"D",60,"D",.,"A",.,"A",.,"A",.,"A"
"20151","03080414",28,0,"1",650,"D",325,"D",.,"A",195,"D",0,"D",.,"A",.,"A",325,"D",120,"D",.,"A",.,"A",.,"A",.,"A"
"20151","03080452",22,0,"1",1040,"D",130,"D",650,"D",0,"D",60,"D",.,"A",.,"A",910,"D",300,"D",.,"A",.,"A",.,"A",.,"A"
"20151","03080463",33,0,"1",1950,"D",650,"D",.,"A",260,"D",15,"D",.,"A",.,"A",1300,"D",0,"D",.,"A",.,"A",.,"A",.,"A"
"20151","03080512",13,0,"1",1157,"F",.,"A",.,"A",0,"D",0,"D",.,"A",.,"A",874,"F",115,"F",100,"D",1300,"D",.,"A",.,"A"
"20151","03080564",22,0,"1",650,"D",325,"D",.,"A",0,"D",0,"D",.,"A",.,"A",325,"D",0,"D",.,"A",.,"A",.,"A",.,"A"
"20151","03080593",10,0,"1",390,"D",91,"D",.,"A",130,"D",0,"D",.,"A",.,"A",299,"D",0,"D",.,"A",.,"A",.,"A",.,"A"
"20151","03080611",63,0,"1",1300,"D",325,"D",195,"D",650,"D",60,"D",.,"A",.,"A",975,"D",150,"D",.,"A",.,"A",26,"D",2,"D"
"20151","03080621",41,0,"1",1300,"D",130,"D",325,"D",455,"D",0,"D",.,"A",.,"A",1170,"D",0,"D",.,"A",.,"A",.,"A",.,"A"
"20151","03080662",13,0,"1",650,"D",65,"D",.,"A",0,"D",0,"D",.,"A",.,"A",585,"D",0,"D",43,"D",559,"D",.,"A",.,"A"
"20151","03080683",25,0,"1",650,"D",195,"D",.,"A",325,"D",0,"D",.,"A",.,"A",455,"D",0,"D",.,"A",.,"A",.,"A",.,"A"
"20151","03080703",17,0,"1",650,"D",65,"D",.,"A",260,"D",6,"D",.,"A",.,"A",585,"D",6,"D",.,"A",.,"A",.,"A",.,"A"
"20151","03080741",25,0,"1",975,"D",214,"F",.,"A",0,"D",0,"D",.,"A",.,"A",694,"F",60,"D",.,"A",.,"A",.,"A",.,"A"
"20151","03080803",30,0,"1",975,"D",130,"D",.,"A",130,"D",0,"D",.,"A",.,"A",845,"D",0,"D",.,"A",.,"A",.,"A",.,"A"
"20151","03080823",14,0,"1",975,"D",130,"D",.,"A",0,"D",0,"D",.,"A",.,"A",845,"D",0,"D",10,"D",130,"D",.,"A",.,"A"
"20151","03080861",27,0,"1",1300,"D",260,"D",.,"A",390,"D",0,"D",.,"A",.,"A",1040,"D",60,"D",.,"A",.,"A",.,"A",.,"A"
"20151","03080873",21,0,"1",1950,"D",325,"D",.,"A",1300,"D",0,"D",.,"A",500,"D",1625,"D",90,"D",.,"A",.,"A",.,"A",.,"A"
"20151","03080882",19,0,"1",1430,"D",260,"D",.,"A",390,"D",0,"D",.,"A",.,"A",1170,"D",0,"D",12,"D",156,"D",.,"A",.,"A"
"20151","03080911",19,0,"1",780,"D",65,"D",.,"A",0,"D",120,"D",.,"A",.,"A",715,"D",45,"D",.,"A",.,"A",.,"A",.,"A"
"20151","03080942",25,0,"1",1430,"D",650,"D",260,"D",1300,"D",84,"D",.,"A",.,"A",780,"D",240,"D",.,"A",.,"A",.,"A",.,"A"
"20151","03080952",65,0,"1",1300,"D",325,"D",.,"A",520,"D",30,"D",.,"A",.,"A",975,"D",60,"D",.,"A",.,"A",.,"A",.,"A"
"20151","03080963",48,0,"1",1430,"D",195,"D",.,"A",325,"D",0,"D",20,"D",.,"A",1235,"D",0,"D",.,"A",.,"A",.,"A",.,"A"
"20151","03081003",34,0,"1",1300,"D",650,"D",.,"A",0,"D",6,"D",.,"A",.,"A",650,"D",18,"D",.,"A",.,"A",.,"A",.,"A"
"20151","03081013",27,0,"1",1300,"D",260,"D",.,"A",520,"D",0,"D",.,"A",.,"A",1040,"D",150,"D",.,"A",.,"A",.,"A",.,"A"
"20151","03081024",43,0,"1",2600,"D",0,"D",.,"A",780,"D",0,"D",.,"A",.,"A",2600,"D",0,"D",.,"A",.,"A",.,"A",.,"A"
"20151","03081083",32,0,"1",520,"D",260,"D",.,"A",520,"D",75,"D",.,"A",.,"A",260,"D",30,"D",.,"A",.,"A",.,"A",.,"A"
"20151","03081113",51,0,"1",1625,"D",325,"D",.,"A",0,"D",0,"D",.,"A",.,"A",1300,"D",0,"D",.,"A",.,"A",.,"A",.,"A"
"20151","03081133",41,0,"1",1300,"D",195,"D",.,"A",910,"D",0,"D",.,"A",.,"A",1105,"D",0,"D",.,"A",.,"A",195,"D",15,"D"
"20151","03081164",23,0,"1",3900,"D",650,"D",130,"D",520,"D",0,"D",.,"A",.,"A",3250,"D",0,"D",160,"D",2080,"D",.,"A",.,"A"
"20151","03081191",31,0,"1",1950,"D",260,"D",520,"D",0,"D",0,"D",.,"A",.,"A",1690,"D",0,"D",36,"D",468,"D",260,"D",20,"D"
"20151","03081213",19,0,"1",1300,"D",260,"D",.,"A",91,"D",0,"D",.,"A",.,"A",1040,"D",0,"D",.,"A",.,"A",195,"D",15,"D"
"20151","03081253",21,0,"1",3250,"D",0,"D",.,"A",2600,"D",0,"D",.,"A",240,"D",3250,"D",0,"D",.,"A",.,"A",.,"A",.,"A"
"20151","03081304",23,0,"1",910,"D",585,"D",.,"A",845,"D",450,"D",.,"A",.,"A",325,"D",540,"D",6,"D",78,"D",.,"A",.,"A"
"20151","03081382",7,0,"1",2600,"D",390,"D",.,"A",0,"D",0,"D",.,"A",.,"A",2210,"D",90,"D",50,"D",650,"D",.,"A",.,"A"
"20151","03081391",32,0,"1",4550,"D",1300,"D",.,"A",1300,"D",0,"D",.,"A",80,"D",3250,"D",960,"D",50,"D",650,"D",.,"A",.,"A"
"20151","03081421",32,0,"1",1950,"D",260,"D",.,"A",0,"D",0,"D",.,"A",.,"A",1690,"D",375,"D",.,"A",.,"A",.,"A",.,"A"
"20151","03081492",33,0,"1",1300,"D",260,"D",.,"A",650,"D",0,"D",.,"A",.,"A",1040,"D",0,"D",.,"A",.,"A",.,"A",.,"A"
"20151","03081504",45,0,"1",1950,"D",520,"D",.,"A",1300,"D",15,"D",.,"A",.,"A",1430,"D",165,"F",.,"C",508,"F",.,"A",.,"A"
"20151","03081514",21,0,"1",1300,"D",260,"D",.,"A",260,"D",0,"D",.,"A",.,"A",1040,"D",30,"D",.,"A",.,"A",.,"A",.,"A"
"20151","03081551",16,0,"1",1625,"D",390,"D",.,"A",390,"D",0,"D",.,"A",.,"A",1235,"D",0,"D",.,"A",.,"A",.,"A",.,"A"
"20151","03081562",34,0,"1",2145,"D",390,"D",.,"A",780,"D",60,"D",.,"A",.,"A",1755,"D",120,"D",.,"C",508,"F",.,"A",.,"A"
"20151","03081571",40,0,"1",1300,"D",325,"D",39,"D",260,"D",0,"D",.,"A",.,"A",975,"D",45,"D",.,"A",.,"A",.,"A",.,"A"
"20151","03081682",7,0,"1",390,"D",65,"D",.,"A",0,"D",0,"D",.,"A",.,"A",325,"D",0,"D",28,"D",364,"D",.,"A",.,"A"
"20151","03081731",63,0,"1",1625,"D",260,"D",.,"A",325,"D",150,"D",.,"A",.,"A",1365,"D",30,"D",.,"A",.,"A",.,"A",.,"A"
"20151","03081742",14,0,"1",1001,"D",130,"D",325,"D",0,"D",0,"D",.,"A",.,"A",871,"D",240,"D",40,"D",520,"D",.,"A",.,"A"
"20151","03081762",18,0,"1",975,"D",481,"D",260,"D",260,"D",0,"D",.,"A",.,"A",494,"D",0,"D",20,"D",260,"D",.,"A",.,"A"
"20151","03081802",30,0,"1",975,"D",130,"D",.,"A",325,"D",0,"D",.,"A",.,"A",845,"D",0,"D",.,"A",.,"A",.,"A",.,"A"
"20151","03081813",51,0,"1",1559,"F",.,"A",91,"D",1560,"D",0,"D",.,"A",.,"A",1361,"F",0,"D",.,"A",.,"A",.,"A",.,"A"
"20151","03081833",17,0,"1",1300,"D",130,"D",.,"A",1105,"D",0,"D",.,"A",.,"A",1170,"D",0,"D",58,"D",754,"D",221,"D",17,"D"
"20151","03081842",18,0,"1",650,"D",130,"D",325,"D",195,"D",0,"D",.,"A",.,"A",520,"D",0,"D",.,"A",.,"A",.,"A",.,"A"
"20151","03081911",31,0,"1",1950,"D",195,"D",.,"A",65,"D",180,"D",.,"A",.,"A",1755,"D",300,"D",10,"D",130,"D",.,"A",.,"A"
"20151","03081921",20,0,"1",975,"D",0,"D",.,"A",195,"D",0,"D",.,"A",.,"A",975,"D",0,"D",.,"A",.,"A",.,"A",.,"A"
"20151","03081971",41,0,"1",1625,"D",390,"D",.,"A",520,"D",300,"D",.,"A",.,"A",1235,"D",75,"D",.,"A",.,"A",.,"A",.,"A"
"20151","03082033",18,0,"1",3900,"D",1300,"D",.,"A",1950,"D",85,"F",.,"A",.,"A",2600,"D",300,"D",.,"A",.,"A",.,"A",.,"A"
"20151","03082074",16,0,"1",1300,"D",260,"D",.,"A",1560,"D",0,"D",.,"A",.,"A",1040,"D",0,"D",.,"A",.,"A",.,"A",.,"A"
"20151","03082082",41,0,"1",1625,"D",260,"D",.,"A",260,"D",30,"D",.,"A",300,"D",1365,"D",30,"D",5,"D",65,"D",.,"A",.,"A"
"20151","03082091",22,0,"1",1300,"D",390,"D",195,"D",352,"F",0,"D",.,"A",.,"A",910,"D",0,"D",.,"A",.,"A",.,"A",.,"A"
"20151","03082122",33,0,"1",975,"D",260,"D",.,"A",390,"D",0,"D",.,"A",.,"A",715,"D",0,"D",40,"D",520,"D",.,"A",.,"A"
"20151","03082131",23,0,"1",780,"D",260,"D",.,"A",520,"D",60,"D",.,"A",.,"A",520,"D",60,"D",.,"A",.,"A",.,"A",.,"A"
"20151","03082142",29,0,"1",2600,"D",325,"D",65,"D",1170,"D",60,"D",.,"A",.,"A",2275,"D",120,"D",.,"A",.,"A",.,"A",.,"A"
"20151","03082192",45,0,"1",1950,"D",0,"D",.,"A",1300,"D",0,"D",.,"A",.,"A",1950,"D",450,"D",10,"D",130,"D",.,"A",.,"A"
"20151","03082211",24,0,"1",650,"D",0,"D",.,"A",650,"D",0,"D",.,"A",.,"A",650,"D",24,"D",.,"A",.,"A",.,"A",.,"A"
"20151","03082224",16,0,"1",1300,"D",156,"D",.,"A",0,"D",0,"D",.,"A",.,"A",1144,"D",0,"D",.,"A",.,"A",.,"A",.,"A"
"20151","03082241",23,0,"1",1950,"D",0,"D",260,"D",260,"D",0,"D",.,"A",.,"A",1950,"D",0,"D",.,"A",.,"A",.,"A",.,"A"
"20151","03082251",31,0,"1",1560,"D",390,"D",.,"A",390,"D",30,"D",130,"D",.,"A",1170,"D",0,"D",.,"A",.,"A",.,"A",.,"A"
"20151","03082271",23,0,"1",975,"D",390,"D",.,"A",650,"D",0,"D",.,"A",.,"A",585,"D",0,"D",.,"A",.,"A",.,"A",.,"A"
"20151","03082292",34,0,"1",1040,"D",390,"D",325,"D",78,"D",0,"D",.,"A",.,"A",650,"D",0,"D",.,"A",.,"A",.,"A",.,"A"
"20151","03082324",17,0,"1",2600,"D",1300,"D",.,"A",650,"D",0,"D",.,"A",.,"A",1300,"D",0,"D",.,"A",.,"A",.,"A",.,"A"
"20151","03082332",21,0,"1",910,"D",260,"D",.,"A",260,"D",0,"D",.,"A",.,"A",650,"D",0,"D",32,"D",416,"D",.,"A",.,"A"
"20151","03082361",28,0,"1",975,"D",650,"D",.,"A",520,"D",45,"D",.,"A",240,"D",325,"D",60,"D",.,"A",.,"A",260,"D",20,"D"
"20151","03082463",21,0,"1",975,"D",65,"D",.,"A",650,"D",0,"D",.,"A",.,"A",910,"D",75,"D",.,"A",.,"A",.,"A",.,"A"
"20151","03082511",39,0,"1",910,"D",130,"D",.,"A",1352,"D",0,"D",.,"A",.,"A",780,"D",0,"D",.,"A",.,"A",.,"A",.,"A"
"20151","03082542",15,0,"1",390,"D",65,"D",.,"A",130,"D",0,"D",.,"A",.,"A",325,"D",0,"D",.,"A",.,"A",.,"A",.,"A"
"20151","03082564",55,0,"1",2080,"D",260,"D",.,"A",1560,"D",0,"D",.,"A",.,"A",1820,"D",0,"D",.,"A",.,"A",.,"A",.,"A"
"20151","03082574",50,0,"1",2349,"F",.,"A",.,"A",780,"D",0,"D",.,"A",.,"A",1882,"F",90,"D",.,"A",.,"A",.,"A",.,"A"
"20151","03082602",9,0,"1",650,"D",65,"D",.,"A",130,"D",121,"F",.,"A",.,"A",585,"D",106,"F",.,"A",.,"A",.,"A",.,"A"
"20151","03082644",27,0,"1",910,"D",0,"D",130,"D",585,"D",15,"D",.,"A",253,"D",910,"D",0,"D",.,"A",.,"A",.,"A",.,"A"
"20151","03082683",18,0,"1",390,"D",39,"D",.,"A",0,"D",0,"D",.,"A",.,"A",351,"D",0,"D",.,"A",.,"A",.,"A",.,"A"
"20151","03082712",27,0,"1",975,"D",325,"D",390,"D",650,"D",0,"D",.,"A",.,"A",650,"D",0,"D",50,"D",650,"D",.,"A",.,"A"
"20151","03082741",18,0,"1",1300,"D",390,"D",.,"A",0,"D",6,"D",.,"A",260,"D",910,"D",6,"D",.,"A",.,"A",.,"A",.,"A"
"20151","03082772",12,0,"1",2925,"D",325,"D",.,"A",733,"F",15,"D",.,"A",278,"F",2600,"D",15,"D",.,"A",.,"A",.,"A",.,"A"
"20151","03082804",25,0,"1",1986,"F",.,"A",.,"A",763,"F",85,"F",.,"A",.,"A",1613,"F",108,"F",.,"A",.,"A",188,"F",.,"C"
"20151","03082823",9,0,"1",325,"D",0,"D",.,"A",195,"D",0,"D",.,"A",.,"A",325,"D",0,"D",.,"A",.,"A",.,"A",.,"A"
"20151","03082844",32,0,"1",1300,"D",520,"D",650,"D",650,"D",60,"D",.,"A",.,"A",780,"D",90,"D",.,"A",.,"A",.,"A",.,"A"
"20151","03082901",21,0,"1",1300,"D",130,"D",.,"A",1560,"D",0,"D",.,"A",.,"A",1170,"D",0,"D",28,"D",364,"D",.,"A",.,"A"
"20151","03082922",50,0,"1",975,"D",0,"D",.,"A",650,"D",85,"F",.,"A",278,"F",975,"D",119,"F",.,"A",.,"A",.,"A",.,"A"
"20151","03082962",66,0,"1",1820,"D",370,"F",.,"A",986,"F",90,"D",.,"A",.,"A",1479,"F",150,"D",.,"A",.,"A",.,"A",.,"A"
"20151","03082973",26,0,"1",2600,"D",520,"D",.,"A",1300,"D",30,"D",.,"A",.,"A",2080,"D",60,"D",.,"A",.,"A",.,"A",.,"A"
"20151","03082991",29,0,"1",1625,"D",650,"D",.,"A",650,"D",0,"D",.,"A",250,"D",975,"D",0,"D",.,"A",.,"A",.,"A",.,"A"
"20151","03083032",40,0,"1",975,"D",195,"D",.,"A",260,"D",0,"D",.,"A",.,"A",780,"D",30,"D",.,"A",.,"A",.,"A",.,"A"
"20151","03083041",21,0,"1",975,"D",91,"D",.,"A",0,"D",0,"D",.,"A",.,"A",884,"D",75,"D",.,"A",.,"A",.,"A",.,"A"
"20151","03083082",25,0,"1",260,"D",130,"D",.,"A",520,"D",60,"D",.,"A",.,"A",130,"D",120,"D",5,"D",65,"D",130,"D",10,"D"
"20151","03083093",13,0,"1",1300,"D",0,"D",.,"A",763,"F",85,"F",.,"A",.,"A",1300,"D",108,"F",.,"A",.,"A",.,"A",.,"A"
"20151","03083113",7,0,"1",914,"F",.,"A",.,"A",553,"F",121,"F",.,"A",.,"A",753,"F",106,"F",.,"A",.,"A",.,"A",.,"A"
"20151","03083121",15,0,"1",1040,"D",520,"D",.,"A",0,"D",0,"D",.,"A",.,"A",520,"D",0,"D",.,"A",.,"A",.,"A",.,"A"
"20151","03083131",13,0,"1",2137,"F",.,"A",.,"A",733,"F",85,"F",.,"A",278,"F",1823,"F",119,"F",.,"A",.,"A",.,"A",.,"A"
"20151","03083162",15,0,"1",520,"D",65,"D",.,"A",0,"D",0,"D",.,"A",.,"A",455,"D",0,"D",.,"A",.,"A",.,"A",.,"A"
"20151","03083193",10,0,"1",520,"D",0,"D",.,"A",39,"D",6,"D",.,"A",.,"A",520,"D",6,"D",3,"D",39,"D",.,"A",.,"A"
"20151","03083201",25,0,"1",910,"D",195,"D",.,"A",195,"D",0,"D",.,"A",.,"A",715,"D",15,"D",.,"A",.,"A",.,"A",.,"A"
"20151","03083223",23,0,"1",1300,"D",455,"D",.,"A",520,"D",0,"D",.,"A",.,"A",845,"D",0,"D",.,"A",.,"A",.,"A",.,"A"
"20151","03083254",53,0,"1",2600,"D",325,"D",.,"A",260,"D",30,"D",.,"A",.,"A",2275,"D",0,"D",.,"A",.,"A",.,"A",.,"A"
"20151","03083293",19,0,"1",650,"D",325,"D",.,"A",650,"D",0,"D",.,"A",.,"A",325,"D",0,"D",20,"D",260,"D",65,"D",5,"D"
"20151","03083331",29,0,"1",1950,"D",975,"D",.,"A",650,"D",0,"D",.,"A",.,"A",975,"D",0,"D",.,"A",.,"A",.,"A",.,"A"
"20151","03083343",69,0,"1",2600,"D",260,"D",.,"A",390,"D",0,"D",.,"A",325,"D",2340,"D",0,"D",65,"D",845,"D",52,"D",4,"D"
"20151","03083364",24,0,"1",559,"D",195,"D",26,"D",286,"D",0,"D",.,"A",.,"A",364,"D",0,"D",.,"A",.,"A",.,"A",.,"A"
"20151","03083383",38,0,"1",1300,"D",195,"D",.,"A",0,"D",0,"D",.,"A",.,"A",1105,"D",0,"D",.,"A",.,"A",.,"A",.,"A"
"20151","03083392",22,0,"1",2275,"D",390,"D",.,"A",780,"D",0,"D",.,"A",.,"A",1885,"D",0,"D",.,"A",.,"A",.,"A",.,"A"
"20151","03083434",11,0,"1",325,"D",130,"D",.,"A",260,"D",0,"D",.,"A",.,"A",195,"D",0,"D",.,"A",.,"A",52,"D",4,"D"
"20151","03083484",13,0,"1",7800,"D",1950,"D",.,"A",1300,"D",0,"D",.,"A",.,"A",5850,"D",0,"D",.,"A",.,"A",.,"A",.,"A"
"20151","03083581",17,0,"1",2600,"D",395,"F",.,"A",325,"D",0,"D",.,"A",.,"A",1823,"F",119,"F",.,"A",.,"A",.,"A",.,"A"
"20151","03083591",24,0,"1",1300,"D",260,"D",.,"A",260,"D",0,"D",.,"A",120,"D",1040,"D",0,"D",.,"A",.,"A",.,"A",.,"A"
"20151","03083601",20,0,"1",0,"D",.,"A",.,"A",260,"D",300,"D",.,"A",.,"A",0,"D",90,"D",.,"A",.,"A",.,"A",.,"A"
"20151","03083612",46,0,"1",1300,"D",325,"D",260,"D",260,"D",0,"D",.,"A",.,"A",975,"D",45,"D",.,"A",.,"A",.,"A",.,"A"
"20151","03083624",39,0,"1",1300,"D",455,"D",.,"A",195,"D",150,"D",15,"D",.,"A",845,"D",300,"D",.,"A",.,"A",.,"A",.,"A"
"20151","03083633",13,0,"1",650,"D",0,"D",.,"A",0,"D",0,"D",.,"A",.,"A",650,"D",0,"D",.,"A",.,"A",.,"A",.,"A"
"20151","03083644",37,0,"1",1690,"D",390,"D",.,"A",0,"D",6,"D",.,"A",.,"A",1300,"D",6,"D",.,"A",.,"A",.,"A",.,"A"
"20151","03083684",37,0,"1",1105,"D",325,"D",.,"A",1040,"D",30,"D",.,"A",180,"D",780,"D",30,"D",42,"D",546,"D",.,"A",.,"A"
"20151","03083692",23,0,"1",1560,"D",325,"D",.,"A",195,"D",0,"D",.,"A",.,"A",1235,"D",30,"D",.,"A",.,"A",.,"A",.,"A"
"20151","03083732",40,0,"1",910,"D",91,"D",195,"D",650,"D",150,"D",.,"A",.,"A",819,"D",36,"D",.,"A",.,"A",.,"A",.,"A"
"20151","03083771",12,0,"1",260,"D",65,"D",.,"A",65,"D",0,"D",10,"D",.,"A",195,"D",0,"D",.,"A",.,"A",.,"A",.,"A"
"20151","03083814",21,0,"1",1300,"D",650,"D",.,"A",260,"D",0,"D",.,"A",.,"A",650,"D",0,"D",.,"A",.,"A",.,"A",.,"A"
"20151","03083823",19,0,"1",1950,"D",650,"D",.,"A",390,"D",0,"D",.,"A",.,"A",1300,"D",0,"D",.,"A",.,"A",.,"A",.,"A"
"20151","03083863",27,0,"1",1300,"D",325,"D",.,"A",260,"D",0,"D",.,"A",.,"A",975,"D",0,"D",28,"D",364,"D",.,"A",.,"A"
"20151","03083874",18,0,"1",975,"D",390,"D",.,"A",0,"D",0,"D",.,"A",.,"A",585,"D",0,"D",.,"A",.,"A",.,"A",.,"A"
"20151","03083891",28,0,"1",520,"D",130,"D",.,"A",0,"D",0,"D",.,"A",.,"A",390,"D",0,"D",.,"A",.,"A",.,"A",.,"A"
"20151","03083902",20,0,"1",520,"D",65,"D",.,"A",260,"D",0,"D",6,"D",.,"A",455,"D",0,"D",4,"D",52,"D",.,"A",.,"A"
"20151","03083921",18,0,"1",1300,"D",390,"D",.,"A",650,"D",0,"D",.,"A",.,"A",910,"D",0,"D",.,"A",.,"A",.,"A",.,"A"
"20151","03083941",15,0,"1",650,"D",130,"D",.,"A",260,"D",30,"D",.,"A",.,"A",520,"D",30,"D",.,"A",.,"A",.,"A",.,"A"
"20151","03083973",9,0,"1",780,"D",390,"D",.,"A",0,"D",30,"D",.,"A",.,"A",390,"D",60,"D",.,"A",.,"A",.,"A",.,"A"
"20151","03084031",10,0,"1",650,"D",130,"D",.,"A",195,"D",0,"D",.,"A",.,"A",520,"D",0,"D",.,"A",.,"A",.,"A",.,"A"
"20151","03084044",20,0,"1",1986,"F",.,"A",.,"A",65,"D",0,"D",.,"A",.,"A",1613,"F",60,"D",.,"A",.,"A",.,"A",.,"A"
"20151","03084092",40,0,"1",325,"D",0,"D",.,"A",0,"D",0,"D",.,"A",.,"A",325,"D",0,"D",.,"A",.,"A",.,"A",.,"A"
"20151","03084102",21,0,"1",2600,"D",650,"D",650,"D",780,"D",0,"D",.,"A",.,"A",1950,"D",30,"D",.,"A",.,"A",.,"A",.,"A"
"20151","03084121",31,0,"1",1300,"D",260,"D",.,"A",455,"D",30,"D",.,"A",.,"A",1040,"D",150,"D",42,"D",546,"D",.,"A",.,"A"
"20151","03084144",10,0,"1",325,"D",0,"D",.,"A",325,"D",0,"D",.,"A",.,"A",325,"D",0,"D",.,"A",.,"A",195,"D",15,"D"
"20151","03084162",28,0,"1",1300,"D",650,"D",.,"A",780,"D",60,"D",.,"A",.,"A",650,"D",180,"D",.,"A",.,"A",.,"A",.,"A"
"20151","03084194",16,0,"1",455,"D",195,"D",.,"A",0,"D",0,"D",.,"A",.,"A",260,"D",0,"D",.,"A",.,"A",.,"A",.,"A"
"20151","03084222",29,0,"1",1300,"D",260,"D",.,"A",0,"D",0,"D",.,"A",.,"A",1040,"D",360,"D",40,"D",520,"D",.,"A",.,"A"
"20151","03084274",11,0,"1",169,"D",169,"D",.,"A",0,"D",0,"D",.,"A",.,"A",0,"D",102,"F",.,"A",.,"A",208,"D",16,"D"
"20151","03084321",20,0,"1",975,"D",130,"D",.,"A",0,"D",0,"D",.,"A",.,"A",845,"D",120,"D",7,"D",91,"D",.,"A",.,"A"
"20151","03084352",19,0,"1",650,"D",130,"D",.,"A",195,"D",0,"D",.,"A",.,"A",520,"D",0,"D",.,"A",.,"A",.,"A",.,"A"
"20151","03084363",33,0,"1",650,"D",65,"D",260,"D",520,"D",0,"D",.,"A",.,"A",585,"D",60,"D",.,"A",.,"A",.,"A",.,"A"
"20151","03084404",27,0,"1",4550,"D",1300,"D",.,"A",650,"D",60,"D",.,"A",100,"D",3250,"D",300,"D",.,"A",.,"A",.,"A",.,"A"
"20151","03084412",53,0,"1",1300,"D",130,"D",.,"A",650,"D",0,"D",.,"A",.,"A",1170,"D",0,"D",.,"A",.,"A",.,"A",.,"A"
"20151","03084421",16,0,"1",650,"D",130,"D",650,"D",130,"D",0,"D",.,"A",.,"A",520,"D",0,"D",30,"D",390,"D",.,"A",.,"A"
"20151","03084432",25,0,"1",650,"D",395,"F",.,"A",910,"D",0,"D",.,"A",.,"A",1823,"F",0,"D",5,"D",65,"D",.,"A",.,"A"
"20151","03084444",20,0,"1",1300,"D",0,"D",.,"A",650,"D",60,"D",.,"A",.,"A",1300,"D",0,"D",.,"A",.,"A",.,"A",.,"A"
"20151","03084484",56,0,"1",1300,"D",260,"D",260,"D",195,"D",90,"D",.,"A",75,"D",1040,"D",60,"D",.,"A",.,"A",.,"A",.,"A"
"20151","03084524",18,0,"1",650,"D",130,"D",.,"A",0,"D",0,"D",.,"A",.,"A",520,"D",0,"D",.,"A",.,"A",.,"A",.,"A"
"20151","03084531",20,0,"1",1950,"D",650,"D",.,"A",0,"D",0,"D",.,"A",.,"A",1300,"D",0,"D",.,"A",.,"A",.,"A",.,"A"
"20151","03084572",41,0,"1",1625,"D",130,"D",325,"D",650,"D",0,"D",.,"A",.,"A",1495,"D",0,"D",.,"A",.,"A",.,"A",.,"A"
"20151","03084584",8,0,"1",975,"D",65,"D",65,"D",650,"D",0,"D",.,"A",.,"A",910,"D",0,"D",.,"A",.,"A",.,"A",.,"A"
"20151","03084613",25,0,"1",975,"D",650,"D",.,"A",0,"D",0,"D",.,"A",.,"A",325,"D",300,"D",.,"A",.,"A",.,"A",.,"A"
"20151","03084621",52,0,"1",1300,"D",260,"D",.,"A",455,"D",0,"D",.,"A",.,"A",1040,"D",0,"D",.,"A",.,"A",.,"A",.,"A"
"20151","03084662",26,0,"1",1950,"D",650,"D",.,"A",390,"D",0,"D",.,"A",.,"A",1300,"D",150,"D",.,"A",.,"A",.,"A",.,"A"
"20151","03084673",37,0,"1",1560,"D",325,"D",.,"A",520,"D",0,"D",.,"A",.,"A",1235,"D",0,"D",.,"A",.,"A",.,"A",.,"A"
"20151","03084683",25,0,"1",325,"D",65,"D",.,"A",0,"D",0,"D",.,"A",.,"A",260,"D",0,"D",.,"A",.,"A",.,"A",.,"A"
"20151","03084732",17,0,"1",2600,"D",0,"D",.,"A",1300,"D",0,"D",.,"A",.,"A",2600,"D",0,"D",.,"A",.,"A",.,"A",.,"A"
"20151","03084754",34,0,"1",1170,"D",299,"D",.,"A",520,"D",0,"D",.,"A",.,"A",871,"D",60,"D",.,"A",.,"A",314,"F",.,"C"
"20151","03084843",27,0,"1",325,"D",189,"F",.,"A",390,"D",0,"D",.,"A",.,"A",704,"F",6,"D",.,"A",.,"A",.,"A",.,"A"
"20151","03084874",16,0,"1",650,"D",260,"D",.,"A",260,"D",0,"D",.,"A",.,"A",390,"D",0,"D",.,"A",.,"A",.,"A",.,"A"
"20151","03084903",80,0,"1",1625,"D",130,"D",.,"A",1040,"D",36,"D",.,"A",315,"D",1495,"D",0,"D",130,"D",1690,"D",.,"A",.,"A"
"20151","03084944",34,0,"1",1950,"D",650,"D",.,"A",0,"D",30,"D",.,"A",.,"A",1300,"D",150,"D",.,"A",.,"A",.,"A",.,"A"
"20151","03085042",10,0,"1",650,"D",325,"D",.,"A",0,"D",0,"D",.,"A",.,"A",325,"D",0,"D",.,"A",.,"A",.,"A",.,"A"
"20151","03085124",19,0,"1",390,"D",65,"D",.,"A",65,"D",0,"D",.,"A",.,"A",325,"D",0,"D",.,"A",.,"A",.,"A",.,"A"
"20151","03085161",14,0,"1",1950,"D",395,"F",.,"A",733,"F",85,"F",.,"A",.,"A",1823,"F",119,"F",.,"A",.,"A",.,"A",.,"A"
"20151","03085171",23,0,"1",2275,"D",650,"D",.,"A",1040,"D",0,"D",.,"A",.,"A",1625,"D",0,"D",.,"A",.,"A",.,"A",.,"A"
"20151","03085182",43,0,"1",975,"D",195,"D",.,"A",1300,"D",45,"D",.,"A",.,"A",780,"D",60,"D",.,"A",.,"A",.,"A",.,"A"
"20151","03085194",15,0,"1",390,"D",65,"D",.,"A",520,"D",150,"D",.,"A",.,"A",325,"D",105,"D",.,"A",.,"A",.,"A",.,"A"
"20151","03085201",29,0,"1",1986,"F",.,"A",327,"F",1950,"D",0,"D",.,"A",720,"D",1613,"F",300,"D",.,"A",.,"A",.,"A",.,"A"
"20151","03085284",42,0,"1",1950,"D",520,"D",.,"A",0,"D",0,"D",.,"A",.,"A",1430,"D",150,"D",.,"A",.,"A",.,"A",.,"A"
"20151","03085293",21,0,"1",650,"D",65,"D",130,"D",130,"D",0,"D",.,"A",.,"A",585,"D",0,"D",.,"A",.,"A",.,"A",.,"A"
"20151","03085322",32,0,"1",1040,"D",0,"D",520,"D",195,"D",94,"F",.,"A",.,"A",1040,"D",165,"F",30,"D",390,"D",.,"A",.,"A"
"20151","03085361",19,0,"1",975,"D",78,"D",.,"A",130,"D",0,"D",.,"A",.,"A",897,"D",0,"D",.,"A",.,"A",.,"A",.,"A"
"20151","03085371",25,0,"1",1300,"D",260,"D",.,"A",195,"D",0,"D",.,"A",.,"A",1040,"D",0,"D",35,"D",455,"D",.,"A",.,"A"
"20151","03085392",9,0,"1",975,"D",195,"D",.,"A",0,"D",0,"D",.,"A",.,"A",780,"D",45,"D",37,"D",481,"D",.,"A",.,"A"
"20151","03085451",36,0,"1",5200,"D",1950,"D",.,"A",1300,"D",0,"D",.,"A",.,"A",3250,"D",0,"D",50,"D",650,"D",.,"A",.,"A"
"20151","03085471",19,0,"1",1560,"D",130,"D",.,"A",390,"D",60,"D",.,"A",.,"A",1430,"D",27,"D",.,"A",.,"A",.,"A",.,"A"
"20151","03085532",14,0,"1",1950,"D",520,"D",.,"A",195,"D",0,"D",.,"A",.,"A",1430,"D",0,"D",.,"A",.,"A",.,"A",.,"A"
"20151","03085551",17,0,"1",585,"D",0,"D",.,"A",195,"D",0,"D",.,"A",.,"A",585,"D",0,"D",.,"A",.,"A",.,"A",.,"A"
"20151","03085571",21,0,"1",1040,"D",130,"D",.,"A",1300,"D",0,"D",.,"A",.,"A",910,"D",0,"D",.,"A",.,"A",.,"A",.,"A"
"20151","03085613",45,0,"1",1300,"D",260,"D",.,"A",390,"D",135,"D",.,"A",42,"D",1040,"D",300,"D",70,"D",910,"D",.,"A",.,"A"
"20151","03085662",33,0,"1",780,"D",780,"D",.,"A",390,"D",60,"D",.,"A",.,"A",0,"D",30,"D",.,"A",.,"A",.,"A",.,"A"
"20151","03085693",19,0,"1",1300,"D",325,"D",.,"A",650,"D",150,"D",328,"F",.,"A",975,"D",210,"D",.,"A",.,"A",.,"A",.,"A"
"20151","03085702",45,0,"1",1950,"D",325,"D",260,"D",1300,"D",300,"D",.,"A",.,"A",1625,"D",90,"D",.,"A",.,"A",.,"A",.,"A"
"20151","03085744",16,0,"1",325,"D",65,"D",.,"A",2340,"D",0,"D",.,"A",.,"A",260,"D",0,"D",.,"A",.,"A",.,"A",.,"A"
"20151","03085753",28,0,"1",910,"D",130,"D",.,"A",390,"D",0,"D",.,"A",.,"A",780,"D",0,"D",.,"A",.,"A",.,"A",.,"A"
"20151","03085833",26,0,"1",975,"D",260,"D",.,"A",650,"D",0,"D",.,"A",.,"A",715,"D",0,"D",.,"A",.,"A",.,"A",.,"A"
"20151","03085852",22,0,"1",3900,"D",325,"D",.,"A",650,"D",0,"D",.,"A",199,"F",3575,"D",45,"D",.,"A",.,"A",.,"A",.,"A"
"20151","03085862",20,0,"1",1300,"D",390,"D",.,"A",1300,"D",0,"D",.,"A",.,"A",910,"D",0,"D",.,"A",.,"A",.,"A",.,"A"
"20151","03085873",24,0,"1",1755,"D",260,"D",.,"A",260,"D",6,"D",.,"A",.,"A",1495,"D",6,"D",.,"A",.,"A",.,"A",.,"A"
"20151","03085903",18,0,"1",390,"D",0,"D",.,"A",260,"D",0,"D",.,"A",.,"A",390,"D",0,"D",2,"D",26,"D",.,"A",.,"A"
"20151","03085921",36,0,"1",780,"D",390,"D",.,"A",0,"D",0,"D",.,"A",.,"A",390,"D",0,"D",.,"A",.,"A",.,"A",.,"A"
"20151","03085942",29,0,"1",975,"D",260,"D",.,"A",390,"D",0,"D",.,"A",210,"D",715,"D",0,"D",.,"A",.,"A",.,"A",.,"A"
"20151","03085972",72,0,"1",1950,"D",520,"D",.,"A",910,"D",0,"D",.,"A",.,"A",1430,"D",0,"D",32,"D",416,"D",.,"A",.,"A"
"20151","03086002",22,0,"1",650,"D",0,"D",.,"A",650,"D",15,"D",.,"A",.,"A",650,"D",45,"D",.,"A",.,"A",.,"A",.,"A"
"20151","03086031",24,0,"1",1337,"F",.,"A",.,"A",260,"D",0,"D",.,"A",.,"A",1094,"F",210,"D",.,"A",.,"A",.,"A",.,"A"
"20151","03086042",24,0,"1",1300,"D",650,"D",.,"A",221,"D",0,"D",.,"A",.,"A",650,"D",0,"D",.,"A",.,"A",.,"A",.,"A"
"20151","03086121",36,0,"1",1300,"D",260,"D",.,"A",260,"D",0,"D",.,"A",.,"A",1040,"D",75,"D",.,"A",.,"A",.,"A",.,"A"
"20151","03086144",42,0,"1",910,"D",130,"D",.,"A",650,"D",30,"D",.,"A",.,"A",780,"D",24,"D",.,"A",.,"A",.,"A",.,"A"
"20151","03086153",34,0,"1",780,"D",130,"D",.,"A",390,"D",45,"D",.,"A",.,"A",650,"D",120,"D",.,"A",.,"A",.,"A",.,"A"
"20151","03086212",33,0,"1",2600,"D",1300,"D",650,"D",4550,"D",150,"D",.,"A",.,"A",1300,"D",60,"D",.,"A",.,"A",.,"A",.,"A"
"20151","03086223",22,0,"1",1040,"D",195,"D",.,"A",585,"D",0,"D",.,"A",.,"A",845,"D",0,"D",.,"A",.,"A",.,"A",.,"A"
"20151","03086232",36,0,"1",975,"D",130,"D",.,"A",117,"D",0,"D",.,"A",.,"A",845,"D",0,"D",.,"A",.,"A",.,"A",.,"A"
"20151","03086252",8,0,"1",845,"D",65,"D",.,"A",0,"D",0,"D",.,"A",.,"A",780,"D",0,"D",.,"A",.,"A",.,"A",.,"A"
"20151","03086282",37,0,"1",910,"D",0,"D",.,"A",130,"D",0,"D",.,"A",.,"A",910,"D",0,"D",.,"A",.,"A",.,"A",.,"A"
"20151","03086292",23,0,"1",1300,"D",0,"D",.,"A",65,"D",0,"D",.,"A",.,"A",1300,"D",0,"D",10,"D",130,"D",.,"A",.,"A"
"20151","03086301",30,0,"1",1560,"D",260,"D",.,"A",520,"D",109,"F",.,"A",.,"A",1300,"D",150,"D",30,"D",390,"D",.,"A",.,"A"
"20151","03086351",36,0,"1",1040,"D",195,"D",.,"A",325,"D",12,"D",.,"A",.,"A",845,"D",45,"D",.,"A",.,"A",.,"A",.,"A"
"20151","03086383",59,0,"1",1300,"D",325,"D",130,"D",520,"D",30,"D",.,"A",.,"A",975,"D",60,"D",23,"D",299,"D",.,"A",.,"A"
"20151","03086404",15,0,"1",195,"D",0,"D",65,"D",650,"D",0,"D",.,"A",.,"A",195,"D",0,"D",.,"A",.,"A",.,"A",.,"A"
"20151","03086412",51,0,"1",3900,"D",1300,"D",.,"A",5200,"D",15,"D",.,"A",225,"D",2600,"D",15,"D",.,"A",.,"A",390,"D",30,"D"
"20151","03086424",9,0,"1",325,"D",0,"D",.,"A",0,"D",0,"D",.,"A",.,"A",325,"D",0,"D",.,"A",.,"A",325,"D",25,"D"
"20151","03086454",19,0,"1",1300,"D",130,"D",130,"D",390,"D",60,"D",.,"A",.,"A",1170,"D",30,"D",.,"A",.,"A",.,"A",.,"A"
"20151","03086481",54,0,"1",1300,"D",260,"D",520,"D",650,"D",0,"D",.,"A",300,"D",1040,"D",0,"D",.,"A",.,"A",780,"D",60,"D"
"20151","03086501",23,0,"1",1560,"D",156,"D",.,"A",260,"D",0,"D",.,"A",.,"A",1404,"D",0,"D",10,"D",130,"D",.,"A",.,"A"
"20151","03086513",14,0,"1",910,"D",130,"D",.,"A",260,"D",150,"D",.,"A",.,"A",780,"D",90,"D",.,"A",.,"A",.,"A",.,"A"
"20151","03086571",34,0,"1",455,"D",65,"D",.,"A",650,"D",30,"D",.,"A",.,"A",390,"D",30,"D",.,"A",.,"A",.,"A",.,"A"
"20151","03086582",27,0,"1",1300,"D",195,"D",260,"D",780,"D",0,"D",.,"A",.,"A",1105,"D",0,"D",.,"A",.,"A",.,"A",.,"A"
"20151","03086623",30,0,"1",2600,"D",130,"D",.,"A",1300,"D",60,"D",.,"A",.,"A",2470,"D",600,"D",.,"A",.,"A",.,"A",.,"A"
"20151","03086631",12,0,"1",520,"D",65,"D",.,"A",0,"D",0,"D",.,"A",.,"A",455,"D",0,"D",50,"D",650,"D",.,"A",.,"A"
"20151","03086653",24,0,"1",1300,"D",130,"D",.,"A",325,"D",60,"D",.,"A",.,"A",1170,"D",150,"D",.,"A",.,"A",.,"A",.,"A"
"20151","03086682",27,0,"1",1625,"D",0,"D",325,"D",520,"D",0,"D",.,"A",.,"A",1625,"D",45,"D",35,"D",455,"D",39,"D",3,"D"
"20151","03086731",38,0,"1",1206,"F",.,"A",.,"A",1300,"D",150,"D",.,"A",.,"A",979,"F",180,"D",.,"A",.,"A",.,"A",.,"A"
"20151","03086753",22,0,"1",1300,"D",195,"D",.,"A",780,"D",0,"D",.,"A",.,"A",1105,"D",0,"D",50,"D",650,"D",.,"A",.,"A"
"20151","03086764",19,0,"1",650,"D",130,"D",.,"A",130,"D",0,"D",.,"A",.,"A",520,"D",0,"D",.,"A",.,"A",.,"A",.,"A"
"20151","03086781",26,0,"1",1300,"D",455,"D",.,"A",780,"D",750,"D",.,"A",.,"A",845,"D",150,"D",.,"A",.,"A",.,"A",.,"A"
"20151","03086803",22,0,"1",1300,"D",260,"D",.,"A",260,"D",0,"D",.,"A",48,"D",1040,"D",0,"D",.,"A",.,"A",.,"A",.,"A"
"20151","03086822",15,0,"1",1300,"D",195,"D",.,"A",390,"D",0,"D",.,"A",.,"A",1105,"D",0,"D",.,"A",.,"A",.,"A",.,"A"
"20151","03086861",40,0,"1",585,"D",130,"D",.,"A",65,"D",0,"D",.,"A",.,"A",455,"D",60,"D",.,"A",.,"A",.,"A",.,"A"
"20151","03086923",23,0,"1",780,"D",130,"D",.,"A",195,"D",0,"D",.,"A",.,"A",650,"D",0,"D",.,"A",.,"A",.,"A",.,"A"
"20151","03086941",27,0,"1",2600,"D",325,"D",.,"A",260,"D",0,"D",.,"A",325,"D",2275,"D",0,"D",.,"A",.,"A",.,"A",.,"A"
"20151","03086952",22,0,"1",6500,"D",4550,"D",.,"A",1560,"D",1800,"D",.,"A",.,"A",1950,"D",1800,"D",.,"A",.,"A",.,"A",.,"A"
"20151","03087003",12,0,"1",1300,"D",260,"D",325,"D",650,"D",0,"D",.,"A",.,"A",1040,"D",0,"D",.,"A",.,"A",.,"A",.,"A"
"20151","03087013",11,0,"1",650,"D",39,"D",.,"A",0,"D",24,"D",.,"A",.,"A",611,"D",0,"D",6,"D",78,"D",.,"A",.,"A"
"20151","03087021",49,0,"1",2080,"D",390,"D",.,"A",455,"D",60,"D",.,"A",260,"D",1690,"D",120,"D",.,"A",.,"A",.,"A",.,"A"
"20151","03087034",37,0,"1",650,"D",130,"D",.,"A",1300,"D",240,"D",.,"A",.,"A",520,"D",240,"D",.,"A",.,"A",.,"A",.,"A"
"20151","03087054",20,0,"1",390,"D",130,"D",.,"A",0,"D",0,"D",.,"A",.,"A",260,"D",0,"D",.,"A",.,"A",.,"A",.,"A"
"20151","03087061",17,0,"1",2600,"D",325,"D",.,"A",0,"D",0,"D",.,"A",.,"A",2275,"D",45,"D",.,"A",.,"A",.,"A",.,"A"
"20151","03087102",34,0,"1",975,"D",260,"D",.,"A",975,"D",24,"D",.,"A",.,"A",715,"D",120,"D",1,"D",13,"D",.,"A",.,"A"
"20151","03087111",14,0,"1",650,"D",0,"D",.,"A",0,"D",0,"D",.,"A",.,"A",650,"D",0,"D",25,"D",325,"D",.,"A",.,"A"
"20151","03087241",25,0,"1",390,"D",0,"D",.,"A",0,"D",0,"D",.,"A",.,"A",390,"D",150,"D",.,"A",.,"A",.,"A",.,"A"
"20151","03087272",12,0,"1",3900,"D",390,"D",.,"A",390,"D",45,"D",.,"A",.,"A",3510,"D",90,"D",.,"A",.,"A",.,"A",.,"A"
"20151","03087291",11,0,"1",455,"D",455,"D",130,"D",260,"D",0,"D",.,"A",.,"A",0,"D",24,"D",50,"D",650,"D",.,"A",.,"A"
"20151","03087334",34,0,"1",650,"D",130,"D",.,"A",130,"D",0,"D",.,"A",.,"A",520,"D",15,"D",.,"A",.,"A",.,"A",.,"A"
"20151","03087341",17,0,"1",2470,"D",390,"D",.,"A",780,"D",0,"D",.,"A",.,"A",2080,"D",0,"D",.,"A",.,"A",.,"A",.,"A"
"20151","03087353",20,0,"1",1950,"D",195,"D",.,"A",1170,"D",0,"D",.,"A",.,"A",1755,"D",0,"D",.,"A",.,"A",.,"A",.,"A"
"20151","03087362",27,0,"1",2600,"D",390,"D",.,"A",0,"D",0,"D",.,"A",.,"A",2210,"D",0,"D",.,"A",.,"A",.,"A",.,"A"
"20151","03087371",23,0,"1",3900,"D",650,"D",.,"A",0,"D",150,"D",.,"A",.,"A",3250,"D",300,"D",.,"A",.,"A",.,"A",.,"A"
"20151","03087382",15,0,"1",1950,"D",0,"D",.,"A",0,"D",0,"D",.,"A",.,"A",1950,"D",0,"D",20,"D",260,"D",.,"A",.,"A"
"20151","03087394",36,0,"1",975,"D",130,"D",390,"D",260,"D",45,"D",.,"A",.,"A",845,"D",0,"D",25,"D",325,"D",.,"A",.,"A"
"20151","03087412",16,0,"1",1950,"D",260,"D",.,"A",650,"D",30,"D",.,"A",.,"A",1690,"D",60,"D",20,"D",260,"D",.,"A",.,"A"
"20151","03087433",13,0,"1",910,"D",130,"D",.,"A",0,"D",0,"D",.,"A",.,"A",780,"D",0,"D",.,"A",.,"A",.,"A",.,"A"
"20151","03087452",16,0,"1",1300,"D",348,"F",.,"A",260,"D",6,"D",.,"A",.,"A",1217,"F",6,"D",.,"A",.,"A",.,"A",.,"A"
"20151","03087473",44,0,"1",1170,"D",195,"D",65,"D",650,"D",0,"D",.,"A",.,"A",975,"D",0,"D",.,"A",.,"A",.,"A",.,"A"
"20151","03087571",20,0,"1",1300,"D",195,"D",.,"A",260,"D",0,"D",.,"A",.,"A",1105,"D",0,"D",.,"A",.,"A",.,"A",.,"A"
"20151","03087584",35,0,"1",1300,"D",260,"D",.,"A",260,"D",0,"D",.,"A",.,"A",1040,"D",0,"D",.,"A",.,"A",.,"A",.,"A"
"20151","03087603",26,0,"1",910,"D",130,"D",.,"A",260,"D",0,"D",.,"A",.,"A",780,"D",90,"D",.,"A",.,"A",.,"A",.,"A"
"20151","03087633",16,0,"1",2600,"D",650,"D",.,"A",0,"D",0,"D",.,"A",.,"A",1950,"D",0,"D",.,"A",.,"A",.,"A",.,"A"
"20151","03087644",27,0,"1",2600,"D",325,"D",650,"D",0,"D",0,"D",.,"A",.,"A",2275,"D",60,"D",.,"A",.,"A",.,"A",.,"A"
"20151","03087664",20,0,"1",455,"D",39,"D",.,"A",130,"D",0,"D",.,"A",.,"A",416,"D",0,"D",.,"A",.,"A",.,"A",.,"A"
"20151","03087691",11,0,"1",650,"D",130,"D",.,"A",0,"D",0,"D",.,"A",.,"A",520,"D",0,"D",.,"A",.,"A",.,"A",.,"A"
"20151","03087731",28,0,"1",260,"D",39,"D",.,"A",130,"D",30,"D",.,"A",.,"A",221,"D",45,"D",.,"A",.,"A",.,"A",.,"A"
"20151","03087742",33,0,"1",1040,"D",195,"D",.,"A",0,"D",0,"D",.,"A",.,"A",845,"D",36,"D",.,"A",.,"A",.,"A",.,"A"
"20151","03087792",24,0,"1",390,"D",65,"D",.,"A",65,"D",0,"D",.,"A",.,"A",325,"D",0,"D",.,"A",.,"A",.,"A",.,"A"
"20151","03087833",13,0,"1",325,"D",130,"D",130,"D",780,"D",0,"D",.,"A",.,"A",195,"D",0,"D",.,"A",.,"A",.,"A",.,"A"
"20151","03087874",23,0,"1",650,"D",234,"D",.,"A",130,"D",0,"D",.,"A",.,"A",416,"D",0,"D",.,"A",.,"A",.,"A",.,"A"
"20151","03087892",26,0,"1",975,"D",455,"D",.,"A",1300,"D",180,"D",.,"A",.,"A",520,"D",0,"D",.,"A",.,"A",.,"A",.,"A"
"20151","03087901",23,0,"1",1950,"D",520,"D",.,"A",520,"D",0,"D",.,"A",.,"A",1430,"D",0,"D",30,"D",390,"D",.,"A",.,"A"
"20151","03087924",16,0,"1",1950,"D",585,"D",260,"D",455,"D",0,"D",.,"A",.,"A",1365,"D",0,"D",.,"A",.,"A",.,"A",.,"A"
"20151","03087961",64,0,"1",1950,"D",195,"D",.,"A",1300,"D",150,"D",.,"A",.,"A",1755,"D",300,"D",.,"A",.,"A",.,"A",.,"A"
"20151","03087984",36,0,"1",1300,"D",390,"D",325,"D",260,"D",0,"D",.,"A",.,"A",910,"D",90,"D",.,"A",.,"A",.,"A",.,"A"
"20151","03087994",12,0,"1",3250,"D",520,"D",.,"A",130,"D",0,"D",.,"A",.,"A",2730,"D",0,"D",.,"A",.,"A",.,"A",.,"A"
"20151","03088011",12,0,"1",1300,"D",325,"D",.,"A",0,"D",0,"D",.,"A",.,"A",975,"D",0,"D",.,"A",.,"A",.,"A",.,"A"
"20151","03088024",24,0,"1",1740,"F",.,"A",.,"A",520,"D",0,"D",.,"A",.,"A",1470,"F",0,"D",10,"D",130,"D",.,"A",.,"A"
"20151","03088032",33,0,"1",975,"D",195,"D",.,"A",520,"D",0,"D",.,"A",.,"A",780,"D",0,"D",.,"A",.,"A",.,"A",.,"A"
"20151","03088064",42,0,"1",650,"D",130,"D",.,"A",390,"D",120,"D",.,"A",.,"A",520,"D",60,"D",.,"A",.,"A",.,"A",.,"A"
"20151","03088072",37,0,"1",1625,"D",325,"D",.,"A",390,"D",0,"D",.,"A",.,"A",1300,"D",0,"D",45,"D",585,"D",.,"A",.,"A"
"20151","03088081",24,0,"1",1950,"D",325,"D",390,"D",650,"D",0,"D",.,"A",.,"A",1625,"D",0,"D",.,"A",.,"A",.,"A",.,"A"
"20151","03088122",30,0,"1",1950,"D",348,"F",.,"A",650,"D",0,"D",.,"A",.,"A",1217,"F",0,"D",.,"A",.,"A",.,"A",.,"A"
"20151","03088133",30,0,"1",260,"D",26,"D",.,"A",390,"D",0,"D",.,"A",.,"A",234,"D",0,"D",.,"A",.,"A",.,"A",.,"A"
"20151","03088143",33,0,"1",780,"D",0,"D",.,"A",520,"D",0,"D",.,"A",.,"A",780,"D",120,"D",50,"D",650,"D",.,"A",.,"A"
"20151","03088244",42,0,"1",650,"D",130,"D",91,"D",845,"D",60,"D",.,"A",.,"A",520,"D",60,"D",.,"A",.,"A",.,"A",.,"A"
"20151","03088263",63,0,"1",2600,"D",390,"D",.,"A",780,"D",90,"D",.,"A",.,"A",2210,"D",90,"D",.,"A",.,"A",.,"A",.,"A"
"20151","03088272",29,0,"1",1300,"D",260,"D",.,"A",0,"D",0,"D",.,"A",.,"A",1040,"D",0,"D",40,"D",520,"D",.,"A",.,"A"
"20151","03088291",18,0,"1",975,"D",325,"D",.,"A",520,"D",0,"D",520,"D",.,"A",650,"D",0,"D",40,"D",520,"D",.,"A",.,"A"
"20151","03088303",13,0,"1",1170,"D",195,"D",195,"D",260,"D",0,"D",.,"A",.,"A",975,"D",0,"D",.,"A",.,"A",.,"A",.,"A"
"20151","03088313",37,0,"1",1300,"D",260,"D",.,"A",390,"D",300,"D",.,"A",.,"A",1040,"D",90,"D",.,"A",.,"A",.,"A",.,"A"
"20151","03088333",10,0,"1",845,"D",390,"D",.,"A",0,"D",0,"D",.,"A",.,"A",455,"D",0,"D",.,"A",.,"A",.,"A",.,"A"
"20151","03088374",25,0,"1",2600,"D",650,"D",.,"A",156,"D",150,"D",.,"A",525,"D",1950,"D",300,"D",.,"A",.,"A",.,"A",.,"A"
"20151","03088392",14,0,"1",1950,"D",650,"D",.,"A",390,"D",0,"D",.,"A",.,"A",1300,"D",0,"D",.,"A",.,"A",.,"A",.,"A"
"20151","03088443",34,0,"1",2600,"D",650,"D",.,"A",1300,"D",0,"D",.,"A",.,"A",1950,"D",0,"D",20,"D",260,"D",78,"D",6,"D"
"20151","03088451",87,0,"1",2600,"D",650,"D",650,"D",650,"D",150,"D",.,"A",.,"A",1950,"D",450,"D",.,"A",.,"A",.,"A",.,"A"
"20151","03088471",32,0,"1",1950,"D",975,"D",.,"A",650,"D",0,"D",.,"A",.,"A",975,"D",600,"D",.,"A",.,"A",.,"A",.,"A"
"20151","03088512",18,0,"1",1950,"D",390,"D",.,"A",0,"D",0,"D",.,"A",.,"A",1560,"D",0,"D",.,"A",.,"A",.,"A",.,"A"
"20151","03088604",22,0,"1",2600,"D",325,"D",.,"A",0,"D",0,"D",.,"A",.,"A",2275,"D",0,"D",.,"A",.,"A",.,"A",.,"A"
"20151","03088653",16,0,"1",1950,"D",520,"D",.,"A",650,"D",0,"D",.,"A",.,"A",1430,"D",0,"D",.,"A",.,"A",.,"A",.,"A"
"20151","03088671",15,0,"1",1950,"D",260,"D",.,"A",650,"D",0,"D",.,"A",.,"A",1690,"D",90,"D",.,"A",.,"A",.,"A",.,"A"
"20151","03088681",15,0,"1",1560,"D",325,"D",.,"A",0,"D",0,"D",.,"A",.,"A",1235,"D",0,"D",.,"A",.,"A",.,"A",.,"A"
"20152","02814285",37,0,"1",650,"D",130,"D",.,"A",65,"D",0,"D",.,"A",.,"A",520,"D",0,"D",.,"A",.,"A",.,"A",.,"A"
"20152","02814295",50,0,"1",650,"D",65,"D",.,"A",780,"D",0,"D",.,"A",.,"A",585,"D",0,"D",.,"A",.,"A",.,"A",.,"A"
"20152","02814305",75,0,"1",2600,"D",260,"D",195,"D",780,"D",0,"D",.,"A",140,"D",2340,"D",0,"D",.,"A",.,"A",.,"A",.,"A"
"20152","02814315",43,0,"1",1625,"D",0,"D",.,"A",650,"D",300,"D",.,"A",.,"A",1625,"D",144,"D",.,"A",.,"A",.,"A",.,"A"
"20152","02814325",31,0,"1",1300,"D",0,"D",585,"D",104,"D",66,"D",.,"A",.,"A",1300,"D",6,"D",.,"A",.,"A",.,"A",.,"A"
"20152","02814345",11,0,"1",650,"D",65,"D",.,"A",0,"D",0,"D",.,"A",.,"A",585,"D",0,"D",.,"A",.,"A",.,"A",.,"A"
"20152","02814365",46,0,"1",650,"D",130,"D",65,"D",780,"D",144,"D",.,"A",.,"A",520,"D",21,"D",.,"A",.,"A",.,"A",.,"A"
"20152","02814415",26,0,"1",2600,"D",538,"F",.,"A",780,"D",0,"D",.,"A",.,"A",2289,"F",240,"D",.,"A",.,"A",.,"A",.,"A"
"20152","02814425",65,0,"1",2600,"D",650,"D",130,"D",455,"D",0,"D",.,"A",260,"D",1950,"D",0,"D",8,"D",104,"D",.,"A",.,"A"
"20152","02814435",43,0,"1",975,"D",130,"D",650,"D",650,"D",0,"D",.,"A",.,"A",845,"D",0,"D",.,"A",.,"A",.,"A",.,"A"
"20152","02814465",42,0,"1",2080,"D",260,"D",.,"A",1300,"D",0,"D",.,"A",.,"A",1820,"D",0,"D",.,"A",.,"A",.,"A",.,"A"
"20152","02814475",32,0,"1",468,"D",52,"D",.,"A",260,"D",0,"D",.,"A",.,"A",416,"D",0,"D",.,"A",.,"A",.,"A",.,"A"
"20152","02814505",8,0,"1",1300,"D",130,"D",.,"A",0,"D",6,"D",.,"A",.,"A",1170,"D",6,"D",.,"A",.,"A",.,"A",.,"A"
"20152","02814565",51,0,"1",1950,"D",390,"D",.,"A",195,"D",45,"D",.,"A",.,"A",1560,"D",180,"D",.,"A",.,"A",.,"A",.,"A"
"20152","02814575",29,0,"1",1300,"D",260,"D",.,"A",650,"D",0,"D",.,"A",.,"A",1040,"D",0,"D",.,"A",.,"A",.,"A",.,"A"
"20152","02814595",12,0,"1",884,"D",0,"D",.,"A",0,"D",0,"D",.,"A",.,"A",884,"D",0,"D",.,"A",.,"A",.,"A",.,"A"
"20152","02814605",21,0,"1",1625,"D",0,"D",.,"A",0,"D",0,"D",.,"A",.,"A",1625,"D",0,"D",.,"A",.,"A",.,"A",.,"A"
"20152","02814625",54,0,"1",1820,"D",455,"D",.,"A",130,"D",0,"D",.,"A",.,"A",1365,"D",120,"D",.,"A",.,"A",.,"A",.,"A"
"20152","02814715",8,0,"1",930,"F",.,"A",.,"A",471,"F",158,"F",.,"A",.,"A",755,"F",104,"F",.,"A",.,"A",.,"A",.,"A"
"20152","02814785",36,0,"1",1040,"D",538,"F",.,"A",390,"D",0,"D",.,"A",.,"A",2289,"F",0,"D",.,"A",.,"A",.,"A",.,"A"
"20152","02814815",19,0,"1",845,"D",195,"D",.,"A",260,"D",0,"D",.,"A",.,"A",650,"D",0,"D",.,"A",.,"A",.,"A",.,"A"
"20152","02814855",17,0,"1",650,"D",130,"D",.,"A",130,"D",0,"D",.,"A",.,"A",520,"D",0,"D",5,"D",65,"D",.,"A",.,"A"
"20152","02814885",31,0,"1",2340,"D",650,"D",260,"D",650,"D",0,"D",.,"A",.,"A",1690,"D",0,"D",.,"A",.,"A",.,"A",.,"A"
"20152","02814915",43,0,"1",2080,"D",390,"D",.,"A",130,"D",0,"D",.,"A",.,"A",1690,"D",0,"D",.,"A",.,"A",.,"A",.,"A"
"20152","02814925",43,0,"1",1885,"D",260,"D",130,"D",130,"D",0,"D",.,"A",.,"A",1625,"D",45,"D",.,"A",.,"A",.,"A",.,"A"
"20152","02814965",36,0,"1",2275,"D",520,"D",325,"D",338,"D",0,"D",.,"A",.,"A",1755,"D",75,"D",.,"A",.,"A",.,"A",.,"A"
"20152","02814985",39,0,"1",1950,"D",130,"D",.,"A",585,"D",0,"D",.,"A",.,"A",1820,"D",30,"D",.,"A",.,"A",.,"A",.,"A"
"20152","02815075",35,0,"1",1950,"D",260,"D",.,"A",0,"D",6,"D",.,"A",.,"A",1690,"D",6,"D",.,"A",.,"A",.,"A",.,"A"
"20152","02815105",13,0,"1",650,"D",65,"D",.,"A",0,"D",0,"D",.,"A",.,"A",585,"D",0,"D",.,"A",.,"A",.,"A",.,"A"
"20152","02815135",48,0,"1",1950,"D",650,"D",.,"A",650,"D",0,"D",.,"A",.,"A",1300,"D",30,"D",.,"A",.,"A",.,"A",.,"A"
"20152","02815155",51,0,"1",1300,"D",538,"F",.,"A",1300,"D",0,"D",.,"A",.,"A",2289,"F",0,"D",.,"A",.,"A",.,"A",.,"A"
"20152","02815215",8,0,"1",325,"D",260,"D",.,"A",0,"D",6,"D",.,"A",.,"A",65,"D",6,"D",.,"A",.,"A",.,"A",.,"A"
"20152","02815275",35,0,"1",975,"D",0,"D",.,"A",0,"D",0,"D",.,"A",.,"A",975,"D",90,"D",20,"D",260,"D",.,"A",.,"A"
"20152","02815285",40,0,"1",1950,"D",260,"D",.,"A",455,"D",0,"D",.,"A",.,"A",1690,"D",0,"D",.,"A",.,"A",.,"A",.,"A"
"20152","02815325",35,0,"1",975,"D",195,"D",.,"A",195,"D",0,"D",.,"A",.,"A",780,"D",0,"D",.,"A",.,"A",.,"A",.,"A"
"20152","02815355",28,0,"1",910,"D",130,"D",.,"A",130,"D",0,"D",.,"A",.,"A",780,"D",0,"D",.,"A",.,"A",.,"A",.,"A"
"20152","02815395",31,0,"1",2015,"D",390,"D",.,"A",39,"D",0,"D",.,"A",.,"A",1625,"D",30,"D",18,"D",234,"D",.,"A",.,"A"
"20152","02815405",30,0,"1",1300,"D",260,"D",.,"A",520,"D",0,"D",.,"A",.,"A",1040,"D",0,"D",.,"A",.,"A",.,"A",.,"A"
"20152","02815435",33,0,"1",1950,"D",325,"D",.,"A",520,"D",0,"D",.,"A",.,"A",1625,"D",60,"D",.,"A",.,"A",.,"A",.,"A"
"20152","02815455",24,0,"1",1950,"D",195,"D",.,"A",390,"D",0,"D",.,"A",.,"A",1755,"D",0,"D",15,"D",195,"D",.,"A",.,"A"
"20152","02815475",47,0,"1",3250,"D",195,"D",.,"A",325,"D",180,"D",.,"A",.,"A",3055,"D",45,"D",.,"A",.,"A",.,"A",.,"A"
"20152","02815495",41,0,"1",936,"D",156,"D",.,"A",325,"D",0,"D",.,"A",.,"A",780,"D",0,"D",.,"A",.,"A",.,"A",.,"A"
"20152","02815515",12,0,"1",650,"D",0,"D",130,"D",260,"D",0,"D",.,"A",.,"A",650,"D",0,"D",.,"A",.,"A",.,"A",.,"A"
"20152","02815575",25,0,"1",1950,"D",325,"D",.,"A",780,"D",0,"D",.,"A",.,"A",1625,"D",0,"D",.,"A",.,"A",.,"A",.,"A"
"20152","02815585",29,0,"1",1820,"D",520,"D",.,"A",5200,"D",900,"D",.,"A",.,"A",1300,"D",450,"D",.,"A",.,"A",.,"A",.,"A"
"20152","02815625",51,0,"1",3900,"D",319,"F",.,"A",0,"D",0,"D",.,"A",.,"A",1152,"F",0,"D",.,"A",.,"A",.,"A",.,"A"
"20152","02815725",14,0,"1",1820,"D",317,"F",.,"A",661,"F",6,"D",.,"A",.,"A",1135,"F",6,"D",.,"A",.,"A",.,"A",.,"A"
"20152","02815775",31,0,"1",520,"D",156,"D",.,"A",130,"D",0,"D",.,"A",.,"A",364,"D",0,"D",.,"A",.,"A",.,"A",.,"A"
"20152","02815805",27,0,"1",1300,"D",195,"D",.,"A",1040,"D",0,"D",.,"A",.,"A",1105,"D",0,"D",.,"A",.,"A",.,"A",.,"A"
"20152","02815815",23,0,"1",715,"D",130,"D",.,"A",0,"D",0,"D",.,"A",.,"A",585,"D",0,"D",.,"A",.,"A",.,"A",.,"A"
"20152","02815875",31,0,"1",2600,"D",520,"D",.,"A",650,"D",0,"D",.,"A",.,"A",2080,"D",0,"D",.,"A",.,"A",.,"A",.,"A"
"20152","02815925",43,0,"1",1950,"D",520,"D",.,"A",975,"D",0,"D",.,"A",.,"A",1430,"D",0,"D",.,"A",.,"A",.,"A",.,"A"
"20152","02816005",28,0,"1",1040,"D",260,"D",.,"A",1040,"D",6,"D",.,"A",.,"A",780,"D",6,"D",.,"A",.,"A",.,"A",.,"A"
"20152","02816115",17,0,"1",1950,"D",260,"D",.,"A",0,"D",0,"D",.,"A",.,"A",1690,"D",0,"D",.,"A",.,"A",260,"D",20,"D"
"20152","02816125",12,0,"1",1040,"D",195,"D",.,"A",975,"D",0,"D",.,"A",.,"A",845,"D",60,"D",.,"A",.,"A",.,"A",.,"A"
"20152","02816135",20,0,"1",1040,"D",195,"D",.,"A",0,"D",0,"D",.,"A",.,"A",845,"D",0,"D",.,"A",.,"A",.,"A",.,"A"
"20152","02816145",25,0,"1",650,"D",130,"D",.,"A",260,"D",0,"D",.,"A",.,"A",520,"D",6,"D",.,"A",.,"A",.,"A",.,"A"
"20152","02816175",51,0,"1",1066,"D",474,"F",.,"A",390,"D",0,"D",.,"A",240,"D",1805,"F",390,"D",.,"A",.,"A",.,"A",.,"A"
"20152","02816195",45,0,"1",2080,"D",260,"D",.,"A",390,"D",0,"D",.,"A",68,"D",1820,"D",0,"D",70,"D",910,"D",.,"A",.,"A"
"20152","02816255",23,0,"1",1300,"D",1300,"D",.,"A",975,"D",0,"D",.,"A",.,"A",0,"D",0,"D",.,"A",.,"A",.,"A",.,"A"
"20152","02816275",47,0,"1",1560,"D",260,"D",.,"A",1040,"D",180,"D",.,"A",.,"A",1300,"D",120,"D",40,"D",520,"D",.,"A",.,"A"
"20152","02816305",49,0,"1",1690,"D",260,"D",.,"A",260,"D",0,"D",.,"A",.,"A",1430,"D",0,"D",.,"A",.,"A",.,"A",.,"A"
"20152","02816325",65,0,"1",1040,"D",0,"D",65,"D",130,"D",60,"D",.,"A",.,"A",1040,"D",30,"D",.,"A",.,"A",.,"A",.,"A"
"20152","02816345",35,0,"1",520,"D",130,"D",.,"A",65,"D",6,"D",.,"A",.,"A",390,"D",6,"D",.,"A",.,"A",.,"A",.,"A"
"20152","02816395",21,0,"1",520,"D",39,"D",.,"A",65,"D",6,"D",.,"A",.,"A",481,"D",6,"D",.,"A",.,"A",.,"A",.,"A"
"20152","02816465",49,0,"1",1300,"D",325,"D",.,"A",650,"D",0,"D",.,"A",.,"A",975,"D",0,"D",.,"A",.,"A",.,"A",.,"A"
"20152","02816505",25,0,"1",1898,"D",325,"D",130,"D",1300,"D",60,"D",.,"A",.,"A",1573,"D",0,"D",.,"A",.,"A",.,"A",.,"A"
"20152","02816515",45,0,"1",1950,"D",975,"D",.,"A",325,"D",0,"D",.,"A",.,"A",975,"D",0,"D",20,"D",260,"D",.,"A",.,"A"
"20152","02816525",17,0,"1",3250,"D",260,"D",.,"A",0,"D",0,"D",.,"A",.,"A",2990,"D",0,"D",.,"A",.,"A",.,"A",.,"A"
"20152","02816535",39,0,"1",1885,"D",585,"D",.,"A",0,"D",0,"D",.,"A",.,"A",1300,"D",0,"D",.,"A",.,"A",.,"A",.,"A"
"20152","02816625",32,0,"1",1040,"D",234,"D",.,"A",650,"D",120,"D",.,"A",.,"A",806,"D",180,"D",.,"A",.,"A",.,"A",.,"A"
"20152","02816655",76,0,"1",2860,"D",286,"D",.,"A",3575,"D",0,"D",.,"A",.,"A",2574,"D",0,"D",.,"A",.,"A",.,"A",.,"A"
"20152","02816675",15,0,"1",1300,"D",458,"F",.,"A",260,"D",0,"D",.,"A",.,"A",1660,"F",60,"D",.,"A",.,"A",.,"A",.,"A"
"20152","02816705",26,0,"1",585,"D",65,"D",.,"A",130,"D",0,"D",.,"A",.,"A",520,"D",0,"D",.,"A",.,"A",.,"A",.,"A"
"20152","02816805",29,0,"1",390,"D",214,"F",26,"D",91,"D",0,"D",.,"A",.,"A",783,"F",0,"D",.,"A",.,"A",.,"A",.,"A"
"20152","02816825",29,0,"1",1300,"D",0,"D",.,"A",650,"D",6,"D",.,"A",.,"A",1300,"D",6,"D",.,"A",.,"A",.,"A",.,"A"
"20152","02816835",38,0,"1",1300,"D",130,"D",.,"A",1300,"D",75,"D",.,"A",.,"A",1170,"D",240,"D",68,"D",884,"D",.,"A",.,"A"
"20152","02816895",43,0,"1",975,"D",260,"D",.,"A",390,"D",0,"D",.,"A",.,"A",715,"D",0,"D",.,"A",.,"A",.,"A",.,"A"
"20152","02816925",66,0,"1",195,"D",0,"D",.,"A",130,"D",0,"D",.,"A",.,"A",195,"D",0,"D",.,"A",.,"A",.,"A",.,"A"
"20152","02816985",23,0,"1",1625,"D",130,"D",.,"A",0,"D",0,"D",.,"A",.,"A",1495,"D",0,"D",.,"A",.,"A",.,"A",.,"A"
"20152","02816995",31,0,"1",1404,"D",260,"D",.,"A",195,"D",0,"D",.,"A",.,"A",1144,"D",0,"D",.,"A",.,"A",.,"A",.,"A"
"20152","02817045",20,0,"1",1560,"D",260,"D",130,"D",390,"D",0,"D",.,"A",.,"A",1300,"D",90,"D",.,"A",.,"A",.,"A",.,"A"
"20152","02817055",34,0,"1",2600,"D",260,"D",.,"A",650,"D",150,"D",.,"A",100,"D",2340,"D",150,"D",.,"A",.,"A",.,"A",.,"A"
"20152","02817075",18,0,"1",975,"D",0,"D",.,"A",0,"D",0,"D",.,"A",.,"A",975,"D",0,"D",.,"A",.,"A",.,"A",.,"A"
"20152","02817105",38,0,"1",1950,"D",260,"D",.,"A",780,"D",120,"D",.,"A",.,"A",1690,"D",300,"D",.,"A",.,"A",.,"A",.,"A"
"20152","02817195",34,0,"1",1625,"D",195,"D",.,"A",975,"D",0,"D",.,"A",.,"A",1430,"D",0,"D",.,"A",.,"A",.,"A",.,"A"
"20152","02817205",36,0,"1",520,"D",65,"D",.,"A",0,"D",0,"D",.,"A",.,"A",455,"D",0,"D",.,"A",.,"A",.,"A",.,"A"
"20152","02817225",30,0,"1",1300,"D",520,"D",.,"A",195,"D",0,"D",.,"A",.,"A",780,"D",39,"D",.,"C",294,"F",.,"A",.,"A"
"20152","02817275",25,0,"1",3250,"D",1105,"D",260,"D",1040,"D",0,"D",.,"A",.,"A",2145,"D",0,"D",.,"A",.,"A",.,"A",.,"A"
"20152","02817315",30,0,"1",2600,"D",520,"D",.,"A",650,"D",0,"D",.,"A",.,"A",2080,"D",0,"D",.,"A",.,"A",.,"A",.,"A"
"20152","02817355",29,0,"1",975,"D",325,"D",325,"D",0,"D",0,"D",.,"A",.,"A",650,"D",150,"D",.,"A",.,"A",.,"A",.,"A"
"20152","02817375",29,0,"1",1235,"D",195,"D",.,"A",130,"D",0,"D",.,"A",.,"A",1040,"D",0,"D",.,"A",.,"A",.,"A",.,"A"
"20152","02817395",66,0,"1",1690,"D",260,"D",.,"A",520,"D",0,"D",.,"A",.,"A",1430,"D",60,"D",.,"A",.,"A",.,"A",.,"A"
"20152","02817485",19,0,"1",325,"D",186,"F",309,"F",65,"D",86,"F",.,"A",.,"A",642,"F",91,"F",.,"A",.,"A",.,"A",.,"A"
"20152","02817495",54,0,"1",1690,"D",520,"D",.,"A",325,"D",0,"D",.,"A",.,"A",1170,"D",0,"D",35,"D",455,"D",.,"A",.,"A"
"20152","02817505",31,0,"1",780,"D",130,"D",.,"A",130,"D",45,"D",.,"A",.,"A",650,"D",0,"D",.,"A",.,"A",.,"A",.,"A"
"20152","02817515",27,0,"1",2730,"D",520,"D",.,"A",0,"D",6,"D",.,"A",.,"A",2210,"D",6,"D",5,"D",65,"D",.,"A",.,"A"
"20152","02817595",43,0,"1",2340,"D",390,"D",.,"A",325,"D",0,"D",.,"A",98,"D",1950,"D",0,"D",12,"D",156,"D",.,"A",.,"A"
"20152","02817625",33,0,"1",1560,"D",325,"D",.,"A",390,"D",0,"D",.,"A",.,"A",1235,"D",0,"D",.,"A",.,"A",.,"A",.,"A"
"20152","02817635",27,0,"1",1144,"D",0,"D",.,"A",130,"D",6,"D",.,"A",.,"A",1144,"D",6,"D",.,"A",.,"A",.,"A",.,"A"
"20152","02817675",22,0,"1",650,"D",247,"D",.,"A",650,"D",0,"D",.,"A",.,"A",403,"D",0,"D",.,"A",.,"A",.,"A",.,"A"
"20152","02817715",30,0,"1",1300,"D",0,"D",.,"A",0,"D",175,"F",.,"A",.,"A",1300,"D",168,"F",.,"A",.,"A",.,"A",.,"A"
"20152","02817805",50,0,"1",2600,"D",1040,"D",.,"A",390,"D",90,"D",.,"A",.,"A",1560,"D",150,"D",.,"A",.,"A",.,"A",.,"A"
"20152","02817815",32,0,"1",2340,"D",260,"D",260,"D",780,"D",0,"D",.,"A",.,"A",2080,"D",0,"D",.,"A",.,"A",.,"A",.,"A"
"20152","02817885",24,0,"1",2600,"D",650,"D",.,"A",0,"D",0,"D",.,"A",.,"A",1950,"D",0,"D",.,"A",.,"A",.,"A",.,"A"
"20152","02817895",32,0,"1",455,"D",65,"D",.,"A",910,"D",360,"D",255,"D",.,"A",390,"D",30,"D",8,"D",104,"D",.,"A",.,"A"
"20152","02818005",31,0,"1",1105,"D",260,"D",.,"A",0,"D",0,"D",.,"A",.,"A",845,"D",0,"D",.,"A",.,"A",.,"A",.,"A"
"20152","02818035",31,0,"1",520,"D",65,"D",.,"A",1560,"D",0,"D",.,"A",.,"A",455,"D",0,"D",.,"A",.,"A",.,"A",.,"A"
"20152","02818065",38,0,"1",910,"D",130,"D",.,"A",520,"D",60,"D",.,"A",.,"A",780,"D",90,"D",.,"A",.,"A",.,"A",.,"A"
"20152","02818075",16,0,"1",494,"D",39,"D",.,"A",650,"D",120,"D",.,"A",.,"A",455,"D",0,"D",73,"D",949,"D",.,"A",.,"A"
"20152","02818115",30,0,"1",1950,"D",0,"D",.,"A",390,"D",6,"D",.,"A",.,"A",1950,"D",6,"D",.,"A",.,"A",.,"A",.,"A"
"20152","02818135",69,0,"1",1300,"D",260,"D",390,"D",910,"D",15,"D",.,"A",.,"A",1040,"D",0,"D",.,"A",.,"A",.,"A",.,"A"
"20152","02818145",39,0,"1",1950,"D",481,"D",325,"D",390,"D",900,"D",.,"A",200,"D",1469,"D",225,"D",.,"A",.,"A",.,"A",.,"A"
"20152","02818165",23,0,"1",650,"D",211,"F",.,"A",453,"F",0,"D",.,"A",.,"A",748,"F",0,"D",.,"A",.,"A",.,"A",.,"A"
"20152","02818205",40,0,"1",1690,"D",650,"D",.,"A",260,"D",0,"D",.,"A",30,"D",1040,"D",0,"D",.,"A",.,"A",.,"A",.,"A"
"20152","02818225",28,0,"1",780,"D",130,"D",.,"A",130,"D",0,"D",.,"A",.,"A",650,"D",0,"D",.,"A",.,"A",.,"A",.,"A"
"20152","02818235",22,0,"1",1300,"D",390,"D",.,"A",1300,"D",105,"D",.,"A",.,"A",910,"D",0,"D",.,"A",.,"A",.,"A",.,"A"
"20152","02818275",58,0,"1",1950,"D",390,"D",.,"A",5200,"D",0,"D",.,"A",.,"A",1560,"D",6,"D",.,"A",.,"A",.,"A",.,"A"
"20152","02818325",44,0,"1",390,"D",0,"D",.,"A",1820,"D",0,"D",.,"A",.,"A",390,"D",0,"D",.,"A",.,"A",.,"A",.,"A"
"20152","02818335",38,0,"1",1950,"D",325,"D",.,"A",390,"D",0,"D",.,"A",.,"A",1625,"D",120,"D",.,"A",.,"A",.,"A",.,"A"
"20152","02818405",64,0,"1",975,"D",195,"D",.,"A",325,"D",0,"D",.,"A",.,"A",780,"D",30,"D",.,"A",.,"A",.,"A",.,"A"
"20152","02818425",52,0,"1",3250,"D",650,"D",1300,"D",650,"D",0,"D",.,"A",.,"A",2600,"D",600,"D",.,"A",.,"A",.,"A",.,"A"
"20152","02818455",14,0,"1",650,"D",65,"D",.,"A",260,"D",0,"D",.,"A",.,"A",585,"D",54,"D",46,"D",598,"D",.,"A",.,"A"
"20152","02818485",48,0,"1",650,"D",0,"D",.,"A",1820,"D",0,"D",.,"A",.,"A",650,"D",345,"D",.,"A",.,"A",.,"A",.,"A"
"20152","02818505",21,0,"1",2600,"D",910,"D",.,"A",325,"D",0,"D",.,"A",.,"A",1690,"D",0,"D",.,"A",.,"A",.,"A",.,"A"
"20152","02818535",32,0,"1",520,"D",130,"D",.,"A",195,"D",0,"D",.,"A",.,"A",390,"D",30,"D",.,"A",.,"A",.,"A",.,"A"
"20152","02818545",24,0,"1",1300,"D",130,"D",.,"A",0,"D",0,"D",.,"A",.,"A",1170,"D",60,"D",.,"A",.,"A",.,"A",.,"A"
"20152","02818565",38,0,"1",2600,"D",975,"D",.,"A",780,"D",0,"D",.,"A",.,"A",1625,"D",60,"D",.,"A",.,"A",.,"A",.,"A"
"20152","02818715",24,0,"1",1950,"D",650,"D",.,"A",650,"D",0,"D",.,"A",.,"A",1300,"D",0,"D",50,"D",650,"D",.,"A",.,"A"
"20152","02818775",23,0,"1",650,"D",0,"D",650,"D",0,"D",30,"D",.,"A",.,"A",650,"D",60,"D",.,"A",.,"A",.,"A",.,"A"
"20152","02818785",20,0,"1",1950,"D",585,"D",.,"A",260,"D",0,"D",.,"A",.,"A",1365,"D",0,"D",.,"A",.,"A",.,"A",.,"A"
"20152","02818855",38,0,"1",2600,"D",650,"D",130,"D",325,"D",30,"D",.,"A",.,"A",1950,"D",30,"D",.,"A",.,"A",.,"A",.,"A"
"20152","02818885",45,0,"1",1040,"D",130,"D",.,"A",1950,"D",0,"D",.,"A",.,"A",910,"D",0,"D",.,"A",.,"A",.,"A",.,"A"
"20152","02818895",32,0,"1",975,"D",325,"D",260,"D",520,"D",0,"D",.,"A",.,"A",650,"D",120,"D",50,"D",650,"D",.,"A",.,"A"
"20152","02818925",19,0,"1",930,"F",.,"A",.,"A",471,"F",0,"D",.,"A",.,"A",755,"F",0,"D",20,"D",260,"D",.,"A",.,"A"
"20152","02818935",47,0,"1",1430,"D",260,"D",.,"A",104,"D",0,"D",.,"A",.,"A",1170,"D",0,"D",.,"A",.,"A",.,"A",.,"A"
"20152","02818955",18,0,"1",780,"D",130,"D",.,"A",0,"D",0,"D",.,"A",.,"A",650,"D",0,"D",.,"A",.,"A",.,"A",.,"A"
"20152","02819025",46,0,"1",1300,"D",260,"D",.,"A",780,"D",0,"D",.,"A",.,"A",1040,"D",0,"D",.,"A",.,"A",.,"A",.,"A"
"20152","02819065",49,0,"1",2080,"D",130,"D",195,"D",910,"D",0,"D",.,"A",.,"A",1950,"D",192,"D",.,"A",.,"A",.,"A",.,"A"
"20152","02819075",50,0,"1",1950,"D",650,"D",.,"A",455,"D",0,"D",.,"A",.,"A",1300,"D",30,"D",.,"A",.,"A",.,"A",.,"A"
"20152","02819085",23,0,"1",1282,"F",.,"A",.,"A",1950,"D",0,"D",.,"A",.,"A",1089,"F",0,"D",70,"D",910,"D",.,"A",.,"A"
"20152","02819095",46,0,"1",1433,"F",.,"A",.,"A",130,"D",0,"D",.,"A",.,"A",1152,"F",0,"D",100,"D",1300,"D",.,"A",.,"A"
"20152","02819115",51,0,"1",1950,"D",650,"D",.,"A",520,"D",30,"D",.,"A",.,"A",1300,"D",150,"D",.,"A",.,"A",.,"A",.,"A"
"20152","02819165",31,0,"1",2210,"D",260,"D",.,"A",585,"D",0,"D",.,"A",60,"D",1950,"D",120,"D",.,"A",.,"A",.,"A",.,"A"
"20152","02819195",31,0,"1",650,"D",65,"D",.,"A",0,"D",0,"D",.,"A",.,"A",585,"D",60,"D",.,"A",.,"A",.,"A",.,"A"
"20152","02819215",35,0,"1",2340,"D",390,"D",.,"A",260,"D",0,"D",.,"A",.,"A",1950,"D",0,"D",.,"A",.,"A",.,"A",.,"A"
"20152","02819235",48,0,"1",1950,"D",0,"D",1625,"D",520,"D",0,"D",.,"A",.,"A",1950,"D",150,"D",.,"A",.,"A",.,"A",.,"A"
"20152","02819275",44,0,"1",1170,"D",260,"D",260,"D",0,"D",0,"D",.,"A",.,"A",910,"D",0,"D",.,"A",.,"A",.,"A",.,"A"
"20152","02819305",19,0,"1",2600,"D",0,"D",.,"A",1950,"D",0,"D",.,"A",.,"A",2600,"D",330,"D",.,"A",.,"A",.,"A",.,"A"
"20152","02819315",16,0,"1",780,"D",65,"D",.,"A",260,"D",0,"D",428,"F",.,"A",715,"D",60,"D",35,"D",455,"D",.,"A",.,"A"
"20152","02819385",22,0,"1",650,"D",0,"D",.,"A",260,"D",0,"D",.,"A",.,"A",650,"D",0,"D",.,"A",.,"A",.,"A",.,"A"
"20152","02819395",55,0,"1",1300,"D",195,"D",.,"A",65,"D",0,"D",.,"A",.,"A",1105,"D",0,"D",.,"A",.,"A",.,"A",.,"A"
"20152","02819405",19,0,"1",325,"D",195,"D",52,"D",0,"D",0,"D",.,"A",.,"A",130,"D",0,"D",.,"A",.,"A",.,"A",.,"A"
"20152","02819435",41,0,"1",1040,"D",130,"D",.,"A",390,"D",0,"D",.,"A",.,"A",910,"D",90,"D",.,"A",.,"A",.,"A",.,"A"
"20152","02819475",31,0,"1",1950,"D",260,"D",.,"A",1300,"D",0,"D",.,"A",.,"A",1690,"D",0,"D",.,"A",.,"A",.,"A",.,"A"
"20152","02819485",45,0,"1",2600,"D",1040,"D",.,"A",130,"D",75,"D",.,"A",.,"A",1560,"D",240,"D",.,"A",.,"A",.,"A",.,"A"
"20152","02819565",12,0,"1",1625,"D",325,"D",.,"A",0,"D",0,"D",.,"A",.,"A",1300,"D",0,"D",.,"A",.,"A",91,"D",7,"D"
"20152","02819575",19,0,"1",1040,"D",260,"D",260,"D",650,"D",0,"D",.,"A",.,"A",780,"D",120,"D",.,"A",.,"A",.,"A",.,"A"
"20152","02819705",42,0,"1",3250,"D",650,"D",.,"A",130,"D",0,"D",.,"A",.,"A",2600,"D",6,"D",.,"A",.,"A",.,"A",.,"A"
"20152","02819715",46,0,"1",1950,"D",260,"D",.,"A",975,"D",150,"D",.,"A",.,"A",1690,"D",1200,"D",.,"A",.,"A",.,"A",.,"A"
"20152","02819725",47,0,"1",1495,"D",260,"D",390,"D",260,"D",0,"D",.,"A",.,"A",1235,"D",120,"D",.,"A",.,"A",.,"A",.,"A"
"20152","02819745",45,0,"1",1950,"D",390,"D",.,"A",325,"D",0,"D",.,"A",.,"A",1560,"D",75,"D",.,"A",.,"A",.,"A",.,"A"
"20152","02819755",33,0,"1",1950,"D",585,"D",.,"A",1040,"D",0,"D",.,"A",.,"A",1365,"D",0,"D",.,"A",.,"A",.,"A",.,"A"
"20152","02819785",28,0,"1",1690,"D",260,"D",.,"A",390,"D",0,"D",.,"A",.,"A",1430,"D",0,"D",.,"A",.,"A",.,"A",.,"A"
"20152","02819815",32,0,"1",1625,"D",260,"D",.,"A",1300,"D",0,"D",.,"A",.,"A",1365,"D",0,"D",.,"A",.,"A",.,"A",.,"A"
"20152","02819865",75,0,"1",1560,"D",260,"D",.,"A",910,"D",0,"D",.,"A",300,"D",1300,"D",0,"D",.,"A",.,"A",.,"A",.,"A"
"20152","02819875",53,0,"1",975,"D",78,"D",.,"A",195,"D",0,"D",.,"A",.,"A",897,"D",24,"D",.,"A",.,"A",.,"A",.,"A"
"20152","02819895",27,0,"1",780,"D",260,"D",.,"A",0,"D",0,"D",.,"A",.,"A",520,"D",0,"D",.,"A",.,"A",.,"A",.,"A"
"20152","02819965",26,0,"1",910,"D",195,"D",.,"A",130,"D",0,"D",.,"A",.,"A",715,"D",0,"D",5,"D",65,"D",.,"A",.,"A"
"20152","02819975",20,0,"1",2600,"D",650,"D",.,"A",260,"D",0,"D",.,"A",.,"A",1950,"D",0,"D",35,"D",455,"D",.,"A",.,"A"
"20152","02820005",24,0,"1",1170,"D",195,"D",.,"A",130,"D",0,"D",.,"A",.,"A",975,"D",0,"D",.,"A",.,"A",.,"A",.,"A"
"20152","02820025",15,0,"1",975,"D",195,"D",.,"A",0,"D",0,"D",.,"A",.,"A",780,"D",0,"D",.,"A",.,"A",.,"A",.,"A"
"20152","02820065",17,0,"1",1300,"D",260,"D",.,"A",260,"D",15,"D",.,"A",.,"A",1040,"D",0,"D",.,"A",.,"A",.,"A",.,"A"
"20152","02820075",33,0,"1",1950,"D",325,"D",.,"A",260,"D",0,"D",.,"A",.,"A",1625,"D",0,"D",.,"A",.,"A",.,"A",.,"A"
"20152","02820185",18,0,"1",975,"D",130,"D",.,"A",325,"D",0,"D",325,"D",.,"A",845,"D",0,"D",.,"A",.,"A",.,"A",.,"A"
"20152","02820195",12,0,"1",1560,"D",260,"D",.,"A",650,"D",6,"D",.,"A",.,"A",1300,"D",6,"D",.,"A",.,"A",.,"A",.,"A"
"20152","02820215",35,0,"1",1300,"D",130,"D",.,"A",650,"D",0,"D",.,"A",.,"A",1170,"D",0,"D",.,"A",.,"A",.,"A",.,"A"
"20152","02820245",27,0,"1",650,"D",325,"D",.,"A",0,"D",0,"D",.,"A",.,"A",325,"D",0,"D",.,"A",.,"A",.,"A",.,"A"
"20152","02820265",30,0,"1",1560,"D",325,"D",.,"A",650,"D",0,"D",.,"A",.,"A",1235,"D",0,"D",.,"A",.,"A",.,"A",.,"A"
"20152","02820325",31,0,"1",1625,"D",130,"D",.,"A",520,"D",0,"D",.,"A",.,"A",1495,"D",0,"D",.,"A",.,"A",.,"A",.,"A"
"20152","02820335",43,0,"1",650,"D",130,"D",.,"A",1950,"D",0,"D",.,"A",.,"A",520,"D",0,"D",.,"A",.,"A",.,"A",.,"A"
"20152","02820375",33,0,"1",1300,"D",195,"D",.,"A",0,"D",0,"D",.,"A",.,"A",1105,"D",0,"D",.,"A",.,"A",.,"A",.,"A"
"20152","02820395",25,0,"1",1950,"D",375,"F",.,"A",760,"F",113,"F",.,"A",.,"A",1467,"F",107,"F",.,"A",.,"A",.,"A",.,"A"
"20152","02820415",29,0,"1",1300,"D",0,"D",.,"A",325,"D",0,"D",.,"A",.,"A",1300,"D",0,"D",4,"D",52,"D",.,"A",.,"A"
"20152","02820435",66,0,"1",1300,"D",130,"D",.,"A",1300,"D",600,"D",.,"A",.,"A",1170,"D",300,"D",.,"A",.,"A",.,"A",.,"A"
"20152","02820445",66,0,"1",2600,"D",1300,"D",.,"A",1300,"D",0,"D",.,"A",180,"D",1300,"D",90,"D",.,"A",.,"A",.,"A",.,"A"
"20152","02820455",12,0,"1",0,"D",.,"A",.,"A",0,"D",0,"D",.,"A",.,"A",0,"D",0,"D",.,"A",.,"A",.,"A",.,"A"
"20152","02820465",43,0,"1",1040,"D",130,"D",.,"A",780,"D",0,"D",.,"A",390,"D",910,"D",0,"D",.,"A",.,"A",.,"A",.,"A"
"20152","02820575",45,0,"1",910,"D",130,"D",.,"A",156,"D",0,"D",.,"A",.,"A",780,"D",0,"D",.,"A",.,"A",.,"A",.,"A"
"20152","02820595",12,0,"1",780,"D",130,"D",.,"A",0,"D",0,"D",.,"A",.,"A",650,"D",0,"D",.,"A",.,"A",.,"A",.,"A"
"20152","02820655",25,0,"1",1040,"D",260,"D",.,"A",0,"D",30,"D",.,"A",.,"A",780,"D",21,"D",20,"D",260,"D",.,"A",.,"A"
"20152","02820705",26,0,"1",1300,"D",195,"D",.,"A",0,"D",0,"D",.,"A",.,"A",1105,"D",0,"D",28,"D",364,"D",.,"A",.,"A"
"20152","02820775",21,0,"1",1950,"D",130,"D",.,"A",0,"D",0,"D",.,"A",.,"A",1820,"D",0,"D",.,"A",.,"A",.,"A",.,"A"
"20152","02820795",30,0,"1",650,"D",195,"D",.,"A",260,"D",30,"D",.,"A",.,"A",455,"D",6,"D",.,"A",.,"A",.,"A",.,"A"
"20152","02820825",24,0,"1",650,"D",130,"D",.,"A",260,"D",0,"D",.,"A",.,"A",520,"D",0,"D",.,"A",.,"A",.,"A",.,"A"
"20152","02820835",41,0,"1",2210,"D",650,"D",650,"D",650,"D",0,"D",.,"A",48,"D",1560,"D",0,"D",.,"A",.,"A",.,"A",.,"A"
"20152","02820875",57,0,"1",520,"D",130,"D",.,"A",130,"D",0,"D",.,"A",.,"A",390,"D",0,"D",.,"A",.,"A",.,"A",.,"A"
"20152","02820885",43,0,"1",1300,"D",325,"D",.,"A",650,"D",150,"D",.,"A",.,"A",975,"D",60,"D",.,"A",.,"A",.,"A",.,"A"
"20152","02820925",13,0,"1",1560,"D",390,"D",.,"A",390,"D",0,"D",.,"A",.,"A",1170,"D",0,"D",.,"A",.,"A",.,"A",.,"A"
"20152","02820945",11,0,"1",650,"D",130,"D",.,"A",0,"D",0,"D",.,"A",.,"A",520,"D",0,"D",.,"A",.,"A",.,"A",.,"A"
"20152","02820965",34,0,"1",2600,"D",0,"D",.,"A",1300,"D",0,"D",.,"A",.,"A",2600,"D",0,"D",.,"A",.,"A",.,"A",.,"A"
"20152","02820975",16,0,"1",390,"D",130,"D",.,"A",0,"D",0,"D",.,"A",.,"A",260,"D",0,"D",.,"A",.,"A",.,"A",.,"A"
"20152","02820985",31,0,"1",910,"D",292,"F",.,"A",1040,"D",0,"D",.,"A",.,"A",1077,"F",300,"D",.,"A",.,"A",.,"A",.,"A"
"20152","02820995",30,0,"1",3900,"D",390,"D",.,"A",1300,"D",0,"D",.,"A",.,"A",3510,"D",0,"D",.,"A",.,"A",.,"A",.,"A"
"20152","02821055",13,0,"1",845,"D",416,"F",.,"A",325,"D",0,"D",.,"A",.,"A",1810,"F",0,"D",.,"A",.,"A",.,"A",.,"A"
"20152","02821095",17,0,"1",650,"D",26,"D",.,"A",195,"D",0,"D",.,"A",.,"A",624,"D",0,"D",7,"D",91,"D",.,"A",.,"A"
"20152","02821115",46,0,"1",1950,"D",650,"D",.,"A",1690,"D",0,"D",.,"A",.,"A",1300,"D",675,"D",.,"A",.,"A",.,"A",.,"A"
"20152","02821125",33,0,"1",650,"D",65,"D",.,"A",325,"D",0,"D",.,"A",.,"A",585,"D",0,"D",.,"A",.,"A",.,"A",.,"A"
"20152","02821185",39,0,"1",325,"D",39,"D",.,"A",52,"D",0,"D",.,"A",.,"A",286,"D",0,"D",22,"D",286,"D",.,"A",.,"A"
"20152","02821195",29,0,"1",975,"D",104,"D",.,"A",0,"D",0,"D",.,"A",.,"A",871,"D",0,"D",.,"A",.,"A",.,"A",.,"A"
"20152","02821215",31,0,"1",2145,"D",260,"D",.,"A",780,"D",120,"D",.,"A",.,"A",1885,"D",420,"D",.,"A",.,"A",.,"A",.,"A"
"20152","02821275",74,0,"1",1300,"D",650,"D",130,"D",1170,"D",0,"D",.,"A",.,"A",650,"D",0,"D",.,"A",.,"A",.,"A",.,"A"
"20152","02821285",26,0,"1",1040,"D",390,"D",.,"A",65,"D",0,"D",.,"A",.,"A",650,"D",0,"D",.,"A",.,"A",.,"A",.,"A"
"20152","02821415",32,0,"1",1312,"F",.,"A",390,"D",0,"D",0,"D",.,"A",.,"A",1077,"F",30,"D",30,"D",390,"D",.,"A",.,"A"
"20152","02821505",20,0,"1",910,"D",130,"D",.,"A",0,"D",0,"D",.,"A",.,"A",780,"D",0,"D",20,"D",260,"D",.,"A",.,"A"
"20152","02821565",31,0,"1",2275,"D",260,"D",390,"D",975,"D",0,"D",.,"A",.,"A",2015,"D",150,"D",.,"A",.,"A",.,"A",.,"A"
"20152","02821665",46,0,"1",1950,"D",650,"D",.,"A",260,"D",0,"D",.,"A",.,"A",1300,"D",0,"D",.,"A",.,"A",.,"A",.,"A"
"20152","02821815",20,0,"1",1950,"D",195,"D",.,"A",260,"D",0,"D",.,"A",.,"A",1755,"D",0,"D",.,"A",.,"A",.,"A",.,"A"
"20152","02821855",23,0,"1",650,"D",520,"D",65,"D",65,"D",0,"D",.,"A",.,"A",130,"D",0,"D",.,"A",.,"A",.,"A",.,"A"
"20152","02821865",23,0,"1",1040,"D",130,"D",.,"A",325,"D",600,"D",.,"A",.,"A",910,"D",0,"D",.,"A",.,"A",.,"A",.,"A"
"20152","02821915",37,0,"1",390,"D",130,"D",.,"A",65,"D",45,"D",.,"A",.,"A",260,"D",90,"D",.,"A",.,"A",13,"D",1,"D"
"20152","02821955",46,0,"1",1820,"D",650,"D",.,"A",845,"D",75,"D",.,"A",.,"A",1170,"D",180,"D",25,"D",325,"D",.,"A",.,"A"
"20152","02822015",58,0,"1",1300,"D",325,"D",.,"A",520,"D",0,"D",.,"A",.,"A",975,"D",42,"D",50,"D",650,"D",.,"A",.,"A"
"20152","02822025",40,0,"1",1560,"D",260,"D",.,"A",455,"D",0,"D",.,"A",.,"A",1300,"D",0,"D",.,"A",.,"A",.,"A",.,"A"
"20152","02822095",25,0,"1",3250,"D",1625,"D",.,"A",1300,"D",0,"D",.,"A",240,"D",1625,"D",300,"D",.,"B",529,"F",.,"A",.,"A"
"20152","02822105",13,0,"1",1950,"D",260,"D",.,"A",0,"D",0,"D",.,"A",.,"A",1690,"D",0,"D",70,"D",910,"D",.,"A",.,"A"
"20152","02822115",20,0,"1",1625,"D",260,"D",390,"D",910,"D",300,"D",.,"A",.,"A",1365,"D",300,"D",.,"A",.,"A",.,"A",.,"A"
"20152","02822125",43,0,"1",3120,"D",520,"D",.,"A",650,"D",180,"D",.,"A",.,"A",2600,"D",300,"D",.,"A",.,"A",.,"A",.,"A"
"20152","02822155",42,0,"1",2600,"D",975,"D",.,"A",910,"D",0,"D",.,"A",.,"A",1625,"D",0,"D",.,"A",.,"A",.,"A",.,"A"
"20152","02822185",69,0,"1",1105,"D",130,"D",.,"A",1690,"D",0,"D",.,"A",.,"A",975,"D",15,"D",.,"A",.,"A",.,"A",.,"A"
"20152","02822245",20,0,"1",325,"D",0,"D",.,"A",1820,"D",0,"D",.,"A",.,"A",325,"D",0,"D",.,"A",.,"A",.,"A",.,"A"
"20152","02822255",33,0,"1",1950,"D",520,"D",.,"A",650,"D",0,"D",.,"A",.,"A",1430,"D",0,"D",.,"A",.,"A",.,"A",.,"A"
"20152","02822295",82,0,"1",1560,"D",260,"D",.,"A",1950,"D",0,"D",.,"A",.,"A",1300,"D",0,"D",.,"A",.,"A",.,"A",.,"A"
"20152","02822325",32,0,"1",650,"D",390,"D",.,"A",130,"D",150,"D",.,"A",.,"A",260,"D",150,"D",.,"A",.,"A",.,"A",.,"A"
"20152","02822345",50,0,"1",1040,"D",130,"D",.,"A",325,"D",0,"D",.,"A",.,"A",910,"D",132,"D",.,"A",.,"A",.,"A",.,"A"
"20152","02822465",39,0,"1",3900,"D",975,"D",.,"A",1950,"D",0,"D",.,"A",.,"A",2925,"D",0,"D",.,"A",.,"A",.,"A",.,"A"
"20152","02822505",51,0,"1",3250,"D",325,"D",.,"A",1300,"D",0,"D",.,"A",.,"A",2925,"D",0,"D",.,"A",.,"A",.,"A",.,"A"
"20152","02822525",22,0,"1",1430,"D",325,"D",195,"D",260,"D",0,"D",.,"A",.,"A",1105,"D",90,"D",.,"A",.,"A",.,"A",.,"A"
"20152","02822545",56,0,"1",520,"D",91,"D",.,"A",520,"D",150,"D",.,"A",.,"A",429,"D",0,"D",.,"A",.,"A",.,"A",.,"A"
"20152","02822565",12,0,"1",845,"D",65,"D",.,"A",1300,"D",0,"D",.,"A",.,"A",780,"D",0,"D",.,"A",.,"A",.,"A",.,"A"
"20152","02822585",22,0,"1",455,"D",0,"D",.,"A",0,"D",0,"D",.,"A",.,"A",455,"D",0,"D",.,"A",.,"A",.,"A",.,"A"
"20152","02822595",29,0,"1",1300,"D",0,"D",.,"A",650,"D",0,"D",.,"A",.,"A",1300,"D",0,"D",.,"A",.,"A",.,"A",.,"A"
"20152","02822615",33,0,"1",260,"D",0,"D",.,"A",1300,"D",0,"D",.,"A",.,"A",260,"D",105,"D",.,"A",.,"A",.,"A",.,"A"
"20152","02822695",32,0,"1",975,"D",195,"D",.,"A",975,"D",0,"D",.,"A",.,"A",780,"D",0,"D",.,"A",.,"A",.,"A",.,"A"
"20152","02822715",49,0,"1",1170,"D",117,"D",.,"A",169,"D",0,"D",.,"A",.,"A",1053,"D",0,"D",.,"A",.,"A",.,"A",.,"A"
"20152","02822825",36,0,"1",1300,"D",260,"D",65,"D",0,"D",0,"D",.,"A",.,"A",1040,"D",0,"D",.,"A",.,"A",.,"A",.,"A"
"20152","02822845",35,0,"1",845,"D",156,"D",.,"A",130,"D",0,"D",.,"A",.,"A",689,"D",0,"D",.,"A",.,"A",.,"A",.,"A"
"20152","02822855",48,0,"1",2210,"D",0,"D",.,"A",585,"D",0,"D",.,"A",.,"A",2210,"D",0,"D",46,"D",598,"D",.,"A",.,"A"
"20152","02822875",23,0,"1",1300,"D",390,"D",.,"A",195,"D",0,"D",.,"A",.,"A",910,"D",0,"D",.,"A",.,"A",.,"A",.,"A"
"20152","02822885",24,0,"1",2600,"D",650,"D",.,"A",1300,"D",60,"D",.,"A",.,"A",1950,"D",60,"D",.,"A",.,"A",.,"A",.,"A"
"20152","02823075",26,0,"1",1495,"D",455,"D",.,"A",0,"D",0,"D",.,"A",.,"A",1040,"D",0,"D",.,"A",.,"A",.,"A",.,"A"
"20152","02823095",31,0,"1",2080,"D",455,"D",.,"A",0,"D",0,"D",.,"A",.,"A",1625,"D",0,"D",.,"A",.,"A",.,"A",.,"A"
"20152","02823135",23,0,"1",2275,"D",325,"D",455,"D",0,"D",0,"D",.,"A",.,"A",1950,"D",0,"D",.,"A",.,"A",.,"A",.,"A"
"20152","02823155",10,0,"1",5200,"D",3250,"D",1625,"D",1300,"D",175,"F",.,"A",.,"A",1950,"D",168,"F",.,"A",.,"A",.,"A",.,"A"
"20152","02823215",30,0,"1",650,"D",309,"F",.,"A",0,"D",0,"D",.,"A",.,"A",857,"F",0,"D",.,"A",.,"A",.,"A",.,"A"
"20152","02823225",39,0,"1",975,"D",325,"D",.,"A",0,"D",6,"D",.,"A",.,"A",650,"D",6,"D",.,"A",.,"A",.,"A",.,"A"
"20152","02823235",73,0,"1",1300,"D",325,"D",325,"D",780,"D",180,"D",.,"A",.,"A",975,"D",30,"D",.,"A",.,"A",.,"A",.,"A"
"20152","02823245",17,0,"1",325,"D",65,"D",.,"A",130,"D",0,"D",.,"A",.,"A",260,"D",0,"D",.,"A",.,"A",.,"A",.,"A"
"20152","02823265",24,0,"1",780,"D",130,"D",.,"A",390,"D",0,"D",.,"A",.,"A",650,"D",0,"D",20,"D",260,"D",.,"A",.,"A"
"20152","02823355",24,0,"1",1300,"D",130,"D",.,"A",910,"D",150,"D",.,"A",.,"A",1170,"D",150,"D",.,"A",.,"A",.,"A",.,"A"
"20152","02823375",44,0,"1",1300,"D",260,"D",130,"D",910,"D",0,"D",.,"A",220,"D",1040,"D",0,"D",.,"A",.,"A",.,"A",.,"A"
"20152","02823435",47,0,"1",1040,"D",195,"D",.,"A",845,"D",0,"D",.,"A",.,"A",845,"D",90,"D",.,"A",.,"A",.,"A",.,"A"
"20152","02823445",27,0,"1",3900,"D",325,"D",.,"A",1300,"D",0,"D",.,"A",.,"A",3575,"D",0,"D",.,"A",.,"A",.,"A",.,"A"
"20152","02823495",60,0,"1",1560,"D",0,"D",.,"A",325,"D",120,"D",.,"A",.,"A",1560,"D",75,"D",.,"A",.,"A",.,"A",.,"A"
"20152","02823515",18,0,"1",910,"D",195,"D",.,"A",650,"D",0,"D",.,"A",.,"A",715,"D",0,"D",.,"A",.,"A",.,"A",.,"A"
"20152","02823535",41,0,"1",1300,"D",260,"D",.,"A",1300,"D",0,"D",.,"A",.,"A",1040,"D",0,"D",.,"A",.,"A",.,"A",.,"A"
"20152","02823595",26,0,"1",1300,"D",260,"D",.,"A",1300,"D",0,"D",.,"A",.,"A",1040,"D",0,"D",.,"A",.,"A",.,"A",.,"A"
"20152","02823615",29,0,"1",1300,"D",260,"D",.,"A",260,"D",0,"D",.,"A",.,"A",1040,"D",0,"D",.,"A",.,"A",.,"A",.,"A"
"20152","02823645",19,0,"1",975,"D",0,"D",.,"A",650,"D",0,"D",.,"A",.,"A",975,"D",0,"D",.,"A",.,"A",.,"A",.,"A"
"20152","02823695",24,0,"1",5200,"D",2600,"D",.,"A",0,"D",0,"D",.,"A",.,"A",2600,"D",0,"D",.,"A",.,"A",.,"A",.,"A"
"20152","02823735",45,0,"1",2340,"D",390,"D",.,"A",260,"D",0,"D",.,"A",.,"A",1950,"D",60,"D",.,"A",.,"A",.,"A",.,"A"
"20152","02823795",37,0,"1",1560,"D",260,"D",.,"A",130,"D",0,"D",.,"A",.,"A",1300,"D",0,"D",.,"A",.,"A",.,"A",.,"A"
"20152","02823805",79,0,"1",2600,"D",520,"D",.,"A",650,"D",150,"D",.,"A",.,"A",2080,"D",160,"F",.,"A",.,"A",.,"A",.,"A"
"20152","02823825",65,0,"1",1950,"D",0,"D",390,"D",195,"D",0,"D",.,"A",500,"D",1950,"D",0,"D",.,"A",.,"A",.,"A",.,"A"
"20152","02823865",58,0,"1",1950,"D",650,"D",520,"D",650,"D",90,"D",.,"A",.,"A",1300,"D",300,"D",.,"A",.,"A",.,"A",.,"A"
"20152","02823875",26,0,"1",650,"D",65,"D",.,"A",325,"D",0,"D",.,"A",.,"A",585,"D",0,"D",.,"A",.,"A",.,"A",.,"A"
"20152","02823905",24,0,"1",520,"D",65,"D",195,"D",650,"D",0,"D",.,"A",.,"A",455,"D",0,"D",.,"A",.,"A",.,"A",.,"A"
"20152","02823935",23,0,"1",1170,"D",130,"D",.,"A",1300,"D",90,"D",.,"A",.,"A",1040,"D",120,"D",.,"A",.,"A",.,"A",.,"A"
"20152","02823995",45,0,"1",3900,"D",650,"D",260,"D",390,"D",0,"D",.,"A",.,"A",3250,"D",0,"D",.,"A",.,"A",.,"A",.,"A"
"20152","02824005",25,0,"1",78,"D",78,"D",.,"A",0,"D",0,"D",.,"A",.,"A",0,"D",0,"D",18,"D",234,"D",.,"A",.,"A"
"20152","02824015",60,0,"1",1950,"D",390,"D",.,"A",130,"D",0,"D",.,"A",.,"A",1560,"D",0,"D",.,"A",.,"A",.,"A",.,"A"
"20152","02824065",42,0,"1",1300,"D",0,"D",.,"A",975,"D",0,"D",.,"A",.,"A",1300,"D",0,"D",.,"A",.,"A",.,"A",.,"A"
"20152","02824125",38,0,"1",3250,"D",650,"D",.,"A",650,"D",150,"D",.,"A",.,"A",2600,"D",300,"D",.,"A",.,"A",.,"A",.,"A"
"20152","02824135",27,0,"1",1300,"D",130,"D",.,"A",1300,"D",0,"D",.,"A",.,"A",1170,"D",0,"D",.,"A",.,"A",.,"A",.,"A"
"20152","02824165",16,0,"1",3120,"D",520,"D",.,"A",0,"D",0,"D",.,"A",.,"A",2600,"D",0,"D",.,"A",.,"A",.,"A",.,"A"
"20152","02824185",41,0,"1",1536,"F",.,"A",475,"F",800,"F",0,"D",.,"A",.,"A",1244,"F",45,"D",.,"A",.,"A",.,"A",.,"A"
"20152","02824195",19,0,"1",520,"D",260,"D",.,"A",0,"D",0,"D",.,"A",.,"A",260,"D",0,"D",.,"A",.,"A",.,"A",.,"A"
"20152","02824215",28,0,"1",520,"D",130,"D",.,"A",130,"D",0,"D",.,"A",.,"A",390,"D",0,"D",15,"D",195,"D",.,"A",.,"A"
"20152","02824245",126,0,"1",2600,"D",910,"D",.,"A",1950,"D",600,"D",.,"A",.,"A",1690,"D",75,"D",24,"D",312,"D",.,"A",.,"A"
"20152","02824255",25,0,"1",650,"D",65,"D",.,"A",0,"D",0,"D",.,"A",.,"A",585,"D",150,"D",.,"A",.,"A",195,"D",15,"D"
"20152","02824275",30,0,"1",1950,"D",260,"D",.,"A",1300,"D",75,"D",.,"A",.,"A",1690,"D",75,"D",.,"A",.,"A",.,"A",.,"A"
"20152","02824295",60,0,"1",650,"D",130,"D",780,"D",780,"D",0,"D",.,"A",.,"A",520,"D",0,"D",.,"A",.,"A",.,"A",.,"A"
"20152","02824315",27,0,"1",1170,"D",195,"D",260,"D",325,"D",0,"D",.,"A",.,"A",975,"D",45,"D",.,"A",.,"A",.,"A",.,"A"
"20152","02824365",43,0,"1",1300,"D",325,"D",.,"A",650,"D",0,"D",.,"A",.,"A",975,"D",0,"D",.,"A",.,"A",.,"A",.,"A"
"20152","02824395",33,0,"1",572,"D",0,"D",.,"A",364,"D",103,"F",45,"D",.,"A",572,"D",116,"F",.,"A",.,"A",.,"A",.,"A"
"20152","02824435",12,0,"1",1300,"D",260,"D",.,"A",650,"D",0,"D",.,"A",.,"A",1040,"D",0,"D",45,"D",585,"D",.,"A",.,"A"
"20152","02824455",30,0,"1",2080,"D",780,"D",.,"A",2600,"D",6,"D",.,"A",.,"A",1300,"D",6,"D",.,"A",.,"A",.,"A",.,"A"
"20152","02824555",17,0,"1",975,"D",130,"D",.,"A",650,"D",0,"D",.,"A",.,"A",845,"D",60,"D",.,"A",.,"A",.,"A",.,"A"
"20152","02824565",40,0,"1",325,"D",0,"D",.,"A",325,"D",6,"D",.,"A",.,"A",325,"D",6,"D",.,"A",.,"A",.,"A",.,"A"
"20152","02824635",33,0,"1",910,"D",0,"D",.,"A",0,"D",0,"D",.,"A",.,"A",910,"D",120,"D",.,"A",.,"A",.,"A",.,"A"
"20152","02824645",50,0,"1",1625,"D",260,"D",.,"A",195,"D",0,"D",.,"A",.,"A",1365,"D",240,"D",.,"A",.,"A",.,"A",.,"A"
"20152","02824685",38,0,"1",845,"D",0,"D",.,"A",260,"D",0,"D",.,"A",.,"A",845,"D",0,"D",.,"A",.,"A",.,"A",.,"A"
"20152","02824725",88,0,"1",1950,"D",455,"D",.,"A",325,"D",0,"D",.,"A",.,"A",1495,"D",0,"D",.,"A",.,"A",.,"A",.,"A"
"20152","02824775",36,0,"1",1950,"D",260,"D",.,"A",650,"D",60,"D",.,"A",300,"D",1690,"D",180,"D",.,"A",.,"A",.,"A",.,"A"
"20152","02824835",16,0,"1",1950,"D",130,"D",.,"A",130,"D",0,"D",.,"A",.,"A",1820,"D",0,"D",40,"D",520,"D",.,"A",.,"A"
"20152","02824895",27,0,"1",2275,"D",156,"D",.,"A",0,"D",0,"D",.,"A",.,"A",2119,"D",0,"D",.,"A",.,"A",.,"A",.,"A"
"20152","02824915",34,0,"1",2600,"D",538,"F",.,"A",1950,"D",0,"D",.,"A",208,"D",2289,"F",0,"D",.,"C",680,"F",.,"A",.,"A"
"20152","02824925",15,0,"1",1300,"D",325,"D",.,"A",325,"D",0,"D",.,"A",.,"A",975,"D",0,"D",.,"A",.,"A",.,"A",.,"A"
"20152","02824985",10,0,"1",650,"D",130,"D",.,"A",0,"D",0,"D",.,"A",.,"A",520,"D",0,"D",.,"A",.,"A",.,"A",.,"A"
"20152","02825135",17,0,"1",780,"D",0,"D",.,"A",0,"D",0,"D",.,"A",.,"A",780,"D",0,"D",.,"A",.,"A",.,"A",.,"A"
"20152","02825175",35,0,"1",1690,"D",260,"D",.,"A",1040,"D",0,"D",.,"A",.,"A",1430,"D",0,"D",.,"A",.,"A",.,"A",.,"A"
"20152","02825245",35,0,"1",975,"D",455,"D",.,"A",650,"D",150,"D",.,"A",.,"A",520,"D",300,"D",.,"A",.,"A",.,"A",.,"A"
"20152","02825285",13,0,"1",1950,"D",390,"D",.,"A",0,"D",0,"D",.,"A",.,"A",1560,"D",0,"D",42,"D",546,"D",.,"A",.,"A"
"20152","02825295",43,0,"1",1950,"D",260,"D",.,"A",325,"D",0,"D",.,"A",.,"A",1690,"D",0,"D",35,"D",455,"D",.,"A",.,"A"
"20152","02825325",42,0,"1",2275,"D",325,"D",.,"A",1300,"D",0,"D",.,"A",.,"A",1950,"D",0,"D",.,"A",.,"A",.,"A",.,"A"
"20152","02825345",21,0,"1",1950,"D",455,"D",.,"A",325,"D",0,"D",.,"A",.,"A",1495,"D",150,"D",.,"A",.,"A",.,"A",.,"A"
"20152","02836405",25,0,"1",780,"D",186,"F",.,"A",273,"D",6,"D",.,"A",.,"A",642,"F",6,"D",.,"A",.,"A",.,"A",.,"A"
"20152","02836415",33,0,"1",1300,"D",0,"D",.,"A",130,"D",0,"D",.,"A",.,"A",1300,"D",60,"D",.,"A",.,"A",26,"D",2,"D"
"20152","02836575",29,0,"1",1300,"D",260,"D",.,"A",520,"D",0,"D",.,"A",.,"A",1040,"D",0,"D",.,"A",.,"A",.,"A",.,"A"
"20152","02836635",50,0,"1",975,"D",0,"D",520,"D",1625,"D",75,"D",.,"A",.,"A",975,"D",30,"D",.,"A",.,"A",.,"A",.,"A"
"20152","02836645",30,0,"1",1424,"F",.,"A",.,"A",325,"D",0,"D",.,"A",.,"A",1135,"F",0,"D",.,"A",.,"A",.,"A",.,"A"
"20152","02836675",27,0,"1",2600,"D",260,"D",.,"A",650,"D",75,"D",.,"A",.,"A",2340,"D",75,"D",.,"A",.,"A",325,"D",25,"D"
"20152","02836695",11,0,"1",1950,"D",195,"D",.,"A",390,"D",0,"D",.,"A",.,"A",1755,"D",0,"D",.,"A",.,"A",.,"A",.,"A"
"20152","02836735",28,0,"1",3250,"D",390,"D",.,"A",1300,"D",0,"D",.,"A",.,"A",2860,"D",0,"D",.,"A",.,"A",.,"A",.,"A"
"20152","02836765",40,0,"1",1950,"D",650,"D",455,"D",1300,"D",0,"D",.,"A",.,"A",1300,"D",120,"D",.,"A",.,"A",.,"A",.,"A"
"20152","02836825",15,0,"1",2600,"D",260,"D",.,"A",520,"D",0,"D",.,"A",.,"A",2340,"D",0,"D",.,"A",.,"A",.,"A",.,"A"
"20152","02836885",22,0,"1",780,"D",0,"D",520,"D",260,"D",0,"D",.,"A",.,"A",780,"D",60,"D",.,"A",.,"A",.,"A",.,"A"
"20152","02836945",16,0,"1",1950,"D",325,"D",.,"A",1040,"D",6,"D",.,"A",.,"A",1625,"D",6,"D",.,"A",.,"A",.,"A",.,"A"
"20152","02836995",19,0,"1",1772,"F",.,"A",.,"A",760,"F",0,"D",.,"A",.,"A",1467,"F",0,"D",.,"A",.,"A",.,"A",.,"A"
"20152","02837005",19,0,"1",520,"D",52,"D",.,"A",195,"D",0,"D",.,"A",.,"A",468,"D",0,"D",.,"A",.,"A",.,"A",.,"A"
"20152","02837155",30,0,"1",520,"D",104,"D",.,"A",390,"D",15,"D",.,"A",.,"A",416,"D",30,"D",.,"A",.,"A",.,"A",.,"A"
"20152","02837175",33,0,"1",1300,"D",195,"D",.,"A",650,"D",0,"D",.,"A",.,"A",1105,"D",0,"D",.,"A",.,"A",.,"A",.,"A"
"20152","02837215",62,0,"1",1300,"D",195,"D",.,"A",520,"D",0,"D",.,"A",.,"A",1105,"D",0,"D",.,"A",.,"A",.,"A",.,"A"
"20152","02837245",39,0,"1",650,"D",325,"D",.,"A",143,"D",0,"D",.,"A",.,"A",325,"D",0,"D",.,"A",.,"A",.,"A",.,"A"
"20152","02837295",40,0,"1",1040,"D",260,"D",.,"A",0,"D",0,"D",.,"A",.,"A",780,"D",0,"D",.,"A",.,"A",.,"A",.,"A"
"20152","02837355",26,0,"1",1950,"D",260,"D",.,"A",650,"D",0,"D",.,"A",.,"A",1690,"D",0,"D",.,"A",.,"A",.,"A",.,"A"
"20152","02837395",67,0,"1",1950,"D",455,"D",.,"A",3900,"D",600,"D",520,"D",.,"A",1495,"D",120,"D",.,"A",.,"A",.,"A",.,"A"
"20152","02837425",44,0,"1",1950,"D",195,"D",.,"A",195,"D",0,"D",.,"A",45,"D",1755,"D",0,"D",.,"A",.,"A",.,"A",.,"A"
"20152","02837455",48,0,"1",1625,"D",260,"D",.,"A",1300,"D",144,"D",.,"A",.,"A",1365,"D",240,"D",.,"A",.,"A",.,"A",.,"A"
"20152","02837525",42,0,"1",1235,"D",390,"D",.,"A",130,"D",0,"D",.,"A",.,"A",845,"D",24,"D",.,"A",.,"A",.,"A",.,"A"
"20152","02837585",9,0,"1",325,"D",65,"D",.,"A",1300,"D",0,"D",.,"A",.,"A",260,"D",0,"D",.,"A",.,"A",.,"A",.,"A"
"20152","02837595",29,0,"1",1300,"D",377,"D",.,"A",1300,"D",0,"D",.,"A",.,"A",923,"D",0,"D",.,"A",.,"A",.,"A",.,"A"
"20152","02837705",29,0,"1",3250,"D",455,"D",.,"A",0,"D",0,"D",.,"A",.,"A",2795,"D",0,"D",.,"A",.,"A",.,"A",.,"A"
"20152","02837795",43,0,"1",3250,"D",260,"D",.,"A",1950,"D",6,"D",.,"A",.,"A",2990,"D",0,"D",.,"A",.,"A",.,"A",.,"A"
"20152","02837845",36,0,"1",728,"D",39,"D",.,"A",130,"D",0,"D",.,"A",.,"A",689,"D",0,"D",.,"A",.,"A",.,"A",.,"A"
"20152","02837885",32,0,"1",2925,"D",975,"D",.,"A",0,"D",0,"D",.,"A",.,"A",1950,"D",72,"D",.,"A",.,"A",.,"A",.,"A"
"20152","02837925",38,0,"1",897,"D",91,"D",325,"D",650,"D",0,"D",.,"A",.,"A",806,"D",0,"D",.,"A",.,"A",.,"A",.,"A"
"20152","02837935",48,0,"1",845,"D",455,"D",.,"A",390,"D",150,"D",.,"A",.,"A",390,"D",300,"D",.,"A",.,"A",.,"A",.,"A"
"20152","02837975",40,0,"1",1105,"D",490,"F",.,"A",546,"F",0,"D",.,"A",.,"A",1648,"F",0,"D",.,"A",.,"A",189,"F",.,"C"
"20152","02837985",52,0,"1",1950,"D",0,"D",.,"A",975,"D",0,"D",.,"A",.,"A",1950,"D",0,"D",.,"A",.,"A",.,"A",.,"A"
"20152","02838085",27,0,"1",2275,"D",325,"D",.,"A",260,"D",0,"D",.,"A",.,"A",1950,"D",0,"D",40,"D",520,"D",.,"A",.,"A"
"20152","02838165",27,0,"1",1040,"D",260,"D",.,"A",0,"D",0,"D",.,"A",.,"A",780,"D",0,"D",.,"A",.,"A",.,"A",.,"A"
"20152","02838175",42,0,"1",1625,"D",130,"D",.,"A",624,"D",0,"D",.,"A",.,"A",1495,"D",0,"D",.,"A",.,"A",.,"A",.,"A"
"20152","02838245",23,0,"1",975,"D",325,"D",.,"A",390,"D",0,"D",.,"A",.,"A",650,"D",0,"D",.,"A",.,"A",.,"A",.,"A"
"20152","02838255",54,0,"1",4550,"D",1300,"D",.,"A",1040,"D",0,"D",.,"A",.,"A",3250,"D",24,"D",.,"C",680,"F",.,"A",.,"A"
"20152","02838275",34,0,"1",1300,"D",260,"D",.,"A",845,"D",0,"D",.,"A",.,"A",1040,"D",0,"D",.,"A",.,"A",.,"A",.,"A"
"20152","02838285",34,0,"1",1690,"D",325,"D",.,"A",0,"D",0,"D",.,"A",.,"A",1365,"D",0,"D",.,"A",.,"A",.,"A",.,"A"
"20152","02838325",37,0,"1",1950,"D",520,"D",.,"A",0,"D",0,"D",.,"A",.,"A",1430,"D",180,"D",.,"A",.,"A",.,"A",.,"A"
"20152","02838355",38,0,"1",2600,"D",325,"D",.,"A",520,"D",0,"D",.,"A",.,"A",2275,"D",120,"D",.,"A",.,"A",.,"A",.,"A"
"20152","02838365",24,0,"1",1625,"D",325,"D",.,"A",65,"D",0,"D",.,"A",.,"A",1300,"D",0,"D",10,"D",130,"D",.,"A",.,"A"
"20152","02838375",23,0,"1",260,"D",39,"D",52,"D",455,"D",0,"D",.,"A",.,"A",221,"D",0,"D",.,"A",.,"A",.,"A",.,"A"
"20152","02838385",44,0,"1",650,"D",0,"D",.,"A",260,"D",0,"D",.,"A",.,"A",650,"D",0,"D",.,"A",.,"A",.,"A",.,"A"
"20152","02838455",10,0,"1",1300,"D",325,"D",.,"A",260,"D",0,"D",.,"A",.,"A",975,"D",0,"D",30,"D",390,"D",.,"A",.,"A"
"20152","02838475",36,0,"1",1300,"D",130,"D",.,"A",650,"D",0,"D",.,"A",.,"A",1170,"D",0,"D",.,"A",.,"A",.,"A",.,"A"
"20152","02838545",49,0,"1",1950,"D",650,"D",.,"A",975,"D",0,"D",.,"A",.,"A",1300,"D",0,"D",.,"A",.,"A",650,"D",50,"D"
"20152","02838555",33,0,"1",1300,"D",130,"D",.,"A",1300,"D",0,"D",.,"A",.,"A",1170,"D",0,"D",.,"A",.,"A",.,"A",.,"A"
"20152","02838585",28,0,"1",1300,"D",130,"D",.,"A",650,"D",60,"D",.,"A",.,"A",1170,"D",90,"D",.,"A",.,"A",.,"A",.,"A"
"20152","02838625",45,0,"1",1950,"D",780,"D",.,"A",650,"D",0,"D",.,"A",225,"D",1170,"D",0,"D",60,"D",780,"D",.,"A",.,"A"
"20152","02838635",62,0,"1",975,"D",65,"D",.,"A",390,"D",0,"D",.,"A",.,"A",910,"D",60,"D",.,"A",.,"A",.,"A",.,"A"
"20152","02838675",29,0,"1",455,"D",0,"D",.,"A",0,"D",0,"D",.,"A",.,"A",455,"D",0,"D",.,"A",.,"A",.,"A",.,"A"
"20152","02838685",27,0,"1",1950,"D",260,"D",.,"A",2600,"D",0,"D",.,"A",.,"A",1690,"D",45,"D",.,"A",.,"A",.,"A",.,"A"
"20152","02838755",57,0,"1",1300,"D",0,"D",.,"A",520,"D",0,"D",.,"A",.,"A",1300,"D",0,"D",.,"A",.,"A",.,"A",.,"A"
"20152","02838765",21,0,"1",2600,"D",156,"D",.,"A",650,"D",0,"D",.,"A",.,"A",2444,"D",30,"D",50,"D",650,"D",.,"A",.,"A"
"20152","02838825",43,0,"1",1950,"D",650,"D",.,"A",0,"D",0,"D",.,"A",.,"A",1300,"D",0,"D",.,"A",.,"A",.,"A",.,"A"
"20152","02838835",29,0,"1",1430,"D",455,"D",.,"A",650,"D",0,"D",.,"A",.,"A",975,"D",120,"D",.,"A",.,"A",.,"A",.,"A"
"20152","02838845",33,0,"1",520,"D",65,"D",.,"A",0,"D",0,"D",.,"A",.,"A",455,"D",0,"D",15,"D",195,"D",.,"A",.,"A"
"20152","02838855",42,0,"1",780,"D",130,"D",.,"A",260,"D",0,"D",.,"A",.,"A",650,"D",0,"D",.,"A",.,"A",.,"A",.,"A"
"20152","02838895",10,0,"1",650,"D",91,"D",.,"A",65,"D",0,"D",.,"A",.,"A",559,"D",60,"D",.,"A",.,"A",.,"A",.,"A"
"20152","02838905",17,0,"1",1040,"D",52,"D",.,"A",325,"D",6,"D",.,"A",.,"A",988,"D",6,"D",.,"A",.,"A",.,"A",.,"A"
"20152","02838935",30,0,"1",715,"D",186,"F",.,"A",130,"D",0,"D",.,"A",.,"A",642,"F",0,"D",.,"A",.,"A",.,"A",.,"A"
"20152","02838955",38,0,"1",1300,"D",211,"F",.,"A",156,"D",0,"D",.,"A",.,"A",748,"F",0,"D",.,"A",.,"A",.,"A",.,"A"
"20152","02838965",14,0,"1",1625,"D",260,"D",.,"A",1235,"D",225,"D",.,"A",.,"A",1365,"D",450,"D",30,"D",390,"D",.,"A",.,"A"
"20152","02839005",41,0,"1",5200,"D",0,"D",.,"A",910,"D",0,"D",.,"A",.,"A",5200,"D",0,"D",.,"A",.,"A",.,"A",.,"A"
"20152","02839095",49,0,"1",1950,"D",291,"F",.,"A",130,"D",0,"D",.,"A",.,"A",1256,"F",0,"D",10,"D",130,"D",.,"A",.,"A"
"20152","02839135",11,0,"1",650,"D",65,"D",.,"A",0,"D",0,"D",.,"A",.,"A",585,"D",0,"D",.,"A",.,"A",.,"A",.,"A"
"20152","02839215",23,0,"1",930,"F",.,"A",.,"A",471,"F",0,"D",.,"A",.,"A",755,"F",0,"D",.,"A",.,"A",.,"A",.,"A"
"20152","02839255",46,0,"1",1625,"D",520,"D",.,"A",455,"D",0,"D",.,"A",.,"A",1105,"D",0,"D",.,"A",.,"A",.,"A",.,"A"
"20152","02839265",55,0,"1",1950,"D",585,"D",.,"A",975,"D",0,"D",.,"A",.,"A",1365,"D",0,"D",.,"A",.,"A",.,"A",.,"A"
"20152","02839315",48,0,"1",780,"D",130,"D",.,"A",325,"D",0,"D",.,"A",.,"A",650,"D",30,"D",40,"D",520,"D",.,"A",.,"A"
"20152","02839365",22,0,"1",780,"D",214,"F",284,"F",520,"D",160,"F",.,"A",.,"A",783,"F",114,"F",.,"A",.,"A",.,"A",.,"A"
"20152","02839525",45,0,"1",1560,"D",260,"D",.,"A",520,"D",0,"D",.,"A",20,"D",1300,"D",60,"D",20,"D",260,"D",.,"A",.,"A"
"20152","02839545",55,0,"1",975,"D",0,"D",195,"D",520,"D",0,"D",.,"A",.,"A",975,"D",0,"D",.,"A",.,"A",260,"D",20,"D"
"20152","02839585",31,0,"1",2600,"D",520,"D",.,"A",0,"D",0,"D",.,"A",.,"A",2080,"D",0,"D",.,"A",.,"A",.,"A",.,"A"
"20152","02839595",55,0,"1",1300,"D",0,"D",.,"A",780,"D",60,"D",.,"A",.,"A",1300,"D",240,"D",.,"A",.,"A",.,"A",.,"A"
"20152","02839645",23,0,"1",2080,"D",260,"D",260,"D",780,"D",0,"D",.,"A",.,"A",1820,"D",0,"D",.,"A",.,"A",.,"A",.,"A"
"20152","02839655",37,0,"1",975,"D",26,"D",.,"A",1495,"D",0,"D",.,"A",.,"A",949,"D",15,"D",.,"A",.,"A",.,"A",.,"A"
"20152","02839715",17,0,"1",975,"D",260,"D",975,"D",1300,"D",0,"D",.,"A",.,"A",715,"D",0,"D",.,"A",.,"A",.,"A",.,"A"
"20152","02839895",28,0,"1",1300,"D",195,"D",.,"A",520,"D",0,"D",.,"A",.,"A",1105,"D",0,"D",.,"A",.,"A",.,"A",.,"A"
"20152","02840035",8,0,"1",650,"D",228,"F",.,"A",471,"F",0,"D",.,"A",.,"A",755,"F",0,"D",.,"A",.,"A",.,"A",.,"A"
"20152","02840085",21,0,"1",650,"D",260,"D",260,"D",390,"D",0,"D",.,"A",.,"A",390,"D",0,"D",.,"A",.,"A",130,"D",10,"D"
"20152","02840155",10,0,"1",390,"D",65,"D",.,"A",471,"F",158,"F",.,"A",.,"A",325,"D",104,"F",.,"A",.,"A",.,"A",.,"A"
"20152","02840175",42,0,"1",1170,"D",0,"D",.,"A",390,"D",0,"D",.,"A",.,"A",1170,"D",0,"D",.,"A",.,"A",.,"A",.,"A"
"20152","02840205",17,0,"1",650,"D",455,"D",.,"A",0,"D",240,"D",.,"A",.,"A",195,"D",600,"D",.,"A",.,"A",.,"A",.,"A"
"20152","02840255",35,0,"1",650,"D",130,"D",.,"A",260,"D",0,"D",.,"A",.,"A",520,"D",0,"D",.,"A",.,"A",.,"A",.,"A"
"20152","02840275",60,0,"1",1300,"D",325,"D",.,"A",1625,"D",0,"D",.,"A",.,"A",975,"D",75,"D",.,"A",.,"A",.,"A",.,"A"
"20152","02840295",35,0,"1",2600,"D",520,"D",.,"A",260,"D",0,"D",.,"A",.,"A",2080,"D",90,"D",.,"A",.,"A",.,"A",.,"A"
"20152","02840395",36,0,"1",780,"D",130,"D",.,"A",260,"D",0,"D",.,"A",.,"A",650,"D",0,"D",.,"A",.,"A",.,"A",.,"A"
"20152","02840425",18,0,"1",780,"D",65,"D",.,"A",1300,"D",150,"D",.,"A",.,"A",715,"D",0,"D",40,"D",520,"D",.,"A",.,"A"
"20152","02840435",37,0,"1",1950,"D",195,"D",.,"A",975,"D",300,"D",.,"A",.,"A",1755,"D",60,"D",.,"A",.,"A",.,"A",.,"A"
"20152","02840445",17,0,"1",1300,"D",390,"D",.,"A",650,"D",120,"D",.,"A",.,"A",910,"D",60,"D",.,"A",.,"A",.,"A",.,"A"
"20152","02840475",16,0,"1",650,"D",195,"D",.,"A",130,"D",0,"D",.,"A",.,"A",455,"D",0,"D",.,"A",.,"A",.,"A",.,"A"
"20152","02840555",37,0,"1",975,"D",260,"D",.,"A",260,"D",0,"D",.,"A",.,"A",715,"D",60,"D",.,"A",.,"A",.,"A",.,"A"
"20152","02840575",52,0,"1",1300,"D",325,"D",.,"A",650,"D",300,"D",.,"A",.,"A",975,"D",300,"D",10,"D",130,"D",.,"A",.,"A"
"20152","02840595",25,0,"1",780,"D",130,"D",.,"A",520,"D",0,"D",.,"A",.,"A",650,"D",90,"D",35,"D",455,"D",.,"A",.,"A"
"20152","02840645",34,0,"1",910,"D",130,"D",.,"A",130,"D",30,"D",.,"A",.,"A",780,"D",240,"D",.,"A",.,"A",.,"A",.,"A"
"20152","02840695",38,0,"1",2600,"D",130,"D",.,"A",650,"D",0,"D",.,"A",.,"A",2470,"D",0,"D",.,"A",.,"A",.,"A",.,"A"
"20152","02840715",21,0,"1",520,"D",65,"D",.,"A",0,"D",0,"D",.,"A",.,"A",455,"D",0,"D",.,"A",.,"A",.,"A",.,"A"
"20152","02840745",25,0,"1",780,"D",0,"D",.,"A",260,"D",0,"D",.,"A",.,"A",780,"D",60,"D",.,"A",.,"A",.,"A",.,"A"
"20152","02840755",31,0,"1",1625,"D",325,"D",.,"A",1625,"D",0,"D",.,"A",.,"A",1300,"D",0,"D",.,"A",.,"A",.,"A",.,"A"
"20152","02840845",70,0,"1",2600,"D",780,"D",.,"A",780,"D",0,"D",.,"A",.,"A",1820,"D",0,"D",.,"A",.,"A",.,"A",.,"A"
"20152","02840875",35,0,"1",2405,"D",195,"D",.,"A",0,"D",0,"D",.,"A",240,"D",2210,"D",0,"D",.,"A",.,"A",.,"A",.,"A"
"20152","02840895",14,0,"1",650,"D",260,"D",.,"A",0,"D",0,"D",.,"A",.,"A",390,"D",0,"D",.,"A",.,"A",.,"A",.,"A"
"20152","02840925",21,0,"1",1040,"D",195,"D",65,"D",780,"D",0,"D",.,"A",.,"A",845,"D",60,"D",.,"A",.,"A",.,"A",.,"A"
"20152","02840945",30,0,"1",1950,"D",650,"D",.,"A",260,"D",0,"D",.,"A",.,"A",1300,"D",0,"D",.,"A",.,"A",.,"A",.,"A"
"20152","02840985",21,0,"1",1300,"D",130,"D",.,"A",0,"D",0,"D",.,"A",.,"A",1170,"D",0,"D",.,"A",.,"A",.,"A",.,"A"
"20152","02841015",33,0,"1",1105,"D",260,"D",.,"A",325,"D",0,"D",.,"A",.,"A",845,"D",375,"D",35,"D",455,"D",.,"A",.,"A"
"20152","02841025",29,0,"1",3250,"D",390,"D",.,"A",1300,"D",0,"D",.,"A",.,"A",2860,"D",0,"D",.,"A",.,"A",.,"A",.,"A"
"20152","02841075",38,0,"1",780,"D",130,"D",.,"A",0,"D",66,"D",.,"A",.,"A",650,"D",6,"D",.,"A",.,"A",.,"A",.,"A"
"20152","02841085",12,0,"1",650,"D",65,"D",39,"D",130,"D",0,"D",.,"A",.,"A",585,"D",0,"D",.,"A",.,"A",.,"A",.,"A"
"20152","02841095",97,0,"1",1300,"D",260,"D",.,"A",650,"D",105,"D",.,"A",.,"A",1040,"D",180,"D",.,"A",.,"A",.,"A",.,"A"
"20152","02841125",31,0,"1",520,"D",65,"D",.,"A",0,"D",0,"D",.,"A",.,"A",455,"D",0,"D",.,"A",.,"A",.,"A",.,"A"
"20152","02841135",12,0,"1",650,"D",26,"D",.,"A",130,"D",0,"D",.,"A",.,"A",624,"D",0,"D",24,"D",312,"D",.,"A",.,"A"
"20152","02841175",27,0,"1",390,"D",65,"D",.,"A",520,"D",0,"D",.,"A",.,"A",325,"D",0,"D",.,"A",.,"A",.,"A",.,"A"
"20152","02841215",42,0,"1",1300,"D",130,"D",.,"A",195,"D",0,"D",.,"A",.,"A",1170,"D",120,"D",.,"A",.,"A",.,"A",.,"A"
"20152","02841225",11,0,"1",650,"D",0,"D",.,"A",0,"D",0,"D",.,"A",.,"A",650,"D",0,"D",.,"A",.,"A",.,"A",.,"A"
"20152","02841245",43,0,"1",520,"D",65,"D",.,"A",130,"D",0,"D",.,"A",.,"A",455,"D",0,"D",.,"A",.,"A",.,"A",.,"A"
"20152","02841305",30,0,"1",1950,"D",520,"D",.,"A",0,"D",0,"D",.,"A",.,"A",1430,"D",0,"D",.,"A",.,"A",.,"A",.,"A"
"20152","02841325",43,0,"1",1950,"D",260,"D",.,"A",260,"D",0,"D",.,"A",.,"A",1690,"D",120,"D",.,"A",.,"A",.,"A",.,"A"
"20152","02841355",64,0,"1",1170,"D",0,"D",.,"A",520,"D",0,"D",.,"A",.,"A",1170,"D",0,"D",.,"A",.,"A",.,"A",.,"A"
"20152","02841435",18,0,"1",975,"D",130,"D",.,"A",650,"D",60,"D",.,"A",.,"A",845,"D",60,"D",20,"D",260,"D",.,"A",.,"A"
"20152","02841445",24,0,"1",650,"D",65,"D",.,"A",585,"D",0,"D",.,"A",.,"A",585,"D",0,"D",.,"A",.,"A",.,"A",.,"A"
"20152","02841485",58,0,"1",2600,"D",390,"D",.,"A",650,"D",0,"D",.,"A",.,"A",2210,"D",90,"D",.,"A",.,"A",.,"A",.,"A"
"20152","02841495",21,0,"1",650,"D",39,"D",.,"A",0,"D",0,"D",.,"A",.,"A",611,"D",0,"D",.,"A",.,"A",.,"A",.,"A"
"20152","02841525",54,0,"1",1196,"D",169,"D",.,"A",455,"D",0,"D",.,"A",.,"A",1027,"D",186,"D",.,"A",.,"A",.,"A",.,"A"
"20152","02841605",6,0,"1",780,"D",65,"D",.,"A",520,"D",60,"D",.,"A",.,"A",715,"D",120,"D",.,"A",.,"A",.,"A",.,"A"
"20152","02841625",14,0,"1",650,"D",260,"D",.,"A",0,"D",0,"D",.,"A",.,"A",390,"D",0,"D",.,"A",.,"A",.,"A",.,"A"
"20152","02841655",14,0,"1",325,"D",0,"D",.,"A",471,"F",0,"D",.,"A",.,"A",325,"D",150,"D",.,"A",.,"A",.,"A",.,"A"
"20152","02841665",17,0,"1",455,"D",65,"D",.,"A",130,"D",60,"D",.,"A",.,"A",390,"D",45,"D",.,"A",.,"A",.,"A",.,"A"
"20152","02841685",32,0,"1",1560,"D",195,"D",.,"A",390,"D",0,"D",.,"A",.,"A",1365,"D",0,"D",.,"A",.,"A",.,"A",.,"A"
"20152","02841705",41,0,"1",7150,"D",455,"D",195,"D",130,"D",0,"D",.,"A",.,"A",6695,"D",21,"D",.,"A",.,"A",.,"A",.,"A"
"20152","02841725",39,0,"1",2600,"D",520,"D",.,"A",0,"D",60,"D",.,"A",.,"A",2080,"D",90,"D",.,"A",.,"A",.,"A",.,"A"
"20152","02841785",20,0,"1",52,"D",0,"D",.,"A",0,"D",0,"D",.,"A",.,"A",52,"D",0,"D",.,"A",.,"A",.,"A",.,"A"
"20152","02841805",32,0,"1",650,"D",130,"D",.,"A",650,"F",0,"D",.,"A",.,"A",520,"D",150,"D",7,"D",91,"D",.,"A",.,"A"
"20152","02841855",37,0,"1",3250,"D",650,"D",.,"A",1040,"D",0,"D",.,"A",.,"A",2600,"D",0,"D",.,"A",.,"A",.,"A",.,"A"
"20152","02841935",37,0,"1",1300,"D",325,"D",.,"A",390,"D",0,"D",.,"A",.,"A",975,"D",0,"D",.,"A",.,"A",.,"A",.,"A"
"20152","02841955",19,0,"1",1300,"D",260,"D",.,"A",390,"D",0,"D",.,"A",.,"A",1040,"D",300,"D",.,"A",.,"A",156,"D",12,"D"
"20152","02841965",61,0,"1",1326,"D",416,"D",.,"A",702,"D",39,"D",.,"A",.,"A",910,"D",0,"D",.,"A",.,"A",.,"A",.,"A"
"20152","02841995",51,0,"1",1170,"D",130,"D",.,"A",1170,"D",60,"D",.,"A",.,"A",1040,"D",75,"D",21,"D",273,"D",.,"A",.,"A"
"20152","02842045",28,0,"1",910,"D",130,"D",.,"A",390,"D",120,"D",.,"A",.,"A",780,"D",120,"D",140,"D",1820,"D",.,"A",.,"A"
"20152","02842115",16,0,"1",3250,"D",780,"D",.,"A",0,"D",0,"D",.,"A",.,"A",2470,"D",110,"F",.,"C",472,"F",.,"A",.,"A"
"20152","02842185",23,0,"1",780,"D",0,"D",.,"A",65,"D",0,"D",.,"A",.,"A",780,"D",0,"D",.,"A",.,"A",.,"A",.,"A"
"20152","02842255",31,0,"1",650,"D",452,"F",.,"A",501,"F",0,"D",.,"A",.,"A",1846,"F",0,"D",.,"A",.,"A",.,"A",.,"A"
"20152","02842265",24,0,"1",1040,"D",65,"D",.,"A",130,"D",0,"D",.,"A",.,"A",975,"D",0,"D",.,"A",.,"A",.,"A",.,"A"
"20152","02842275",16,0,"1",1625,"D",260,"D",.,"A",1300,"D",300,"D",.,"A",.,"A",1365,"D",300,"D",.,"A",.,"A",.,"A",.,"A"
"20152","02842285",55,0,"1",2873,"D",845,"D",.,"A",1521,"D",0,"D",.,"A",.,"A",2028,"D",9,"D",.,"A",.,"A",.,"A",.,"A"
"20152","02842295",22,0,"1",1950,"D",0,"D",260,"D",1950,"D",300,"D",.,"A",.,"A",1950,"D",900,"D",50,"D",650,"D",.,"A",.,"A"
"20152","02842335",59,0,"1",1950,"D",520,"D",39,"D",208,"D",30,"D",.,"A",.,"A",1430,"D",90,"D",.,"A",.,"A",.,"A",.,"A"
"20152","02842355",15,0,"1",975,"D",104,"D",.,"A",0,"D",0,"D",.,"A",.,"A",871,"D",0,"D",.,"A",.,"A",.,"A",.,"A"
"20152","02842385",25,0,"1",2132,"F",.,"A",.,"A",801,"F",77,"F",.,"A",.,"A",1810,"F",135,"F",.,"A",.,"A",.,"A",.,"A"
"20152","02842405",49,0,"1",2600,"D",520,"D",.,"A",650,"D",0,"D",.,"A",.,"A",2080,"D",300,"D",.,"A",.,"A",.,"A",.,"A"
"20152","02842415",27,0,"1",650,"D",65,"D",.,"A",0,"D",0,"D",.,"A",.,"A",585,"D",0,"D",.,"A",.,"A",.,"A",.,"A"
"20152","02842435",39,0,"1",2600,"D",390,"D",130,"D",650,"D",0,"D",.,"A",.,"A",2210,"D",150,"D",.,"A",.,"A",.,"A",.,"A"
"20152","02842475",14,0,"1",2600,"D",291,"F",.,"A",458,"F",0,"D",.,"A",.,"A",1256,"F",0,"D",.,"A",.,"A",.,"A",.,"A"
"20152","02842495",23,0,"1",2600,"D",520,"D",.,"A",130,"D",0,"D",.,"A",.,"A",2080,"D",0,"D",.,"A",.,"A",.,"A",.,"A"
"20152","02842585",68,0,"1",3900,"D",2340,"D",.,"A",2600,"D",300,"D",.,"A",.,"A",1560,"D",240,"D",.,"A",.,"A",.,"A",.,"A"
"20152","02842605",48,0,"1",520,"D",228,"F",.,"A",2275,"D",0,"D",.,"A",.,"A",755,"F",0,"D",.,"A",.,"A",.,"A",.,"A"
"20152","02842625",34,0,"1",2600,"D",390,"D",.,"A",1300,"D",0,"D",.,"A",.,"A",2210,"D",0,"D",.,"A",.,"A",.,"A",.,"A"
"20152","02842635",53,0,"1",2600,"D",260,"D",390,"D",1300,"D",1500,"D",.,"A",.,"A",2340,"D",60,"D",.,"A",.,"A",130,"D",10,"D"
"20152","02842665",19,0,"1",1560,"D",260,"D",65,"D",780,"D",0,"D",.,"A",.,"A",1300,"D",0,"D",.,"A",.,"A",.,"A",.,"A"
"20152","02842695",21,0,"1",1560,"D",195,"D",.,"A",1300,"D",0,"D",.,"A",.,"A",1365,"D",0,"D",.,"A",.,"A",.,"A",.,"A"
"20152","02842705",26,0,"1",975,"D",0,"D",.,"A",325,"D",0,"D",.,"A",.,"A",975,"D",0,"D",.,"A",.,"A",.,"A",.,"A"
"20152","02842725",30,0,"1",1950,"D",130,"D",.,"A",182,"D",0,"D",.,"A",.,"A",1820,"D",15,"D",.,"A",.,"A",.,"A",.,"A"
"20152","02842735",40,0,"1",650,"D",0,"D",.,"A",650,"D",120,"D",.,"A",.,"A",650,"D",0,"D",.,"A",.,"A",.,"A",.,"A"
"20152","02842795",41,0,"1",1950,"D",260,"D",.,"A",0,"D",0,"D",.,"A",.,"A",1690,"D",12,"D",.,"A",.,"A",.,"A",.,"A"
"20152","02842805",26,0,"1",1755,"D",260,"D",.,"A",0,"D",0,"D",.,"A",.,"A",1495,"D",0,"D",.,"A",.,"A",.,"A",.,"A"
"20152","02842825",22,0,"1",1105,"D",39,"D",.,"A",0,"D",0,"D",.,"A",.,"A",1066,"D",0,"D",.,"A",.,"A",.,"A",.,"A"
"20152","02842845",26,0,"1",1300,"D",130,"D",.,"A",520,"D",0,"D",.,"A",.,"A",1170,"D",0,"D",.,"A",.,"A",.,"A",.,"A"
"20152","02842855",45,0,"1",1625,"D",195,"D",325,"D",390,"D",0,"D",.,"A",.,"A",1430,"D",107,"F",.,"A",.,"A",.,"A",.,"A"
"20152","02842925",24,0,"1",1300,"D",650,"D",260,"D",520,"D",153,"F",.,"A",.,"A",650,"D",60,"D",.,"A",.,"A",.,"A",.,"A"
"20152","02843005",32,0,"1",910,"D",325,"D",.,"A",0,"D",0,"D",.,"A",.,"A",585,"D",0,"D",.,"A",.,"A",.,"A",.,"A"
"20152","02843075",19,0,"1",780,"D",0,"D",.,"A",260,"D",60,"D",.,"A",.,"A",780,"D",90,"D",.,"A",.,"A",.,"A",.,"A"
"20152","02843095",38,0,"1",2925,"D",325,"D",.,"A",1040,"D",0,"D",.,"A",.,"A",2600,"D",0,"D",20,"D",260,"D",195,"D",15,"D"
"20152","02843155",9,0,"1",1625,"D",260,"D",.,"A",650,"D",0,"D",.,"A",.,"A",1365,"D",150,"D",25,"D",325,"D",.,"A",.,"A"
"20152","02843175",17,0,"1",1300,"D",260,"D",.,"A",1300,"D",300,"D",.,"A",.,"A",1040,"D",225,"D",.,"A",.,"A",.,"A",.,"A"
"20152","02843195",17,0,"1",455,"D",0,"D",.,"A",0,"D",0,"D",.,"A",.,"A",455,"D",0,"D",.,"A",.,"A",.,"A",.,"A"
"20152","02843205",53,0,"1",1950,"D",390,"D",260,"D",650,"D",0,"D",.,"A",.,"A",1560,"D",0,"D",.,"A",.,"A",.,"A",.,"A"
"20152","02843265",32,0,"1",1560,"D",390,"D",.,"A",390,"D",0,"D",.,"A",.,"A",1170,"D",0,"D",50,"D",650,"D",78,"D",6,"D"
"20152","02843275",22,0,"1",2132,"F",.,"A",.,"A",801,"F",77,"F",.,"A",.,"A",1810,"F",135,"F",.,"A",.,"A",.,"A",.,"A"
"20152","02843325",26,0,"1",520,"D",0,"D",91,"D",52,"D",0,"D",.,"A",.,"A",520,"D",0,"D",.,"A",.,"A",.,"A",.,"A"
"20152","02843365",42,0,"1",520,"D",260,"D",78,"D",650,"D",0,"D",.,"A",.,"A",260,"D",150,"D",.,"A",.,"A",.,"A",.,"A"
"20152","02843465",50,0,"1",1950,"D",650,"D",.,"A",104,"D",0,"D",.,"A",.,"A",1300,"D",120,"D",25,"D",325,"D",.,"A",.,"A"
"20152","02843615",47,0,"1",1560,"D",390,"D",.,"A",780,"D",75,"D",.,"A",.,"A",1170,"D",0,"D",.,"A",.,"A",.,"A",.,"A"
"20152","02843685",16,0,"1",975,"D",130,"D",.,"A",195,"D",0,"D",.,"A",.,"A",845,"D",0,"D",.,"A",.,"A",.,"A",.,"A"
"20152","02843715",21,0,"1",585,"D",0,"D",.,"A",0,"D",0,"D",.,"A",.,"A",585,"D",36,"D",.,"A",.,"A",.,"A",.,"A"
"20152","02843765",30,0,"1",650,"D",65,"D",.,"A",52,"D",0,"D",.,"A",.,"A",585,"D",0,"D",.,"A",.,"A",.,"A",.,"A"
"20152","02843795",16,0,"1",780,"D",130,"D",.,"A",780,"D",0,"D",.,"A",.,"A",650,"D",0,"D",.,"A",.,"A",.,"A",.,"A"
"20152","02843815",26,0,"1",3237,"D",0,"D",.,"A",65,"D",0,"D",.,"A",.,"A",3237,"D",0,"D",8,"D",104,"D",.,"A",.,"A"
"20152","02843915",26,0,"1",1950,"D",260,"D",.,"A",520,"D",0,"D",.,"A",.,"A",1690,"D",0,"D",.,"A",.,"A",.,"A",.,"A"
"20152","02843925",40,0,"1",1300,"D",195,"D",.,"A",650,"D",0,"D",.,"A",.,"A",1105,"D",375,"D",.,"A",.,"A",.,"A",.,"A"
"20152","02843945",116,0,"1",1300,"D",260,"D",.,"A",221,"D",0,"D",.,"A",.,"A",1040,"D",0,"D",.,"A",.,"A",.,"A",.,"A"
"20152","02844015",28,0,"1",650,"D",0,"D",.,"A",0,"D",0,"D",.,"A",.,"A",650,"D",75,"D",.,"A",.,"A",.,"A",.,"A"
"20152","02844055",17,0,"1",5200,"D",1300,"D",.,"A",2600,"D",0,"D",.,"A",.,"A",3900,"D",0,"D",.,"A",.,"A",.,"A",.,"A"
"20152","02844075",28,0,"1",390,"D",0,"D",.,"A",130,"D",0,"D",.,"A",.,"A",390,"D",0,"D",.,"A",.,"A",.,"A",.,"A"
"20152","02844085",28,0,"1",1950,"D",390,"D",.,"A",780,"D",0,"D",.,"A",.,"A",1560,"D",0,"D",.,"A",.,"A",.,"A",.,"A"
"20152","02844105",36,0,"1",455,"D",65,"D",.,"A",0,"D",0,"D",.,"A",.,"A",390,"D",0,"D",.,"A",.,"A",.,"A",.,"A"
"20152","02844135",33,0,"1",3900,"D",1300,"D",.,"A",975,"D",210,"D",.,"A",.,"A",2600,"D",90,"D",.,"A",.,"A",.,"A",.,"A"
"20152","02844145",35,0,"1",1950,"D",325,"D",.,"A",0,"D",0,"D",.,"A",.,"A",1625,"D",0,"D",100,"D",1300,"D",.,"A",.,"A"
"20152","02844165",35,0,"1",5200,"D",1300,"D",.,"A",650,"D",150,"D",.,"A",.,"A",3900,"D",300,"D",.,"A",.,"A",.,"A",.,"A"
"20152","02844175",25,0,"1",1300,"D",325,"D",.,"A",65,"D",0,"D",.,"A",.,"A",975,"D",0,"D",.,"A",.,"A",.,"A",.,"A"
"20152","02844185",45,0,"1",2600,"D",65,"D",.,"A",2275,"D",0,"D",.,"A",.,"A",2535,"D",0,"D",.,"A",.,"A",.,"A",.,"A"
"20152","02844195",64,0,"1",520,"D",143,"D",.,"A",299,"D",15,"D",.,"A",.,"A",377,"D",45,"D",27,"D",351,"D",.,"A",.,"A"
"20152","02844215",22,0,"1",1300,"D",0,"D",.,"A",650,"D",0,"D",.,"A",.,"A",1300,"D",90,"D",.,"A",.,"A",.,"A",.,"A"
"20152","02844225",21,0,"1",1040,"D",390,"D",130,"D",0,"D",60,"F",.,"A",.,"A",650,"D",79,"F",15,"D",195,"D",.,"A",.,"A"
"20152","02844275",55,0,"1",325,"D",0,"D",.,"A",0,"D",0,"D",.,"A",.,"A",325,"D",0,"D",.,"A",.,"A",.,"A",.,"A"
"20152","02844305",29,0,"1",780,"D",130,"D",.,"A",520,"D",0,"D",.,"A",300,"D",650,"D",0,"D",.,"A",.,"A",.,"A",.,"A"
"20152","02844325",46,0,"1",1820,"D",0,"D",.,"A",780,"D",0,"D",.,"A",.,"A",1820,"D",0,"D",.,"A",.,"A",.,"A",.,"A"
"20152","02844335",52,0,"1",3250,"D",650,"D",260,"D",650,"D",75,"D",.,"A",.,"A",2600,"D",150,"D",.,"A",.,"A",.,"A",.,"A"
"20152","02844345",31,0,"1",2600,"D",195,"D",.,"A",3250,"D",0,"D",.,"A",.,"A",2405,"D",0,"D",.,"A",.,"A",.,"A",.,"A"
"20152","02844355",66,0,"1",1950,"D",650,"D",.,"A",0,"D",0,"D",.,"A",.,"A",1300,"D",0,"D",.,"A",.,"A",.,"A",.,"A"
"20152","02844365",24,0,"1",1040,"D",195,"D",.,"A",0,"D",0,"D",.,"A",.,"A",845,"D",60,"D",.,"A",.,"A",.,"A",.,"A"
"20152","02844375",28,0,"1",975,"D",130,"D",0,"D",195,"D",0,"D",.,"A",.,"A",845,"D",90,"D",.,"A",.,"A",.,"A",.,"A"
"20152","02844385",35,0,"1",1300,"D",260,"D",.,"A",1300,"D",150,"D",.,"A",.,"A",1040,"D",300,"D",40,"D",520,"D",.,"A",.,"A"
"20152","02844395",12,0,"1",1040,"D",130,"D",.,"A",0,"D",0,"D",.,"A",.,"A",910,"D",0,"D",.,"A",.,"A",.,"A",.,"A"
"20152","02844405",47,0,"1",1950,"D",650,"D",.,"A",975,"D",90,"D",.,"A",.,"A",1300,"D",180,"D",.,"A",.,"A",.,"A",.,"A"
"20152","02844455",55,0,"1",1950,"D",260,"D",.,"A",1950,"D",45,"D",.,"A",360,"D",1690,"D",0,"D",50,"D",650,"D",.,"A",.,"A"
"20152","02844575",69,0,"1",1950,"D",0,"D",.,"A",1170,"D",150,"D",.,"A",.,"A",1950,"D",1050,"D",.,"A",.,"A",.,"A",.,"A"
"20152","02844645",35,0,"1",1300,"D",195,"D",.,"A",455,"D",105,"D",20,"D",.,"A",1105,"D",105,"D",.,"A",.,"A",.,"A",.,"A"
"20152","02844655",26,0,"1",1950,"D",195,"D",.,"A",0,"D",0,"D",.,"A",.,"A",1755,"D",0,"D",.,"A",.,"A",.,"A",.,"A"
"20152","02844665",56,0,"1",897,"D",317,"F",.,"A",0,"D",0,"D",.,"A",.,"A",1135,"F",0,"D",.,"A",.,"A",.,"A",.,"A"
"20152","02844675",48,0,"1",2600,"D",260,"D",.,"A",1300,"D",75,"D",.,"A",.,"A",2340,"D",72,"D",.,"A",.,"A",.,"A",.,"A"
"20152","02844695",22,0,"1",1536,"F",.,"A",.,"A",800,"F",175,"F",.,"A",.,"A",1244,"F",168,"F",.,"A",.,"A",.,"A",.,"A"
"20152","02844715",46,0,"1",1300,"D",325,"D",.,"A",455,"D",30,"D",.,"A",.,"A",975,"D",150,"D",.,"A",.,"A",.,"A",.,"A"
"20152","02844735",53,0,"1",1300,"D",0,"D",.,"A",455,"D",0,"D",.,"A",.,"A",1300,"D",0,"D",.,"A",.,"A",.,"A",.,"A"
"20152","02844775",47,0,"1",1950,"D",325,"D",.,"A",325,"D",0,"D",.,"A",15,"D",1625,"D",0,"D",.,"A",.,"A",.,"A",.,"A"
"20152","02844795",36,0,"1",6500,"D",390,"D",.,"A",975,"D",0,"D",.,"A",.,"A",6110,"D",6,"D",70,"D",910,"D",.,"A",.,"A"
"20152","02844825",20,0,"1",650,"D",130,"D",.,"A",520,"D",0,"D",.,"A",.,"A",520,"D",0,"D",7,"D",91,"D",.,"A",.,"A"
"20152","02844845",29,0,"1",2340,"D",130,"D",260,"D",0,"D",0,"D",.,"A",.,"A",2210,"D",0,"D",.,"A",.,"A",.,"A",.,"A"
"20152","02844875",15,0,"1",650,"D",130,"D",.,"A",0,"D",0,"D",.,"A",.,"A",520,"D",0,"D",8,"D",104,"D",.,"A",.,"A"
"20152","02844885",13,0,"1",650,"D",65,"D",.,"A",0,"D",0,"D",.,"A",.,"A",585,"D",0,"D",.,"A",.,"A",.,"A",.,"A"
"20152","02845005",81,0,"1",1950,"D",325,"D",130,"D",520,"D",300,"D",.,"A",.,"A",1625,"D",60,"D",.,"A",.,"A",.,"A",.,"A"
"20152","02845035",40,0,"1",1300,"D",390,"D",.,"A",0,"D",6,"D",.,"A",.,"A",910,"D",6,"D",.,"A",.,"A",.,"A",.,"A"
"20152","02845045",39,0,"1",1300,"D",325,"D",.,"A",0,"D",0,"D",.,"A",.,"A",975,"D",0,"D",.,"A",.,"A",.,"A",.,"A"
"20152","02845055",20,0,"1",780,"D",130,"D",.,"A",1300,"D",0,"D",.,"A",.,"A",650,"D",60,"D",.,"A",.,"A",.,"A",.,"A"
"20152","02845085",17,0,"1",1300,"D",390,"D",.,"A",455,"D",0,"D",.,"A",.,"A",910,"D",120,"D",.,"A",.,"A",.,"A",.,"A"
"20152","02845105",46,0,"1",975,"D",156,"D",.,"A",650,"D",0,"D",.,"A",.,"A",819,"D",0,"D",.,"A",.,"A",.,"A",.,"A"
"20152","02845135",112,0,"1",2028,"D",286,"D",.,"A",975,"D",240,"D",.,"A",.,"A",1742,"D",300,"D",.,"A",.,"A",.,"A",.,"A"
"20152","02845155",25,0,"1",650,"D",65,"D",.,"A",390,"D",0,"D",.,"A",.,"A",585,"D",30,"D",.,"A",.,"A",.,"A",.,"A"
"20152","02845195",42,0,"1",1625,"D",650,"D",.,"A",325,"D",0,"D",.,"A",.,"A",975,"D",0,"D",.,"A",.,"A",.,"A",.,"A"
"20152","02845205",22,0,"1",1690,"D",390,"D",.,"A",1300,"D",0,"D",.,"A",.,"A",1300,"D",0,"D",.,"A",.,"A",.,"A",.,"A"
"20152","02845225",54,0,"1",1625,"D",390,"D",650,"D",520,"D",0,"D",.,"A",.,"A",1235,"D",60,"D",.,"A",.,"A",.,"A",.,"A"
"20152","02845285",27,0,"1",1560,"D",520,"D",.,"A",0,"D",0,"D",.,"A",.,"A",1040,"D",0,"D",.,"A",.,"A",.,"A",.,"A"
"20152","02845305",33,0,"1",845,"D",195,"D",.,"A",0,"D",6,"D",.,"A",.,"A",650,"D",6,"D",.,"A",.,"A",.,"A",.,"A"
"20152","02845325",50,0,"1",2600,"D",390,"D",169,"D",650,"D",0,"D",.,"A",180,"D",2210,"D",150,"D",.,"A",.,"A",.,"A",.,"A"
"20152","02845335",34,0,"1",1950,"D",260,"D",.,"A",520,"D",0,"D",.,"A",338,"D",1690,"D",60,"D",.,"A",.,"A",.,"A",.,"A"
"20152","02845375",49,0,"1",975,"D",195,"D",780,"D",260,"D",0,"D",.,"A",.,"A",780,"D",0,"D",30,"D",390,"D",.,"A",.,"A"
"20152","02845405",28,0,"1",1560,"D",130,"D",.,"A",260,"D",0,"D",.,"A",144,"D",1430,"D",0,"D",.,"A",.,"A",.,"A",.,"A"
"20152","02845425",30,0,"1",1430,"D",130,"D",.,"A",325,"D",0,"D",.,"A",.,"A",1300,"D",0,"D",.,"A",.,"A",.,"A",.,"A"
"20152","02845475",27,0,"1",1300,"D",130,"D",.,"A",312,"D",0,"D",.,"A",.,"A",1170,"D",60,"D",.,"A",.,"A",.,"A",.,"A"
"20152","02845495",62,0,"1",260,"D",130,"D",325,"D",1560,"D",0,"D",.,"A",.,"A",130,"D",0,"D",.,"A",.,"A",.,"A",.,"A"
"20152","02845555",23,0,"1",1950,"D",0,"D",.,"A",975,"D",0,"D",.,"A",.,"A",1950,"D",0,"D",.,"A",.,"A",.,"A",.,"A"
"20152","02845575",67,0,"1",260,"D",65,"D",.,"A",260,"D",75,"D",.,"A",.,"A",195,"D",0,"D",.,"A",.,"A",.,"A",.,"A"
"20152","02845605",51,0,"1",1950,"D",390,"D",.,"A",1300,"D",300,"D",.,"A",.,"A",1560,"D",180,"D",15,"D",195,"D",.,"A",.,"A"
"20152","02845625",31,0,"1",780,"D",130,"D",.,"A",0,"D",0,"D",.,"A",.,"A",650,"D",96,"D",16,"D",208,"D",.,"A",.,"A"
"20152","02845635",29,0,"1",1950,"D",390,"D",314,"F",780,"D",0,"D",.,"A",.,"A",1560,"D",150,"D",.,"A",.,"A",.,"A",.,"A"
"20152","02845645",28,0,"1",780,"D",260,"D",.,"A",0,"D",0,"D",.,"A",.,"A",520,"D",75,"D",.,"A",.,"A",78,"D",6,"D"
"20152","02845655",18,0,"1",585,"D",65,"D",.,"A",0,"D",0,"D",.,"A",.,"A",520,"D",0,"D",.,"A",.,"A",.,"A",.,"A"
"20152","02845675",37,0,"1",1950,"D",130,"D",.,"A",1040,"D",0,"D",.,"A",.,"A",1820,"D",480,"D",.,"A",.,"A",.,"A",.,"A"
"20152","02845735",53,0,"1",2405,"D",598,"D",.,"A",1300,"D",0,"D",.,"A",.,"A",1807,"D",360,"D",.,"A",.,"A",.,"A",.,"A"
"20152","02845765",31,0,"1",975,"D",416,"F",.,"A",801,"F",77,"F",.,"A",.,"A",1810,"F",135,"F",.,"A",.,"A",.,"A",.,"A"
"20152","02845825",8,0,"1",1495,"D",195,"D",.,"A",0,"D",0,"D",.,"A",.,"A",1300,"D",150,"D",20,"D",260,"D",.,"A",.,"A"
"20152","02845875",34,0,"1",650,"D",0,"D",650,"D",520,"D",0,"D",.,"A",.,"A",650,"D",0,"D",15,"D",195,"D",.,"A",.,"A"
"20152","02845965",15,0,"1",260,"D",65,"D",.,"A",0,"D",0,"D",.,"A",.,"A",195,"D",72,"D",.,"A",.,"A",.,"A",.,"A"
"20152","02845995",61,0,"1",1950,"D",520,"D",390,"D",780,"D",0,"D",.,"A",.,"A",1430,"D",0,"D",.,"A",.,"A",.,"A",.,"A"
"20152","02846005",24,0,"1",1300,"D",260,"D",.,"A",260,"D",0,"D",.,"A",.,"A",1040,"D",0,"D",20,"D",260,"D",.,"A",.,"A"
"20152","02846015",46,0,"1",1950,"D",195,"D",91,"D",715,"D",525,"D",.,"A",.,"A",1755,"D",90,"D",.,"A",.,"A",.,"A",.,"A"
"20152","02846055",63,0,"1",1300,"D",0,"D",260,"D",650,"D",60,"D",.,"A",72,"D",1300,"D",0,"D",.,"A",.,"A",.,"A",.,"A"
"20152","02846085",37,0,"1",2275,"D",650,"D",.,"A",650,"D",0,"D",.,"A",.,"A",1625,"D",120,"D",.,"A",.,"A",.,"A",.,"A"
"20152","02846165",34,0,"1",520,"D",65,"D",.,"A",650,"D",75,"D",.,"A",.,"A",455,"D",0,"D",.,"A",.,"A",.,"A",.,"A"
"20152","02846175",32,0,"1",1690,"D",390,"D",.,"A",520,"D",0,"D",.,"A",.,"A",1300,"D",0,"D",.,"A",.,"A",.,"A",.,"A"
"20152","02846255",37,0,"1",1300,"D",260,"D",.,"A",650,"D",60,"D",.,"A",.,"A",1040,"D",150,"D",.,"C",425,"F",.,"A",.,"A"
"20152","02846265",84,0,"1",2275,"D",390,"D",.,"A",520,"D",0,"D",.,"A",.,"A",1885,"D",15,"D",.,"A",.,"A",.,"A",.,"A"
"20152","02846295",45,0,"1",3900,"D",195,"D",.,"A",1950,"D",45,"D",.,"A",.,"A",3705,"D",150,"D",.,"A",.,"A",.,"A",.,"A"
"20152","02846305",46,0,"1",1950,"D",650,"D",.,"A",780,"D",0,"D",.,"A",.,"A",1300,"D",450,"D",15,"D",195,"D",117,"D",9,"D"
"20152","02846335",29,0,"1",1950,"D",325,"D",.,"A",650,"D",0,"D",.,"A",.,"A",1625,"D",360,"D",.,"A",.,"A",.,"A",.,"A"
"20152","02846355",31,0,"1",1300,"D",195,"D",.,"A",325,"D",0,"D",.,"A",.,"A",1105,"D",0,"D",.,"A",.,"A",.,"A",.,"A"
"20152","02846415",47,0,"1",1950,"D",650,"D",.,"A",0,"D",0,"D",.,"A",.,"A",1300,"D",0,"D",.,"A",.,"A",.,"A",.,"A"
"20152","02846455",48,0,"1",3250,"D",0,"D",.,"A",1075,"F",0,"D",.,"A",215,"D",3250,"D",120,"D",.,"A",.,"A",130,"D",10,"D"
"20152","02846475",22,0,"1",325,"D",104,"D",.,"A",4550,"D",0,"D",.,"A",.,"A",221,"D",0,"D",.,"A",.,"A",.,"A",.,"A"
"20152","02846495",44,0,"1",1950,"D",325,"D",390,"D",1300,"D",0,"D",.,"A",240,"D",1625,"D",75,"D",.,"A",.,"A",.,"A",.,"A"
"20152","02846505",15,0,"1",650,"D",0,"D",.,"A",325,"D",0,"D",.,"A",.,"A",650,"D",0,"D",.,"A",.,"A",.,"A",.,"A"
"20152","02846525",34,0,"1",1300,"D",260,"D",.,"A",390,"D",60,"D",.,"A",.,"A",1040,"D",30,"D",.,"A",.,"A",.,"A",.,"A"
"20152","02846545",34,0,"1",1040,"D",104,"D",.,"A",1300,"D",0,"D",.,"A",.,"A",936,"D",0,"D",.,"A",.,"A",.,"A",.,"A"
"20152","02846575",39,0,"1",1820,"D",390,"D",156,"D",1430,"D",165,"D",.,"A",.,"A",1430,"D",240,"D",.,"A",.,"A",.,"A",.,"A"
"20152","02846595",22,0,"1",195,"D",26,"D",780,"D",520,"D",6,"D",.,"A",.,"A",169,"D",6,"D",.,"A",.,"A",.,"A",.,"A"
"20152","02846615",24,0,"1",1950,"D",390,"D",.,"A",260,"D",0,"D",.,"A",.,"A",1560,"D",0,"D",20,"D",260,"D",.,"A",.,"A"
"20152","02846645",52,0,"1",2145,"D",650,"D",.,"A",260,"D",0,"D",.,"A",40,"D",1495,"D",75,"D",.,"A",.,"A",.,"A",.,"A"
"20152","02846685",40,0,"1",1950,"D",0,"D",.,"A",650,"D",0,"D",.,"A",.,"A",1950,"D",0,"D",.,"A",.,"A",.,"A",.,"A"
"20152","02846735",23,0,"1",650,"D",325,"D",130,"D",195,"D",0,"D",.,"A",.,"A",325,"D",45,"D",15,"D",195,"D",.,"A",.,"A"
"20152","02846795",51,0,"1",1950,"D",474,"F",.,"A",260,"D",0,"D",.,"A",240,"D",1805,"F",0,"D",.,"A",.,"A",.,"A",.,"A"
"20152","02846845",16,0,"1",1300,"D",260,"D",.,"A",0,"D",0,"D",.,"A",.,"A",1040,"D",0,"D",.,"A",.,"A",.,"A",.,"A"
"20152","02846895",57,0,"1",3900,"D",390,"D",.,"A",2600,"D",0,"D",.,"A",20,"D",3510,"D",0,"D",.,"A",.,"A",.,"A",.,"A"
"20152","02846905",43,0,"1",1300,"D",319,"F",.,"A",390,"D",0,"D",.,"A",.,"A",1152,"F",180,"D",.,"A",.,"A",.,"A",.,"A"
"20152","02846915",18,0,"1",910,"D",130,"D",.,"A",650,"D",0,"D",.,"A",.,"A",780,"D",0,"D",.,"A",.,"A",.,"A",.,"A"
"20152","02846935",20,0,"1",650,"D",272,"F",.,"A",455,"D",0,"D",.,"A",.,"A",1047,"F",0,"D",.,"A",.,"A",.,"A",.,"A"
"20152","02847015",54,0,"1",7800,"D",650,"D",1300,"D",325,"D",0,"D",.,"A",.,"A",7150,"D",30,"D",.,"A",.,"A",.,"A",.,"A"
"20152","02847095",18,0,"1",1536,"F",.,"A",.,"A",800,"F",175,"F",.,"A",.,"A",1244,"F",168,"F",.,"A",.,"A",.,"A",.,"A"
"20152","02847135",79,0,"1",3055,"D",325,"D",390,"D",325,"D",0,"D",.,"A",240,"D",2730,"D",42,"D",.,"A",.,"A",.,"A",.,"A"
"20152","02847145",26,0,"1",1430,"D",455,"D",.,"A",520,"D",0,"D",.,"A",.,"A",975,"D",0,"D",.,"A",.,"A",.,"A",.,"A"
"20152","02847195",32,0,"1",975,"D",336,"F",.,"A",1300,"D",120,"D",.,"A",.,"A",1244,"F",150,"D",.,"A",.,"A",.,"A",.,"A"
"20152","02847235",13,0,"1",780,"D",195,"D",.,"A",0,"D",0,"D",.,"A",.,"A",585,"D",0,"D",.,"A",.,"A",.,"A",.,"A"
"20152","02847285",23,0,"1",650,"D",0,"D",351,"F",325,"D",0,"D",.,"A",.,"A",650,"D",0,"D",.,"A",.,"A",.,"A",.,"A"
"20152","02867225",42,0,"1",1040,"D",195,"D",1300,"D",4550,"D",1200,"D",.,"A",.,"A",845,"D",300,"D",.,"A",.,"A",.,"A",.,"A"
"20152","02867245",20,0,"1",780,"D",65,"D",.,"A",195,"D",0,"D",.,"A",.,"A",715,"D",0,"D",.,"A",.,"A",.,"A",.,"A"
"20152","02867265",23,0,"1",2080,"D",13,"D",.,"A",650,"D",6,"D",.,"A",.,"A",2067,"D",6,"D",100,"D",1300,"D",.,"A",.,"A"
"20152","02867305",16,0,"1",650,"D",130,"D",.,"A",0,"D",0,"D",.,"A",.,"A",520,"D",0,"D",.,"A",.,"A",.,"A",.,"A"
"20152","02867355",23,0,"1",1300,"D",260,"D",.,"A",520,"D",60,"D",.,"A",.,"A",1040,"D",90,"D",.,"A",.,"A",.,"A",.,"A"
"20152","02867445",12,0,"1",1300,"D",327,"F",.,"A",0,"D",0,"D",.,"A",.,"A",1201,"F",0,"D",.,"A",.,"A",.,"A",.,"A"
"20152","02867485",40,0,"1",1560,"D",260,"D",.,"A",390,"D",0,"D",.,"A",.,"A",1300,"D",12,"D",.,"A",.,"A",.,"A",.,"A"
"20152","02867505",24,0,"1",910,"D",195,"D",.,"A",325,"D",6,"D",.,"A",.,"A",715,"D",6,"D",.,"A",.,"A",.,"A",.,"A"
"20152","02867535",16,0,"1",1430,"D",390,"D",.,"A",520,"D",0,"D",.,"A",.,"A",1040,"D",60,"D",.,"A",.,"A",.,"A",.,"A"
"20152","02867575",80,0,"1",1300,"D",195,"D",.,"A",585,"D",0,"D",.,"A",.,"A",1105,"D",0,"D",15,"D",195,"D",.,"A",.,"A"
"20152","02867605",35,0,"1",1690,"D",260,"D",.,"A",1300,"D",0,"D",.,"A",50,"D",1430,"D",72,"D",.,"A",.,"A",.,"A",.,"A"
"20152","02867625",13,0,"1",780,"D",130,"D",.,"A",0,"D",0,"D",.,"A",.,"A",650,"D",60,"D",40,"D",520,"D",.,"A",.,"A"
"20152","02867645",34,0,"1",2600,"D",260,"D",.,"A",1300,"D",0,"D",.,"A",247,"F",2340,"D",0,"D",.,"A",.,"A",.,"A",.,"A"
"20152","02867665",22,0,"1",260,"D",0,"D",.,"A",520,"D",0,"D",.,"A",.,"A",260,"D",0,"D",.,"A",.,"A",.,"A",.,"A"
"20152","02867695",26,0,"1",1950,"D",325,"D",.,"A",195,"D",0,"D",.,"A",.,"A",1625,"D",0,"D",.,"A",.,"A",.,"A",.,"A"
"20152","02867705",52,0,"1",2600,"D",1300,"D",.,"A",910,"D",90,"D",.,"A",.,"A",1300,"D",15,"D",10,"D",130,"D",.,"A",.,"A"
"20152","02867755",60,0,"1",520,"D",0,"D",.,"A",650,"D",0,"D",.,"A",.,"A",520,"D",0,"D",.,"A",.,"A",.,"A",.,"A"
"20152","02867775",23,0,"1",780,"D",260,"D",.,"A",520,"D",0,"D",.,"A",.,"A",520,"D",0,"D",.,"A",.,"A",.,"A",.,"A"
"20152","02867795",15,0,"1",1300,"D",260,"D",130,"D",0,"D",0,"D",.,"A",.,"A",1040,"D",0,"D",.,"A",.,"A",.,"A",.,"A"
"20152","02867805",25,0,"1",1612,"D",312,"D",.,"A",0,"D",0,"D",.,"A",.,"A",1300,"D",0,"D",.,"A",.,"A",.,"A",.,"A"
"20152","02867825",30,0,"1",2600,"D",260,"D",.,"A",1040,"D",0,"D",.,"A",.,"A",2340,"D",360,"D",.,"A",.,"A",.,"A",.,"A"
"20152","02867845",57,0,"1",2600,"D",520,"D",.,"A",780,"D",120,"D",.,"A",.,"A",2080,"D",210,"D",50,"D",650,"D",.,"A",.,"A"
"20152","02867855",56,0,"1",780,"D",0,"D",.,"A",650,"D",0,"D",.,"A",.,"A",780,"D",0,"D",.,"A",.,"A",.,"A",.,"A"
"20152","02867895",23,0,"1",650,"D",65,"D",.,"A",650,"D",60,"D",.,"A",.,"A",585,"D",60,"D",.,"A",.,"A",.,"A",.,"A"
"20152","02867925",37,0,"1",2600,"D",650,"D",.,"A",390,"D",0,"D",.,"A",200,"D",1950,"D",0,"D",.,"A",.,"A",.,"A",.,"A"
"20152","02867935",71,0,"1",1040,"D",260,"D",.,"A",520,"D",600,"D",.,"A",.,"A",780,"D",0,"D",.,"A",.,"A",.,"A",.,"A"
"20152","02867965",59,0,"1",2639,"D",390,"D",.,"A",286,"D",39,"D",.,"A",.,"A",2249,"D",195,"D",.,"A",.,"A",.,"A",.,"A"
"20152","02867975",27,0,"1",1300,"D",260,"D",.,"A",260,"D",0,"D",.,"A",.,"A",1040,"D",0,"D",.,"A",.,"A",.,"A",.,"A"
"20152","02867985",50,0,"1",1560,"D",195,"D",195,"D",1560,"D",0,"D",.,"A",.,"A",1365,"D",0,"D",.,"A",.,"A",.,"A",.,"A"
"20152","02867995",35,0,"1",650,"D",130,"D",.,"A",195,"D",0,"D",.,"A",.,"A",520,"D",30,"D",.,"A",.,"A",.,"A",.,"A"
"20152","02868035",33,0,"1",1430,"D",130,"D",.,"A",325,"D",0,"D",.,"A",.,"A",1300,"D",0,"D",.,"A",.,"A",.,"A",.,"A"
"20152","02868065",47,0,"1",1950,"D",650,"D",.,"A",390,"D",0,"D",.,"A",.,"A",1300,"D",0,"D",.,"A",.,"A",.,"A",.,"A"
"20152","02868105",23,0,"1",1170,"D",130,"D",.,"A",2600,"D",0,"D",.,"A",.,"A",1040,"D",0,"D",44,"D",572,"D",.,"A",.,"A"
"20152","02868145",30,0,"1",585,"D",195,"D",390,"D",390,"D",0,"D",.,"A",.,"A",390,"D",0,"D",35,"D",455,"D",.,"A",.,"A"
"20152","02868185",36,0,"1",2860,"D",585,"D",.,"A",520,"D",0,"D",.,"A",.,"A",2275,"D",0,"D",120,"D",1560,"D",.,"A",.,"A"
"20152","02868205",27,0,"1",1170,"D",1040,"D",.,"A",650,"D",0,"D",.,"A",.,"A",130,"D",0,"D",.,"A",.,"A",.,"A",.,"A"
"20152","02868325",38,0,"1",3250,"D",520,"D",.,"A",780,"D",0,"D",.,"A",257,"F",2730,"D",300,"D",.,"A",.,"A",.,"A",.,"A"
"20152","02868375",15,0,"1",650,"D",0,"D",.,"A",260,"D",150,"D",.,"A",.,"A",650,"D",150,"D",.,"A",.,"A",.,"A",.,"A"
"20152","02868415",30,0,"1",975,"D",143,"D",260,"D",260,"D",0,"D",.,"A",.,"A",832,"D",0,"D",.,"A",.,"A",.,"A",.,"A"
"20152","02868425",17,0,"1",780,"D",0,"D",.,"A",0,"D",0,"D",.,"A",.,"A",780,"D",0,"D",12,"D",156,"D",.,"A",.,"A"
"20152","02868485",22,0,"1",975,"D",91,"D",.,"A",130,"D",0,"D",.,"A",.,"A",884,"D",0,"D",.,"A",.,"A",.,"A",.,"A"
"20152","02868525",27,0,"1",325,"D",65,"D",.,"A",65,"D",0,"D",.,"A",.,"A",260,"D",0,"D",.,"A",.,"A",.,"A",.,"A"
"20152","02868595",31,0,"1",1950,"D",325,"D",.,"A",520,"D",0,"D",.,"A",.,"A",1625,"D",60,"D",.,"A",.,"A",.,"A",.,"A"
"20152","02868685",57,0,"1",1300,"D",0,"D",.,"A",1300,"D",0,"D",.,"A",.,"A",1300,"D",0,"D",.,"A",.,"A",.,"A",.,"A"
"20152","02868795",35,0,"1",1950,"D",390,"D",.,"A",1300,"D",300,"D",.,"A",.,"A",1560,"D",450,"D",30,"D",390,"D",.,"A",.,"A"
"20152","02868835",72,0,"1",3510,"D",780,"D",195,"D",650,"D",360,"D",.,"A",.,"A",2730,"D",144,"D",.,"A",.,"A",.,"A",.,"A"
"20152","02868845",12,0,"1",910,"D",130,"D",.,"A",130,"D",0,"D",.,"A",.,"A",780,"D",21,"D",.,"A",.,"A",.,"A",.,"A"
"20152","02868885",28,0,"1",1300,"D",0,"D",195,"D",39,"D",0,"D",.,"A",.,"A",1300,"D",0,"D",.,"A",.,"A",.,"A",.,"A"
"20152","02868895",31,0,"1",1300,"D",130,"D",.,"A",1040,"D",0,"D",.,"A",.,"A",1170,"D",0,"D",.,"A",.,"A",.,"A",.,"A"
"20152","02868945",30,0,"1",3900,"D",520,"D",.,"A",2600,"D",150,"D",.,"A",.,"A",3380,"D",150,"D",.,"A",.,"A",.,"A",.,"A"
"20152","02868955",9,0,"1",975,"D",130,"D",.,"A",780,"D",0,"D",.,"A",.,"A",845,"D",0,"D",.,"A",.,"A",.,"A",.,"A"
"20152","02868995",39,0,"1",390,"D",65,"D",130,"D",520,"D",0,"D",.,"A",.,"A",325,"D",90,"D",.,"A",.,"A",.,"A",.,"A"
"20152","02869015",11,0,"1",1950,"D",0,"D",.,"A",0,"D",0,"D",.,"A",.,"A",1950,"D",0,"D",.,"A",.,"A",.,"A",.,"A"
"20152","02869085",27,0,"1",3250,"D",650,"D",260,"D",325,"D",77,"F",.,"A",.,"A",2600,"D",135,"F",.,"C",474,"F",.,"A",.,"A"
"20152","02869125",43,0,"1",910,"D",39,"D",.,"A",1820,"D",113,"F",.,"A",.,"A",871,"D",107,"F",105,"D",1365,"D",.,"A",.,"A"
"20152","02869135",19,0,"1",1560,"D",260,"D",.,"A",910,"D",0,"D",.,"A",.,"A",1300,"D",0,"D",.,"A",.,"A",.,"A",.,"A"
"20152","02869145",15,0,"1",585,"D",0,"D",130,"D",0,"D",0,"D",.,"A",.,"A",585,"D",0,"D",.,"A",.,"A",.,"A",.,"A"
"20152","02869265",78,0,"1",2600,"D",650,"D",650,"D",260,"D",0,"D",.,"A",.,"A",1950,"D",0,"D",.,"A",.,"A",.,"A",.,"A"
"20152","02869285",44,0,"1",1820,"D",390,"D",.,"A",1040,"D",300,"D",189,"D",420,"D",1430,"D",240,"D",42,"D",546,"D",.,"A",.,"A"
"20152","02869295",33,0,"1",1300,"D",260,"D",.,"A",91,"D",0,"D",.,"A",.,"A",1040,"D",0,"D",.,"A",.,"A",.,"A",.,"A"
"20152","02869375",56,0,"1",780,"D",130,"D",130,"D",260,"D",0,"D",.,"A",.,"A",650,"D",0,"D",35,"D",455,"D",.,"A",.,"A"
"20152","02869385",17,0,"1",1690,"D",455,"D",.,"A",1625,"D",240,"D",.,"A",.,"A",1235,"D",225,"D",.,"A",.,"A",.,"A",.,"A"
"20152","02869475",36,0,"1",1300,"D",260,"D",.,"A",260,"D",0,"D",.,"A",.,"A",1040,"D",0,"D",.,"A",.,"A",.,"A",.,"A"
"20152","02869485",56,0,"1",1625,"D",390,"D",130,"D",91,"D",0,"D",.,"A",.,"A",1235,"D",900,"D",9,"D",117,"D",.,"A",.,"A"
"20152","02869545",30,0,"1",1300,"D",195,"D",.,"A",642,"F",147,"F",.,"A",.,"A",1105,"D",0,"D",.,"A",.,"A",.,"A",.,"A"
"20152","02869575",13,0,"1",975,"D",65,"D",.,"A",65,"D",0,"D",.,"A",.,"A",910,"D",0,"D",9,"D",117,"D",.,"A",.,"A"
"20152","02869605",11,0,"1",650,"D",65,"D",.,"A",0,"D",6,"D",.,"A",.,"A",585,"D",6,"D",20,"D",260,"D",.,"A",.,"A"
"20152","02869635",51,0,"1",1300,"D",195,"D",520,"D",130,"D",0,"D",.,"A",.,"A",1105,"D",0,"D",.,"A",.,"A",.,"A",.,"A"
"20152","02869665",12,0,"1",1183,"D",0,"D",195,"D",130,"D",0,"D",.,"A",.,"A",1183,"D",60,"D",.,"A",.,"A",.,"A",.,"A"
"20152","02869685",61,0,"1",2821,"D",538,"F",247,"D",780,"D",0,"D",.,"A",.,"A",2289,"F",198,"F",.,"A",.,"A",.,"A",.,"A"
"20152","02869715",40,0,"1",975,"D",0,"D",.,"A",78,"D",0,"D",.,"A",.,"A",975,"D",0,"D",.,"A",.,"A",78,"D",6,"D"
"20152","02869745",15,0,"1",1625,"D",260,"D",.,"A",650,"D",300,"D",.,"A",.,"A",1365,"D",75,"D",.,"A",.,"A",.,"A",.,"A"
"20152","02869785",48,0,"1",2600,"D",650,"D",.,"A",780,"D",120,"D",.,"A",.,"A",1950,"D",120,"D",.,"A",.,"A",.,"A",.,"A"
"20152","02869815",37,0,"1",1300,"D",325,"D",.,"A",1300,"D",0,"D",.,"A",.,"A",975,"D",0,"D",.,"A",.,"A",26,"D",2,"D"
"20152","02869835",36,0,"1",1625,"D",390,"D",.,"A",130,"D",0,"D",.,"A",.,"A",1235,"D",225,"D",50,"D",650,"D",.,"A",.,"A"
"20152","02869875",46,0,"1",3900,"D",1300,"D",.,"A",390,"D",90,"D",.,"A",.,"A",2600,"D",0,"D",.,"A",.,"A",.,"A",.,"A"
"20152","02869965",24,0,"1",1560,"D",195,"D",.,"A",130,"D",0,"D",.,"A",.,"A",1365,"D",0,"D",25,"D",325,"D",.,"A",.,"A"
"20152","02869975",53,0,"1",650,"D",65,"D",.,"A",0,"D",0,"D",.,"A",.,"A",585,"D",0,"D",.,"A",.,"A",.,"A",.,"A"
"20152","02869995",17,0,"1",1300,"D",130,"D",.,"A",130,"D",0,"D",.,"A",.,"A",1170,"D",0,"D",8,"D",104,"D",.,"A",.,"A"
"20152","02870015",25,0,"1",806,"D",195,"D",.,"A",455,"D",6,"D",.,"A",.,"A",611,"D",6,"D",.,"A",.,"A",.,"A",.,"A"
"20152","02870025",25,0,"1",455,"D",65,"D",260,"D",0,"D",0,"D",.,"A",.,"A",390,"D",0,"D",.,"A",.,"A",.,"A",.,"A"
"20152","02870045",17,0,"1",975,"D",0,"D",.,"A",130,"D",0,"D",.,"A",.,"A",975,"D",0,"D",.,"A",.,"A",.,"A",.,"A"
"20152","02870095",70,0,"1",1625,"D",260,"D",.,"A",3250,"D",360,"D",.,"A",.,"A",1365,"D",240,"D",.,"A",.,"A",.,"A",.,"A"
"20152","02870125",45,0,"1",780,"D",78,"D",.,"A",325,"D",60,"D",.,"A",.,"A",702,"D",0,"D",.,"A",.,"A",.,"A",.,"A"
"20152","02870135",29,0,"1",520,"D",65,"D",.,"A",0,"D",0,"D",.,"A",.,"A",455,"D",45,"D",10,"D",130,"D",.,"A",.,"A"
"20152","02870165",29,0,"1",1625,"D",130,"D",.,"A",650,"D",0,"D",.,"A",.,"A",1495,"D",0,"D",.,"A",.,"A",.,"A",.,"A"
"20152","02870215",29,0,"1",650,"D",0,"D",.,"A",1300,"D",0,"D",.,"A",.,"A",650,"D",0,"D",.,"A",.,"A",.,"A",.,"A"
"20152","02870235",52,0,"1",3250,"D",650,"D",.,"A",975,"D",75,"D",.,"A",167,"F",2600,"D",210,"D",.,"A",.,"A",.,"A",.,"A"
"20152","02870245",63,0,"1",1950,"D",325,"D",.,"A",780,"D",0,"D",.,"A",.,"A",1625,"D",120,"D",.,"A",.,"A",.,"A",.,"A"
"20152","02870265",13,0,"1",910,"D",390,"D",.,"A",0,"D",0,"D",.,"A",.,"A",520,"D",0,"D",.,"A",.,"A",.,"A",.,"A"
"20152","02870315",16,0,"1",325,"D",65,"D",.,"A",260,"D",0,"D",.,"A",.,"A",260,"D",0,"D",.,"A",.,"A",.,"A",.,"A"
"20152","02870335",20,0,"1",1950,"D",195,"D",325,"D",260,"D",0,"D",.,"A",.,"A",1755,"D",0,"D",.,"A",.,"A",.,"A",.,"A"
"20152","02870345",47,0,"1",1950,"D",390,"D",.,"A",325,"D",120,"D",.,"A",.,"A",1560,"D",75,"D",.,"A",.,"A",.,"A",.,"A"
"20152","02870365",44,0,"1",1040,"D",0,"D",325,"D",195,"D",0,"D",.,"A",.,"A",1040,"D",0,"D",15,"D",195,"D",.,"A",.,"A"
"20152","02870375",54,0,"1",1300,"D",130,"D",.,"A",0,"D",0,"D",.,"A",.,"A",1170,"D",600,"D",100,"D",1300,"D",.,"A",.,"A"
"20152","02870415",13,0,"1",1755,"D",325,"D",.,"A",1300,"D",300,"D",.,"A",.,"A",1430,"D",225,"D",.,"A",.,"A",.,"A",.,"A"
"20152","02870435",54,0,"1",2600,"D",390,"D",.,"A",130,"D",90,"D",.,"A",.,"A",2210,"D",210,"D",10,"D",130,"D",.,"A",.,"A"
"20152","02870465",50,0,"1",1300,"D",390,"D",.,"A",650,"D",0,"D",.,"A",.,"A",910,"D",0,"D",.,"A",.,"A",.,"A",.,"A"
"20152","02870555",17,0,"1",650,"D",65,"D",.,"A",650,"D",0,"D",.,"A",.,"A",585,"D",0,"D",.,"A",.,"A",.,"A",.,"A"
"20152","02870625",48,0,"1",7280,"D",780,"D",130,"D",650,"D",0,"D",.,"A",.,"A",6500,"D",0,"D",.,"A",.,"A",.,"A",.,"A"
"20152","02870655",33,0,"1",1300,"D",260,"D",.,"A",0,"D",0,"D",.,"A",.,"A",1040,"D",0,"D",.,"A",.,"A",.,"A",.,"A"
"20152","02870815",15,0,"1",260,"D",130,"D",39,"D",0,"D",0,"D",.,"A",.,"A",130,"D",0,"D",5,"D",65,"D",.,"A",.,"A"
"20152","02870825",27,0,"1",3900,"D",390,"D",.,"A",208,"D",0,"D",.,"A",.,"A",3510,"D",0,"D",16,"D",208,"D",.,"A",.,"A"
"20152","02870875",33,0,"1",1820,"D",260,"D",325,"D",780,"D",0,"D",.,"A",.,"A",1560,"D",0,"D",.,"A",.,"A",.,"A",.,"A"
"20152","02870945",36,0,"1",2600,"D",0,"D",.,"A",325,"D",75,"D",.,"A",.,"A",2600,"D",150,"D",.,"A",.,"A",.,"A",.,"A"
"20152","02870985",15,0,"1",1300,"D",520,"D",260,"D",260,"D",45,"D",.,"A",.,"A",780,"D",45,"D",.,"A",.,"A",.,"A",.,"A"
"20152","02871005",38,0,"1",1300,"D",325,"D",520,"D",390,"D",0,"D",.,"A",.,"A",975,"D",0,"D",.,"A",.,"A",.,"A",.,"A"
"20152","02871025",47,0,"1",2145,"D",0,"D",.,"A",1300,"D",0,"D",.,"A",.,"A",2145,"D",0,"D",.,"A",.,"A",.,"A",.,"A"
"20152","02871075",67,0,"1",3575,"D",1625,"D",.,"A",650,"D",120,"D",.,"A",.,"A",1950,"D",150,"D",.,"A",.,"A",.,"A",.,"A"
"20152","02871095",25,0,"1",2730,"D",260,"D",.,"A",1300,"D",0,"D",.,"A",.,"A",2470,"D",0,"D",.,"A",.,"A",.,"A",.,"A"
"20152","02871115",30,0,"1",910,"D",130,"D",.,"A",455,"D",90,"D",.,"A",.,"A",780,"D",90,"D",.,"A",.,"A",.,"A",.,"A"
"20152","02871125",79,0,"1",2210,"D",338,"D",.,"A",2210,"D",336,"D",.,"A",.,"A",1872,"D",255,"D",.,"A",.,"A",.,"A",.,"A"
"20152","02871155",32,0,"1",1560,"D",260,"D",.,"A",699,"F",129,"F",.,"A",.,"A",1300,"D",104,"F",.,"A",.,"A",.,"A",.,"A"
"20152","02871205",23,0,"1",1040,"D",520,"D",.,"A",325,"D",0,"D",.,"A",.,"A",520,"D",0,"D",.,"C",529,"F",.,"A",.,"A"
"20152","02871215",15,0,"1",1950,"D",336,"F",.,"A",800,"F",175,"F",.,"A",.,"A",1244,"F",168,"F",.,"A",.,"A",.,"A",.,"A"
"20152","02871225",41,0,"1",975,"D",260,"D",650,"D",390,"D",0,"D",.,"A",70,"D",715,"D",0,"D",.,"A",.,"A",.,"A",.,"A"
"20152","02871235",28,0,"1",1300,"D",0,"D",.,"A",1300,"D",300,"D",.,"A",.,"A",1300,"D",150,"D",.,"A",.,"A",.,"A",.,"A"
"20152","02871315",21,0,"1",910,"D",195,"D",.,"A",0,"D",0,"D",.,"A",.,"A",715,"D",75,"D",.,"A",.,"A",.,"A",.,"A"
"20152","02871325",40,0,"1",1300,"D",260,"D",.,"A",650,"D",0,"D",.,"A",.,"A",1040,"D",60,"D",.,"A",.,"A",.,"A",.,"A"
"20152","02871375",17,0,"1",910,"D",130,"D",.,"A",780,"D",120,"D",246,"F",.,"A",780,"D",75,"D",.,"A",.,"A",.,"A",.,"A"
"20152","02871415",47,0,"1",1950,"D",325,"D",.,"A",650,"D",0,"D",.,"A",.,"A",1625,"D",150,"D",.,"A",.,"A",.,"A",.,"A"
"20152","02871425",11,0,"1",910,"D",130,"D",.,"A",260,"D",0,"D",.,"A",.,"A",780,"D",0,"D",.,"A",.,"A",.,"A",.,"A"
"20152","02871435",18,0,"1",1950,"D",650,"D",.,"A",650,"D",0,"D",.,"A",.,"A",1300,"D",150,"D",30,"D",390,"D",.,"A",.,"A"
"20152","02871465",35,0,"1",1755,"D",390,"D",.,"A",1430,"D",0,"D",.,"A",.,"A",1365,"D",0,"D",.,"A",.,"A",.,"A",.,"A"
"20152","02871495",31,0,"1",2600,"D",390,"D",.,"A",0,"D",175,"F",.,"A",.,"A",2210,"D",300,"D",.,"A",.,"A",.,"A",.,"A"
"20152","02871535",21,0,"1",910,"D",195,"D",.,"A",3250,"D",0,"D",.,"A",.,"A",715,"D",75,"D",.,"A",.,"A",.,"A",.,"A"
"20152","02871565",46,0,"1",1950,"D",650,"D",.,"A",182,"D",0,"D",.,"A",.,"A",1300,"D",0,"D",.,"A",.,"A",.,"A",.,"A"
"20152","02871615",28,0,"1",1950,"D",195,"D",.,"A",1300,"D",0,"D",.,"A",.,"A",1755,"D",45,"D",.,"A",.,"A",.,"A",.,"A"
"20152","02871775",67,0,"1",1625,"D",538,"F",.,"A",325,"D",0,"D",.,"A",.,"A",2289,"F",0,"D",.,"A",.,"A",.,"A",.,"A"
"20152","02871815",52,0,"1",494,"D",52,"D",234,"D",143,"D",0,"D",.,"A",.,"A",442,"D",15,"D",.,"A",.,"A",.,"A",.,"A"
"20152","02871865",29,0,"1",585,"D",13,"D",.,"A",13,"D",90,"D",.,"A",.,"A",572,"D",75,"D",.,"A",.,"A",.,"A",.,"A"
"20152","02871895",29,0,"1",1300,"D",390,"D",.,"A",390,"D",0,"D",.,"A",.,"A",910,"D",0,"D",.,"A",.,"A",.,"A",.,"A"
"20152","02871995",102,0,"1",4225,"D",1235,"D",.,"A",520,"D",75,"D",.,"A",.,"A",2990,"D",600,"D",.,"A",.,"A",.,"A",.,"A"
"20152","02872025",20,0,"1",910,"D",0,"D",.,"A",325,"D",0,"D",.,"A",.,"A",910,"D",0,"D",.,"A",.,"A",.,"A",.,"A"
"20152","02872165",88,0,"1",1560,"D",325,"D",.,"A",975,"D",30,"D",.,"A",.,"A",1235,"D",0,"D",.,"A",.,"A",.,"A",.,"A"
"20152","02872175",23,0,"1",1495,"D",130,"D",390,"D",650,"D",0,"D",.,"A",.,"A",1365,"D",300,"D",40,"D",520,"D",.,"A",.,"A"
"20152","02872205",29,0,"1",975,"D",65,"D",.,"A",260,"D",15,"D",.,"A",.,"A",910,"D",30,"D",.,"A",.,"A",.,"A",.,"A"
"20152","02872255",42,0,"1",1625,"D",195,"D",.,"A",390,"D",0,"D",.,"A",.,"A",1430,"D",150,"D",.,"A",.,"A",.,"A",.,"A"
"20152","02872345",78,0,"1",2600,"D",650,"D",.,"A",520,"D",45,"D",.,"A",.,"A",1950,"D",60,"D",.,"A",.,"A",.,"A",.,"A"
"20152","02872365",42,0,"1",2600,"D",0,"D",.,"A",3900,"D",0,"D",.,"A",.,"A",2600,"D",0,"D",.,"A",.,"A",.,"A",.,"A"
"20152","02872405",79,0,"1",2600,"D",390,"D",.,"A",520,"D",0,"D",.,"A",.,"A",2210,"D",0,"D",.,"A",.,"A",.,"A",.,"A"
"20152","02872425",13,0,"1",650,"D",195,"D",.,"A",0,"D",0,"D",.,"A",.,"A",455,"D",0,"D",15,"D",195,"D",.,"A",.,"A"
"20152","02872455",31,0,"1",2600,"D",650,"D",.,"A",390,"D",45,"D",.,"A",.,"A",1950,"D",60,"D",.,"A",.,"A",.,"A",.,"A"
"20152","02872535",49,0,"1",2275,"D",0,"D",.,"A",1950,"D",0,"D",.,"A",.,"A",2275,"D",0,"D",.,"A",.,"A",.,"A",.,"A"
"20152","02872615",36,0,"1",1300,"D",130,"D",.,"A",260,"D",90,"D",.,"A",.,"A",1170,"D",90,"D",.,"A",.,"A",.,"A",.,"A"
"20152","02872655",19,0,"1",1625,"D",0,"D",.,"A",585,"D",0,"D",.,"A",.,"A",1625,"D",0,"D",.,"A",.,"A",.,"A",.,"A"
"20152","02872715",30,0,"1",364,"D",65,"D",.,"A",1170,"D",165,"D",.,"A",.,"A",299,"D",0,"D",.,"A",.,"A",.,"A",.,"A"
"20152","02872745",42,0,"1",650,"D",260,"D",.,"A",0,"D",24,"D",.,"A",.,"A",390,"D",30,"D",.,"A",.,"A",.,"A",.,"A"
"20152","02872785",8,0,"1",650,"D",0,"D",.,"A",156,"D",6,"D",.,"A",.,"A",650,"D",6,"D",.,"A",.,"A",.,"A",.,"A"
"20152","02872805",37,0,"1",975,"D",130,"D",.,"A",195,"D",0,"D",.,"A",.,"A",845,"D",0,"D",.,"A",.,"A",.,"A",.,"A"
"20152","02872865",23,0,"1",910,"D",65,"D",.,"A",0,"D",0,"D",.,"A",.,"A",845,"D",0,"D",10,"D",130,"D",.,"A",.,"A"
"20152","02872925",41,0,"1",1950,"D",130,"D",.,"A",143,"D",0,"D",.,"A",.,"A",1820,"D",150,"D",.,"A",.,"A",.,"A",.,"A"
"20152","02872935",35,0,"1",975,"D",481,"D",.,"A",130,"D",0,"D",.,"A",.,"A",494,"D",150,"D",.,"A",.,"A",.,"A",.,"A"
"20152","02872995",58,0,"1",2080,"D",650,"D",.,"A",715,"D",0,"D",.,"A",179,"D",1430,"D",90,"D",.,"A",.,"A",.,"A",.,"A"
"20152","02873035",16,0,"1",2080,"D",195,"D",.,"A",0,"D",0,"D",.,"A",.,"A",1885,"D",0,"D",12,"D",156,"D",78,"D",6,"D"
"20152","02873045",33,0,"1",2210,"D",520,"D",.,"A",520,"D",0,"D",.,"A",100,"D",1690,"D",0,"D",.,"A",.,"A",.,"A",.,"A"
"20152","02873075",26,0,"1",1300,"D",260,"D",.,"A",325,"D",0,"D",.,"A",.,"A",1040,"D",0,"D",.,"A",.,"A",.,"A",.,"A"
"20152","02873085",75,0,"1",780,"D",65,"D",.,"A",130,"D",0,"D",.,"A",.,"A",715,"D",0,"D",.,"C",469,"F",.,"A",.,"A"
"20152","02873135",30,0,"1",1950,"D",520,"D",.,"A",0,"D",0,"D",.,"A",.,"A",1430,"D",60,"D",.,"A",.,"A",.,"A",.,"A"
"20152","02873215",10,0,"1",650,"D",0,"D",.,"A",65,"D",0,"D",.,"A",.,"A",650,"D",0,"D",.,"A",.,"A",.,"A",.,"A"
"20152","02873245",15,0,"1",1625,"D",195,"D",.,"A",650,"D",0,"D",.,"A",.,"A",1430,"D",0,"D",70,"D",910,"D",.,"A",.,"A"
"20152","02873275",54,0,"1",4550,"D",585,"D",.,"A",650,"D",0,"D",.,"A",.,"A",3965,"D",300,"D",.,"A",.,"A",.,"A",.,"A"
"20152","02873285",28,0,"1",650,"D",0,"D",156,"D",130,"D",0,"D",.,"A",.,"A",650,"D",0,"D",20,"D",260,"D",.,"A",.,"A"
"20152","02873365",41,0,"1",1934,"F",.,"A",.,"A",650,"D",0,"D",.,"A",.,"A",1513,"F",0,"D",.,"A",.,"A",.,"A",.,"A"
"20152","02873405",58,0,"1",975,"D",325,"D",195,"D",455,"D",180,"D",.,"A",.,"A",650,"D",0,"D",.,"A",.,"A",.,"A",.,"A"
"20152","02873455",63,0,"1",3900,"D",260,"D",1300,"D",1300,"D",6,"D",.,"A",.,"A",3640,"D",6,"D",.,"A",.,"A",.,"A",.,"A"
"20152","02873465",32,0,"1",2600,"D",1300,"D",.,"A",1040,"D",0,"D",.,"A",.,"A",1300,"D",0,"D",.,"C",472,"F",.,"A",.,"A"
"20152","02873545",26,0,"1",975,"D",211,"F",.,"A",0,"D",0,"D",.,"A",.,"A",748,"F",0,"D",.,"A",.,"A",.,"A",.,"A"
"20152","02873585",40,0,"1",5200,"D",1300,"D",.,"A",1300,"D",180,"D",.,"A",.,"A",3900,"D",120,"D",.,"A",.,"A",.,"A",.,"A"
"20152","02873615",45,0,"1",1517,"F",.,"A",.,"A",780,"D",0,"D",.,"A",.,"A",1256,"F",0,"D",.,"A",.,"A",.,"A",.,"A"
"20152","02873645",93,0,"1",650,"D",130,"D",.,"A",1560,"D",0,"D",.,"A",.,"A",520,"D",60,"D",.,"A",.,"A",.,"A",.,"A"
"20152","02873665",40,0,"1",4355,"D",520,"D",.,"A",1495,"D",60,"D",.,"A",.,"A",3835,"D",30,"D",.,"A",.,"A",.,"A",.,"A"
"20152","02873705",46,0,"1",2860,"D",390,"D",390,"D",650,"D",0,"D",.,"A",.,"A",2470,"D",120,"D",.,"A",.,"A",.,"A",.,"A"
"20152","02873735",47,0,"1",1820,"D",260,"D",.,"A",1300,"D",0,"D",.,"A",120,"D",1560,"D",0,"D",.,"A",.,"A",.,"A",.,"A"
"20152","02873755",43,0,"1",780,"D",130,"D",.,"A",260,"D",0,"D",.,"A",.,"A",650,"D",60,"D",.,"A",.,"A",.,"A",.,"A"
"20152","02873765",22,0,"1",1820,"D",260,"D",260,"D",260,"D",0,"D",.,"A",180,"D",1560,"D",30,"D",.,"A",.,"A",.,"A",.,"A"
"20152","02873795",43,0,"1",2600,"D",650,"D",.,"A",260,"D",0,"D",.,"A",.,"A",1950,"D",24,"D",.,"A",.,"A",.,"A",.,"A"
"20152","02873805",56,0,"1",1300,"D",0,"D",.,"A",601,"F",153,"F",.,"A",.,"A",1300,"D",136,"F",.,"A",.,"A",.,"A",.,"A"
"20152","02873825",38,0,"1",2600,"D",650,"D",325,"D",0,"D",0,"D",.,"A",.,"A",1950,"D",0,"D",50,"D",650,"D",.,"A",.,"A"
"20152","02873895",56,0,"1",1690,"D",390,"D",.,"A",520,"D",0,"D",.,"A",.,"A",1300,"D",0,"D",.,"A",.,"A",.,"A",.,"A"
"20152","02873915",28,0,"1",1690,"D",195,"D",.,"A",650,"D",0,"D",.,"A",.,"A",1495,"D",0,"D",.,"A",.,"A",.,"A",.,"A"
"20152","02874015",126,0,"1",1963,"D",439,"F",.,"A",5603,"D",630,"D",.,"A",.,"A",1654,"F",18,"D",.,"A",.,"A",.,"A",.,"A"
"20152","02874045",13,0,"1",1300,"D",0,"D",.,"A",0,"D",0,"D",.,"A",.,"A",1300,"D",0,"D",20,"D",260,"D",.,"A",.,"A"
"20152","02874065",63,0,"1",2600,"D",520,"D",.,"A",52,"D",0,"D",.,"A",.,"A",2080,"D",0,"D",.,"A",.,"A",.,"A",.,"A"
"20152","02874175",33,0,"1",2600,"D",195,"D",.,"A",260,"D",0,"D",.,"A",.,"A",2405,"D",0,"D",.,"A",.,"A",.,"A",.,"A"
"20152","02874195",42,0,"1",1950,"D",0,"D",.,"A",520,"D",0,"D",.,"A",.,"A",1950,"D",120,"D",.,"A",.,"A",.,"A",.,"A"
"20152","02874265",38,0,"1",1950,"D",390,"D",65,"D",325,"D",114,"D",.,"A",264,"D",1560,"D",0,"D",.,"A",.,"A",.,"A",.,"A"
"20152","02874365",21,0,"1",650,"D",130,"D",.,"A",260,"D",0,"D",.,"A",.,"A",520,"D",0,"D",.,"A",.,"A",.,"A",.,"A"
"20152","02874435",32,0,"1",1950,"D",1040,"D",.,"A",390,"D",0,"D",.,"A",.,"A",910,"D",0,"D",.,"A",.,"A",.,"A",.,"A"
"20152","02874445",52,0,"1",3250,"D",650,"D",.,"A",520,"D",0,"D",.,"A",.,"A",2600,"D",150,"D",.,"A",.,"A",.,"A",.,"A"
"20152","02874455",82,0,"1",2275,"D",325,"D",390,"D",520,"D",60,"D",.,"A",.,"A",1950,"D",450,"D",.,"A",.,"A",325,"D",25,"D"
"20152","02874525",48,0,"1",1950,"D",520,"D",.,"A",520,"D",6,"D",.,"A",.,"A",1430,"D",0,"D",.,"A",.,"A",.,"A",.,"A"
"20152","02874565",9,0,"1",1300,"D",195,"D",.,"A",0,"D",0,"D",.,"A",.,"A",1105,"D",0,"D",.,"A",.,"A",.,"A",.,"A"
"20152","02874615",41,0,"1",2080,"D",780,"D",.,"A",390,"D",0,"D",.,"A",.,"A",1300,"D",60,"D",15,"D",195,"D",.,"A",.,"A"
"20152","02874635",25,0,"1",910,"D",65,"D",.,"A",0,"D",0,"D",.,"A",.,"A",845,"D",45,"D",3,"D",39,"D",.,"A",.,"A"
"20152","02874655",79,0,"1",4550,"D",650,"D",650,"D",325,"D",0,"D",.,"A",.,"A",3900,"D",0,"D",.,"A",.,"A",.,"A",.,"A"
"20152","02874665",21,0,"1",1950,"D",325,"D",.,"A",650,"D",0,"D",.,"A",.,"A",1625,"D",6,"D",.,"A",.,"A",.,"A",.,"A"
"20152","02874705",54,0,"1",2600,"D",650,"D",.,"A",1300,"D",300,"D",.,"A",.,"A",1950,"D",1200,"D",.,"A",.,"A",.,"A",.,"A"
"20152","02874785",52,0,"1",3250,"D",130,"D",.,"A",780,"D",0,"D",.,"A",.,"A",3120,"D",300,"D",.,"A",.,"A",.,"A",.,"A"
"20152","02874815",42,0,"1",1300,"D",325,"D",650,"D",325,"D",30,"D",.,"A",.,"A",975,"D",180,"D",.,"A",.,"A",.,"A",.,"A"
"20152","02874845",28,0,"1",1300,"D",390,"D",.,"A",0,"D",0,"D",.,"A",.,"A",910,"D",90,"D",.,"A",.,"A",.,"A",.,"A"
"20152","02874915",30,0,"1",1625,"D",195,"D",.,"A",390,"D",0,"D",.,"A",.,"A",1430,"D",60,"D",.,"A",.,"A",.,"A",.,"A"
"20152","02875005",26,0,"1",650,"D",130,"D",.,"A",390,"D",60,"D",.,"A",.,"A",520,"D",60,"D",.,"A",.,"A",.,"A",.,"A"
"20152","02875015",21,0,"1",1300,"D",390,"D",.,"A",0,"D",0,"D",.,"A",.,"A",910,"D",0,"D",.,"A",.,"A",.,"A",.,"A"
"20152","02875025",66,0,"1",3250,"D",650,"D",.,"A",1950,"D",300,"D",.,"A",.,"A",2600,"D",300,"D",.,"A",.,"A",.,"A",.,"A"
"20152","02875035",16,0,"1",1456,"D",104,"D",.,"A",143,"D",0,"D",.,"A",.,"A",1352,"D",0,"D",.,"A",.,"A",.,"A",.,"A"
"20152","02875045",27,0,"1",1950,"D",0,"D",.,"A",650,"D",150,"D",.,"A",.,"A",1950,"D",150,"D",.,"A",.,"A",.,"A",.,"A"
"20152","02875055",25,0,"1",1950,"D",0,"D",.,"A",0,"D",0,"D",.,"A",.,"A",1950,"D",0,"D",.,"A",.,"A",.,"A",.,"A"
"20152","02875065",34,0,"1",1950,"D",324,"F",.,"A",260,"D",0,"D",.,"A",.,"A",1346,"F",0,"D",.,"A",.,"A",.,"A",.,"A"
"20152","02875095",42,0,"1",910,"D",325,"D",260,"D",325,"D",0,"D",.,"A",.,"A",585,"D",0,"D",6,"D",78,"D",.,"A",.,"A"
"20152","02875125",23,0,"1",780,"D",130,"D",.,"A",650,"D",30,"D",.,"A",.,"A",650,"D",60,"D",.,"A",.,"A",.,"A",.,"A"
"20152","02875225",22,0,"1",1560,"D",65,"D",.,"A",325,"D",0,"D",.,"A",.,"A",1495,"D",75,"D",.,"A",.,"A",.,"A",.,"A"
"20152","02875295",41,0,"1",1560,"D",260,"D",.,"A",1133,"F",220,"F",.,"A",.,"A",1300,"D",249,"F",.,"A",.,"A",.,"A",.,"A"
"20152","02875325",35,0,"1",4550,"D",650,"D",.,"A",780,"D",0,"D",.,"A",.,"A",3900,"D",180,"D",30,"D",390,"D",325,"D",25,"D"
"20152","02875335",37,0,"1",2600,"D",975,"D",325,"D",390,"D",60,"D",.,"A",100,"D",1625,"D",150,"D",.,"A",.,"A",.,"A",.,"A"
"20152","02875345",21,0,"1",1300,"D",390,"D",.,"A",0,"D",0,"D",.,"A",.,"A",910,"D",0,"D",.,"A",.,"A",.,"A",.,"A"
"20152","02875405",36,0,"1",1300,"D",520,"D",390,"D",520,"D",0,"D",.,"A",.,"A",780,"D",0,"D",.,"A",.,"A",.,"A",.,"A"
"20152","02875425",33,0,"1",1300,"D",0,"D",.,"A",0,"D",0,"D",.,"A",.,"A",1300,"D",0,"D",.,"A",.,"A",.,"A",.,"A"
"20152","02875435",29,0,"1",3575,"D",585,"D",650,"D",455,"D",45,"D",.,"A",.,"A",2990,"D",60,"D",15,"D",195,"D",.,"A",.,"A"
"20152","02875455",58,0,"1",2600,"D",650,"D",.,"A",1560,"D",0,"D",.,"A",.,"A",1950,"D",60,"D",.,"A",.,"A",.,"A",.,"A"
"20152","02875475",67,0,"1",3900,"D",260,"D",.,"A",130,"D",0,"D",.,"A",.,"A",3640,"D",0,"D",.,"A",.,"A",.,"A",.,"A"
"20152","02875515",25,0,"1",780,"D",195,"D",.,"A",975,"D",60,"D",.,"A",.,"A",585,"D",90,"D",.,"A",.,"A",.,"A",.,"A"
"20152","02875565",36,0,"1",2600,"D",260,"D",.,"A",130,"D",60,"D",.,"A",.,"A",2340,"D",0,"D",.,"A",.,"A",.,"A",.,"A"
"20152","02875625",31,0,"1",650,"D",156,"D",.,"A",390,"D",6,"D",.,"A",.,"A",494,"D",180,"D",.,"A",.,"A",.,"A",.,"A"
"20152","02875645",60,0,"1",780,"D",130,"D",78,"D",1170,"D",300,"D",.,"A",.,"A",650,"D",105,"D",.,"A",.,"A",.,"A",.,"A"
"20152","02875685",12,0,"1",520,"D",130,"D",.,"A",0,"D",0,"D",.,"A",.,"A",390,"D",0,"D",.,"A",.,"A",.,"A",.,"A"
"20152","02875735",16,0,"1",1820,"D",130,"D",.,"A",0,"D",6,"D",.,"A",.,"A",1690,"D",6,"D",.,"A",.,"A",.,"A",.,"A"
"20152","02875785",36,0,"1",260,"D",65,"D",65,"D",260,"D",30,"D",.,"A",.,"A",195,"D",120,"D",.,"A",.,"A",.,"A",.,"A"
"20152","02875875",28,0,"1",780,"D",65,"D",.,"A",390,"D",0,"D",.,"A",.,"A",715,"D",0,"D",.,"A",.,"A",.,"A",.,"A"
"20152","02875885",33,0,"1",1300,"D",0,"D",195,"D",1040,"D",0,"D",.,"A",.,"A",1300,"D",60,"D",12,"D",156,"D",.,"A",.,"A"
"20152","02875905",19,0,"1",1040,"D",130,"D",260,"D",650,"D",0,"D",.,"A",.,"A",910,"D",0,"D",.,"A",.,"A",.,"A",.,"A"
"20152","02875995",15,0,"1",975,"D",228,"F",.,"A",0,"D",0,"D",.,"A",.,"A",755,"F",0,"D",.,"A",.,"A",.,"A",.,"A"
"20152","02876015",28,0,"1",975,"D",0,"D",156,"D",130,"D",0,"D",.,"A",.,"A",975,"D",0,"D",.,"A",.,"A",.,"A",.,"A"
"20152","02876175",85,0,"1",1131,"D",377,"D",.,"A",1014,"D",0,"D",.,"A",.,"A",754,"D",15,"D",.,"A",.,"A",.,"A",.,"A"
"20152","02876185",23,0,"1",520,"D",130,"D",.,"A",130,"D",0,"D",.,"A",.,"A",390,"D",104,"F",.,"A",.,"A",.,"A",.,"A"
"20152","02876195",61,0,"1",1300,"D",260,"D",.,"A",910,"D",60,"D",.,"A",80,"D",1040,"D",300,"D",.,"A",.,"A",.,"A",.,"A"
"20152","02876225",20,0,"1",520,"D",130,"D",.,"A",130,"D",0,"D",.,"A",.,"A",390,"D",0,"D",.,"A",.,"A",.,"A",.,"A"
"20152","02876235",98,0,"1",2470,"D",299,"D",455,"D",650,"D",24,"D",.,"A",.,"A",2171,"D",30,"D",.,"A",.,"A",.,"A",.,"A"
"20152","02876265",34,0,"1",1300,"D",390,"D",390,"D",0,"D",0,"D",.,"A",.,"A",910,"D",90,"D",.,"A",.,"A",.,"A",.,"A"
"20152","02876285",14,0,"1",1300,"D",650,"D",.,"A",0,"D",0,"D",.,"A",.,"A",650,"D",0,"D",.,"A",.,"A",.,"A",.,"A"
"20152","02876295",41,0,"1",1300,"D",0,"D",.,"A",780,"D",75,"D",.,"A",.,"A",1300,"D",450,"D",.,"A",.,"A",.,"A",.,"A"
"20152","02876305",27,0,"1",1300,"D",195,"D",.,"A",0,"D",0,"D",.,"A",.,"A",1105,"D",300,"D",100,"D",1300,"D",.,"A",.,"A"
"20152","02876425",22,0,"1",1170,"D",195,"D",260,"D",260,"D",0,"D",.,"A",.,"A",975,"D",0,"D",.,"A",.,"A",.,"A",.,"A"
"20152","02876445",19,0,"1",2340,"D",520,"D",.,"A",1560,"D",60,"F",.,"A",.,"A",1820,"D",86,"F",30,"D",390,"D",.,"A",.,"A"
"20152","02876485",37,0,"1",1170,"D",195,"D",195,"D",195,"D",0,"D",.,"A",.,"A",975,"D",48,"D",.,"A",.,"A",.,"A",.,"A"
"20152","02876625",36,0,"1",1820,"D",260,"D",.,"A",520,"D",0,"D",.,"A",.,"A",1560,"D",0,"D",.,"A",.,"A",.,"A",.,"A"
"20152","02876635",19,0,"1",1040,"D",195,"D",260,"D",1040,"D",240,"D",.,"A",.,"A",845,"D",120,"D",.,"A",.,"A",.,"A",.,"A"
"20152","02876655",36,0,"1",1950,"D",260,"D",65,"D",650,"D",60,"D",.,"A",.,"A",1690,"D",0,"D",.,"A",.,"A",.,"A",.,"A"
"20152","02876675",46,0,"1",1560,"D",260,"D",.,"A",520,"D",6,"D",.,"A",.,"A",1300,"D",6,"D",70,"D",910,"D",.,"A",.,"A"
"20152","02876845",16,0,"1",2600,"D",650,"D",.,"A",195,"D",0,"D",.,"A",.,"A",1950,"D",0,"D",.,"A",.,"A",.,"A",.,"A"
"20152","02876925",43,0,"1",1300,"D",130,"D",.,"A",520,"D",0,"D",.,"A",.,"A",1170,"D",0,"D",50,"D",650,"D",.,"A",.,"A"
"20152","02876945",39,0,"1",1300,"D",130,"D",520,"D",801,"F",30,"D",.,"A",.,"A",1170,"D",0,"D",.,"A",.,"A",.,"A",.,"A"
"20152","02876985",65,0,"1",3900,"D",650,"D",.,"A",1950,"D",0,"D",.,"A",.,"A",3250,"D",0,"D",.,"A",.,"A",.,"A",.,"A"
"20152","02877045",78,0,"1",1625,"D",325,"D",.,"A",1300,"D",180,"D",.,"A",41,"D",1300,"D",600,"D",42,"D",546,"D",.,"A",.,"A"
"20152","02877075",31,0,"1",1040,"D",65,"D",.,"A",0,"D",0,"D",.,"A",.,"A",975,"D",0,"D",.,"A",.,"A",.,"A",.,"A"
"20152","02877145",32,0,"1",1950,"D",325,"D",.,"A",780,"D",600,"D",.,"A",.,"A",1625,"D",240,"D",.,"A",.,"A",.,"A",.,"A"
"20152","02877275",34,0,"1",1950,"D",520,"D",.,"A",520,"D",0,"D",.,"A",.,"A",1430,"D",0,"D",.,"A",.,"A",.,"A",.,"A"
"20152","02877355",33,0,"1",650,"D",195,"D",.,"A",0,"D",0,"D",.,"A",.,"A",455,"D",0,"D",.,"A",.,"A",.,"A",.,"A"
"20152","02877365",62,0,"1",7150,"D",260,"D",1950,"D",0,"D",0,"D",.,"A",.,"A",6890,"D",0,"D",65,"D",845,"D",.,"A",.,"A"
"20152","02877435",54,0,"1",780,"D",130,"D",260,"D",650,"D",240,"D",.,"A",.,"A",650,"D",240,"D",15,"D",195,"D",.,"A",.,"A"
"20152","02877445",13,0,"1",1950,"D",130,"D",.,"A",0,"D",0,"D",.,"A",.,"A",1820,"D",0,"D",.,"A",.,"A",.,"A",.,"A"
"20152","02877475",14,0,"1",650,"D",228,"F",.,"A",471,"F",158,"F",.,"A",.,"A",755,"F",104,"F",.,"A",.,"A",.,"A",.,"A"
"20152","02877515",18,0,"1",910,"D",390,"D",.,"A",780,"D",0,"D",.,"A",.,"A",520,"D",0,"D",.,"A",.,"A",.,"A",.,"A"
"20152","02877545",31,0,"1",2340,"D",390,"D",65,"D",325,"D",0,"D",.,"A",.,"A",1950,"D",30,"D",60,"D",780,"D",.,"A",.,"A"
"20152","02877565",42,0,"1",2600,"D",0,"D",.,"A",221,"D",0,"D",.,"A",.,"A",2600,"D",0,"D",.,"A",.,"A",.,"A",.,"A"
"20152","02877575",11,0,"1",1105,"D",390,"D",.,"A",780,"D",0,"D",.,"A",.,"A",715,"D",0,"D",.,"A",.,"A",.,"A",.,"A"
"20152","02877635",32,0,"1",1625,"D",585,"D",.,"A",325,"D",60,"D",.,"A",.,"A",1040,"D",45,"D",.,"A",.,"A",.,"A",.,"A"
"20152","02877645",13,0,"1",2132,"F",.,"A",313,"F",801,"F",0,"D",.,"A",.,"A",1810,"F",0,"D",.,"A",.,"A",.,"A",.,"A"
"20152","02877655",80,0,"1",1560,"D",325,"D",.,"A",260,"D",0,"D",.,"A",.,"A",1235,"D",0,"D",.,"A",.,"A",.,"A",.,"A"
"20152","02877685",45,0,"1",1599,"D",130,"D",.,"A",715,"D",0,"D",.,"A",.,"A",1469,"D",60,"D",.,"A",.,"A",.,"A",.,"A"
"20152","02877705",34,0,"1",390,"D",78,"D",.,"A",1196,"D",0,"D",.,"A",.,"A",312,"D",0,"D",.,"A",.,"A",.,"A",.,"A"
"20152","02877735",27,0,"1",1690,"D",260,"D",.,"A",0,"D",0,"D",.,"A",.,"A",1430,"D",0,"D",.,"A",.,"A",.,"A",.,"A"
"20152","02877765",33,0,"1",10400,"D",975,"D",.,"A",520,"D",0,"D",.,"A",.,"A",9425,"D",0,"D",.,"A",.,"A",.,"A",.,"A"
"20152","02877795",21,0,"1",2600,"D",650,"D",.,"A",650,"D",1200,"D",.,"A",.,"A",1950,"D",1200,"D",.,"C",642,"F",.,"A",.,"A"
"20152","02877865",45,0,"1",1950,"D",650,"D",.,"A",975,"D",120,"D",.,"A",.,"A",1300,"D",150,"D",.,"A",.,"A",.,"A",.,"A"
"20152","02877885",51,0,"1",1950,"D",585,"D",.,"A",1950,"D",90,"D",.,"A",.,"A",1365,"D",60,"D",.,"A",.,"A",.,"A",.,"A"
"20152","02877905",75,0,"1",1404,"D",0,"D",260,"D",0,"D",0,"D",.,"A",.,"A",1404,"D",0,"D",.,"A",.,"A",.,"A",.,"A"
"20152","02877915",25,0,"1",1885,"D",130,"D",325,"D",325,"D",30,"D",.,"A",.,"A",1755,"D",30,"D",.,"A",.,"A",.,"A",.,"A"
"20152","02878015",44,0,"1",2600,"D",325,"D",.,"A",1300,"D",0,"D",.,"A",160,"D",2275,"D",0,"D",.,"A",.,"A",.,"A",.,"A"
"20152","02878075",47,0,"1",650,"D",65,"D",.,"A",520,"D",0,"D",.,"A",.,"A",585,"D",0,"D",.,"A",.,"A",.,"A",.,"A"
"20152","02878125",47,0,"1",1690,"D",390,"D",.,"A",780,"D",90,"D",.,"A",.,"A",1300,"D",75,"D",.,"A",.,"A",.,"A",.,"A"
"20152","02878145",78,0,"1",1625,"D",130,"D",.,"A",650,"D",15,"D",.,"A",.,"A",1495,"D",15,"D",.,"A",.,"A",.,"A",.,"A"
"20152","02878155",48,0,"1",325,"D",0,"D",325,"D",195,"D",30,"D",.,"A",.,"A",325,"D",15,"D",.,"A",.,"A",.,"A",.,"A"
"20152","02878165",30,0,"1",3900,"D",390,"D",.,"A",520,"D",0,"D",.,"A",.,"A",3510,"D",0,"D",.,"A",.,"A",.,"A",.,"A"
"20152","02878175",27,0,"1",1300,"D",260,"D",.,"A",390,"D",0,"D",.,"A",.,"A",1040,"D",0,"D",.,"A",.,"A",.,"A",.,"A"
"20152","02878185",30,0,"1",910,"D",319,"F",.,"A",0,"D",0,"D",.,"A",.,"A",1152,"F",0,"D",.,"A",.,"A",.,"A",.,"A"
"20152","02878205",41,0,"1",2600,"D",0,"D",1300,"D",390,"D",0,"D",.,"A",.,"A",2600,"D",0,"D",.,"A",.,"A",.,"A",.,"A"
"20152","02878255",43,0,"1",2600,"D",520,"D",585,"D",1300,"D",0,"D",.,"A",.,"A",2080,"D",0,"D",.,"A",.,"A",.,"A",.,"A"
"20152","02878335",10,0,"1",1300,"D",650,"D",.,"A",325,"D",300,"D",.,"A",.,"A",650,"D",300,"D",.,"A",.,"A",.,"A",.,"A"
"20152","02878395",46,0,"1",1625,"D",130,"D",.,"A",1040,"D",0,"D",.,"A",.,"A",1495,"D",0,"D",.,"A",.,"A",.,"A",.,"A"
"20152","02878485",12,0,"1",455,"D",65,"D",.,"A",0,"D",0,"D",.,"A",.,"A",390,"D",0,"D",.,"A",.,"A",.,"A",.,"A"
"20152","02878515",32,0,"1",1495,"D",520,"D",.,"A",130,"D",0,"D",.,"A",.,"A",975,"D",0,"D",.,"A",.,"A",.,"A",.,"A"
"20152","02878535",29,0,"1",260,"D",0,"D",260,"D",0,"D",60,"D",.,"A",.,"A",260,"D",0,"D",.,"A",.,"A",.,"A",.,"A"
"20152","02878545",36,0,"1",390,"D",325,"D",.,"A",195,"D",0,"D",.,"A",.,"A",65,"D",0,"D",6,"D",78,"D",.,"A",.,"A"
"20152","02878575",18,0,"1",650,"D",0,"D",.,"A",0,"D",0,"D",.,"A",.,"A",650,"D",0,"D",12,"D",156,"D",.,"A",.,"A"
"20152","02878595",12,0,"1",0,"D",.,"A",.,"A",0,"D",0,"D",.,"A",.,"A",0,"D",0,"D",.,"A",.,"A",.,"A",.,"A"
"20152","02878645",35,0,"1",1300,"D",195,"D",.,"A",520,"D",0,"D",.,"A",.,"A",1105,"D",0,"D",.,"A",.,"A",.,"A",.,"A"
"20152","02878665",40,0,"1",650,"D",261,"F",.,"A",1300,"D",300,"D",.,"A",.,"A",1089,"F",300,"D",.,"A",.,"A",.,"A",.,"A"
"20152","02878685",51,0,"1",1300,"D",0,"D",156,"D",780,"D",0,"D",.,"A",.,"A",1300,"D",0,"D",24,"D",312,"D",.,"A",.,"A"
"20152","02878695",14,0,"1",975,"D",130,"D",.,"A",260,"D",180,"D",.,"A",.,"A",845,"D",0,"D",.,"A",.,"A",.,"A",.,"A"
"20152","02878735",44,0,"1",1105,"D",0,"D",.,"A",2327,"D",111,"D",.,"A",.,"A",1105,"D",0,"D",.,"A",.,"A",.,"A",.,"A"
"20152","02878755",32,0,"1",2340,"D",455,"D",.,"A",650,"D",0,"D",.,"A",.,"A",1885,"D",90,"D",15,"D",195,"D",.,"A",.,"A"
"20152","02900554",56,0,"1",2600,"D",650,"D",260,"D",650,"D",0,"D",.,"A",.,"A",1950,"D",0,"D",.,"A",.,"A",.,"A",.,"A"
"20152","02900574",43,0,"1",1625,"D",520,"D",390,"D",0,"D",0,"D",.,"A",.,"A",1105,"D",480,"D",40,"D",520,"D",.,"A",.,"A"
"20152","02900594",26,0,"1",975,"D",130,"D",.,"A",1950,"D",0,"D",.,"A",.,"A",845,"D",0,"D",.,"A",.,"A",.,"A",.,"A"
"20152","02900654",25,0,"1",1950,"D",0,"D",.,"A",0,"D",0,"D",.,"A",.,"A",1950,"D",0,"D",.,"A",.,"A",.,"A",.,"A"
"20152","02900674",29,0,"1",390,"D",195,"D",260,"D",2600,"D",180,"D",.,"A",.,"A",195,"D",180,"D",.,"A",.,"A",.,"A",.,"A"
"20152","02900744",51,0,"1",3770,"D",520,"D",.,"A",1625,"D",300,"D",.,"A",400,"D",3250,"D",0,"D",.,"A",.,"A",.,"A",.,"A"
"20152","02900834",42,0,"1",1300,"D",260,"D",325,"D",975,"D",60,"D",.,"A",.,"A",1040,"D",375,"D",.,"A",.,"A",.,"A",.,"A"
"20152","02900844",12,0,"1",1300,"D",0,"D",.,"A",0,"D",6,"D",.,"A",.,"A",1300,"D",6,"D",.,"A",.,"A",.,"A",.,"A"
"20152","02900854",51,0,"1",390,"D",65,"D",.,"A",455,"D",0,"D",.,"A",.,"A",325,"D",60,"D",.,"A",.,"A",.,"A",.,"A"
"20152","02900884",26,0,"1",1040,"D",520,"D",.,"A",260,"D",0,"D",.,"A",.,"A",520,"D",0,"D",60,"D",780,"D",.,"A",.,"A"
"20152","02900904",68,0,"1",2275,"D",325,"D",78,"D",325,"D",0,"D",.,"A",.,"A",1950,"D",0,"D",.,"A",.,"A",.,"A",.,"A"
"20152","02900924",54,0,"1",1300,"D",715,"D",.,"A",390,"D",150,"D",.,"A",.,"A",585,"D",300,"D",.,"A",.,"A",.,"A",.,"A"
"20152","02900994",29,0,"1",1300,"D",195,"D",65,"D",520,"D",300,"D",.,"A",.,"A",1105,"D",60,"D",.,"A",.,"A",.,"A",.,"A"
"20152","02901004",15,0,"1",1950,"D",260,"D",.,"A",520,"D",0,"D",.,"A",.,"A",1690,"D",60,"D",.,"A",.,"A",.,"A",.,"A"
"20152","02901044",24,0,"1",975,"D",130,"D",.,"A",455,"D",0,"D",.,"A",.,"A",845,"D",60,"D",.,"A",.,"A",.,"A",.,"A"
"20152","02901054",34,0,"1",520,"D",104,"D",.,"A",650,"D",90,"D",.,"A",.,"A",416,"D",60,"D",.,"A",.,"A",.,"A",.,"A"
"20152","02901164",86,0,"1",2600,"D",455,"D",.,"A",65,"D",0,"D",.,"A",.,"A",2145,"D",300,"D",.,"A",.,"A",.,"A",.,"A"
"20152","02901174",12,0,"1",1716,"D",390,"D",.,"A",0,"D",0,"D",.,"A",.,"A",1326,"D",0,"D",.,"A",.,"A",.,"A",.,"A"
"20152","02901204",27,0,"1",975,"D",325,"D",.,"A",130,"D",0,"D",.,"A",.,"A",650,"D",0,"D",.,"A",.,"A",.,"A",.,"A"
"20152","02901214",17,0,"1",780,"D",130,"D",.,"A",195,"D",0,"D",.,"A",.,"A",650,"D",75,"D",30,"D",390,"D",.,"A",.,"A"
"20152","02901234",13,0,"1",1300,"D",260,"D",.,"A",650,"D",0,"D",.,"A",.,"A",1040,"D",150,"D",.,"A",.,"A",.,"A",.,"A"
"20152","02901254",28,0,"1",1040,"D",195,"D",325,"D",1300,"D",6,"D",.,"A",.,"A",845,"D",6,"D",.,"A",.,"A",.,"A",.,"A"
"20152","02901294",101,0,"1",0,"D",.,"A",.,"A",0,"D",0,"D",.,"A",.,"A",0,"D",90,"D",.,"A",.,"A",.,"A",.,"A"
"20152","02901304",60,0,"1",1300,"D",260,"D",.,"A",650,"D",6,"D",.,"A",.,"A",1040,"D",6,"D",.,"A",.,"A",.,"A",.,"A"
"20152","02901404",26,0,"1",2080,"D",130,"D",.,"A",0,"D",6,"D",.,"A",.,"A",1950,"D",6,"D",16,"D",208,"D",.,"A",.,"A"
"20152","02901414",48,0,"1",1950,"D",260,"D",.,"A",780,"D",0,"D",.,"A",110,"D",1690,"D",90,"D",.,"A",.,"A",.,"A",.,"A"
"20152","02901494",26,0,"1",2600,"D",260,"D",.,"A",520,"D",0,"D",.,"A",.,"A",2340,"D",30,"D",50,"D",650,"D",.,"A",.,"A"
"20152","02901504",36,0,"1",650,"D",65,"D",.,"A",130,"D",0,"D",.,"A",80,"D",585,"D",0,"D",.,"A",.,"A",.,"A",.,"A"
"20152","02901534",25,0,"1",1820,"D",390,"D",.,"A",520,"D",0,"D",.,"A",.,"A",1430,"D",0,"D",.,"A",.,"A",.,"A",.,"A"
"20152","02901544",56,0,"1",1625,"D",65,"D",.,"A",520,"D",0,"D",.,"A",.,"A",1560,"D",0,"D",.,"A",.,"A",.,"A",.,"A"
"20152","02901594",62,0,"1",1300,"D",65,"D",.,"A",403,"D",0,"D",.,"A",.,"A",1235,"D",0,"D",.,"A",.,"A",.,"A",.,"A"
"20152","02901624",13,0,"1",2600,"D",452,"F",.,"A",501,"F",0,"D",.,"A",.,"A",1846,"F",0,"D",.,"A",.,"A",.,"A",.,"A"
"20152","02901704",50,0,"1",975,"D",130,"D",.,"A",0,"D",6,"D",.,"A",.,"A",845,"D",6,"D",.,"A",.,"A",.,"A",.,"A"
"20152","02901714",38,0,"1",3900,"D",585,"D",.,"A",0,"D",0,"D",.,"A",.,"A",3315,"D",180,"D",60,"D",780,"D",.,"A",.,"A"
"20152","02901724",30,0,"1",1040,"D",130,"D",.,"A",390,"D",45,"D",.,"A",.,"A",910,"D",30,"D",.,"A",.,"A",.,"A",.,"A"
"20152","02901754",13,0,"1",1536,"F",.,"A",.,"A",800,"F",175,"F",.,"A",.,"A",1244,"F",168,"F",.,"A",.,"A",.,"A",.,"A"
"20152","02901784",36,0,"1",1300,"D",130,"D",.,"A",260,"D",0,"D",.,"A",.,"A",1170,"D",30,"D",.,"A",.,"A",.,"A",.,"A"
"20152","02901804",48,0,"1",1300,"D",130,"D",.,"A",1950,"D",30,"D",.,"A",.,"A",1170,"D",30,"D",.,"A",.,"A",.,"A",.,"A"
"20152","02901844",26,0,"1",975,"D",260,"D",.,"A",0,"D",0,"D",.,"A",.,"A",715,"D",0,"D",50,"D",650,"D",.,"A",.,"A"
"20152","02901854",13,0,"1",930,"F",.,"A",.,"A",471,"F",158,"F",.,"A",.,"A",755,"F",104,"F",.,"A",.,"A",.,"A",.,"A"
"20152","02901864",36,0,"1",2600,"D",390,"D",.,"A",780,"D",0,"D",.,"A",.,"A",2210,"D",75,"D",.,"A",.,"A",.,"A",.,"A"
"20152","02901884",53,0,"1",1300,"D",390,"D",.,"A",650,"D",0,"D",.,"A",.,"A",910,"D",0,"D",.,"A",.,"A",.,"A",.,"A"
"20152","02901934",42,0,"1",1300,"D",325,"D",.,"A",1300,"D",0,"D",.,"A",.,"A",975,"D",30,"D",.,"A",.,"A",.,"A",.,"A"
"20152","02901944",38,0,"1",1950,"D",325,"D",260,"D",0,"D",0,"D",.,"A",.,"A",1625,"D",0,"D",.,"A",.,"A",585,"D",45,"D"
"20152","02901954",40,0,"1",1950,"D",390,"D",313,"F",195,"D",77,"F",.,"A",.,"A",1560,"D",135,"F",.,"A",.,"A",.,"A",.,"A"
"20152","02902084",21,0,"1",7800,"D",5200,"D",.,"A",0,"D",0,"D",.,"A",.,"A",2600,"D",0,"D",.,"A",.,"A",.,"A",.,"A"
"20152","02902104",13,0,"1",0,"D",.,"A",.,"A",390,"D",0,"D",.,"A",.,"A",0,"D",0,"D",.,"A",.,"A",.,"A",.,"A"
"20152","02902214",39,0,"1",1950,"D",520,"D",65,"D",390,"D",0,"D",.,"A",.,"A",1430,"D",90,"D",.,"A",.,"A",.,"A",.,"A"
"20152","02902244",29,0,"1",1950,"D",195,"D",.,"A",0,"D",0,"D",.,"A",.,"A",1755,"D",450,"D",50,"D",650,"D",.,"A",.,"A"
"20152","02902284",32,0,"1",520,"D",39,"D",.,"A",442,"D",0,"D",.,"A",.,"A",481,"D",0,"D",.,"A",.,"A",.,"A",.,"A"
"20152","02902324",30,0,"1",780,"D",130,"D",.,"A",1300,"D",0,"D",.,"A",.,"A",650,"D",0,"D",.,"A",.,"A",.,"A",.,"A"
"20152","02902374",38,0,"1",780,"D",0,"D",.,"A",1560,"D",0,"D",.,"A",.,"A",780,"D",0,"D",.,"A",.,"A",.,"A",.,"A"
"20152","02902454",70,0,"1",975,"D",0,"D",.,"A",780,"D",0,"D",.,"A",270,"D",975,"D",0,"D",.,"A",.,"A",.,"A",.,"A"
"20152","02902464",20,0,"1",1300,"D",260,"D",.,"A",0,"D",0,"D",.,"A",.,"A",1040,"D",0,"D",.,"A",.,"A",.,"A",.,"A"
"20152","02902524",30,0,"1",2600,"D",650,"D",.,"A",650,"D",54,"D",.,"A",.,"A",1950,"D",0,"D",.,"A",.,"A",.,"A",.,"A"
"20152","02902534",69,0,"1",3003,"D",520,"D",.,"A",3328,"D",30,"D",.,"A",.,"A",2483,"D",0,"D",.,"A",.,"A",.,"A",.,"A"
"20152","02902544",15,0,"1",325,"D",65,"D",.,"A",130,"D",6,"D",.,"A",.,"A",260,"D",6,"D",.,"A",.,"A",.,"A",.,"A"
"20152","02902604",34,0,"1",1950,"D",520,"D",.,"A",650,"D",0,"D",.,"A",.,"A",1430,"D",0,"D",.,"A",.,"A",.,"A",.,"A"
"20152","02902734",40,0,"1",1300,"D",260,"D",390,"D",390,"D",0,"D",.,"A",.,"A",1040,"D",90,"D",10,"D",130,"D",.,"A",.,"A"
"20152","02902744",33,0,"1",650,"D",130,"D",.,"A",650,"D",0,"D",.,"A",.,"A",520,"D",0,"D",.,"A",.,"A",.,"A",.,"A"
"20152","02902814",105,0,"1",650,"D",260,"D",260,"D",546,"D",30,"D",.,"A",.,"A",390,"D",0,"D",.,"A",.,"A",.,"A",.,"A"
"20152","02902824",24,0,"1",780,"D",65,"D",.,"A",260,"D",6,"D",.,"A",.,"A",715,"D",6,"D",.,"A",.,"A",.,"A",.,"A"
"20152","02902874",29,0,"1",1950,"D",650,"D",.,"A",650,"D",0,"D",.,"A",.,"A",1300,"D",0,"D",.,"A",.,"A",.,"A",.,"A"
"20152","02902904",25,0,"1",780,"D",130,"D",.,"A",650,"D",0,"D",.,"A",.,"A",650,"D",0,"D",.,"A",.,"A",.,"A",.,"A"
"20152","02902954",13,0,"1",650,"D",65,"D",.,"A",0,"D",0,"D",.,"A",.,"A",585,"D",300,"D",0,"D",0,"D",208,"D",16,"D"
"20152","02902974",32,0,"1",650,"D",65,"D",.,"A",0,"D",0,"D",.,"A",.,"A",585,"D",0,"D",.,"A",.,"A",.,"A",.,"A"
"20152","02903034",32,0,"1",650,"D",130,"D",.,"A",156,"D",0,"D",.,"A",.,"A",520,"D",0,"D",.,"A",.,"A",.,"A",.,"A"
"20152","02903044",48,0,"1",1690,"D",520,"D",.,"A",169,"D",0,"D",.,"A",.,"A",1170,"D",0,"D",.,"A",.,"A",.,"A",.,"A"
"20152","02903064",54,0,"1",1625,"D",780,"D",650,"D",325,"D",75,"D",.,"A",.,"A",845,"D",150,"D",.,"A",.,"A",.,"A",.,"A"
"20152","02903084",32,0,"1",1950,"D",650,"D",.,"A",650,"D",0,"D",.,"A",.,"A",1300,"D",0,"D",.,"A",.,"A",.,"A",.,"A"
"20152","02903094",27,0,"1",650,"D",130,"D",.,"A",0,"D",0,"D",.,"A",.,"A",520,"D",0,"D",.,"A",.,"A",.,"A",.,"A"
"20152","02903104",27,0,"1",1300,"D",130,"D",275,"F",1300,"D",240,"D",.,"A",.,"A",1170,"D",240,"D",.,"A",.,"A",.,"A",.,"A"
"20152","02903124",12,0,"1",0,"D",.,"A",.,"A",0,"D",0,"D",.,"A",.,"A",0,"D",0,"D",.,"A",.,"A",.,"A",.,"A"
"20152","02903144",55,0,"1",1300,"D",336,"F",475,"F",390,"D",175,"F",.,"A",.,"A",1244,"F",168,"F",.,"A",.,"A",.,"A",.,"A"
"20152","02903184",42,0,"1",1170,"D",260,"D",.,"A",1300,"D",300,"D",.,"A",.,"A",910,"D",300,"D",.,"A",.,"A",.,"A",.,"A"
"20152","02903214",34,0,"1",1625,"D",520,"D",.,"A",1300,"D",150,"D",.,"A",.,"A",1105,"D",45,"D",.,"A",.,"A",.,"A",.,"A"
"20152","02903224",33,0,"1",1950,"D",0,"D",.,"A",260,"D",30,"D",.,"A",.,"A",1950,"D",150,"D",63,"D",819,"D",.,"A",.,"A"
"20152","02903234",24,0,"1",1300,"D",0,"D",.,"A",520,"D",0,"D",.,"A",.,"A",1300,"D",0,"D",.,"A",.,"A",.,"A",.,"A"
"20152","02903374",28,0,"1",1625,"D",195,"D",.,"A",390,"D",0,"D",.,"A",.,"A",1430,"D",0,"D",.,"A",.,"A",.,"A",.,"A"
"20152","02903394",75,0,"1",1300,"D",260,"D",195,"D",260,"D",0,"D",.,"A",.,"A",1040,"D",0,"D",.,"A",.,"A",.,"A",.,"A"
"20152","02903564",38,0,"1",1300,"D",0,"D",.,"A",325,"D",150,"D",.,"A",.,"A",1300,"D",0,"D",.,"A",.,"A",.,"A",.,"A"
"20152","02903604",27,0,"1",1950,"D",455,"D",.,"A",1300,"D",90,"D",.,"A",.,"A",1495,"D",150,"D",.,"A",.,"A",.,"A",.,"A"
"20152","02903624",46,0,"1",1950,"D",0,"D",.,"A",130,"D",90,"D",.,"A",.,"A",1950,"D",240,"D",.,"A",.,"A",224,"F",.,"C"
"20152","02903644",61,0,"1",1950,"D",260,"D",.,"A",520,"D",0,"D",.,"A",180,"D",1690,"D",0,"D",.,"A",.,"A",.,"A",.,"A"
"20152","02903674",69,0,"1",9100,"D",2600,"D",.,"A",650,"D",90,"D",.,"A",.,"A",6500,"D",300,"D",.,"A",.,"A",130,"D",10,"D"
"20152","02903704",61,0,"1",2600,"D",650,"D",.,"A",780,"D",90,"D",.,"A",.,"A",1950,"D",90,"D",.,"A",.,"A",.,"A",.,"A"
"20152","02903714",31,0,"1",2340,"D",325,"D",260,"D",760,"F",113,"F",.,"A",167,"F",2015,"D",107,"F",.,"A",.,"A",.,"A",.,"A"
"20152","02903754",55,0,"1",650,"D",0,"D",.,"A",286,"D",0,"D",.,"A",.,"A",650,"D",102,"D",.,"A",.,"A",.,"A",.,"A"
"20152","02903774",42,0,"1",1040,"D",195,"D",.,"A",780,"D",90,"D",.,"A",.,"A",845,"D",120,"D",.,"A",.,"A",.,"A",.,"A"
"20152","02903824",20,0,"1",1950,"D",325,"D",195,"D",0,"D",0,"D",.,"A",.,"A",1625,"D",0,"D",.,"A",.,"A",.,"A",.,"A"
"20152","02903844",32,0,"1",1560,"D",260,"D",130,"D",195,"D",6,"D",.,"A",.,"A",1300,"D",0,"D",20,"D",260,"D",.,"A",.,"A"
"20152","02903854",15,0,"1",3900,"D",260,"D",.,"A",0,"D",0,"D",.,"A",.,"A",3640,"D",0,"D",.,"A",.,"A",.,"A",.,"A"
"20152","02903864",37,0,"1",3900,"D",1950,"D",.,"A",650,"D",0,"D",.,"A",27,"D",1950,"D",0,"D",.,"A",.,"A",.,"A",.,"A"
"20152","02903874",9,0,"1",1300,"D",260,"D",.,"A",520,"D",0,"D",.,"A",.,"A",1040,"D",0,"D",.,"A",.,"A",.,"A",.,"A"
"20152","02903884",24,0,"1",520,"D",52,"D",156,"D",390,"D",30,"D",60,"D",.,"A",468,"D",54,"D",.,"A",.,"A",.,"A",.,"A"
"20152","02903904",33,0,"1",1170,"D",130,"D",.,"A",0,"D",0,"D",.,"A",.,"A",1040,"D",0,"D",.,"A",.,"A",.,"A",.,"A"
"20152","02903944",25,0,"1",845,"D",65,"D",.,"A",130,"D",0,"D",.,"A",.,"A",780,"D",0,"D",.,"A",.,"A",.,"A",.,"A"
"20152","02904045",31,0,"1",2600,"D",260,"D",.,"A",65,"D",0,"D",.,"A",.,"A",2340,"D",0,"D",80,"D",1040,"D",273,"D",21,"D"
"20152","02904084",11,0,"1",1536,"F",.,"A",.,"A",800,"F",175,"F",.,"A",.,"A",1244,"F",168,"F",.,"A",.,"A",.,"A",.,"A"
"20152","02904094",11,0,"1",130,"D",52,"D",.,"A",91,"D",0,"D",.,"A",.,"A",78,"D",0,"D",.,"A",.,"A",.,"A",.,"A"
"20152","02904104",59,0,"1",1131,"D",52,"D",.,"A",130,"D",0,"D",.,"A",.,"A",1079,"D",0,"D",.,"A",.,"A",.,"A",.,"A"
"20152","02904124",41,0,"1",1950,"D",390,"D",130,"D",260,"D",30,"D",.,"A",.,"A",1560,"D",60,"D",.,"A",.,"A",.,"A",.,"A"
"20152","02904134",20,0,"1",650,"D",91,"D",130,"D",260,"D",0,"D",.,"A",.,"A",559,"D",90,"D",.,"A",.,"A",.,"A",.,"A"
"20152","02904144",15,0,"1",2405,"D",520,"D",325,"D",1300,"D",375,"D",.,"A",.,"A",1885,"D",450,"D",.,"A",.,"A",.,"A",.,"A"
"20152","02904164",34,0,"1",585,"D",0,"D",.,"A",0,"D",0,"D",.,"A",.,"A",585,"D",0,"D",.,"A",.,"A",.,"A",.,"A"
"20152","02904204",18,0,"1",975,"D",195,"D",325,"D",1300,"D",375,"D",.,"A",.,"A",780,"D",300,"D",.,"A",.,"A",.,"A",.,"A"
"20152","02904214",36,0,"1",1950,"D",650,"D",1040,"D",1300,"D",90,"D",.,"A",.,"A",1300,"D",90,"D",.,"A",.,"A",.,"A",.,"A"
"20152","02904284",13,0,"1",975,"D",195,"D",.,"A",390,"D",0,"D",.,"A",.,"A",780,"D",0,"D",.,"A",.,"A",.,"A",.,"A"
"20152","02904314",66,0,"1",1040,"D",520,"D",.,"A",0,"D",0,"D",.,"A",.,"A",520,"D",0,"D",.,"A",.,"A",.,"A",.,"A"
"20152","02904434",32,0,"1",650,"D",0,"D",.,"A",0,"D",0,"D",.,"A",.,"A",650,"D",0,"D",.,"A",.,"A",.,"A",.,"A"
"20152","02904454",37,0,"1",520,"D",272,"F",65,"D",503,"F",0,"D",.,"A",.,"A",1047,"F",0,"D",.,"A",.,"A",.,"A",.,"A"
"20152","02904544",55,0,"1",2340,"D",325,"D",.,"A",390,"D",0,"D",.,"A",.,"A",2015,"D",225,"D",.,"A",.,"A",.,"A",.,"A"
"20152","02904594",35,0,"1",1300,"D",260,"D",.,"A",325,"D",0,"D",.,"A",.,"A",1040,"D",0,"D",.,"A",.,"A",.,"A",.,"A"
"20152","02904604",55,0,"1",1755,"D",260,"D",.,"A",780,"D",30,"D",.,"A",.,"A",1495,"D",90,"D",.,"A",.,"A",.,"A",.,"A"
"20152","02904614",39,0,"1",975,"D",336,"F",475,"F",195,"D",175,"F",.,"A",.,"A",1244,"F",168,"F",.,"A",.,"A",.,"A",.,"A"
"20152","02904654",68,0,"1",1040,"D",260,"D",.,"A",325,"D",0,"D",.,"A",.,"A",780,"D",0,"D",.,"A",.,"A",.,"A",.,"A"
"20152","02904664",28,0,"1",650,"D",325,"D",.,"A",325,"D",0,"D",.,"A",.,"A",325,"D",0,"D",30,"D",390,"D",.,"A",.,"A"
"20152","02904674",49,0,"1",2600,"D",130,"D",65,"D",1300,"D",300,"D",.,"A",.,"A",2470,"D",600,"D",60,"D",780,"D",.,"A",.,"A"
"20152","02904714",21,0,"1",1950,"D",650,"D",284,"F",555,"F",0,"D",.,"A",.,"A",1300,"D",114,"F",7,"D",91,"D",52,"D",4,"D"
"20152","02904734",9,0,"1",2275,"D",325,"D",1300,"D",0,"D",0,"D",.,"A",.,"A",1950,"D",0,"D",.,"A",.,"A",.,"A",.,"A"
"20152","02904764",24,0,"1",780,"D",65,"D",.,"A",0,"D",0,"D",.,"A",.,"A",715,"D",0,"D",.,"A",.,"A",.,"A",.,"A"
"20152","02904814",68,0,"1",1430,"D",520,"D",.,"A",520,"D",30,"D",.,"A",8,"D",910,"D",0,"D",.,"A",.,"A",.,"A",.,"A"
"20152","02904884",35,0,"1",2753,"F",.,"A",.,"A",520,"D",0,"D",.,"A",.,"A",2289,"F",198,"F",40,"D",520,"D",.,"A",.,"A"
"20152","02904934",29,0,"1",2600,"D",0,"D",.,"A",0,"D",0,"D",.,"A",.,"A",2600,"D",0,"D",.,"A",.,"A",.,"A",.,"A"
"20152","02904954",19,0,"1",1040,"D",195,"D",.,"A",520,"D",0,"D",.,"A",.,"A",845,"D",105,"D",.,"A",.,"A",.,"A",.,"A"
"20152","02905024",28,0,"1",1950,"D",650,"D",260,"D",325,"D",0,"D",.,"A",.,"A",1300,"D",300,"D",.,"A",.,"A",.,"A",.,"A"
"20152","02905054",62,0,"1",3250,"D",0,"D",.,"A",975,"D",225,"D",.,"A",.,"A",3250,"D",1500,"D",.,"A",.,"A",.,"A",.,"A"
"20152","02905064",14,0,"1",0,"D",.,"A",.,"A",650,"D",6,"D",.,"A",.,"A",0,"D",6,"D",.,"A",.,"A",.,"A",.,"A"
"20152","02905074",73,0,"1",3900,"D",0,"D",.,"A",650,"D",30,"D",.,"A",.,"A",3900,"D",39,"D",.,"A",.,"A",.,"A",.,"A"
"20152","02905094",44,0,"1",1625,"D",169,"D",.,"A",780,"D",6,"D",.,"A",.,"A",1456,"D",6,"D",13,"D",169,"D",.,"A",.,"A"
"20152","02905144",49,0,"1",2275,"D",520,"D",.,"A",780,"D",120,"D",188,"D",.,"A",1755,"D",0,"D",40,"D",520,"D",.,"A",.,"A"
"20152","02905154",13,0,"1",325,"D",65,"D",.,"A",0,"D",0,"D",.,"A",.,"A",260,"D",0,"D",.,"A",.,"A",.,"A",.,"A"
"20152","02905164",18,0,"1",1040,"D",130,"D",.,"A",390,"D",60,"D",.,"A",.,"A",910,"D",120,"D",.,"A",.,"A",.,"A",.,"A"
"20152","02905184",74,0,"1",2600,"D",780,"D",.,"A",520,"D",60,"D",.,"A",60,"D",1820,"D",120,"D",.,"A",.,"A",.,"A",.,"A"
"20152","02905244",26,0,"1",1300,"D",260,"D",.,"A",520,"D",0,"D",.,"A",.,"A",1040,"D",0,"D",.,"A",.,"A",.,"A",.,"A"
"20152","02905254",75,0,"1",1690,"D",650,"D",.,"A",650,"D",30,"D",.,"A",75,"D",1040,"D",60,"D",8,"D",104,"D",156,"D",12,"D"
"20152","02905334",46,0,"1",1820,"D",325,"D",.,"A",260,"D",0,"D",.,"A",18,"D",1495,"D",60,"D",.,"A",.,"A",.,"A",.,"A"
"20152","02905364",23,0,"1",1300,"D",260,"D",.,"A",520,"D",0,"D",.,"A",.,"A",1040,"D",0,"D",.,"A",.,"A",.,"A",.,"A"
"20152","02905384",29,0,"1",2600,"D",325,"D",.,"A",1300,"D",6,"D",.,"A",.,"A",2275,"D",6,"D",.,"A",.,"A",.,"A",.,"A"
"20152","02905404",19,0,"1",585,"D",130,"D",.,"A",0,"D",0,"D",.,"A",.,"A",455,"D",0,"D",.,"A",.,"A",.,"A",.,"A"
"20152","02905424",43,0,"1",780,"D",0,"D",.,"A",390,"D",0,"D",.,"A",.,"A",780,"D",90,"D",.,"A",.,"A",.,"A",.,"A"
"20152","02905444",49,0,"1",975,"D",520,"D",.,"A",1300,"D",420,"D",.,"A",.,"A",455,"D",180,"D",.,"A",.,"A",.,"A",.,"A"
"20152","02905484",68,0,"1",1105,"D",130,"D",429,"D",910,"D",0,"D",.,"A",240,"D",975,"D",0,"D",.,"A",.,"A",.,"A",.,"A"
"20152","02905514",50,0,"1",1950,"D",260,"D",.,"A",2600,"D",0,"D",.,"A",.,"A",1690,"D",150,"D",.,"A",.,"A",.,"A",.,"A"
"20152","02905584",21,0,"1",910,"D",130,"D",.,"A",260,"D",0,"D",.,"A",.,"A",780,"D",0,"D",.,"A",.,"A",.,"A",.,"A"
"20152","02905604",28,0,"1",520,"D",26,"D",.,"A",65,"D",0,"D",.,"A",.,"A",494,"D",0,"D",12,"D",156,"D",.,"A",.,"A"
"20152","02905614",73,0,"1",4550,"D",650,"D",130,"D",1950,"D",180,"D",.,"A",.,"A",3900,"D",1200,"D",.,"A",.,"A",.,"A",.,"A"
"20152","02905624",55,0,"1",1625,"D",520,"D",156,"D",910,"D",0,"D",.,"A",.,"A",1105,"D",300,"D",.,"A",.,"A",.,"A",.,"A"
"20152","02905644",51,0,"1",1950,"D",325,"D",.,"A",0,"D",0,"D",.,"A",.,"A",1625,"D",0,"D",.,"A",.,"A",.,"A",.,"A"
"20152","02905655",34,0,"1",1040,"D",419,"F",.,"A",260,"D",0,"D",.,"A",.,"A",1378,"F",0,"D",.,"A",.,"A",.,"A",.,"A"
"20152","02905784",15,0,"1",1040,"D",260,"D",.,"A",910,"D",0,"D",.,"A",.,"A",780,"D",0,"D",.,"A",.,"A",.,"A",.,"A"
"20152","02905804",21,0,"1",2275,"D",390,"D",.,"A",130,"D",0,"D",.,"A",.,"A",1885,"D",0,"D",.,"A",.,"A",.,"A",.,"A"
"20152","02905814",30,0,"1",6500,"D",910,"D",1300,"D",6500,"D",300,"D",.,"A",.,"A",5590,"D",1500,"D",.,"A",.,"A",.,"A",.,"A"
"20152","02905894",34,0,"1",1950,"D",520,"D",650,"D",780,"D",150,"D",.,"A",.,"A",1430,"D",0,"D",.,"C",529,"F",.,"A",.,"A"
"20152","02905914",27,0,"1",156,"D",309,"F",.,"A",1820,"D",0,"D",.,"A",.,"A",857,"F",0,"D",.,"A",.,"A",.,"A",.,"A"
"20152","02905934",21,0,"1",1950,"D",325,"D",390,"D",0,"D",0,"D",.,"A",25,"D",1625,"D",60,"D",.,"A",.,"A",.,"A",.,"A"
"20152","02905954",23,0,"1",260,"D",65,"D",.,"A",780,"D",15,"D",.,"A",.,"A",195,"D",15,"D",.,"A",.,"A",.,"A",.,"A"
"20152","02906014",58,0,"1",1950,"D",390,"D",.,"A",0,"D",0,"D",.,"A",.,"A",1560,"D",225,"D",.,"A",.,"A",.,"A",.,"A"
"20152","02906024",17,0,"1",1300,"D",390,"D",.,"A",0,"D",0,"D",.,"A",.,"A",910,"D",0,"D",.,"A",.,"A",.,"A",.,"A"
"20152","02906054",44,0,"1",1950,"D",325,"D",.,"A",3900,"D",0,"D",.,"A",240,"D",1625,"D",0,"D",.,"A",.,"A",.,"A",.,"A"
"20152","02906114",47,0,"1",1300,"D",650,"D",.,"A",780,"D",0,"D",.,"A",.,"A",650,"D",0,"D",.,"A",.,"A",.,"A",.,"A"
"20152","02906134",43,0,"1",2600,"D",490,"F",.,"A",1040,"D",0,"D",.,"A",32,"D",1648,"F",0,"D",.,"A",.,"A",.,"A",.,"A"
"20152","02906174",31,0,"1",975,"D",104,"D",.,"A",455,"D",51,"D",.,"A",.,"A",871,"D",120,"D",.,"A",.,"A",.,"A",.,"A"
"20152","02906194",25,0,"1",1300,"D",195,"D",.,"A",325,"D",0,"D",.,"A",.,"A",1105,"D",150,"D",.,"A",.,"A",.,"A",.,"A"
"20152","02906244",33,0,"1",780,"D",130,"D",.,"A",195,"D",0,"D",.,"A",.,"A",650,"D",0,"D",.,"A",.,"A",.,"A",.,"A"
"20152","02906254",15,0,"1",1040,"D",195,"D",.,"A",260,"D",0,"D",.,"A",.,"A",845,"D",240,"D",.,"A",.,"A",.,"A",.,"A"
"20152","02906284",74,0,"1",754,"D",260,"D",.,"A",780,"D",90,"D",.,"A",.,"A",494,"D",75,"D",.,"A",.,"A",.,"A",.,"A"
"20152","02906294",33,0,"1",3276,"D",1560,"D",.,"A",650,"D",0,"D",.,"A",.,"A",1716,"D",0,"D",.,"A",.,"A",.,"A",.,"A"
"20152","02906304",39,0,"1",6500,"D",325,"D",1300,"D",1075,"F",225,"D",.,"A",.,"A",6175,"D",150,"D",.,"A",.,"A",.,"A",.,"A"
"20152","02906314",39,0,"1",7800,"D",520,"D",.,"A",3900,"D",300,"D",.,"A",300,"D",7280,"D",240,"D",.,"A",.,"A",.,"A",.,"A"
"20152","02906404",28,0,"1",1820,"D",325,"D",260,"D",715,"D",0,"D",.,"A",.,"A",1495,"D",0,"D",.,"A",.,"A",.,"A",.,"A"
"20152","02906414",15,0,"1",1300,"D",260,"D",.,"A",390,"D",0,"D",.,"A",.,"A",1040,"D",0,"D",40,"D",520,"D",.,"A",.,"A"
"20152","02906464",17,0,"1",2080,"D",390,"D",585,"D",0,"D",0,"D",.,"A",.,"A",1690,"D",375,"D",.,"A",.,"A",.,"A",.,"A"
"20152","02906524",38,0,"1",650,"D",0,"D",.,"A",520,"D",0,"D",.,"A",.,"A",650,"D",0,"D",.,"A",.,"A",.,"A",.,"A"
"20152","02906584",28,0,"1",1300,"D",195,"D",.,"A",520,"D",0,"D",.,"A",.,"A",1105,"D",0,"D",.,"A",.,"A",.,"A",.,"A"
"20152","02906604",42,0,"1",1040,"D",130,"D",.,"A",650,"D",30,"D",.,"A",6,"D",910,"D",30,"D",.,"A",.,"A",.,"A",.,"A"
"20152","02906684",83,0,"1",1950,"D",780,"D",.,"A",975,"D",0,"D",.,"A",780,"D",1170,"D",0,"D",.,"A",.,"A",.,"A",.,"A"
"20152","02906704",40,0,"1",1950,"D",260,"D",.,"A",650,"D",0,"D",.,"A",.,"A",1690,"D",0,"D",.,"A",.,"A",.,"A",.,"A"
"20152","02906744",16,0,"1",1300,"D",260,"D",.,"A",130,"D",0,"D",.,"A",.,"A",1040,"D",0,"D",.,"A",.,"A",.,"A",.,"A"
"20152","02906854",58,0,"1",1950,"D",130,"D",.,"A",910,"D",90,"D",.,"A",.,"A",1820,"D",3,"D",.,"A",.,"A",.,"A",.,"A"
"20152","02906864",68,0,"1",1300,"D",325,"D",130,"D",325,"D",30,"D",.,"A",.,"A",975,"D",45,"D",.,"A",.,"A",.,"A",.,"A"
"20152","02906884",32,0,"1",1950,"D",650,"D",.,"A",0,"D",0,"D",.,"A",.,"A",1300,"D",150,"D",50,"D",650,"D",.,"A",.,"A"
"20152","02906994",35,0,"1",325,"D",0,"D",.,"A",0,"D",0,"D",.,"A",.,"A",325,"D",0,"D",.,"A",.,"A",.,"A",.,"A"
"20152","02907024",11,0,"1",442,"D",130,"D",130,"D",0,"D",0,"D",.,"A",.,"A",312,"D",0,"D",24,"D",312,"D",.,"A",.,"A"
"20152","02907044",26,0,"1",260,"D",0,"D",.,"A",1300,"D",150,"D",.,"A",.,"A",260,"D",120,"D",.,"A",.,"A",.,"A",.,"A"
"20152","02907054",11,0,"1",0,"D",.,"A",.,"A",78,"D",6,"D",.,"A",.,"A",0,"D",6,"D",58,"D",754,"D",.,"A",.,"A"
"20152","02907084",27,0,"1",1300,"D",260,"D",.,"A",780,"D",0,"D",.,"A",.,"A",1040,"D",0,"D",.,"A",.,"A",.,"A",.,"A"
"20152","02907104",43,0,"1",3900,"D",650,"D",65,"D",390,"D",0,"D",.,"A",.,"A",3250,"D",240,"D",.,"A",.,"A",.,"A",.,"A"
"20152","02907114",26,0,"1",1625,"D",325,"D",.,"A",325,"D",0,"D",.,"A",.,"A",1300,"D",0,"D",.,"A",.,"A",156,"D",12,"D"
"20152","02907184",37,0,"1",1950,"D",325,"D",.,"A",650,"D",0,"D",.,"A",.,"A",1625,"D",0,"D",.,"A",.,"A",.,"A",.,"A"
"20152","02907234",25,0,"1",1950,"D",325,"D",.,"A",325,"D",0,"D",.,"A",.,"A",1625,"D",0,"D",.,"A",.,"A",.,"A",.,"A"
"20152","02907254",12,0,"1",2600,"D",0,"D",.,"A",0,"D",77,"F",.,"A",.,"A",2600,"D",135,"F",.,"A",.,"A",.,"A",.,"A"
"20152","02907274",26,0,"1",2600,"D",390,"D",.,"A",650,"D",0,"D",.,"A",.,"A",2210,"D",0,"D",.,"A",.,"A",.,"A",.,"A"
"20152","02907324",14,0,"1",3250,"D",650,"D",.,"A",780,"D",0,"D",.,"A",.,"A",2600,"D",0,"D",.,"A",.,"A",.,"A",.,"A"
"20152","02907374",41,0,"1",650,"D",78,"D",65,"D",1040,"D",120,"D",.,"A",.,"A",572,"D",0,"D",.,"A",.,"A",.,"A",.,"A"
"20152","02907394",52,0,"1",1560,"D",130,"D",.,"A",390,"D",60,"D",428,"F",180,"D",1430,"D",0,"D",.,"A",.,"A",.,"A",.,"A"
"20152","02907414",18,0,"1",2600,"D",325,"D",.,"A",3250,"D",600,"D",.,"A",.,"A",2275,"D",600,"D",.,"A",.,"A",.,"A",.,"A"
"20152","02907434",19,0,"1",2795,"D",325,"D",.,"A",910,"D",0,"D",.,"A",.,"A",2470,"D",75,"D",.,"A",.,"A",.,"A",.,"A"
"20152","02907454",23,0,"1",2600,"D",650,"D",.,"A",1950,"D",60,"D",.,"A",.,"A",1950,"D",60,"D",.,"A",.,"A",.,"A",.,"A"
"20152","02907464",44,0,"1",650,"D",195,"D",.,"A",650,"D",0,"D",.,"A",.,"A",455,"D",0,"D",.,"A",.,"A",.,"A",.,"A"
"20152","02907474",28,0,"1",2080,"D",260,"D",.,"A",780,"D",0,"D",.,"A",.,"A",1820,"D",0,"D",.,"A",.,"A",.,"A",.,"A"
"20152","02907544",24,0,"1",975,"D",195,"D",.,"A",455,"D",0,"D",.,"A",.,"A",780,"D",0,"D",.,"A",.,"A",.,"A",.,"A"
"20152","02907554",41,0,"1",1300,"D",325,"D",.,"A",1625,"D",0,"D",.,"A",.,"A",975,"D",0,"D",.,"A",.,"A",.,"A",.,"A"
"20152","02907574",34,0,"1",975,"D",325,"D",.,"A",260,"D",0,"D",.,"A",.,"A",650,"D",0,"D",.,"A",.,"A",.,"A",.,"A"
"20152","02907604",64,0,"1",2067,"D",520,"D",.,"A",442,"D",0,"D",.,"A",.,"A",1547,"D",120,"D",.,"A",.,"A",.,"A",.,"A"
"20152","02907644",76,0,"1",650,"D",538,"F",1170,"D",1079,"D",60,"D",.,"A",.,"A",2289,"F",0,"D",.,"A",.,"A",.,"A",.,"A"
"20152","02907824",22,0,"1",1560,"D",130,"D",.,"A",130,"D",6,"D",.,"A",.,"A",1430,"D",6,"D",.,"A",.,"A",.,"A",.,"A"
"20152","02907904",67,0,"1",2600,"D",780,"D",.,"A",780,"D",45,"D",.,"A",.,"A",1820,"D",180,"D",.,"A",.,"A",.,"A",.,"A"
"20152","02907994",39,0,"1",3900,"D",520,"D",.,"A",650,"D",0,"D",.,"A",.,"A",3380,"D",0,"D",.,"A",.,"A",.,"A",.,"A"
"20152","02908024",37,0,"1",1040,"D",364,"D",.,"A",0,"D",0,"D",.,"A",.,"A",676,"D",0,"D",.,"A",.,"A",.,"A",.,"A"
"20152","02908064",21,0,"1",260,"D",52,"D",.,"A",260,"D",0,"D",.,"A",.,"A",208,"D",0,"D",.,"A",.,"A",.,"A",.,"A"
"20152","02908074",20,0,"1",910,"D",130,"D",.,"A",130,"D",0,"D",.,"A",.,"A",780,"D",0,"D",.,"A",.,"A",.,"A",.,"A"
"20152","02908094",16,0,"1",780,"D",130,"D",.,"A",390,"D",0,"D",.,"A",.,"A",650,"D",0,"D",.,"A",.,"A",.,"A",.,"A"
"20152","02908134",48,0,"1",3900,"D",325,"D",.,"A",1950,"D",90,"D",.,"A",.,"A",3575,"D",0,"D",.,"A",.,"A",.,"A",.,"A"
"20152","02908234",21,0,"1",390,"D",0,"D",.,"A",715,"D",0,"D",.,"A",.,"A",390,"D",0,"D",.,"A",.,"A",.,"A",.,"A"
"20152","02908294",33,0,"1",2600,"D",390,"D",.,"A",325,"D",0,"D",.,"A",.,"A",2210,"D",0,"D",.,"A",.,"A",.,"A",.,"A"
"20152","02908314",23,0,"1",1040,"D",390,"D",.,"A",1040,"D",0,"D",.,"A",720,"D",650,"D",0,"D",.,"A",.,"A",.,"A",.,"A"
"20152","02908324",60,0,"1",2600,"D",325,"D",.,"A",650,"D",0,"D",.,"A",.,"A",2275,"D",60,"D",.,"A",.,"A",.,"A",.,"A"
"20152","02908334",30,0,"1",975,"D",468,"D",.,"A",156,"D",0,"D",.,"A",.,"A",507,"D",0,"D",.,"A",.,"A",.,"A",.,"A"
"20152","02908394",39,0,"1",520,"D",195,"D",.,"A",650,"D",0,"D",.,"A",.,"A",325,"D",0,"D",.,"A",.,"A",.,"A",.,"A"
"20152","02908455",47,0,"1",1300,"D",0,"D",.,"A",1300,"D",300,"D",.,"A",.,"A",1300,"D",450,"D",.,"A",.,"A",.,"A",.,"A"
"20152","02908464",25,0,"1",1560,"D",130,"D",.,"A",0,"D",0,"D",.,"A",.,"A",1430,"D",0,"D",.,"A",.,"A",.,"A",.,"A"
"20152","02908474",35,0,"1",3250,"D",650,"D",.,"A",0,"D",0,"D",.,"A",.,"A",2600,"D",30,"D",100,"D",1300,"D",.,"A",.,"A"
"20152","02908505",36,0,"1",780,"D",130,"D",.,"A",130,"D",300,"D",.,"A",.,"A",650,"D",0,"D",.,"A",.,"A",.,"A",.,"A"
"20152","02908524",28,0,"1",650,"D",195,"D",260,"D",520,"D",0,"D",.,"A",.,"A",455,"D",0,"D",.,"A",.,"A",.,"A",.,"A"
"20152","02908604",53,0,"1",1300,"D",260,"D",260,"D",650,"D",150,"D",.,"A",.,"A",1040,"D",150,"D",20,"D",260,"D",.,"A",.,"A"
"20152","02908664",13,0,"1",975,"D",228,"F",.,"A",0,"D",0,"D",.,"A",.,"A",755,"F",0,"D",.,"A",.,"A",.,"A",.,"A"
"20152","02908754",57,0,"1",1820,"D",390,"D",.,"A",91,"D",30,"D",.,"A",.,"A",1430,"D",9,"D",.,"A",.,"A",.,"A",.,"A"
"20152","02908774",27,0,"1",585,"D",52,"D",.,"A",65,"D",0,"D",.,"A",.,"A",533,"D",0,"D",.,"A",.,"A",.,"A",.,"A"
"20152","02908824",19,0,"1",780,"D",52,"D",.,"A",0,"D",0,"D",.,"A",.,"A",728,"D",0,"D",.,"A",.,"A",.,"A",.,"A"
"20152","02908854",21,0,"1",1040,"D",130,"D",.,"A",0,"D",0,"D",.,"A",.,"A",910,"D",0,"D",.,"C",372,"F",.,"A",.,"A"
"20152","02908904",37,0,"1",1950,"D",390,"D",.,"A",325,"D",0,"D",.,"A",228,"D",1560,"D",210,"D",.,"A",.,"A",.,"A",.,"A"
"20152","02908924",58,0,"1",1300,"D",260,"D",.,"A",1950,"D",525,"D",.,"A",.,"A",1040,"D",240,"D",.,"A",.,"A",.,"A",.,"A"
"20152","02908944",34,0,"1",780,"D",130,"D",.,"A",780,"D",150,"D",.,"A",.,"A",650,"D",0,"D",.,"A",.,"A",.,"A",.,"A"
"20152","02909004",8,0,"1",650,"D",0,"D",.,"A",0,"D",0,"D",.,"A",.,"A",650,"D",0,"D",.,"A",.,"A",.,"A",.,"A"
"20152","02909014",27,0,"1",1536,"F",.,"A",.,"A",800,"F",175,"F",.,"A",.,"A",1244,"F",168,"F",.,"A",.,"A",.,"A",.,"A"
"20152","02909064",8,0,"1",650,"D",0,"D",.,"A",327,"F",0,"D",.,"A",.,"A",650,"D",0,"D",.,"A",.,"A",.,"A",.,"A"
"20152","02909134",49,0,"1",3900,"D",780,"D",390,"D",455,"D",0,"D",.,"A",.,"A",3120,"D",300,"D",.,"A",.,"A",.,"A",.,"A"
"20152","02909184",25,0,"1",1300,"D",0,"D",.,"A",325,"D",6,"D",.,"A",.,"A",1300,"D",6,"D",.,"A",.,"A",.,"A",.,"A"
"20152","02909214",63,0,"1",1950,"D",390,"D",.,"A",2275,"D",150,"D",.,"A",56,"D",1560,"D",135,"D",.,"A",.,"A",.,"A",.,"A"
"20152","02909244",30,0,"1",975,"D",130,"D",.,"A",1300,"D",300,"D",.,"A",.,"A",845,"D",300,"D",30,"D",390,"D",.,"A",.,"A"
"20152","02909254",23,0,"1",1300,"D",520,"D",.,"A",195,"D",0,"D",.,"A",.,"A",780,"D",240,"D",.,"A",.,"A",65,"D",5,"D"
"20152","02909274",13,0,"1",3250,"D",0,"D",.,"A",0,"D",0,"D",.,"A",.,"A",3250,"D",0,"D",.,"A",.,"A",.,"A",.,"A"
"20152","02909294",30,0,"1",845,"D",0,"D",.,"A",130,"D",0,"D",.,"A",.,"A",845,"D",0,"D",.,"A",.,"A",.,"A",.,"A"
"20152","02909314",63,0,"1",1560,"D",650,"D",.,"A",650,"D",60,"D",.,"A",.,"A",910,"D",75,"D",.,"A",.,"A",.,"A",.,"A"
"20152","02909334",14,0,"1",195,"D",39,"D",.,"A",0,"D",0,"D",.,"A",.,"A",156,"D",0,"D",.,"A",.,"A",.,"A",.,"A"
"20152","02909364",34,0,"1",390,"D",0,"D",.,"A",325,"D",15,"D",.,"A",.,"A",390,"D",75,"D",.,"A",.,"A",.,"A",.,"A"
"20152","02909425",26,0,"1",1950,"D",195,"D",.,"A",130,"D",0,"D",.,"A",.,"A",1755,"D",0,"D",.,"A",.,"A",.,"A",.,"A"
"20152","02909454",74,0,"1",260,"D",130,"D",.,"A",390,"D",720,"D",.,"A",.,"A",130,"D",150,"D",.,"A",.,"A",.,"A",.,"A"
"20152","02909474",52,0,"1",1040,"D",260,"D",.,"A",780,"D",60,"D",.,"A",.,"A",780,"D",120,"D",.,"A",.,"A",.,"A",.,"A"
"20152","02909494",36,0,"1",1040,"D",260,"D",65,"D",130,"D",0,"D",.,"A",.,"A",780,"D",0,"D",.,"A",.,"A",.,"A",.,"A"
"20152","02909504",24,0,"1",1625,"D",260,"D",.,"A",780,"D",0,"D",.,"A",.,"A",1365,"D",0,"D",.,"A",.,"A",.,"A",.,"A"
"20152","02909534",48,0,"1",1300,"D",195,"D",.,"A",650,"D",6,"D",.,"A",.,"A",1105,"D",6,"D",.,"A",.,"A",.,"A",.,"A"
"20152","02909604",18,0,"1",1300,"D",260,"D",.,"A",403,"D",0,"D",.,"A",.,"A",1040,"D",0,"D",.,"A",.,"A",.,"A",.,"A"
"20152","02909614",28,0,"1",650,"D",130,"D",130,"D",520,"D",90,"D",.,"A",.,"A",520,"D",165,"D",26,"D",338,"D",.,"A",.,"A"
"20152","02909644",43,0,"1",1536,"F",.,"A",650,"D",975,"D",75,"D",.,"A",.,"A",1244,"F",150,"D",.,"A",.,"A",.,"A",.,"A"
"20152","02909664",19,0,"1",3250,"D",1300,"D",.,"A",780,"D",0,"D",.,"A",.,"A",1950,"D",0,"D",.,"A",.,"A",.,"A",.,"A"
"20152","02909674",20,0,"1",2600,"D",0,"D",1300,"D",390,"D",0,"D",.,"A",180,"D",2600,"D",0,"D",.,"A",.,"A",.,"A",.,"A"
"20152","02909684",20,0,"1",1560,"D",0,"D",.,"A",130,"D",0,"D",.,"A",120,"D",1560,"D",88,"F",.,"C",372,"F",.,"A",.,"A"
"20152","02909694",46,0,"1",2600,"D",520,"D",.,"A",0,"D",0,"D",.,"A",195,"D",2080,"D",0,"D",.,"A",.,"A",.,"A",.,"A"
"20152","02909704",76,0,"1",780,"D",0,"D",.,"A",195,"D",0,"D",.,"A",.,"A",780,"D",45,"D",70,"D",910,"D",130,"D",10,"D"
"20152","02909734",19,0,"1",793,"F",.,"A",.,"A",520,"D",0,"D",.,"A",.,"A",642,"F",0,"D",.,"A",.,"A",.,"A",.,"A"
"20152","02909744",31,0,"1",780,"D",130,"D",.,"A",0,"D",0,"D",.,"A",.,"A",650,"D",0,"D",.,"A",.,"A",.,"A",.,"A"
"20152","02909784",38,0,"1",650,"D",52,"D",.,"A",0,"D",0,"D",.,"A",.,"A",598,"D",0,"D",.,"A",.,"A",.,"A",.,"A"
"20152","02909864",19,0,"1",1625,"D",325,"D",.,"A",455,"D",0,"D",.,"A",.,"A",1300,"D",0,"D",.,"A",.,"A",.,"A",.,"A"
"20152","02909964",28,0,"1",1274,"D",260,"D",.,"A",208,"D",6,"D",.,"A",.,"A",1014,"D",6,"D",.,"A",.,"A",.,"A",.,"A"
"20152","02909994",60,0,"1",1625,"D",195,"D",.,"A",650,"D",0,"D",.,"A",.,"A",1430,"D",30,"D",.,"A",.,"A",.,"A",.,"A"
"20152","02910034",42,0,"1",650,"D",0,"D",.,"A",390,"D",0,"D",.,"A",150,"D",650,"D",0,"D",.,"A",.,"A",.,"A",.,"A"
"20152","02910084",51,0,"1",2275,"D",390,"D",.,"A",650,"D",0,"D",.,"A",.,"A",1885,"D",54,"D",.,"A",.,"A",.,"A",.,"A"
"20152","02910094",29,0,"1",1300,"D",195,"D",.,"A",650,"D",0,"D",.,"A",.,"A",1105,"D",0,"D",.,"A",.,"A",.,"A",.,"A"
"20152","02910114",32,0,"1",650,"D",325,"D",.,"A",6500,"D",0,"D",.,"A",.,"A",325,"D",0,"D",.,"A",.,"A",.,"A",.,"A"
"20152","02910134",31,0,"1",975,"D",65,"D",.,"A",130,"D",0,"D",.,"A",.,"A",910,"D",0,"D",.,"A",.,"A",.,"A",.,"A"
"20152","02910204",53,0,"1",1820,"D",390,"D",520,"D",130,"D",0,"D",.,"A",.,"A",1430,"D",0,"D",.,"A",.,"A",.,"A",.,"A"
"20152","02910235",18,0,"1",650,"D",65,"D",.,"A",390,"D",0,"D",.,"A",.,"A",585,"D",0,"D",.,"A",.,"A",.,"A",.,"A"
"20152","02910244",15,0,"1",650,"D",130,"D",.,"A",0,"D",0,"D",.,"A",.,"A",520,"D",0,"D",.,"A",.,"A",.,"A",.,"A"
"20152","02910264",41,0,"1",2210,"D",65,"D",.,"A",780,"D",6,"D",.,"A",72,"D",2145,"D",6,"D",.,"A",.,"A",.,"A",.,"A"
"20152","02910324",28,0,"1",3250,"D",520,"D",.,"A",1950,"D",0,"D",.,"A",.,"A",2730,"D",0,"D",.,"C",525,"F",.,"A",.,"A"
"20152","02910334",46,0,"1",3900,"D",650,"D",.,"A",325,"D",0,"D",.,"A",.,"A",3250,"D",0,"D",.,"A",.,"A",.,"A",.,"A"
"20152","02910354",33,0,"1",780,"D",39,"D",.,"A",65,"D",9,"D",.,"A",.,"A",741,"D",0,"D",.,"A",.,"A",.,"A",.,"A"
"20152","02910384",55,0,"1",975,"D",260,"D",.,"A",1300,"D",300,"D",.,"A",.,"A",715,"D",180,"D",.,"A",.,"A",.,"A",.,"A"
"20152","02910414",21,0,"1",3250,"D",650,"D",.,"A",0,"D",0,"D",.,"A",1440,"D",2600,"D",90,"D",.,"A",.,"A",.,"A",.,"A"
"20152","02910454",18,0,"1",2470,"D",520,"D",.,"A",390,"D",15,"D",.,"A",.,"A",1950,"D",0,"D",8,"D",104,"D",.,"A",.,"A"
"20152","02910464",33,0,"1",1950,"D",195,"D",.,"A",650,"D",24,"D",.,"A",.,"A",1755,"D",0,"D",.,"A",.,"A",.,"A",.,"A"
"20152","02910514",23,0,"1",2275,"D",650,"D",.,"A",390,"D",0,"D",.,"A",.,"A",1625,"D",90,"D",.,"A",.,"A",.,"A",.,"A"
"20152","02910634",42,0,"1",1560,"D",260,"D",.,"A",650,"D",300,"D",.,"A",.,"A",1300,"D",900,"D",60,"D",780,"D",.,"A",.,"A"
"20152","02910704",22,0,"1",930,"F",.,"A",.,"A",471,"F",158,"F",.,"A",.,"A",755,"F",104,"F",.,"A",.,"A",.,"A",.,"A"
"20152","02910764",39,0,"1",3900,"D",1950,"D",.,"A",325,"D",45,"D",.,"A",.,"A",1950,"D",0,"D",100,"D",1300,"D",.,"A",.,"A"
"20152","02910784",21,0,"1",2340,"D",1170,"D",.,"A",390,"D",45,"D",.,"A",.,"A",1170,"D",45,"D",.,"A",.,"A",.,"A",.,"A"
"20152","02910824",9,0,"1",1040,"D",260,"D",.,"A",130,"D",90,"D",.,"A",.,"A",780,"D",180,"D",.,"A",.,"A",.,"A",.,"A"
"20152","02910834",69,0,"1",1950,"D",325,"D",.,"A",520,"D",60,"D",.,"A",240,"D",1625,"D",120,"D",40,"D",520,"D",.,"A",.,"A"
"20152","02910854",49,0,"1",0,"D",.,"A",.,"A",0,"D",0,"D",.,"A",.,"A",0,"D",0,"D",.,"A",.,"A",.,"A",.,"A"
"20152","02910874",46,0,"1",1300,"D",0,"D",.,"A",650,"D",0,"D",.,"A",.,"A",1300,"D",0,"D",.,"A",.,"A",.,"A",.,"A"
"20152","02910964",35,0,"1",780,"D",130,"D",.,"A",520,"D",6,"D",.,"A",.,"A",650,"D",6,"D",.,"A",.,"A",.,"A",.,"A"
"20152","02910994",36,0,"1",1950,"D",130,"D",.,"A",455,"D",0,"D",.,"A",.,"A",1820,"D",0,"D",100,"D",1300,"D",.,"A",.,"A"
"20152","02911014",46,0,"1",1690,"D",325,"D",.,"A",650,"D",0,"D",.,"A",40,"D",1365,"D",150,"D",.,"A",.,"A",.,"A",.,"A"
"20152","02911024",25,0,"1",2990,"D",650,"D",650,"D",1300,"D",300,"D",.,"A",.,"A",2340,"D",450,"D",.,"A",.,"A",.,"A",.,"A"
"20152","02911034",43,0,"1",780,"D",260,"D",.,"A",260,"D",0,"D",.,"A",.,"A",520,"D",0,"D",.,"A",.,"A",.,"A",.,"A"
"20152","02911054",74,0,"1",1300,"D",325,"D",.,"A",780,"D",75,"D",.,"A",.,"A",975,"D",225,"D",.,"A",.,"A",.,"A",.,"A"
"20152","02911094",36,0,"1",1430,"D",130,"D",.,"A",910,"D",30,"D",.,"A",.,"A",1300,"D",60,"D",.,"A",.,"A",.,"A",.,"A"
"20152","02911164",62,0,"1",1950,"D",414,"F",195,"D",260,"D",36,"D",.,"A",80,"D",1528,"F",180,"D",.,"A",.,"A",.,"A",.,"A"
"20152","02911235",18,0,"1",325,"D",0,"D",.,"A",130,"D",0,"D",.,"A",.,"A",325,"D",0,"D",.,"A",.,"A",.,"A",.,"A"
"20152","02911254",56,0,"1",2340,"D",390,"D",.,"A",1300,"D",30,"D",.,"A",.,"A",1950,"D",0,"D",.,"A",.,"A",.,"A",.,"A"
"20152","02911264",30,0,"1",975,"D",195,"D",.,"A",0,"D",0,"D",.,"A",.,"A",780,"D",0,"D",.,"A",.,"A",.,"A",.,"A"
"20152","02911274",15,0,"1",650,"D",0,"D",.,"A",0,"D",0,"D",.,"A",.,"A",650,"D",0,"D",.,"A",.,"A",.,"A",.,"A"
"20152","02911324",20,0,"1",2600,"D",390,"D",.,"A",0,"D",0,"D",.,"A",.,"A",2210,"D",0,"D",.,"A",.,"A",.,"A",.,"A"
"20152","02911404",15,0,"1",845,"D",195,"D",.,"A",0,"D",0,"D",.,"A",.,"A",650,"D",0,"D",.,"A",.,"A",.,"A",.,"A"
"20152","02911444",33,0,"1",1040,"D",65,"D",.,"A",195,"D",0,"D",.,"A",.,"A",975,"D",0,"D",.,"A",.,"A",.,"A",.,"A"
"20152","02911454",15,0,"1",520,"D",186,"F",.,"A",0,"D",0,"D",.,"A",.,"A",642,"F",0,"D",.,"A",.,"A",130,"D",10,"D"
"20152","02911464",20,0,"1",910,"D",650,"D",.,"A",0,"D",0,"D",.,"A",.,"A",260,"D",0,"D",.,"A",.,"A",.,"A",.,"A"
"20152","02911494",67,0,"1",1430,"D",325,"D",.,"A",520,"D",21,"D",.,"A",.,"A",1105,"D",21,"D",.,"A",.,"A",.,"A",.,"A"
"20152","02911554",35,0,"1",1170,"D",130,"D",.,"A",325,"D",0,"D",.,"A",.,"A",1040,"D",60,"D",10,"D",130,"D",.,"A",.,"A"
"20152","02911564",34,0,"1",3250,"D",910,"D",.,"A",1300,"D",0,"D",.,"A",.,"A",2340,"D",0,"D",.,"A",.,"A",.,"A",.,"A"
"20152","02911574",14,0,"1",1536,"F",.,"A",475,"F",0,"D",0,"D",.,"A",.,"A",1244,"F",0,"D",.,"A",.,"A",.,"A",.,"A"
"20152","02911654",50,0,"1",2600,"D",466,"F",.,"A",1300,"D",0,"D",.,"A",.,"A",1513,"F",150,"D",.,"A",.,"A",.,"A",.,"A"
"20152","02911744",32,0,"1",2600,"D",0,"D",.,"A",325,"D",0,"D",.,"A",.,"A",2600,"D",0,"D",.,"A",.,"A",.,"A",.,"A"
"20152","02911764",65,0,"1",1625,"D",260,"D",325,"D",1625,"D",150,"D",.,"A",.,"A",1365,"D",0,"D",.,"A",.,"A",.,"A",.,"A"
"20152","02911774",28,0,"1",1300,"D",325,"D",715,"D",780,"D",180,"D",.,"A",.,"A",975,"D",90,"D",25,"D",325,"D",.,"A",.,"A"
"20152","02911804",17,0,"1",1690,"D",390,"D",.,"A",390,"D",0,"D",.,"A",.,"A",1300,"D",0,"D",.,"A",.,"A",.,"A",.,"A"
"20152","02911814",24,0,"1",975,"D",260,"D",.,"A",130,"D",0,"D",.,"A",.,"A",715,"D",0,"D",45,"D",585,"D",.,"A",.,"A"
"20152","02911864",19,0,"1",1040,"D",130,"D",.,"A",0,"D",0,"D",.,"A",.,"A",910,"D",0,"D",.,"A",.,"A",.,"A",.,"A"
"20152","02911894",38,0,"1",1950,"D",650,"D",.,"A",0,"D",0,"D",.,"A",.,"A",1300,"D",0,"D",.,"A",.,"A",.,"A",.,"A"
"20152","02922414",14,0,"1",1300,"D",390,"D",.,"A",0,"D",6,"D",.,"A",.,"A",910,"D",6,"D",.,"A",.,"A",.,"A",.,"A"
"20152","02922484",41,0,"1",1312,"F",.,"A",.,"A",463,"F",0,"D",.,"A",.,"A",1077,"F",0,"D",.,"A",.,"A",.,"A",.,"A"
"20152","02922494",27,0,"1",1300,"D",650,"D",.,"A",520,"D",0,"D",.,"A",.,"A",650,"D",0,"D",.,"A",.,"A",.,"A",.,"A"
"20152","02922514",65,0,"1",1560,"D",0,"D",.,"A",650,"D",170,"F",.,"A",.,"A",1560,"D",90,"D",.,"A",.,"A",.,"A",.,"A"
"20152","02922564",41,0,"1",1235,"D",0,"D",.,"A",260,"D",0,"D",.,"A",156,"D",1235,"D",0,"D",.,"A",.,"A",.,"A",.,"A"
"20152","02922574",11,0,"1",650,"D",260,"D",.,"A",91,"D",0,"D",.,"A",.,"A",390,"D",210,"D",30,"D",390,"D",.,"A",.,"A"
"20152","02922604",22,0,"1",3250,"D",390,"D",650,"D",0,"D",0,"D",.,"A",24,"D",2860,"D",0,"D",.,"A",.,"A",.,"A",.,"A"
"20152","02922634",56,0,"1",2600,"D",975,"D",.,"A",325,"D",0,"D",.,"A",270,"D",1625,"D",210,"D",.,"A",.,"A",.,"A",.,"A"
"20152","02922644",54,0,"1",819,"D",65,"D",.,"A",65,"D",0,"D",.,"A",.,"A",754,"D",60,"D",.,"A",.,"A",.,"A",.,"A"
"20152","02922654",43,0,"1",1300,"D",195,"D",.,"A",650,"D",0,"D",.,"A",.,"A",1105,"D",0,"D",.,"A",.,"A",.,"A",.,"A"
"20152","02922664",24,0,"1",780,"D",195,"D",195,"D",1820,"D",0,"D",.,"A",.,"A",585,"D",840,"D",.,"A",.,"A",.,"A",.,"A"
"20152","02922694",24,0,"1",1560,"D",130,"D",.,"A",325,"D",0,"D",.,"A",.,"A",1430,"D",0,"D",.,"A",.,"A",.,"A",.,"A"
"20152","02922704",24,0,"1",1625,"D",325,"D",260,"D",650,"D",0,"D",.,"A",.,"A",1300,"D",0,"D",.,"A",.,"A",.,"A",.,"A"
"20152","02922714",31,0,"1",1300,"D",130,"D",.,"A",1300,"D",225,"D",.,"A",.,"A",1170,"D",375,"D",.,"A",.,"A",.,"A",.,"A"
"20152","02922724",79,0,"1",3250,"D",390,"D",130,"D",975,"D",0,"D",.,"A",.,"A",2860,"D",60,"D",.,"A",.,"A",.,"A",.,"A"
"20152","02922734",48,0,"1",1625,"D",390,"D",.,"A",520,"D",0,"D",.,"A",.,"A",1235,"D",0,"D",.,"A",.,"A",.,"A",.,"A"
"20152","02922744",30,0,"1",1560,"D",260,"D",.,"A",65,"D",0,"D",.,"A",.,"A",1300,"D",0,"D",.,"A",.,"A",.,"A",.,"A"
"20152","02922754",29,0,"1",1430,"D",520,"D",.,"A",260,"D",0,"D",.,"A",163,"D",910,"D",0,"D",.,"A",.,"A",.,"A",.,"A"
"20152","02922764",62,0,"1",2600,"D",650,"D",390,"D",520,"D",60,"D",.,"A",260,"D",1950,"D",60,"D",35,"D",455,"D",.,"A",.,"A"
"20152","02922794",40,0,"1",1950,"D",390,"D",1300,"D",0,"D",6,"D",.,"A",.,"A",1560,"D",6,"D",.,"A",.,"A",.,"A",.,"A"
"20152","02922824",28,0,"1",2470,"D",494,"D",.,"A",975,"D",0,"D",.,"A",.,"A",1976,"D",0,"D",125,"D",1625,"D",.,"A",.,"A"
"20152","02922834",60,0,"1",1950,"D",390,"D",143,"D",260,"D",30,"D",.,"A",168,"D",1560,"D",240,"D",.,"A",.,"A",.,"A",.,"A"
"20152","02922954",24,0,"1",520,"D",130,"D",.,"A",1625,"D",0,"D",.,"A",.,"A",390,"D",0,"D",.,"A",.,"A",.,"A",.,"A"
"20152","02922964",30,0,"1",65,"D",0,"D",650,"D",0,"D",0,"D",.,"A",.,"A",65,"D",0,"D",.,"A",.,"A",.,"A",.,"A"
"20152","02923014",13,0,"1",975,"D",65,"D",.,"A",130,"D",0,"D",.,"A",.,"A",910,"D",60,"D",.,"A",.,"A",.,"A",.,"A"
"20152","02923034",49,0,"1",1950,"D",390,"D",.,"A",650,"D",0,"D",.,"A",.,"A",1560,"D",60,"D",.,"A",.,"A",.,"A",.,"A"
"20152","02923064",41,0,"1",3575,"D",650,"D",.,"A",0,"D",0,"D",.,"A",1170,"D",2925,"D",0,"D",75,"D",975,"D",.,"A",.,"A"
"20152","02923074",17,0,"1",1300,"D",0,"D",.,"A",1950,"D",0,"D",.,"A",.,"A",1300,"D",0,"D",.,"A",.,"A",.,"A",.,"A"
"20152","02923144",20,0,"1",325,"D",0,"D",.,"A",327,"F",0,"D",.,"A",.,"A",325,"D",0,"D",.,"A",.,"A",.,"A",.,"A"
"20152","02923194",38,0,"1",1300,"D",0,"D",.,"A",0,"D",0,"D",.,"A",.,"A",1300,"D",0,"D",.,"A",.,"A",.,"A",.,"A"
"20152","02923224",13,0,"1",390,"D",0,"D",.,"A",130,"D",0,"D",.,"A",.,"A",390,"D",0,"D",.,"A",.,"A",.,"A",.,"A"
"20152","02923274",33,0,"1",780,"D",65,"D",.,"A",520,"D",0,"D",.,"A",.,"A",715,"D",0,"D",.,"A",.,"A",.,"A",.,"A"
"20152","02923344",33,0,"1",1536,"F",.,"A",.,"A",800,"F",120,"D",.,"A",.,"A",1244,"F",180,"D",.,"A",.,"A",.,"A",.,"A"
"20152","02923374",22,0,"1",1300,"D",130,"D",.,"A",0,"D",0,"D",.,"A",.,"A",1170,"D",0,"D",.,"A",.,"A",.,"A",.,"A"
"20152","02923384",21,0,"1",338,"D",169,"D",195,"D",0,"D",0,"D",.,"A",.,"A",169,"D",0,"D",.,"A",.,"A",.,"A",.,"A"
"20152","02923464",26,0,"1",650,"D",336,"F",.,"A",800,"F",0,"D",.,"A",.,"A",1244,"F",0,"D",.,"A",.,"A",.,"A",.,"A"
"20152","02923474",34,0,"1",1300,"D",260,"D",130,"D",0,"D",0,"D",.,"A",.,"A",1040,"D",0,"D",.,"A",.,"A",.,"A",.,"A"
"20152","02923544",37,0,"1",1040,"D",260,"D",.,"A",325,"D",0,"D",.,"A",.,"A",780,"D",0,"D",.,"A",.,"A",.,"A",.,"A"
"20152","02923554",29,0,"1",975,"D",260,"D",.,"A",0,"D",0,"D",.,"A",.,"A",715,"D",150,"D",.,"A",.,"A",.,"A",.,"A"
"20152","02923564",31,0,"1",1300,"D",650,"D",.,"A",650,"D",156,"F",.,"A",.,"A",650,"D",160,"F",45,"D",585,"D",.,"A",.,"A"
"20152","02923574",24,0,"1",910,"D",130,"D",325,"D",780,"D",1200,"D",.,"A",.,"A",780,"D",240,"D",.,"A",.,"A",.,"A",.,"A"
"20152","02923614",22,0,"1",1950,"D",260,"D",.,"A",390,"D",0,"D",.,"A",.,"A",1690,"D",0,"D",.,"A",.,"A",.,"A",.,"A"
"20152","02923634",22,0,"1",975,"D",325,"D",.,"A",0,"D",0,"D",.,"A",.,"A",650,"D",0,"D",.,"A",.,"A",.,"A",.,"A"
"20152","02923674",22,0,"1",1430,"D",130,"D",.,"A",520,"D",0,"D",.,"A",.,"A",1300,"D",75,"D",.,"A",.,"A",.,"A",.,"A"
"20152","02923684",22,0,"1",1625,"D",325,"D",.,"A",0,"D",0,"D",.,"A",.,"A",1300,"D",150,"D",.,"A",.,"A",.,"A",.,"A"
"20152","02923694",33,0,"1",1300,"D",195,"D",.,"A",1040,"D",0,"D",.,"A",960,"D",1105,"D",0,"D",.,"A",.,"A",.,"A",.,"A"
"20152","02923754",37,0,"1",1950,"D",390,"D",.,"A",1300,"D",0,"D",.,"A",.,"A",1560,"D",60,"D",.,"A",.,"A",.,"A",.,"A"
"20152","02923764",53,0,"1",2600,"D",1300,"D",.,"A",1300,"D",0,"D",.,"A",24,"D",1300,"D",600,"D",.,"A",.,"A",.,"A",.,"A"
"20152","02923774",37,0,"1",5200,"D",260,"D",520,"D",234,"D",60,"D",.,"A",.,"A",4940,"D",90,"D",.,"A",.,"A",.,"A",.,"A"
"20152","02923784",21,0,"1",390,"D",26,"D",.,"A",0,"D",86,"F",.,"A",.,"A",364,"D",91,"F",.,"A",.,"A",.,"A",.,"A"
"20152","02923794",29,0,"1",793,"F",.,"A",.,"A",0,"D",86,"F",.,"A",.,"A",642,"F",91,"F",.,"A",.,"A",.,"A",.,"A"
"20152","02923804",82,0,"1",3900,"D",650,"D",.,"A",2600,"D",0,"D",.,"A",.,"A",3250,"D",0,"D",.,"A",.,"A",.,"A",.,"A"
"20152","02923814",23,0,"1",1300,"D",419,"F",.,"A",1300,"D",0,"D",520,"D",.,"A",1378,"F",0,"D",.,"A",.,"A",.,"A",.,"A"
"20152","02923844",51,0,"1",1300,"D",195,"D",.,"A",1300,"D",600,"D",.,"A",.,"A",1105,"D",1200,"D",.,"A",.,"A",.,"A",.,"A"
"20152","02923894",24,0,"1",2210,"D",455,"D",.,"A",0,"D",0,"D",.,"A",.,"A",1755,"D",21,"D",.,"A",.,"A",.,"A",.,"A"
"20152","02923905",23,0,"1",1300,"D",26,"D",.,"A",520,"D",0,"D",.,"A",.,"A",1274,"D",0,"D",.,"A",.,"A",.,"A",.,"A"
"20152","02923914",17,0,"1",2210,"D",214,"F",.,"A",555,"F",0,"D",.,"A",.,"A",783,"F",0,"D",.,"A",.,"A",.,"A",.,"A"
"20152","02923944",37,0,"1",1820,"D",0,"D",.,"A",0,"D",0,"D",.,"A",.,"A",1820,"D",0,"D",.,"A",.,"A",.,"A",.,"A"
"20152","02923994",61,0,"1",1950,"D",195,"D",325,"D",260,"D",360,"D",.,"A",.,"A",1755,"D",150,"D",.,"A",.,"A",.,"A",.,"A"
"20152","02924014",10,0,"1",975,"D",260,"D",.,"A",65,"D",0,"D",.,"A",.,"A",715,"D",0,"D",.,"A",.,"A",.,"A",.,"A"
"20152","02924094",62,0,"1",1300,"D",325,"D",.,"A",455,"D",75,"D",.,"A",.,"A",975,"D",150,"D",.,"A",.,"A",.,"A",.,"A"
"20152","02924124",14,0,"1",1105,"D",336,"F",.,"A",800,"F",0,"D",.,"A",.,"A",1244,"F",0,"D",.,"A",.,"A",.,"A",.,"A"
"20152","02924144",39,0,"1",2340,"D",0,"D",.,"A",1105,"D",0,"D",.,"A",.,"A",2340,"D",0,"D",.,"A",.,"A",.,"A",.,"A"
"20152","02924214",44,0,"1",1560,"D",520,"D",.,"A",650,"D",0,"D",.,"A",.,"A",1040,"D",0,"D",.,"A",.,"A",.,"A",.,"A"
"20152","02924244",45,0,"1",650,"D",130,"D",.,"A",1105,"D",0,"D",.,"A",.,"A",520,"D",0,"D",.,"A",.,"A",.,"A",.,"A"
"20152","02924254",35,0,"1",390,"D",130,"D",.,"A",130,"D",0,"D",.,"A",.,"A",260,"D",0,"D",.,"A",.,"A",.,"A",.,"A"
"20152","02924284",66,0,"1",3250,"D",260,"D",.,"A",832,"D",0,"D",.,"A",.,"A",2990,"D",0,"D",.,"A",.,"A",.,"A",.,"A"
"20152","02924314",21,0,"1",1300,"D",0,"D",.,"A",650,"D",0,"D",.,"A",.,"A",1300,"D",225,"D",.,"A",.,"A",.,"A",.,"A"
"20152","02924334",54,0,"1",1300,"D",260,"D",.,"A",1300,"D",30,"D",.,"A",.,"A",1040,"D",24,"D",.,"A",.,"A",.,"A",.,"A"
"20152","02924374",33,0,"1",1300,"D",195,"D",.,"A",260,"D",0,"D",.,"A",200,"D",1105,"D",0,"D",.,"A",.,"A",.,"A",.,"A"
"20152","02924414",86,0,"1",1560,"D",195,"D",130,"D",416,"D",60,"D",.,"A",.,"A",1365,"D",0,"D",.,"A",.,"A",.,"A",.,"A"
"20152","02924424",60,0,"1",5200,"D",1950,"D",650,"D",0,"D",0,"D",.,"A",22,"D",3250,"D",180,"D",.,"A",.,"A",.,"A",.,"A"
"20152","02924534",95,0,"1",2210,"D",325,"D",.,"A",1300,"D",300,"D",.,"A",.,"A",1885,"D",300,"D",.,"A",.,"A",.,"A",.,"A"
"20152","02924554",34,0,"1",3900,"D",650,"D",429,"D",2470,"D",0,"D",.,"A",.,"A",3250,"D",0,"D",.,"A",.,"A",.,"A",.,"A"
"20152","02924574",41,0,"1",1300,"D",130,"D",.,"A",260,"D",300,"D",.,"A",.,"A",1170,"D",300,"D",.,"A",.,"A",.,"A",.,"A"
"20152","02924604",40,0,"1",780,"D",260,"D",.,"A",2600,"D",150,"D",.,"A",.,"A",520,"D",120,"D",.,"A",.,"A",.,"A",.,"A"
"20152","02924624",23,0,"1",1560,"D",260,"D",.,"A",325,"D",0,"D",.,"A",.,"A",1300,"D",0,"D",.,"A",.,"A",.,"A",.,"A"
"20152","02924684",20,0,"1",1040,"D",195,"D",.,"A",260,"D",0,"D",.,"A",.,"A",845,"D",0,"D",.,"A",.,"A",.,"A",.,"A"
"20152","02924764",29,0,"1",2600,"D",260,"D",572,"D",1560,"D",0,"D",.,"A",.,"A",2340,"D",0,"D",.,"A",.,"A",.,"A",.,"A"
"20152","02924824",36,0,"1",1040,"D",260,"D",.,"A",0,"D",0,"D",.,"A",.,"A",780,"D",240,"D",15,"D",195,"D",.,"A",.,"A"
"20152","02924914",35,0,"1",1950,"D",0,"D",.,"A",1300,"D",0,"D",.,"A",.,"A",1950,"D",0,"D",.,"A",.,"A",.,"A",.,"A"
"20152","02924944",42,0,"1",2600,"D",520,"D",260,"D",650,"D",0,"D",.,"A",.,"A",2080,"D",180,"D",.,"C",474,"F",.,"A",.,"A"
"20152","02924954",37,0,"1",455,"D",130,"D",.,"A",2340,"D",0,"D",.,"A",.,"A",325,"D",0,"D",100,"D",1300,"D",.,"A",.,"A"
"20152","02924964",24,0,"1",2600,"D",490,"F",.,"A",1300,"D",18,"D",.,"A",.,"A",1648,"F",300,"D",.,"A",.,"A",.,"A",.,"A"
"20152","02924974",26,0,"1",2600,"D",585,"D",.,"A",650,"D",180,"D",.,"A",.,"A",2015,"D",0,"D",79,"D",1027,"D",.,"A",.,"A"
"20152","02924994",47,0,"1",1950,"D",650,"D",.,"A",520,"D",30,"D",.,"A",.,"A",1300,"D",120,"D",.,"A",.,"A",.,"A",.,"A"
"20152","02925024",30,0,"1",975,"D",390,"D",.,"A",0,"D",0,"D",.,"A",.,"A",585,"D",0,"D",.,"A",.,"A",.,"A",.,"A"
"20152","02925044",30,0,"1",1950,"D",650,"D",.,"A",0,"D",0,"D",.,"A",.,"A",1300,"D",0,"D",.,"A",.,"A",.,"A",.,"A"
"20152","02925104",32,0,"1",780,"D",260,"D",.,"A",104,"D",0,"D",.,"A",.,"A",520,"D",30,"D",.,"A",.,"A",.,"A",.,"A"
"20152","02925134",17,0,"1",650,"D",260,"D",.,"A",130,"D",90,"D",.,"A",.,"A",390,"D",120,"D",.,"A",.,"A",.,"A",.,"A"
"20152","02925194",29,0,"1",1040,"D",260,"D",.,"A",1300,"D",0,"D",.,"A",.,"A",780,"D",150,"D",.,"A",.,"A",.,"A",.,"A"
"20152","02925204",29,0,"1",650,"D",0,"D",.,"A",0,"D",0,"D",.,"A",.,"A",650,"D",0,"D",.,"A",.,"A",.,"A",.,"A"
"20152","02925214",62,0,"1",2522,"D",1170,"D",.,"A",2522,"D",414,"D",.,"A",.,"A",1352,"D",1014,"D",.,"A",.,"A",.,"A",.,"A"
"20152","02925254",74,0,"1",3575,"D",975,"D",.,"A",390,"D",60,"D",.,"A",.,"A",2600,"D",90,"D",.,"A",.,"A",.,"A",.,"A"
"20152","02925264",10,0,"1",0,"D",.,"A",.,"A",1300,"D",0,"D",.,"A",.,"A",0,"D",0,"D",.,"A",.,"A",.,"A",.,"A"
"20152","02925274",39,0,"1",2990,"D",520,"D",.,"A",1560,"D",0,"D",.,"A",300,"D",2470,"D",0,"D",.,"A",.,"A",.,"A",.,"A"
"20152","02925354",41,0,"1",780,"D",325,"D",.,"A",1625,"D",450,"D",.,"A",.,"A",455,"D",1200,"D",.,"A",.,"A",.,"A",.,"A"
"20152","02925384",22,0,"1",3250,"D",520,"D",.,"A",327,"F",0,"D",.,"A",.,"A",2730,"D",91,"F",.,"A",.,"A",.,"A",.,"A"
"20152","02925434",57,0,"1",1040,"D",130,"D",.,"A",5200,"D",0,"D",.,"A",.,"A",910,"D",0,"D",.,"A",.,"A",.,"A",.,"A"
"20152","02925474",9,0,"1",0,"D",.,"A",.,"A",0,"D",0,"D",.,"A",.,"A",0,"D",0,"D",.,"A",.,"A",.,"A",.,"A"
"20152","02925534",25,0,"1",975,"D",195,"D",.,"A",325,"D",0,"D",.,"A",.,"A",780,"D",0,"D",10,"D",130,"D",195,"D",15,"D"
"20152","02925574",25,0,"1",650,"D",91,"D",.,"A",390,"D",153,"F",.,"A",.,"A",559,"D",180,"D",.,"A",.,"A",.,"A",.,"A"
"20152","02925584",29,0,"1",1560,"D",390,"D",.,"A",0,"D",0,"D",.,"A",360,"D",1170,"D",0,"D",70,"D",910,"D",.,"A",.,"A"
"20152","02925604",48,0,"1",1300,"D",390,"D",.,"A",325,"D",30,"D",.,"A",.,"A",910,"D",45,"D",.,"A",.,"A",.,"A",.,"A"
"20152","02925614",11,0,"1",520,"D",130,"D",.,"A",455,"D",0,"D",.,"A",.,"A",390,"D",0,"D",.,"A",.,"A",.,"A",.,"A"
"20152","02925624",50,0,"1",2600,"D",650,"D",.,"A",975,"D",60,"D",.,"A",.,"A",1950,"D",150,"D",.,"A",.,"A",.,"A",.,"A"
"20152","02925634",36,0,"1",1536,"F",.,"A",.,"A",800,"F",0,"D",.,"A",.,"A",1244,"F",0,"D",.,"A",.,"A",.,"A",.,"A"
"20152","02925654",33,0,"1",650,"D",130,"D",.,"A",650,"D",0,"D",.,"A",.,"A",520,"D",0,"D",.,"A",.,"A",.,"A",.,"A"
"20152","02925694",23,0,"1",780,"D",130,"D",.,"A",130,"D",0,"D",.,"A",.,"A",650,"D",0,"D",.,"A",.,"A",.,"A",.,"A"
"20152","02925714",25,0,"1",1300,"D",195,"D",.,"A",130,"D",0,"D",.,"A",.,"A",1105,"D",0,"D",63,"D",819,"D",.,"A",.,"A"
"20152","02925764",28,0,"1",1300,"D",195,"D",.,"A",650,"D",0,"D",.,"A",.,"A",1105,"D",0,"D",.,"A",.,"A",.,"A",.,"A"
"20152","02925804",23,0,"1",930,"F",.,"A",.,"A",471,"F",0,"D",.,"A",.,"A",755,"F",0,"D",.,"A",.,"A",.,"A",.,"A"
"20152","02925824",32,0,"1",1560,"D",474,"F",479,"F",260,"D",108,"F",.,"A",.,"A",1805,"F",135,"F",.,"A",.,"A",260,"D",20,"D"
"20152","02925904",23,0,"1",845,"D",195,"D",.,"A",0,"D",0,"D",.,"A",.,"A",650,"D",0,"D",.,"A",.,"A",.,"A",.,"A"
"20152","02925934",72,0,"1",1105,"D",130,"D",.,"A",1560,"D",420,"D",.,"A",.,"A",975,"D",450,"D",.,"A",.,"A",.,"A",.,"A"
"20152","02925944",26,0,"1",975,"D",0,"D",130,"D",650,"D",0,"D",.,"A",.,"A",975,"D",300,"D",.,"A",.,"A",.,"A",.,"A"
"20152","02925954",47,0,"1",650,"D",130,"D",325,"D",390,"D",0,"D",.,"A",.,"A",520,"D",0,"D",.,"A",.,"A",.,"A",.,"A"
"20152","02925984",8,0,"1",2600,"D",650,"D",.,"A",780,"D",0,"D",.,"A",.,"A",1950,"D",0,"D",.,"A",.,"A",.,"A",.,"A"
"20152","02926024",20,0,"1",2600,"D",325,"D",.,"A",650,"D",77,"F",.,"A",.,"A",2275,"D",135,"F",.,"A",.,"A",.,"A",.,"A"
"20152","02926034",22,0,"1",975,"D",0,"D",.,"A",0,"D",0,"D",.,"A",.,"A",975,"D",0,"D",.,"A",.,"A",.,"A",.,"A"
"20152","02926074",52,0,"1",1300,"D",130,"D",.,"A",390,"D",0,"D",.,"A",.,"A",1170,"D",60,"D",.,"A",.,"A",.,"A",.,"A"
"20152","02926124",12,0,"1",195,"D",65,"D",.,"A",260,"D",6,"D",.,"A",.,"A",130,"D",6,"D",.,"A",.,"A",.,"A",.,"A"
"20152","02926134",61,0,"1",3250,"D",650,"D",.,"A",0,"D",120,"D",.,"A",.,"A",2600,"D",0,"D",.,"A",.,"A",.,"A",.,"A"
"20152","02926174",31,0,"1",1560,"D",130,"D",.,"A",390,"D",0,"D",.,"A",.,"A",1430,"D",0,"D",.,"A",.,"A",.,"A",.,"A"
"20152","02926264",36,0,"1",2340,"D",260,"D",.,"A",650,"D",0,"D",.,"A",.,"A",2080,"D",0,"D",.,"A",.,"A",.,"A",.,"A"
"20152","02926374",54,0,"1",975,"D",0,"D",.,"A",0,"D",0,"D",.,"A",.,"A",975,"D",0,"D",.,"A",.,"A",.,"A",.,"A"
"20152","02926394",71,0,"1",624,"D",104,"D",.,"A",208,"D",24,"D",.,"A",.,"A",520,"D",0,"D",.,"A",.,"A",.,"A",.,"A"
"20152","02926534",22,0,"1",780,"D",0,"D",130,"D",130,"D",0,"D",.,"A",.,"A",780,"D",0,"D",40,"D",520,"D",.,"A",.,"A"
"20152","02926604",27,0,"1",1105,"D",130,"D",.,"A",260,"D",0,"D",.,"A",.,"A",975,"D",0,"D",.,"A",.,"A",.,"A",.,"A"
"20152","02926624",57,0,"1",2600,"D",325,"D",.,"A",1950,"D",225,"D",.,"A",210,"D",2275,"D",450,"D",.,"A",.,"A",.,"A",.,"A"
"20152","02926644",30,0,"1",520,"D",228,"F",.,"A",520,"D",0,"D",246,"F",.,"A",755,"F",60,"D",.,"A",.,"A",.,"A",.,"A"
"20152","02926654",51,0,"1",390,"D",130,"D",65,"D",1950,"D",450,"D",.,"A",.,"A",260,"D",1200,"D",.,"A",.,"A",.,"A",.,"A"
"20152","02926664",31,0,"1",975,"D",78,"D",.,"A",260,"D",0,"D",.,"A",.,"A",897,"D",0,"D",.,"A",.,"A",.,"A",.,"A"
"20152","02926714",31,0,"1",1170,"D",195,"D",.,"A",325,"D",0,"D",.,"A",.,"A",975,"D",0,"D",.,"A",.,"A",.,"A",.,"A"
"20152","02926744",79,0,"1",1157,"D",0,"D",.,"A",195,"D",6,"D",.,"A",.,"A",1157,"D",6,"D",.,"A",.,"A",.,"A",.,"A"
"20152","02926754",37,0,"1",2600,"D",390,"D",.,"A",130,"D",0,"D",.,"A",.,"A",2210,"D",0,"D",.,"A",.,"A",.,"A",.,"A"
"20152","02926764",41,0,"1",1300,"D",195,"D",.,"A",260,"D",48,"D",.,"A",.,"A",1105,"D",120,"D",.,"A",.,"A",.,"A",.,"A"
"20152","02926784",65,0,"1",975,"D",130,"D",.,"A",390,"D",0,"D",.,"A",.,"A",845,"D",0,"D",.,"A",.,"A",.,"A",.,"A"
"20152","02926834",82,0,"1",1300,"D",0,"D",.,"A",1560,"D",450,"D",.,"A",.,"A",1300,"D",300,"D",.,"A",.,"A",.,"A",.,"A"
"20152","02926934",25,0,"1",1300,"D",130,"D",65,"D",650,"D",24,"D",.,"A",.,"A",1170,"D",0,"D",.,"A",.,"A",.,"A",.,"A"
"20152","02926944",27,0,"1",1950,"D",336,"F",.,"A",800,"F",0,"D",.,"A",.,"A",1244,"F",0,"D",.,"A",.,"A",.,"A",.,"A"
"20152","02926964",15,0,"1",1690,"D",336,"F",.,"A",0,"D",0,"D",.,"A",.,"A",1244,"F",0,"D",.,"A",.,"A",.,"A",.,"A"
"20152","02926984",35,0,"1",5980,"D",1690,"D",.,"A",0,"D",0,"D",.,"A",.,"A",4290,"D",0,"D",.,"A",.,"A",.,"A",.,"A"
"20152","02926994",36,0,"1",975,"D",195,"D",.,"A",195,"D",30,"D",.,"A",.,"A",780,"D",0,"D",.,"A",.,"A",.,"A",.,"A"
"20152","02927044",50,0,"1",1690,"D",169,"D",.,"A",0,"D",0,"D",.,"A",.,"A",1521,"D",0,"D",20,"D",260,"D",.,"A",.,"A"
"20152","02927074",24,0,"1",1690,"D",585,"D",.,"A",2730,"D",0,"D",.,"A",.,"A",1105,"D",1050,"D",.,"A",.,"A",.,"A",.,"A"
"20152","02927104",38,0,"1",1950,"D",520,"D",.,"A",0,"D",0,"D",.,"A",.,"A",1430,"D",0,"D",.,"A",.,"A",.,"A",.,"A"
"20152","02927114",29,0,"1",325,"D",416,"F",.,"A",801,"F",0,"D",.,"A",540,"D",1810,"F",0,"D",.,"A",.,"A",.,"A",.,"A"
"20152","02927124",28,0,"1",910,"D",390,"D",.,"A",325,"D",6,"D",2275,"D",.,"A",520,"D",6,"D",.,"A",.,"A",.,"A",.,"A"
"20152","02927134",43,0,"1",2600,"D",650,"D",.,"A",780,"D",225,"D",.,"A",260,"D",1950,"D",300,"D",.,"A",.,"A",.,"A",.,"A"
"20152","02927194",30,0,"1",1560,"D",455,"D",286,"D",325,"D",30,"D",.,"A",.,"A",1105,"D",0,"D",.,"A",.,"A",.,"A",.,"A"
"20152","02927224",46,0,"1",1950,"D",390,"D",.,"A",1950,"D",0,"D",.,"A",.,"A",1560,"D",0,"D",.,"A",.,"A",.,"A",.,"A"
"20152","02927264",56,0,"1",1430,"D",195,"D",.,"A",0,"D",0,"D",.,"A",.,"A",1235,"D",0,"D",.,"A",.,"A",.,"A",.,"A"
"20152","02927344",24,0,"1",1430,"D",130,"D",.,"A",1300,"D",77,"F",.,"A",.,"A",1300,"D",135,"F",.,"A",.,"A",.,"A",.,"A"
"20152","02927354",19,0,"1",650,"D",130,"D",.,"A",0,"D",0,"D",.,"A",.,"A",520,"D",0,"D",.,"A",.,"A",.,"A",.,"A"
"20152","02927364",42,0,"1",1885,"D",0,"D",520,"D",780,"D",0,"D",.,"A",.,"A",1885,"D",60,"D",.,"A",.,"A",.,"A",.,"A"
"20152","02927394",20,0,"1",325,"D",0,"D",.,"A",0,"D",0,"D",.,"A",.,"A",325,"D",0,"D",20,"D",260,"D",.,"A",.,"A"
"20152","02927444",30,0,"1",325,"D",65,"D",.,"A",650,"D",0,"D",.,"A",.,"A",260,"D",0,"D",.,"A",.,"A",.,"A",.,"A"
"20152","02927454",68,0,"1",1950,"D",0,"D",.,"A",1300,"D",0,"D",.,"A",.,"A",1950,"D",30,"D",.,"A",.,"A",.,"A",.,"A"
"20152","02927494",35,0,"1",3250,"D",650,"D",650,"D",0,"D",0,"D",.,"A",.,"A",2600,"D",0,"D",.,"A",.,"A",.,"A",.,"A"
"20152","02927504",41,0,"1",1040,"D",130,"D",.,"A",1950,"D",60,"D",.,"A",.,"A",910,"D",0,"D",.,"A",.,"A",.,"A",.,"A"
"20152","02927544",38,0,"1",10400,"D",325,"D",.,"A",1950,"D",300,"D",.,"A",.,"A",10075,"D",150,"D",.,"A",.,"A",.,"A",.,"A"
"20152","02927554",16,0,"1",2340,"D",520,"D",.,"A",1300,"D",0,"D",.,"A",.,"A",1820,"D",0,"D",.,"A",.,"A",.,"A",.,"A"
"20152","02927574",43,0,"1",325,"D",130,"D",.,"A",130,"D",0,"D",.,"A",.,"A",195,"D",75,"D",.,"A",.,"A",.,"A",.,"A"
"20152","02927624",17,0,"1",520,"D",65,"D",.,"A",0,"D",0,"D",.,"A",.,"A",455,"D",0,"D",.,"A",.,"A",.,"A",.,"A"
"20152","02927654",21,0,"1",780,"D",0,"D",.,"A",1300,"D",0,"D",.,"A",.,"A",780,"D",0,"D",.,"A",.,"A",.,"A",.,"A"
"20152","02927664",12,0,"1",650,"D",39,"D",.,"A",0,"D",0,"D",.,"A",.,"A",611,"D",0,"D",.,"A",.,"A",.,"A",.,"A"
"20152","02927724",25,0,"1",2275,"D",130,"D",.,"A",390,"D",0,"D",.,"A",.,"A",2145,"D",0,"D",.,"A",.,"A",.,"A",.,"A"
"20152","02927754",21,0,"1",650,"D",130,"D",.,"A",2600,"D",0,"D",.,"A",.,"A",520,"D",60,"D",24,"D",312,"D",.,"A",.,"A"
"20152","02927764",17,0,"1",2600,"D",650,"D",.,"A",0,"D",0,"D",.,"A",.,"A",1950,"D",0,"D",.,"A",.,"A",.,"A",.,"A"
"20152","02927804",16,0,"1",1625,"D",325,"D",.,"A",1040,"D",27,"D",.,"A",.,"A",1300,"D",0,"D",.,"A",.,"A",.,"A",.,"A"
"20152","02927824",24,0,"1",1300,"D",0,"D",.,"A",650,"D",300,"D",.,"A",.,"A",1300,"D",150,"D",20,"D",260,"D",260,"D",20,"D"
"20152","02927894",46,0,"1",130,"D",0,"D",.,"A",26,"D",0,"D",.,"A",.,"A",130,"D",0,"D",.,"A",.,"A",.,"A",.,"A"
"20152","02927914",72,0,"1",1625,"D",65,"D",130,"D",0,"D",0,"D",.,"A",.,"A",1560,"D",0,"D",.,"A",.,"A",.,"A",.,"A"
"20152","02927944",41,0,"1",1950,"D",585,"D",195,"D",650,"D",90,"D",.,"A",.,"A",1365,"D",30,"D",10,"D",130,"D",.,"A",.,"A"
"20152","02927954",57,0,"1",1690,"D",390,"D",.,"A",1001,"D",0,"D",.,"A",.,"A",1300,"D",0,"D",50,"D",650,"D",.,"A",.,"A"
"20152","02927974",36,0,"1",975,"D",195,"D",.,"A",1040,"D",0,"D",.,"A",.,"A",780,"D",45,"D",.,"A",.,"A",.,"A",.,"A"
"20152","02928024",35,0,"1",1170,"D",195,"D",.,"A",975,"D",0,"D",.,"A",.,"A",975,"D",600,"D",.,"A",.,"A",.,"A",.,"A"
"20152","02928034",33,0,"1",2600,"D",780,"D",.,"A",130,"D",0,"D",.,"A",.,"A",1820,"D",120,"D",.,"A",.,"A",.,"A",.,"A"
"20152","02928174",24,0,"1",2600,"D",650,"D",.,"A",650,"D",0,"D",.,"A",.,"A",1950,"D",0,"D",.,"A",.,"A",.,"A",.,"A"
"20152","02928254",32,0,"1",1950,"D",260,"D",.,"A",650,"D",0,"D",.,"A",.,"A",1690,"D",0,"D",.,"A",.,"A",.,"A",.,"A"
"20152","02928324",48,0,"1",2795,"D",988,"D",.,"A",650,"D",0,"D",.,"A",.,"A",1807,"D",0,"D",.,"A",.,"A",.,"A",.,"A"
"20152","02928354",20,0,"1",2210,"D",325,"D",780,"D",0,"D",0,"D",.,"A",.,"A",1885,"D",0,"D",.,"A",.,"A",.,"A",.,"A"
"20152","02928364",57,0,"1",975,"D",195,"D",.,"A",130,"D",6,"D",.,"A",132,"D",780,"D",6,"D",.,"A",.,"A",.,"A",.,"A"
"20152","02928434",37,0,"1",1300,"D",195,"D",.,"A",650,"D",0,"D",.,"A",.,"A",1105,"D",30,"D",.,"A",.,"A",.,"A",.,"A"
"20152","02928484",12,0,"1",1300,"D",195,"D",.,"A",260,"D",0,"D",.,"A",.,"A",1105,"D",0,"D",30,"D",390,"D",.,"A",.,"A"
"20152","02928554",64,0,"1",1950,"D",260,"D",715,"D",975,"D",0,"D",.,"A",120,"D",1690,"D",0,"D",.,"A",.,"A",.,"A",.,"A"
"20152","02928624",33,0,"1",2600,"D",130,"D",.,"A",390,"D",30,"D",.,"A",.,"A",2470,"D",90,"D",.,"A",.,"A",.,"A",.,"A"
"20152","02928694",9,0,"1",1950,"D",292,"F",.,"A",0,"D",0,"D",.,"A",.,"A",1077,"F",0,"D",.,"A",.,"A",.,"A",.,"A"
"20152","02928704",22,0,"1",2600,"D",1300,"D",.,"A",1950,"D",0,"D",.,"A",.,"A",1300,"D",0,"D",.,"A",.,"A",.,"A",.,"A"
"20152","02928714",33,0,"1",1950,"D",458,"F",325,"D",156,"D",15,"D",.,"A",26,"D",1660,"F",150,"D",.,"A",.,"A",.,"A",.,"A"
"20152","02928764",37,0,"1",1170,"D",260,"D",.,"A",1560,"D",0,"D",.,"A",.,"A",910,"D",0,"D",.,"A",.,"A",.,"A",.,"A"
"20152","02928775",10,0,"1",325,"D",0,"D",.,"A",471,"F",0,"D",.,"A",.,"A",325,"D",150,"D",.,"A",.,"A",.,"A",.,"A"
"20152","02928804",25,0,"1",2600,"D",130,"D",.,"A",390,"D",6,"D",.,"A",.,"A",2470,"D",6,"D",40,"D",520,"D",.,"A",.,"A"
"20152","02928854",39,0,"1",1690,"D",1040,"D",.,"A",0,"D",0,"D",.,"A",.,"A",650,"D",210,"D",56,"D",728,"D",.,"A",.,"A"
"20152","02928874",64,0,"1",1300,"D",390,"D",.,"A",260,"D",6,"D",.,"A",.,"A",910,"D",6,"D",.,"A",.,"A",.,"A",.,"A"
"20152","02928894",29,0,"1",2600,"D",325,"D",.,"A",0,"D",0,"D",.,"A",.,"A",2275,"D",75,"D",.,"A",.,"A",.,"A",.,"A"
"20152","02928904",66,0,"1",3575,"D",780,"D",91,"D",780,"D",0,"D",.,"A",.,"A",2795,"D",0,"D",42,"D",546,"D",.,"A",.,"A"
"20152","02928924",42,0,"1",1950,"D",325,"D",221,"D",2600,"D",75,"D",.,"A",.,"A",1625,"D",100,"F",.,"A",.,"A",.,"A",.,"A"
"20152","02929074",34,0,"1",3250,"D",260,"D",.,"A",1950,"D",6,"D",.,"A",.,"A",2990,"D",0,"D",.,"A",.,"A",.,"A",.,"A"
"20152","02929094",28,0,"1",975,"D",0,"D",.,"A",0,"D",0,"D",.,"A",.,"A",975,"D",0,"D",.,"A",.,"A",.,"A",.,"A"
"20152","02929124",13,0,"1",1300,"D",390,"D",.,"A",156,"D",6,"D",.,"A",.,"A",910,"D",6,"D",.,"A",.,"A",.,"A",.,"A"
"20152","02929174",27,0,"1",1560,"D",325,"D",260,"D",650,"D",150,"D",.,"A",.,"A",1235,"D",210,"D",.,"A",.,"A",.,"A",.,"A"
"20152","02929184",39,0,"1",780,"D",0,"D",.,"A",195,"D",0,"D",.,"A",.,"A",780,"D",0,"D",40,"D",520,"D",.,"A",.,"A"
"20152","02929254",14,0,"1",1300,"D",390,"D",.,"A",0,"D",0,"D",.,"A",.,"A",910,"D",75,"D",.,"A",.,"A",65,"D",5,"D"
"20152","02929284",32,0,"1",2600,"D",650,"D",.,"A",780,"D",0,"D",.,"A",.,"A",1950,"D",0,"D",.,"A",.,"A",.,"A",.,"A"
"20152","02929354",24,0,"1",1300,"D",130,"D",.,"A",1300,"D",0,"D",.,"A",180,"D",1170,"D",0,"D",.,"A",.,"A",.,"A",.,"A"
"20152","02929365",57,0,"1",780,"D",195,"D",.,"A",2080,"D",0,"D",.,"A",.,"A",585,"D",0,"D",.,"A",.,"A",.,"A",.,"A"
"20152","02929404",42,0,"1",975,"D",195,"D",.,"A",390,"D",0,"D",.,"A",.,"A",780,"D",0,"D",.,"A",.,"A",.,"A",.,"A"
"20152","02929444",32,0,"1",897,"D",65,"D",.,"A",325,"D",0,"D",.,"A",.,"A",832,"D",0,"D",.,"A",.,"A",.,"A",.,"A"
"20152","02929464",27,0,"1",3250,"D",520,"D",.,"A",0,"D",0,"D",.,"A",.,"A",2730,"D",0,"D",.,"A",.,"A",.,"A",.,"A"
"20152","02929484",19,0,"1",1950,"D",130,"D",.,"A",780,"D",0,"D",.,"A",.,"A",1820,"D",6,"D",.,"A",.,"A",.,"A",.,"A"
"20152","02929554",34,0,"1",1170,"D",390,"D",195,"D",520,"D",45,"D",.,"A",.,"A",780,"D",90,"D",.,"A",.,"A",.,"A",.,"A"
"20152","02929564",40,0,"1",650,"D",260,"D",.,"A",130,"D",0,"D",.,"A",.,"A",390,"D",0,"D",10,"D",130,"D",.,"A",.,"A"
"20152","02929594",29,0,"1",1300,"D",0,"D",.,"A",273,"D",0,"D",.,"A",.,"A",1300,"D",0,"D",.,"A",.,"A",.,"A",.,"A"
"20152","02929614",25,0,"1",1424,"F",.,"A",275,"F",661,"F",117,"F",.,"A",.,"A",1135,"F",100,"F",.,"A",.,"A",.,"A",.,"A"
"20152","02929644",43,0,"1",1950,"D",260,"D",.,"A",325,"D",0,"D",.,"A",.,"A",1690,"D",135,"F",.,"A",.,"A",.,"A",.,"A"
"20152","02929744",23,0,"1",3900,"D",359,"F",.,"A",0,"D",0,"D",.,"A",.,"A",1770,"F",0,"D",.,"A",.,"A",.,"A",.,"A"
"20152","02929754",24,0,"1",325,"D",65,"D",.,"A",195,"D",120,"D",.,"A",.,"A",260,"D",120,"D",.,"A",.,"A",.,"A",.,"A"
"20152","02929804",20,0,"1",780,"D",0,"D",.,"A",471,"F",0,"D",.,"A",.,"A",780,"D",0,"D",.,"A",.,"A",.,"A",.,"A"
"20152","02929844",65,0,"1",1950,"D",650,"D",.,"A",650,"D",0,"D",.,"A",.,"A",1300,"D",45,"D",.,"A",.,"A",.,"A",.,"A"
"20152","02929934",23,0,"1",650,"D",0,"D",.,"A",390,"D",0,"D",.,"A",.,"A",650,"D",0,"D",21,"D",273,"D",.,"A",.,"A"
"20152","02929954",31,0,"1",1170,"D",0,"D",650,"D",650,"D",0,"D",.,"A",.,"A",1170,"D",0,"D",.,"A",.,"A",.,"A",.,"A"
"20152","02930014",41,0,"1",1625,"D",260,"D",195,"D",1560,"D",0,"D",.,"A",.,"A",1365,"D",0,"D",.,"A",.,"A",.,"A",.,"A"
"20152","02930044",22,0,"1",650,"D",130,"D",.,"A",195,"D",0,"D",.,"A",.,"A",520,"D",0,"D",.,"A",.,"A",.,"A",.,"A"
"20152","02930064",29,0,"1",4550,"D",455,"D",.,"A",325,"D",75,"D",.,"A",.,"A",4095,"D",300,"D",.,"A",.,"A",.,"A",.,"A"
"20152","02930074",55,0,"1",1300,"D",325,"D",1300,"D",1300,"D",0,"D",.,"A",.,"A",975,"D",0,"D",.,"A",.,"A",.,"A",.,"A"
"20152","02930084",54,0,"1",910,"D",130,"D",.,"A",325,"D",0,"D",.,"A",.,"A",780,"D",90,"D",.,"A",.,"A",.,"A",.,"A"
"20152","02930124",45,0,"1",1690,"D",414,"F",260,"D",975,"D",0,"D",.,"A",.,"A",1528,"F",0,"D",.,"A",.,"A",.,"A",.,"A"
"20152","02930144",13,0,"1",104,"D",0,"D",.,"A",0,"D",0,"D",.,"A",.,"A",104,"D",0,"D",.,"A",.,"A",.,"A",.,"A"
"20152","02930174",9,0,"1",390,"D",65,"D",.,"A",0,"D",0,"D",.,"A",.,"A",325,"D",0,"D",12,"D",156,"D",.,"A",.,"A"
"20152","02930244",44,0,"1",2600,"D",260,"D",.,"A",325,"D",0,"D",.,"A",.,"A",2340,"D",0,"D",.,"A",.,"A",.,"A",.,"A"
"20152","02930264",36,0,"1",650,"D",65,"D",.,"A",260,"D",0,"D",.,"A",.,"A",585,"D",60,"D",.,"A",.,"A",.,"A",.,"A"
"20152","02930394",31,0,"1",2600,"D",650,"D",.,"A",130,"D",0,"D",.,"A",.,"A",1950,"D",0,"D",.,"A",.,"A",.,"A",.,"A"
"20152","02930404",10,0,"1",2600,"D",455,"D",.,"A",780,"D",0,"D",.,"A",.,"A",2145,"D",0,"D",.,"A",.,"A",.,"A",.,"A"
"20152","02930454",41,0,"1",1300,"D",195,"D",.,"A",650,"D",300,"D",.,"A",.,"A",1105,"D",60,"D",.,"A",.,"A",.,"A",.,"A"
"20152","02930494",35,0,"1",520,"D",195,"D",.,"A",325,"D",0,"D",.,"A",.,"A",325,"D",0,"D",.,"A",.,"A",.,"A",.,"A"
"20152","02930504",34,0,"1",1950,"D",260,"D",.,"A",0,"D",0,"D",.,"A",.,"A",1690,"D",0,"D",.,"A",.,"A",.,"A",.,"A"
"20152","02930514",15,0,"1",325,"D",39,"D",.,"A",780,"D",0,"D",.,"A",.,"A",286,"D",0,"D",.,"A",.,"A",.,"A",.,"A"
"20152","02930554",20,0,"1",2275,"D",0,"D",.,"A",130,"D",0,"D",.,"A",.,"A",2275,"D",0,"D",.,"A",.,"A",.,"A",.,"A"
"20152","02930584",20,0,"1",1300,"D",0,"D",.,"A",0,"D",0,"D",.,"A",.,"A",1300,"D",0,"D",.,"A",.,"A",.,"A",.,"A"
"20152","02930594",12,0,"1",780,"D",186,"F",.,"A",327,"F",6,"D",.,"A",.,"A",642,"F",6,"D",.,"A",.,"A",.,"A",.,"A"
"20152","02930644",26,0,"1",1625,"D",0,"D",260,"D",325,"D",6,"D",.,"A",.,"A",1625,"D",6,"D",.,"A",.,"A",.,"A",.,"A"
"20152","02930674",21,0,"1",1300,"D",186,"F",.,"A",327,"F",86,"F",.,"A",.,"A",642,"F",91,"F",.,"A",.,"A",.,"A",.,"A"
"20152","02930694",25,0,"1",1950,"D",325,"D",.,"A",390,"D",0,"D",.,"A",390,"D",1625,"D",0,"D",.,"A",.,"A",.,"A",.,"A"
"20152","02930734",60,0,"1",3250,"D",1300,"D",.,"A",650,"D",0,"D",.,"A",210,"D",1950,"D",0,"D",.,"A",.,"A",.,"A",.,"A"
"20152","02930744",91,0,"1",3250,"D",520,"D",.,"A",975,"D",0,"D",.,"A",.,"A",2730,"D",60,"D",.,"A",.,"A",.,"A",.,"A"
"20152","02930754",38,0,"1",975,"D",260,"D",.,"A",520,"D",150,"D",.,"A",.,"A",715,"D",90,"D",.,"A",.,"A",.,"A",.,"A"
"20152","02930764",43,0,"1",1105,"D",260,"D",.,"A",0,"D",0,"D",.,"A",.,"A",845,"D",0,"D",100,"D",1300,"D",.,"A",.,"A"
"20152","02930774",38,0,"1",930,"F",1300,"D",1300,"D",1950,"D",0,"D",.,"A",.,"A",755,"F",0,"D",.,"A",.,"A",.,"A",.,"A"
"20152","02930804",26,0,"1",3250,"D",650,"D",.,"A",1040,"D",0,"D",.,"A",.,"A",2600,"D",225,"D",.,"A",.,"A",.,"A",.,"A"
"20152","02930814",40,0,"1",1417,"D",390,"D",.,"A",975,"D",90,"D",.,"A",.,"A",1027,"D",90,"D",.,"A",.,"A",.,"A",.,"A"
"20152","02930885",27,0,"1",910,"D",0,"D",.,"A",0,"D",0,"D",.,"A",.,"A",910,"D",0,"D",.,"A",.,"A",.,"A",.,"A"
"20152","02930894",26,0,"1",1105,"D",65,"D",.,"A",780,"D",0,"D",.,"A",.,"A",1040,"D",0,"D",.,"A",.,"A",.,"A",.,"A"
"20152","02930964",13,0,"1",1300,"D",130,"D",.,"A",390,"D",0,"D",.,"A",.,"A",1170,"D",0,"D",.,"A",.,"A",.,"A",.,"A"
"20152","02931054",11,0,"1",1536,"F",.,"A",.,"A",800,"F",175,"F",.,"A",.,"A",1244,"F",0,"D",.,"A",.,"A",.,"A",.,"A"
"20152","02931074",33,0,"1",1300,"D",325,"D",130,"D",650,"D",0,"D",.,"A",.,"A",975,"D",0,"D",.,"A",.,"A",.,"A",.,"A"
"20152","02931084",10,0,"1",650,"D",0,"D",.,"A",0,"D",0,"D",.,"A",.,"A",650,"D",0,"D",.,"A",.,"A",.,"A",.,"A"
"20152","02931164",22,0,"1",2600,"D",325,"D",.,"A",1950,"D",0,"D",.,"A",.,"A",2275,"D",0,"D",.,"A",.,"A",.,"A",.,"A"
"20152","02931194",11,0,"1",1040,"D",260,"D",.,"A",0,"D",6,"D",.,"A",.,"A",780,"D",6,"D",.,"A",.,"A",.,"A",.,"A"
"20152","02931214",37,0,"1",3900,"D",0,"D",.,"A",390,"D",0,"D",.,"A",.,"A",3900,"D",0,"D",.,"A",.,"A",.,"A",.,"A"
"20152","02931244",46,0,"1",3900,"D",1300,"D",.,"A",0,"D",225,"D",.,"A",.,"A",2600,"D",240,"D",.,"A",.,"A",.,"A",.,"A"
"20152","02931254",47,0,"1",1950,"D",390,"D",.,"A",390,"D",90,"D",.,"A",.,"A",1560,"D",90,"D",.,"A",.,"A",.,"A",.,"A"
"20152","02931274",22,0,"1",1536,"F",.,"A",.,"A",0,"D",0,"D",.,"A",.,"A",1244,"F",0,"D",.,"A",.,"A",.,"A",.,"A"
"20152","02931294",15,0,"1",1950,"D",390,"D",.,"A",0,"D",6,"D",.,"A",.,"A",1560,"D",6,"D",.,"A",.,"A",.,"A",.,"A"
"20152","02931304",34,0,"1",1300,"D",325,"D",.,"A",1300,"D",0,"D",.,"A",.,"A",975,"D",360,"D",25,"D",325,"D",.,"A",.,"A"
"20152","02931324",59,0,"1",1560,"D",65,"D",.,"A",156,"D",0,"D",.,"A",.,"A",1495,"D",6,"D",.,"A",.,"A",.,"A",.,"A"
"20152","02931334",29,0,"1",3250,"D",325,"D",.,"A",910,"D",140,"F",.,"A",.,"A",2925,"D",189,"F",.,"A",.,"A",195,"D",15,"D"
"20152","02931344",20,0,"1",2210,"D",260,"D",.,"A",520,"D",0,"D",.,"A",.,"A",1950,"D",0,"D",.,"A",.,"A",.,"A",.,"A"
"20152","02931394",33,0,"1",5200,"D",520,"D",.,"A",0,"D",0,"D",.,"A",.,"A",4680,"D",0,"D",.,"A",.,"A",.,"A",.,"A"
"20152","02931444",34,0,"1",1625,"D",130,"D",.,"A",0,"D",0,"D",.,"A",.,"A",1495,"D",120,"D",60,"D",780,"D",.,"A",.,"A"
"20152","02931454",24,0,"1",1300,"D",260,"D",.,"A",390,"D",0,"D",.,"A",.,"A",1040,"D",0,"D",.,"A",.,"A",.,"A",.,"A"
"20152","02931484",28,0,"1",325,"D",130,"D",.,"A",130,"D",0,"D",.,"A",.,"A",195,"D",0,"D",.,"A",.,"A",.,"A",.,"A"
"20152","02931564",13,0,"1",390,"D",0,"D",.,"A",130,"D",0,"D",.,"A",.,"A",390,"D",0,"D",.,"A",.,"A",.,"A",.,"A"
"20152","02931574",66,0,"1",5200,"D",195,"D",.,"A",650,"D",90,"D",.,"A",.,"A",5005,"D",0,"D",.,"A",.,"A",.,"A",.,"A"
"20152","02931624",16,0,"1",910,"D",65,"D",.,"A",0,"D",0,"D",.,"A",.,"A",845,"D",0,"D",.,"A",.,"A",.,"A",.,"A"
"20152","02931655",15,0,"1",390,"D",130,"D",.,"A",0,"D",90,"D",.,"A",.,"A",260,"D",45,"D",.,"A",.,"A",.,"A",.,"A"
"20152","02931664",74,0,"1",1950,"D",325,"D",.,"A",975,"D",0,"D",.,"A",.,"A",1625,"D",0,"D",.,"A",.,"A",.,"A",.,"A"
"20152","02931674",52,0,"1",4550,"D",325,"D",.,"A",325,"D",60,"D",.,"A",.,"A",4225,"D",120,"D",.,"A",.,"A",.,"A",.,"A"
"20152","02931724",34,0,"1",3861,"D",336,"F",2613,"D",0,"D",0,"D",.,"A",.,"A",1244,"F",0,"D",.,"A",.,"A",.,"A",.,"A"
"20152","02931754",25,0,"1",1105,"D",65,"D",.,"A",325,"D",0,"D",.,"A",.,"A",1040,"D",30,"D",.,"A",.,"A",.,"A",.,"A"
"20152","02931784",23,0,"1",1950,"D",650,"D",.,"A",780,"D",0,"D",.,"A",.,"A",1300,"D",60,"D",.,"A",.,"A",.,"A",.,"A"
"20152","02931834",11,0,"1",1300,"D",195,"D",.,"A",0,"D",6,"D",.,"A",.,"A",1105,"D",45,"D",.,"A",.,"A",130,"D",10,"D"
"20152","02931904",11,0,"1",650,"D",130,"D",.,"A",520,"D",6,"D",.,"A",.,"A",520,"D",6,"D",.,"A",.,"A",.,"A",.,"A"
"20152","02931914",20,0,"1",650,"D",130,"D",.,"A",0,"D",0,"D",.,"A",.,"A",520,"D",0,"D",.,"A",.,"A",.,"A",.,"A"
"20152","02931924",37,0,"1",2600,"D",520,"D",.,"A",650,"D",0,"D",.,"A",.,"A",2080,"D",0,"D",.,"A",.,"A",.,"A",.,"A"
"20152","02931934",47,0,"1",4550,"D",2275,"D",.,"A",650,"D",0,"D",.,"A",.,"A",2275,"D",0,"D",.,"A",.,"A",.,"A",.,"A"
"20152","02931944",39,0,"1",3250,"D",650,"D",.,"A",1300,"D",0,"D",.,"A",120,"D",2600,"D",300,"D",.,"A",.,"A",.,"A",.,"A"
"20152","02931954",27,0,"1",1625,"D",325,"D",.,"A",650,"D",0,"D",.,"A",.,"A",1300,"D",0,"D",.,"A",.,"A",.,"A",.,"A"
"20152","02931964",39,0,"1",2600,"D",0,"D",.,"A",0,"D",0,"D",.,"A",.,"A",2600,"D",0,"D",.,"A",.,"A",.,"A",.,"A"
"20152","02932024",25,0,"1",1300,"D",195,"D",.,"A",195,"D",0,"D",.,"A",.,"A",1105,"D",0,"D",.,"A",.,"A",.,"A",.,"A"
"20152","02932064",18,0,"1",1950,"D",0,"D",.,"A",156,"D",0,"D",.,"A",.,"A",1950,"D",0,"D",.,"A",.,"A",.,"A",.,"A"
"20152","02932144",42,0,"1",1300,"D",195,"D",130,"D",3250,"D",30,"D",.,"A",.,"A",1105,"D",0,"D",.,"A",.,"A",.,"A",.,"A"
"20152","02932174",42,0,"1",6500,"D",650,"D",.,"A",1300,"D",0,"D",.,"A",.,"A",5850,"D",0,"D",.,"A",.,"A",.,"A",.,"A"
"20152","02932204",38,0,"1",1424,"F",.,"A",.,"A",661,"F",0,"D",.,"A",.,"A",1135,"F",0,"D",.,"A",.,"A",.,"A",.,"A"
"20152","02932224",61,0,"1",2600,"D",0,"D",.,"A",702,"D",220,"F",.,"A",.,"A",2600,"D",720,"D",.,"A",.,"A",.,"A",.,"A"
"20152","02932234",60,0,"1",1885,"D",858,"D",.,"A",637,"D",54,"D",.,"A",.,"A",1027,"D",0,"D",.,"A",.,"A",.,"A",.,"A"
"20152","02932254",33,0,"1",1625,"D",0,"D",.,"A",1300,"D",150,"D",.,"A",.,"A",1625,"D",300,"D",.,"A",.,"A",.,"A",.,"A"
"20152","02932274",30,0,"1",1950,"D",260,"D",.,"A",0,"D",0,"D",.,"A",.,"A",1690,"D",0,"D",.,"A",.,"A",.,"A",.,"A"
"20152","02932344",73,0,"1",2327,"D",377,"D",.,"A",1950,"D",6,"D",.,"A",.,"A",1950,"D",6,"D",.,"A",.,"A",.,"A",.,"A"
"20152","02932354",63,0,"1",1300,"D",260,"D",.,"A",1300,"D",175,"F",.,"A",.,"A",1040,"D",168,"F",.,"A",.,"A",.,"A",.,"A"
"20152","02932364",55,0,"1",1625,"D",130,"D",.,"A",390,"D",30,"D",.,"A",.,"A",1495,"D",90,"D",84,"D",1092,"D",.,"A",.,"A"
"20152","02932404",26,0,"1",455,"D",130,"D",.,"A",260,"D",0,"D",.,"A",.,"A",325,"D",0,"D",.,"A",.,"A",.,"A",.,"A"
"20152","02932434",46,0,"1",1300,"D",195,"D",.,"A",260,"D",6,"D",.,"A",.,"A",1105,"D",6,"D",.,"A",.,"A",.,"A",.,"A"
"20152","02932454",53,0,"1",1300,"D",325,"D",.,"A",130,"D",60,"D",.,"A",.,"A",975,"D",180,"D",.,"A",.,"A",.,"A",.,"A"
"20152","02932474",14,0,"1",0,"D",.,"A",.,"A",143,"D",158,"F",.,"A",.,"A",0,"D",104,"F",.,"A",.,"A",.,"A",.,"A"
"20152","02932524",33,0,"1",2600,"D",390,"D",.,"A",845,"D",0,"D",.,"A",.,"A",2210,"D",0,"D",6,"D",78,"D",.,"A",.,"A"
"20152","02932564",35,0,"1",780,"D",156,"D",.,"A",0,"D",0,"D",.,"A",.,"A",624,"D",0,"D",.,"A",.,"A",.,"A",.,"A"
"20152","02932604",36,0,"1",2600,"D",455,"D",.,"A",1300,"D",60,"D",.,"A",.,"A",2145,"D",0,"D",.,"A",.,"A",.,"A",.,"A"
"20152","02932634",31,0,"1",390,"D",0,"D",.,"A",260,"D",0,"D",.,"A",.,"A",390,"D",0,"D",.,"A",.,"A",.,"A",.,"A"
"20152","02932664",37,0,"1",1950,"D",520,"D",.,"A",1300,"D",0,"D",.,"A",.,"A",1430,"D",300,"D",.,"A",.,"A",.,"A",.,"A"
"20152","02932684",25,0,"1",1950,"D",650,"D",.,"A",0,"D",0,"D",.,"A",.,"A",1300,"D",0,"D",45,"D",585,"D",.,"A",.,"A"
"20152","02932694",48,0,"1",780,"D",390,"D",.,"A",260,"D",0,"D",130,"D",.,"A",390,"D",48,"D",.,"A",.,"A",.,"A",.,"A"
"20152","02932704",77,0,"1",1950,"D",520,"D",.,"A",1300,"D",30,"D",.,"A",360,"D",1430,"D",90,"D",.,"A",.,"A",.,"A",.,"A"
"20152","02932734",27,0,"1",1300,"D",260,"D",.,"A",325,"D",0,"D",.,"A",.,"A",1040,"D",0,"D",.,"A",.,"A",.,"A",.,"A"
"20152","02932834",25,0,"1",975,"D",390,"D",.,"A",260,"D",0,"D",.,"A",.,"A",585,"D",60,"D",.,"A",.,"A",.,"A",.,"A"
"20152","02932844",52,0,"1",650,"D",195,"D",.,"A",0,"D",0,"D",.,"A",.,"A",455,"D",0,"D",.,"A",.,"A",.,"A",.,"A"
"20152","02932884",28,0,"1",1950,"D",520,"D",650,"D",910,"D",0,"D",.,"A",.,"A",1430,"D",91,"F",.,"A",.,"A",.,"A",.,"A"
"20152","02932894",24,0,"1",2275,"D",260,"D",.,"A",260,"D",0,"D",.,"A",.,"A",2015,"D",0,"D",50,"D",650,"D",.,"A",.,"A"
"20152","02932904",49,0,"1",1560,"D",520,"D",.,"A",650,"D",60,"D",.,"A",.,"A",1040,"D",330,"D",.,"A",.,"A",.,"A",.,"A"
"20152","02932934",53,0,"1",910,"D",260,"D",.,"A",1300,"D",60,"D",.,"A",.,"A",650,"D",30,"D",.,"A",.,"A",.,"A",.,"A"
"20152","02932954",72,0,"1",2600,"D",325,"D",260,"D",650,"D",0,"D",.,"A",180,"D",2275,"D",45,"D",.,"A",.,"A",.,"A",.,"A"
"20152","02933004",34,0,"1",1040,"D",130,"D",.,"A",1300,"D",450,"D",.,"A",.,"A",910,"D",300,"D",.,"A",.,"A",.,"A",.,"A"
"20152","02933034",37,0,"1",3575,"D",390,"D",.,"A",0,"D",0,"D",.,"A",.,"A",3185,"D",60,"D",.,"A",.,"A",.,"A",.,"A"
"20152","02933064",23,0,"1",260,"D",26,"D",.,"A",169,"D",0,"D",.,"A",.,"A",234,"D",75,"D",40,"D",520,"D",.,"A",.,"A"
"20152","02933134",62,0,"1",1950,"D",325,"D",.,"A",975,"D",150,"D",.,"A",150,"D",1625,"D",150,"D",.,"A",.,"A",.,"A",.,"A"
"20152","02933194",14,0,"1",1300,"D",130,"D",.,"A",130,"D",0,"D",220,"D",.,"A",1170,"D",0,"D",.,"A",.,"A",.,"A",.,"A"
"20152","02933234",25,0,"1",650,"D",130,"D",260,"D",390,"D",0,"D",.,"A",.,"A",520,"D",0,"D",.,"A",.,"A",.,"A",.,"A"
"20152","02933254",23,0,"1",1950,"D",0,"D",130,"D",650,"D",0,"D",.,"A",.,"A",1950,"D",0,"D",.,"A",.,"A",.,"A",.,"A"
"20152","02933324",35,0,"1",1950,"D",780,"D",.,"A",0,"D",0,"D",.,"A",.,"A",1170,"D",0,"D",.,"A",.,"A",.,"A",.,"A"
"20152","02933354",28,0,"1",169,"D",39,"D",.,"A",546,"D",225,"D",625,"D",.,"A",130,"D",150,"D",.,"A",.,"A",.,"A",.,"A"
"20152","02933394",9,0,"1",0,"D",.,"A",.,"A",0,"D",0,"D",.,"A",.,"A",0,"D",0,"D",.,"A",.,"A",.,"A",.,"A"
"20152","02933404",19,0,"1",1040,"D",130,"D",260,"D",260,"D",0,"D",.,"A",.,"A",910,"D",30,"D",22,"D",286,"D",.,"A",.,"A"
"20152","02933414",25,0,"1",455,"D",65,"D",.,"A",260,"D",300,"D",.,"A",.,"A",390,"D",0,"D",.,"A",.,"A",.,"A",.,"A"
"20152","02933454",34,0,"1",2600,"D",650,"D",.,"A",1300,"D",0,"D",.,"A",.,"A",1950,"D",0,"D",.,"A",.,"A",.,"A",.,"A"
"20152","02933514",37,0,"1",3250,"D",650,"D",650,"D",650,"D",0,"D",.,"A",.,"A",2600,"D",0,"D",.,"A",.,"A",.,"A",.,"A"
"20152","02933544",18,0,"1",1560,"D",260,"D",.,"A",0,"D",0,"D",.,"A",.,"A",1300,"D",0,"D",.,"A",.,"A",.,"A",.,"A"
"20152","02933614",45,0,"1",910,"D",260,"D",.,"A",130,"D",18,"D",.,"A",.,"A",650,"D",0,"D",.,"A",.,"A",.,"A",.,"A"
"20152","02933634",24,0,"1",1950,"D",130,"D",.,"A",650,"D",0,"D",.,"A",20,"D",1820,"D",0,"D",.,"A",.,"A",.,"A",.,"A"
"20152","02933644",28,0,"1",1300,"D",104,"D",.,"A",390,"D",147,"F",.,"A",.,"A",1196,"D",30,"D",.,"A",.,"A",.,"A",.,"A"
"20152","02933664",48,0,"1",455,"D",65,"D",.,"A",520,"D",0,"D",.,"A",.,"A",390,"D",0,"D",.,"A",.,"A",.,"A",.,"A"
"20152","02933684",16,0,"1",1300,"D",650,"D",.,"A",1300,"D",450,"D",.,"A",.,"A",650,"D",450,"D",.,"A",.,"A",.,"A",.,"A"
"20152","02933734",48,0,"1",1433,"F",.,"A",.,"A",5200,"D",120,"D",.,"A",.,"A",1152,"F",0,"D",.,"A",.,"A",.,"A",.,"A"
"20152","02944264",10,0,"1",0,"D",.,"A",.,"A",2600,"D",0,"D",.,"A",.,"A",0,"D",0,"D",.,"A",.,"A",.,"A",.,"A"
"20152","02944384",51,0,"1",3250,"D",780,"D",260,"D",1040,"D",0,"D",.,"A",.,"A",2470,"D",0,"D",.,"A",.,"A",.,"A",.,"A"
"20152","02944474",19,0,"1",520,"D",195,"D",.,"A",0,"D",0,"D",.,"A",.,"A",325,"D",0,"D",20,"D",260,"D",.,"A",.,"A"
"20152","02944484",32,0,"1",5200,"D",650,"D",.,"A",1300,"D",0,"D",.,"A",.,"A",4550,"D",0,"D",.,"A",.,"A",.,"A",.,"A"
"20152","02944544",38,0,"1",1131,"D",130,"D",.,"A",0,"D",0,"D",.,"A",.,"A",1001,"D",0,"D",.,"A",.,"A",.,"A",.,"A"
"20152","02944564",20,0,"1",2600,"D",195,"D",.,"A",0,"D",0,"D",.,"A",.,"A",2405,"D",0,"D",15,"D",195,"D",.,"A",.,"A"
"20152","02944574",23,0,"1",2600,"D",390,"D",.,"A",0,"D",0,"D",.,"A",.,"A",2210,"D",0,"D",.,"A",.,"A",.,"A",.,"A"
"20152","02944584",32,0,"1",2600,"D",650,"D",.,"A",650,"D",0,"D",.,"A",.,"A",1950,"D",0,"D",.,"A",.,"A",.,"A",.,"A"
"20152","02944624",36,0,"1",1950,"D",390,"D",.,"A",2600,"D",150,"D",.,"A",120,"D",1560,"D",0,"D",.,"A",.,"A",.,"A",.,"A"
"20152","02944674",13,0,"1",1105,"D",130,"D",.,"A",325,"D",0,"D",.,"A",.,"A",975,"D",0,"D",.,"A",.,"A",.,"A",.,"A"
"20152","02944714",8,0,"1",780,"D",130,"D",.,"A",471,"F",0,"D",.,"A",.,"A",650,"D",0,"D",.,"A",.,"A",.,"A",.,"A"
"20152","02944754",65,0,"1",1300,"D",260,"D",.,"A",975,"D",0,"D",.,"A",.,"A",1040,"D",60,"D",.,"A",.,"A",.,"A",.,"A"
"20152","02944804",41,0,"1",1950,"D",520,"D",.,"A",4550,"D",420,"D",.,"A",.,"A",1430,"D",0,"D",.,"A",.,"A",.,"A",.,"A"
"20152","02944844",43,0,"1",1300,"D",325,"D",.,"A",260,"D",0,"D",.,"A",.,"A",975,"D",0,"D",.,"A",.,"A",.,"A",.,"A"
"20152","02944864",30,0,"1",780,"D",156,"D",.,"A",390,"D",105,"D",.,"A",.,"A",624,"D",105,"D",.,"A",.,"A",.,"A",.,"A"
"20152","02944894",46,0,"1",845,"D",0,"D",260,"D",585,"D",6,"D",.,"A",.,"A",845,"D",6,"D",.,"A",.,"A",.,"A",.,"A"
"20152","02944994",24,0,"1",1560,"D",195,"D",.,"A",0,"D",0,"D",.,"A",.,"A",1365,"D",0,"D",75,"D",975,"D",.,"A",.,"A"
"20152","02945064",64,0,"1",3900,"D",355,"F",650,"D",3250,"D",600,"D",.,"A",.,"A",1220,"F",600,"D",.,"A",.,"A",.,"A",.,"A"
"20152","02945124",22,0,"1",1820,"D",195,"D",.,"A",195,"D",0,"D",.,"A",.,"A",1625,"D",0,"D",.,"A",.,"A",.,"A",.,"A"
"20152","02945134",18,0,"1",585,"D",195,"D",130,"D",0,"D",0,"D",.,"A",.,"A",390,"D",0,"D",.,"A",.,"A",260,"D",20,"D"
"20152","02945164",27,0,"1",650,"D",13,"D",.,"A",130,"D",0,"D",.,"A",.,"A",637,"D",0,"D",.,"A",.,"A",.,"A",.,"A"
"20152","02945244",38,0,"1",1560,"D",260,"D",.,"A",260,"D",60,"D",.,"A",225,"D",1300,"D",90,"D",.,"A",.,"A",.,"A",.,"A"
"20152","02945324",20,0,"1",2275,"D",325,"D",455,"D",1950,"D",0,"D",.,"A",.,"A",1950,"D",0,"D",.,"A",.,"A",.,"A",.,"A"
"20152","02945334",41,0,"1",1625,"D",130,"D",.,"A",520,"D",0,"D",.,"A",.,"A",1495,"D",0,"D",.,"A",.,"A",.,"A",.,"A"
"20152","02945344",38,0,"1",2600,"D",455,"D",.,"A",520,"D",0,"D",.,"A",.,"A",2145,"D",0,"D",.,"A",.,"A",.,"A",.,"A"
"20152","02945434",109,0,"1",2275,"D",325,"D",.,"A",585,"D",60,"D",.,"A",.,"A",1950,"D",30,"D",.,"A",.,"A",.,"A",.,"A"
"20152","02945444",51,0,"1",2275,"D",260,"D",.,"A",1300,"D",90,"D",.,"A",.,"A",2015,"D",180,"D",.,"A",.,"A",.,"A",.,"A"
"20152","02945514",36,0,"1",2600,"D",650,"D",65,"D",585,"D",60,"D",.,"A",.,"A",1950,"D",150,"D",.,"A",.,"A",.,"A",.,"A"
"20152","02945544",26,0,"1",975,"D",260,"D",.,"A",650,"D",300,"D",.,"A",.,"A",715,"D",150,"D",.,"A",.,"A",.,"A",.,"A"
"20152","02945584",43,0,"1",2600,"D",0,"D",65,"D",780,"D",0,"D",.,"A",.,"A",2600,"D",0,"D",.,"A",.,"A",.,"A",.,"A"
"20152","02945594",66,0,"1",2470,"D",520,"D",520,"D",650,"D",150,"D",.,"A",.,"A",1950,"D",3,"D",.,"A",.,"A",.,"A",.,"A"
"20152","02945664",42,0,"1",2080,"D",650,"D",156,"D",780,"D",6,"D",.,"A",.,"A",1430,"D",6,"D",.,"A",.,"A",.,"A",.,"A"
"20152","02945764",25,0,"1",780,"D",211,"F",287,"F",520,"D",103,"F",.,"A",.,"A",748,"F",116,"F",.,"A",.,"A",.,"A",.,"A"
"20152","02945814",23,0,"1",1300,"D",0,"D",.,"A",130,"D",77,"F",.,"A",.,"A",1300,"D",135,"F",.,"A",.,"A",.,"A",.,"A"
"20152","02945824",15,0,"1",650,"D",260,"D",.,"A",520,"D",0,"D",.,"A",.,"A",390,"D",0,"D",.,"A",.,"A",.,"A",.,"A"
"20152","02945844",36,0,"1",2340,"D",390,"D",.,"A",520,"D",0,"D",.,"A",.,"A",1950,"D",120,"D",.,"A",.,"A",.,"A",.,"A"
"20152","02945854",44,0,"1",1625,"D",260,"D",.,"A",130,"D",0,"D",.,"A",.,"A",1365,"D",0,"D",.,"A",.,"A",.,"A",.,"A"
"20152","02945864",31,0,"1",1170,"D",520,"D",.,"A",0,"D",0,"D",.,"A",.,"A",650,"D",0,"D",.,"A",.,"A",.,"A",.,"A"
"20152","02945894",26,0,"1",1950,"D",130,"D",.,"A",1950,"D",0,"D",.,"A",.,"A",1820,"D",360,"D",.,"A",.,"A",.,"A",.,"A"
"20152","02945914",40,0,"1",975,"D",195,"D",.,"A",325,"D",0,"D",.,"A",.,"A",780,"D",0,"D",.,"A",.,"A",.,"A",.,"A"
"20152","02945924",18,0,"1",793,"F",.,"A",.,"A",260,"D",0,"D",.,"A",.,"A",642,"F",0,"D",.,"A",.,"A",.,"A",.,"A"
"20152","02945934",31,0,"1",1300,"D",0,"D",.,"A",390,"D",0,"D",.,"A",.,"A",1300,"D",0,"D",.,"A",.,"A",.,"A",.,"A"
"20152","02945964",63,0,"1",2600,"D",260,"D",130,"D",260,"D",6,"D",.,"A",.,"A",2340,"D",6,"D",.,"A",.,"A",.,"A",.,"A"
"20152","02946004",77,0,"1",2600,"D",455,"D",.,"A",780,"D",240,"D",.,"A",.,"A",2145,"D",0,"D",.,"A",.,"A",.,"A",.,"A"
"20152","02946014",21,0,"1",2600,"D",325,"D",.,"A",2600,"D",0,"D",.,"A",.,"A",2275,"D",6,"D",.,"A",.,"A",.,"A",.,"A"
"20152","02946054",22,0,"1",2600,"D",458,"F",.,"A",2600,"D",600,"D",.,"A",.,"A",1660,"F",0,"D",.,"A",.,"A",.,"A",.,"A"
"20152","02946084",17,0,"1",1950,"D",0,"D",.,"A",0,"D",0,"D",.,"A",.,"A",1950,"D",0,"D",.,"A",.,"A",.,"A",.,"A"
"20152","02946104",15,0,"1",1495,"D",195,"D",.,"A",130,"D",0,"D",.,"A",.,"A",1300,"D",0,"D",.,"A",.,"A",.,"A",.,"A"
"20152","02946144",46,0,"1",975,"D",195,"D",.,"A",520,"D",60,"D",.,"A",.,"A",780,"D",90,"D",.,"A",.,"A",.,"A",.,"A"
"20152","02946194",22,0,"1",3250,"D",325,"D",.,"A",2600,"D",150,"D",.,"A",.,"A",2925,"D",150,"D",.,"A",.,"A",.,"A",.,"A"
"20152","02946234",35,0,"1",1625,"D",520,"D",.,"A",208,"D",6,"D",.,"A",.,"A",1105,"D",6,"D",.,"A",.,"A",.,"A",.,"A"
"20152","02946254",38,0,"1",2600,"D",325,"D",650,"D",975,"D",300,"D",.,"A",.,"A",2275,"D",300,"D",.,"A",.,"A",.,"A",.,"A"
"20152","02946264",40,0,"1",975,"D",260,"D",.,"A",390,"D",0,"D",.,"A",.,"A",715,"D",150,"D",15,"D",195,"D",.,"A",.,"A"
"20152","02946324",40,0,"1",975,"D",130,"D",195,"D",1625,"D",0,"D",71,"D",.,"A",845,"D",0,"D",.,"A",.,"A",.,"A",.,"A"
"20152","02946344",28,0,"1",520,"D",195,"D",.,"A",78,"D",0,"D",.,"A",.,"A",325,"D",0,"D",.,"A",.,"A",.,"A",.,"A"
"20152","02946354",23,0,"1",2600,"D",260,"D",.,"A",390,"D",150,"D",.,"A",.,"A",2340,"D",0,"D",.,"A",.,"A",.,"A",.,"A"
"20152","02946374",43,0,"1",1300,"D",130,"D",.,"A",1300,"D",300,"D",.,"A",.,"A",1170,"D",300,"D",.,"A",.,"A",.,"A",.,"A"
"20152","02946384",18,0,"1",1300,"D",195,"D",.,"A",221,"D",0,"D",.,"A",.,"A",1105,"D",0,"D",.,"A",.,"A",182,"D",14,"D"
"20152","02946394",20,0,"1",2600,"D",325,"D",390,"D",520,"D",0,"D",.,"A",.,"A",2275,"D",0,"D",.,"A",.,"A",.,"A",.,"A"
"20152","02946434",13,0,"1",455,"D",186,"F",.,"A",0,"D",0,"D",.,"A",.,"A",642,"F",0,"D",.,"A",.,"A",.,"A",.,"A"
"20152","02946444",48,0,"1",3900,"D",390,"D",.,"A",715,"D",0,"D",.,"A",.,"A",3510,"D",0,"D",.,"A",.,"A",.,"A",.,"A"
"20152","02946474",22,0,"1",2600,"D",355,"F",.,"A",650,"D",6,"D",.,"A",.,"A",1220,"F",6,"D",.,"A",.,"A",.,"A",.,"A"
"20152","02946564",22,0,"1",455,"D",65,"D",26,"D",0,"D",6,"D",.,"A",.,"A",390,"D",6,"D",.,"A",.,"A",.,"A",.,"A"
"20152","02946584",31,0,"1",780,"D",0,"D",.,"A",260,"D",0,"D",.,"A",.,"A",780,"D",0,"D",30,"D",390,"D",.,"A",.,"A"
"20152","02946614",26,0,"1",1625,"D",156,"D",.,"A",0,"D",0,"D",.,"A",.,"A",1469,"D",0,"D",70,"D",910,"D",.,"A",.,"A"
"20152","02946664",24,0,"1",390,"D",130,"D",.,"A",390,"D",6,"D",325,"D",.,"A",260,"D",6,"D",.,"A",.,"A",.,"A",.,"A"
"20152","02946704",36,0,"1",1040,"D",260,"D",.,"A",780,"D",240,"D",.,"A",.,"A",780,"D",240,"D",.,"A",.,"A",.,"A",.,"A"
"20152","02946724",33,0,"1",1950,"D",195,"D",.,"A",0,"D",0,"D",.,"A",.,"A",1755,"D",0,"D",.,"A",.,"A",.,"A",.,"A"
"20152","02946874",49,0,"1",2600,"D",260,"D",.,"A",1040,"D",0,"D",.,"A",.,"A",2340,"D",0,"D",.,"A",.,"A",.,"A",.,"A"
"20152","02946884",20,0,"1",1300,"D",260,"D",65,"D",260,"D",0,"D",.,"A",.,"A",1040,"D",0,"D",.,"A",.,"A",.,"A",.,"A"
"20152","02946904",22,0,"1",390,"D",65,"D",.,"A",1040,"D",0,"D",.,"A",.,"A",325,"D",0,"D",.,"A",.,"A",.,"A",.,"A"
"20152","02946914",31,0,"1",975,"D",195,"D",.,"A",780,"D",0,"D",246,"F",.,"A",780,"D",6,"D",.,"A",.,"A",.,"A",.,"A"
"20152","02946934",41,0,"1",1300,"D",317,"F",.,"A",585,"D",0,"D",.,"A",.,"A",1135,"F",0,"D",.,"A",.,"A",.,"A",.,"A"
"20152","02946974",34,0,"1",975,"D",195,"D",0,"D",91,"D",0,"D",.,"A",.,"A",780,"D",0,"D",.,"A",.,"A",.,"A",.,"A"
"20152","02947024",60,0,"1",1950,"D",1300,"D",.,"A",325,"D",75,"D",.,"A",.,"A",650,"D",450,"D",.,"A",.,"A",.,"A",.,"A"
"20152","02947094",29,0,"1",585,"D",65,"D",.,"A",195,"D",0,"D",.,"A",.,"A",520,"D",0,"D",.,"A",.,"A",.,"A",.,"A"
"20152","02947124",56,0,"1",156,"D",0,"D",.,"A",1820,"D",0,"D",.,"A",.,"A",156,"D",0,"D",.,"A",.,"A",.,"A",.,"A"
"20152","02947194",11,0,"1",650,"D",130,"D",.,"A",0,"D",0,"D",.,"A",.,"A",520,"D",0,"D",.,"A",.,"A",130,"D",10,"D"
"20152","02947204",44,0,"1",975,"D",130,"D",.,"A",325,"D",0,"D",.,"A",.,"A",845,"D",0,"D",.,"A",.,"A",.,"A",.,"A"
"20152","02947224",32,0,"1",1495,"D",130,"D",260,"D",975,"D",0,"D",.,"A",.,"A",1365,"D",0,"D",.,"A",.,"A",.,"A",.,"A"
"20152","02947284",45,0,"1",1950,"D",0,"D",.,"A",3900,"D",150,"D",.,"A",.,"A",1950,"D",150,"D",.,"A",.,"A",.,"A",.,"A"
"20152","02947304",40,0,"1",3900,"D",260,"D",.,"A",1300,"D",0,"D",.,"A",.,"A",3640,"D",120,"D",.,"A",.,"A",.,"A",.,"A"
"20152","02947314",27,0,"1",1300,"D",325,"D",.,"A",195,"D",0,"D",.,"A",.,"A",975,"D",0,"D",.,"A",.,"A",.,"A",.,"A"
"20152","02947324",11,0,"1",0,"D",.,"A",.,"A",0,"D",0,"D",.,"A",.,"A",0,"D",175,"F",70,"D",910,"D",104,"D",8,"D"
"20152","02947354",37,0,"1",585,"D",195,"D",.,"A",325,"D",0,"D",.,"A",.,"A",390,"D",0,"D",.,"A",.,"A",.,"A",.,"A"
"20152","02947384",26,0,"1",1300,"D",260,"D",.,"A",0,"D",0,"D",.,"A",.,"A",1040,"D",0,"D",30,"D",390,"D",.,"A",.,"A"
"20152","02947394",35,0,"1",1950,"D",650,"D",.,"A",780,"D",0,"D",.,"A",.,"A",1300,"D",0,"D",.,"A",.,"A",.,"A",.,"A"
"20152","02947404",42,0,"1",2600,"D",520,"D",.,"A",520,"D",0,"D",.,"A",.,"A",2080,"D",75,"D",.,"A",.,"A",.,"A",.,"A"
"20152","02947414",44,0,"1",1625,"D",0,"D",.,"A",0,"D",0,"D",.,"A",130,"D",1625,"D",0,"D",.,"A",.,"A",.,"A",.,"A"
"20152","02947464",31,0,"1",1625,"D",325,"D",.,"A",1040,"D",0,"D",.,"A",.,"A",1300,"D",60,"D",21,"D",273,"D",.,"A",.,"A"
"20152","02947534",35,0,"1",1950,"D",474,"F",.,"A",260,"D",0,"D",.,"A",120,"D",1805,"F",60,"D",.,"A",.,"A",.,"A",.,"A"
"20152","02947544",98,0,"1",1950,"D",455,"D",.,"A",650,"D",60,"D",.,"A",.,"A",1495,"D",120,"D",.,"A",.,"A",.,"A",.,"A"
"20152","02947554",16,0,"1",1300,"D",975,"D",.,"A",0,"D",0,"D",.,"A",.,"A",325,"D",0,"D",.,"A",.,"A",.,"A",.,"A"
"20152","02947584",15,0,"1",1040,"D",130,"D",130,"D",520,"D",0,"D",.,"A",.,"A",910,"D",60,"D",.,"A",.,"A",.,"A",.,"A"
"20152","02947614",33,0,"1",2730,"D",559,"D",.,"A",325,"D",0,"D",.,"A",.,"A",2171,"D",0,"D",.,"A",.,"A",.,"A",.,"A"
"20152","02947654",12,0,"1",845,"D",130,"D",130,"D",195,"D",0,"D",.,"A",.,"A",715,"D",0,"D",.,"A",.,"A",.,"A",.,"A"
"20152","02947674",28,0,"1",1950,"D",325,"D",.,"A",0,"D",0,"D",.,"A",.,"A",1625,"D",120,"D",.,"A",.,"A",.,"A",.,"A"
"20152","02947684",19,0,"1",520,"D",39,"D",.,"A",234,"D",0,"D",.,"A",.,"A",481,"D",0,"D",.,"A",.,"A",.,"A",.,"A"
"20152","02947734",53,0,"1",1950,"D",325,"D",.,"A",3900,"D",0,"D",.,"A",.,"A",1625,"D",60,"D",.,"A",.,"A",.,"A",.,"A"
"20152","02947754",11,0,"1",1040,"D",260,"D",.,"A",260,"D",0,"D",.,"A",.,"A",780,"D",0,"D",.,"A",.,"A",.,"A",.,"A"
"20152","02947774",10,0,"1",1772,"F",.,"A",.,"A",760,"F",113,"F",.,"A",.,"A",1467,"F",107,"F",.,"A",.,"A",.,"A",.,"A"
"20152","02947854",87,0,"1",2990,"D",0,"D",.,"A",3146,"D",300,"D",.,"A",.,"A",2990,"D",300,"D",.,"A",.,"A",.,"A",.,"A"
"20152","02947884",59,0,"1",1300,"D",0,"D",.,"A",2340,"D",0,"D",.,"A",.,"A",1300,"D",660,"D",.,"A",.,"A",.,"A",.,"A"
"20152","02947924",63,0,"1",1976,"D",130,"D",39,"D",520,"D",120,"D",.,"A",.,"A",1846,"D",150,"D",.,"A",.,"A",.,"A",.,"A"
"20152","02947934",18,0,"1",1950,"D",0,"D",.,"A",975,"D",0,"D",.,"A",.,"A",1950,"D",0,"D",8,"D",104,"D",.,"A",.,"A"
"20152","02947944",18,0,"1",325,"D",195,"D",.,"A",910,"D",0,"D",.,"A",.,"A",130,"D",60,"D",.,"A",.,"A",.,"A",.,"A"
"20152","02947964",24,0,"1",1950,"D",325,"D",.,"A",390,"D",0,"D",.,"A",.,"A",1625,"D",45,"D",35,"D",455,"D",.,"A",.,"A"
"20152","02947974",33,0,"1",1560,"D",260,"D",.,"A",390,"D",0,"D",.,"A",.,"A",1300,"D",0,"D",.,"A",.,"A",.,"A",.,"A"
"20152","02947994",45,0,"1",1560,"D",390,"D",.,"A",1300,"D",0,"D",.,"A",60,"D",1170,"D",0,"D",.,"A",.,"A",.,"A",.,"A"
"20152","02948014",12,0,"1",975,"D",130,"D",.,"A",0,"D",0,"D",.,"A",.,"A",845,"D",0,"D",.,"A",.,"A",.,"A",.,"A"
"20152","02948114",31,0,"1",1300,"D",260,"D",.,"A",780,"D",0,"D",130,"D",.,"A",1040,"D",0,"D",.,"A",.,"A",.,"A",.,"A"
"20152","02948184",29,0,"1",780,"D",130,"D",.,"A",1625,"D",120,"D",.,"A",.,"A",650,"D",300,"D",.,"A",.,"A",.,"A",.,"A"
"20152","02948194",48,0,"1",520,"D",130,"D",2600,"D",2600,"D",0,"D",.,"A",.,"A",390,"D",0,"D",.,"A",.,"A",.,"A",.,"A"
"20152","02948224",33,0,"1",650,"D",130,"D",.,"A",260,"D",0,"D",.,"A",.,"A",520,"D",150,"D",.,"A",.,"A",.,"A",.,"A"
"20152","02948254",53,0,"1",1625,"D",455,"D",156,"D",2600,"D",120,"D",.,"A",.,"A",1170,"D",225,"D",.,"A",.,"A",.,"A",.,"A"
"20152","02948314",16,0,"1",195,"D",0,"D",1131,"D",0,"D",0,"D",.,"A",.,"A",195,"D",0,"D",.,"A",.,"A",.,"A",.,"A"
"20152","02948334",73,0,"1",3900,"D",650,"D",.,"A",2990,"D",60,"D",.,"A",.,"A",3250,"D",0,"D",.,"A",.,"A",.,"A",.,"A"
"20152","02948354",26,0,"1",1300,"D",390,"D",260,"D",650,"D",120,"D",.,"A",.,"A",910,"D",3,"D",.,"A",.,"A",.,"A",.,"A"
"20152","02948364",56,0,"1",2925,"D",260,"D",1300,"D",520,"D",0,"D",.,"A",.,"A",2665,"D",60,"D",10,"D",130,"D",.,"A",.,"A"
"20152","02948374",25,0,"1",910,"D",65,"D",.,"A",234,"D",0,"D",.,"A",.,"A",845,"D",0,"D",.,"A",.,"A",.,"A",.,"A"
"20152","02948384",46,0,"1",910,"D",260,"D",.,"A",650,"D",0,"D",.,"A",.,"A",650,"D",0,"D",.,"A",.,"A",.,"A",.,"A"
"20152","02948404",28,0,"1",650,"D",65,"D",.,"A",65,"D",0,"D",.,"A",.,"A",585,"D",0,"D",.,"A",.,"A",.,"A",.,"A"
"20152","02948414",22,0,"1",1084,"F",.,"A",.,"A",726,"F",0,"D",.,"A",.,"A",857,"F",60,"D",.,"A",.,"A",.,"A",.,"A"
"20152","02948434",42,0,"1",1950,"D",0,"D",.,"A",520,"D",0,"D",.,"A",.,"A",1950,"D",120,"D",50,"D",650,"D",.,"A",.,"A"
"20152","02948474",54,0,"1",1040,"D",65,"D",.,"A",195,"D",0,"D",.,"A",.,"A",975,"D",0,"D",.,"A",.,"A",.,"A",.,"A"
"20152","02948484",53,0,"1",1300,"D",130,"D",.,"A",2600,"D",240,"D",.,"A",60,"D",1170,"D",0,"D",10,"D",130,"D",.,"A",.,"A"
"20152","02948494",18,0,"1",975,"D",325,"D",.,"A",0,"D",0,"D",.,"A",.,"A",650,"D",0,"D",.,"A",.,"A",.,"A",.,"A"
"20152","02948514",18,0,"1",520,"D",65,"D",.,"A",195,"D",0,"D",.,"A",.,"A",455,"D",0,"D",.,"A",.,"A",.,"A",.,"A"
"20152","02948534",40,0,"1",1820,"D",195,"D",.,"A",234,"D",0,"D",.,"A",.,"A",1625,"D",90,"D",20,"D",260,"D",.,"A",.,"A"
"20152","02948554",18,0,"1",650,"D",65,"D",.,"A",130,"D",0,"D",.,"A",.,"A",585,"D",0,"D",.,"A",.,"A",.,"A",.,"A"
"20152","02948564",18,0,"1",1170,"D",130,"D",.,"A",325,"D",0,"D",.,"A",.,"A",1040,"D",0,"D",.,"A",.,"A",.,"A",.,"A"
"20152","02948574",22,0,"1",1300,"D",390,"D",.,"A",65,"D",0,"D",.,"A",.,"A",910,"D",0,"D",.,"A",.,"A",.,"A",.,"A"
"20152","02948624",33,0,"1",3250,"D",272,"F",.,"A",390,"D",48,"D",.,"A",.,"A",1047,"F",0,"D",.,"A",.,"A",.,"A",.,"A"
"20152","02948644",91,0,"1",2470,"D",390,"D",.,"A",1105,"D",180,"D",.,"A",.,"A",2080,"D",0,"D",.,"A",.,"A",.,"A",.,"A"
"20152","02948684",71,0,"1",2600,"D",390,"D",2600,"D",715,"D",180,"D",.,"A",.,"A",2210,"D",1050,"D",45,"D",585,"D",.,"A",.,"A"
"20152","02948694",22,0,"1",2600,"D",390,"D",130,"D",195,"D",0,"D",.,"A",.,"A",2210,"D",0,"D",.,"A",.,"A",.,"A",.,"A"
"20152","02948704",53,0,"1",650,"D",650,"D",650,"D",0,"D",0,"D",.,"A",.,"A",0,"D",90,"D",.,"A",.,"A",.,"A",.,"A"
"20152","02948724",24,0,"1",1950,"D",260,"D",260,"D",650,"D",0,"D",.,"A",.,"A",1690,"D",0,"D",.,"A",.,"A",.,"A",.,"A"
"20152","02948754",71,0,"1",1300,"D",260,"D",.,"A",130,"D",60,"D",.,"A",.,"A",1040,"D",90,"D",50,"D",650,"D",.,"A",.,"A"
"20152","02948764",12,0,"1",1560,"D",130,"D",.,"A",0,"D",0,"D",.,"A",.,"A",1430,"D",0,"D",21,"D",273,"D",78,"D",6,"D"
"20152","02948774",46,0,"1",1300,"D",130,"D",.,"A",65,"D",0,"D",.,"A",.,"A",1170,"D",0,"D",.,"A",.,"A",.,"A",.,"A"
"20152","02948784",17,0,"1",702,"D",65,"D",.,"A",312,"D",0,"D",.,"A",.,"A",637,"D",0,"D",.,"A",.,"A",.,"A",.,"A"
"20152","02948834",22,0,"1",520,"D",65,"D",.,"A",0,"D",0,"D",.,"A",.,"A",455,"D",60,"D",.,"A",.,"A",.,"A",.,"A"
"20152","02948915",12,0,"1",520,"D",0,"D",130,"D",260,"D",0,"D",.,"A",.,"A",520,"D",60,"D",.,"A",.,"A",.,"A",.,"A"
"20152","02948944",23,0,"1",780,"D",390,"D",780,"D",0,"D",0,"D",306,"D",.,"A",390,"D",0,"D",.,"A",.,"A",.,"A",.,"A"
"20152","02949014",26,0,"1",2210,"D",325,"D",.,"A",650,"D",0,"D",.,"A",.,"A",1885,"D",0,"D",.,"A",.,"A",.,"A",.,"A"
"20152","02949064",21,0,"1",650,"D",39,"D",.,"A",0,"D",0,"D",.,"A",.,"A",611,"D",0,"D",50,"D",650,"D",.,"A",.,"A"
"20152","02949124",24,0,"1",4550,"D",780,"D",.,"A",1950,"D",0,"D",.,"A",.,"A",3770,"D",0,"D",.,"A",.,"A",.,"A",.,"A"
"20152","02949154",27,0,"1",1730,"F",.,"A",.,"A",664,"F",153,"F",.,"A",.,"A",1378,"F",110,"F",.,"A",.,"A",.,"A",.,"A"
"20152","02949194",66,0,"1",2600,"D",520,"D",.,"A",104,"D",6,"D",.,"A",.,"A",2080,"D",6,"D",.,"A",.,"A",.,"A",.,"A"
"20152","02949224",49,0,"1",7800,"D",650,"D",.,"A",10400,"D",0,"D",.,"A",.,"A",7150,"D",90,"D",.,"A",.,"A",.,"A",.,"A"
"20152","02949264",21,0,"1",1300,"D",520,"D",.,"A",260,"D",30,"D",.,"A",.,"A",780,"D",60,"D",.,"A",.,"A",.,"A",.,"A"
"20152","02949414",38,0,"1",1950,"D",325,"D",.,"A",0,"D",0,"D",.,"A",.,"A",1625,"D",0,"D",.,"A",.,"A",.,"A",.,"A"
"20152","02949434",24,0,"1",1560,"D",195,"D",.,"A",390,"D",90,"D",.,"A",.,"A",1365,"D",90,"D",.,"A",.,"A",.,"A",.,"A"
"20152","02949484",81,0,"1",3900,"D",975,"D",130,"D",1950,"D",60,"D",.,"A",280,"D",2925,"D",150,"D",45,"D",585,"D",.,"A",.,"A"
"20152","02949564",19,0,"1",520,"D",260,"D",.,"A",0,"D",60,"D",.,"A",.,"A",260,"D",0,"D",.,"A",.,"A",.,"A",.,"A"
"20152","02949634",22,0,"1",3250,"D",910,"D",.,"A",0,"D",0,"D",.,"A",.,"A",2340,"D",0,"D",.,"A",.,"A",.,"A",.,"A"
"20152","02949744",40,0,"1",1300,"D",286,"D",.,"A",650,"D",0,"D",.,"A",.,"A",1014,"D",0,"D",.,"A",.,"A",.,"A",.,"A"
"20152","02949764",41,0,"1",3289,"D",650,"D",.,"A",273,"D",0,"D",.,"A",.,"A",2639,"D",0,"D",.,"A",.,"A",.,"A",.,"A"
"20152","02949794",44,0,"1",1690,"D",325,"D",.,"A",650,"D",60,"D",.,"A",.,"A",1365,"D",60,"D",.,"A",.,"A",.,"A",.,"A"
"20152","02949824",30,0,"1",1300,"D",130,"D",.,"A",1300,"D",0,"D",.,"A",120,"D",1170,"D",0,"D",.,"A",.,"A",.,"A",.,"A"
"20152","02949844",33,0,"1",260,"D",26,"D",.,"A",260,"D",0,"D",.,"A",.,"A",234,"D",0,"D",.,"A",.,"A",.,"A",.,"A"
"20152","02949854",66,0,"1",1404,"D",195,"D",.,"A",611,"D",45,"D",.,"A",.,"A",1209,"D",132,"D",.,"A",.,"A",.,"A",.,"A"
"20152","02949874",22,0,"1",930,"F",.,"A",.,"A",471,"F",158,"F",.,"A",.,"A",755,"F",104,"F",.,"A",.,"A",.,"A",.,"A"
"20152","02949924",64,0,"1",2080,"D",390,"D",.,"A",650,"D",60,"D",.,"A",.,"A",1690,"D",150,"D",.,"A",.,"A",.,"A",.,"A"
"20152","02949954",21,0,"1",975,"D",130,"D",.,"A",390,"D",0,"D",.,"A",.,"A",845,"D",0,"D",.,"A",.,"A",.,"A",.,"A"
"20152","02950024",44,0,"1",520,"D",0,"D",78,"D",650,"D",0,"D",.,"A",.,"A",520,"D",60,"D",25,"D",325,"D",0,"D",0,"D"
"20152","02950034",56,0,"1",1300,"D",260,"D",.,"A",520,"D",30,"D",.,"A",.,"A",1040,"D",30,"D",.,"A",.,"A",.,"A",.,"A"
"20152","02950064",26,0,"1",793,"F",.,"A",.,"A",0,"D",0,"D",.,"A",.,"A",642,"F",0,"D",.,"A",.,"A",.,"A",.,"A"
"20152","02950084",27,0,"1",390,"D",65,"D",.,"A",650,"D",150,"D",.,"A",.,"A",325,"D",150,"D",.,"A",.,"A",.,"A",.,"A"
"20152","02950134",43,0,"1",1300,"D",0,"D",.,"A",650,"D",0,"D",.,"A",.,"A",1300,"D",0,"D",.,"A",.,"A",.,"A",.,"A"
"20152","02950144",26,0,"1",1040,"D",260,"D",.,"A",0,"D",0,"D",.,"A",.,"A",780,"D",60,"D",.,"A",.,"A",.,"A",.,"A"
"20152","02950154",50,0,"1",390,"D",0,"D",.,"A",390,"D",150,"D",.,"A",.,"A",390,"D",0,"D",.,"A",.,"A",.,"A",.,"A"
"20152","02950164",33,0,"1",975,"D",65,"D",.,"A",975,"D",30,"D",.,"A",.,"A",910,"D",225,"D",25,"D",325,"D",.,"A",.,"A"
"20152","02950204",16,0,"1",1105,"D",0,"D",.,"A",1560,"D",6,"D",.,"A",.,"A",1105,"D",6,"D",.,"A",.,"A",.,"A",.,"A"
"20152","02950344",54,0,"1",1300,"D",455,"D",.,"A",1040,"D",0,"D",.,"A",.,"A",845,"D",6,"D",.,"A",.,"A",.,"A",.,"A"
"20152","02950374",18,0,"1",2600,"D",390,"D",.,"A",0,"D",0,"D",300,"D",.,"A",2210,"D",30,"D",.,"A",.,"A",.,"A",.,"A"
"20152","02950384",44,0,"1",1430,"D",130,"D",.,"A",260,"D",0,"D",.,"A",.,"A",1300,"D",0,"D",.,"A",.,"A",.,"A",.,"A"
"20152","02950514",11,0,"1",1300,"D",272,"F",.,"A",1300,"D",82,"F",.,"A",.,"A",1047,"F",174,"F",.,"A",.,"A",.,"A",.,"A"
"20152","02950534",45,0,"1",1950,"D",325,"D",.,"A",0,"D",0,"D",.,"A",.,"A",1625,"D",0,"D",.,"A",.,"A",.,"A",.,"A"
"20152","02950604",90,0,"1",2925,"D",780,"D",260,"D",1560,"D",0,"D",.,"A",.,"A",2145,"D",0,"D",.,"A",.,"A",.,"A",.,"A"
"20152","02950654",20,0,"1",520,"D",0,"D",.,"A",1300,"D",0,"D",.,"A",.,"A",520,"D",0,"D",.,"A",.,"A",.,"A",.,"A"
"20152","02950664",32,0,"1",1950,"D",0,"D",.,"A",1300,"D",60,"D",.,"A",.,"A",1950,"D",180,"D",.,"A",.,"A",.,"A",.,"A"
"20152","02950684",31,0,"1",2600,"D",260,"D",130,"D",1300,"D",150,"D",.,"A",.,"A",2340,"D",300,"D",.,"A",.,"A",.,"A",.,"A"
"20152","02950694",52,0,"1",3510,"D",260,"D",.,"A",975,"D",90,"D",.,"A",.,"A",3250,"D",90,"D",.,"A",.,"A",.,"A",.,"A"
"20152","02950814",112,0,"1",2522,"D",458,"F",.,"A",468,"D",60,"D",.,"A",.,"A",1660,"F",120,"D",14,"D",182,"D",.,"A",.,"A"
"20152","02950854",62,0,"1",1300,"D",429,"D",.,"A",650,"D",0,"D",.,"A",.,"A",871,"D",0,"D",.,"A",.,"A",.,"A",.,"A"
"20152","02950874",38,0,"1",1040,"D",0,"D",.,"A",780,"D",0,"D",.,"A",.,"A",1040,"D",0,"D",.,"A",.,"A",.,"A",.,"A"
"20152","02950914",67,0,"1",585,"D",78,"D",208,"D",1196,"D",0,"D",.,"A",.,"A",507,"D",0,"D",.,"A",.,"A",.,"A",.,"A"
"20152","02950944",25,0,"1",975,"D",355,"F",.,"A",780,"D",0,"D",.,"A",.,"A",1220,"F",75,"D",.,"A",.,"A",.,"A",.,"A"
"20152","02950984",32,0,"1",3900,"D",1950,"D",.,"A",3900,"D",0,"D",.,"A",.,"A",1950,"D",60,"D",.,"A",.,"A",.,"A",.,"A"
"20152","02951004",29,0,"1",1560,"D",455,"D",.,"A",1950,"D",0,"D",.,"A",.,"A",1105,"D",150,"D",.,"A",.,"A",.,"A",.,"A"
"20152","02951014",22,0,"1",1950,"D",325,"D",260,"D",585,"D",0,"D",.,"A",300,"D",1625,"D",0,"D",.,"A",.,"A",.,"A",.,"A"
"20152","02951044",34,0,"1",3900,"D",650,"D",.,"A",0,"D",0,"D",.,"A",.,"A",3250,"D",0,"D",6,"D",78,"D",.,"A",.,"A"
"20152","02951054",46,0,"1",1820,"D",845,"D",.,"A",0,"D",0,"D",.,"A",.,"A",975,"D",0,"D",.,"A",.,"A",.,"A",.,"A"
"20152","02951074",34,0,"1",650,"D",65,"D",.,"A",520,"D",0,"D",.,"A",.,"A",585,"D",60,"D",.,"A",.,"A",.,"A",.,"A"
"20152","02951114",53,0,"1",1950,"D",390,"D",.,"A",650,"D",0,"D",.,"A",.,"A",1560,"D",0,"D",.,"A",.,"A",.,"A",.,"A"
"20152","02951134",31,0,"1",2925,"D",585,"D",.,"A",260,"D",0,"D",.,"A",.,"A",2340,"D",300,"D",.,"A",.,"A",.,"A",.,"A"
"20152","02951184",16,0,"1",2600,"D",1300,"D",.,"A",0,"D",0,"D",.,"A",.,"A",1300,"D",300,"D",150,"D",1950,"D",.,"A",.,"A"
"20152","02951204",66,0,"1",3510,"D",260,"D",.,"A",975,"D",0,"D",.,"A",.,"A",3250,"D",0,"D",.,"A",.,"A",.,"A",.,"A"
"20152","02951214",17,0,"1",130,"D",26,"D",.,"A",260,"D",60,"D",.,"A",.,"A",104,"D",0,"D",.,"A",.,"A",.,"A",.,"A"
"20152","02951264",24,0,"1",1430,"D",260,"D",130,"D",0,"D",0,"D",.,"A",.,"A",1170,"D",0,"D",.,"A",.,"A",.,"A",.,"A"
"20152","02951314",32,0,"1",1300,"D",650,"D",.,"A",260,"D",0,"D",.,"A",.,"A",650,"D",0,"D",20,"D",260,"D",.,"A",.,"A"
"20152","02951354",27,0,"1",1300,"D",260,"D",.,"A",975,"D",0,"D",.,"A",.,"A",1040,"D",0,"D",.,"A",.,"A",.,"A",.,"A"
"20152","02951384",25,0,"1",780,"D",130,"D",.,"A",650,"D",0,"D",.,"A",.,"A",650,"D",0,"D",.,"A",.,"A",.,"A",.,"A"
"20152","02951434",33,0,"1",1625,"D",195,"D",325,"D",0,"D",0,"D",.,"A",.,"A",1430,"D",0,"D",.,"A",.,"A",.,"A",.,"A"
"20152","02951474",43,0,"1",1885,"D",585,"D",104,"D",325,"D",0,"D",.,"A",.,"A",1300,"D",240,"D",.,"A",.,"A",.,"A",.,"A"
"20152","02951504",41,0,"1",1040,"D",195,"D",.,"A",455,"D",0,"D",.,"A",.,"A",845,"D",0,"D",24,"D",312,"D",.,"A",.,"A"
"20152","02951514",27,0,"1",975,"D",195,"D",.,"A",520,"D",30,"D",.,"A",.,"A",780,"D",120,"D",.,"A",.,"A",.,"A",.,"A"
"20152","02951614",16,0,"1",1300,"D",237,"F",.,"A",601,"F",0,"D",.,"A",.,"A",736,"F",0,"D",.,"A",.,"A",.,"A",.,"A"
"20152","02951624",15,0,"1",975,"D",325,"D",.,"A",650,"D",0,"D",.,"A",.,"A",650,"D",0,"D",.,"A",.,"A",.,"A",.,"A"
"20152","02951674",35,0,"1",2340,"D",130,"D",.,"A",130,"D",0,"D",.,"A",.,"A",2210,"D",0,"D",.,"A",.,"A",.,"A",.,"A"
"20152","02951744",24,0,"1",1300,"D",260,"D",.,"A",910,"D",0,"D",.,"A",.,"A",1040,"D",0,"D",.,"A",.,"A",.,"A",.,"A"
"20152","02951784",21,0,"1",650,"D",39,"D",65,"D",104,"D",0,"D",.,"A",.,"A",611,"D",0,"D",6,"D",78,"D",.,"A",.,"A"
"20152","02951844",31,0,"1",1950,"D",130,"D",.,"A",0,"D",0,"D",.,"A",.,"A",1820,"D",0,"D",.,"A",.,"A",.,"A",.,"A"
"20152","02951854",47,0,"1",1040,"D",78,"D",.,"A",299,"D",0,"D",.,"A",.,"A",962,"D",168,"D",.,"A",.,"A",.,"A",.,"A"
"20152","02951924",25,0,"1",2080,"D",325,"D",.,"A",0,"D",0,"D",.,"A",.,"A",1755,"D",0,"D",.,"A",.,"A",.,"A",.,"A"
"20152","02951934",38,0,"1",1300,"D",260,"D",.,"A",520,"D",0,"D",.,"A",.,"A",1040,"D",0,"D",.,"A",.,"A",.,"A",.,"A"
"20152","02951974",26,0,"1",2600,"D",390,"D",.,"A",650,"D",0,"D",.,"A",.,"A",2210,"D",150,"D",.,"A",.,"A",.,"A",.,"A"
"20152","02951994",43,0,"1",1882,"F",.,"A",.,"A",0,"D",0,"D",.,"A",.,"A",1528,"F",0,"D",.,"A",.,"A",.,"A",.,"A"
"20152","02952004",22,0,"1",1040,"D",260,"D",.,"A",520,"D",0,"D",.,"A",.,"A",780,"D",0,"D",.,"A",.,"A",.,"A",.,"A"
"20152","02952174",47,0,"1",1950,"D",325,"D",.,"A",2600,"D",300,"D",.,"A",436,"D",1625,"D",150,"D",.,"A",.,"A",.,"A",.,"A"
"20152","02952214",23,0,"1",650,"D",260,"D",.,"A",390,"D",0,"D",.,"A",.,"A",390,"D",150,"D",.,"A",.,"A",.,"A",.,"A"
"20152","02952224",76,0,"1",1625,"D",325,"D",260,"D",845,"D",0,"D",.,"A",.,"A",1300,"D",75,"D",.,"A",.,"A",.,"A",.,"A"
"20152","02952234",32,0,"1",1560,"D",65,"D",.,"A",390,"D",0,"D",.,"A",.,"A",1495,"D",0,"D",.,"A",.,"A",.,"A",.,"A"
"20152","02952304",45,0,"1",1560,"D",130,"D",.,"A",1300,"D",0,"D",.,"A",.,"A",1430,"D",0,"D",.,"A",.,"A",.,"A",.,"A"
"20152","02952334",25,0,"1",975,"D",195,"D",.,"A",390,"D",0,"D",.,"A",.,"A",780,"D",0,"D",.,"A",.,"A",.,"A",.,"A"
"20152","02952344",24,0,"1",1820,"D",130,"D",.,"A",1300,"D",0,"D",.,"A",.,"A",1690,"D",0,"D",.,"A",.,"A",.,"A",.,"A"
"20152","02952384",29,0,"1",520,"D",130,"D",.,"A",156,"D",0,"D",.,"A",.,"A",390,"D",0,"D",.,"A",.,"A",.,"A",.,"A"
"20152","02952444",53,0,"1",1950,"D",520,"D",1625,"D",0,"D",0,"D",.,"A",.,"A",1430,"D",0,"D",.,"A",.,"A",.,"A",.,"A"
"20152","02952494",42,0,"1",1300,"D",325,"D",.,"A",0,"D",0,"D",.,"A",.,"A",975,"D",0,"D",128,"D",1664,"D",65,"D",5,"D"
"20152","02952534",44,0,"1",1300,"D",260,"D",585,"D",1040,"D",0,"D",.,"A",.,"A",1040,"D",0,"D",.,"A",.,"A",.,"A",.,"A"
"20152","02952614",25,0,"1",1950,"D",260,"D",.,"A",325,"D",0,"D",650,"D",.,"A",1690,"D",0,"D",.,"A",.,"A",.,"A",.,"A"
"20152","02952624",20,0,"1",1950,"D",325,"D",.,"A",0,"D",0,"D",.,"A",.,"A",1625,"D",0,"D",.,"A",.,"A",.,"A",.,"A"
"20152","02952704",37,0,"1",780,"D",260,"D",780,"D",845,"D",0,"D",.,"A",.,"A",520,"D",0,"D",.,"A",.,"A",.,"A",.,"A"
"20152","02952724",27,0,"1",754,"D",104,"D",390,"D",0,"D",0,"D",.,"A",.,"A",650,"D",0,"D",.,"A",.,"A",.,"A",.,"A"
"20152","02952754",28,0,"1",1430,"D",130,"D",.,"A",130,"D",3,"D",.,"A",.,"A",1300,"D",3,"D",.,"A",.,"A",.,"A",.,"A"
"20152","02952774",36,0,"1",1690,"D",455,"D",650,"D",260,"D",0,"D",.,"A",105,"D",1235,"D",0,"D",.,"A",.,"A",.,"A",.,"A"
"20152","02952794",60,0,"1",1950,"D",260,"D",260,"D",195,"D",0,"D",.,"A",.,"A",1690,"D",0,"D",26,"D",338,"D",.,"A",.,"A"
"20152","02952825",42,0,"1",3900,"D",650,"D",.,"A",780,"D",60,"D",.,"A",.,"A",3250,"D",120,"D",.,"A",.,"A",.,"A",.,"A"
"20152","02952984",49,0,"1",1950,"D",0,"D",.,"A",1950,"D",0,"D",.,"A",.,"A",1950,"D",135,"D",.,"A",.,"A",.,"A",.,"A"
"20152","02952994",29,0,"1",975,"D",65,"D",.,"A",260,"D",0,"D",.,"A",.,"A",910,"D",45,"D",.,"A",.,"A",.,"A",.,"A"
"20152","02953104",28,0,"1",1300,"D",130,"D",.,"A",130,"D",0,"D",.,"A",.,"A",1170,"D",0,"D",.,"A",.,"A",.,"A",.,"A"
"20152","02953114",15,0,"1",650,"D",0,"D",.,"A",390,"D",0,"D",.,"A",.,"A",650,"D",0,"D",.,"A",.,"A",.,"A",.,"A"
"20152","02953194",47,0,"1",1950,"D",260,"D",.,"A",130,"D",120,"D",.,"A",.,"A",1690,"D",180,"D",6,"D",78,"D",.,"A",.,"A"
"20152","02953224",37,0,"1",1950,"D",325,"D",.,"A",1300,"D",0,"D",.,"A",90,"D",1625,"D",120,"D",.,"A",.,"A",.,"A",.,"A"
"20152","02953274",32,0,"1",780,"D",195,"D",.,"A",130,"D",0,"D",.,"A",.,"A",585,"D",0,"D",.,"A",.,"A",.,"A",.,"A"
"20152","02953284",49,0,"1",884,"D",104,"D",.,"A",2470,"D",0,"D",.,"A",.,"A",780,"D",90,"D",.,"A",.,"A",.,"A",.,"A"
"20152","02953334",45,0,"1",3900,"D",1300,"D",130,"D",0,"D",0,"D",.,"A",.,"A",2600,"D",120,"D",.,"A",.,"A",.,"A",.,"A"
"20152","02953434",54,0,"1",650,"D",65,"D",.,"A",65,"D",0,"D",.,"A",.,"A",585,"D",0,"D",.,"A",.,"A",.,"A",.,"A"
"20152","02953444",17,0,"1",2600,"D",520,"D",.,"A",390,"D",0,"D",.,"A",.,"A",2080,"D",0,"D",.,"A",.,"A",.,"A",.,"A"
"20152","02953484",55,0,"1",1105,"D",130,"D",39,"D",65,"D",45,"D",.,"A",.,"A",975,"D",90,"D",.,"A",.,"A",.,"A",.,"A"
"20152","02953514",24,0,"1",1950,"D",650,"D",975,"D",3250,"D",0,"D",.,"A",.,"A",1300,"D",0,"D",.,"A",.,"A",.,"A",.,"A"
"20152","02953554",44,0,"1",2600,"D",975,"D",975,"D",130,"D",0,"D",.,"A",.,"A",1625,"D",90,"D",.,"A",.,"A",.,"A",.,"A"
"20152","02953605",22,0,"1",1560,"D",260,"D",.,"A",130,"D",0,"D",.,"A",.,"A",1300,"D",0,"D",25,"D",325,"D",.,"A",.,"A"
"20152","02953614",21,0,"1",650,"D",0,"D",260,"D",260,"D",0,"D",.,"A",.,"A",650,"D",0,"D",.,"A",.,"A",.,"A",.,"A"
"20152","02953634",33,0,"1",1625,"D",325,"D",.,"A",1300,"D",300,"D",.,"A",.,"A",1300,"D",900,"D",.,"A",.,"A",.,"A",.,"A"
"20152","02953644",26,0,"1",650,"D",130,"D",.,"A",390,"D",0,"D",.,"A",.,"A",520,"D",0,"D",.,"A",.,"A",.,"A",.,"A"
"20152","02953654",40,0,"1",910,"D",195,"D",130,"D",0,"D",0,"D",.,"A",.,"A",715,"D",0,"D",.,"A",.,"A",.,"A",.,"A"
"20152","02953875",15,0,"1",1300,"D",0,"D",.,"A",260,"D",6,"D",.,"A",.,"A",1300,"D",6,"D",.,"A",.,"A",.,"A",.,"A"
"20152","02953934",22,0,"1",650,"D",65,"D",.,"A",260,"D",0,"D",.,"A",.,"A",585,"D",0,"D",.,"A",.,"A",.,"A",.,"A"
"20152","02953964",41,0,"1",2600,"D",260,"D",.,"A",585,"D",0,"D",.,"A",110,"D",2340,"D",0,"D",.,"A",.,"A",.,"A",.,"A"
"20152","02953984",20,0,"1",1300,"D",689,"D",.,"A",0,"D",0,"D",.,"A",.,"A",611,"D",360,"D",30,"D",390,"D",.,"A",.,"A"
"20152","02954044",13,0,"1",1772,"F",.,"A",.,"A",0,"D",0,"D",.,"A",.,"A",1467,"F",0,"D",.,"A",.,"A",.,"A",.,"A"
"20152","02954084",34,0,"1",3250,"D",975,"D",650,"D",650,"D",0,"D",.,"A",.,"A",2275,"D",0,"D",.,"A",.,"A",.,"A",.,"A"
"20152","02954094",50,0,"1",1300,"D",0,"D",.,"A",260,"D",0,"D",.,"A",.,"A",1300,"D",0,"D",.,"A",.,"A",.,"A",.,"A"
"20152","02954114",69,0,"1",3250,"D",1300,"D",.,"A",650,"D",450,"D",.,"A",.,"A",1950,"D",450,"D",.,"A",.,"A",.,"A",.,"A"
"20152","02954164",48,0,"1",1300,"D",130,"D",.,"A",975,"D",0,"D",.,"A",.,"A",1170,"D",0,"D",.,"A",.,"A",.,"A",.,"A"
"20152","02954184",33,0,"1",1560,"D",260,"D",.,"A",325,"D",15,"D",.,"A",.,"A",1300,"D",15,"D",.,"A",.,"A",.,"A",.,"A"
"20152","02954244",39,0,"1",2080,"D",130,"D",.,"A",1040,"D",0,"D",.,"A",.,"A",1950,"D",0,"D",.,"A",.,"A",.,"A",.,"A"
"20152","02954254",11,0,"1",650,"D",260,"D",.,"A",260,"D",60,"D",.,"A",.,"A",390,"D",60,"D",.,"A",.,"A",.,"A",.,"A"
"20152","02954294",23,0,"1",845,"D",0,"D",.,"A",390,"D",0,"D",.,"A",.,"A",845,"D",0,"D",.,"A",.,"A",.,"A",.,"A"
"20152","02954364",17,0,"1",650,"D",104,"D",130,"D",260,"D",6,"D",.,"A",.,"A",546,"D",6,"D",.,"A",.,"A",.,"A",.,"A"
"20152","02954384",32,0,"1",1040,"D",0,"D",.,"A",0,"D",0,"D",.,"A",.,"A",1040,"D",0,"D",.,"A",.,"A",.,"A",.,"A"
"20152","02954404",17,0,"1",130,"D",0,"D",.,"A",195,"D",0,"D",.,"A",.,"A",130,"D",0,"D",.,"A",.,"A",.,"A",.,"A"
"20152","02954444",26,0,"1",975,"D",130,"D",.,"A",130,"D",0,"D",.,"A",.,"A",845,"D",0,"D",.,"A",.,"A",.,"A",.,"A"
"20152","02954464",15,0,"1",1950,"D",390,"D",.,"A",260,"D",0,"D",.,"A",.,"A",1560,"D",0,"D",10,"D",130,"D",.,"A",.,"A"
"20152","02954494",26,0,"1",1950,"D",325,"D",.,"A",455,"D",0,"D",.,"A",.,"A",1625,"D",105,"D",.,"A",.,"A",.,"A",.,"A"
"20152","02954524",22,0,"1",1300,"D",0,"D",325,"D",0,"D",6,"D",.,"A",.,"A",1300,"D",6,"D",.,"A",.,"A",.,"A",.,"A"
"20152","02954534",38,0,"1",5200,"D",650,"D",.,"A",585,"D",300,"D",.,"A",.,"A",4550,"D",60,"D",25,"D",325,"D",.,"A",.,"A"
"20152","02954594",25,0,"1",1300,"D",65,"D",.,"A",325,"D",60,"D",.,"A",.,"A",1235,"D",90,"D",.,"A",.,"A",.,"A",.,"A"
"20152","02954614",28,0,"1",1560,"D",0,"D",260,"D",2340,"D",0,"D",.,"A",.,"A",1560,"D",0,"D",.,"A",.,"A",.,"A",.,"A"
"20152","02954625",24,0,"1",1300,"D",975,"D",260,"D",130,"D",600,"D",.,"A",.,"A",325,"D",600,"D",25,"D",325,"D",.,"A",.,"A"
"20152","02954674",52,0,"1",1430,"D",130,"D",.,"A",390,"D",6,"D",.,"A",360,"D",1300,"D",6,"D",.,"A",.,"A",.,"A",.,"A"
"20152","02954704",51,0,"1",2600,"D",195,"D",.,"A",2405,"D",0,"D",.,"A",180,"D",2405,"D",0,"D",.,"A",.,"A",.,"A",.,"A"
"20152","02954794",43,0,"1",1300,"D",195,"D",.,"A",520,"D",0,"D",.,"A",.,"A",1105,"D",0,"D",.,"A",.,"A",.,"A",.,"A"
"20152","02954835",24,0,"1",1040,"D",338,"D",.,"A",910,"D",105,"D",.,"A",.,"A",702,"D",99,"D",.,"A",.,"A",.,"A",.,"A"
"20152","02954854",22,0,"1",1300,"D",390,"D",.,"A",130,"D",0,"D",.,"A",.,"A",910,"D",0,"D",.,"A",.,"A",.,"A",.,"A"
"20152","02954904",54,0,"1",2600,"D",520,"D",.,"A",1105,"D",0,"D",.,"A",.,"A",2080,"D",0,"D",.,"A",.,"A",.,"A",.,"A"
"20152","02954964",8,0,"1",1300,"D",0,"D",.,"A",0,"D",0,"D",.,"A",.,"A",1300,"D",0,"D",.,"A",.,"A",.,"A",.,"A"
"20152","02954974",41,0,"1",1300,"D",260,"D",.,"A",520,"D",0,"D",.,"A",.,"A",1040,"D",0,"D",.,"A",.,"A",.,"A",.,"A"
"20152","02955004",17,0,"1",650,"D",91,"D",.,"A",0,"D",0,"D",.,"A",.,"A",559,"D",0,"D",.,"A",.,"A",.,"A",.,"A"
"20152","02955114",38,0,"1",1300,"D",520,"D",.,"A",260,"D",0,"D",.,"A",.,"A",780,"D",0,"D",.,"A",.,"A",.,"A",.,"A"
"20152","02955124",47,0,"1",1430,"D",325,"D",.,"A",0,"D",90,"D",.,"A",.,"A",1105,"D",0,"D",.,"A",.,"A",.,"A",.,"A"
"20152","02955174",13,0,"1",650,"D",0,"D",.,"A",0,"D",0,"D",.,"A",.,"A",650,"D",0,"D",.,"A",.,"A",.,"A",.,"A"
"20152","02955374",14,0,"1",1300,"D",336,"F",.,"A",800,"F",175,"F",.,"A",.,"A",1244,"F",168,"F",.,"A",.,"A",.,"A",.,"A"
"20152","02955394",21,0,"1",1300,"D",429,"D",325,"D",130,"D",0,"D",.,"A",.,"A",871,"D",0,"D",35,"D",455,"D",.,"A",.,"A"
"20152","02955404",25,0,"1",520,"D",130,"D",.,"A",65,"D",30,"D",.,"A",.,"A",390,"D",90,"D",6,"D",78,"D",.,"A",.,"A"
"20152","02955414",30,0,"1",1560,"D",650,"D",.,"A",650,"D",102,"F",.,"A",.,"A",910,"D",120,"D",.,"A",.,"A",78,"D",6,"D"
"20152","02955524",29,0,"1",3250,"D",715,"D",325,"D",650,"D",0,"D",.,"A",.,"A",2535,"D",0,"D",10,"D",130,"D",.,"A",.,"A"
"20152","02955624",11,0,"1",1326,"D",260,"D",.,"A",130,"D",0,"D",.,"A",.,"A",1066,"D",0,"D",.,"A",.,"A",.,"A",.,"A"
"20152","02955654",30,0,"1",1950,"D",130,"D",.,"A",195,"D",60,"D",.,"A",.,"A",1820,"D",60,"D",.,"A",.,"A",.,"A",.,"A"
"20152","02955664",29,0,"1",1040,"D",260,"D",.,"A",0,"D",0,"D",.,"A",60,"D",780,"D",0,"D",.,"A",.,"A",.,"A",.,"A"
"20152","02955684",23,0,"1",1300,"D",0,"D",.,"A",801,"F",77,"F",.,"A",.,"A",1300,"D",135,"F",.,"A",.,"A",.,"A",.,"A"
"20152","02955744",35,0,"1",1950,"D",0,"D",.,"A",520,"D",0,"D",.,"A",.,"A",1950,"D",0,"D",.,"A",.,"A",.,"A",.,"A"
"20152","02955774",20,0,"1",884,"D",130,"D",.,"A",195,"D",0,"D",.,"A",.,"A",754,"D",0,"D",.,"A",.,"A",.,"A",.,"A"
"20152","02955814",17,0,"1",1300,"D",359,"F",.,"A",0,"D",6,"D",.,"A",.,"A",1770,"F",6,"D",.,"A",.,"A",.,"A",.,"A"
"20152","02955904",22,0,"1",930,"F",.,"A",.,"A",0,"D",0,"D",.,"A",.,"A",755,"F",0,"D",.,"A",.,"A",.,"A",.,"A"
"20152","02955934",32,0,"1",1625,"D",260,"D",.,"A",520,"D",0,"D",.,"A",.,"A",1365,"D",45,"D",.,"A",.,"A",.,"A",.,"A"
"20152","02966823",44,0,"1",1300,"D",0,"D",325,"D",468,"D",0,"D",.,"A",162,"D",1300,"D",0,"D",.,"A",.,"A",.,"A",.,"A"
"20152","02966843",42,0,"1",325,"D",0,"D",.,"A",130,"D",15,"D",.,"A",.,"A",325,"D",0,"D",.,"A",.,"A",.,"A",.,"A"
"20152","02966913",29,0,"1",2925,"D",260,"D",.,"A",975,"D",0,"D",.,"A",.,"A",2665,"D",300,"D",.,"A",.,"A",.,"A",.,"A"
"20152","02966923",30,0,"1",780,"D",130,"D",520,"D",260,"D",0,"D",.,"A",.,"A",650,"D",0,"D",.,"A",.,"A",.,"A",.,"A"
"20152","02966943",29,0,"1",325,"D",65,"D",.,"A",520,"D",0,"D",.,"A",.,"A",260,"D",0,"D",.,"A",.,"A",.,"A",.,"A"
"20152","02966953",25,0,"1",520,"D",65,"D",.,"A",0,"D",0,"D",.,"A",.,"A",455,"D",0,"D",.,"A",.,"A",.,"A",.,"A"
"20152","02966963",18,0,"1",3250,"D",325,"D",.,"A",1950,"D",0,"D",.,"A",.,"A",2925,"D",0,"D",.,"A",.,"A",.,"A",.,"A"
"20152","02966973",46,0,"1",325,"D",0,"D",.,"A",2600,"D",0,"D",.,"A",.,"A",325,"D",0,"D",.,"A",.,"A",.,"A",.,"A"
"20152","02966993",71,0,"1",1950,"D",650,"D",.,"A",975,"D",220,"F",.,"A",.,"A",1300,"D",249,"F",.,"A",.,"A",.,"A",.,"A"
"20152","02967013",62,0,"1",2600,"D",520,"D",390,"D",650,"D",150,"D",.,"A",.,"A",2080,"D",600,"D",.,"A",.,"A",.,"A",.,"A"
"20152","02967023",18,0,"1",325,"D",336,"F",260,"D",65,"D",0,"D",.,"A",.,"A",1244,"F",150,"D",.,"A",.,"A",.,"A",.,"A"
"20152","02967033",81,0,"1",3900,"D",390,"D",.,"A",780,"D",0,"D",.,"A",.,"A",3510,"D",0,"D",.,"A",.,"A",.,"A",.,"A"
"20152","02967053",63,0,"1",2340,"D",52,"D",.,"A",650,"D",0,"D",.,"A",143,"D",2288,"D",30,"D",.,"A",.,"A",.,"A",.,"A"
"20152","02967063",26,0,"1",650,"D",130,"D",260,"D",325,"D",0,"D",.,"A",.,"A",520,"D",0,"D",.,"A",.,"A",.,"A",.,"A"
"20152","02967073",30,0,"1",1560,"D",130,"D",.,"A",260,"D",0,"D",.,"A",.,"A",1430,"D",0,"D",.,"A",.,"A",.,"A",.,"A"
"20152","02967105",8,0,"1",0,"D",.,"A",.,"A",0,"D",0,"D",.,"A",.,"A",0,"D",300,"D",.,"A",.,"A",.,"A",.,"A"
"20152","02967143",39,0,"1",1495,"D",455,"D",130,"D",390,"D",0,"D",.,"A",60,"D",1040,"D",0,"D",.,"A",.,"A",.,"A",.,"A"
"20152","02967233",30,0,"1",1950,"D",0,"D",.,"A",1300,"D",150,"D",.,"A",.,"A",1950,"D",360,"D",.,"A",.,"A",.,"A",.,"A"
"20152","02967283",16,0,"1",1430,"D",228,"F",.,"A",0,"D",158,"F",.,"A",.,"A",755,"F",104,"F",.,"A",.,"A",.,"A",.,"A"
"20152","02967293",52,0,"1",1625,"D",325,"D",.,"A",325,"D",60,"D",.,"A",.,"A",1300,"D",60,"D",.,"A",.,"A",.,"A",.,"A"
"20152","02967323",39,0,"1",2678,"D",650,"D",.,"A",520,"D",0,"D",.,"A",195,"D",2028,"D",60,"D",.,"A",.,"A",.,"A",.,"A"
"20152","02967383",16,0,"1",910,"D",130,"D",325,"D",650,"D",0,"D",.,"A",.,"A",780,"D",0,"D",.,"A",.,"A",.,"A",.,"A"
"20152","02967473",24,0,"1",1300,"D",260,"D",.,"A",0,"D",0,"D",.,"A",.,"A",1040,"D",0,"D",.,"A",.,"A",.,"A",.,"A"
"20152","02967483",7,0,"1",930,"F",.,"A",.,"A",0,"D",0,"D",.,"A",.,"A",755,"F",0,"D",.,"A",.,"A",.,"A",.,"A"
"20152","02967585",16,0,"1",1300,"D",520,"D",.,"A",650,"D",0,"D",.,"A",.,"A",780,"D",0,"D",.,"A",.,"A",.,"A",.,"A"
"20152","02967605",49,0,"1",1300,"D",0,"D",585,"D",325,"D",150,"D",.,"A",.,"A",1300,"D",60,"D",.,"A",.,"A",.,"A",.,"A"
"20152","02967693",40,0,"1",1950,"D",91,"D",325,"D",104,"D",0,"D",.,"A",.,"A",1859,"D",0,"D",12,"D",156,"D",.,"A",.,"A"
"20152","02967733",37,0,"1",1300,"D",130,"D",.,"A",650,"D",0,"D",130,"D",210,"D",1170,"D",75,"D",20,"D",260,"D",.,"A",.,"A"
"20152","02967743",13,0,"1",520,"D",130,"D",.,"A",130,"D",0,"D",.,"A",.,"A",390,"D",0,"D",.,"A",.,"A",.,"A",.,"A"
"20152","02967753",63,0,"1",1300,"D",0,"D",.,"A",975,"D",30,"D",.,"A",.,"A",1300,"D",60,"D",.,"A",.,"A",.,"A",.,"A"
"20152","02967863",16,0,"1",2210,"D",390,"D",.,"A",390,"D",0,"D",.,"A",.,"A",1820,"D",0,"D",.,"A",.,"A",.,"A",.,"A"
"20152","02967873",69,0,"1",1170,"D",195,"D",455,"D",260,"D",0,"D",.,"A",.,"A",975,"D",30,"D",.,"A",.,"A",.,"A",.,"A"
"20152","02967883",37,0,"1",1300,"D",260,"D",.,"A",1300,"D",0,"D",.,"A",.,"A",1040,"D",0,"D",.,"A",.,"A",.,"A",.,"A"
"20152","02967913",21,0,"1",260,"D",26,"D",.,"A",39,"D",12,"D",.,"A",.,"A",234,"D",0,"D",.,"A",.,"A",.,"A",.,"A"
"20152","02967953",21,0,"1",1950,"D",195,"D",.,"A",0,"D",0,"D",.,"A",.,"A",1755,"D",0,"D",.,"A",.,"A",.,"A",.,"A"
"20152","02967963",52,0,"1",780,"D",130,"D",.,"A",260,"D",0,"D",.,"A",.,"A",650,"D",30,"D",.,"A",.,"A",.,"A",.,"A"
"20152","02967983",14,0,"1",1950,"D",260,"D",.,"A",0,"D",0,"D",.,"A",.,"A",1690,"D",0,"D",.,"A",.,"A",.,"A",.,"A"
"20152","02968033",19,0,"1",2145,"D",325,"D",.,"A",494,"D",60,"D",.,"A",240,"D",1820,"D",0,"D",.,"A",.,"A",.,"A",.,"A"
"20152","02968053",24,0,"1",3900,"D",325,"D",.,"A",104,"D",0,"D",.,"A",.,"A",3575,"D",0,"D",.,"A",.,"A",.,"A",.,"A"
"20152","02968063",19,0,"1",2340,"D",325,"D",.,"A",325,"D",0,"D",.,"A",0,"D",2015,"D",0,"D",.,"A",.,"A",.,"A",.,"A"
"20152","02968103",51,0,"1",1040,"D",390,"D",.,"A",650,"D",15,"D",.,"A",150,"D",650,"D",0,"D",.,"A",.,"A",.,"A",.,"A"
"20152","02968133",29,0,"1",1625,"D",325,"D",.,"A",520,"D",0,"D",.,"A",.,"A",1300,"D",0,"D",45,"D",585,"D",.,"A",.,"A"
"20152","02968173",42,0,"1",2340,"D",325,"D",260,"D",1560,"D",75,"D",.,"A",.,"A",2015,"D",150,"D",.,"A",.,"A",.,"A",.,"A"
"20152","02968193",51,0,"1",1950,"D",650,"D",130,"D",0,"D",6,"D",.,"A",.,"A",1300,"D",6,"D",.,"A",.,"A",52,"D",4,"D"
"20152","02968213",34,0,"1",2600,"D",975,"D",.,"A",1300,"D",300,"D",.,"A",.,"A",1625,"D",300,"D",.,"A",.,"A",.,"A",.,"A"
"20152","02968233",25,0,"1",650,"D",186,"F",.,"A",65,"D",0,"D",.,"A",.,"A",642,"F",0,"D",.,"A",.,"A",.,"A",.,"A"
"20152","02968243",35,0,"1",1625,"D",455,"D",.,"A",2600,"D",0,"D",.,"A",.,"A",1170,"D",0,"D",.,"A",.,"A",.,"A",.,"A"
"20152","02968263",40,0,"1",5200,"D",455,"D",.,"A",1300,"D",0,"D",.,"A",576,"D",4745,"D",0,"D",.,"A",.,"A",.,"A",.,"A"
"20152","02968273",18,0,"1",1314,"F",.,"A",.,"A",0,"D",0,"D",.,"A",.,"A",1047,"F",0,"D",.,"A",.,"A",.,"A",.,"A"
"20152","02968373",23,0,"1",1755,"D",780,"D",260,"D",65,"D",0,"D",.,"A",.,"A",975,"D",0,"D",21,"D",273,"D",.,"A",.,"A"
"20152","02968403",28,0,"1",11700,"D",0,"D",455,"D",2600,"D",150,"D",.,"A",.,"A",11700,"D",180,"D",180,"D",2340,"D",.,"A",.,"A"
"20152","02968413",16,0,"1",1625,"D",195,"D",260,"D",760,"F",0,"D",.,"A",.,"A",1430,"D",0,"D",48,"D",624,"D",.,"A",.,"A"
"20152","02968423",40,0,"1",1950,"D",325,"D",260,"D",1040,"D",0,"D",.,"A",.,"A",1625,"D",0,"D",.,"C",438,"F",.,"A",.,"A"
"20152","02968463",44,0,"1",1105,"D",195,"D",260,"D",0,"D",0,"D",.,"A",.,"A",910,"D",0,"D",.,"A",.,"A",.,"A",.,"A"
"20152","02968503",71,0,"1",2600,"D",325,"D",.,"A",975,"D",6,"D",.,"A",.,"A",2275,"D",6,"D",.,"A",.,"A",.,"A",.,"A"
"20152","02968523",21,0,"1",1300,"D",260,"D",.,"A",0,"D",180,"D",.,"A",.,"A",1040,"D",0,"D",.,"A",.,"A",.,"A",.,"A"
"20152","02968543",34,0,"1",1300,"D",211,"F",.,"A",260,"D",0,"D",.,"A",.,"A",748,"F",0,"D",.,"A",.,"A",.,"A",.,"A"
"20152","02968603",24,0,"1",1560,"D",130,"D",.,"A",260,"D",0,"D",.,"A",.,"A",1430,"D",0,"D",.,"A",.,"A",.,"A",.,"A"
"20152","02968673",34,0,"1",1300,"D",130,"D",.,"A",520,"D",60,"D",.,"A",.,"A",1170,"D",60,"D",.,"A",.,"A",.,"A",.,"A"
"20152","02968693",32,0,"1",1300,"D",260,"D",.,"A",260,"D",120,"D",.,"A",.,"A",1040,"D",120,"D",.,"A",.,"A",.,"A",.,"A"
"20152","02968763",26,0,"1",1950,"D",130,"D",.,"A",260,"D",0,"D",.,"A",.,"A",1820,"D",0,"D",.,"A",.,"A",.,"A",.,"A"
"20152","02968803",31,0,"1",1950,"D",130,"D",390,"D",1300,"D",0,"D",.,"A",.,"A",1820,"D",24,"D",.,"A",.,"A",.,"A",.,"A"
"20152","02968883",31,0,"1",1950,"D",195,"D",.,"A",390,"D",0,"D",.,"A",.,"A",1755,"D",0,"D",.,"A",.,"A",.,"A",.,"A"
"20152","02968923",26,0,"1",1300,"D",260,"D",.,"A",130,"D",0,"D",.,"A",.,"A",1040,"D",0,"D",.,"A",.,"A",.,"A",.,"A"
"20152","02968943",11,0,"1",1300,"D",130,"D",.,"A",0,"D",0,"D",.,"A",.,"A",1170,"D",0,"D",35,"D",455,"D",.,"A",.,"A"
"20152","02968953",49,0,"1",1950,"D",650,"D",975,"D",0,"D",0,"D",.,"A",.,"A",1300,"D",0,"D",.,"A",.,"A",.,"A",.,"A"
"20152","02968963",78,0,"1",2210,"D",260,"D",.,"A",1235,"D",0,"D",.,"A",384,"D",1950,"D",60,"D",.,"A",.,"A",.,"A",.,"A"
"20152","02968983",26,0,"1",650,"D",0,"D",.,"A",260,"D",0,"D",.,"A",.,"A",650,"D",0,"D",.,"A",.,"A",.,"A",.,"A"
"20152","02968993",27,0,"1",1560,"D",260,"D",.,"A",650,"D",90,"D",.,"A",.,"A",1300,"D",120,"D",.,"A",.,"A",.,"A",.,"A"
"20152","02969023",27,0,"1",975,"D",130,"D",.,"A",390,"D",0,"D",.,"A",.,"A",845,"D",0,"D",.,"A",.,"A",.,"A",.,"A"
"20152","02969063",32,0,"1",1950,"D",390,"D",.,"A",1560,"D",0,"D",.,"A",.,"A",1560,"D",0,"D",.,"A",.,"A",.,"A",.,"A"
"20152","02969083",32,0,"1",1040,"D",650,"D",.,"A",780,"D",180,"D",.,"A",.,"A",390,"D",600,"D",.,"A",.,"A",.,"A",.,"A"
"20152","02969095",14,0,"1",650,"D",65,"D",65,"D",260,"D",21,"D",.,"A",.,"A",585,"D",300,"D",.,"A",.,"A",.,"A",.,"A"
"20152","02969103",13,0,"1",1105,"D",260,"D",.,"A",455,"D",0,"D",.,"A",.,"A",845,"D",0,"D",.,"A",.,"A",.,"A",.,"A"
"20152","02969113",36,0,"1",1625,"D",325,"D",169,"D",195,"D",0,"D",.,"A",.,"A",1300,"D",75,"D",20,"D",260,"D",.,"A",.,"A"
"20152","02969213",28,0,"1",1300,"D",0,"D",.,"A",325,"D",0,"D",.,"A",.,"A",1300,"D",24,"D",.,"A",.,"A",.,"A",.,"A"
"20152","02969225",6,0,"1",930,"F",.,"A",.,"A",471,"F",0,"D",.,"A",.,"A",755,"F",120,"D",5,"D",65,"D",.,"A",.,"A"
"20152","02969313",16,0,"1",780,"D",130,"D",390,"D",130,"D",0,"D",.,"A",.,"A",650,"D",0,"D",.,"A",.,"A",195,"D",15,"D"
"20152","02969333",51,0,"1",1950,"D",390,"D",.,"A",780,"D",0,"D",.,"A",132,"D",1560,"D",0,"D",.,"A",.,"A",196,"F",.,"C"
"20152","02969373",33,0,"1",650,"D",0,"D",.,"A",650,"D",0,"D",.,"A",.,"A",650,"D",0,"D",.,"A",.,"A",.,"A",.,"A"
"20152","02969453",62,0,"1",2600,"D",325,"D",325,"D",325,"D",0,"D",.,"A",.,"A",2275,"D",150,"D",.,"A",.,"A",.,"A",.,"A"
"20152","02969483",40,0,"1",1300,"D",130,"D",.,"A",1300,"D",0,"D",.,"A",.,"A",1170,"D",90,"D",.,"A",.,"A",.,"A",.,"A"
"20152","02969503",20,0,"1",1772,"F",.,"A",.,"A",760,"F",113,"F",.,"A",.,"A",1467,"F",107,"F",.,"A",.,"A",.,"A",.,"A"
"20152","02969543",20,0,"1",1950,"D",390,"D",130,"D",650,"D",0,"D",.,"A",.,"A",1560,"D",60,"D",.,"A",.,"A",.,"A",.,"A"
"20152","02969633",17,0,"1",930,"F",.,"A",.,"A",0,"D",0,"D",.,"A",.,"A",755,"F",45,"D",.,"A",.,"A",.,"A",.,"A"
"20152","02969663",77,0,"1",455,"D",65,"D",390,"D",520,"D",600,"D",.,"A",.,"A",390,"D",225,"D",.,"A",.,"A",.,"A",.,"A"
"20152","02969693",42,0,"1",1690,"D",260,"D",.,"A",416,"D",0,"D",.,"A",.,"A",1430,"D",0,"D",.,"A",.,"A",.,"A",.,"A"
"20152","02969713",37,0,"1",2951,"D",650,"D",.,"A",390,"D",0,"D",.,"A",.,"A",2301,"D",0,"D",.,"A",.,"A",.,"A",.,"A"
"20152","02969773",41,0,"1",0,"D",.,"A",104,"D",1950,"D",0,"D",.,"A",.,"A",0,"D",0,"D",7,"D",91,"D",.,"A",.,"A"
"20152","02969793",43,0,"1",1950,"D",195,"D",260,"D",260,"D",120,"D",.,"A",.,"A",1755,"D",75,"D",.,"A",.,"A",.,"A",.,"A"
"20152","02969853",25,0,"1",1170,"D",65,"D",.,"A",325,"D",0,"D",.,"A",.,"A",1105,"D",0,"D",.,"A",.,"A",.,"A",.,"A"
"20152","02969893",30,0,"1",1950,"D",195,"D",.,"A",520,"D",0,"D",.,"A",.,"A",1755,"D",0,"D",.,"A",.,"A",.,"A",.,"A"
"20152","02969903",76,0,"1",1950,"D",195,"D",.,"A",1300,"D",120,"D",.,"A",210,"D",1755,"D",120,"D",.,"A",.,"A",.,"A",.,"A"
"20152","02969933",39,0,"1",1625,"D",260,"D",.,"A",0,"D",0,"D",.,"A",.,"A",1365,"D",0,"D",.,"A",.,"A",.,"A",.,"A"
"20152","02969953",18,0,"1",325,"D",186,"F",.,"A",65,"D",0,"D",.,"A",.,"A",642,"F",0,"D",.,"A",.,"A",.,"A",.,"A"
"20152","02969963",45,0,"1",780,"D",260,"D",.,"A",390,"D",60,"D",.,"A",.,"A",520,"D",0,"D",.,"A",.,"A",.,"A",.,"A"
"20152","02969973",53,0,"1",1430,"D",221,"D",.,"A",325,"D",0,"D",.,"A",.,"A",1209,"D",0,"D",.,"A",.,"A",.,"A",.,"A"
"20152","02970003",36,0,"1",1950,"D",195,"D",.,"A",0,"D",0,"D",.,"A",.,"A",1755,"D",180,"D",.,"A",.,"A",.,"A",.,"A"
"20152","02970013",20,0,"1",650,"D",104,"D",.,"A",325,"D",0,"D",.,"A",.,"A",546,"D",0,"D",.,"A",.,"A",.,"A",.,"A"
"20152","02970023",49,0,"1",1300,"D",0,"D",.,"A",2275,"D",300,"D",.,"A",.,"A",1300,"D",0,"D",.,"A",.,"A",.,"A",.,"A"
"20152","02970033",49,0,"1",1950,"D",130,"D",.,"A",325,"D",0,"D",.,"A",423,"D",1820,"D",0,"D",60,"D",780,"D",.,"A",.,"A"
"20152","02970053",61,0,"1",910,"D",260,"D",.,"A",390,"D",0,"D",.,"A",.,"A",650,"D",0,"D",.,"A",.,"A",.,"A",.,"A"
"20152","02970103",29,0,"1",1170,"D",228,"F",.,"A",0,"D",0,"D",.,"A",.,"A",755,"F",180,"D",84,"D",1092,"D",.,"A",.,"A"
"20152","02970123",19,0,"1",910,"D",130,"D",.,"A",455,"D",0,"D",.,"A",.,"A",780,"D",120,"D",.,"A",.,"A",.,"A",.,"A"
"20152","02970143",30,0,"1",1300,"D",260,"D",.,"A",390,"D",0,"D",.,"A",.,"A",1040,"D",0,"D",.,"A",.,"A",.,"A",.,"A"
"20152","02970153",48,0,"1",2600,"D",195,"D",650,"D",1300,"D",300,"D",.,"A",.,"A",2405,"D",600,"D",.,"A",.,"A",.,"A",.,"A"
"20152","02970173",20,0,"1",3575,"D",975,"D",520,"D",260,"D",0,"D",.,"A",.,"A",2600,"D",0,"D",91,"D",1183,"D",.,"A",.,"A"
"20152","02970193",18,0,"1",390,"D",0,"D",130,"D",780,"D",0,"D",.,"A",.,"A",390,"D",0,"D",.,"A",.,"A",.,"A",.,"A"
"20152","02970243",28,0,"1",650,"D",0,"D",325,"D",130,"D",0,"D",.,"A",.,"A",650,"D",0,"D",50,"D",650,"D",.,"A",.,"A"
"20152","02970253",32,0,"1",1300,"D",260,"D",.,"A",0,"D",0,"D",.,"A",.,"A",1040,"D",0,"D",.,"A",.,"A",.,"A",.,"A"
"20152","02970293",17,0,"1",455,"D",130,"D",.,"A",0,"D",0,"D",.,"A",.,"A",325,"D",0,"D",.,"A",.,"A",.,"A",.,"A"
"20152","02970303",32,0,"1",1625,"D",260,"D",.,"A",0,"D",0,"D",.,"A",.,"A",1365,"D",36,"D",.,"A",.,"A",.,"A",.,"A"
"20152","02970323",55,0,"1",2600,"D",130,"D",.,"A",845,"D",0,"D",.,"A",.,"A",2470,"D",0,"D",.,"A",.,"A",.,"A",.,"A"
"20152","02970383",25,0,"1",1300,"D",130,"D",.,"A",0,"D",0,"D",.,"A",.,"A",1170,"D",0,"D",.,"A",.,"A",.,"A",.,"A"
"20152","02970393",19,0,"1",930,"F",.,"A",273,"F",471,"F",0,"D",.,"A",.,"A",755,"F",0,"D",.,"A",.,"A",.,"A",.,"A"
"20152","02970403",44,0,"1",1950,"D",130,"D",.,"A",520,"D",0,"D",.,"A",.,"A",1820,"D",90,"D",.,"A",.,"A",.,"A",.,"A"
"20152","02970423",57,0,"1",3900,"D",325,"D",.,"A",2106,"D",30,"D",.,"A",130,"D",3575,"D",30,"D",.,"A",.,"A",.,"A",.,"A"
"20152","02970465",44,0,"1",1560,"D",195,"D",65,"D",2600,"D",1500,"D",.,"A",.,"A",1365,"D",525,"D",.,"A",.,"A",.,"A",.,"A"
"20152","02970473",72,0,"1",2925,"D",0,"D",130,"D",390,"D",0,"D",.,"A",.,"A",2925,"D",120,"D",.,"A",.,"A",.,"A",.,"A"
"20152","02970553",24,0,"1",1300,"D",195,"D",.,"A",260,"D",0,"D",.,"A",0,"D",1105,"D",0,"D",.,"A",.,"A",.,"A",.,"A"
"20152","02970573",14,0,"1",845,"D",195,"D",.,"A",1560,"D",150,"D",.,"A",.,"A",650,"D",0,"D",.,"A",.,"A",.,"A",.,"A"
"20152","02970583",83,0,"1",1625,"D",130,"D",.,"A",1950,"D",0,"D",.,"A",360,"D",1495,"D",165,"D",.,"A",.,"A",.,"A",.,"A"
"20152","02970603",28,0,"1",975,"D",260,"D",.,"A",130,"D",0,"D",.,"A",.,"A",715,"D",120,"D",30,"D",390,"D",.,"A",.,"A"
"20152","02970683",25,0,"1",1690,"D",130,"D",.,"A",650,"D",0,"D",.,"A",.,"A",1560,"D",150,"D",.,"A",.,"A",.,"A",.,"A"
"20152","02970713",71,0,"1",3744,"D",390,"D",.,"A",650,"D",120,"D",.,"A",.,"A",3354,"D",30,"D",.,"A",.,"A",.,"A",.,"A"
"20152","02970743",71,0,"1",2275,"D",650,"D",.,"A",780,"D",0,"D",.,"A",.,"A",1625,"D",0,"D",.,"A",.,"A",.,"A",.,"A"
"20152","02970753",44,0,"1",1300,"D",156,"D",.,"A",910,"D",75,"D",.,"A",.,"A",1144,"D",150,"D",.,"A",.,"A",.,"A",.,"A"
"20152","02970773",38,0,"1",1300,"D",0,"D",.,"A",1950,"D",0,"D",.,"A",.,"A",1300,"D",180,"D",.,"A",.,"A",.,"A",.,"A"
"20152","02970783",41,0,"1",1820,"D",195,"D",.,"A",975,"D",0,"D",.,"A",.,"A",1625,"D",60,"D",.,"A",.,"A",.,"A",.,"A"
"20152","02970823",10,0,"1",1950,"D",390,"D",.,"A",390,"D",0,"D",.,"A",.,"A",1560,"D",0,"D",.,"A",.,"A",.,"A",.,"A"
"20152","02970863",31,0,"1",468,"D",65,"D",.,"A",442,"D",9,"D",.,"A",.,"A",403,"D",0,"D",.,"A",.,"A",.,"A",.,"A"
"20152","02970873",51,0,"1",1950,"D",650,"D",.,"A",780,"D",240,"D",.,"A",.,"A",1300,"D",120,"D",.,"A",.,"A",.,"A",.,"A"
"20152","02970895",17,0,"1",1560,"D",195,"D",.,"A",260,"D",0,"D",.,"A",.,"A",1365,"D",0,"D",.,"A",.,"A",.,"A",.,"A"
"20152","02970923",19,0,"1",520,"D",130,"D",.,"A",0,"D",0,"D",.,"A",.,"A",390,"D",0,"D",.,"A",.,"A",.,"A",.,"A"
"20152","02970963",19,0,"1",1950,"D",585,"D",.,"A",260,"D",0,"D",.,"A",.,"A",1365,"D",0,"D",.,"A",.,"A",.,"A",.,"A"
"20152","02970983",48,0,"1",975,"D",260,"D",.,"A",520,"D",60,"D",.,"A",.,"A",715,"D",30,"D",.,"A",.,"A",.,"A",.,"A"
"20152","02970993",12,0,"1",969,"F",.,"A",.,"A",555,"F",0,"D",.,"A",.,"A",783,"F",0,"D",.,"A",.,"A",.,"A",.,"A"
"20152","02971013",30,0,"1",1950,"D",195,"D",.,"A",650,"D",150,"D",.,"A",.,"A",1755,"D",150,"D",.,"A",.,"A",.,"A",.,"A"
"20152","02971043",27,0,"1",520,"D",52,"D",.,"A",0,"D",0,"D",.,"A",.,"A",468,"D",0,"D",.,"A",.,"A",.,"A",.,"A"
"20152","02971143",27,0,"1",520,"D",65,"D",.,"A",325,"D",103,"F",.,"A",.,"A",455,"D",0,"D",.,"A",.,"A",.,"A",.,"A"
"20152","02971153",44,0,"1",975,"D",325,"D",1625,"D",780,"D",60,"D",.,"A",.,"A",650,"D",150,"D",.,"A",.,"A",.,"A",.,"A"
"20152","02971194",13,0,"1",455,"D",91,"D",.,"A",195,"D",90,"D",.,"A",.,"A",364,"D",0,"D",.,"A",.,"A",.,"A",.,"A"
"20152","02971213",26,0,"1",1040,"D",390,"D",.,"A",260,"D",0,"D",.,"A",.,"A",650,"D",75,"D",.,"A",.,"A",.,"A",.,"A"
"20152","02971233",35,0,"1",2340,"D",234,"D",.,"A",260,"D",0,"D",.,"A",.,"A",2106,"D",0,"D",.,"A",.,"A",.,"A",.,"A"
"20152","02971273",23,0,"1",1040,"D",325,"D",.,"A",650,"D",6,"D",.,"A",.,"A",715,"D",6,"D",.,"A",.,"A",.,"A",.,"A"
"20152","02971283",46,0,"1",1950,"D",650,"D",.,"A",1300,"D",600,"D",.,"A",.,"A",1300,"D",600,"D",.,"A",.,"A",.,"A",.,"A"
"20152","02971313",47,0,"1",1950,"D",650,"D",390,"D",650,"D",0,"D",.,"A",.,"A",1300,"D",600,"D",.,"A",.,"A",.,"A",.,"A"
"20152","02971333",36,0,"1",3250,"D",650,"D",.,"A",390,"D",0,"D",.,"A",.,"A",2600,"D",0,"D",.,"A",.,"A",.,"A",.,"A"
"20152","02971343",11,0,"1",650,"D",0,"D",.,"A",0,"D",0,"D",.,"A",.,"A",650,"D",0,"D",.,"A",.,"A",.,"A",.,"A"
"20152","02971363",39,0,"1",1976,"D",325,"D",.,"A",260,"D",225,"D",.,"A",.,"A",1651,"D",225,"D",.,"A",.,"A",.,"A",.,"A"
"20152","02971373",18,0,"1",455,"D",130,"D",.,"A",390,"D",0,"D",.,"A",.,"A",325,"D",0,"D",.,"A",.,"A",.,"A",.,"A"
"20152","02971533",22,0,"1",1300,"D",390,"D",.,"A",1040,"D",0,"D",.,"A",.,"A",910,"D",60,"D",.,"A",.,"A",.,"A",.,"A"
"20152","02971543",17,0,"1",585,"D",65,"D",.,"A",471,"F",0,"D",.,"A",.,"A",520,"D",0,"D",.,"A",.,"A",.,"A",.,"A"
"20152","02971563",52,0,"1",1040,"D",130,"D",.,"A",390,"D",0,"D",.,"A",.,"A",910,"D",132,"D",30,"D",390,"D",.,"A",.,"A"
"20152","02971593",54,0,"1",2600,"D",0,"D",650,"D",1300,"D",600,"D",.,"A",.,"A",2600,"D",600,"D",.,"A",.,"A",.,"A",.,"A"
"20152","02971653",35,0,"1",1300,"D",390,"D",390,"D",520,"D",0,"D",.,"A",.,"A",910,"D",105,"D",5,"D",65,"D",195,"D",15,"D"
"20152","02971693",37,0,"1",1950,"D",1040,"D",65,"D",325,"D",0,"D",.,"A",.,"A",910,"D",150,"D",164,"D",2132,"D",.,"A",.,"A"
"20152","02971723",52,0,"1",1625,"D",156,"D",.,"A",325,"D",105,"D",.,"A",.,"A",1469,"D",75,"D",.,"A",.,"A",.,"A",.,"A"
"20152","02971753",31,0,"1",2275,"D",325,"D",.,"A",156,"D",0,"D",.,"A",.,"A",1950,"D",0,"D",.,"A",.,"A",.,"A",.,"A"
"20152","02971793",21,0,"1",1300,"D",130,"D",.,"A",520,"D",0,"D",.,"A",.,"A",1170,"D",0,"D",50,"D",650,"D",.,"A",.,"A"
"20152","02971813",21,0,"1",1730,"F",.,"A",.,"A",0,"D",153,"F",.,"A",.,"A",1378,"F",110,"F",.,"A",.,"A",.,"A",.,"A"
"20152","02971863",45,0,"1",3900,"D",650,"D",.,"A",2600,"D",0,"D",.,"A",.,"A",3250,"D",45,"D",.,"A",.,"A",.,"A",.,"A"
"20152","02971884",17,0,"1",5200,"D",0,"D",.,"A",0,"D",115,"F",650,"D",.,"A",5200,"D",138,"F",100,"D",1300,"D",.,"A",.,"A"
"20152","02971953",10,0,"1",676,"D",26,"D",.,"A",0,"D",0,"D",.,"A",.,"A",650,"D",0,"D",.,"A",.,"A",.,"A",.,"A"
"20152","02971993",19,0,"1",2600,"D",650,"D",.,"A",1105,"D",0,"D",.,"A",.,"A",1950,"D",0,"D",.,"A",.,"A",.,"A",.,"A"
"20152","02972003",50,0,"1",1300,"D",130,"D",.,"A",130,"D",0,"D",.,"A",.,"A",1170,"D",60,"D",.,"A",.,"A",.,"A",.,"A"
"20152","02972013",25,0,"1",1365,"D",186,"F",309,"F",65,"D",86,"F",.,"A",.,"A",642,"F",91,"F",.,"A",.,"A",.,"A",.,"A"
"20152","02972043",19,0,"1",1300,"D",260,"D",.,"A",0,"D",0,"D",.,"A",.,"A",1040,"D",0,"D",.,"A",.,"A",.,"A",.,"A"
"20152","02972073",36,0,"1",780,"D",0,"D",0,"D",260,"D",6,"D",.,"A",.,"A",780,"D",6,"D",.,"A",.,"A",.,"A",.,"A"
"20152","02972103",14,0,"1",650,"D",0,"D",.,"A",91,"D",0,"D",.,"A",.,"A",650,"D",180,"D",45,"D",585,"D",.,"A",.,"A"
"20152","02972123",29,0,"1",2600,"D",650,"D",.,"A",650,"D",0,"D",.,"A",.,"A",1950,"D",0,"D",50,"D",650,"D",.,"A",.,"A"
"20152","02972133",42,0,"1",1950,"D",325,"D",.,"A",650,"D",0,"D",.,"A",.,"A",1625,"D",150,"D",.,"A",.,"A",.,"A",.,"A"
"20152","02972163",64,0,"1",1950,"D",390,"D",975,"D",780,"D",0,"D",.,"A",.,"A",1560,"D",0,"D",.,"A",.,"A",.,"A",.,"A"
"20152","02972213",15,0,"1",910,"D",130,"D",.,"A",325,"D",0,"D",.,"A",.,"A",780,"D",120,"D",.,"A",.,"A",.,"A",.,"A"
"20152","02972265",23,0,"1",520,"D",237,"F",.,"A",195,"D",60,"D",.,"A",.,"A",736,"F",30,"D",.,"A",.,"A",.,"A",.,"A"
"20152","02972273",34,0,"1",975,"D",65,"D",.,"A",780,"D",0,"D",.,"A",.,"A",910,"D",0,"D",.,"A",.,"A",.,"A",.,"A"
"20152","02972283",36,0,"1",1040,"D",130,"D",130,"D",130,"D",0,"D",.,"A",.,"A",910,"D",120,"D",.,"A",.,"A",.,"A",.,"A"
"20152","02972293",23,0,"1",1560,"D",195,"D",.,"A",780,"D",0,"D",.,"A",.,"A",1365,"D",0,"D",.,"A",.,"A",.,"A",.,"A"
"20152","02972323",18,0,"1",975,"D",419,"F",.,"A",3250,"D",480,"D",.,"A",.,"A",1378,"F",120,"D",20,"D",260,"D",260,"D",20,"D"
"20152","02972333",27,0,"1",1950,"D",455,"D",.,"A",130,"D",120,"D",.,"A",.,"A",1495,"D",600,"D",50,"D",650,"D",.,"A",.,"A"
"20152","02972363",37,0,"1",1170,"D",130,"D",.,"A",260,"D",0,"D",.,"A",.,"A",1040,"D",0,"D",.,"A",.,"A",.,"A",.,"A"
"20152","02972423",23,0,"1",2600,"D",291,"F",.,"A",0,"D",6,"D",.,"A",.,"A",1256,"F",6,"D",.,"A",.,"A",.,"A",.,"A"
"20152","02972433",29,0,"1",910,"D",260,"D",.,"A",390,"D",0,"D",.,"A",.,"A",650,"D",450,"D",.,"A",.,"A",.,"A",.,"A"
"20152","02972463",29,0,"1",1950,"D",260,"D",.,"A",260,"D",0,"D",.,"A",.,"A",1690,"D",0,"D",.,"A",.,"A",.,"A",.,"A"
"20152","02972555",15,0,"1",910,"D",130,"D",.,"A",195,"D",0,"D",.,"A",.,"A",780,"D",300,"D",.,"A",.,"A",.,"A",.,"A"
"20152","02972603",24,0,"1",260,"D",0,"D",.,"A",471,"F",0,"D",.,"A",.,"A",260,"D",0,"D",.,"A",.,"A",.,"A",.,"A"
"20152","02972613",16,0,"1",1300,"D",260,"D",.,"A",1300,"D",0,"D",.,"A",.,"A",1040,"D",150,"D",.,"A",.,"A",.,"A",.,"A"
"20152","02972663",19,0,"1",1300,"D",336,"F",.,"A",780,"D",300,"D",.,"A",.,"A",1244,"F",150,"D",40,"D",520,"D",.,"A",.,"A"
"20152","02972683",19,0,"1",1300,"D",260,"D",.,"A",0,"D",0,"D",.,"A",.,"A",1040,"D",0,"D",.,"A",.,"A",.,"A",.,"A"
"20152","02972723",33,0,"1",650,"D",130,"D",.,"A",520,"D",75,"D",.,"A",.,"A",520,"D",60,"D",.,"A",.,"A",.,"A",.,"A"
"20152","02972783",54,0,"1",5200,"D",650,"D",.,"A",1950,"D",120,"D",.,"A",324,"D",4550,"D",300,"D",.,"A",.,"A",.,"A",.,"A"
"20152","02972793",28,0,"1",2340,"D",390,"D",.,"A",1300,"D",0,"D",.,"A",.,"A",1950,"D",0,"D",.,"A",.,"A",.,"A",.,"A"
"20152","02972803",45,0,"1",1625,"D",780,"D",.,"A",0,"D",45,"D",.,"A",.,"A",845,"D",60,"D",.,"A",.,"A",.,"A",.,"A"
"20152","02972893",53,0,"1",1950,"D",195,"D",.,"A",130,"D",0,"D",.,"A",.,"A",1755,"D",24,"D",.,"A",.,"A",.,"A",.,"A"
"20152","02972954",12,0,"1",650,"D",65,"D",.,"A",0,"D",6,"D",.,"A",.,"A",585,"D",6,"D",.,"A",.,"A",.,"A",.,"A"
"20152","02972983",50,0,"1",1300,"D",325,"D",.,"A",325,"D",0,"D",.,"A",120,"D",975,"D",0,"D",.,"A",.,"A",.,"A",.,"A"
"20152","02973003",68,0,"1",2158,"D",221,"D",130,"D",104,"D",0,"D",.,"A",.,"A",1937,"D",0,"D",.,"A",.,"A",.,"A",.,"A"
"20152","02973013",31,0,"1",845,"D",414,"F",423,"F",1170,"D",115,"F",.,"A",.,"A",1528,"F",138,"F",.,"A",.,"A",.,"A",.,"A"
"20152","02973033",14,0,"1",650,"D",0,"D",.,"A",0,"D",0,"D",.,"A",.,"A",650,"D",0,"D",.,"A",.,"A",.,"A",.,"A"
"20152","02973063",60,0,"1",364,"D",0,"D",.,"A",39,"D",0,"D",.,"A",.,"A",364,"D",0,"D",.,"A",.,"A",.,"A",.,"A"
"20152","02973243",31,0,"1",1300,"D",0,"D",.,"A",650,"D",60,"D",.,"A",.,"A",1300,"D",300,"D",.,"A",.,"A",.,"A",.,"A"
"20152","02973363",39,0,"1",3900,"D",975,"D",.,"A",0,"D",6,"D",.,"A",.,"A",2925,"D",6,"D",.,"A",.,"A",.,"A",.,"A"
"20152","02973403",26,0,"1",1755,"D",845,"D",.,"A",260,"D",60,"D",.,"A",.,"A",910,"D",120,"D",.,"A",.,"A",.,"A",.,"A"
"20152","02973433",22,0,"1",1820,"D",260,"D",.,"A",0,"D",0,"D",.,"A",.,"A",1560,"D",0,"D",30,"D",390,"D",.,"A",.,"A"
"20152","02973483",25,0,"1",1950,"D",260,"D",.,"A",0,"D",0,"D",.,"A",.,"A",1690,"D",30,"D",105,"D",1365,"D",26,"D",2,"D"
"20152","02973493",57,0,"1",1560,"D",260,"D",.,"A",325,"D",45,"D",.,"A",.,"A",1300,"D",0,"D",.,"A",.,"A",.,"A",.,"A"
"20152","02973513",15,0,"1",1040,"D",228,"F",.,"A",0,"D",0,"D",.,"A",.,"A",755,"F",0,"D",.,"A",.,"A",.,"A",.,"A"
"20152","02973543",21,0,"1",1489,"F",.,"A",.,"A",469,"F",0,"D",.,"A",.,"A",1201,"F",0,"D",.,"A",.,"A",.,"A",.,"A"
"20152","02973593",31,0,"1",2275,"D",237,"F",.,"A",650,"D",153,"F",.,"A",.,"A",736,"F",136,"F",.,"A",.,"A",.,"A",.,"A"
"20152","02973693",52,0,"1",3250,"D",260,"D",260,"D",325,"D",0,"D",.,"A",.,"A",2990,"D",0,"D",.,"A",.,"A",.,"A",.,"A"
"20152","02973715",14,0,"1",520,"D",260,"D",.,"A",0,"D",0,"D",.,"A",.,"A",260,"D",0,"D",.,"A",.,"A",.,"A",.,"A"
"20152","02973763",47,0,"1",2600,"D",650,"D",.,"A",650,"D",0,"D",.,"A",.,"A",1950,"D",0,"D",.,"A",.,"A",.,"A",.,"A"
"20152","02973775",36,0,"1",1300,"D",260,"D",.,"A",650,"D",120,"D",.,"A",.,"A",1040,"D",30,"D",.,"A",.,"A",.,"A",.,"A"
"20152","02973793",19,0,"1",1625,"D",65,"D",.,"A",455,"D",0,"D",.,"A",185,"F",1560,"D",0,"D",.,"A",.,"A",.,"A",.,"A"
"20152","02973833",21,0,"1",364,"D",39,"D",.,"A",0,"D",0,"D",350,"D",.,"A",325,"D",0,"D",.,"A",.,"A",.,"A",.,"A"
"20152","02973843",14,0,"1",325,"D",52,"D",.,"A",221,"D",0,"D",.,"A",.,"A",273,"D",0,"D",.,"A",.,"A",78,"D",6,"D"
"20152","02973873",14,0,"1",2600,"D",1066,"D",.,"A",801,"F",77,"F",.,"A",.,"A",1534,"D",135,"F",.,"A",.,"A",.,"A",.,"A"
"20152","02973883",47,0,"1",2600,"D",650,"D",.,"A",975,"D",0,"D",.,"A",30,"D",1950,"D",0,"D",.,"A",.,"A",.,"A",.,"A"
"20152","02973893",19,0,"1",1300,"D",195,"D",.,"A",1950,"D",0,"D",.,"A",.,"A",1105,"D",0,"D",.,"A",.,"A",.,"A",.,"A"
"20152","02973903",80,0,"1",2600,"D",336,"F",.,"A",325,"D",0,"D",.,"A",.,"A",1244,"F",0,"D",.,"A",.,"A",.,"A",.,"A"
"20152","02973943",64,0,"1",2340,"D",130,"D",.,"A",780,"D",90,"D",.,"A",60,"D",2210,"D",0,"D",.,"A",.,"A",.,"A",.,"A"
"20152","02973953",24,0,"1",650,"D",325,"D",.,"A",0,"D",0,"D",.,"A",.,"A",325,"D",240,"D",50,"D",650,"D",.,"A",.,"A"
"20152","02973975",43,0,"1",1950,"D",975,"D",.,"A",520,"D",0,"D",.,"A",.,"A",975,"D",60,"D",.,"A",.,"A",.,"A",.,"A"
"20152","02973983",12,0,"1",1300,"D",195,"D",.,"A",1040,"D",0,"D",.,"A",.,"A",1105,"D",0,"D",.,"A",.,"A",.,"A",.,"A"
"20152","02974013",49,0,"1",845,"D",0,"D",.,"A",260,"D",0,"D",.,"A",.,"A",845,"D",0,"D",.,"A",.,"A",.,"A",.,"A"
"20152","02974033",22,0,"1",2600,"D",1300,"D",.,"A",0,"D",0,"D",.,"A",.,"A",1300,"D",600,"D",45,"D",585,"D",.,"A",.,"A"
"20152","02974043",52,0,"1",2600,"D",520,"D",.,"A",325,"D",0,"D",.,"A",.,"A",2080,"D",150,"D",.,"A",.,"A",.,"A",.,"A"
"20152","02974063",27,0,"1",1950,"D",325,"D",.,"A",195,"D",0,"D",.,"A",.,"A",1625,"D",0,"D",18,"D",234,"D",.,"A",.,"A"
"20152","02974073",67,0,"1",1625,"D",0,"D",.,"A",195,"D",0,"D",.,"A",.,"A",1625,"D",0,"D",.,"A",.,"A",.,"A",.,"A"
"20152","02974083",52,0,"1",1625,"D",260,"D",.,"A",260,"D",6,"D",.,"A",.,"A",1365,"D",6,"D",.,"A",.,"A",.,"A",.,"A"
"20152","02974103",24,0,"1",780,"D",0,"D",.,"A",260,"D",0,"D",.,"A",.,"A",780,"D",0,"D",.,"A",.,"A",.,"A",.,"A"
"20152","02974133",11,0,"1",650,"D",65,"D",.,"A",650,"D",90,"D",.,"A",.,"A",585,"D",0,"D",.,"A",.,"A",.,"A",.,"A"
"20152","02974143",65,0,"1",1625,"D",211,"F",260,"D",260,"D",0,"D",.,"A",.,"A",748,"F",116,"F",.,"A",.,"A",.,"A",.,"A"
"20152","02974183",37,0,"1",1950,"D",429,"D",.,"A",780,"D",0,"D",.,"A",.,"A",1521,"D",0,"D",.,"A",.,"A",.,"A",.,"A"
"20152","02974263",38,0,"1",1300,"D",0,"D",.,"A",390,"D",0,"D",.,"A",.,"A",1300,"D",0,"D",.,"A",.,"A",.,"A",.,"A"
"20152","02974273",62,0,"1",325,"D",0,"D",650,"D",650,"D",150,"D",260,"D",.,"A",325,"D",150,"D",12,"D",156,"D",.,"A",.,"A"
"20152","02974283",21,0,"1",2600,"D",390,"D",.,"A",650,"D",0,"D",.,"A",.,"A",2210,"D",0,"D",.,"A",.,"A",.,"A",.,"A"
"20152","02974293",12,0,"1",650,"D",78,"D",.,"A",130,"D",0,"D",.,"A",.,"A",572,"D",0,"D",.,"A",.,"A",.,"A",.,"A"
"20152","02974333",48,0,"1",845,"D",195,"D",.,"A",1950,"D",0,"D",.,"A",.,"A",650,"D",0,"D",.,"A",.,"A",.,"A",.,"A"
"20152","02974373",12,0,"1",260,"D",0,"D",.,"A",0,"D",0,"D",.,"A",.,"A",260,"D",0,"D",.,"A",.,"A",.,"A",.,"A"
"20152","02974385",15,0,"1",0,"D",.,"A",130,"D",0,"D",0,"D",.,"A",.,"A",0,"D",720,"D",.,"A",.,"A",.,"A",.,"A"
"20152","02974433",25,0,"1",845,"D",130,"D",.,"A",0,"D",0,"D",.,"A",.,"A",715,"D",0,"D",15,"D",195,"D",.,"A",.,"A"
"20152","02974453",63,0,"1",2600,"D",650,"D",.,"A",2145,"D",0,"D",.,"A",.,"A",1950,"D",0,"D",.,"A",.,"A",.,"A",.,"A"
"20152","02974493",25,0,"1",650,"D",130,"D",.,"A",2600,"D",0,"D",.,"A",.,"A",520,"D",30,"D",.,"A",.,"A",.,"A",.,"A"
"20152","02974533",30,0,"1",1517,"F",.,"A",.,"A",458,"F",0,"D",.,"A",.,"A",1256,"F",0,"D",.,"A",.,"A",.,"A",.,"A"
"20152","02974593",43,0,"1",2340,"D",975,"D",650,"D",520,"D",30,"D",325,"D",480,"D",1365,"D",120,"D",12,"D",156,"D",.,"A",.,"A"
"20152","02974663",29,0,"1",650,"D",390,"D",325,"D",195,"D",0,"D",.,"A",.,"A",260,"D",180,"D",.,"A",.,"A",.,"A",.,"A"
"20152","02974793",9,0,"1",930,"F",.,"A",.,"A",65,"D",158,"F",.,"A",.,"A",755,"F",104,"F",.,"A",.,"A",.,"A",.,"A"
"20152","02974843",59,0,"1",1950,"D",650,"D",260,"D",650,"D",60,"D",.,"A",375,"D",1300,"D",90,"D",.,"A",.,"A",.,"A",.,"A"
"20152","02974873",80,0,"1",2600,"D",650,"D",.,"A",1040,"D",60,"D",.,"A",.,"A",1950,"D",60,"D",.,"A",.,"A",.,"A",.,"A"
"20152","02974883",32,0,"1",1950,"D",260,"D",.,"A",1040,"D",0,"D",.,"A",110,"D",1690,"D",0,"D",.,"A",.,"A",.,"A",.,"A"
"20152","02974893",35,0,"1",1300,"D",91,"D",.,"A",910,"D",0,"D",.,"A",.,"A",1209,"D",0,"D",50,"D",650,"D",.,"A",.,"A"
"20152","02974913",49,0,"1",1950,"D",195,"D",.,"A",325,"D",60,"D",.,"A",21,"D",1755,"D",0,"D",.,"A",.,"A",.,"A",.,"A"
"20152","02974933",45,0,"1",520,"D",0,"D",.,"A",390,"D",30,"D",.,"A",.,"A",520,"D",0,"D",.,"A",.,"A",.,"A",.,"A"
"20152","02974943",38,0,"1",1300,"D",325,"D",.,"A",800,"F",0,"D",.,"A",.,"A",975,"D",225,"D",.,"A",.,"A",.,"A",.,"A"
"20152","02974963",10,0,"1",130,"D",0,"D",.,"A",65,"D",0,"D",.,"A",.,"A",130,"D",9,"D",.,"A",.,"A",.,"A",.,"A"
"20152","02974973",29,0,"1",1040,"D",65,"D",.,"A",0,"D",0,"D",.,"A",.,"A",975,"D",0,"D",.,"A",.,"A",.,"A",.,"A"
"20152","02974983",42,0,"1",1690,"D",260,"D",.,"A",780,"D",0,"D",.,"A",.,"A",1430,"D",750,"D",.,"A",.,"A",.,"A",.,"A"
"20152","02975003",42,0,"1",1950,"D",650,"D",.,"A",65,"D",0,"D",.,"A",.,"A",1300,"D",0,"D",.,"A",.,"A",.,"A",.,"A"
"20152","02975073",28,0,"1",1950,"D",520,"D",.,"A",520,"D",0,"D",.,"A",.,"A",1430,"D",0,"D",20,"D",260,"D",65,"D",5,"D"
"20152","02975113",53,0,"1",2600,"D",390,"D",65,"D",650,"D",450,"D",.,"A",.,"A",2210,"D",60,"D",.,"A",.,"A",.,"A",.,"A"
"20152","02975123",30,0,"1",650,"D",0,"D",.,"A",0,"D",0,"D",.,"A",.,"A",650,"D",0,"D",.,"A",.,"A",195,"D",15,"D"
"20152","02975143",18,0,"1",1300,"D",130,"D",.,"A",0,"D",0,"D",.,"A",.,"A",1170,"D",0,"D",.,"A",.,"A",.,"A",.,"A"
"20152","02975163",12,0,"1",1950,"D",195,"D",.,"A",0,"D",0,"D",.,"A",.,"A",1755,"D",0,"D",.,"A",.,"A",.,"A",.,"A"
"20152","02975183",41,0,"1",1300,"D",520,"D",780,"D",845,"D",0,"D",.,"A",.,"A",780,"D",150,"D",60,"D",780,"D",.,"A",.,"A"
"20152","02975273",32,0,"1",2275,"D",439,"F",314,"F",0,"D",129,"F",.,"A",.,"A",1654,"F",104,"F",.,"A",.,"A",.,"A",.,"A"
"20152","02975293",44,0,"1",2210,"D",520,"D",.,"A",260,"D",0,"D",.,"A",.,"A",1690,"D",90,"D",.,"A",.,"A",.,"A",.,"A"
"20152","02975303",21,0,"1",650,"D",65,"D",.,"A",260,"D",0,"D",.,"A",.,"A",585,"D",0,"D",.,"A",.,"A",.,"A",.,"A"
"20152","02975373",69,0,"1",2600,"D",325,"D",.,"A",390,"D",150,"D",.,"A",.,"A",2275,"D",90,"D",.,"A",.,"A",.,"A",.,"A"
"20152","02975393",38,0,"1",975,"D",309,"F",.,"A",650,"D",120,"D",.,"A",.,"A",857,"F",75,"D",.,"A",.,"A",260,"D",20,"D"
"20152","02975443",40,0,"1",2600,"D",390,"D",325,"D",650,"D",600,"D",.,"A",.,"A",2210,"D",360,"D",20,"D",260,"D",.,"A",.,"A"
"20152","02975585",20,0,"1",650,"D",156,"D",65,"D",325,"D",0,"D",.,"A",.,"A",494,"D",240,"D",.,"A",.,"A",.,"A",.,"A"
"20152","02975653",56,0,"1",1950,"D",0,"D",.,"A",520,"D",0,"D",.,"A",.,"A",1950,"D",90,"D",.,"A",.,"A",.,"A",.,"A"
"20152","02975673",49,0,"1",2600,"D",325,"D",.,"A",0,"D",0,"D",.,"A",.,"A",2275,"D",0,"D",.,"C",529,"F",.,"A",.,"A"
"20152","02975733",24,0,"1",1950,"D",650,"D",520,"D",975,"D",0,"D",.,"A",240,"D",1300,"D",0,"D",.,"A",.,"A",.,"A",.,"A"
"20152","02975763",19,0,"1",930,"F",.,"A",.,"A",471,"F",0,"D",.,"A",.,"A",755,"F",0,"D",.,"A",.,"A",.,"A",.,"A"
"20152","02975813",36,0,"1",1040,"D",130,"D",.,"A",0,"D",0,"D",.,"A",.,"A",910,"D",45,"D",70,"D",910,"D",.,"A",.,"A"
"20152","02975863",60,0,"1",845,"D",195,"D",130,"D",260,"D",0,"D",.,"A",.,"A",650,"D",0,"D",.,"A",.,"A",.,"A",.,"A"
"20152","02975893",30,0,"1",780,"D",260,"D",.,"A",260,"D",150,"D",.,"A",.,"A",520,"D",0,"D",.,"A",.,"A",130,"D",10,"D"
"20152","02975913",13,0,"1",910,"D",130,"D",650,"D",1040,"D",150,"D",.,"A",.,"A",780,"D",150,"D",7,"D",91,"D",.,"A",.,"A"
"20152","02975925",37,0,"1",3250,"D",650,"D",.,"A",650,"D",0,"D",.,"A",.,"A",2600,"D",0,"D",.,"A",.,"A",.,"A",.,"A"
"20152","02975933",31,0,"1",520,"D",52,"D",.,"A",520,"D",30,"D",.,"A",.,"A",468,"D",60,"D",25,"D",325,"D",.,"A",.,"A"
"20152","02975953",26,0,"1",1105,"D",130,"D",.,"A",0,"D",0,"D",.,"A",.,"A",975,"D",0,"D",.,"A",.,"A",.,"A",.,"A"
"20152","02975965",10,0,"1",1300,"D",390,"D",65,"D",260,"D",0,"D",.,"A",.,"A",910,"D",240,"D",.,"A",.,"A",.,"A",.,"A"
"20152","02975993",29,0,"1",845,"D",195,"D",.,"A",0,"D",0,"D",.,"A",.,"A",650,"D",0,"D",50,"D",650,"D",.,"A",.,"A"
"20152","02976003",35,0,"1",975,"D",247,"D",.,"A",520,"D",60,"D",.,"A",.,"A",728,"D",60,"D",.,"A",.,"A",.,"A",.,"A"
"20152","02976053",64,0,"1",1950,"D",130,"D",390,"D",1040,"D",75,"D",.,"A",.,"A",1820,"D",30,"D",.,"A",.,"A",.,"A",.,"A"
"20152","02976073",48,0,"1",780,"D",325,"D",.,"A",585,"D",75,"D",.,"A",.,"A",455,"D",75,"D",.,"A",.,"A",.,"A",.,"A"
"20152","02976083",30,0,"1",1300,"D",260,"D",.,"A",0,"D",0,"D",.,"A",.,"A",1040,"D",0,"D",.,"A",.,"A",.,"A",.,"A"
"20152","02976133",21,0,"1",1300,"D",260,"D",260,"D",325,"D",0,"D",.,"A",.,"A",1040,"D",0,"D",.,"A",.,"A",.,"A",.,"A"
"20152","02976173",27,0,"1",520,"D",130,"D",.,"A",195,"D",0,"D",.,"A",.,"A",390,"D",0,"D",.,"A",.,"A",.,"A",.,"A"
"20152","02976203",29,0,"1",2600,"D",520,"D",.,"A",650,"D",60,"D",.,"A",.,"A",2080,"D",150,"D",.,"A",.,"A",.,"A",.,"A"
"20152","02976213",18,0,"1",1300,"D",0,"D",.,"A",1300,"D",0,"D",.,"A",.,"A",1300,"D",0,"D",.,"A",.,"A",.,"A",.,"A"
"20152","02976223",44,0,"1",1690,"D",325,"D",.,"A",1300,"D",0,"D",.,"A",.,"A",1365,"D",90,"D",.,"A",.,"A",.,"A",.,"A"
"20152","02976243",13,0,"1",1560,"D",260,"D",.,"A",0,"D",0,"D",.,"A",.,"A",1300,"D",0,"D",.,"A",.,"A",.,"A",.,"A"
"20152","02976303",34,0,"1",1950,"D",325,"D",.,"A",455,"D",90,"D",.,"A",.,"A",1625,"D",0,"D",.,"A",.,"A",.,"A",.,"A"
"20152","02976313",45,0,"1",1105,"D",195,"D",.,"A",65,"D",0,"D",.,"A",.,"A",910,"D",84,"D",.,"A",.,"A",.,"A",.,"A"
"20152","02976323",56,0,"1",2925,"D",130,"D",.,"A",325,"D",0,"D",.,"A",.,"A",2795,"D",0,"D",.,"A",.,"A",.,"A",.,"A"
"20152","02976333",14,0,"1",520,"D",0,"D",.,"A",260,"D",0,"D",.,"A",.,"A",520,"D",0,"D",16,"D",208,"D",.,"A",.,"A"
"20152","02976363",17,0,"1",780,"D",65,"D",.,"A",195,"D",0,"D",.,"A",.,"A",715,"D",0,"D",.,"A",.,"A",.,"A",.,"A"
"20152","02976373",55,0,"1",1625,"D",455,"D",.,"A",1300,"D",6,"D",.,"A",.,"A",1170,"D",180,"D",.,"A",.,"A",.,"A",.,"A"
"20152","02976393",32,0,"1",780,"D",65,"D",.,"A",130,"D",0,"D",.,"A",.,"A",715,"D",0,"D",.,"A",.,"A",.,"A",.,"A"
"20152","02976423",12,0,"1",2821,"D",1950,"D",.,"A",0,"D",0,"D",.,"A",.,"A",871,"D",0,"D",.,"A",.,"A",.,"A",.,"A"
"20152","02976463",37,0,"1",0,"D",.,"A",1300,"D",1950,"D",300,"D",.,"A",.,"A",0,"D",300,"D",.,"A",.,"A",.,"A",.,"A"
"20152","02976483",39,0,"1",910,"D",78,"D",.,"A",325,"D",30,"D",.,"A",.,"A",832,"D",240,"D",.,"A",.,"A",.,"A",.,"A"
"20152","02976523",15,0,"1",520,"D",78,"D",.,"A",260,"D",0,"D",.,"A",.,"A",442,"D",0,"D",.,"A",.,"A",.,"A",.,"A"
"20152","02976553",26,0,"1",325,"D",130,"D",.,"A",520,"D",0,"D",.,"A",.,"A",195,"D",0,"D",.,"A",.,"A",.,"A",.,"A"
"20152","02976593",6,0,"1",0,"D",.,"A",.,"A",0,"D",0,"D",.,"A",.,"A",0,"D",0,"D",.,"A",.,"A",.,"A",.,"A"
"20152","02976603",33,0,"1",1950,"D",0,"D",.,"A",390,"D",0,"D",.,"A",.,"A",1950,"D",0,"D",.,"A",.,"A",.,"A",.,"A"
"20152","02976643",18,0,"1",2600,"D",975,"D",.,"A",0,"D",6,"D",.,"A",.,"A",1625,"D",6,"D",.,"A",.,"A",.,"A",.,"A"
"20152","02976763",29,0,"1",2470,"D",325,"D",.,"A",390,"D",0,"D",.,"A",165,"D",2145,"D",0,"D",.,"A",.,"A",.,"A",.,"A"
"20152","02976805",24,0,"1",1560,"D",65,"D",.,"A",325,"D",0,"D",.,"A",.,"A",1495,"D",60,"D",.,"A",.,"A",.,"A",.,"A"
"20152","02976833",37,0,"1",1105,"D",130,"D",.,"A",130,"D",0,"D",.,"A",.,"A",975,"D",36,"D",.,"A",.,"A",.,"A",.,"A"
"20152","02976853",46,0,"1",1300,"D",195,"D",.,"A",585,"D",0,"D",.,"A",.,"A",1105,"D",0,"D",.,"A",.,"A",.,"A",.,"A"
"20152","02976863",41,0,"1",1560,"D",260,"D",.,"A",520,"D",0,"D",.,"A",.,"A",1300,"D",0,"D",.,"A",.,"A",.,"A",.,"A"
"20152","02976893",9,0,"1",650,"D",260,"D",.,"A",0,"D",180,"D",.,"A",.,"A",390,"D",180,"D",.,"A",.,"A",.,"A",.,"A"
"20152","02976913",28,0,"1",650,"D",260,"D",975,"D",0,"D",0,"D",.,"A",.,"A",390,"D",0,"D",.,"A",.,"A",.,"A",.,"A"
"20152","02976963",38,0,"1",910,"D",0,"D",.,"A",2600,"D",0,"D",.,"A",.,"A",910,"D",0,"D",.,"A",.,"A",.,"A",.,"A"
"20152","02977033",28,0,"1",1950,"D",520,"D",260,"D",1560,"D",60,"D",.,"A",.,"A",1430,"D",0,"D",20,"D",260,"D",52,"D",4,"D"
"20152","02977043",31,0,"1",780,"D",78,"D",.,"A",1560,"D",0,"D",.,"A",.,"A",702,"D",120,"D",50,"D",650,"D",.,"A",.,"A"
"20152","02977093",27,0,"1",1300,"D",260,"D",.,"A",325,"D",0,"D",.,"A",.,"A",1040,"D",75,"D",.,"A",.,"A",.,"A",.,"A"
"20152","02977143",36,0,"1",2600,"D",650,"D",.,"A",780,"D",0,"D",.,"A",.,"A",1950,"D",90,"D",.,"A",.,"A",.,"A",.,"A"
"20152","02977153",20,0,"1",1560,"D",260,"D",.,"A",195,"D",0,"D",.,"A",.,"A",1300,"D",0,"D",.,"A",.,"A",.,"A",.,"A"
"20152","02977163",13,0,"1",3250,"D",325,"D",.,"A",0,"D",0,"D",.,"A",.,"A",2925,"D",0,"D",50,"D",650,"D",.,"A",.,"A"
"20152","02977223",34,0,"1",520,"D",65,"D",520,"D",0,"D",0,"D",.,"A",.,"A",455,"D",90,"D",.,"A",.,"A",.,"A",.,"A"
"20152","02977254",27,0,"1",650,"D",65,"D",.,"A",0,"D",0,"D",.,"A",.,"A",585,"D",0,"D",25,"D",325,"D",.,"A",.,"A"
"20152","02977293",49,0,"1",2600,"D",325,"D",.,"A",390,"D",60,"D",.,"A",80,"D",2275,"D",30,"D",.,"A",.,"A",.,"A",.,"A"
"20152","02977313",36,0,"1",1950,"D",455,"D",390,"D",325,"D",0,"D",.,"A",.,"A",1495,"D",0,"D",.,"A",.,"A",.,"A",.,"A"
"20152","02977343",18,0,"1",1300,"D",260,"D",260,"D",260,"D",60,"D",.,"A",.,"A",1040,"D",60,"D",.,"A",.,"A",.,"A",.,"A"
"20152","02977353",14,0,"1",650,"D",0,"D",.,"A",650,"D",0,"D",.,"A",.,"A",650,"D",0,"D",.,"A",.,"A",.,"A",.,"A"
"20152","02977403",48,0,"1",2340,"D",260,"D",.,"A",1300,"D",60,"D",.,"A",.,"A",2080,"D",150,"D",.,"A",.,"A",.,"A",.,"A"
"20152","02977493",30,0,"1",195,"D",65,"D",.,"A",9360,"D",0,"D",.,"A",.,"A",130,"D",0,"D",.,"A",.,"A",.,"A",.,"A"
"20152","02977503",12,0,"1",1300,"D",0,"D",.,"A",0,"D",0,"D",.,"A",.,"A",1300,"D",0,"D",.,"A",.,"A",.,"A",.,"A"
"20152","02977513",12,0,"1",1040,"D",260,"D",.,"A",520,"D",0,"D",.,"A",.,"A",780,"D",60,"D",.,"A",.,"A",.,"A",.,"A"
"20152","02977543",54,0,"1",780,"D",0,"D",.,"A",0,"D",0,"D",.,"A",.,"A",780,"D",291,"D",.,"A",.,"A",.,"A",.,"A"
"20152","02977553",9,0,"1",0,"D",.,"A",.,"A",0,"D",0,"D",.,"A",.,"A",0,"D",0,"D",.,"A",.,"A",.,"A",.,"A"
"20152","02977563",81,0,"1",2730,"D",130,"D",.,"A",1300,"D",0,"D",.,"A",100,"D",2600,"D",0,"D",.,"A",.,"A",.,"A",.,"A"
"20152","02977583",26,0,"1",975,"D",195,"D",.,"A",130,"D",0,"D",.,"A",.,"A",780,"D",0,"D",.,"A",.,"A",.,"A",.,"A"
"20152","02977613",43,0,"1",930,"F",.,"A",.,"A",650,"D",0,"D",.,"A",.,"A",755,"F",0,"D",.,"A",.,"A",.,"A",.,"A"
"20152","02977673",22,0,"1",2600,"D",390,"D",.,"A",390,"D",0,"D",.,"A",.,"A",2210,"D",60,"D",50,"D",650,"D",.,"A",.,"A"
"20152","02977683",14,0,"1",780,"D",325,"D",650,"D",520,"D",0,"D",.,"A",.,"A",455,"D",60,"D",.,"A",.,"A",.,"A",.,"A"
"20152","02977783",19,0,"1",2275,"D",390,"D",.,"A",1300,"D",6,"D",.,"A",.,"A",1885,"D",6,"D",.,"A",.,"A",.,"A",.,"A"
"20152","02977793",41,0,"1",1950,"D",325,"D",.,"A",650,"D",300,"D",.,"A",.,"A",1625,"D",300,"D",.,"A",.,"A",.,"A",.,"A"
"20152","02977813",20,0,"1",2600,"D",260,"D",.,"A",325,"D",0,"D",.,"A",.,"A",2340,"D",0,"D",.,"A",.,"A",.,"A",.,"A"
"20152","02977834",11,0,"1",650,"D",0,"D",.,"A",650,"D",0,"D",.,"A",.,"A",650,"D",0,"D",.,"A",.,"A",.,"A",.,"A"
"20152","02977853",51,0,"1",975,"D",130,"D",.,"A",0,"D",6,"D",.,"A",.,"A",845,"D",6,"D",.,"A",.,"A",.,"A",.,"A"
"20152","02977863",29,0,"1",650,"D",65,"D",130,"D",0,"D",0,"D",.,"A",.,"A",585,"D",0,"D",.,"A",.,"A",.,"A",.,"A"
"20152","02977883",23,0,"1",1950,"D",455,"D",.,"A",195,"D",0,"D",.,"A",.,"A",1495,"D",0,"D",100,"D",1300,"D",.,"A",.,"A"
"20152","02977893",23,0,"1",390,"D",65,"D",.,"A",0,"D",0,"D",.,"A",.,"A",325,"D",60,"D",35,"D",455,"D",.,"A",.,"A"
"20152","02977903",57,0,"1",2600,"D",520,"D",.,"A",1950,"D",0,"D",.,"A",.,"A",2080,"D",300,"D",.,"A",.,"A",.,"A",.,"A"
"20152","02977973",24,0,"1",1300,"D",273,"D",.,"A",130,"D",0,"D",325,"D",.,"A",1027,"D",0,"D",.,"A",.,"A",.,"A",.,"A"
"20152","02978023",41,0,"1",1300,"D",260,"D",.,"A",520,"D",0,"D",.,"A",.,"A",1040,"D",0,"D",.,"A",.,"A",.,"A",.,"A"
"20152","02978033",16,0,"1",1772,"F",.,"A",.,"A",780,"D",0,"D",.,"A",.,"A",1467,"F",0,"D",.,"A",.,"A",.,"A",.,"A"
"20152","02978043",33,0,"1",2925,"D",650,"D",.,"A",0,"D",0,"D",.,"A",.,"A",2275,"D",0,"D",.,"A",.,"A",.,"A",.,"A"
"20152","02978053",55,0,"1",3900,"D",538,"F",580,"F",910,"D",0,"D",.,"A",100,"D",2289,"F",198,"F",.,"A",.,"A",.,"A",.,"A"
"20152","02978063",48,0,"1",2145,"D",130,"D",.,"A",455,"D",15,"D",.,"A",.,"A",2015,"D",150,"D",.,"A",.,"A",.,"A",.,"A"
"20152","02978103",30,0,"1",975,"D",195,"D",.,"A",455,"D",0,"D",.,"A",.,"A",780,"D",0,"D",.,"A",.,"A",.,"A",.,"A"
"20152","02978133",48,0,"1",1772,"F",.,"A",.,"A",760,"F",0,"D",.,"A",167,"F",1467,"F",0,"D",.,"A",.,"A",.,"A",.,"A"
"20152","02978223",16,0,"1",390,"D",65,"D",.,"A",195,"D",0,"D",.,"A",.,"A",325,"D",0,"D",.,"A",.,"A",.,"A",.,"A"
"20152","02978273",15,0,"1",0,"D",.,"A",.,"A",0,"D",0,"D",.,"A",.,"A",0,"D",0,"D",.,"A",.,"A",.,"A",.,"A"
"20152","02978373",18,0,"1",0,"D",.,"A",.,"A",325,"D",6,"D",.,"A",.,"A",0,"D",6,"D",.,"A",.,"A",.,"A",.,"A"
"20152","02978393",17,0,"1",1560,"D",130,"D",.,"A",260,"D",0,"D",.,"A",.,"A",1430,"D",0,"D",.,"A",.,"A",.,"A",.,"A"
"20152","02978425",15,0,"1",650,"D",130,"D",195,"D",195,"D",0,"D",.,"A",.,"A",520,"D",180,"D",.,"A",.,"A",.,"A",.,"A"
"20152","02988813",24,0,"1",1950,"D",0,"D",.,"A",780,"D",0,"D",.,"A",.,"A",1950,"D",90,"D",.,"A",.,"A",.,"A",.,"A"
"20152","02988833",53,0,"1",1950,"D",260,"D",.,"A",975,"D",0,"D",.,"A",.,"A",1690,"D",45,"D",.,"A",.,"A",.,"A",.,"A"
"20152","02988853",19,0,"1",3575,"D",650,"D",.,"A",520,"D",6,"D",.,"A",.,"A",2925,"D",6,"D",.,"A",.,"A",.,"A",.,"A"
"20152","02988865",32,0,"1",1950,"D",0,"D",.,"A",130,"D",0,"D",.,"A",18,"D",1950,"D",0,"D",.,"A",.,"A",.,"A",.,"A"
"20152","02988894",31,0,"1",1625,"D",325,"D",.,"A",650,"D",82,"F",.,"A",.,"A",1300,"D",174,"F",.,"A",.,"A",.,"A",.,"A"
"20152","02988903",33,0,"1",1105,"D",390,"D",.,"A",0,"D",0,"D",.,"A",.,"A",715,"D",30,"D",.,"A",.,"A",.,"A",.,"A"
"20152","02988933",25,0,"1",1950,"D",195,"D",.,"A",520,"D",0,"D",.,"A",.,"A",1755,"D",0,"D",.,"A",.,"A",.,"A",.,"A"
"20152","02988943",27,0,"1",1314,"F",.,"A",.,"A",503,"F",82,"F",.,"A",.,"A",1047,"F",174,"F",.,"A",.,"A",.,"A",.,"A"
"20152","02988993",19,0,"1",520,"D",65,"D",.,"A",260,"D",0,"D",.,"A",.,"A",455,"D",0,"D",.,"A",.,"A",.,"A",.,"A"
"20152","02989033",65,0,"1",3250,"D",390,"D",.,"A",325,"D",0,"D",.,"A",.,"A",2860,"D",15,"D",.,"A",.,"A",.,"A",.,"A"
"20152","02989053",37,0,"1",585,"D",65,"D",.,"A",325,"D",60,"D",.,"A",.,"A",520,"D",45,"D",.,"A",.,"A",.,"A",.,"A"
"20152","02989093",57,0,"1",1560,"D",325,"D",.,"A",650,"D",30,"D",.,"A",.,"A",1235,"D",150,"D",.,"A",.,"A",.,"A",.,"A"
"20152","02989103",81,0,"1",1300,"D",195,"D",.,"A",455,"D",21,"D",.,"A",.,"A",1105,"D",30,"D",.,"A",.,"A",.,"A",.,"A"
"20152","02989123",54,0,"1",1040,"D",260,"D",.,"A",390,"D",120,"D",99,"D",.,"A",780,"D",90,"D",.,"A",.,"A",.,"A",.,"A"
"20152","02989133",73,0,"1",1625,"D",325,"D",.,"A",975,"D",300,"D",.,"A",.,"A",1300,"D",300,"D",.,"A",.,"A",.,"A",.,"A"
"20152","02989153",27,0,"1",2600,"D",390,"D",.,"A",1300,"D",0,"D",.,"A",312,"D",2210,"D",0,"D",.,"A",.,"A",.,"A",.,"A"
"20152","02989173",48,0,"1",2275,"D",260,"D",.,"A",0,"D",0,"D",.,"A",.,"A",2015,"D",150,"D",.,"A",.,"A",.,"A",.,"A"
"20152","02989183",47,0,"1",650,"D",260,"D",.,"A",1560,"D",120,"D",.,"A",.,"A",390,"D",30,"D",.,"A",.,"A",.,"A",.,"A"
"20152","02989194",17,0,"1",780,"D",0,"D",.,"A",1950,"D",435,"D",.,"A",.,"A",780,"D",105,"D",.,"A",.,"A",.,"A",.,"A"
"20152","02989213",33,0,"1",1560,"D",195,"D",.,"A",1950,"D",0,"D",.,"A",.,"A",1365,"D",0,"D",.,"A",.,"A",.,"A",.,"A"
"20152","02989243",23,0,"1",2132,"F",.,"A",.,"A",801,"F",77,"F",.,"A",.,"A",1810,"F",135,"F",.,"A",.,"A",.,"A",.,"A"
"20152","02989263",64,0,"1",1625,"D",260,"D",.,"A",650,"D",0,"D",.,"A",.,"A",1365,"D",15,"D",.,"A",.,"A",.,"A",.,"A"
"20152","02989313",31,0,"1",975,"D",0,"D",.,"A",1560,"D",6,"D",.,"A",.,"A",975,"D",180,"D",.,"A",.,"A",.,"A",.,"A"
"20152","02989333",24,0,"1",1105,"D",455,"D",.,"A",260,"D",0,"D",.,"A",.,"A",650,"D",0,"D",.,"A",.,"A",.,"A",.,"A"
"20152","02989373",10,0,"1",4550,"D",650,"D",.,"A",1300,"D",0,"D",.,"A",.,"A",3900,"D",0,"D",.,"A",.,"A",.,"A",.,"A"
"20152","02989383",24,0,"1",1300,"D",260,"D",260,"D",455,"D",0,"D",.,"A",.,"A",1040,"D",0,"D",.,"A",.,"A",.,"A",.,"A"
"20152","02989484",28,0,"1",520,"D",39,"D",.,"A",195,"D",45,"D",.,"A",.,"A",481,"D",18,"D",.,"A",.,"A",.,"A",.,"A"
"20152","02989503",26,0,"1",1560,"D",0,"D",.,"A",0,"D",0,"D",.,"A",.,"A",1560,"D",0,"D",.,"A",.,"A",.,"A",.,"A"
"20152","02989553",24,0,"1",1300,"D",195,"D",.,"A",780,"D",60,"D",980,"D",.,"A",1105,"D",240,"D",30,"D",390,"D",.,"A",.,"A"
"20152","02989573",63,0,"1",2405,"D",260,"D",.,"A",520,"D",0,"D",.,"A",.,"A",2145,"D",30,"D",.,"A",.,"A",.,"A",.,"A"
"20152","02989593",44,0,"1",1300,"D",650,"D",260,"D",260,"D",0,"D",.,"A",.,"A",650,"D",240,"D",.,"A",.,"A",.,"A",.,"A"
"20152","02989653",20,0,"1",1300,"D",0,"D",.,"A",0,"D",0,"D",3640,"D",.,"A",1300,"D",0,"D",.,"A",.,"A",.,"A",.,"A"
"20152","02989743",15,0,"1",650,"D",130,"D",.,"A",1950,"D",0,"D",.,"A",.,"A",520,"D",0,"D",.,"A",.,"A",.,"A",.,"A"
"20152","02989753",39,0,"1",2600,"D",130,"D",.,"A",390,"D",0,"D",.,"A",.,"A",2470,"D",0,"D",.,"A",.,"A",.,"A",.,"A"
"20152","02989783",37,0,"1",3250,"D",390,"D",650,"D",1300,"D",0,"D",.,"A",.,"A",2860,"D",120,"D",.,"A",.,"A",.,"A",.,"A"
"20152","02989873",25,0,"1",455,"D",390,"D",.,"A",0,"D",0,"D",.,"A",.,"A",65,"D",0,"D",.,"A",.,"A",.,"A",.,"A"
"20152","02989893",28,0,"1",1300,"D",130,"D",.,"A",520,"D",0,"D",.,"A",.,"A",1170,"D",0,"D",.,"A",.,"A",.,"A",.,"A"
"20152","02989923",19,0,"1",1950,"D",156,"D",.,"A",975,"D",0,"D",.,"A",.,"A",1794,"D",0,"D",.,"A",.,"A",.,"A",.,"A"
"20152","02989933",20,0,"1",1300,"D",228,"F",.,"A",390,"D",0,"D",.,"A",.,"A",755,"F",0,"D",35,"D",455,"D",.,"A",.,"A"
"20152","02989963",59,0,"1",1950,"D",65,"D",65,"D",1300,"D",0,"D",.,"A",.,"A",1885,"D",300,"D",.,"A",.,"A",.,"A",.,"A"
"20152","02989983",23,0,"1",1625,"D",195,"D",.,"A",390,"D",0,"D",.,"A",.,"A",1430,"D",0,"D",.,"A",.,"A",.,"A",.,"A"
"20152","02990003",61,0,"1",1625,"D",325,"D",.,"A",585,"D",300,"D",.,"A",.,"A",1300,"D",240,"D",.,"A",.,"A",.,"A",.,"A"
"20152","02990015",13,0,"1",845,"D",104,"D",.,"A",65,"D",0,"D",.,"A",.,"A",741,"D",150,"D",.,"A",.,"A",.,"A",.,"A"
"20152","02990023",43,0,"1",2600,"D",650,"D",.,"A",780,"D",0,"D",.,"A",.,"A",1950,"D",0,"D",.,"A",.,"A",.,"A",.,"A"
"20152","02990033",30,0,"1",325,"D",65,"D",.,"A",0,"D",0,"D",.,"A",.,"A",260,"D",0,"D",.,"A",.,"A",.,"A",.,"A"
"20152","02990073",45,0,"1",390,"D",0,"D",.,"A",390,"D",0,"D",.,"A",.,"A",390,"D",0,"D",.,"A",.,"A",.,"A",.,"A"
"20152","02990093",41,0,"1",1560,"D",325,"D",.,"A",0,"D",0,"D",.,"A",.,"A",1235,"D",0,"D",10,"D",130,"D",.,"A",.,"A"
"20152","02990113",70,0,"1",1300,"D",260,"D",.,"A",1105,"D",0,"D",.,"A",.,"A",1040,"D",0,"D",.,"A",.,"A",.,"A",.,"A"
"20152","02990123",34,0,"1",1950,"D",325,"D",.,"A",780,"D",0,"D",.,"A",.,"A",1625,"D",0,"D",.,"A",.,"A",.,"A",.,"A"
"20152","02990135",5,0,"1",0,"D",.,"A",.,"A",0,"D",0,"D",.,"A",.,"A",0,"D",0,"D",.,"A",.,"A",.,"A",.,"A"
"20152","02990173",34,0,"1",377,"D",0,"D",.,"A",585,"D",42,"D",.,"A",.,"A",377,"D",54,"D",.,"A",.,"A",.,"A",.,"A"
"20152","02990193",26,0,"1",1300,"D",260,"D",.,"A",390,"D",60,"D",.,"A",.,"A",1040,"D",60,"D",.,"A",.,"A",65,"D",5,"D"
"20152","02990263",47,0,"1",2080,"D",260,"D",.,"A",975,"D",600,"D",.,"A",.,"A",1820,"D",60,"D",.,"A",.,"A",.,"A",.,"A"
"20152","02990273",27,0,"1",1495,"D",156,"D",.,"A",195,"D",0,"D",.,"A",.,"A",1339,"D",0,"D",8,"D",104,"D",.,"A",.,"A"
"20152","02990283",28,0,"1",1300,"D",130,"D",.,"A",650,"D",0,"D",.,"A",65,"D",1170,"D",60,"D",.,"A",.,"A",.,"A",.,"A"
"20152","02990373",13,0,"1",1300,"D",260,"D",.,"A",260,"D",0,"D",.,"A",.,"A",1040,"D",0,"D",.,"A",.,"A",.,"A",.,"A"
"20152","02990383",14,0,"1",1950,"D",211,"F",.,"A",130,"D",0,"D",.,"A",.,"A",748,"F",90,"D",.,"A",.,"A",.,"A",.,"A"
"20152","02990413",24,0,"1",1950,"D",325,"D",.,"A",455,"D",0,"D",.,"A",.,"A",1625,"D",0,"D",5,"D",65,"D",.,"A",.,"A"
"20152","02990433",27,0,"1",650,"D",195,"D",130,"D",0,"D",0,"D",.,"A",.,"A",455,"D",0,"D",.,"A",.,"A",.,"A",.,"A"
"20152","02990455",22,0,"1",2600,"D",0,"D",.,"A",260,"D",0,"D",.,"A",.,"A",2600,"D",30,"D",7,"D",91,"D",.,"A",.,"A"
"20152","02990473",14,0,"1",2600,"D",130,"D",.,"A",0,"D",0,"D",.,"A",.,"A",2470,"D",0,"D",.,"A",.,"A",.,"A",.,"A"
"20152","02990485",68,0,"1",1300,"D",0,"D",.,"A",650,"D",0,"D",.,"A",.,"A",1300,"D",0,"D",.,"A",.,"A",.,"A",.,"A"
"20152","02990653",40,0,"1",1560,"D",260,"D",.,"A",780,"D",0,"D",.,"A",.,"A",1300,"D",0,"D",.,"A",.,"A",.,"A",.,"A"
"20152","02990663",45,0,"1",325,"D",91,"D",455,"D",260,"D",0,"D",.,"A",.,"A",234,"D",0,"D",.,"A",.,"A",.,"A",.,"A"
"20152","02990703",28,0,"1",910,"D",260,"D",156,"D",260,"D",0,"D",.,"A",.,"A",650,"D",0,"D",.,"A",.,"A",.,"A",.,"A"
"20152","02990713",17,0,"1",130,"D",0,"D",.,"A",0,"D",0,"D",.,"A",.,"A",130,"D",0,"D",.,"A",.,"A",.,"A",.,"A"
"20152","02990723",26,0,"1",1300,"D",0,"D",.,"A",455,"D",0,"D",.,"A",.,"A",1300,"D",0,"D",.,"A",.,"A",.,"A",.,"A"
"20152","02990743",18,0,"1",2275,"D",260,"D",.,"A",0,"D",0,"D",.,"A",.,"A",2015,"D",0,"D",.,"A",.,"A",.,"A",.,"A"
"20152","02990783",20,0,"1",260,"D",65,"D",.,"A",130,"D",0,"D",.,"A",.,"A",195,"D",0,"D",.,"A",.,"A",.,"A",.,"A"
"20152","02990813",15,0,"1",975,"D",324,"F",.,"A",475,"F",102,"F",.,"A",.,"A",1346,"F",103,"F",.,"A",.,"A",.,"A",.,"A"
"20152","02990903",8,0,"1",390,"D",65,"D",.,"A",390,"D",0,"D",.,"A",.,"A",325,"D",0,"D",.,"A",.,"A",.,"A",.,"A"
"20152","02990943",25,0,"1",2600,"D",650,"D",.,"A",390,"D",0,"D",.,"A",.,"A",1950,"D",60,"D",.,"A",.,"A",.,"A",.,"A"
"20152","02990963",36,0,"1",1625,"D",260,"D",.,"A",975,"D",6,"D",.,"A",.,"A",1365,"D",30,"D",.,"A",.,"A",.,"A",.,"A"
"20152","02991073",56,0,"1",2548,"D",1092,"D",.,"A",1170,"D",90,"D",.,"A",.,"A",1456,"D",150,"D",.,"A",.,"A",.,"A",.,"A"
"20152","02991153",43,0,"1",1950,"D",0,"D",.,"A",3250,"D",840,"D",.,"A",.,"A",1950,"D",900,"D",.,"A",.,"A",.,"A",.,"A"
"20152","02991233",31,0,"1",1690,"D",390,"D",.,"A",1300,"D",150,"D",.,"A",.,"A",1300,"D",300,"D",.,"A",.,"A",.,"A",.,"A"
"20152","02991293",28,0,"1",1820,"D",130,"D",.,"A",1300,"D",0,"D",.,"A",.,"A",1690,"D",0,"D",.,"A",.,"A",.,"A",.,"A"
"20152","02991393",40,0,"1",1300,"D",520,"D",.,"A",104,"D",0,"D",.,"A",.,"A",780,"D",0,"D",.,"A",.,"A",.,"A",.,"A"
"20152","02991465",82,0,"1",1443,"D",78,"D",.,"A",351,"D",0,"D",428,"F",.,"A",1365,"D",228,"D",28,"D",364,"D",.,"A",.,"A"
"20152","02991473",37,0,"1",650,"D",260,"D",260,"D",390,"D",90,"D",.,"A",.,"A",390,"D",45,"D",.,"A",.,"A",.,"A",.,"A"
"20152","02991504",21,0,"1",1300,"D",260,"D",.,"A",130,"D",120,"D",.,"A",.,"A",1040,"D",45,"D",.,"A",.,"A",.,"A",.,"A"
"20152","02991523",49,0,"1",2990,"D",650,"D",.,"A",1430,"D",0,"D",.,"A",.,"A",2340,"D",0,"D",.,"A",.,"A",.,"A",.,"A"
"20152","02991543",68,0,"1",1300,"D",0,"D",.,"A",1950,"D",0,"D",.,"A",.,"A",1300,"D",300,"D",.,"A",.,"A",.,"A",.,"A"
"20152","02991563",44,0,"1",1300,"D",650,"D",.,"A",0,"D",0,"D",.,"A",.,"A",650,"D",60,"D",.,"A",.,"A",195,"D",15,"D"
"20152","02991573",45,0,"1",1300,"D",325,"D",130,"D",455,"D",0,"D",.,"A",27,"D",975,"D",0,"D",37,"D",481,"D",.,"A",.,"A"
"20152","02991583",34,0,"1",1300,"D",195,"D",.,"A",0,"D",0,"D",.,"A",.,"A",1105,"D",0,"D",.,"A",.,"A",.,"A",.,"A"
"20152","02991613",23,0,"1",650,"D",195,"D",260,"D",260,"D",150,"D",.,"A",.,"A",455,"D",300,"D",.,"A",.,"A",.,"A",.,"A"
"20152","02991653",41,0,"1",910,"D",130,"D",.,"A",910,"D",0,"D",.,"A",.,"A",780,"D",120,"D",.,"A",.,"A",.,"A",.,"A"
"20152","02991693",19,0,"1",845,"D",65,"D",260,"D",91,"D",0,"D",.,"A",.,"A",780,"D",60,"D",15,"D",195,"D",.,"A",.,"A"
"20152","02991793",36,0,"1",2600,"D",390,"D",.,"A",650,"D",0,"D",.,"A",.,"A",2210,"D",90,"D",.,"A",.,"A",.,"A",.,"A"
"20152","02991823",77,0,"1",3250,"D",650,"D",.,"A",650,"D",30,"D",.,"A",.,"A",2600,"D",60,"D",.,"A",.,"A",.,"A",.,"A"
"20152","02991853",35,0,"1",1820,"D",260,"D",.,"A",1040,"D",60,"D",.,"A",.,"A",1560,"D",60,"D",.,"A",.,"A",.,"A",.,"A"
"20152","02991873",16,0,"1",2925,"D",325,"D",1040,"D",0,"D",0,"D",.,"A",.,"A",2600,"D",60,"D",.,"A",.,"A",.,"A",.,"A"
"20152","02991903",11,0,"1",1820,"D",520,"D",.,"A",0,"D",0,"D",.,"A",.,"A",1300,"D",0,"D",.,"A",.,"A",.,"A",.,"A"
"20152","02991913",10,0,"1",650,"D",325,"D",390,"D",325,"D",75,"D",.,"A",.,"A",325,"D",30,"D",15,"D",195,"D",.,"A",.,"A"
"20152","02991973",38,0,"1",3900,"D",650,"D",.,"A",0,"D",0,"D",.,"A",.,"A",3250,"D",150,"D",.,"A",.,"A",.,"A",.,"A"
"20152","02992033",25,0,"1",325,"D",65,"D",.,"A",260,"D",30,"D",.,"A",.,"A",260,"D",30,"D",.,"A",.,"A",.,"A",.,"A"
"20152","02992043",37,0,"1",364,"D",26,"D",.,"A",897,"D",21,"D",.,"A",.,"A",338,"D",12,"D",.,"A",.,"A",.,"A",.,"A"
"20152","02992063",59,0,"1",1950,"D",260,"D",.,"A",1560,"D",336,"D",.,"A",.,"A",1690,"D",249,"F",.,"A",.,"A",.,"A",.,"A"
"20152","02992083",83,0,"1",1690,"D",390,"D",.,"A",3250,"D",24,"D",.,"A",.,"A",1300,"D",0,"D",.,"A",.,"A",.,"A",.,"A"
"20152","02992093",29,0,"1",1950,"D",650,"D",.,"A",910,"D",0,"D",.,"A",.,"A",1300,"D",120,"D",.,"A",.,"A",.,"A",.,"A"
"20152","02992113",58,0,"1",2753,"F",.,"A",.,"A",1075,"F",0,"D",.,"A",.,"A",2289,"F",0,"D",18,"D",234,"D",.,"A",.,"A"
"20152","02992145",16,0,"1",1040,"D",195,"D",.,"A",585,"D",45,"D",.,"A",.,"A",845,"D",150,"D",.,"A",.,"A",.,"A",.,"A"
"20152","02992163",28,0,"1",780,"D",65,"D",.,"A",260,"D",0,"D",.,"A",.,"A",715,"D",0,"D",.,"A",.,"A",.,"A",.,"A"
"20152","02992183",12,0,"1",1430,"D",130,"D",.,"A",0,"D",0,"D",.,"A",.,"A",1300,"D",0,"D",.,"A",.,"A",.,"A",.,"A"
"20152","02992283",32,0,"1",2405,"D",390,"D",.,"A",0,"D",0,"D",.,"A",.,"A",2015,"D",0,"D",.,"A",.,"A",.,"A",.,"A"
"20152","02992343",38,0,"1",585,"D",195,"D",1040,"D",130,"D",0,"D",.,"A",180,"D",390,"D",0,"D",.,"A",.,"A",.,"A",.,"A"
"20152","02992363",36,0,"1",1495,"D",325,"D",.,"A",260,"D",0,"D",.,"A",.,"A",1170,"D",0,"D",.,"A",.,"A",.,"A",.,"A"
"20152","02992433",38,0,"1",455,"D",65,"D",.,"A",286,"D",6,"D",.,"A",.,"A",390,"D",6,"D",.,"A",.,"A",.,"A",.,"A"
"20152","02992453",12,0,"1",1560,"D",130,"D",.,"A",260,"D",0,"D",.,"A",.,"A",1430,"D",0,"D",.,"A",.,"A",.,"A",.,"A"
"20152","02992473",54,0,"1",715,"D",65,"D",130,"D",234,"D",0,"D",.,"A",.,"A",650,"D",0,"D",.,"A",.,"A",.,"A",.,"A"
"20152","02992483",55,0,"1",2600,"D",650,"D",.,"A",520,"D",0,"D",.,"A",.,"A",1950,"D",0,"D",.,"A",.,"A",.,"A",.,"A"
"20152","02992503",13,0,"1",1300,"D",195,"D",.,"A",0,"D",0,"D",.,"A",.,"A",1105,"D",0,"D",.,"A",.,"A",.,"A",.,"A"
"20152","02992553",36,0,"1",1300,"D",325,"D",.,"A",650,"D",0,"D",.,"A",.,"A",975,"D",0,"D",.,"A",.,"A",.,"A",.,"A"
"20152","02992563",31,0,"1",1300,"D",130,"D",.,"A",585,"D",0,"D",.,"A",.,"A",1170,"D",0,"D",.,"A",.,"A",.,"A",.,"A"
"20152","02992603",38,0,"1",1950,"D",0,"D",.,"A",0,"D",0,"D",.,"A",.,"A",1950,"D",0,"D",.,"A",.,"A",.,"A",.,"A"
"20152","02992633",63,0,"1",1300,"D",0,"D",650,"D",0,"D",0,"D",.,"A",.,"A",1300,"D",120,"D",.,"A",.,"A",.,"A",.,"A"
"20152","02992663",26,0,"1",1625,"D",325,"D",.,"A",130,"D",0,"D",.,"A",.,"A",1300,"D",0,"D",.,"A",.,"A",.,"A",.,"A"
"20152","02992673",28,0,"1",650,"D",130,"D",.,"A",0,"D",0,"D",.,"A",.,"A",520,"D",0,"D",.,"A",.,"A",.,"A",.,"A"
"20152","02992713",37,0,"1",1950,"D",0,"D",.,"A",650,"D",0,"D",.,"A",.,"A",1950,"D",0,"D",100,"D",1300,"D",.,"A",.,"A"
"20152","02992723",19,0,"1",1950,"D",195,"D",.,"A",260,"D",0,"D",.,"A",.,"A",1755,"D",0,"D",.,"A",.,"A",.,"A",.,"A"
"20152","02992743",37,0,"1",1300,"D",260,"D",260,"D",650,"D",150,"D",.,"A",.,"A",1040,"D",150,"D",.,"A",.,"A",.,"A",.,"A"
"20152","02992783",46,0,"1",780,"D",260,"D",182,"D",390,"D",90,"D",.,"A",.,"A",520,"D",120,"D",.,"A",.,"A",.,"A",.,"A"
"20152","02992803",21,0,"1",1040,"D",390,"D",.,"A",117,"D",0,"D",.,"A",.,"A",650,"D",0,"D",18,"D",234,"D",.,"A",.,"A"
"20152","02992813",35,0,"1",1040,"D",130,"D",.,"A",520,"D",0,"D",.,"A",300,"D",910,"D",0,"D",.,"A",.,"A",.,"A",.,"A"
"20152","02992863",29,0,"1",1560,"D",0,"D",.,"A",0,"D",0,"D",.,"A",.,"A",1560,"D",0,"D",.,"A",.,"A",.,"A",.,"A"
"20152","02992873",51,0,"1",1300,"D",325,"D",325,"D",390,"D",0,"D",.,"A",.,"A",975,"D",75,"D",.,"A",.,"A",.,"A",.,"A"
"20152","02992903",43,0,"1",2600,"D",390,"D",390,"D",1300,"D",0,"D",.,"A",.,"A",2210,"D",225,"D",.,"A",.,"A",.,"A",.,"A"
"20152","02992913",19,0,"1",1300,"D",228,"F",.,"A",471,"F",158,"F",.,"A",.,"A",755,"F",104,"F",.,"A",.,"A",.,"A",.,"A"
"20152","02993023",30,0,"1",1560,"D",65,"D",130,"D",390,"D",0,"D",.,"A",.,"A",1495,"D",0,"D",.,"A",.,"A",.,"A",.,"A"
"20152","02993033",52,0,"1",975,"D",195,"D",260,"D",1300,"D",30,"D",.,"A",.,"A",780,"D",0,"D",55,"D",715,"D",.,"A",.,"A"
"20152","02993083",11,0,"1",0,"D",.,"A",.,"A",0,"D",0,"D",.,"A",.,"A",0,"D",0,"D",.,"A",.,"A",.,"A",.,"A"
"20152","02993113",63,0,"1",975,"D",195,"D",.,"A",910,"D",0,"D",.,"A",.,"A",780,"D",0,"D",.,"A",.,"A",.,"A",.,"A"
"20152","02993143",31,0,"1",1690,"D",390,"D",.,"A",1040,"D",6,"D",.,"A",.,"A",1300,"D",6,"D",.,"A",.,"A",.,"A",.,"A"
"20152","02993163",27,0,"1",1934,"F",.,"A",.,"A",1133,"F",0,"D",.,"A",.,"A",1513,"F",0,"D",.,"A",.,"A",.,"A",.,"A"
"20152","02993213",19,0,"1",520,"D",65,"D",.,"A",520,"D",0,"D",.,"A",.,"A",455,"D",0,"D",.,"A",.,"A",.,"A",.,"A"
"20152","02993303",16,0,"1",650,"D",65,"D",.,"A",130,"D",0,"D",.,"A",.,"A",585,"D",0,"D",.,"A",.,"A",.,"A",.,"A"
"20152","02993333",11,0,"1",975,"D",845,"D",.,"A",0,"D",0,"D",.,"A",.,"A",130,"D",0,"D",.,"A",.,"A",.,"A",.,"A"
"20152","02993353",44,0,"1",1625,"D",325,"D",.,"A",325,"D",30,"D",.,"A",.,"A",1300,"D",60,"D",.,"A",.,"A",.,"A",.,"A"
"20152","02993433",42,0,"1",1950,"D",260,"D",.,"A",325,"D",60,"D",.,"A",.,"A",1690,"D",300,"D",.,"A",.,"A",.,"A",.,"A"
"20152","02993473",46,0,"1",2600,"D",650,"D",.,"A",1040,"D",60,"D",.,"A",163,"D",1950,"D",150,"D",.,"A",.,"A",.,"A",.,"A"
"20152","02993533",55,0,"1",390,"D",0,"D",.,"A",130,"D",0,"D",.,"A",.,"A",390,"D",0,"D",.,"A",.,"A",.,"A",.,"A"
"20152","02993613",17,0,"1",930,"F",.,"A",.,"A",471,"F",158,"F",.,"A",.,"A",755,"F",104,"F",.,"A",.,"A",.,"A",.,"A"
"20152","02993683",20,0,"1",1300,"D",260,"D",.,"A",390,"D",90,"D",.,"A",.,"A",1040,"D",120,"D",.,"A",.,"A",.,"A",.,"A"
"20152","02993753",30,0,"1",3900,"D",2600,"D",.,"A",0,"D",0,"D",.,"A",.,"A",1300,"D",0,"D",15,"D",195,"D",.,"A",.,"A"
"20152","02993763",21,0,"1",1950,"D",455,"D",520,"D",650,"D",0,"D",.,"A",.,"A",1495,"D",180,"D",.,"A",.,"A",.,"A",.,"A"
"20152","02993813",67,0,"1",1950,"D",650,"D",.,"A",1300,"D",60,"D",.,"A",60,"D",1300,"D",75,"D",.,"A",.,"A",.,"A",.,"A"
"20152","02993833",51,0,"1",1300,"D",520,"D",.,"A",1300,"D",0,"D",.,"A",.,"A",780,"D",0,"D",.,"A",.,"A",.,"A",.,"A"
"20152","02993893",16,0,"1",1300,"D",195,"D",.,"A",0,"D",0,"D",.,"A",.,"A",1105,"D",0,"D",.,"A",.,"A",.,"A",.,"A"
"20152","02993943",20,0,"1",1300,"D",325,"D",.,"A",0,"D",0,"D",.,"A",.,"A",975,"D",0,"D",.,"A",.,"A",.,"A",.,"A"
"20152","02993953",35,0,"1",2132,"F",.,"A",.,"A",801,"F",77,"F",.,"A",.,"A",1810,"F",135,"F",.,"A",.,"A",.,"A",.,"A"
"20152","02993963",65,0,"1",1625,"D",260,"D",.,"A",650,"D",120,"D",.,"A",.,"A",1365,"D",150,"D",.,"A",.,"A",.,"A",.,"A"
"20152","02993973",25,0,"1",1625,"D",260,"D",.,"A",325,"D",0,"D",.,"A",.,"A",1365,"D",0,"D",.,"A",.,"A",.,"A",.,"A"
"20152","02993983",17,0,"1",1950,"D",260,"D",.,"A",520,"D",0,"D",.,"A",.,"A",1690,"D",0,"D",.,"A",.,"A",.,"A",.,"A"
"20152","02994003",39,0,"1",1950,"D",260,"D",260,"D",325,"D",0,"D",.,"A",.,"A",1690,"D",0,"D",.,"A",.,"A",.,"A",.,"A"
"20152","02994043",31,0,"1",1560,"D",195,"D",.,"A",390,"D",180,"D",.,"A",257,"F",1365,"D",120,"D",.,"A",.,"A",195,"D",15,"D"
"20152","02994053",40,0,"1",585,"D",91,"D",.,"A",1105,"D",36,"D",.,"A",.,"A",494,"D",15,"D",.,"A",.,"A",.,"A",.,"A"
"20152","02994093",19,0,"1",1560,"D",520,"D",650,"D",1300,"D",360,"D",246,"F",900,"D",1040,"D",600,"D",6,"D",78,"D",.,"A",.,"A"
"20152","02994203",43,0,"1",1950,"D",390,"D",.,"A",260,"D",60,"D",.,"A",.,"A",1560,"D",60,"D",.,"A",.,"A",.,"A",.,"A"
"20152","02994253",34,0,"1",1300,"D",390,"D",.,"A",195,"D",0,"D",.,"A",.,"A",910,"D",300,"D",.,"A",.,"A",.,"A",.,"A"
"20152","02994263",38,0,"1",2600,"D",650,"D",390,"D",1235,"D",240,"D",.,"A",120,"D",1950,"D",450,"D",.,"A",.,"A",.,"A",.,"A"
"20152","02994293",26,0,"1",260,"D",130,"D",.,"A",1300,"D",0,"D",.,"A",.,"A",130,"D",0,"D",.,"A",.,"A",.,"A",.,"A"
"20152","02994303",29,0,"1",1950,"D",439,"F",.,"A",65,"D",0,"D",.,"A",.,"A",1654,"F",0,"D",50,"D",650,"D",.,"A",.,"A"
"20152","02994323",47,0,"1",2600,"D",650,"D",.,"A",780,"D",0,"D",.,"A",.,"A",1950,"D",150,"D",.,"A",.,"A",.,"A",.,"A"
"20152","02994343",17,0,"1",650,"D",130,"D",.,"A",0,"D",0,"D",.,"A",.,"A",520,"D",0,"D",.,"A",.,"A",.,"A",.,"A"
"20152","02994443",36,0,"1",1430,"D",325,"D",.,"A",650,"D",0,"D",.,"A",.,"A",1105,"D",105,"D",.,"A",.,"A",.,"A",.,"A"
"20152","02994463",23,0,"1",2171,"D",520,"D",.,"A",0,"D",0,"D",.,"A",.,"A",1651,"D",0,"D",.,"A",.,"A",.,"A",.,"A"
"20152","02994474",15,0,"1",1560,"D",195,"D",.,"A",520,"D",0,"D",.,"A",.,"A",1365,"D",0,"D",.,"A",.,"A",.,"A",.,"A"
"20152","02994503",30,0,"1",1300,"D",260,"D",.,"A",130,"D",0,"D",.,"A",.,"A",1040,"D",90,"D",.,"A",.,"A",.,"A",.,"A"
"20152","02994533",53,0,"1",780,"D",260,"D",650,"D",130,"D",0,"D",.,"A",.,"A",520,"D",0,"D",.,"A",.,"A",.,"A",.,"A"
"20152","02994553",30,0,"1",650,"D",65,"D",0,"D",780,"D",300,"D",.,"A",.,"A",585,"D",90,"D",.,"A",.,"A",.,"A",.,"A"
"20152","02994563",36,0,"1",715,"D",130,"D",.,"A",130,"D",0,"D",.,"A",.,"A",585,"D",0,"D",.,"A",.,"A",.,"A",.,"A"
"20152","02994733",32,0,"1",650,"D",130,"D",104,"D",0,"D",0,"D",.,"A",.,"A",520,"D",0,"D",.,"A",.,"A",.,"A",.,"A"
"20152","02994793",14,0,"1",975,"D",195,"D",.,"A",325,"D",30,"D",.,"A",.,"A",780,"D",75,"D",.,"A",.,"A",.,"A",.,"A"
"20152","02994823",44,0,"1",2600,"D",520,"D",.,"A",390,"D",30,"D",.,"A",.,"A",2080,"D",0,"D",.,"A",.,"A",.,"A",.,"A"
"20152","02994863",42,0,"1",1300,"D",260,"D",.,"A",2600,"D",0,"D",.,"A",.,"A",1040,"D",0,"D",.,"A",.,"A",.,"A",.,"A"
"20152","02994883",18,0,"1",3900,"D",650,"D",.,"A",0,"D",0,"D",.,"A",.,"A",3250,"D",0,"D",9,"D",117,"D",.,"A",.,"A"
"20152","02994963",14,0,"1",0,"D",.,"A",.,"A",195,"D",0,"D",.,"A",.,"A",0,"D",0,"D",.,"A",.,"A",.,"A",.,"A"
"20152","02995003",19,0,"1",156,"D",26,"D",780,"D",0,"D",0,"D",.,"A",.,"A",130,"D",0,"D",.,"A",.,"A",.,"A",.,"A"
"20152","02995023",48,0,"1",2600,"D",390,"D",.,"A",2600,"D",30,"D",.,"A",.,"A",2210,"D",0,"D",75,"D",975,"D",.,"A",.,"A"
"20152","02995033",18,0,"1",1820,"D",260,"D",.,"A",780,"D",0,"D",.,"A",35,"D",1560,"D",0,"D",.,"A",.,"A",.,"A",.,"A"
"20152","02995053",39,0,"1",1950,"D",650,"D",.,"A",1300,"D",0,"D",.,"A",.,"A",1300,"D",150,"D",.,"A",.,"A",.,"A",.,"A"
"20152","02995063",56,0,"1",1300,"D",260,"D",.,"A",975,"D",0,"D",.,"A",.,"A",1040,"D",0,"D",.,"A",.,"A",.,"A",.,"A"
"20152","02995123",32,0,"1",1820,"D",520,"D",260,"D",1040,"D",120,"D",200,"D",.,"A",1300,"D",90,"D",.,"A",.,"A",.,"A",.,"A"
"20152","02995183",19,0,"1",650,"D",65,"D",.,"A",0,"D",0,"D",.,"A",.,"A",585,"D",0,"D",.,"A",.,"A",390,"D",30,"D"
"20152","02995193",10,0,"1",910,"D",130,"D",.,"A",260,"D",60,"D",.,"A",.,"A",780,"D",60,"D",.,"A",.,"A",.,"A",.,"A"
"20152","02995253",42,0,"1",1625,"D",780,"D",.,"A",780,"D",0,"D",.,"A",.,"A",845,"D",300,"D",27,"D",351,"D",.,"A",.,"A"
"20152","02995273",42,0,"1",1690,"D",260,"D",520,"D",260,"D",150,"D",.,"A",.,"A",1430,"D",360,"D",.,"A",.,"A",.,"A",.,"A"
"20152","02995283",22,0,"1",650,"D",260,"D",.,"A",1300,"D",0,"D",.,"A",.,"A",390,"D",0,"D",.,"A",.,"A",.,"A",.,"A"
"20152","02995313",93,0,"1",3250,"D",650,"D",.,"A",2600,"D",300,"D",.,"A",.,"A",2600,"D",240,"D",.,"A",.,"A",190,"F",.,"C"
"20152","02995363",27,0,"1",1314,"F",.,"A",.,"A",156,"D",0,"D",.,"A",.,"A",1047,"F",0,"D",.,"A",.,"A",.,"A",.,"A"
"20152","02995373",29,0,"1",650,"D",65,"D",.,"A",0,"D",0,"D",.,"A",.,"A",585,"D",0,"D",.,"A",.,"A",.,"A",.,"A"
"20152","02995403",33,0,"1",2600,"D",0,"D",156,"D",260,"D",0,"D",.,"A",.,"A",2600,"D",0,"D",.,"A",.,"A",.,"A",.,"A"
"20152","02995413",23,0,"1",1300,"D",325,"D",.,"A",325,"D",0,"D",.,"A",.,"A",975,"D",0,"D",.,"A",.,"A",.,"A",.,"A"
"20152","02995453",55,0,"1",1950,"D",390,"D",195,"D",2600,"D",300,"D",.,"A",.,"A",1560,"D",150,"D",.,"A",.,"A",65,"D",5,"D"
"20152","02995523",22,0,"1",1300,"D",130,"D",.,"A",650,"D",0,"D",.,"A",.,"A",1170,"D",0,"D",.,"A",.,"A",.,"A",.,"A"
"20152","02995623",18,0,"1",520,"D",65,"D",.,"A",390,"D",0,"D",.,"A",.,"A",455,"D",60,"D",.,"A",.,"A",.,"A",.,"A"
"20152","02995633",51,0,"1",650,"D",325,"D",.,"A",650,"D",75,"D",1170,"D",.,"A",325,"D",150,"D",.,"A",.,"A",.,"A",.,"A"
"20152","02995683",64,0,"1",3250,"D",650,"D",.,"A",1950,"D",600,"D",.,"A",168,"D",2600,"D",90,"D",.,"A",.,"A",.,"A",.,"A"
"20152","02995773",34,0,"1",1495,"D",272,"F",255,"F",0,"D",82,"F",.,"A",.,"A",1047,"F",174,"F",.,"A",.,"A",.,"A",.,"A"
"20152","02995823",33,0,"1",1543,"F",.,"A",.,"A",802,"F",156,"F",.,"A",.,"A",1220,"F",160,"F",.,"A",.,"A",.,"A",.,"A"
"20152","02995913",27,0,"1",390,"D",130,"D",130,"D",650,"D",0,"D",.,"A",.,"A",260,"D",0,"D",20,"D",260,"D",.,"A",.,"A"
"20152","02995923",20,0,"1",260,"D",65,"D",.,"A",260,"D",0,"D",.,"A",.,"A",195,"D",0,"D",.,"A",.,"A",.,"A",.,"A"
"20152","02995933",28,0,"1",1300,"D",130,"D",.,"A",1300,"D",0,"D",.,"A",.,"A",1170,"D",0,"D",.,"A",.,"A",.,"A",.,"A"
"20152","02995953",28,0,"1",1300,"D",260,"D",104,"D",325,"D",0,"D",.,"A",.,"A",1040,"D",0,"D",20,"D",260,"D",.,"A",.,"A"
"20152","02995983",24,0,"1",650,"D",130,"D",.,"A",0,"D",0,"D",.,"A",.,"A",520,"D",180,"D",.,"A",.,"A",.,"A",.,"A"
"20152","02996023",28,0,"1",4550,"D",325,"D",.,"A",1950,"D",0,"D",.,"A",.,"A",4225,"D",0,"D",.,"A",.,"A",.,"A",.,"A"
"20152","02996043",104,0,"1",1300,"D",260,"D",.,"A",650,"D",0,"D",.,"A",.,"A",1040,"D",225,"D",.,"A",.,"A",.,"A",.,"A"
"20152","02996073",23,0,"1",975,"D",195,"D",.,"A",585,"D",60,"D",.,"A",.,"A",780,"D",150,"D",.,"A",.,"A",.,"A",.,"A"
"20152","02996093",38,0,"1",1300,"D",325,"D",65,"D",455,"D",60,"D",.,"A",.,"A",975,"D",180,"D",.,"A",.,"A",.,"A",.,"A"
"20152","02996143",36,0,"1",780,"D",325,"D",.,"A",650,"D",0,"D",.,"A",.,"A",455,"D",0,"D",.,"A",.,"A",.,"A",.,"A"
"20152","02996163",50,0,"1",1690,"D",520,"D",.,"A",650,"D",60,"D",.,"A",.,"A",1170,"D",30,"D",75,"D",975,"D",.,"A",.,"A"
"20152","02996213",78,0,"1",1625,"D",390,"D",260,"D",650,"D",30,"D",.,"A",.,"A",1235,"D",45,"D",.,"A",.,"A",130,"D",10,"D"
"20152","02996243",33,0,"1",1950,"D",520,"D",260,"D",455,"D",240,"D",.,"A",.,"A",1430,"D",450,"D",.,"A",.,"A",.,"A",.,"A"
"20152","02996263",79,0,"1",1536,"F",.,"A",.,"A",0,"D",175,"F",.,"A",.,"A",1244,"F",168,"F",.,"A",.,"A",.,"A",.,"A"
"20152","02996284",26,0,"1",780,"D",39,"D",.,"A",130,"D",0,"D",.,"A",.,"A",741,"D",0,"D",.,"A",.,"A",.,"A",.,"A"
"20152","02996323",32,0,"1",650,"D",65,"D",195,"D",260,"D",105,"D",.,"A",.,"A",585,"D",300,"D",.,"A",.,"A",.,"A",.,"A"
"20152","02996383",17,0,"1",1950,"D",260,"D",.,"A",0,"D",0,"D",.,"A",.,"A",1690,"D",0,"D",.,"A",.,"A",.,"A",.,"A"
"20152","02996393",29,0,"1",650,"D",65,"D",.,"A",2600,"D",0,"D",.,"A",.,"A",585,"D",0,"D",.,"A",.,"A",.,"A",.,"A"
"20152","02996423",20,0,"1",650,"D",490,"F",.,"A",130,"D",0,"D",.,"A",.,"A",1648,"F",0,"D",.,"A",.,"A",.,"A",.,"A"
"20152","02996513",41,0,"1",975,"D",130,"D",.,"A",325,"D",0,"D",.,"A",.,"A",845,"D",0,"D",50,"D",650,"D",.,"A",.,"A"
"20152","02996543",21,0,"1",2925,"D",260,"D",.,"A",1950,"D",0,"D",.,"A",264,"F",2665,"D",0,"D",.,"A",.,"A",.,"A",.,"A"
"20152","02996553",38,0,"1",1300,"D",260,"D",.,"A",390,"D",0,"D",.,"A",.,"A",1040,"D",0,"D",.,"A",.,"A",.,"A",.,"A"
"20152","02996563",21,0,"1",2600,"D",650,"D",.,"A",1300,"D",150,"D",.,"A",.,"A",1950,"D",150,"D",10,"D",130,"D",.,"A",.,"A"
"20152","02996573",50,0,"1",975,"D",520,"D",.,"A",1300,"D",0,"D",.,"A",.,"A",455,"D",30,"D",.,"A",.,"A",.,"A",.,"A"
"20152","02996583",41,0,"1",1430,"D",260,"D",260,"D",0,"D",30,"D",.,"A",.,"A",1170,"D",75,"D",.,"A",.,"A",.,"A",.,"A"
"20152","02996633",15,0,"1",2600,"D",390,"D",.,"A",0,"D",0,"D",.,"A",.,"A",2210,"D",0,"D",.,"A",.,"A",.,"A",.,"A"
"20152","02996703",23,0,"1",1560,"D",260,"D",.,"A",650,"D",120,"D",.,"A",.,"A",1300,"D",60,"D",.,"A",.,"A",.,"A",.,"A"
"20152","02996783",18,0,"1",650,"D",390,"D",.,"A",0,"D",6,"D",.,"A",.,"A",260,"D",6,"D",.,"A",.,"A",.,"A",.,"A"
"20152","02996813",33,0,"1",780,"D",195,"D",260,"D",650,"D",0,"D",.,"A",.,"A",585,"D",0,"D",.,"A",.,"A",.,"A",.,"A"
"20152","02996823",50,0,"1",1950,"D",272,"F",.,"A",1950,"D",45,"D",.,"A",.,"A",1047,"F",60,"D",.,"A",.,"A",.,"A",.,"A"
"20152","02996833",48,0,"1",3250,"D",390,"D",975,"D",2600,"D",300,"D",.,"A",.,"A",2860,"D",225,"D",.,"A",.,"A",.,"A",.,"A"
"20152","02996953",22,0,"1",390,"D",65,"D",.,"A",0,"D",0,"D",.,"A",.,"A",325,"D",0,"D",.,"A",.,"A",.,"A",.,"A"
"20152","02997073",62,0,"1",2600,"D",195,"D",.,"A",1300,"D",60,"D",.,"A",180,"D",2405,"D",60,"D",.,"A",.,"A",.,"A",.,"A"
"20152","02997083",42,0,"1",2600,"D",650,"D",.,"A",1300,"D",0,"D",.,"A",.,"A",1950,"D",0,"D",.,"A",.,"A",.,"A",.,"A"
"20152","02997113",18,0,"1",1950,"D",65,"D",.,"A",1300,"D",150,"D",.,"A",.,"A",1885,"D",150,"D",.,"A",.,"A",.,"A",.,"A"
"20152","02997123",75,0,"1",3055,"D",156,"D",325,"D",156,"D",0,"D",.,"A",.,"A",2899,"D",0,"D",.,"A",.,"A",.,"A",.,"A"
"20152","02997153",17,0,"1",2600,"D",325,"D",.,"A",1950,"D",0,"D",.,"A",.,"A",2275,"D",0,"D",.,"A",.,"A",.,"A",.,"A"
"20152","02997163",42,0,"1",1625,"D",169,"D",.,"A",0,"D",0,"D",.,"A",.,"A",1456,"D",60,"D",5,"D",65,"D",.,"A",.,"A"
"20152","02997173",9,0,"1",0,"D",.,"A",.,"A",0,"D",0,"D",.,"A",.,"A",0,"D",0,"D",.,"A",.,"A",.,"A",.,"A"
"20152","02997233",42,0,"1",3900,"D",390,"D",.,"A",1300,"D",0,"D",.,"A",.,"A",3510,"D",90,"D",.,"A",.,"A",.,"A",.,"A"
"20152","02997243",29,0,"1",650,"D",130,"D",.,"A",1820,"D",6,"D",.,"A",.,"A",520,"D",6,"D",.,"A",.,"A",.,"A",.,"A"
"20152","02997373",30,0,"1",2392,"D",780,"D",260,"D",780,"D",0,"D",.,"A",.,"A",1612,"D",0,"D",.,"A",.,"A",.,"A",.,"A"
"20152","02997383",27,0,"1",1950,"D",390,"D",.,"A",130,"D",0,"D",.,"A",.,"A",1560,"D",15,"D",.,"A",.,"A",.,"A",.,"A"
"20152","02997453",78,0,"1",6175,"D",1235,"D",.,"A",1040,"D",0,"D",.,"A",.,"A",4940,"D",0,"D",.,"A",.,"A",.,"A",.,"A"
"20152","02997483",10,0,"1",910,"D",260,"D",.,"A",0,"D",60,"D",.,"A",.,"A",650,"D",60,"D",.,"A",.,"A",.,"A",.,"A"
"20152","02997503",21,0,"1",650,"D",130,"D",.,"A",1560,"D",60,"D",.,"A",.,"A",520,"D",60,"D",.,"A",.,"A",.,"A",.,"A"
"20152","02997513",41,0,"1",1300,"D",272,"F",255,"F",325,"D",82,"F",.,"A",.,"A",1047,"F",174,"F",.,"A",.,"A",.,"A",.,"A"
"20152","02997555",13,0,"1",1625,"D",325,"D",.,"A",325,"D",0,"D",.,"A",.,"A",1300,"D",0,"D",15,"D",195,"D",.,"A",.,"A"
"20152","02997563",23,0,"1",390,"D",130,"D",26,"D",260,"D",600,"D",.,"A",.,"A",260,"D",90,"D",20,"D",260,"D",.,"A",.,"A"
"20152","02997583",35,0,"1",1560,"D",260,"D",.,"A",1300,"D",180,"D",.,"A",.,"A",1300,"D",0,"D",.,"A",.,"A",.,"A",.,"A"
"20152","02997603",29,0,"1",1560,"D",0,"D",.,"A",650,"D",0,"D",.,"A",220,"D",1560,"D",0,"D",30,"D",390,"D",65,"D",5,"D"
"20152","02997623",37,0,"1",650,"D",325,"D",.,"A",455,"D",0,"D",.,"A",.,"A",325,"D",0,"D",.,"A",.,"A",.,"A",.,"A"
"20152","02997653",37,0,"1",650,"D",65,"D",.,"A",845,"D",0,"D",.,"A",.,"A",585,"D",30,"D",.,"A",.,"A",.,"A",.,"A"
"20152","02997673",22,0,"1",2600,"D",0,"D",.,"A",2600,"D",0,"D",.,"A",.,"A",2600,"D",0,"D",40,"D",520,"D",.,"A",.,"A"
"20152","02997693",48,0,"1",1027,"D",312,"D",.,"A",429,"D",0,"D",.,"A",.,"A",715,"D",0,"D",.,"A",.,"A",.,"A",.,"A"
"20152","02997713",29,0,"1",1560,"D",419,"F",.,"A",520,"D",0,"D",.,"A",.,"A",1378,"F",150,"D",.,"A",.,"A",.,"A",.,"A"
"20152","02997723",17,0,"1",910,"D",65,"D",.,"A",195,"D",0,"D",.,"A",.,"A",845,"D",0,"D",.,"A",.,"A",.,"A",.,"A"
"20152","02997763",21,0,"1",3900,"D",1300,"D",.,"A",0,"D",77,"F",.,"A",.,"A",2600,"D",135,"F",.,"A",.,"A",.,"A",.,"A"
"20152","02997783",29,0,"1",2210,"D",0,"D",.,"A",650,"D",60,"D",.,"A",.,"A",2210,"D",150,"D",.,"A",.,"A",.,"A",.,"A"
"20152","02997793",34,0,"1",195,"D",65,"D",455,"D",260,"D",0,"D",.,"A",.,"A",130,"D",15,"D",2,"D",26,"D",.,"A",.,"A"
"20152","02997803",22,0,"1",1170,"D",260,"D",.,"A",130,"D",0,"D",.,"A",.,"A",910,"D",0,"D",.,"A",.,"A",.,"A",.,"A"
"20152","02997853",45,0,"1",1430,"D",260,"D",.,"A",130,"D",0,"D",.,"A",.,"A",1170,"D",0,"D",.,"A",.,"A",.,"A",.,"A"
"20152","02997873",42,0,"1",2132,"F",.,"A",.,"A",801,"F",77,"F",.,"A",.,"A",1810,"F",135,"F",.,"A",.,"A",.,"A",.,"A"
"20152","02997903",19,0,"1",1235,"D",130,"D",.,"A",650,"D",90,"D",.,"A",.,"A",1105,"D",90,"D",.,"A",.,"A",.,"A",.,"A"
"20152","02997983",30,0,"1",3250,"D",455,"D",.,"A",780,"D",0,"D",.,"A",.,"A",2795,"D",0,"D",35,"D",455,"D",.,"A",.,"A"
"20152","02997993",56,0,"1",1950,"D",390,"D",.,"A",390,"D",0,"D",.,"A",.,"A",1560,"D",150,"D",2,"D",26,"D",.,"A",.,"A"
"20152","02998023",43,0,"1",1300,"D",0,"D",169,"D",390,"D",0,"D",.,"A",.,"A",1300,"D",0,"D",50,"D",650,"D",.,"A",.,"A"
"20152","02998033",79,0,"1",2340,"D",325,"D",.,"A",1300,"D",0,"D",.,"A",.,"A",2015,"D",0,"D",.,"A",.,"A",.,"A",.,"A"
"20152","02998113",7,0,"1",0,"D",.,"A",.,"A",0,"D",0,"D",.,"A",.,"A",0,"D",0,"D",.,"A",.,"A",.,"A",.,"A"
"20152","02998123",23,0,"1",2080,"D",0,"D",.,"A",975,"D",90,"D",.,"A",.,"A",2080,"D",45,"D",.,"A",.,"A",.,"A",.,"A"
"20152","02998133",18,0,"1",930,"F",.,"A",.,"A",471,"F",158,"F",.,"A",.,"A",755,"F",104,"F",.,"A",.,"A",.,"A",.,"A"
"20152","02998163",16,0,"1",1300,"D",325,"D",.,"A",1300,"D",0,"D",.,"A",.,"A",975,"D",60,"D",30,"D",390,"D",.,"A",.,"A"
"20152","02998203",12,0,"1",325,"D",0,"D",.,"A",327,"F",0,"D",.,"A",.,"A",325,"D",0,"D",.,"A",.,"A",.,"A",.,"A"
"20152","02998243",33,0,"1",1300,"D",260,"D",520,"D",260,"D",0,"D",.,"A",.,"A",1040,"D",0,"D",.,"A",.,"A",.,"A",.,"A"
"20152","02998253",17,0,"1",1625,"D",130,"D",.,"A",1625,"D",75,"D",.,"A",.,"A",1495,"D",300,"D",.,"A",.,"A",.,"A",.,"A"
"20152","02998273",74,0,"1",806,"D",130,"D",.,"A",182,"D",0,"D",.,"A",.,"A",676,"D",0,"D",.,"A",.,"A",.,"A",.,"A"
"20152","02998283",20,0,"1",1300,"D",195,"D",.,"A",260,"D",30,"D",.,"A",.,"A",1105,"D",60,"D",.,"A",.,"A",.,"A",.,"A"
"20152","02998303",38,0,"1",780,"D",260,"D",.,"A",130,"D",0,"D",.,"A",.,"A",520,"D",0,"D",50,"D",650,"D",.,"A",.,"A"
"20152","02998323",38,0,"1",1950,"D",260,"D",.,"A",780,"D",0,"D",900,"D",.,"A",1690,"D",0,"D",.,"A",.,"A",.,"A",.,"A"
"20152","02998333",32,0,"1",1560,"D",325,"D",.,"A",520,"D",0,"D",.,"A",120,"D",1235,"D",0,"D",.,"A",.,"A",.,"A",.,"A"
"20152","02998373",52,0,"1",1300,"D",195,"D",.,"A",975,"D",120,"D",.,"A",.,"A",1105,"D",150,"D",.,"A",.,"A",.,"A",.,"A"
"20152","02998393",54,0,"1",2470,"D",520,"D",.,"A",1300,"D",0,"D",.,"A",.,"A",1950,"D",12,"D",55,"D",715,"D",.,"A",.,"A"
"20152","02998473",14,0,"1",650,"D",0,"D",.,"A",325,"D",0,"D",.,"A",.,"A",650,"D",0,"D",.,"A",.,"A",.,"A",.,"A"
"20152","02998513",39,0,"1",1950,"D",195,"D",.,"A",975,"D",0,"D",.,"A",.,"A",1755,"D",300,"D",.,"A",.,"A",.,"A",.,"A"
"20152","02998673",36,0,"1",1300,"D",325,"D",.,"A",455,"D",150,"D",.,"A",.,"A",975,"D",84,"D",35,"D",455,"D",.,"A",.,"A"
"20152","02998683",32,0,"1",975,"D",130,"D",195,"D",650,"D",120,"D",.,"A",.,"A",845,"D",60,"D",.,"A",.,"A",.,"A",.,"A"
"20152","02998723",57,0,"1",2600,"D",474,"F",.,"A",390,"D",60,"D",.,"A",120,"D",1805,"F",60,"D",.,"A",.,"A",130,"D",10,"D"
"20152","02998733",31,0,"1",1560,"D",390,"D",.,"A",91,"D",0,"D",.,"A",.,"A",1170,"D",0,"D",30,"D",390,"D",.,"A",.,"A"
"20152","02998753",17,0,"1",780,"D",195,"D",.,"A",130,"D",0,"D",.,"A",.,"A",585,"D",0,"D",.,"A",.,"A",.,"A",.,"A"
"20152","02998773",13,0,"1",1040,"D",260,"D",.,"A",260,"D",0,"D",.,"A",.,"A",780,"D",0,"D",.,"A",.,"A",.,"A",.,"A"
"20152","02998803",21,0,"1",1040,"D",324,"F",.,"A",0,"D",0,"D",.,"A",.,"A",1346,"F",0,"D",40,"D",520,"D",.,"A",.,"A"
"20152","02998813",90,0,"1",1950,"D",260,"D",.,"A",650,"D",0,"D",.,"A",257,"F",1690,"D",60,"D",.,"A",.,"A",.,"A",.,"A"
"20152","02998823",37,0,"1",1625,"D",455,"D",.,"A",1300,"D",0,"D",.,"A",.,"A",1170,"D",0,"D",.,"A",.,"A",.,"A",.,"A"
"20152","02998843",37,0,"1",975,"D",0,"D",.,"A",325,"D",0,"D",.,"A",.,"A",975,"D",60,"D",.,"A",.,"A",.,"A",.,"A"
"20152","02998933",42,0,"1",1690,"D",195,"D",.,"A",390,"D",0,"D",.,"A",65,"D",1495,"D",0,"D",.,"A",.,"A",.,"A",.,"A"
"20152","02999023",19,0,"1",780,"D",65,"D",.,"A",650,"D",0,"D",.,"A",.,"A",715,"D",0,"D",.,"A",.,"A",.,"A",.,"A"
"20152","02999043",21,0,"1",2600,"D",325,"D",.,"A",650,"D",0,"D",.,"A",.,"A",2275,"D",0,"D",.,"A",.,"A",.,"A",.,"A"
"20152","02999163",23,0,"1",130,"D",0,"D",.,"A",65,"D",0,"D",.,"A",.,"A",130,"D",0,"D",.,"A",.,"A",.,"A",.,"A"
"20152","02999173",34,0,"1",390,"D",195,"D",.,"A",390,"D",0,"D",.,"A",.,"A",195,"D",0,"D",.,"A",.,"A",.,"A",.,"A"
"20152","02999203",48,0,"1",1300,"D",325,"D",260,"D",0,"D",0,"D",.,"A",6,"D",975,"D",0,"D",.,"A",.,"A",.,"A",.,"A"
"20152","02999253",47,0,"1",1950,"D",650,"D",.,"A",195,"D",0,"D",.,"A",.,"A",1300,"D",0,"D",.,"A",.,"A",.,"A",.,"A"
"20152","02999283",15,0,"1",1820,"D",390,"D",390,"D",0,"D",0,"D",.,"A",.,"A",1430,"D",0,"D",.,"A",.,"A",.,"A",.,"A"
"20152","02999293",29,0,"1",4875,"D",1560,"D",650,"D",1560,"D",300,"D",.,"A",.,"A",3315,"D",255,"D",.,"A",.,"A",130,"D",10,"D"
"20152","02999323",8,0,"1",975,"D",156,"D",.,"A",650,"D",0,"D",.,"A",.,"A",819,"D",0,"D",.,"A",.,"A",.,"A",.,"A"
"20152","02999333",52,0,"1",1950,"D",650,"D",.,"A",1300,"D",150,"D",.,"A",.,"A",1300,"D",150,"D",.,"A",.,"A",.,"A",.,"A"
"20152","02999373",12,0,"1",195,"D",0,"D",.,"A",104,"D",0,"D",.,"A",.,"A",195,"D",0,"D",.,"A",.,"A",.,"A",.,"A"
"20152","02999403",36,0,"1",5200,"D",520,"D",.,"A",260,"D",30,"D",.,"A",.,"A",4680,"D",60,"D",.,"A",.,"A",.,"A",.,"A"
"20152","02999413",39,0,"1",1950,"D",260,"D",.,"A",195,"D",0,"D",.,"A",144,"D",1690,"D",0,"D",.,"A",.,"A",.,"A",.,"A"
"20152","02999443",23,0,"1",1040,"D",195,"D",.,"A",780,"D",0,"D",.,"A",.,"A",845,"D",0,"D",.,"A",.,"A",.,"A",.,"A"
"20152","02999473",12,0,"1",1536,"F",.,"A",.,"A",0,"D",0,"D",.,"A",.,"A",1244,"F",0,"D",.,"A",.,"A",.,"A",.,"A"
"20152","02999503",27,0,"1",2600,"D",520,"D",.,"A",130,"D",6,"D",.,"A",.,"A",2080,"D",6,"D",.,"A",.,"A",.,"A",.,"A"
"20152","02999533",37,0,"1",1300,"D",260,"D",.,"A",0,"D",0,"D",.,"A",.,"A",1040,"D",0,"D",.,"A",.,"A",.,"A",.,"A"
"20152","02999563",55,0,"1",780,"D",0,"D",.,"A",260,"D",156,"F",.,"A",.,"A",780,"D",160,"F",15,"D",195,"D",.,"A",.,"A"
"20152","02999573",27,0,"1",494,"D",104,"D",0,"D",13,"D",0,"D",.,"A",.,"A",390,"D",0,"D",.,"A",.,"A",.,"A",.,"A"
"20152","02999583",28,0,"1",520,"D",0,"D",.,"A",650,"D",150,"D",.,"A",.,"A",520,"D",60,"D",.,"A",.,"A",.,"A",.,"A"
"20152","02999703",29,0,"1",780,"D",130,"D",.,"A",390,"D",6,"D",.,"A",.,"A",650,"D",6,"D",.,"A",.,"A",.,"A",.,"A"
"20152","02999743",35,0,"1",1040,"D",195,"D",.,"A",650,"D",0,"D",.,"A",.,"A",845,"D",0,"D",.,"A",.,"A",.,"A",.,"A"
"20152","02999793",21,0,"1",780,"D",260,"D",.,"A",0,"D",6,"D",.,"A",.,"A",520,"D",6,"D",.,"A",.,"A",.,"A",.,"A"
"20152","02999863",36,0,"1",780,"D",130,"D",.,"A",780,"D",105,"D",.,"A",.,"A",650,"D",180,"D",.,"A",.,"A",.,"A",.,"A"
"20152","02999903",33,0,"1",1300,"D",130,"D",.,"A",1625,"D",0,"D",.,"A",.,"A",1170,"D",120,"D",.,"A",.,"A",.,"A",.,"A"
"20152","02999923",25,0,"1",1950,"D",650,"D",.,"A",0,"D",0,"D",.,"A",.,"A",1300,"D",0,"D",.,"A",.,"A",.,"A",.,"A"
"20152","02999933",53,0,"1",2392,"D",234,"D",.,"A",260,"D",0,"D",.,"A",.,"A",2158,"D",225,"D",.,"A",.,"A",.,"A",.,"A"
"20152","02999963",18,0,"1",1300,"D",650,"D",390,"D",975,"D",147,"F",.,"A",.,"A",650,"D",600,"D",15,"D",195,"D",.,"A",.,"A"
"20152","02999984",18,0,"1",780,"D",260,"D",.,"A",260,"D",18,"D",30,"D",.,"A",520,"D",60,"D",.,"A",.,"A",.,"A",.,"A"
"20152","02999993",65,0,"1",1625,"D",0,"D",.,"A",780,"D",0,"D",.,"A",110,"D",1625,"D",60,"D",15,"D",195,"D",.,"A",.,"A"
"20152","03000013",35,0,"1",1040,"D",65,"D",.,"A",715,"D",0,"D",.,"A",.,"A",975,"D",0,"D",27,"D",351,"D",.,"A",.,"A"
"20152","03000033",32,0,"1",650,"D",78,"D",104,"D",1625,"D",0,"D",.,"A",.,"A",572,"D",0,"D",22,"D",286,"D",.,"A",.,"A"
"20152","03000073",37,0,"1",1560,"D",195,"D",.,"A",520,"D",0,"D",.,"A",63,"D",1365,"D",0,"D",.,"A",.,"A",.,"A",.,"A"
"20152","03000143",68,0,"1",1300,"D",260,"D",.,"A",0,"D",840,"D",.,"A",.,"A",1040,"D",180,"D",.,"A",.,"A",260,"D",20,"D"
"20152","03000285",14,0,"1",2600,"D",650,"D",.,"A",390,"D",0,"D",.,"A",.,"A",1950,"D",0,"D",.,"A",.,"A",.,"A",.,"A"
"20152","03000373",41,0,"1",1300,"D",156,"D",.,"A",390,"D",0,"D",.,"A",.,"A",1144,"D",0,"D",.,"A",.,"A",.,"A",.,"A"
"20152","03000403",41,0,"1",1300,"D",195,"D",.,"A",325,"D",60,"D",.,"A",.,"A",1105,"D",0,"D",.,"A",.,"A",.,"A",.,"A"
"20152","03000433",12,0,"1",1625,"D",1625,"D",.,"A",0,"D",0,"D",.,"A",.,"A",0,"D",0,"D",.,"A",.,"A",.,"A",.,"A"
"20152","03000453",39,0,"1",1820,"D",520,"D",130,"D",260,"D",0,"D",.,"A",.,"A",1300,"D",0,"D",40,"D",520,"D",.,"A",.,"A"
"20152","03000473",26,0,"1",2600,"D",390,"D",.,"A",1170,"D",0,"D",.,"A",.,"A",2210,"D",66,"D",49,"D",637,"D",.,"A",.,"A"
"20152","03000513",18,0,"1",1560,"D",130,"D",.,"A",520,"D",0,"D",.,"A",.,"A",1430,"D",0,"D",.,"A",.,"A",.,"A",.,"A"
"20152","03000553",42,0,"1",1300,"D",260,"D",.,"A",650,"D",75,"D",.,"A",.,"A",1040,"D",150,"D",.,"A",.,"A",.,"A",.,"A"
"20152","03000573",22,0,"1",650,"D",65,"D",.,"A",1040,"D",0,"D",.,"A",.,"A",585,"D",0,"D",25,"D",325,"D",.,"A",.,"A"
"20152","03000613",51,0,"1",2600,"D",325,"D",.,"A",325,"D",77,"F",.,"A",167,"F",2275,"D",135,"F",.,"A",.,"A",.,"A",.,"A"
"20152","03000623",17,0,"1",1300,"D",260,"D",.,"A",130,"D",0,"D",.,"A",.,"A",1040,"D",33,"D",.,"A",.,"A",.,"A",.,"A"
"20152","03000663",17,0,"1",1690,"D",260,"D",.,"A",0,"D",0,"D",.,"A",.,"A",1430,"D",150,"D",.,"A",.,"A",.,"A",.,"A"
"20152","03000683",6,0,"1",930,"F",.,"A",.,"A",471,"F",158,"F",.,"A",.,"A",755,"F",104,"F",.,"A",.,"A",.,"A",.,"A"
"20152","03000703",94,0,"1",1300,"D",0,"D",780,"D",650,"D",0,"D",.,"A",.,"A",1300,"D",0,"D",.,"A",.,"A",.,"A",.,"A"
"20152","03000743",23,0,"1",1040,"D",130,"D",.,"A",1950,"D",0,"D",.,"A",.,"A",910,"D",0,"D",.,"A",.,"A",.,"A",.,"A"
"20152","03000783",56,0,"1",1625,"D",195,"D",.,"A",910,"D",0,"D",.,"A",.,"A",1430,"D",0,"D",.,"A",.,"A",.,"A",.,"A"
"20152","03000913",56,0,"1",1950,"D",650,"D",.,"A",910,"D",15,"D",.,"A",.,"A",1300,"D",60,"D",40,"D",520,"D",.,"A",.,"A"
"20152","03000983",48,0,"1",1950,"D",650,"D",.,"A",260,"D",60,"D",.,"A",.,"A",1300,"D",120,"D",.,"A",.,"A",.,"A",.,"A"
"20152","03001033",75,0,"1",1560,"D",260,"D",.,"A",1300,"D",0,"D",.,"A",80,"D",1300,"D",30,"D",.,"A",.,"A",.,"A",.,"A"
"20152","03001073",30,0,"1",1430,"D",260,"D",.,"A",0,"D",0,"D",.,"A",.,"A",1170,"D",0,"D",.,"A",.,"A",.,"A",.,"A"
"20152","03001183",27,0,"1",975,"D",130,"D",.,"A",390,"D",6,"D",.,"A",.,"A",845,"D",6,"D",.,"A",.,"A",.,"A",.,"A"
"20152","03001233",56,0,"1",1934,"F",.,"A",.,"A",1133,"F",0,"D",.,"A",.,"A",1513,"F",0,"D",.,"A",.,"A",.,"A",.,"A"
"20152","03001333",17,0,"1",975,"D",186,"F",.,"A",260,"D",0,"D",.,"A",.,"A",642,"F",0,"D",.,"A",.,"A",.,"A",.,"A"
"20152","03001353",22,0,"1",975,"D",0,"D",260,"D",780,"D",0,"D",.,"A",.,"A",975,"D",0,"D",.,"A",.,"A",.,"A",.,"A"
"20152","03001373",45,0,"1",975,"D",65,"D",.,"A",260,"D",900,"D",.,"A",.,"A",910,"D",240,"D",.,"A",.,"A",.,"A",.,"A"
"20152","03001403",13,0,"1",0,"D",.,"A",.,"A",0,"D",0,"D",.,"A",.,"A",0,"D",0,"D",.,"A",.,"A",.,"A",.,"A"
"20152","03001463",41,0,"1",780,"D",195,"D",195,"D",1560,"D",150,"D",.,"A",.,"A",585,"D",90,"D",45,"D",585,"D",.,"A",.,"A"
"20152","03001493",44,0,"1",2691,"D",91,"D",520,"D",650,"D",150,"D",.,"A",.,"A",2600,"D",300,"D",5,"D",65,"D",65,"D",5,"D"
"20152","03001563",24,0,"1",975,"D",260,"D",.,"A",0,"D",0,"D",.,"A",.,"A",715,"D",0,"D",.,"A",.,"A",.,"A",.,"A"
"20152","03001603",26,0,"1",845,"D",195,"D",.,"A",195,"D",0,"D",.,"A",.,"A",650,"D",0,"D",.,"A",.,"A",.,"A",.,"A"
"20152","03001633",47,0,"1",1040,"D",130,"D",.,"A",3900,"D",0,"D",.,"A",.,"A",910,"D",0,"D",.,"A",.,"A",.,"A",.,"A"
"20152","03001643",20,0,"1",5200,"D",780,"D",.,"A",0,"D",0,"D",.,"A",.,"A",4420,"D",36,"D",.,"A",.,"A",.,"A",.,"A"
"20152","03001653",26,0,"1",975,"D",130,"D",.,"A",780,"D",120,"D",.,"A",.,"A",845,"D",300,"D",30,"D",390,"D",.,"A",.,"A"
"20152","03001683",16,0,"1",130,"D",0,"D",.,"A",104,"D",0,"D",.,"A",.,"A",130,"D",0,"D",.,"A",.,"A",.,"A",.,"A"
"20152","03001693",24,0,"1",520,"D",130,"D",.,"A",325,"D",0,"D",.,"A",.,"A",390,"D",0,"D",.,"A",.,"A",.,"A",.,"A"
"20152","03001703",27,0,"1",1300,"D",325,"D",.,"A",650,"D",0,"D",.,"A",.,"A",975,"D",0,"D",.,"A",.,"A",.,"A",.,"A"
"20152","03001723",70,0,"1",975,"D",0,"D",.,"A",520,"D",150,"D",.,"A",.,"A",975,"D",300,"D",.,"A",.,"A",.,"A",.,"A"
"20152","03001733",45,0,"1",1560,"D",130,"D",.,"A",780,"D",0,"D",.,"A",144,"D",1430,"D",0,"D",.,"A",.,"A",.,"A",.,"A"
"20152","03001773",41,0,"1",1300,"D",0,"D",.,"A",390,"D",0,"D",.,"A",.,"A",1300,"D",0,"D",40,"D",520,"D",.,"A",.,"A"
"20152","03001823",43,0,"1",975,"D",130,"D",130,"D",130,"D",0,"D",.,"A",.,"A",845,"D",150,"D",.,"A",.,"A",.,"A",.,"A"
"20152","03001833",30,0,"1",780,"D",130,"D",.,"A",520,"D",90,"D",.,"A",.,"A",650,"D",30,"D",.,"A",.,"A",.,"A",.,"A"
"20152","03001873",36,0,"1",1950,"D",325,"D",.,"A",2600,"D",0,"D",.,"A",.,"A",1625,"D",0,"D",.,"A",.,"A",.,"A",.,"A"
"20152","03001893",51,0,"1",390,"D",91,"D",.,"A",325,"D",45,"D",.,"A",.,"A",299,"D",60,"D",.,"A",.,"A",.,"A",.,"A"
"20152","03001953",45,0,"1",1950,"D",260,"D",.,"A",1300,"D",0,"D",.,"A",.,"A",1690,"D",0,"D",.,"A",.,"A",.,"A",.,"A"
"20152","03001973",23,0,"1",325,"D",0,"D",325,"D",0,"D",0,"D",.,"A",.,"A",325,"D",0,"D",.,"A",.,"A",.,"A",.,"A"
"20152","03001983",23,0,"1",442,"D",211,"F",.,"A",0,"D",0,"D",.,"A",.,"A",748,"F",0,"D",.,"A",.,"A",.,"A",.,"A"
"20152","03002023",22,0,"1",1300,"D",260,"D",1300,"D",650,"D",45,"D",.,"A",2340,"D",1040,"D",30,"D",.,"A",.,"A",.,"A",.,"A"
"20152","03002035",25,0,"1",260,"D",0,"D",.,"A",260,"D",0,"D",.,"A",.,"A",260,"D",0,"D",.,"A",.,"A",.,"A",.,"A"
"20152","03002043",48,0,"1",1950,"D",156,"D",260,"D",130,"D",0,"D",.,"A",.,"A",1794,"D",30,"D",.,"A",.,"A",.,"A",.,"A"
"20152","03002083",35,0,"1",1690,"D",169,"D",650,"D",1300,"D",0,"D",.,"A",.,"A",1521,"D",0,"D",.,"A",.,"A",.,"A",.,"A"
"20152","03002103",97,0,"1",2600,"D",1040,"D",.,"A",1300,"D",0,"D",.,"A",.,"A",1560,"D",45,"D",.,"A",.,"A",.,"A",.,"A"
"20152","03002163",52,0,"1",1950,"D",260,"D",65,"D",2340,"D",720,"D",.,"A",.,"A",1690,"D",300,"D",.,"A",.,"A",.,"A",.,"A"
"20152","03002183",19,0,"1",975,"D",325,"D",.,"A",0,"D",0,"D",.,"A",.,"A",650,"D",81,"D",.,"A",.,"A",.,"A",.,"A"
"20152","03002193",41,0,"1",1040,"D",104,"D",.,"A",130,"D",0,"D",.,"A",.,"A",936,"D",90,"D",.,"A",.,"A",.,"A",.,"A"
"20152","03002213",33,0,"1",1300,"D",325,"D",195,"D",520,"D",0,"D",.,"A",.,"A",975,"D",0,"D",.,"A",.,"A",.,"A",.,"A"
"20152","03002223",85,0,"1",3900,"D",650,"D",.,"A",975,"D",0,"D",.,"A",.,"A",3250,"D",0,"D",.,"A",.,"A",.,"A",.,"A"
"20152","03002243",29,0,"1",260,"D",0,"D",.,"A",130,"D",0,"D",.,"A",.,"A",260,"D",0,"D",.,"A",.,"A",.,"A",.,"A"
"20152","03002313",27,0,"1",3900,"D",260,"D",390,"D",390,"D",0,"D",.,"A",225,"D",3640,"D",75,"D",.,"A",.,"A",.,"A",.,"A"
"20152","03002323",52,0,"1",5200,"D",1560,"D",.,"A",650,"D",135,"D",.,"A",.,"A",3640,"D",0,"D",.,"A",.,"A",.,"A",.,"A"
"20152","03002333",18,0,"1",2925,"D",650,"D",1300,"D",1300,"D",0,"D",.,"A",.,"A",2275,"D",0,"D",75,"D",975,"D",.,"A",.,"A"
"20152","03002343",20,0,"1",1300,"D",130,"D",.,"A",0,"D",0,"D",.,"A",.,"A",1170,"D",0,"D",.,"A",.,"A",.,"A",.,"A"
"20152","03002413",28,0,"1",1625,"D",452,"F",.,"A",260,"D",0,"D",.,"A",.,"A",1846,"F",0,"D",.,"A",.,"A",286,"D",22,"D"
"20152","03002463",34,0,"1",1950,"D",325,"D",.,"A",1300,"D",0,"D",.,"A",.,"A",1625,"D",0,"D",.,"A",.,"A",.,"A",.,"A"
"20152","03002513",22,0,"1",1300,"D",260,"D",.,"A",260,"D",135,"D",.,"A",.,"A",1040,"D",90,"D",.,"A",.,"A",.,"A",.,"A"
"20152","03002523",25,0,"1",1300,"D",195,"D",.,"A",2600,"D",600,"D",.,"A",.,"A",1105,"D",90,"D",.,"A",.,"A",260,"D",20,"D"
"20152","03002533",35,0,"1",650,"D",130,"D",.,"A",390,"D",0,"D",.,"A",.,"A",520,"D",0,"D",.,"A",.,"A",.,"A",.,"A"
"20152","03002573",65,0,"1",1820,"D",234,"D",.,"A",169,"D",0,"D",.,"A",.,"A",1586,"D",225,"D",.,"A",.,"A",.,"A",.,"A"
"20152","03002583",12,0,"1",650,"D",130,"D",.,"A",0,"D",0,"D",.,"A",.,"A",520,"D",0,"D",.,"A",.,"A",.,"A",.,"A"
"20152","03002603",53,0,"1",1300,"D",520,"D",871,"D",325,"D",0,"D",.,"A",.,"A",780,"D",90,"D",.,"A",.,"A",.,"A",.,"A"
"20152","03002633",16,0,"1",2340,"D",390,"D",.,"A",650,"D",60,"D",.,"A",.,"A",1950,"D",60,"D",.,"A",.,"A",.,"A",.,"A"
"20152","03002643",33,0,"1",1772,"F",.,"A",.,"A",760,"F",113,"F",.,"A",.,"A",1467,"F",107,"F",.,"A",.,"A",.,"A",.,"A"
"20152","03002683",44,0,"1",1625,"D",260,"D",.,"A",1040,"D",0,"D",.,"A",.,"A",1365,"D",300,"D",.,"A",.,"A",.,"A",.,"A"
"20152","03002693",46,0,"1",1300,"D",195,"D",.,"A",65,"D",0,"D",.,"A",.,"A",1105,"D",60,"D",.,"A",.,"A",.,"A",.,"A"
"20152","03002743",55,0,"1",3250,"D",650,"D",.,"A",0,"D",0,"D",.,"A",.,"A",2600,"D",240,"D",.,"A",.,"A",.,"A",.,"A"
"20152","03002763",19,0,"1",520,"D",0,"D",325,"D",260,"D",45,"D",.,"A",.,"A",520,"D",45,"D",.,"A",.,"A",.,"A",.,"A"
"20152","03002773",17,0,"1",4160,"D",1300,"D",.,"A",0,"D",0,"D",.,"A",.,"A",2860,"D",0,"D",.,"A",.,"A",.,"A",.,"A"
"20152","03002783",48,0,"1",650,"D",325,"D",.,"A",260,"D",0,"D",.,"A",.,"A",325,"D",0,"D",.,"A",.,"A",.,"A",.,"A"
"20152","03002803",15,0,"1",1170,"D",195,"D",.,"A",104,"D",0,"D",.,"A",.,"A",975,"D",0,"D",.,"A",.,"A",.,"A",.,"A"
"20152","03002913",32,0,"1",2340,"D",1040,"D",.,"A",3575,"D",0,"D",.,"A",.,"A",1300,"D",120,"D",.,"A",.,"A",.,"A",.,"A"
"20152","03002973",25,0,"1",1560,"D",195,"D",.,"A",260,"D",6,"D",.,"A",.,"A",1365,"D",6,"D",.,"A",.,"A",.,"A",.,"A"
"20152","03002983",46,0,"1",1950,"D",325,"D",260,"D",780,"D",0,"D",.,"A",.,"A",1625,"D",90,"D",35,"D",455,"D",.,"A",.,"A"
"20152","03003003",15,0,"1",975,"D",520,"D",.,"A",0,"D",0,"D",.,"A",.,"A",455,"D",0,"D",.,"A",.,"A",.,"A",.,"A"
"20152","03003013",41,0,"1",1950,"D",390,"D",.,"A",650,"D",24,"D",.,"A",.,"A",1560,"D",30,"D",.,"A",.,"A",.,"A",.,"A"
"20152","03003063",68,0,"1",819,"D",169,"D",325,"D",0,"D",0,"D",.,"A",.,"A",650,"D",0,"D",.,"A",.,"A",.,"A",.,"A"
"20152","03003093",39,0,"1",1365,"D",0,"D",260,"D",390,"D",0,"D",.,"A",.,"A",1365,"D",90,"D",.,"A",.,"A",.,"A",.,"A"
"20152","03003103",56,0,"1",2275,"D",351,"D",780,"D",520,"D",0,"D",.,"A",84,"D",1924,"D",192,"D",.,"A",.,"A",.,"A",.,"A"
"20152","03003173",19,0,"1",325,"D",65,"D",.,"A",390,"D",0,"D",125,"D",.,"A",260,"D",0,"D",.,"A",.,"A",.,"A",.,"A"
"20152","03003183",67,0,"1",3900,"D",975,"D",.,"A",1950,"D",300,"D",.,"A",.,"A",2925,"D",300,"D",.,"A",.,"A",.,"A",.,"A"
"20152","03003273",56,0,"1",2275,"D",650,"D",.,"A",0,"D",60,"D",.,"A",.,"A",1625,"D",60,"D",.,"A",.,"A",.,"A",.,"A"
"20152","03003303",23,0,"1",650,"D",130,"D",.,"A",650,"D",60,"D",.,"A",.,"A",520,"D",60,"D",.,"A",.,"A",.,"A",.,"A"
"20152","03003323",37,0,"1",1950,"D",455,"D",.,"A",260,"D",0,"D",.,"A",.,"A",1495,"D",0,"D",50,"D",650,"D",.,"A",.,"A"
"20152","03003393",26,0,"1",650,"D",237,"F",.,"A",1040,"D",300,"D",.,"A",.,"A",736,"F",180,"D",.,"A",.,"A",.,"A",.,"A"
"20152","03003413",16,0,"1",1300,"D",260,"D",.,"A",800,"F",0,"D",.,"A",.,"A",1040,"D",0,"D",.,"A",.,"A",.,"A",.,"A"
"20152","03003443",34,0,"1",2132,"F",.,"A",.,"A",801,"F",77,"F",.,"A",.,"A",1810,"F",135,"F",.,"A",.,"A",.,"A",.,"A"
"20152","03003553",23,0,"1",1300,"D",65,"D",.,"A",130,"D",0,"D",.,"A",.,"A",1235,"D",0,"D",.,"A",.,"A",.,"A",.,"A"
"20152","03003633",12,0,"1",0,"D",.,"A",.,"A",0,"D",0,"D",.,"A",.,"A",0,"D",0,"D",.,"A",.,"A",.,"A",.,"A"
"20152","03003733",79,0,"1",3250,"D",1625,"D",.,"A",208,"D",0,"D",.,"A",.,"A",1625,"D",0,"D",.,"A",.,"A",.,"A",.,"A"
"20152","03003753",28,0,"1",1300,"D",260,"D",.,"A",325,"D",60,"D",.,"A",.,"A",1040,"D",60,"D",.,"A",.,"A",.,"A",.,"A"
"20152","03003823",24,0,"1",975,"D",325,"D",.,"A",1300,"D",60,"D",.,"A",.,"A",650,"D",0,"D",.,"A",.,"A",.,"A",.,"A"
"20152","03003843",39,0,"1",3900,"D",325,"D",.,"A",0,"D",0,"D",.,"A",.,"A",3575,"D",135,"F",.,"A",.,"A",.,"A",.,"A"
"20152","03003904",26,0,"1",1300,"D",0,"D",.,"A",520,"D",12,"D",.,"A",.,"A",1300,"D",0,"D",.,"A",.,"A",.,"A",.,"A"
"20152","03004013",27,0,"1",1950,"D",455,"D",156,"D",195,"D",0,"D",.,"A",.,"A",1495,"D",0,"D",.,"A",.,"A",.,"A",.,"A"
"20152","03004033",79,0,"1",2600,"D",520,"D",.,"A",260,"D",0,"D",.,"A",.,"A",2080,"D",60,"D",.,"A",.,"A",.,"A",.,"A"
"20152","03004043",21,0,"1",7800,"D",3250,"D",.,"A",0,"D",0,"D",.,"A",.,"A",4550,"D",54,"D",17,"D",221,"D",.,"A",.,"A"
"20152","03004063",42,0,"1",650,"D",0,"D",.,"A",0,"D",0,"D",.,"A",.,"A",650,"D",120,"D",.,"C",642,"F",.,"A",.,"A"
"20152","03004113",72,0,"1",650,"D",0,"D",325,"D",650,"D",0,"D",.,"A",.,"A",650,"D",0,"D",.,"A",.,"A",325,"D",25,"D"
"20152","03004123",43,0,"1",1040,"D",130,"D",.,"A",325,"D",0,"D",.,"A",.,"A",910,"D",0,"D",.,"A",.,"A",.,"A",.,"A"
"20152","03004143",39,0,"1",1560,"D",650,"D",.,"A",2600,"D",600,"D",.,"A",.,"A",910,"D",600,"D",.,"A",.,"A",.,"A",.,"A"
"20152","03004223",66,0,"1",1950,"D",390,"D",.,"A",390,"D",90,"D",.,"A",.,"A",1560,"D",150,"D",.,"A",.,"A",.,"A",.,"A"
"20152","03004273",23,0,"1",1300,"D",260,"D",65,"D",260,"D",0,"D",.,"A",.,"A",1040,"D",0,"D",.,"C",403,"F",.,"A",.,"A"
"20152","03004363",23,0,"1",1300,"D",325,"D",.,"A",475,"F",0,"D",.,"A",.,"A",975,"D",0,"D",.,"A",.,"A",.,"A",.,"A"
"20152","03004383",35,0,"1",1625,"D",195,"D",260,"D",1300,"D",60,"D",.,"A",.,"A",1430,"D",90,"D",.,"A",.,"A",.,"A",.,"A"
"20152","03004413",37,0,"1",1300,"D",0,"D",.,"A",0,"D",0,"D",.,"A",.,"A",1300,"D",15,"D",.,"A",.,"A",.,"A",.,"A"
"20152","03004473",20,0,"1",2600,"D",520,"D",.,"A",3250,"D",0,"D",.,"A",.,"A",2080,"D",0,"D",.,"A",.,"A",.,"A",.,"A"
"20152","03004483",36,0,"1",1536,"F",.,"A",.,"A",800,"F",175,"F",.,"A",.,"A",1244,"F",168,"F",.,"A",.,"A",.,"A",.,"A"
"20152","03004493",30,0,"1",650,"D",0,"D",.,"A",0,"D",0,"D",.,"A",.,"A",650,"D",0,"D",.,"A",.,"A",.,"A",.,"A"
"20152","03004503",23,0,"1",650,"D",0,"D",.,"A",0,"D",0,"D",.,"A",.,"A",650,"D",0,"D",.,"A",.,"A",.,"A",.,"A"
"20152","03004593",9,0,"1",3250,"D",650,"D",.,"A",0,"D",0,"D",.,"A",.,"A",2600,"D",0,"D",.,"A",.,"A",.,"A",.,"A"
"20152","03004653",36,0,"1",1300,"D",325,"D",.,"A",1300,"D",6,"D",.,"A",.,"A",975,"D",6,"D",.,"A",.,"A",.,"A",.,"A"
"20152","03004683",29,0,"1",585,"D",130,"D",.,"A",0,"D",0,"D",.,"A",.,"A",455,"D",0,"D",.,"A",.,"A",.,"A",.,"A"
"20152","03004713",21,0,"1",1950,"D",650,"D",.,"A",0,"D",0,"D",.,"A",.,"A",1300,"D",0,"D",44,"D",572,"D",.,"A",.,"A"
"20152","03004723",21,0,"1",520,"D",26,"D",.,"A",390,"D",0,"D",.,"A",.,"A",494,"D",0,"D",.,"A",.,"A",.,"A",.,"A"
"20152","03004813",36,0,"1",650,"D",130,"D",.,"A",130,"D",0,"D",.,"A",.,"A",520,"D",0,"D",.,"A",.,"A",.,"A",.,"A"
"20152","03004853",64,0,"1",1053,"D",78,"D",65,"D",520,"D",0,"D",.,"A",.,"A",975,"D",9,"D",.,"A",.,"A",.,"A",.,"A"
"20152","03004893",21,0,"1",169,"D",39,"D",.,"A",65,"D",0,"D",.,"A",.,"A",130,"D",0,"D",.,"A",.,"A",.,"A",.,"A"
"20152","03004913",81,0,"1",1820,"D",221,"D",.,"A",650,"D",120,"D",.,"A",90,"D",1599,"D",180,"D",.,"A",.,"A",.,"A",.,"A"
"20152","03004993",55,0,"1",2600,"D",455,"D",156,"D",520,"D",0,"D",.,"A",.,"A",2145,"D",0,"D",.,"A",.,"A",.,"A",.,"A"
"20152","03005023",15,0,"1",1560,"D",260,"D",.,"A",1300,"D",150,"D",.,"A",.,"A",1300,"D",150,"D",.,"A",.,"A",.,"A",.,"A"
"20152","03005093",10,0,"1",1040,"D",65,"D",.,"A",0,"D",0,"D",.,"A",.,"A",975,"D",0,"D",.,"A",.,"A",.,"A",.,"A"
"20152","03005103",54,0,"1",1950,"D",466,"F",.,"A",1300,"D",15,"D",.,"A",.,"A",1513,"F",0,"D",.,"A",.,"A",.,"A",.,"A"
"20152","03005113",28,0,"1",1950,"D",0,"D",.,"A",1040,"D",0,"D",.,"A",.,"A",1950,"D",0,"D",.,"A",.,"A",.,"A",.,"A"
"20152","03005133",20,0,"1",234,"D",39,"D",.,"A",520,"D",2400,"D",.,"A",.,"A",195,"D",0,"D",.,"A",.,"A",.,"A",.,"A"
"20152","03005153",9,0,"1",390,"D",0,"D",.,"A",0,"D",0,"D",.,"A",.,"A",390,"D",0,"D",12,"D",156,"D",.,"A",.,"A"
"20152","03005263",30,0,"1",650,"D",65,"D",.,"A",650,"D",90,"D",.,"A",.,"A",585,"D",60,"D",.,"A",.,"A",.,"A",.,"A"
"20152","03005323",24,0,"1",1300,"D",195,"D",.,"A",650,"D",0,"D",.,"A",.,"A",1105,"D",0,"D",.,"A",.,"A",.,"A",.,"A"
"20152","03005393",29,0,"1",1040,"D",260,"D",.,"A",130,"D",0,"D",.,"A",.,"A",780,"D",0,"D",.,"A",.,"A",.,"A",.,"A"
"20152","03005423",19,0,"1",1625,"D",715,"D",.,"A",260,"D",0,"D",.,"A",.,"A",910,"D",90,"D",20,"D",260,"D",.,"A",.,"A"
"20152","03005443",15,0,"1",930,"F",.,"A",.,"A",471,"F",0,"D",.,"A",.,"A",755,"F",0,"D",.,"A",.,"A",.,"A",.,"A"
"20152","03005463",49,0,"1",2275,"D",455,"D",65,"D",520,"D",0,"D",.,"A",.,"A",1820,"D",0,"D",.,"A",.,"A",.,"A",.,"A"
"20152","03005563",24,0,"1",2080,"D",650,"D",.,"A",650,"D",0,"D",.,"A",.,"A",1430,"D",300,"D",.,"A",.,"A",.,"A",.,"A"
"20152","03005573",23,0,"1",910,"D",195,"D",.,"A",0,"D",0,"D",.,"A",.,"A",715,"D",0,"D",.,"A",.,"A",.,"A",.,"A"
"20152","03005593",15,0,"1",1950,"D",390,"D",325,"D",1690,"D",375,"D",.,"A",.,"A",1560,"D",600,"D",.,"A",.,"A",.,"A",.,"A"
"20152","03005613",34,0,"1",2600,"D",390,"D",130,"D",0,"D",0,"D",.,"A",.,"A",2210,"D",0,"D",.,"A",.,"A",.,"A",.,"A"
"20152","03005623",17,0,"1",975,"D",0,"D",260,"D",650,"D",0,"D",.,"A",.,"A",975,"D",0,"D",.,"A",.,"A",.,"A",.,"A"
"20152","03005633",20,0,"1",1300,"D",0,"D",.,"A",0,"D",0,"D",.,"A",.,"A",1300,"D",0,"D",.,"A",.,"A",.,"A",.,"A"
"20152","03005673",13,0,"1",650,"D",130,"D",.,"A",0,"D",0,"D",.,"A",.,"A",520,"D",0,"D",.,"A",.,"A",.,"A",.,"A"
"20152","03005713",46,0,"1",1040,"D",260,"D",.,"A",104,"D",6,"D",.,"A",.,"A",780,"D",60,"D",.,"A",.,"A",.,"A",.,"A"
"20152","03005763",62,0,"1",1638,"D",1638,"D",13,"D",130,"D",0,"D",.,"A",.,"A",0,"D",0,"D",.,"A",.,"A",.,"A",.,"A"
"20152","03005843",12,0,"1",3900,"D",0,"D",.,"A",501,"F",0,"D",.,"A",.,"A",3900,"D",0,"D",.,"A",.,"A",.,"A",.,"A"
"20152","03005853",27,0,"1",780,"D",195,"D",.,"A",260,"D",0,"D",.,"A",.,"A",585,"D",0,"D",.,"A",.,"A",.,"A",.,"A"
"20152","03005863",17,0,"1",1820,"D",260,"D",.,"A",1300,"D",0,"D",.,"A",.,"A",1560,"D",360,"D",.,"A",.,"A",.,"A",.,"A"
"20152","03005903",41,0,"1",3250,"D",975,"D",.,"A",2600,"D",0,"D",.,"A",.,"A",2275,"D",180,"D",.,"A",.,"A",.,"A",.,"A"
"20152","03005913",30,0,"1",1690,"D",975,"D",.,"A",1625,"D",300,"D",.,"A",.,"A",715,"D",300,"D",.,"A",.,"A",.,"A",.,"A"
"20152","03005943",42,0,"1",1560,"D",325,"D",.,"A",650,"D",0,"D",.,"A",.,"A",1235,"D",0,"D",.,"A",.,"A",.,"A",.,"A"
"20152","03005953",35,0,"1",1300,"D",390,"D",.,"A",650,"D",0,"D",.,"A",257,"F",910,"D",60,"D",.,"A",.,"A",.,"A",.,"A"
"20152","03005963",42,0,"1",1950,"D",390,"D",.,"A",585,"D",0,"D",.,"A",.,"A",1560,"D",0,"D",.,"A",.,"A",.,"A",.,"A"
"20152","03006003",41,0,"1",1300,"D",390,"D",.,"A",0,"D",0,"D",.,"A",.,"A",910,"D",0,"D",.,"A",.,"A",.,"A",.,"A"
"20152","03006035",16,0,"1",546,"D",65,"D",.,"A",0,"D",0,"D",.,"A",.,"A",481,"D",0,"D",10,"D",130,"D",.,"A",.,"A"
"20152","03006083",37,0,"1",1950,"D",130,"D",.,"A",1950,"D",0,"D",.,"A",.,"A",1820,"D",0,"D",.,"A",.,"A",.,"A",.,"A"
"20152","03006173",49,0,"1",5200,"D",2600,"D",.,"A",520,"D",0,"D",.,"A",.,"A",2600,"D",600,"D",.,"A",.,"A",.,"A",.,"A"
"20152","03006233",13,0,"1",1300,"D",260,"D",.,"A",325,"D",0,"D",.,"A",.,"A",1040,"D",0,"D",.,"A",.,"A",.,"A",.,"A"
"20152","03006263",54,0,"1",1950,"D",325,"D",.,"A",325,"D",0,"D",.,"A",.,"A",1625,"D",0,"D",.,"A",.,"A",.,"A",.,"A"
"20152","03006273",47,0,"1",2080,"D",260,"D",.,"A",260,"D",6,"D",.,"A",.,"A",1820,"D",6,"D",.,"A",.,"A",.,"A",.,"A"
"20152","03006285",18,0,"1",650,"D",130,"D",.,"A",650,"D",0,"D",.,"A",.,"A",520,"D",30,"D",25,"D",325,"D",.,"A",.,"A"
"20152","03006335",11,0,"1",2080,"D",0,"D",.,"A",0,"D",0,"D",.,"A",.,"A",2080,"D",0,"D",.,"A",.,"A",.,"A",.,"A"
"20152","03006363",14,0,"1",845,"D",0,"D",.,"A",0,"D",0,"D",.,"A",.,"A",845,"D",0,"D",.,"A",.,"A",.,"A",.,"A"
"20152","03006403",16,0,"1",1950,"D",780,"D",.,"A",0,"D",0,"D",.,"A",.,"A",1170,"D",0,"D",.,"A",.,"A",.,"A",.,"A"
"20152","03006433",8,0,"1",650,"D",65,"D",.,"A",260,"D",150,"D",.,"A",.,"A",585,"D",150,"D",40,"D",520,"D",.,"A",.,"A"
"20152","03006543",22,0,"1",1950,"D",195,"D",.,"A",975,"D",0,"D",.,"A",.,"A",1755,"D",60,"D",.,"A",.,"A",.,"A",.,"A"
"20152","03006583",34,0,"1",1300,"D",260,"D",.,"A",520,"D",150,"D",.,"A",.,"A",1040,"D",120,"D",.,"A",.,"A",.,"A",.,"A"
"20152","03006663",44,0,"1",2600,"D",260,"D",.,"A",780,"D",0,"D",.,"A",.,"A",2340,"D",300,"D",.,"A",.,"A",.,"A",.,"A"
"20152","03006763",44,0,"1",1755,"D",390,"D",.,"A",1040,"D",0,"D",.,"A",.,"A",1365,"D",0,"D",.,"A",.,"A",.,"A",.,"A"
"20152","03006793",40,0,"1",3250,"D",390,"D",.,"A",455,"D",0,"D",.,"A",.,"A",2860,"D",15,"D",.,"A",.,"A",.,"A",.,"A"
"20152","03006803",38,0,"1",520,"D",195,"D",.,"A",195,"D",0,"D",.,"A",.,"A",325,"D",0,"D",.,"A",.,"A",.,"A",.,"A"
"20152","03006813",54,0,"1",1950,"D",260,"D",.,"A",455,"D",0,"D",.,"A",.,"A",1690,"D",0,"D",.,"A",.,"A",.,"A",.,"A"
"20152","03006833",29,0,"1",2600,"D",0,"D",.,"A",1300,"D",0,"D",.,"A",.,"A",2600,"D",0,"D",.,"A",.,"A",.,"A",.,"A"
"20152","03006843",42,0,"1",5200,"D",1950,"D",.,"A",260,"D",0,"D",.,"A",.,"A",3250,"D",150,"D",.,"A",.,"A",.,"A",.,"A"
"20152","03006853",15,0,"1",1300,"D",130,"D",.,"A",260,"D",0,"D",.,"A",.,"A",1170,"D",0,"D",.,"A",.,"A",.,"A",.,"A"
"20152","03006873",27,0,"1",2600,"D",650,"D",.,"A",650,"D",0,"D",.,"A",.,"A",1950,"D",0,"D",.,"A",.,"A",.,"A",.,"A"
"20152","03006963",18,0,"1",520,"D",65,"D",.,"A",0,"D",0,"D",.,"A",.,"A",455,"D",0,"D",.,"C",425,"F",130,"D",10,"D"
"20152","03006973",22,0,"1",910,"D",130,"D",.,"A",0,"D",0,"D",.,"A",.,"A",780,"D",0,"D",.,"A",.,"A",.,"A",.,"A"
"20152","03006993",47,0,"1",1729,"D",429,"D",.,"A",260,"D",60,"D",.,"A",.,"A",1300,"D",60,"D",.,"A",.,"A",.,"A",.,"A"
"20152","03007003",67,0,"1",1625,"D",390,"D",.,"A",2925,"D",150,"D",.,"A",.,"A",1235,"D",0,"D",.,"A",.,"A",.,"A",.,"A"
"20152","03007043",19,0,"1",455,"D",0,"D",390,"D",195,"D",0,"D",.,"A",.,"A",455,"D",0,"D",.,"A",.,"A",.,"A",.,"A"
"20152","03007063",27,0,"1",1040,"D",319,"F",.,"A",325,"D",0,"D",.,"A",.,"A",1152,"F",0,"D",.,"A",.,"A",.,"A",.,"A"
"20152","03007073",62,0,"1",3250,"D",650,"D",.,"A",845,"D",36,"D",.,"A",.,"A",2600,"D",180,"D",10,"D",130,"D",.,"A",.,"A"
"20152","03007193",52,0,"1",650,"D",130,"D",.,"A",650,"D",0,"D",.,"A",.,"A",520,"D",450,"D",.,"A",.,"A",.,"A",.,"A"
"20152","03007273",52,0,"1",2600,"D",520,"D",.,"A",1625,"D",450,"D",.,"A",100,"D",2080,"D",150,"D",.,"A",.,"A",.,"A",.,"A"
"20152","03007293",59,0,"1",715,"D",195,"D",260,"D",390,"D",0,"D",.,"A",.,"A",520,"D",0,"D",.,"A",.,"A",.,"A",.,"A"
"20152","03007313",67,0,"1",2600,"D",390,"D",520,"D",2600,"D",60,"D",.,"A",624,"D",2210,"D",120,"D",.,"A",.,"A",.,"A",.,"A"
"20152","03007325",26,0,"1",650,"D",0,"D",.,"A",780,"D",0,"D",.,"A",.,"A",650,"D",0,"D",40,"D",520,"D",260,"D",20,"D"
"20152","03007333",20,0,"1",1625,"D",336,"F",.,"A",800,"F",175,"F",.,"A",.,"A",1244,"F",168,"F",.,"A",.,"A",.,"A",.,"A"
"20152","03007393",23,0,"1",1755,"D",455,"D",.,"A",650,"D",90,"D",.,"A",.,"A",1300,"D",90,"D",30,"D",390,"D",.,"A",.,"A"
"20152","03007403",35,0,"1",1300,"D",260,"D",.,"A",130,"D",0,"D",.,"A",.,"A",1040,"D",0,"D",.,"A",.,"A",.,"A",.,"A"
"20152","03007443",38,0,"1",1040,"D",260,"D",520,"D",1040,"D",60,"D",.,"A",63,"D",780,"D",0,"D",.,"A",.,"A",.,"A",.,"A"
"20152","03007473",28,0,"1",117,"D",0,"D",.,"A",0,"D",0,"D",.,"A",.,"A",117,"D",0,"D",.,"A",.,"A",.,"A",.,"A"
"20152","03007513",30,0,"1",1950,"D",325,"D",.,"A",325,"D",0,"D",.,"A",.,"A",1625,"D",60,"D",.,"A",.,"A",.,"A",.,"A"
"20152","03007533",27,0,"1",1560,"D",260,"D",.,"A",130,"D",0,"D",.,"A",91,"D",1300,"D",0,"D",.,"A",.,"A",.,"A",.,"A"
"20152","03007593",68,0,"1",2600,"D",650,"D",260,"D",260,"D",60,"D",60,"D",.,"A",1950,"D",75,"D",.,"A",.,"A",.,"A",.,"A"
"20152","03007613",52,0,"1",975,"D",130,"D",.,"A",845,"D",0,"D",.,"A",.,"A",845,"D",0,"D",.,"A",.,"A",.,"A",.,"A"
"20152","03007683",10,0,"1",910,"D",65,"D",.,"A",0,"D",0,"D",.,"A",.,"A",845,"D",0,"D",25,"D",325,"D",.,"A",.,"A"
"20152","03007693",13,0,"1",2600,"D",0,"D",.,"A",650,"D",0,"D",.,"A",.,"A",2600,"D",90,"D",.,"A",.,"A",.,"A",.,"A"
"20152","03007703",68,0,"1",845,"D",0,"D",520,"D",156,"D",0,"D",.,"A",.,"A",845,"D",0,"D",.,"A",.,"A",.,"A",.,"A"
"20152","03007713",71,0,"1",650,"D",130,"D",.,"A",195,"D",0,"D",.,"A",.,"A",520,"D",0,"D",.,"A",.,"A",.,"A",.,"A"
"20152","03007723",28,0,"1",975,"D",195,"D",.,"A",65,"D",0,"D",.,"A",.,"A",780,"D",0,"D",.,"A",.,"A",.,"A",.,"A"
"20152","03007743",50,0,"1",1170,"D",260,"D",.,"A",1300,"D",0,"D",.,"A",150,"D",910,"D",0,"D",.,"A",.,"A",.,"A",.,"A"
"20152","03007753",37,0,"1",585,"D",91,"D",.,"A",325,"D",0,"D",.,"A",.,"A",494,"D",15,"D",.,"A",.,"A",.,"A",.,"A"
"20152","03007843",44,0,"1",2600,"D",325,"D",.,"A",1300,"D",75,"D",.,"A",.,"A",2275,"D",300,"D",8,"D",104,"D",.,"A",.,"A"
"20152","03007873",13,0,"1",390,"D",65,"D",.,"A",260,"D",0,"D",.,"A",.,"A",325,"D",0,"D",.,"A",.,"A",.,"A",.,"A"
"20152","03007973",61,0,"1",6500,"D",0,"D",.,"A",1300,"D",150,"D",195,"D",.,"A",6500,"D",450,"D",.,"A",.,"A",.,"A",.,"A"
"20152","03008033",5,0,"1",930,"F",.,"A",.,"A",471,"F",158,"F",.,"A",.,"A",755,"F",104,"F",.,"A",.,"A",.,"A",.,"A"
"20152","03008043",18,0,"1",1560,"D",130,"D",.,"A",0,"D",0,"D",.,"A",.,"A",1430,"D",0,"D",.,"A",.,"A",.,"A",.,"A"
"20152","03008103",31,0,"1",975,"D",325,"D",.,"A",195,"D",0,"D",.,"A",.,"A",650,"D",300,"D",.,"A",.,"A",.,"A",.,"A"
"20152","03008183",53,0,"1",2600,"D",650,"D",.,"A",325,"D",0,"D",.,"A",.,"A",1950,"D",270,"D",.,"A",.,"A",.,"A",.,"A"
"20152","03008253",46,0,"1",3380,"D",195,"D",325,"D",0,"D",0,"D",.,"A",.,"A",3185,"D",120,"D",.,"A",.,"A",.,"A",.,"A"
"20152","03008303",47,0,"1",1625,"D",260,"D",.,"A",1300,"D",0,"D",.,"A",.,"A",1365,"D",0,"D",40,"D",520,"D",.,"A",.,"A"
"20152","03008333",63,0,"1",325,"D",0,"D",650,"D",1040,"D",0,"D",.,"A",.,"A",325,"D",0,"D",.,"A",.,"A",.,"A",.,"A"
"20152","03008373",75,0,"1",3250,"D",0,"D",819,"D",2600,"D",75,"D",.,"A",325,"D",3250,"D",45,"D",.,"A",.,"A",.,"A",.,"A"
"20152","03008393",148,0,"1",3250,"D",650,"D",.,"A",325,"D",150,"D",.,"A",.,"A",2600,"D",300,"D",.,"A",.,"A",65,"D",5,"D"
"20152","03008403",18,0,"1",2210,"D",520,"D",.,"A",390,"D",0,"D",.,"A",.,"A",1690,"D",120,"D",.,"A",.,"A",.,"A",.,"A"
"20152","03008443",50,0,"1",1950,"D",650,"D",.,"A",650,"D",0,"D",.,"A",.,"A",1300,"D",45,"D",.,"A",.,"A",.,"A",.,"A"
"20152","03008493",12,0,"1",650,"D",65,"D",.,"A",0,"D",0,"D",.,"A",.,"A",585,"D",0,"D",.,"A",.,"A",.,"A",.,"A"
"20152","03008503",63,0,"1",1950,"D",975,"D",.,"A",130,"D",6,"D",.,"A",.,"A",975,"D",30,"D",50,"D",650,"D",.,"A",.,"A"
"20152","03008513",49,0,"1",1300,"D",325,"D",.,"A",1300,"D",0,"D",.,"A",.,"A",975,"D",300,"D",.,"A",.,"A",.,"A",.,"A"
"20152","03008533",24,0,"1",650,"D",130,"D",.,"A",390,"D",0,"D",.,"A",.,"A",520,"D",0,"D",.,"A",.,"A",.,"A",.,"A"
"20152","03008543",39,0,"1",2600,"D",975,"D",.,"A",1625,"D",0,"D",.,"A",.,"A",1625,"D",81,"D",.,"A",.,"A",.,"A",.,"A"
"20152","03008563",45,0,"1",1300,"D",91,"D",.,"A",130,"D",0,"D",.,"A",.,"A",1209,"D",0,"D",.,"A",.,"A",.,"A",.,"A"
"20152","03008573",30,0,"1",715,"D",0,"D",.,"A",0,"D",192,"D",.,"A",.,"A",715,"D",60,"D",33,"D",429,"D",.,"A",.,"A"
"20152","03008633",46,0,"1",1300,"D",260,"D",.,"A",260,"D",0,"D",.,"A",.,"A",1040,"D",0,"D",.,"A",.,"A",.,"A",.,"A"
"20152","03008653",39,0,"1",2860,"D",975,"D",.,"A",0,"D",0,"D",.,"A",.,"A",1885,"D",135,"D",.,"A",.,"A",.,"A",.,"A"
"20152","03008733",36,0,"1",1976,"D",0,"D",442,"D",130,"D",6,"D",.,"A",.,"A",1976,"D",6,"D",.,"A",.,"A",.,"A",.,"A"
"20152","03008743",13,0,"1",2600,"D",325,"D",.,"A",0,"D",0,"D",.,"A",.,"A",2275,"D",0,"D",.,"A",.,"A",.,"A",.,"A"
"20152","03008763",32,0,"1",195,"D",65,"D",.,"A",130,"D",30,"D",.,"A",.,"A",130,"D",60,"D",.,"A",.,"A",.,"A",.,"A"
"20152","03008853",23,0,"1",975,"D",260,"D",.,"A",195,"D",0,"D",.,"A",.,"A",715,"D",0,"D",.,"A",.,"A",.,"A",.,"A"
"20152","03008903",44,0,"1",2600,"D",260,"D",.,"A",1300,"D",0,"D",.,"A",.,"A",2340,"D",189,"F",.,"A",.,"A",.,"A",.,"A"
"20152","03008913",22,0,"1",1300,"D",0,"D",.,"A",1300,"D",21,"D",.,"A",.,"A",1300,"D",15,"D",.,"A",.,"A",.,"A",.,"A"
"20152","03008923",18,0,"1",1300,"D",325,"D",.,"A",650,"D",0,"D",.,"A",.,"A",975,"D",0,"D",.,"A",.,"A",.,"A",.,"A"
"20152","03008933",42,0,"1",1300,"D",0,"D",.,"A",195,"D",0,"D",.,"A",.,"A",1300,"D",0,"D",.,"A",.,"A",.,"A",.,"A"
"20152","03008943",28,0,"1",1560,"D",390,"D",.,"A",390,"D",0,"D",.,"A",.,"A",1170,"D",0,"D",.,"A",.,"A",.,"A",.,"A"
"20152","03008953",48,0,"1",975,"D",130,"D",.,"A",975,"D",300,"D",.,"A",.,"A",845,"D",0,"D",.,"A",.,"A",.,"A",.,"A"
"20152","03009023",34,0,"1",1040,"D",130,"D",.,"A",260,"D",0,"D",.,"A",.,"A",910,"D",0,"D",.,"A",.,"A",.,"A",.,"A"
"20152","03009083",14,0,"1",1287,"D",156,"D",.,"A",130,"D",0,"D",.,"A",.,"A",1131,"D",0,"D",.,"A",.,"A",.,"A",.,"A"
"20152","03009133",35,0,"1",325,"D",104,"D",.,"A",390,"D",6,"D",.,"A",.,"A",221,"D",6,"D",.,"A",.,"A",.,"A",.,"A"
"20152","03009163",15,0,"1",2600,"D",260,"D",.,"A",260,"D",0,"D",.,"A",.,"A",2340,"D",0,"D",.,"A",.,"A",.,"A",.,"A"
"20152","03009173",49,0,"1",3250,"D",1300,"D",.,"A",0,"D",900,"D",.,"A",.,"A",1950,"D",600,"D",.,"A",.,"A",.,"A",.,"A"
"20152","03009253",50,0,"1",1300,"D",260,"D",.,"A",260,"D",45,"D",.,"A",.,"A",1040,"D",75,"D",.,"A",.,"A",.,"A",.,"A"
"20152","03009313",28,0,"1",650,"D",195,"D",.,"A",520,"D",0,"D",.,"A",.,"A",455,"D",0,"D",.,"A",.,"A",.,"A",.,"A"
"20152","03009473",38,0,"1",910,"D",260,"D",.,"A",325,"D",0,"D",246,"F",.,"A",650,"D",90,"D",.,"A",.,"A",.,"A",.,"A"
"20152","03009533",26,0,"1",1820,"D",336,"F",.,"A",800,"F",0,"D",.,"A",.,"A",1244,"F",0,"D",.,"A",.,"A",.,"A",.,"A"
"20152","03009593",64,0,"1",650,"D",0,"D",.,"A",455,"D",90,"D",.,"A",.,"A",650,"D",75,"D",.,"A",.,"A",.,"A",.,"A"
"20152","03009683",18,0,"1",520,"D",130,"D",.,"A",780,"D",300,"D",.,"A",.,"A",390,"D",120,"D",.,"A",.,"A",.,"A",.,"A"
"20152","03009733",24,0,"1",2600,"D",650,"D",.,"A",390,"D",0,"D",.,"A",.,"A",1950,"D",0,"D",.,"A",.,"A",.,"A",.,"A"
"20152","03009763",33,0,"1",780,"D",130,"D",390,"D",0,"D",0,"D",.,"A",.,"A",650,"D",30,"D",.,"A",.,"A",.,"A",.,"A"
"20152","03009773",29,0,"1",2600,"D",390,"D",.,"A",0,"D",0,"D",.,"A",.,"A",2210,"D",0,"D",.,"A",.,"A",.,"A",.,"A"
"20152","03009783",65,0,"1",1560,"D",156,"D",130,"D",195,"D",0,"D",.,"A",.,"A",1404,"D",0,"D",15,"D",195,"D",.,"A",.,"A"
"20152","03009843",30,0,"1",975,"D",390,"D",325,"D",975,"D",90,"D",.,"A",.,"A",585,"D",0,"D",7,"D",91,"D",.,"A",.,"A"
"20152","03009853",14,0,"1",1300,"D",0,"D",.,"A",910,"D",0,"D",.,"A",.,"A",1300,"D",0,"D",.,"A",.,"A",.,"A",.,"A"
"20152","03009863",34,0,"1",325,"D",65,"D",.,"A",1040,"D",0,"D",.,"A",.,"A",260,"D",300,"D",70,"D",910,"D",.,"A",.,"A"
"20152","03009883",35,0,"1",975,"D",130,"D",.,"A",325,"D",0,"D",.,"A",.,"A",845,"D",0,"D",.,"A",.,"A",.,"A",.,"A"
"20152","03009933",17,0,"1",3900,"D",324,"F",.,"A",0,"D",0,"D",260,"D",.,"A",1346,"F",0,"D",.,"A",.,"A",.,"A",.,"A"
"20152","03009963",26,0,"1",3250,"D",650,"D",.,"A",390,"D",0,"D",.,"A",.,"A",2600,"D",0,"D",.,"A",.,"A",.,"A",.,"A"
"20152","03009983",21,0,"1",1300,"D",0,"D",.,"A",1300,"D",0,"D",.,"A",.,"A",1300,"D",0,"D",.,"A",.,"A",.,"A",.,"A"
"20152","03010053",27,0,"1",1300,"D",260,"D",.,"A",130,"D",0,"D",.,"A",.,"A",1040,"D",0,"D",.,"A",.,"A",.,"A",.,"A"
"20152","03010083",29,0,"1",1950,"D",260,"D",.,"A",520,"D",0,"D",.,"A",.,"A",1690,"D",0,"D",25,"D",325,"D",.,"A",.,"A"
"20152","03010103",35,0,"1",1300,"D",130,"D",.,"A",260,"D",0,"D",.,"A",.,"A",1170,"D",30,"D",.,"A",.,"A",.,"A",.,"A"
"20152","03010123",48,0,"1",2730,"D",585,"D",130,"D",390,"D",0,"D",.,"A",.,"A",2145,"D",0,"D",30,"D",390,"D",.,"A",.,"A"
"20152","03010133",25,0,"1",260,"D",130,"D",.,"A",65,"D",0,"D",.,"A",.,"A",130,"D",0,"D",.,"A",.,"A",.,"A",.,"A"
"20152","03010143",41,0,"1",2600,"D",260,"D",.,"A",1950,"D",0,"D",.,"A",.,"A",2340,"D",0,"D",.,"A",.,"A",.,"A",.,"A"
"20152","03010233",47,0,"1",1950,"D",390,"D",.,"A",1625,"D",0,"D",.,"A",.,"A",1560,"D",0,"D",.,"A",.,"A",.,"A",.,"A"
"20152","03010243",19,0,"1",1040,"D",260,"D",.,"A",1300,"D",90,"D",.,"A",.,"A",780,"D",90,"D",.,"A",.,"A",.,"A",.,"A"
"20152","03010273",25,0,"1",1300,"D",195,"D",.,"A",650,"D",60,"D",.,"A",.,"A",1105,"D",75,"D",.,"A",.,"A",.,"A",.,"A"
"20152","03010313",74,0,"1",1300,"D",650,"D",429,"F",6500,"D",0,"D",.,"A",.,"A",650,"D",0,"D",.,"A",.,"A",.,"A",.,"A"
"20152","03010333",22,0,"1",2600,"D",650,"D",.,"A",1300,"D",6,"D",.,"A",.,"A",1950,"D",0,"D",.,"A",.,"A",.,"A",.,"A"
"20152","03010424",14,0,"1",1118,"D",65,"D",.,"A",390,"D",0,"D",.,"A",.,"A",1053,"D",0,"D",.,"A",.,"A",.,"A",.,"A"
"20152","03010484",57,0,"1",1950,"D",650,"D",.,"A",650,"D",45,"D",.,"A",.,"A",1300,"D",0,"D",.,"A",.,"A",.,"A",.,"A"
"20152","03010543",9,0,"1",780,"D",65,"D",.,"A",650,"D",0,"D",.,"A",.,"A",715,"D",0,"D",.,"A",.,"A",.,"A",.,"A"
"20152","03010553",60,0,"1",3250,"D",650,"D",.,"A",1300,"D",180,"D",.,"A",360,"D",2600,"D",150,"D",.,"A",.,"A",13,"D",1,"D"
"20152","03010573",42,0,"1",1300,"D",130,"D",260,"D",130,"D",0,"D",.,"A",375,"D",1170,"D",240,"D",.,"A",.,"A",.,"A",.,"A"
"20152","03010633",50,0,"1",1300,"D",0,"D",.,"A",260,"D",0,"D",.,"A",.,"A",1300,"D",150,"D",.,"A",.,"A",.,"A",.,"A"
"20152","03010663",33,0,"1",520,"D",78,"D",.,"A",0,"D",0,"D",.,"A",.,"A",442,"D",0,"D",.,"A",.,"A",.,"A",.,"A"
"20152","03010693",23,0,"1",390,"D",52,"D",.,"A",78,"D",0,"D",.,"A",.,"A",338,"D",0,"D",.,"A",.,"A",.,"A",.,"A"
"20152","03010703",11,0,"1",1300,"D",260,"D",.,"A",260,"D",0,"D",.,"A",.,"A",1040,"D",0,"D",.,"A",.,"A",.,"A",.,"A"
"20152","03010743",96,0,"1",1690,"D",260,"D",.,"A",910,"D",300,"D",.,"A",150,"D",1430,"D",300,"D",25,"D",325,"D",52,"D",4,"D"
"20152","03010793",16,0,"1",1300,"D",130,"D",.,"A",0,"D",0,"D",.,"A",.,"A",1170,"D",0,"D",.,"A",.,"A",.,"A",.,"A"
"20152","03010853",24,0,"1",975,"D",0,"D",.,"A",65,"D",0,"D",.,"A",.,"A",975,"D",0,"D",.,"A",.,"A",.,"A",.,"A"
"20152","03010863",36,0,"1",5200,"D",0,"D",.,"A",975,"D",0,"D",.,"A",.,"A",5200,"D",48,"D",.,"A",.,"A",.,"A",.,"A"
"20152","03010883",35,0,"1",1950,"D",260,"D",.,"A",1300,"D",0,"D",.,"A",.,"A",1690,"D",60,"D",.,"A",.,"A",.,"A",.,"A"
"20152","03010903",38,0,"1",1625,"D",195,"D",.,"A",0,"D",0,"D",.,"A",.,"A",1430,"D",0,"D",.,"A",.,"A",.,"A",.,"A"
"20152","03010923",50,0,"1",3250,"D",325,"D",.,"A",130,"D",0,"D",.,"A",.,"A",2925,"D",0,"D",.,"A",.,"A",.,"A",.,"A"
"20152","03010973",29,0,"1",2015,"D",195,"D",.,"A",520,"D",0,"D",.,"A",249,"D",1820,"D",0,"D",.,"A",.,"A",.,"A",.,"A"
"20152","03011013",42,0,"1",1950,"D",390,"D",195,"D",156,"D",75,"D",.,"A",.,"A",1560,"D",75,"D",.,"A",.,"A",.,"A",.,"A"
"20152","03011023",72,0,"1",780,"D",0,"D",.,"A",2340,"D",66,"D",.,"A",.,"A",780,"D",120,"D",.,"A",.,"A",.,"A",.,"A"
"20152","03011053",42,0,"1",3250,"D",650,"D",.,"A",325,"D",0,"D",.,"A",.,"A",2600,"D",300,"D",.,"A",.,"A",.,"A",.,"A"
"20152","03011063",30,0,"1",130,"D",26,"D",.,"A",780,"D",0,"D",.,"A",.,"A",104,"D",0,"D",.,"A",.,"A",.,"A",.,"A"
"20152","03011125",52,0,"1",520,"D",0,"D",260,"D",325,"D",60,"D",.,"A",.,"A",520,"D",180,"D",8,"D",104,"D",260,"D",20,"D"
"20152","03011163",41,0,"1",2925,"D",650,"D",.,"A",1625,"D",240,"D",.,"A",.,"A",2275,"D",0,"D",.,"A",.,"A",.,"A",.,"A"
"20152","03011183",23,0,"1",1430,"D",325,"D",.,"A",0,"D",0,"D",.,"A",.,"A",1105,"D",0,"D",.,"A",.,"A",.,"A",.,"A"
"20152","03011193",9,0,"1",1040,"D",130,"D",.,"A",0,"D",0,"D",.,"A",.,"A",910,"D",0,"D",.,"A",.,"A",.,"A",.,"A"
"20152","03011213",41,0,"1",1300,"D",130,"D",.,"A",1625,"D",0,"D",.,"A",.,"A",1170,"D",0,"D",.,"A",.,"A",.,"A",.,"A"
"20152","03011223",27,0,"1",1300,"D",130,"D",455,"D",390,"D",0,"D",.,"A",.,"A",1170,"D",0,"D",.,"A",.,"A",.,"A",.,"A"
"20152","03011253",37,0,"1",1300,"D",130,"D",650,"D",390,"D",600,"D",.,"A",.,"A",1170,"D",60,"D",.,"A",.,"A",.,"A",.,"A"
"20152","03033525",29,0,"1",1170,"D",130,"D",65,"D",390,"D",60,"D",.,"A",.,"A",1040,"D",60,"D",.,"A",.,"A",.,"A",.,"A"
"20152","03033563",15,0,"1",1430,"D",260,"D",.,"A",585,"D",0,"D",.,"A",.,"A",1170,"D",0,"D",.,"A",.,"A",.,"A",.,"A"
"20152","03033585",58,0,"1",1950,"D",0,"D",.,"A",390,"D",0,"D",.,"A",.,"A",1950,"D",0,"D",.,"A",.,"A",.,"A",.,"A"
"20152","03033695",22,0,"1",2275,"D",390,"D",1950,"D",1040,"D",0,"D",.,"A",.,"A",1885,"D",0,"D",.,"A",.,"A",.,"A",.,"A"
"20152","03033735",24,0,"1",1950,"D",260,"D",650,"D",650,"D",0,"D",.,"A",.,"A",1690,"D",0,"D",.,"A",.,"A",.,"A",.,"A"
"20152","03033783",17,0,"1",520,"D",0,"D",.,"A",130,"D",0,"D",.,"A",.,"A",520,"D",0,"D",.,"A",.,"A",.,"A",.,"A"
"20152","03033803",14,0,"1",0,"D",.,"A",.,"A",0,"D",0,"D",.,"A",.,"A",0,"D",0,"D",.,"A",.,"A",.,"A",.,"A"
"20152","03033814",13,0,"1",4550,"D",650,"D",.,"A",1040,"D",0,"D",.,"A",.,"A",3900,"D",0,"D",.,"A",.,"A",.,"A",.,"A"
"20152","03033823",25,0,"1",1772,"F",.,"A",.,"A",760,"F",113,"F",.,"A",.,"A",1467,"F",107,"F",.,"A",.,"A",.,"A",.,"A"
"20152","03033845",29,0,"1",845,"D",65,"D",.,"A",377,"D",0,"D",.,"A",.,"A",780,"D",0,"D",.,"A",.,"A",.,"A",.,"A"
"20152","03033934",16,0,"1",3250,"D",650,"D",390,"D",130,"D",0,"D",.,"A",.,"A",2600,"D",15,"D",.,"A",.,"A",.,"A",.,"A"
"20152","03033944",32,0,"1",1950,"D",195,"D",390,"D",1040,"D",60,"D",.,"A",.,"A",1755,"D",60,"D",.,"A",.,"A",.,"A",.,"A"
"20152","03033955",41,0,"1",1560,"D",260,"D",390,"D",0,"D",0,"D",.,"A",201,"D",1300,"D",0,"D",.,"A",.,"A",.,"A",.,"A"
"20152","03033975",14,0,"1",845,"D",130,"D",325,"D",455,"D",0,"D",.,"A",.,"A",715,"D",45,"D",.,"A",.,"A",.,"A",.,"A"
"20152","03034035",26,0,"1",1300,"D",130,"D",.,"A",325,"D",0,"D",.,"A",.,"A",1170,"D",0,"D",.,"A",.,"A",.,"A",.,"A"
"20152","03034085",23,0,"1",2600,"D",390,"D",.,"A",390,"D",0,"D",.,"A",360,"D",2210,"D",0,"D",.,"A",.,"A",.,"A",.,"A"
"20152","03034124",23,0,"1",1300,"D",130,"D",.,"A",650,"D",0,"D",.,"A",.,"A",1170,"D",0,"D",.,"A",.,"A",.,"A",.,"A"
"20152","03045344",22,0,"1",2275,"D",325,"D",.,"A",325,"D",0,"D",.,"A",.,"A",1950,"D",0,"D",15,"D",195,"D",.,"A",.,"A"
"20152","03045355",25,0,"1",2600,"D",650,"D",.,"A",650,"D",750,"D",.,"A",.,"A",1950,"D",180,"D",60,"D",780,"D",.,"A",.,"A"
"20152","03045385",27,0,"1",1300,"D",195,"D",.,"A",975,"D",0,"D",.,"A",.,"A",1105,"D",0,"D",.,"A",.,"A",.,"A",.,"A"
"20152","03045403",32,0,"1",1300,"D",260,"D",.,"A",1040,"D",240,"D",.,"A",.,"A",1040,"D",240,"D",.,"A",.,"A",.,"A",.,"A"
"20152","03045413",32,0,"1",1040,"D",260,"D",.,"A",0,"D",0,"D",.,"A",.,"A",780,"D",0,"D",.,"A",.,"A",.,"A",.,"A"
"20152","03045424",27,0,"1",1300,"D",195,"D",.,"A",520,"D",0,"D",.,"A",.,"A",1105,"D",300,"D",.,"A",.,"A",.,"A",.,"A"
"20152","03045485",46,0,"1",1560,"D",260,"D",.,"A",780,"D",120,"D",.,"A",.,"A",1300,"D",360,"D",.,"A",.,"A",.,"A",.,"A"
"20152","03045514",18,0,"1",1300,"D",260,"D",.,"A",0,"D",0,"D",.,"A",.,"A",1040,"D",0,"D",.,"A",.,"A",.,"A",.,"A"
"20152","03045564",27,0,"1",1560,"D",455,"D",260,"D",650,"D",0,"D",.,"A",.,"A",1105,"D",0,"D",.,"A",.,"A",.,"A",.,"A"
"20152","03045575",27,0,"1",2080,"D",780,"D",.,"A",0,"D",0,"D",.,"A",.,"A",1300,"D",6,"D",42,"D",546,"D",.,"A",.,"A"
"20152","03045614",49,0,"1",2600,"D",650,"D",390,"D",455,"D",150,"D",.,"A",.,"A",1950,"D",300,"D",.,"A",.,"A",91,"D",7,"D"
"20152","03045645",26,0,"1",3250,"D",1300,"D",650,"D",1300,"D",0,"D",.,"A",.,"A",1950,"D",0,"D",.,"A",.,"A",.,"A",.,"A"
"20152","03045655",6,0,"1",0,"D",.,"A",.,"A",0,"D",0,"D",.,"A",.,"A",0,"D",0,"D",.,"A",.,"A",.,"A",.,"A"
"20152","03045665",42,0,"1",1300,"D",650,"D",.,"A",780,"D",0,"D",.,"A",.,"A",650,"D",0,"D",30,"D",390,"D",.,"A",.,"A"
"20152","03045684",21,0,"1",390,"D",65,"D",.,"A",195,"D",0,"D",.,"A",.,"A",325,"D",0,"D",.,"A",.,"A",.,"A",.,"A"
"20152","03045725",19,0,"1",390,"D",65,"D",.,"A",195,"D",0,"D",.,"A",.,"A",325,"D",0,"D",.,"A",.,"A",.,"A",.,"A"
"20152","03045745",20,0,"1",520,"D",195,"D",.,"A",130,"D",0,"D",.,"A",.,"A",325,"D",0,"D",.,"A",.,"A",.,"A",.,"A"
"20152","03045764",32,0,"1",325,"D",65,"D",.,"A",1560,"D",316,"F",.,"A",.,"A",260,"D",90,"D",.,"A",.,"A",.,"A",.,"A"
"20152","03045783",59,0,"1",1950,"D",325,"D",.,"A",650,"D",150,"D",.,"A",.,"A",1625,"D",150,"D",.,"A",.,"A",.,"A",.,"A"
"20152","03045865",46,0,"1",2340,"D",780,"D",.,"A",2340,"D",240,"D",.,"A",.,"A",1560,"D",0,"D",.,"A",.,"A",.,"A",.,"A"
"20152","03045884",23,0,"1",715,"D",52,"D",.,"A",78,"D",0,"D",.,"A",.,"A",663,"D",0,"D",.,"A",.,"A",.,"A",.,"A"
"20152","03045933",16,0,"1",2080,"D",390,"D",.,"A",0,"D",0,"D",.,"A",.,"A",1690,"D",0,"D",7,"D",91,"D",.,"A",.,"A"
"20152","03045974",31,0,"1",1950,"D",260,"D",65,"D",0,"D",0,"D",.,"A",.,"A",1690,"D",0,"D",.,"A",.,"A",.,"A",.,"A"
"20152","03045995",20,0,"1",5200,"D",0,"D",.,"A",0,"D",0,"D",.,"A",.,"A",5200,"D",0,"D",.,"A",.,"A",.,"A",.,"A"
"20152","03046013",18,0,"1",650,"D",78,"D",.,"A",0,"D",0,"D",312,"D",.,"A",572,"D",0,"D",.,"A",.,"A",.,"A",.,"A"
"20152","03046044",34,0,"1",975,"D",130,"D",.,"A",260,"D",150,"D",.,"A",.,"A",845,"D",3,"D",15,"D",195,"D",.,"A",.,"A"
"20152","03046053",17,0,"1",1300,"D",260,"D",273,"F",325,"D",0,"D",.,"A",.,"A",1040,"D",0,"D",40,"D",520,"D",.,"A",.,"A"
"20152","03046064",20,0,"1",2340,"D",260,"D",.,"A",130,"D",0,"D",.,"A",.,"A",2080,"D",0,"D",.,"A",.,"A",.,"A",.,"A"
"20152","03046205",43,0,"1",2600,"D",1300,"D",.,"A",650,"D",0,"D",.,"A",.,"A",1300,"D",0,"D",.,"A",.,"A",.,"A",.,"A"
"20152","03046233",16,0,"1",780,"D",195,"D",.,"A",0,"D",0,"D",.,"A",.,"A",585,"D",0,"D",.,"A",.,"A",.,"A",.,"A"
"20152","03046275",32,0,"1",650,"D",0,"D",.,"A",0,"D",0,"D",.,"A",.,"A",650,"D",120,"D",25,"D",325,"D",.,"A",.,"A"
"20152","03046315",34,0,"1",1300,"D",130,"D",.,"A",0,"D",0,"D",.,"A",.,"A",1170,"D",0,"D",.,"A",.,"A",.,"A",.,"A"
"20152","03046325",24,0,"1",1300,"D",260,"D",.,"A",195,"D",0,"D",.,"A",.,"A",1040,"D",0,"D",.,"A",.,"A",.,"A",.,"A"
"20152","03046375",15,0,"1",1495,"D",520,"D",.,"A",1495,"D",15,"D",.,"A",.,"A",975,"D",15,"D",2,"D",26,"D",.,"A",.,"A"
"20152","03046394",17,0,"1",780,"D",228,"F",.,"A",130,"D",0,"D",.,"A",.,"A",755,"F",0,"D",.,"A",.,"A",.,"A",.,"A"
"20152","03046425",27,0,"1",1040,"D",260,"D",260,"D",195,"D",30,"D",.,"A",.,"A",780,"D",30,"D",.,"A",.,"A",.,"A",.,"A"
"20152","03046435",35,0,"1",910,"D",325,"D",.,"A",195,"D",0,"D",.,"A",.,"A",585,"D",0,"D",.,"A",.,"A",.,"A",.,"A"
"20152","03046564",29,0,"1",1300,"D",130,"D",520,"D",3250,"D",0,"D",.,"A",.,"A",1170,"D",150,"D",.,"A",.,"A",.,"A",.,"A"
"20152","03046584",25,0,"1",975,"D",260,"D",.,"A",1300,"D",0,"D",.,"A",.,"A",715,"D",150,"D",.,"A",.,"A",.,"A",.,"A"
"20152","03046645",23,0,"1",1950,"D",650,"D",.,"A",390,"D",0,"D",.,"A",.,"A",1300,"D",0,"D",.,"A",.,"A",.,"A",.,"A"
"20152","03046655",19,0,"1",975,"D",0,"D",.,"A",0,"D",77,"F",.,"A",.,"A",975,"D",135,"F",.,"A",.,"A",.,"A",.,"A"
"20152","03046685",27,0,"1",910,"D",130,"D",.,"A",390,"D",0,"D",.,"A",.,"A",780,"D",0,"D",70,"D",910,"D",.,"A",.,"A"
"20152","03046735",15,0,"1",1300,"D",130,"D",.,"A",2600,"D",6,"D",.,"A",.,"A",1170,"D",6,"D",.,"A",.,"A",.,"A",.,"A"
"20152","03046803",10,0,"1",650,"D",65,"D",.,"A",78,"D",0,"D",.,"A",.,"A",585,"D",0,"D",.,"A",.,"A",.,"A",.,"A"
"20152","03046855",24,0,"1",3250,"D",390,"D",.,"A",1300,"D",0,"D",.,"A",.,"A",2860,"D",0,"D",.,"A",.,"A",.,"A",.,"A"
"20152","03046865",32,0,"1",2080,"D",585,"D",585,"D",780,"D",0,"D",.,"A",.,"A",1495,"D",0,"D",.,"A",.,"A",.,"A",.,"A"
"20152","03046945",11,0,"1",650,"D",65,"D",.,"A",0,"D",0,"D",.,"A",.,"A",585,"D",0,"D",.,"A",.,"A",.,"A",.,"A"
"20152","03046993",34,0,"1",520,"D",130,"D",520,"D",520,"D",0,"D",.,"A",.,"A",390,"D",0,"D",20,"D",260,"D",65,"D",5,"D"
"20152","03047113",39,0,"1",1300,"D",325,"D",.,"A",0,"D",0,"D",.,"A",.,"A",975,"D",0,"D",.,"A",.,"A",.,"A",.,"A"
"20152","03047164",40,0,"1",1625,"D",325,"D",260,"D",195,"D",0,"D",.,"A",.,"A",1300,"D",120,"D",.,"A",.,"A",.,"A",.,"A"
"20152","03047192",50,0,"1",2275,"D",325,"D",.,"A",390,"D",0,"D",.,"A",.,"A",1950,"D",0,"D",.,"A",.,"A",260,"D",20,"D"
"20152","03047213",43,0,"1",3900,"D",1300,"D",.,"A",0,"D",0,"D",.,"A",.,"A",2600,"D",60,"D",20,"D",260,"D",.,"A",.,"A"
"20152","03047272",15,0,"1",455,"D",65,"D",.,"A",0,"D",0,"D",.,"A",.,"A",390,"D",0,"D",6,"D",78,"D",.,"A",.,"A"
"20152","03047322",25,0,"1",520,"D",195,"D",.,"A",0,"D",0,"D",.,"A",.,"A",325,"D",0,"D",.,"A",.,"A",.,"A",.,"A"
"20152","03047362",12,0,"1",650,"D",130,"D",.,"A",0,"D",0,"D",.,"A",.,"A",520,"D",0,"D",0,"D",0,"D",260,"D",20,"D"
"20152","03047393",25,0,"1",2600,"D",650,"D",.,"A",195,"D",0,"D",.,"A",.,"A",1950,"D",0,"D",.,"A",.,"A",.,"A",.,"A"
"20152","03047412",30,0,"1",2600,"D",650,"D",.,"A",130,"D",0,"D",.,"A",.,"A",1950,"D",30,"D",25,"D",325,"D",.,"A",.,"A"
"20152","03047453",44,0,"1",299,"D",0,"D",.,"A",780,"D",0,"D",.,"A",.,"A",299,"D",0,"D",.,"A",.,"A",.,"A",.,"A"
"20152","03047473",23,0,"1",1300,"D",650,"D",195,"D",130,"D",0,"D",.,"A",120,"D",650,"D",0,"D",.,"A",.,"A",.,"A",.,"A"
"20152","03047503",45,0,"1",2600,"D",650,"D",585,"D",585,"D",0,"D",.,"A",360,"D",1950,"D",0,"D",40,"D",520,"D",.,"A",.,"A"
"20152","03047534",36,0,"1",2080,"D",390,"D",.,"A",650,"D",0,"D",.,"A",.,"A",1690,"D",0,"D",20,"D",260,"D",.,"A",.,"A"
"20152","03047562",23,0,"1",780,"D",324,"F",.,"A",390,"D",0,"D",585,"D",.,"A",1346,"F",30,"D",35,"D",455,"D",.,"A",.,"A"
"20152","03047652",13,0,"1",650,"D",325,"D",.,"A",390,"D",0,"D",.,"A",.,"A",325,"D",0,"D",35,"D",455,"D",.,"A",.,"A"
"20152","03047662",26,0,"1",325,"D",78,"D",.,"A",130,"D",0,"D",.,"A",.,"A",247,"D",0,"D",.,"A",.,"A",.,"A",.,"A"
"20152","03047714",27,0,"1",1300,"D",650,"D",.,"A",130,"D",15,"D",.,"A",.,"A",650,"D",0,"D",25,"D",325,"D",.,"A",.,"A"
"20152","03047733",30,0,"1",3250,"D",169,"D",.,"A",1300,"D",0,"D",.,"A",.,"A",3081,"D",0,"D",.,"A",.,"A",195,"D",15,"D"
"20152","03047814",40,0,"1",1560,"D",390,"D",.,"A",0,"D",0,"D",.,"A",.,"A",1170,"D",0,"D",.,"A",.,"A",.,"A",.,"A"
"20152","03047823",29,0,"1",650,"D",195,"D",.,"A",0,"D",0,"D",.,"A",.,"A",455,"D",0,"D",20,"D",260,"D",.,"A",.,"A"
"20152","03047832",40,0,"1",1536,"F",.,"A",475,"F",455,"D",0,"D",.,"A",.,"A",1244,"F",0,"D",.,"A",.,"A",.,"A",.,"A"
"20152","03047843",37,0,"1",1040,"D",130,"D",.,"A",0,"D",0,"D",.,"A",.,"A",910,"D",0,"D",43,"D",559,"D",.,"A",.,"A"
"20152","03047893",23,0,"1",780,"D",0,"D",.,"A",65,"D",0,"D",.,"A",.,"A",780,"D",0,"D",.,"A",.,"A",.,"A",.,"A"
"20152","03047903",25,0,"1",2925,"D",0,"D",.,"A",650,"D",0,"D",.,"A",.,"A",2925,"D",0,"D",.,"A",.,"A",.,"A",.,"A"
"20152","03047942",13,0,"1",780,"D",130,"D",390,"D",650,"D",0,"D",.,"A",.,"A",650,"D",0,"D",.,"A",.,"A",.,"A",.,"A"
"20152","03047953",34,0,"1",1950,"D",390,"D",.,"A",910,"D",30,"D",.,"A",.,"A",1560,"D",45,"D",.,"A",.,"A",.,"A",.,"A"
"20152","03047993",36,0,"1",1040,"D",0,"D",.,"A",0,"D",0,"D",.,"A",.,"A",1040,"D",240,"D",.,"C",469,"F",.,"A",.,"A"
"20152","03048023",16,0,"1",650,"D",130,"D",.,"A",0,"D",0,"D",.,"A",.,"A",520,"D",0,"D",.,"A",.,"A",.,"A",.,"A"
"20152","03048042",29,0,"1",1690,"D",520,"D",.,"A",390,"D",0,"D",.,"A",.,"A",1170,"D",60,"D",.,"A",.,"A",.,"A",.,"A"
"20152","03048052",43,0,"1",767,"D",130,"D",.,"A",39,"D",0,"D",.,"A",.,"A",637,"D",0,"D",.,"A",.,"A",.,"A",.,"A"
"20152","03048134",25,0,"1",780,"D",130,"D",130,"D",195,"D",0,"D",.,"A",.,"A",650,"D",0,"D",.,"A",.,"A",.,"A",.,"A"
"20152","03048143",32,0,"1",1300,"D",130,"D",78,"D",1170,"D",30,"D",.,"A",.,"A",1170,"D",300,"D",.,"A",.,"A",.,"A",.,"A"
"20152","03048152",66,0,"1",1625,"D",325,"D",.,"A",650,"D",0,"D",.,"A",163,"D",1300,"D",9,"D",.,"A",.,"A",.,"A",.,"A"
"20152","03048194",20,0,"1",650,"D",130,"D",.,"A",0,"D",0,"D",.,"A",.,"A",520,"D",6,"D",35,"D",455,"D",.,"A",.,"A"
"20152","03048224",30,0,"1",910,"D",182,"D",.,"A",195,"D",0,"D",.,"A",.,"A",728,"D",45,"D",.,"A",.,"A",.,"A",.,"A"
"20152","03048242",19,0,"1",975,"D",130,"D",.,"A",260,"D",0,"D",.,"A",.,"A",845,"D",0,"D",.,"A",.,"A",.,"A",.,"A"
"20152","03048283",31,0,"1",1300,"D",0,"D",.,"A",1300,"D",1500,"D",.,"A",.,"A",1300,"D",1500,"D",30,"D",390,"D",.,"A",.,"A"
"20152","03048304",32,0,"1",2275,"D",650,"D",.,"A",195,"D",60,"D",.,"A",150,"D",1625,"D",150,"D",.,"A",.,"A",.,"A",.,"A"
"20152","03048313",36,0,"1",650,"D",0,"D",.,"A",143,"D",0,"D",.,"A",.,"A",650,"D",0,"D",.,"A",.,"A",.,"A",.,"A"
"20152","03048333",47,0,"1",3250,"D",1560,"D",.,"A",325,"D",120,"D",.,"A",.,"A",1690,"D",150,"D",38,"D",494,"D",13,"D",1,"D"
"20152","03048362",45,0,"1",1690,"D",390,"D",.,"A",260,"D",0,"D",.,"A",.,"A",1300,"D",0,"D",.,"A",.,"A",.,"A",.,"A"
"20152","03048432",25,0,"1",1950,"D",390,"D",.,"A",650,"D",0,"D",.,"A",.,"A",1560,"D",300,"D",.,"A",.,"A",.,"A",.,"A"
"20152","03048442",38,0,"1",4680,"D",65,"D",.,"A",650,"D",0,"D",.,"A",.,"A",4615,"D",0,"D",.,"A",.,"A",.,"A",.,"A"
"20152","03048454",40,0,"1",1300,"D",325,"D",.,"A",390,"D",30,"D",.,"A",.,"A",975,"D",45,"D",.,"A",.,"A",.,"A",.,"A"
"20152","03048484",17,0,"1",559,"D",65,"D",.,"A",78,"D",0,"D",45,"D",.,"A",494,"D",0,"D",15,"D",195,"D",117,"D",9,"D"
"20152","03048492",32,0,"1",975,"D",0,"D",.,"A",260,"D",0,"D",.,"A",.,"A",975,"D",60,"D",.,"A",.,"A",.,"A",.,"A"
"20152","03048544",10,0,"1",390,"D",130,"D",.,"A",0,"D",0,"D",.,"A",.,"A",260,"D",120,"D",.,"A",.,"A",.,"A",.,"A"
"20152","03048584",17,0,"1",390,"D",65,"D",.,"A",325,"D",0,"D",.,"A",.,"A",325,"D",0,"D",.,"A",.,"A",.,"A",.,"A"
"20152","03048602",47,0,"1",975,"D",260,"D",.,"A",650,"D",0,"D",.,"A",.,"A",715,"D",0,"D",.,"A",.,"A",.,"A",.,"A"
"20152","03048613",16,0,"1",845,"D",195,"D",.,"A",195,"D",0,"D",.,"A",.,"A",650,"D",30,"D",9,"D",117,"D",.,"A",.,"A"
"20152","03048624",27,0,"1",2600,"D",390,"D",.,"A",1300,"D",120,"D",.,"A",91,"D",2210,"D",300,"D",.,"A",.,"A",.,"A",.,"A"
"20152","03048632",33,0,"1",650,"D",130,"D",.,"A",65,"D",0,"D",.,"A",.,"A",520,"D",0,"D",26,"D",338,"D",.,"A",.,"A"
"20152","03048653",35,0,"1",1040,"D",260,"D",.,"A",130,"D",60,"D",.,"A",.,"A",780,"D",150,"D",.,"A",.,"A",.,"A",.,"A"
"20152","03048684",14,0,"1",1950,"D",650,"D",.,"A",520,"D",0,"D",.,"A",.,"A",1300,"D",0,"D",15,"D",195,"D",.,"A",.,"A"
"20152","03048704",34,0,"1",2132,"F",.,"A",.,"A",801,"F",77,"F",.,"A",.,"A",1810,"F",135,"F",.,"A",.,"A",.,"A",.,"A"
"20152","03048743",57,0,"1",1300,"D",325,"D",.,"A",260,"D",60,"D",.,"A",1170,"D",975,"D",225,"D",.,"A",.,"A",52,"D",4,"D"
"20152","03048753",13,0,"1",780,"D",325,"D",.,"A",0,"D",0,"D",.,"A",.,"A",455,"D",0,"D",25,"D",325,"D",.,"A",.,"A"
"20152","03048772",34,0,"1",325,"D",26,"D",.,"A",65,"D",0,"D",.,"A",.,"A",299,"D",0,"D",.,"A",.,"A",.,"A",.,"A"
"20152","03048813",27,0,"1",1950,"D",650,"D",325,"D",390,"D",0,"D",.,"A",.,"A",1300,"D",0,"D",.,"A",.,"A",.,"A",.,"A"
"20152","03048864",35,0,"1",3250,"D",650,"D",.,"A",975,"D",45,"D",.,"A",.,"A",2600,"D",240,"D",.,"A",.,"A",.,"A",.,"A"
"20152","03048963",27,0,"1",1820,"D",650,"D",.,"A",1300,"D",360,"D",.,"A",.,"A",1170,"D",240,"D",.,"A",.,"A",.,"A",.,"A"
"20152","03049003",11,0,"1",1950,"D",130,"D",.,"A",0,"D",0,"D",.,"A",.,"A",1820,"D",0,"D",.,"A",.,"A",.,"A",.,"A"
"20152","03049012",18,0,"1",1144,"D",260,"D",.,"A",0,"D",0,"D",.,"A",.,"A",884,"D",0,"D",.,"A",.,"A",.,"A",.,"A"
"20152","03049072",18,0,"1",780,"D",195,"D",.,"A",130,"D",0,"D",.,"A",.,"A",585,"D",0,"D",.,"A",.,"A",.,"A",.,"A"
"20152","03049082",18,0,"1",650,"D",325,"D",.,"A",390,"D",0,"D",.,"A",.,"A",325,"D",0,"D",.,"A",.,"A",.,"A",.,"A"
"20152","03049103",22,0,"1",945,"F",.,"A",.,"A",453,"F",0,"D",.,"A",.,"A",748,"F",0,"D",.,"A",.,"A",.,"A",.,"A"
"20152","03049162",21,0,"1",325,"D",104,"D",.,"A",0,"D",0,"D",.,"A",.,"A",221,"D",0,"D",.,"A",.,"A",.,"A",.,"A"
"20152","03049174",34,0,"1",1950,"D",260,"D",910,"D",520,"D",90,"D",.,"A",.,"A",1690,"D",1350,"D",.,"A",.,"A",.,"A",.,"A"
"20152","03049182",20,0,"1",1560,"D",325,"D",.,"A",585,"D",0,"D",.,"A",.,"A",1235,"D",0,"D",.,"A",.,"A",.,"A",.,"A"
"20152","03049244",35,0,"1",1300,"D",260,"D",260,"D",780,"D",300,"D",.,"A",.,"A",1040,"D",750,"D",.,"A",.,"A",.,"A",.,"A"
"20152","03049263",51,0,"1",1625,"D",325,"D",130,"D",390,"D",15,"D",.,"A",.,"A",1300,"D",18,"D",3,"D",39,"D",.,"A",.,"A"
"20152","03049274",15,0,"1",975,"D",130,"D",.,"A",0,"D",0,"D",.,"A",.,"A",845,"D",0,"D",.,"A",.,"A",.,"A",.,"A"
"20152","03049332",16,0,"1",650,"D",195,"D",.,"A",195,"D",0,"D",.,"A",.,"A",455,"D",0,"D",.,"A",.,"A",.,"A",.,"A"
"20152","03049352",25,0,"1",975,"D",130,"D",130,"D",390,"D",0,"D",.,"A",.,"A",845,"D",0,"D",.,"A",.,"A",.,"A",.,"A"
"20152","03049413",43,0,"1",1300,"D",0,"D",.,"A",130,"D",0,"D",.,"A",.,"A",1300,"D",0,"D",.,"A",.,"A",.,"A",.,"A"
"20152","03049463",20,0,"1",1625,"D",260,"D",.,"A",130,"D",0,"D",.,"A",.,"A",1365,"D",0,"D",.,"A",.,"A",.,"A",.,"A"
"20152","03049474",30,0,"1",910,"D",130,"D",26,"D",390,"D",60,"D",.,"A",.,"A",780,"D",30,"D",.,"A",.,"A",.,"A",.,"A"
"20152","03049553",24,0,"1",650,"D",260,"D",.,"A",143,"D",6,"D",.,"A",.,"A",390,"D",6,"D",.,"A",.,"A",.,"A",.,"A"
"20152","03049564",23,0,"1",1625,"D",650,"D",.,"A",325,"D",0,"D",.,"A",.,"A",975,"D",150,"D",.,"A",.,"A",.,"A",.,"A"
"20152","03049594",38,0,"1",1300,"D",455,"D",390,"D",0,"D",0,"D",.,"A",.,"A",845,"D",0,"D",.,"A",.,"A",.,"A",.,"A"
"20152","03049602",34,0,"1",650,"D",130,"D",325,"D",78,"D",0,"D",.,"A",.,"A",520,"D",0,"D",.,"A",.,"A",.,"A",.,"A"
"20152","03049612",82,0,"1",1586,"D",273,"D",.,"A",195,"D",0,"D",.,"A",.,"A",1313,"D",0,"D",.,"A",.,"A",.,"A",.,"A"
"20152","03049622",42,0,"1",780,"D",390,"D",.,"A",0,"D",0,"D",.,"A",.,"A",390,"D",0,"D",32,"D",416,"D",.,"A",.,"A"
"20152","03049654",21,0,"1",975,"D",130,"D",.,"A",0,"D",0,"D",.,"A",.,"A",845,"D",0,"D",.,"A",.,"A",.,"A",.,"A"
"20152","03049712",31,0,"1",650,"D",130,"D",.,"A",325,"D",0,"D",.,"A",.,"A",520,"D",0,"D",.,"A",.,"A",.,"A",.,"A"
"20152","03049754",17,0,"1",1625,"D",260,"D",.,"A",650,"D",0,"D",.,"A",.,"A",1365,"D",0,"D",.,"A",.,"A",.,"A",.,"A"
"20152","03049762",29,0,"1",1820,"D",520,"D",.,"A",390,"D",0,"D",.,"A",.,"A",1300,"D",0,"D",.,"A",.,"A",.,"A",.,"A"
"20152","03049784",31,0,"1",1300,"D",260,"D",.,"A",0,"D",0,"D",.,"A",.,"A",1040,"D",60,"D",.,"A",.,"A",.,"A",.,"A"
"20152","03049793",45,0,"1",1040,"D",390,"D",.,"A",26,"D",0,"D",.,"A",.,"A",650,"D",15,"D",.,"A",.,"A",.,"A",.,"A"
"20152","03049802",23,0,"1",650,"D",65,"D",.,"A",0,"D",0,"D",.,"A",.,"A",585,"D",0,"D",.,"A",.,"A",.,"A",.,"A"
"20152","03049842",42,0,"1",1300,"D",104,"D",.,"A",65,"D",0,"D",.,"A",.,"A",1196,"D",0,"D",.,"A",.,"A",.,"A",.,"A"
"20152","03049874",23,0,"1",780,"D",195,"D",.,"A",390,"D",0,"D",.,"A",.,"A",585,"D",0,"D",.,"A",.,"A",.,"A",.,"A"
"20152","03049883",57,0,"1",1560,"D",130,"D",195,"D",975,"D",0,"D",.,"A",.,"A",1430,"D",0,"D",.,"A",.,"A",.,"A",.,"A"
"20152","03049914",25,0,"1",2600,"D",650,"D",.,"A",650,"D",0,"D",.,"A",.,"A",1950,"D",60,"D",50,"D",650,"D",.,"A",.,"A"
"20152","03049964",55,0,"1",1456,"D",0,"D",.,"A",130,"D",90,"D",.,"A",.,"A",1456,"D",120,"D",.,"A",.,"A",.,"A",.,"A"
"20152","03049983",38,0,"1",1040,"D",260,"D",195,"D",130,"D",0,"D",.,"A",.,"A",780,"D",300,"D",.,"A",.,"A",.,"A",.,"A"
"20152","03050042",11,0,"1",2600,"D",390,"D",.,"A",65,"D",0,"D",.,"A",.,"A",2210,"D",0,"D",.,"A",.,"A",.,"A",.,"A"
"20152","03050054",12,0,"1",1300,"D",130,"D",.,"A",0,"D",0,"D",.,"A",.,"A",1170,"D",0,"D",.,"A",.,"A",.,"A",.,"A"
"20152","03050142",49,0,"1",2600,"D",780,"D",.,"A",195,"D",0,"D",.,"A",.,"A",1820,"D",0,"D",.,"A",.,"A",.,"A",.,"A"
"20152","03050222",57,0,"1",1287,"D",0,"D",.,"A",130,"D",60,"D",.,"A",.,"A",1287,"D",75,"D",.,"A",.,"A",.,"A",.,"A"
"20152","03050253",22,0,"1",650,"D",65,"D",.,"A",0,"D",0,"D",.,"A",.,"A",585,"D",0,"D",.,"A",.,"A",.,"A",.,"A"
"20152","03050303",27,0,"1",195,"D",65,"D",260,"D",195,"D",0,"D",.,"A",.,"A",130,"D",0,"D",.,"A",.,"A",.,"A",.,"A"
"20152","03050312",30,0,"1",1742,"D",520,"D",.,"A",1170,"D",0,"D",.,"A",.,"A",1222,"D",84,"D",.,"A",.,"A",.,"A",.,"A"
"20152","03050333",19,0,"1",1950,"D",1040,"D",.,"A",390,"D",0,"D",.,"A",.,"A",910,"D",0,"D",.,"A",.,"A",.,"A",.,"A"
"20152","03050392",48,0,"1",1300,"D",390,"D",260,"D",390,"D",120,"D",.,"A",.,"A",910,"D",60,"D",42,"D",546,"D",.,"A",.,"A"
"20152","03050403",34,0,"1",3900,"D",650,"D",390,"D",585,"D",0,"D",.,"A",.,"A",3250,"D",0,"D",.,"A",.,"A",.,"A",.,"A"
"20152","03050433",17,0,"1",520,"D",130,"D",.,"A",390,"D",0,"D",.,"A",.,"A",390,"D",0,"D",.,"A",.,"A",.,"A",.,"A"
"20152","03050482",36,0,"1",1950,"D",520,"D",.,"A",520,"D",0,"D",.,"A",49,"D",1430,"D",0,"D",.,"A",.,"A",.,"A",.,"A"
"20152","03050494",49,0,"1",2925,"D",975,"D",.,"A",1300,"D",300,"D",.,"A",96,"D",1950,"D",675,"D",.,"A",.,"A",.,"A",.,"A"
"20152","03050534",31,0,"1",1652,"F",.,"A",.,"A",475,"F",0,"D",.,"A",.,"A",1346,"F",0,"D",.,"A",.,"A",78,"D",6,"D"
"20152","03050564",47,0,"1",1144,"D",78,"D",.,"A",520,"D",0,"D",.,"A",193,"D",1066,"D",0,"D",.,"A",.,"A",.,"A",.,"A"
"20152","03050573",42,0,"1",1040,"D",130,"D",325,"D",260,"D",0,"D",.,"A",.,"A",910,"D",0,"D",.,"A",.,"A",.,"A",.,"A"
"20152","03050593",45,0,"1",780,"D",0,"D",260,"D",0,"D",0,"D",.,"A",.,"A",780,"D",18,"D",4,"D",52,"D",.,"A",.,"A"
"20152","03050614",65,0,"1",910,"D",325,"D",.,"A",260,"D",0,"D",.,"A",69,"D",585,"D",45,"D",.,"A",.,"A",.,"A",.,"A"
"20152","03050662",53,0,"1",1625,"D",650,"D",.,"A",650,"D",300,"D",.,"A",.,"A",975,"D",180,"D",.,"A",.,"A",.,"A",.,"A"
"20152","03050732",19,0,"1",1625,"D",0,"D",.,"A",0,"D",0,"D",.,"A",.,"A",1625,"D",0,"D",30,"D",390,"D",.,"A",.,"A"
"20152","03050744",20,0,"1",975,"D",325,"D",.,"A",0,"D",0,"D",.,"A",.,"A",650,"D",0,"D",.,"A",.,"A",.,"A",.,"A"
"20152","03050752",31,0,"1",2600,"D",520,"D",.,"A",520,"D",0,"D",.,"A",.,"A",2080,"D",0,"D",24,"D",312,"D",.,"A",.,"A"
"20152","03050813",20,0,"1",1625,"D",325,"D",.,"A",975,"D",0,"D",.,"A",.,"A",1300,"D",0,"D",.,"A",.,"A",.,"A",.,"A"
"20152","03050852",53,0,"1",2730,"D",780,"D",.,"A",455,"D",0,"D",.,"A",.,"A",1950,"D",45,"D",.,"A",.,"A",.,"A",.,"A"
"20152","03050862",26,0,"1",650,"D",65,"D",.,"A",65,"D",0,"D",.,"A",.,"A",585,"D",0,"D",34,"D",442,"D",.,"A",.,"A"
"20152","03050904",39,0,"1",1950,"D",650,"D",325,"D",650,"D",0,"D",.,"A",.,"A",1300,"D",360,"D",80,"D",1040,"D",.,"A",.,"A"
"20152","03050922",40,0,"1",1040,"D",0,"D",.,"A",520,"D",0,"D",.,"A",.,"A",1040,"D",45,"D",.,"A",.,"A",.,"A",.,"A"
"20152","03050962",19,0,"1",910,"D",650,"D",.,"A",2080,"D",1200,"D",.,"A",.,"A",260,"D",120,"D",.,"A",.,"A",.,"A",.,"A"
"20152","03050992",40,0,"1",1950,"D",130,"D",195,"D",780,"D",0,"D",.,"A",.,"A",1820,"D",60,"D",.,"A",.,"A",.,"A",.,"A"
"20152","03051004",25,0,"1",1300,"D",260,"D",.,"A",0,"D",0,"D",.,"A",.,"A",1040,"D",0,"D",15,"D",195,"D",.,"A",.,"A"
"20152","03051033",50,0,"1",1950,"D",130,"D",.,"A",650,"D",0,"D",.,"A",.,"A",1820,"D",75,"D",.,"A",.,"A",.,"A",.,"A"
"20152","03051093",32,0,"1",1625,"D",325,"D",195,"D",585,"D",0,"D",.,"A",.,"A",1300,"D",0,"D",.,"A",.,"A",.,"A",.,"A"
"20152","03051184",45,0,"1",2340,"D",390,"D",390,"D",156,"D",45,"D",.,"A",.,"A",1950,"D",60,"D",.,"A",.,"A",.,"A",.,"A"
"20152","03051232",55,0,"1",3250,"D",650,"D",.,"A",520,"D",120,"D",.,"A",.,"A",2600,"D",90,"D",.,"A",.,"A",.,"A",.,"A"
"20152","03051342",19,0,"1",455,"D",195,"D",.,"A",0,"D",0,"D",.,"A",.,"A",260,"D",0,"D",.,"A",.,"A",.,"A",.,"A"
"20152","03051372",8,0,"1",2600,"D",1300,"D",.,"A",0,"D",0,"D",.,"A",.,"A",1300,"D",0,"D",.,"A",.,"A",.,"A",.,"A"
"20152","03051412",57,0,"1",1040,"D",65,"D",130,"D",390,"D",0,"D",.,"A",72,"D",975,"D",30,"D",.,"A",.,"A",.,"A",.,"A"
"20152","03051453",7,0,"1",0,"D",.,"A",.,"A",0,"D",0,"D",.,"A",.,"A",0,"D",0,"D",.,"A",.,"A",.,"A",.,"A"
"20152","03051482",29,0,"1",1404,"D",260,"D",.,"A",780,"D",0,"D",.,"A",.,"A",1144,"D",0,"D",.,"A",.,"A",.,"A",.,"A"
"20152","03051502",27,0,"1",2340,"D",390,"D",.,"A",0,"D",0,"D",.,"A",.,"A",1950,"D",0,"D",5,"D",65,"D",.,"A",.,"A"
"20152","03051584",22,0,"1",585,"D",26,"D",.,"A",390,"D",90,"D",.,"A",.,"A",559,"D",0,"D",.,"A",.,"A",.,"A",.,"A"
"20152","03051633",22,0,"1",975,"D",130,"D",.,"A",325,"D",0,"D",.,"A",.,"A",845,"D",0,"D",.,"A",.,"A",.,"A",.,"A"
"20152","03051713",24,0,"1",650,"D",325,"D",.,"A",650,"D",0,"D",.,"A",.,"A",325,"D",0,"D",.,"A",.,"A",.,"A",.,"A"
"20152","03051752",39,0,"1",195,"D",0,"D",.,"A",0,"D",0,"D",.,"A",.,"A",195,"D",0,"D",.,"A",.,"A",.,"A",.,"A"
"20152","03051772",32,0,"1",2600,"D",650,"D",.,"A",699,"F",129,"F",.,"A",.,"A",1950,"D",6,"D",.,"A",.,"A",.,"A",.,"A"
"20152","03051824",45,0,"1",3250,"D",390,"D",325,"D",1950,"D",90,"D",.,"A",293,"D",2860,"D",300,"D",20,"D",260,"D",.,"A",.,"A"
"20152","03051913",46,0,"1",1300,"D",325,"D",.,"A",520,"D",75,"D",.,"A",.,"A",975,"D",300,"D",50,"D",650,"D",.,"A",.,"A"
"20152","03051924",44,0,"1",1625,"D",156,"D",65,"D",260,"D",0,"D",.,"A",.,"A",1469,"D",30,"D",.,"A",.,"A",.,"A",.,"A"
"20152","03051974",23,0,"1",650,"D",260,"D",.,"A",0,"D",60,"D",.,"A",.,"A",390,"D",30,"D",10,"D",130,"D",.,"A",.,"A"
"20152","03051982",19,0,"1",1560,"D",260,"D",.,"A",520,"D",0,"D",.,"A",.,"A",1300,"D",0,"D",.,"A",.,"A",.,"A",.,"A"
"20152","03052073",37,0,"1",650,"D",260,"D",.,"A",65,"D",0,"D",.,"A",.,"A",390,"D",0,"D",.,"A",.,"A",.,"A",.,"A"
"20152","03052102",20,0,"1",650,"D",130,"D",.,"A",0,"D",225,"D",.,"A",.,"A",520,"D",150,"D",.,"A",.,"A",.,"A",.,"A"
"20152","03052134",28,0,"1",1950,"D",260,"D",.,"A",1560,"D",0,"D",.,"A",.,"A",1690,"D",6,"D",.,"A",.,"A",.,"A",.,"A"
"20152","03052163",16,0,"1",1690,"D",0,"D",1560,"D",1560,"D",0,"D",.,"A",.,"A",1690,"D",0,"D",.,"A",.,"A",.,"A",.,"A"
"20152","03052172",26,0,"1",975,"D",130,"D",390,"D",0,"D",0,"D",.,"A",.,"A",845,"D",0,"D",.,"A",.,"A",.,"A",.,"A"
"20152","03052193",37,0,"1",819,"D",260,"D",325,"D",130,"D",0,"D",.,"A",.,"A",559,"D",12,"D",.,"A",.,"A",.,"A",.,"A"
"20152","03052224",46,0,"1",650,"D",0,"D",.,"A",65,"D",0,"D",.,"A",.,"A",650,"D",0,"D",.,"A",.,"A",.,"A",.,"A"
"20152","03052262",25,0,"1",780,"D",260,"D",.,"A",0,"D",0,"D",.,"A",.,"A",520,"D",0,"D",12,"D",156,"D",.,"A",.,"A"
"20152","03052274",8,0,"1",1536,"F",.,"A",.,"A",800,"F",175,"F",.,"A",.,"A",1244,"F",168,"F",.,"A",.,"A",.,"A",.,"A"
"20152","03052303",31,0,"1",910,"D",910,"D",.,"A",650,"D",0,"D",.,"A",.,"A",0,"D",240,"D",35,"D",455,"D",.,"A",.,"A"
"20152","03052323",36,0,"1",1040,"D",104,"D",.,"A",520,"D",0,"D",.,"A",.,"A",936,"D",0,"D",.,"A",.,"A",.,"A",.,"A"
"20152","03052373",29,0,"1",1625,"D",520,"D",.,"A",260,"D",0,"D",.,"A",.,"A",1105,"D",0,"D",25,"D",325,"D",.,"A",.,"A"
"20152","03052513",35,0,"1",1625,"D",325,"D",.,"A",130,"D",0,"D",.,"A",.,"A",1300,"D",210,"D",20,"D",260,"D",.,"A",.,"A"
"20152","03052523",31,0,"1",1300,"D",0,"D",325,"D",3900,"D",600,"D",.,"A",.,"A",1300,"D",360,"D",.,"A",.,"A",.,"A",.,"A"
"20152","03052584",23,0,"1",1690,"D",325,"D",.,"A",455,"D",0,"D",.,"A",.,"A",1365,"D",0,"D",25,"D",325,"D",.,"A",.,"A"
"20152","03052762",20,0,"1",1560,"D",260,"D",.,"A",0,"D",0,"D",.,"A",.,"A",1300,"D",0,"D",10,"D",130,"D",.,"A",.,"A"
"20152","03052772",34,0,"1",1300,"D",260,"D",.,"A",260,"D",0,"D",.,"A",.,"A",1040,"D",0,"D",.,"A",.,"A",.,"A",.,"A"
"20152","03052804",58,0,"1",5525,"D",1040,"D",195,"D",390,"D",150,"D",.,"A",600,"D",4485,"D",30,"D",.,"A",.,"A",.,"A",.,"A"
"20152","03052863",21,0,"1",930,"F",.,"A",.,"A",471,"F",0,"D",.,"A",.,"A",755,"F",0,"D",.,"A",.,"A",.,"A",.,"A"
"20152","03052874",13,0,"1",910,"D",260,"D",.,"A",325,"D",0,"D",.,"A",.,"A",650,"D",0,"D",26,"D",338,"D",.,"A",.,"A"
"20152","03052923",24,0,"1",1625,"D",325,"D",.,"A",0,"D",0,"D",.,"A",.,"A",1300,"D",3000,"D",25,"D",325,"D",.,"A",.,"A"
"20152","03052974",47,0,"1",780,"D",195,"D",.,"A",260,"D",0,"D",.,"A",.,"A",585,"D",0,"D",50,"D",650,"D",.,"A",.,"A"
"20152","03052982",12,0,"1",650,"D",39,"D",260,"D",130,"D",0,"D",.,"A",.,"A",611,"D",0,"D",.,"A",.,"A",.,"A",.,"A"
"20152","03053053",14,0,"1",2600,"D",585,"D",.,"A",65,"D",0,"D",.,"A",.,"A",2015,"D",75,"D",.,"A",.,"A",.,"A",.,"A"
"20152","03053134",16,0,"1",0,"D",.,"A",26,"D",0,"D",0,"D",.,"A",.,"A",0,"D",0,"D",20,"D",260,"D",.,"A",.,"A"
"20152","03053173",29,0,"1",650,"D",195,"D",.,"A",650,"D",30,"D",.,"A",.,"A",455,"D",45,"D",25,"D",325,"D",.,"A",.,"A"
"20152","03053254",37,0,"1",650,"D",260,"D",260,"D",650,"D",0,"D",.,"A",.,"A",390,"D",0,"D",.,"A",.,"A",.,"A",.,"A"
"20152","03053293",29,0,"1",1950,"D",975,"D",.,"A",325,"D",0,"D",.,"A",130,"D",975,"D",0,"D",.,"A",.,"A",.,"A",.,"A"
"20152","03053333",31,0,"1",650,"D",65,"D",.,"A",0,"D",0,"D",.,"A",.,"A",585,"D",0,"D",.,"A",.,"A",.,"A",.,"A"
"20152","03053354",32,0,"1",2600,"D",260,"D",325,"D",520,"D",0,"D",.,"A",120,"D",2340,"D",0,"D",.,"A",.,"A",.,"A",.,"A"
"20152","03053482",21,0,"1",975,"D",585,"D",.,"A",0,"D",0,"D",.,"A",.,"A",390,"D",0,"D",.,"A",.,"A",.,"A",.,"A"
"20152","03053503",31,0,"1",650,"D",91,"D",.,"A",0,"D",0,"D",.,"A",.,"A",559,"D",0,"D",.,"A",.,"A",.,"A",.,"A"
"20152","03053523",31,0,"1",1300,"D",325,"D",.,"A",260,"D",0,"D",.,"A",.,"A",975,"D",15,"D",.,"A",.,"A",.,"A",.,"A"
"20152","03053543",15,0,"1",1170,"D",228,"F",.,"A",471,"F",158,"F",.,"A",.,"A",755,"F",104,"F",.,"A",.,"A",.,"A",.,"A"
"20152","03053554",34,0,"1",650,"D",130,"D",.,"A",65,"D",0,"D",.,"A",.,"A",520,"D",0,"D",.,"A",.,"A",.,"A",.,"A"
"20152","03053572",34,0,"1",650,"D",65,"D",234,"D",195,"D",0,"D",.,"A",.,"A",585,"D",0,"D",12,"D",156,"D",.,"A",.,"A"
"20152","03053584",45,0,"1",1300,"D",260,"D",.,"A",260,"D",0,"D",.,"A",300,"D",1040,"D",120,"D",.,"A",.,"A",.,"A",.,"A"
"20152","03053654",28,0,"1",1040,"D",0,"D",.,"A",520,"D",0,"D",.,"A",.,"A",1040,"D",0,"D",.,"A",.,"A",.,"A",.,"A"
"20152","03053683",22,0,"1",520,"D",91,"D",.,"A",130,"D",0,"D",.,"A",.,"A",429,"D",0,"D",.,"A",.,"A",.,"A",.,"A"
"20152","03053742",17,0,"1",780,"D",325,"D",260,"D",130,"D",0,"D",.,"A",.,"A",455,"D",210,"D",.,"A",.,"A",.,"A",.,"A"
"20152","03053752",20,0,"1",1314,"F",.,"A",.,"A",0,"D",0,"D",.,"A",.,"A",1047,"F",0,"D",.,"A",.,"A",.,"A",.,"A"
"20152","03053782",20,0,"1",910,"D",325,"D",.,"A",0,"D",0,"D",.,"A",.,"A",585,"D",126,"D",.,"A",.,"A",.,"A",.,"A"
"20152","03053804",32,0,"1",780,"D",104,"D",.,"A",325,"D",600,"D",.,"A",.,"A",676,"D",0,"D",.,"A",.,"A",.,"A",.,"A"
"20152","03053884",25,0,"1",1300,"D",130,"D",.,"A",0,"D",0,"D",.,"A",.,"A",1170,"D",0,"D",.,"A",.,"A",.,"A",.,"A"
"20152","03053904",39,0,"1",1625,"D",260,"D",130,"D",390,"D",150,"D",.,"A",.,"A",1365,"D",150,"D",65,"D",845,"D",.,"A",.,"A"
"20152","03053983",37,0,"1",5200,"D",0,"D",.,"A",1300,"D",0,"D",428,"F",.,"A",5200,"D",0,"D",.,"A",.,"A",.,"A",.,"A"
"20152","03054004",36,0,"1",2600,"D",975,"D",.,"A",260,"D",0,"D",.,"A",.,"A",1625,"D",0,"D",20,"D",260,"D",.,"A",.,"A"
"20152","03054083",39,0,"1",1950,"D",390,"D",.,"A",910,"D",0,"D",.,"A",.,"A",1560,"D",0,"D",.,"A",.,"A",.,"A",.,"A"
"20152","03054104",26,0,"1",975,"D",325,"D",.,"A",156,"D",0,"D",.,"A",.,"A",650,"D",0,"D",10,"D",130,"D",.,"A",.,"A"
"20152","03054132",17,0,"1",780,"D",65,"D",.,"A",260,"D",0,"D",.,"A",.,"A",715,"D",0,"D",.,"A",.,"A",.,"A",.,"A"
"20152","03054203",28,0,"1",1560,"D",260,"D",195,"D",195,"D",0,"D",.,"A",.,"A",1300,"D",0,"D",.,"A",.,"A",.,"A",.,"A"
"20152","03054222",41,0,"1",1625,"D",130,"D",.,"A",260,"D",30,"D",.,"A",300,"D",1495,"D",60,"D",.,"A",.,"A",.,"A",.,"A"
"20152","03054243",23,0,"1",1040,"D",130,"D",.,"A",325,"D",0,"D",.,"A",.,"A",910,"D",0,"D",.,"A",.,"A",.,"A",.,"A"
"20152","03054274",23,0,"1",1300,"D",260,"D",.,"A",650,"D",30,"D",.,"A",.,"A",1040,"D",36,"D",60,"D",780,"D",.,"A",.,"A"
"20152","03054343",49,0,"1",1950,"D",325,"D",.,"A",1300,"D",600,"D",.,"A",.,"A",1625,"D",300,"D",.,"A",.,"A",.,"A",.,"A"
"20152","03054374",31,0,"1",1950,"D",390,"D",.,"A",780,"D",150,"D",.,"A",.,"A",1560,"D",150,"D",.,"A",.,"A",.,"A",.,"A"
"20152","03054392",49,0,"1",260,"D",65,"D",.,"A",0,"D",0,"D",.,"A",.,"A",195,"D",0,"D",.,"A",.,"A",.,"A",.,"A"
"20152","03054434",39,0,"1",975,"D",260,"D",260,"D",520,"D",0,"D",.,"A",.,"A",715,"D",0,"D",85,"D",1105,"D",.,"A",.,"A"
"20152","03054444",36,0,"1",1950,"D",585,"D",.,"A",1950,"D",300,"D",.,"A",.,"A",1365,"D",300,"D",.,"A",.,"A",.,"A",.,"A"
"20152","03054474",9,0,"1",1560,"D",130,"D",260,"D",801,"F",0,"D",.,"A",.,"A",1430,"D",0,"D",.,"A",.,"A",.,"A",.,"A"
"20152","03054482",55,0,"1",1950,"D",975,"D",650,"D",975,"D",9,"D",.,"A",.,"A",975,"D",0,"D",.,"A",.,"A",.,"A",.,"A"
"20152","03054512",31,0,"1",1950,"D",260,"D",.,"A",0,"D",0,"D",.,"A",.,"A",1690,"D",0,"D",.,"A",.,"A",.,"A",.,"A"
"20152","03054533",35,0,"1",2600,"D",650,"D",.,"A",520,"D",60,"D",.,"A",.,"A",1950,"D",150,"D",.,"A",.,"A",.,"A",.,"A"
"20152","03054583",28,0,"1",1300,"D",520,"D",.,"A",390,"D",0,"D",.,"A",26,"D",780,"D",0,"D",.,"A",.,"A",.,"A",.,"A"
"20152","03054623",31,0,"1",1300,"D",390,"D",.,"A",130,"D",0,"D",.,"A",.,"A",910,"D",0,"D",115,"D",1495,"D",.,"A",.,"A"
"20152","03054672",16,0,"1",1300,"D",0,"D",910,"D",0,"D",0,"D",.,"A",.,"A",1300,"D",0,"D",.,"A",.,"A",.,"A",.,"A"
"20152","03054682",51,0,"1",1040,"D",260,"D",.,"A",260,"D",0,"D",.,"A",.,"A",780,"D",120,"D",.,"A",.,"A",.,"A",.,"A"
"20152","03054702",32,0,"1",1300,"D",195,"D",.,"A",325,"D",0,"D",.,"A",.,"A",1105,"D",0,"D",20,"D",260,"D",.,"A",.,"A"
"20152","03054714",28,0,"1",1950,"D",650,"D",.,"A",650,"D",300,"D",.,"A",240,"D",1300,"D",300,"D",20,"D",260,"D",.,"A",.,"A"
"20152","03054754",57,0,"1",1300,"D",520,"D",.,"A",975,"D",30,"D",.,"A",.,"A",780,"D",300,"D",.,"A",.,"A",.,"A",.,"A"
"20152","03054784",28,0,"1",1430,"D",260,"D",.,"A",780,"D",0,"D",.,"A",.,"A",1170,"D",0,"D",.,"A",.,"A",.,"A",.,"A"
"20152","03054852",38,0,"1",390,"D",0,"D",.,"A",390,"D",0,"D",.,"A",.,"A",390,"D",600,"D",20,"D",260,"D",.,"A",.,"A"
"20152","03054863",27,0,"1",975,"D",130,"D",.,"A",800,"F",0,"D",.,"A",.,"A",845,"D",0,"D",.,"A",.,"A",.,"A",.,"A"
"20152","03054914",27,0,"1",1300,"D",260,"D",.,"A",520,"D",0,"D",.,"A",150,"D",1040,"D",0,"D",.,"A",.,"A",.,"A",.,"A"
"20152","03054924",42,0,"1",1300,"D",260,"D",130,"D",195,"D",30,"D",.,"A",.,"A",1040,"D",75,"D",35,"D",455,"D",.,"A",.,"A"
"20152","03054983",33,0,"1",1040,"D",325,"D",.,"A",520,"D",0,"D",.,"A",.,"A",715,"D",0,"D",.,"A",.,"A",.,"A",.,"A"
"20152","03055003",18,0,"1",2015,"D",0,"D",.,"A",0,"D",0,"D",.,"A",.,"A",2015,"D",0,"D",.,"C",474,"F",.,"A",.,"A"
"20152","03055024",17,0,"1",1625,"D",130,"D",.,"A",390,"D",300,"D",.,"A",.,"A",1495,"D",300,"D",.,"A",.,"A",.,"A",.,"A"
"20152","03055034",11,0,"1",2132,"F",.,"A",.,"A",520,"D",0,"D",.,"A",.,"A",1810,"F",0,"D",10,"D",130,"D",.,"A",.,"A"
"20152","03055063",28,0,"1",2080,"D",325,"D",260,"D",520,"D",0,"D",.,"A",.,"A",1755,"D",30,"D",.,"A",.,"A",.,"A",.,"A"
"20152","03055093",31,0,"1",1300,"D",130,"D",.,"A",0,"D",0,"D",.,"A",.,"A",1170,"D",150,"D",40,"D",520,"D",.,"A",.,"A"
"20152","03055103",20,0,"1",1690,"D",130,"D",.,"A",0,"D",0,"D",.,"A",.,"A",1560,"D",0,"D",.,"A",.,"A",.,"A",.,"A"
"20152","03055143",39,0,"1",3900,"D",910,"D",.,"A",1950,"D",0,"D",1300,"D",.,"A",2990,"D",0,"D",.,"A",.,"A",.,"A",.,"A"
"20152","03055163",26,0,"1",2600,"D",65,"D",.,"A",260,"D",0,"D",.,"A",220,"D",2535,"D",150,"D",.,"A",.,"A",.,"A",.,"A"
"20152","03055194",59,0,"1",2600,"D",650,"D",260,"D",260,"D",30,"D",.,"A",.,"A",1950,"D",75,"D",.,"A",.,"A",.,"A",.,"A"
"20152","03055222",35,0,"1",2275,"D",585,"D",260,"D",455,"D",0,"D",.,"A",.,"A",1690,"D",0,"D",.,"A",.,"A",.,"A",.,"A"
"20152","03055252",40,0,"1",975,"D",325,"D",130,"D",650,"D",180,"D",.,"A",.,"A",650,"D",120,"D",.,"A",.,"A",130,"D",10,"D"
"20152","03055352",30,0,"1",390,"D",195,"D",.,"A",130,"D",30,"D",.,"A",.,"A",195,"D",30,"D",.,"A",.,"A",.,"A",.,"A"
"20152","03055362",10,0,"1",780,"D",260,"D",.,"A",0,"D",36,"D",.,"A",.,"A",520,"D",36,"D",.,"A",.,"A",.,"A",.,"A"
"20152","03055414",47,0,"1",3250,"D",390,"D",455,"D",1040,"D",0,"D",.,"A",.,"A",2860,"D",0,"D",.,"A",.,"A",.,"A",.,"A"
"20152","03055433",19,0,"1",1950,"D",260,"D",.,"A",801,"F",77,"F",.,"A",.,"A",1690,"D",135,"F",.,"A",.,"A",.,"A",.,"A"
"20152","03055473",30,0,"1",910,"D",130,"D",.,"A",0,"D",6,"D",.,"A",.,"A",780,"D",90,"D",.,"A",.,"A",.,"A",.,"A"
"20152","03055564",36,0,"1",1300,"D",130,"D",.,"A",260,"D",90,"D",.,"A",157,"D",1170,"D",36,"D",.,"A",.,"A",.,"A",.,"A"
"20152","03055594",9,0,"1",1300,"D",0,"D",.,"A",0,"D",0,"D",.,"A",.,"A",1300,"D",0,"D",20,"D",260,"D",.,"A",.,"A"
"20152","03055603",30,0,"1",1040,"D",0,"D",.,"A",130,"D",0,"D",.,"A",.,"A",1040,"D",0,"D",35,"D",455,"D",.,"A",.,"A"
"20152","03055634",13,0,"1",1300,"D",260,"D",.,"A",520,"D",0,"D",.,"A",.,"A",1040,"D",0,"D",.,"A",.,"A",.,"A",.,"A"
"20152","03055662",20,0,"1",1040,"D",260,"D",.,"A",0,"D",0,"D",.,"A",.,"A",780,"D",0,"D",.,"A",.,"A",.,"A",.,"A"
"20152","03055702",17,0,"1",650,"D",130,"D",.,"A",195,"D",0,"D",.,"A",.,"A",520,"D",0,"D",.,"A",.,"A",.,"A",.,"A"
"20152","03055762",28,0,"1",975,"D",260,"D",.,"A",0,"D",90,"D",.,"A",.,"A",715,"D",90,"D",20,"D",260,"D",.,"A",.,"A"
"20152","03055803",36,0,"1",1300,"D",390,"D",.,"A",0,"D",0,"D",.,"A",.,"A",910,"D",0,"D",.,"A",.,"A",.,"A",.,"A"
"20152","03055852",59,0,"1",2340,"D",650,"D",650,"D",260,"D",0,"D",.,"A",.,"A",1690,"D",0,"D",.,"A",.,"A",.,"A",.,"A"
"20152","03055953",21,0,"1",1040,"D",195,"D",.,"A",0,"D",0,"D",.,"A",.,"A",845,"D",480,"D",20,"D",260,"D",.,"A",.,"A"
"20152","03055984",52,0,"1",1950,"D",260,"D",.,"A",780,"D",360,"D",.,"A",.,"A",1690,"D",600,"D",.,"A",.,"A",.,"A",.,"A"
"20152","03056002",19,0,"1",650,"D",195,"D",.,"A",390,"D",0,"D",.,"A",.,"A",455,"D",0,"D",.,"A",.,"A",.,"A",.,"A"
"20152","03056012",56,0,"1",1625,"D",195,"D",.,"A",130,"D",0,"D",.,"A",50,"D",1430,"D",720,"D",40,"D",520,"D",.,"A",.,"A"
"20152","03056033",59,0,"1",1300,"D",260,"D",.,"A",520,"D",450,"D",.,"A",.,"A",1040,"D",300,"D",50,"D",650,"D",.,"A",.,"A"
"20152","03056113",26,0,"1",1430,"D",130,"D",.,"A",650,"D",45,"D",.,"A",.,"A",1300,"D",120,"D",.,"A",.,"A",.,"A",.,"A"
"20152","03056134",47,0,"1",5720,"D",520,"D",.,"A",2080,"D",0,"D",.,"A",.,"A",5200,"D",150,"D",.,"A",.,"A",.,"A",.,"A"
"20152","03056232",26,0,"1",1625,"D",195,"D",.,"A",0,"D",0,"D",.,"A",.,"A",1430,"D",0,"D",42,"D",546,"D",91,"D",7,"D"
"20152","03056254",30,0,"1",780,"D",286,"D",.,"A",195,"D",0,"D",.,"A",.,"A",494,"D",6,"D",.,"A",.,"A",.,"A",.,"A"
"20152","03056283",14,0,"1",1950,"D",390,"D",.,"A",260,"D",0,"D",.,"A",.,"A",1560,"D",0,"D",.,"A",.,"A",.,"A",.,"A"
"20152","03056342",29,0,"1",1950,"D",260,"D",.,"A",650,"D",0,"D",.,"A",.,"A",1690,"D",0,"D",.,"A",.,"A",.,"A",.,"A"
"20152","03056352",35,0,"1",650,"D",130,"D",130,"D",455,"D",0,"D",.,"A",.,"A",520,"D",0,"D",.,"A",.,"A",.,"A",.,"A"
"20152","03056362",16,0,"1",650,"D",0,"D",.,"A",195,"D",0,"D",.,"A",.,"A",650,"D",0,"D",.,"A",.,"A",.,"A",.,"A"
"20152","03056373",24,0,"1",3640,"D",650,"D",.,"A",0,"D",0,"D",.,"A",.,"A",2990,"D",0,"D",.,"A",.,"A",.,"A",.,"A"
"20152","03056412",35,0,"1",3900,"D",0,"D",.,"A",3900,"D",150,"D",.,"A",.,"A",3900,"D",0,"D",.,"A",.,"A",.,"A",.,"A"
"20152","03056433",37,0,"1",1300,"D",390,"D",.,"A",338,"D",0,"D",.,"A",.,"A",910,"D",30,"D",.,"A",.,"A",.,"A",.,"A"
"20152","03056444",18,0,"1",650,"D",130,"D",.,"A",0,"D",0,"D",.,"A",.,"A",520,"D",0,"D",.,"A",.,"A",.,"A",.,"A"
"20152","03056454",24,0,"1",1300,"D",650,"D",.,"A",260,"D",0,"D",.,"A",300,"D",650,"D",0,"D",.,"A",.,"A",.,"A",.,"A"
"20152","03056502",47,0,"1",1170,"D",195,"D",.,"A",260,"D",45,"D",.,"A",.,"A",975,"D",150,"D",.,"A",.,"A",.,"A",.,"A"
"20152","03056543",31,0,"1",1560,"D",195,"D",.,"A",780,"D",0,"D",.,"A",.,"A",1365,"D",0,"D",.,"A",.,"A",.,"A",.,"A"
"20152","03056563",44,0,"1",1040,"D",1040,"D",39,"D",325,"D",0,"D",.,"A",.,"A",0,"D",54,"D",40,"D",520,"D",.,"A",.,"A"
"20152","03056602",27,0,"1",650,"D",130,"D",26,"D",0,"D",0,"D",.,"A",.,"A",520,"D",0,"D",.,"A",.,"A",.,"A",.,"A"
"20152","03056652",21,0,"1",390,"D",65,"D",.,"A",325,"D",0,"D",.,"A",.,"A",325,"D",0,"D",.,"A",.,"A",.,"A",.,"A"
"20152","03056702",61,0,"1",1625,"D",0,"D",.,"A",286,"D",0,"D",.,"A",.,"A",1625,"D",0,"D",70,"D",910,"D",.,"A",.,"A"
"20152","03056764",31,0,"1",650,"D",195,"D",78,"D",0,"D",0,"D",.,"A",.,"A",455,"D",0,"D",.,"A",.,"A",.,"A",.,"A"
"20152","03056793",54,0,"1",1950,"D",520,"D",.,"A",650,"D",0,"D",.,"A",.,"A",1430,"D",0,"D",.,"A",.,"A",.,"A",.,"A"
"20152","03056884",42,0,"1",650,"D",0,"D",.,"A",0,"D",0,"D",.,"A",.,"A",650,"D",0,"D",.,"A",.,"A",.,"A",.,"A"
"20152","03056932",13,0,"1",1950,"D",650,"D",.,"A",325,"D",0,"D",.,"A",.,"A",1300,"D",0,"D",.,"A",.,"A",.,"A",.,"A"
"20152","03056942",32,0,"1",1950,"D",650,"D",.,"A",260,"D",0,"D",.,"A",.,"A",1300,"D",15,"D",.,"A",.,"A",13,"D",1,"D"
"20152","03057033",59,0,"1",2925,"D",325,"D",325,"D",260,"D",30,"D",.,"A",100,"D",2600,"D",150,"D",.,"A",.,"A",.,"A",.,"A"
"20152","03057104",28,0,"1",1300,"D",260,"D",195,"D",390,"D",0,"D",.,"A",.,"A",1040,"D",30,"D",.,"A",.,"A",585,"D",45,"D"
"20152","03057143",46,0,"1",2925,"D",325,"D",650,"D",1300,"D",0,"D",.,"A",.,"A",2600,"D",57,"D",.,"A",.,"A",.,"A",.,"A"
"20152","03057174",21,0,"1",1040,"D",130,"D",.,"A",0,"D",0,"D",.,"A",.,"A",910,"D",0,"D",.,"A",.,"A",.,"A",.,"A"
"20152","03057212",31,0,"1",1300,"D",260,"D",.,"A",0,"D",0,"D",.,"A",.,"A",1040,"D",150,"D",.,"A",.,"A",.,"A",.,"A"
"20152","03057223",29,0,"1",650,"D",130,"D",.,"A",0,"D",0,"D",.,"A",.,"A",520,"D",0,"D",20,"D",260,"D",.,"A",.,"A"
"20152","03057234",21,0,"1",1300,"D",260,"D",.,"A",260,"D",0,"D",.,"A",.,"A",1040,"D",0,"D",.,"A",.,"A",.,"A",.,"A"
"20152","03057303",32,0,"1",780,"D",325,"D",.,"A",0,"D",0,"D",.,"A",.,"A",455,"D",0,"D",.,"A",.,"A",.,"A",.,"A"
"20152","03057352",24,0,"1",1144,"D",260,"D",.,"A",130,"D",0,"D",.,"A",.,"A",884,"D",0,"D",28,"D",364,"D",.,"A",.,"A"
"20152","03057433",24,0,"1",650,"D",65,"D",.,"A",390,"D",0,"D",.,"A",.,"A",585,"D",0,"D",.,"A",.,"A",.,"A",.,"A"
"20152","03057462",13,0,"1",1040,"D",260,"D",260,"D",260,"D",0,"D",.,"A",.,"A",780,"D",0,"D",.,"A",.,"A",.,"A",.,"A"
"20152","03057494",9,0,"1",2132,"F",.,"A",.,"A",801,"F",77,"F",.,"A",.,"A",1810,"F",135,"F",.,"A",.,"A",.,"A",.,"A"
"20152","03057533",14,0,"1",650,"D",325,"D",.,"A",780,"D",0,"D",.,"A",.,"A",325,"D",0,"D",.,"A",.,"A",.,"A",.,"A"
"20152","03057562",28,0,"1",1300,"D",780,"D",.,"A",520,"D",30,"D",.,"A",.,"A",520,"D",60,"D",.,"A",.,"A",.,"A",.,"A"
"20152","03057632",22,0,"1",780,"D",130,"D",.,"A",650,"D",60,"D",.,"A",.,"A",650,"D",600,"D",50,"D",650,"D",.,"A",.,"A"
"20152","03057703",35,0,"1",1300,"D",130,"D",.,"A",390,"D",30,"D",.,"A",.,"A",1170,"D",30,"D",.,"A",.,"A",.,"A",.,"A"
"20152","03057742",36,0,"1",1040,"D",390,"D",.,"A",325,"D",0,"D",.,"A",.,"A",650,"D",0,"D",.,"A",.,"A",.,"A",.,"A"
"20152","03057753",32,0,"1",1040,"D",156,"D",.,"A",390,"D",0,"D",.,"A",.,"A",884,"D",0,"D",.,"A",.,"A",.,"A",.,"A"
"20152","03057763",51,0,"1",1950,"D",390,"D",.,"A",195,"D",0,"D",.,"A",.,"A",1560,"D",0,"D",.,"A",.,"A",.,"A",.,"A"
"20152","03057802",22,0,"1",520,"D",130,"D",.,"A",260,"D",0,"D",.,"A",.,"A",390,"D",0,"D",.,"A",.,"A",.,"A",.,"A"
"20152","03057894",13,0,"1",845,"D",130,"D",325,"D",520,"D",0,"D",.,"A",.,"A",715,"D",0,"D",.,"A",.,"A",.,"A",.,"A"
"20152","03057933",56,0,"1",1300,"D",0,"D",.,"A",650,"D",0,"D",.,"A",.,"A",1300,"D",30,"D",.,"A",.,"A",.,"A",.,"A"
"20152","03057943",10,0,"1",520,"D",130,"D",260,"D",390,"D",0,"D",.,"A",.,"A",390,"D",0,"D",.,"A",.,"A",.,"A",.,"A"
"20152","03057984",28,0,"1",2600,"D",650,"D",.,"A",1755,"D",75,"D",.,"A",.,"A",1950,"D",30,"D",.,"A",.,"A",.,"A",.,"A"
"20152","03057992",23,0,"1",3250,"D",1300,"D",.,"A",751,"F",0,"D",.,"A",120,"D",1950,"D",0,"D",.,"A",.,"A",.,"A",.,"A"
"20152","03058062",49,0,"1",1560,"D",390,"D",.,"A",780,"D",0,"D",.,"A",.,"A",1170,"D",45,"D",.,"A",.,"A",.,"A",.,"A"
"20152","03058072",39,0,"1",975,"D",325,"D",.,"A",0,"D",0,"D",.,"A",.,"A",650,"D",0,"D",.,"A",.,"A",.,"A",.,"A"
"20152","03058082",23,0,"1",1300,"D",520,"D",.,"A",0,"D",0,"D",.,"A",.,"A",780,"D",0,"D",.,"A",.,"A",.,"A",.,"A"
"20152","03058094",34,0,"1",1300,"D",390,"D",.,"A",182,"D",0,"D",.,"A",.,"A",910,"D",0,"D",34,"D",442,"D",429,"D",33,"D"
"20152","03058142",42,0,"1",1300,"D",325,"D",.,"A",650,"D",0,"D",.,"A",.,"A",975,"D",30,"D",.,"A",.,"A",.,"A",.,"A"
"20152","03058163",33,0,"1",650,"D",65,"D",.,"A",65,"D",150,"D",.,"A",.,"A",585,"D",0,"D",20,"D",260,"D",.,"A",.,"A"
"20152","03058173",55,0,"1",1625,"D",195,"D",.,"A",390,"D",0,"D",.,"A",20,"D",1430,"D",0,"D",.,"A",.,"A",.,"A",.,"A"
"20152","03058202",29,0,"1",910,"D",390,"D",287,"F",650,"D",103,"F",.,"A",.,"A",520,"D",0,"D",.,"A",.,"A",.,"A",.,"A"
"20152","03058222",39,0,"1",1560,"D",260,"D",.,"A",78,"D",0,"D",131,"D",.,"A",1300,"D",0,"D",.,"A",.,"A",.,"A",.,"A"
"20152","03058262",31,0,"1",2925,"D",650,"D",.,"A",0,"D",0,"D",.,"A",.,"A",2275,"D",0,"D",.,"A",.,"A",.,"A",.,"A"
"20152","03058334",28,0,"1",1300,"D",0,"D",390,"D",0,"D",0,"D",.,"A",185,"F",1300,"D",45,"D",.,"A",.,"A",.,"A",.,"A"
"20152","03058383",25,0,"1",325,"D",65,"D",.,"A",260,"D",0,"D",.,"A",.,"A",260,"D",15,"D",.,"A",.,"A",.,"A",.,"A"
"20152","03058404",25,0,"1",650,"D",325,"D",.,"A",260,"D",0,"D",.,"A",.,"A",325,"D",75,"D",.,"A",.,"A",.,"A",.,"A"
"20152","03058462",17,0,"1",1040,"D",130,"D",.,"A",130,"D",0,"D",.,"A",185,"F",910,"D",0,"D",.,"A",.,"A",.,"A",.,"A"
"20152","03058472",36,0,"1",780,"D",234,"D",.,"A",117,"D",0,"D",.,"A",.,"A",546,"D",0,"D",.,"A",.,"A",.,"A",.,"A"
"20152","03058572",20,0,"1",2210,"D",0,"D",.,"A",0,"D",0,"D",.,"A",.,"A",2210,"D",0,"D",.,"A",.,"A",.,"A",.,"A"
"20152","03058612",30,0,"1",3900,"D",650,"D",.,"A",1300,"D",0,"D",.,"A",.,"A",3250,"D",0,"D",.,"A",.,"A",.,"A",.,"A"
"20152","03058653",19,0,"1",1300,"D",650,"D",195,"D",975,"D",0,"D",.,"A",.,"A",650,"D",30,"D",.,"A",.,"A",.,"A",.,"A"
"20152","03058663",34,0,"1",1084,"F",.,"A",.,"A",0,"D",30,"D",.,"A",.,"A",857,"F",105,"D",.,"A",.,"A",.,"A",.,"A"
"20152","03058672",21,0,"1",845,"D",130,"D",130,"D",260,"D",0,"D",.,"A",.,"A",715,"D",0,"D",.,"A",.,"A",.,"A",.,"A"
"20152","03058773",36,0,"1",1300,"D",260,"D",.,"A",0,"D",0,"D",.,"A",.,"A",1040,"D",0,"D",.,"A",.,"A",.,"A",.,"A"
"20152","03058824",39,0,"1",650,"D",0,"D",650,"D",325,"D",0,"D",.,"A",.,"A",650,"D",0,"D",.,"A",.,"A",.,"A",.,"A"
"20152","03058834",21,0,"1",1950,"D",0,"D",.,"A",130,"D",0,"D",.,"A",.,"A",1950,"D",0,"D",.,"A",.,"A",.,"A",.,"A"
"20152","03058862",33,0,"1",1560,"D",0,"D",260,"D",390,"D",6,"D",.,"A",.,"A",1560,"D",6,"D",.,"A",.,"A",.,"A",.,"A"
"20152","03058933",10,0,"1",650,"D",130,"D",.,"A",260,"D",0,"D",20,"D",.,"A",520,"D",0,"D",.,"A",.,"A",.,"A",.,"A"
"20152","03058954",25,0,"1",1820,"D",520,"D",.,"A",130,"D",15,"D",.,"A",.,"A",1300,"D",72,"D",.,"A",.,"A",.,"A",.,"A"
"20152","03058993",15,0,"1",780,"D",0,"D",.,"A",0,"D",0,"D",.,"A",.,"A",780,"D",0,"D",.,"A",.,"A",.,"A",.,"A"
"20152","03059012",33,0,"1",1950,"D",325,"D",325,"D",650,"D",0,"D",.,"A",.,"A",1625,"D",0,"D",.,"A",.,"A",.,"A",.,"A"
"20152","03059102",15,0,"1",130,"D",39,"D",.,"A",0,"D",0,"D",.,"A",.,"A",91,"D",0,"D",25,"D",325,"D",.,"A",.,"A"
"20152","03059142",46,0,"1",2600,"D",390,"D",.,"A",3900,"D",0,"D",.,"A",.,"A",2210,"D",0,"D",30,"D",390,"D",.,"A",.,"A"
"20152","03059173",36,0,"1",1300,"D",260,"D",.,"A",1300,"D",180,"D",.,"A",132,"D",1040,"D",0,"D",.,"A",.,"A",.,"A",.,"A"
"20152","03059183",23,0,"1",1625,"D",325,"D",.,"A",0,"D",0,"D",.,"A",.,"A",1300,"D",0,"D",26,"D",338,"D",.,"A",.,"A"
"20152","03059232",23,0,"1",947,"F",.,"A",.,"A",0,"D",0,"D",.,"A",.,"A",736,"F",0,"D",.,"A",.,"A",.,"A",.,"A"
"20152","03059314",16,0,"1",1040,"D",156,"D",.,"A",130,"D",0,"D",.,"A",.,"A",884,"D",0,"D",.,"A",.,"A",.,"A",.,"A"
"20152","03059342",38,0,"1",910,"D",130,"D",.,"A",975,"D",180,"D",.,"A",.,"A",780,"D",120,"D",.,"A",.,"A",.,"A",.,"A"
"20152","03059363",53,0,"1",2600,"D",156,"D",.,"A",650,"D",0,"D",.,"A",.,"A",2444,"D",0,"D",.,"A",.,"A",.,"A",.,"A"
"20152","03059403",16,0,"1",455,"D",130,"D",.,"A",0,"D",0,"D",.,"A",.,"A",325,"D",0,"D",.,"A",.,"A",.,"A",.,"A"
"20152","03059434",38,0,"1",1625,"D",0,"D",.,"A",650,"D",0,"D",.,"A",130,"D",1625,"D",150,"D",.,"A",.,"A",.,"A",.,"A"
"20152","03059443",24,0,"1",1820,"D",455,"D",.,"A",195,"D",45,"D",.,"A",.,"A",1365,"D",45,"D",.,"A",.,"A",.,"A",.,"A"
"20152","03059463",62,0,"1",1300,"D",0,"D",.,"A",390,"D",0,"D",.,"A",.,"A",1300,"D",0,"D",.,"A",.,"A",.,"A",.,"A"
"20152","03059473",56,0,"1",1950,"D",390,"D",.,"A",1300,"D",240,"D",.,"A",.,"A",1560,"D",240,"D",.,"A",.,"A",.,"A",.,"A"
"20152","03059483",18,0,"1",325,"D",52,"D",.,"A",0,"D",0,"D",.,"A",.,"A",273,"D",0,"D",.,"A",.,"A",.,"A",.,"A"
"20152","03059544",32,0,"1",260,"D",39,"D",260,"D",975,"D",0,"D",.,"A",.,"A",221,"D",0,"D",.,"A",.,"A",.,"A",.,"A"
"20152","03059582",31,0,"1",1300,"D",650,"D",.,"A",260,"D",0,"D",.,"A",.,"A",650,"D",0,"D",70,"D",910,"D",325,"D",25,"D"
"20152","03059702",45,0,"1",1950,"D",0,"D",195,"D",585,"D",0,"D",.,"A",.,"A",1950,"D",0,"D",.,"A",.,"A",.,"A",.,"A"
"20152","03059744",20,0,"1",1625,"D",325,"D",.,"A",455,"D",75,"D",.,"A",.,"A",1300,"D",120,"D",.,"A",.,"A",.,"A",.,"A"
"20152","03059752",40,0,"1",1560,"D",260,"D",.,"A",260,"D",0,"D",.,"A",.,"A",1300,"D",6,"D",.,"A",.,"A",.,"A",.,"A"
"20152","03059803",9,0,"1",2072,"F",.,"A",.,"A",535,"F",118,"F",.,"A",.,"A",1770,"F",88,"F",.,"A",.,"A",.,"A",.,"A"
"20152","03059862",23,0,"1",2600,"D",650,"D",.,"A",325,"D",0,"D",.,"A",.,"A",1950,"D",0,"D",25,"D",325,"D",195,"D",15,"D"
"20152","03059884",24,0,"1",0,"D",.,"A",.,"A",650,"D",0,"D",.,"A",.,"A",0,"D",0,"D",.,"A",.,"A",.,"A",.,"A"
"20152","03059893",43,0,"1",1950,"D",130,"D",.,"A",455,"D",0,"D",.,"A",.,"A",1820,"D",0,"D",.,"A",.,"A",.,"A",.,"A"
"20152","03059903",22,0,"1",390,"D",186,"F",.,"A",130,"D",6,"D",.,"A",.,"A",642,"F",6,"D",.,"A",.,"A",.,"A",.,"A"
"20152","03059932",25,0,"1",1950,"D",0,"D",.,"A",650,"D",0,"D",.,"A",.,"A",1950,"D",0,"D",.,"A",.,"A",.,"A",.,"A"
"20152","03059983",18,0,"1",1950,"D",0,"D",.,"A",1040,"D",0,"D",.,"A",.,"A",1950,"D",0,"D",.,"A",.,"A",.,"A",.,"A"
"20152","03060053",27,0,"1",4550,"D",650,"D",.,"A",546,"F",0,"D",.,"A",.,"A",3900,"D",0,"D",.,"A",.,"A",.,"A",.,"A"
"20152","03060123",28,0,"1",910,"D",130,"D",.,"A",520,"D",30,"D",.,"A",.,"A",780,"D",60,"D",.,"A",.,"A",.,"A",.,"A"
"20152","03060244",42,0,"1",1300,"D",104,"D",.,"A",520,"D",90,"D",.,"A",.,"A",1196,"D",135,"D",.,"A",.,"A",.,"A",.,"A"
"20152","03060322",49,0,"1",1560,"D",195,"D",.,"A",130,"D",0,"D",.,"A",.,"A",1365,"D",3,"D",12,"D",156,"D",.,"A",.,"A"
"20152","03060342",23,0,"1",650,"D",65,"D",.,"A",520,"D",0,"D",.,"A",.,"A",585,"D",0,"D",.,"A",.,"A",.,"A",.,"A"
"20152","03060414",12,0,"1",1300,"D",260,"D",.,"A",0,"D",0,"D",.,"A",.,"A",1040,"D",0,"D",.,"A",.,"A",.,"A",.,"A"
"20152","03060474",29,0,"1",650,"D",130,"D",.,"A",260,"D",0,"D",.,"A",.,"A",520,"D",360,"D",5,"D",65,"D",.,"A",.,"A"
"20152","03060512",26,0,"1",1300,"D",260,"D",.,"A",390,"D",0,"D",.,"A",.,"A",1040,"D",48,"D",.,"A",.,"A",.,"A",.,"A"
"20152","03060532",16,0,"1",585,"D",65,"D",.,"A",260,"D",0,"D",.,"A",.,"A",520,"D",0,"D",.,"A",.,"A",.,"A",.,"A"
"20152","03060562",39,0,"1",1300,"D",650,"D",650,"D",585,"D",30,"D",.,"A",.,"A",650,"D",60,"D",.,"A",.,"A",.,"A",.,"A"
"20152","03060572",79,0,"1",1222,"D",130,"D",.,"A",819,"D",0,"D",.,"A",.,"A",1092,"D",0,"D",.,"A",.,"A",.,"A",.,"A"
"20152","03060583",80,0,"1",650,"D",260,"D",104,"D",130,"D",90,"D",.,"A",.,"A",390,"D",0,"D",31,"D",403,"D",.,"A",.,"A"
"20152","03060614",30,0,"1",2600,"D",455,"D",.,"A",130,"D",0,"D",.,"A",.,"A",2145,"D",0,"D",.,"A",.,"A",.,"A",.,"A"
"20152","03060644",26,0,"1",650,"D",260,"D",.,"A",0,"D",0,"D",.,"A",.,"A",390,"D",0,"D",.,"A",.,"A",.,"A",.,"A"
"20152","03060653",22,0,"1",1950,"D",650,"D",.,"A",0,"D",0,"D",.,"A",.,"A",1300,"D",0,"D",.,"A",.,"A",.,"A",.,"A"
"20152","03060662",27,0,"1",520,"D",65,"D",.,"A",130,"D",0,"D",.,"A",.,"A",455,"D",0,"D",.,"A",.,"A",.,"A",.,"A"
"20152","03060733",19,0,"1",1950,"D",0,"D",.,"A",4550,"D",0,"D",.,"A",.,"A",1950,"D",0,"D",.,"A",.,"A",.,"A",.,"A"
"20152","03060783",16,0,"1",1040,"D",260,"D",.,"A",0,"D",0,"D",.,"A",.,"A",780,"D",0,"D",20,"D",260,"D",.,"A",.,"A"
"20152","03060793",24,0,"1",1040,"D",390,"D",.,"A",390,"D",90,"D",.,"A",.,"A",650,"D",210,"D",.,"A",.,"A",156,"D",12,"D"
"20152","03060852",52,0,"1",3250,"D",650,"D",.,"A",650,"D",0,"D",.,"A",.,"A",2600,"D",312,"D",.,"A",.,"A",.,"A",.,"A"
"20152","03060863",21,0,"1",1040,"D",195,"D",130,"D",260,"D",0,"D",.,"A",.,"A",845,"D",0,"D",.,"A",.,"A",.,"A",.,"A"
"20152","03060873",20,0,"1",1625,"D",260,"D",.,"A",1300,"D",0,"D",.,"A",.,"A",1365,"D",60,"D",.,"A",.,"A",.,"A",.,"A"
"20152","03060884",24,0,"1",3250,"D",650,"D",650,"D",260,"D",0,"D",.,"A",.,"A",2600,"D",0,"D",.,"A",.,"A",.,"A",.,"A"
"20152","03060893",20,0,"1",520,"D",91,"D",.,"A",195,"D",45,"D",.,"A",.,"A",429,"D",75,"D",.,"A",.,"A",156,"D",12,"D"
"20152","03060932",43,0,"1",1560,"D",325,"D",.,"A",130,"D",0,"D",.,"A",.,"A",1235,"D",0,"D",.,"A",.,"A",.,"A",.,"A"
"20152","03060942",23,0,"1",1950,"D",650,"D",.,"A",801,"F",0,"D",.,"A",.,"A",1300,"D",0,"D",.,"A",.,"A",.,"A",.,"A"
"20152","03060974",39,0,"1",650,"D",130,"D",.,"A",650,"D",0,"D",.,"A",.,"A",520,"D",0,"D",.,"A",.,"A",.,"A",.,"A"
"20152","03061082",15,0,"1",930,"F",.,"A",.,"A",471,"F",158,"F",.,"A",.,"A",755,"F",104,"F",.,"A",.,"A",.,"A",.,"A"
"20152","03061104",18,0,"1",780,"D",130,"D",.,"A",325,"D",0,"D",.,"A",.,"A",650,"D",0,"D",.,"A",.,"A",.,"A",.,"A"
"20152","03061132",26,0,"1",650,"D",65,"D",.,"A",1300,"D",0,"D",.,"A",.,"A",585,"D",0,"D",.,"A",.,"A",.,"A",.,"A"
"20152","03061193",44,0,"1",1950,"D",117,"D",.,"A",91,"D",0,"D",.,"A",.,"A",1833,"D",0,"D",.,"A",.,"A",.,"A",.,"A"
"20152","03061254",12,0,"1",975,"D",195,"D",.,"A",520,"D",0,"D",.,"A",.,"A",780,"D",0,"D",.,"A",.,"A",195,"D",15,"D"
"20152","03061292",43,0,"1",780,"D",156,"D",.,"A",637,"D",6,"D",.,"A",.,"A",624,"D",6,"D",.,"A",.,"A",.,"A",.,"A"
"20152","03061354",47,0,"1",1560,"D",520,"D",.,"A",520,"D",270,"D",.,"A",.,"A",1040,"D",180,"D",.,"A",.,"A",.,"A",.,"A"
"20152","03061383",31,0,"1",975,"D",260,"D",.,"A",455,"D",15,"D",.,"A",.,"A",715,"D",0,"D",53,"D",689,"D",.,"A",.,"A"
"20152","03061464",39,0,"1",2600,"D",975,"D",.,"A",520,"D",0,"D",.,"A",.,"A",1625,"D",45,"D",.,"A",.,"A",.,"A",.,"A"
"20152","03061483",45,0,"1",1300,"D",260,"D",.,"A",260,"D",0,"D",.,"A",.,"A",1040,"D",0,"D",30,"D",390,"D",.,"A",.,"A"
"20152","03061554",34,0,"1",1950,"D",260,"D",.,"A",65,"D",0,"D",.,"A",.,"A",1690,"D",45,"D",.,"A",.,"A",.,"A",.,"A"
"20152","03061592",24,0,"1",845,"D",260,"D",.,"A",390,"D",0,"D",.,"A",.,"A",585,"D",0,"D",.,"A",.,"A",.,"A",.,"A"
"20152","03061604",30,0,"1",650,"D",65,"D",.,"A",1300,"D",0,"D",.,"A",.,"A",585,"D",27,"D",30,"D",390,"D",.,"A",.,"A"
"20152","03061614",33,0,"1",650,"D",0,"D",.,"A",130,"D",0,"D",.,"A",.,"A",650,"D",0,"D",.,"A",.,"A",.,"A",.,"A"
"20152","03061633",29,0,"1",650,"D",65,"D",.,"A",260,"D",0,"D",.,"A",.,"A",585,"D",0,"D",.,"A",.,"A",.,"A",.,"A"
"20152","03061683",25,0,"1",1300,"D",650,"D",130,"D",1300,"D",0,"D",.,"A",.,"A",650,"D",300,"D",.,"A",.,"A",.,"A",.,"A"
"20152","03061723",38,0,"1",390,"D",130,"D",.,"A",130,"D",0,"D",.,"A",.,"A",260,"D",0,"D",.,"A",.,"A",.,"A",.,"A"
"20152","03061752",8,0,"1",1950,"D",26,"D",.,"A",0,"D",0,"D",.,"A",.,"A",1924,"D",0,"D",20,"D",260,"D",.,"A",.,"A"
"20152","03061774",29,0,"1",910,"D",130,"D",65,"D",260,"D",0,"D",.,"A",.,"A",780,"D",0,"D",.,"A",.,"A",.,"A",.,"A"
"20152","03061784",29,0,"1",780,"D",104,"D",.,"A",325,"D",0,"D",.,"A",.,"A",676,"D",0,"D",.,"A",.,"A",.,"A",.,"A"
"20152","03061854",14,0,"1",650,"D",195,"D",.,"A",520,"D",0,"D",.,"A",.,"A",455,"D",0,"D",.,"A",.,"A",.,"A",.,"A"
"20152","03061874",53,0,"1",1755,"D",325,"D",65,"D",390,"D",0,"D",.,"A",.,"A",1430,"D",0,"D",.,"A",.,"A",.,"A",.,"A"
"20152","03061932",22,0,"1",1625,"D",325,"D",260,"D",390,"D",0,"D",.,"A",.,"A",1300,"D",0,"D",.,"A",.,"A",130,"D",10,"D"
"20152","03061972",39,0,"1",1300,"D",260,"D",.,"A",650,"D",0,"D",.,"A",.,"A",1040,"D",0,"D",.,"A",.,"A",.,"A",.,"A"
"20152","03062073",27,0,"1",715,"D",65,"D",.,"A",0,"D",0,"D",.,"A",.,"A",650,"D",0,"D",8,"D",104,"D",.,"A",.,"A"
"20152","03062194",44,0,"1",975,"D",130,"D",.,"A",650,"D",75,"D",.,"A",.,"A",845,"D",150,"D",.,"A",.,"A",.,"A",.,"A"
"20152","03062223",36,0,"1",390,"D",65,"D",130,"D",39,"D",0,"D",.,"A",.,"A",325,"D",0,"D",.,"A",.,"A",.,"A",.,"A"
"20152","03062252",44,0,"1",3250,"D",650,"D",.,"A",0,"D",0,"D",.,"A",18,"D",2600,"D",0,"D",.,"A",.,"A",91,"D",7,"D"
"20152","03062323",25,0,"1",650,"D",195,"D",390,"D",78,"D",0,"D",.,"A",.,"A",455,"D",0,"D",.,"A",.,"A",.,"A",.,"A"
"20152","03062354",35,0,"1",1300,"D",0,"D",.,"A",520,"D",1200,"D",.,"A",.,"A",1300,"D",150,"D",.,"A",.,"A",.,"A",.,"A"
"20152","03062364",20,0,"1",1536,"F",.,"A",.,"A",800,"F",175,"F",.,"A",.,"A",1244,"F",168,"F",.,"A",.,"A",.,"A",.,"A"
"20152","03062443",15,0,"1",1300,"D",650,"D",.,"A",260,"D",0,"D",.,"A",.,"A",650,"D",0,"D",.,"A",.,"A",.,"A",.,"A"
"20152","03062494",39,0,"1",2860,"D",650,"D",.,"A",481,"D",0,"D",.,"A",.,"A",2210,"D",0,"D",.,"A",.,"A",.,"A",.,"A"
"20152","03062502",31,0,"1",390,"D",260,"D",.,"A",195,"D",0,"D",.,"A",.,"A",130,"D",330,"D",.,"A",.,"A",.,"A",.,"A"
"20152","03062514",33,0,"1",1300,"D",260,"D",305,"F",130,"D",0,"D",.,"A",.,"A",1040,"D",0,"D",.,"A",.,"A",.,"A",.,"A"
"20152","03062522",11,0,"1",520,"D",65,"D",.,"A",0,"D",0,"D",.,"A",.,"A",455,"D",0,"D",.,"A",.,"A",.,"A",.,"A"
"20152","03062543",22,0,"1",1300,"D",260,"D",.,"A",0,"D",0,"D",.,"A",.,"A",1040,"D",0,"D",.,"A",.,"A",.,"A",.,"A"
"20152","03062572",44,0,"1",650,"D",0,"D",.,"A",0,"D",0,"D",.,"A",.,"A",650,"D",33,"D",6,"D",78,"D",.,"A",.,"A"
"20152","03062604",31,0,"1",1950,"D",390,"D",.,"A",650,"D",30,"D",.,"A",.,"A",1560,"D",30,"D",.,"A",.,"A",.,"A",.,"A"
"20152","03062644",51,0,"1",650,"D",0,"D",.,"A",650,"D",75,"D",.,"A",.,"A",650,"D",30,"D",.,"A",.,"A",.,"A",.,"A"
"20152","03062722",44,0,"1",1300,"D",91,"D",.,"A",1118,"D",0,"D",.,"A",.,"A",1209,"D",30,"D",.,"A",.,"A",.,"A",.,"A"
"20152","03062742",30,0,"1",780,"D",195,"D",.,"A",65,"D",0,"D",.,"A",.,"A",585,"D",60,"D",.,"A",.,"A",.,"A",.,"A"
"20152","03062774",26,0,"1",780,"D",65,"D",780,"D",390,"D",0,"D",.,"A",.,"A",715,"D",0,"D",.,"A",.,"A",.,"A",.,"A"
"20152","03062814",17,0,"1",1040,"D",260,"D",.,"A",390,"D",0,"D",.,"A",.,"A",780,"D",0,"D",.,"A",.,"A",.,"A",.,"A"
"20152","03062824",6,0,"1",650,"D",0,"D",.,"A",0,"D",0,"D",.,"A",.,"A",650,"D",0,"D",.,"A",.,"A",.,"A",.,"A"
"20152","03062832",44,0,"1",1300,"D",650,"D",.,"A",195,"D",30,"D",.,"A",.,"A",650,"D",240,"D",.,"A",.,"A",.,"A",.,"A"
"20152","03062853",36,0,"1",2600,"D",780,"D",.,"A",650,"D",0,"D",.,"A",.,"A",1820,"D",0,"D",55,"D",715,"D",.,"A",.,"A"
"20152","03062873",33,0,"1",793,"F",.,"A",520,"D",260,"D",86,"F",.,"A",.,"A",642,"F",0,"D",30,"D",390,"D",.,"A",.,"A"
"20152","03062914",41,0,"1",650,"D",130,"D",260,"D",715,"D",0,"D",.,"A",.,"A",520,"D",0,"D",.,"A",.,"A",.,"A",.,"A"
"20152","03062922",19,0,"1",1040,"D",195,"D",.,"A",0,"D",0,"D",.,"A",.,"A",845,"D",0,"D",.,"A",.,"A",.,"A",.,"A"
"20152","03062962",59,0,"1",5200,"D",650,"D",.,"A",130,"D",0,"D",.,"A",.,"A",4550,"D",300,"D",.,"A",.,"A",.,"A",.,"A"
"20152","03063034",34,0,"1",1560,"D",0,"D",.,"A",650,"D",0,"D",.,"A",.,"A",1560,"D",0,"D",.,"A",.,"A",.,"A",.,"A"
"20152","03063054",34,0,"1",1625,"D",520,"D",.,"A",390,"D",0,"D",.,"A",.,"A",1105,"D",180,"D",.,"A",.,"A",.,"A",.,"A"
"20152","03063082",50,0,"1",9100,"D",260,"D",.,"A",0,"D",0,"D",.,"A",.,"A",8840,"D",0,"D",.,"A",.,"A",.,"A",.,"A"
"20152","03063094",47,0,"1",1469,"D",0,"D",.,"A",650,"D",0,"D",.,"A",.,"A",1469,"D",0,"D",6,"D",78,"D",117,"D",9,"D"
"20152","03063133",38,0,"1",1300,"D",260,"D",.,"A",260,"D",0,"D",.,"A",.,"A",1040,"D",15,"D",.,"A",.,"A",.,"A",.,"A"
"20152","03063163",51,0,"1",2600,"D",260,"D",.,"A",520,"D",120,"D",.,"A",.,"A",2340,"D",120,"D",6,"D",78,"D",.,"A",.,"A"
"20152","03063183",23,0,"1",195,"D",0,"D",.,"A",182,"D",0,"D",.,"A",.,"A",195,"D",0,"D",.,"A",.,"A",.,"A",.,"A"
"20152","03063192",42,0,"1",1560,"D",650,"D",.,"A",364,"D",0,"D",.,"A",.,"A",910,"D",48,"D",.,"A",.,"A",.,"A",.,"A"
"20152","03063272",32,0,"1",1950,"D",0,"D",.,"A",325,"D",30,"D",.,"A",.,"A",1950,"D",30,"D",.,"A",.,"A",.,"A",.,"A"
"20152","03063303",37,0,"1",2600,"D",520,"D",.,"A",1300,"D",120,"D",.,"A",.,"A",2080,"D",600,"D",.,"A",.,"A",.,"A",.,"A"
"20152","03063424",28,0,"1",780,"D",0,"D",.,"A",1300,"D",0,"D",.,"A",.,"A",780,"D",0,"D",.,"A",.,"A",.,"A",.,"A"
"20152","03063452",20,0,"1",0,"D",.,"A",.,"A",0,"D",0,"D",.,"A",.,"A",0,"D",0,"D",.,"A",.,"A",.,"A",.,"A"
"20152","03063543",28,0,"1",780,"D",130,"D",.,"A",104,"D",0,"D",.,"A",.,"A",650,"D",0,"D",.,"A",.,"A",.,"A",.,"A"
"20152","03063573",27,0,"1",1001,"D",299,"D",.,"A",728,"D",6,"D",.,"A",.,"A",702,"D",6,"D",.,"A",.,"A",.,"A",.,"A"
"20152","03063592",56,0,"1",1300,"D",650,"D",.,"A",0,"D",0,"D",.,"A",.,"A",650,"D",450,"D",.,"A",.,"A",.,"A",.,"A"
"20152","03063614",20,0,"1",455,"D",104,"D",.,"A",26,"D",0,"D",.,"A",.,"A",351,"D",0,"D",.,"A",.,"A",.,"A",.,"A"
"20152","03063654",21,0,"1",1300,"D",325,"D",.,"A",1300,"D",0,"D",.,"A",.,"A",975,"D",0,"D",15,"D",195,"D",.,"A",.,"A"
"20152","03063694",25,0,"1",1950,"D",0,"D",260,"D",0,"D",0,"D",.,"A",195,"D",1950,"D",0,"D",20,"D",260,"D",.,"A",.,"A"
"20152","03063702",45,0,"1",2275,"D",650,"D",.,"A",975,"D",450,"D",.,"A",.,"A",1625,"D",300,"D",25,"D",325,"D",.,"A",.,"A"
"20152","03063763",35,0,"1",1950,"D",325,"D",.,"A",520,"D",150,"D",.,"A",.,"A",1625,"D",60,"D",16,"D",208,"D",130,"D",10,"D"
"20152","03063873",17,0,"1",1040,"D",260,"D",.,"A",780,"D",0,"D",.,"A",.,"A",780,"D",0,"D",25,"D",325,"D",.,"A",.,"A"
"20152","03063894",24,0,"1",1314,"F",.,"A",.,"A",503,"F",0,"D",.,"A",.,"A",1047,"F",0,"D",.,"A",.,"A",65,"D",5,"D"
"20152","03063904",46,0,"1",1222,"D",182,"D",.,"A",65,"D",0,"D",.,"A",.,"A",1040,"D",0,"D",.,"A",.,"A",.,"A",.,"A"
"20152","03063933",20,0,"1",780,"D",65,"D",.,"A",0,"D",0,"D",.,"A",.,"A",715,"D",0,"D",.,"A",.,"A",.,"A",.,"A"
"20152","03063942",26,0,"1",2600,"D",455,"D",325,"D",390,"D",0,"D",.,"A",.,"A",2145,"D",0,"D",.,"A",.,"A",.,"A",.,"A"
"20152","03063992",13,0,"1",910,"D",130,"D",325,"D",650,"D",0,"D",.,"A",.,"A",780,"D",0,"D",.,"A",.,"A",.,"A",.,"A"
"20152","03064003",29,0,"1",650,"D",130,"D",.,"A",0,"D",0,"D",.,"A",.,"A",520,"D",75,"D",.,"A",.,"A",.,"A",.,"A"
"20152","03064034",42,0,"1",1950,"D",650,"D",325,"D",390,"D",0,"D",.,"A",.,"A",1300,"D",150,"D",.,"A",.,"A",.,"A",.,"A"
"20152","03064064",26,0,"1",1300,"D",156,"D",.,"A",0,"D",0,"D",.,"A",.,"A",1144,"D",12,"D",.,"A",.,"A",.,"A",.,"A"
"20152","03064103",31,0,"1",650,"D",130,"D",.,"A",260,"D",6,"D",.,"A",.,"A",520,"D",6,"D",.,"A",.,"A",.,"A",.,"A"
"20152","03064212",35,0,"1",1430,"D",130,"D",.,"A",390,"D",0,"D",.,"A",80,"D",1300,"D",60,"D",28,"D",364,"D",.,"A",.,"A"
"20152","03064223",14,0,"1",585,"D",195,"D",.,"A",0,"D",0,"D",.,"A",.,"A",390,"D",0,"D",.,"A",.,"A",.,"A",.,"A"
"20152","03064264",31,0,"1",910,"D",130,"D",.,"A",520,"D",15,"D",.,"A",.,"A",780,"D",60,"D",40,"D",520,"D",.,"A",.,"A"
"20152","03064272",18,0,"1",3900,"D",1300,"D",.,"A",0,"D",0,"D",.,"A",.,"A",2600,"D",0,"D",.,"A",.,"A",1001,"D",77,"D"
"20152","03064403",51,0,"1",1300,"D",325,"D",.,"A",325,"D",0,"D",.,"A",.,"A",975,"D",60,"D",.,"A",.,"A",.,"A",.,"A"
"20152","03064444",33,0,"1",845,"D",650,"D",.,"A",260,"D",0,"D",.,"A",130,"D",195,"D",0,"D",30,"D",390,"D",.,"A",.,"A"
"20152","03064544",9,0,"1",650,"D",78,"D",.,"A",0,"D",0,"D",.,"A",.,"A",572,"D",0,"D",10,"D",130,"D",.,"A",.,"A"
"20152","03064612",50,0,"1",2600,"D",520,"D",.,"A",780,"D",0,"D",.,"A",.,"A",2080,"D",0,"D",.,"A",.,"A",.,"A",.,"A"
"20152","03064654",28,0,"1",5200,"D",1300,"D",.,"A",975,"D",0,"D",.,"A",900,"D",3900,"D",0,"D",14,"D",182,"D",.,"A",.,"A"
"20152","03064664",41,0,"1",975,"D",0,"D",.,"A",585,"D",45,"D",.,"A",.,"A",975,"D",150,"D",20,"D",260,"D",.,"A",.,"A"
"20152","03064723",29,0,"1",1950,"D",650,"D",.,"A",0,"D",0,"D",.,"A",.,"A",1300,"D",60,"D",.,"A",.,"A",.,"A",.,"A"
"20152","03064764",19,0,"1",1300,"D",390,"D",.,"A",130,"D",0,"D",.,"A",.,"A",910,"D",0,"D",50,"D",650,"D",.,"A",.,"A"
"20152","03064783",31,0,"1",650,"D",130,"D",.,"A",130,"D",0,"D",.,"A",.,"A",520,"D",0,"D",.,"A",.,"A",.,"A",.,"A"
"20152","03064832",20,0,"1",1690,"D",390,"D",.,"A",195,"D",60,"D",.,"A",.,"A",1300,"D",3,"D",.,"A",.,"A",.,"A",.,"A"
"20152","03064844",11,0,"1",2600,"D",325,"D",.,"A",801,"F",77,"F",.,"A",.,"A",2275,"D",135,"F",.,"A",.,"A",.,"A",.,"A"
"20152","03064864",42,0,"1",650,"D",260,"D",.,"A",0,"D",0,"D",.,"A",.,"A",390,"D",45,"D",.,"A",.,"A",.,"A",.,"A"
"20152","03064904",30,0,"1",650,"D",130,"D",.,"A",975,"D",0,"D",.,"A",.,"A",520,"D",0,"D",.,"A",.,"A",.,"A",.,"A"
"20152","03064923",16,0,"1",650,"D",78,"D",.,"A",0,"D",0,"D",.,"A",.,"A",572,"D",0,"D",.,"A",.,"A",.,"A",.,"A"
"20152","03064993",29,0,"1",650,"D",260,"D",.,"A",520,"D",0,"D",.,"A",.,"A",390,"D",0,"D",.,"A",.,"A",91,"D",7,"D"
"20152","03065012",30,0,"1",1625,"D",780,"D",780,"D",455,"D",15,"D",.,"A",20,"D",845,"D",75,"D",.,"A",.,"A",.,"A",.,"A"
"20152","03065043",16,0,"1",0,"D",.,"A",.,"A",0,"D",0,"D",.,"A",.,"A",0,"D",0,"D",56,"D",728,"D",.,"A",.,"A"
"20152","03065104",33,0,"1",1625,"D",355,"F",.,"A",494,"D",0,"D",.,"A",.,"A",1220,"F",60,"D",.,"A",.,"A",.,"A",.,"A"
"20152","03065134",41,0,"1",1625,"D",390,"D",.,"A",325,"D",0,"D",.,"A",.,"A",1235,"D",240,"D",.,"A",.,"A",.,"A",.,"A"
"20152","03065174",24,0,"1",1950,"D",260,"D",.,"A",195,"D",30,"D",.,"A",.,"A",1690,"D",0,"D",10,"D",130,"D",.,"A",.,"A"
"20152","03065183",19,0,"1",390,"D",0,"D",.,"A",0,"D",0,"D",.,"A",.,"A",390,"D",0,"D",.,"A",.,"A",.,"A",.,"A"
"20152","03065193",14,0,"1",930,"F",.,"A",.,"A",471,"F",0,"D",.,"A",.,"A",755,"F",0,"D",.,"A",.,"A",.,"A",.,"A"
"20152","03065202",14,0,"1",520,"D",130,"D",.,"A",130,"D",0,"D",.,"A",.,"A",390,"D",0,"D",.,"A",.,"A",.,"A",.,"A"
"20152","03065223",27,0,"1",1300,"D",130,"D",.,"A",0,"D",0,"D",.,"A",.,"A",1170,"D",0,"D",.,"A",.,"A",.,"A",.,"A"
"20152","03065242",14,0,"1",325,"D",186,"F",.,"A",260,"D",0,"D",.,"A",.,"A",642,"F",0,"D",.,"A",.,"A",.,"A",.,"A"
"20152","03065343",27,0,"1",455,"D",130,"D",.,"A",390,"D",0,"D",.,"A",.,"A",325,"D",60,"D",.,"A",.,"A",.,"A",.,"A"
"20152","03065414",23,0,"1",325,"D",65,"D",.,"A",260,"D",0,"D",.,"A",.,"A",260,"D",0,"D",.,"A",.,"A",.,"A",.,"A"
"20152","03065432",42,0,"1",2600,"D",975,"D",.,"A",975,"D",0,"D",.,"A",14,"D",1625,"D",0,"D",.,"A",.,"A",.,"A",.,"A"
"20152","03065464",26,0,"1",650,"D",26,"D",208,"D",0,"D",90,"D",.,"A",.,"A",624,"D",195,"D",10,"D",130,"D",.,"A",.,"A"
"20152","03065473",21,0,"1",2600,"D",650,"D",.,"A",650,"D",0,"D",.,"A",.,"A",1950,"D",0,"D",.,"A",.,"A",.,"A",.,"A"
"20152","03065503",23,0,"1",1040,"D",260,"D",.,"A",0,"D",0,"D",.,"A",.,"A",780,"D",0,"D",.,"A",.,"A",.,"A",.,"A"
"20152","03065523",31,0,"1",1950,"D",260,"D",.,"A",1040,"D",60,"D",.,"A",1440,"D",1690,"D",120,"D",.,"A",.,"A",.,"A",.,"A"
"20152","03065622",26,0,"1",1300,"D",130,"D",.,"A",0,"D",0,"D",.,"A",.,"A",1170,"D",45,"D",.,"A",.,"A",.,"A",.,"A"
"20152","03065702",50,0,"1",1820,"D",260,"D",.,"A",520,"D",60,"D",.,"A",.,"A",1560,"D",60,"D",.,"A",.,"A",.,"A",.,"A"
"20152","03065782",29,0,"1",975,"D",325,"D",.,"A",260,"D",30,"D",.,"A",.,"A",650,"D",60,"D",.,"A",.,"A",.,"A",.,"A"
"20152","03065832",17,0,"1",1170,"D",130,"D",.,"A",0,"D",0,"D",.,"A",.,"A",1040,"D",0,"D",.,"A",.,"A",.,"A",.,"A"
"20152","03065844",52,0,"1",2340,"D",585,"D",.,"A",1300,"D",120,"D",.,"A",.,"A",1755,"D",180,"D",.,"A",.,"A",.,"A",.,"A"
"20152","03065863",32,0,"1",1950,"D",650,"D",260,"D",910,"D",75,"D",.,"A",80,"D",1300,"D",60,"D",.,"A",.,"A",.,"A",.,"A"
"20152","03065952",34,0,"1",780,"D",260,"D",.,"A",910,"D",0,"D",.,"A",.,"A",520,"D",0,"D",.,"A",.,"A",.,"A",.,"A"
"20152","03066002",12,0,"1",910,"D",416,"F",.,"A",195,"D",77,"F",.,"A",.,"A",1810,"F",135,"F",.,"A",.,"A",.,"A",.,"A"
"20152","03066014",15,0,"1",1950,"D",272,"F",.,"A",0,"D",0,"D",.,"A",.,"A",1047,"F",0,"D",.,"A",.,"A",.,"A",.,"A"
"20152","03066114",13,0,"1",650,"D",0,"D",39,"D",1950,"D",0,"D",.,"A",.,"A",650,"D",0,"D",.,"A",.,"A",.,"A",.,"A"
"20152","03066144",16,0,"1",1300,"D",130,"D",.,"A",0,"D",0,"D",.,"A",.,"A",1170,"D",0,"D",.,"A",.,"A",.,"A",.,"A"
"20152","03066154",53,0,"1",2080,"D",195,"D",.,"A",325,"D",0,"D",.,"A",.,"A",1885,"D",0,"D",.,"A",.,"A",.,"A",.,"A"
"20152","03066164",22,0,"1",1950,"D",195,"D",.,"A",760,"F",113,"F",.,"A",.,"A",1755,"D",107,"F",.,"A",.,"A",.,"A",.,"A"
"20152","03066224",33,0,"1",975,"D",325,"D",.,"A",1560,"D",45,"D",130,"D",.,"A",650,"D",0,"D",.,"A",.,"A",.,"A",.,"A"
"20152","03066252",36,0,"1",1950,"D",650,"D",.,"A",390,"D",0,"D",.,"A",.,"A",1300,"D",0,"D",.,"A",.,"A",.,"A",.,"A"
"20152","03066322",17,0,"1",975,"D",130,"D",.,"A",650,"D",0,"D",.,"A",.,"A",845,"D",0,"D",.,"A",.,"A",.,"A",.,"A"
"20152","03066332",26,0,"1",2600,"D",299,"D",.,"A",0,"D",0,"D",.,"A",.,"A",2301,"D",0,"D",44,"D",572,"D",.,"A",.,"A"
"20152","03066354",75,0,"1",4160,"D",780,"D",520,"D",650,"D",60,"D",.,"A",.,"A",3380,"D",270,"D",.,"A",.,"A",.,"A",.,"A"
"20152","03066384",15,0,"1",650,"D",0,"D",.,"A",0,"D",0,"D",.,"A",.,"A",650,"D",0,"D",.,"A",.,"A",65,"D",5,"D"
"20152","03066404",28,0,"1",1950,"D",650,"D",.,"A",650,"D",60,"D",.,"A",.,"A",1300,"D",45,"D",.,"A",.,"A",.,"A",.,"A"
"20152","03066514",24,0,"1",1105,"D",195,"D",.,"A",0,"D",0,"D",.,"A",65,"D",910,"D",0,"D",.,"A",.,"A",.,"A",.,"A"
"20152","03066532",24,0,"1",1560,"D",260,"D",.,"A",390,"D",0,"D",.,"A",.,"A",1300,"D",0,"D",.,"A",.,"A",.,"A",.,"A"
"20152","03066572",25,0,"1",1950,"D",780,"D",130,"D",650,"D",60,"D",.,"A",.,"A",1170,"D",60,"D",.,"A",.,"A",.,"A",.,"A"
"20152","03066604",47,0,"1",11700,"D",5200,"D",.,"A",1300,"D",600,"D",.,"A",.,"A",6500,"D",150,"D",.,"A",.,"A",.,"A",.,"A"
"20152","03066702",24,0,"1",1625,"D",260,"D",.,"A",260,"D",0,"D",.,"A",.,"A",1365,"D",300,"D",.,"A",.,"A",.,"A",.,"A"
"20152","03066714",81,0,"1",1950,"D",390,"D",208,"D",1755,"D",0,"D",.,"A",.,"A",1560,"D",0,"D",.,"A",.,"A",.,"A",.,"A"
"20152","03066753",28,0,"1",650,"D",130,"D",.,"A",1300,"D",0,"D",.,"A",.,"A",520,"D",0,"D",.,"A",.,"A",.,"A",.,"A"
"20152","03066763",19,0,"1",6500,"D",1560,"D",.,"A",0,"D",0,"D",.,"A",.,"A",4940,"D",180,"D",.,"A",.,"A",.,"A",.,"A"
"20152","03066774",26,0,"1",650,"D",65,"D",130,"D",325,"D",0,"D",.,"A",.,"A",585,"D",0,"D",.,"A",.,"A",.,"A",.,"A"
"20152","03066792",40,0,"1",715,"D",195,"D",.,"A",0,"D",60,"D",.,"A",.,"A",520,"D",120,"D",.,"A",.,"A",.,"A",.,"A"
"20152","03066812",44,0,"1",468,"D",0,"D",.,"A",0,"D",0,"D",.,"A",.,"A",468,"D",0,"D",100,"D",1300,"D",.,"A",.,"A"
"20152","03066824",14,0,"1",650,"D",195,"D",.,"A",130,"D",45,"D",.,"A",.,"A",455,"D",60,"D",.,"A",.,"A",.,"A",.,"A"
"20152","03066834",33,0,"1",975,"D",390,"D",65,"D",1625,"D",0,"D",.,"A",.,"A",585,"D",0,"D",.,"A",.,"A",.,"A",.,"A"
"20152","03066872",22,0,"1",1300,"D",325,"D",.,"A",0,"D",0,"D",.,"A",30,"D",975,"D",30,"D",18,"D",234,"D",.,"A",.,"A"
"20152","03066904",23,0,"1",1300,"D",260,"D",260,"D",390,"D",0,"D",.,"A",336,"D",1040,"D",120,"D",45,"D",585,"D",.,"A",.,"A"
"20152","03066914",26,0,"1",975,"D",130,"D",.,"A",260,"D",60,"D",.,"A",.,"A",845,"D",600,"D",75,"D",975,"D",.,"A",.,"A"
"20152","03066923",24,0,"1",1300,"D",390,"D",.,"A",325,"D",0,"D",.,"A",.,"A",910,"D",0,"D",.,"A",.,"A",.,"A",.,"A"
"20152","03066954",38,0,"1",1300,"D",260,"D",65,"D",260,"D",0,"D",.,"A",.,"A",1040,"D",0,"D",.,"A",.,"A",.,"A",.,"A"
"20152","03066974",20,0,"1",975,"D",195,"D",.,"A",0,"D",0,"D",.,"A",.,"A",780,"D",0,"D",.,"A",.,"A",.,"A",.,"A"
"20152","03067004",27,0,"1",1690,"D",390,"D",.,"A",585,"D",30,"D",.,"A",.,"A",1300,"D",75,"D",5,"D",65,"D",.,"A",.,"A"
"20152","03067034",14,0,"1",975,"D",455,"D",.,"A",0,"D",0,"D",.,"A",.,"A",520,"D",6,"D",.,"A",.,"A",.,"A",.,"A"
"20152","03067042",32,0,"1",845,"D",169,"D",.,"A",195,"D",0,"D",.,"A",.,"A",676,"D",0,"D",.,"A",.,"A",.,"A",.,"A"
"20152","03067062",22,0,"1",1950,"D",0,"D",.,"A",0,"D",0,"D",.,"A",.,"A",1950,"D",0,"D",.,"A",.,"A",.,"A",.,"A"
"20152","03067103",19,0,"1",975,"D",130,"D",.,"A",520,"D",0,"D",.,"A",.,"A",845,"D",0,"D",.,"A",.,"A",.,"A",.,"A"
"20152","03067142",55,0,"1",3575,"D",195,"D",.,"A",520,"D",15,"D",.,"A",.,"A",3380,"D",60,"D",.,"A",.,"A",.,"A",.,"A"
"20152","03067152",27,0,"1",1755,"D",845,"D",.,"A",0,"D",0,"D",.,"A",.,"A",910,"D",0,"D",.,"A",.,"A",.,"A",.,"A"
"20152","03067193",31,0,"1",1105,"D",0,"D",.,"A",0,"D",6,"D",.,"A",.,"A",1105,"D",6,"D",15,"D",195,"D",.,"A",.,"A"
"20152","03067334",64,0,"1",572,"D",325,"D",.,"A",910,"D",36,"D",.,"A",.,"A",247,"D",0,"D",.,"A",.,"A",.,"A",.,"A"
"20152","03067363",22,0,"1",2600,"D",390,"D",.,"A",260,"D",0,"D",.,"A",.,"A",2210,"D",0,"D",.,"A",.,"A",.,"A",.,"A"
"20152","03067424",11,0,"1",260,"D",65,"D",195,"D",195,"D",0,"D",.,"A",.,"A",195,"D",30,"D",.,"A",.,"A",.,"A",.,"A"
"20152","03067443",14,0,"1",1300,"D",130,"D",.,"A",0,"D",0,"D",.,"A",.,"A",1170,"D",0,"D",40,"D",520,"D",.,"A",.,"A"
"20152","03067513",31,0,"1",3900,"D",0,"D",0,"D",650,"D",0,"D",.,"A",.,"A",3900,"D",12,"D",0,"D",0,"D",65,"D",5,"D"
"20152","03067552",59,0,"1",975,"D",260,"D",65,"D",520,"D",0,"D",.,"A",.,"A",715,"D",0,"D",.,"A",.,"A",.,"A",.,"A"
"20152","03067624",20,0,"1",910,"D",130,"D",.,"A",260,"D",0,"D",.,"A",.,"A",780,"D",60,"D",40,"D",520,"D",.,"A",.,"A"
"20152","03067643",33,0,"1",1950,"D",0,"D",.,"A",390,"D",0,"D",.,"A",.,"A",1950,"D",0,"D",.,"A",.,"A",.,"A",.,"A"
"20152","03067663",26,0,"1",2340,"D",195,"D",.,"A",910,"D",360,"D",.,"A",.,"A",2145,"D",360,"D",.,"A",.,"A",.,"A",.,"A"
"20152","03067703",36,0,"1",3250,"D",455,"D",.,"A",975,"D",30,"D",.,"A",.,"A",2795,"D",60,"D",.,"A",.,"A",.,"A",.,"A"
"20152","03067782",43,0,"1",1950,"D",260,"D",.,"A",0,"D",0,"D",.,"A",.,"A",1690,"D",0,"D",126,"D",1638,"D",.,"A",.,"A"
"20152","03067863",11,0,"1",455,"D",0,"D",.,"A",0,"D",0,"D",.,"A",.,"A",455,"D",0,"D",.,"A",.,"A",.,"A",.,"A"
"20152","03067873",22,0,"1",1300,"D",195,"D",.,"A",650,"D",150,"D",.,"A",.,"A",1105,"D",150,"D",.,"A",.,"A",.,"A",.,"A"
"20152","03067914",17,0,"1",260,"D",130,"D",.,"A",0,"D",0,"D",.,"A",.,"A",130,"D",0,"D",15,"D",195,"D",.,"A",.,"A"
"20152","03067934",36,0,"1",2600,"D",650,"D",.,"A",2600,"D",1200,"D",.,"A",.,"A",1950,"D",150,"D",.,"A",.,"A",.,"A",.,"A"
"20152","03067983",39,0,"1",1300,"D",130,"D",.,"A",650,"D",0,"D",.,"A",.,"A",1170,"D",0,"D",.,"A",.,"A",.,"A",.,"A"
"20152","03068033",29,0,"1",975,"D",195,"D",.,"A",0,"D",0,"D",.,"A",.,"A",780,"D",0,"D",.,"A",.,"A",.,"A",.,"A"
"20152","03068092",20,0,"1",975,"D",0,"D",.,"A",260,"D",0,"D",.,"A",.,"A",975,"D",0,"D",15,"D",195,"D",.,"A",.,"A"
"20152","03068242",35,0,"1",1040,"D",195,"D",.,"A",390,"D",0,"D",.,"A",.,"A",845,"D",0,"D",70,"D",910,"D",.,"A",.,"A"
"20152","03068303",52,0,"1",1625,"D",390,"D",.,"A",650,"D",60,"D",.,"A",300,"D",1235,"D",90,"D",.,"A",.,"A",.,"A",.,"A"
"20152","03068392",32,0,"1",2262,"D",0,"D",104,"D",65,"D",0,"D",.,"A",.,"A",2262,"D",0,"D",.,"A",.,"A",.,"A",.,"A"
"20152","03068414",42,0,"1",1950,"D",0,"D",1300,"D",650,"D",0,"D",.,"A",.,"A",1950,"D",0,"D",.,"A",.,"A",.,"A",.,"A"
"20152","03068463",45,0,"1",650,"D",130,"D",.,"A",260,"D",0,"D",.,"A",.,"A",520,"D",0,"D",.,"A",.,"A",.,"A",.,"A"
"20152","03068502",16,0,"1",1560,"D",260,"D",195,"D",0,"D",0,"D",.,"A",.,"A",1300,"D",0,"D",15,"D",195,"D",.,"A",.,"A"
"20152","03068514",59,0,"1",1625,"D",195,"D",.,"A",390,"D",0,"D",1,"D",.,"A",1430,"D",0,"D",.,"A",.,"A",.,"A",.,"A"
"20152","03068542",44,0,"1",975,"D",260,"D",.,"A",0,"D",0,"D",.,"A",.,"A",715,"D",60,"D",.,"A",.,"A",.,"A",.,"A"
"20152","03068563",30,0,"1",1560,"D",130,"D",.,"A",0,"D",0,"D",.,"A",.,"A",1430,"D",0,"D",60,"D",780,"D",.,"A",.,"A"
"20152","03068644",17,0,"1",845,"D",195,"D",.,"A",0,"D",0,"D",.,"A",.,"A",650,"D",0,"D",.,"A",.,"A",.,"A",.,"A"
"20152","03068654",22,0,"1",845,"D",260,"D",.,"A",390,"D",0,"D",.,"A",.,"A",585,"D",90,"D",20,"D",260,"D",325,"D",25,"D"
"20152","03068694",17,0,"1",390,"D",130,"D",.,"A",0,"D",0,"D",.,"A",.,"A",260,"D",0,"D",.,"A",.,"A",.,"A",.,"A"
"20152","03068713",38,0,"1",715,"D",390,"D",.,"A",520,"D",0,"D",.,"A",.,"A",325,"D",240,"D",.,"A",.,"A",.,"A",.,"A"
"20152","03068754",58,0,"1",1560,"D",390,"D",.,"A",1170,"D",45,"D",.,"A",.,"A",1170,"D",30,"D",.,"A",.,"A",.,"A",.,"A"
"20152","03068812",18,0,"1",975,"D",195,"D",130,"D",390,"D",0,"D",.,"A",.,"A",780,"D",0,"D",.,"A",.,"A",.,"A",.,"A"
"20152","03068833",44,0,"1",1950,"D",650,"D",.,"A",520,"D",0,"D",.,"A",.,"A",1300,"D",0,"D",.,"A",.,"A",.,"A",.,"A"
"20152","03068852",20,0,"1",1300,"D",390,"D",.,"A",0,"D",0,"D",.,"A",.,"A",910,"D",0,"D",.,"A",.,"A",.,"A",.,"A"
"20152","03068964",29,0,"1",3250,"D",650,"D",975,"D",780,"D",0,"D",.,"A",300,"D",2600,"D",600,"D",.,"A",.,"A",.,"A",.,"A"
"20152","03068983",21,0,"1",780,"D",130,"D",.,"A",130,"D",60,"D",.,"A",.,"A",650,"D",36,"D",20,"D",260,"D",.,"A",.,"A"
"20152","03069022",11,0,"1",1300,"D",130,"D",.,"A",260,"D",0,"D",.,"A",.,"A",1170,"D",60,"D",.,"A",.,"A",650,"D",50,"D"
"20152","03069034",28,0,"1",7800,"D",439,"F",.,"A",325,"D",0,"D",.,"A",.,"A",1654,"F",450,"D",.,"A",.,"A",.,"A",.,"A"
"20152","03069134",17,0,"1",520,"D",65,"D",.,"A",130,"D",0,"D",.,"A",.,"A",455,"D",0,"D",.,"A",.,"A",.,"A",.,"A"
"20152","03069164",19,0,"1",2600,"D",65,"D",.,"A",0,"D",0,"D",.,"A",.,"A",2535,"D",0,"D",.,"A",.,"A",.,"A",.,"A"
"20152","03069172",17,0,"1",975,"D",260,"D",.,"A",0,"D",0,"D",.,"A",.,"A",715,"D",0,"D",.,"A",.,"A",.,"A",.,"A"
"20152","03069204",23,0,"1",910,"D",0,"D",.,"A",0,"D",0,"D",.,"A",.,"A",910,"D",0,"D",.,"A",.,"A",.,"A",.,"A"
"20152","03069294",27,0,"1",1300,"D",195,"D",.,"A",1300,"D",60,"D",.,"A",.,"A",1105,"D",120,"D",.,"A",.,"A",.,"A",.,"A"
"20152","03069302",72,0,"1",1755,"D",195,"D",130,"D",1040,"D",15,"D",.,"A",.,"A",1560,"D",150,"D",.,"A",.,"A",.,"A",.,"A"
"20152","03069322",17,0,"1",1300,"D",130,"D",130,"D",0,"D",0,"D",.,"A",.,"A",1170,"D",0,"D",.,"A",.,"A",.,"A",.,"A"
"20152","03069344",40,0,"1",1625,"D",195,"D",.,"A",390,"D",0,"D",.,"A",.,"A",1430,"D",75,"D",.,"A",.,"A",.,"A",.,"A"
"20152","03069493",34,0,"1",1625,"D",130,"D",.,"A",195,"D",0,"D",.,"A",.,"A",1495,"D",141,"F",.,"A",.,"A",.,"A",.,"A"
"20152","03069584",27,0,"1",1300,"D",260,"D",325,"D",455,"D",0,"D",.,"A",.,"A",1040,"D",0,"D",.,"A",.,"A",.,"A",.,"A"
"20152","03069603",33,0,"1",3250,"D",650,"D",.,"A",390,"D",75,"D",.,"A",.,"A",2600,"D",300,"D",6,"D",78,"D",.,"A",.,"A"
"20152","03069613",79,0,"1",1040,"D",130,"D",.,"A",390,"D",15,"D",.,"A",.,"A",910,"D",30,"D",.,"A",.,"A",.,"A",.,"A"
"20152","03069652",48,0,"1",910,"D",65,"D",.,"A",455,"D",0,"D",.,"A",.,"A",845,"D",0,"D",.,"A",.,"A",.,"A",.,"A"
"20152","03069694",10,0,"1",780,"D",0,"D",309,"F",650,"D",0,"D",.,"A",.,"A",780,"D",0,"D",.,"A",.,"A",.,"A",.,"A"
"20152","03069714",35,0,"1",2600,"D",975,"D",.,"A",0,"D",0,"D",.,"A",363,"D",1625,"D",0,"D",.,"A",.,"A",.,"A",.,"A"
"20152","03069764",68,0,"1",1625,"D",260,"D",260,"D",650,"D",0,"D",.,"A",.,"A",1365,"D",0,"D",.,"A",.,"A",.,"A",.,"A"
"20152","03069783",47,0,"1",1950,"D",650,"D",.,"A",325,"D",0,"D",.,"A",.,"A",1300,"D",0,"D",80,"D",1040,"D",.,"A",.,"A"
"20152","03069834",48,0,"1",2275,"D",325,"D",195,"D",390,"D",0,"D",.,"A",288,"D",1950,"D",36,"D",.,"A",.,"A",.,"A",.,"A"
"20152","03069864",38,0,"1",585,"D",195,"D",130,"D",520,"D",0,"D",.,"A",.,"A",390,"D",15,"D",.,"A",.,"A",.,"A",.,"A"
"20152","03069962",27,0,"1",1040,"D",260,"D",.,"A",910,"D",0,"D",.,"A",.,"A",780,"D",0,"D",.,"A",.,"A",.,"A",.,"A"
"20152","03069993",46,0,"1",325,"D",65,"D",.,"A",195,"D",30,"D",.,"A",.,"A",260,"D",15,"D",.,"A",.,"A",.,"A",.,"A"
"20152","03070043",35,0,"1",975,"D",195,"D",.,"A",390,"D",30,"D",.,"A",.,"A",780,"D",120,"D",.,"A",.,"A",195,"D",15,"D"
"20152","03070074",38,0,"1",2600,"D",169,"D",.,"A",455,"D",0,"D",.,"A",.,"A",2431,"D",0,"D",35,"D",455,"D",.,"A",.,"A"
"20152","03070093",16,0,"1",2600,"D",650,"D",390,"D",520,"D",0,"D",.,"A",.,"A",1950,"D",0,"D",17,"D",221,"D",.,"A",.,"A"
"20152","03070102",55,0,"1",2080,"D",520,"D",390,"D",650,"D",0,"D",.,"A",225,"D",1560,"D",150,"D",.,"A",.,"A",390,"D",30,"D"
"20152","03070212",38,0,"1",1950,"D",0,"D",.,"A",260,"D",0,"D",.,"A",.,"A",1950,"D",0,"D",.,"A",.,"A",.,"A",.,"A"
"20152","03070232",64,0,"1",2600,"D",650,"D",10400,"D",0,"D",0,"D",.,"A",.,"A",1950,"D",150,"D",.,"A",.,"A",.,"A",.,"A"
"20152","03070244",28,0,"1",650,"D",0,"D",.,"A",130,"D",0,"D",.,"A",.,"A",650,"D",0,"D",.,"A",.,"A",.,"A",.,"A"
"20152","03070262",25,0,"1",3900,"D",1950,"D",1300,"D",260,"D",90,"D",.,"A",60,"D",1950,"D",30,"D",.,"A",.,"A",.,"A",.,"A"
"20152","03070284",20,0,"1",975,"D",325,"D",.,"A",0,"D",0,"D",.,"A",.,"A",650,"D",0,"D",.,"A",.,"A",.,"A",.,"A"
"20152","03070332",60,0,"1",2860,"D",260,"D",260,"D",1300,"D",450,"D",.,"A",413,"D",2600,"D",450,"D",.,"A",.,"A",.,"A",.,"A"
"20152","03070342",52,0,"1",975,"D",260,"D",.,"A",260,"D",0,"D",.,"A",.,"A",715,"D",0,"D",.,"A",.,"A",.,"A",.,"A"
"20152","03070362",26,0,"1",1235,"D",130,"D",.,"A",325,"D",0,"D",.,"A",.,"A",1105,"D",0,"D",.,"A",.,"A",.,"A",.,"A"
"20152","03070384",30,0,"1",1300,"D",91,"D",.,"A",195,"D",0,"D",.,"A",36,"D",1209,"D",0,"D",18,"D",234,"D",.,"A",.,"A"
"20152","03070412",10,0,"1",0,"D",.,"A",520,"D",130,"D",0,"D",.,"A",.,"A",0,"D",360,"D",10,"D",130,"D",.,"A",.,"A"
"20152","03070452",30,0,"1",1300,"D",260,"D",.,"A",650,"D",15,"D",.,"A",.,"A",1040,"D",300,"D",.,"A",.,"A",.,"A",.,"A"
"20152","03070463",36,0,"1",975,"D",325,"D",650,"D",325,"D",0,"D",.,"A",.,"A",650,"D",0,"D",.,"A",.,"A",.,"A",.,"A"
"20152","03070492",20,0,"1",260,"D",0,"D",52,"D",130,"D",0,"D",.,"A",.,"A",260,"D",51,"D",9,"D",117,"D",.,"A",.,"A"
"20152","03070544",26,0,"1",325,"D",78,"D",.,"A",65,"D",0,"D",.,"A",.,"A",247,"D",0,"D",.,"A",.,"A",.,"A",.,"A"
"20152","03070594",27,0,"1",1300,"D",325,"D",.,"A",520,"D",0,"D",.,"A",.,"A",975,"D",0,"D",.,"A",.,"A",.,"A",.,"A"
"20152","03070673",46,0,"1",1365,"D",325,"D",195,"D",780,"D",9,"D",.,"A",.,"A",1040,"D",0,"D",.,"A",.,"A",.,"A",.,"A"
"20152","03070703",13,0,"1",845,"D",195,"D",.,"A",0,"D",0,"D",.,"A",.,"A",650,"D",300,"D",80,"D",1040,"D",.,"A",.,"A"
"20152","03070812",53,0,"1",1950,"D",130,"D",130,"D",520,"D",0,"D",.,"A",.,"A",1820,"D",0,"D",.,"A",.,"A",.,"A",.,"A"
"20152","03070854",35,0,"1",3250,"D",325,"D",.,"A",780,"D",60,"D",.,"A",.,"A",2925,"D",300,"D",.,"A",.,"A",.,"A",.,"A"
"20152","03070864",18,0,"1",2600,"D",650,"D",.,"A",801,"F",0,"D",.,"A",.,"A",1950,"D",0,"D",.,"A",.,"A",.,"A",.,"A"
"20152","03070872",16,0,"1",390,"D",0,"D",.,"A",130,"D",150,"D",.,"A",.,"A",390,"D",300,"D",.,"A",.,"A",.,"A",.,"A"
"20152","03070882",22,0,"1",585,"D",130,"D",.,"A",0,"D",0,"D",.,"A",.,"A",455,"D",0,"D",.,"A",.,"A",.,"A",.,"A"
"20152","03070893",61,0,"1",1625,"D",585,"D",.,"A",390,"D",0,"D",.,"A",.,"A",1040,"D",0,"D",.,"A",.,"A",.,"A",.,"A"
"20152","03070934",28,0,"1",650,"D",104,"D",.,"A",260,"D",0,"D",.,"A",.,"A",546,"D",0,"D",45,"D",585,"D",.,"A",.,"A"
"20152","03070942",12,0,"1",1300,"D",260,"D",.,"A",260,"D",0,"D",.,"A",.,"A",1040,"D",0,"D",.,"A",.,"A",.,"A",.,"A"
"20152","03070993",20,0,"1",520,"D",65,"D",.,"A",0,"D",0,"D",.,"A",.,"A",455,"D",0,"D",.,"A",.,"A",.,"A",.,"A"
"20152","03071073",26,0,"1",1950,"D",390,"D",.,"A",650,"D",60,"D",.,"A",.,"A",1560,"D",90,"D",.,"A",.,"A",.,"A",.,"A"
"20152","03071084",21,0,"1",2600,"D",390,"D",455,"D",975,"D",90,"D",246,"F",.,"A",2210,"D",225,"D",.,"A",.,"A",.,"A",.,"A"
"20152","03071094",41,0,"1",1950,"D",130,"D",.,"A",0,"D",0,"D",.,"A",.,"A",1820,"D",30,"D",.,"A",.,"A",.,"A",.,"A"
"20152","03071124",29,0,"1",1300,"D",390,"D",.,"A",325,"D",0,"D",.,"A",.,"A",910,"D",0,"D",40,"D",520,"D",.,"A",.,"A"
"20152","03071134",38,0,"1",4550,"D",1040,"D",390,"D",1638,"D",0,"D",.,"A",600,"D",3510,"D",0,"D",.,"A",.,"A",.,"A",.,"A"
"20152","03071163",33,0,"1",1625,"D",130,"D",.,"A",195,"D",0,"D",.,"A",.,"A",1495,"D",0,"D",.,"A",.,"A",.,"A",.,"A"
"20152","03071173",37,0,"1",0,"D",.,"A",.,"A",650,"D",0,"D",.,"A",.,"A",0,"D",0,"D",.,"A",.,"A",.,"A",.,"A"
"20152","03071183",21,0,"1",650,"D",130,"D",.,"A",2600,"D",45,"D",.,"A",.,"A",520,"D",30,"D",.,"A",.,"A",.,"A",.,"A"
"20152","03071222",87,0,"1",3250,"D",650,"D",455,"D",975,"D",0,"D",.,"A",.,"A",2600,"D",105,"D",.,"A",.,"A",.,"A",.,"A"
"20152","03071252",39,0,"1",1170,"D",130,"D",.,"A",520,"D",0,"D",.,"A",40,"D",1040,"D",0,"D",.,"A",.,"A",.,"A",.,"A"
"20152","03071293",29,0,"1",520,"D",52,"D",.,"A",650,"D",0,"D",.,"A",.,"A",468,"D",30,"D",.,"A",.,"A",.,"A",.,"A"
"20152","03071364",39,0,"1",1560,"D",650,"D",390,"D",520,"D",0,"D",.,"A",.,"A",910,"D",0,"D",.,"A",.,"A",.,"A",.,"A"
"20152","03071422",19,0,"1",1300,"D",390,"D",195,"D",260,"D",0,"D",.,"A",.,"A",910,"D",180,"D",30,"D",390,"D",39,"D",3,"D"
"20152","03071473",23,0,"1",650,"D",260,"D",.,"A",0,"D",0,"D",.,"A",.,"A",390,"D",240,"D",20,"D",260,"D",130,"D",10,"D"
"20152","03071503",21,0,"1",1690,"D",390,"D",325,"D",390,"D",0,"D",.,"A",.,"A",1300,"D",0,"D",25,"D",325,"D",.,"A",.,"A"
"20152","03071524",44,0,"1",1300,"D",390,"D",130,"D",130,"D",60,"D",.,"A",.,"A",910,"D",120,"D",.,"A",.,"A",.,"A",.,"A"
"20152","03071562",26,0,"1",130,"D",91,"D",.,"A",520,"D",0,"D",.,"A",.,"A",39,"D",0,"D",.,"A",.,"A",.,"A",.,"A"
"20152","03071613",24,0,"1",1625,"D",260,"D",260,"D",390,"D",0,"D",.,"A",.,"A",1365,"D",75,"D",.,"A",.,"A",.,"A",.,"A"
"20152","03071643",73,0,"1",2275,"D",390,"D",.,"A",2275,"D",0,"D",.,"A",88,"D",1885,"D",0,"D",.,"A",.,"A",.,"A",.,"A"
"20152","03071662",41,0,"1",2600,"D",260,"D",.,"A",520,"D",45,"D",.,"A",.,"A",2340,"D",135,"D",.,"A",.,"A",.,"A",.,"A"
"20152","03071702",39,0,"1",1404,"D",65,"D",.,"A",260,"D",60,"D",.,"A",120,"D",1339,"D",90,"D",30,"D",390,"D",.,"A",.,"A"
"20152","03071834",26,0,"1",1950,"D",650,"D",.,"A",0,"D",0,"D",.,"A",.,"A",1300,"D",0,"D",.,"A",.,"A",.,"A",.,"A"
"20152","03071844",20,0,"1",1300,"D",390,"D",.,"A",390,"D",0,"D",.,"A",.,"A",910,"D",0,"D",5,"D",65,"D",.,"A",.,"A"
"20152","03071852",55,0,"1",2769,"D",260,"D",.,"A",1430,"D",0,"D",.,"A",.,"A",2509,"D",120,"D",.,"A",.,"A",.,"A",.,"A"
"20152","03071922",88,0,"1",325,"D",65,"D",.,"A",0,"D",0,"D",.,"A",.,"A",260,"D",75,"D",60,"D",780,"D",.,"A",.,"A"
"20152","03071944",10,0,"1",650,"D",130,"D",.,"A",130,"D",0,"D",.,"A",.,"A",520,"D",0,"D",49,"D",637,"D",.,"A",.,"A"
"20152","03071974",42,0,"1",975,"D",650,"D",.,"A",3900,"D",0,"D",.,"A",.,"A",325,"D",0,"D",.,"A",.,"A",.,"A",.,"A"
"20152","03071984",25,0,"1",1536,"F",.,"A",.,"A",800,"F",0,"D",.,"A",.,"A",1244,"F",0,"D",.,"A",.,"A",.,"A",.,"A"
"20152","03072023",59,0,"1",1300,"D",325,"D",.,"A",1300,"D",0,"D",.,"A",.,"A",975,"D",0,"D",100,"D",1300,"D",.,"A",.,"A"
"20152","03072053",38,0,"1",2600,"D",455,"D",.,"A",390,"D",150,"D",.,"A",.,"A",2145,"D",150,"D",20,"D",260,"D",.,"A",.,"A"
"20152","03072062",47,0,"1",1950,"D",390,"D",.,"A",390,"D",0,"D",.,"A",.,"A",1560,"D",0,"D",.,"A",.,"A",.,"A",.,"A"
"20152","03072074",23,0,"1",975,"D",455,"D",.,"A",471,"F",0,"D",.,"A",.,"A",520,"D",180,"D",.,"A",.,"A",.,"A",.,"A"
"20152","03072183",30,0,"1",1560,"D",585,"D",.,"A",0,"D",0,"D",.,"A",.,"A",975,"D",0,"D",.,"A",.,"A",.,"A",.,"A"
"20152","03072202",68,0,"1",2860,"D",520,"D",.,"A",780,"D",0,"D",.,"A",.,"A",2340,"D",0,"D",.,"A",.,"A",.,"A",.,"A"
"20152","03072213",38,0,"1",1365,"D",455,"D",.,"A",130,"D",0,"D",.,"A",.,"A",910,"D",0,"D",.,"A",.,"A",.,"A",.,"A"
"20152","03072234",25,0,"1",1300,"D",260,"D",.,"A",1300,"D",60,"D",158,"D",.,"A",1040,"D",150,"D",.,"A",.,"A",.,"A",.,"A"
"20152","03072283",19,0,"1",650,"D",130,"D",.,"A",0,"D",0,"D",.,"A",.,"A",520,"D",0,"D",30,"D",390,"D",.,"A",.,"A"
"20152","03072302",16,0,"1",3900,"D",650,"D",.,"A",1040,"D",0,"D",.,"A",.,"A",3250,"D",0,"D",.,"A",.,"A",.,"A",.,"A"
"20152","03072314",31,0,"1",2600,"D",1300,"D",.,"A",390,"D",90,"D",.,"A",300,"D",1300,"D",300,"D",.,"A",.,"A",.,"A",.,"A"
"20152","03072342",42,0,"1",1950,"D",650,"D",.,"A",0,"D",0,"D",.,"A",.,"A",1300,"D",120,"D",20,"D",260,"D",.,"A",.,"A"
"20152","03072403",17,0,"1",975,"D",325,"D",.,"A",260,"D",0,"D",.,"A",.,"A",650,"D",0,"D",.,"A",.,"A",.,"A",.,"A"
"20152","03072433",35,0,"1",2600,"D",1300,"D",.,"A",0,"D",0,"D",.,"A",.,"A",1300,"D",0,"D",.,"A",.,"A",.,"A",.,"A"
"20152","03072443",16,0,"1",1040,"D",65,"D",.,"A",0,"D",0,"D",.,"A",.,"A",975,"D",0,"D",.,"A",.,"A",.,"A",.,"A"
"20152","03072472",29,0,"1",1950,"D",260,"D",.,"A",0,"D",0,"D",.,"A",.,"A",1690,"D",0,"D",.,"A",.,"A",.,"A",.,"A"
"20152","03072483",51,0,"1",650,"D",91,"D",.,"A",325,"D",0,"D",.,"A",.,"A",559,"D",0,"D",.,"A",.,"A",.,"A",.,"A"
"20152","03072574",32,0,"1",325,"D",65,"D",.,"A",0,"D",0,"D",.,"A",.,"A",260,"D",0,"D",.,"A",.,"A",.,"A",.,"A"
"20152","03072582",16,0,"1",1040,"D",0,"D",.,"A",0,"D",0,"D",.,"A",.,"A",1040,"D",0,"D",.,"A",.,"A",.,"A",.,"A"
"20152","03072594",18,0,"1",845,"D",195,"D",260,"D",260,"D",0,"D",.,"A",.,"A",650,"D",0,"D",.,"A",.,"A",.,"A",.,"A"
"20152","03072612",17,0,"1",650,"D",130,"D",.,"A",65,"D",0,"D",.,"A",.,"A",520,"D",0,"D",25,"D",325,"D",.,"A",.,"A"
"20152","03072762",35,0,"1",325,"D",0,"D",.,"A",650,"D",0,"D",.,"A",.,"A",325,"D",0,"D",.,"A",.,"A",.,"A",.,"A"
"20152","03072832",44,0,"1",1950,"D",650,"D",390,"D",585,"D",0,"D",.,"A",51,"D",1300,"D",180,"D",15,"D",195,"D",.,"A",.,"A"
"20152","03072884",15,0,"1",2925,"D",325,"D",.,"A",260,"D",0,"D",.,"A",.,"A",2600,"D",0,"D",35,"D",455,"D",.,"A",.,"A"
"20152","03072963",22,0,"1",845,"D",130,"D",.,"A",585,"D",90,"D",.,"A",.,"A",715,"D",60,"D",.,"A",.,"A",.,"A",.,"A"
"20152","03073062",23,0,"1",1430,"D",130,"D",.,"A",130,"D",0,"D",.,"A",.,"A",1300,"D",0,"D",.,"A",.,"A",.,"A",.,"A"
"20152","03073082",50,0,"1",1300,"D",260,"D",.,"A",1300,"D",60,"D",.,"A",.,"A",1040,"D",60,"D",.,"A",.,"A",.,"A",.,"A"
"20152","03073143",36,0,"1",3900,"D",650,"D",.,"A",845,"D",0,"D",.,"A",.,"A",3250,"D",0,"D",.,"A",.,"A",.,"A",.,"A"
"20152","03073192",30,0,"1",650,"D",130,"D",.,"A",1300,"D",0,"D",.,"A",180,"D",520,"D",0,"D",.,"A",.,"A",.,"A",.,"A"
"20152","03073223",39,0,"1",1300,"D",650,"D",.,"A",975,"D",0,"D",.,"A",.,"A",650,"D",90,"D",80,"D",1040,"D",104,"D",8,"D"
"20152","03073252",61,0,"1",1950,"D",324,"F",.,"A",130,"D",120,"D",.,"A",40,"D",1346,"F",750,"D",.,"A",.,"A",.,"A",.,"A"
"20152","03073274",19,0,"1",1625,"D",650,"D",.,"A",0,"D",0,"D",.,"A",.,"A",975,"D",0,"D",70,"D",910,"D",.,"A",.,"A"
"20152","03073364",12,0,"1",156,"D",130,"D",.,"A",65,"D",0,"D",.,"A",.,"A",26,"D",0,"D",.,"A",.,"A",.,"A",.,"A"
"20152","03073382",16,0,"1",2600,"D",1950,"D",975,"D",0,"D",0,"D",.,"A",.,"A",650,"D",600,"D",100,"D",1300,"D",.,"A",.,"A"
"20152","03073412",34,0,"1",650,"D",0,"D",130,"D",650,"D",0,"D",.,"A",.,"A",650,"D",0,"D",40,"D",520,"D",.,"A",.,"A"
"20152","03073523",16,0,"1",650,"D",130,"D",.,"A",130,"D",0,"D",.,"A",.,"A",520,"D",0,"D",.,"A",.,"A",.,"A",.,"A"
"20152","03073562",37,0,"1",1625,"D",211,"F",130,"D",0,"D",0,"D",.,"A",.,"A",748,"F",0,"D",.,"A",.,"A",130,"D",10,"D"
"20152","03073573",64,0,"1",650,"D",130,"D",65,"D",130,"D",15,"D",.,"A",.,"A",520,"D",45,"D",.,"A",.,"A",.,"A",.,"A"
"20152","03073593",44,0,"1",1950,"D",260,"D",.,"A",4550,"D",300,"D",.,"A",.,"A",1690,"D",390,"D",.,"A",.,"A",.,"A",.,"A"
"20152","03073614",15,0,"1",650,"D",130,"D",.,"A",390,"D",0,"D",.,"A",.,"A",520,"D",0,"D",.,"A",.,"A",.,"A",.,"A"
"20152","03073644",30,0,"1",520,"D",130,"D",.,"A",650,"D",0,"D",.,"A",.,"A",390,"D",102,"D",.,"A",.,"A",.,"A",.,"A"
"20152","03073663",69,0,"1",2600,"D",390,"D",.,"A",3250,"D",150,"D",.,"A",.,"A",2210,"D",300,"D",.,"A",.,"A",.,"A",.,"A"
"20152","03073702",36,0,"1",2600,"D",780,"D",.,"A",0,"D",0,"D",.,"A",.,"A",1820,"D",0,"D",.,"A",.,"A",.,"A",.,"A"
"20152","03073764",16,0,"1",715,"D",260,"D",.,"A",0,"D",0,"D",.,"A",.,"A",455,"D",0,"D",.,"A",.,"A",.,"A",.,"A"
"20152","03073803",39,0,"1",1300,"D",325,"D",.,"A",390,"D",0,"D",.,"A",.,"A",975,"D",150,"D",.,"A",.,"A",.,"A",.,"A"
"20152","03073822",22,0,"1",1536,"F",.,"A",475,"F",800,"F",0,"D",.,"A",.,"A",1244,"F",0,"D",.,"A",.,"A",.,"A",.,"A"
"20152","03073832",10,0,"1",325,"D",0,"D",.,"A",260,"D",0,"D",.,"A",.,"A",325,"D",0,"D",.,"A",.,"A",.,"A",.,"A"
"20152","03073864",39,0,"1",1300,"D",260,"D",.,"A",0,"D",0,"D",.,"A",.,"A",1040,"D",0,"D",.,"A",.,"A",.,"A",.,"A"
"20152","03073874",21,0,"1",975,"D",130,"D",260,"D",130,"D",0,"D",.,"A",.,"A",845,"D",0,"D",.,"A",.,"A",.,"A",.,"A"
"20152","03073883",26,0,"1",1300,"D",0,"D",.,"A",130,"D",0,"D",.,"A",.,"A",1300,"D",0,"D",30,"D",390,"D",260,"D",20,"D"
"20152","03073952",40,0,"1",1950,"D",650,"D",325,"D",3250,"D",0,"D",.,"A",228,"D",1300,"D",0,"D",.,"A",.,"A",.,"A",.,"A"
"20152","03074013",46,0,"1",2600,"D",520,"D",.,"A",390,"D",0,"D",.,"A",.,"A",2080,"D",0,"D",.,"A",.,"A",.,"A",.,"A"
"20152","03074032",33,0,"1",1755,"D",650,"D",.,"A",247,"D",0,"D",.,"A",.,"A",1105,"D",0,"D",.,"A",.,"A",.,"A",.,"A"
"20152","03074112",41,0,"1",3250,"D",520,"D",.,"A",260,"D",0,"D",.,"A",.,"A",2730,"D",0,"D",.,"A",.,"A",.,"A",.,"A"
"20152","03074144",28,0,"1",2600,"D",650,"D",.,"A",1300,"D",120,"D",.,"A",.,"A",1950,"D",300,"D",.,"A",.,"A",.,"A",.,"A"
"20152","03074173",28,0,"1",715,"D",65,"D",260,"D",520,"D",30,"D",.,"A",.,"A",650,"D",90,"D",.,"A",.,"A",.,"A",.,"A"
"20152","03074262",18,0,"1",1300,"D",390,"D",.,"A",520,"D",0,"D",.,"A",.,"A",910,"D",0,"D",.,"A",.,"A",.,"A",.,"A"
"20152","03074302",33,0,"1",520,"D",65,"D",.,"A",520,"D",60,"D",.,"A",.,"A",455,"D",0,"D",.,"A",.,"A",.,"A",.,"A"
"20152","03074324",13,0,"1",585,"D",130,"D",390,"D",0,"D",0,"D",.,"A",.,"A",455,"D",0,"D",.,"A",.,"A",.,"A",.,"A"
"20152","03074402",35,0,"1",975,"D",325,"D",.,"A",286,"D",0,"D",.,"A",.,"A",650,"D",45,"D",.,"A",.,"A",.,"A",.,"A"
"20152","03074424",12,0,"1",520,"D",0,"D",.,"A",0,"D",0,"D",.,"A",.,"A",520,"D",0,"D",.,"A",.,"A",.,"A",.,"A"
"20152","03074433",40,0,"1",2600,"D",1300,"D",.,"A",650,"D",0,"D",.,"A",.,"A",1300,"D",0,"D",.,"A",.,"A",.,"A",.,"A"
"20152","03074464",39,0,"1",910,"D",260,"D",.,"A",195,"D",0,"D",.,"A",.,"A",650,"D",30,"D",.,"A",.,"A",.,"A",.,"A"
"20152","03074472",37,0,"1",1300,"D",130,"D",.,"A",65,"D",0,"D",.,"A",.,"A",1170,"D",0,"D",.,"A",.,"A",.,"A",.,"A"
"20152","03074484",33,0,"1",390,"D",130,"D",.,"A",130,"D",6,"D",.,"A",.,"A",260,"D",6,"D",.,"A",.,"A",.,"A",.,"A"
"20152","03074503",30,0,"1",780,"D",195,"D",.,"A",0,"D",0,"D",.,"A",.,"A",585,"D",0,"D",.,"A",.,"A",.,"A",.,"A"
"20152","03074532",12,0,"1",650,"D",65,"D",.,"A",0,"D",0,"D",.,"A",.,"A",585,"D",60,"D",10,"D",130,"D",.,"A",.,"A"
"20152","03074574",39,0,"1",1040,"D",195,"D",.,"A",0,"D",0,"D",.,"A",.,"A",845,"D",0,"D",.,"A",.,"A",.,"A",.,"A"
"20152","03074594",29,0,"1",975,"D",130,"D",13,"D",0,"D",0,"D",.,"A",.,"A",845,"D",0,"D",.,"A",.,"A",.,"A",.,"A"
"20152","03074613",23,0,"1",2600,"D",520,"D",.,"A",130,"D",0,"D",.,"A",.,"A",2080,"D",0,"D",.,"A",.,"A",.,"A",.,"A"
"20152","03074663",29,0,"1",2600,"D",650,"D",.,"A",325,"D",0,"D",.,"A",.,"A",1950,"D",0,"D",.,"A",.,"A",.,"A",.,"A"
"20152","03074693",52,0,"1",1755,"D",650,"D",260,"D",1950,"D",90,"D",.,"A",.,"A",1105,"D",120,"D",.,"A",.,"A",.,"A",.,"A"
"20152","03074724",24,0,"1",1300,"D",195,"D",.,"A",0,"D",0,"D",.,"A",.,"A",1105,"D",0,"D",10,"D",130,"D",.,"A",.,"A"
"20152","03074784",45,0,"1",2275,"D",650,"D",.,"A",286,"D",84,"D",.,"A",.,"A",1625,"D",300,"D",50,"D",650,"D",.,"A",.,"A"
"20152","03074794",29,0,"1",1300,"D",260,"D",.,"A",390,"D",90,"D",.,"A",.,"A",1040,"D",90,"D",.,"A",.,"A",65,"D",5,"D"
"20152","03074812",30,0,"1",1625,"D",520,"D",.,"A",2600,"D",120,"D",.,"A",.,"A",1105,"D",45,"D",.,"A",.,"A",.,"A",.,"A"
"20152","03074872",40,0,"1",3900,"D",474,"F",.,"A",975,"D",108,"F",.,"A",21,"D",1805,"F",120,"D",.,"A",.,"A",.,"A",.,"A"
"20152","03074904",25,0,"1",1040,"D",130,"D",.,"A",0,"D",0,"D",.,"A",.,"A",910,"D",51,"D",.,"A",.,"A",65,"D",5,"D"
"20152","03074972",52,0,"1",975,"D",195,"D",.,"A",1300,"D",120,"D",.,"A",.,"A",780,"D",60,"D",.,"A",.,"A",.,"A",.,"A"
"20152","03074983",28,0,"1",1300,"D",325,"D",.,"A",260,"D",0,"D",.,"A",.,"A",975,"D",0,"D",.,"A",.,"A",.,"A",.,"A"
"20152","03075004",17,0,"1",1040,"D",130,"D",.,"A",390,"D",0,"D",.,"A",.,"A",910,"D",60,"D",.,"A",.,"A",.,"A",.,"A"
"20152","03075012",20,0,"1",2600,"D",325,"D",.,"A",0,"D",0,"D",.,"A",.,"A",2275,"D",0,"D",16,"D",208,"D",.,"A",.,"A"
"20152","03075032",32,0,"1",1300,"D",195,"D",.,"A",975,"D",6,"D",.,"A",.,"A",1105,"D",21,"D",.,"A",.,"A",.,"A",.,"A"
"20152","03075092",8,0,"1",1300,"D",260,"D",.,"A",0,"D",0,"D",.,"A",.,"A",1040,"D",0,"D",20,"D",260,"D",.,"A",.,"A"
"20152","03075104",40,0,"1",975,"D",260,"D",650,"D",390,"D",60,"D",.,"A",.,"A",715,"D",150,"D",20,"D",260,"D",.,"A",.,"A"
"20152","03075133",16,0,"1",1560,"D",260,"D",.,"A",0,"D",0,"D",.,"A",.,"A",1300,"D",0,"D",.,"A",.,"A",.,"A",.,"A"
"20152","03075154",23,0,"1",390,"D",26,"D",.,"A",0,"D",0,"D",.,"A",.,"A",364,"D",0,"D",.,"A",.,"A",.,"A",.,"A"
"20152","03075182",49,0,"1",1950,"D",195,"D",.,"A",260,"D",0,"D",.,"A",.,"A",1755,"D",0,"D",25,"D",325,"D",.,"A",.,"A"
"20152","03075222",27,0,"1",325,"D",65,"D",.,"A",260,"D",0,"D",.,"A",.,"A",260,"D",0,"D",.,"A",.,"A",.,"A",.,"A"
"20152","03075233",25,0,"1",650,"D",0,"D",.,"A",1560,"D",150,"D",.,"A",.,"A",650,"D",150,"D",.,"A",.,"A",.,"A",.,"A"
"20152","03075272",24,0,"1",930,"F",.,"A",.,"A",471,"F",158,"F",.,"A",.,"A",755,"F",104,"F",.,"A",.,"A",.,"A",.,"A"
"20152","03075364",42,0,"1",1950,"D",390,"D",.,"A",65,"D",0,"D",.,"A",.,"A",1560,"D",0,"D",.,"A",.,"A",.,"A",.,"A"
"20152","03075373",28,0,"1",910,"D",130,"D",78,"D",195,"D",30,"D",.,"A",.,"A",780,"D",75,"D",.,"A",.,"A",.,"A",.,"A"
"20152","03075383",29,0,"1",975,"D",0,"D",.,"A",0,"D",0,"D",.,"A",.,"A",975,"D",0,"D",.,"A",.,"A",.,"A",.,"A"
"20152","03075402",19,0,"1",1772,"F",.,"A",.,"A",760,"F",113,"F",.,"A",.,"A",1467,"F",107,"F",.,"A",.,"A",.,"A",.,"A"
"20152","03075444",24,0,"1",1950,"D",650,"D",.,"A",195,"D",0,"D",.,"A",.,"A",1300,"D",60,"D",.,"A",.,"A",.,"A",.,"A"
"20152","03075452",23,0,"1",650,"D",325,"D",.,"A",0,"D",0,"D",.,"A",.,"A",325,"D",0,"D",.,"A",.,"A",.,"A",.,"A"
"20152","03075552",36,0,"1",1560,"D",1300,"D",325,"D",780,"D",0,"D",.,"A",0,"D",260,"D",0,"D",.,"A",.,"A",.,"A",.,"A"
"20152","03075662",20,0,"1",650,"D",130,"D",260,"D",0,"D",0,"D",.,"A",.,"A",520,"D",60,"D",.,"A",.,"A",.,"A",.,"A"
"20152","03075674",25,0,"1",2600,"D",650,"D",.,"A",0,"D",0,"D",.,"A",.,"A",1950,"D",0,"D",20,"D",260,"D",.,"A",.,"A"
"20152","03075703",26,0,"1",1950,"D",0,"D",.,"A",195,"D",0,"D",.,"A",.,"A",1950,"D",0,"D",.,"A",.,"A",.,"A",.,"A"
"20152","03075742",21,0,"1",2600,"D",845,"D",.,"A",260,"D",0,"D",.,"A",.,"A",1755,"D",90,"D",.,"A",.,"A",.,"A",.,"A"
"20152","03075834",56,0,"1",1560,"D",260,"D",156,"D",0,"D",0,"D",.,"A",.,"A",1300,"D",150,"D",.,"A",.,"A",.,"A",.,"A"
"20152","03075874",34,0,"1",975,"D",325,"D",.,"A",390,"D",0,"D",.,"A",.,"A",650,"D",0,"D",.,"A",.,"A",.,"A",.,"A"
"20152","03075882",63,0,"1",2600,"D",325,"D",.,"A",260,"D",0,"D",.,"A",60,"D",2275,"D",0,"D",.,"A",.,"A",.,"A",.,"A"
"20152","03075962",47,0,"1",1105,"D",390,"D",.,"A",520,"D",0,"D",.,"A",.,"A",715,"D",0,"D",48,"D",624,"D",.,"A",.,"A"
"20152","03075992",26,0,"1",2600,"D",650,"D",.,"A",0,"D",0,"D",.,"A",.,"A",1950,"D",0,"D",.,"A",.,"A",.,"A",.,"A"
"20152","03076042",34,0,"1",1300,"D",325,"D",.,"A",390,"D",0,"D",.,"A",.,"A",975,"D",0,"D",.,"A",.,"A",.,"A",.,"A"
"20152","03076144",30,0,"1",975,"D",65,"D",.,"A",325,"D",0,"D",.,"A",.,"A",910,"D",0,"D",.,"A",.,"A",.,"A",.,"A"
"20152","03076152",25,0,"1",1040,"D",260,"D",.,"A",325,"D",0,"D",.,"A",.,"A",780,"D",0,"D",.,"A",.,"A",.,"A",.,"A"
"20152","03076163",52,0,"1",4550,"D",1300,"D",520,"D",650,"D",0,"D",.,"A",.,"A",3250,"D",450,"D",.,"A",.,"A",.,"A",.,"A"
"20152","03076234",21,0,"1",945,"F",.,"A",.,"A",0,"D",0,"D",.,"A",.,"A",748,"F",0,"D",.,"A",.,"A",.,"A",.,"A"
"20152","03076253",15,0,"1",1040,"D",390,"D",.,"A",130,"D",0,"D",.,"A",.,"A",650,"D",0,"D",.,"A",.,"A",91,"D",7,"D"
"20152","03076303",22,0,"1",1820,"D",156,"D",.,"A",260,"D",0,"D",.,"A",.,"A",1664,"D",0,"D",.,"A",.,"A",.,"A",.,"A"
"20152","03076554",45,0,"1",3250,"D",650,"D",260,"D",650,"D",60,"D",.,"A",.,"A",2600,"D",0,"D",.,"A",.,"A",.,"A",.,"A"
"20152","03076603",30,0,"1",1300,"D",130,"D",.,"A",65,"D",6,"D",.,"A",.,"A",1170,"D",6,"D",.,"A",.,"A",.,"A",.,"A"
"20152","03076673",54,0,"1",2405,"D",1105,"D",.,"A",390,"D",0,"D",.,"A",.,"A",1300,"D",0,"D",.,"A",.,"A",.,"A",.,"A"
"20152","03076702",71,0,"1",2080,"D",390,"D",.,"A",1105,"D",87,"D",.,"A",.,"A",1690,"D",45,"D",.,"A",.,"A",.,"A",.,"A"
"20152","03076743",21,0,"1",260,"D",0,"D",.,"A",130,"D",0,"D",.,"A",.,"A",260,"D",0,"D",.,"A",.,"A",.,"A",.,"A"
"20152","03076802",36,0,"1",1560,"D",260,"D",.,"A",260,"D",0,"D",.,"A",3,"D",1300,"D",0,"D",.,"A",.,"A",.,"A",.,"A"
"20152","03076813",69,0,"1",2210,"D",455,"D",.,"A",975,"D",600,"D",.,"A",.,"A",1755,"D",120,"D",.,"A",.,"A",.,"A",.,"A"
"20152","03076823",24,0,"1",325,"D",0,"D",.,"A",130,"D",30,"D",.,"A",.,"A",325,"D",30,"D",.,"A",.,"A",.,"A",.,"A"
"20152","03076852",20,0,"1",650,"D",390,"D",.,"A",975,"D",0,"D",.,"A",.,"A",260,"D",0,"D",.,"A",.,"A",.,"A",.,"A"
"20152","03076864",47,0,"1",1772,"F",.,"A",.,"A",760,"F",113,"F",.,"A",.,"A",1467,"F",107,"F",.,"A",.,"A",.,"A",.,"A"
"20152","03076873",7,0,"1",1300,"D",130,"D",.,"A",0,"D",158,"F",.,"A",.,"A",1170,"D",104,"F",.,"A",.,"A",.,"A",.,"A"
"20152","03076882",31,0,"1",975,"D",195,"D",.,"A",0,"D",0,"D",.,"A",.,"A",780,"D",0,"D",40,"D",520,"D",.,"A",.,"A"
"20152","03076923",37,0,"1",1950,"D",455,"D",.,"A",520,"D",0,"D",.,"A",120,"D",1495,"D",90,"D",.,"A",.,"A",.,"A",.,"A"
"20152","03076932",41,0,"1",1950,"D",650,"D",.,"A",585,"D",12,"D",.,"A",.,"A",1300,"D",0,"D",.,"A",.,"A",.,"A",.,"A"
"20152","03077043",48,0,"1",1820,"D",520,"D",.,"A",975,"D",0,"D",.,"A",.,"A",1300,"D",75,"D",.,"A",.,"A",.,"A",.,"A"
"20152","03077064",23,0,"1",1950,"D",650,"D",975,"D",650,"D",0,"D",.,"A",.,"A",1300,"D",0,"D",.,"A",.,"A",.,"A",.,"A"
"20152","03077092",28,0,"1",1625,"D",260,"D",.,"A",0,"D",0,"D",.,"A",.,"A",1365,"D",0,"D",.,"A",.,"A",65,"D",5,"D"
"20152","03077134",30,0,"1",650,"D",130,"D",.,"A",650,"D",90,"D",.,"A",.,"A",520,"D",225,"D",.,"A",.,"A",.,"A",.,"A"
"20152","03077164",34,0,"1",1040,"D",130,"D",.,"A",260,"D",6,"D",.,"A",.,"A",910,"D",6,"D",.,"A",.,"A",.,"A",.,"A"
"20152","03077244",33,0,"1",1625,"D",455,"D",.,"A",1300,"D",75,"D",.,"A",.,"A",1170,"D",300,"D",90,"D",1170,"D",.,"A",.,"A"
"20152","03077324",33,0,"1",1820,"D",390,"D",65,"D",390,"D",45,"D",.,"A",.,"A",1430,"D",105,"D",.,"A",.,"A",.,"A",.,"A"
"20152","03077333",25,0,"1",260,"D",0,"D",.,"A",104,"D",0,"D",.,"A",.,"A",260,"D",0,"D",.,"A",.,"A",.,"A",.,"A"
"20152","03077424",18,0,"1",1950,"D",975,"D",130,"D",195,"D",0,"D",.,"A",.,"A",975,"D",120,"D",.,"A",.,"A",.,"A",.,"A"
"20152","03077434",52,0,"1",2600,"D",538,"F",.,"A",1300,"D",300,"D",.,"A",.,"A",2289,"F",210,"D",.,"A",.,"A",.,"A",.,"A"
"20152","03077482",19,0,"1",1300,"D",390,"D",.,"A",0,"D",0,"D",.,"A",.,"A",910,"D",0,"D",50,"D",650,"D",.,"A",.,"A"
"20152","03077492",33,0,"1",1300,"D",195,"D",.,"A",975,"D",0,"D",.,"A",.,"A",1105,"D",0,"D",.,"A",.,"A",.,"A",.,"A"
"20152","03077552",35,0,"1",325,"D",228,"F",.,"A",260,"D",158,"F",.,"A",.,"A",755,"F",104,"F",.,"A",.,"A",.,"A",.,"A"
"20152","03077604",27,0,"1",260,"D",0,"D",.,"A",130,"D",0,"D",.,"A",.,"A",260,"D",0,"D",.,"A",.,"A",.,"A",.,"A"
"20152","03077632",50,0,"1",1300,"D",650,"D",.,"A",1300,"D",0,"D",.,"A",.,"A",650,"D",600,"D",.,"A",.,"A",.,"A",.,"A"
"20152","03077754",12,0,"1",1536,"F",.,"A",.,"A",800,"F",175,"F",.,"A",.,"A",1244,"F",168,"F",.,"A",.,"A",.,"A",.,"A"
"20152","03077782",26,0,"1",780,"D",130,"D",.,"A",195,"D",0,"D",.,"A",.,"A",650,"D",0,"D",.,"A",.,"A",.,"A",.,"A"
"20152","03077963",32,0,"1",1820,"D",390,"D",.,"A",780,"D",90,"D",.,"A",.,"A",1430,"D",450,"D",.,"A",.,"A",.,"A",.,"A"
"20152","03077994",25,0,"1",780,"D",195,"D",.,"A",325,"D",0,"D",.,"A",.,"A",585,"D",75,"D",25,"D",325,"D",.,"A",.,"A"
"20152","03078013",16,0,"1",650,"D",65,"D",.,"A",39,"D",0,"D",.,"A",.,"A",585,"D",0,"D",.,"A",.,"A",.,"A",.,"A"
"20152","03078043",32,0,"1",1950,"D",390,"D",.,"A",65,"D",0,"D",.,"A",.,"A",1560,"D",180,"D",.,"A",.,"A",.,"A",.,"A"
"20152","03078084",18,0,"1",1495,"D",0,"D",.,"A",0,"D",0,"D",.,"A",.,"A",1495,"D",0,"D",60,"D",780,"D",.,"A",.,"A"
"20152","03078092",32,0,"1",1300,"D",520,"D",130,"D",390,"D",15,"D",.,"A",.,"A",780,"D",0,"D",.,"A",.,"A",260,"D",20,"D"
"20152","03078224",87,0,"1",1625,"D",260,"D",.,"A",325,"D",0,"D",.,"A",.,"A",1365,"D",120,"D",.,"A",.,"A",.,"A",.,"A"
"20152","03078282",26,0,"1",1950,"D",260,"D",.,"A",195,"D",0,"D",.,"A",.,"A",1690,"D",150,"D",.,"A",.,"A",.,"A",.,"A"
"20152","03078293",102,0,"1",1300,"D",130,"D",260,"D",780,"D",90,"D",.,"A",.,"A",1170,"D",360,"D",.,"A",.,"A",.,"A",.,"A"
"20152","03078443",22,0,"1",1950,"D",390,"D",650,"D",1300,"D",0,"D",.,"A",.,"A",1560,"D",0,"D",.,"A",.,"A",.,"A",.,"A"
"20152","03078453",21,0,"1",780,"D",195,"D",.,"A",0,"D",0,"D",.,"A",.,"A",585,"D",0,"D",.,"A",.,"A",.,"A",.,"A"
"20152","03078482",54,0,"1",2366,"D",780,"D",.,"A",0,"D",0,"D",.,"A",.,"A",1586,"D",45,"D",.,"A",.,"A",.,"A",.,"A"
"20152","03078513",11,0,"1",945,"F",.,"A",.,"A",453,"F",0,"D",.,"A",.,"A",748,"F",0,"D",.,"A",.,"A",117,"D",9,"D"
"20152","03078552",38,0,"1",1105,"D",325,"D",.,"A",650,"D",150,"D",.,"A",.,"A",780,"D",90,"D",30,"D",390,"D",.,"A",.,"A"
"20152","03078593",40,0,"1",520,"D",130,"D",260,"D",130,"D",60,"D",.,"A",.,"A",390,"D",60,"D",.,"A",.,"A",.,"A",.,"A"
"20152","03078612",16,0,"1",910,"D",260,"D",.,"A",130,"D",0,"D",.,"A",.,"A",650,"D",60,"D",60,"D",780,"D",.,"A",.,"A"
"20152","03078633",23,0,"1",910,"D",65,"D",.,"A",0,"D",0,"D",.,"A",.,"A",845,"D",45,"D",.,"A",.,"A",.,"A",.,"A"
"20152","03078732",21,0,"1",650,"D",260,"D",.,"A",260,"D",60,"D",.,"A",.,"A",390,"D",30,"D",.,"A",.,"A",.,"A",.,"A"
"20152","03078783",36,0,"1",1105,"D",325,"D",.,"A",0,"D",0,"D",.,"A",.,"A",780,"D",120,"D",.,"A",.,"A",.,"A",.,"A"
"20152","03078804",15,0,"1",650,"D",130,"D",.,"A",130,"D",0,"D",.,"A",.,"A",520,"D",0,"D",.,"A",.,"A",260,"D",20,"D"
"20152","03078974",28,0,"1",650,"D",65,"D",.,"A",0,"D",0,"D",.,"A",.,"A",585,"D",0,"D",.,"A",.,"A",.,"A",.,"A"
"20152","03078993",41,0,"1",6500,"D",2275,"D",.,"A",2600,"D",300,"D",.,"A",120,"D",4225,"D",90,"D",.,"A",.,"A",.,"A",.,"A"
"20152","03079073",28,0,"1",2340,"D",390,"D",.,"A",0,"D",0,"D",.,"A",.,"A",1950,"D",45,"D",42,"D",546,"D",104,"D",8,"D"
"20152","03079082",32,0,"1",390,"D",65,"D",.,"A",585,"D",120,"D",.,"A",.,"A",325,"D",150,"D",5,"D",65,"D",.,"A",.,"A"
"20152","03079114",32,0,"1",975,"D",325,"D",.,"A",260,"D",525,"D",.,"A",.,"A",650,"D",192,"D",.,"A",.,"A",.,"A",.,"A"
"20152","03079124",45,0,"1",975,"D",260,"D",.,"A",0,"D",60,"D",.,"A",.,"A",715,"D",300,"D",35,"D",455,"D",.,"A",.,"A"
"20152","03079143",16,0,"1",845,"D",0,"D",130,"D",260,"D",0,"D",.,"A",.,"A",845,"D",0,"D",.,"A",.,"A",.,"A",.,"A"
"20152","03079152",31,0,"1",650,"D",130,"D",130,"D",0,"D",0,"D",.,"A",.,"A",520,"D",0,"D",.,"A",.,"A",.,"A",.,"A"
"20152","03079224",11,0,"1",650,"D",520,"D",.,"A",1300,"D",0,"D",.,"A",.,"A",130,"D",0,"D",.,"A",.,"A",.,"A",.,"A"
"20152","03079282",17,0,"1",1690,"D",130,"D",.,"A",535,"F",0,"D",.,"A",.,"A",1560,"D",88,"F",.,"C",372,"F",.,"A",.,"A"
"20152","03079363",25,0,"1",520,"D",65,"D",.,"A",0,"D",6,"D",.,"A",.,"A",455,"D",6,"D",.,"A",.,"A",.,"A",.,"A"
"20152","03079384",29,0,"1",975,"D",260,"D",.,"A",0,"D",0,"D",.,"A",.,"A",715,"D",0,"D",.,"A",.,"A",.,"A",.,"A"
"20152","03079434",24,0,"1",390,"D",65,"D",.,"A",260,"D",15,"D",.,"A",.,"A",325,"D",30,"D",.,"A",.,"A",.,"A",.,"A"
"20152","03079444",22,0,"1",1690,"D",65,"D",.,"A",475,"F",0,"D",.,"A",.,"A",1625,"D",0,"D",.,"A",.,"A",.,"A",.,"A"
"20152","03079502",28,0,"1",52,"D",0,"D",130,"D",650,"D",0,"D",.,"A",.,"A",52,"D",0,"D",.,"A",.,"A",.,"A",.,"A"
"20152","03079524",58,0,"1",650,"D",130,"D",65,"D",0,"D",0,"D",220,"D",.,"A",520,"D",0,"D",.,"A",.,"A",39,"D",3,"D"
"20152","03079544",21,0,"1",455,"D",65,"D",.,"A",130,"D",0,"D",.,"A",.,"A",390,"D",0,"D",.,"A",.,"A",.,"A",.,"A"
"20152","03079553",19,0,"1",1040,"D",104,"D",.,"A",390,"D",0,"D",.,"A",400,"D",936,"D",0,"D",.,"A",.,"A",.,"A",.,"A"
"20152","03079564",31,0,"1",2080,"D",237,"F",.,"A",1625,"D",0,"D",.,"A",.,"A",736,"F",0,"D",.,"A",.,"A",.,"A",.,"A"
"20152","03079572",86,0,"1",2600,"D",650,"D",650,"D",520,"D",0,"D",.,"A",.,"A",1950,"D",75,"D",.,"A",.,"A",.,"A",.,"A"
"20152","03079683",22,0,"1",930,"F",.,"A",.,"A",471,"F",0,"D",.,"A",.,"A",755,"F",0,"D",.,"A",.,"A",.,"A",.,"A"
"20152","03079763",21,0,"1",3120,"D",520,"D",.,"A",0,"D",0,"D",.,"A",180,"D",2600,"D",0,"D",80,"D",1040,"D",.,"A",.,"A"
"20152","03079802",10,0,"1",930,"F",.,"A",.,"A",471,"F",158,"F",.,"A",.,"A",755,"F",104,"F",.,"A",.,"A",.,"A",.,"A"
"20152","03079864",35,0,"1",650,"D",0,"D",.,"A",715,"D",0,"D",.,"A",.,"A",650,"D",0,"D",.,"A",.,"A",.,"A",.,"A"
"20152","03079904",38,0,"1",3250,"D",780,"D",260,"D",260,"D",0,"D",.,"A",.,"A",2470,"D",0,"D",35,"D",455,"D",78,"D",6,"D"
"20152","03079943",21,0,"1",1950,"D",650,"D",260,"D",1300,"D",0,"D",.,"A",.,"A",1300,"D",0,"D",.,"A",.,"A",.,"A",.,"A"
"20152","03079994",24,0,"1",1300,"D",390,"D",.,"A",260,"D",6,"D",.,"A",.,"A",910,"D",6,"D",.,"A",.,"A",.,"A",.,"A"
"20152","03080003",23,0,"1",2275,"D",325,"D",.,"A",260,"D",0,"D",.,"A",.,"A",1950,"D",30,"D",.,"A",.,"A",.,"A",.,"A"
"20152","03080012",42,0,"1",1300,"D",130,"D",.,"A",390,"D",0,"D",.,"A",.,"A",1170,"D",21,"D",.,"A",.,"A",.,"A",.,"A"
"20152","03080062",27,0,"1",780,"D",130,"D",130,"D",0,"D",0,"D",.,"A",.,"A",650,"D",0,"D",.,"A",.,"A",.,"A",.,"A"
"20152","03080072",46,0,"1",1300,"D",260,"D",.,"A",325,"D",0,"D",.,"A",.,"A",1040,"D",0,"D",.,"A",.,"A",.,"A",.,"A"
"20152","03080113",28,0,"1",975,"D",260,"D",.,"A",260,"D",15,"D",.,"A",.,"A",715,"D",30,"D",.,"A",.,"A",.,"A",.,"A"
"20152","03080142",28,0,"1",650,"D",0,"D",.,"A",195,"D",0,"D",.,"A",.,"A",650,"D",0,"D",.,"A",.,"A",.,"A",.,"A"
"20152","03080153",17,0,"1",325,"D",0,"D",.,"A",195,"D",0,"D",.,"A",.,"A",325,"D",0,"D",.,"A",.,"A",.,"A",.,"A"
"20152","03080192",48,0,"1",910,"D",260,"D",.,"A",260,"D",0,"D",.,"A",.,"A",650,"D",0,"D",.,"A",.,"A",.,"A",.,"A"
"20152","03080212",26,0,"1",260,"D",260,"D",65,"D",1300,"D",60,"D",.,"A",.,"A",0,"D",0,"D",12,"D",156,"D",.,"A",.,"A"
"20152","03080224",24,0,"1",780,"D",260,"D",.,"A",390,"D",0,"D",.,"A",.,"A",520,"D",0,"D",.,"A",.,"A",.,"A",.,"A"
"20152","03080262",15,0,"1",2600,"D",390,"D",390,"D",1300,"D",0,"D",.,"A",.,"A",2210,"D",0,"D",.,"A",.,"A",.,"A",.,"A"
"20152","03080282",24,0,"1",1950,"D",390,"D",585,"D",455,"D",90,"D",.,"A",.,"A",1560,"D",120,"D",.,"A",.,"A",.,"A",.,"A"
"20152","03080294",16,0,"1",1300,"D",195,"D",.,"A",0,"D",0,"D",.,"A",.,"A",1105,"D",0,"D",.,"A",.,"A",.,"A",.,"A"
"20152","03080314",24,0,"1",1430,"D",260,"D",.,"A",780,"D",75,"D",.,"A",.,"A",1170,"D",120,"D",.,"A",.,"A",130,"D",10,"D"
"20152","03080362",15,0,"1",793,"F",.,"A",.,"A",91,"D",86,"F",.,"A",.,"A",642,"F",91,"F",.,"A",.,"A",.,"A",.,"A"
"20152","03080453",29,0,"1",1772,"F",.,"A",.,"A",760,"F",113,"F",.,"A",.,"A",1467,"F",107,"F",.,"A",.,"A",.,"A",.,"A"
"20152","03080464",42,0,"1",1950,"D",975,"D",.,"A",520,"D",0,"D",.,"A",.,"A",975,"D",36,"D",.,"A",.,"A",.,"A",.,"A"
"20152","03080544",32,0,"1",1950,"D",0,"D",130,"D",1300,"D",0,"D",.,"A",.,"A",1950,"D",0,"D",.,"A",.,"A",.,"A",.,"A"
"20152","03080612",54,0,"1",1300,"D",390,"D",195,"D",780,"D",60,"D",.,"A",.,"A",910,"D",120,"D",.,"A",.,"A",26,"D",2,"D"
"20152","03080622",56,0,"1",715,"D",78,"D",.,"A",325,"D",0,"D",.,"A",.,"A",637,"D",0,"D",.,"A",.,"A",.,"A",.,"A"
"20152","03080663",28,0,"1",975,"D",325,"D",.,"A",325,"D",0,"D",.,"A",.,"A",650,"D",60,"D",60,"D",780,"D",.,"A",.,"A"
"20152","03080672",40,0,"1",1040,"D",130,"D",.,"A",260,"D",0,"D",246,"F",.,"A",910,"D",0,"D",40,"D",520,"D",.,"A",.,"A"
"20152","03080684",32,0,"1",390,"D",130,"D",.,"A",0,"D",0,"D",.,"A",.,"A",260,"D",0,"D",.,"A",.,"A",.,"A",.,"A"
"20152","03080704",11,0,"1",780,"D",390,"D",.,"A",130,"D",0,"D",.,"A",.,"A",390,"D",0,"D",.,"A",.,"A",.,"A",.,"A"
"20152","03080742",21,0,"1",945,"F",.,"A",.,"A",453,"F",103,"F",.,"A",.,"A",748,"F",116,"F",.,"A",.,"A",.,"A",.,"A"
"20152","03080804",35,0,"1",2600,"D",650,"D",.,"A",260,"D",0,"D",.,"A",.,"A",1950,"D",0,"D",.,"A",.,"A",.,"A",.,"A"
"20152","03080883",31,0,"1",845,"D",156,"D",.,"A",0,"D",0,"D",.,"A",.,"A",689,"D",0,"D",20,"D",260,"D",.,"A",.,"A"
"20152","03080953",40,0,"1",975,"D",195,"D",.,"A",650,"D",0,"D",.,"A",.,"A",780,"D",45,"D",.,"A",.,"A",.,"A",.,"A"
"20152","03081004",39,0,"1",650,"D",195,"D",.,"A",195,"D",0,"D",.,"A",.,"A",455,"D",0,"D",.,"A",.,"A",.,"A",.,"A"
"20152","03081014",25,0,"1",1300,"D",325,"D",.,"A",0,"D",0,"D",.,"A",.,"A",975,"D",0,"D",.,"A",.,"A",.,"A",.,"A"
"20152","03081084",23,0,"1",650,"D",325,"D",.,"A",728,"D",30,"D",.,"A",.,"A",325,"D",30,"D",.,"A",.,"A",.,"A",.,"A"
"20152","03081114",65,0,"1",1300,"D",325,"D",.,"A",260,"D",0,"D",.,"A",.,"A",975,"D",0,"D",.,"A",.,"A",.,"A",.,"A"
"20152","03081134",44,0,"1",975,"D",130,"D",39,"D",780,"D",0,"D",.,"A",.,"A",845,"D",0,"D",.,"A",.,"A",208,"D",16,"D"
"20152","03081192",37,0,"1",975,"D",195,"D",390,"D",0,"D",0,"D",.,"A",.,"A",780,"D",0,"D",35,"D",455,"D",.,"A",.,"A"
"20152","03081214",27,0,"1",1300,"D",260,"D",.,"A",130,"D",0,"D",.,"A",.,"A",1040,"D",15,"D",.,"A",.,"A",.,"A",.,"A"
"20152","03081254",40,0,"1",1300,"D",0,"D",.,"A",650,"D",0,"D",.,"A",150,"D",1300,"D",0,"D",.,"A",.,"A",.,"A",.,"A"
"20152","03081383",12,0,"1",1170,"D",390,"D",.,"A",130,"D",0,"D",.,"A",.,"A",780,"D",60,"D",24,"D",312,"D",.,"A",.,"A"
"20152","03081392",37,0,"1",4550,"D",650,"D",.,"A",650,"D",0,"D",.,"A",.,"A",3900,"D",0,"D",28,"D",364,"D",.,"A",.,"A"
"20152","03081422",39,0,"1",1950,"D",130,"D",.,"A",0,"D",0,"D",.,"A",.,"A",1820,"D",120,"D",.,"A",.,"A",.,"A",.,"A"
"20152","03081493",49,0,"1",1950,"D",390,"D",.,"A",975,"D",0,"D",.,"A",.,"A",1560,"D",0,"D",.,"A",.,"A",.,"A",.,"A"
"20152","03081552",25,0,"1",1105,"D",195,"D",.,"A",455,"D",0,"D",.,"A",.,"A",910,"D",0,"D",.,"A",.,"A",.,"A",.,"A"
"20152","03081563",47,0,"1",1950,"D",390,"D",.,"A",650,"D",90,"D",.,"A",.,"A",1560,"D",90,"D",21,"D",273,"D",.,"A",.,"A"
"20152","03081572",50,0,"1",1560,"D",780,"D",.,"A",260,"D",0,"D",.,"A",.,"A",780,"D",18,"D",.,"A",.,"A",.,"A",.,"A"
"20152","03081683",7,0,"1",260,"D",26,"D",.,"A",0,"D",0,"D",.,"A",.,"A",234,"D",0,"D",.,"A",.,"A",.,"A",.,"A"
"20152","03081732",83,0,"1",1300,"D",390,"D",.,"A",260,"D",150,"D",.,"A",.,"A",910,"D",60,"D",.,"A",.,"A",.,"A",.,"A"
"20152","03081743",17,0,"1",1300,"D",130,"D",.,"A",0,"D",0,"D",.,"A",.,"A",1170,"D",150,"D",30,"D",390,"D",.,"A",.,"A"
"20152","03081763",26,0,"1",806,"D",130,"D",325,"D",130,"D",0,"D",.,"A",.,"A",676,"D",0,"D",25,"D",325,"D",.,"A",.,"A"
"20152","03081774",18,0,"1",325,"D",0,"D",.,"A",1300,"D",0,"D",.,"A",.,"A",325,"D",0,"D",.,"A",.,"A",.,"A",.,"A"
"20152","03081803",33,0,"1",975,"D",130,"D",.,"A",130,"D",0,"D",.,"A",.,"A",845,"D",0,"D",.,"A",.,"A",.,"A",.,"A"
"20152","03081834",24,0,"1",650,"D",65,"D",.,"A",650,"D",0,"D",.,"A",.,"A",585,"D",0,"D",40,"D",520,"D",78,"D",6,"D"
"20152","03081912",42,0,"1",1950,"D",520,"D",.,"A",520,"D",120,"D",.,"A",.,"A",1430,"D",480,"D",40,"D",520,"D",.,"A",.,"A"
"20152","03081972",38,0,"1",975,"D",130,"D",.,"A",520,"D",150,"D",.,"A",.,"A",845,"D",60,"D",.,"A",.,"A",.,"A",.,"A"
"20152","03082034",37,0,"1",3900,"D",390,"D",.,"A",780,"D",120,"D",.,"A",.,"A",3510,"D",450,"D",.,"A",.,"A",.,"A",.,"A"
"20152","03082092",33,0,"1",455,"D",65,"D",.,"A",390,"D",0,"D",.,"A",.,"A",390,"D",0,"D",.,"A",.,"A",.,"A",.,"A"
"20152","03082123",30,0,"1",1300,"D",325,"D",.,"A",195,"D",0,"D",.,"A",.,"A",975,"D",0,"D",40,"D",520,"D",.,"A",.,"A"
"20152","03082143",41,0,"1",975,"D",195,"D",.,"A",390,"D",45,"D",.,"A",.,"A",780,"D",90,"D",.,"A",.,"A",.,"A",.,"A"
"20152","03082193",63,0,"1",2925,"D",260,"D",.,"A",2275,"D",300,"D",.,"A",.,"A",2665,"D",600,"D",25,"D",325,"D",.,"A",.,"A"
"20152","03082212",24,0,"1",1536,"F",.,"A",.,"A",800,"F",175,"F",.,"A",.,"A",1244,"F",168,"F",.,"A",.,"A",.,"A",.,"A"
"20152","03082242",36,0,"1",2106,"D",156,"D",383,"F",520,"D",0,"D",.,"A",.,"A",1950,"D",0,"D",.,"A",.,"A",.,"A",.,"A"
"20152","03082263",20,0,"1",975,"D",130,"D",.,"A",650,"D",0,"D",.,"A",.,"A",845,"D",0,"D",.,"A",.,"A",.,"A",.,"A"
"20152","03082293",38,0,"1",975,"D",390,"D",260,"D",0,"D",0,"D",.,"A",.,"A",585,"D",0,"D",.,"A",.,"A",.,"A",.,"A"
"20152","03082333",30,0,"1",1040,"D",130,"D",.,"A",130,"D",0,"D",.,"A",.,"A",910,"D",0,"D",20,"D",260,"D",.,"A",.,"A"
"20152","03082362",24,0,"1",975,"D",260,"D",.,"A",130,"D",0,"D",.,"A",.,"A",715,"D",30,"D",.,"A",.,"A",.,"A",.,"A"
"20152","03082484",13,0,"1",1772,"F",.,"A",.,"A",760,"F",113,"F",.,"A",.,"A",1467,"F",107,"F",.,"A",.,"A",.,"A",.,"A"
"20152","03082512",62,0,"1",1300,"D",130,"D",.,"A",4849,"D",0,"D",.,"A",.,"A",1170,"D",0,"D",.,"A",.,"A",.,"A",.,"A"
"20152","03082603",10,0,"1",780,"D",195,"D",.,"A",260,"D",0,"D",.,"A",.,"A",585,"D",0,"D",.,"A",.,"A",.,"A",.,"A"
"20152","03082684",23,0,"1",845,"D",195,"D",.,"A",130,"D",0,"D",.,"A",.,"A",650,"D",0,"D",.,"A",.,"A",.,"A",.,"A"
"20152","03082713",24,0,"1",910,"D",390,"D",.,"A",520,"D",0,"D",.,"A",.,"A",520,"D",0,"D",20,"D",260,"D",.,"A",.,"A"
"20152","03082734",46,0,"1",2600,"D",780,"D",.,"A",910,"D",0,"D",.,"A",.,"A",1820,"D",0,"D",50,"D",650,"D",.,"A",.,"A"
"20152","03082742",26,0,"1",1040,"D",260,"D",.,"A",0,"D",0,"D",.,"A",.,"A",780,"D",0,"D",.,"A",.,"A",.,"A",.,"A"
"20152","03082763",21,0,"1",1040,"D",325,"D",.,"A",325,"D",0,"D",.,"A",.,"A",715,"D",0,"D",.,"A",.,"A",.,"A",.,"A"
"20152","03082773",18,0,"1",2132,"F",.,"A",.,"A",801,"F",0,"D",.,"A",.,"A",1810,"F",0,"D",.,"A",.,"A",.,"A",.,"A"
"20152","03082812",47,0,"1",1300,"D",260,"D",390,"D",1300,"D",0,"D",.,"A",247,"F",1040,"D",0,"D",35,"D",455,"D",.,"A",.,"A"
"20152","03082824",10,0,"1",650,"D",260,"D",.,"A",195,"D",0,"D",.,"A",.,"A",390,"D",0,"D",.,"A",.,"A",.,"A",.,"A"
"20152","03082873",18,0,"1",1300,"D",325,"D",.,"A",650,"D",0,"D",.,"A",.,"A",975,"D",0,"D",.,"A",.,"A",.,"A",.,"A"
"20152","03082902",30,0,"1",1495,"D",130,"D",.,"A",1469,"D",0,"D",.,"A",.,"A",1365,"D",0,"D",25,"D",325,"D",.,"A",.,"A"
"20152","03082923",79,0,"1",975,"D",0,"D",.,"A",650,"D",0,"D",.,"A",167,"F",975,"D",0,"D",.,"A",.,"A",.,"A",.,"A"
"20152","03082933",13,0,"1",1950,"D",0,"D",406,"F",130,"D",113,"F",.,"A",.,"A",1950,"D",107,"F",.,"A",.,"A",.,"A",.,"A"
"20152","03082974",29,0,"1",1300,"D",130,"D",.,"A",800,"F",0,"D",.,"A",.,"A",1170,"D",0,"D",.,"A",.,"A",.,"A",.,"A"
"20152","03082992",28,0,"1",1950,"D",390,"D",.,"A",650,"D",0,"D",.,"A",100,"D",1560,"D",0,"D",.,"A",.,"A",.,"A",.,"A"
"20152","03083033",46,0,"1",715,"D",130,"D",.,"A",156,"D",0,"D",.,"A",.,"A",585,"D",60,"D",.,"A",.,"A",.,"A",.,"A"
"20152","03083114",8,0,"1",0,"D",.,"A",.,"A",0,"D",0,"D",.,"A",.,"A",0,"D",0,"D",.,"A",.,"A",.,"A",.,"A"
"20152","03083122",23,0,"1",1300,"D",390,"D",.,"A",0,"D",0,"D",.,"A",.,"A",910,"D",0,"D",.,"A",.,"A",.,"A",.,"A"
"20152","03083132",17,0,"1",3250,"D",325,"D",.,"A",801,"F",0,"D",.,"A",.,"A",2925,"D",0,"D",.,"A",.,"A",.,"A",.,"A"
"20152","03083144",23,0,"1",3900,"D",1300,"D",.,"A",390,"D",0,"D",.,"A",.,"A",2600,"D",0,"D",.,"A",.,"A",.,"A",.,"A"
"20152","03083194",10,0,"1",1950,"D",455,"D",.,"A",0,"D",0,"D",.,"A",.,"A",1495,"D",0,"D",.,"A",.,"A",.,"A",.,"A"
"20152","03083202",30,0,"1",585,"D",104,"D",.,"A",182,"D",0,"D",.,"A",.,"A",481,"D",30,"D",.,"A",.,"A",.,"A",.,"A"
"20152","03083224",36,0,"1",845,"D",195,"D",.,"A",585,"D",0,"D",.,"A",.,"A",650,"D",0,"D",.,"A",.,"A",.,"A",.,"A"
"20152","03083242",18,0,"1",650,"D",325,"D",.,"A",0,"D",0,"D",.,"A",.,"A",325,"D",0,"D",.,"A",.,"A",.,"A",.,"A"
"20152","03083294",26,0,"1",1820,"D",390,"D",.,"A",325,"D",0,"D",.,"A",.,"A",1430,"D",0,"D",.,"A",.,"A",.,"A",.,"A"
"20152","03083332",39,0,"1",1950,"D",650,"D",.,"A",1300,"D",0,"D",.,"A",.,"A",1300,"D",0,"D",.,"A",.,"A",.,"A",.,"A"
"20152","03083344",62,0,"1",2275,"D",390,"D",.,"A",325,"D",0,"D",.,"A",351,"D",1885,"D",0,"D",25,"D",325,"D",.,"A",.,"A"
"20152","03083384",25,0,"1",520,"D",0,"D",.,"A",0,"D",0,"D",.,"A",.,"A",520,"D",0,"D",.,"A",.,"A",.,"A",.,"A"
"20152","03083393",44,0,"1",3250,"D",650,"D",.,"A",780,"D",0,"D",.,"A",.,"A",2600,"D",0,"D",.,"A",.,"A",.,"A",.,"A"
"20152","03083454",29,0,"1",3900,"D",390,"D",.,"A",325,"D",45,"D",.,"A",.,"A",3510,"D",75,"D",.,"A",.,"A",.,"A",.,"A"
"20152","03083493",25,0,"1",1300,"D",186,"F",.,"A",1729,"D",0,"D",.,"A",.,"A",642,"F",0,"D",.,"A",.,"A",.,"A",.,"A"
"20152","03083502",23,0,"1",1625,"D",327,"F",260,"D",650,"D",0,"D",.,"A",480,"D",1201,"F",0,"D",.,"A",.,"A",.,"A",.,"A"
"20152","03083562",20,0,"1",650,"D",195,"D",.,"A",390,"D",0,"D",.,"A",.,"A",455,"D",0,"D",.,"A",.,"A",.,"A",.,"A"
"20152","03083582",23,0,"1",2600,"D",0,"D",.,"A",325,"D",0,"D",.,"A",.,"A",2600,"D",135,"F",.,"A",.,"A",.,"A",.,"A"
"20152","03083592",26,0,"1",1950,"D",260,"D",.,"A",0,"D",0,"D",.,"A",.,"A",1690,"D",0,"D",.,"A",.,"A",.,"A",.,"A"
"20152","03083613",39,0,"1",1950,"D",520,"D",.,"A",520,"D",0,"D",.,"A",.,"A",1430,"D",0,"D",.,"A",.,"A",.,"A",.,"A"
"20152","03083733",55,0,"1",650,"D",130,"D",.,"A",1040,"D",180,"D",.,"A",.,"A",520,"D",30,"D",.,"A",.,"A",.,"A",.,"A"
"20152","03083824",32,0,"1",1300,"D",130,"D",.,"A",260,"D",0,"D",.,"A",.,"A",1170,"D",60,"D",.,"A",.,"A",.,"A",.,"A"
"20152","03083892",31,0,"1",780,"D",325,"D",.,"A",325,"D",0,"D",.,"A",.,"A",455,"D",0,"D",.,"A",.,"A",.,"A",.,"A"
"20152","03083903",25,0,"1",975,"D",0,"D",.,"A",260,"D",0,"D",6,"D",.,"A",975,"D",0,"D",17,"D",221,"D",.,"A",.,"A"
"20152","03083922",30,0,"1",1300,"D",0,"D",.,"A",780,"D",6,"D",.,"A",.,"A",1300,"D",6,"D",.,"A",.,"A",.,"A",.,"A"
"20152","03083942",26,0,"1",520,"D",0,"D",.,"A",260,"D",45,"D",.,"A",.,"A",520,"D",0,"D",.,"A",.,"A",.,"A",.,"A"
"20152","03084032",11,0,"1",910,"D",0,"D",.,"A",0,"D",0,"D",.,"A",.,"A",910,"D",0,"D",.,"A",.,"A",.,"A",.,"A"
"20152","03084093",59,0,"1",650,"D",0,"D",.,"A",0,"D",0,"D",.,"A",.,"A",650,"D",0,"D",.,"A",.,"A",.,"A",.,"A"
"20152","03084103",22,0,"1",1300,"D",260,"D",.,"A",1300,"D",15,"D",.,"A",.,"A",1040,"D",75,"D",.,"A",.,"A",.,"A",.,"A"
"20152","03084122",22,0,"1",1300,"D",260,"D",65,"D",520,"D",90,"D",.,"A",.,"A",1040,"D",150,"D",42,"D",546,"D",.,"A",.,"A"
"20152","03084163",47,0,"1",1300,"D",130,"D",260,"D",325,"D",36,"D",.,"A",.,"A",1170,"D",150,"D",.,"A",.,"A",.,"A",.,"A"
"20152","03084172",14,0,"1",650,"D",130,"D",.,"A",130,"D",0,"D",.,"A",.,"A",520,"D",0,"D",.,"A",.,"A",.,"A",.,"A"
"20152","03084293",19,0,"1",780,"D",130,"D",.,"A",390,"D",0,"D",.,"A",.,"A",650,"D",0,"D",.,"A",.,"A",.,"A",.,"A"
"20152","03084353",24,0,"1",910,"D",130,"D",.,"A",260,"D",0,"D",.,"A",.,"A",780,"D",0,"D",.,"A",.,"A",.,"A",.,"A"
"20152","03084364",37,0,"1",494,"D",130,"D",.,"A",455,"D",30,"D",.,"A",.,"A",364,"D",60,"D",.,"A",.,"A",.,"A",.,"A"
"20152","03084383",39,0,"1",2600,"D",650,"D",.,"A",780,"D",0,"D",.,"A",.,"A",1950,"D",0,"D",.,"A",.,"A",.,"A",.,"A"
"20152","03084413",67,0,"1",975,"D",65,"D",.,"A",520,"D",0,"D",.,"A",43,"D",910,"D",0,"D",.,"A",.,"A",.,"A",.,"A"
"20152","03084532",27,0,"1",1300,"D",65,"D",.,"A",260,"D",0,"D",.,"A",.,"A",1235,"D",0,"D",.,"A",.,"A",.,"A",.,"A"
"20152","03084573",62,0,"1",1625,"D",520,"D",260,"D",650,"D",0,"D",.,"A",.,"A",1105,"D",0,"D",.,"A",.,"A",.,"A",.,"A"
"20152","03084603",13,0,"1",930,"F",.,"A",.,"A",471,"F",158,"F",.,"A",.,"A",755,"F",104,"F",.,"A",.,"A",.,"A",.,"A"
"20152","03084614",28,0,"1",1300,"D",325,"D",.,"A",325,"D",120,"D",.,"A",.,"A",975,"D",120,"D",.,"A",.,"A",.,"A",.,"A"
"20152","03084663",34,0,"1",1950,"D",260,"D",.,"A",455,"D",120,"D",.,"A",.,"A",1690,"D",90,"D",.,"A",.,"A",.,"A",.,"A"
"20152","03084674",54,0,"1",650,"D",130,"D",260,"D",0,"D",0,"D",.,"A",.,"A",520,"D",0,"D",.,"A",.,"A",.,"A",.,"A"
"20152","03084684",22,0,"1",0,"D",.,"A",.,"A",0,"D",0,"D",.,"A",.,"A",0,"D",0,"D",.,"A",.,"A",.,"A",.,"A"
"20152","03084733",24,0,"1",1300,"D",260,"D",.,"A",0,"D",0,"D",.,"A",.,"A",1040,"D",0,"D",.,"A",.,"A",.,"A",.,"A"
"20152","03084772",26,0,"1",5200,"D",1300,"D",.,"A",390,"D",300,"D",.,"A",.,"A",3900,"D",300,"D",.,"C",680,"F",.,"A",.,"A"
"20152","03084844",28,0,"1",975,"D",195,"D",.,"A",325,"D",0,"D",.,"A",.,"A",780,"D",0,"D",.,"A",.,"A",.,"A",.,"A"
"20152","03084904",63,0,"1",1625,"D",520,"D",.,"A",455,"D",0,"D",.,"A",325,"D",1105,"D",0,"D",100,"D",1300,"D",.,"A",.,"A"
"20152","03085043",14,0,"1",780,"D",260,"D",.,"A",195,"D",0,"D",.,"A",.,"A",520,"D",0,"D",.,"A",.,"A",.,"A",.,"A"
"20152","03085183",40,0,"1",1300,"D",260,"D",.,"A",650,"D",45,"D",.,"A",.,"A",1040,"D",30,"D",.,"A",.,"A",.,"A",.,"A"
"20152","03085222",19,0,"1",650,"D",130,"D",.,"A",650,"D",0,"D",375,"D",.,"A",520,"D",0,"D",.,"A",.,"A",.,"A",.,"A"
"20152","03085294",27,0,"1",650,"D",39,"D",156,"D",0,"D",0,"D",.,"A",.,"A",611,"D",36,"D",.,"A",.,"A",.,"A",.,"A"
"20152","03085304",22,0,"1",728,"D",364,"D",.,"A",130,"D",0,"D",.,"A",.,"A",364,"D",0,"D",.,"A",.,"A",.,"A",.,"A"
"20152","03085362",19,0,"1",975,"D",260,"D",.,"A",130,"D",0,"D",.,"A",.,"A",715,"D",0,"D",.,"A",.,"A",.,"A",.,"A"
"20152","03085372",31,0,"1",1300,"D",325,"D",.,"A",130,"D",0,"D",.,"A",.,"A",975,"D",0,"D",35,"D",455,"D",.,"A",.,"A"
"20152","03085393",8,0,"1",494,"D",260,"D",.,"A",0,"D",0,"D",.,"A",.,"A",234,"D",60,"D",37,"D",481,"D",.,"A",.,"A"
"20152","03085423",52,0,"1",1300,"D",325,"D",.,"A",195,"D",30,"D",.,"A",.,"A",975,"D",90,"D",.,"A",.,"A",65,"D",5,"D"
"20152","03085452",48,0,"1",1950,"D",260,"D",650,"D",1040,"D",0,"D",.,"A",.,"A",1690,"D",27,"D",50,"D",650,"D",.,"A",.,"A"
"20152","03085472",33,0,"1",975,"D",156,"D",78,"D",130,"D",15,"D",.,"A",.,"A",819,"D",0,"D",.,"A",.,"A",.,"A",.,"A"
"20152","03085533",20,0,"1",2600,"D",650,"D",.,"A",0,"D",0,"D",.,"A",.,"A",1950,"D",0,"D",.,"A",.,"A",.,"A",.,"A"
"20152","03085572",24,0,"1",2600,"D",1300,"D",.,"A",1820,"D",75,"D",.,"A",1100,"D",1300,"D",75,"D",.,"A",.,"A",.,"A",.,"A"
"20152","03085624",35,0,"1",1560,"D",65,"D",.,"A",520,"D",0,"D",.,"A",.,"A",1495,"D",0,"D",.,"A",.,"A",.,"A",.,"A"
"20152","03085663",50,0,"1",715,"D",0,"D",.,"A",195,"D",0,"D",.,"A",.,"A",715,"D",0,"D",.,"A",.,"A",.,"A",.,"A"
"20152","03085694",26,0,"1",910,"D",390,"D",650,"D",260,"D",90,"D",246,"F",.,"A",520,"D",240,"D",.,"A",.,"A",.,"A",.,"A"
"20152","03085703",71,0,"1",2600,"D",355,"F",.,"A",1300,"D",150,"D",.,"A",.,"A",1220,"F",150,"D",.,"A",.,"A",.,"A",.,"A"
"20152","03085784",53,0,"1",910,"D",130,"D",260,"D",325,"D",0,"D",.,"A",.,"A",780,"D",15,"D",.,"A",.,"A",.,"A",.,"A"
"20152","03085803",17,0,"1",1144,"D",130,"D",.,"A",65,"D",0,"D",.,"A",.,"A",1014,"D",0,"D",20,"D",260,"D",.,"A",.,"A"
"20152","03085853",36,0,"1",3900,"D",0,"D",.,"A",520,"D",0,"D",.,"A",.,"A",3900,"D",30,"D",.,"A",.,"A",.,"A",.,"A"
"20152","03085863",32,0,"1",650,"D",260,"D",65,"D",585,"D",0,"D",.,"A",120,"D",390,"D",0,"D",.,"A",.,"A",.,"A",.,"A"
"20152","03085874",25,0,"1",1772,"F",.,"A",.,"A",760,"F",113,"F",.,"A",.,"A",1467,"F",107,"F",.,"A",.,"A",.,"A",.,"A"
"20152","03085922",36,0,"1",1040,"D",260,"D",.,"A",0,"D",0,"D",.,"A",.,"A",780,"D",0,"D",.,"A",.,"A",.,"A",.,"A"
"20152","03085943",32,0,"1",975,"D",260,"D",.,"A",260,"D",0,"D",.,"A",156,"D",715,"D",30,"D",.,"A",.,"A",.,"A",.,"A"
"20152","03085964",19,0,"1",1560,"D",780,"D",.,"A",975,"D",0,"D",.,"A",.,"A",780,"D",0,"D",36,"D",468,"D",.,"A",.,"A"
"20152","03085973",55,0,"1",2600,"D",1300,"D",.,"A",650,"D",0,"D",.,"A",.,"A",1300,"D",0,"D",60,"D",780,"D",.,"A",.,"A"
"20152","03086032",40,0,"1",910,"D",260,"D",.,"A",130,"D",0,"D",.,"A",.,"A",650,"D",321,"D",.,"A",.,"A",.,"A",.,"A"
"20152","03086043",27,0,"1",5200,"D",2600,"D",.,"A",325,"D",0,"D",.,"A",.,"A",2600,"D",12,"D",.,"A",.,"A",.,"A",.,"A"
"20152","03086063",14,0,"1",650,"D",195,"D",.,"A",260,"D",0,"D",.,"A",.,"A",455,"D",0,"D",.,"A",.,"A",.,"A",.,"A"
"20152","03086122",35,0,"1",1300,"D",195,"D",.,"A",520,"D",0,"D",.,"A",.,"A",1105,"D",60,"D",.,"A",.,"A",.,"A",.,"A"
"20152","03086154",40,0,"1",390,"D",0,"D",.,"A",1300,"D",0,"D",.,"A",.,"A",390,"D",90,"D",.,"A",.,"A",.,"A",.,"A"
"20152","03086213",73,0,"1",1300,"D",0,"D",1300,"D",2340,"D",1440,"D",.,"A",.,"A",1300,"D",180,"D",.,"A",.,"A",52,"D",4,"D"
"20152","03086233",49,0,"1",832,"D",65,"D",.,"A",117,"D",0,"D",.,"A",.,"A",767,"D",0,"D",.,"A",.,"A",.,"A",.,"A"
"20152","03086253",11,0,"1",845,"D",195,"D",.,"A",130,"D",0,"D",.,"A",.,"A",650,"D",0,"D",.,"A",.,"A",.,"A",.,"A"
"20152","03086283",42,0,"1",1560,"D",520,"D",.,"A",1040,"D",60,"D",.,"A",.,"A",1040,"D",0,"D",.,"A",.,"A",.,"A",.,"A"
"20152","03086293",24,0,"1",1950,"D",65,"D",65,"D",0,"D",0,"D",.,"A",.,"A",1885,"D",105,"D",10,"D",130,"D",.,"A",.,"A"
"20152","03086313",43,0,"1",1625,"D",650,"D",.,"A",325,"D",0,"D",.,"A",720,"D",975,"D",0,"D",56,"D",728,"D",182,"D",14,"D"
"20152","03086384",65,0,"1",780,"D",130,"D",.,"A",520,"D",0,"D",.,"A",.,"A",650,"D",0,"D",25,"D",325,"D",.,"A",.,"A"
"20152","03086413",38,0,"1",5850,"D",2600,"D",1950,"D",3250,"D",75,"D",.,"A",540,"D",3250,"D",300,"D",.,"A",.,"A",325,"D",25,"D"
"20152","03086482",48,0,"1",2600,"D",260,"D",195,"D",260,"D",0,"D",.,"A",275,"D",2340,"D",0,"D",.,"A",.,"A",390,"D",30,"D"
"20152","03086502",35,0,"1",975,"D",130,"D",.,"A",325,"D",0,"D",.,"A",.,"A",845,"D",0,"D",15,"D",195,"D",.,"A",.,"A"
"20152","03086514",17,0,"1",780,"D",130,"D",260,"D",325,"D",0,"D",.,"A",.,"A",650,"D",0,"D",.,"A",.,"A",.,"A",.,"A"
"20152","03086572",31,0,"1",325,"D",39,"D",.,"A",650,"D",60,"D",.,"A",.,"A",286,"D",30,"D",.,"A",.,"A",.,"A",.,"A"
"20152","03086583",40,0,"1",1534,"D",234,"D",.,"A",975,"D",60,"D",.,"A",.,"A",1300,"D",0,"D",.,"A",.,"A",.,"A",.,"A"
"20152","03086632",15,0,"1",520,"D",195,"D",.,"A",0,"D",0,"D",.,"A",.,"A",325,"D",0,"D",50,"D",650,"D",.,"A",.,"A"
"20152","03086683",13,0,"1",1950,"D",0,"D",.,"A",0,"D",0,"D",.,"A",.,"A",1950,"D",0,"D",.,"A",.,"A",.,"A",.,"A"
"20152","03086712",15,0,"1",780,"D",65,"D",.,"A",260,"D",0,"D",.,"A",.,"A",715,"D",90,"D",.,"A",.,"A",.,"A",.,"A"
"20152","03086754",18,0,"1",1170,"D",130,"D",.,"A",195,"D",0,"D",.,"A",.,"A",1040,"D",0,"D",25,"D",325,"D",.,"A",.,"A"
"20152","03086804",25,0,"1",1300,"D",325,"D",130,"D",0,"D",0,"D",.,"A",840,"D",975,"D",0,"D",.,"A",.,"A",.,"A",.,"A"
"20152","03086844",20,0,"1",650,"D",130,"D",.,"A",0,"D",0,"D",.,"A",.,"A",520,"D",90,"D",.,"A",.,"A",.,"A",.,"A"
"20152","03086862",36,0,"1",650,"D",130,"D",.,"A",78,"D",0,"D",.,"A",.,"A",520,"D",60,"D",.,"A",.,"A",.,"A",.,"A"
"20152","03086924",18,0,"1",650,"D",0,"D",.,"A",0,"D",0,"D",.,"A",.,"A",650,"D",0,"D",.,"A",.,"A",.,"A",.,"A"
"20152","03086942",32,0,"1",3900,"D",1300,"D",.,"A",0,"D",0,"D",.,"A",120,"D",2600,"D",0,"D",.,"A",.,"A",.,"A",.,"A"
"20152","03086953",37,0,"1",5200,"D",3250,"D",.,"A",650,"D",1500,"D",.,"A",.,"A",1950,"D",1500,"D",.,"A",.,"A",.,"A",.,"A"
"20152","03087004",16,0,"1",1040,"D",260,"D",.,"A",390,"D",0,"D",.,"A",.,"A",780,"D",45,"D",.,"A",.,"A",.,"A",.,"A"
"20152","03087014",14,0,"1",780,"D",91,"D",390,"D",0,"D",0,"D",.,"A",.,"A",689,"D",84,"D",12,"D",156,"D",.,"A",.,"A"
"20152","03087062",23,0,"1",1950,"D",156,"D",.,"A",455,"D",0,"D",.,"A",.,"A",1794,"D",36,"D",.,"A",.,"A",.,"A",.,"A"
"20152","03087103",34,0,"1",1560,"D",65,"D",.,"A",143,"D",0,"D",.,"A",.,"A",1495,"D",66,"D",.,"A",.,"A",.,"A",.,"A"
"20152","03087112",23,0,"1",325,"D",0,"D",.,"A",65,"D",0,"D",.,"A",.,"A",325,"D",0,"D",30,"D",390,"D",.,"A",.,"A"
"20152","03087152",23,0,"1",325,"D",65,"D",.,"A",195,"D",0,"D",.,"A",.,"A",260,"D",0,"D",.,"A",.,"A",.,"A",.,"A"
"20152","03087242",20,0,"1",650,"D",0,"D",.,"A",0,"D",0,"D",.,"A",.,"A",650,"D",0,"D",.,"A",.,"A",.,"A",.,"A"
"20152","03087253",14,0,"1",1300,"D",260,"D",.,"A",390,"D",0,"D",.,"A",.,"A",1040,"D",300,"D",28,"D",364,"D",.,"A",.,"A"
"20152","03087292",20,0,"1",780,"D",455,"D",.,"A",0,"D",0,"D",.,"A",.,"A",325,"D",0,"D",15,"D",195,"D",.,"A",.,"A"
"20152","03087342",27,0,"1",2275,"D",325,"D",.,"A",390,"D",0,"D",.,"A",.,"A",1950,"D",0,"D",32,"D",416,"D",.,"A",.,"A"
"20152","03087372",31,0,"1",4550,"D",650,"D",.,"A",260,"D",0,"D",.,"A",.,"A",3900,"D",120,"D",.,"A",.,"A",.,"A",.,"A"
"20152","03087413",27,0,"1",325,"D",0,"D",.,"A",0,"D",0,"D",.,"A",.,"A",325,"D",0,"D",.,"A",.,"A",.,"A",.,"A"
"20152","03087474",44,0,"1",1053,"D",403,"D",.,"A",650,"D",0,"D",.,"A",.,"A",650,"D",0,"D",.,"A",.,"A",.,"A",.,"A"
"20152","03087604",36,0,"1",910,"D",130,"D",.,"A",260,"D",0,"D",.,"A",.,"A",780,"D",90,"D",.,"A",.,"A",.,"A",.,"A"
"20152","03087682",19,0,"1",975,"D",130,"D",.,"A",325,"D",30,"D",.,"A",.,"A",845,"D",105,"D",.,"A",.,"A",.,"A",.,"A"
"20152","03087784",15,0,"1",325,"D",0,"D",.,"A",130,"D",0,"D",.,"A",.,"A",325,"D",60,"D",26,"D",338,"D",.,"A",.,"A"
"20152","03087854",16,0,"1",1300,"D",130,"D",.,"A",0,"D",0,"D",.,"A",.,"A",1170,"D",0,"D",.,"A",.,"A",.,"A",.,"A"
"20152","03087902",25,0,"1",1170,"D",195,"D",.,"A",260,"D",0,"D",.,"A",.,"A",975,"D",60,"D",.,"A",.,"A",.,"A",.,"A"
"20152","03087932",20,0,"1",2600,"D",650,"D",.,"A",195,"D",0,"D",.,"A",.,"A",1950,"D",0,"D",15,"D",195,"D",.,"A",.,"A"
"20152","03087962",91,0,"1",3315,"D",65,"D",.,"A",975,"D",60,"D",.,"A",.,"A",3250,"D",375,"D",.,"A",.,"A",.,"A",.,"A"
"20152","03088012",14,0,"1",195,"D",39,"D",.,"A",0,"D",0,"D",.,"A",.,"A",156,"D",0,"D",.,"A",.,"A",.,"A",.,"A"
"20152","03088033",43,0,"1",1625,"D",195,"D",.,"A",104,"D",0,"D",.,"A",.,"A",1430,"D",0,"D",.,"A",.,"A",.,"A",.,"A"
"20152","03088043",19,0,"1",715,"D",130,"D",.,"A",0,"D",0,"D",.,"A",360,"D",585,"D",0,"D",.,"A",.,"A",.,"A",.,"A"
"20152","03088073",51,0,"1",1950,"D",390,"D",.,"A",650,"D",0,"D",.,"A",.,"A",1560,"D",0,"D",30,"D",390,"D",.,"A",.,"A"
"20152","03088082",33,0,"1",1950,"D",0,"D",.,"A",975,"D",0,"D",.,"A",.,"A",1950,"D",0,"D",.,"A",.,"A",.,"A",.,"A"
"20152","03088123",40,0,"1",2600,"D",520,"D",.,"A",1300,"D",300,"D",.,"A",.,"A",2080,"D",120,"D",.,"A",.,"A",.,"A",.,"A"
"20152","03088144",31,0,"1",650,"D",0,"D",260,"D",664,"F",0,"D",.,"A",.,"A",650,"D",0,"D",50,"D",650,"D",.,"A",.,"A"
"20152","03088264",64,0,"1",1950,"D",585,"D",325,"D",910,"D",60,"D",.,"A",.,"A",1365,"D",90,"D",.,"A",.,"A",.,"A",.,"A"
"20152","03088292",26,0,"1",2600,"D",975,"D",.,"A",390,"D",0,"D",520,"D",.,"A",1625,"D",0,"D",50,"D",650,"D",.,"A",.,"A"
"20152","03088304",16,0,"1",1040,"D",195,"D",.,"A",0,"D",0,"D",.,"A",.,"A",845,"D",0,"D",.,"A",.,"A",.,"A",.,"A"
"20152","03088314",41,0,"1",2600,"D",650,"D",.,"A",1300,"D",450,"D",.,"A",.,"A",1950,"D",360,"D",.,"A",.,"A",.,"A",.,"A"
"20152","03088334",13,0,"1",1300,"D",195,"D",.,"A",0,"D",0,"D",.,"A",.,"A",1105,"D",0,"D",.,"A",.,"A",.,"A",.,"A"
"20152","03088412",28,0,"1",1300,"D",260,"D",.,"A",0,"D",0,"D",.,"A",.,"A",1040,"D",0,"D",.,"A",.,"A",.,"A",.,"A"
"20152","03088444",39,0,"1",5200,"D",1950,"D",325,"D",1300,"D",0,"D",.,"A",.,"A",3250,"D",0,"D",40,"D",520,"D",.,"A",.,"A"
"20152","03088654",36,0,"1",2600,"D",650,"D",.,"A",1300,"D",0,"D",.,"A",.,"A",1950,"D",0,"D",.,"A",.,"A",.,"A",.,"A"
"20152","03088682",20,0,"1",650,"D",65,"D",.,"A",130,"D",0,"D",.,"A",.,"A",585,"D",0,"D",.,"A",.,"A",.,"A",.,"A"
"20152","03088721",27,0,"1",2470,"D",325,"D",.,"A",780,"D",15,"D",.,"A",30,"D",2145,"D",60,"D",.,"A",.,"A",390,"D",30,"D"
"20152","03088734",13,0,"1",650,"D",260,"D",.,"A",0,"D",0,"D",.,"A",.,"A",390,"D",0,"D",.,"A",.,"A",.,"A",.,"A"
"20152","03088741",34,0,"1",1300,"D",442,"D",520,"D",390,"D",75,"D",.,"A",.,"A",858,"D",75,"D",.,"A",.,"A",.,"A",.,"A"
"20152","03088781",10,0,"1",1014,"D",130,"D",.,"A",0,"D",0,"D",.,"A",.,"A",884,"D",0,"D",.,"A",.,"A",.,"A",.,"A"
"20152","03088803",18,0,"1",780,"D",130,"D",.,"A",0,"D",0,"D",.,"A",.,"A",650,"D",0,"D",.,"A",.,"A",.,"A",.,"A"
"20152","03088823",33,0,"1",4225,"D",1300,"D",.,"A",0,"D",0,"D",.,"A",.,"A",2925,"D",0,"D",.,"A",.,"A",.,"A",.,"A"
"20152","03088832",21,0,"1",260,"D",65,"D",.,"A",130,"D",0,"D",.,"A",.,"A",195,"D",6,"D",.,"A",.,"A",.,"A",.,"A"
"20152","03088843",33,0,"1",3250,"D",325,"D",.,"A",1170,"D",0,"D",.,"A",.,"A",2925,"D",0,"D",.,"A",.,"A",.,"A",.,"A"
"20152","03088864",40,0,"1",949,"D",156,"D",.,"A",325,"D",30,"D",.,"A",.,"A",793,"D",90,"D",.,"A",.,"A",.,"A",.,"A"
"20152","03088882",43,0,"1",3900,"D",650,"D",195,"D",780,"D",0,"D",.,"A",.,"A",3250,"D",300,"D",.,"A",.,"A",.,"A",.,"A"
"20152","03088891",41,0,"1",650,"D",0,"D",325,"D",130,"D",90,"D",.,"A",.,"A",650,"D",0,"D",.,"A",.,"A",.,"A",.,"A"
"20152","03088911",12,0,"1",1040,"D",130,"D",.,"A",0,"D",0,"D",.,"A",.,"A",910,"D",0,"D",.,"A",.,"A",.,"A",.,"A"
"20152","03088924",50,0,"1",975,"D",260,"D",.,"A",910,"D",0,"D",.,"A",.,"A",715,"D",0,"D",16,"D",208,"D",.,"A",.,"A"
"20152","03088943",25,0,"1",1625,"D",650,"D",.,"A",260,"D",0,"D",.,"A",.,"A",975,"D",0,"D",14,"D",182,"D",325,"D",25,"D"
"20152","03088951",48,0,"1",1300,"D",130,"D",325,"D",1300,"D",0,"D",.,"A",.,"A",1170,"D",120,"D",15,"D",195,"D",.,"A",.,"A"
"20152","03088962",13,0,"1",930,"F",.,"A",.,"A",0,"D",0,"D",.,"A",.,"A",755,"F",104,"F",.,"A",.,"A",.,"A",.,"A"
"20152","03088973",28,0,"1",1950,"D",0,"D",130,"D",780,"D",0,"D",.,"A",150,"D",1950,"D",0,"D",.,"A",.,"A",130,"D",10,"D"
"20152","03088983",37,0,"1",845,"D",65,"D",.,"A",0,"D",0,"D",.,"A",.,"A",780,"D",0,"D",.,"A",.,"A",.,"A",.,"A"
"20152","03089011",16,0,"1",1300,"D",260,"D",.,"A",520,"D",0,"D",.,"A",.,"A",1040,"D",0,"D",.,"A",.,"A",.,"A",.,"A"
"20152","03089022",16,0,"1",3900,"D",650,"D",.,"A",780,"D",0,"D",.,"A",.,"A",3250,"D",0,"D",.,"A",.,"A",.,"A",.,"A"
"20152","03089053",10,0,"1",1950,"D",0,"D",.,"A",0,"D",0,"D",.,"A",.,"A",1950,"D",0,"D",.,"A",.,"A",.,"A",.,"A"
"20152","03089061",20,0,"1",2600,"D",260,"D",.,"A",1300,"D",0,"D",.,"A",.,"A",2340,"D",750,"D",.,"A",.,"A",.,"A",.,"A"
"20152","03089082",16,0,"1",2080,"D",780,"D",.,"A",390,"D",0,"D",.,"A",300,"D",1300,"D",0,"D",.,"A",.,"A",.,"A",.,"A"
"20152","03089101",19,0,"1",780,"D",130,"D",195,"D",130,"D",0,"D",.,"A",.,"A",650,"D",0,"D",.,"A",.,"A",.,"A",.,"A"
"20152","03089114",28,0,"1",1950,"D",650,"D",.,"A",650,"D",60,"D",.,"A",.,"A",1300,"D",0,"D",.,"A",.,"A",.,"A",.,"A"
"20152","03089131",45,0,"1",1040,"D",0,"D",.,"A",390,"D",120,"D",.,"A",.,"A",1040,"D",360,"D",.,"A",.,"A",.,"A",.,"A"
"20152","03089161",77,0,"1",1950,"D",260,"D",1820,"D",780,"D",0,"D",.,"A",163,"D",1690,"D",90,"D",14,"D",182,"D",.,"A",.,"A"
"20152","03089173",18,0,"1",1300,"D",0,"D",.,"A",195,"D",0,"D",.,"A",.,"A",1300,"D",0,"D",35,"D",455,"D",.,"A",.,"A"
"20152","03089201",65,0,"1",1300,"D",130,"D",975,"D",78,"D",6,"D",.,"A",.,"A",1170,"D",105,"D",.,"A",.,"A",.,"A",.,"A"
"20152","03089214",21,0,"1",975,"D",260,"D",.,"A",650,"D",6,"D",.,"A",.,"A",715,"D",6,"D",.,"A",.,"A",.,"A",.,"A"
"20152","03089231",14,0,"1",6500,"D",130,"D",.,"A",520,"D",0,"D",.,"A",.,"A",6370,"D",0,"D",.,"A",.,"A",.,"A",.,"A"
"20152","03089244",18,0,"1",650,"D",325,"D",260,"D",1300,"D",0,"D",.,"A",.,"A",325,"D",0,"D",.,"A",.,"A",.,"A",.,"A"
"20152","03089254",32,0,"1",1950,"D",325,"D",.,"A",0,"D",0,"D",.,"A",360,"D",1625,"D",150,"D",.,"A",.,"A",.,"A",.,"A"
"20152","03089262",67,0,"1",1300,"D",195,"D",65,"D",260,"D",60,"D",.,"A",.,"A",1105,"D",72,"D",5,"D",65,"D",130,"D",10,"D"
"20152","03089283",23,0,"1",390,"D",0,"D",.,"A",650,"D",60,"D",.,"A",.,"A",390,"D",150,"D",.,"A",.,"A",.,"A",.,"A"
"20152","03089292",9,0,"1",910,"D",195,"D",.,"A",0,"D",6,"D",.,"A",.,"A",715,"D",6,"D",.,"A",.,"A",.,"A",.,"A"
"20152","03089301",19,0,"1",975,"D",195,"D",.,"A",0,"D",0,"D",.,"A",.,"A",780,"D",0,"D",.,"A",.,"A",.,"A",.,"A"
"20152","03089311",25,0,"1",1300,"D",390,"D",.,"A",260,"D",0,"D",.,"A",36,"D",910,"D",150,"D",.,"A",.,"A",.,"A",.,"A"
"20152","03089324",42,0,"1",3250,"D",650,"D",.,"A",520,"D",0,"D",.,"A",.,"A",2600,"D",60,"D",.,"C",529,"F",.,"A",.,"A"
"20152","03089401",18,0,"1",585,"D",104,"D",130,"D",0,"D",0,"D",.,"A",.,"A",481,"D",0,"D",.,"A",.,"A",.,"A",.,"A"
"20152","03089412",17,0,"1",650,"D",130,"D",260,"D",390,"D",90,"D",.,"A",.,"A",520,"D",135,"D",.,"A",.,"A",.,"A",.,"A"
"20152","03089424",21,0,"1",806,"D",0,"D",650,"D",260,"D",0,"D",.,"A",.,"A",806,"D",0,"D",.,"A",.,"A",.,"A",.,"A"
"20152","03089432",32,0,"1",1560,"D",260,"D",.,"A",1300,"D",60,"D",.,"A",.,"A",1300,"D",45,"D",.,"A",.,"A",.,"A",.,"A"
"20152","03089441",22,0,"1",650,"D",78,"D",.,"A",52,"D",0,"D",.,"A",.,"A",572,"D",6,"D",.,"A",.,"A",.,"A",.,"A"
"20152","03089454",23,0,"1",2600,"D",0,"D",.,"A",1690,"D",0,"D",.,"A",.,"A",2600,"D",0,"D",.,"A",.,"A",.,"A",.,"A"
"20152","03089461",27,0,"1",1300,"D",0,"D",650,"D",650,"D",0,"D",.,"A",.,"A",1300,"D",0,"D",.,"A",.,"A",.,"A",.,"A"
"20152","03089471",12,0,"1",260,"D",195,"D",.,"A",0,"D",0,"D",.,"A",.,"A",65,"D",0,"D",.,"A",.,"A",.,"A",.,"A"
"20152","03089482",10,0,"1",975,"D",130,"D",195,"D",260,"D",0,"D",.,"A",.,"A",845,"D",0,"D",.,"A",.,"A",.,"A",.,"A"
"20152","03089501",12,0,"1",1950,"D",520,"D",.,"A",195,"D",0,"D",.,"A",.,"A",1430,"D",0,"D",.,"A",.,"A",.,"A",.,"A"
"20152","03089511",27,0,"1",3900,"D",260,"D",.,"A",650,"D",6,"D",.,"A",480,"D",3640,"D",6,"D",.,"A",.,"A",.,"A",.,"A"
"20152","03089522",33,0,"1",1300,"D",0,"D",260,"D",650,"D",150,"D",.,"A",120,"D",1300,"D",150,"D",.,"A",.,"A",.,"A",.,"A"
"20152","03089564",22,0,"1",650,"D",260,"D",.,"A",390,"D",0,"D",.,"A",.,"A",390,"D",0,"D",.,"A",.,"A",.,"A",.,"A"
"20152","03089581",24,0,"1",1950,"D",1040,"D",.,"A",130,"D",30,"D",.,"A",.,"A",910,"D",1050,"D",.,"A",.,"A",.,"A",.,"A"
"20152","03089593",32,0,"1",2600,"D",520,"D",.,"A",2600,"D",0,"D",.,"A",.,"A",2080,"D",0,"D",.,"A",.,"A",.,"A",.,"A"
"20152","03089601",22,0,"1",975,"D",195,"D",.,"A",0,"D",0,"D",.,"A",.,"A",780,"D",0,"D",.,"A",.,"A",.,"A",.,"A"
"20152","03089611",17,0,"1",2470,"D",130,"D",.,"A",650,"D",6,"D",.,"A",.,"A",2340,"D",6,"D",.,"A",.,"A",.,"A",.,"A"
"20152","03089623",20,0,"1",650,"D",65,"D",.,"A",0,"D",0,"D",.,"A",.,"A",585,"D",0,"D",.,"A",.,"A",.,"A",.,"A"
"20152","03089634",59,0,"1",2600,"D",390,"D",260,"D",520,"D",0,"D",.,"A",.,"A",2210,"D",0,"D",.,"A",.,"A",.,"A",.,"A"
"20152","03089641",8,0,"1",650,"D",325,"D",.,"A",65,"D",30,"D",.,"A",.,"A",325,"D",60,"D",.,"A",.,"A",.,"A",.,"A"
"20152","03089662",38,0,"1",1495,"D",130,"D",65,"D",650,"D",60,"D",.,"A",204,"D",1365,"D",45,"D",.,"A",.,"A",.,"A",.,"A"
"20152","03089674",17,0,"1",1560,"D",260,"D",.,"A",0,"D",0,"D",.,"A",.,"A",1300,"D",60,"D",.,"A",.,"A",.,"A",.,"A"
"20152","03089684",51,0,"1",2600,"D",650,"D",130,"D",650,"D",0,"D",.,"A",.,"A",1950,"D",0,"D",.,"A",.,"A",.,"A",.,"A"
"20152","03089703",23,0,"1",1560,"D",390,"D",.,"A",780,"D",15,"D",.,"A",.,"A",1170,"D",180,"D",20,"D",260,"D",.,"A",.,"A"
"20152","03089721",22,0,"1",1170,"D",260,"D",650,"D",0,"D",300,"D",.,"A",.,"A",910,"D",60,"D",20,"D",260,"D",.,"A",.,"A"
"20152","03089734",34,0,"1",325,"D",0,"D",260,"D",585,"D",0,"D",.,"A",.,"A",325,"D",0,"D",.,"A",.,"A",.,"A",.,"A"
"20152","03089751",17,0,"1",910,"D",0,"D",.,"A",78,"D",118,"F",.,"A",.,"A",910,"D",480,"D",.,"A",.,"A",.,"A",.,"A"
"20152","03089763",21,0,"1",1300,"D",195,"D",.,"A",0,"D",0,"D",.,"A",.,"A",1105,"D",105,"D",.,"A",.,"A",.,"A",.,"A"
"20152","03089774",54,0,"1",2600,"D",650,"D",130,"D",650,"D",90,"D",.,"A",.,"A",1950,"D",60,"D",.,"A",.,"A",.,"A",.,"A"
"20152","03089783",9,0,"1",1300,"D",195,"D",.,"A",0,"D",0,"D",.,"A",.,"A",1105,"D",0,"D",4,"D",52,"D",.,"A",.,"A"
"20152","03089791",44,0,"1",2275,"D",0,"D",650,"D",260,"D",0,"D",.,"A",120,"D",2275,"D",60,"D",42,"D",546,"D",.,"A",.,"A"
"20152","03089811",20,0,"1",650,"D",65,"D",.,"A",195,"D",0,"D",.,"A",.,"A",585,"D",0,"D",30,"D",390,"D",.,"A",.,"A"
"20152","03089824",23,0,"1",1040,"D",325,"D",.,"A",260,"D",30,"D",.,"A",.,"A",715,"D",150,"D",.,"A",.,"A",.,"A",.,"A"
"20152","03089831",14,0,"1",1560,"D",325,"D",195,"D",585,"D",0,"D",.,"A",.,"A",1235,"D",0,"D",.,"A",.,"A",.,"A",.,"A"
"20152","03089843",28,0,"1",1040,"D",260,"D",.,"A",650,"D",0,"D",.,"A",.,"A",780,"D",0,"D",.,"A",.,"A",.,"A",.,"A"
"20152","03089853",21,0,"1",2600,"D",325,"D",.,"A",0,"D",0,"D",.,"A",.,"A",2275,"D",60,"D",.,"A",.,"A",.,"A",.,"A"
"20152","03089912",70,0,"1",1300,"D",260,"D",.,"A",390,"D",0,"D",.,"A",.,"A",1040,"D",0,"D",.,"A",.,"A",.,"A",.,"A"
"20152","03089924",9,0,"1",0,"D",.,"A",.,"A",0,"D",0,"D",.,"A",.,"A",0,"D",0,"D",.,"A",.,"A",.,"A",.,"A"
"20152","03089933",21,0,"1",1300,"D",260,"D",.,"A",260,"D",0,"D",.,"A",.,"A",1040,"D",60,"D",.,"A",.,"A",.,"A",.,"A"
"20152","03089943",64,0,"1",3250,"D",0,"D",.,"A",1625,"D",0,"D",.,"A",.,"A",3250,"D",150,"D",.,"A",.,"A",.,"A",.,"A"
"20152","03090014",52,0,"1",2600,"D",585,"D",195,"D",650,"D",420,"D",.,"A",.,"A",2015,"D",99,"D",.,"A",.,"A",.,"A",.,"A"
"20152","03090032",16,0,"1",2275,"D",975,"D",.,"A",0,"D",0,"D",.,"A",195,"D",1300,"D",0,"D",50,"D",650,"D",.,"A",.,"A"
"20152","03090052",26,0,"1",975,"D",195,"D",.,"A",260,"D",0,"D",.,"A",.,"A",780,"D",0,"D",.,"A",.,"A",.,"A",.,"A"
"20152","03090061",23,0,"1",780,"D",260,"D",.,"A",390,"D",90,"D",.,"A",81,"D",520,"D",45,"D",.,"A",.,"A",.,"A",.,"A"
"20152","03090081",13,0,"1",390,"D",65,"D",.,"A",0,"D",0,"D",.,"A",.,"A",325,"D",0,"D",.,"A",.,"A",.,"A",.,"A"
"20152","03090091",31,0,"1",1950,"D",325,"D",.,"A",325,"D",0,"D",.,"A",.,"A",1625,"D",60,"D",.,"A",.,"A",.,"A",.,"A"
"20152","03090103",37,0,"1",1625,"D",520,"D",.,"A",845,"D",0,"D",.,"A",.,"A",1105,"D",0,"D",.,"A",.,"A",.,"A",.,"A"
"20152","03090122",21,0,"1",1300,"D",650,"D",.,"A",390,"D",0,"D",.,"A",.,"A",650,"D",0,"D",30,"D",390,"D",.,"A",.,"A"
"20152","03090162",10,0,"1",780,"D",260,"D",.,"A",0,"D",0,"D",.,"A",.,"A",520,"D",0,"D",.,"A",.,"A",.,"A",.,"A"
"20152","03090174",20,0,"1",2275,"D",325,"D",260,"D",260,"D",0,"D",.,"A",.,"A",1950,"D",0,"D",50,"D",650,"D",.,"A",.,"A"
"20152","03090203",37,0,"1",975,"D",260,"D",.,"A",325,"D",0,"D",.,"A",.,"A",715,"D",150,"D",.,"A",.,"A",.,"A",.,"A"
"20152","03090221",32,0,"1",1040,"D",0,"D",260,"D",130,"D",0,"D",.,"A",10,"D",1040,"D",300,"D",30,"D",390,"D",.,"A",.,"A"
"20152","03090252",12,0,"1",780,"D",325,"D",.,"A",0,"D",0,"D",.,"A",.,"A",455,"D",0,"D",.,"A",.,"A",.,"A",.,"A"
"20152","03090302",21,0,"1",650,"D",65,"D",.,"A",0,"D",0,"D",.,"A",.,"A",585,"D",60,"D",10,"D",130,"D",.,"A",.,"A"
"20152","03090311",33,0,"1",1300,"D",390,"D",.,"A",260,"D",90,"D",.,"A",.,"A",910,"D",15,"D",.,"A",.,"A",.,"A",.,"A"
"20152","03090323",20,0,"1",1625,"D",975,"D",.,"A",104,"D",0,"D",.,"A",.,"A",650,"D",0,"D",.,"A",.,"A",.,"A",.,"A"
"20152","03090342",29,0,"1",429,"D",130,"D",65,"D",754,"D",0,"D",280,"D",.,"A",299,"D",0,"D",10,"D",130,"D",.,"A",.,"A"
"20152","03090353",28,0,"1",910,"D",351,"D",195,"D",1625,"D",45,"D",.,"A",.,"A",559,"D",0,"D",25,"D",325,"D",.,"A",.,"A"
"20152","03090374",37,0,"1",1690,"D",260,"D",.,"A",0,"D",0,"D",.,"A",.,"A",1430,"D",0,"D",20,"D",260,"D",.,"A",.,"A"
"20152","03090381",21,0,"1",1625,"D",195,"D",.,"A",1690,"D",135,"D",.,"A",.,"A",1430,"D",180,"D",.,"A",.,"A",.,"A",.,"A"
"20152","03090391",29,0,"1",1495,"D",195,"D",312,"D",650,"D",0,"D",.,"A",.,"A",1300,"D",0,"D",.,"A",.,"A",.,"A",.,"A"
"20152","03090434",15,0,"1",520,"D",65,"D",.,"A",520,"D",75,"D",.,"A",.,"A",455,"D",0,"D",.,"A",.,"A",.,"A",.,"A"
"20152","03090473",25,0,"1",1625,"D",650,"D",.,"A",975,"D",150,"D",.,"A",.,"A",975,"D",45,"D",.,"A",.,"A",.,"A",.,"A"
"20152","03090481",18,0,"1",260,"D",0,"D",.,"A",260,"D",600,"D",.,"A",.,"A",260,"D",150,"D",21,"D",273,"D",.,"A",.,"A"
"20152","03090503",21,0,"1",1300,"D",0,"D",390,"D",455,"D",0,"D",.,"A",.,"A",1300,"D",0,"D",60,"D",780,"D",.,"A",.,"A"
"20152","03090514",14,0,"1",930,"F",.,"A",.,"A",0,"D",0,"D",.,"A",.,"A",755,"F",0,"D",.,"A",.,"A",.,"A",.,"A"
"20152","03090531",43,0,"1",1560,"D",325,"D",.,"A",455,"D",120,"D",.,"A",.,"A",1235,"D",90,"D",30,"D",390,"D",.,"A",.,"A"
"20152","03090542",42,0,"1",845,"D",455,"D",.,"A",1950,"D",45,"D",.,"A",.,"A",390,"D",90,"D",.,"A",.,"A",.,"A",.,"A"
"20152","03090551",23,0,"1",1300,"D",130,"D",.,"A",0,"D",0,"D",.,"A",.,"A",1170,"D",0,"D",.,"A",.,"A",.,"A",.,"A"
"20152","03090561",46,0,"1",1040,"D",390,"D",.,"A",260,"D",60,"D",.,"A",.,"A",650,"D",120,"D",.,"A",.,"A",.,"A",.,"A"
"20152","03090571",21,0,"1",104,"D",0,"D",.,"A",585,"D",150,"D",.,"A",.,"A",104,"D",75,"D",.,"A",.,"A",.,"A",.,"A"
"20152","03090581",17,0,"1",650,"D",65,"D",130,"D",390,"D",120,"D",.,"A",.,"A",585,"D",60,"D",.,"A",.,"A",.,"A",.,"A"
"20152","03090602",25,0,"1",2600,"D",650,"D",.,"A",1300,"D",240,"D",.,"A",.,"A",1950,"D",84,"D",.,"A",.,"A",.,"A",.,"A"
"20152","03090642",19,0,"1",650,"D",0,"D",.,"A",0,"D",0,"D",.,"A",.,"A",650,"D",0,"D",.,"A",.,"A",.,"A",.,"A"
"20152","03090671",26,0,"1",650,"D",260,"D",.,"A",130,"D",900,"D",.,"A",.,"A",390,"D",150,"D",20,"D",260,"D",.,"A",.,"A"
"20152","03090684",16,0,"1",325,"D",130,"D",.,"A",0,"D",0,"D",.,"A",.,"A",195,"D",0,"D",.,"A",.,"A",.,"A",.,"A"
"20152","03090712",37,0,"1",5200,"D",2600,"D",.,"A",2600,"D",0,"D",130,"D",.,"A",2600,"D",0,"D",.,"A",.,"A",.,"A",.,"A"
"20152","03090721",43,0,"1",1300,"D",260,"D",520,"D",520,"D",0,"D",.,"A",120,"D",1040,"D",0,"D",.,"A",.,"A",.,"A",.,"A"
"20152","03090752",23,0,"1",520,"D",130,"D",.,"A",0,"D",0,"D",.,"A",.,"A",390,"D",0,"D",10,"D",130,"D",.,"A",.,"A"
"20152","03090764",37,0,"1",1950,"D",650,"D",.,"A",520,"D",60,"D",.,"A",.,"A",1300,"D",60,"D",.,"A",.,"A",.,"A",.,"A"
"20152","03090783",41,0,"1",5200,"D",650,"D",65,"D",260,"D",0,"D",.,"A",.,"A",4550,"D",0,"D",.,"A",.,"A",.,"A",.,"A"
"20152","03090814",13,0,"1",910,"D",130,"D",.,"A",390,"D",0,"D",.,"A",.,"A",780,"D",30,"D",.,"A",.,"A",.,"A",.,"A"
"20152","03090822",27,0,"1",1625,"D",260,"D",.,"A",325,"D",0,"D",.,"A",.,"A",1365,"D",0,"D",.,"A",.,"A",.,"A",.,"A"
"20152","03090831",28,0,"1",1560,"D",260,"D",.,"A",650,"D",0,"D",.,"A",.,"A",1300,"D",45,"D",49,"D",637,"D",.,"A",.,"A"
"20152","03090851",28,0,"1",1300,"D",0,"D",.,"A",390,"D",0,"D",.,"A",.,"A",1300,"D",0,"D",.,"A",.,"A",.,"A",.,"A"
"20152","03090861",17,0,"1",1300,"D",390,"D",78,"D",1300,"D",0,"D",.,"A",.,"A",910,"D",0,"D",.,"A",.,"A",.,"A",.,"A"
"20152","03090874",23,0,"1",1950,"D",260,"D",.,"A",0,"D",0,"D",.,"A",180,"D",1690,"D",0,"D",.,"A",.,"A",.,"A",.,"A"
"20152","03090931",43,0,"1",1105,"D",325,"D",.,"A",325,"D",0,"D",.,"A",.,"A",780,"D",0,"D",.,"A",.,"A",.,"A",.,"A"
"20152","03090942",24,0,"1",1560,"D",650,"D",.,"A",104,"D",0,"D",.,"A",.,"A",910,"D",0,"D",.,"A",.,"A",.,"A",.,"A"
"20152","03090951",19,0,"1",650,"D",260,"D",.,"A",260,"D",0,"D",.,"A",.,"A",390,"D",60,"D",.,"A",.,"A",.,"A",.,"A"
"20152","03090963",19,0,"1",130,"D",26,"D",.,"A",260,"D",15,"D",.,"A",.,"A",104,"D",0,"D",.,"A",.,"A",.,"A",.,"A"
"20152","03090982",18,0,"1",650,"D",260,"D",195,"D",325,"D",0,"D",.,"A",.,"A",390,"D",0,"D",.,"A",.,"A",.,"A",.,"A"
"20152","03090993",20,0,"1",975,"D",260,"D",.,"A",390,"D",0,"D",.,"A",.,"A",715,"D",60,"D",15,"D",195,"D",325,"D",25,"D"
"20152","03091001",32,0,"1",650,"D",195,"D",.,"A",130,"D",0,"D",.,"A",.,"A",455,"D",0,"D",21,"D",273,"D",.,"A",.,"A"
"20152","03091051",19,0,"1",780,"D",130,"D",.,"A",390,"D",0,"D",.,"A",.,"A",650,"D",0,"D",.,"A",.,"A",.,"A",.,"A"
"20152","03091063",27,0,"1",1950,"D",0,"D",.,"A",650,"D",0,"D",.,"A",.,"A",1950,"D",60,"D",.,"A",.,"A",.,"A",.,"A"
"20152","03091071",19,0,"1",1170,"D",390,"D",.,"A",0,"D",0,"D",.,"A",.,"A",780,"D",0,"D",.,"A",.,"A",.,"A",.,"A"
"20152","03091083",17,0,"1",650,"D",65,"D",.,"A",130,"D",0,"D",.,"A",.,"A",585,"D",0,"D",.,"A",.,"A",.,"A",.,"A"
"20152","03091111",17,0,"1",2275,"D",0,"D",.,"A",0,"D",0,"D",.,"A",.,"A",2275,"D",180,"D",.,"A",.,"A",390,"D",30,"D"
"20152","03091141",48,0,"1",1937,"D",260,"D",.,"A",1027,"D",15,"D",.,"A",25,"D",1677,"D",15,"D",.,"A",.,"A",.,"A",.,"A"
"20152","03091154",22,0,"1",1040,"D",390,"D",.,"A",390,"D",0,"D",.,"A",.,"A",650,"D",30,"D",.,"A",.,"A",.,"A",.,"A"
"20152","03091161",25,0,"1",1950,"D",195,"D",.,"A",0,"D",0,"D",.,"A",.,"A",1755,"D",0,"D",.,"A",.,"A",78,"D",6,"D"
"20152","03091184",11,0,"1",1300,"D",0,"D",.,"A",0,"D",0,"D",.,"A",.,"A",1300,"D",0,"D",.,"A",.,"A",.,"A",.,"A"
"20152","03091212",19,0,"1",1300,"D",260,"D",.,"A",780,"D",0,"D",.,"A",.,"A",1040,"D",0,"D",.,"A",.,"A",.,"A",.,"A"
"20152","03091232",14,0,"1",780,"D",52,"D",.,"A",0,"D",0,"D",.,"A",.,"A",728,"D",0,"D",25,"D",325,"D",.,"A",.,"A"
"20152","03091241",39,0,"1",780,"D",0,"D",26,"D",169,"D",0,"D",.,"A",.,"A",780,"D",0,"D",.,"A",.,"A",.,"A",.,"A"
"20152","03091261",20,0,"1",260,"D",130,"D",.,"A",975,"D",0,"D",.,"A",.,"A",130,"D",0,"D",20,"D",260,"D",.,"A",.,"A"
"20152","03091284",29,0,"1",975,"D",0,"D",.,"A",1950,"D",120,"D",260,"D",150,"D",975,"D",90,"D",85,"D",1105,"D",.,"A",.,"A"
"20152","03091293",21,0,"1",910,"D",130,"D",.,"A",0,"D",0,"D",.,"A",.,"A",780,"D",60,"D",.,"A",.,"A",.,"A",.,"A"
"20152","03091321",18,0,"1",1300,"D",260,"D",.,"A",390,"D",0,"D",.,"A",.,"A",1040,"D",0,"D",.,"A",.,"A",.,"A",.,"A"
"20152","03091331",26,0,"1",2600,"D",325,"D",.,"A",650,"D",150,"D",.,"A",.,"A",2275,"D",45,"D",25,"D",325,"D",.,"A",.,"A"
"20152","03091343",27,0,"1",585,"D",211,"F",.,"A",130,"D",0,"D",.,"A",.,"A",748,"F",60,"D",.,"A",.,"A",.,"A",.,"A"
"20152","03091361",43,0,"1",2600,"D",650,"D",.,"A",650,"D",0,"D",.,"A",.,"A",1950,"D",0,"D",.,"A",.,"A",.,"A",.,"A"
"20152","03091384",26,0,"1",975,"D",0,"D",.,"A",975,"D",600,"D",.,"A",.,"A",975,"D",1050,"D",30,"D",390,"D",.,"A",.,"A"
"20152","03091393",15,0,"1",650,"D",130,"D",.,"A",0,"D",0,"D",.,"A",.,"A",520,"D",0,"D",.,"A",.,"A",.,"A",.,"A"
"20152","03091401",25,0,"1",780,"D",130,"D",.,"A",390,"D",0,"D",.,"A",.,"A",650,"D",0,"D",.,"A",.,"A",.,"A",.,"A"
"20152","03091413",17,0,"1",520,"D",0,"D",.,"A",0,"D",0,"D",.,"A",.,"A",520,"D",240,"D",.,"A",.,"A",.,"A",.,"A"
"20152","03091421",28,0,"1",1300,"D",0,"D",.,"A",0,"D",0,"D",.,"A",.,"A",1300,"D",0,"D",.,"A",.,"A",.,"A",.,"A"
"20152","03091431",55,0,"1",1300,"D",0,"D",.,"A",455,"D",120,"D",.,"A",.,"A",1300,"D",0,"D",.,"A",.,"A",.,"A",.,"A"
"20152","03091451",27,0,"1",1950,"D",650,"D",195,"D",0,"D",0,"D",780,"D",.,"A",1300,"D",0,"D",5,"D",65,"D",.,"A",.,"A"
"20152","03091471",36,0,"1",2600,"D",650,"D",260,"D",520,"D",150,"D",.,"A",.,"A",1950,"D",450,"D",.,"A",.,"A",.,"A",.,"A"
"20152","03091483",23,0,"1",325,"D",130,"D",.,"A",390,"D",0,"D",.,"A",.,"A",195,"D",0,"D",.,"A",.,"A",.,"A",.,"A"
"20152","03091491",31,0,"1",1820,"D",260,"D",.,"A",260,"D",0,"D",.,"A",33,"D",1560,"D",0,"D",.,"A",.,"A",.,"A",.,"A"
"20152","03091503",11,0,"1",1300,"D",390,"D",.,"A",520,"D",180,"D",.,"A",.,"A",910,"D",120,"D",.,"A",.,"A",.,"A",.,"A"
"20152","03091531",15,0,"1",2600,"D",650,"D",325,"D",975,"D",0,"D",.,"A",.,"A",1950,"D",105,"D",.,"A",.,"A",.,"A",.,"A"
"20152","03091541",33,0,"1",1950,"D",195,"D",.,"A",780,"D",0,"D",.,"A",.,"A",1755,"D",15,"D",.,"A",.,"A",.,"A",.,"A"
"20152","03091551",22,0,"1",975,"D",195,"D",.,"A",520,"D",90,"D",.,"A",.,"A",780,"D",90,"D",.,"A",.,"A",.,"A",.,"A"
"20152","03091584",33,0,"1",975,"D",130,"D",.,"A",520,"D",0,"D",.,"A",.,"A",845,"D",0,"D",.,"A",.,"A",.,"A",.,"A"
"20152","03091603",20,0,"1",3250,"D",272,"F",.,"A",195,"D",0,"D",.,"A",.,"A",1047,"F",0,"D",.,"A",.,"A",.,"A",.,"A"
"20152","03091611",33,0,"1",2600,"D",260,"D",.,"A",0,"D",0,"D",.,"A",.,"A",2340,"D",60,"D",60,"D",780,"D",.,"A",.,"A"
"20152","03091651",23,0,"1",1820,"D",260,"D",.,"A",390,"D",120,"D",.,"A",.,"A",1560,"D",120,"D",.,"A",.,"A",.,"A",.,"A"
"20152","03091683",13,0,"1",0,"D",.,"A",26,"D",65,"D",6,"D",.,"A",.,"A",0,"D",6,"D",.,"A",.,"A",.,"A",.,"A"
"20152","03091691",31,0,"1",1950,"D",650,"D",.,"A",0,"D",150,"D",.,"A",.,"A",1300,"D",120,"D",.,"A",.,"A",.,"A",.,"A"
"20152","03091703",24,0,"1",650,"D",0,"D",.,"A",780,"D",0,"D",.,"A",.,"A",650,"D",90,"D",.,"A",.,"A",.,"A",.,"A"
"20152","03091713",55,0,"1",1950,"D",650,"D",130,"D",130,"D",0,"D",.,"A",.,"A",1300,"D",60,"D",.,"A",.,"A",.,"A",.,"A"
"20152","03091723",15,0,"1",1040,"D",260,"D",.,"A",325,"D",15,"D",.,"A",.,"A",780,"D",0,"D",.,"A",.,"A",.,"A",.,"A"
"20152","03091742",23,0,"1",1300,"D",325,"D",.,"A",260,"D",6,"D",.,"A",.,"A",975,"D",6,"D",.,"A",.,"A",.,"A",.,"A"
"20152","03091751",61,0,"1",1300,"D",429,"D",.,"A",910,"D",240,"D",.,"A",.,"A",871,"D",150,"D",.,"A",.,"A",.,"A",.,"A"
"20152","03091764",21,0,"1",1430,"D",845,"D",260,"D",0,"D",0,"D",.,"A",.,"A",585,"D",0,"D",.,"A",.,"A",.,"A",.,"A"
"20152","03091773",13,0,"1",1950,"D",195,"D",.,"A",520,"D",0,"D",.,"A",312,"D",1755,"D",0,"D",.,"A",.,"A",.,"A",.,"A"
"20152","03091782",33,0,"1",1950,"D",130,"D",.,"A",455,"D",0,"D",.,"A",72,"D",1820,"D",90,"D",.,"A",.,"A",.,"A",.,"A"
"20152","03091813",72,0,"1",3250,"D",1040,"D",273,"D",1300,"D",900,"D",.,"A",.,"A",2210,"D",600,"D",30,"D",390,"D",.,"A",.,"A"
"20152","03091821",42,0,"1",2275,"D",325,"D",.,"A",1950,"D",0,"D",.,"A",.,"A",1950,"D",0,"D",.,"A",.,"A",.,"A",.,"A"
"20152","03091844",22,0,"1",1950,"D",0,"D",.,"A",1170,"D",240,"D",.,"A",.,"A",1950,"D",0,"D",.,"A",.,"A",260,"D",20,"D"
"20152","03091854",27,0,"1",2925,"D",195,"D",.,"A",0,"D",0,"D",.,"A",.,"A",2730,"D",0,"D",.,"A",.,"A",.,"A",.,"A"
"20152","03091861",38,0,"1",1300,"D",650,"D",.,"A",975,"D",0,"D",.,"A",.,"A",650,"D",0,"D",.,"A",.,"A",.,"A",.,"A"
"20152","03091871",18,0,"1",1300,"D",130,"D",.,"A",0,"D",0,"D",.,"A",.,"A",1170,"D",300,"D",40,"D",520,"D",.,"A",.,"A"
"20152","03091881",32,0,"1",1625,"D",520,"D",650,"D",650,"D",0,"D",.,"A",.,"A",1105,"D",0,"D",.,"A",.,"A",.,"A",.,"A"
"20152","03091902",24,0,"1",1040,"D",130,"D",.,"A",169,"D",0,"D",.,"A",.,"A",910,"D",0,"D",.,"A",.,"A",.,"A",.,"A"
"20152","03091923",18,0,"1",975,"D",325,"D",650,"D",195,"D",0,"D",.,"A",.,"A",650,"D",0,"D",.,"A",.,"A",.,"A",.,"A"
"20152","03091943",9,0,"1",585,"D",195,"D",260,"D",390,"D",0,"D",.,"A",.,"A",390,"D",0,"D",.,"A",.,"A",.,"A",.,"A"
"20152","03091992",15,0,"1",650,"D",65,"D",65,"D",26,"D",0,"D",.,"A",.,"A",585,"D",0,"D",.,"A",.,"A",.,"A",.,"A"
"20152","03092024",26,0,"1",780,"D",78,"D",.,"A",390,"D",15,"D",.,"A",.,"A",702,"D",60,"D",.,"A",.,"A",.,"A",.,"A"
"20152","03092041",14,0,"1",1105,"D",91,"D",130,"D",0,"D",0,"D",.,"A",.,"A",1014,"D",0,"D",.,"A",.,"A",.,"A",.,"A"
"20152","03092053",23,0,"1",1300,"D",390,"D",.,"A",195,"D",0,"D",.,"A",.,"A",910,"D",0,"D",40,"D",520,"D",.,"A",.,"A"
"20152","03092061",14,0,"1",455,"D",39,"D",.,"A",0,"D",0,"D",.,"A",.,"A",416,"D",0,"D",.,"A",.,"A",.,"A",.,"A"
"20152","03092073",13,0,"1",0,"D",.,"A",.,"A",65,"D",6,"D",.,"A",.,"A",0,"D",6,"D",.,"A",.,"A",.,"A",.,"A"
"20152","03092084",16,0,"1",1300,"D",650,"D",.,"A",650,"D",0,"D",.,"A",.,"A",650,"D",0,"D",.,"A",.,"A",.,"A",.,"A"
"20152","03092113",22,0,"1",975,"D",325,"D",.,"A",260,"D",0,"D",.,"A",.,"A",650,"D",0,"D",28,"D",364,"D",.,"A",.,"A"
"20152","03092141",27,0,"1",2925,"D",650,"D",.,"A",390,"D",0,"D",.,"A",.,"A",2275,"D",0,"D",.,"A",.,"A",.,"A",.,"A"
"20152","03092163",15,0,"1",780,"D",260,"D",.,"A",0,"D",0,"D",.,"A",247,"F",520,"D",0,"D",.,"A",.,"A",.,"A",.,"A"
"20152","03092184",50,0,"1",1950,"D",325,"D",.,"A",650,"D",0,"D",.,"A",.,"A",1625,"D",0,"D",.,"A",.,"A",.,"A",.,"A"
"20152","03092204",11,0,"1",1300,"D",260,"D",.,"A",0,"D",6,"D",.,"A",.,"A",1040,"D",6,"D",.,"A",.,"A",.,"A",.,"A"
"20152","03092214",12,0,"1",930,"F",.,"A",.,"A",471,"F",158,"F",.,"A",.,"A",755,"F",104,"F",.,"A",.,"A",.,"A",.,"A"
"20152","03092284",28,0,"1",1300,"D",325,"D",.,"A",260,"D",150,"D",.,"A",.,"A",975,"D",150,"D",.,"A",.,"A",.,"A",.,"A"
"20152","03092295",15,0,"1",1625,"D",452,"F",.,"A",390,"D",30,"D",.,"A",.,"A",1846,"F",150,"D",.,"A",.,"A",.,"A",.,"A"
"20152","03092323",28,0,"1",780,"D",260,"D",.,"A",1170,"D",54,"D",.,"A",.,"A",520,"D",0,"D",.,"A",.,"A",.,"A",.,"A"
"20152","03092331",14,0,"1",1300,"D",186,"F",.,"A",0,"D",0,"D",.,"A",.,"A",642,"F",0,"D",.,"A",.,"A",.,"A",.,"A"
"20152","03092341",37,0,"1",2080,"D",260,"D",195,"D",520,"D",600,"D",.,"A",.,"A",1820,"D",210,"D",.,"A",.,"A",.,"A",.,"A"
"20152","03092361",21,0,"1",1950,"D",390,"D",520,"D",0,"D",0,"D",.,"A",.,"A",1560,"D",0,"D",40,"D",520,"D",.,"A",.,"A"
"20152","03092383",36,0,"1",260,"D",65,"D",.,"A",130,"D",0,"D",.,"A",.,"A",195,"D",0,"D",.,"A",.,"A",.,"A",.,"A"
"20152","03092391",33,0,"1",1300,"D",65,"D",.,"A",0,"D",0,"D",.,"A",240,"D",1235,"D",27,"D",.,"A",.,"A",.,"A",.,"A"
"20152","03092401",15,0,"1",650,"D",186,"F",.,"A",0,"D",0,"D",.,"A",.,"A",642,"F",0,"D",.,"A",.,"A",.,"A",.,"A"
"20152","03092414",29,0,"1",1950,"D",650,"D",.,"A",325,"D",0,"D",.,"A",.,"A",1300,"D",30,"D",25,"D",325,"D",.,"A",.,"A"
"20152","03092434",14,0,"1",520,"D",260,"D",.,"A",0,"D",0,"D",.,"A",.,"A",260,"D",0,"D",.,"A",.,"A",.,"A",.,"A"
"20152","03092441",42,0,"1",3250,"D",0,"D",.,"A",260,"D",0,"D",.,"A",.,"A",3250,"D",600,"D",.,"A",.,"A",.,"A",.,"A"
"20152","03092451",20,0,"1",1040,"D",260,"D",.,"A",1040,"D",0,"D",.,"A",.,"A",780,"D",0,"D",.,"A",.,"A",.,"A",.,"A"
"20152","03092463",17,0,"1",325,"D",39,"D",.,"A",195,"D",0,"D",.,"A",.,"A",286,"D",0,"D",.,"A",.,"A",.,"A",.,"A"
"20152","03092471",19,0,"1",650,"D",130,"D",.,"A",0,"D",0,"D",.,"A",.,"A",520,"D",0,"D",7,"D",91,"D",.,"A",.,"A"
"20152","03092481",16,0,"1",2600,"D",650,"D",.,"A",0,"D",153,"F",.,"A",.,"A",1950,"D",110,"F",.,"A",.,"A",.,"A",.,"A"
"20152","03092492",14,0,"1",1040,"D",260,"D",.,"A",975,"D",0,"D",.,"A",.,"A",780,"D",0,"D",.,"A",.,"A",.,"A",.,"A"
"20152","03092531",21,0,"1",1300,"D",260,"D",.,"A",650,"D",30,"D",.,"A",72,"D",1040,"D",60,"D",.,"A",.,"A",.,"A",.,"A"
"20152","03092541",60,0,"1",1560,"D",455,"D",.,"A",520,"D",0,"D",.,"A",.,"A",1105,"D",0,"D",.,"A",.,"A",.,"A",.,"A"
"20152","03092554",11,0,"1",975,"D",260,"D",.,"A",0,"D",0,"D",.,"A",.,"A",715,"D",0,"D",30,"D",390,"D",.,"A",.,"A"
"20152","03092592",31,0,"1",1690,"D",130,"D",.,"A",0,"D",0,"D",.,"A",.,"A",1560,"D",0,"D",.,"A",.,"A",.,"A",.,"A"
"20152","03092624",41,0,"1",1040,"D",195,"D",.,"A",390,"D",0,"D",.,"A",.,"A",845,"D",0,"D",.,"A",.,"A",.,"A",.,"A"
"20152","03092673",20,0,"1",975,"D",130,"D",130,"D",260,"D",0,"D",65,"D",.,"A",845,"D",300,"D",.,"A",.,"A",.,"A",.,"A"
"20152","03092683",38,0,"1",975,"D",65,"D",.,"A",455,"D",0,"D",.,"A",163,"D",910,"D",60,"D",.,"A",.,"A",.,"A",.,"A"
"20152","03092723",10,0,"1",0,"D",.,"A",.,"A",0,"D",0,"D",.,"A",.,"A",0,"D",0,"D",.,"A",.,"A",.,"A",.,"A"
"20152","03092732",22,0,"1",650,"D",130,"D",.,"A",195,"D",60,"D",.,"A",.,"A",520,"D",90,"D",.,"A",.,"A",.,"A",.,"A"
"20152","03092772",29,0,"1",2600,"D",520,"D",.,"A",1950,"D",150,"D",.,"A",78,"D",2080,"D",240,"D",100,"D",1300,"D",.,"A",.,"A"
"20152","03092791",20,0,"1",1222,"D",0,"D",.,"A",0,"D",0,"D",.,"A",.,"A",1222,"D",0,"D",12,"D",156,"D",.,"A",.,"A"
"20152","03092813",24,0,"1",260,"D",260,"D",.,"A",2600,"D",0,"D",.,"A",.,"A",0,"D",30,"D",.,"A",.,"A",.,"A",.,"A"
"20152","03092842",16,0,"1",1625,"D",260,"D",.,"A",0,"D",27,"D",.,"A",.,"A",1365,"D",0,"D",10,"D",130,"D",.,"A",.,"A"
"20152","03092851",26,0,"1",1820,"D",520,"D",130,"D",0,"D",0,"D",.,"A",.,"A",1300,"D",60,"D",.,"A",.,"A",.,"A",.,"A"
"20152","03092863",19,0,"1",1300,"D",0,"D",.,"A",455,"D",0,"D",.,"A",.,"A",1300,"D",0,"D",20,"D",260,"D",.,"A",.,"A"
"20152","03092871",21,0,"1",2600,"D",650,"D",.,"A",0,"D",0,"D",.,"A",.,"A",1950,"D",0,"D",.,"A",.,"A",.,"A",.,"A"
"20152","03092893",43,0,"1",1755,"D",312,"D",.,"A",1625,"D",36,"D",.,"A",.,"A",1443,"D",150,"D",.,"A",.,"A",.,"A",.,"A"
"20152","03092904",28,0,"1",390,"D",0,"D",.,"A",650,"D",0,"D",.,"A",.,"A",390,"D",0,"D",20,"D",260,"D",.,"A",.,"A"
"20152","03092911",21,0,"1",780,"D",195,"D",.,"A",130,"D",6,"D",650,"D",.,"A",585,"D",6,"D",.,"A",.,"A",.,"A",.,"A"
"20152","03092921",20,0,"1",1950,"D",325,"D",.,"A",780,"D",0,"D",.,"A",.,"A",1625,"D",90,"D",.,"A",.,"A",.,"A",.,"A"
"20152","03092951",11,0,"1",650,"D",260,"D",.,"A",325,"D",0,"D",.,"A",.,"A",390,"D",0,"D",.,"A",.,"A",.,"A",.,"A"
"20152","03092963",34,0,"1",1300,"D",0,"D",.,"A",0,"D",0,"D",.,"A",.,"A",1300,"D",0,"D",100,"D",1300,"D",.,"A",.,"A"
"20152","03092974",17,0,"1",780,"D",195,"D",.,"A",390,"D",0,"D",.,"A",.,"A",585,"D",0,"D",.,"A",.,"A",.,"A",.,"A"
"20152","03092981",60,0,"1",2210,"D",260,"D",.,"A",975,"D",0,"D",.,"A",.,"A",1950,"D",0,"D",.,"A",.,"A",.,"A",.,"A"
"20152","03092991",35,0,"1",3575,"D",650,"D",.,"A",845,"D",90,"D",.,"A",.,"A",2925,"D",300,"D",40,"D",520,"D",.,"A",.,"A"
"20152","03093002",38,0,"1",390,"D",65,"D",.,"A",520,"D",0,"D",.,"A",.,"A",325,"D",60,"D",.,"A",.,"A",.,"A",.,"A"
"20152","03093012",35,0,"1",780,"D",260,"D",.,"A",130,"D",0,"D",.,"A",.,"A",520,"D",0,"D",.,"A",.,"A",.,"A",.,"A"
"20152","03093023",14,0,"1",0,"D",.,"A",.,"A",65,"D",6,"D",.,"A",.,"A",0,"D",6,"D",.,"A",.,"A",.,"A",.,"A"
"20152","03093031",38,0,"1",650,"D",130,"D",130,"D",650,"D",0,"D",.,"A",.,"A",520,"D",0,"D",.,"A",.,"A",.,"A",.,"A"
"20152","03093063",37,0,"1",3900,"D",1300,"D",.,"A",3250,"D",45,"D",.,"A",.,"A",2600,"D",18,"D",20,"D",260,"D",.,"A",.,"A"
"20152","03093071",20,0,"1",975,"D",325,"D",.,"A",780,"D",0,"D",.,"A",.,"A",650,"D",75,"D",.,"A",.,"A",.,"A",.,"A"
"20152","03093082",32,0,"1",845,"D",130,"D",.,"A",130,"D",0,"D",.,"A",.,"A",715,"D",0,"D",.,"A",.,"A",.,"A",.,"A"
"20152","03093094",29,0,"1",975,"D",650,"D",390,"D",520,"D",600,"D",.,"A",.,"A",325,"D",360,"D",28,"D",364,"D",.,"A",.,"A"
"20152","03093111",17,0,"1",2600,"D",650,"D",.,"A",0,"D",0,"D",.,"A",.,"A",1950,"D",0,"D",50,"D",650,"D",.,"A",.,"A"
"20152","03093133",16,0,"1",910,"D",260,"D",.,"A",325,"D",0,"D",.,"A",.,"A",650,"D",0,"D",5,"D",65,"D",.,"A",.,"A"
"20152","03093154",15,0,"1",650,"D",130,"D",.,"A",0,"D",0,"D",.,"A",.,"A",520,"D",0,"D",.,"A",.,"A",.,"A",.,"A"
"20152","03093164",32,0,"1",1625,"D",520,"D",.,"A",780,"D",0,"D",.,"A",.,"A",1105,"D",0,"D",50,"D",650,"D",.,"A",.,"A"
"20152","03093182",39,0,"1",1560,"D",260,"D",325,"D",585,"D",45,"D",.,"A",.,"A",1300,"D",60,"D",.,"A",.,"A",.,"A",.,"A"
"20152","03093191",28,0,"1",650,"D",65,"D",.,"A",520,"D",30,"D",.,"A",.,"A",585,"D",0,"D",.,"A",.,"A",.,"A",.,"A"
"20152","03093202",8,0,"1",650,"D",130,"D",.,"A",0,"D",0,"D",.,"A",.,"A",520,"D",0,"D",.,"A",.,"A",.,"A",.,"A"
"20152","03093212",14,0,"1",1560,"D",260,"D",.,"A",130,"D",0,"D",.,"A",.,"A",1300,"D",0,"D",.,"A",.,"A",.,"A",.,"A"
"20152","03093221",25,0,"1",130,"D",26,"D",.,"A",130,"D",0,"D",.,"A",.,"A",104,"D",0,"D",.,"A",.,"A",.,"A",.,"A"
"20152","03093244",18,0,"1",780,"D",0,"D",130,"D",208,"D",0,"D",.,"A",.,"A",780,"D",0,"D",.,"A",.,"A",.,"A",.,"A"
"20152","03093252",61,0,"1",3120,"D",1300,"D",325,"D",585,"D",90,"D",.,"A",.,"A",1820,"D",90,"D",.,"A",.,"A",.,"A",.,"A"
"20152","03093281",18,0,"1",520,"D",130,"D",65,"D",390,"D",0,"D",.,"A",.,"A",390,"D",15,"D",.,"A",.,"A",.,"A",.,"A"
"20152","03093291",47,0,"1",975,"D",0,"D",.,"A",1300,"D",30,"D",.,"A",.,"A",975,"D",150,"D",25,"D",325,"D",.,"A",.,"A"
"20152","03093305",27,0,"1",845,"D",0,"D",.,"A",1300,"D",0,"D",.,"A",.,"A",845,"D",0,"D",.,"A",.,"A",.,"A",.,"A"
"20152","03093313",16,0,"1",520,"D",104,"D",.,"A",130,"D",0,"D",.,"A",.,"A",416,"D",96,"D",37,"D",481,"D",.,"A",.,"A"
"20152","03093322",73,0,"1",1625,"D",260,"D",.,"A",3250,"D",150,"D",.,"A",39,"D",1365,"D",0,"D",.,"A",.,"A",.,"A",.,"A"
"20152","03093344",37,0,"1",1300,"D",429,"D",.,"A",260,"D",0,"D",.,"A",.,"A",871,"D",0,"D",.,"A",.,"A",.,"A",.,"A"
"20152","03093361",26,0,"1",1950,"D",319,"F",.,"A",195,"D",0,"D",.,"A",.,"A",1152,"F",75,"D",.,"A",.,"A",.,"A",.,"A"
"20152","03093381",40,0,"1",3900,"D",650,"D",.,"A",1300,"D",45,"D",.,"A",480,"D",3250,"D",60,"D",.,"A",.,"A",.,"A",.,"A"
"20152","03093401",34,0,"1",2275,"D",325,"D",.,"A",975,"D",0,"D",.,"A",.,"A",1950,"D",0,"D",.,"A",.,"A",.,"A",.,"A"
"20152","03093421",19,0,"1",520,"D",0,"D",.,"A",0,"D",0,"D",.,"A",.,"A",520,"D",0,"D",60,"D",780,"D",.,"A",.,"A"
"20152","03093434",29,0,"1",975,"D",130,"D",.,"A",975,"D",0,"D",.,"A",.,"A",845,"D",21,"D",.,"A",.,"A",.,"A",.,"A"
"20152","03093442",25,0,"1",1560,"D",260,"D",.,"A",1300,"D",120,"D",.,"A",.,"A",1300,"D",240,"D",.,"A",.,"A",.,"A",.,"A"
"20152","03093454",36,0,"1",1950,"D",390,"D",.,"A",260,"D",0,"D",.,"A",.,"A",1560,"D",360,"D",.,"A",.,"A",.,"A",.,"A"
"20152","03093471",51,0,"1",1560,"D",390,"D",897,"D",117,"D",0,"D",.,"A",.,"A",1170,"D",0,"D",.,"A",.,"A",.,"A",.,"A"
"20152","03093481",48,0,"1",4225,"D",1300,"D",.,"A",325,"D",18,"D",.,"A",.,"A",2925,"D",114,"D",.,"A",.,"A",.,"A",.,"A"
"20152","03093492",24,0,"1",3250,"D",390,"D",.,"A",650,"D",0,"D",.,"A",.,"A",2860,"D",9,"D",.,"A",.,"A",.,"A",.,"A"
"20152","03093501",29,0,"1",520,"D",0,"D",.,"A",260,"D",0,"D",.,"A",.,"A",520,"D",90,"D",.,"A",.,"A",.,"A",.,"A"
"20152","03093513",25,0,"1",1300,"D",130,"D",.,"A",650,"D",150,"D",.,"A",.,"A",1170,"D",0,"D",.,"A",.,"A",.,"A",.,"A"
"20152","03093553",8,0,"1",930,"F",.,"A",273,"F",471,"F",158,"F",.,"A",.,"A",755,"F",104,"F",.,"A",.,"A",.,"A",.,"A"
"20152","03093561",14,0,"1",650,"D",260,"D",.,"A",780,"D",24,"D",.,"A",.,"A",390,"D",0,"D",.,"A",.,"A",.,"A",.,"A"
"20152","03093574",22,0,"1",1105,"D",195,"D",.,"A",65,"D",150,"D",.,"A",.,"A",910,"D",27,"D",25,"D",325,"D",.,"A",.,"A"
"20152","03093581",44,0,"1",1300,"D",0,"D",65,"D",390,"D",0,"D",.,"A",.,"A",1300,"D",0,"D",.,"A",.,"A",.,"A",.,"A"
"20152","03093613",20,0,"1",650,"D",65,"D",.,"A",390,"D",0,"D",.,"A",.,"A",585,"D",0,"D",.,"A",.,"A",.,"A",.,"A"
"20152","03093621",24,0,"1",2600,"D",325,"D",.,"A",1950,"D",0,"D",.,"A",.,"A",2275,"D",0,"D",.,"A",.,"A",.,"A",.,"A"
"20152","03093631",19,0,"1",1040,"D",260,"D",.,"A",260,"D",90,"D",.,"A",.,"A",780,"D",150,"D",.,"A",.,"A",.,"A",.,"A"
"20152","03093671",38,0,"1",3250,"D",130,"D",.,"A",715,"D",0,"D",.,"A",.,"A",3120,"D",0,"D",50,"D",650,"D",169,"D",13,"D"
"20152","03093681",35,0,"1",1300,"D",130,"D",.,"A",260,"D",118,"F",.,"A",.,"A",1170,"D",60,"D",.,"A",.,"A",.,"A",.,"A"
"20152","03093691",35,0,"1",1950,"D",390,"D",.,"A",390,"D",75,"D",.,"A",.,"A",1560,"D",180,"D",100,"D",1300,"D",.,"A",.,"A"
"20152","03093731",49,0,"1",975,"D",130,"D",.,"A",520,"D",0,"D",.,"A",150,"D",845,"D",60,"D",.,"A",.,"A",.,"A",.,"A"
"20152","03093751",14,0,"1",1560,"D",650,"D",.,"A",390,"D",0,"D",.,"A",.,"A",910,"D",0,"D",.,"A",.,"A",.,"A",.,"A"
"20152","03093761",33,0,"1",1950,"D",195,"D",260,"D",0,"D",0,"D",.,"A",.,"A",1755,"D",360,"D",.,"A",.,"A",.,"A",.,"A"
"20152","03093774",47,0,"1",1300,"D",13,"D",260,"D",1300,"D",90,"D",.,"A",40,"D",1287,"D",210,"D",.,"A",.,"A",.,"A",.,"A"
"20152","03093782",28,0,"1",650,"D",260,"D",.,"A",195,"D",9,"D",.,"A",.,"A",390,"D",0,"D",10,"D",130,"D",.,"A",.,"A"
"20152","03093793",9,0,"1",650,"D",520,"D",.,"A",780,"D",120,"D",.,"A",.,"A",130,"D",300,"D",.,"A",.,"A",.,"A",.,"A"
"20152","03093801",56,0,"1",4550,"D",975,"D",.,"A",780,"D",0,"D",.,"A",1080,"D",3575,"D",90,"D",.,"A",.,"A",.,"A",.,"A"
"20152","03093813",30,0,"1",780,"D",130,"D",.,"A",0,"D",0,"D",.,"A",.,"A",650,"D",0,"D",10,"D",130,"D",.,"A",.,"A"
"20152","03093821",26,0,"1",1625,"D",260,"D",325,"D",130,"D",0,"D",.,"A",.,"A",1365,"D",180,"D",.,"A",.,"A",.,"A",.,"A"
"20152","03093831",42,0,"1",1300,"D",260,"D",.,"A",156,"D",120,"D",.,"A",.,"A",1040,"D",60,"D",.,"A",.,"A",.,"A",.,"A"
"20152","03093861",20,0,"1",780,"D",390,"D",.,"A",260,"D",6,"D",.,"A",.,"A",390,"D",6,"D",.,"A",.,"A",.,"A",.,"A"
"20152","03093871",34,0,"1",3575,"D",650,"D",.,"A",1300,"D",300,"D",.,"A",260,"D",2925,"D",225,"D",.,"A",.,"A",.,"A",.,"A"
"20152","03093891",29,0,"1",1300,"D",130,"D",.,"A",650,"D",0,"D",.,"A",.,"A",1170,"D",0,"D",.,"A",.,"A",.,"A",.,"A"
"20152","03093901",27,0,"1",3250,"D",1300,"D",.,"A",520,"D",0,"D",.,"A",.,"A",1950,"D",0,"D",.,"A",.,"A",.,"A",.,"A"
"20152","03093911",31,0,"1",780,"D",325,"D",.,"A",520,"D",0,"D",.,"A",.,"A",455,"D",0,"D",.,"A",.,"A",.,"A",.,"A"
"20152","03093934",21,0,"1",1625,"D",325,"D",.,"A",390,"D",77,"F",.,"A",.,"A",1300,"D",45,"D",.,"A",.,"A",.,"A",.,"A"
"20152","03093943",21,0,"1",1300,"D",130,"D",.,"A",650,"D",0,"D",.,"A",.,"A",1170,"D",60,"D",.,"A",.,"A",.,"A",.,"A"
"20152","03093954",24,0,"1",520,"D",130,"D",.,"A",260,"D",0,"D",.,"A",.,"A",390,"D",45,"D",.,"A",.,"A",.,"A",.,"A"
"20152","03093961",25,0,"1",3250,"D",1105,"D",.,"A",520,"D",0,"D",.,"A",.,"A",2145,"D",0,"D",.,"A",.,"A",.,"A",.,"A"
"20152","03093972",20,0,"1",1950,"D",650,"D",.,"A",1040,"D",0,"D",.,"A",.,"A",1300,"D",90,"D",15,"D",195,"D",.,"A",.,"A"
"20152","03093981",46,0,"1",1300,"D",130,"D",130,"D",260,"D",3,"D",.,"A",.,"A",1170,"D",15,"D",.,"A",.,"A",.,"A",.,"A"
"20152","03094011",28,0,"1",1950,"D",260,"D",.,"A",1300,"D",0,"D",.,"A",167,"F",1690,"D",240,"D",.,"A",.,"A",.,"A",.,"A"
"20152","03094022",21,0,"1",2275,"D",260,"D",.,"A",0,"D",0,"D",.,"A",.,"A",2015,"D",0,"D",.,"A",.,"A",.,"A",.,"A"
"20152","03094031",34,0,"1",975,"D",104,"D",.,"A",0,"D",0,"D",.,"A",.,"A",871,"D",0,"D",.,"A",.,"A",.,"A",.,"A"
"20152","03094044",46,0,"1",1950,"D",0,"D",3900,"D",780,"D",0,"D",.,"A",.,"A",1950,"D",0,"D",.,"A",.,"A",.,"A",.,"A"
"20152","03094054",15,0,"1",975,"D",260,"D",.,"A",0,"D",0,"D",.,"A",.,"A",715,"D",0,"D",.,"A",.,"A",.,"A",.,"A"
"20152","03094082",52,0,"1",1040,"D",195,"D",.,"A",1300,"D",24,"D",.,"A",.,"A",845,"D",0,"D",.,"A",.,"A",.,"A",.,"A"
"20152","03094093",61,0,"1",1300,"D",130,"D",.,"A",325,"D",0,"D",.,"A",.,"A",1170,"D",0,"D",10,"D",130,"D",.,"A",.,"A"
"20152","03094121",30,0,"1",1300,"D",325,"D",.,"A",650,"D",0,"D",.,"A",160,"D",975,"D",0,"D",.,"A",.,"A",.,"A",.,"A"
"20152","03094144",25,0,"1",650,"D",130,"D",.,"A",195,"D",210,"D",.,"A",.,"A",520,"D",150,"D",.,"A",.,"A",.,"A",.,"A"
"20152","03094152",34,0,"1",1300,"D",130,"D",.,"A",169,"D",0,"D",.,"A",.,"A",1170,"D",180,"D",.,"A",.,"A",.,"A",.,"A"
"20152","03094182",15,0,"1",455,"D",65,"D",.,"A",351,"D",60,"D",.,"A",.,"A",390,"D",60,"D",.,"A",.,"A",.,"A",.,"A"
"20152","03094203",34,0,"1",650,"D",390,"D",.,"A",65,"D",0,"D",.,"A",.,"A",260,"D",0,"D",.,"A",.,"A",.,"A",.,"A"
"20152","03094214",12,0,"1",975,"D",195,"D",520,"D",520,"D",0,"D",.,"A",.,"A",780,"D",75,"D",35,"D",455,"D",.,"A",.,"A"
"20152","03094223",7,0,"1",325,"D",0,"D",.,"A",0,"D",0,"D",.,"A",.,"A",325,"D",0,"D",.,"A",.,"A",.,"A",.,"A"
"20152","03094233",28,0,"1",1950,"D",325,"D",.,"A",1300,"D",0,"D",.,"A",.,"A",1625,"D",0,"D",.,"A",.,"A",.,"A",.,"A"
"20152","03094252",23,0,"1",1040,"D",390,"D",780,"D",195,"D",0,"D",.,"A",.,"A",650,"D",36,"D",15,"D",195,"D",.,"A",.,"A"
"20152","03094273",17,0,"1",930,"F",.,"A",.,"A",471,"F",158,"F",.,"A",.,"A",755,"F",104,"F",.,"A",.,"A",.,"A",.,"A"
"20152","03094291",48,0,"1",1950,"D",975,"D",.,"A",1950,"D",60,"D",.,"A",.,"A",975,"D",180,"D",.,"A",.,"A",.,"A",.,"A"
"20152","03094301",23,0,"1",2600,"D",520,"D",.,"A",520,"D",0,"D",.,"A",.,"A",2080,"D",0,"D",.,"A",.,"A",.,"A",.,"A"
"20152","03094324",27,0,"1",1625,"D",169,"D",.,"A",0,"D",0,"D",.,"A",.,"A",1456,"D",120,"D",40,"D",520,"D",.,"A",.,"A"
"20152","03094334",31,0,"1",1040,"D",390,"D",.,"A",520,"D",0,"D",.,"A",51,"D",650,"D",0,"D",.,"A",.,"A",260,"D",20,"D"
"20152","03094355",36,0,"1",975,"D",325,"D",.,"A",260,"D",30,"D",.,"A",.,"A",650,"D",30,"D",.,"A",.,"A",.,"A",.,"A"
"20152","03094371",31,0,"1",650,"D",260,"D",390,"D",0,"D",0,"D",.,"A",282,"D",390,"D",0,"D",.,"A",.,"A",.,"A",.,"A"
"20152","03094443",23,0,"1",1300,"D",325,"D",.,"A",0,"D",0,"D",.,"A",.,"A",975,"D",0,"D",20,"D",260,"D",.,"A",.,"A"
"20152","03094472",16,0,"1",1950,"D",390,"D",.,"A",390,"D",0,"D",.,"A",.,"A",1560,"D",0,"D",.,"A",.,"A",.,"A",.,"A"
"20152","03094483",36,0,"1",650,"D",650,"D",.,"A",1300,"D",0,"D",910,"D",150,"D",0,"D",90,"D",25,"D",325,"D",.,"A",.,"A"
"20152","03094514",57,0,"1",3250,"D",650,"D",65,"D",1300,"D",0,"D",50,"D",.,"A",2600,"D",180,"D",.,"A",.,"A",.,"A",.,"A"
"20152","03094521",30,0,"1",3900,"D",650,"D",.,"A",520,"D",0,"D",.,"A",180,"D",3250,"D",45,"D",12,"D",156,"D",.,"A",.,"A"
"20152","03094531",19,0,"1",1950,"D",390,"D",260,"D",130,"D",0,"D",.,"A",.,"A",1560,"D",0,"D",.,"A",.,"A",455,"D",35,"D"
"20152","03094541",26,0,"1",520,"D",0,"D",.,"A",130,"D",0,"D",455,"D",.,"A",520,"D",0,"D",.,"A",.,"A",.,"A",.,"A"
"20152","03094554",18,0,"1",910,"D",130,"D",.,"A",0,"D",0,"D",.,"A",.,"A",780,"D",60,"D",.,"A",.,"A",39,"D",3,"D"
"20152","03094592",12,0,"1",975,"D",130,"D",130,"D",0,"D",6,"D",.,"A",.,"A",845,"D",6,"D",.,"A",.,"A",.,"A",.,"A"
"20152","03094601",12,0,"1",260,"D",130,"D",.,"A",0,"D",0,"D",.,"A",.,"A",130,"D",0,"D",.,"A",.,"A",.,"A",.,"A"
"20152","03094621",33,0,"1",780,"D",65,"D",975,"D",1040,"D",0,"D",.,"A",.,"A",715,"D",30,"D",.,"A",.,"A",.,"A",.,"A"
"20152","03094652",16,0,"1",1536,"F",.,"A",.,"A",800,"F",175,"F",.,"A",.,"A",1244,"F",168,"F",.,"C",497,"F",.,"A",.,"A"
"20152","03094661",13,0,"1",260,"D",39,"D",.,"A",0,"D",0,"D",.,"A",.,"A",221,"D",0,"D",.,"A",.,"A",.,"A",.,"A"
"20152","03094694",42,0,"1",2600,"D",0,"D",.,"A",650,"D",0,"D",.,"A",.,"A",2600,"D",0,"D",.,"A",.,"A",.,"A",.,"A"
"20152","03094701",16,0,"1",390,"D",195,"D",260,"D",260,"D",0,"D",.,"A",.,"A",195,"D",0,"D",40,"D",520,"D",.,"A",.,"A"
"20152","03094723",25,0,"1",1300,"D",195,"D",.,"A",520,"D",75,"D",.,"A",.,"A",1105,"D",300,"D",.,"A",.,"A",.,"A",.,"A"
"20152","03094732",39,0,"1",390,"D",390,"D",.,"A",390,"D",45,"D",.,"A",.,"A",0,"D",0,"D",.,"A",.,"A",.,"A",.,"A"
"20152","03094752",15,0,"1",975,"D",195,"D",.,"A",260,"D",6,"D",.,"A",.,"A",780,"D",0,"D",.,"A",.,"A",.,"A",.,"A"
"20152","03094793",39,0,"1",650,"D",65,"D",.,"A",325,"D",0,"D",.,"A",.,"A",585,"D",0,"D",20,"D",260,"D",.,"A",.,"A"
"20152","03094821",36,0,"1",3250,"D",1040,"D",.,"A",650,"D",0,"D",.,"A",.,"A",2210,"D",240,"D",60,"D",780,"D",.,"A",.,"A"
"20152","03094842",33,0,"1",975,"D",130,"D",.,"A",520,"D",0,"D",.,"A",180,"D",845,"D",60,"D",.,"A",.,"A",.,"A",.,"A"
"20152","03094853",64,0,"1",1950,"D",0,"D",780,"D",2600,"D",60,"D",.,"A",.,"A",1950,"D",30,"D",.,"A",.,"A",520,"D",40,"D"
"20152","03094864",14,0,"1",390,"D",130,"D",.,"A",520,"D",0,"D",.,"A",.,"A",260,"D",0,"D",.,"A",.,"A",.,"A",.,"A"
"20152","03094881",25,0,"1",845,"D",104,"D",130,"D",208,"D",0,"D",.,"A",.,"A",741,"D",0,"D",14,"D",182,"D",78,"D",6,"D"
"20152","03094913",26,0,"1",1430,"D",130,"D",.,"A",39,"D",0,"D",.,"A",.,"A",1300,"D",0,"D",.,"A",.,"A",.,"A",.,"A"
"20152","03094943",39,0,"1",1430,"D",390,"D",.,"A",520,"D",60,"D",.,"A",.,"A",1040,"D",300,"D",.,"A",.,"A",.,"A",.,"A"
"20152","03094953",8,0,"1",650,"D",130,"D",.,"A",585,"D",0,"D",.,"A",.,"A",520,"D",0,"D",.,"A",.,"A",.,"A",.,"A"
"20152","03094961",12,0,"1",1312,"F",.,"A",.,"A",0,"D",0,"D",.,"A",.,"A",1077,"F",0,"D",35,"D",455,"D",.,"A",.,"A"
"20152","03094971",24,0,"1",1950,"D",0,"D",520,"D",1040,"D",120,"D",.,"A",.,"A",1950,"D",120,"D",.,"A",.,"A",.,"A",.,"A"
"20152","03094981",28,0,"1",1625,"D",195,"D",260,"D",325,"D",0,"D",.,"A",.,"A",1430,"D",0,"D",.,"A",.,"A",.,"A",.,"A"
"20152","03095001",15,0,"1",650,"D",260,"D",.,"A",0,"D",0,"D",.,"A",.,"A",390,"D",0,"D",.,"A",.,"A",.,"A",.,"A"
"20152","03095013",16,0,"1",650,"D",130,"D",.,"A",650,"D",0,"D",.,"A",.,"A",520,"D",0,"D",.,"A",.,"A",52,"D",4,"D"
"20152","03095044",53,0,"1",975,"D",260,"D",.,"A",1560,"D",60,"D",.,"A",.,"A",715,"D",120,"D",.,"A",.,"A",.,"A",.,"A"
"20152","03095061",34,0,"1",1040,"D",390,"D",260,"D",2600,"D",300,"D",.,"A",.,"A",650,"D",60,"D",.,"A",.,"A",.,"A",.,"A"
"20152","03095071",52,0,"1",3250,"D",260,"D",.,"A",390,"D",6,"D",.,"A",600,"D",2990,"D",6,"D",.,"A",.,"A",.,"A",.,"A"
"20152","03095081",22,0,"1",3250,"D",650,"D",.,"A",325,"D",0,"D",.,"A",.,"A",2600,"D",0,"D",.,"A",.,"A",.,"A",.,"A"
"20152","03095163",32,0,"1",585,"D",39,"D",52,"D",325,"D",0,"D",.,"A",.,"A",546,"D",0,"D",.,"A",.,"A",.,"A",.,"A"
"20152","03095184",26,0,"1",650,"D",186,"F",.,"A",650,"D",0,"D",.,"A",.,"A",642,"F",27,"D",.,"A",.,"A",.,"A",.,"A"
"20152","03095211",29,0,"1",390,"D",0,"D",.,"A",104,"D",0,"D",.,"A",.,"A",390,"D",0,"D",.,"A",.,"A",.,"A",.,"A"
"20152","03095231",22,0,"1",1950,"D",650,"D",.,"A",390,"D",0,"D",.,"A",.,"A",1300,"D",0,"D",.,"A",.,"A",.,"A",.,"A"
"20152","03095242",25,0,"1",1625,"D",325,"D",.,"A",130,"D",0,"D",.,"A",.,"A",1300,"D",0,"D",.,"A",.,"A",.,"A",.,"A"
"20152","03095261",19,0,"1",650,"D",130,"D",.,"A",0,"D",0,"D",.,"A",.,"A",520,"D",6,"D",.,"A",.,"A",.,"A",.,"A"
"20152","03095271",14,0,"1",650,"D",130,"D",.,"A",0,"D",0,"D",.,"A",195,"D",520,"D",0,"D",.,"A",.,"A",.,"A",.,"A"
"20152","03095281",23,0,"1",1300,"D",325,"D",.,"A",0,"D",0,"D",.,"A",.,"A",975,"D",0,"D",.,"A",.,"A",.,"A",.,"A"
"20152","03095321",33,0,"1",2600,"D",390,"D",.,"A",65,"D",0,"D",.,"A",.,"A",2210,"D",0,"D",.,"A",.,"A",.,"A",.,"A"
"20152","03095354",27,0,"1",1300,"D",195,"D",.,"A",260,"D",0,"D",.,"A",.,"A",1105,"D",60,"D",.,"A",.,"A",.,"A",.,"A"
"20152","03095383",27,0,"1",1300,"D",260,"D",.,"A",650,"D",0,"D",.,"A",.,"A",1040,"D",0,"D",.,"A",.,"A",.,"A",.,"A"
"20152","03095392",52,0,"1",845,"D",0,"D",130,"D",780,"D",75,"D",.,"A",.,"A",845,"D",60,"D",37,"D",481,"D",.,"A",.,"A"
"20152","03095404",19,0,"1",2990,"D",1040,"D",.,"A",520,"D",90,"D",.,"A",.,"A",1950,"D",60,"D",.,"A",.,"A",.,"A",.,"A"
"20152","03095433",29,0,"1",4550,"D",2275,"D",.,"A",1950,"D",0,"D",.,"A",.,"A",2275,"D",63,"D",.,"A",.,"A",.,"A",.,"A"
"20152","03095451",17,0,"1",650,"D",65,"D",.,"A",0,"D",0,"D",.,"A",.,"A",585,"D",0,"D",.,"A",.,"A",.,"A",.,"A"
"20152","03095481",30,0,"1",520,"D",260,"D",.,"A",780,"D",150,"D",.,"A",.,"A",260,"D",60,"D",.,"A",.,"A",.,"A",.,"A"
"20152","03095491",18,0,"1",624,"D",26,"D",.,"A",0,"D",0,"D",.,"A",.,"A",598,"D",0,"D",.,"A",.,"A",.,"A",.,"A"
"20152","03095534",54,0,"1",1300,"D",260,"D",130,"D",910,"D",60,"D",.,"A",.,"A",1040,"D",120,"D",.,"A",.,"A",26,"D",2,"D"
"20152","03095561",42,0,"1",1950,"D",650,"D",520,"D",650,"D",120,"D",.,"A",.,"A",1300,"D",180,"D",.,"A",.,"A",.,"A",.,"A"
"20152","03095642",19,0,"1",1300,"D",520,"D",.,"A",650,"D",0,"D",.,"A",.,"A",780,"D",0,"D",.,"A",.,"A",.,"A",.,"A"
"20152","03095671",15,0,"1",1772,"F",.,"A",.,"A",760,"F",113,"F",.,"A",.,"A",1467,"F",107,"F",.,"A",.,"A",.,"A",.,"A"
"20152","03095683",9,0,"1",0,"D",.,"A",.,"A",0,"D",0,"D",.,"A",.,"A",0,"D",0,"D",.,"A",.,"A",.,"A",.,"A"
"20152","03095694",21,0,"1",1560,"D",390,"D",.,"A",650,"D",0,"D",.,"A",.,"A",1170,"D",0,"D",.,"A",.,"A",.,"A",.,"A"
"20152","03095701",22,0,"1",2054,"D",0,"D",.,"A",0,"D",0,"D",.,"A",.,"A",2054,"D",0,"D",50,"D",650,"D",.,"A",.,"A"
"20152","03095724",21,0,"1",130,"D",91,"D",.,"A",156,"D",0,"D",.,"A",.,"A",39,"D",0,"D",.,"A",.,"A",.,"A",.,"A"
"20152","03095731",23,0,"1",1950,"D",65,"D",.,"A",260,"D",0,"D",.,"A",.,"A",1885,"D",0,"D",40,"D",520,"D",.,"A",.,"A"
"20152","03095742",12,0,"1",2600,"D",520,"D",.,"A",390,"D",0,"D",.,"A",.,"A",2080,"D",0,"D",.,"A",.,"A",.,"A",.,"A"
"20152","03095754",19,0,"1",975,"D",195,"D",.,"A",650,"D",90,"D",.,"A",.,"A",780,"D",45,"D",.,"A",.,"A",.,"A",.,"A"
"20152","03095762",23,0,"1",975,"D",325,"D",65,"D",1560,"D",600,"D",.,"A",.,"A",650,"D",195,"D",.,"A",.,"A",.,"A",.,"A"
"20152","03095801",22,0,"1",2600,"D",439,"F",.,"A",0,"D",0,"D",.,"A",.,"A",1654,"F",0,"D",100,"D",1300,"D",.,"A",.,"A"
"20152","03095811",28,0,"1",1300,"D",0,"D",.,"A",0,"D",0,"D",.,"A",.,"A",1300,"D",0,"D",.,"A",.,"A",.,"A",.,"A"
"20152","03095824",21,0,"1",650,"D",260,"D",260,"D",65,"D",0,"D",.,"A",.,"A",390,"D",0,"D",.,"A",.,"A",.,"A",.,"A"
"20152","03095844",19,0,"1",1300,"D",195,"D",195,"D",260,"D",60,"D",.,"A",.,"A",1105,"D",48,"D",.,"A",.,"A",.,"A",.,"A"
"20152","03095894",25,0,"1",975,"D",260,"D",.,"A",520,"D",0,"D",.,"A",.,"A",715,"D",0,"D",.,"A",.,"A",.,"A",.,"A"
"20152","03095913",28,0,"1",2990,"D",1170,"D",.,"A",650,"D",0,"D",.,"A",120,"D",1820,"D",60,"D",30,"D",390,"D",.,"A",.,"A"
"20152","03095952",28,0,"1",1950,"D",650,"D",325,"D",325,"D",30,"D",.,"A",.,"A",1300,"D",138,"F",15,"D",195,"D",.,"A",.,"A"
"20152","03095961",20,0,"1",390,"D",130,"D",.,"A",650,"D",0,"D",.,"A",.,"A",260,"D",0,"D",.,"A",.,"A",.,"A",.,"A"
"20152","03095971",29,0,"1",1300,"D",429,"D",130,"D",520,"D",9,"D",.,"A",75,"D",871,"D",0,"D",.,"A",.,"A",.,"A",.,"A"
"20152","03095981",21,0,"1",1625,"D",325,"D",.,"A",801,"F",77,"F",.,"A",.,"A",1300,"D",135,"F",.,"A",.,"A",.,"A",.,"A"
"20152","03095994",20,0,"1",845,"D",91,"D",.,"A",26,"D",0,"D",.,"A",.,"A",754,"D",0,"D",.,"A",.,"A",.,"A",.,"A"
"20152","03096021",49,0,"1",1950,"D",260,"D",.,"A",2600,"D",300,"D",.,"A",.,"A",1690,"D",300,"D",.,"A",.,"A",.,"A",.,"A"
"20152","03096041",32,0,"1",650,"D",195,"D",.,"A",845,"D",0,"D",.,"A",.,"A",455,"D",0,"D",37,"D",481,"D",.,"A",.,"A"
"20152","03096063",36,0,"1",2925,"D",650,"D",.,"A",650,"D",0,"D",.,"A",.,"A",2275,"D",300,"D",.,"A",.,"A",.,"A",.,"A"
"20152","03096074",27,0,"1",2210,"D",325,"D",260,"D",0,"D",0,"D",.,"A",.,"A",1885,"D",300,"D",.,"A",.,"A",.,"A",.,"A"
"20152","03096082",27,0,"1",3250,"D",1300,"D",.,"A",0,"D",0,"D",.,"A",.,"A",1950,"D",300,"D",.,"A",.,"A",.,"A",.,"A"
"20152","03096091",24,0,"1",650,"D",65,"D",.,"A",0,"D",0,"D",.,"A",.,"A",585,"D",0,"D",.,"A",.,"A",.,"A",.,"A"
"20152","03096104",15,0,"1",2600,"D",1040,"D",.,"A",0,"D",0,"D",.,"A",.,"A",1560,"D",0,"D",.,"A",.,"A",.,"A",.,"A"
"20152","03096133",15,0,"1",520,"D",130,"D",.,"A",390,"D",0,"D",.,"A",.,"A",390,"D",60,"D",.,"A",.,"A",.,"A",.,"A"
"20152","03096141",34,0,"1",7150,"D",1950,"D",.,"A",780,"D",0,"D",.,"A",.,"A",5200,"D",300,"D",50,"D",650,"D",.,"A",.,"A"
"20152","03096181",23,0,"1",2080,"D",0,"D",.,"A",650,"D",60,"D",.,"A",.,"A",2080,"D",0,"D",.,"A",.,"A",.,"A",.,"A"
"20152","03096231",17,0,"1",1300,"D",130,"D",.,"A",0,"D",0,"D",.,"A",240,"D",1170,"D",0,"D",.,"A",.,"A",.,"A",.,"A"
"20152","03096244",30,0,"1",1950,"D",650,"D",.,"A",0,"D",0,"D",.,"A",.,"A",1300,"D",0,"D",.,"A",.,"A",.,"A",.,"A"
"20152","03096291",29,0,"1",1950,"D",325,"D",.,"A",1300,"D",0,"D",.,"A",.,"A",1625,"D",0,"D",.,"A",.,"A",.,"A",.,"A"
"20152","03096311",75,0,"1",3250,"D",975,"D",.,"A",520,"D",0,"D",.,"A",150,"D",2275,"D",0,"D",.,"A",.,"A",.,"A",.,"A"
"20152","03096322",24,0,"1",1950,"D",390,"D",520,"D",2600,"D",0,"D",.,"A",.,"A",1560,"D",0,"D",.,"A",.,"A",.,"A",.,"A"
"20152","03096341",26,0,"1",3250,"D",650,"D",156,"D",0,"D",0,"D",.,"A",.,"A",2600,"D",0,"D",100,"D",1300,"D",.,"A",.,"A"
"20152","03096351",23,0,"1",1536,"F",.,"A",.,"A",800,"F",0,"D",.,"A",.,"A",1244,"F",0,"D",.,"A",.,"A",.,"A",.,"A"
"20152","03096363",16,0,"1",650,"D",0,"D",.,"A",650,"D",0,"D",.,"A",.,"A",650,"D",0,"D",.,"A",.,"A",.,"A",.,"A"
"20152","03096383",27,0,"1",1300,"D",325,"D",.,"A",260,"D",21,"D",.,"A",.,"A",975,"D",0,"D",.,"A",.,"A",.,"A",.,"A"
"20152","03096442",20,0,"1",2600,"D",910,"D",.,"A",0,"D",0,"D",.,"A",.,"A",1690,"D",0,"D",10,"D",130,"D",.,"A",.,"A"
"20152","03096511",13,0,"1",1300,"D",260,"D",.,"A",0,"D",0,"D",.,"A",.,"A",1040,"D",0,"D",25,"D",325,"D",.,"A",.,"A"
"20152","03096521",35,0,"1",1433,"F",.,"A",.,"A",390,"D",0,"D",.,"A",.,"A",1152,"F",120,"D",10,"D",130,"D",.,"A",.,"A"
"20152","03096543",6,0,"1",0,"D",.,"A",.,"A",0,"D",0,"D",.,"A",.,"A",0,"D",0,"D",.,"A",.,"A",.,"A",.,"A"
"20152","03096561",15,0,"1",930,"F",.,"A",.,"A",0,"D",0,"D",.,"A",.,"A",755,"F",0,"D",.,"A",.,"A",.,"A",.,"A"
"20152","03096584",12,0,"1",260,"D",26,"D",130,"D",52,"D",0,"D",.,"A",.,"A",234,"D",0,"D",.,"A",.,"A",.,"A",.,"A"
"20152","03096594",25,0,"1",1950,"D",260,"D",.,"A",0,"D",0,"D",.,"A",84,"D",1690,"D",0,"D",.,"A",.,"A",.,"A",.,"A"
"20152","03096601",41,0,"1",1950,"D",650,"D",.,"A",325,"D",45,"D",.,"A",.,"A",1300,"D",300,"D",.,"A",.,"A",.,"A",.,"A"
"20152","03096621",22,0,"1",780,"D",325,"D",.,"A",156,"D",0,"D",.,"A",.,"A",455,"D",0,"D",.,"A",.,"A",.,"A",.,"A"
"20152","03096633",61,0,"1",2600,"D",650,"D",1105,"D",2275,"D",600,"D",.,"A",.,"A",1950,"D",600,"D",.,"A",.,"A",.,"A",.,"A"
"20152","03096674",30,0,"1",2145,"D",520,"D",.,"A",1040,"D",0,"D",.,"A",.,"A",1625,"D",0,"D",.,"A",.,"A",.,"A",.,"A"
"20152","03096684",28,0,"1",2600,"D",325,"D",.,"A",910,"D",0,"D",.,"A",150,"D",2275,"D",0,"D",.,"A",.,"A",.,"A",.,"A"
"20152","03096692",33,0,"1",975,"D",325,"D",325,"D",260,"D",0,"D",.,"A",.,"A",650,"D",30,"D",.,"A",.,"A",.,"A",.,"A"
"20152","03096701",22,0,"1",455,"D",65,"D",.,"A",260,"D",0,"D",.,"A",.,"A",390,"D",0,"D",.,"A",.,"A",.,"A",.,"A"
"20152","03096714",24,0,"1",1040,"D",195,"D",.,"A",260,"D",0,"D",.,"A",.,"A",845,"D",0,"D",.,"A",.,"A",.,"A",.,"A"
"20152","03096721",16,0,"1",520,"D",0,"D",.,"A",0,"D",0,"D",.,"A",.,"A",520,"D",6,"D",.,"A",.,"A",.,"A",.,"A"
"20152","03096731",20,0,"1",520,"D",195,"D",.,"A",520,"D",0,"D",.,"A",.,"A",325,"D",105,"D",.,"A",.,"A",.,"A",.,"A"
"20152","03096754",7,0,"1",585,"D",26,"D",.,"A",0,"D",0,"D",.,"A",.,"A",559,"D",0,"D",.,"A",.,"A",.,"A",.,"A"
"20152","03096764",58,0,"1",1300,"D",130,"D",.,"A",520,"D",30,"D",.,"A",450,"D",1170,"D",0,"D",.,"A",.,"A",.,"A",.,"A"
"20152","03096774",19,0,"1",650,"D",195,"D",.,"A",650,"D",0,"D",.,"A",.,"A",455,"D",0,"D",.,"A",.,"A",.,"A",.,"A"
"20152","03096781",39,0,"1",910,"D",260,"D",195,"D",0,"D",0,"D",.,"A",.,"A",650,"D",192,"D",40,"D",520,"D",.,"A",.,"A"
"20152","03096793",56,0,"1",1300,"D",520,"D",.,"A",260,"D",225,"D",.,"A",180,"D",780,"D",240,"D",20,"D",260,"D",39,"D",3,"D"
"20152","03096801",33,0,"1",1300,"D",260,"D",.,"A",0,"D",0,"D",.,"A",.,"A",1040,"D",0,"D",.,"A",.,"A",.,"A",.,"A"
"20152","03096811",20,0,"1",390,"D",130,"D",.,"A",3250,"D",0,"D",.,"A",.,"A",260,"D",0,"D",.,"A",.,"A",.,"A",.,"A"
"20152","03096834",56,0,"1",1040,"D",520,"D",.,"A",390,"D",0,"D",.,"A",.,"A",520,"D",30,"D",.,"A",.,"A",.,"A",.,"A"
"20152","03096851",38,0,"1",1625,"D",390,"D",.,"A",260,"D",0,"D",.,"A",.,"A",1235,"D",0,"D",.,"A",.,"A",.,"A",.,"A"
"20152","03096871",32,0,"1",2080,"D",624,"D",.,"A",221,"D",0,"D",.,"A",.,"A",1456,"D",60,"D",.,"A",.,"A",.,"A",.,"A"
"20152","03096882",27,0,"1",1690,"D",260,"D",104,"D",260,"D",0,"D",.,"A",.,"A",1430,"D",0,"D",10,"D",130,"D",.,"A",.,"A"
"20152","03096904",29,0,"1",390,"D",0,"D",.,"A",195,"D",0,"D",.,"A",.,"A",390,"D",0,"D",.,"A",.,"A",.,"A",.,"A"
"20152","03096921",18,0,"1",1300,"D",325,"D",.,"A",195,"D",0,"D",.,"A",.,"A",975,"D",0,"D",.,"A",.,"A",.,"A",.,"A"
"20152","03096933",46,0,"1",585,"D",195,"D",260,"D",0,"D",15,"D",.,"A",.,"A",390,"D",135,"D",.,"A",.,"A",.,"A",.,"A"
"20152","03096952",26,0,"1",1300,"D",195,"D",.,"A",260,"D",0,"D",.,"A",.,"A",1105,"D",30,"D",.,"A",.,"A",.,"A",.,"A"
"20152","03096982",14,0,"1",975,"D",130,"D",.,"A",650,"D",0,"D",.,"A",.,"A",845,"D",0,"D",.,"A",.,"A",.,"A",.,"A"
"20152","03096994",30,0,"1",2600,"D",650,"D",.,"A",650,"D",18,"D",.,"A",.,"A",1950,"D",72,"D",.,"A",.,"A",.,"A",.,"A"
"20152","03097003",48,0,"1",1690,"D",0,"D",1430,"D",650,"D",0,"D",.,"A",.,"A",1690,"D",60,"D",.,"A",.,"A",.,"A",.,"A"
"20152","03097012",27,0,"1",1300,"D",260,"D",.,"A",650,"D",300,"D",.,"A",.,"A",1040,"D",15,"D",.,"A",.,"A",.,"A",.,"A"
"20152","03097031",16,0,"1",390,"D",65,"D",.,"A",585,"D",0,"D",.,"A",.,"A",325,"D",0,"D",.,"A",.,"A",.,"A",.,"A"
"20152","03097051",14,0,"1",910,"D",195,"D",.,"A",390,"D",0,"D",.,"A",.,"A",715,"D",0,"D",.,"A",.,"A",.,"A",.,"A"
"20152","03097061",8,0,"1",455,"D",260,"D",195,"D",260,"D",0,"D",.,"A",.,"A",195,"D",0,"D",.,"A",.,"A",.,"A",.,"A"
"20152","03097083",40,0,"1",1300,"D",455,"D",260,"D",1300,"D",300,"D",.,"A",.,"A",845,"D",300,"D",.,"A",.,"A",.,"A",.,"A"
"20152","03097091",11,0,"1",650,"D",0,"D",.,"A",65,"D",0,"D",.,"A",.,"A",650,"D",0,"D",.,"A",.,"A",.,"A",.,"A"
"20152","03097114",14,0,"1",1300,"D",195,"D",.,"A",650,"D",0,"D",.,"A",.,"A",1105,"D",0,"D",.,"A",.,"A",.,"A",.,"A"
"20152","03097121",28,0,"1",1300,"D",325,"D",.,"A",195,"D",0,"D",.,"A",.,"A",975,"D",0,"D",.,"A",.,"A",.,"A",.,"A"
"20152","03097171",24,0,"1",9750,"D",2600,"D",.,"A",5200,"D",1500,"D",.,"A",.,"A",7150,"D",360,"D",100,"D",1300,"D",.,"A",.,"A"
"20152","03097182",24,0,"1",1560,"D",260,"D",.,"A",260,"D",0,"D",.,"A",.,"A",1300,"D",0,"D",.,"A",.,"A",.,"A",.,"A"
"20152","03097191",22,0,"1",1300,"D",130,"D",.,"A",0,"D",0,"D",.,"A",.,"A",1170,"D",0,"D",.,"A",.,"A",.,"A",.,"A"
"20152","03097203",23,0,"1",1560,"D",520,"D",.,"A",650,"D",0,"D",.,"A",.,"A",1040,"D",0,"D",.,"A",.,"A",.,"A",.,"A"
"20152","03097213",35,0,"1",1950,"D",650,"D",.,"A",1950,"D",0,"D",.,"A",60,"D",1300,"D",0,"D",.,"A",.,"A",.,"A",.,"A"
"20152","03097221",13,0,"1",1536,"F",.,"A",475,"F",800,"F",0,"D",.,"A",.,"A",1244,"F",0,"D",.,"A",.,"A",.,"A",.,"A"
"20152","03097243",31,0,"1",1950,"D",650,"D",.,"A",390,"D",0,"D",.,"A",.,"A",1300,"D",0,"D",.,"A",.,"A",.,"A",.,"A"
"20152","03097261",14,0,"1",1536,"F",.,"A",.,"A",800,"F",175,"F",.,"A",.,"A",1244,"F",168,"F",.,"A",.,"A",.,"A",.,"A"
"20152","03097291",7,0,"1",975,"D",0,"D",.,"A",780,"D",0,"D",.,"A",.,"A",975,"D",0,"D",.,"A",.,"A",.,"A",.,"A"
"20152","03097321",47,0,"1",975,"D",195,"D",390,"D",1040,"D",180,"D",.,"A",.,"A",780,"D",60,"D",.,"A",.,"A",.,"A",.,"A"
"20152","03097342",16,0,"1",650,"D",65,"D",.,"A",130,"D",0,"D",.,"A",.,"A",585,"D",0,"D",.,"A",.,"A",.,"A",.,"A"
"20152","03097362",34,0,"1",5200,"D",0,"D",.,"A",0,"D",0,"D",.,"A",1443,"D",5200,"D",0,"D",.,"A",.,"A",.,"A",.,"A"
"20152","03097371",27,0,"1",780,"D",130,"D",.,"A",0,"D",0,"D",.,"A",.,"A",650,"D",0,"D",.,"A",.,"A",.,"A",.,"A"
"20152","03097381",17,0,"1",1040,"D",260,"D",.,"A",650,"D",30,"D",.,"A",.,"A",780,"D",0,"D",.,"A",.,"A",.,"A",.,"A"
"20152","03097391",18,0,"1",1300,"D",390,"D",.,"A",0,"D",0,"D",.,"A",.,"A",910,"D",6,"D",.,"A",.,"A",.,"A",.,"A"
"20152","03097402",41,0,"1",2600,"D",650,"D",.,"A",0,"D",0,"D",.,"A",.,"A",1950,"D",0,"D",.,"A",.,"A",.,"A",.,"A"
"20152","03097422",46,0,"1",2600,"D",780,"D",195,"D",169,"D",0,"D",.,"A",.,"A",1820,"D",0,"D",.,"A",.,"A",.,"A",.,"A"
"20152","03097431",38,0,"1",3250,"D",650,"D",.,"A",390,"D",750,"D",.,"A",.,"A",2600,"D",600,"D",50,"D",650,"D",650,"D",50,"D"
"20152","03097442",19,0,"1",3250,"D",650,"D",.,"A",650,"D",0,"D",.,"A",.,"A",2600,"D",90,"D",10,"D",130,"D",.,"A",.,"A"
"20152","03097451",49,0,"1",2600,"D",0,"D",650,"D",1430,"D",0,"D",.,"A",.,"A",2600,"D",0,"D",30,"D",390,"D",.,"A",.,"A"
"20152","03097461",20,0,"1",1625,"D",650,"D",.,"A",975,"D",90,"D",.,"A",.,"A",975,"D",60,"D",.,"A",.,"A",.,"A",.,"A"
"20152","03097471",84,0,"1",1430,"D",520,"D",130,"D",650,"D",0,"D",.,"A",.,"A",910,"D",0,"D",.,"A",.,"A",.,"A",.,"A"
"20152","03097494",37,0,"1",1300,"D",650,"D",.,"A",390,"D",30,"D",.,"A",400,"D",650,"D",120,"D",.,"A",.,"A",364,"D",28,"D"
"20152","03097512",17,0,"1",1170,"D",195,"D",.,"A",0,"D",0,"D",.,"A",.,"A",975,"D",0,"D",.,"A",.,"A",.,"A",.,"A"
"20152","03097531",29,0,"1",1690,"D",0,"D",.,"A",299,"D",6,"D",.,"A",.,"A",1690,"D",6,"D",.,"A",.,"A",.,"A",.,"A"
"20152","03097542",24,0,"1",780,"D",130,"D",.,"A",195,"D",0,"D",.,"A",180,"D",650,"D",33,"D",.,"A",.,"A",.,"A",.,"A"
"20152","03097554",31,0,"1",910,"D",390,"D",260,"D",260,"D",0,"D",.,"A",.,"A",520,"D",60,"D",.,"A",.,"A",.,"A",.,"A"
"20152","03097563",27,0,"1",1300,"D",325,"D",.,"A",0,"D",0,"D",.,"A",.,"A",975,"D",0,"D",45,"D",585,"D",.,"A",.,"A"
"20152","03097582",16,0,"1",260,"D",65,"D",390,"D",327,"F",120,"D",390,"D",.,"A",195,"D",120,"D",5,"D",65,"D",.,"A",.,"A"
"20152","03097624",8,0,"1",930,"F",.,"A",.,"A",471,"F",0,"D",.,"A",.,"A",755,"F",0,"D",.,"A",.,"A",.,"A",.,"A"
"20152","03097631",17,0,"1",650,"D",26,"D",.,"A",390,"D",0,"D",130,"D",.,"A",624,"D",0,"D",.,"A",.,"A",.,"A",.,"A"
"20152","03097641",15,0,"1",520,"D",130,"D",130,"D",130,"D",0,"D",.,"A",.,"A",390,"D",0,"D",.,"A",.,"A",.,"A",.,"A"
"20152","03097652",17,0,"1",1040,"D",520,"D",.,"A",650,"D",60,"D",.,"A",60,"D",520,"D",0,"D",.,"A",.,"A",.,"A",.,"A"
"20152","03097664",24,0,"1",650,"D",325,"D",.,"A",650,"D",0,"D",.,"A",.,"A",325,"D",0,"D",.,"A",.,"A",.,"A",.,"A"
"20152","03097674",18,0,"1",1950,"D",452,"F",.,"A",0,"D",0,"D",.,"A",.,"A",1846,"F",0,"D",.,"A",.,"A",.,"A",.,"A"
"20152","03097691",22,0,"1",1950,"D",195,"D",.,"A",520,"D",6,"D",.,"A",.,"A",1755,"D",6,"D",.,"A",.,"A",.,"A",.,"A"
"20152","03097703",22,0,"1",650,"D",130,"D",.,"A",0,"D",180,"D",.,"A",.,"A",520,"D",120,"D",.,"A",.,"A",.,"A",.,"A"
"20152","03097713",22,0,"1",1950,"D",130,"D",.,"A",390,"D",0,"D",.,"A",325,"D",1820,"D",0,"D",.,"A",.,"A",.,"A",.,"A"
"20152","03097734",20,0,"1",650,"D",325,"D",.,"A",325,"D",30,"D",.,"A",.,"A",325,"D",30,"D",.,"A",.,"A",.,"A",.,"A"
"20152","03097793",40,0,"1",1300,"D",325,"D",.,"A",780,"D",480,"D",.,"A",.,"A",975,"D",120,"D",12,"D",156,"D",.,"A",.,"A"
"20152","03097801",23,0,"1",1536,"F",.,"A",.,"A",780,"D",0,"D",.,"A",.,"A",1244,"F",0,"D",.,"A",.,"A",.,"A",.,"A"
"20152","03097811",30,0,"1",455,"D",0,"D",.,"A",585,"D",24,"D",.,"A",.,"A",455,"D",3,"D",50,"D",650,"D",.,"A",.,"A"
"20152","03097824",15,0,"1",520,"D",0,"D",130,"D",520,"D",0,"D",.,"A",.,"A",520,"D",0,"D",.,"A",.,"A",.,"A",.,"A"
"20152","03097831",30,0,"1",1950,"D",1300,"D",.,"A",780,"D",0,"D",.,"A",.,"A",650,"D",150,"D",.,"A",.,"A",.,"A",.,"A"
"20152","03097844",40,0,"1",650,"D",0,"D",.,"A",0,"D",0,"D",.,"A",.,"A",650,"D",0,"D",.,"A",.,"A",.,"A",.,"A"
"20152","03097851",49,0,"1",1950,"D",195,"D",.,"A",650,"D",118,"F",.,"A",.,"A",1755,"D",175,"F",.,"A",.,"A",.,"A",.,"A"
"20152","03097863",39,0,"1",286,"D",39,"D",.,"A",585,"D",120,"D",.,"A",.,"A",247,"D",30,"D",.,"A",.,"A",.,"A",.,"A"
"20152","03097881",21,0,"1",1040,"D",260,"D",.,"A",195,"D",120,"D",.,"A",.,"A",780,"D",90,"D",10,"D",130,"D",.,"A",.,"A"
"20152","03097901",16,0,"1",650,"D",0,"D",.,"A",0,"D",360,"D",.,"A",.,"A",650,"D",0,"D",.,"A",.,"A",.,"A",.,"A"
"20152","03097914",32,0,"1",2600,"D",390,"D",.,"A",3900,"D",90,"D",.,"A",.,"A",2210,"D",180,"D",.,"A",.,"A",.,"A",.,"A"
"20152","03097922",20,0,"1",2275,"D",260,"D",.,"A",520,"D",0,"D",.,"A",.,"A",2015,"D",60,"D",.,"A",.,"A",.,"A",.,"A"
"20152","03097952",17,0,"1",975,"D",130,"D",.,"A",325,"D",0,"D",.,"A",.,"A",845,"D",0,"D",.,"A",.,"A",.,"A",.,"A"
"20152","03097961",31,0,"1",910,"D",0,"D",.,"A",0,"D",0,"D",.,"A",.,"A",910,"D",0,"D",.,"A",.,"A",.,"A",.,"A"
"20152","03097974",34,0,"1",2600,"D",0,"D",.,"A",650,"D",0,"D",.,"A",800,"D",2600,"D",0,"D",.,"A",.,"A",260,"D",20,"D"
"20152","03097981",26,0,"1",1560,"D",455,"D",.,"A",650,"D",9,"D",.,"A",.,"A",1105,"D",36,"D",7,"D",91,"D",.,"A",.,"A"
"20152","03097991",17,0,"1",884,"D",260,"D",.,"A",0,"D",6,"D",.,"A",.,"A",624,"D",6,"D",.,"A",.,"A",.,"A",.,"A"
"20152","03098011",11,0,"1",650,"D",65,"D",.,"A",195,"D",0,"D",.,"A",.,"A",585,"D",0,"D",.,"A",.,"A",.,"A",.,"A"
"20152","03098024",25,0,"1",325,"D",104,"D",.,"A",130,"D",0,"D",.,"A",.,"A",221,"D",0,"D",.,"A",.,"A",.,"A",.,"A"
"20152","03098031",29,0,"1",975,"D",195,"D",.,"A",260,"D",0,"D",.,"A",.,"A",780,"D",30,"D",.,"A",.,"A",.,"A",.,"A"
"20152","03098064",19,0,"1",520,"D",52,"D",.,"A",130,"D",30,"D",.,"A",.,"A",468,"D",0,"D",.,"A",.,"A",.,"A",.,"A"
"20152","03098101",13,0,"1",2600,"D",452,"F",.,"A",0,"D",0,"D",.,"A",0,"D",1846,"F",0,"D",8,"D",104,"D",.,"A",.,"A"
"20152","03098123",30,0,"1",1560,"D",0,"D",520,"D",650,"D",15,"D",.,"A",.,"A",1560,"D",60,"D",40,"D",520,"D",.,"A",.,"A"
"20152","03098131",19,0,"1",975,"D",195,"D",.,"A",800,"F",175,"F",.,"A",.,"A",780,"D",168,"F",.,"A",.,"A",.,"A",.,"A"
"20152","03098142",38,0,"1",1300,"D",520,"D",.,"A",325,"D",0,"D",.,"A",.,"A",780,"D",0,"D",.,"A",.,"A",.,"A",.,"A"
"20152","03098151",26,0,"1",780,"D",0,"D",.,"A",0,"D",0,"D",.,"A",.,"A",780,"D",0,"D",.,"C",423,"F",.,"A",.,"A"
"20152","03098183",14,0,"1",520,"D",0,"D",.,"A",260,"D",0,"D",.,"A",.,"A",520,"D",0,"D",.,"A",.,"A",.,"A",.,"A"
"20152","03098192",21,0,"1",780,"D",260,"D",.,"A",260,"D",0,"D",.,"A",.,"A",520,"D",0,"D",.,"A",.,"A",.,"A",.,"A"
"20152","03098201",24,0,"1",975,"D",195,"D",.,"A",650,"D",0,"D",.,"A",.,"A",780,"D",0,"D",.,"A",.,"A",.,"A",.,"A"
"20152","03098211",27,0,"1",1300,"D",260,"D",.,"A",260,"D",0,"D",.,"A",.,"A",1040,"D",0,"D",25,"D",325,"D",.,"A",.,"A"
"20152","03098224",22,0,"1",520,"D",195,"D",.,"A",260,"D",0,"D",.,"A",.,"A",325,"D",0,"D",.,"A",.,"A",.,"A",.,"A"
"20152","03098232",17,0,"1",3900,"D",650,"D",910,"D",520,"D",0,"D",.,"A",.,"A",3250,"D",0,"D",.,"A",.,"A",.,"A",.,"A"
"20152","03098241",19,0,"1",1300,"D",195,"D",.,"A",650,"D",0,"D",.,"A",.,"A",1105,"D",0,"D",.,"A",.,"A",.,"A",.,"A"
"20152","03098251",38,0,"1",1300,"D",390,"D",.,"A",650,"D",0,"D",.,"A",600,"D",910,"D",144,"D",6,"D",78,"D",.,"A",.,"A"
"20152","03098261",37,0,"1",4030,"D",390,"D",.,"A",65,"D",0,"D",.,"A",.,"A",3640,"D",45,"D",.,"A",.,"A",.,"A",.,"A"
"20152","03098272",19,0,"1",650,"D",130,"D",.,"A",0,"D",0,"D",.,"A",.,"A",520,"D",0,"D",.,"A",.,"A",.,"A",.,"A"
"20152","03098284",27,0,"1",650,"D",130,"D",.,"A",520,"D",0,"D",.,"A",.,"A",520,"D",0,"D",.,"A",.,"A",.,"A",.,"A"
"20152","03098294",35,0,"1",1300,"D",260,"D",195,"D",455,"D",0,"D",.,"A",.,"A",1040,"D",0,"D",.,"A",.,"A",.,"A",.,"A"
"20152","03098303",20,0,"1",650,"D",169,"D",.,"A",130,"D",0,"D",.,"A",.,"A",481,"D",0,"D",.,"A",.,"A",.,"A",.,"A"
"20152","03098311",8,0,"1",0,"D",.,"A",.,"A",0,"D",6,"D",.,"A",.,"A",0,"D",6,"D",.,"A",.,"A",.,"A",.,"A"
"20152","03098324",15,0,"1",910,"D",260,"D",.,"A",0,"D",0,"D",.,"A",.,"A",650,"D",0,"D",.,"A",.,"A",.,"A",.,"A"
"20152","03098361",17,0,"1",1536,"F",.,"A",.,"A",800,"F",0,"D",.,"A",.,"A",1244,"F",0,"D",.,"A",.,"A",.,"A",.,"A"
"20152","03098391",19,0,"1",930,"F",.,"A",.,"A",130,"D",0,"D",.,"A",.,"A",755,"F",0,"D",.,"A",.,"A",.,"A",.,"A"
"20152","03098401",19,0,"1",650,"D",650,"D",.,"A",780,"D",0,"D",.,"A",10,"D",0,"D",150,"D",.,"A",.,"A",.,"A",.,"A"
"20152","03098421",21,0,"1",390,"D",130,"D",.,"A",130,"D",6,"D",.,"A",.,"A",260,"D",6,"D",.,"A",.,"A",.,"A",.,"A"
"20152","03098431",26,0,"1",910,"D",260,"D",.,"A",0,"D",0,"D",.,"A",.,"A",650,"D",0,"D",.,"A",.,"A",.,"A",.,"A"
"20152","03098461",8,0,"1",650,"D",260,"D",.,"A",0,"D",0,"D",.,"A",.,"A",390,"D",0,"D",30,"D",390,"D",130,"D",10,"D"
"20152","03098491",16,0,"1",1300,"D",325,"D",.,"A",1300,"D",175,"F",.,"A",.,"A",975,"D",168,"F",.,"A",.,"A",.,"A",.,"A"
"20152","03098561",23,0,"1",1040,"D",65,"D",.,"A",650,"D",0,"D",.,"A",.,"A",975,"D",0,"D",.,"A",.,"A",.,"A",.,"A"
"20152","03098622",13,0,"1",650,"D",78,"D",.,"A",65,"D",0,"D",.,"A",.,"A",572,"D",0,"D",.,"A",.,"A",.,"A",.,"A"
"20152","03098681",20,0,"1",650,"D",130,"D",130,"D",260,"D",0,"D",.,"A",.,"A",520,"D",0,"D",.,"A",.,"A",.,"A",.,"A"
"20152","03098701",42,0,"1",1950,"D",325,"D",.,"A",156,"D",0,"D",.,"A",33,"D",1625,"D",150,"D",.,"A",.,"A",.,"A",.,"A"
"20152","03098711",21,0,"1",1690,"D",0,"D",.,"A",1040,"D",120,"D",.,"A",.,"A",1690,"D",3,"D",50,"D",650,"D",.,"A",.,"A"
"20152","03098752",29,0,"1",1950,"D",211,"F",.,"A",650,"D",0,"D",.,"A",.,"A",748,"F",0,"D",42,"D",546,"D",.,"A",.,"A"
"20152","03098761",35,0,"1",2600,"D",390,"D",.,"A",1950,"D",30,"D",.,"A",.,"A",2210,"D",0,"D",.,"A",.,"A",.,"A",.,"A"
"20152","03098781",25,0,"1",1950,"D",195,"D",.,"A",780,"D",0,"D",.,"A",.,"A",1755,"D",0,"D",.,"A",.,"A",.,"A",.,"A"
"20152","03098791",11,0,"1",2340,"D",390,"D",.,"A",0,"D",0,"D",.,"A",.,"A",1950,"D",0,"D",.,"A",.,"A",.,"A",.,"A"
"20152","03098811",15,0,"1",975,"D",325,"D",.,"A",39,"D",0,"D",.,"A",.,"A",650,"D",0,"D",10,"D",130,"D",.,"A",.,"A"
"20152","03098852",33,0,"1",2600,"D",650,"D",.,"A",390,"D",0,"D",.,"A",.,"A",1950,"D",21,"D",.,"A",.,"A",.,"A",.,"A"
"20152","03098871",18,0,"1",1625,"D",260,"D",.,"A",650,"D",0,"D",.,"A",.,"A",1365,"D",900,"D",.,"A",.,"A",1040,"D",80,"D"
"20152","03098901",12,0,"1",650,"D",260,"D",.,"A",0,"D",0,"D",.,"A",.,"A",390,"D",0,"D",.,"A",.,"A",.,"A",.,"A"
"20152","03098911",7,0,"1",780,"D",130,"D",.,"A",0,"D",0,"D",.,"A",.,"A",650,"D",0,"D",.,"A",.,"A",.,"A",.,"A"
"20152","03098921",22,0,"1",455,"D",65,"D",.,"A",650,"D",150,"D",.,"A",.,"A",390,"D",60,"D",.,"A",.,"A",.,"A",.,"A"
"20152","03098953",17,0,"1",650,"D",130,"D",.,"A",0,"D",0,"D",.,"A",.,"A",520,"D",0,"D",.,"A",.,"A",.,"A",.,"A"
"20152","03098971",13,0,"1",1105,"D",0,"D",.,"A",585,"D",0,"D",.,"A",.,"A",1105,"D",0,"D",.,"A",.,"A",.,"A",.,"A"
"20152","03098994",27,0,"1",975,"D",325,"D",.,"A",130,"D",0,"D",.,"A",.,"A",650,"D",60,"D",.,"A",.,"A",.,"A",.,"A"
"20152","03099001",11,0,"1",1300,"D",130,"D",.,"A",0,"D",0,"D",.,"A",.,"A",1170,"D",0,"D",.,"A",.,"A",.,"A",.,"A"
"20152","03099021",24,0,"1",1950,"D",650,"D",260,"D",325,"D",0,"D",.,"A",.,"A",1300,"D",0,"D",.,"A",.,"A",.,"A",.,"A"
"20152","03099041",29,0,"1",1625,"D",234,"D",1300,"D",0,"D",0,"D",.,"A",.,"A",1391,"D",0,"D",.,"A",.,"A",.,"A",.,"A"
"20152","03099062",22,0,"1",832,"D",520,"D",.,"A",260,"D",0,"D",.,"A",.,"A",312,"D",0,"D",.,"A",.,"A",.,"A",.,"A"
"20152","03099071",24,0,"1",6500,"D",1300,"D",260,"D",650,"D",6,"D",.,"A",.,"A",5200,"D",6,"D",30,"D",390,"D",.,"A",.,"A"
"20152","03099082",44,0,"1",845,"D",260,"D",65,"D",156,"D",0,"D",.,"A",.,"A",585,"D",45,"D",.,"A",.,"A",.,"A",.,"A"
"20152","03099101",24,0,"1",1300,"D",130,"D",475,"F",0,"D",0,"D",.,"A",.,"A",1170,"D",0,"D",.,"A",.,"A",78,"D",6,"D"
"20152","03099114",18,0,"1",455,"D",117,"D",.,"A",39,"D",0,"D",.,"A",.,"A",338,"D",0,"D",.,"A",.,"A",.,"A",.,"A"
"20152","03099123",33,0,"1",1300,"D",130,"D",.,"A",520,"D",0,"D",.,"A",.,"A",1170,"D",0,"D",.,"A",.,"A",.,"A",.,"A"
"20152","03099141",39,0,"1",1560,"D",780,"D",.,"A",130,"D",30,"D",.,"A",.,"A",780,"D",210,"D",60,"D",780,"D",.,"A",.,"A"
"20152","03099161",56,0,"1",2600,"D",1300,"D",.,"A",585,"D",105,"D",.,"A",.,"A",1300,"D",180,"D",.,"A",.,"A",.,"A",.,"A"
"20152","03099184",17,0,"1",1625,"D",260,"D",260,"D",520,"D",0,"D",.,"A",.,"A",1365,"D",0,"D",70,"D",910,"D",169,"F",.,"C"
"20152","03099191",27,0,"1",650,"D",91,"D",.,"A",0,"D",0,"D",.,"A",.,"A",559,"D",0,"D",.,"A",.,"A",.,"A",.,"A"
"20152","03099224",12,0,"1",1300,"D",390,"D",.,"A",650,"D",150,"D",.,"A",.,"A",910,"D",150,"D",.,"A",.,"A",130,"D",10,"D"
"20152","03099233",8,0,"1",585,"D",130,"D",.,"A",455,"D",0,"D",.,"A",.,"A",455,"D",0,"D",.,"A",.,"A",.,"A",.,"A"
"20152","03099244",34,0,"1",1950,"D",325,"D",.,"A",325,"D",0,"D",.,"A",.,"A",1625,"D",0,"D",.,"A",.,"A",.,"A",.,"A"
"20152","03099253",34,0,"1",1625,"D",325,"D",.,"A",325,"D",0,"D",.,"A",.,"A",1300,"D",0,"D",.,"A",.,"A",.,"A",.,"A"
"20152","03099261",15,0,"1",1690,"D",455,"D",.,"A",0,"D",0,"D",.,"A",.,"A",1235,"D",0,"D",.,"A",.,"A",.,"A",.,"A"
"20152","03099271",22,0,"1",975,"D",260,"D",.,"A",26,"D",0,"D",.,"A",.,"A",715,"D",0,"D",.,"A",.,"A",.,"A",.,"A"
"20152","03099283",24,0,"1",1300,"D",65,"D",.,"A",260,"D",0,"D",.,"A",.,"A",1235,"D",0,"D",.,"A",.,"A",.,"A",.,"A"
"20152","03099322",47,0,"1",1300,"D",260,"D",.,"A",65,"D",0,"D",.,"A",.,"A",1040,"D",225,"D",.,"A",.,"A",.,"A",.,"A"
"20152","03099341",43,0,"1",2080,"D",208,"D",325,"D",325,"D",150,"D",.,"A",.,"A",1872,"D",1350,"D",.,"A",.,"A",.,"A",.,"A"
"20152","03099353",23,0,"1",1300,"D",390,"D",.,"A",2600,"D",300,"D",.,"A",.,"A",910,"D",300,"D",.,"A",.,"A",.,"A",.,"A"
"20152","03099364",17,0,"1",975,"D",260,"D",.,"A",0,"D",0,"D",.,"A",.,"A",715,"D",0,"D",.,"A",.,"A",.,"A",.,"A"
"20152","03099371",18,0,"1",520,"D",195,"D",.,"A",520,"D",150,"D",.,"A",.,"A",325,"D",90,"D",.,"A",.,"A",.,"A",.,"A"
"20152","03099381",54,0,"1",2015,"D",221,"D",.,"A",390,"D",6,"D",.,"A",9,"D",1794,"D",6,"D",.,"A",.,"A",.,"A",.,"A"
"20152","03099391",22,0,"1",3900,"D",1625,"D",.,"A",1300,"D",240,"D",.,"A",.,"A",2275,"D",120,"D",.,"A",.,"A",.,"A",.,"A"
"20152","03099412",20,0,"1",1300,"D",325,"D",.,"A",975,"D",300,"D",.,"A",.,"A",975,"D",0,"D",.,"A",.,"A",.,"A",.,"A"
"20152","03099421",51,0,"1",650,"D",0,"D",.,"A",975,"D",60,"D",.,"A",.,"A",650,"D",90,"D",.,"A",.,"A",.,"A",.,"A"
"20152","03099434",9,0,"1",650,"D",130,"D",.,"A",0,"D",6,"D",.,"A",.,"A",520,"D",6,"D",.,"A",.,"A",.,"A",.,"A"
"20152","03099511",22,0,"1",455,"D",0,"D",39,"D",156,"D",60,"D",.,"A",.,"A",455,"D",0,"D",.,"A",.,"A",.,"A",.,"A"
"20152","03099542",23,0,"1",1950,"D",910,"D",390,"D",520,"D",0,"D",.,"A",80,"D",1040,"D",0,"D",17,"D",221,"D",.,"A",.,"A"
"20152","03099561",30,0,"1",650,"D",130,"D",.,"A",130,"D",0,"D",.,"A",.,"A",520,"D",0,"D",.,"A",.,"A",.,"A",.,"A"
"20152","03099572",35,0,"1",975,"D",325,"D",.,"A",325,"D",24,"D",.,"A",.,"A",650,"D",0,"D",.,"A",.,"A",.,"A",.,"A"
"20152","03099581",22,0,"1",1950,"D",650,"D",260,"D",0,"D",0,"D",.,"A",.,"A",1300,"D",0,"D",.,"A",.,"A",.,"A",.,"A"
"20152","03099601",12,0,"1",390,"D",130,"D",.,"A",0,"D",0,"D",.,"A",.,"A",260,"D",0,"D",.,"A",.,"A",.,"A",.,"A"
"20152","03099661",19,0,"1",1300,"D",260,"D",.,"A",390,"D",0,"D",.,"A",.,"A",1040,"D",0,"D",.,"A",.,"A",.,"A",.,"A"
"20152","03099682",16,0,"1",1300,"D",260,"D",.,"A",1300,"D",0,"D",.,"A",.,"A",1040,"D",0,"D",.,"A",.,"A",.,"A",.,"A"
"20152","03099702",25,0,"1",1625,"D",325,"D",260,"D",520,"D",0,"D",.,"A",.,"A",1300,"D",60,"D",60,"D",780,"D",.,"A",.,"A"
"20152","03099711",35,0,"1",1950,"D",0,"D",.,"A",585,"D",0,"D",.,"A",.,"A",1950,"D",0,"D",45,"D",585,"D",.,"A",.,"A"
"20152","03099723",20,0,"1",975,"D",325,"D",.,"A",503,"F",0,"D",.,"A",.,"A",650,"D",0,"D",.,"A",.,"A",157,"F",.,"C"
"20152","03099733",25,0,"1",1950,"D",325,"D",.,"A",1300,"D",0,"D",.,"A",247,"F",1625,"D",0,"D",70,"D",910,"D",.,"A",.,"A"
"20152","03099741",30,0,"1",650,"D",0,"D",.,"A",520,"D",120,"D",.,"A",.,"A",650,"D",60,"D",.,"A",.,"A",.,"A",.,"A"
"20152","03099781",20,0,"1",1314,"F",.,"A",.,"A",0,"D",0,"D",.,"A",.,"A",1047,"F",0,"D",.,"A",.,"A",157,"F",.,"C"
"20152","03099793",22,0,"1",975,"D",65,"D",383,"F",325,"D",118,"F",.,"A",.,"A",910,"D",175,"F",.,"A",.,"A",.,"A",.,"A"
"20152","03099803",20,0,"1",169,"D",0,"D",.,"A",0,"D",60,"D",.,"A",.,"A",169,"D",15,"D",.,"A",.,"A",.,"A",.,"A"
"20152","03099812",46,0,"1",1300,"D",260,"D",.,"A",390,"D",45,"D",.,"A",.,"A",1040,"D",45,"D",100,"D",1300,"D",.,"A",.,"A"
"20152","03099832",15,0,"1",2210,"D",325,"D",.,"A",260,"D",36,"D",.,"A",.,"A",1885,"D",6,"D",.,"A",.,"A",.,"A",.,"A"
"20152","03099841",39,0,"1",2275,"D",520,"D",.,"A",650,"D",60,"D",.,"A",175,"D",1755,"D",75,"D",.,"A",.,"A",195,"D",15,"D"
"20152","03099853",15,0,"1",650,"D",65,"D",.,"A",520,"D",0,"D",.,"A",.,"A",585,"D",0,"D",.,"A",.,"A",.,"A",.,"A"
"20152","03099863",19,0,"1",1300,"D",130,"D",.,"A",195,"D",0,"D",.,"A",.,"A",1170,"D",0,"D",50,"D",650,"D",.,"A",.,"A"
"20152","03099881",7,0,"1",1300,"D",0,"D",260,"D",0,"D",0,"D",.,"A",.,"A",1300,"D",90,"D",.,"A",.,"A",.,"A",.,"A"
"20152","03099901",11,0,"1",1300,"D",130,"D",.,"A",0,"D",0,"D",.,"A",.,"A",1170,"D",0,"D",.,"A",.,"A",.,"A",.,"A"
"20152","03099922",16,0,"1",2275,"D",975,"D",585,"D",325,"D",18,"D",.,"A",.,"A",1300,"D",66,"D",.,"A",.,"A",.,"A",.,"A"
"20152","03099934",30,0,"1",1170,"D",195,"D",.,"A",3250,"D",0,"D",.,"A",.,"A",975,"D",0,"D",.,"A",.,"A",.,"A",.,"A"
"20152","03099942",26,0,"1",1248,"D",208,"D",.,"A",650,"D",0,"D",.,"A",.,"A",1040,"D",0,"D",.,"A",.,"A",91,"D",7,"D"
"20152","03099951",16,0,"1",1950,"D",260,"D",.,"A",325,"D",120,"D",.,"A",.,"A",1690,"D",150,"D",.,"A",.,"A",.,"A",.,"A"
"20152","03099961",19,0,"1",1300,"D",650,"D",.,"A",520,"D",0,"D",.,"A",.,"A",650,"D",0,"D",.,"A",.,"A",.,"A",.,"A"
"20152","03099973",61,0,"1",3250,"D",260,"D",.,"A",1560,"D",0,"D",.,"A",.,"A",2990,"D",150,"D",.,"A",.,"A",.,"A",.,"A"
"20152","03100014",34,0,"1",1625,"D",390,"D",.,"A",0,"D",0,"D",.,"A",.,"A",1235,"D",150,"D",.,"A",.,"A",.,"A",.,"A"
"20152","03100031",40,0,"1",1560,"D",390,"D",.,"A",390,"D",0,"D",.,"A",.,"A",1170,"D",0,"D",.,"A",.,"A",.,"A",.,"A"
"20152","03100041",17,0,"1",1300,"D",260,"D",.,"A",260,"D",60,"D",.,"A",.,"A",1040,"D",60,"D",.,"A",.,"A",.,"A",.,"A"
"20152","03100051",42,0,"1",1300,"D",260,"D",.,"A",390,"D",0,"D",.,"A",.,"A",1040,"D",0,"D",.,"A",.,"A",.,"A",.,"A"
"20152","03100084",31,0,"1",520,"D",65,"D",195,"D",260,"D",90,"D",.,"A",.,"A",455,"D",30,"D",.,"A",.,"A",.,"A",.,"A"
"20152","03100093",29,0,"1",975,"D",260,"D",.,"A",65,"D",0,"D",.,"A",594,"D",715,"D",60,"D",15,"D",195,"D",.,"A",.,"A"
"20152","03100101",9,0,"1",910,"D",65,"D",.,"A",0,"D",0,"D",.,"A",.,"A",845,"D",0,"D",.,"A",.,"A",.,"A",.,"A"
"20152","03100133",26,0,"1",1040,"D",325,"D",.,"A",520,"D",0,"D",.,"A",.,"A",715,"D",0,"D",60,"D",780,"D",.,"A",.,"A"
"20152","03100142",13,0,"1",585,"D",156,"D",.,"A",260,"D",30,"D",.,"A",.,"A",429,"D",75,"D",10,"D",130,"D",.,"A",.,"A"
"20152","03100161",22,0,"1",1300,"D",117,"D",.,"A",664,"F",153,"F",.,"A",.,"A",1183,"D",90,"D",25,"D",325,"D",.,"A",.,"A"
"20152","03100171",30,0,"1",1690,"D",390,"D",260,"D",1300,"D",300,"D",.,"A",.,"A",1300,"D",480,"D",25,"D",325,"D",.,"A",.,"A"
"20152","03100183",13,0,"1",780,"D",65,"D",.,"A",65,"D",0,"D",.,"A",.,"A",715,"D",0,"D",.,"A",.,"A",.,"A",.,"A"
"20152","03100191",37,0,"1",1560,"D",390,"D",.,"A",1300,"D",120,"D",.,"A",.,"A",1170,"D",45,"D",70,"D",910,"D",.,"A",.,"A"
"20152","03100223",30,0,"1",1950,"D",325,"D",650,"D",390,"D",0,"D",.,"A",.,"A",1625,"D",0,"D",.,"A",.,"A",.,"A",.,"A"
"20152","03100231",22,0,"1",975,"D",325,"D",.,"A",260,"D",0,"D",.,"A",.,"A",650,"D",45,"D",30,"D",390,"D",.,"A",.,"A"
"20152","03100243",22,0,"1",1300,"D",260,"D",.,"A",195,"D",0,"D",.,"A",.,"A",1040,"D",0,"D",.,"A",.,"A",.,"A",.,"A"
"20152","03100251",23,0,"1",650,"D",325,"D",.,"A",195,"D",0,"D",.,"A",.,"A",325,"D",0,"D",.,"A",.,"A",.,"A",.,"A"
"20152","03100271",21,0,"1",520,"D",325,"D",.,"A",260,"D",244,"F",.,"A",.,"A",195,"D",120,"D",.,"A",.,"A",.,"A",.,"A"
"20152","03100294",35,0,"1",1950,"D",260,"D",.,"A",325,"D",0,"D",.,"A",.,"A",1690,"D",60,"D",.,"A",.,"A",.,"A",.,"A"
"20152","03100303",24,0,"1",650,"D",0,"D",325,"D",234,"D",0,"D",.,"A",.,"A",650,"D",0,"D",.,"A",.,"A",.,"A",.,"A"
"20152","03100314",12,0,"1",1536,"F",.,"A",.,"A",0,"D",0,"D",.,"A",.,"A",1244,"F",60,"D",60,"D",780,"D",.,"A",.,"A"
"20152","03100343",23,0,"1",715,"D",169,"D",.,"A",1040,"D",0,"D",.,"A",.,"A",546,"D",0,"D",.,"A",.,"A",.,"A",.,"A"
"20152","03100362",38,0,"1",1300,"D",260,"D",.,"A",0,"D",60,"D",.,"A",.,"A",1040,"D",0,"D",30,"D",390,"D",.,"A",.,"A"
"20152","03100391",16,0,"1",1536,"F",.,"A",.,"A",800,"F",0,"D",.,"A",.,"A",1244,"F",0,"D",.,"A",.,"A",.,"A",.,"A"
"20152","03100401",46,0,"1",1755,"D",130,"D",.,"A",390,"D",0,"D",.,"A",.,"A",1625,"D",0,"D",.,"A",.,"A",.,"A",.,"A"
"20152","03100414",21,0,"1",1300,"D",0,"D",.,"A",234,"D",0,"D",.,"A",.,"A",1300,"D",0,"D",.,"A",.,"A",.,"A",.,"A"
"20152","03100421",7,0,"1",715,"D",130,"D",.,"A",0,"D",0,"D",.,"A",.,"A",585,"D",0,"D",.,"A",.,"A",.,"A",.,"A"
"20152","03100434",31,0,"1",3250,"D",130,"D",.,"A",260,"D",0,"D",.,"A",.,"A",3120,"D",300,"D",.,"A",.,"A",.,"A",.,"A"
"20152","03100443",38,0,"1",650,"D",65,"D",.,"A",975,"D",0,"D",.,"A",.,"A",585,"D",0,"D",.,"A",.,"A",.,"A",.,"A"
"20152","03100452",32,0,"1",715,"D",104,"D",.,"A",390,"D",0,"D",.,"A",.,"A",611,"D",0,"D",30,"D",390,"D",.,"A",.,"A"
"20152","03100473",17,0,"1",1300,"D",260,"D",.,"A",1300,"D",0,"D",.,"A",.,"A",1040,"D",0,"D",.,"A",.,"A",.,"A",.,"A"
"20152","03100482",17,0,"1",1300,"D",260,"D",.,"A",650,"D",0,"D",.,"A",.,"A",1040,"D",0,"D",.,"A",.,"A",390,"D",30,"D"
"20152","03100501",18,0,"1",390,"D",130,"D",.,"A",0,"D",0,"D",.,"A",.,"A",260,"D",0,"D",.,"A",.,"A",.,"A",.,"A"
"20152","03100531",21,0,"1",650,"D",195,"D",.,"A",0,"D",0,"D",.,"A",.,"A",455,"D",0,"D",225,"D",2925,"D",.,"A",.,"A"
"20152","03100552",12,0,"1",650,"D",0,"D",.,"A",0,"D",0,"D",.,"A",.,"A",650,"D",30,"D",.,"A",.,"A",.,"A",.,"A"
"20152","03100574",15,0,"1",1950,"D",195,"D",.,"A",65,"D",0,"D",.,"A",.,"A",1755,"D",0,"D",.,"A",.,"A",.,"A",.,"A"
"20152","03100591",19,0,"1",1625,"D",390,"D",.,"A",800,"F",175,"F",.,"A",.,"A",1235,"D",168,"F",.,"C",497,"F",.,"A",.,"A"
"20152","03100604",24,0,"1",1235,"D",260,"D",.,"A",520,"D",30,"D",.,"A",.,"A",975,"D",30,"D",.,"A",.,"A",.,"A",.,"A"
"20152","03100621",39,0,"1",1300,"D",0,"D",.,"A",1950,"D",0,"D",.,"A",.,"A",1300,"D",0,"D",.,"A",.,"A",.,"A",.,"A"
"20152","03100631",18,0,"1",845,"D",130,"D",.,"A",390,"D",75,"D",.,"A",.,"A",715,"D",3,"D",.,"A",.,"A",.,"A",.,"A"
"20152","03100641",15,0,"1",650,"D",260,"D",.,"A",975,"D",0,"D",.,"A",.,"A",390,"D",0,"D",.,"A",.,"A",.,"A",.,"A"
"20152","03100663",12,0,"1",1300,"D",260,"D",.,"A",130,"D",0,"D",.,"A",.,"A",1040,"D",0,"D",.,"A",.,"A",.,"A",.,"A"
"20152","03100671",34,0,"1",1105,"D",650,"D",.,"A",260,"D",0,"D",.,"A",.,"A",455,"D",0,"D",.,"A",.,"A",.,"A",.,"A"
"20152","03100703",29,0,"1",1300,"D",390,"D",.,"A",390,"D",0,"D",.,"A",.,"A",910,"D",45,"D",.,"A",.,"A",.,"A",.,"A"
"20152","03100713",10,0,"1",0,"D",.,"A",.,"A",65,"D",6,"D",.,"A",.,"A",0,"D",6,"D",.,"A",.,"A",.,"A",.,"A"
"20152","03100722",17,0,"1",1300,"D",65,"D",.,"A",1300,"D",0,"D",.,"A",.,"A",1235,"D",0,"D",.,"A",.,"A",.,"A",.,"A"
"20152","03100731",27,0,"1",3575,"D",390,"D",455,"D",910,"D",30,"D",.,"A",.,"A",3185,"D",0,"D",.,"A",.,"A",.,"A",.,"A"
"20152","03100745",49,0,"1",4225,"D",325,"D",.,"A",1300,"D",0,"D",.,"A",.,"A",3900,"D",0,"D",.,"A",.,"A",.,"A",.,"A"
"20152","03100761",25,0,"1",1300,"D",780,"D",.,"A",130,"D",30,"D",.,"A",.,"A",520,"D",30,"D",.,"A",.,"A",.,"A",.,"A"
"20152","03100772",45,0,"1",2600,"D",156,"D",.,"A",429,"D",0,"D",.,"A",.,"A",2444,"D",0,"D",.,"A",.,"A",.,"A",.,"A"
"20152","03100793",19,0,"1",975,"D",65,"D",.,"A",260,"D",0,"D",.,"A",.,"A",910,"D",0,"D",10,"D",130,"D",.,"A",.,"A"
"20152","03100821",30,0,"1",585,"D",65,"D",130,"D",780,"D",0,"D",.,"A",.,"A",520,"D",0,"D",.,"A",.,"A",.,"A",.,"A"
"20152","03100832",25,0,"1",1950,"D",650,"D",.,"A",650,"D",150,"D",.,"A",.,"A",1300,"D",1425,"D",.,"A",.,"A",.,"A",.,"A"
"20152","03100842",33,0,"1",1300,"D",390,"D",390,"D",650,"D",150,"D",.,"A",.,"A",910,"D",300,"D",.,"A",.,"A",195,"D",15,"D"
"20152","03100861",17,0,"1",1300,"D",390,"D",.,"A",0,"D",0,"D",.,"A",.,"A",910,"D",0,"D",.,"A",.,"A",.,"A",.,"A"
"20152","03100883",29,0,"1",1950,"D",260,"D",.,"A",0,"D",0,"D",.,"A",.,"A",1690,"D",0,"D",.,"A",.,"A",.,"A",.,"A"
"20152","03100913",38,0,"1",975,"D",325,"D",325,"D",1040,"D",300,"D",.,"A",.,"A",650,"D",300,"D",.,"A",.,"A",.,"A",.,"A"
"20152","03100922",20,0,"1",3380,"D",0,"D",.,"A",169,"D",0,"D",.,"A",.,"A",3380,"D",0,"D",.,"A",.,"A",.,"A",.,"A"
"20152","03100944",26,0,"1",936,"D",130,"D",.,"A",195,"D",150,"D",.,"A",.,"A",806,"D",300,"D",.,"A",.,"A",.,"A",.,"A"
"20152","03100951",13,0,"1",3250,"D",520,"D",.,"A",3900,"D",900,"D",.,"A",.,"A",2730,"D",160,"F",.,"A",.,"A",.,"A",.,"A"
"20152","03100973",20,0,"1",930,"F",.,"A",.,"A",0,"D",0,"D",.,"A",.,"A",755,"F",0,"D",.,"C",294,"F",.,"A",.,"A"
"20152","03101001",16,0,"1",1424,"F",.,"A",.,"A",661,"F",117,"F",.,"A",.,"A",1135,"F",100,"F",.,"C",403,"F",.,"A",.,"A"
"20152","03101021",7,0,"1",780,"D",0,"D",.,"A",260,"D",0,"D",.,"A",.,"A",780,"D",0,"D",.,"A",.,"A",.,"A",.,"A"
"20152","03101033",22,0,"1",1950,"D",650,"D",1300,"D",3900,"D",0,"D",.,"A",.,"A",1300,"D",120,"D",.,"A",.,"A",.,"A",.,"A"
"20152","03101042",33,0,"1",780,"D",0,"D",.,"A",0,"D",450,"D",.,"A",.,"A",780,"D",72,"D",25,"D",325,"D",.,"A",.,"A"
"20152","03101051",41,0,"1",1300,"D",260,"D",.,"A",650,"D",0,"D",.,"A",120,"D",1040,"D",0,"D",42,"D",546,"D",.,"A",.,"A"
"20152","03101071",16,0,"1",2600,"D",260,"D",.,"A",1300,"D",6,"D",.,"A",.,"A",2340,"D",6,"D",15,"D",195,"D",.,"A",.,"A"
"20152","03101091",38,0,"1",1300,"D",130,"D",.,"A",520,"D",60,"D",.,"A",120,"D",1170,"D",150,"D",.,"A",.,"A",.,"A",.,"A"
"20152","03101101",81,0,"1",3250,"D",520,"D",390,"D",325,"D",0,"D",.,"A",40,"D",2730,"D",0,"D",.,"A",.,"A",.,"A",.,"A"
"20152","03101122",27,0,"1",1300,"D",0,"D",.,"A",0,"D",0,"D",.,"A",.,"A",1300,"D",0,"D",.,"A",.,"A",.,"A",.,"A"
"20152","03101144",29,0,"1",1950,"D",585,"D",.,"A",0,"D",0,"D",.,"A",.,"A",1365,"D",0,"D",.,"A",.,"A",.,"A",.,"A"
"20152","03101151",22,0,"1",520,"D",260,"D",.,"A",1950,"D",0,"D",.,"A",.,"A",260,"D",0,"D",.,"A",.,"A",.,"A",.,"A"
"20152","03101172",14,0,"1",793,"F",.,"A",.,"A",327,"F",86,"F",.,"A",.,"A",642,"F",91,"F",.,"A",.,"A",.,"A",.,"A"
"20152","03101183",17,0,"1",780,"D",78,"D",.,"A",390,"D",0,"D",.,"A",.,"A",702,"D",0,"D",40,"D",520,"D",.,"A",.,"A"
"20152","03101201",24,0,"1",650,"D",237,"F",.,"A",520,"D",153,"F",.,"A",.,"A",736,"F",136,"F",.,"A",.,"A",.,"A",.,"A"
"20152","03101215",9,0,"1",1300,"D",260,"D",.,"A",650,"D",0,"D",.,"A",.,"A",1040,"D",0,"D",.,"A",.,"A",.,"A",.,"A"
"20152","03101231",34,0,"1",1950,"D",260,"D",.,"A",1300,"D",0,"D",.,"A",.,"A",1690,"D",300,"D",.,"A",.,"A",.,"A",.,"A"
"20152","03101292",28,0,"1",1950,"D",0,"D",.,"A",650,"D",0,"D",.,"A",120,"D",1950,"D",0,"D",.,"A",.,"A",.,"A",.,"A"
"20152","03101301",20,0,"1",2470,"D",260,"D",.,"A",520,"D",0,"D",.,"A",.,"A",2210,"D",0,"D",.,"A",.,"A",.,"A",.,"A"
"20152","03101331",32,0,"1",650,"D",130,"D",260,"D",260,"D",60,"D",.,"A",.,"A",520,"D",0,"D",.,"A",.,"A",.,"A",.,"A"
"20152","03101344",23,0,"1",0,"D",.,"A",650,"D",195,"D",0,"D",.,"A",.,"A",0,"D",0,"D",77,"D",1001,"D",.,"A",.,"A"
"20152","03101353",8,0,"1",65,"D",0,"D",.,"A",0,"D",0,"D",.,"A",.,"A",65,"D",0,"D",5,"D",65,"D",.,"A",.,"A"
"20152","03101371",44,0,"1",2600,"D",1040,"D",.,"A",1300,"D",0,"D",.,"A",240,"D",1560,"D",0,"D",.,"A",.,"A",.,"A",.,"A"
"20152","03101381",19,0,"1",2600,"D",325,"D",.,"A",650,"D",0,"D",.,"A",105,"D",2275,"D",60,"D",.,"A",.,"A",.,"A",.,"A"
"20152","03101431",23,0,"1",650,"D",195,"D",.,"A",390,"D",6,"D",.,"A",.,"A",455,"D",6,"D",25,"D",325,"D",.,"A",.,"A"
"20152","03101441",12,0,"1",1882,"F",.,"A",.,"A",0,"D",0,"D",.,"A",.,"A",1528,"F",0,"D",.,"A",.,"A",.,"A",.,"A"
"20152","03101451",24,0,"1",1300,"D",650,"D",.,"A",1300,"D",0,"D",.,"A",.,"A",650,"D",0,"D",.,"A",.,"A",.,"A",.,"A"
"20152","03101463",23,0,"1",1300,"D",650,"D",.,"A",650,"D",90,"D",.,"A",.,"A",650,"D",150,"D",15,"D",195,"D",.,"A",.,"A"
"20152","03101474",64,0,"1",1300,"D",650,"D",.,"A",260,"D",0,"D",.,"A",163,"D",650,"D",0,"D",10,"D",130,"D",.,"A",.,"A"
"20152","03101491",37,0,"1",1950,"D",466,"F",.,"A",650,"D",220,"F",.,"A",.,"A",1513,"F",150,"D",25,"D",325,"D",.,"A",.,"A"
"20152","03101504",26,0,"1",520,"D",65,"D",.,"A",1560,"D",18,"D",260,"D",.,"A",455,"D",0,"D",.,"A",.,"A",.,"A",.,"A"
"20152","03101511",11,0,"1",1536,"F",.,"A",.,"A",800,"F",175,"F",.,"A",.,"A",1244,"F",168,"F",.,"A",.,"A",.,"A",.,"A"
"20152","03101531",28,0,"1",1040,"D",260,"D",.,"A",91,"D",0,"D",.,"A",.,"A",780,"D",30,"D",.,"A",.,"A",.,"A",.,"A"
"20152","03101562",26,0,"1",1300,"D",325,"D",.,"A",390,"D",0,"D",.,"A",.,"A",975,"D",0,"D",.,"A",.,"A",.,"A",.,"A"
"20152","03101601",45,0,"1",1934,"F",.,"A",.,"A",13000,"D",3000,"D",.,"A",.,"A",1513,"F",3000,"D",.,"A",.,"A",.,"A",.,"A"
"20152","03101614",33,0,"1",780,"D",260,"D",.,"A",390,"D",60,"D",.,"A",.,"A",520,"D",60,"D",.,"A",.,"A",.,"A",.,"A"
"20152","03101621",14,0,"1",1196,"D",169,"D",260,"D",130,"D",0,"D",.,"A",.,"A",1027,"D",0,"D",98,"D",1274,"D",.,"A",.,"A"
"20152","03101633",15,0,"1",1300,"D",390,"D",39,"D",260,"D",0,"D",.,"A",.,"A",910,"D",0,"D",.,"A",.,"A",.,"A",.,"A"
"20152","03101651",48,0,"1",1300,"D",195,"D",0,"D",260,"D",0,"D",.,"A",.,"A",1105,"D",0,"D",.,"A",.,"A",.,"A",.,"A"
"20152","03101674",37,0,"1",1300,"D",260,"D",.,"A",1040,"D",0,"D",.,"A",.,"A",1040,"D",0,"D",.,"A",.,"A",.,"A",.,"A"
"20152","03101682",33,0,"1",1950,"D",336,"F",13,"D",520,"D",175,"F",.,"A",.,"A",1244,"F",168,"F",.,"A",.,"A",.,"A",.,"A"
"20152","03101721",19,0,"1",1950,"D",520,"D",260,"D",65,"D",0,"D",.,"A",.,"A",1430,"D",0,"D",.,"A",.,"A",.,"A",.,"A"
"20152","03101732",15,0,"1",1170,"D",650,"D",.,"A",390,"D",90,"D",.,"A",.,"A",520,"D",0,"D",20,"D",260,"D",.,"A",.,"A"
"20152","03101754",20,0,"1",1170,"D",325,"D",.,"A",325,"D",6,"D",.,"A",.,"A",845,"D",6,"D",.,"A",.,"A",.,"A",.,"A"
"20152","03101761",55,0,"1",1625,"D",0,"D",.,"A",780,"D",180,"D",.,"A",.,"A",1625,"D",150,"D",.,"A",.,"A",.,"A",.,"A"
"20152","03101781",30,0,"1",2600,"D",650,"D",.,"A",650,"D",60,"D",.,"A",130,"D",1950,"D",300,"D",.,"A",.,"A",.,"A",.,"A"
"20152","03101804",19,0,"1",1105,"D",195,"D",65,"D",260,"D",0,"D",.,"A",.,"A",910,"D",0,"D",.,"A",.,"A",.,"A",.,"A"
"20152","03101823",39,0,"1",1300,"D",390,"D",.,"A",390,"D",0,"D",.,"A",.,"A",910,"D",0,"D",.,"A",.,"A",.,"A",.,"A"
"20152","03101832",52,0,"1",1625,"D",325,"D",.,"A",650,"D",0,"D",.,"A",.,"A",1300,"D",0,"D",.,"A",.,"A",.,"A",.,"A"
"20152","03101861",23,0,"1",780,"D",0,"D",.,"A",130,"D",0,"D",.,"A",.,"A",780,"D",0,"D",.,"A",.,"A",.,"A",.,"A"
"20152","03101873",47,0,"1",2210,"D",650,"D",325,"D",780,"D",0,"D",.,"A",.,"A",1560,"D",54,"D",.,"A",.,"A",.,"A",.,"A"
"20152","03101931",30,0,"1",910,"D",0,"D",390,"D",195,"D",300,"D",.,"A",15,"D",910,"D",450,"D",25,"D",325,"D",.,"A",.,"A"
"20152","03101941",17,0,"1",650,"D",0,"D",.,"A",0,"D",0,"D",.,"A",.,"A",650,"D",0,"D",.,"A",.,"A",.,"A",.,"A"
"20152","03101953",32,0,"1",1300,"D",0,"D",91,"D",390,"D",0,"D",.,"A",.,"A",1300,"D",0,"D",10,"D",130,"D",.,"A",.,"A"
"20152","03101971",8,0,"1",260,"D",39,"D",.,"A",0,"D",0,"D",.,"A",.,"A",221,"D",0,"D",.,"A",.,"A",.,"A",.,"A"
"20152","03101981",28,0,"1",2275,"D",65,"D",.,"A",130,"D",15,"D",.,"A",.,"A",2210,"D",0,"D",84,"D",1092,"D",.,"A",.,"A"
"20152","03101993",35,0,"1",1300,"D",325,"D",.,"A",195,"D",120,"D",.,"A",.,"A",975,"D",45,"D",.,"A",.,"A",.,"A",.,"A"
"20152","03102004",22,0,"1",2132,"F",.,"A",.,"A",801,"F",77,"F",.,"A",.,"A",1810,"F",135,"F",.,"C",474,"F",.,"A",.,"A"
"20152","03102043",26,0,"1",2990,"D",650,"D",.,"A",390,"D",0,"D",.,"A",.,"A",2340,"D",0,"D",.,"A",.,"A",.,"A",.,"A"
"20152","03102053",45,0,"1",845,"D",130,"D",.,"A",0,"D",0,"D",.,"A",.,"A",715,"D",0,"D",.,"A",.,"A",.,"A",.,"A"
"20152","03102061",12,0,"1",650,"D",0,"D",.,"A",0,"D",6,"D",.,"A",.,"A",650,"D",6,"D",40,"D",520,"D",.,"A",.,"A"
"20152","03102084",21,0,"1",1300,"D",130,"D",.,"A",0,"D",6,"D",.,"A",60,"D",1170,"D",6,"D",.,"A",.,"A",.,"A",.,"A"
"20152","03102091",24,0,"1",780,"D",130,"D",.,"A",130,"D",0,"D",.,"A",.,"A",650,"D",0,"D",.,"A",.,"A",.,"A",.,"A"
"20152","03102102",21,0,"1",1170,"D",520,"D",.,"A",0,"D",0,"D",.,"A",.,"A",650,"D",60,"D",.,"A",.,"A",.,"A",.,"A"
"20152","03102132",25,0,"1",975,"D",520,"D",.,"A",1300,"D",0,"D",.,"A",.,"A",455,"D",0,"D",80,"D",1040,"D",.,"A",.,"A"
"20152","03102143",31,0,"1",975,"D",247,"D",195,"D",585,"D",0,"D",.,"A",.,"A",728,"D",0,"D",.,"A",.,"A",.,"A",.,"A"
"20152","03102154",23,0,"1",260,"D",65,"D",.,"A",0,"D",30,"D",.,"A",.,"A",195,"D",0,"D",3,"D",39,"D",78,"D",6,"D"
"20152","03102163",22,0,"1",1625,"D",0,"D",.,"A",520,"D",0,"D",.,"A",.,"A",1625,"D",0,"D",20,"D",260,"D",.,"A",.,"A"
"20152","03102172",23,0,"1",975,"D",195,"D",.,"A",130,"D",0,"D",.,"A",.,"A",780,"D",75,"D",.,"A",.,"A",.,"A",.,"A"
"20152","03102194",49,0,"1",975,"D",650,"D",.,"A",650,"D",108,"D",.,"A",.,"A",325,"D",135,"D",.,"A",.,"A",.,"A",.,"A"
"20152","03102211",41,0,"1",1105,"D",0,"D",65,"D",780,"D",30,"D",.,"A",.,"A",1105,"D",30,"D",.,"A",.,"A",.,"A",.,"A"
"20152","03102221",16,0,"1",650,"D",130,"D",.,"A",520,"D",0,"D",.,"A",.,"A",520,"D",90,"D",.,"A",.,"A",.,"A",.,"A"
"20152","03102234",49,0,"1",3250,"D",650,"D",.,"A",325,"D",30,"D",.,"A",78,"D",2600,"D",150,"D",.,"A",.,"A",.,"A",.,"A"
"20152","03102271",24,0,"1",780,"D",78,"D",.,"A",364,"D",0,"D",.,"A",.,"A",702,"D",0,"D",20,"D",260,"D",.,"A",.,"A"
"20152","03102282",32,0,"1",6500,"D",2600,"D",1300,"D",0,"D",0,"D",.,"A",.,"A",3900,"D",0,"D",.,"A",.,"A",.,"A",.,"A"
"20152","03102291",33,0,"1",2600,"D",260,"D",650,"D",1300,"D",0,"D",.,"A",.,"A",2340,"D",360,"D",.,"A",.,"A",.,"A",.,"A"
"20152","03102314",38,0,"1",1300,"D",260,"D",.,"A",975,"D",300,"D",.,"A",.,"A",1040,"D",36,"D",.,"A",.,"A",.,"A",.,"A"
"20152","03102322",8,0,"1",650,"D",130,"D",.,"A",0,"D",0,"D",.,"A",.,"A",520,"D",0,"D",.,"A",.,"A",.,"A",.,"A"
"20152","03102331",21,0,"1",1300,"D",650,"D",.,"A",0,"D",0,"D",.,"A",.,"A",650,"D",0,"D",.,"A",.,"A",.,"A",.,"A"
"20152","03102345",23,0,"1",650,"D",325,"D",.,"A",390,"D",30,"D",.,"A",.,"A",325,"D",0,"D",.,"A",.,"A",.,"A",.,"A"
"20152","03102351",31,0,"1",2600,"D",260,"D",.,"A",650,"D",0,"D",.,"A",80,"D",2340,"D",0,"D",.,"A",.,"A",.,"A",.,"A"
"20152","03102364",9,0,"1",1536,"F",.,"A",.,"A",800,"F",0,"D",.,"A",167,"F",1244,"F",168,"F",.,"A",.,"A",.,"A",.,"A"
"20152","03102374",18,0,"1",1560,"D",260,"D",.,"A",650,"D",0,"D",.,"A",.,"A",1300,"D",0,"D",.,"A",.,"A",.,"A",.,"A"
"20152","03102382",48,0,"1",650,"D",130,"D",.,"A",1300,"D",120,"D",.,"A",.,"A",520,"D",30,"D",.,"A",.,"A",.,"A",.,"A"
"20152","03102393",14,0,"1",520,"D",156,"D",3900,"D",650,"D",0,"D",.,"A",.,"A",364,"D",90,"D",.,"A",.,"A",.,"A",.,"A"
"20152","03102401",38,0,"1",1300,"D",0,"D",.,"A",260,"D",0,"D",.,"A",.,"A",1300,"D",0,"D",.,"A",.,"A",.,"A",.,"A"
"20152","03102414",60,0,"1",7800,"D",3900,"D",.,"A",1950,"D",30,"D",.,"A",.,"A",3900,"D",120,"D",.,"A",.,"A",.,"A",.,"A"
"20152","03102433",22,0,"1",5200,"D",650,"D",.,"A",0,"D",0,"D",.,"A",.,"A",4550,"D",0,"D",10,"D",130,"D",.,"A",.,"A"
"20152","03102451",28,0,"1",1300,"D",375,"F",.,"A",650,"D",0,"D",.,"A",.,"A",1467,"F",0,"D",.,"A",.,"A",.,"A",.,"A"
"20152","03102472",9,0,"1",1820,"D",130,"D",.,"A",130,"D",0,"D",.,"A",.,"A",1690,"D",90,"D",.,"A",.,"A",.,"A",.,"A"
"20152","03102481",18,0,"1",1950,"D",390,"D",.,"A",260,"D",0,"D",.,"A",.,"A",1560,"D",0,"D",.,"A",.,"A",.,"A",.,"A"
"20152","03102491",30,0,"1",1300,"D",130,"D",.,"A",0,"D",0,"D",.,"A",.,"A",1170,"D",60,"D",.,"A",.,"A",.,"A",.,"A"
"20152","03102521",46,0,"1",4550,"D",1300,"D",.,"A",1560,"D",45,"D",.,"A",.,"A",3250,"D",126,"D",.,"A",.,"A",.,"A",.,"A"
"20152","03102551",29,0,"1",1300,"D",325,"D",.,"A",0,"D",0,"D",.,"A",.,"A",975,"D",75,"D",.,"A",.,"A",.,"A",.,"A"
"20152","03102562",15,0,"1",650,"D",65,"D",.,"A",0,"D",0,"D",.,"A",.,"A",585,"D",0,"D",.,"A",.,"A",.,"A",.,"A"
"20152","03102574",21,0,"1",1560,"D",195,"D",.,"A",234,"D",30,"D",.,"A",600,"D",1365,"D",30,"D",.,"A",.,"A",.,"A",.,"A"
"20152","03102581",19,0,"1",1300,"D",650,"D",.,"A",0,"D",0,"D",.,"A",.,"A",650,"D",60,"D",.,"A",.,"A",.,"A",.,"A"
"20152","03102602",35,0,"1",650,"D",0,"D",.,"A",0,"D",0,"D",.,"A",.,"A",650,"D",0,"D",20,"D",260,"D",.,"A",.,"A"
"20152","03102612",15,0,"1",455,"D",186,"F",195,"D",0,"D",0,"D",.,"A",.,"A",642,"F",0,"D",20,"D",260,"D",.,"A",.,"A"
"20152","03102624",19,0,"1",3250,"D",260,"D",.,"A",650,"D",0,"D",.,"A",.,"A",2990,"D",0,"D",.,"A",.,"A",.,"A",.,"A"
"20152","03102633",16,0,"1",650,"D",130,"D",0,"D",260,"D",0,"D",.,"A",.,"A",520,"D",450,"D",49,"D",637,"D",.,"A",.,"A"
"20152","03102643",14,0,"1",2600,"D",520,"D",.,"A",0,"D",0,"D",.,"A",.,"A",2080,"D",300,"D",.,"A",.,"A",.,"A",.,"A"
"20152","03102653",19,0,"1",3367,"D",195,"D",520,"D",260,"D",0,"D",.,"A",.,"A",3172,"D",0,"D",20,"D",260,"D",260,"D",20,"D"
"20152","03102661",14,0,"1",650,"D",0,"D",.,"A",390,"D",0,"D",.,"A",.,"A",650,"D",0,"D",25,"D",325,"D",39,"D",3,"D"
"20152","03102682",13,0,"1",930,"F",.,"A",.,"A",650,"D",0,"D",.,"A",.,"A",755,"F",0,"D",.,"A",.,"A",.,"A",.,"A"
"20152","03102691",8,0,"1",520,"D",65,"D",130,"D",0,"D",0,"D",.,"A",.,"A",455,"D",0,"D",7,"D",91,"D",.,"A",.,"A"
"20152","03102731",64,0,"1",1950,"D",520,"D",.,"A",520,"D",150,"D",.,"A",.,"A",1430,"D",300,"D",.,"A",.,"A",.,"A",.,"A"
"20152","03102752",21,0,"1",975,"D",91,"D",.,"A",78,"D",0,"D",.,"A",.,"A",884,"D",0,"D",.,"A",.,"A",.,"A",.,"A"
"20152","03102772",18,0,"1",390,"D",0,"D",.,"A",0,"D",0,"D",.,"A",.,"A",390,"D",0,"D",.,"A",.,"A",.,"A",.,"A"
"20152","03102791",54,0,"1",1625,"D",325,"D",195,"D",260,"D",60,"D",.,"A",.,"A",1300,"D",60,"D",.,"A",.,"A",.,"A",.,"A"
"20152","03102821",18,0,"1",1040,"D",390,"D",.,"A",130,"D",0,"D",.,"A",.,"A",650,"D",600,"D",42,"D",546,"D",.,"A",.,"A"
"20152","03102842",41,0,"1",1300,"D",130,"D",.,"A",0,"D",0,"D",.,"A",.,"A",1170,"D",300,"D",.,"A",.,"A",.,"A",.,"A"
"20152","03102893",19,0,"1",1950,"D",520,"D",325,"D",1560,"D",180,"D",.,"A",.,"A",1430,"D",240,"D",.,"A",.,"A",.,"A",.,"A"
"20152","03102923",24,0,"1",1625,"D",0,"D",65,"D",780,"D",0,"D",.,"A",.,"A",1625,"D",0,"D",.,"A",.,"A",.,"A",.,"A"
"20152","03102933",27,0,"1",1950,"D",455,"D",.,"A",0,"D",0,"D",.,"A",.,"A",1495,"D",60,"D",.,"A",.,"A",.,"A",.,"A"
"20152","03102983",76,0,"1",1950,"D",520,"D",780,"D",3250,"D",600,"D",.,"A",.,"A",1430,"D",900,"D",.,"A",.,"A",.,"A",.,"A"
"20152","03102991",48,0,"1",1950,"D",325,"D",260,"D",325,"D",6,"D",.,"A",28,"D",1625,"D",6,"D",.,"A",.,"A",.,"A",.,"A"
"20152","03103024",18,0,"1",3900,"D",975,"D",.,"A",0,"D",0,"D",.,"A",.,"A",2925,"D",0,"D",.,"A",.,"A",.,"A",.,"A"
"20152","03103033",35,0,"1",1950,"D",650,"D",.,"A",325,"D",0,"D",.,"A",.,"A",1300,"D",0,"D",.,"A",.,"A",.,"A",.,"A"
"20152","03103052",35,0,"1",1040,"D",130,"D",845,"D",845,"D",300,"D",.,"A",.,"A",910,"D",120,"D",35,"D",455,"D",.,"A",.,"A"
"20152","03103062",36,0,"1",1300,"D",650,"D",.,"A",0,"D",0,"D",.,"A",.,"A",650,"D",150,"D",15,"D",195,"D",.,"A",.,"A"
"20152","03103074",23,0,"1",1950,"D",390,"D",.,"A",325,"D",0,"D",.,"A",.,"A",1560,"D",0,"D",.,"A",.,"A",130,"D",10,"D"
"20152","03103081",37,0,"1",650,"D",91,"D",260,"D",0,"D",42,"D",.,"A",.,"A",559,"D",0,"D",.,"A",.,"A",.,"A",.,"A"
"20152","03103121",57,0,"1",260,"D",0,"D",.,"A",520,"D",0,"D",.,"A",.,"A",260,"D",0,"D",.,"A",.,"A",.,"A",.,"A"
"20152","03103131",18,0,"1",3250,"D",1300,"D",.,"A",780,"D",0,"D",.,"A",.,"A",1950,"D",0,"D",6,"D",78,"D",.,"A",.,"A"
"20152","03103152",20,0,"1",975,"D",325,"D",.,"A",260,"D",0,"D",.,"A",.,"A",650,"D",0,"D",.,"A",.,"A",.,"A",.,"A"
"20152","03103161",26,0,"1",1560,"D",130,"D",.,"A",650,"D",0,"D",.,"A",.,"A",1430,"D",0,"D",.,"A",.,"A",.,"A",.,"A"
"20152","03103181",31,0,"1",2080,"D",260,"D",.,"A",520,"D",0,"D",.,"A",.,"A",1820,"D",0,"D",.,"A",.,"A",.,"A",.,"A"
"20152","03103201",31,0,"1",975,"D",104,"D",.,"A",0,"D",120,"D",.,"A",.,"A",871,"D",75,"D",.,"A",.,"A",.,"A",.,"A"
"20152","03103224",14,0,"1",650,"D",65,"D",130,"D",195,"D",90,"D",.,"A",.,"A",585,"D",240,"D",25,"D",325,"D",.,"A",.,"A"
"20152","03103253",30,0,"1",1625,"D",336,"F",520,"D",0,"D",0,"D",.,"A",.,"A",1244,"F",0,"D",14,"D",182,"D",.,"A",.,"A"
"20152","03103271",12,0,"1",520,"D",186,"F",.,"A",0,"D",0,"D",.,"A",.,"A",642,"F",0,"D",.,"A",.,"A",.,"A",.,"A"
"20152","03103281",15,0,"1",2600,"D",211,"F",287,"F",780,"D",0,"D",.,"A",.,"A",748,"F",0,"D",.,"A",.,"A",.,"A",.,"A"
"20152","03103302",14,0,"1",1300,"D",520,"D",.,"A",910,"D",90,"D",.,"A",.,"A",780,"D",300,"D",25,"D",325,"D",.,"A",.,"A"
"20152","03103323",30,0,"1",975,"D",65,"D",.,"A",0,"D",0,"D",.,"A",.,"A",910,"D",0,"D",.,"A",.,"A",.,"A",.,"A"
"20152","03103371",19,0,"1",780,"D",390,"D",.,"A",1560,"D",120,"D",.,"A",.,"A",390,"D",60,"D",.,"A",.,"A",.,"A",.,"A"
"20152","03103383",21,0,"1",715,"D",130,"D",.,"A",104,"D",0,"D",.,"A",.,"A",585,"D",0,"D",.,"A",.,"A",.,"A",.,"A"
"20152","03103403",20,0,"1",780,"D",0,"D",.,"A",195,"D",0,"D",.,"A",.,"A",780,"D",0,"D",.,"A",.,"A",.,"A",.,"A"
"20152","03103424",20,0,"1",975,"D",325,"D",.,"A",325,"D",6,"D",.,"A",.,"A",650,"D",6,"D",.,"A",.,"A",.,"A",.,"A"
"20152","03103451",21,0,"1",1040,"D",156,"D",130,"D",260,"D",0,"D",.,"A",.,"A",884,"D",180,"D",25,"D",325,"D",.,"A",.,"A"
"20152","03103481",19,0,"1",0,"D",.,"A",.,"A",0,"D",0,"D",.,"A",.,"A",0,"D",0,"D",.,"A",.,"A",.,"A",.,"A"
"20152","03103503",25,0,"1",975,"D",325,"D",.,"A",650,"D",0,"D",.,"A",.,"A",650,"D",60,"D",.,"A",.,"A",.,"A",.,"A"
"20152","03103514",31,0,"1",1950,"D",1300,"D",780,"D",1300,"D",150,"D",.,"A",50,"D",650,"D",75,"D",25,"D",325,"D",.,"A",.,"A"
"20152","03103521",17,0,"1",520,"D",104,"D",.,"A",390,"D",0,"D",.,"A",.,"A",416,"D",240,"D",.,"A",.,"A",.,"A",.,"A"
"20152","03103531",13,0,"1",1772,"F",.,"A",.,"A",760,"F",113,"F",.,"A",.,"A",1467,"F",107,"F",.,"A",.,"A",.,"A",.,"A"
"20152","03103544",39,0,"1",2600,"D",390,"D",52,"D",260,"D",15,"D",.,"A",8,"D",2210,"D",15,"D",.,"A",.,"A",.,"A",.,"A"
"20152","03103553",6,0,"1",650,"D",0,"D",.,"A",0,"D",0,"D",.,"A",.,"A",650,"D",0,"D",.,"A",.,"A",.,"A",.,"A"
"20152","03103581",50,0,"1",1300,"D",355,"F",.,"A",780,"D",156,"F",.,"A",.,"A",1220,"F",0,"D",50,"D",650,"D",.,"A",.,"A"
"20152","03103591",34,0,"1",1934,"F",.,"A",.,"A",195,"D",30,"D",.,"A",.,"A",1513,"F",75,"D",.,"A",.,"A",.,"A",.,"A"
"20152","03103603",19,0,"1",1560,"D",390,"D",130,"D",520,"D",120,"D",.,"A",.,"A",1170,"D",150,"D",.,"A",.,"A",.,"A",.,"A"
"20152","03103621",33,0,"1",1170,"D",130,"D",.,"A",1950,"D",525,"D",.,"A",.,"A",1040,"D",135,"D",1,"D",13,"D",.,"A",.,"A"
"20152","03103651",21,0,"1",2275,"D",325,"D",.,"A",0,"D",0,"D",.,"A",.,"A",1950,"D",0,"D",.,"A",.,"A",.,"A",.,"A"
"20152","03103664",48,0,"1",650,"D",130,"D",.,"A",0,"D",0,"D",.,"A",.,"A",520,"D",75,"D",.,"A",.,"A",.,"A",.,"A"
"20152","03103691",10,0,"1",650,"D",130,"D",.,"A",0,"D",0,"D",.,"A",.,"A",520,"D",60,"D",.,"A",.,"A",520,"D",40,"D"
"20152","03103711",22,0,"1",325,"D",65,"D",.,"A",0,"D",0,"D",.,"A",.,"A",260,"D",0,"D",.,"A",.,"A",.,"A",.,"A"
"20152","03103723",16,0,"1",1950,"D",325,"D",.,"A",0,"D",0,"D",.,"A",.,"A",1625,"D",0,"D",30,"D",390,"D",.,"A",.,"A"
"20152","03103731",60,0,"1",1950,"D",650,"D",.,"A",650,"D",0,"D",.,"A",.,"A",1300,"D",0,"D",.,"A",.,"A",.,"A",.,"A"
"20152","03103741",21,0,"1",455,"D",65,"D",.,"A",0,"D",0,"D",.,"A",.,"A",390,"D",0,"D",.,"A",.,"A",.,"A",.,"A"
"20152","03103763",22,0,"1",1300,"D",520,"D",390,"D",0,"D",0,"D",.,"A",.,"A",780,"D",0,"D",.,"A",.,"A",.,"A",.,"A"
"20152","03103774",20,0,"1",1300,"D",260,"D",.,"A",650,"D",0,"D",.,"A",.,"A",1040,"D",0,"D",.,"A",.,"A",.,"A",.,"A"
"20152","03103784",19,0,"1",910,"D",0,"D",.,"A",780,"D",0,"D",.,"A",.,"A",910,"D",0,"D",.,"A",.,"A",.,"A",.,"A"
"20152","03103812",27,0,"1",1950,"D",390,"D",195,"D",260,"D",0,"D",.,"A",75,"D",1560,"D",30,"D",.,"A",.,"A",.,"A",.,"A"
"20152","03103822",15,0,"1",1300,"D",130,"D",130,"D",780,"D",0,"D",.,"A",.,"A",1170,"D",300,"D",.,"A",.,"A",.,"A",.,"A"
"20152","03103831",13,0,"1",845,"D",78,"D",.,"A",0,"D",0,"D",.,"A",.,"A",767,"D",0,"D",.,"A",.,"A",.,"A",.,"A"
"20152","03103851",27,0,"1",2600,"D",260,"D",1300,"D",0,"D",15,"D",.,"A",.,"A",2340,"D",60,"D",.,"A",.,"A",.,"A",.,"A"
"20152","03103882",40,0,"1",1300,"D",130,"D",.,"A",469,"F",0,"D",.,"A",.,"A",1170,"D",0,"D",.,"A",.,"A",.,"A",.,"A"
"20152","03103893",17,0,"1",1040,"D",130,"D",.,"A",0,"D",0,"D",.,"A",.,"A",910,"D",0,"D",.,"A",.,"A",.,"A",.,"A"
"20152","03103911",10,0,"1",1560,"D",0,"D",.,"A",13,"D",0,"D",.,"A",.,"A",1560,"D",0,"D",2,"D",26,"D",.,"A",.,"A"
"20152","03103931",15,0,"1",2210,"D",325,"D",.,"A",0,"D",0,"D",.,"A",.,"A",1885,"D",0,"D",.,"A",.,"A",.,"A",.,"A"
"20152","03103941",11,0,"1",1300,"D",130,"D",.,"A",260,"D",0,"D",.,"A",.,"A",1170,"D",0,"D",.,"A",.,"A",.,"A",.,"A"
"20152","03103964",43,0,"1",780,"D",0,"D",.,"A",130,"D",0,"D",.,"A",.,"A",780,"D",0,"D",.,"A",.,"A",.,"A",.,"A"
"20152","03103994",42,0,"1",1950,"D",975,"D",650,"D",3250,"D",0,"D",.,"A",.,"A",975,"D",0,"D",.,"A",.,"A",.,"A",.,"A"
"20152","03104001",29,0,"1",1950,"D",0,"D",.,"A",520,"D",0,"D",.,"A",.,"A",1950,"D",0,"D",.,"A",.,"A",.,"A",.,"A"
"20152","03104071",16,0,"1",2340,"D",260,"D",.,"A",195,"D",0,"D",.,"A",.,"A",2080,"D",0,"D",35,"D",455,"D",.,"A",.,"A"
"20152","03104101",22,0,"1",1820,"D",390,"D",.,"A",1040,"D",0,"D",.,"A",.,"A",1430,"D",0,"D",.,"A",.,"A",.,"A",.,"A"
"20152","03104131",42,0,"1",1625,"D",325,"D",.,"A",650,"D",0,"D",.,"A",.,"A",1300,"D",90,"D",.,"A",.,"A",.,"A",.,"A"
"20152","03104201",40,0,"1",1235,"D",182,"D",.,"A",130,"D",0,"D",.,"A",.,"A",1053,"D",0,"D",.,"A",.,"A",.,"A",.,"A"
"20152","03104221",38,0,"1",2405,"D",325,"D",.,"A",325,"D",15,"D",.,"A",52,"D",2080,"D",75,"D",.,"A",.,"A",.,"A",.,"A"
"20152","03104251",50,0,"1",1950,"D",325,"D",.,"A",2925,"D",90,"D",.,"A",.,"A",1625,"D",90,"D",.,"A",.,"A",.,"A",.,"A"
"20152","03104262",18,0,"1",1950,"D",0,"D",.,"A",0,"D",0,"D",.,"A",.,"A",1950,"D",0,"D",.,"A",.,"A",.,"A",.,"A"
"20152","03104271",27,0,"1",2600,"D",520,"D",.,"A",650,"D",0,"D",.,"A",.,"A",2080,"D",0,"D",20,"D",260,"D",.,"A",.,"A"
"20152","03104284",44,0,"1",1300,"D",0,"D",.,"A",195,"D",0,"D",.,"A",.,"A",1300,"D",300,"D",.,"A",.,"A",104,"D",8,"D"
"20152","03104301",21,0,"1",3640,"D",260,"D",.,"A",390,"D",0,"D",.,"A",.,"A",3380,"D",0,"D",.,"A",.,"A",.,"A",.,"A"
"20152","03104311",46,0,"1",3250,"D",390,"D",650,"D",1950,"D",0,"D",.,"A",.,"A",2860,"D",150,"D",.,"A",.,"A",.,"A",.,"A"
"20152","03104322",48,0,"1",520,"D",130,"D",.,"A",0,"D",0,"D",.,"A",.,"A",390,"D",15,"D",.,"A",.,"A",.,"A",.,"A"
"20152","03104331",30,0,"1",390,"D",0,"D",52,"D",455,"D",120,"D",.,"A",.,"A",390,"D",30,"D",20,"D",260,"D",.,"A",.,"A"
"20152","03104341",34,0,"1",650,"D",0,"D",390,"D",520,"D",0,"D",.,"A",.,"A",650,"D",0,"D",.,"A",.,"A",.,"A",.,"A"
"20152","03104352",18,0,"1",520,"D",130,"D",.,"A",390,"D",120,"D",.,"A",.,"A",390,"D",120,"D",10,"D",130,"D",.,"A",.,"A"
"20152","03104361",12,0,"1",1040,"D",390,"D",.,"A",0,"D",6,"D",.,"A",.,"A",650,"D",6,"D",.,"A",.,"A",.,"A",.,"A"
"20152","03104381",22,0,"1",1300,"D",117,"D",.,"A",1040,"D",165,"D",.,"A",.,"A",1183,"D",165,"D",.,"A",.,"A",.,"A",.,"A"
"20152","03104434",66,0,"1",1300,"D",0,"D",.,"A",260,"D",0,"D",.,"A",.,"A",1300,"D",0,"D",20,"D",260,"D",.,"A",.,"A"
"20152","03104452",17,0,"1",1300,"D",650,"D",.,"A",520,"D",30,"D",.,"A",.,"A",650,"D",45,"D",35,"D",455,"D",.,"A",.,"A"
"20152","03104461",18,0,"1",650,"D",130,"D",.,"A",910,"D",30,"D",.,"A",.,"A",520,"D",0,"D",5,"D",65,"D",.,"A",.,"A"
"20152","03104473",28,0,"1",780,"D",292,"F",.,"A",325,"D",0,"D",.,"A",.,"A",1077,"F",0,"D",.,"A",.,"A",.,"A",.,"A"
"20152","03104503",16,0,"1",650,"D",65,"D",.,"A",260,"D",0,"D",.,"A",.,"A",585,"D",30,"D",.,"A",.,"A",.,"A",.,"A"
"20152","03104523",27,0,"1",1170,"D",195,"D",130,"D",195,"D",0,"D",.,"A",.,"A",975,"D",0,"D",20,"D",260,"D",.,"A",.,"A"
"20152","03104583",33,0,"1",1560,"D",390,"D",.,"A",260,"D",0,"D",.,"A",.,"A",1170,"D",0,"D",.,"A",.,"A",.,"A",.,"A"
"20152","03104593",8,0,"1",975,"D",0,"D",.,"A",260,"D",0,"D",.,"A",.,"A",975,"D",0,"D",.,"A",.,"A",.,"A",.,"A"
"20152","03104614",15,0,"1",520,"D",130,"D",.,"A",26,"D",0,"D",.,"A",.,"A",390,"D",51,"D",.,"A",.,"A",.,"A",.,"A"
"20152","03104621",22,0,"1",1300,"D",325,"D",.,"A",780,"D",0,"D",.,"A",.,"A",975,"D",0,"D",.,"A",.,"A",.,"A",.,"A"
"20152","03104671",47,0,"1",1950,"D",1040,"D",.,"A",780,"D",120,"D",.,"A",.,"A",910,"D",600,"D",25,"D",325,"D",.,"A",.,"A"
"20152","03104684",23,0,"1",10400,"D",458,"F",.,"A",897,"F",140,"F",.,"A",147,"F",1660,"F",189,"F",.,"A",.,"A",.,"A",.,"A"
"20152","03104701",13,0,"1",1170,"D",130,"D",.,"A",260,"D",0,"D",.,"A",.,"A",1040,"D",0,"D",.,"A",.,"A",.,"A",.,"A"
"20152","03104713",15,0,"1",468,"D",0,"D",.,"A",0,"D",0,"D",.,"A",.,"A",468,"D",0,"D",.,"A",.,"A",.,"A",.,"A"
"20152","03104732",19,0,"1",1300,"D",214,"F",.,"A",260,"D",160,"F",.,"A",.,"A",783,"F",114,"F",.,"A",.,"A",.,"A",.,"A"
"20152","03104743",29,0,"1",1950,"D",195,"D",.,"A",1300,"D",90,"D",.,"A",.,"A",1755,"D",150,"D",.,"A",.,"A",.,"A",.,"A"
"20152","03104753",21,0,"1",1820,"D",390,"D",325,"D",0,"D",0,"D",.,"A",.,"A",1430,"D",90,"D",45,"D",585,"D",.,"A",.,"A"
"20152","03104771",60,0,"1",3900,"D",1300,"D",.,"A",1300,"D",0,"D",.,"A",291,"D",2600,"D",0,"D",.,"A",.,"A",.,"A",.,"A"
"20152","03104781",15,0,"1",520,"D",260,"D",260,"D",260,"D",0,"D",.,"A",.,"A",260,"D",60,"D",20,"D",260,"D",260,"D",20,"D"
"20152","03104811",37,0,"1",1950,"D",650,"D",.,"A",0,"D",0,"D",.,"A",.,"A",1300,"D",60,"D",.,"A",.,"A",.,"A",.,"A"
"20152","03104831",24,0,"1",650,"D",130,"D",130,"D",455,"D",0,"D",.,"A",.,"A",520,"D",0,"D",.,"A",.,"A",.,"A",.,"A"
"20152","03104841",26,0,"1",1300,"D",260,"D",.,"A",364,"D",75,"D",.,"A",60,"D",1040,"D",60,"D",.,"A",.,"A",.,"A",.,"A"
"20152","03104851",19,0,"1",1300,"D",324,"F",.,"A",650,"D",0,"D",.,"A",.,"A",1346,"F",30,"D",65,"D",845,"D",.,"A",.,"A"
"20152","03104861",31,0,"1",455,"D",309,"F",.,"A",1300,"D",300,"D",.,"A",.,"A",857,"F",75,"D",.,"A",.,"A",.,"A",.,"A"
"20152","03104871",23,0,"1",780,"D",0,"D",650,"D",520,"D",300,"D",.,"A",.,"A",780,"D",150,"D",30,"D",390,"D",.,"A",.,"A"
"20152","03104881",17,0,"1",975,"D",130,"D",.,"A",260,"D",0,"D",.,"A",.,"A",845,"D",0,"D",.,"A",.,"A",.,"A",.,"A"
"20152","03104893",12,0,"1",520,"D",130,"D",.,"A",0,"D",0,"D",.,"A",.,"A",390,"D",0,"D",.,"A",.,"A",.,"A",.,"A"
"20152","03104923",47,0,"1",1625,"D",325,"D",.,"A",650,"D",0,"D",.,"A",.,"A",1300,"D",0,"D",.,"A",.,"A",.,"A",.,"A"
"20152","03105014",33,0,"1",845,"D",130,"D",.,"A",260,"D",39,"D",.,"A",.,"A",715,"D",0,"D",.,"A",.,"A",.,"A",.,"A"
"20152","03105031",46,0,"1",2600,"D",520,"D",.,"A",1950,"D",120,"D",.,"A",.,"A",2080,"D",300,"D",.,"A",.,"A",.,"A",.,"A"
"20152","03105041",27,0,"1",1300,"D",390,"D",.,"A",325,"D",0,"D",.,"A",.,"A",910,"D",0,"D",.,"A",.,"A",.,"A",.,"A"
"20152","03105051",17,0,"1",1950,"D",520,"D",650,"D",975,"D",300,"D",.,"A",.,"A",1430,"D",450,"D",.,"A",.,"A",.,"A",.,"A"
"20152","03105074",21,0,"1",3900,"D",325,"D",.,"A",0,"D",0,"D",.,"A",.,"A",3575,"D",0,"D",.,"A",.,"A",.,"A",.,"A"
"20152","03105094",24,0,"1",1950,"D",260,"D",.,"A",1950,"D",150,"D",.,"A",.,"A",1690,"D",30,"D",.,"A",.,"A",.,"A",.,"A"
"20152","03105101",14,0,"1",1170,"D",130,"D",.,"A",0,"D",0,"D",.,"A",.,"A",1040,"D",240,"D",20,"D",260,"D",.,"A",.,"A"
"20152","03105131",31,0,"1",910,"D",260,"D",.,"A",520,"D",9,"D",.,"A",.,"A",650,"D",0,"D",.,"A",.,"A",65,"D",5,"D"
"20152","03105144",29,0,"1",910,"D",260,"D",.,"A",0,"D",0,"D",.,"A",.,"A",650,"D",0,"D",.,"A",.,"A",.,"A",.,"A"
"20152","03105161",23,0,"1",1300,"D",260,"D",260,"D",520,"D",0,"D",.,"A",.,"A",1040,"D",0,"D",.,"A",.,"A",.,"A",.,"A"
"20152","03105184",24,0,"1",1625,"D",0,"D",195,"D",130,"D",0,"D",.,"A",.,"A",1625,"D",0,"D",15,"D",195,"D",.,"A",.,"A"
"20152","03105192",21,0,"1",1950,"D",439,"F",390,"D",325,"D",0,"D",.,"A",.,"A",1654,"F",0,"D",20,"D",260,"D",195,"D",15,"D"
"20152","03105201",24,0,"1",650,"D",104,"D",.,"A",260,"D",0,"D",.,"A",.,"A",546,"D",15,"D",.,"A",.,"A",.,"A",.,"A"
"20152","03105211",23,0,"1",1430,"D",104,"D",.,"A",325,"D",0,"D",.,"A",.,"A",1326,"D",30,"D",.,"A",.,"A",.,"A",.,"A"
"20152","03105254",34,0,"1",2600,"D",650,"D",.,"A",650,"D",0,"D",.,"A",.,"A",1950,"D",0,"D",.,"A",.,"A",.,"A",.,"A"
"20152","03105281",15,0,"1",585,"D",0,"D",.,"A",104,"D",0,"D",.,"A",.,"A",585,"D",0,"D",30,"D",390,"D",.,"A",.,"A"
"20152","03105293",18,0,"1",1300,"D",0,"D",.,"A",650,"D",0,"D",.,"A",.,"A",1300,"D",0,"D",.,"A",.,"A",.,"A",.,"A"
"20152","03105311",30,0,"1",1300,"D",650,"D",390,"D",325,"D",0,"D",.,"A",.,"A",650,"D",0,"D",.,"A",.,"A",.,"A",.,"A"
"20152","03105321",46,0,"1",1560,"D",325,"D",.,"A",1950,"D",0,"D",.,"A",.,"A",1235,"D",180,"D",.,"A",.,"A",.,"A",.,"A"
"20152","03105341",18,0,"1",1625,"D",650,"D",.,"A",0,"D",6,"D",.,"A",.,"A",975,"D",6,"D",.,"A",.,"A",.,"A",.,"A"
"20152","03105351",103,0,"1",4680,"D",1040,"D",.,"A",1430,"D",240,"D",.,"A",.,"A",3640,"D",75,"D",.,"A",.,"A",.,"A",.,"A"
"20152","03105371",41,0,"1",975,"D",390,"D",130,"D",650,"D",90,"D",.,"A",120,"D",585,"D",225,"D",6,"D",78,"D",.,"A",.,"A"
"20152","03105383",20,0,"1",1950,"D",1300,"D",.,"A",65,"D",90,"D",.,"A",.,"A",650,"D",180,"D",.,"A",.,"A",.,"A",.,"A"
"20152","03105402",37,0,"1",1300,"D",260,"D",91,"D",325,"D",0,"D",.,"A",.,"A",1040,"D",150,"D",.,"A",.,"A",.,"A",.,"A"
"20152","03105411",22,0,"1",1560,"D",195,"D",650,"D",585,"D",60,"D",.,"A",.,"A",1365,"D",0,"D",.,"A",.,"A",.,"A",.,"A"
"20152","03105431",19,0,"1",1950,"D",325,"D",.,"A",325,"D",0,"D",.,"A",.,"A",1625,"D",0,"D",.,"A",.,"A",.,"A",.,"A"
"20152","03105444",14,0,"1",1300,"D",260,"D",78,"D",39,"D",60,"D",.,"A",.,"A",1040,"D",120,"D",6,"D",78,"D",.,"A",.,"A"
"20152","03105474",27,0,"1",1950,"D",650,"D",.,"A",0,"D",30,"D",.,"A",.,"A",1300,"D",0,"D",.,"A",.,"A",195,"D",15,"D"
"20152","03105481",27,0,"1",390,"D",65,"D",.,"A",195,"D",30,"D",.,"A",.,"A",325,"D",30,"D",.,"A",.,"A",.,"A",.,"A"
"20152","03105492",20,0,"1",1300,"D",260,"D",.,"A",0,"D",0,"D",.,"A",.,"A",1040,"D",0,"D",.,"A",.,"A",.,"A",.,"A"
"20152","03105513",24,0,"1",1300,"D",429,"D",.,"A",0,"D",0,"D",.,"A",.,"A",871,"D",240,"D",.,"A",.,"A",273,"D",21,"D"
"20152","03105523",24,0,"1",780,"D",260,"D",.,"A",91,"D",0,"D",.,"A",.,"A",520,"D",0,"D",15,"D",195,"D",.,"A",.,"A"
"20152","03105531",30,0,"1",1300,"D",272,"F",255,"F",0,"D",0,"D",.,"A",.,"A",1047,"F",0,"D",.,"A",.,"A",.,"A",.,"A"
"20152","03105554",24,0,"1",975,"D",260,"D",.,"A",910,"D",360,"D",.,"A",.,"A",715,"D",120,"D",.,"A",.,"A",.,"A",.,"A"
"20152","03105561",18,0,"1",650,"D",130,"D",.,"A",520,"D",0,"D",.,"A",.,"A",520,"D",0,"D",.,"A",.,"A",.,"A",.,"A"
"20152","03105571",26,0,"1",975,"D",130,"D",.,"A",390,"D",6,"D",.,"A",.,"A",845,"D",6,"D",.,"A",.,"A",.,"A",.,"A"
"20152","03105581",30,0,"1",1300,"D",0,"D",.,"A",390,"D",60,"D",.,"A",.,"A",1300,"D",90,"D",.,"A",.,"A",.,"A",.,"A"
"20152","03105592",15,0,"1",1690,"D",1040,"D",.,"A",520,"D",0,"D",.,"A",.,"A",650,"D",0,"D",.,"A",.,"A",.,"A",.,"A"
"20152","03105612",39,0,"1",1300,"D",195,"D",1300,"D",650,"D",0,"D",.,"A",137,"D",1105,"D",90,"D",.,"A",.,"A",.,"A",.,"A"
"20152","03105633",26,0,"1",6500,"D",2600,"D",.,"A",2600,"D",0,"D",.,"A",.,"A",3900,"D",0,"D",15,"D",195,"D",.,"A",.,"A"
"20152","03105641",13,0,"1",910,"D",0,"D",.,"A",0,"D",0,"D",.,"A",.,"A",910,"D",0,"D",.,"A",.,"A",.,"A",.,"A"
"20152","03105674",8,0,"1",1950,"D",520,"D",.,"A",390,"D",0,"D",.,"A",.,"A",1430,"D",0,"D",.,"A",.,"A",.,"A",.,"A"
"20152","03105692",17,0,"1",780,"D",130,"D",.,"A",0,"D",0,"D",.,"A",.,"A",650,"D",0,"D",.,"A",.,"A",.,"A",.,"A"
"20152","03105703",32,0,"1",455,"D",52,"D",.,"A",130,"D",6,"D",.,"A",.,"A",403,"D",6,"D",.,"A",.,"A",.,"A",.,"A"
"20152","03105743",20,0,"1",780,"D",130,"D",.,"A",0,"D",0,"D",.,"A",.,"A",650,"D",120,"D",.,"A",.,"A",.,"A",.,"A"
"20152","03105751",28,0,"1",2600,"D",390,"D",.,"A",130,"D",0,"D",.,"A",.,"A",2210,"D",6,"D",.,"A",.,"A",.,"A",.,"A"
"20152","03105771",29,0,"1",1820,"D",260,"D",285,"F",1560,"D",153,"F",.,"A",.,"A",1560,"D",180,"D",22,"D",286,"D",.,"A",.,"A"
"20152","03105781",18,0,"1",2600,"D",130,"D",1300,"D",1300,"D",300,"D",.,"A",.,"A",2470,"D",150,"D",.,"A",.,"A",.,"A",.,"A"
"20152","03105791",12,0,"1",845,"D",195,"D",.,"A",130,"D",0,"D",.,"A",.,"A",650,"D",0,"D",.,"A",.,"A",.,"A",.,"A"
"20152","03105802",7,0,"1",520,"D",65,"D",.,"A",65,"D",0,"D",.,"A",.,"A",455,"D",0,"D",38,"D",494,"D",.,"A",.,"A"
"20152","03105814",48,0,"1",1300,"D",325,"D",195,"D",780,"D",0,"D",.,"A",.,"A",975,"D",0,"D",.,"A",.,"A",.,"A",.,"A"
"20152","03105823",35,0,"1",1300,"D",260,"D",.,"A",325,"D",0,"D",.,"A",.,"A",1040,"D",30,"D",.,"A",.,"A",.,"A",.,"A"
"20152","03105833",35,0,"1",910,"D",455,"D",.,"A",78,"D",0,"D",.,"A",.,"A",455,"D",45,"D",.,"A",.,"A",.,"A",.,"A"
"20152","03105851",40,0,"1",1950,"D",325,"D",.,"A",650,"D",60,"D",.,"A",.,"A",1625,"D",120,"D",.,"A",.,"A",.,"A",.,"A"
"20152","03105864",30,0,"1",2600,"D",325,"D",.,"A",650,"D",0,"D",.,"A",.,"A",2275,"D",0,"D",.,"A",.,"A",.,"A",.,"A"
"20152","03105881",38,0,"1",2275,"D",845,"D",.,"A",650,"D",0,"D",.,"A",.,"A",1430,"D",0,"D",.,"A",.,"A",.,"A",.,"A"
"20152","03105911",19,0,"1",1300,"D",195,"D",.,"A",780,"D",0,"D",.,"A",.,"A",1105,"D",60,"D",.,"A",.,"A",.,"A",.,"A"
"20152","03105933",18,0,"1",0,"D",.,"A",.,"A",0,"D",0,"D",.,"A",.,"A",0,"D",0,"D",.,"A",.,"A",.,"A",.,"A"
"20152","03105982",40,0,"1",715,"D",130,"D",715,"D",0,"D",900,"D",.,"A",.,"A",585,"D",825,"D",.,"A",.,"A",.,"A",.,"A"
"20152","03105991",35,0,"1",1300,"D",260,"D",.,"A",65,"D",0,"D",.,"A",.,"A",1040,"D",0,"D",42,"D",546,"D",.,"A",.,"A"
"20152","03106001",16,0,"1",650,"D",228,"F",273,"F",471,"F",158,"F",.,"A",.,"A",755,"F",104,"F",.,"A",.,"A",.,"A",.,"A"
"20152","03106041",17,0,"1",520,"D",0,"D",.,"A",65,"D",0,"D",.,"A",.,"A",520,"D",0,"D",.,"A",.,"A",.,"A",.,"A"
"20152","03106064",16,0,"1",1040,"D",195,"D",.,"A",0,"D",0,"D",.,"A",96,"D",845,"D",0,"D",.,"A",.,"A",.,"A",.,"A"
"20152","03106071",69,0,"1",6500,"D",1950,"D",.,"A",3250,"D",150,"D",.,"A",.,"A",4550,"D",150,"D",35,"D",455,"D",.,"A",.,"A"
"20152","03106121",24,0,"1",1495,"D",104,"D",.,"A",156,"D",0,"D",.,"A",.,"A",1391,"D",0,"D",.,"A",.,"A",.,"A",.,"A"
"20152","03106134",9,0,"1",0,"D",.,"A",.,"A",0,"D",0,"D",.,"A",.,"A",0,"D",0,"D",.,"A",.,"A",.,"A",.,"A"
"20152","03106144",26,0,"1",1300,"D",520,"D",390,"D",195,"D",0,"D",.,"A",.,"A",780,"D",0,"D",.,"A",.,"A",.,"A",.,"A"
"20152","03106164",25,0,"1",1300,"D",390,"D",.,"A",1170,"D",30,"D",.,"A",.,"A",910,"D",45,"D",.,"A",.,"A",.,"A",.,"A"
"20152","03106193",21,0,"1",1040,"D",156,"D",.,"A",325,"D",0,"D",.,"A",.,"A",884,"D",75,"D",.,"A",.,"A",.,"A",.,"A"
"20152","03106201",15,0,"1",780,"D",39,"D",.,"A",325,"D",0,"D",.,"A",.,"A",741,"D",0,"D",.,"A",.,"A",.,"A",.,"A"
"20152","03106212",14,0,"1",1950,"D",0,"D",260,"D",650,"D",150,"D",.,"A",.,"A",1950,"D",225,"D",.,"A",.,"A",.,"A",.,"A"
"20152","03106232",11,0,"1",1560,"D",359,"F",.,"A",0,"D",0,"D",.,"A",.,"A",1770,"F",30,"D",40,"D",520,"D",.,"A",.,"A"
"20152","03106253",20,0,"1",1950,"D",520,"D",.,"A",0,"D",0,"D",.,"A",.,"A",1430,"D",0,"D",.,"A",.,"A",.,"A",.,"A"
"20152","03106263",20,0,"1",650,"D",130,"D",.,"A",260,"D",60,"D",.,"A",.,"A",520,"D",120,"D",.,"A",.,"A",.,"A",.,"A"
"20152","03106272",20,0,"1",1300,"D",195,"D",195,"D",325,"D",0,"D",.,"A",.,"A",1105,"D",0,"D",.,"A",.,"A",195,"D",15,"D"
"20152","03106285",37,0,"1",975,"D",130,"D",.,"A",130,"D",0,"D",.,"A",.,"A",845,"D",0,"D",.,"A",.,"A",.,"A",.,"A"
"20152","03106291",22,0,"1",650,"D",228,"F",.,"A",260,"D",0,"D",.,"A",.,"A",755,"F",0,"D",.,"A",.,"A",.,"A",.,"A"
"20152","03106311",11,0,"1",975,"D",0,"D",325,"D",0,"D",0,"D",.,"A",.,"A",975,"D",90,"D",.,"A",.,"A",.,"A",.,"A"
"20152","03106331",22,0,"1",1300,"D",260,"D",.,"A",390,"D",30,"D",.,"A",.,"A",1040,"D",0,"D",.,"A",.,"A",.,"A",.,"A"
"20152","03106341",21,0,"1",1300,"D",130,"D",260,"D",455,"D",0,"D",.,"A",.,"A",1170,"D",720,"D",.,"A",.,"A",.,"A",.,"A"
"20152","03106351",24,0,"1",1300,"D",195,"D",.,"A",975,"D",60,"D",.,"A",.,"A",1105,"D",0,"D",.,"A",.,"A",.,"A",.,"A"
"20152","03106362",45,0,"1",1950,"D",650,"D",.,"A",650,"D",90,"D",.,"A",120,"D",1300,"D",189,"F",.,"A",.,"A",190,"F",.,"C"
"20152","03106381",44,0,"1",3900,"D",650,"D",.,"A",780,"D",0,"D",306,"D",40,"D",3250,"D",45,"D",.,"A",.,"A",.,"A",.,"A"
"20152","03106391",26,0,"1",975,"D",260,"D",.,"A",130,"D",0,"D",.,"A",.,"A",715,"D",0,"D",.,"A",.,"A",156,"D",12,"D"
"20152","03106414",27,0,"1",0,"D",.,"A",.,"A",260,"D",60,"D",.,"A",.,"A",0,"D",30,"D",.,"A",.,"A",.,"A",.,"A"
"20152","03106441",14,0,"1",650,"D",26,"D",65,"D",1300,"D",0,"D",.,"A",.,"A",624,"D",0,"D",120,"D",1560,"D",.,"A",.,"A"
"20152","03106474",18,0,"1",1536,"F",.,"A",.,"A",800,"F",175,"F",.,"A",.,"A",1244,"F",168,"F",.,"A",.,"A",.,"A",.,"A"
"20152","03106481",11,0,"1",910,"D",195,"D",.,"A",0,"D",6,"D",.,"A",.,"A",715,"D",6,"D",10,"D",130,"D",.,"A",.,"A"
"20152","03106491",31,0,"1",650,"D",0,"D",.,"A",260,"D",0,"D",.,"A",.,"A",650,"D",0,"D",.,"A",.,"A",.,"A",.,"A"
"20152","03106501",39,0,"1",650,"D",65,"D",533,"D",455,"D",0,"D",.,"A",.,"A",585,"D",0,"D",.,"A",.,"A",.,"A",.,"A"
"20152","03106531",35,0,"1",1536,"F",.,"A",.,"A",800,"F",175,"F",.,"A",.,"A",1244,"F",168,"F",.,"A",.,"A",.,"A",.,"A"
"20152","03106542",61,0,"1",975,"D",325,"D",650,"D",390,"D",0,"D",.,"A",.,"A",650,"D",0,"D",.,"A",.,"A",.,"A",.,"A"
"20152","03106551",27,0,"1",910,"D",0,"D",520,"D",650,"D",225,"D",.,"A",.,"A",910,"D",45,"D",.,"A",.,"A",.,"A",.,"A"
"20152","03106561",50,0,"1",975,"D",325,"D",.,"A",650,"D",180,"D",.,"A",.,"A",650,"D",75,"D",.,"A",.,"A",.,"A",.,"A"
"20152","03106572",23,0,"1",1300,"D",130,"D",.,"A",0,"D",0,"D",.,"A",.,"A",1170,"D",0,"D",.,"A",.,"A",.,"A",.,"A"
"20152","03106591",29,0,"1",4550,"D",1625,"D",455,"D",325,"D",0,"D",.,"A",.,"A",2925,"D",0,"D",35,"D",455,"D",.,"A",.,"A"
"20152","03106605",22,0,"1",325,"D",0,"D",.,"A",0,"D",0,"D",.,"A",.,"A",325,"D",0,"D",.,"A",.,"A",.,"A",.,"A"
"20152","03106611",27,0,"1",910,"D",130,"D",.,"A",0,"D",0,"D",.,"A",.,"A",780,"D",240,"D",.,"A",.,"A",.,"A",.,"A"
"20152","03106631",43,0,"1",5200,"D",1300,"D",1300,"D",650,"D",690,"D",.,"A",150,"D",3900,"D",150,"D",.,"A",.,"A",.,"A",.,"A"
"20152","03106661",37,0,"1",1300,"D",130,"D",.,"A",0,"D",30,"D",.,"A",.,"A",1170,"D",150,"D",.,"A",.,"A",.,"A",.,"A"
"20152","03106673",36,0,"1",1300,"D",292,"F",.,"A",463,"F",0,"D",.,"A",.,"A",1077,"F",0,"D",.,"A",.,"A",.,"A",.,"A"
"20152","03106681",67,0,"1",1300,"D",260,"D",260,"D",260,"D",0,"D",.,"A",.,"A",1040,"D",0,"D",.,"A",.,"A",.,"A",.,"A"
"20152","03106691",24,0,"1",4550,"D",1300,"D",.,"A",1300,"D",0,"D",.,"A",.,"A",3250,"D",0,"D",.,"A",.,"A",.,"A",.,"A"
"20152","03106704",13,0,"1",1300,"D",325,"D",.,"A",780,"D",150,"D",.,"A",.,"A",975,"D",150,"D",20,"D",260,"D",.,"A",.,"A"
"20152","03106711",39,0,"1",1950,"D",455,"D",.,"A",780,"D",0,"D",.,"A",.,"A",1495,"D",45,"D",.,"A",.,"A",.,"A",.,"A"
"20152","03106744",15,0,"1",0,"D",.,"A",.,"A",260,"D",0,"D",.,"A",.,"A",0,"D",0,"D",.,"A",.,"A",.,"A",.,"A"
"20152","03106761",14,0,"1",2275,"D",325,"D",309,"F",195,"D",0,"D",.,"A",.,"A",1950,"D",0,"D",49,"D",637,"D",.,"A",.,"A"
"20152","03106771",13,0,"1",715,"D",130,"D",.,"A",130,"D",0,"D",.,"A",.,"A",585,"D",42,"D",.,"A",.,"A",.,"A",.,"A"
"20152","03106791",49,0,"1",1950,"D",325,"D",.,"A",195,"D",0,"D",.,"A",.,"A",1625,"D",0,"D",.,"A",.,"A",.,"A",.,"A"
"20152","03106804",32,0,"1",1625,"D",520,"D",260,"D",195,"D",600,"D",.,"A",.,"A",1105,"D",450,"D",.,"C",383,"F",78,"D",6,"D"
"20152","03106823",23,0,"1",1170,"D",390,"D",.,"A",260,"D",0,"D",.,"A",.,"A",780,"D",0,"D",60,"D",780,"D",.,"A",.,"A"
"20152","03106833",24,0,"1",1105,"D",0,"D",156,"D",650,"D",0,"D",.,"A",.,"A",1105,"D",6,"D",.,"A",.,"A",.,"A",.,"A"
"20152","03106843",26,0,"1",1950,"D",650,"D",.,"A",1300,"D",0,"D",.,"A",.,"A",1300,"D",75,"D",.,"A",.,"A",.,"A",.,"A"
"20152","03106861",14,0,"1",1235,"D",195,"D",.,"A",325,"D",0,"D",.,"A",.,"A",1040,"D",0,"D",.,"A",.,"A",.,"A",.,"A"
"20152","03106954",14,0,"1",325,"D",39,"D",.,"A",0,"D",0,"D",.,"A",.,"A",286,"D",0,"D",.,"A",.,"A",.,"A",.,"A"
"20152","03107001",58,0,"1",2600,"D",650,"D",156,"D",1040,"D",120,"D",380,"D",370,"D",1950,"D",120,"D",.,"A",.,"A",.,"A",.,"A"
"20152","03107014",47,0,"1",1300,"D",325,"D",.,"A",0,"D",0,"D",.,"A",.,"A",975,"D",0,"D",.,"A",.,"A",.,"A",.,"A"
"20152","03107021",27,0,"1",1950,"D",260,"D",130,"D",325,"D",150,"D",.,"A",150,"D",1690,"D",30,"D",.,"A",.,"A",.,"A",.,"A"
"20152","03107031",29,0,"1",1560,"D",260,"D",.,"A",650,"D",75,"D",.,"A",.,"A",1300,"D",450,"D",.,"A",.,"A",325,"D",25,"D"
"20152","03107043",32,0,"1",2600,"D",234,"D",.,"A",455,"D",30,"D",.,"A",.,"A",2366,"D",90,"D",36,"D",468,"D",52,"D",4,"D"
"20152","03107053",28,0,"1",2600,"D",1040,"D",.,"A",390,"D",0,"D",.,"A",.,"A",1560,"D",0,"D",.,"A",.,"A",364,"D",28,"D"
"20152","03107061",32,0,"1",780,"D",130,"D",.,"A",780,"D",0,"D",.,"A",.,"A",650,"D",0,"D",.,"A",.,"A",.,"A",.,"A"
"20152","03107072",31,0,"1",5200,"D",650,"D",.,"A",650,"D",0,"D",.,"A",714,"D",4550,"D",0,"D",.,"A",.,"A",.,"A",.,"A"
"20152","03107081",40,0,"1",1625,"D",130,"D",.,"A",1560,"D",0,"D",.,"A",480,"D",1495,"D",0,"D",25,"D",325,"D",.,"A",.,"A"
"20152","03107092",14,0,"1",910,"D",0,"D",.,"A",390,"D",0,"D",.,"A",.,"A",910,"D",0,"D",5,"D",65,"D",78,"D",6,"D"
"20152","03107101",29,0,"1",650,"D",0,"D",.,"A",325,"D",0,"D",.,"A",.,"A",650,"D",0,"D",.,"A",.,"A",.,"A",.,"A"
"20152","03107114",14,0,"1",1300,"D",390,"D",.,"A",325,"D",0,"D",.,"A",.,"A",910,"D",0,"D",10,"D",130,"D",.,"A",.,"A"
"20152","03107133",12,0,"1",975,"D",91,"D",.,"A",130,"D",0,"D",.,"A",.,"A",884,"D",0,"D",35,"D",455,"D",.,"A",.,"A"
"20152","03107141",26,0,"1",2600,"D",0,"D",650,"D",650,"D",0,"D",.,"A",.,"A",2600,"D",60,"D",.,"A",.,"A",.,"A",.,"A"
"20152","03107162",22,0,"1",260,"D",52,"D",65,"D",78,"D",0,"D",.,"A",.,"A",208,"D",9,"D",.,"A",.,"A",.,"A",.,"A"
"20152","03107192",39,0,"1",650,"D",65,"D",.,"A",650,"D",180,"D",.,"A",.,"A",585,"D",0,"D",75,"D",975,"D",.,"A",.,"A"
"20152","03107211",51,0,"1",1820,"D",520,"D",39,"D",650,"D",90,"D",.,"A",.,"A",1300,"D",150,"D",.,"A",.,"A",.,"A",.,"A"
"20152","03107222",48,0,"1",3250,"D",650,"D",.,"A",1075,"F",108,"D",.,"A",360,"D",2600,"D",60,"D",.,"A",.,"A",.,"A",.,"A"
"20152","03107233",24,0,"1",325,"D",65,"D",.,"A",1820,"D",0,"D",.,"A",.,"A",260,"D",0,"D",.,"A",.,"A",.,"A",.,"A"
"20152","03107241",37,0,"1",1950,"D",650,"D",.,"A",1300,"D",45,"D",.,"A",.,"A",1300,"D",0,"D",.,"A",.,"A",.,"A",.,"A"
"20152","03107262",31,0,"1",1560,"D",0,"D",.,"A",520,"D",360,"D",.,"A",.,"A",1560,"D",225,"D",20,"D",260,"D",.,"A",.,"A"
"20152","03107284",65,0,"1",1950,"D",520,"D",.,"A",910,"D",15,"D",.,"A",.,"A",1430,"D",90,"D",.,"A",.,"A",.,"A",.,"A"
"20152","03107294",17,0,"1",325,"D",65,"D",.,"A",0,"D",0,"D",.,"A",.,"A",260,"D",96,"D",6,"D",78,"D",.,"A",.,"A"
"20152","03107301",25,0,"1",1300,"D",325,"D",.,"A",1300,"D",6,"D",.,"A",.,"A",975,"D",6,"D",.,"A",.,"A",.,"A",.,"A"
"20152","03107322",15,0,"1",1625,"D",260,"D",.,"A",650,"D",60,"D",.,"A",.,"A",1365,"D",60,"D",.,"A",.,"A",.,"A",.,"A"
"20152","03107341",39,0,"1",1300,"D",260,"D",130,"D",130,"D",60,"D",.,"A",.,"A",1040,"D",240,"D",.,"A",.,"A",.,"A",.,"A"
"20152","03107361",31,0,"1",2600,"D",975,"D",.,"A",0,"D",0,"D",.,"A",.,"A",1625,"D",75,"D",.,"A",.,"A",.,"A",.,"A"
"20152","03107371",31,0,"1",910,"D",260,"D",.,"A",3900,"D",300,"D",.,"A",.,"A",650,"D",300,"D",.,"A",.,"A",.,"A",.,"A"
"20152","03107381",70,0,"1",1170,"D",0,"D",.,"A",390,"D",0,"D",.,"A",.,"A",1170,"D",0,"D",.,"A",.,"A",.,"A",.,"A"
"20152","03107414",13,0,"1",650,"D",130,"D",65,"D",0,"D",0,"D",.,"A",.,"A",520,"D",0,"D",.,"A",.,"A",.,"A",.,"A"
"20152","03107431",35,0,"1",1885,"D",520,"D",.,"A",325,"D",0,"D",.,"A",.,"A",1365,"D",30,"D",.,"A",.,"A",.,"A",.,"A"
"20152","03107451",50,0,"1",2600,"D",650,"D",.,"A",650,"D",150,"D",.,"A",.,"A",1950,"D",300,"D",.,"A",.,"A",.,"A",.,"A"
"20152","03107474",14,0,"1",390,"D",130,"D",.,"A",130,"D",0,"D",.,"A",.,"A",260,"D",0,"D",25,"D",325,"D",.,"A",.,"A"
"20152","03107483",34,0,"1",1300,"D",0,"D",.,"A",429,"D",0,"D",.,"A",.,"A",1300,"D",0,"D",.,"A",.,"A",.,"A",.,"A"
"20152","03107494",19,0,"1",2600,"D",455,"D",.,"A",1300,"D",60,"D",.,"A",390,"D",2145,"D",120,"D",.,"A",.,"A",.,"A",.,"A"
"20152","03107533",18,0,"1",520,"D",65,"D",.,"A",130,"D",0,"D",.,"A",.,"A",455,"D",0,"D",.,"A",.,"A",.,"A",.,"A"
"20152","03107573",34,0,"1",1950,"D",650,"D",.,"A",975,"D",60,"D",.,"A",.,"A",1300,"D",120,"D",40,"D",520,"D",.,"A",.,"A"
"20152","03107601",54,0,"1",2470,"D",390,"D",.,"A",195,"D",24,"D",.,"A",.,"A",2080,"D",30,"D",.,"A",.,"A",.,"A",.,"A"
"20152","03107611",19,0,"1",1625,"D",260,"D",1300,"D",260,"D",0,"D",.,"A",.,"A",1365,"D",0,"D",.,"A",.,"A",.,"A",.,"A"
"20152","03107621",11,0,"1",2600,"D",169,"D",.,"A",2600,"D",330,"D",.,"A",.,"A",2431,"D",0,"D",.,"A",.,"A",.,"A",.,"A"
"20152","03107644",29,0,"1",1950,"D",260,"D",.,"A",650,"D",0,"D",.,"A",.,"A",1690,"D",60,"D",.,"A",.,"A",195,"D",15,"D"
"20152","03107661",58,0,"1",1560,"D",520,"D",325,"D",910,"D",0,"D",.,"A",.,"A",1040,"D",0,"D",.,"A",.,"A",.,"A",.,"A"
"20152","03107671",10,0,"1",650,"D",0,"D",130,"D",195,"D",0,"D",.,"A",.,"A",650,"D",0,"D",.,"A",.,"A",.,"A",.,"A"
"20152","03107692",23,0,"1",2340,"D",650,"D",.,"A",455,"D",0,"D",.,"A",.,"A",1690,"D",0,"D",.,"A",.,"A",.,"A",.,"A"
"20152","03107703",12,0,"1",780,"D",0,"D",260,"D",65,"D",0,"D",.,"A",.,"A",780,"D",0,"D",.,"A",.,"A",.,"A",.,"A"
"20152","03107711",42,0,"1",975,"D",325,"D",.,"A",65,"D",60,"D",.,"A",.,"A",650,"D",60,"D",.,"A",.,"A",.,"A",.,"A"
"20152","03107722",34,0,"1",1625,"D",325,"D",.,"A",130,"D",0,"D",.,"A",.,"A",1300,"D",0,"D",.,"A",.,"A",.,"A",.,"A"
"20152","03107731",25,0,"1",1040,"D",260,"D",.,"A",0,"D",0,"D",.,"A",.,"A",780,"D",0,"D",.,"A",.,"A",.,"A",.,"A"
"20152","03107742",21,0,"1",3900,"D",1300,"D",650,"D",650,"D",0,"D",.,"A",.,"A",2600,"D",60,"D",65,"D",845,"D",.,"A",.,"A"
"20152","03107754",16,0,"1",650,"D",130,"D",130,"D",260,"D",30,"D",.,"A",.,"A",520,"D",120,"D",.,"A",.,"A",.,"A",.,"A"
"20152","03107764",26,0,"1",1950,"D",650,"D",260,"D",650,"D",600,"D",.,"A",.,"A",1300,"D",600,"D",.,"A",.,"A",78,"D",6,"D"
"20152","03107771",36,0,"1",1300,"D",130,"D",390,"D",520,"D",0,"D",.,"A",.,"A",1170,"D",0,"D",.,"A",.,"A",0,"D",0,"D"
"20152","03107781",22,0,"1",650,"D",65,"D",.,"A",130,"D",300,"D",.,"A",.,"A",585,"D",150,"D",40,"D",520,"D",.,"A",.,"A"
"20152","03107812",12,0,"1",520,"D",130,"D",.,"A",0,"D",0,"D",.,"A",.,"A",390,"D",0,"D",.,"A",.,"A",.,"A",.,"A"
"20152","03107861",31,0,"1",1950,"D",650,"D",.,"A",1300,"D",0,"D",.,"A",.,"A",1300,"D",0,"D",50,"D",650,"D",.,"A",.,"A"
"20152","03107873",9,0,"1",0,"D",.,"A",.,"A",65,"D",6,"D",.,"A",.,"A",0,"D",6,"D",.,"A",.,"A",.,"A",.,"A"
"20152","03107882",17,0,"1",650,"D",130,"D",.,"A",0,"D",0,"D",.,"A",.,"A",520,"D",0,"D",.,"A",.,"A",.,"A",.,"A"
"20152","03107924",51,0,"1",1664,"D",130,"D",.,"A",130,"D",0,"D",.,"A",.,"A",1534,"D",0,"D",.,"A",.,"A",.,"A",.,"A"
"20152","03107932",36,0,"1",1300,"D",325,"D",.,"A",520,"D",0,"D",.,"A",60,"D",975,"D",0,"D",.,"A",.,"A",.,"A",.,"A"
"20152","03107944",21,0,"1",975,"D",65,"D",.,"A",260,"D",0,"D",.,"A",.,"A",910,"D",0,"D",.,"A",.,"A",.,"A",.,"A"
"20152","03107952",16,0,"1",260,"D",65,"D",.,"A",130,"D",0,"D",.,"A",.,"A",195,"D",0,"D",.,"A",.,"A",.,"A",.,"A"
"20152","03107961",37,0,"1",1950,"D",130,"D",.,"A",390,"D",0,"D",.,"A",.,"A",1820,"D",0,"D",.,"A",.,"A",.,"A",.,"A"
"20152","03107981",37,0,"1",1430,"D",130,"D",.,"A",1300,"D",0,"D",.,"A",.,"A",1300,"D",0,"D",.,"A",.,"A",.,"A",.,"A"
"20152","03107991",22,0,"1",1690,"D",260,"D",.,"A",0,"D",90,"D",.,"A",.,"A",1430,"D",60,"D",.,"A",.,"A",.,"A",.,"A"
"20152","03108063",12,0,"1",780,"D",130,"D",.,"A",0,"D",0,"D",.,"A",.,"A",650,"D",0,"D",.,"A",.,"A",.,"A",.,"A"
"20152","03108071",33,0,"1",650,"D",390,"D",.,"A",130,"D",150,"D",.,"A",.,"A",260,"D",300,"D",.,"A",.,"A",.,"A",.,"A"
"20152","03108111",48,0,"1",975,"D",390,"D",.,"A",260,"D",0,"D",.,"A",.,"A",585,"D",0,"D",.,"A",.,"A",.,"A",.,"A"
"20152","03108133",17,0,"1",1300,"D",130,"D",.,"A",0,"D",0,"D",.,"A",.,"A",1170,"D",0,"D",.,"A",.,"A",.,"A",.,"A"
"20152","03108153",24,0,"1",1820,"D",260,"D",.,"A",260,"D",0,"D",.,"A",.,"A",1560,"D",0,"D",.,"A",.,"A",.,"A",.,"A"
"20152","03108164",16,0,"1",975,"D",130,"D",.,"A",0,"D",0,"D",.,"A",.,"A",845,"D",0,"D",.,"A",.,"A",.,"A",.,"A"
"20152","03108184",34,0,"1",1625,"D",325,"D",.,"A",650,"D",0,"D",.,"A",75,"D",1300,"D",75,"D",.,"A",.,"A",.,"A",.,"A"
"20152","03108203",7,0,"1",0,"D",.,"A",.,"A",0,"D",0,"D",.,"A",.,"A",0,"D",0,"D",.,"A",.,"A",.,"A",.,"A"
"20152","03108232",28,0,"1",780,"D",390,"D",.,"A",390,"D",0,"D",.,"A",.,"A",390,"D",0,"D",.,"A",.,"A",.,"A",.,"A"
"20152","03108244",38,0,"1",1300,"D",130,"D",130,"D",390,"D",0,"D",.,"A",.,"A",1170,"D",90,"D",.,"A",.,"A",.,"A",.,"A"
"20152","03108251",10,0,"1",1950,"D",130,"D",.,"A",130,"D",0,"D",.,"A",.,"A",1820,"D",0,"D",10,"D",130,"D",.,"A",.,"A"
"20152","03108263",21,0,"1",1170,"D",130,"D",.,"A",130,"D",240,"D",.,"A",.,"A",1040,"D",60,"D",.,"A",.,"A",.,"A",.,"A"
"20152","03108271",36,0,"1",1625,"D",650,"D",.,"A",650,"D",0,"D",.,"A",.,"A",975,"D",0,"D",.,"A",.,"A",.,"A",.,"A"
"20152","03108283",32,0,"1",1950,"D",650,"D",.,"A",975,"D",450,"D",.,"A",.,"A",1300,"D",0,"D",42,"D",546,"D",.,"A",.,"A"
"20152","03108291",36,0,"1",780,"D",65,"D",520,"D",325,"D",90,"D",.,"A",.,"A",715,"D",180,"D",.,"A",.,"A",.,"A",.,"A"
"20152","03108301",10,0,"1",520,"D",65,"D",.,"A",0,"D",0,"D",.,"A",.,"A",455,"D",0,"D",.,"A",.,"A",.,"A",.,"A"
"20152","03108311",29,0,"1",2340,"D",780,"D",390,"D",650,"D",60,"D",.,"A",.,"A",1560,"D",0,"D",.,"A",.,"A",.,"A",.,"A"
"20152","03108322",17,0,"1",1300,"D",0,"D",.,"A",520,"D",0,"D",.,"A",.,"A",1300,"D",0,"D",.,"A",.,"A",.,"A",.,"A"
"20152","03108361",23,0,"1",2275,"D",650,"D",.,"A",520,"D",0,"D",.,"A",.,"A",1625,"D",75,"D",30,"D",390,"D",.,"A",.,"A"
"20152","03108383",13,0,"1",975,"D",195,"D",.,"A",0,"D",0,"D",.,"A",.,"A",780,"D",0,"D",.,"A",.,"A",.,"A",.,"A"
"20152","03108411",42,0,"1",2600,"D",0,"D",.,"A",1300,"D",0,"D",.,"A",150,"D",2600,"D",0,"D",20,"D",260,"D",.,"A",.,"A"
"20152","03108421",20,0,"1",1300,"D",650,"D",.,"A",0,"D",0,"D",.,"A",.,"A",650,"D",0,"D",.,"A",.,"A",.,"A",.,"A"
"20152","03108432",19,0,"1",1536,"F",.,"A",.,"A",0,"D",0,"D",.,"A",.,"A",1244,"F",0,"D",.,"A",.,"A",.,"A",.,"A"
"20152","03108451",45,0,"1",520,"D",130,"D",130,"D",1625,"D",225,"D",.,"A",.,"A",390,"D",0,"D",25,"D",325,"D",.,"A",.,"A"
"20152","03108461",26,0,"1",1625,"D",325,"D",.,"A",260,"D",0,"D",.,"A",.,"A",1300,"D",0,"D",.,"A",.,"A",520,"D",40,"D"
"20152","03108473",12,0,"1",390,"D",130,"D",.,"A",0,"D",0,"D",.,"A",.,"A",260,"D",0,"D",.,"A",.,"A",.,"A",.,"A"
"20152","03108482",14,0,"1",468,"D",78,"D",.,"A",0,"D",0,"D",.,"A",.,"A",390,"D",0,"D",.,"A",.,"A",.,"A",.,"A"
"20152","03108493",27,0,"1",1625,"D",455,"D",.,"A",156,"D",0,"D",.,"A",.,"A",1170,"D",0,"D",.,"A",.,"A",.,"A",.,"A"
"20152","03108504",23,0,"1",1300,"D",325,"D",.,"A",208,"D",0,"D",.,"A",.,"A",975,"D",150,"D",.,"A",.,"A",.,"A",.,"A"
"20152","03108511",26,0,"1",1508,"D",195,"D",.,"A",390,"D",0,"D",.,"A",.,"A",1313,"D",0,"D",.,"A",.,"A",.,"A",.,"A"
"20152","03108524",27,0,"1",1950,"D",520,"D",455,"D",520,"D",0,"D",.,"A",.,"A",1430,"D",135,"D",.,"A",.,"A",.,"A",.,"A"
"20152","03108561",21,0,"1",390,"D",0,"D",.,"A",0,"D",0,"D",.,"A",.,"A",390,"D",0,"D",60,"D",780,"D",.,"A",.,"A"
"20152","03108603",23,0,"1",585,"D",169,"D",.,"A",65,"D",0,"D",.,"A",.,"A",416,"D",0,"D",35,"D",455,"D",.,"A",.,"A"
"20152","03108621",28,0,"1",2600,"D",650,"D",.,"A",1300,"D",150,"D",.,"A",.,"A",1950,"D",150,"D",.,"A",.,"A",.,"A",.,"A"
"20152","03108641",17,0,"1",1950,"D",390,"D",.,"A",0,"D",0,"D",.,"A",.,"A",1560,"D",0,"D",.,"A",.,"A",.,"A",.,"A"
"20152","03108652",33,0,"1",1300,"D",260,"D",.,"A",650,"D",0,"D",246,"F",.,"A",1040,"D",0,"D",.,"A",.,"A",.,"A",.,"A"
"20152","03108731",18,0,"1",1517,"F",.,"A",351,"F",458,"F",0,"D",.,"A",.,"A",1256,"F",0,"D",.,"A",.,"A",.,"A",.,"A"
"20152","03108743",25,0,"1",650,"D",65,"D",.,"A",1300,"D",0,"D",.,"A",.,"A",585,"D",0,"D",.,"A",.,"A",.,"A",.,"A"
"20152","03108751",26,0,"1",780,"D",260,"D",.,"A",0,"D",0,"D",.,"A",.,"A",520,"D",120,"D",60,"D",780,"D",.,"A",.,"A"
"20152","03108771",18,0,"1",1430,"D",390,"D",.,"A",195,"D",36,"D",.,"A",.,"A",1040,"D",36,"D",30,"D",390,"D",.,"A",.,"A"
"20152","03108794",16,0,"1",1950,"D",650,"D",650,"D",650,"D",60,"D",.,"A",.,"A",1300,"D",150,"D",.,"A",.,"A",.,"A",.,"A"
"20152","03108801",26,0,"1",1300,"D",130,"D",.,"A",0,"D",0,"D",.,"A",.,"A",1170,"D",0,"D",.,"A",.,"A",.,"A",.,"A"
"20152","03108813",27,0,"1",2600,"D",650,"D",.,"A",0,"D",0,"D",.,"A",.,"A",1950,"D",0,"D",.,"A",.,"A",.,"A",.,"A"
"20152","03108821",22,0,"1",520,"D",130,"D",260,"D",65,"D",0,"D",.,"A",.,"A",390,"D",0,"D",.,"A",.,"A",.,"A",.,"A"
"20152","03108833",30,0,"1",2600,"D",1300,"D",.,"A",390,"D",0,"D",.,"A",.,"A",1300,"D",45,"D",.,"A",.,"A",.,"A",.,"A"
"20152","03108861",26,0,"1",4160,"D",130,"D",.,"A",2600,"D",6,"D",.,"A",.,"A",4030,"D",6,"D",.,"A",.,"A",.,"A",.,"A"
"20152","03108871",31,0,"1",845,"D",117,"D",.,"A",260,"D",0,"D",.,"A",.,"A",728,"D",0,"D",.,"A",.,"A",.,"A",.,"A"
"20152","03108914",24,0,"1",585,"D",65,"D",260,"D",130,"D",0,"D",.,"A",.,"A",520,"D",0,"D",40,"D",520,"D",.,"A",.,"A"
"20152","03108934",21,0,"1",2210,"D",260,"D",.,"A",260,"D",75,"D",.,"A",.,"A",1950,"D",60,"D",.,"A",.,"A",.,"A",.,"A"
"20152","03108941",12,0,"1",520,"D",78,"D",.,"A",260,"D",0,"D",.,"A",.,"A",442,"D",90,"D",.,"A",.,"A",.,"A",.,"A"
"20152","03108971",16,0,"1",0,"D",.,"A",.,"A",390,"D",0,"D",.,"A",.,"A",0,"D",0,"D",36,"D",468,"D",.,"A",.,"A"
"20152","03108983",22,0,"1",1560,"D",260,"D",.,"A",0,"D",0,"D",.,"A",.,"A",1300,"D",0,"D",50,"D",650,"D",.,"A",.,"A"
"20152","03109003",36,0,"1",1300,"D",260,"D",650,"D",390,"D",0,"D",.,"A",50,"D",1040,"D",75,"D",.,"A",.,"A",130,"D",10,"D"
"20152","03109021",47,0,"1",6500,"D",1300,"D",.,"A",3900,"D",120,"D",.,"A",120,"D",5200,"D",120,"D",.,"A",.,"A",.,"A",.,"A"
"20152","03109041",18,0,"1",910,"D",130,"D",.,"A",130,"D",1500,"D",.,"A",.,"A",780,"D",75,"D",20,"D",260,"D",.,"A",.,"A"
"20152","03109052",15,0,"1",715,"D",65,"D",.,"A",650,"D",0,"D",.,"A",.,"A",650,"D",0,"D",.,"A",.,"A",.,"A",.,"A"
"20152","03109071",14,0,"1",1950,"D",390,"D",455,"D",0,"D",0,"D",.,"A",.,"A",1560,"D",0,"D",.,"A",.,"A",.,"A",.,"A"
"20152","03109091",14,0,"1",195,"D",0,"D",.,"A",0,"D",0,"D",.,"A",.,"A",195,"D",0,"D",3,"D",39,"D",39,"D",3,"D"
"20152","03109101",18,0,"1",1300,"D",260,"D",.,"A",390,"D",0,"D",.,"A",.,"A",1040,"D",30,"D",.,"A",.,"A",.,"A",.,"A"
"20152","03109124",18,0,"1",780,"D",65,"D",.,"A",390,"D",1200,"D",.,"A",.,"A",715,"D",120,"D",20,"D",260,"D",.,"A",.,"A"
"20152","03109153",27,0,"1",130,"D",0,"D",130,"D",195,"D",60,"D",.,"A",.,"A",130,"D",90,"D",11,"D",143,"D",.,"A",.,"A"
"20152","03109203",48,0,"1",1560,"D",390,"D",65,"D",91,"D",0,"D",.,"A",.,"A",1170,"D",0,"D",.,"A",.,"A",.,"A",.,"A"
"20152","03109211",15,0,"1",780,"D",325,"D",.,"A",0,"D",0,"D",.,"A",.,"A",455,"D",0,"D",.,"A",.,"A",130,"D",10,"D"
"20152","03109223",13,0,"1",715,"D",65,"D",.,"A",0,"D",86,"F",.,"A",.,"A",650,"D",91,"F",.,"A",.,"A",179,"F",.,"C"
"20152","03109261",16,0,"1",2600,"D",260,"D",.,"A",650,"D",0,"D",.,"A",.,"A",2340,"D",75,"D",.,"A",.,"A",.,"A",.,"A"
"20152","03109272",23,0,"1",2600,"D",650,"D",.,"A",0,"D",0,"D",.,"A",.,"A",1950,"D",6,"D",10,"D",130,"D",.,"A",.,"A"
"20152","03109282",20,0,"1",390,"D",130,"D",390,"D",650,"D",0,"D",.,"A",.,"A",260,"D",45,"D",35,"D",455,"D",.,"A",.,"A"
"20152","03109292",16,0,"1",1040,"D",272,"F",.,"A",650,"D",6,"D",.,"A",.,"A",1047,"F",6,"D",.,"A",.,"A",.,"A",.,"A"
"20152","03109301",20,0,"1",975,"D",130,"D",.,"A",910,"D",45,"D",.,"A",.,"A",845,"D",0,"D",.,"A",.,"A",.,"A",.,"A"
"20152","03109341",30,0,"1",1924,"D",104,"D",260,"D",520,"D",0,"D",.,"A",.,"A",1820,"D",24,"D",.,"A",.,"A",.,"A",.,"A"
"20152","03109364",53,0,"1",1300,"D",390,"D",.,"A",325,"D",0,"D",.,"A",.,"A",910,"D",0,"D",.,"A",.,"A",65,"D",5,"D"
"20152","03109401",16,0,"1",1300,"D",130,"D",.,"A",130,"D",0,"D",.,"A",.,"A",1170,"D",0,"D",.,"A",.,"A",.,"A",.,"A"
"20152","03109411",40,0,"1",2600,"D",520,"D",.,"A",975,"D",270,"D",.,"A",.,"A",2080,"D",30,"D",.,"A",.,"A",.,"A",.,"A"
"20152","03109452",36,0,"1",1300,"D",65,"D",390,"D",260,"D",160,"F",.,"A",.,"A",1235,"D",114,"F",.,"A",.,"A",.,"A",.,"A"
"20152","03109481",25,0,"1",390,"D",65,"D",.,"A",325,"D",0,"D",.,"A",.,"A",325,"D",0,"D",.,"A",.,"A",.,"A",.,"A"
"20152","03109491",11,0,"1",260,"D",130,"D",.,"A",0,"D",0,"D",.,"A",.,"A",130,"D",0,"D",.,"A",.,"A",.,"A",.,"A"
"20152","03109511",14,0,"1",1092,"D",0,"D",247,"D",0,"D",0,"D",.,"A",.,"A",1092,"D",0,"D",10,"D",130,"D",.,"A",.,"A"
"20152","03109533",22,0,"1",1950,"D",650,"D",325,"D",325,"D",0,"D",.,"A",60,"D",1300,"D",60,"D",.,"A",.,"A",130,"D",10,"D"
"20152","03109553",20,0,"1",1300,"D",325,"D",325,"D",975,"D",30,"D",.,"A",.,"A",975,"D",90,"D",.,"A",.,"A",.,"A",.,"A"
"20152","03109564",14,0,"1",2210,"D",260,"D",.,"A",0,"D",0,"D",.,"A",.,"A",1950,"D",0,"D",.,"A",.,"A",.,"A",.,"A"
"20152","03109573",25,0,"1",455,"D",195,"D",.,"A",325,"D",30,"D",.,"A",.,"A",260,"D",96,"D",.,"A",.,"A",.,"A",.,"A"
"20152","03109581",41,0,"1",1300,"D",260,"D",.,"A",0,"D",0,"D",.,"A",.,"A",1040,"D",0,"D",.,"A",.,"A",.,"A",.,"A"
"20152","03109611",13,0,"1",910,"D",130,"D",65,"D",260,"D",0,"D",.,"A",.,"A",780,"D",0,"D",.,"A",.,"A",.,"A",.,"A"
"20152","03109621",14,0,"1",1300,"D",195,"D",130,"D",975,"D",0,"D",.,"A",.,"A",1105,"D",0,"D",.,"A",.,"A",.,"A",.,"A"
"20152","03109642",42,0,"1",1950,"D",325,"D",.,"A",2600,"D",0,"D",.,"A",.,"A",1625,"D",0,"D",.,"A",.,"A",.,"A",.,"A"
"20152","03109661",27,0,"1",1300,"D",325,"D",.,"A",0,"D",0,"D",.,"A",.,"A",975,"D",0,"D",.,"A",.,"A",.,"A",.,"A"
"20152","03109703",22,0,"1",1300,"D",0,"D",.,"A",208,"D",0,"D",.,"A",.,"A",1300,"D",0,"D",.,"A",.,"A",.,"A",.,"A"
"20152","03109713",14,0,"1",1105,"D",455,"D",.,"A",0,"D",0,"D",.,"A",.,"A",650,"D",0,"D",.,"A",.,"A",.,"A",.,"A"
"20152","03109724",12,0,"1",728,"D",26,"D",.,"A",195,"D",0,"D",.,"A",.,"A",702,"D",0,"D",69,"D",897,"D",.,"A",.,"A"
"20152","03109731",9,0,"1",1950,"D",260,"D",.,"A",91,"D",0,"D",.,"A",.,"A",1690,"D",0,"D",35,"D",455,"D",.,"A",.,"A"
"20152","03109743",45,0,"1",2925,"D",975,"D",.,"A",650,"D",0,"D",.,"A",36,"D",1950,"D",60,"D",.,"A",.,"A",.,"A",.,"A"
"20152","03109751",25,0,"1",1300,"D",260,"D",.,"A",156,"D",0,"D",.,"A",.,"A",1040,"D",0,"D",14,"D",182,"D",.,"A",.,"A"
"20152","03109761",40,0,"1",325,"D",65,"D",.,"A",325,"D",45,"D",.,"A",.,"A",260,"D",75,"D",.,"A",.,"A",.,"A",.,"A"
"20152","03109771",53,0,"1",2730,"D",325,"D",286,"D",325,"D",0,"D",.,"A",.,"A",2405,"D",0,"D",.,"A",.,"A",.,"A",.,"A"
"20152","03109783",27,0,"1",2600,"D",975,"D",.,"A",455,"D",0,"D",.,"A",.,"A",1625,"D",0,"D",48,"D",624,"D",.,"A",.,"A"
"20152","03109803",21,0,"1",2600,"D",520,"D",260,"D",520,"D",0,"D",.,"A",240,"D",2080,"D",0,"D",.,"A",.,"A",.,"A",.,"A"
"20152","03109851",35,0,"1",3900,"D",490,"F",.,"A",650,"D",0,"D",.,"A",.,"A",1648,"F",0,"D",.,"A",.,"A",.,"A",.,"A"
"20152","03109861",27,0,"1",325,"D",0,"D",.,"A",39,"D",0,"D",.,"A",.,"A",325,"D",60,"D",.,"A",.,"A",.,"A",.,"A"
"20152","03109871",34,0,"1",1300,"D",130,"D",.,"A",195,"D",0,"D",.,"A",.,"A",1170,"D",42,"D",.,"A",.,"A",.,"A",.,"A"
"20152","03109891",42,0,"1",1430,"D",195,"D",130,"D",325,"D",6,"D",.,"A",.,"A",1235,"D",6,"D",.,"A",.,"A",.,"A",.,"A"
"20152","03109904",19,0,"1",2340,"D",520,"D",.,"A",390,"D",0,"D",.,"A",.,"A",1820,"D",30,"D",150,"D",1950,"D",130,"D",10,"D"
"20152","03109931",25,0,"1",1300,"D",325,"D",.,"A",0,"D",0,"D",.,"A",.,"A",975,"D",0,"D",35,"D",455,"D",.,"A",.,"A"
"20152","03109941",37,0,"1",975,"D",325,"D",.,"A",195,"D",0,"D",.,"A",.,"A",650,"D",60,"D",7,"D",91,"D",.,"A",.,"A"
"20152","03109962",11,0,"1",1300,"D",260,"D",.,"A",520,"D",0,"D",.,"A",.,"A",1040,"D",240,"D",.,"A",.,"A",.,"A",.,"A"
"20152","03110003",47,0,"1",1300,"D",195,"D",.,"A",780,"D",0,"D",.,"A",.,"A",1105,"D",60,"D",.,"A",.,"A",.,"A",.,"A"
"20152","03110011",40,0,"1",1300,"D",0,"D",.,"A",0,"D",0,"D",.,"A",.,"A",1300,"D",300,"D",.,"A",.,"A",260,"D",20,"D"
"20152","03110031",12,0,"1",975,"D",195,"D",.,"A",0,"D",0,"D",.,"A",.,"A",780,"D",0,"D",.,"A",.,"A",.,"A",.,"A"
"20152","03110041",39,0,"1",1950,"D",260,"D",195,"D",975,"D",150,"D",.,"A",108,"D",1690,"D",120,"D",.,"A",.,"A",.,"A",.,"A"
"20152","03110051",20,0,"1",3250,"D",260,"D",.,"A",1040,"D",0,"D",.,"A",.,"A",2990,"D",0,"D",.,"A",.,"A",.,"A",.,"A"
"20152","03110061",47,0,"1",1950,"D",650,"D",.,"A",975,"D",0,"D",.,"A",.,"A",1300,"D",0,"D",.,"A",.,"A",.,"A",.,"A"
"20152","03110092",24,0,"1",650,"D",130,"D",260,"D",0,"D",60,"D",.,"A",.,"A",520,"D",30,"D",.,"A",.,"A",.,"A",.,"A"
"20152","03110101",40,0,"1",1950,"D",520,"D",.,"A",195,"D",0,"D",.,"A",.,"A",1430,"D",0,"D",.,"A",.,"A",.,"A",.,"A"
"20152","03110112",28,0,"1",2600,"D",455,"D",.,"A",260,"D",75,"D",.,"A",.,"A",2145,"D",300,"D",.,"A",.,"A",.,"A",.,"A"
"20152","03110143",24,0,"1",1625,"D",325,"D",.,"A",780,"D",0,"D",.,"A",.,"A",1300,"D",0,"D",.,"A",.,"A",.,"A",.,"A"
"20152","03110154",25,0,"1",455,"D",65,"D",.,"A",130,"D",0,"D",.,"A",.,"A",390,"D",0,"D",.,"A",.,"A",.,"A",.,"A"
"20152","03110171",38,0,"1",585,"D",0,"D",1625,"D",390,"D",0,"D",.,"A",275,"D",585,"D",0,"D",.,"A",.,"A",.,"A",.,"A"
"20152","03110183",36,0,"1",2600,"D",650,"D",.,"A",0,"D",0,"D",.,"A",.,"A",1950,"D",150,"D",.,"A",.,"A",.,"A",.,"A"
"20152","03110191",15,0,"1",650,"D",0,"D",.,"A",143,"D",0,"D",.,"A",.,"A",650,"D",0,"D",.,"A",.,"A",.,"A",.,"A"
"20152","03110213",15,0,"1",975,"D",156,"D",.,"A",0,"D",0,"D",.,"A",.,"A",819,"D",0,"D",30,"D",390,"D",.,"A",.,"A"
"20152","03110231",16,0,"1",650,"D",130,"D",.,"A",65,"D",18,"D",.,"A",.,"A",520,"D",30,"D",.,"A",.,"A",.,"A",.,"A"
"20152","03110241",12,0,"1",1950,"D",975,"D",.,"A",1560,"D",0,"D",.,"A",.,"A",975,"D",114,"F",50,"D",650,"D",.,"A",.,"A"
"20152","03110252",17,0,"1",2600,"D",260,"D",.,"A",520,"D",0,"D",.,"A",.,"A",2340,"D",0,"D",.,"A",.,"A",.,"A",.,"A"
"20152","03110273",28,0,"1",1300,"D",0,"D",.,"A",260,"D",0,"D",.,"A",.,"A",1300,"D",0,"D",.,"A",.,"A",.,"A",.,"A"
"20152","03110281",8,0,"1",286,"D",0,"D",.,"A",520,"D",0,"D",.,"A",.,"A",286,"D",0,"D",.,"A",.,"A",.,"A",.,"A"
"20152","03110294",18,0,"1",1300,"D",195,"D",195,"D",195,"D",0,"D",.,"A",.,"A",1105,"D",75,"D",.,"A",.,"A",.,"A",.,"A"
"20152","03110311",20,0,"1",715,"D",0,"D",.,"A",0,"D",0,"D",.,"A",.,"A",715,"D",0,"D",4,"D",52,"D",.,"A",.,"A"
"20152","03110322",21,0,"1",1690,"D",455,"D",.,"A",78,"D",0,"D",.,"A",.,"A",1235,"D",0,"D",.,"A",.,"A",.,"A",.,"A"
"20152","03110331",17,0,"1",520,"D",65,"D",.,"A",0,"D",0,"D",.,"A",.,"A",455,"D",0,"D",.,"A",.,"A",.,"A",.,"A"
"20152","03110352",19,0,"1",1300,"D",650,"D",.,"A",520,"D",0,"D",.,"A",75,"D",650,"D",0,"D",.,"A",.,"A",.,"A",.,"A"
"20152","03110371",28,0,"1",2600,"D",455,"D",.,"A",1300,"D",0,"D",.,"A",.,"A",2145,"D",0,"D",.,"A",.,"A",.,"A",.,"A"
"20152","03110404",12,0,"1",1300,"D",0,"D",.,"A",260,"D",0,"D",.,"A",.,"A",1300,"D",0,"D",.,"A",.,"A",.,"A",.,"A"
"20152","03110412",21,0,"1",520,"D",130,"D",780,"D",390,"D",0,"D",.,"A",.,"A",390,"D",60,"D",.,"A",.,"A",.,"A",.,"A"
"20152","03110433",20,0,"1",1300,"D",325,"D",.,"A",390,"D",0,"D",.,"A",.,"A",975,"D",0,"D",.,"C",438,"F",.,"A",.,"A"
"20152","03110451",23,0,"1",1560,"D",390,"D",.,"A",1950,"D",0,"D",.,"A",.,"A",1170,"D",0,"D",.,"A",.,"A",.,"A",.,"A"
"20152","03110461",19,0,"1",650,"D",260,"D",260,"D",650,"D",90,"D",.,"A",.,"A",390,"D",60,"D",.,"A",.,"A",.,"A",.,"A"
"20152","03110471",11,0,"1",1040,"D",292,"F",.,"A",0,"D",0,"D",.,"A",.,"A",1077,"F",0,"D",.,"A",.,"A",.,"A",.,"A"
"20152","03110481",45,0,"1",1300,"D",325,"D",.,"A",0,"D",240,"D",.,"A",120,"D",975,"D",120,"D",35,"D",455,"D",.,"A",.,"A"
"20152","03110493",22,0,"1",650,"D",130,"D",260,"D",260,"D",60,"D",.,"A",.,"A",520,"D",60,"D",.,"A",.,"A",.,"A",.,"A"
"20152","03110501",22,0,"1",1495,"D",520,"D",.,"A",156,"D",0,"D",.,"A",.,"A",975,"D",0,"D",.,"A",.,"A",.,"A",.,"A"
"20152","03110513",37,0,"1",1950,"D",325,"D",260,"D",325,"D",0,"D",.,"A",.,"A",1625,"D",240,"D",.,"B",529,"F",.,"A",.,"A"
"20152","03110521",31,0,"1",364,"D",65,"D",.,"A",195,"D",27,"D",.,"A",.,"A",299,"D",36,"D",.,"A",.,"A",.,"A",.,"A"
"20152","03110531",33,0,"1",650,"D",39,"D",156,"D",650,"D",45,"D",.,"A",.,"A",611,"D",90,"D",.,"A",.,"A",.,"A",.,"A"
"20152","03110551",47,0,"1",130,"D",0,"D",.,"A",0,"D",0,"D",.,"A",.,"A",130,"D",0,"D",.,"A",.,"A",.,"A",.,"A"
"20152","03110562",17,0,"1",1300,"D",0,"D",.,"A",650,"D",0,"D",.,"A",.,"A",1300,"D",0,"D",.,"A",.,"A",.,"A",.,"A"
"20152","03110572",21,0,"1",1300,"D",390,"D",.,"A",520,"D",0,"D",.,"A",.,"A",910,"D",0,"D",.,"A",.,"A",.,"A",.,"A"
"20152","03110581",13,0,"1",5200,"D",1300,"D",.,"A",0,"D",0,"D",.,"A",.,"A",3900,"D",0,"D",.,"A",.,"A",.,"A",.,"A"
"20152","03110593",22,0,"1",1560,"D",520,"D",.,"A",650,"D",0,"D",.,"A",.,"A",1040,"D",0,"D",.,"A",.,"A",.,"A",.,"A"
"20152","03110602",18,0,"1",2600,"D",1300,"D",.,"A",1300,"D",0,"D",.,"A",.,"A",1300,"D",0,"D",.,"A",.,"A",.,"A",.,"A"
"20152","03110641",18,0,"1",1772,"F",.,"A",.,"A",760,"F",113,"F",.,"A",.,"A",1467,"F",107,"F",.,"A",.,"A",.,"A",.,"A"
"20152","03110681",24,0,"1",2145,"D",195,"D",.,"A",325,"D",0,"D",.,"A",.,"A",1950,"D",0,"D",.,"A",.,"A",.,"A",.,"A"
"20152","03110691",51,0,"1",3250,"D",390,"D",481,"D",5460,"D",0,"D",720,"D",.,"A",2860,"D",0,"D",.,"A",.,"A",.,"A",.,"A"
"20152","03110722",33,0,"1",1040,"D",325,"D",325,"D",195,"D",0,"D",.,"A",65,"D",715,"D",0,"D",.,"A",.,"A",.,"A",.,"A"
"20152","03110761",22,0,"1",910,"D",260,"D",.,"A",520,"D",60,"D",.,"A",.,"A",650,"D",90,"D",.,"A",.,"A",.,"A",.,"A"
"20152","03110771",22,0,"1",715,"D",65,"D",.,"A",780,"D",15,"D",.,"A",.,"A",650,"D",180,"D",.,"A",.,"A",.,"A",.,"A"
"20152","03110784",28,0,"1",930,"F",.,"A",.,"A",471,"F",0,"D",.,"A",.,"A",755,"F",0,"D",.,"A",.,"A",.,"A",.,"A"
"20152","03110791",29,0,"1",780,"D",65,"D",.,"A",195,"D",30,"D",.,"A",.,"A",715,"D",0,"D",.,"A",.,"A",.,"A",.,"A"
"20152","03110821",39,0,"1",1300,"D",429,"D",1300,"D",2600,"D",60,"D",.,"A",.,"A",871,"D",150,"D",.,"A",.,"A",.,"A",.,"A"
"20152","03110851",32,0,"1",1300,"D",195,"D",.,"A",780,"D",60,"D",.,"A",.,"A",1105,"D",30,"D",49,"D",637,"D",.,"A",.,"A"
"20152","03110871",29,0,"1",0,"D",.,"A",.,"A",2600,"D",160,"F",.,"A",.,"A",0,"D",90,"D",50,"D",650,"D",.,"A",.,"A"
"20152","03110911",39,0,"1",3640,"D",650,"D",.,"A",0,"D",0,"D",.,"A",.,"A",2990,"D",24,"D",.,"A",.,"A",.,"A",.,"A"
"20152","03110921",46,0,"1",2600,"D",520,"D",.,"A",520,"D",0,"D",.,"A",36,"D",2080,"D",45,"D",9,"D",117,"D",.,"A",.,"A"
"20152","03110934",35,0,"1",1040,"D",260,"D",.,"A",520,"D",0,"D",.,"A",.,"A",780,"D",0,"D",.,"A",.,"A",.,"A",.,"A"
"20152","03110942",39,0,"1",780,"D",65,"D",78,"D",1300,"D",0,"D",.,"A",.,"A",715,"D",45,"D",40,"D",520,"D",.,"A",.,"A"
"20152","03110954",17,0,"1",4550,"D",650,"D",.,"A",390,"D",0,"D",.,"A",180,"D",3900,"D",0,"D",.,"A",.,"A",.,"A",.,"A"
"20152","03110961",23,0,"1",650,"D",234,"D",.,"A",260,"D",0,"D",.,"A",.,"A",416,"D",0,"D",.,"A",.,"A",.,"A",.,"A"
"20152","03110971",38,0,"1",3250,"D",260,"D",.,"A",585,"D",0,"D",.,"A",.,"A",2990,"D",0,"D",15,"D",195,"D",.,"A",.,"A"
"20152","03110981",19,0,"1",1690,"D",130,"D",.,"A",780,"D",0,"D",.,"A",288,"D",1560,"D",0,"D",.,"A",.,"A",.,"A",.,"A"
"20152","03111002",13,0,"1",1536,"F",.,"A",.,"A",800,"F",175,"F",.,"A",.,"A",1244,"F",168,"F",.,"A",.,"A",.,"A",.,"A"
"20152","03111011",30,0,"1",650,"D",325,"D",104,"D",0,"D",0,"D",.,"A",.,"A",325,"D",0,"D",.,"A",.,"A",.,"A",.,"A"
"20152","03142081",27,0,"1",2600,"D",260,"D",1300,"D",260,"D",0,"D",1300,"D",.,"A",2340,"D",0,"D",70,"D",910,"D",.,"A",.,"A"
"20152","03142101",38,0,"1",1300,"D",130,"D",2184,"D",780,"D",0,"D",.,"A",.,"A",1170,"D",0,"D",105,"D",1365,"D",.,"A",.,"A"
"20152","03142111",20,0,"1",1560,"D",260,"D",.,"A",650,"D",175,"F",.,"A",.,"A",1300,"D",168,"F",.,"A",.,"A",.,"A",.,"A"
"20152","03142135",19,0,"1",1560,"D",260,"D",.,"A",650,"D",0,"D",.,"A",.,"A",1300,"D",120,"D",.,"A",.,"A",.,"A",.,"A"
"20152","03142151",27,0,"1",975,"D",260,"D",.,"A",0,"D",0,"D",.,"A",.,"A",715,"D",0,"D",30,"D",390,"D",.,"A",.,"A"
"20152","03142161",20,0,"1",1495,"D",195,"D",.,"A",650,"D",0,"D",.,"A",.,"A",1300,"D",0,"D",.,"A",.,"A",.,"A",.,"A"
"20152","03142171",14,0,"1",1536,"F",.,"A",.,"A",800,"F",0,"D",.,"A",.,"A",1244,"F",0,"D",.,"A",.,"A",.,"A",.,"A"
"20152","03142181",29,0,"1",1950,"D",260,"D",.,"A",0,"D",0,"D",.,"A",.,"A",1690,"D",0,"D",.,"A",.,"A",.,"A",.,"A"
"20152","03142191",9,0,"1",2275,"D",650,"D",130,"D",390,"D",0,"D",.,"A",.,"A",1625,"D",0,"D",.,"A",.,"A",.,"A",.,"A"
"20152","03142211",32,0,"1",1560,"D",390,"D",.,"A",1300,"D",0,"D",.,"A",.,"A",1170,"D",0,"D",.,"A",.,"A",.,"A",.,"A"
"20152","03142221",20,0,"1",4550,"D",650,"D",.,"A",130,"D",0,"D",.,"A",.,"A",3900,"D",75,"D",.,"A",.,"A",.,"A",.,"A"
"20152","03142231",15,0,"1",3250,"D",0,"D",1625,"D",780,"D",168,"D",.,"A",.,"A",3250,"D",324,"D",35,"D",455,"D",.,"A",.,"A"
"20152","03142301",47,0,"1",4550,"D",975,"D",.,"A",780,"D",0,"D",.,"A",.,"A",3575,"D",0,"D",.,"A",.,"A",.,"A",.,"A"
"20152","03142311",56,0,"1",650,"D",0,"D",.,"A",975,"D",120,"D",.,"A",.,"A",650,"D",150,"D",.,"A",.,"A",.,"A",.,"A"
"20152","03142321",29,0,"1",975,"D",195,"D",390,"D",390,"D",0,"D",.,"A",65,"D",780,"D",0,"D",.,"A",.,"A",.,"A",.,"A"
"20152","03142331",30,0,"1",650,"D",130,"D",.,"A",325,"D",225,"D",.,"A",.,"A",520,"D",300,"D",.,"A",.,"A",.,"A",.,"A"
"20152","03142351",24,0,"1",1040,"D",195,"D",.,"A",0,"D",0,"D",.,"A",.,"A",845,"D",0,"D",.,"A",.,"A",.,"A",.,"A"
"20152","03142381",29,0,"1",4875,"D",650,"D",.,"A",325,"D",0,"D",.,"A",.,"A",4225,"D",0,"D",.,"A",.,"A",.,"A",.,"A"
"20152","03142391",35,0,"1",455,"D",221,"D",.,"A",0,"D",0,"D",.,"A",.,"A",234,"D",0,"D",.,"A",.,"A",.,"A",.,"A"
"20152","03142411",38,0,"1",1300,"D",0,"D",.,"A",650,"D",90,"D",.,"A",.,"A",1300,"D",75,"D",.,"A",.,"A",.,"A",.,"A"
"20152","03142421",36,0,"1",2275,"D",325,"D",.,"A",1625,"D",0,"D",.,"A",.,"A",1950,"D",0,"D",.,"A",.,"A",.,"A",.,"A"
"20152","03142431",11,0,"1",1690,"D",260,"D",.,"A",0,"D",0,"D",.,"A",.,"A",1430,"D",0,"D",10,"D",130,"D",.,"A",.,"A"
"20152","03142451",19,0,"1",1560,"D",260,"D",.,"A",390,"D",0,"D",.,"A",.,"A",1300,"D",0,"D",.,"A",.,"A",.,"A",.,"A"
"20152","03142461",31,0,"1",520,"D",91,"D",130,"D",260,"D",0,"D",.,"A",.,"A",429,"D",0,"D",.,"A",.,"A",.,"A",.,"A"
"20152","03142471",27,0,"1",1300,"D",325,"D",.,"A",0,"D",0,"D",.,"A",.,"A",975,"D",0,"D",.,"A",.,"A",312,"D",24,"D"
"20152","03142521",41,0,"1",1950,"D",260,"D",260,"D",650,"D",60,"D",.,"A",.,"A",1690,"D",135,"F",.,"A",.,"A",.,"A",.,"A"
"20152","03142541",56,0,"1",2600,"D",650,"D",.,"A",1300,"D",0,"D",.,"A",.,"A",1950,"D",240,"D",.,"A",.,"A",.,"A",.,"A"
"20152","03142551",20,0,"1",2600,"D",390,"D",390,"D",390,"D",180,"D",.,"A",.,"A",2210,"D",180,"D",.,"A",.,"A",.,"A",.,"A"
"20152","03142571",14,0,"1",455,"D",65,"D",.,"A",520,"D",840,"D",.,"A",.,"A",390,"D",0,"D",15,"D",195,"D",104,"D",8,"D"
"20152","03142591",16,0,"1",650,"D",104,"D",.,"A",0,"D",0,"D",.,"A",.,"A",546,"D",0,"D",.,"A",.,"A",.,"A",.,"A"
"20152","03142601",49,0,"1",3250,"D",1300,"D",.,"A",2600,"D",600,"D",.,"A",.,"A",1950,"D",300,"D",1,"D",13,"D",.,"A",.,"A"
"20152","03142611",33,0,"1",1300,"D",65,"D",.,"A",650,"D",30,"D",.,"A",.,"A",1235,"D",45,"D",.,"A",.,"A",.,"A",.,"A"
"20152","03142621",11,0,"1",390,"D",130,"D",.,"A",0,"D",0,"D",.,"A",.,"A",260,"D",0,"D",.,"A",.,"A",.,"A",.,"A"
"20152","03142642",8,0,"1",390,"D",130,"D",.,"A",0,"D",0,"D",.,"A",.,"A",260,"D",30,"D",.,"A",.,"A",26,"D",2,"D"
"20152","03142651",26,0,"1",1950,"D",416,"F",.,"A",650,"D",0,"D",.,"A",.,"A",1810,"F",60,"D",.,"A",.,"A",.,"A",.,"A"
"20152","03142671",30,0,"1",780,"D",130,"D",.,"A",1300,"D",0,"D",.,"A",60,"D",650,"D",30,"D",.,"A",.,"A",.,"A",.,"A"
"20152","03142691",21,0,"1",585,"D",65,"D",0,"D",78,"D",0,"D",.,"A",.,"A",520,"D",0,"D",.,"A",.,"A",.,"A",.,"A"
"20152","03142731",31,0,"1",3250,"D",650,"D",580,"F",1950,"D",300,"D",.,"A",224,"D",2600,"D",120,"D",.,"A",.,"A",.,"A",.,"A"
"20152","03142751",18,0,"1",2132,"F",.,"A",.,"A",0,"D",0,"D",.,"A",.,"A",1810,"F",0,"D",.,"A",.,"A",.,"A",.,"A"
"20152","03142761",14,0,"1",975,"D",260,"D",.,"A",1300,"D",220,"F",.,"A",.,"A",715,"D",249,"F",.,"A",.,"A",.,"A",.,"A"
"20152","03142821",37,0,"1",3250,"D",650,"D",1300,"D",975,"D",0,"D",.,"A",.,"A",2600,"D",0,"D",.,"A",.,"A",195,"D",15,"D"
"20152","03142851",35,0,"1",5200,"D",1300,"D",.,"A",520,"D",240,"D",.,"A",130,"D",3900,"D",60,"D",50,"D",650,"D",130,"D",10,"D"
"20152","03142901",21,0,"1",1300,"D",390,"D",.,"A",390,"D",0,"D",.,"A",.,"A",910,"D",0,"D",9,"D",117,"D",.,"A",.,"A"
"20152","03142911",27,0,"1",1950,"D",390,"D",.,"A",650,"D",0,"D",.,"A",.,"A",1560,"D",0,"D",.,"A",.,"A",.,"A",.,"A"
"20152","03142921",22,0,"1",1950,"D",325,"D",.,"A",390,"D",0,"D",.,"A",.,"A",1625,"D",0,"D",.,"A",.,"A",.,"A",.,"A"
"20152","03142931",33,0,"1",5200,"D",1300,"D",.,"A",1300,"D",0,"D",.,"A",.,"A",3900,"D",0,"D",.,"A",.,"A",.,"A",.,"A"
"20152","03142941",35,0,"1",1300,"D",520,"D",.,"A",520,"D",120,"D",.,"A",.,"A",780,"D",120,"D",.,"A",.,"A",.,"A",.,"A"
"20152","03142971",20,0,"1",910,"D",260,"D",.,"A",325,"D",0,"D",.,"A",.,"A",650,"D",60,"D",15,"D",195,"D",.,"A",.,"A"
"20152","03142981",40,0,"1",2600,"D",520,"D",.,"A",520,"D",15,"D",.,"A",.,"A",2080,"D",15,"D",32,"D",416,"D",.,"A",.,"A"
"20152","03142995",8,0,"1",1300,"D",195,"D",.,"A",325,"D",0,"D",.,"A",.,"A",1105,"D",0,"D",.,"A",.,"A",.,"A",.,"A"
"20152","03143011",49,0,"1",1950,"D",390,"D",390,"D",1300,"D",630,"D",.,"A",.,"A",1560,"D",105,"D",.,"A",.,"A",.,"A",.,"A"
"20152","03143021",43,0,"1",2600,"D",325,"D",.,"A",390,"D",0,"D",.,"A",.,"A",2275,"D",0,"D",.,"A",.,"A",.,"A",.,"A"
"20152","03143031",49,0,"1",1300,"D",130,"D",.,"A",0,"D",0,"D",.,"A",.,"A",1170,"D",0,"D",.,"A",.,"A",130,"D",10,"D"
"20152","03143041",21,0,"1",3250,"D",520,"D",.,"A",0,"D",0,"D",.,"A",.,"A",2730,"D",0,"D",.,"A",.,"A",910,"D",70,"D"
"20152","03143051",22,0,"1",884,"D",260,"D",.,"A",130,"D",60,"D",.,"A",.,"A",624,"D",75,"D",75,"D",975,"D",.,"A",.,"A"
"20152","03143061",52,0,"1",2600,"D",585,"D",390,"D",325,"D",0,"D",.,"A",.,"A",2015,"D",30,"D",.,"A",.,"A",156,"D",12,"D"
"20152","03143081",26,0,"1",2600,"D",390,"D",.,"A",650,"D",0,"D",.,"A",80,"D",2210,"D",0,"D",.,"A",.,"A",.,"A",.,"A"
"20152","03143101",12,0,"1",520,"D",65,"D",.,"A",169,"D",0,"D",.,"A",.,"A",455,"D",0,"D",.,"A",.,"A",.,"A",.,"A"
"20152","03143131",12,0,"1",260,"D",65,"D",.,"A",0,"D",0,"D",.,"A",.,"A",195,"D",0,"D",.,"A",.,"A",.,"A",.,"A"
"20152","03143161",44,0,"1",4550,"D",1300,"D",325,"D",780,"D",150,"D",.,"A",15,"D",3250,"D",900,"D",.,"A",.,"A",.,"A",.,"A"
"20152","03143171",22,0,"1",1300,"D",0,"D",.,"A",1300,"D",0,"D",.,"A",.,"A",1300,"D",0,"D",.,"A",.,"A",.,"A",.,"A"
"20152","03143211",34,0,"1",1950,"D",650,"D",260,"D",325,"D",6,"D",.,"A",300,"D",1300,"D",6,"D",.,"A",.,"A",.,"A",.,"A"
"20152","03143241",30,0,"1",2860,"D",520,"D",.,"A",260,"D",0,"D",.,"A",120,"D",2340,"D",0,"D",.,"A",.,"A",.,"A",.,"A"
"20152","03143261",37,0,"1",650,"D",325,"D",.,"A",650,"D",60,"D",.,"A",.,"A",325,"D",180,"D",.,"A",.,"A",.,"A",.,"A"
"20152","03143281",18,0,"1",1690,"D",390,"D",.,"A",910,"D",0,"D",.,"A",.,"A",1300,"D",30,"D",.,"A",.,"A",.,"A",.,"A"
"20152","03143291",32,0,"1",1040,"D",130,"D",.,"A",260,"D",0,"D",.,"A",.,"A",910,"D",0,"D",.,"A",.,"A",.,"A",.,"A"
"20152","03143321",13,0,"1",1300,"D",325,"D",.,"A",1300,"D",0,"D",130,"D",.,"A",975,"D",225,"D",.,"A",.,"A",260,"D",20,"D"
"20152","03143334",17,0,"1",390,"D",91,"D",.,"A",0,"D",0,"D",.,"A",.,"A",299,"D",360,"D",7,"D",91,"D",.,"A",.,"A"
"20152","03143351",8,0,"1",1300,"D",195,"D",.,"A",0,"D",0,"D",.,"A",.,"A",1105,"D",0,"D",.,"A",.,"A",.,"A",.,"A"
"20152","03143371",42,0,"1",780,"D",130,"D",650,"D",650,"D",0,"D",.,"A",.,"A",650,"D",60,"D",.,"A",.,"A",.,"A",.,"A"
"20152","03143421",24,0,"1",1950,"D",272,"F",.,"A",0,"D",0,"D",.,"A",.,"A",1047,"F",60,"D",.,"A",.,"A",.,"A",.,"A"
"20152","03143441",33,0,"1",910,"D",390,"D",.,"A",1300,"D",0,"D",.,"A",.,"A",520,"D",0,"D",.,"A",.,"A",.,"A",.,"A"
"20152","03143481",34,0,"1",650,"D",260,"D",.,"A",0,"D",0,"D",.,"A",.,"A",390,"D",0,"D",.,"A",.,"A",.,"A",.,"A"
"20152","03143501",33,0,"1",1950,"D",0,"D",.,"A",2600,"D",150,"D",.,"A",.,"A",1950,"D",45,"D",.,"A",.,"A",.,"A",.,"A"
"20152","03143511",27,0,"1",1560,"D",390,"D",.,"A",260,"D",60,"D",.,"A",.,"A",1170,"D",150,"D",.,"A",.,"A",.,"A",.,"A"
"20152","03143531",56,0,"1",650,"D",130,"D",104,"D",104,"D",0,"D",.,"A",.,"A",520,"D",0,"D",.,"A",.,"A",.,"A",.,"A"
"20152","03143551",17,0,"1",1950,"D",130,"D",.,"A",0,"D",0,"D",68,"D",.,"A",1820,"D",0,"D",.,"A",.,"A",.,"A",.,"A"
"20152","03143571",17,0,"1",1625,"D",130,"D",.,"A",0,"D",0,"D",.,"A",.,"A",1495,"D",0,"D",10,"D",130,"D",.,"A",.,"A"
"20152","03143581",24,0,"1",2600,"D",650,"D",390,"D",0,"D",0,"D",.,"A",.,"A",1950,"D",0,"D",.,"A",.,"A",.,"A",.,"A"
"20152","03143611",30,0,"1",1300,"D",650,"D",.,"A",390,"D",0,"D",.,"A",.,"A",650,"D",36,"D",.,"A",.,"A",.,"A",.,"A"
"20152","03143621",30,0,"1",650,"D",260,"D",.,"A",390,"D",0,"D",.,"A",.,"A",390,"D",0,"D",.,"A",.,"A",.,"A",.,"A"
"20152","03143631",47,0,"1",3120,"D",390,"D",.,"A",520,"D",0,"D",.,"A",.,"A",2730,"D",0,"D",.,"A",.,"A",.,"A",.,"A"
"20152","03143651",20,0,"1",1300,"D",260,"D",.,"A",390,"D",120,"D",.,"A",.,"A",1040,"D",120,"D",.,"A",.,"A",.,"A",.,"A"
"20152","03143661",24,0,"1",1560,"D",65,"D",.,"A",65,"D",0,"D",130,"D",.,"A",1495,"D",0,"D",.,"A",.,"A",.,"A",.,"A"
"20152","03143681",38,0,"1",1430,"D",195,"D",.,"A",650,"D",120,"D",.,"A",.,"A",1235,"D",0,"D",.,"A",.,"A",.,"A",.,"A"
"20152","03143701",38,0,"1",1560,"D",466,"F",.,"A",845,"D",0,"D",.,"A",.,"A",1513,"F",0,"D",.,"A",.,"A",.,"A",.,"A"
"20152","03143731",51,0,"1",1950,"D",390,"D",260,"D",520,"D",0,"D",.,"A",180,"D",1560,"D",0,"D",.,"A",.,"A",.,"A",.,"A"
"20152","03143741",50,0,"1",1950,"D",260,"D",104,"D",650,"D",6,"D",.,"A",.,"A",1690,"D",6,"D",.,"A",.,"A",.,"A",.,"A"
"20152","03143751",22,0,"1",1950,"D",520,"D",.,"A",1300,"D",0,"D",.,"A",.,"A",1430,"D",0,"D",.,"A",.,"A",.,"A",.,"A"
"20152","03143761",22,0,"1",1950,"D",650,"D",260,"D",0,"D",0,"D",.,"A",.,"A",1300,"D",0,"D",.,"A",.,"A",.,"A",.,"A"
"20152","03143771",25,0,"1",1690,"D",130,"D",455,"D",0,"D",0,"D",.,"A",.,"A",1560,"D",0,"D",.,"A",.,"A",.,"A",.,"A"
"20152","03143784",15,0,"1",1560,"D",260,"D",325,"D",520,"D",0,"D",.,"A",.,"A",1300,"D",0,"D",.,"A",.,"A",.,"A",.,"A"
"20152","03143791",27,0,"1",975,"D",0,"D",.,"A",325,"D",150,"D",.,"A",.,"A",975,"D",90,"D",.,"A",.,"A",260,"D",20,"D"
"20152","03143851",25,0,"1",1314,"F",.,"A",.,"A",0,"D",0,"D",.,"A",.,"A",1047,"F",0,"D",.,"A",.,"A",.,"A",.,"A"
"20152","03143871",15,0,"1",910,"D",260,"D",.,"A",260,"D",0,"D",.,"A",.,"A",650,"D",0,"D",8,"D",104,"D",.,"A",.,"A"
"20152","03143911",13,0,"1",195,"D",0,"D",.,"A",0,"D",30,"D",.,"A",.,"A",195,"D",30,"D",.,"A",.,"A",.,"A",.,"A"
"20152","03143921",27,0,"1",1300,"D",260,"D",.,"A",780,"D",0,"D",.,"A",.,"A",1040,"D",0,"D",30,"D",390,"D",.,"A",.,"A"
"20152","03143942",45,0,"1",650,"D",130,"D",.,"A",325,"D",0,"D",.,"A",.,"A",520,"D",0,"D",.,"A",.,"A",.,"A",.,"A"
"20152","03143953",25,0,"1",2600,"D",650,"D",325,"D",390,"D",30,"D",.,"A",.,"A",1950,"D",300,"D",.,"A",.,"A",.,"A",.,"A"
"20152","03143983",41,0,"1",1300,"D",195,"D",.,"A",650,"D",45,"D",.,"A",.,"A",1105,"D",150,"D",.,"A",.,"A",.,"A",.,"A"
"20152","03144001",14,0,"1",975,"D",375,"F",.,"A",760,"F",113,"F",.,"A",.,"A",1467,"F",107,"F",.,"A",.,"A",.,"A",.,"A"
"20152","03144011",72,0,"1",3900,"D",325,"D",.,"A",845,"D",60,"D",.,"A",.,"A",3575,"D",0,"D",.,"A",.,"A",.,"A",.,"A"
"20152","03144021",23,0,"1",650,"D",130,"D",.,"A",0,"D",0,"D",.,"A",.,"A",520,"D",0,"D",.,"A",.,"A",.,"A",.,"A"
"20152","03144031",54,0,"1",2600,"D",390,"D",.,"A",1040,"D",360,"D",.,"A",150,"D",2210,"D",180,"D",.,"A",.,"A",.,"A",.,"A"
"20152","03144061",47,0,"1",2600,"D",260,"D",260,"D",650,"D",180,"D",.,"A",.,"A",2340,"D",150,"D",.,"A",.,"A",.,"A",.,"A"
"20152","03144091",43,0,"1",780,"D",156,"D",.,"A",585,"D",0,"D",.,"A",.,"A",624,"D",30,"D",.,"A",.,"A",.,"A",.,"A"
"20152","03144101",35,0,"1",2275,"D",975,"D",.,"A",156,"D",0,"D",.,"A",295,"D",1300,"D",87,"D",55,"D",715,"D",.,"A",.,"A"
"20152","03144121",30,0,"1",3250,"D",455,"D",.,"A",0,"D",0,"D",.,"A",144,"D",2795,"D",360,"D",85,"D",1105,"D",.,"A",.,"A"
"20152","03144141",36,0,"1",1170,"D",195,"D",.,"A",325,"D",0,"D",.,"A",.,"A",975,"D",0,"D",.,"A",.,"A",.,"A",.,"A"
"20152","03144151",13,0,"1",975,"D",130,"D",.,"A",130,"D",0,"D",.,"A",.,"A",845,"D",60,"D",.,"A",.,"A",.,"A",.,"A"
"20152","03144161",51,0,"1",520,"D",65,"D",65,"D",2600,"D",15,"D",.,"A",.,"A",455,"D",0,"D",.,"A",.,"A",.,"A",.,"A"
"20152","03144171",13,0,"1",650,"D",65,"D",.,"A",650,"D",0,"D",.,"A",.,"A",585,"D",0,"D",.,"A",.,"A",.,"A",.,"A"
"20152","03144181",21,0,"1",1560,"D",260,"D",.,"A",0,"D",6,"D",.,"A",.,"A",1300,"D",6,"D",.,"A",.,"A",.,"A",.,"A"
"20152","03144191",14,0,"1",1690,"D",650,"D",260,"D",650,"D",300,"D",.,"A",.,"A",1040,"D",300,"D",50,"D",650,"D",.,"A",.,"A"
"20152","03144201",8,0,"1",520,"D",130,"D",.,"A",0,"D",0,"D",.,"A",.,"A",390,"D",0,"D",.,"A",.,"A",.,"A",.,"A"
"20152","03144221",19,0,"1",650,"D",260,"D",130,"D",65,"D",30,"D",.,"A",.,"A",390,"D",60,"D",.,"A",.,"A",.,"A",.,"A"
"20152","03144231",13,0,"1",715,"D",65,"D",.,"A",0,"D",0,"D",.,"A",.,"A",650,"D",0,"D",45,"D",585,"D",.,"A",.,"A"
"20152","03144261",19,0,"1",845,"D",52,"D",.,"A",0,"D",0,"D",.,"A",.,"A",793,"D",0,"D",5,"D",65,"D",.,"A",.,"A"
"20152","03144271",13,0,"1",1950,"D",455,"D",.,"A",0,"D",0,"D",.,"A",.,"A",1495,"D",120,"D",10,"D",130,"D",.,"A",.,"A"
"20152","03144291",49,0,"1",1300,"D",650,"D",.,"A",325,"D",0,"D",.,"A",.,"A",650,"D",0,"D",.,"A",.,"A",.,"A",.,"A"
"20152","03144301",15,0,"1",1300,"D",520,"D",.,"A",195,"D",158,"F",.,"A",.,"A",780,"D",104,"F",.,"A",.,"A",.,"A",.,"A"
"20152","03144321",19,0,"1",650,"D",0,"D",.,"A",555,"F",0,"D",.,"A",.,"A",650,"D",0,"D",.,"A",.,"A",.,"A",.,"A"
"20152","03144331",22,0,"1",1300,"D",336,"F",.,"A",0,"D",0,"D",.,"A",.,"A",1244,"F",0,"D",.,"A",.,"A",.,"A",.,"A"
"20152","03144361",26,0,"1",3250,"D",650,"D",.,"A",520,"D",0,"D",.,"A",180,"D",2600,"D",0,"D",.,"A",.,"A",.,"A",.,"A"
"20152","03144371",55,0,"1",3900,"D",975,"D",.,"A",2210,"D",240,"D",.,"A",.,"A",2925,"D",450,"D",.,"A",.,"A",.,"A",.,"A"
"20152","03144391",31,0,"1",1950,"D",650,"D",.,"A",130,"D",0,"D",.,"A",.,"A",1300,"D",0,"D",.,"A",.,"A",.,"A",.,"A"
"20152","03144401",12,0,"1",1040,"D",325,"D",.,"A",390,"D",0,"D",.,"A",.,"A",715,"D",240,"D",.,"A",.,"A",.,"A",.,"A"
"20152","03144411",20,0,"1",650,"D",195,"D",.,"A",0,"D",0,"D",.,"A",.,"A",455,"D",0,"D",.,"A",.,"A",.,"A",.,"A"
"20152","03144421",27,0,"1",975,"D",65,"D",.,"A",1950,"D",60,"D",.,"A",.,"A",910,"D",60,"D",.,"A",.,"A",26,"D",2,"D"
"20152","03144431",46,0,"1",1560,"D",390,"D",.,"A",1300,"D",0,"D",.,"A",375,"D",1170,"D",30,"D",.,"A",.,"A",.,"A",.,"A"
"20152","03144441",39,0,"1",975,"D",260,"D",.,"A",325,"D",75,"D",.,"A",.,"A",715,"D",255,"D",20,"D",260,"D",.,"A",.,"A"
"20152","03144451",19,0,"1",910,"D",455,"D",597,"F",0,"D",0,"D",.,"A",.,"A",455,"D",0,"D",.,"A",.,"A",.,"A",.,"A"
"20152","03144461",27,0,"1",1300,"D",260,"D",130,"D",195,"D",0,"D",.,"A",.,"A",1040,"D",0,"D",.,"A",.,"A",.,"A",.,"A"
"20152","03144481",28,0,"1",2600,"D",650,"D",.,"A",260,"D",0,"D",.,"A",.,"A",1950,"D",0,"D",28,"D",364,"D",195,"D",15,"D"
"20152","03144491",38,0,"1",1950,"D",650,"D",.,"A",650,"D",0,"D",.,"A",.,"A",1300,"D",0,"D",.,"A",.,"A",.,"A",.,"A"
"20152","03144511",25,0,"1",650,"D",0,"D",.,"A",130,"D",0,"D",650,"D",.,"A",650,"D",0,"D",.,"A",.,"A",.,"A",.,"A"
"20152","03144521",12,0,"1",1300,"D",130,"D",.,"A",0,"D",0,"D",.,"A",.,"A",1170,"D",0,"D",.,"A",.,"A",.,"A",.,"A"
"20152","03144531",10,0,"1",1300,"D",975,"D",.,"A",390,"D",0,"D",.,"A",.,"A",325,"D",0,"D",.,"A",.,"A",.,"A",.,"A"
"20152","03144545",34,0,"1",260,"D",65,"D",.,"A",260,"D",300,"D",.,"A",.,"A",195,"D",45,"D",5,"D",65,"D",.,"A",.,"A"
"20152","03144551",16,0,"1",650,"D",416,"D",.,"A",0,"D",0,"D",.,"A",.,"A",234,"D",0,"D",.,"A",.,"A",.,"A",.,"A"
"20152","03144561",47,0,"1",1950,"D",650,"D",.,"A",520,"D",0,"D",.,"A",.,"A",1300,"D",0,"D",.,"A",.,"A",.,"A",.,"A"
"20152","03144571",60,0,"1",2600,"D",1326,"D",.,"A",260,"D",0,"D",.,"A",.,"A",1274,"D",120,"D",1,"D",13,"D",.,"A",.,"A"
"20152","03144581",33,0,"1",1300,"D",325,"D",.,"A",650,"D",0,"D",.,"A",.,"A",975,"D",240,"D",.,"A",.,"A",.,"A",.,"A"
"20152","03144591",23,0,"1",832,"D",182,"D",.,"A",130,"D",0,"D",.,"A",.,"A",650,"D",0,"D",.,"A",.,"A",.,"A",.,"A"
"20152","03144641",26,0,"1",3250,"D",780,"D",.,"A",2080,"D",0,"D",.,"A",.,"A",2470,"D",60,"D",.,"A",.,"A",.,"A",.,"A"
"20152","03144651",22,0,"1",390,"D",130,"D",.,"A",0,"D",0,"D",.,"A",.,"A",260,"D",0,"D",.,"A",.,"A",.,"A",.,"A"
"20152","03144661",31,0,"1",975,"D",130,"D",.,"A",390,"D",30,"D",.,"A",.,"A",845,"D",30,"D",.,"A",.,"A",.,"A",.,"A"
"20152","03144691",13,0,"1",975,"D",130,"D",.,"A",312,"D",30,"D",.,"A",.,"A",845,"D",75,"D",.,"A",.,"A",.,"A",.,"A"
"20152","03144711",32,0,"1",1950,"D",390,"D",.,"A",650,"D",150,"D",.,"A",.,"A",1560,"D",150,"D",10,"D",130,"D",.,"A",.,"A"
"20152","03144721",15,0,"1",624,"D",0,"D",260,"D",520,"D",0,"D",.,"A",.,"A",624,"D",0,"D",35,"D",455,"D",.,"A",.,"A"
"20152","03144751",16,0,"1",1950,"D",390,"D",.,"A",471,"F",158,"F",.,"A",.,"A",1560,"D",104,"F",.,"A",.,"A",.,"A",.,"A"
"20152","03144771",13,0,"1",325,"D",65,"D",.,"A",130,"D",0,"D",.,"A",.,"A",260,"D",0,"D",.,"A",.,"A",.,"A",.,"A"
"20152","03144781",22,0,"1",945,"F",.,"A",.,"A",453,"F",0,"D",.,"A",.,"A",748,"F",0,"D",.,"A",.,"A",.,"A",.,"A"
"20152","03144791",43,0,"1",1300,"D",390,"D",65,"D",455,"D",0,"D",.,"A",.,"A",910,"D",0,"D",.,"A",.,"A",.,"A",.,"A"
"20152","03144801",24,0,"1",1950,"D",650,"D",.,"A",260,"D",0,"D",.,"A",.,"A",1300,"D",0,"D",.,"A",.,"A",.,"A",.,"A"
"20152","03144811",10,0,"1",0,"D",.,"A",.,"A",0,"D",0,"D",.,"A",.,"A",0,"D",0,"D",.,"A",.,"A",.,"A",.,"A"
"20152","03144821",10,0,"1",650,"D",260,"D",.,"A",585,"D",0,"D",.,"A",.,"A",390,"D",0,"D",10,"D",130,"D",.,"A",.,"A"
"20152","03144834",20,0,"1",780,"D",91,"D",.,"A",0,"D",0,"D",.,"A",.,"A",689,"D",0,"D",.,"A",.,"A",.,"A",.,"A"
"20152","03144851",11,0,"1",1300,"D",195,"D",.,"A",325,"D",150,"D",.,"A",.,"A",1105,"D",210,"D",20,"D",260,"D",130,"D",10,"D"
"20152","03144861",10,0,"1",650,"D",325,"D",.,"A",0,"D",0,"D",.,"A",.,"A",325,"D",0,"D",.,"A",.,"A",.,"A",.,"A"
"20152","03144871",23,0,"1",1950,"D",260,"D",.,"A",0,"D",0,"D",.,"A",.,"A",1690,"D",0,"D",.,"A",.,"A",.,"A",.,"A"
"20152","03144881",59,0,"1",3575,"D",195,"D",.,"A",2600,"D",0,"D",.,"A",100,"D",3380,"D",0,"D",.,"A",.,"A",.,"A",.,"A"
"20152","03144891",28,0,"1",1170,"D",325,"D",130,"D",104,"D",0,"D",.,"A",0,"D",845,"D",240,"D",.,"A",.,"A",.,"A",.,"A"
"20152","03144901",47,0,"1",2925,"D",325,"D",.,"A",0,"D",0,"D",.,"A",257,"F",2600,"D",0,"D",.,"A",.,"A",.,"A",.,"A"
"20152","03144911",39,0,"1",1300,"D",195,"D",130,"D",390,"D",30,"D",.,"A",.,"A",1105,"D",90,"D",.,"A",.,"A",.,"A",.,"A"
"20152","03144934",39,0,"1",1040,"D",260,"D",.,"A",0,"D",0,"D",.,"A",.,"A",780,"D",0,"D",.,"A",.,"A",.,"A",.,"A"
"20152","03144961",26,0,"1",975,"D",130,"D",.,"A",650,"D",0,"D",.,"A",.,"A",845,"D",0,"D",.,"A",.,"A",.,"A",.,"A"
"20152","03144971",40,0,"1",1430,"D",520,"D",468,"D",520,"D",0,"D",.,"A",.,"A",910,"D",0,"D",.,"A",.,"A",.,"A",.,"A"
"20152","03144981",24,0,"1",1950,"D",390,"D",.,"A",1300,"D",1050,"D",.,"A",468,"D",1560,"D",300,"D",.,"A",.,"A",.,"A",.,"A"
"20152","03144991",10,0,"1",780,"D",130,"D",.,"A",0,"D",0,"D",.,"A",.,"A",650,"D",0,"D",.,"A",.,"A",.,"A",.,"A"
"20152","03145031",21,0,"1",1040,"D",0,"D",130,"D",650,"D",0,"D",.,"A",360,"D",1040,"D",21,"D",.,"A",.,"A",.,"A",.,"A"
"20152","03145041",39,0,"1",3900,"D",0,"D",3900,"D",1300,"D",210,"D",428,"F",.,"A",3900,"D",180,"D",.,"A",.,"A",.,"A",.,"A"
"20152","03145061",27,0,"1",650,"D",65,"D",390,"D",260,"D",45,"D",.,"A",.,"A",585,"D",90,"D",.,"A",.,"A",.,"A",.,"A"
"20152","03145081",15,0,"1",1703,"D",0,"D",.,"A",130,"D",120,"D",.,"A",.,"A",1703,"D",78,"D",.,"A",.,"A",.,"A",.,"A"
"20152","03145101",17,0,"1",975,"D",455,"D",.,"A",715,"D",375,"D",.,"A",.,"A",520,"D",0,"D",.,"A",.,"A",.,"A",.,"A"
"20152","03145111",21,0,"1",650,"D",65,"D",.,"A",390,"D",0,"D",.,"A",.,"A",585,"D",0,"D",.,"A",.,"A",.,"A",.,"A"
"20152","03145135",7,0,"1",1300,"D",195,"D",.,"A",325,"D",0,"D",.,"A",.,"A",1105,"D",0,"D",.,"A",.,"A",.,"A",.,"A"
"20152","03145141",19,0,"1",975,"D",292,"F",.,"A",0,"D",0,"D",.,"A",.,"A",1077,"F",0,"D",.,"A",.,"A",.,"A",.,"A"
"20152","03145161",20,0,"1",1300,"D",65,"D",130,"D",0,"D",0,"D",.,"A",.,"A",1235,"D",30,"D",20,"D",260,"D",.,"A",.,"A"
"20152","03145171",21,0,"1",585,"D",104,"D",.,"A",0,"D",0,"D",.,"A",.,"A",481,"D",0,"D",.,"A",.,"A",.,"A",.,"A"
"20152","03145201",44,0,"1",1300,"D",390,"D",.,"A",650,"D",0,"D",.,"A",.,"A",910,"D",60,"D",.,"A",.,"A",.,"A",.,"A"
"20152","03145224",12,0,"1",325,"D",195,"D",.,"A",0,"D",0,"D",.,"A",.,"A",130,"D",0,"D",.,"A",.,"A",.,"A",.,"A"
"20152","03145231",76,0,"1",1950,"D",585,"D",.,"A",962,"D",0,"D",.,"A",.,"A",1365,"D",360,"D",.,"A",.,"A",.,"A",.,"A"
"20152","03145261",33,0,"1",1950,"D",650,"D",390,"D",975,"D",60,"D",.,"A",.,"A",1300,"D",60,"D",.,"A",.,"A",.,"A",.,"A"
"20152","03145291",19,0,"1",1300,"D",390,"D",.,"A",520,"D",600,"D",.,"A",120,"D",910,"D",0,"D",80,"D",1040,"D",.,"A",.,"A"
"20152","03145311",26,0,"1",1950,"D",260,"D",.,"A",975,"D",150,"D",.,"A",30,"D",1690,"D",150,"D",.,"A",.,"A",65,"D",5,"D"
"20152","03145334",15,0,"1",104,"D",26,"D",.,"A",0,"D",0,"D",.,"A",.,"A",78,"D",0,"D",.,"A",.,"A",.,"A",.,"A"
"20152","03145373",18,0,"1",260,"D",65,"D",.,"A",65,"D",0,"D",.,"A",.,"A",195,"D",0,"D",8,"D",104,"D",.,"A",.,"A"
"20152","03145391",19,0,"1",930,"F",.,"A",.,"A",325,"D",0,"D",.,"A",.,"A",755,"F",0,"D",.,"A",.,"A",.,"A",.,"A"
"20152","03145411",28,0,"1",650,"D",195,"D",.,"A",455,"D",0,"D",.,"A",.,"A",455,"D",0,"D",.,"A",.,"A",.,"A",.,"A"
"20152","03145421",32,0,"1",1300,"D",325,"D",.,"A",2600,"D",960,"D",.,"A",.,"A",975,"D",75,"D",30,"D",390,"D",.,"A",.,"A"
"20152","03145431",40,0,"1",1950,"D",585,"D",1300,"D",650,"D",300,"D",.,"A",120,"D",1365,"D",300,"D",94,"D",1222,"D",.,"A",.,"A"
"20152","03145451",74,0,"1",3900,"D",1300,"D",.,"A",910,"D",720,"D",.,"A",.,"A",2600,"D",3,"D",.,"A",.,"A",.,"A",.,"A"
"20152","03145471",32,0,"1",1950,"D",390,"D",390,"D",650,"D",0,"D",.,"A",.,"A",1560,"D",45,"D",30,"D",390,"D",.,"A",.,"A"
"20152","03145491",33,0,"1",2210,"D",585,"D",.,"A",0,"D",0,"D",.,"A",.,"A",1625,"D",0,"D",33,"D",429,"D",.,"A",.,"A"
"20152","03145501",16,0,"1",2600,"D",325,"D",650,"D",0,"D",0,"D",.,"A",.,"A",2275,"D",0,"D",18,"D",234,"D",.,"A",.,"A"
"20152","03145531",24,0,"1",650,"D",0,"D",.,"A",390,"D",0,"D",.,"A",.,"A",650,"D",30,"D",.,"A",.,"A",.,"A",.,"A"
"20152","03145551",34,0,"1",1040,"D",0,"D",.,"A",0,"D",0,"D",.,"A",.,"A",1040,"D",0,"D",.,"A",.,"A",.,"A",.,"A"
"20152","03145561",18,0,"1",2600,"D",390,"D",.,"A",501,"F",0,"D",.,"A",.,"A",2210,"D",0,"D",24,"D",312,"D",.,"A",.,"A"
"20152","03145571",25,0,"1",1300,"D",130,"D",.,"A",65,"D",0,"D",.,"A",.,"A",1170,"D",0,"D",.,"A",.,"A",.,"A",.,"A"
"20152","03145591",21,0,"1",2600,"D",260,"D",.,"A",0,"D",0,"D",.,"A",.,"A",2340,"D",0,"D",.,"A",.,"A",.,"A",.,"A"
"20152","03145601",34,0,"1",1300,"D",130,"D",.,"A",1040,"D",0,"D",.,"A",.,"A",1170,"D",360,"D",.,"A",.,"A",.,"A",.,"A"
"20152","03145611",16,0,"1",1300,"D",0,"D",195,"D",455,"D",0,"D",.,"A",.,"A",1300,"D",240,"D",.,"A",.,"A",.,"A",.,"A"
"20152","03145641",23,0,"1",1300,"D",260,"D",.,"A",325,"D",0,"D",.,"A",.,"A",1040,"D",0,"D",.,"A",.,"A",.,"A",.,"A"
"20152","03145681",52,0,"1",2600,"D",260,"D",650,"D",650,"D",0,"D",.,"A",240,"D",2340,"D",150,"D",.,"A",.,"A",.,"A",.,"A"
"20152","03145691",7,0,"1",0,"D",.,"A",.,"A",0,"D",0,"D",.,"A",.,"A",0,"D",0,"D",.,"A",.,"A",.,"A",.,"A"
"20152","03145701",24,0,"1",715,"D",572,"D",.,"A",715,"D",132,"D",.,"A",.,"A",143,"D",132,"D",.,"A",.,"A",.,"A",.,"A"
"20152","03145711",24,0,"1",1300,"D",130,"D",195,"D",910,"D",60,"D",.,"A",.,"A",1170,"D",240,"D",.,"A",.,"A",.,"A",.,"A"
"20152","03145741",11,0,"1",1300,"D",130,"D",.,"A",0,"D",0,"D",.,"A",.,"A",1170,"D",90,"D",.,"A",.,"A",.,"A",.,"A"
"20152","03145751",51,0,"1",1625,"D",195,"D",.,"A",390,"D",0,"D",.,"A",.,"A",1430,"D",75,"D",.,"A",.,"A",.,"A",.,"A"
"20152","03145771",17,0,"1",2600,"D",260,"D",.,"A",0,"D",0,"D",.,"A",.,"A",2340,"D",0,"D",.,"A",.,"A",.,"A",.,"A"
"20152","03145781",16,0,"1",1300,"D",130,"D",.,"A",0,"D",0,"D",.,"A",.,"A",1170,"D",0,"D",.,"A",.,"A",.,"A",.,"A"
"20152","03145811",29,0,"1",2600,"D",650,"D",.,"A",520,"D",60,"F",.,"A",185,"F",1950,"D",90,"D",.,"A",.,"A",.,"A",.,"A"
"20152","03145831",38,0,"1",1300,"D",260,"D",.,"A",1625,"D",0,"D",.,"A",.,"A",1040,"D",360,"D",.,"A",.,"A",.,"A",.,"A"
"20152","03145841",7,0,"1",975,"D",260,"D",.,"A",0,"D",0,"D",.,"A",.,"A",715,"D",0,"D",.,"A",.,"A",.,"A",.,"A"
"20152","03145881",13,0,"1",2132,"F",.,"A",.,"A",801,"F",77,"F",.,"A",.,"A",1810,"F",135,"F",.,"A",.,"A",.,"A",.,"A"
"20152","03145891",21,0,"1",3250,"D",1300,"D",.,"A",650,"D",113,"F",.,"A",.,"A",1950,"D",90,"D",.,"A",.,"A",.,"A",.,"A"
"20152","03145911",17,0,"1",930,"F",.,"A",.,"A",0,"D",0,"D",.,"A",.,"A",755,"F",0,"D",.,"C",294,"F",.,"A",.,"A"
"20152","03145921",20,0,"1",1300,"D",195,"D",.,"A",130,"D",90,"D",.,"A",.,"A",1105,"D",30,"D",.,"A",.,"A",.,"A",.,"A"
"20152","03145933",35,0,"1",1950,"D",520,"D",.,"A",780,"D",0,"D",.,"A",.,"A",1430,"D",60,"D",.,"A",.,"A",.,"A",.,"A"
"20152","03145941",29,0,"1",1950,"D",650,"D",780,"D",1040,"D",300,"D",.,"A",.,"A",1300,"D",0,"D",60,"D",780,"D",.,"A",.,"A"
"20152","03145951",41,0,"1",1300,"D",650,"D",.,"A",1560,"D",90,"D",.,"A",.,"A",650,"D",300,"D",56,"D",728,"D",.,"A",.,"A"
"20152","03145971",13,0,"1",520,"D",65,"D",65,"D",0,"D",0,"D",.,"A",.,"A",455,"D",0,"D",20,"D",260,"D",.,"A",.,"A"
"20152","03145981",29,0,"1",1625,"D",156,"D",.,"A",65,"D",0,"D",.,"A",.,"A",1469,"D",0,"D",35,"D",455,"D",130,"D",10,"D"
"20152","03146011",13,0,"1",1950,"D",650,"D",390,"D",975,"D",0,"D",.,"A",.,"A",1300,"D",0,"D",.,"A",.,"A",.,"A",.,"A"
"20152","03146021",31,0,"1",910,"D",325,"D",.,"A",156,"D",60,"D",.,"A",.,"A",585,"D",60,"D",.,"A",.,"A",.,"A",.,"A"
"20152","03146041",30,0,"1",1772,"F",.,"A",.,"A",760,"F",113,"F",.,"A",.,"A",1467,"F",107,"F",.,"A",.,"A",.,"A",.,"A"
"20152","03146071",30,0,"1",416,"D",26,"D",.,"A",195,"D",0,"D",.,"A",.,"A",390,"D",0,"D",.,"A",.,"A",.,"A",.,"A"
"20152","03146111",21,0,"1",1950,"D",325,"D",325,"D",650,"D",0,"D",.,"A",.,"A",1625,"D",0,"D",40,"D",520,"D",.,"A",.,"A"
"20152","03146121",18,0,"1",195,"D",0,"D",.,"A",1950,"D",0,"D",.,"A",.,"A",195,"D",0,"D",.,"A",.,"A",.,"A",.,"A"
"20152","03146141",42,0,"1",1300,"D",260,"D",.,"A",130,"D",0,"D",.,"A",.,"A",1040,"D",600,"D",.,"A",.,"A",.,"A",.,"A"
"20152","03146161",27,0,"1",2600,"D",390,"D",.,"A",260,"D",0,"D",.,"A",.,"A",2210,"D",0,"D",60,"D",780,"D",.,"A",.,"A"
"20152","03146171",40,0,"1",871,"D",130,"D",91,"D",65,"D",0,"D",.,"A",.,"A",741,"D",54,"D",.,"A",.,"A",.,"A",.,"A"
"20152","03146181",7,0,"1",650,"D",65,"D",130,"D",0,"D",0,"D",.,"A",.,"A",585,"D",0,"D",.,"A",.,"A",.,"A",.,"A"
"20152","03146211",78,0,"1",3250,"D",0,"D",.,"A",390,"D",0,"D",.,"A",390,"D",3250,"D",0,"D",75,"D",975,"D",.,"A",.,"A"
"20152","03146241",10,0,"1",650,"D",65,"D",.,"A",650,"D",0,"D",.,"A",.,"A",585,"D",0,"D",.,"A",.,"A",.,"A",.,"A"
"20152","03146251",30,0,"1",1950,"D",260,"D",.,"A",325,"D",0,"D",.,"A",.,"A",1690,"D",0,"D",.,"A",.,"A",.,"A",.,"A"
"20152","03146271",27,0,"1",910,"D",260,"D",.,"A",1300,"D",75,"D",.,"A",.,"A",650,"D",0,"D",.,"A",.,"A",.,"A",.,"A"
"20152","03146331",15,0,"1",3510,"D",1300,"D",.,"A",1300,"D",0,"D",.,"A",.,"A",2210,"D",60,"D",.,"A",.,"A",.,"A",.,"A"
"20152","03146341",52,0,"1",1625,"D",325,"D",.,"A",2600,"D",45,"D",.,"A",.,"A",1300,"D",15,"D",.,"A",.,"A",.,"A",.,"A"
"20152","03146354",12,0,"1",780,"D",130,"D",.,"A",0,"D",0,"D",.,"A",.,"A",650,"D",0,"D",.,"A",.,"A",.,"A",.,"A"
"20152","03146361",23,0,"1",1300,"D",325,"D",195,"D",0,"D",0,"D",.,"A",.,"A",975,"D",60,"D",.,"A",.,"A",.,"A",.,"A"
"20152","03146401",18,0,"1",1820,"D",390,"D",.,"A",0,"D",0,"D",.,"A",.,"A",1430,"D",0,"D",.,"A",.,"A",.,"A",.,"A"
"20152","03146411",14,0,"1",975,"D",325,"D",.,"A",1950,"D",0,"D",.,"A",.,"A",650,"D",0,"D",22,"D",286,"D",.,"A",.,"A"
"20152","03146421",27,0,"1",650,"D",0,"D",.,"A",780,"D",0,"D",.,"A",.,"A",650,"D",0,"D",.,"A",.,"A",.,"A",.,"A"
"20152","03146431",30,0,"1",650,"D",156,"D",260,"D",520,"D",0,"D",.,"A",.,"A",494,"D",0,"D",.,"A",.,"A",.,"A",.,"A"
"20152","03146451",22,0,"1",780,"D",260,"D",.,"A",780,"D",0,"D",.,"A",.,"A",520,"D",0,"D",.,"A",.,"A",.,"A",.,"A"
"20152","03146464",16,0,"1",2990,"D",650,"D",.,"A",260,"D",0,"D",.,"A",.,"A",2340,"D",90,"D",30,"D",390,"D",.,"A",.,"A"
"20152","03146475",37,0,"1",1300,"D",130,"D",65,"D",260,"D",150,"D",.,"A",.,"A",1170,"D",150,"D",.,"A",.,"A",.,"A",.,"A"
"20152","03146501",33,0,"1",1300,"D",390,"D",.,"A",0,"D",0,"D",.,"A",.,"A",910,"D",0,"D",.,"A",.,"A",.,"A",.,"A"
"20152","03146511",13,0,"1",1625,"D",455,"D",.,"A",650,"D",0,"D",.,"A",.,"A",1170,"D",0,"D",35,"D",455,"D",.,"A",.,"A"
"20152","03146521",27,0,"1",2600,"D",520,"D",.,"A",0,"D",150,"D",.,"A",.,"A",2080,"D",0,"D",.,"A",.,"A",.,"A",.,"A"
"20152","03146531",18,0,"1",390,"D",0,"D",.,"A",0,"D",0,"D",.,"A",.,"A",390,"D",0,"D",.,"A",.,"A",.,"A",.,"A"
"20152","03146541",32,0,"1",3900,"D",650,"D",.,"A",1300,"D",0,"D",.,"A",.,"A",3250,"D",54,"D",100,"D",1300,"D",.,"A",.,"A"
"20152","03146551",14,0,"1",1300,"D",260,"D",.,"A",1300,"D",0,"D",.,"A",.,"A",1040,"D",90,"D",.,"A",.,"A",.,"A",.,"A"
"20152","03146561",12,0,"1",650,"D",195,"D",.,"A",65,"D",0,"D",.,"A",.,"A",455,"D",72,"D",.,"A",.,"A",.,"A",.,"A"
"20152","03146581",13,0,"1",975,"D",0,"D",260,"D",0,"D",0,"D",.,"A",.,"A",975,"D",120,"D",20,"D",260,"D",.,"A",.,"A"
"20152","03146591",36,0,"1",1950,"D",390,"D",455,"D",455,"D",120,"D",.,"A",.,"A",1560,"D",60,"D",.,"A",.,"A",.,"A",.,"A"
"20152","03146641",35,0,"1",3250,"D",650,"D",.,"A",325,"D",0,"D",.,"A",.,"A",2600,"D",300,"D",.,"A",.,"A",.,"A",.,"A"
"20152","03146651",30,0,"1",1950,"D",520,"D",.,"A",520,"D",60,"D",.,"A",60,"D",1430,"D",60,"D",.,"A",.,"A",.,"A",.,"A"
"20152","03146681",29,0,"1",1300,"D",0,"D",.,"A",1300,"D",150,"D",.,"A",.,"A",1300,"D",0,"D",.,"A",.,"A",.,"A",.,"A"
"20152","03146691",24,0,"1",2600,"D",390,"D",260,"D",325,"D",60,"D",.,"A",.,"A",2210,"D",60,"D",.,"A",.,"A",.,"A",.,"A"
"20152","03146731",20,0,"1",650,"D",65,"D",.,"A",0,"D",0,"D",.,"A",.,"A",585,"D",0,"D",.,"A",.,"A",.,"A",.,"A"
"20152","03146741",27,0,"1",1950,"D",390,"D",650,"D",0,"D",0,"D",.,"A",.,"A",1560,"D",0,"D",80,"D",1040,"D",39,"D",3,"D"
"20152","03146751",65,0,"1",2600,"D",650,"D",.,"A",780,"D",150,"D",.,"A",114,"D",1950,"D",150,"D",.,"A",.,"A",.,"A",.,"A"
"20152","03146761",42,0,"1",1755,"D",585,"D",260,"D",260,"D",0,"D",.,"A",.,"A",1170,"D",90,"D",.,"A",.,"A",.,"A",.,"A"
"20152","03146771",23,0,"1",1040,"D",130,"D",.,"A",390,"D",0,"D",.,"A",.,"A",910,"D",0,"D",.,"A",.,"A",.,"A",.,"A"
"20152","03146781",14,0,"1",650,"D",0,"D",.,"A",195,"D",0,"D",.,"A",.,"A",650,"D",0,"D",.,"A",.,"A",.,"A",.,"A"
"20152","03146791",8,0,"1",650,"D",237,"F",.,"A",1950,"D",0,"D",.,"A",.,"A",736,"F",0,"D",.,"A",.,"A",.,"A",.,"A"
"20152","03146811",33,0,"1",2600,"D",520,"D",.,"A",520,"D",0,"D",.,"A",.,"A",2080,"D",0,"D",.,"A",.,"A",.,"A",.,"A"
"20152","03146821",20,0,"1",663,"D",0,"D",.,"A",0,"D",0,"D",.,"A",.,"A",663,"D",0,"D",.,"A",.,"A",.,"A",.,"A"
"20152","03146831",40,0,"1",1300,"D",130,"D",650,"D",2600,"D",180,"D",.,"A",.,"A",1170,"D",150,"D",.,"A",.,"A",.,"A",.,"A"
"20152","03146841",46,0,"1",650,"D",0,"D",.,"A",260,"D",0,"D",.,"A",.,"A",650,"D",0,"D",.,"A",.,"A",.,"A",.,"A"
"20152","03146851",13,0,"1",2600,"D",650,"D",.,"A",390,"D",0,"D",.,"A",.,"A",1950,"D",0,"D",.,"A",.,"A",.,"A",.,"A"
"20152","03146861",14,0,"1",390,"D",65,"D",.,"A",0,"D",6,"D",.,"A",.,"A",325,"D",6,"D",.,"A",.,"A",.,"A",.,"A"
"20152","03146871",35,0,"1",3575,"D",975,"D",.,"A",780,"D",0,"D",.,"A",.,"A",2600,"D",0,"D",75,"D",975,"D",.,"A",.,"A"
"20152","03146881",23,0,"1",1300,"D",91,"D",.,"A",260,"D",15,"D",.,"A",24,"D",1209,"D",120,"D",.,"A",.,"A",.,"A",.,"A"
"20152","03146931",10,0,"1",520,"D",52,"D",.,"A",1300,"D",0,"D",.,"A",.,"A",468,"D",0,"D",.,"A",.,"A",.,"A",.,"A"
"20152","03146961",30,0,"1",3900,"D",975,"D",.,"A",390,"D",0,"D",.,"A",.,"A",2925,"D",60,"D",.,"A",.,"A",.,"A",.,"A"
"20152","03146971",16,0,"1",1300,"D",325,"D",.,"A",325,"D",21,"D",.,"A",.,"A",975,"D",15,"D",.,"A",.,"A",.,"A",.,"A"
"20152","03146981",6,0,"1",930,"F",.,"A",.,"A",471,"F",158,"F",.,"A",.,"A",755,"F",104,"F",.,"A",.,"A",.,"A",.,"A"
"20152","03147011",20,0,"1",650,"D",0,"D",.,"A",1820,"D",150,"D",.,"A",.,"A",650,"D",150,"D",.,"A",.,"A",.,"A",.,"A"
"20152","03147041",68,0,"1",1300,"D",0,"D",169,"D",650,"D",0,"D",.,"A",.,"A",1300,"D",0,"D",.,"A",.,"A",.,"A",.,"A"
"20152","03147051",27,0,"1",975,"D",195,"D",.,"A",650,"D",0,"D",.,"A",.,"A",780,"D",0,"D",.,"A",.,"A",.,"A",.,"A"
"20152","03147061",11,0,"1",325,"D",195,"D",.,"A",130,"D",450,"D",.,"A",.,"A",130,"D",180,"D",2,"D",26,"D",.,"A",.,"A"
"20152","03147081",15,0,"1",1950,"D",325,"D",.,"A",0,"D",0,"D",.,"A",.,"A",1625,"D",0,"D",.,"A",.,"A",.,"A",.,"A"
"20152","03147101",52,0,"1",1300,"D",325,"D",.,"A",585,"D",0,"D",.,"A",.,"A",975,"D",90,"D",.,"A",.,"A",.,"A",.,"A"
"20152","03147111",14,0,"1",2600,"D",1300,"D",.,"A",2860,"D",0,"D",.,"A",.,"A",1300,"D",0,"D",.,"A",.,"A",546,"D",42,"D"
"20152","03147131",11,0,"1",2132,"F",.,"A",.,"A",801,"F",77,"F",.,"A",.,"A",1810,"F",135,"F",.,"A",.,"A",.,"A",.,"A"
"20152","03147151",57,0,"1",3900,"D",390,"D",.,"A",520,"D",6,"D",.,"A",.,"A",3510,"D",6,"D",.,"A",.,"A",.,"A",.,"A"
"20152","03147171",23,0,"1",1950,"D",260,"D",520,"D",1300,"D",150,"D",.,"A",.,"A",1690,"D",150,"D",.,"A",.,"A",.,"A",.,"A"
"20152","03147181",23,0,"1",650,"D",130,"D",.,"A",650,"D",0,"D",.,"A",.,"A",520,"D",0,"D",.,"A",.,"A",.,"A",.,"A"
"20152","03147211",41,0,"1",2600,"D",325,"D",325,"D",650,"D",0,"D",.,"A",.,"A",2275,"D",0,"D",74,"D",962,"D",.,"A",.,"A"
"20152","03147231",19,0,"1",2600,"D",650,"D",.,"A",780,"D",0,"D",.,"A",.,"A",1950,"D",0,"D",.,"A",.,"A",.,"A",.,"A"
"20152","03147253",27,0,"1",1300,"D",260,"D",.,"A",520,"D",75,"D",.,"A",.,"A",1040,"D",75,"D",.,"A",.,"A",130,"D",10,"D"
"20152","03147271",76,0,"1",975,"D",260,"D",260,"D",2769,"D",135,"D",.,"A",.,"A",715,"D",30,"D",.,"A",.,"A",.,"A",.,"A"
"20152","03147281",56,0,"1",3250,"D",195,"D",.,"A",325,"D",0,"D",.,"A",.,"A",3055,"D",0,"D",.,"A",.,"A",.,"A",.,"A"
"20152","03147291",12,0,"1",1040,"D",325,"D",65,"D",0,"D",0,"D",.,"A",.,"A",715,"D",0,"D",.,"A",.,"A",.,"A",.,"A"
"20152","03147301",12,0,"1",1300,"D",260,"D",.,"A",130,"D",0,"D",.,"A",.,"A",1040,"D",0,"D",15,"D",195,"D",.,"A",.,"A"
"20152","03147311",15,0,"1",975,"D",65,"D",.,"A",975,"D",0,"D",.,"A",.,"A",910,"D",0,"D",.,"A",.,"A",.,"A",.,"A"
"20152","03147331",19,0,"1",975,"D",130,"D",390,"D",1300,"D",60,"D",.,"A",.,"A",845,"D",0,"D",80,"D",1040,"D",.,"A",.,"A"
"20152","03147341",56,0,"1",2275,"D",390,"D",.,"A",260,"D",0,"D",.,"A",.,"A",1885,"D",24,"D",10,"D",130,"D",.,"A",.,"A"
"20152","03147361",15,0,"1",1625,"D",474,"F",479,"F",1300,"D",0,"D",.,"A",.,"A",1805,"F",0,"D",.,"A",.,"A",.,"A",.,"A"
"20152","03147441",24,0,"1",975,"D",0,"D",.,"A",390,"D",0,"D",.,"A",.,"A",975,"D",0,"D",.,"A",.,"A",.,"A",.,"A"
"20152","03147473",23,0,"1",2132,"F",.,"A",.,"A",801,"F",77,"F",.,"A",.,"A",1810,"F",135,"F",.,"A",.,"A",.,"A",.,"A"
"20152","03147481",21,0,"1",975,"D",260,"D",273,"F",169,"D",0,"D",.,"A",.,"A",715,"D",0,"D",.,"A",.,"A",.,"A",.,"A"
"20152","03147495",9,0,"1",1300,"D",195,"D",.,"A",325,"D",0,"D",.,"A",.,"A",1105,"D",0,"D",.,"A",.,"A",.,"A",.,"A"
"20152","03147501",12,0,"1",650,"D",130,"D",.,"A",520,"D",244,"F",.,"A",.,"A",520,"D",137,"F",.,"A",.,"A",.,"A",.,"A"
"20152","03147521",20,0,"1",650,"D",130,"D",.,"A",0,"D",0,"D",.,"A",.,"A",520,"D",0,"D",15,"D",195,"D",.,"A",.,"A"
"20152","03147531",13,0,"1",975,"D",260,"D",.,"A",800,"F",175,"F",.,"A",.,"A",715,"D",168,"F",.,"A",.,"A",.,"A",.,"A"
"20152","03147541",17,0,"1",650,"D",390,"D",.,"A",0,"D",0,"D",.,"A",.,"A",260,"D",0,"D",7,"D",91,"D",.,"A",.,"A"
"20152","03147561",19,0,"1",520,"D",130,"D",.,"A",260,"D",0,"D",.,"A",.,"A",390,"D",0,"D",.,"A",.,"A",.,"A",.,"A"
"20152","03147573",25,0,"1",1950,"D",325,"D",.,"A",195,"D",0,"D",.,"A",.,"A",1625,"D",0,"D",.,"A",.,"A",.,"A",.,"A"
"20152","03147581",31,0,"1",1300,"D",0,"D",.,"A",650,"D",18,"D",.,"A",.,"A",1300,"D",0,"D",.,"A",.,"A",.,"A",.,"A"
"20152","03147591",18,0,"1",650,"D",156,"D",.,"A",260,"D",0,"D",.,"A",.,"A",494,"D",0,"D",.,"A",.,"A",.,"A",.,"A"
"20152","03147631",13,0,"1",3900,"D",325,"D",.,"A",260,"D",0,"D",.,"A",.,"A",3575,"D",48,"D",65,"D",845,"D",.,"A",.,"A"
"20152","03147641",39,0,"1",260,"D",0,"D",1625,"D",130,"D",150,"D",.,"A",.,"A",260,"D",600,"D",.,"A",.,"A",.,"A",.,"A"
"20152","03147651",36,0,"1",2600,"D",650,"D",.,"A",1300,"D",0,"D",.,"A",.,"A",1950,"D",225,"D",.,"A",.,"A",.,"A",.,"A"
"20152","03147671",16,0,"1",2860,"D",650,"D",.,"A",0,"D",0,"D",.,"A",.,"A",2210,"D",0,"D",.,"A",.,"A",.,"A",.,"A"
"20152","03147711",24,0,"1",1560,"D",130,"D",.,"A",0,"D",0,"D",.,"A",.,"A",1430,"D",0,"D",.,"A",.,"A",179,"F",.,"C"
"20152","03147721",36,0,"1",1950,"D",0,"D",.,"A",0,"D",0,"D",.,"A",.,"A",1950,"D",0,"D",.,"A",.,"A",.,"A",.,"A"
"20152","03147731",26,0,"1",2600,"D",195,"D",.,"A",650,"D",0,"D",.,"A",.,"A",2405,"D",0,"D",.,"A",.,"A",.,"A",.,"A"
"20152","03147741",31,0,"1",975,"D",260,"D",.,"A",390,"D",0,"D",.,"A",.,"A",715,"D",9,"D",.,"A",.,"A",.,"A",.,"A"
"20152","03147761",25,0,"1",1300,"D",416,"F",313,"F",3510,"D",77,"F",.,"A",.,"A",1810,"F",135,"F",.,"A",.,"A",.,"A",.,"A"
"20152","03147771",22,0,"1",975,"D",260,"D",.,"A",260,"D",0,"D",.,"A",180,"D",715,"D",0,"D",.,"A",.,"A",.,"A",.,"A"
"20152","03147811",13,0,"1",390,"D",130,"D",.,"A",130,"D",0,"D",.,"A",.,"A",260,"D",0,"D",.,"A",.,"A",.,"A",.,"A"
"20152","03147845",16,0,"1",975,"D",130,"D",.,"A",0,"D",6,"D",.,"A",.,"A",845,"D",6,"D",.,"A",.,"A",.,"A",.,"A"
"20152","03147851",16,0,"1",1690,"D",195,"D",.,"A",650,"D",0,"D",.,"A",.,"A",1495,"D",0,"D",.,"A",.,"A",.,"A",.,"A"
"20152","03147861",14,0,"1",1300,"D",325,"D",.,"A",0,"D",0,"D",.,"A",.,"A",975,"D",150,"D",.,"A",.,"A",.,"A",.,"A"
"20152","03147891",8,0,"1",780,"D",130,"D",.,"A",390,"D",0,"D",.,"A",.,"A",650,"D",0,"D",.,"A",.,"A",.,"A",.,"A"
"20152","03147911",11,0,"1",930,"F",.,"A",.,"A",0,"D",0,"D",.,"A",.,"A",755,"F",0,"D",.,"A",.,"A",.,"A",.,"A"
"20152","03147921",47,0,"1",1625,"D",272,"F",.,"A",975,"D",0,"D",.,"A",.,"A",1047,"F",60,"D",.,"A",.,"A",.,"A",.,"A"
"20152","03147931",33,0,"1",1040,"D",0,"D",.,"A",4160,"D",0,"D",.,"A",.,"A",1040,"D",30,"D",75,"D",975,"D",.,"A",.,"A"
"20152","03147941",10,0,"1",520,"D",52,"D",.,"A",130,"D",0,"D",.,"A",.,"A",468,"D",0,"D",.,"A",.,"A",.,"A",.,"A"
"20152","03147974",44,0,"1",1300,"D",260,"D",130,"D",260,"D",180,"D",.,"A",.,"A",1040,"D",225,"D",.,"A",.,"A",.,"A",.,"A"
"20152","03147981",24,0,"1",2600,"D",0,"D",.,"A",1040,"D",0,"D",.,"A",.,"A",2600,"D",0,"D",.,"A",.,"A",.,"A",.,"A"
"20152","03147991",44,0,"1",2753,"F",.,"A",.,"A",1300,"D",170,"F",.,"A",75,"D",2289,"F",300,"D",.,"A",.,"A",.,"A",.,"A"
"20152","03148001",41,0,"1",1950,"D",260,"D",260,"D",650,"D",60,"D",.,"A",8,"D",1690,"D",150,"D",.,"A",.,"A",.,"A",.,"A"
"20152","03148011",17,0,"1",1950,"D",650,"D",650,"D",0,"D",0,"D",.,"A",.,"A",1300,"D",0,"D",.,"A",.,"A",130,"D",10,"D"
"20152","03148021",21,0,"1",780,"D",260,"D",.,"A",260,"D",180,"D",.,"A",.,"A",520,"D",90,"D",.,"A",.,"A",.,"A",.,"A"
"20152","03148031",18,0,"1",1040,"D",0,"D",.,"A",1300,"D",0,"D",.,"A",98,"D",1040,"D",36,"D",.,"A",.,"A",.,"A",.,"A"
"20152","03148051",28,0,"1",1300,"D",0,"D",.,"A",650,"D",0,"D",.,"A",.,"A",1300,"D",0,"D",.,"A",.,"A",.,"A",.,"A"
"20152","03148061",32,0,"1",1950,"D",650,"D",.,"A",390,"D",0,"D",.,"A",.,"A",1300,"D",0,"D",50,"D",650,"D",130,"D",10,"D"
"20152","03148071",23,0,"1",780,"D",195,"D",650,"D",650,"D",0,"D",.,"A",.,"A",585,"D",0,"D",.,"A",.,"A",.,"A",.,"A"
"20152","03148081",82,0,"1",1950,"D",650,"D",520,"D",1950,"D",60,"D",.,"A",.,"A",1300,"D",75,"D",.,"A",.,"A",.,"A",.,"A"
"20152","03148111",8,0,"1",325,"D",65,"D",.,"A",0,"D",0,"D",.,"A",.,"A",260,"D",0,"D",5,"D",65,"D",.,"A",.,"A"
"20152","03148121",26,0,"1",1300,"D",260,"D",325,"D",780,"D",120,"D",.,"A",.,"A",1040,"D",120,"D",.,"A",.,"A",.,"A",.,"A"
"20152","03148141",9,0,"1",930,"F",.,"A",273,"F",0,"D",0,"D",.,"A",.,"A",755,"F",104,"F",.,"A",.,"A",.,"A",.,"A"
"20152","03148151",19,0,"1",1625,"D",260,"D",.,"A",0,"D",0,"D",.,"A",.,"A",1365,"D",300,"D",16,"D",208,"D",.,"A",.,"A"
"20152","03148161",40,0,"1",975,"D",0,"D",910,"D",0,"D",0,"D",.,"A",.,"A",975,"D",0,"D",.,"A",.,"A",.,"A",.,"A"
"20152","03148171",23,0,"1",1300,"D",260,"D",.,"A",0,"D",0,"D",.,"A",.,"A",1040,"D",0,"D",.,"A",.,"A",.,"A",.,"A"
"20152","03148181",43,0,"1",1950,"D",130,"D",260,"D",390,"D",240,"D",.,"A",.,"A",1820,"D",300,"D",35,"D",455,"D",.,"A",.,"A"
"20152","03148191",15,0,"1",1300,"D",130,"D",.,"A",1300,"D",0,"D",.,"A",.,"A",1170,"D",100,"F",.,"A",.,"A",.,"A",.,"A"
"20152","03148201",37,0,"1",1300,"D",260,"D",.,"A",455,"D",0,"D",.,"A",.,"A",1040,"D",0,"D",.,"A",.,"A",.,"A",.,"A"
"20152","03148261",40,0,"1",390,"D",39,"D",.,"A",650,"D",300,"D",.,"A",.,"A",351,"D",210,"D",.,"A",.,"A",.,"A",.,"A"
"20152","03148271",78,0,"1",3900,"D",1300,"D",.,"A",1547,"D",6,"D",.,"A",.,"A",2600,"D",0,"D",.,"A",.,"A",.,"A",.,"A"
"20152","03148281",54,0,"1",2600,"D",1300,"D",975,"D",546,"D",0,"D",.,"A",.,"A",1300,"D",0,"D",50,"D",650,"D",130,"D",10,"D"
"20152","03148291",13,0,"1",1300,"D",520,"D",.,"A",0,"D",0,"D",.,"A",.,"A",780,"D",0,"D",.,"A",.,"A",.,"A",.,"A"
"20152","03148311",25,0,"1",1300,"D",260,"D",.,"A",260,"D",0,"D",.,"A",.,"A",1040,"D",0,"D",.,"A",.,"A",.,"A",.,"A"
"20152","03148321",53,0,"1",2600,"D",325,"D",.,"A",1300,"D",60,"D",.,"A",.,"A",2275,"D",30,"D",.,"A",.,"A",.,"A",.,"A"
"20152","03148331",9,0,"1",1105,"D",0,"D",.,"A",0,"D",0,"D",.,"A",.,"A",1105,"D",0,"D",.,"A",.,"A",.,"A",.,"A"
"20152","03148351",23,0,"1",1040,"D",130,"D",.,"A",260,"D",0,"D",.,"A",360,"D",910,"D",0,"D",.,"A",.,"A",.,"A",.,"A"
"20152","03148401",31,0,"1",1300,"D",260,"D",130,"D",130,"D",21,"D",.,"A",.,"A",1040,"D",0,"D",.,"A",.,"A",.,"A",.,"A"
"20152","03148411",13,0,"1",325,"D",65,"D",.,"A",975,"D",0,"D",.,"A",.,"A",260,"D",0,"D",.,"A",.,"A",.,"A",.,"A"
"20152","03148441",35,0,"1",455,"D",65,"D",.,"A",390,"D",0,"D",.,"A",.,"A",390,"D",0,"D",.,"A",.,"A",.,"A",.,"A"
"20152","03148453",23,0,"1",1300,"D",0,"D",.,"A",0,"D",0,"D",.,"A",.,"A",1300,"D",0,"D",.,"A",.,"A",.,"A",.,"A"
"20152","03148481",52,0,"1",2600,"D",520,"D",.,"A",1300,"D",60,"D",.,"A",.,"A",2080,"D",75,"D",.,"A",.,"A",.,"A",.,"A"
"20152","03148511",31,0,"1",1625,"D",481,"D",65,"D",650,"D",180,"D",.,"A",.,"A",1144,"D",900,"D",.,"A",.,"A",.,"A",.,"A"
"20152","03148521",18,0,"1",1536,"F",.,"A",475,"F",800,"F",175,"F",.,"A",.,"A",1244,"F",168,"F",.,"A",.,"A",.,"A",.,"A"
"20152","03148531",18,0,"1",1495,"D",195,"D",.,"A",130,"D",0,"D",.,"A",.,"A",1300,"D",0,"D",.,"A",.,"A",.,"A",.,"A"
"20152","03148541",21,0,"1",845,"D",325,"D",.,"A",0,"D",0,"D",.,"A",.,"A",520,"D",0,"D",.,"A",.,"A",.,"A",.,"A"
"20152","03148571",20,0,"1",390,"D",65,"D",.,"A",390,"D",105,"D",.,"A",.,"A",325,"D",45,"D",.,"A",.,"A",.,"A",.,"A"
"20152","03148601",29,0,"1",1040,"D",260,"D",.,"A",260,"D",0,"D",.,"A",.,"A",780,"D",0,"D",.,"A",.,"A",.,"A",.,"A"
"20152","03148621",20,0,"1",1300,"D",325,"D",.,"A",1300,"D",0,"D",.,"A",.,"A",975,"D",0,"D",61,"D",793,"D",.,"A",.,"A"
"20152","03148631",39,0,"1",1040,"D",0,"D",.,"A",260,"D",0,"D",.,"A",.,"A",1040,"D",150,"D",120,"D",1560,"D",.,"A",.,"A"
"20152","03148641",19,0,"1",3250,"D",325,"D",.,"A",780,"D",0,"D",.,"A",.,"A",2925,"D",0,"D",.,"A",.,"A",.,"A",.,"A"
"20152","03148651",21,0,"1",195,"D",52,"D",.,"A",78,"D",0,"D",.,"A",.,"A",143,"D",0,"D",.,"A",.,"A",.,"A",.,"A"
"20152","03148681",19,0,"1",3380,"D",780,"D",.,"A",325,"D",0,"D",.,"A",.,"A",2600,"D",0,"D",15,"D",195,"D",.,"A",.,"A"
"20152","03148701",35,0,"1",1300,"D",325,"D",.,"A",1170,"D",0,"D",.,"A",.,"A",975,"D",0,"D",.,"A",.,"A",.,"A",.,"A"
"20152","03148711",15,0,"1",1625,"D",520,"D",.,"A",130,"D",240,"D",.,"A",.,"A",1105,"D",300,"D",.,"A",.,"A",.,"A",.,"A"
"20152","03148721",63,0,"1",1222,"D",195,"D",.,"A",2236,"D",220,"F",.,"A",.,"A",1027,"D",120,"D",.,"A",.,"A",.,"A",.,"A"
"20152","03148741",29,0,"1",3250,"D",325,"D",.,"A",3250,"D",0,"D",.,"A",540,"D",2925,"D",0,"D",.,"A",.,"A",.,"A",.,"A"
"20152","03148751",30,0,"1",1950,"D",390,"D",.,"A",195,"D",0,"D",.,"A",.,"A",1560,"D",0,"D",.,"A",.,"A",.,"A",.,"A"
"20152","03148773",9,0,"1",1196,"D",156,"D",.,"A",1300,"D",0,"D",.,"A",.,"A",1040,"D",150,"D",.,"A",.,"A",.,"A",.,"A"
"20152","03148781",21,0,"1",1560,"D",0,"D",.,"A",0,"D",6,"D",.,"A",.,"A",1560,"D",6,"D",.,"A",.,"A",.,"A",.,"A"
"20152","03148791",37,0,"1",1300,"D",260,"D",.,"A",1560,"D",75,"D",.,"A",.,"A",1040,"D",75,"D",.,"A",.,"A",.,"A",.,"A"
"20152","03148801",25,0,"1",585,"D",325,"D",455,"D",260,"D",720,"D",.,"A",.,"A",260,"D",0,"D",75,"D",975,"D",.,"A",.,"A"
"20152","03148823",13,0,"1",156,"D",130,"D",.,"A",117,"D",15,"D",.,"A",.,"A",26,"D",90,"D",.,"A",.,"A",.,"A",.,"A"
"20152","03148831",6,0,"1",195,"D",78,"D",.,"A",0,"D",0,"D",.,"A",.,"A",117,"D",0,"D",.,"A",.,"A",.,"A",.,"A"
"20152","03148851",32,0,"1",1040,"D",130,"D",650,"D",260,"D",0,"D",130,"D",.,"A",910,"D",0,"D",.,"A",.,"A",520,"D",40,"D"
"20152","03148861",35,0,"1",1300,"D",65,"D",.,"A",1170,"D",360,"D",.,"A",.,"A",1235,"D",240,"D",.,"A",.,"A",.,"A",.,"A"
"20152","03148881",19,0,"1",975,"D",260,"D",.,"A",390,"D",0,"D",.,"A",.,"A",715,"D",0,"D",.,"A",.,"A",.,"A",.,"A"
"20152","03148901",21,0,"1",1625,"D",260,"D",.,"A",650,"D",150,"D",.,"A",.,"A",1365,"D",225,"D",.,"A",.,"A",.,"A",.,"A"
"20152","03148915",12,0,"1",1040,"D",65,"D",.,"A",130,"D",0,"D",.,"A",.,"A",975,"D",15,"D",.,"A",.,"A",.,"A",.,"A"
"20152","03148931",43,0,"1",975,"D",260,"D",.,"A",260,"D",0,"D",.,"A",.,"A",715,"D",0,"D",.,"A",.,"A",.,"A",.,"A"
"20152","03148951",21,0,"1",1950,"D",650,"D",.,"A",260,"D",0,"D",.,"A",.,"A",1300,"D",75,"D",.,"A",.,"A",260,"D",20,"D"
"20152","03148961",18,0,"1",1536,"F",.,"A",.,"A",800,"F",175,"F",.,"A",.,"A",1244,"F",168,"F",.,"A",.,"A",.,"A",.,"A"
"20152","03148971",18,0,"1",2753,"F",.,"A",.,"A",1075,"F",170,"F",.,"A",.,"A",2289,"F",198,"F",.,"A",.,"A",.,"A",.,"A"
"20152","03148981",83,0,"1",5850,"D",2925,"D",.,"A",9100,"D",900,"D",.,"A",.,"A",2925,"D",1500,"D",.,"A",.,"A",.,"A",.,"A"
"20152","03149001",44,0,"1",1300,"D",325,"D",52,"D",650,"D",6,"D",.,"A",.,"A",975,"D",6,"D",.,"A",.,"A",.,"A",.,"A"
"20152","03149011",20,0,"1",325,"D",0,"D",.,"A",0,"D",0,"D",.,"A",.,"A",325,"D",0,"D",10,"D",130,"D",.,"A",.,"A"
"20152","03149021",17,0,"1",585,"D",130,"D",390,"D",195,"D",0,"D",.,"A",.,"A",455,"D",0,"D",.,"A",.,"A",.,"A",.,"A"
"20152","03149031",23,0,"1",2600,"D",325,"D",.,"A",1300,"D",0,"D",.,"A",.,"A",2275,"D",0,"D",.,"A",.,"A",.,"A",.,"A"
"20152","03149041",22,0,"1",2275,"D",650,"D",.,"A",780,"D",0,"D",.,"A",.,"A",1625,"D",0,"D",.,"A",.,"A",.,"A",.,"A"
"20152","03149071",36,0,"1",0,"D",.,"A",.,"A",26,"D",0,"D",.,"A",.,"A",0,"D",0,"D",.,"A",.,"A",.,"A",.,"A"
"20152","03149091",37,0,"1",1950,"D",0,"D",130,"D",390,"D",120,"D",.,"A",.,"A",1950,"D",120,"D",.,"A",.,"A",.,"A",.,"A"
"20152","03149111",23,0,"1",845,"D",130,"D",.,"A",0,"D",0,"D",.,"A",.,"A",715,"D",0,"D",10,"D",130,"D",.,"A",.,"A"
"20152","03149121",30,0,"1",2340,"D",780,"D",.,"A",260,"D",0,"D",.,"A",.,"A",1560,"D",0,"D",20,"D",260,"D",.,"A",.,"A"
"20152","03149131",27,0,"1",975,"D",130,"D",.,"A",0,"D",0,"D",.,"A",.,"A",845,"D",0,"D",.,"A",.,"A",.,"A",.,"A"
"20152","03149141",51,0,"1",2600,"D",390,"D",.,"A",1300,"D",300,"D",.,"A",360,"D",2210,"D",66,"D",.,"A",.,"A",.,"A",.,"A"
"20152","03149151",19,0,"1",1950,"D",130,"D",.,"A",520,"D",0,"D",.,"A",.,"A",1820,"D",0,"D",.,"A",.,"A",.,"A",.,"A"
"20152","03149161",54,0,"1",1820,"D",520,"D",.,"A",910,"D",0,"D",.,"A",300,"D",1300,"D",18,"D",6,"D",78,"D",0,"D",0,"D"
"20152","03149171",26,0,"1",1300,"D",650,"D",.,"A",650,"D",0,"D",.,"A",.,"A",650,"D",0,"D",.,"A",.,"A",.,"A",.,"A"
"20152","03149181",36,0,"1",1300,"D",130,"D",.,"A",975,"D",0,"D",.,"A",.,"A",1170,"D",45,"D",.,"A",.,"A",.,"A",.,"A"
"20152","03149191",31,0,"1",1300,"D",186,"F",.,"A",910,"D",0,"D",.,"A",.,"A",642,"F",30,"D",.,"A",.,"A",.,"A",.,"A"
"20152","03149211",44,0,"1",2600,"D",195,"D",260,"D",65,"D",0,"D",.,"A",.,"A",2405,"D",120,"D",.,"A",.,"A",.,"A",.,"A"
"20152","03149231",21,0,"1",1690,"D",260,"D",.,"A",520,"D",0,"D",.,"A",.,"A",1430,"D",0,"D",.,"A",.,"A",.,"A",.,"A"
"20152","03149241",12,0,"1",1040,"D",325,"D",.,"A",0,"D",0,"D",.,"A",.,"A",715,"D",0,"D",.,"A",.,"A",.,"A",.,"A"
"20152","03149251",34,0,"1",1950,"D",260,"D",.,"A",520,"D",0,"D",.,"A",375,"D",1690,"D",0,"D",.,"A",.,"A",.,"A",.,"A"
"20152","03149261",25,0,"1",1300,"D",325,"D",.,"A",1040,"D",60,"D",.,"A",.,"A",975,"D",360,"D",14,"D",182,"D",224,"F",.,"C"
"20152","03149271",27,0,"1",1560,"D",260,"D",.,"A",0,"D",0,"D",.,"A",.,"A",1300,"D",120,"D",.,"A",.,"A",.,"A",.,"A"
"20152","03149311",34,0,"1",1950,"D",650,"D",130,"D",1300,"D",0,"D",.,"A",.,"A",1300,"D",42,"D",.,"A",.,"A",.,"A",.,"A"
"20152","03149323",20,0,"1",1300,"D",260,"D",.,"A",1625,"D",0,"D",.,"A",.,"A",1040,"D",300,"D",.,"A",.,"A",.,"A",.,"A"
"20152","03149331",9,0,"1",650,"D",0,"D",.,"A",0,"D",0,"D",.,"A",.,"A",650,"D",0,"D",.,"A",.,"A",.,"A",.,"A"
"20152","03149341",16,0,"1",1950,"D",390,"D",.,"A",0,"D",0,"D",.,"A",.,"A",1560,"D",0,"D",.,"A",.,"A",.,"A",.,"A"
"20152","03149351",23,0,"1",780,"D",195,"D",130,"D",195,"D",0,"D",.,"A",.,"A",585,"D",0,"D",.,"A",.,"A",.,"A",.,"A"
"20152","03149381",29,0,"1",1300,"D",0,"D",.,"A",325,"D",0,"D",.,"A",.,"A",1300,"D",0,"D",30,"D",390,"D",.,"A",.,"A"
"20152","03149401",48,0,"1",1536,"F",.,"A",.,"A",800,"F",175,"F",.,"A",.,"A",1244,"F",168,"F",.,"A",.,"A",.,"A",.,"A"
"20152","03149421",20,0,"1",650,"D",260,"D",.,"A",52,"D",0,"D",.,"A",.,"A",390,"D",0,"D",.,"A",.,"A",.,"A",.,"A"
"20152","03149452",6,0,"1",520,"D",0,"D",.,"A",0,"D",0,"D",.,"A",.,"A",520,"D",0,"D",.,"A",.,"A",.,"A",.,"A"
"20152","03149461",30,0,"1",1625,"D",325,"D",.,"A",650,"D",0,"D",.,"A",180,"D",1300,"D",0,"D",.,"A",.,"A",.,"A",.,"A"
"20152","03149471",21,0,"1",2600,"D",211,"F",.,"A",1300,"D",0,"D",.,"A",.,"A",748,"F",0,"D",.,"A",.,"A",.,"A",.,"A"
"20152","03149481",25,0,"1",3900,"D",650,"D",.,"A",260,"D",0,"D",.,"A",.,"A",3250,"D",0,"D",.,"A",.,"A",.,"A",.,"A"
"20152","03149491",35,0,"1",1560,"D",260,"D",.,"A",780,"D",0,"D",.,"A",.,"A",1300,"D",135,"D",.,"A",.,"A",.,"A",.,"A"
"20152","03149501",14,0,"1",2990,"D",390,"D",.,"A",520,"D",0,"D",.,"A",.,"A",2600,"D",0,"D",35,"D",455,"D",.,"A",.,"A"
"20152","03149511",24,0,"1",1300,"D",130,"D",.,"A",1300,"D",0,"D",.,"A",.,"A",1170,"D",150,"D",.,"A",.,"A",.,"A",.,"A"
"20152","03149521",23,0,"1",2600,"D",260,"D",.,"A",650,"D",360,"D",.,"A",.,"A",2340,"D",360,"D",60,"D",780,"D",130,"D",10,"D"
"20152","03149531",22,0,"1",390,"D",39,"D",.,"A",0,"D",0,"D",.,"A",.,"A",351,"D",0,"D",.,"A",.,"A",.,"A",.,"A"
"20152","03149541",28,0,"1",1950,"D",390,"D",.,"A",260,"D",0,"D",.,"A",.,"A",1560,"D",0,"D",.,"A",.,"A",.,"A",.,"A"
"20152","03149551",21,0,"1",650,"D",0,"D",.,"A",260,"D",0,"D",.,"A",.,"A",650,"D",0,"D",.,"A",.,"A",.,"A",.,"A"
"20152","03149561",31,0,"1",1300,"D",0,"D",.,"A",650,"D",6,"D",.,"A",.,"A",1300,"D",6,"D",.,"A",.,"A",.,"A",.,"A"
"20152","03149581",16,0,"1",650,"D",130,"D",.,"A",0,"D",0,"D",.,"A",.,"A",520,"D",60,"D",15,"D",195,"D",.,"A",.,"A"
"20152","03149601",21,0,"1",1300,"D",325,"D",.,"A",520,"D",0,"D",.,"A",.,"A",975,"D",0,"D",.,"A",.,"A",.,"A",.,"A"
"20152","03149611",17,0,"1",689,"D",65,"D",.,"A",0,"D",0,"D",.,"A",.,"A",624,"D",0,"D",.,"A",.,"A",.,"A",.,"A"
"20152","03149621",52,0,"1",1300,"D",130,"D",.,"A",260,"D",0,"D",.,"A",.,"A",1170,"D",180,"D",.,"A",.,"A",.,"A",.,"A"
"20152","03149631",45,0,"1",2145,"D",546,"D",702,"D",1040,"D",0,"D",108,"D",.,"A",1599,"D",432,"D",.,"A",.,"A",.,"A",.,"A"
"20152","03149651",14,0,"1",455,"D",65,"D",260,"D",390,"D",0,"D",.,"A",.,"A",390,"D",0,"D",.,"A",.,"A",.,"A",.,"A"
"20152","03149681",22,0,"1",2275,"D",325,"D",.,"A",0,"D",0,"D",.,"A",.,"A",1950,"D",120,"D",40,"D",520,"D",.,"A",.,"A"
"20152","03149701",12,0,"1",715,"D",130,"D",130,"D",130,"D",0,"D",.,"A",.,"A",585,"D",60,"D",20,"D",260,"D",.,"A",.,"A"
"20152","03149715",7,0,"1",1300,"D",195,"D",.,"A",325,"D",0,"D",.,"A",.,"A",1105,"D",0,"D",.,"A",.,"A",.,"A",.,"A"
"20152","03149721",28,0,"1",1950,"D",650,"D",.,"A",0,"D",0,"D",.,"A",.,"A",1300,"D",0,"D",.,"A",.,"A",.,"A",.,"A"
"20152","03149761",23,0,"1",6500,"D",650,"D",.,"A",3250,"D",0,"D",.,"A",.,"A",5850,"D",0,"D",.,"A",.,"A",.,"A",.,"A"
"20152","03149771",28,0,"1",3250,"D",650,"D",.,"A",325,"D",0,"D",428,"F",.,"A",2600,"D",300,"D",.,"A",.,"A",.,"A",.,"A"
"20152","03149821",34,0,"1",1950,"D",260,"D",.,"A",130,"D",0,"D",.,"A",.,"A",1690,"D",120,"D",.,"A",.,"A",.,"A",.,"A"
"20152","03149834",31,0,"1",1300,"D",195,"D",.,"A",390,"D",0,"D",.,"A",.,"A",1105,"D",36,"D",.,"A",.,"A",.,"A",.,"A"
"20152","03149851",38,0,"1",1300,"D",260,"D",.,"A",0,"D",0,"D",.,"A",.,"A",1040,"D",0,"D",.,"A",.,"A",.,"A",.,"A"
"20152","03149871",27,0,"1",910,"D",390,"D",.,"A",650,"D",0,"D",.,"A",.,"A",520,"D",0,"D",.,"A",.,"A",.,"A",.,"A"
"20152","03149881",17,0,"1",1300,"D",130,"D",.,"A",0,"D",0,"D",.,"A",.,"A",1170,"D",0,"D",.,"A",.,"A",.,"A",.,"A"
"20152","03149921",25,0,"1",1560,"D",390,"D",.,"A",1300,"D",0,"D",.,"A",.,"A",1170,"D",0,"D",20,"D",260,"D",.,"A",.,"A"
"20152","03149941",28,0,"1",975,"D",650,"D",.,"A",65,"D",0,"D",.,"A",.,"A",325,"D",0,"D",.,"A",.,"A",.,"A",.,"A"
"20152","03149951",28,0,"1",260,"D",65,"D",.,"A",91,"D",0,"D",.,"A",.,"A",195,"D",0,"D",.,"A",.,"A",.,"A",.,"A"
"20152","03149961",41,0,"1",2600,"D",195,"D",.,"A",910,"D",0,"D",.,"A",260,"D",2405,"D",0,"D",.,"A",.,"A",.,"A",.,"A"
"20152","03149971",10,0,"1",130,"D",0,"D",.,"A",195,"D",0,"D",.,"A",.,"A",130,"D",0,"D",.,"A",.,"A",.,"A",.,"A"
"20152","03149981",17,0,"1",1950,"D",260,"D",325,"D",1300,"D",0,"D",.,"A",.,"A",1690,"D",30,"D",.,"A",.,"A",.,"A",.,"A"
"20152","03150001",23,0,"1",1300,"D",195,"D",.,"A",390,"D",0,"D",.,"A",300,"D",1105,"D",0,"D",.,"A",.,"A",.,"A",.,"A"
"20152","03150011",41,0,"1",975,"D",650,"D",.,"A",260,"D",0,"D",.,"A",.,"A",325,"D",0,"D",.,"A",.,"A",.,"A",.,"A"
"20152","03150021",18,0,"1",1300,"D",130,"D",.,"A",520,"D",0,"D",.,"A",.,"A",1170,"D",0,"D",.,"A",.,"A",.,"A",.,"A"
"20152","03150031",25,0,"1",520,"D",0,"D",130,"D",0,"D",0,"D",.,"A",.,"A",520,"D",0,"D",.,"A",.,"A",.,"A",.,"A"
"20152","03150081",25,0,"1",975,"D",325,"D",.,"A",1040,"D",0,"D",.,"A",.,"A",650,"D",0,"D",105,"D",1365,"D",.,"A",.,"A"
"20152","03150091",16,0,"1",325,"D",91,"D",.,"A",0,"D",0,"D",.,"A",.,"A",234,"D",0,"D",10,"D",130,"D",.,"A",.,"A"
"20152","03150101",15,0,"1",3250,"D",1300,"D",.,"A",3900,"D",300,"D",.,"A",50,"D",1950,"D",300,"D",.,"A",.,"A",.,"A",.,"A"
"20152","03150111",21,0,"1",390,"D",195,"D",.,"A",390,"D",0,"D",.,"A",.,"A",195,"D",0,"D",.,"A",.,"A",.,"A",.,"A"
"20152","03150131",26,0,"1",2600,"D",650,"D",520,"D",0,"D",0,"D",.,"A",200,"D",1950,"D",180,"D",.,"A",.,"A",.,"A",.,"A"
"20152","03150141",25,0,"1",1300,"D",0,"D",.,"A",975,"D",6,"D",.,"A",.,"A",1300,"D",6,"D",.,"A",.,"A",.,"A",.,"A"
"20152","03150181",23,0,"1",650,"D",65,"D",325,"D",650,"D",0,"D",.,"A",.,"A",585,"D",0,"D",.,"A",.,"A",.,"A",.,"A"
"20152","03150191",60,0,"1",1300,"D",130,"D",.,"A",1300,"D",0,"D",.,"A",.,"A",1170,"D",0,"D",.,"A",.,"A",.,"A",.,"A"
"20152","03150221",33,0,"1",1300,"D",0,"D",.,"A",1300,"D",0,"D",.,"A",.,"A",1300,"D",0,"D",.,"A",.,"A",.,"A",.,"A"
"20152","03150241",20,0,"1",1300,"D",65,"D",.,"A",130,"D",0,"D",.,"A",.,"A",1235,"D",0,"D",50,"D",650,"D",.,"A",.,"A"
"20152","03150251",27,0,"1",3250,"D",650,"D",.,"A",0,"D",0,"D",.,"A",.,"A",2600,"D",0,"D",70,"D",910,"D",.,"A",.,"A"
"20152","03150261",46,0,"1",1430,"D",325,"D",.,"A",130,"D",0,"D",.,"A",.,"A",1105,"D",0,"D",.,"A",.,"A",.,"A",.,"A"
"20152","03150281",23,0,"1",2600,"D",0,"D",.,"A",325,"D",0,"D",.,"A",.,"A",2600,"D",30,"D",12,"D",156,"D",.,"A",.,"A"
"20152","03150303",27,0,"1",1625,"D",195,"D",585,"D",130,"D",60,"D",.,"A",.,"A",1430,"D",150,"D",.,"A",.,"A",.,"A",.,"A"
"20152","03150321",30,0,"1",2340,"D",455,"D",.,"A",260,"D",0,"D",.,"A",.,"A",1885,"D",240,"D",.,"A",.,"A",.,"A",.,"A"
"20152","03150331",13,0,"1",975,"D",195,"D",.,"A",650,"D",0,"D",.,"A",.,"A",780,"D",240,"D",.,"A",.,"A",.,"A",.,"A"
"20152","03150341",27,0,"1",585,"D",65,"D",.,"A",0,"D",0,"D",.,"A",.,"A",520,"D",0,"D",40,"D",520,"D",.,"A",.,"A"
"20152","03150351",11,0,"1",650,"D",65,"D",.,"A",0,"D",0,"D",.,"A",.,"A",585,"D",60,"D",.,"A",.,"A",.,"A",.,"A"
"20152","03150361",38,0,"1",1300,"D",325,"D",.,"A",1625,"D",0,"D",.,"A",.,"A",975,"D",0,"D",.,"A",.,"A",.,"A",.,"A"
"20152","03150371",21,0,"1",780,"D",195,"D",390,"D",260,"D",450,"D",.,"A",.,"A",585,"D",300,"D",.,"A",.,"A",.,"A",.,"A"
"20152","03150381",27,0,"1",1560,"D",520,"D",.,"A",1560,"D",240,"D",.,"A",.,"A",1040,"D",60,"D",.,"A",.,"A",.,"A",.,"A"
"20152","03150401",39,0,"1",1950,"D",585,"D",195,"D",117,"D",0,"D",.,"A",.,"A",1365,"D",0,"D",75,"D",975,"D",260,"D",20,"D"
"20152","03150411",35,0,"1",4225,"D",650,"D",.,"A",1170,"D",0,"D",.,"A",.,"A",3575,"D",0,"D",.,"A",.,"A",.,"A",.,"A"
"20152","03150421",37,0,"1",2600,"D",325,"D",.,"A",780,"D",0,"D",.,"A",.,"A",2275,"D",0,"D",.,"A",.,"A",.,"A",.,"A"
"20152","03150431",34,0,"1",1300,"D",0,"D",.,"A",650,"D",120,"D",.,"A",.,"A",1300,"D",45,"D",.,"A",.,"A",.,"A",.,"A"
"20152","03150441",43,0,"1",1950,"D",260,"D",.,"A",1105,"D",0,"D",.,"A",360,"D",1690,"D",0,"D",.,"A",.,"A",.,"A",.,"A"
"20152","03150473",9,0,"1",780,"D",186,"F",.,"A",0,"D",0,"D",.,"A",.,"A",642,"F",0,"D",40,"D",520,"D",.,"A",.,"A"
"20152","03150511",25,0,"1",1560,"D",260,"D",.,"A",520,"D",0,"D",.,"A",.,"A",1300,"D",0,"D",.,"A",.,"A",.,"A",.,"A"
"20152","03150521",17,0,"1",1536,"F",.,"A",.,"A",800,"F",0,"D",.,"A",.,"A",1244,"F",0,"D",.,"A",.,"A",.,"A",.,"A"
"20152","03150581",18,0,"1",130,"D",26,"D",.,"A",65,"D",0,"D",.,"A",.,"A",104,"D",0,"D",.,"A",.,"A",.,"A",.,"A"
"20152","03150601",22,0,"1",975,"D",130,"D",.,"A",0,"D",0,"D",.,"A",.,"A",845,"D",0,"D",.,"A",.,"A",.,"A",.,"A"
"20152","03150611",21,0,"1",1677,"D",247,"D",130,"D",0,"D",0,"D",.,"A",.,"A",1430,"D",0,"D",.,"A",.,"A",.,"A",.,"A"
"20152","03150671",39,0,"1",520,"D",65,"D",.,"A",520,"D",0,"D",.,"A",.,"A",455,"D",96,"D",.,"A",.,"A",.,"A",.,"A"
"20152","03150681",37,0,"1",3250,"D",910,"D",260,"D",130,"D",0,"D",.,"A",.,"A",2340,"D",600,"D",35,"D",455,"D",.,"A",.,"A"
"20152","03150711",22,0,"1",975,"D",195,"D",.,"A",0,"D",0,"D",.,"A",.,"A",780,"D",0,"D",36,"D",468,"D",.,"A",.,"A"
"20152","03150741",35,0,"1",1950,"D",390,"D",.,"A",1300,"D",300,"D",.,"A",.,"A",1560,"D",90,"D",.,"A",.,"A",.,"A",.,"A"
"20152","03150751",11,0,"1",2600,"D",390,"D",.,"A",0,"D",0,"D",.,"A",.,"A",2210,"D",0,"D",.,"A",.,"A",.,"A",.,"A"
"20152","03150761",10,0,"1",780,"D",65,"D",.,"A",0,"D",0,"D",.,"A",.,"A",715,"D",0,"D",.,"A",.,"A",.,"A",.,"A"
"20152","03150771",26,0,"1",390,"D",130,"D",.,"A",0,"D",0,"D",.,"A",.,"A",260,"D",0,"D",.,"A",.,"A",.,"A",.,"A"
"20152","03150801",13,0,"1",494,"D",130,"D",.,"A",104,"D",0,"D",.,"A",.,"A",364,"D",0,"D",.,"A",.,"A",.,"A",.,"A"
"20152","03150811",16,0,"1",767,"D",260,"D",.,"A",0,"D",0,"D",.,"A",.,"A",507,"D",0,"D",8,"D",104,"D",.,"A",.,"A"
"20152","03150821",18,0,"1",650,"D",130,"D",260,"D",260,"D",0,"D",.,"A",.,"A",520,"D",0,"D",.,"A",.,"A",.,"A",.,"A"
"20152","03150841",43,0,"1",1625,"D",325,"D",.,"A",650,"D",0,"D",.,"A",.,"A",1300,"D",0,"D",.,"A",.,"A",.,"A",.,"A"
"20152","03150871",25,0,"1",1950,"D",130,"D",.,"A",130,"D",0,"D",.,"A",.,"A",1820,"D",150,"D",.,"A",.,"A",65,"D",5,"D"
"20152","03150891",49,0,"1",1934,"F",.,"A",.,"A",910,"D",150,"D",.,"A",.,"A",1513,"F",225,"D",.,"A",.,"A",.,"A",.,"A"
"20152","03150911",12,0,"1",1820,"D",520,"D",.,"A",0,"D",0,"D",.,"A",.,"A",1300,"D",90,"D",20,"D",260,"D",.,"A",.,"A"
"20152","03150921",38,0,"1",1300,"D",130,"D",.,"A",130,"D",6,"D",.,"A",.,"A",1170,"D",6,"D",.,"A",.,"A",.,"A",.,"A"
"20152","03150951",20,0,"1",3900,"D",520,"D",.,"A",650,"D",30,"D",.,"A",.,"A",3380,"D",300,"D",.,"A",.,"A",.,"A",.,"A"
"20152","03150961",27,0,"1",2600,"D",317,"F",.,"A",1300,"D",0,"D",.,"A",.,"A",1135,"F",150,"D",.,"A",.,"A",.,"A",.,"A"
"20152","03150971",35,0,"1",1625,"D",260,"D",.,"A",1300,"D",0,"D",.,"A",.,"A",1365,"D",0,"D",.,"A",.,"A",.,"A",.,"A"
"20152","03150981",18,0,"1",3900,"D",650,"D",.,"A",1300,"D",300,"D",.,"A",.,"A",3250,"D",180,"D",.,"A",.,"A",.,"A",.,"A"
"20152","03151001",6,0,"1",930,"F",.,"A",.,"A",471,"F",158,"F",.,"A",.,"A",755,"F",104,"F",.,"A",.,"A",.,"A",.,"A"
"20152","03151011",26,0,"1",1300,"D",130,"D",.,"A",130,"D",0,"D",.,"A",.,"A",1170,"D",0,"D",.,"A",.,"A",.,"A",.,"A"
"20152","03151051",26,0,"1",1300,"D",156,"D",.,"A",1300,"D",0,"D",.,"A",.,"A",1144,"D",0,"D",.,"A",.,"A",.,"A",.,"A"
"20152","03151061",35,0,"1",1950,"D",520,"D",.,"A",910,"D",30,"D",.,"A",.,"A",1430,"D",0,"D",.,"A",.,"A",.,"A",.,"A"
"20152","03151071",39,0,"1",1950,"D",156,"D",.,"A",325,"D",0,"D",.,"A",.,"A",1794,"D",0,"D",.,"A",.,"A",.,"A",.,"A"
"20152","03151081",11,0,"1",1040,"D",260,"D",.,"A",325,"D",0,"D",.,"A",.,"A",780,"D",0,"D",.,"A",.,"A",.,"A",.,"A"
"20152","03151091",31,0,"1",910,"D",130,"D",650,"D",1560,"D",0,"D",.,"A",.,"A",780,"D",0,"D",.,"A",.,"A",.,"A",.,"A"
"20152","03151121",27,0,"1",975,"D",130,"D",.,"A",130,"D",0,"D",.,"A",.,"A",845,"D",15,"D",.,"A",.,"A",.,"A",.,"A"
"20152","03151131",21,0,"1",1040,"D",260,"D",325,"D",0,"D",0,"D",.,"A",.,"A",780,"D",0,"D",.,"A",.,"A",.,"A",.,"A"
"20152","03151181",34,0,"1",975,"D",0,"D",975,"D",1950,"D",0,"D",.,"A",.,"A",975,"D",60,"D",.,"A",.,"A",.,"A",.,"A"
"20152","03151211",15,0,"1",1300,"D",390,"D",.,"A",520,"D",0,"D",.,"A",.,"A",910,"D",0,"D",.,"A",.,"A",.,"A",.,"A"
"20152","03151241",20,0,"1",715,"D",325,"D",.,"A",0,"D",0,"D",.,"A",.,"A",390,"D",0,"D",.,"A",.,"A",.,"A",.,"A"
"20152","03151271",30,0,"1",1820,"D",156,"D",195,"D",0,"D",0,"D",.,"A",.,"A",1664,"D",0,"D",12,"D",156,"D",.,"A",.,"A"
"20152","03151291",28,0,"1",3510,"D",780,"D",.,"A",260,"D",0,"D",.,"A",.,"A",2730,"D",90,"D",.,"A",.,"A",.,"A",.,"A"
"20152","03151321",23,0,"1",2600,"D",975,"D",.,"A",0,"D",60,"D",.,"A",.,"A",1625,"D",120,"D",.,"A",.,"A",.,"A",.,"A"
"20152","03151331",33,0,"1",1300,"D",130,"D",.,"A",780,"D",60,"D",.,"A",.,"A",1170,"D",60,"D",.,"A",.,"A",.,"A",.,"A"
"20152","03151355",14,0,"1",650,"D",0,"D",351,"F",650,"D",0,"D",.,"A",.,"A",650,"D",0,"D",.,"A",.,"A",.,"A",.,"A"
"20152","03151365",28,0,"1",2600,"D",325,"D",.,"A",390,"D",0,"D",.,"A",20,"D",2275,"D",0,"D",.,"A",.,"A",.,"A",.,"A"
"20152","03151371",10,0,"1",1040,"D",260,"D",.,"A",520,"D",0,"D",.,"A",.,"A",780,"D",0,"D",.,"A",.,"A",.,"A",.,"A"
"20152","03151381",10,0,"1",390,"D",0,"D",.,"A",130,"D",0,"D",.,"A",.,"A",390,"D",0,"D",.,"A",.,"A",.,"A",.,"A"
"20152","03151391",32,0,"1",1625,"D",130,"D",.,"A",1300,"D",0,"D",.,"A",.,"A",1495,"D",75,"D",.,"A",.,"A",.,"A",.,"A"
"20152","03151401",35,0,"1",1300,"D",0,"D",.,"A",1300,"D",0,"D",.,"A",.,"A",1300,"D",0,"D",.,"A",.,"A",.,"A",.,"A"
"20152","03151421",29,0,"1",2600,"D",650,"D",.,"A",1950,"D",480,"D",.,"A",.,"A",1950,"D",600,"D",40,"D",520,"D",.,"A",.,"A"
"20152","03151461",23,0,"1",1300,"D",130,"D",.,"A",0,"D",0,"D",.,"A",.,"A",1170,"D",0,"D",.,"A",.,"A",.,"A",.,"A"
"20152","03151481",24,0,"1",1690,"D",520,"D",.,"A",780,"D",0,"D",.,"A",.,"A",1170,"D",0,"D",.,"A",.,"A",.,"A",.,"A"
"20152","03151491",36,0,"1",1950,"D",780,"D",65,"D",0,"D",6,"D",.,"A",.,"A",1170,"D",6,"D",.,"A",.,"A",.,"A",.,"A"
"20152","03151501",34,0,"1",1300,"D",325,"D",130,"D",130,"D",0,"D",.,"A",.,"A",975,"D",0,"D",.,"A",.,"A",.,"A",.,"A"
"20152","03151541",42,0,"1",1625,"D",195,"D",.,"A",1300,"D",0,"D",.,"A",120,"D",1430,"D",0,"D",.,"A",.,"A",.,"A",.,"A"
"20152","03151551",31,0,"1",2080,"D",325,"D",.,"A",0,"D",120,"D",.,"A",.,"A",1755,"D",0,"D",.,"A",.,"A",.,"A",.,"A"
"20152","03151581",24,0,"1",1536,"F",.,"A",.,"A",800,"F",0,"D",.,"A",.,"A",1244,"F",0,"D",.,"C",497,"F",.,"A",.,"A"
"20152","03151591",22,0,"1",1300,"D",390,"D",.,"A",39,"D",0,"D",.,"A",.,"A",910,"D",0,"D",3,"D",39,"D",.,"A",.,"A"
"20152","03151601",27,0,"1",2600,"D",1300,"D",.,"A",5200,"D",1500,"D",.,"A",.,"A",1300,"D",150,"D",.,"A",.,"A",.,"A",.,"A"
"20152","03151611",19,0,"1",1950,"D",455,"D",.,"A",520,"D",0,"D",.,"A",195,"D",1495,"D",0,"D",.,"A",.,"A",.,"A",.,"A"
"20152","03151654",15,0,"1",3250,"D",780,"D",.,"A",650,"D",6,"D",.,"A",.,"A",2470,"D",6,"D",.,"A",.,"A",.,"A",.,"A"
"20152","03151691",20,0,"1",1950,"D",260,"D",.,"A",780,"D",60,"D",.,"A",.,"A",1690,"D",60,"D",.,"A",.,"A",.,"A",.,"A"
"20152","03151701",36,0,"1",1560,"D",325,"D",390,"D",520,"D",60,"D",.,"A",.,"A",1235,"D",15,"D",.,"A",.,"A",.,"A",.,"A"
"20152","03151721",43,0,"1",4160,"D",325,"D",780,"D",1625,"D",0,"D",.,"A",.,"A",3835,"D",0,"D",.,"A",.,"A",.,"A",.,"A"
"20152","03151731",13,0,"1",910,"D",65,"D",.,"A",260,"D",150,"D",.,"A",.,"A",845,"D",90,"D",.,"A",.,"A",.,"A",.,"A"
"20152","03151741",8,0,"1",780,"D",0,"D",91,"D",0,"D",0,"D",.,"A",15,"D",780,"D",0,"D",.,"A",.,"A",.,"A",.,"A"
"20152","03151761",37,0,"1",1950,"D",260,"D",.,"A",325,"D",0,"D",.,"A",.,"A",1690,"D",0,"D",.,"A",.,"A",.,"A",.,"A"
"20152","03151771",30,0,"1",2600,"D",195,"D",325,"D",1300,"D",90,"D",.,"A",.,"A",2405,"D",150,"D",100,"D",1300,"D",.,"A",.,"A"
"20152","03151801",11,0,"1",650,"D",130,"D",.,"A",0,"D",0,"D",.,"A",.,"A",520,"D",0,"D",.,"A",.,"A",.,"A",.,"A"
"20152","03151811",16,0,"1",1300,"D",195,"D",.,"A",260,"D",75,"D",.,"A",.,"A",1105,"D",150,"D",20,"D",260,"D",.,"A",.,"A"
"20152","03151831",28,0,"1",2600,"D",260,"D",.,"A",130,"D",0,"D",.,"A",15,"D",2340,"D",0,"D",.,"A",.,"A",.,"A",.,"A"
"20152","03151841",27,0,"1",195,"D",195,"D",.,"A",0,"D",0,"D",.,"A",.,"A",0,"D",0,"D",.,"A",.,"A",.,"A",.,"A"
"20152","03151851",21,0,"1",1560,"D",390,"D",.,"A",0,"D",0,"D",.,"A",.,"A",1170,"D",0,"D",.,"A",.,"A",.,"A",.,"A"
"20152","03151901",18,0,"1",1690,"D",390,"D",.,"A",260,"D",0,"D",.,"A",.,"A",1300,"D",0,"D",.,"A",.,"A",.,"A",.,"A"
"20152","03151921",25,0,"1",1300,"D",455,"D",.,"A",0,"D",0,"D",.,"A",150,"D",845,"D",30,"D",.,"A",.,"A",.,"A",.,"A"
"20152","03151931",30,0,"1",1625,"D",130,"D",.,"A",260,"D",0,"D",.,"A",.,"A",1495,"D",0,"D",.,"A",.,"A",.,"A",.,"A"
"20152","03151941",15,0,"1",390,"D",65,"D",.,"A",260,"D",0,"D",.,"A",.,"A",325,"D",90,"D",.,"A",.,"A",.,"A",.,"A"
"20152","03151961",28,0,"1",1300,"D",130,"D",.,"A",650,"D",0,"D",.,"A",.,"A",1170,"D",300,"D",.,"A",.,"A",.,"A",.,"A"
"20152","03151971",23,0,"1",520,"D",130,"D",.,"A",260,"D",0,"D",.,"A",.,"A",390,"D",0,"D",.,"A",.,"A",.,"A",.,"A"
"20152","03151981",29,0,"1",910,"D",65,"D",.,"A",1170,"D",240,"D",.,"A",.,"A",845,"D",15,"D",.,"A",.,"A",156,"D",12,"D"
"20152","03152001",30,0,"1",3250,"D",650,"D",.,"A",520,"D",0,"D",.,"A",.,"A",2600,"D",0,"D",.,"A",.,"A",.,"A",.,"A"
"20152","03152011",17,0,"1",1456,"D",156,"D",.,"A",130,"D",0,"D",.,"A",.,"A",1300,"D",15,"D",3,"D",39,"D",.,"A",.,"A"
"20152","03152041",27,0,"1",975,"D",260,"D",.,"A",0,"D",0,"D",.,"A",.,"A",715,"D",30,"D",.,"A",.,"A",.,"A",.,"A"
"20152","03152061",61,0,"1",2600,"D",975,"D",.,"A",975,"D",60,"D",.,"A",80,"D",1625,"D",0,"D",.,"A",.,"A",.,"A",.,"A"
"20152","03152071",36,0,"1",1300,"D",260,"D",.,"A",390,"D",0,"D",.,"A",.,"A",1040,"D",120,"D",.,"A",.,"A",26,"D",2,"D"
"20152","03152081",21,0,"1",2314,"D",0,"D",.,"A",0,"D",0,"D",.,"A",.,"A",2314,"D",0,"D",.,"A",.,"A",.,"A",.,"A"
"20152","03152101",21,0,"1",2132,"F",.,"A",.,"A",801,"F",77,"F",.,"A",.,"A",1810,"F",135,"F",.,"A",.,"A",.,"A",.,"A"
"20152","03152131",35,0,"1",1235,"D",65,"D",.,"A",65,"D",0,"D",.,"A",.,"A",1170,"D",0,"D",.,"A",.,"A",.,"A",.,"A"
"20152","03152141",16,0,"1",130,"D",26,"D",.,"A",195,"D",0,"D",.,"A",.,"A",104,"D",0,"D",.,"A",.,"A",.,"A",.,"A"
"20152","03152163",15,0,"1",910,"D",130,"D",.,"A",0,"D",0,"D",.,"A",.,"A",780,"D",0,"D",.,"A",.,"A",.,"A",.,"A"
"20152","03152171",27,0,"1",1950,"D",0,"D",.,"A",650,"D",60,"D",.,"A",.,"A",1950,"D",60,"D",.,"A",.,"A",.,"A",.,"A"
"20152","03152181",18,0,"1",650,"D",0,"D",.,"A",650,"D",600,"D",.,"A",.,"A",650,"D",180,"D",.,"A",.,"A",.,"A",.,"A"
"20152","03152191",12,0,"1",390,"D",65,"D",.,"A",26,"D",0,"D",.,"A",.,"A",325,"D",60,"D",.,"A",.,"A",.,"A",.,"A"
"20152","03152211",12,0,"1",4550,"D",585,"D",.,"A",0,"D",0,"D",.,"A",.,"A",3965,"D",0,"D",.,"A",.,"A",.,"A",.,"A"
"20152","03152221",24,0,"1",1625,"D",325,"D",.,"A",0,"D",0,"D",.,"A",.,"A",1300,"D",0,"D",.,"A",.,"A",.,"A",.,"A"
"20152","03152241",17,0,"1",1170,"D",195,"D",.,"A",195,"D",0,"D",.,"A",.,"A",975,"D",0,"D",1,"D",13,"D",.,"A",.,"A"
"20152","03152261",21,0,"1",1300,"D",325,"D",.,"A",0,"D",0,"D",.,"A",.,"A",975,"D",0,"D",.,"A",.,"A",.,"A",.,"A"
"20152","03152271",42,0,"1",650,"D",520,"D",650,"D",650,"D",60,"D",.,"A",.,"A",130,"D",150,"D",.,"A",.,"A",.,"A",.,"A"
"20152","03152281",31,0,"1",1950,"D",650,"D",.,"A",650,"D",0,"D",.,"A",.,"A",1300,"D",150,"D",.,"A",.,"A",.,"A",.,"A"
"20152","03152301",35,0,"1",2600,"D",0,"D",.,"A",1300,"D",0,"D",.,"A",.,"A",2600,"D",0,"D",.,"A",.,"A",.,"A",.,"A"
"20152","03152331",52,0,"1",2041,"D",260,"D",130,"D",520,"D",0,"D",.,"A",.,"A",1781,"D",60,"D",.,"A",.,"A",.,"A",.,"A"
"20152","03152341",19,0,"1",325,"D",91,"D",.,"A",0,"D",0,"D",.,"A",.,"A",234,"D",0,"D",.,"A",.,"A",.,"A",.,"A"
"20152","03152365",8,0,"1",0,"D",.,"A",.,"A",325,"D",0,"D",.,"A",.,"A",0,"D",0,"D",.,"A",.,"A",.,"A",.,"A"
"20152","03152381",41,0,"1",1950,"D",0,"D",.,"A",650,"D",0,"D",.,"A",.,"A",1950,"D",0,"D",.,"A",.,"A",.,"A",.,"A"
"20152","03152391",52,0,"1",975,"D",650,"D",650,"D",650,"D",60,"D",.,"A",15,"D",325,"D",180,"D",30,"D",390,"D",.,"A",.,"A"
"20152","03152401",24,0,"1",650,"D",0,"D",.,"A",0,"D",0,"D",.,"A",.,"A",650,"D",0,"D",30,"D",390,"D",.,"A",.,"A"
"20152","03152411",27,0,"1",975,"D",325,"D",.,"A",1300,"D",0,"D",.,"A",.,"A",650,"D",0,"D",.,"A",.,"A",.,"A",.,"A"
"20152","03152451",35,0,"1",10400,"D",2600,"D",.,"A",520,"D",90,"D",.,"A",.,"A",7800,"D",1800,"D",.,"A",.,"A",.,"A",.,"A"
"20152","03152461",33,0,"1",2600,"D",520,"D",.,"A",520,"D",6,"D",.,"A",.,"A",2080,"D",6,"D",.,"A",.,"A",.,"A",.,"A"
"20152","03152491",36,0,"1",3900,"D",195,"D",.,"A",390,"D",30,"D",.,"A",.,"A",3705,"D",150,"D",.,"A",.,"A",.,"A",.,"A"
"20152","03152501",50,0,"1",1820,"D",260,"D",.,"A",130,"D",0,"D",.,"A",.,"A",1560,"D",0,"D",40,"D",520,"D",.,"A",.,"A"
"20152","03152511",29,0,"1",2600,"D",650,"D",390,"D",260,"D",0,"D",.,"A",.,"A",1950,"D",0,"D",30,"D",390,"D",.,"A",.,"A"
"20152","03152521",24,0,"1",1950,"D",650,"D",650,"D",520,"D",90,"D",.,"A",.,"A",1300,"D",360,"D",.,"A",.,"A",.,"A",.,"A"
"20152","03152531",18,0,"1",1536,"F",.,"A",.,"A",800,"F",0,"D",.,"A",.,"A",1244,"F",0,"D",.,"A",.,"A",189,"F",.,"C"
"20152","03152541",19,0,"1",650,"D",0,"D",.,"A",0,"D",0,"D",.,"A",.,"A",650,"D",0,"D",.,"A",.,"A",.,"A",.,"A"
"20152","03152551",17,0,"1",650,"D",130,"D",260,"D",520,"D",90,"D",.,"A",.,"A",520,"D",90,"D",.,"A",.,"A",.,"A",.,"A"
"20152","03152571",50,0,"1",3900,"D",845,"D",780,"D",780,"D",0,"D",.,"A",.,"A",3055,"D",0,"D",.,"A",.,"A",.,"A",.,"A"
"20152","03152594",6,0,"1",930,"F",.,"A",.,"A",471,"F",158,"F",.,"A",.,"A",755,"F",104,"F",.,"A",.,"A",.,"A",.,"A"
"20152","03152631",8,0,"1",1300,"D",585,"D",.,"A",0,"D",0,"D",.,"A",.,"A",715,"D",0,"D",.,"A",.,"A",.,"A",.,"A"
"20152","03152651",21,0,"1",2600,"D",260,"D",.,"A",260,"D",0,"D",.,"A",.,"A",2340,"D",45,"D",.,"A",.,"A",.,"A",.,"A"
"20152","03152661",27,0,"1",650,"D",130,"D",.,"A",260,"D",0,"D",.,"A",.,"A",520,"D",0,"D",.,"A",.,"A",.,"A",.,"A"
"20152","03152671",37,0,"1",1625,"D",325,"D",.,"A",0,"D",0,"D",.,"A",650,"D",1300,"D",0,"D",.,"A",.,"A",.,"A",.,"A"
"20152","03152691",28,0,"1",2275,"D",195,"D",650,"D",1300,"D",90,"D",.,"A",.,"A",2080,"D",90,"D",.,"A",.,"A",.,"A",.,"A"
"20152","03152701",30,0,"1",1820,"D",520,"D",260,"D",0,"D",0,"D",.,"A",.,"A",1300,"D",150,"D",.,"A",.,"A",.,"A",.,"A"
"20152","03152711",49,0,"1",2600,"D",260,"D",.,"A",780,"D",60,"D",.,"A",.,"A",2340,"D",60,"D",.,"A",.,"A",.,"A",.,"A"
"20152","03152721",28,0,"1",2275,"D",195,"D",.,"A",260,"D",0,"D",.,"A",.,"A",2080,"D",0,"D",50,"D",650,"D",.,"A",.,"A"
"20152","03152771",33,0,"1",3250,"D",520,"D",.,"A",1560,"D",0,"D",.,"A",.,"A",2730,"D",0,"D",.,"A",.,"A",.,"A",.,"A"
"20152","03152781",28,0,"1",1300,"D",260,"D",.,"A",975,"D",0,"D",.,"A",.,"A",1040,"D",0,"D",.,"A",.,"A",117,"D",9,"D"
"20152","03152801",29,0,"1",260,"D",0,"D",104,"D",104,"D",90,"D",.,"A",.,"A",260,"D",60,"D",.,"A",.,"A",.,"A",.,"A"
"20152","03163271",28,0,"1",1040,"D",260,"D",.,"A",2990,"D",1050,"D",120,"D",.,"A",780,"D",60,"D",35,"D",455,"D",.,"A",.,"A"
"20152","03163281",36,0,"1",1543,"F",.,"A",.,"A",1560,"D",15,"D",.,"A",.,"A",1220,"F",0,"D",.,"A",.,"A",.,"A",.,"A"
"20152","03163291",30,0,"1",2080,"D",325,"D",.,"A",520,"D",0,"D",.,"A",.,"A",1755,"D",0,"D",.,"A",.,"A",.,"A",.,"A"
"20152","03163321",21,0,"1",3900,"D",780,"D",1300,"D",0,"D",0,"D",8,"D",.,"A",3120,"D",0,"D",.,"A",.,"A",.,"A",.,"A"
"20152","03163331",37,0,"1",1625,"D",325,"D",.,"A",325,"D",0,"D",.,"A",.,"A",1300,"D",0,"D",.,"A",.,"A",.,"A",.,"A"
"20152","03163341",18,0,"1",1950,"D",325,"D",.,"A",1950,"D",0,"D",.,"A",.,"A",1625,"D",0,"D",.,"A",.,"A",.,"A",.,"A"
"20152","03163364",13,0,"1",1430,"D",130,"D",.,"A",0,"D",0,"D",.,"A",.,"A",1300,"D",0,"D",.,"A",.,"A",.,"A",.,"A"
"20152","03163381",28,0,"1",2600,"D",325,"D",325,"D",260,"D",0,"D",.,"A",.,"A",2275,"D",0,"D",.,"A",.,"A",.,"A",.,"A"
"20152","03163391",20,0,"1",3900,"D",650,"D",.,"A",1300,"D",150,"D",.,"A",.,"A",3250,"D",0,"D",.,"A",.,"A",.,"A",.,"A"
"20152","03163401",10,0,"1",2132,"F",.,"A",.,"A",801,"F",77,"F",.,"A",.,"A",1810,"F",135,"F",.,"A",.,"A",.,"A",.,"A"
"20152","03163411",14,0,"1",390,"D",0,"D",.,"A",65,"D",0,"D",.,"A",.,"A",390,"D",0,"D",.,"A",.,"A",.,"A",.,"A"
"20152","03163441",20,0,"1",650,"D",65,"D",.,"A",650,"D",0,"D",.,"A",.,"A",585,"D",180,"D",.,"A",.,"A",.,"A",.,"A"
"20152","03163451",32,0,"1",390,"D",390,"D",.,"A",260,"D",0,"D",.,"A",.,"A",0,"D",0,"D",.,"A",.,"A",.,"A",.,"A"
"20152","03163461",45,0,"1",2340,"D",390,"D",.,"A",910,"D",45,"D",.,"A",.,"A",1950,"D",0,"D",.,"A",.,"A",.,"A",.,"A"
"20152","03163471",13,0,"1",975,"D",260,"D",.,"A",520,"D",120,"D",.,"A",.,"A",715,"D",0,"D",.,"A",.,"A",.,"A",.,"A"
"20152","03163481",15,0,"1",975,"D",0,"D",390,"D",0,"D",0,"D",.,"A",.,"A",975,"D",0,"D",50,"D",650,"D",.,"A",.,"A"
"20152","03163501",30,0,"1",1950,"D",390,"D",.,"A",1950,"D",225,"D",.,"A",.,"A",1560,"D",75,"D",.,"A",.,"A",.,"A",.,"A"
"20152","03163511",35,0,"1",1300,"D",260,"D",195,"D",325,"D",0,"D",.,"A",.,"A",1040,"D",60,"D",.,"A",.,"A",.,"A",.,"A"
"20152","03163541",32,0,"1",2340,"D",130,"D",.,"A",455,"D",6,"D",.,"A",.,"A",2210,"D",6,"D",.,"A",.,"A",.,"A",.,"A"
"20152","03163571",13,0,"1",650,"D",130,"D",.,"A",0,"D",0,"D",.,"A",.,"A",520,"D",6,"D",.,"A",.,"A",.,"A",.,"A"
"20152","03163603",35,0,"1",455,"D",195,"D",130,"D",0,"D",0,"D",.,"A",.,"A",260,"D",0,"D",.,"A",.,"A",.,"A",.,"A"
"20152","03163621",40,0,"1",1560,"D",130,"D",39,"D",455,"D",120,"D",.,"A",.,"A",1430,"D",90,"D",.,"A",.,"A",.,"A",.,"A"
"20152","03163631",11,0,"1",910,"D",130,"D",.,"A",0,"D",0,"D",.,"A",.,"A",780,"D",0,"D",.,"A",.,"A",.,"A",.,"A"
"20152","03163641",73,0,"1",1950,"D",325,"D",130,"D",2600,"D",225,"D",.,"A",.,"A",1625,"D",30,"D",.,"A",.,"A",.,"A",.,"A"
"20152","03163651",33,0,"1",1625,"D",65,"D",.,"A",130,"D",0,"D",.,"A",.,"A",1560,"D",30,"D",45,"D",585,"D",.,"A",.,"A"
"20152","03163661",15,0,"1",975,"D",130,"D",.,"A",0,"D",0,"D",.,"A",.,"A",845,"D",0,"D",.,"A",.,"A",.,"A",.,"A"
"20152","03163681",23,0,"1",3900,"D",390,"D",.,"A",0,"D",0,"D",.,"A",.,"A",3510,"D",60,"D",175,"D",2275,"D",.,"A",.,"A"
"20152","03163691",40,0,"1",1625,"D",0,"D",.,"A",650,"D",180,"D",.,"A",.,"A",1625,"D",60,"D",.,"A",.,"A",.,"A",.,"A"
"20152","03163701",34,0,"1",2041,"D",390,"D",.,"A",390,"D",0,"D",.,"A",.,"A",1651,"D",72,"D",.,"A",.,"A",.,"A",.,"A"
"20152","03163751",29,0,"1",650,"D",195,"D",260,"D",0,"D",0,"D",.,"A",.,"A",455,"D",30,"D",.,"A",.,"A",.,"A",.,"A"
"20152","03163761",18,0,"1",1300,"D",0,"D",.,"A",0,"D",0,"D",.,"A",.,"A",1300,"D",0,"D",.,"A",.,"A",.,"A",.,"A"
"20152","03163781",28,0,"1",975,"D",325,"D",.,"A",130,"D",0,"D",.,"A",.,"A",650,"D",240,"D",.,"A",.,"A",455,"D",35,"D"
"20152","03163801",34,0,"1",3900,"D",1300,"D",.,"A",0,"D",0,"D",.,"A",.,"A",2600,"D",0,"D",40,"D",520,"D",.,"A",.,"A"
"20152","03163811",15,0,"1",2275,"D",390,"D",130,"D",0,"D",0,"D",.,"A",100,"D",1885,"D",0,"D",40,"D",520,"D",.,"A",.,"A"
"20152","03163831",49,0,"1",1040,"D",130,"D",130,"D",260,"D",60,"D",.,"A",.,"A",910,"D",60,"D",.,"A",.,"A",.,"A",.,"A"
"20152","03163841",24,0,"1",494,"D",104,"D",13,"D",104,"D",0,"D",.,"A",.,"A",390,"D",0,"D",.,"A",.,"A",.,"A",.,"A"
"20152","03163861",21,0,"1",1040,"D",65,"D",.,"A",780,"D",0,"D",.,"A",.,"A",975,"D",0,"D",.,"A",.,"A",.,"A",.,"A"
"20152","03163871",11,0,"1",780,"D",130,"D",.,"A",0,"D",0,"D",.,"A",.,"A",650,"D",0,"D",6,"D",78,"D",.,"A",.,"A"
"20152","03163881",23,0,"1",1300,"D",260,"D",.,"A",390,"D",150,"D",.,"A",.,"A",1040,"D",120,"D",.,"A",.,"A",.,"A",.,"A"
"20152","03163921",27,0,"1",1560,"D",520,"D",.,"A",650,"D",0,"D",.,"A",.,"A",1040,"D",0,"D",.,"A",.,"A",.,"A",.,"A"
"20152","03163964",19,0,"1",2600,"D",650,"D",.,"A",0,"D",0,"D",.,"A",.,"A",1950,"D",0,"D",50,"D",650,"D",.,"A",.,"A"
"20152","03163981",24,0,"1",975,"D",0,"D",.,"A",1300,"D",0,"D",.,"A",.,"A",975,"D",0,"D",.,"A",.,"A",.,"A",.,"A"
"20152","03163991",27,0,"1",1300,"D",325,"D",.,"A",1300,"D",0,"D",.,"A",.,"A",975,"D",75,"D",.,"A",.,"A",.,"A",.,"A"
"20152","03164011",36,0,"1",2990,"D",520,"D",780,"D",1040,"D",300,"D",.,"A",.,"A",2470,"D",3,"D",.,"A",.,"A",.,"A",.,"A"
"20152","03164021",54,0,"1",2600,"D",390,"D",.,"A",1040,"D",540,"D",.,"A",.,"A",2210,"D",240,"D",.,"A",.,"A",.,"A",.,"A"
"20152","03164031",31,0,"1",975,"D",130,"D",.,"A",0,"D",0,"D",.,"A",.,"A",845,"D",0,"D",.,"A",.,"A",.,"A",.,"A"
"20152","03164051",27,0,"1",845,"D",0,"D",.,"A",975,"D",0,"D",.,"A",.,"A",845,"D",0,"D",.,"A",.,"A",.,"A",.,"A"
"20152","03164061",31,0,"1",3900,"D",325,"D",.,"A",130,"D",0,"D",.,"A",.,"A",3575,"D",120,"D",.,"A",.,"A",.,"A",.,"A"
"20152","03164071",30,0,"1",910,"D",195,"D",195,"D",195,"D",225,"D",.,"A",.,"A",715,"D",60,"D",.,"A",.,"A",.,"A",.,"A"
"20152","03164081",40,0,"1",1300,"D",195,"D",.,"A",1950,"D",0,"D",.,"A",.,"A",1105,"D",0,"D",.,"A",.,"A",.,"A",.,"A"
"20152","03164091",37,0,"1",1950,"D",780,"D",650,"D",390,"D",60,"D",.,"A",.,"A",1170,"D",66,"D",30,"D",390,"D",.,"A",.,"A"
"20152","03164121",35,0,"1",1300,"D",520,"D",.,"A",520,"D",15,"D",.,"A",.,"A",780,"D",30,"D",.,"A",.,"A",.,"A",.,"A"
"20152","03164131",19,0,"1",1625,"D",260,"D",.,"A",390,"D",0,"D",.,"A",167,"F",1365,"D",60,"D",.,"A",.,"A",.,"A",.,"A"
"20152","03164141",27,0,"1",2600,"D",650,"D",.,"A",1300,"D",210,"D",.,"A",.,"A",1950,"D",75,"D",.,"A",.,"A",.,"A",.,"A"
"20152","03164151",23,0,"1",1040,"D",65,"D",.,"A",650,"D",0,"D",.,"A",.,"A",975,"D",90,"D",.,"A",.,"A",.,"A",.,"A"
"20152","03164161",28,0,"1",1950,"D",520,"D",260,"D",0,"D",0,"D",.,"A",.,"A",1430,"D",0,"D",.,"A",.,"A",.,"A",.,"A"
"20152","03164171",17,0,"1",520,"D",65,"D",.,"A",0,"D",0,"D",.,"A",.,"A",455,"D",0,"D",.,"A",.,"A",.,"A",.,"A"
"20152","03164181",55,0,"1",1625,"D",390,"D",520,"D",1300,"D",60,"D",.,"A",.,"A",1235,"D",150,"D",.,"A",.,"A",.,"A",.,"A"
"20152","03164213",10,0,"1",1560,"D",260,"D",.,"A",0,"D",0,"D",260,"D",.,"A",1300,"D",0,"D",.,"A",.,"A",.,"A",.,"A"
"20152","03164271",44,0,"1",2600,"D",260,"D",.,"A",1040,"D",0,"D",.,"A",150,"D",2340,"D",0,"D",.,"A",.,"A",195,"D",15,"D"
"20152","03164291",7,0,"1",930,"F",.,"A",.,"A",471,"F",158,"F",.,"A",.,"A",755,"F",104,"F",.,"A",.,"A",.,"A",.,"A"
"20152","03164311",27,0,"1",1300,"D",520,"D",.,"A",0,"D",0,"D",.,"A",.,"A",780,"D",30,"D",.,"A",.,"A",.,"A",.,"A"
"20152","03164321",30,0,"1",1950,"D",130,"D",.,"A",520,"D",6,"D",.,"A",.,"A",1820,"D",6,"D",.,"A",.,"A",.,"A",.,"A"
"20152","03164341",25,0,"1",585,"D",130,"D",.,"A",130,"D",0,"D",.,"A",.,"A",455,"D",0,"D",.,"A",.,"A",.,"A",.,"A"
"20152","03164361",19,0,"1",3250,"D",260,"D",325,"D",650,"D",0,"D",.,"A",.,"A",2990,"D",0,"D",.,"A",.,"A",.,"A",.,"A"
"20152","03164371",19,0,"1",1300,"D",130,"D",.,"A",65,"D",0,"D",.,"A",.,"A",1170,"D",0,"D",.,"A",.,"A",.,"A",.,"A"
"20152","03164391",10,0,"1",130,"D",130,"D",.,"A",0,"D",0,"D",.,"A",.,"A",0,"D",0,"D",.,"A",.,"A",.,"A",.,"A"
"20152","03164441",33,0,"1",1560,"D",520,"D",.,"A",650,"D",0,"D",.,"A",.,"A",1040,"D",0,"D",.,"A",.,"A",.,"A",.,"A"
"20152","03164471",24,0,"1",975,"D",0,"D",.,"A",260,"D",0,"D",.,"A",.,"A",975,"D",0,"D",25,"D",325,"D",.,"A",.,"A"
"20152","03164481",25,0,"1",1300,"D",195,"D",.,"A",0,"D",0,"D",.,"A",.,"A",1105,"D",0,"D",.,"A",.,"A",.,"A",.,"A"
"20152","03164511",32,0,"1",390,"D",65,"D",.,"A",195,"D",0,"D",.,"A",.,"A",325,"D",0,"D",.,"A",.,"A",.,"A",.,"A"
"20152","03164521",52,0,"1",975,"D",130,"D",.,"A",390,"D",45,"D",.,"A",.,"A",845,"D",120,"D",.,"A",.,"A",.,"A",.,"A"
"20152","03164531",50,0,"1",1495,"D",0,"D",.,"A",780,"D",0,"D",.,"A",.,"A",1495,"D",3,"D",.,"A",.,"A",.,"A",.,"A"
"20152","03164541",31,0,"1",2600,"D",0,"D",.,"A",650,"D",0,"D",.,"A",.,"A",2600,"D",0,"D",.,"A",.,"A",.,"A",.,"A"
"20152","03164553",10,0,"1",2522,"D",0,"D",.,"A",0,"D",0,"D",.,"A",.,"A",2522,"D",0,"D",.,"A",.,"A",.,"A",.,"A"
"20152","03164561",8,0,"1",377,"D",0,"D",.,"A",0,"D",0,"D",.,"A",.,"A",377,"D",0,"D",.,"A",.,"A",.,"A",.,"A"
"20152","03164571",12,0,"1",1625,"D",195,"D",390,"D",260,"D",0,"D",.,"A",.,"A",1430,"D",6,"D",.,"A",.,"A",.,"A",.,"A"
"20152","03164581",24,0,"1",715,"D",65,"D",.,"A",650,"D",75,"D",.,"A",.,"A",650,"D",75,"D",.,"A",.,"A",.,"A",.,"A"
"20152","03164591",61,0,"1",1300,"D",260,"D",.,"A",1300,"D",60,"D",.,"A",.,"A",1040,"D",180,"D",.,"A",.,"A",.,"A",.,"A"
"20152","03164611",25,0,"1",390,"D",156,"D",156,"D",0,"D",0,"D",.,"A",.,"A",234,"D",0,"D",9,"D",117,"D",.,"A",.,"A"
"20152","03164621",37,0,"1",1300,"D",130,"D",.,"A",520,"D",0,"D",.,"A",.,"A",1170,"D",180,"D",.,"A",.,"A",.,"A",.,"A"
"20152","03164631",25,0,"1",1261,"D",0,"D",.,"A",520,"D",0,"D",.,"A",.,"A",1261,"D",0,"D",.,"A",.,"A",.,"A",.,"A"
"20152","03164664",26,0,"1",650,"D",130,"D",.,"A",390,"D",600,"D",.,"A",.,"A",520,"D",300,"D",6,"D",78,"D",65,"D",5,"D"
"20152","03164671",30,0,"1",975,"D",0,"D",.,"A",195,"D",0,"D",.,"A",.,"A",975,"D",0,"D",70,"D",910,"D",.,"A",.,"A"
"20152","03164681",10,0,"1",650,"D",130,"D",.,"A",1040,"D",0,"D",.,"A",.,"A",520,"D",90,"D",.,"A",.,"A",.,"A",.,"A"
"20152","03164691",20,0,"1",1040,"D",260,"D",.,"A",650,"D",0,"D",.,"A",.,"A",780,"D",0,"D",.,"A",.,"A",.,"A",.,"A"
"20152","03164701",36,0,"1",2132,"F",.,"A",.,"A",390,"D",0,"D",.,"A",.,"A",1810,"F",0,"D",70,"D",910,"D",.,"A",.,"A"
"20152","03164711",22,0,"1",2600,"D",26,"D",.,"A",975,"D",360,"D",.,"A",.,"A",2574,"D",90,"D",.,"A",.,"A",.,"A",.,"A"
"20152","03164721",15,0,"1",1300,"D",130,"D",.,"A",390,"D",0,"D",.,"A",.,"A",1170,"D",60,"D",30,"D",390,"D",.,"A",.,"A"
"20152","03164731",42,0,"1",1625,"D",299,"D",260,"D",650,"D",120,"D",.,"A",36,"D",1326,"D",120,"D",.,"A",.,"A",.,"A",.,"A"
"20152","03164751",18,0,"1",1950,"D",325,"D",.,"A",65,"D",0,"D",.,"A",.,"A",1625,"D",0,"D",20,"D",260,"D",.,"A",.,"A"
"20152","03164761",10,0,"1",910,"D",0,"D",.,"A",0,"D",0,"D",.,"A",.,"A",910,"D",0,"D",.,"A",.,"A",.,"A",.,"A"
"20152","03164771",30,0,"1",1625,"D",650,"D",.,"A",650,"D",0,"D",.,"A",.,"A",975,"D",0,"D",.,"A",.,"A",.,"A",.,"A"
"20152","03164791",27,0,"1",1950,"D",650,"D",.,"A",390,"D",0,"D",.,"A",.,"A",1300,"D",45,"D",20,"D",260,"D",130,"D",10,"D"
"20152","03164811",16,0,"1",1950,"D",390,"D",.,"A",1300,"D",0,"D",.,"A",.,"A",1560,"D",0,"D",.,"A",.,"A",.,"A",.,"A"
"20152","03164831",17,0,"1",650,"D",260,"D",.,"A",780,"D",300,"D",.,"A",.,"A",390,"D",120,"D",10,"D",130,"D",.,"A",.,"A"
"20152","03164841",47,0,"1",1820,"D",520,"D",.,"A",364,"D",30,"D",.,"A",.,"A",1300,"D",60,"D",50,"D",650,"D",.,"A",.,"A"
"20152","03164851",16,0,"1",2925,"D",520,"D",.,"A",0,"D",0,"D",.,"A",.,"A",2405,"D",0,"D",.,"A",.,"A",.,"A",.,"A"
"20152","03164861",11,0,"1",1536,"F",.,"A",.,"A",800,"F",175,"F",.,"A",.,"A",1244,"F",168,"F",.,"A",.,"A",.,"A",.,"A"
"20152","03164871",30,0,"1",2218,"F",.,"A",.,"A",751,"F",108,"F",.,"A",360,"D",1805,"F",120,"D",.,"A",.,"A",.,"A",.,"A"
"20152","03164881",14,0,"1",741,"D",0,"D",91,"D",182,"D",0,"D",.,"A",.,"A",741,"D",0,"D",.,"A",.,"A",.,"A",.,"A"
"20152","03164941",31,0,"1",1625,"D",195,"D",.,"A",260,"D",75,"D",.,"A",.,"A",1430,"D",144,"D",.,"A",.,"A",.,"A",.,"A"
"20152","03164981",50,0,"1",1300,"D",325,"D",.,"A",1950,"D",150,"D",.,"A",.,"A",975,"D",150,"D",15,"D",195,"D",.,"A",.,"A"
"20152","03164991",20,0,"1",793,"F",.,"A",.,"A",0,"D",0,"D",.,"A",.,"A",642,"F",0,"D",.,"A",.,"A",.,"A",.,"A"
"20152","03165011",14,0,"1",325,"D",195,"D",.,"A",650,"D",0,"D",910,"D",.,"A",130,"D",0,"D",70,"D",910,"D",.,"A",.,"A"
"20152","03165041",48,0,"1",1300,"D",0,"D",.,"A",520,"D",0,"D",.,"A",.,"A",1300,"D",0,"D",.,"A",.,"A",.,"A",.,"A"
"20152","03165061",32,0,"1",1950,"D",390,"D",.,"A",910,"D",120,"D",897,"D",.,"A",1560,"D",540,"D",.,"A",.,"A",.,"A",.,"A"
"20152","03165081",13,0,"1",975,"D",130,"D",.,"A",1300,"D",0,"D",.,"A",.,"A",845,"D",30,"D",.,"A",.,"A",.,"A",.,"A"
"20152","03165101",15,0,"1",1040,"D",325,"D",260,"D",0,"D",0,"D",.,"A",.,"A",715,"D",0,"D",15,"D",195,"D",.,"A",.,"A"
"20152","03165111",10,0,"1",3900,"D",1950,"D",130,"D",260,"D",90,"D",.,"A",.,"A",1950,"D",90,"D",.,"A",.,"A",.,"A",.,"A"
"20152","03165121",21,0,"1",2600,"D",0,"D",.,"A",1950,"D",300,"D",.,"A",.,"A",2600,"D",600,"D",.,"A",.,"A",.,"A",.,"A"
"20152","03165131",39,0,"1",1950,"D",260,"D",.,"A",650,"D",0,"D",.,"A",.,"A",1690,"D",0,"D",.,"A",.,"A",.,"A",.,"A"
"20152","03165141",34,0,"1",2210,"D",650,"D",325,"D",520,"D",0,"D",.,"A",.,"A",1560,"D",0,"D",.,"A",.,"A",.,"A",.,"A"
"20152","03165151",73,0,"1",2275,"D",975,"D",650,"D",650,"D",220,"F",.,"A",.,"A",1300,"D",345,"D",.,"A",.,"A",.,"A",.,"A"
"20152","03165161",81,0,"1",15600,"D",2600,"D",1300,"D",1300,"D",900,"D",.,"A",360,"D",13000,"D",900,"D",600,"D",7800,"D",.,"A",.,"A"
"20152","03165171",13,0,"1",650,"D",0,"D",.,"A",260,"D",0,"D",.,"A",.,"A",650,"D",0,"D",.,"A",.,"A",.,"A",.,"A"
"20152","03165211",36,0,"1",1300,"D",260,"D",.,"A",390,"D",0,"D",.,"A",.,"A",1040,"D",0,"D",.,"A",.,"A",.,"A",.,"A"
"20152","03165231",35,0,"1",2600,"D",260,"D",.,"A",1950,"D",240,"D",.,"A",.,"A",2340,"D",120,"D",.,"A",.,"A",.,"A",.,"A"
"20152","03165241",18,0,"1",1950,"D",650,"D",.,"A",1040,"D",0,"D",.,"A",.,"A",1300,"D",0,"D",50,"D",650,"D",.,"A",.,"A"
"20152","03165255",31,0,"1",715,"D",325,"D",.,"A",4290,"D",60,"D",.,"A",.,"A",390,"D",60,"D",.,"A",.,"A",.,"A",.,"A"
"20152","03165261",27,0,"1",1170,"D",520,"D",.,"A",390,"D",90,"D",.,"A",.,"A",650,"D",480,"D",10,"D",130,"D",.,"A",.,"A"
"20152","03165281",36,0,"1",1300,"D",130,"D",479,"F",520,"D",0,"D",.,"A",.,"A",1170,"D",0,"D",.,"A",.,"A",260,"D",20,"D"
"20152","03165291",34,0,"1",2730,"D",130,"D",.,"A",650,"D",0,"D",.,"A",.,"A",2600,"D",60,"D",.,"A",.,"A",.,"A",.,"A"
"20152","03165301",20,0,"1",1950,"D",325,"D",325,"D",1300,"D",60,"D",.,"A",.,"A",1625,"D",60,"D",.,"A",.,"A",.,"A",.,"A"
"20152","03165311",14,0,"1",930,"F",.,"A",.,"A",0,"D",0,"D",.,"A",.,"A",755,"F",0,"D",.,"A",.,"A",.,"A",.,"A"
"20152","03165341",22,0,"1",2600,"D",390,"D",.,"A",520,"D",0,"D",.,"A",.,"A",2210,"D",60,"D",35,"D",455,"D",.,"A",.,"A"
"20152","03165351",24,0,"1",1625,"D",325,"D",.,"A",390,"D",0,"D",.,"A",.,"A",1300,"D",0,"D",.,"A",.,"A",130,"D",10,"D"
"20152","03165361",17,0,"1",947,"F",.,"A",910,"D",1300,"D",0,"D",.,"A",.,"A",736,"F",0,"D",.,"A",.,"A",.,"A",.,"A"
"20152","03165381",13,0,"1",975,"D",130,"D",.,"A",650,"D",0,"D",.,"A",.,"A",845,"D",0,"D",.,"A",.,"A",.,"A",.,"A"
"20152","03165391",16,0,"1",1300,"D",260,"D",.,"A",1300,"D",0,"D",.,"A",.,"A",1040,"D",0,"D",.,"A",.,"A",.,"A",.,"A"
"20152","03165401",38,0,"1",1950,"D",650,"D",650,"D",260,"D",0,"D",.,"A",.,"A",1300,"D",0,"D",.,"A",.,"A",.,"A",.,"A"
"20152","03165443",18,0,"1",780,"D",130,"D",.,"A",520,"D",0,"D",.,"A",.,"A",650,"D",75,"D",12,"D",156,"D",.,"A",.,"A"
"20152","03165451",20,0,"1",1300,"D",1040,"D",520,"D",624,"D",0,"D",.,"A",.,"A",260,"D",300,"D",60,"D",780,"D",.,"A",.,"A"
"20152","03165461",38,0,"1",325,"D",39,"D",65,"D",195,"D",0,"D",.,"A",.,"A",286,"D",0,"D",.,"A",.,"A",.,"A",.,"A"
"20152","03165471",15,0,"1",975,"D",0,"D",.,"A",0,"D",0,"D",.,"A",.,"A",975,"D",48,"D",.,"A",.,"A",.,"A",.,"A"
"20152","03165481",21,0,"1",1950,"D",390,"D",325,"D",1950,"D",0,"D",.,"A",.,"A",1560,"D",0,"D",.,"A",.,"A",.,"A",.,"A"
"20152","03165495",17,0,"1",910,"D",130,"D",.,"A",0,"D",0,"D",.,"A",.,"A",780,"D",0,"D",.,"A",.,"A",.,"A",.,"A"
"20152","03165511",28,0,"1",3250,"D",1300,"D",.,"A",1300,"D",600,"D",.,"A",.,"A",1950,"D",150,"D",.,"A",.,"A",390,"D",30,"D"
"20152","03165521",11,0,"1",650,"D",0,"D",.,"A",325,"D",0,"D",.,"A",.,"A",650,"D",120,"D",3,"D",39,"D",.,"A",.,"A"
"20152","03165543",23,0,"1",455,"D",130,"D",.,"A",91,"D",0,"D",.,"A",.,"A",325,"D",0,"D",.,"A",.,"A",.,"A",.,"A"
"20152","03165581",15,0,"1",3900,"D",0,"D",.,"A",260,"D",0,"D",.,"A",.,"A",3900,"D",0,"D",.,"A",.,"A",.,"A",.,"A"
"20152","03165591",23,0,"1",1300,"D",650,"D",.,"A",800,"F",0,"D",.,"A",.,"A",650,"D",0,"D",.,"A",.,"A",.,"A",.,"A"
"20152","03165621",24,0,"1",1300,"D",0,"D",.,"A",0,"D",0,"D",.,"A",.,"A",1300,"D",0,"D",25,"D",325,"D",.,"A",.,"A"
"20152","03165631",39,0,"1",3250,"D",260,"D",234,"D",520,"D",0,"D",.,"A",.,"A",2990,"D",0,"D",.,"A",.,"A",.,"A",.,"A"
"20152","03165641",60,0,"1",1040,"D",234,"D",260,"D",1040,"D",150,"D",.,"A",.,"A",806,"D",30,"D",.,"A",.,"A",.,"A",.,"A"
"20152","03165651",19,0,"1",1560,"D",130,"D",.,"A",0,"D",0,"D",.,"A",.,"A",1430,"D",0,"D",.,"A",.,"A",.,"A",.,"A"
"20152","03165661",26,0,"1",1430,"D",390,"D",.,"A",260,"D",0,"D",.,"A",.,"A",1040,"D",90,"D",.,"A",.,"A",.,"A",.,"A"
"20152","03165691",19,0,"1",520,"D",130,"D",.,"A",260,"D",0,"D",.,"A",.,"A",390,"D",30,"D",.,"A",.,"A",.,"A",.,"A"
"20152","03165701",15,0,"1",910,"D",65,"D",.,"A",0,"D",0,"D",.,"A",.,"A",845,"D",0,"D",.,"A",.,"A",.,"A",.,"A"
"20152","03165711",16,0,"1",1300,"D",260,"D",.,"A",1040,"D",0,"D",.,"A",.,"A",1040,"D",0,"D",.,"A",.,"A",.,"A",.,"A"
"20152","03165724",13,0,"1",793,"F",.,"A",.,"A",0,"D",0,"D",.,"A",.,"A",642,"F",0,"D",.,"A",.,"A",.,"A",.,"A"
"20152","03165741",27,0,"1",650,"D",0,"D",.,"A",1625,"D",0,"D",.,"A",.,"A",650,"D",0,"D",.,"A",.,"A",.,"A",.,"A"
"20152","03165751",41,0,"1",1300,"D",520,"D",.,"A",9750,"D",1500,"D",.,"A",.,"A",780,"D",150,"D",.,"A",.,"A",.,"A",.,"A"
"20152","03165761",44,0,"1",1690,"D",390,"D",130,"D",520,"D",0,"D",.,"A",.,"A",1300,"D",120,"D",30,"D",390,"D",.,"A",.,"A"
"20152","03165791",11,0,"1",1536,"F",.,"A",.,"A",800,"F",175,"F",.,"A",.,"A",1244,"F",168,"F",.,"A",.,"A",.,"A",.,"A"
"20152","03165811",29,0,"1",2730,"D",520,"D",.,"A",650,"D",0,"D",.,"A",.,"A",2210,"D",900,"D",.,"A",.,"A",.,"A",.,"A"
"20152","03165831",27,0,"1",1950,"D",650,"D",.,"A",650,"D",0,"D",.,"A",.,"A",1300,"D",0,"D",.,"A",.,"A",.,"A",.,"A"
"20152","03165841",21,0,"1",780,"D",130,"D",.,"A",130,"D",0,"D",.,"A",.,"A",650,"D",0,"D",25,"D",325,"D",.,"A",.,"A"
"20152","03165851",23,0,"1",1300,"D",195,"D",130,"D",520,"D",0,"D",.,"A",40,"D",1105,"D",30,"D",.,"A",.,"A",.,"A",.,"A"
"20152","03165871",22,0,"1",1300,"D",260,"D",.,"A",780,"D",0,"D",.,"A",.,"A",1040,"D",0,"D",.,"A",.,"A",65,"D",5,"D"
"20152","03165901",29,0,"1",5200,"D",1300,"D",.,"A",390,"D",0,"D",.,"A",720,"D",3900,"D",300,"D",.,"A",.,"A",.,"A",.,"A"
"20152","03165911",21,0,"1",1040,"D",65,"D",.,"A",0,"D",0,"D",.,"A",.,"A",975,"D",60,"D",.,"A",.,"A",.,"A",.,"A"
"20152","03165921",24,0,"1",650,"D",130,"D",26,"D",0,"D",0,"D",.,"A",.,"A",520,"D",0,"D",8,"D",104,"D",.,"A",.,"A"
"20152","03165961",19,0,"1",1040,"D",195,"D",.,"A",260,"D",6,"D",.,"A",.,"A",845,"D",6,"D",10,"D",130,"D",.,"A",.,"A"
"20152","03166021",9,0,"1",260,"D",0,"D",.,"A",195,"D",0,"D",.,"A",.,"A",260,"D",0,"D",.,"A",.,"A",.,"A",.,"A"
"20152","03166031",20,0,"1",975,"D",0,"D",.,"A",195,"D",0,"D",.,"A",.,"A",975,"D",0,"D",.,"A",.,"A",.,"A",.,"A"
"20152","03166081",21,0,"1",520,"D",130,"D",.,"A",130,"D",0,"D",.,"A",.,"A",390,"D",150,"D",.,"A",.,"A",312,"D",24,"D"
"20152","03166101",32,0,"1",2132,"F",.,"A",.,"A",801,"F",77,"F",.,"A",.,"A",1810,"F",6,"D",.,"A",.,"A",.,"A",.,"A"
"20152","03166121",29,0,"1",1300,"D",325,"D",.,"A",2600,"D",480,"D",.,"A",.,"A",975,"D",240,"D",.,"A",.,"A",.,"A",.,"A"
"20152","03166131",21,0,"1",1950,"D",520,"D",.,"A",390,"D",0,"D",.,"A",.,"A",1430,"D",60,"D",.,"A",.,"A",.,"A",.,"A"
"20152","03166181",13,0,"1",975,"D",130,"D",.,"A",130,"D",0,"D",.,"A",.,"A",845,"D",30,"D",.,"A",.,"A",.,"A",.,"A"
"20152","03166191",21,0,"1",1300,"D",325,"D",.,"A",0,"D",0,"D",.,"A",.,"A",975,"D",300,"D",20,"D",260,"D",.,"A",.,"A"
"20152","03166201",19,0,"1",1625,"D",325,"D",.,"A",650,"D",0,"D",.,"A",.,"A",1300,"D",0,"D",.,"A",.,"A",.,"A",.,"A"
"20152","03166211",37,0,"1",1950,"D",390,"D",195,"D",780,"D",30,"D",.,"A",.,"A",1560,"D",0,"D",70,"D",910,"D",.,"A",.,"A"
"20152","03166221",42,0,"1",1950,"D",325,"D",.,"A",650,"D",60,"D",.,"A",.,"A",1625,"D",225,"D",.,"A",.,"A",.,"A",.,"A"
"20152","03166261",31,0,"1",3900,"D",650,"D",.,"A",1300,"D",0,"D",.,"A",.,"A",3250,"D",0,"D",.,"A",.,"A",390,"D",30,"D"
"20152","03166281",40,0,"1",910,"D",260,"D",130,"D",1885,"D",120,"D",.,"A",.,"A",650,"D",90,"D",.,"C",403,"F",.,"A",.,"A"
"20152","03166311",28,0,"1",1040,"D",260,"D",.,"A",117,"D",0,"D",.,"A",.,"A",780,"D",0,"D",.,"A",.,"A",.,"A",.,"A"
"20152","03166321",34,0,"1",3900,"D",1300,"D",.,"A",1300,"D",0,"D",.,"A",.,"A",2600,"D",0,"D",70,"D",910,"D",.,"A",.,"A"
"20152","03166341",10,0,"1",520,"D",156,"D",.,"A",130,"D",30,"D",.,"A",.,"A",364,"D",75,"D",.,"A",.,"A",.,"A",.,"A"
"20152","03166353",11,0,"1",1950,"D",195,"D",.,"A",650,"D",0,"D",.,"A",.,"A",1755,"D",0,"D",.,"A",.,"A",.,"A",.,"A"
"20152","03166361",20,0,"1",780,"D",195,"D",.,"A",1040,"D",45,"D",.,"A",.,"A",585,"D",90,"D",.,"A",.,"A",.,"A",.,"A"
"20152","03166371",20,0,"1",2080,"D",780,"D",260,"D",780,"D",6,"D",.,"A",.,"A",1300,"D",180,"D",.,"A",.,"A",.,"A",.,"A"
"20152","03166381",26,0,"1",1950,"D",650,"D",.,"A",1300,"D",0,"D",.,"A",.,"A",1300,"D",360,"D",100,"D",1300,"D",.,"A",.,"A"
"20152","03166401",60,0,"1",3900,"D",650,"D",.,"A",1300,"D",120,"D",.,"A",.,"A",3250,"D",150,"D",.,"A",.,"A",.,"A",.,"A"
"20152","03166451",26,0,"1",2600,"D",317,"F",.,"A",3120,"D",180,"D",.,"A",.,"A",1135,"F",100,"F",.,"A",.,"A",.,"A",.,"A"
"20152","03166461",31,0,"1",1560,"D",1300,"D",221,"D",650,"D",0,"D",.,"A",.,"A",260,"D",0,"D",.,"A",.,"A",.,"A",.,"A"
"20152","03166471",15,0,"1",975,"D",195,"D",.,"A",390,"D",0,"D",.,"A",.,"A",780,"D",0,"D",.,"A",.,"A",.,"A",.,"A"
"20152","03166481",35,0,"1",3250,"D",1560,"D",.,"A",520,"D",0,"D",.,"A",.,"A",1690,"D",0,"D",.,"A",.,"A",.,"A",.,"A"
"20152","03166501",48,0,"1",780,"D",0,"D",.,"A",0,"D",0,"D",.,"A",.,"A",780,"D",0,"D",.,"A",.,"A",.,"A",.,"A"
"20152","03166531",19,0,"1",650,"D",260,"D",.,"A",130,"D",0,"D",.,"A",.,"A",390,"D",0,"D",.,"A",.,"A",.,"A",.,"A"
"20152","03166541",18,0,"1",1300,"D",156,"D",.,"A",0,"D",0,"D",.,"A",.,"A",1144,"D",0,"D",.,"A",.,"A",.,"A",.,"A"
"20152","03166553",31,0,"1",975,"D",650,"D",260,"D",195,"D",0,"D",.,"A",.,"A",325,"D",0,"D",.,"A",.,"A",.,"A",.,"A"
"20152","03166561",34,0,"1",1300,"D",0,"D",.,"A",780,"D",0,"D",.,"A",.,"A",1300,"D",60,"D",.,"A",.,"A",.,"A",.,"A"
"20152","03166581",30,0,"1",6500,"D",1300,"D",.,"A",130,"D",0,"D",.,"A",.,"A",5200,"D",0,"D",.,"A",.,"A",.,"A",.,"A"
"20152","03166611",57,0,"1",2600,"D",130,"D",260,"D",390,"D",150,"D",.,"A",.,"A",2470,"D",90,"D",.,"A",.,"A",.,"A",.,"A"
"20152","03166621",22,0,"1",1536,"F",.,"A",.,"A",800,"F",175,"F",.,"A",.,"A",1244,"F",168,"F",.,"A",.,"A",.,"A",.,"A"
"20152","03166671",11,0,"1",650,"D",0,"D",.,"A",0,"D",0,"D",.,"A",.,"A",650,"D",0,"D",.,"A",.,"A",.,"A",.,"A"
"20152","03166691",28,0,"1",1300,"D",325,"D",.,"A",1300,"D",150,"D",.,"A",.,"A",975,"D",249,"F",.,"A",.,"A",.,"A",.,"A"
"20152","03166711",29,0,"1",585,"D",65,"D",.,"A",715,"D",0,"D",.,"A",.,"A",520,"D",0,"D",.,"A",.,"A",.,"A",.,"A"
"20152","03166721",47,0,"1",1950,"D",65,"D",260,"D",390,"D",120,"D",.,"A",.,"A",1885,"D",120,"D",.,"A",.,"A",.,"A",.,"A"
"20152","03166751",21,0,"1",1300,"D",195,"D",.,"A",650,"D",0,"D",.,"A",.,"A",1105,"D",0,"D",.,"A",.,"A",.,"A",.,"A"
"20152","03166761",20,0,"1",1040,"D",130,"D",.,"A",260,"D",0,"D",.,"A",.,"A",910,"D",0,"D",.,"A",.,"A",.,"A",.,"A"
"20152","03166791",41,0,"1",1950,"D",390,"D",.,"A",0,"D",0,"D",.,"A",100,"D",1560,"D",0,"D",.,"A",.,"A",.,"A",.,"A"
"20152","03166801",21,0,"1",520,"D",65,"D",.,"A",130,"D",0,"D",.,"A",231,"D",455,"D",0,"D",.,"A",.,"A",.,"A",.,"A"
"20152","03166811",34,0,"1",520,"D",195,"D",.,"A",390,"D",0,"D",.,"A",.,"A",325,"D",0,"D",30,"D",390,"D",.,"A",.,"A"
"20152","03166821",23,0,"1",1690,"D",390,"D",.,"A",260,"D",0,"D",.,"A",.,"A",1300,"D",0,"D",.,"A",.,"A",.,"A",.,"A"
"20152","03166831",26,0,"1",1300,"D",325,"D",325,"D",1300,"D",0,"D",.,"A",.,"A",975,"D",0,"D",.,"A",.,"A",.,"A",.,"A"
"20152","03166851",57,0,"1",1950,"D",390,"D",.,"A",1300,"D",0,"D",.,"A",.,"A",1560,"D",30,"D",.,"A",.,"A",.,"A",.,"A"
"20152","03166861",30,0,"1",1755,"D",260,"D",.,"A",234,"D",0,"D",.,"A",.,"A",1495,"D",0,"D",40,"D",520,"D",.,"A",.,"A"
"20152","03166891",26,0,"1",780,"D",0,"D",.,"A",2600,"D",1200,"D",.,"A",.,"A",780,"D",300,"D",.,"A",.,"A",.,"A",.,"A"
"20152","03166921",22,0,"1",1300,"D",319,"F",.,"A",260,"D",0,"D",.,"A",.,"A",1152,"F",75,"D",.,"A",.,"A",.,"A",.,"A"
"20152","03166941",32,0,"1",2600,"D",0,"D",260,"D",520,"D",0,"D",.,"A",.,"A",2600,"D",0,"D",.,"A",.,"A",.,"A",.,"A"
"20152","03166971",46,0,"1",1560,"D",130,"D",.,"A",260,"D",30,"D",960,"D",.,"A",1430,"D",30,"D",.,"A",.,"A",.,"A",.,"A"
"20152","03166991",31,0,"1",1950,"D",260,"D",.,"A",260,"D",0,"D",.,"A",.,"A",1690,"D",120,"D",.,"A",.,"A",.,"A",.,"A"
"20152","03167001",35,0,"1",520,"D",520,"D",.,"A",650,"D",0,"D",.,"A",.,"A",0,"D",240,"D",.,"A",.,"A",520,"D",40,"D"
"20152","03167011",36,0,"1",650,"D",130,"D",.,"A",1300,"D",60,"D",.,"A",.,"A",520,"D",30,"D",.,"A",.,"A",.,"A",.,"A"
"20152","03167041",23,0,"1",2340,"D",585,"D",.,"A",975,"D",0,"D",.,"A",.,"A",1755,"D",150,"D",.,"A",.,"A",.,"A",.,"A"
"20152","03167051",18,0,"1",481,"D",0,"D",.,"A",195,"D",15,"D",.,"A",.,"A",481,"D",60,"D",35,"D",455,"D",.,"A",.,"A"
"20152","03167061",14,0,"1",1300,"D",130,"D",.,"A",0,"D",0,"D",.,"A",.,"A",1170,"D",90,"D",.,"A",.,"A",.,"A",.,"A"
"20152","03167083",23,0,"1",585,"D",104,"D",.,"A",260,"D",0,"D",.,"A",.,"A",481,"D",0,"D",.,"A",.,"A",.,"A",.,"A"
"20152","03167093",10,0,"1",975,"D",260,"D",.,"A",260,"D",0,"D",.,"A",.,"A",715,"D",0,"D",.,"A",.,"A",.,"A",.,"A"
"20152","03167131",18,0,"1",975,"D",0,"D",.,"A",260,"D",0,"D",.,"A",.,"A",975,"D",0,"D",.,"A",.,"A",.,"A",.,"A"
"20152","03167141",11,0,"1",1131,"D",325,"D",.,"A",91,"D",0,"D",.,"A",.,"A",806,"D",39,"D",15,"D",195,"D",.,"A",.,"A"
"20152","03167161",22,0,"1",1560,"D",130,"D",.,"A",1040,"D",0,"D",.,"A",.,"A",1430,"D",75,"D",.,"A",.,"A",.,"A",.,"A"
"20152","03167171",11,0,"1",2405,"D",1300,"D",.,"A",0,"D",0,"D",.,"A",.,"A",1105,"D",120,"D",7,"D",91,"D",.,"A",.,"A"
"20152","03167181",38,0,"1",1235,"D",260,"D",65,"D",585,"D",0,"D",.,"A",.,"A",975,"D",75,"D",.,"A",.,"A",.,"A",.,"A"
"20152","03167191",30,0,"1",2600,"D",195,"D",.,"A",1560,"D",0,"D",.,"A",.,"A",2405,"D",0,"D",.,"A",.,"A",.,"A",.,"A"
"20152","03167211",17,0,"1",1690,"D",260,"D",.,"A",520,"D",30,"D",.,"A",.,"A",1430,"D",120,"D",.,"A",.,"A",.,"A",.,"A"
"20152","03167221",42,0,"1",2275,"D",0,"D",.,"A",520,"D",120,"D",.,"A",.,"A",2275,"D",75,"D",45,"D",585,"D",.,"A",.,"A"
"20152","03167241",9,0,"1",780,"D",0,"D",.,"A",0,"D",0,"D",.,"A",.,"A",780,"D",0,"D",.,"A",.,"A",.,"A",.,"A"
"20152","03167261",51,0,"1",3250,"D",650,"D",.,"A",975,"D",90,"D",.,"A",.,"A",2600,"D",90,"D",.,"A",.,"A",.,"A",.,"A"
"20152","03167271",50,0,"1",715,"D",0,"D",.,"A",910,"D",0,"D",.,"A",.,"A",715,"D",0,"D",.,"A",.,"A",.,"A",.,"A"
"20152","03167301",24,0,"1",1300,"D",325,"D",.,"A",260,"D",0,"D",.,"A",.,"A",975,"D",0,"D",.,"A",.,"A",.,"A",.,"A"
"20152","03167311",14,0,"1",650,"D",130,"D",195,"D",0,"D",0,"D",.,"A",.,"A",520,"D",0,"D",.,"A",.,"A",.,"A",.,"A"
"20152","03167321",10,0,"1",520,"D",65,"D",.,"A",0,"D",0,"D",.,"A",.,"A",455,"D",0,"D",20,"D",260,"D",.,"A",.,"A"
"20152","03167331",14,0,"1",2600,"D",1300,"D",.,"A",260,"D",0,"D",.,"A",.,"A",1300,"D",150,"D",.,"A",.,"A",.,"A",.,"A"
"20152","03167341",27,0,"1",1300,"D",195,"D",.,"A",0,"D",0,"D",.,"A",.,"A",1105,"D",0,"D",21,"D",273,"D",.,"A",.,"A"
"20152","03167351",11,0,"1",975,"D",186,"F",.,"A",0,"D",0,"D",.,"A",.,"A",642,"F",0,"D",.,"A",.,"A",.,"A",.,"A"
"20152","03167361",38,0,"1",1625,"D",650,"D",.,"A",260,"D",0,"D",.,"A",.,"A",975,"D",0,"D",.,"A",.,"A",.,"A",.,"A"
"20152","03167411",15,0,"1",1625,"D",130,"D",.,"A",0,"D",0,"D",.,"A",.,"A",1495,"D",120,"D",65,"D",845,"D",.,"A",.,"A"
"20152","03167421",43,0,"1",1300,"D",130,"D",.,"A",0,"D",0,"D",.,"A",.,"A",1170,"D",0,"D",.,"A",.,"A",.,"A",.,"A"
"20152","03167431",22,0,"1",2405,"D",0,"D",.,"A",0,"D",0,"D",.,"A",.,"A",2405,"D",0,"D",10,"D",130,"D",.,"A",.,"A"
"20152","03167441",26,0,"1",1300,"D",325,"D",.,"A",1040,"D",180,"D",.,"A",.,"A",975,"D",330,"D",.,"A",.,"A",.,"A",.,"A"
"20152","03167451",33,0,"1",1950,"D",390,"D",.,"A",130,"D",0,"D",98,"D",.,"A",1560,"D",450,"D",.,"A",.,"A",.,"A",.,"A"
"20152","03167471",24,0,"1",1820,"D",260,"D",0,"D",780,"D",0,"D",.,"A",.,"A",1560,"D",0,"D",.,"A",.,"A",.,"A",.,"A"
"20152","03167491",17,0,"1",1560,"D",130,"D",.,"A",0,"D",0,"D",.,"A",.,"A",1430,"D",0,"D",.,"A",.,"A",.,"A",.,"A"
"20152","03167501",13,0,"1",1300,"D",130,"D",.,"A",390,"D",0,"D",.,"A",.,"A",1170,"D",0,"D",.,"A",.,"A",.,"A",.,"A"
"20152","03167521",13,0,"1",1300,"D",260,"D",.,"A",1300,"D",45,"D",.,"A",.,"A",1040,"D",75,"D",.,"A",.,"A",.,"A",.,"A"
"20152","03167541",18,0,"1",2600,"D",260,"D",.,"A",910,"D",0,"D",.,"A",.,"A",2340,"D",180,"D",57,"D",741,"D",.,"A",.,"A"
"20152","03167551",25,0,"1",2600,"D",650,"D",.,"A",390,"D",0,"D",.,"A",.,"A",1950,"D",0,"D",.,"A",.,"A",.,"A",.,"A"
"20152","03167561",21,0,"1",1300,"D",130,"D",.,"A",390,"D",0,"D",.,"A",.,"A",1170,"D",0,"D",.,"A",.,"A",.,"A",.,"A"
"20152","03167581",43,0,"1",1560,"D",0,"D",390,"D",260,"D",30,"D",.,"A",.,"A",1560,"D",60,"D",.,"A",.,"A",.,"A",.,"A"
"20152","03167591",51,0,"1",1170,"D",390,"D",.,"A",520,"D",0,"D",.,"A",.,"A",780,"D",90,"D",.,"A",.,"A",.,"A",.,"A"
"20152","03167601",34,0,"1",2275,"D",325,"D",.,"A",0,"D",0,"D",.,"A",.,"A",1950,"D",90,"D",.,"A",.,"A",.,"A",.,"A"
"20152","03167614",14,0,"1",1950,"D",650,"D",325,"D",390,"D",0,"D",.,"A",.,"A",1300,"D",75,"D",.,"A",.,"A",.,"A",.,"A"
"20152","03167631",34,0,"1",715,"D",65,"D",.,"A",1040,"D",60,"D",.,"A",.,"A",650,"D",30,"D",.,"A",.,"A",.,"A",.,"A"
"20152","03167641",15,0,"1",390,"D",0,"D",13,"D",0,"D",0,"D",.,"A",.,"A",390,"D",0,"D",.,"A",.,"A",.,"A",.,"A"
"20152","03167661",12,0,"1",2340,"D",390,"D",.,"A",0,"D",0,"D",.,"A",.,"A",1950,"D",0,"D",.,"A",.,"A",.,"A",.,"A"
"20152","03167681",49,0,"1",1950,"D",390,"D",.,"A",260,"D",300,"D",.,"A",.,"A",1560,"D",150,"D",.,"A",.,"A",.,"A",.,"A"
"20152","03167691",17,0,"1",1300,"D",195,"D",.,"A",39,"D",0,"D",.,"A",.,"A",1105,"D",0,"D",.,"A",.,"A",.,"A",.,"A"
"20152","03167701",18,0,"1",2275,"D",1820,"D",3250,"D",0,"D",0,"D",.,"A",.,"A",455,"D",90,"D",50,"D",650,"D",.,"A",.,"A"
"20152","03167711",12,0,"1",715,"D",195,"D",.,"A",130,"D",0,"D",.,"A",.,"A",520,"D",0,"D",.,"A",.,"A",.,"A",.,"A"
"20152","03167721",11,0,"1",455,"D",130,"D",.,"A",0,"D",0,"D",.,"A",.,"A",325,"D",0,"D",.,"A",.,"A",.,"A",.,"A"
"20152","03167751",25,0,"1",3250,"D",650,"D",.,"A",0,"D",0,"D",.,"A",.,"A",2600,"D",60,"D",.,"A",.,"A",130,"D",10,"D"
"20152","03167771",18,0,"1",260,"D",65,"D",1560,"D",2600,"D",6000,"D",.,"A",.,"A",195,"D",45,"D",13,"D",169,"D",.,"A",.,"A"
"20152","03167781",53,0,"1",1300,"D",455,"D",260,"D",3900,"D",84,"D",.,"A",.,"A",845,"D",150,"D",.,"A",.,"A",.,"A",.,"A"
"20152","03167791",47,0,"1",1300,"D",130,"D",65,"D",325,"D",0,"D",.,"A",.,"A",1170,"D",0,"D",.,"A",.,"A",.,"A",.,"A"
"20152","03167811",45,0,"1",1950,"D",650,"D",.,"A",1950,"D",150,"D",.,"A",.,"A",1300,"D",75,"D",.,"A",.,"A",130,"D",10,"D"
"20152","03167831",47,0,"1",2340,"D",325,"D",.,"A",325,"D",0,"D",.,"A",.,"A",2015,"D",36,"D",.,"A",.,"A",.,"A",.,"A"
"20152","03167841",17,0,"1",650,"D",65,"D",26,"D",650,"D",0,"D",.,"A",.,"A",585,"D",150,"D",.,"A",.,"A",.,"A",.,"A"
"20152","03167851",27,0,"1",715,"D",65,"D",.,"A",130,"D",180,"D",.,"A",.,"A",650,"D",0,"D",.,"A",.,"A",.,"A",.,"A"
"20152","03167881",24,0,"1",1170,"D",195,"D",.,"A",130,"D",0,"D",.,"A",.,"A",975,"D",0,"D",30,"D",390,"D",.,"A",.,"A"
"20152","03167903",44,0,"1",1300,"D",325,"D",.,"A",130,"D",0,"D",.,"A",.,"A",975,"D",0,"D",.,"A",.,"A",.,"A",.,"A"
"20152","03167911",93,0,"1",650,"D",195,"D",65,"D",1300,"D",60,"D",.,"A",.,"A",455,"D",30,"D",.,"A",.,"A",.,"A",.,"A"
"20152","03167921",9,0,"1",0,"D",.,"A",.,"A",0,"D",0,"D",.,"A",.,"A",0,"D",0,"D",.,"A",.,"A",.,"A",.,"A"
"20152","03167931",24,0,"1",1950,"D",520,"D",.,"A",520,"D",0,"D",.,"A",.,"A",1430,"D",60,"D",84,"D",1092,"D",.,"A",.,"A"
"20152","03167941",13,0,"1",260,"D",156,"D",.,"A",0,"D",0,"D",.,"A",.,"A",104,"D",0,"D",.,"A",.,"A",.,"A",.,"A"
"20152","03167971",33,0,"1",975,"D",390,"D",.,"A",195,"D",0,"D",.,"A",.,"A",585,"D",0,"D",12,"D",156,"D",.,"A",.,"A"
"20152","03167981",33,0,"1",2275,"D",0,"D",.,"A",1170,"D",117,"F",.,"A",.,"A",2275,"D",100,"F",.,"A",.,"A",.,"A",.,"A"
"20152","03167991",22,0,"1",1625,"D",325,"D",260,"D",390,"D",0,"D",.,"A",.,"A",1300,"D",0,"D",.,"A",.,"A",.,"A",.,"A"
"20152","03168051",32,0,"1",3900,"D",520,"D",.,"A",1300,"D",0,"D",.,"A",.,"A",3380,"D",0,"D",.,"A",.,"A",.,"A",.,"A"
"20152","03168071",14,0,"1",1040,"D",104,"D",.,"A",0,"D",0,"D",.,"A",.,"A",936,"D",0,"D",.,"A",.,"A",.,"A",.,"A"
"20152","03168121",27,0,"1",1625,"D",650,"D",.,"A",2600,"D",0,"D",.,"A",.,"A",975,"D",0,"D",.,"A",.,"A",.,"A",.,"A"
"20152","03168141",17,0,"1",3900,"D",1300,"D",.,"A",0,"D",6,"D",.,"A",.,"A",2600,"D",120,"D",35,"D",455,"D",.,"A",.,"A"
"20152","03168151",63,0,"1",1300,"D",65,"D",.,"A",65,"D",0,"D",.,"A",.,"A",1235,"D",0,"D",.,"A",.,"A",.,"A",.,"A"
"20152","03168171",36,0,"1",780,"D",130,"D",260,"D",650,"D",90,"D",.,"A",80,"D",650,"D",150,"D",25,"D",325,"D",.,"A",.,"A"
"20152","03168181",26,0,"1",2600,"D",325,"D",650,"D",2600,"D",150,"D",.,"A",.,"A",2275,"D",300,"D",.,"A",.,"A",.,"A",.,"A"
"20152","03168201",37,0,"1",1820,"D",390,"D",390,"D",260,"D",0,"D",.,"A",273,"D",1430,"D",0,"D",.,"A",.,"A",.,"A",.,"A"
"20152","03168223",17,0,"1",1040,"D",104,"D",585,"D",325,"D",0,"D",.,"A",.,"A",936,"D",0,"D",.,"A",.,"A",.,"A",.,"A"
"20152","03168231",10,0,"1",1300,"D",65,"D",.,"A",0,"D",0,"D",.,"A",.,"A",1235,"D",0,"D",.,"A",.,"A",.,"A",.,"A"
"20152","03168251",36,0,"1",130,"D",0,"D",130,"D",104,"D",0,"D",.,"A",.,"A",130,"D",0,"D",.,"A",.,"A",.,"A",.,"A"
"20152","03168261",54,0,"1",2600,"D",65,"D",.,"A",1040,"D",0,"D",.,"A",163,"D",2535,"D",0,"D",.,"A",.,"A",.,"A",.,"A"
"20152","03168291",24,0,"1",546,"D",65,"D",.,"A",104,"D",0,"D",.,"A",.,"A",481,"D",0,"D",.,"A",.,"A",.,"A",.,"A"
"20152","03168311",30,0,"1",1300,"D",0,"D",.,"A",325,"D",0,"D",.,"A",.,"A",1300,"D",0,"D",.,"A",.,"A",.,"A",.,"A"
"20152","03168321",59,0,"1",2600,"D",390,"D",.,"A",780,"D",150,"D",.,"A",240,"D",2210,"D",150,"D",.,"A",.,"A",.,"A",.,"A"
"20152","03168341",32,0,"1",1651,"D",91,"D",.,"A",546,"F",0,"D",.,"A",.,"A",1560,"D",0,"D",.,"A",.,"A",.,"A",.,"A"
"20152","03168361",38,0,"1",1300,"D",0,"D",.,"A",520,"D",0,"D",.,"A",.,"A",1300,"D",60,"D",.,"A",.,"A",.,"A",.,"A"
"20152","03168371",50,0,"1",1040,"D",292,"F",130,"D",390,"D",0,"D",.,"A",.,"A",1077,"F",300,"D",40,"D",520,"D",.,"A",.,"A"
"20152","03168391",21,0,"1",260,"D",0,"D",.,"A",260,"D",0,"D",.,"A",.,"A",260,"D",0,"D",.,"A",.,"A",.,"A",.,"A"
"20152","03168411",29,0,"1",1950,"D",195,"D",.,"A",260,"D",30,"D",.,"A",.,"A",1755,"D",30,"D",.,"A",.,"A",.,"A",.,"A"
"20152","03168421",31,0,"1",325,"D",156,"D",.,"A",520,"D",0,"D",.,"A",.,"A",169,"D",0,"D",.,"A",.,"A",.,"A",.,"A"
"20152","03168454",19,0,"1",1300,"D",130,"D",130,"D",130,"D",0,"D",.,"A",.,"A",1170,"D",0,"D",.,"A",.,"A",.,"A",.,"A"
"20152","03168464",17,0,"1",715,"D",65,"D",.,"A",455,"D",0,"D",.,"A",.,"A",650,"D",0,"D",.,"A",.,"A",.,"A",.,"A"
"20152","03168471",34,0,"1",1950,"D",0,"D",39,"D",650,"D",0,"D",.,"A",.,"A",1950,"D",45,"D",.,"A",.,"A",.,"A",.,"A"
"20152","03168481",26,0,"1",650,"D",130,"D",.,"A",0,"D",0,"D",.,"A",.,"A",520,"D",0,"D",.,"A",.,"A",.,"A",.,"A"
"20152","03168511",63,0,"1",1625,"D",130,"D",.,"A",780,"D",42,"D",.,"A",.,"A",1495,"D",150,"D",.,"A",.,"A",.,"A",.,"A"
"20152","03168531",25,0,"1",1690,"D",780,"D",.,"A",801,"F",0,"D",.,"A",.,"A",910,"D",0,"D",.,"A",.,"A",.,"A",.,"A"
"20152","03168581",11,0,"1",650,"D",26,"D",.,"A",0,"D",0,"D",.,"A",.,"A",624,"D",0,"D",7,"D",91,"D",.,"A",.,"A"
"20152","03168601",13,0,"1",1300,"D",260,"D",.,"A",260,"D",0,"D",.,"A",.,"A",1040,"D",0,"D",.,"A",.,"A",.,"A",.,"A"
"20152","03168611",12,0,"1",780,"D",260,"D",.,"A",0,"D",0,"D",.,"A",.,"A",520,"D",0,"D",.,"A",.,"A",.,"A",.,"A"
"20152","03168621",8,0,"1",650,"D",130,"D",.,"A",0,"D",0,"D",.,"A",.,"A",520,"D",0,"D",.,"A",.,"A",.,"A",.,"A"
"20152","03168631",26,0,"1",650,"D",214,"F",.,"A",156,"D",0,"D",.,"A",.,"A",783,"F",0,"D",.,"A",.,"A",.,"A",.,"A"
"20152","03168651",16,0,"1",650,"D",130,"D",.,"A",0,"D",0,"D",.,"A",.,"A",520,"D",0,"D",20,"D",260,"D",65,"D",5,"D"
"20152","03168671",33,0,"1",780,"D",0,"D",.,"A",65,"D",60,"D",.,"A",.,"A",780,"D",75,"D",.,"A",.,"A",.,"A",.,"A"
"20152","03168681",28,0,"1",975,"D",130,"D",.,"A",455,"D",0,"D",.,"A",.,"A",845,"D",60,"D",.,"A",.,"A",.,"A",.,"A"
"20152","03168691",24,0,"1",780,"D",65,"D",.,"A",650,"D",0,"D",.,"A",.,"A",715,"D",0,"D",.,"A",.,"A",.,"A",.,"A"
"20152","03168701",32,0,"1",975,"D",195,"D",.,"A",65,"D",0,"D",.,"A",.,"A",780,"D",0,"D",.,"A",.,"A",.,"A",.,"A"
"20152","03168741",14,0,"1",910,"D",195,"D",.,"A",65,"D",0,"D",.,"A",.,"A",715,"D",0,"D",.,"A",.,"A",.,"A",.,"A"
"20152","03168761",85,0,"1",5122,"D",520,"D",.,"A",1508,"D",300,"D",.,"A",.,"A",4602,"D",240,"D",.,"A",.,"A",.,"A",.,"A"
"20152","03168771",60,0,"1",780,"D",0,"D",.,"A",0,"D",120,"D",.,"A",160,"D",780,"D",60,"D",.,"A",.,"A",.,"A",.,"A"
"20152","03168781",49,0,"1",3250,"D",650,"D",.,"A",1300,"D",60,"D",.,"A",96,"D",2600,"D",1200,"D",.,"A",.,"A",.,"A",.,"A"
"20152","03168791",38,0,"1",1950,"D",0,"D",.,"A",520,"D",0,"D",.,"A",.,"A",1950,"D",225,"D",.,"A",.,"A",.,"A",.,"A"
"20152","03168831",10,0,"1",585,"D",65,"D",.,"A",0,"D",0,"D",.,"A",.,"A",520,"D",0,"D",50,"D",650,"D",.,"A",.,"A"
"20152","03168841",53,0,"1",1950,"D",325,"D",130,"D",520,"D",255,"D",.,"A",.,"A",1625,"D",480,"D",.,"A",.,"A",.,"A",.,"A"
"20152","03168851",24,0,"1",1820,"D",260,"D",.,"A",1300,"D",0,"D",.,"A",.,"A",1560,"D",0,"D",.,"A",.,"A",.,"A",.,"A"
"20152","03168861",28,0,"1",1300,"D",195,"D",.,"A",130,"D",0,"D",.,"A",.,"A",1105,"D",0,"D",.,"A",.,"A",.,"A",.,"A"
"20152","03168871",26,0,"1",2600,"D",650,"D",.,"A",650,"D",60,"D",.,"A",.,"A",1950,"D",60,"D",.,"A",.,"A",.,"A",.,"A"
"20152","03168881",36,0,"1",3900,"D",650,"D",.,"A",260,"D",0,"D",.,"A",.,"A",3250,"D",90,"D",.,"A",.,"A",.,"A",.,"A"
"20152","03168891",19,0,"1",390,"D",130,"D",.,"A",195,"D",0,"D",.,"A",.,"A",260,"D",0,"D",.,"A",.,"A",.,"A",.,"A"
"20152","03168951",35,0,"1",1300,"D",130,"D",.,"A",390,"D",0,"D",.,"A",.,"A",1170,"D",0,"D",.,"A",.,"A",.,"A",.,"A"
"20152","03168961",22,0,"1",780,"D",260,"D",.,"A",455,"D",0,"D",.,"A",.,"A",520,"D",0,"D",.,"A",.,"A",.,"A",.,"A"
"20152","03168971",31,0,"1",1950,"D",455,"D",.,"A",65,"D",0,"D",.,"A",.,"A",1495,"D",51,"D",.,"A",.,"A",.,"A",.,"A"
"20152","03169001",19,0,"1",4550,"D",1300,"D",.,"A",1300,"D",0,"D",.,"A",.,"A",3250,"D",0,"D",100,"D",1300,"D",.,"A",.,"A"
"20152","03169011",27,0,"1",910,"D",130,"D",130,"D",520,"D",0,"D",104,"D",.,"A",780,"D",0,"D",.,"A",.,"A",.,"A",.,"A"
"20152","03169021",21,0,"1",1625,"D",260,"D",.,"A",2600,"D",600,"D",.,"A",.,"A",1365,"D",300,"D",40,"D",520,"D",.,"A",.,"A"
"20152","03169031",14,0,"1",1625,"D",520,"D",.,"A",0,"D",0,"D",.,"A",.,"A",1105,"D",0,"D",.,"A",.,"A",.,"A",.,"A"
"20152","03169061",32,0,"1",910,"D",13,"D",.,"A",1430,"D",6,"D",.,"A",.,"A",897,"D",6,"D",.,"A",.,"A",.,"A",.,"A"
"20152","03169081",70,0,"1",2730,"D",0,"D",.,"A",2340,"D",300,"D",1125,"D",64,"D",2730,"D",330,"D",.,"A",.,"A",.,"A",.,"A"
"20152","03169101",37,0,"1",1950,"D",156,"D",.,"A",156,"D",0,"D",.,"A",.,"A",1794,"D",0,"D",.,"A",.,"A",.,"A",.,"A"
"20152","03169121",26,0,"1",780,"D",0,"D",.,"A",104,"D",0,"D",.,"A",.,"A",780,"D",0,"D",.,"A",.,"A",.,"A",.,"A"
"20152","03169131",10,0,"1",780,"D",130,"D",.,"A",0,"D",0,"D",.,"A",.,"A",650,"D",0,"D",20,"D",260,"D",.,"A",.,"A"
"20152","03169151",27,0,"1",195,"D",26,"D",.,"A",390,"D",0,"D",.,"A",.,"A",169,"D",0,"D",.,"A",.,"A",.,"A",.,"A"
"20152","03169171",22,0,"1",1300,"D",650,"D",.,"A",780,"D",0,"D",.,"A",.,"A",650,"D",0,"D",.,"A",.,"A",.,"A",.,"A"
"20152","03169191",23,0,"1",650,"D",0,"D",.,"A",1950,"D",0,"D",.,"A",.,"A",650,"D",0,"D",.,"A",.,"A",.,"A",.,"A"
"20152","03169231",55,0,"1",845,"D",260,"D",.,"A",780,"D",30,"D",.,"A",.,"A",585,"D",0,"D",.,"A",.,"A",13,"D",1,"D"
"20152","03169261",38,0,"1",2925,"D",650,"D",.,"A",1950,"D",0,"D",.,"A",300,"D",2275,"D",0,"D",.,"A",.,"A",.,"A",.,"A"
"20152","03169281",34,0,"1",1040,"D",195,"D",.,"A",390,"D",0,"D",.,"A",.,"A",845,"D",48,"D",.,"A",.,"A",.,"A",.,"A"
"20152","03169291",28,0,"1",1950,"D",650,"D",.,"A",650,"D",0,"D",.,"A",.,"A",1300,"D",0,"D",.,"A",.,"A",.,"A",.,"A"
"20152","03169301",16,0,"1",780,"D",390,"D",.,"A",0,"D",0,"D",.,"A",.,"A",390,"D",0,"D",.,"A",.,"A",.,"A",.,"A"
"20152","03169311",34,0,"1",1560,"D",650,"D",.,"A",260,"D",30,"D",.,"A",.,"A",910,"D",150,"D",.,"A",.,"A",.,"A",.,"A"
"20152","03169341",27,0,"1",975,"D",260,"D",.,"A",325,"D",0,"D",.,"A",.,"A",715,"D",0,"D",.,"A",.,"A",.,"A",.,"A"
"20152","03169354",31,0,"1",780,"D",130,"D",.,"A",650,"D",300,"D",.,"A",.,"A",650,"D",360,"D",.,"A",.,"A",.,"A",.,"A"
"20152","03169371",20,0,"1",520,"D",0,"D",.,"A",715,"D",150,"D",.,"A",.,"A",520,"D",75,"D",.,"A",.,"A",.,"A",.,"A"
"20152","03169391",28,0,"1",1950,"D",416,"F",260,"D",0,"D",0,"D",.,"A",167,"F",1810,"F",135,"F",.,"A",.,"A",.,"A",.,"A"
"20152","03169411",20,0,"1",650,"D",65,"D",.,"A",650,"D",75,"D",.,"A",.,"A",585,"D",75,"D",.,"A",.,"A",.,"A",.,"A"
"20152","03169424",20,0,"1",650,"D",0,"D",.,"A",0,"D",0,"D",.,"A",.,"A",650,"D",0,"D",25,"D",325,"D",.,"A",.,"A"
"20152","03169441",43,0,"1",2600,"D",325,"D",.,"A",1300,"D",75,"D",.,"A",.,"A",2275,"D",0,"D",.,"A",.,"A",.,"A",.,"A"
"20152","03169461",16,0,"1",390,"D",65,"D",.,"A",650,"D",150,"D",.,"A",.,"A",325,"D",150,"D",.,"A",.,"A",.,"A",.,"A"
"20152","03169491",34,0,"1",1950,"D",910,"D",260,"D",520,"D",60,"D",.,"A",.,"A",1040,"D",135,"D",.,"A",.,"A",.,"A",.,"A"
"20152","03169521",29,0,"1",1040,"D",325,"D",.,"A",585,"D",60,"D",.,"A",.,"A",715,"D",0,"D",60,"D",780,"D",.,"A",.,"A"
"20152","03169531",19,0,"1",1820,"D",325,"D",.,"A",650,"D",0,"D",.,"A",.,"A",1495,"D",0,"D",.,"A",.,"A",.,"A",.,"A"
"20152","03169541",22,0,"1",975,"D",130,"D",.,"A",442,"D",0,"D",.,"A",.,"A",845,"D",0,"D",.,"A",.,"A",.,"A",.,"A"
"20152","03169591",47,0,"1",1300,"D",325,"D",.,"A",910,"D",120,"D",.,"A",.,"A",975,"D",225,"D",.,"A",.,"A",.,"A",.,"A"
"20152","03169601",20,0,"1",780,"D",211,"F",.,"A",910,"D",0,"D",.,"A",.,"A",748,"F",0,"D",.,"A",.,"A",.,"A",.,"A"
"20152","03169611",10,0,"1",65,"D",65,"D",.,"A",0,"D",0,"D",.,"A",.,"A",0,"D",0,"D",35,"D",455,"D",.,"A",.,"A"
"20152","03169621",15,0,"1",1300,"D",260,"D",.,"A",650,"D",60,"D",.,"A",.,"A",1040,"D",240,"D",.,"A",.,"A",.,"A",.,"A"
"20152","03169641",15,0,"1",930,"F",.,"A",.,"A",471,"F",158,"F",.,"A",.,"A",755,"F",104,"F",.,"A",.,"A",.,"A",.,"A"
"20152","03169651",17,0,"1",1300,"D",0,"D",.,"A",0,"D",0,"D",.,"A",.,"A",1300,"D",0,"D",.,"A",.,"A",.,"A",.,"A"
"20152","03169681",25,0,"1",3250,"D",325,"D",.,"A",0,"D",0,"D",.,"A",.,"A",2925,"D",0,"D",60,"D",780,"D",.,"A",.,"A"
"20152","03169691",13,0,"1",845,"D",195,"D",.,"A",0,"D",0,"D",.,"A",.,"A",650,"D",0,"D",.,"A",.,"A",325,"D",25,"D"
"20152","03169701",21,0,"1",3900,"D",390,"D",.,"A",0,"D",0,"D",.,"A",.,"A",3510,"D",0,"D",.,"A",.,"A",.,"A",.,"A"
"20152","03169714",20,0,"1",650,"D",195,"D",.,"A",130,"D",0,"D",.,"A",.,"A",455,"D",0,"D",.,"A",.,"A",.,"A",.,"A"
"20152","03169751",46,0,"1",2600,"D",390,"D",.,"A",130,"D",36,"D",.,"A",.,"A",2210,"D",186,"D",.,"A",.,"A",.,"A",.,"A"
"20152","03169771",35,0,"1",7800,"D",1300,"D",.,"A",1300,"D",0,"D",.,"A",264,"F",6500,"D",0,"D",.,"A",.,"A",.,"A",.,"A"
"20152","03169791",25,0,"1",1950,"D",195,"D",.,"A",260,"D",0,"D",.,"A",.,"A",1755,"D",0,"D",.,"A",.,"A",.,"A",.,"A"
"20152","03169801",34,0,"1",2080,"D",260,"D",130,"D",1300,"D",0,"D",.,"A",.,"A",1820,"D",0,"D",.,"A",.,"A",.,"A",.,"A"
"20152","03169811",20,0,"1",1300,"D",130,"D",.,"A",975,"D",0,"D",.,"A",.,"A",1170,"D",450,"D",.,"A",.,"A",.,"A",.,"A"
"20152","03169831",57,0,"1",1859,"D",0,"D",.,"A",546,"F",0,"D",.,"A",.,"A",1859,"D",0,"D",.,"A",.,"A",.,"A",.,"A"
"20152","03169841",50,0,"1",1040,"D",130,"D",195,"D",390,"D",45,"D",.,"A",.,"A",910,"D",30,"D",30,"D",390,"D",.,"A",.,"A"
"20152","03169851",23,0,"1",1300,"D",65,"D",.,"A",390,"D",0,"D",.,"A",.,"A",1235,"D",0,"D",.,"A",.,"A",.,"A",.,"A"
"20152","03169861",19,0,"1",1300,"D",195,"D",.,"A",650,"D",0,"D",.,"A",.,"A",1105,"D",0,"D",.,"A",.,"A",.,"A",.,"A"
"20152","03169895",23,0,"1",1300,"D",195,"D",.,"A",390,"D",60,"D",.,"A",.,"A",1105,"D",30,"D",.,"A",.,"A",.,"A",.,"A"
"20152","03169901",22,0,"1",1300,"D",319,"F",.,"A",0,"D",0,"D",.,"A",.,"A",1152,"F",0,"D",35,"D",455,"D",.,"A",.,"A"
"20152","03169911",31,0,"1",1300,"D",260,"D",.,"A",650,"D",45,"D",.,"A",.,"A",1040,"D",60,"D",.,"A",.,"A",.,"A",.,"A"
"20152","03169921",38,0,"1",1560,"D",780,"D",65,"D",780,"D",0,"D",.,"A",.,"A",780,"D",0,"D",.,"A",.,"A",.,"A",.,"A"
"20152","03169961",19,0,"1",650,"D",186,"F",.,"A",260,"D",0,"D",.,"A",.,"A",642,"F",0,"D",.,"A",.,"A",.,"A",.,"A"
"20152","03169971",33,0,"1",2600,"D",325,"D",.,"A",650,"D",0,"D",.,"A",.,"A",2275,"D",0,"D",15,"D",195,"D",.,"A",.,"A"
"20152","03170041",36,0,"1",650,"D",325,"D",260,"D",260,"D",30,"D",.,"A",.,"A",325,"D",90,"D",.,"A",.,"A",.,"A",.,"A"
"20152","03170095",12,0,"1",650,"D",0,"D",.,"A",975,"D",0,"D",.,"A",.,"A",650,"D",0,"D",.,"A",.,"A",.,"A",.,"A"
"20152","03170151",34,0,"1",1560,"D",260,"D",.,"A",585,"D",120,"D",.,"A",720,"D",1300,"D",60,"D",.,"A",.,"A",.,"A",.,"A"
"20152","03170181",13,0,"1",520,"D",130,"D",.,"A",0,"D",0,"D",.,"A",.,"A",390,"D",0,"D",.,"A",.,"A",.,"A",.,"A"
"20152","03170191",28,0,"1",325,"D",65,"D",.,"A",65,"D",0,"D",.,"A",.,"A",260,"D",0,"D",.,"A",.,"A",.,"A",.,"A"
"20152","03170201",15,0,"1",780,"D",260,"D",.,"A",130,"D",0,"D",.,"A",.,"A",520,"D",90,"D",.,"A",.,"A",.,"A",.,"A"
"20152","03170231",21,0,"1",520,"D",130,"D",.,"A",195,"D",0,"D",.,"A",.,"A",390,"D",30,"D",.,"A",.,"A",260,"D",20,"D"
"20152","03170241",27,0,"1",1300,"D",466,"F",.,"A",780,"D",0,"D",.,"A",.,"A",1513,"F",0,"D",.,"A",.,"A",.,"A",.,"A"
"20152","03170254",10,0,"1",2600,"D",130,"D",.,"A",0,"D",0,"D",.,"A",.,"A",2470,"D",0,"D",.,"A",.,"A",.,"A",.,"A"
"20152","03170261",40,0,"1",2600,"D",1300,"D",.,"A",975,"D",120,"D",.,"A",.,"A",1300,"D",504,"D",.,"A",.,"A",.,"A",.,"A"
"20152","03170281",25,0,"1",1300,"D",650,"D",.,"A",0,"D",0,"D",.,"A",.,"A",650,"D",150,"D",.,"A",.,"A",.,"A",.,"A"
"20152","03170291",33,0,"1",1950,"D",325,"D",.,"A",390,"D",30,"D",.,"A",.,"A",1625,"D",75,"D",.,"A",.,"A",.,"A",.,"A"
"20152","03170311",31,0,"1",11050,"D",1300,"D",.,"A",0,"D",0,"D",.,"A",.,"A",9750,"D",0,"D",.,"A",.,"A",.,"A",.,"A"
"20152","03170341",22,0,"1",1300,"D",325,"D",.,"A",1300,"D",0,"D",.,"A",.,"A",975,"D",120,"D",.,"A",.,"A",.,"A",.,"A"
"20152","03170361",18,0,"1",325,"D",0,"D",.,"A",260,"D",0,"D",.,"A",.,"A",325,"D",0,"D",.,"A",.,"A",.,"A",.,"A"
"20152","03170371",15,0,"1",1300,"D",0,"D",.,"A",650,"D",0,"D",.,"A",.,"A",1300,"D",60,"D",.,"A",.,"A",.,"A",.,"A"
"20152","03170391",28,0,"1",715,"D",104,"D",130,"D",390,"D",0,"D",.,"A",.,"A",611,"D",0,"D",.,"A",.,"A",.,"A",.,"A"
"20152","03170401",28,0,"1",975,"D",260,"D",325,"D",260,"D",60,"D",.,"A",.,"A",715,"D",15,"D",.,"A",.,"A",325,"D",25,"D"
"20152","03170421",24,0,"1",2600,"D",0,"D",.,"A",455,"D",0,"D",.,"A",.,"A",2600,"D",30,"D",.,"A",.,"A",.,"A",.,"A"
"20152","03170451",15,0,"1",1772,"F",.,"A",.,"A",760,"F",113,"F",.,"A",.,"A",1467,"F",107,"F",.,"A",.,"A",.,"A",.,"A"
"20152","03170461",19,0,"1",1300,"D",260,"D",.,"A",260,"D",0,"D",.,"A",.,"A",1040,"D",0,"D",.,"A",.,"A",.,"A",.,"A"
"20152","03170491",32,0,"1",3900,"D",1300,"D",1300,"D",650,"D",0,"D",.,"A",.,"A",2600,"D",150,"D",.,"A",.,"A",.,"A",.,"A"
"20152","03170501",37,0,"1",780,"D",0,"D",130,"D",325,"D",0,"D",.,"A",.,"A",780,"D",0,"D",.,"A",.,"A",.,"A",.,"A"
"20152","03170531",34,0,"1",975,"D",0,"D",260,"D",65,"D",45,"D",.,"A",.,"A",975,"D",0,"D",.,"A",.,"A",.,"A",.,"A"
"20152","03170541",52,0,"1",1560,"D",650,"D",715,"D",1040,"D",54,"D",.,"A",.,"A",910,"D",60,"D",.,"A",.,"A",.,"A",.,"A"
"20152","03170551",15,0,"1",1040,"D",130,"D",.,"A",260,"D",0,"D",.,"A",.,"A",910,"D",0,"D",.,"A",.,"A",.,"A",.,"A"
"20152","03170561",13,0,"1",1560,"D",130,"D",.,"A",0,"D",30,"D",.,"A",.,"A",1430,"D",0,"D",.,"A",.,"A",.,"A",.,"A"
"20152","03170571",27,0,"1",1950,"D",260,"D",.,"A",260,"D",0,"D",.,"A",.,"A",1690,"D",0,"D",40,"D",520,"D",.,"A",.,"A"
"20152","03170611",30,0,"1",2600,"D",650,"D",.,"A",1040,"D",0,"D",.,"A",.,"A",1950,"D",0,"D",.,"A",.,"A",.,"A",.,"A"
"20152","03170651",21,0,"1",650,"D",65,"D",.,"A",780,"D",0,"D",.,"A",.,"A",585,"D",0,"D",.,"A",.,"A",.,"A",.,"A"
"20152","03170661",25,0,"1",1950,"D",130,"D",520,"D",650,"D",75,"D",.,"A",.,"A",1820,"D",120,"D",.,"A",.,"A",.,"A",.,"A"
"20152","03170671",14,0,"1",2080,"D",780,"D",.,"A",0,"D",0,"D",.,"A",.,"A",1300,"D",0,"D",3,"D",39,"D",.,"A",.,"A"
"20152","03170691",52,0,"1",1300,"D",260,"D",.,"A",1300,"D",60,"D",.,"A",.,"A",1040,"D",60,"D",.,"A",.,"A",.,"A",.,"A"
"20152","03170711",31,0,"1",2600,"D",0,"D",.,"A",1040,"D",150,"D",.,"A",.,"A",2600,"D",45,"D",.,"A",.,"A",.,"A",.,"A"
"20152","03170731",25,0,"1",910,"D",65,"D",.,"A",156,"D",0,"D",.,"A",.,"A",845,"D",0,"D",.,"A",.,"A",.,"A",.,"A"
"20152","03170741",29,0,"1",1950,"D",130,"D",.,"A",2275,"D",6,"D",.,"A",.,"A",1820,"D",6,"D",.,"A",.,"A",.,"A",.,"A"
"20152","03170771",26,0,"1",1300,"D",260,"D",.,"A",195,"D",0,"D",.,"A",.,"A",1040,"D",0,"D",20,"D",260,"D",.,"A",.,"A"
"20152","03170781",13,0,"1",2600,"D",0,"D",.,"A",0,"D",0,"D",.,"A",.,"A",2600,"D",0,"D",.,"A",.,"A",.,"A",.,"A"
"20152","03170804",35,0,"1",390,"D",0,"D",.,"A",0,"D",0,"D",.,"A",.,"A",390,"D",750,"D",20,"D",260,"D",196,"F",.,"C"
"20152","03170811",29,0,"1",975,"D",260,"D",.,"A",780,"D",0,"D",.,"A",.,"A",715,"D",0,"D",.,"A",.,"A",.,"A",.,"A"
"20152","03170831",24,0,"1",585,"D",65,"D",.,"A",455,"D",30,"D",.,"A",.,"A",520,"D",15,"D",.,"A",.,"A",65,"D",5,"D"
"20152","03170851",23,0,"1",1300,"D",65,"D",.,"A",650,"D",0,"D",.,"A",.,"A",1235,"D",240,"D",.,"A",.,"A",.,"A",.,"A"
"20152","03170871",31,0,"1",520,"D",130,"D",.,"A",390,"D",75,"D",.,"A",.,"A",390,"D",0,"D",.,"A",.,"A",.,"A",.,"A"
"20152","03170911",24,0,"1",910,"D",130,"D",.,"A",195,"D",6,"D",.,"A",.,"A",780,"D",6,"D",.,"A",.,"A",.,"A",.,"A"
"20152","03170921",17,0,"1",520,"D",65,"D",.,"A",0,"D",0,"D",.,"A",.,"A",455,"D",0,"D",.,"A",.,"A",.,"A",.,"A"
"20152","03170931",18,0,"1",1300,"D",260,"D",.,"A",0,"D",0,"D",.,"A",.,"A",1040,"D",0,"D",.,"A",.,"A",.,"A",.,"A"
"20152","03170951",28,0,"1",1950,"D",195,"D",.,"A",1560,"D",0,"D",.,"A",.,"A",1755,"D",0,"D",.,"A",.,"A",.,"A",.,"A"
"20152","03171005",25,0,"1",1300,"D",325,"D",.,"A",1300,"D",300,"D",.,"A",.,"A",975,"D",75,"D",.,"A",.,"A",.,"A",.,"A"
"20152","03171031",27,0,"1",1300,"D",234,"D",.,"A",0,"D",0,"D",.,"A",.,"A",1066,"D",0,"D",35,"D",455,"D",.,"A",.,"A"
"20152","03171041",13,0,"1",650,"D",260,"D",.,"A",26,"D",0,"D",.,"A",.,"A",390,"D",0,"D",.,"A",.,"A",.,"A",.,"A"
"20152","03171061",25,0,"1",520,"D",65,"D",39,"D",195,"D",0,"D",.,"A",.,"A",455,"D",0,"D",.,"A",.,"A",.,"A",.,"A"
"20152","03171081",29,0,"1",650,"D",260,"D",.,"A",520,"D",45,"D",.,"A",.,"A",390,"D",45,"D",.,"A",.,"A",.,"A",.,"A"
"20152","03171101",37,0,"1",2600,"D",0,"D",.,"A",780,"D",0,"D",.,"A",20,"D",2600,"D",45,"D",.,"A",.,"A",.,"A",.,"A"
"20152","03171121",21,0,"1",650,"D",130,"D",.,"A",195,"D",6,"D",.,"A",.,"A",520,"D",6,"D",.,"A",.,"A",.,"A",.,"A"
"20152","03171131",40,0,"1",3250,"D",0,"D",.,"A",1300,"D",360,"D",.,"A",.,"A",3250,"D",36,"D",.,"A",.,"A",.,"A",.,"A"
"20152","03171151",52,0,"1",3653,"D",1300,"D",.,"A",520,"D",60,"D",428,"F",.,"A",2353,"D",0,"D",.,"A",.,"A",.,"A",.,"A"
"20152","03171161",41,0,"1",1625,"D",325,"D",.,"A",650,"D",150,"D",.,"A",.,"A",1300,"D",60,"D",.,"A",.,"A",.,"A",.,"A"
"20152","03171181",22,0,"1",975,"D",325,"D",195,"D",1300,"D",0,"D",.,"A",.,"A",650,"D",0,"D",.,"A",.,"A",.,"A",.,"A"
"20152","03171211",20,0,"1",3900,"D",650,"D",.,"A",650,"D",0,"D",.,"A",.,"A",3250,"D",0,"D",.,"A",.,"A",.,"A",.,"A"
"20152","03171231",29,0,"1",1300,"D",195,"D",.,"A",325,"D",75,"D",.,"A",.,"A",1105,"D",300,"D",.,"A",.,"A",.,"A",.,"A"
"20152","03171271",30,0,"1",1300,"D",260,"D",130,"D",520,"D",30,"D",.,"A",.,"A",1040,"D",60,"D",.,"A",.,"A",.,"A",.,"A"
"20152","03171291",48,0,"1",2600,"D",650,"D",.,"A",0,"D",0,"D",.,"A",.,"A",1950,"D",150,"D",.,"A",.,"A",.,"A",.,"A"
"20152","03171301",45,0,"1",1625,"D",455,"D",.,"A",325,"D",0,"D",.,"A",.,"A",1170,"D",225,"D",.,"A",.,"A",.,"A",.,"A"
"20152","03171323",20,0,"1",1300,"D",325,"D",.,"A",0,"D",0,"D",.,"A",.,"A",975,"D",300,"D",40,"D",520,"D",.,"A",.,"A"
"20152","03171341",32,0,"1",975,"D",0,"D",455,"D",650,"D",0,"D",.,"A",.,"A",975,"D",21,"D",.,"A",.,"A",.,"A",.,"A"
"20152","03171351",17,0,"1",2925,"D",2600,"D",.,"A",0,"D",0,"D",.,"A",.,"A",325,"D",0,"D",.,"A",.,"A",.,"A",.,"A"
"20152","03171371",27,0,"1",1300,"D",390,"D",.,"A",520,"D",6,"D",.,"A",.,"A",910,"D",6,"D",.,"A",.,"A",.,"A",.,"A"
"20152","03171381",56,0,"1",2600,"D",650,"D",130,"D",780,"D",0,"D",.,"A",.,"A",1950,"D",120,"D",.,"A",.,"A",.,"A",.,"A"
"20152","03171421",20,0,"1",1300,"D",780,"D",.,"A",260,"D",30,"D",.,"A",.,"A",520,"D",30,"D",.,"A",.,"A",.,"A",.,"A"
"20152","03171451",17,0,"1",650,"D",130,"D",.,"A",130,"D",0,"D",.,"A",.,"A",520,"D",0,"D",.,"A",.,"A",.,"A",.,"A"
"20152","03171472",31,0,"1",1300,"D",260,"D",.,"A",1300,"D",150,"D",163,"D",.,"A",1040,"D",300,"D",.,"A",.,"A",.,"A",.,"A"
"20152","03171501",25,0,"1",650,"D",325,"D",.,"A",0,"D",0,"D",.,"A",.,"A",325,"D",0,"D",.,"A",.,"A",.,"A",.,"A"
"20152","03171511",15,0,"1",975,"D",130,"D",.,"A",0,"D",0,"D",.,"A",.,"A",845,"D",0,"D",.,"A",.,"A",.,"A",.,"A"
"20152","03171521",59,0,"1",1950,"D",325,"D",.,"A",650,"D",75,"D",.,"A",.,"A",1625,"D",75,"D",.,"A",.,"A",.,"A",.,"A"
"20152","03171551",61,0,"1",1950,"D",650,"D",.,"A",390,"D",90,"D",.,"A",.,"A",1300,"D",150,"D",.,"A",.,"A",.,"A",.,"A"
"20152","03171561",37,0,"1",3575,"D",260,"D",.,"A",390,"D",450,"D",.,"A",.,"A",3315,"D",525,"D",.,"A",.,"A",.,"A",.,"A"
"20152","03171621",15,0,"1",1430,"D",260,"D",130,"D",520,"D",0,"D",.,"A",.,"A",1170,"D",0,"D",30,"D",390,"D",.,"A",.,"A"
"20152","03171641",20,0,"1",780,"D",0,"D",65,"D",520,"D",0,"D",.,"A",.,"A",780,"D",90,"D",.,"A",.,"A",.,"A",.,"A"
"20152","03171651",36,0,"1",1170,"D",195,"D",.,"A",520,"D",360,"D",.,"A",.,"A",975,"D",0,"D",.,"A",.,"A",.,"A",.,"A"
"20152","03171671",16,0,"1",390,"D",390,"D",.,"A",1950,"D",0,"D",.,"A",.,"A",0,"D",1200,"D",25,"D",325,"D",.,"A",.,"A"
"20152","03171681",15,0,"1",2600,"D",390,"D",.,"A",845,"D",150,"D",.,"A",.,"A",2210,"D",0,"D",.,"A",.,"A",.,"A",.,"A"
"20152","03171741",33,0,"1",3900,"D",0,"D",.,"A",0,"D",0,"D",.,"A",.,"A",3900,"D",0,"D",.,"A",.,"A",.,"A",.,"A"
"20152","03171751",27,0,"1",3900,"D",650,"D",390,"D",1950,"D",0,"D",.,"A",.,"A",3250,"D",0,"D",5,"D",65,"D",.,"A",.,"A"
"20152","03171771",21,0,"1",1950,"D",390,"D",.,"A",650,"D",0,"D",.,"A",.,"A",1560,"D",0,"D",.,"A",.,"A",.,"A",.,"A"
"20152","03171821",13,0,"1",930,"F",.,"A",.,"A",471,"F",158,"F",.,"A",.,"A",755,"F",104,"F",.,"A",.,"A",.,"A",.,"A"
"20152","03171831",29,0,"1",1300,"D",325,"D",.,"A",390,"D",0,"D",.,"A",.,"A",975,"D",0,"D",.,"A",.,"A",.,"A",.,"A"
"20152","03171841",18,0,"1",2925,"D",130,"D",.,"A",325,"D",0,"D",.,"A",.,"A",2795,"D",0,"D",.,"A",.,"A",.,"A",.,"A"
"20152","03171851",21,0,"1",3250,"D",325,"D",.,"A",0,"D",0,"D",.,"A",.,"A",2925,"D",96,"D",20,"D",260,"D",.,"A",.,"A"
"20152","03171861",15,0,"1",1560,"D",260,"D",.,"A",650,"D",0,"D",156,"D",.,"A",1300,"D",0,"D",.,"A",.,"A",.,"A",.,"A"
"20152","03171871",23,0,"1",455,"D",0,"D",.,"A",130,"D",0,"D",.,"A",.,"A",455,"D",0,"D",.,"A",.,"A",.,"A",.,"A"
"20152","03171891",16,0,"1",975,"D",195,"D",.,"A",65,"D",0,"D",.,"A",.,"A",780,"D",180,"D",25,"D",325,"D",.,"A",.,"A"
"20152","03171901",24,0,"1",1560,"D",390,"D",.,"A",1040,"D",0,"D",.,"A",.,"A",1170,"D",0,"D",.,"A",.,"A",.,"A",.,"A"
"20152","03171921",21,0,"1",2600,"D",650,"D",.,"A",325,"D",0,"D",.,"A",.,"A",1950,"D",0,"D",.,"A",.,"A",.,"A",.,"A"
"20152","03171941",24,0,"1",650,"D",474,"F",.,"A",751,"F",0,"D",.,"A",13,"D",1805,"F",60,"D",.,"A",.,"A",.,"A",.,"A"
"20152","03171951",26,0,"1",2080,"D",221,"D",.,"A",1950,"D",0,"D",.,"A",.,"A",1859,"D",107,"F",14,"D",182,"D",.,"A",.,"A"
"20152","03171961",28,0,"1",1170,"D",130,"D",.,"A",650,"D",0,"D",.,"A",.,"A",1040,"D",0,"D",.,"A",.,"A",.,"A",.,"A"
"20152","03171971",14,0,"1",650,"D",520,"D",.,"A",0,"D",0,"D",.,"A",.,"A",130,"D",0,"D",.,"A",.,"A",.,"A",.,"A"
"20152","03171981",19,0,"1",325,"D",195,"D",.,"A",650,"D",0,"D",.,"A",.,"A",130,"D",0,"D",150,"D",1950,"D",.,"A",.,"A"
"20152","03171991",41,0,"1",3900,"D",650,"D",.,"A",715,"D",0,"D",.,"A",200,"D",3250,"D",0,"D",.,"A",.,"A",.,"A",.,"A"
"20152","03172021",19,0,"1",1950,"D",325,"D",.,"A",650,"D",90,"D",.,"A",.,"A",1625,"D",90,"D",.,"A",.,"A",.,"A",.,"A"
"20152","03172031",21,0,"1",910,"D",130,"D",.,"A",26,"D",0,"D",.,"A",.,"A",780,"D",0,"D",.,"A",.,"A",.,"A",.,"A"
"20152","03172051",15,0,"1",195,"D",130,"D",.,"A",65,"D",0,"D",.,"A",.,"A",65,"D",0,"D",.,"A",.,"A",.,"A",.,"A"
"20152","03172061",9,0,"1",1560,"D",130,"D",.,"A",0,"D",0,"D",.,"A",.,"A",1430,"D",0,"D",.,"A",.,"A",.,"A",.,"A"
"20152","03172071",22,0,"1",975,"D",130,"D",.,"A",0,"D",0,"D",.,"A",240,"D",845,"D",0,"D",40,"D",520,"D",.,"A",.,"A"
"20152","03172111",11,0,"1",793,"F",.,"A",.,"A",0,"D",0,"D",.,"A",.,"A",642,"F",0,"D",.,"A",.,"A",.,"A",.,"A"
"20152","03172121",46,0,"1",1950,"D",130,"D",.,"A",0,"D",0,"D",.,"A",.,"A",1820,"D",300,"D",.,"A",.,"A",.,"A",.,"A"
"20152","03172131",26,0,"1",2600,"D",650,"D",.,"A",65,"D",0,"D",.,"A",.,"A",1950,"D",0,"D",.,"A",.,"A",.,"A",.,"A"
"20152","03172141",28,0,"1",1560,"D",260,"D",.,"A",0,"D",60,"D",.,"A",.,"A",1300,"D",0,"D",.,"A",.,"A",.,"A",.,"A"
"20152","03172151",25,0,"1",1950,"D",650,"D",975,"D",975,"D",0,"D",.,"A",.,"A",1300,"D",0,"D",.,"A",.,"A",.,"A",.,"A"
"20152","03172171",85,0,"1",1950,"D",474,"F",325,"D",260,"D",0,"D",.,"A",.,"A",1805,"F",300,"D",35,"D",455,"D",.,"A",.,"A"
"20152","03172184",46,0,"1",2275,"D",325,"D",.,"A",2600,"D",0,"D",.,"A",.,"A",1950,"D",0,"D",.,"A",.,"A",.,"A",.,"A"
"20152","03172191",29,0,"1",2600,"D",325,"D",260,"D",0,"D",0,"D",.,"A",.,"A",2275,"D",0,"D",.,"A",.,"A",.,"A",.,"A"
"20152","03172201",66,0,"1",2080,"D",260,"D",.,"A",1625,"D",234,"D",.,"A",.,"A",1820,"D",360,"D",.,"A",.,"A",.,"A",.,"A"
"20152","03172221",28,0,"1",1772,"F",.,"A",.,"A",760,"F",113,"F",.,"A",.,"A",1467,"F",107,"F",.,"A",.,"A",.,"A",.,"A"
"20152","03172251",20,0,"1",1300,"D",325,"D",195,"D",0,"D",0,"D",.,"A",.,"A",975,"D",0,"D",0,"D",0,"D",260,"D",20,"D"
"20152","03172261",23,0,"1",650,"D",130,"D",.,"A",520,"D",0,"D",.,"A",.,"A",520,"D",0,"D",25,"D",325,"D",.,"A",.,"A"
"20152","03172275",35,0,"1",1950,"D",538,"F",.,"A",520,"D",24,"D",.,"A",.,"A",2289,"F",60,"D",.,"A",.,"A",.,"A",.,"A"
"20152","03172311",26,0,"1",1882,"F",.,"A",.,"A",0,"D",0,"D",.,"A",.,"A",1528,"F",0,"D",72,"D",936,"D",.,"A",.,"A"
"20152","03172321",18,0,"1",3315,"D",390,"D",650,"D",650,"D",0,"D",.,"A",.,"A",2925,"D",0,"D",.,"A",.,"A",.,"A",.,"A"
"20152","03172341",26,0,"1",1950,"D",650,"D",.,"A",325,"D",0,"D",.,"A",.,"A",1300,"D",0,"D",.,"A",.,"A",.,"A",.,"A"
"20152","03172381",18,0,"1",1300,"D",195,"D",.,"A",0,"D",0,"D",.,"A",.,"A",1105,"D",0,"D",.,"A",.,"A",.,"A",.,"A"
"20152","03172391",16,0,"1",585,"D",130,"D",.,"A",195,"D",0,"D",.,"A",.,"A",455,"D",0,"D",.,"A",.,"A",.,"A",.,"A"
"20152","03172411",31,0,"1",1950,"D",260,"D",.,"A",0,"D",0,"D",.,"A",.,"A",1690,"D",150,"D",20,"D",260,"D",260,"D",20,"D"
"20152","03172431",35,0,"1",260,"D",0,"D",65,"D",390,"D",60,"D",.,"A",.,"A",260,"D",30,"D",.,"A",.,"A",.,"A",.,"A"
"20152","03172451",26,0,"1",1950,"D",650,"D",975,"D",390,"D",120,"D",.,"A",.,"A",1300,"D",75,"D",.,"A",.,"A",.,"A",.,"A"
"20152","03172471",40,0,"1",3250,"D",650,"D",.,"A",650,"D",1500,"D",.,"A",.,"A",2600,"D",600,"D",.,"A",.,"A",.,"A",.,"A"
"20152","03172491",49,0,"1",2600,"D",650,"D",.,"A",1690,"D",0,"D",.,"A",257,"F",1950,"D",144,"D",35,"D",455,"D",104,"D",8,"D"
"20152","03172501",20,0,"1",1300,"D",0,"D",325,"D",0,"D",0,"D",.,"A",.,"A",1300,"D",0,"D",.,"A",.,"A",.,"A",.,"A"
"20152","03172511",23,0,"1",1536,"F",.,"A",.,"A",800,"F",175,"F",.,"A",.,"A",1244,"F",168,"F",.,"A",.,"A",.,"A",.,"A"
"20152","03172521",41,0,"1",1690,"D",325,"D",390,"D",650,"D",0,"D",.,"A",.,"A",1365,"D",60,"D",.,"A",.,"A",.,"A",.,"A"
"20152","03172531",34,0,"1",780,"D",130,"D",.,"A",260,"D",0,"D",.,"A",.,"A",650,"D",0,"D",.,"A",.,"A",.,"A",.,"A"
"20152","03172543",57,0,"1",1300,"D",325,"D",390,"D",650,"D",0,"D",.,"A",.,"A",975,"D",150,"D",25,"D",325,"D",.,"A",.,"A"
"20152","03172601",13,0,"1",975,"D",130,"D",.,"A",195,"D",6,"D",.,"A",.,"A",845,"D",6,"D",50,"D",650,"D",.,"A",.,"A"
"20152","03172611",21,0,"1",2600,"D",130,"D",.,"A",650,"D",0,"D",.,"A",.,"A",2470,"D",90,"D",.,"A",.,"A",.,"A",.,"A"
"20152","03172621",30,0,"1",1950,"D",650,"D",.,"A",65,"D",0,"D",.,"A",.,"A",1300,"D",300,"D",55,"D",715,"D",.,"A",.,"A"
"20152","03172641",19,0,"1",1950,"D",0,"D",.,"A",390,"D",0,"D",.,"A",.,"A",1950,"D",0,"D",.,"A",.,"A",.,"A",.,"A"
"20152","03172681",22,0,"1",975,"D",455,"D",.,"A",325,"D",0,"D",.,"A",.,"A",520,"D",0,"D",.,"A",.,"A",.,"A",.,"A"
"20152","03172701",56,0,"1",780,"D",260,"D",65,"D",195,"D",60,"D",.,"A",.,"A",520,"D",30,"D",.,"A",.,"A",.,"A",.,"A"
"20152","03172715",20,0,"1",780,"D",260,"D",.,"A",0,"D",0,"D",.,"A",.,"A",520,"D",0,"D",.,"A",.,"A",.,"A",.,"A"
"20152","03172761",14,0,"1",2132,"F",.,"A",.,"A",801,"F",0,"D",.,"A",.,"A",1810,"F",0,"D",.,"A",.,"A",.,"A",.,"A"
"20152","03172771",61,0,"1",1300,"D",325,"D",.,"A",1300,"D",120,"D",.,"A",.,"A",975,"D",150,"D",.,"A",.,"A",.,"A",.,"A"
"20152","03172781",31,0,"1",1300,"D",260,"D",260,"D",260,"D",0,"D",.,"A",.,"A",1040,"D",60,"D",.,"A",.,"A",.,"A",.,"A"
"20152","03172791",20,0,"1",2600,"D",325,"D",.,"A",650,"D",60,"D",.,"A",.,"A",2275,"D",60,"D",21,"D",273,"D",.,"A",.,"A"
"20152","03172821",23,0,"1",650,"D",130,"D",.,"A",325,"D",0,"D",.,"A",.,"A",520,"D",15,"D",.,"A",.,"A",.,"A",.,"A"
"20152","03172831",15,0,"1",520,"D",78,"D",.,"A",0,"D",0,"D",.,"A",.,"A",442,"D",0,"D",8,"D",104,"D",.,"A",.,"A"
"20152","03172851",12,0,"1",2600,"D",0,"D",.,"A",0,"D",0,"D",.,"A",.,"A",2600,"D",0,"D",.,"A",.,"A",.,"A",.,"A"
"20152","03172871",24,0,"1",1040,"D",65,"D",.,"A",156,"D",6,"D",.,"A",.,"A",975,"D",6,"D",.,"A",.,"A",.,"A",.,"A"
"20152","03172901",19,0,"1",975,"D",195,"D",130,"D",0,"D",0,"D",.,"A",.,"A",780,"D",60,"D",.,"C",372,"F",.,"A",.,"A"
"20152","03172921",19,0,"1",1950,"D",260,"D",.,"A",650,"D",75,"D",.,"A",.,"A",1690,"D",150,"D",.,"A",.,"A",.,"A",.,"A"
"20152","03172941",16,0,"1",715,"D",130,"D",284,"F",260,"D",0,"D",.,"A",.,"A",585,"D",150,"D",8,"D",104,"D",.,"A",.,"A"
"20152","03172951",30,0,"1",3900,"D",650,"D",.,"A",5200,"D",600,"D",.,"A",.,"A",3250,"D",300,"D",.,"A",.,"A",.,"A",.,"A"
"20152","03172961",31,0,"1",1300,"D",130,"D",.,"A",130,"D",1350,"D",.,"A",.,"A",1170,"D",1200,"D",.,"A",.,"A",.,"A",.,"A"
"20152","03172971",24,0,"1",930,"F",.,"A",273,"F",390,"D",0,"D",.,"A",.,"A",755,"F",0,"D",.,"A",.,"A",.,"A",.,"A"
"20152","03172981",31,0,"1",2600,"D",390,"D",.,"A",325,"D",0,"D",.,"A",.,"A",2210,"D",0,"D",70,"D",910,"D",156,"D",12,"D"
"20152","03172991",43,0,"1",780,"D",130,"D",.,"A",260,"D",0,"D",.,"A",.,"A",650,"D",0,"D",.,"A",.,"A",.,"A",.,"A"
"20152","03173003",28,0,"1",0,"D",.,"A",.,"A",0,"D",0,"D",.,"A",.,"A",0,"D",0,"D",.,"A",.,"A",.,"A",.,"A"
"20152","03173011",28,0,"1",2600,"D",780,"D",.,"A",390,"D",0,"D",.,"A",.,"A",1820,"D",0,"D",.,"A",.,"A",.,"A",.,"A"
"20152","03173051",32,0,"1",1300,"D",260,"D",.,"A",1300,"D",0,"D",.,"A",.,"A",1040,"D",0,"D",.,"A",.,"A",.,"A",.,"A"
"20152","03173081",40,0,"1",1560,"D",260,"D",.,"A",1950,"D",90,"D",.,"A",.,"A",1300,"D",150,"D",.,"A",.,"A",.,"A",.,"A"
"20152","03173141",23,0,"1",3900,"D",650,"D",.,"A",325,"D",0,"D",.,"A",.,"A",3250,"D",0,"D",.,"A",.,"A",.,"A",.,"A"
"20152","03173151",22,0,"1",650,"D",0,"D",.,"A",65,"D",0,"D",.,"A",.,"A",650,"D",0,"D",.,"A",.,"A",.,"A",.,"A"
"20152","03173181",64,0,"1",1625,"D",390,"D",325,"D",975,"D",120,"D",.,"A",.,"A",1235,"D",150,"D",.,"A",.,"A",.,"A",.,"A"
"20152","03173204",28,0,"1",1560,"D",780,"D",.,"A",520,"D",45,"D",.,"A",.,"A",780,"D",420,"D",.,"A",.,"A",.,"A",.,"A"
"20152","03173221",19,0,"1",650,"D",130,"D",.,"A",260,"D",0,"D",.,"A",.,"A",520,"D",120,"D",42,"D",546,"D",.,"A",.,"A"
"20152","03173241",27,0,"1",1950,"D",325,"D",.,"A",650,"D",0,"D",.,"A",.,"A",1625,"D",0,"D",.,"A",.,"A",.,"A",.,"A"
"20152","03173261",35,0,"1",2600,"D",520,"D",.,"A",0,"D",0,"D",.,"A",.,"A",2080,"D",300,"D",.,"A",.,"A",.,"A",.,"A"
"20152","03173281",21,0,"1",1170,"D",130,"D",.,"A",650,"D",0,"D",.,"A",.,"A",1040,"D",0,"D",.,"A",.,"A",.,"A",.,"A"
"20152","03173291",16,0,"1",520,"D",65,"D",.,"A",327,"F",0,"D",.,"A",.,"A",455,"D",0,"D",.,"A",.,"A",.,"A",.,"A"
"20152","03173301",26,0,"1",1690,"D",195,"D",.,"A",650,"D",120,"D",.,"A",80,"D",1495,"D",600,"D",.,"A",.,"A",.,"A",.,"A"
"20152","03173331",59,0,"1",3250,"D",0,"D",.,"A",1560,"D",0,"D",.,"A",510,"D",3250,"D",45,"D",.,"A",.,"A",.,"A",.,"A"
"20152","03173341",40,0,"1",1950,"D",325,"D",.,"A",910,"D",30,"D",.,"A",.,"A",1625,"D",60,"D",.,"A",.,"A",.,"A",.,"A"
"20152","03173361",35,0,"1",1560,"D",390,"D",325,"D",325,"D",0,"D",.,"A",.,"A",1170,"D",60,"D",.,"A",.,"A",.,"A",.,"A"
"20152","03173371",15,0,"1",1560,"D",130,"D",.,"A",1300,"D",0,"D",.,"A",.,"A",1430,"D",0,"D",.,"A",.,"A",.,"A",.,"A"
"20152","03173401",23,0,"1",650,"D",260,"D",.,"A",650,"D",210,"D",.,"A",.,"A",390,"D",75,"D",.,"A",.,"A",.,"A",.,"A"
"20152","03173411",24,0,"1",1300,"D",390,"D",39,"D",520,"D",0,"D",.,"A",.,"A",910,"D",0,"D",.,"A",.,"A",.,"A",.,"A"
"20152","03173421",58,0,"1",975,"D",325,"D",.,"A",650,"D",0,"D",.,"A",.,"A",650,"D",300,"D",.,"A",.,"A",390,"D",30,"D"
"20152","03173431",37,0,"1",2145,"D",975,"D",.,"A",325,"D",0,"D",.,"A",78,"D",1170,"D",0,"D",.,"A",.,"A",.,"A",.,"A"
"20152","03173441",36,0,"1",3250,"D",650,"D",.,"A",650,"D",0,"D",325,"D",325,"D",2600,"D",105,"D",.,"A",.,"A",.,"A",.,"A"
"20152","03173454",30,0,"1",2600,"D",1300,"D",.,"A",910,"D",0,"D",.,"A",.,"A",1300,"D",0,"D",.,"A",.,"A",.,"A",.,"A"
"20152","03173482",13,0,"1",2600,"D",650,"D",.,"A",1300,"D",150,"D",.,"A",.,"A",1950,"D",300,"D",.,"A",.,"A",.,"A",.,"A"
"20152","03173491",16,0,"1",1300,"D",0,"D",.,"A",260,"D",0,"D",.,"A",.,"A",1300,"D",0,"D",5,"D",65,"D",.,"A",.,"A"
"20152","03173501",34,0,"1",1560,"D",260,"D",260,"D",260,"D",6,"D",.,"A",.,"A",1300,"D",6,"D",.,"A",.,"A",.,"A",.,"A"
"20152","03173511",14,0,"1",325,"D",0,"D",.,"A",325,"D",0,"D",.,"A",.,"A",325,"D",0,"D",.,"A",.,"A",.,"A",.,"A"
"20152","03173521",37,0,"1",1300,"D",260,"D",.,"A",325,"D",0,"D",.,"A",.,"A",1040,"D",0,"D",.,"A",.,"A",.,"A",.,"A"
"20152","03173532",19,0,"1",455,"D",130,"D",.,"A",130,"D",0,"D",.,"A",.,"A",325,"D",0,"D",.,"A",.,"A",.,"A",.,"A"
"20152","03173551",20,0,"1",1040,"D",260,"D",.,"A",1040,"D",0,"D",.,"A",.,"A",780,"D",0,"D",.,"A",.,"A",.,"A",.,"A"
"20152","03173561",31,0,"1",1300,"D",650,"D",.,"A",650,"D",600,"D",.,"A",.,"A",650,"D",600,"D",.,"A",.,"A",.,"A",.,"A"
"20152","03173571",22,0,"1",1950,"D",650,"D",.,"A",390,"D",0,"D",.,"A",240,"D",1300,"D",0,"D",70,"D",910,"D",.,"A",.,"A"
"20152","03173584",26,0,"1",1950,"D",520,"D",.,"A",650,"D",30,"D",.,"A",.,"A",1430,"D",30,"D",.,"A",.,"A",.,"A",.,"A"
"20152","03173601",43,0,"1",1950,"D",325,"D",.,"A",520,"D",0,"D",.,"A",.,"A",1625,"D",300,"D",.,"A",.,"A",.,"A",.,"A"
"20152","03173641",25,0,"1",650,"D",260,"D",.,"A",130,"D",30,"D",.,"A",.,"A",390,"D",30,"D",20,"D",260,"D",.,"A",.,"A"
"20152","03173651",13,0,"1",2925,"D",325,"D",.,"A",0,"D",0,"D",.,"A",.,"A",2600,"D",0,"D",.,"A",.,"A",.,"A",.,"A"
"20152","03173721",15,0,"1",650,"D",0,"D",.,"A",0,"D",0,"D",.,"A",.,"A",650,"D",0,"D",20,"D",260,"D",.,"A",.,"A"
"20152","03173761",8,0,"1",930,"F",.,"A",.,"A",471,"F",0,"D",.,"A",.,"A",755,"F",0,"D",.,"A",.,"A",.,"A",.,"A"
"20152","03173771",19,0,"1",520,"D",260,"D",195,"D",0,"D",0,"D",.,"A",.,"A",260,"D",120,"D",20,"D",260,"D",.,"A",.,"A"
"20152","03173781",42,0,"1",1300,"D",0,"D",.,"A",1950,"D",900,"D",.,"A",.,"A",1300,"D",300,"D",.,"A",.,"A",.,"A",.,"A"
"20152","03173801",17,0,"1",1950,"D",650,"D",.,"A",390,"D",0,"D",.,"A",.,"A",1300,"D",60,"D",60,"D",780,"D",.,"A",.,"A"
"20152","03173811",16,0,"1",12350,"D",1950,"D",.,"A",0,"D",0,"D",.,"A",.,"A",10400,"D",0,"D",15,"D",195,"D",.,"A",.,"A"
"20152","03173831",20,0,"1",1625,"D",455,"D",.,"A",520,"D",0,"D",.,"A",.,"A",1170,"D",0,"D",.,"A",.,"A",.,"A",.,"A"
"20152","03173841",27,0,"1",1950,"D",845,"D",.,"A",650,"D",0,"D",.,"A",.,"A",1105,"D",0,"D",8,"D",104,"D",.,"A",.,"A"
"20152","03173851",31,0,"1",2600,"D",650,"D",.,"A",975,"D",150,"D",.,"A",.,"A",1950,"D",150,"D",.,"A",.,"A",.,"A",.,"A"
"20152","03173861",19,0,"1",1950,"D",650,"D",.,"A",390,"D",0,"D",.,"A",.,"A",1300,"D",0,"D",.,"A",.,"A",.,"A",.,"A"
"20152","03173871",88,0,"1",3250,"D",650,"D",.,"A",390,"D",0,"D",.,"A",.,"A",2600,"D",0,"D",.,"A",.,"A",.,"A",.,"A"
"20152","03173911",25,0,"1",650,"D",130,"D",.,"A",650,"D",90,"D",.,"A",.,"A",520,"D",300,"D",40,"D",520,"D",65,"D",5,"D"
"20152","03173921",29,0,"1",3250,"D",2600,"D",130,"D",260,"D",6,"D",.,"A",.,"A",650,"D",6,"D",.,"A",.,"A",.,"A",.,"A"
"20152","03173951",21,0,"1",975,"D",260,"D",.,"A",260,"D",135,"D",.,"A",.,"A",715,"D",120,"D",.,"A",.,"A",.,"A",.,"A"
"20152","03173981",9,0,"1",585,"D",65,"D",.,"A",0,"D",0,"D",.,"A",.,"A",520,"D",0,"D",.,"A",.,"A",.,"A",.,"A"
"20152","03174001",13,0,"1",1300,"D",390,"D",.,"A",0,"D",0,"D",.,"A",.,"A",910,"D",0,"D",.,"A",.,"A",26,"D",2,"D"
"20152","03174061",38,0,"1",1495,"D",0,"D",754,"D",260,"D",120,"D",.,"A",.,"A",1495,"D",30,"D",70,"D",910,"D",.,"A",.,"A"
"20152","03174071",26,0,"1",2275,"D",474,"F",.,"A",0,"D",0,"D",.,"A",.,"A",1805,"F",0,"D",.,"A",.,"A",.,"A",.,"A"
"20152","03174081",61,0,"1",2535,"D",520,"D",.,"A",1950,"D",120,"D",.,"A",120,"D",2015,"D",60,"D",.,"A",.,"A",.,"A",.,"A"
"20152","03174091",28,0,"1",780,"D",65,"D",.,"A",0,"D",0,"D",.,"A",.,"A",715,"D",0,"D",.,"A",.,"A",.,"A",.,"A"
"20152","03174111",22,0,"1",1300,"D",130,"D",130,"D",104,"D",0,"D",.,"A",.,"A",1170,"D",0,"D",.,"A",.,"A",.,"A",.,"A"
"20153","02900555",56,0,"1",2600,"D",650,"D",130,"D",650,"D",0,"D",.,"A",.,"A",1950,"D",0,"D",.,"A",.,"A",.,"A",.,"A"
"20153","02900575",44,0,"1",1170,"D",650,"D",.,"A",130,"D",0,"D",.,"A",.,"A",520,"D",450,"D",25,"D",325,"D",.,"A",.,"A"
"20153","02900595",24,0,"1",975,"D",0,"D",.,"A",1950,"D",0,"D",.,"A",.,"A",975,"D",0,"D",.,"A",.,"A",.,"A",.,"A"
"20153","02900655",22,0,"1",975,"D",0,"D",.,"A",0,"D",0,"D",.,"A",.,"A",975,"D",0,"D",.,"A",.,"A",.,"A",.,"A"
"20153","02900675",27,0,"1",910,"D",520,"D",260,"D",1820,"D",450,"D",.,"A",.,"A",390,"D",450,"D",.,"A",.,"A",.,"A",.,"A"
"20153","02900735",22,0,"1",1300,"D",130,"D",.,"A",0,"D",0,"D",.,"A",.,"A",1170,"D",360,"D",20,"D",260,"D",.,"A",.,"A"
"20153","02900745",34,0,"1",3250,"D",1040,"D",.,"A",1950,"D",1500,"D",.,"A",.,"A",2210,"D",450,"D",.,"A",.,"A",.,"A",.,"A"
"20153","02900835",47,0,"1",1300,"D",260,"D",325,"D",0,"D",0,"D",.,"A",.,"A",1040,"D",150,"D",.,"A",.,"A",.,"A",.,"A"
"20153","02900845",15,0,"1",1300,"D",211,"F",.,"A",604,"F",0,"D",.,"A",.,"A",741,"F",0,"D",.,"A",.,"A",.,"A",.,"A"
"20153","02900855",62,0,"1",650,"D",65,"D",.,"A",650,"D",0,"D",.,"A",.,"A",585,"D",45,"D",.,"A",.,"A",.,"A",.,"A"
"20153","02900885",20,0,"1",1040,"D",260,"D",.,"A",780,"D",600,"D",.,"A",.,"A",780,"D",0,"D",44,"D",572,"D",.,"A",.,"A"
"20153","02900895",66,0,"1",1560,"D",520,"D",390,"D",780,"D",180,"D",.,"A",.,"A",1040,"D",180,"D",.,"A",.,"A",.,"A",.,"A"
"20153","02900905",67,0,"1",1560,"D",325,"D",260,"D",975,"D",0,"D",.,"A",.,"A",1235,"D",0,"D",.,"A",.,"A",.,"A",.,"A"
"20153","02900925",56,0,"1",780,"D",0,"D",.,"A",390,"D",21,"D",.,"A",.,"A",780,"D",90,"D",.,"A",.,"A",.,"A",.,"A"
"20153","02900935",29,0,"1",780,"D",78,"D",.,"A",130,"D",0,"D",.,"A",.,"A",702,"D",0,"D",.,"A",.,"A",.,"A",.,"A"
"20153","02900995",34,0,"1",1950,"D",260,"D",.,"A",780,"D",180,"D",.,"A",.,"A",1690,"D",90,"D",.,"A",.,"A",.,"A",.,"A"
"20153","02901005",20,0,"1",1560,"D",260,"D",.,"A",650,"D",0,"D",.,"A",.,"A",1300,"D",75,"D",.,"A",.,"A",.,"A",.,"A"
"20153","02901045",41,0,"1",975,"D",260,"D",.,"A",520,"D",0,"D",.,"A",.,"A",715,"D",0,"D",.,"A",.,"A",.,"A",.,"A"
"20153","02901055",40,0,"1",1131,"D",221,"D",.,"A",260,"D",30,"D",.,"A",.,"A",910,"D",225,"D",.,"A",.,"A",.,"A",.,"A"
"20153","02901165",93,0,"1",1950,"D",0,"D",650,"D",325,"D",60,"D",.,"A",.,"A",1950,"D",600,"D",.,"A",.,"A",.,"A",.,"A"
"20153","02901175",14,0,"1",1950,"D",650,"D",.,"A",0,"D",0,"D",.,"A",.,"A",1300,"D",0,"D",.,"A",.,"A",.,"A",.,"A"
"20153","02901205",31,0,"1",1300,"D",195,"D",.,"A",130,"D",0,"D",.,"A",.,"A",1105,"D",0,"D",.,"A",.,"A",.,"A",.,"A"
"20153","02901215",17,0,"1",910,"D",130,"D",.,"A",0,"D",0,"D",.,"A",.,"A",780,"D",120,"D",25,"D",325,"D",.,"A",.,"A"
"20153","02901235",14,0,"1",650,"D",0,"D",.,"A",650,"D",0,"D",.,"A",.,"A",650,"D",60,"D",.,"A",.,"A",.,"A",.,"A"
"20153","02901255",25,0,"1",1040,"D",130,"D",260,"D",780,"D",0,"D",.,"A",.,"A",910,"D",0,"D",.,"A",.,"A",.,"A",.,"A"
"20153","02901295",112,0,"1",3250,"D",845,"D",.,"A",1300,"D",90,"D",.,"A",.,"A",2405,"D",90,"D",.,"A",.,"A",.,"A",.,"A"
"20153","02901305",66,0,"1",1300,"D",390,"D",.,"A",390,"D",0,"D",.,"A",.,"A",910,"D",0,"D",.,"A",.,"A",.,"A",.,"A"
"20153","02901405",26,0,"1",650,"D",156,"D",.,"A",0,"D",0,"D",.,"A",.,"A",494,"D",0,"D",10,"D",130,"D",.,"A",.,"A"
"20153","02901415",49,0,"1",2600,"D",390,"D",.,"A",910,"D",120,"D",.,"A",320,"D",2210,"D",0,"D",.,"A",.,"A",.,"A",.,"A"
"20153","02901495",24,0,"1",3900,"D",260,"D",.,"A",455,"D",0,"D",.,"A",.,"A",3640,"D",90,"D",.,"A",.,"A",.,"A",.,"A"
"20153","02901505",34,0,"1",650,"D",65,"D",.,"A",390,"D",0,"D",.,"A",140,"D",585,"D",39,"D",.,"A",.,"A",.,"A",.,"A"
"20153","02901535",26,0,"1",1820,"D",260,"D",.,"A",799,"F",0,"D",.,"A",.,"A",1560,"D",0,"D",.,"A",.,"A",.,"A",.,"A"
"20153","02901545",47,0,"1",1495,"D",195,"D",.,"A",585,"D",0,"D",.,"A",.,"A",1300,"D",45,"D",.,"A",.,"A",.,"A",.,"A"
"20153","02901595",51,0,"1",1170,"D",130,"D",.,"A",429,"D",0,"D",.,"A",.,"A",1040,"D",0,"D",.,"A",.,"A",.,"A",.,"A"
"20153","02901615",23,0,"1",1300,"D",260,"D",.,"A",390,"D",30,"D",.,"A",.,"A",1040,"D",0,"D",.,"A",.,"A",.,"A",.,"A"
"20153","02901625",13,0,"1",2600,"D",444,"F",.,"A",510,"F",102,"F",.,"A",.,"A",1558,"F",89,"F",.,"A",.,"A",.,"A",.,"A"
"20153","02901655",12,0,"1",195,"D",0,"D",.,"A",0,"D",0,"D",.,"A",.,"A",195,"D",0,"D",.,"A",.,"A",.,"A",.,"A"
"20153","02901705",64,0,"1",975,"D",325,"D",.,"A",0,"D",0,"D",.,"A",.,"A",650,"D",0,"D",.,"A",.,"A",.,"A",.,"A"
"20153","02901715",34,0,"1",3250,"D",455,"D",.,"A",780,"D",0,"D",.,"A",.,"A",2795,"D",180,"D",60,"D",780,"D",.,"A",.,"A"
"20153","02901725",22,0,"1",1040,"D",130,"D",.,"A",325,"D",0,"D",.,"A",.,"A",910,"D",48,"D",.,"A",.,"A",.,"A",.,"A"
"20153","02901785",38,0,"1",780,"D",26,"D",.,"A",156,"D",0,"D",.,"A",.,"A",754,"D",30,"D",.,"A",.,"A",.,"A",.,"A"
"20153","02901805",62,0,"1",1170,"D",650,"D",.,"A",1950,"D",15,"D",.,"A",.,"A",520,"D",30,"D",.,"A",.,"A",.,"A",.,"A"
"20153","02901845",22,0,"1",2275,"D",520,"D",.,"A",130,"D",0,"D",.,"A",.,"A",1755,"D",0,"D",56,"D",728,"D",.,"A",.,"A"
"20153","02901855",15,0,"1",919,"F",.,"A",.,"A",604,"F",121,"F",.,"A",.,"A",741,"F",92,"F",.,"A",.,"A",.,"A",.,"A"
"20153","02901865",35,0,"1",1950,"D",0,"D",.,"A",780,"D",0,"D",.,"A",.,"A",1950,"D",0,"D",.,"A",.,"A",.,"A",.,"A"
"20153","02901885",50,0,"1",1950,"D",390,"D",.,"A",520,"D",0,"D",.,"A",.,"A",1560,"D",0,"D",.,"A",.,"A",.,"A",.,"A"
"20153","02901935",43,0,"1",1950,"D",260,"D",.,"A",520,"D",0,"D",.,"A",.,"A",1690,"D",120,"D",.,"A",.,"A",.,"A",.,"A"
"20153","02901945",37,0,"1",3289,"D",195,"D",.,"A",0,"D",0,"D",.,"A",.,"A",3094,"D",0,"D",.,"A",.,"A",195,"D",15,"D"
"20153","02901955",38,0,"1",1950,"D",445,"F",287,"F",390,"D",6,"D",.,"A",.,"A",1825,"F",6,"D",.,"A",.,"A",.,"A",.,"A"
"20153","02902085",20,0,"1",8190,"D",5564,"D",.,"A",195,"D",0,"D",.,"A",.,"A",2626,"D",0,"D",.,"A",.,"A",.,"A",.,"A"
"20153","02902195",42,0,"1",1950,"D",260,"D",130,"D",390,"D",120,"D",.,"A",.,"A",1690,"D",75,"D",.,"A",.,"A",.,"A",.,"A"
"20153","02902215",51,0,"1",2080,"D",650,"D",130,"D",650,"D",0,"D",.,"A",.,"A",1430,"D",120,"D",.,"A",.,"A",.,"A",.,"A"
"20153","02902245",26,0,"1",1690,"D",195,"D",.,"A",0,"D",0,"D",.,"A",.,"A",1495,"D",0,"D",60,"D",780,"D",.,"A",.,"A"
"20153","02902285",33,0,"1",1040,"D",104,"D",.,"A",1170,"D",0,"D",.,"A",.,"A",936,"D",0,"D",.,"A",.,"A",.,"A",.,"A"
"20153","02902325",28,0,"1",1300,"D",130,"D",.,"A",1300,"D",0,"D",.,"A",.,"A",1170,"D",0,"D",.,"A",.,"A",.,"A",.,"A"
"20153","02902375",41,0,"1",1040,"D",260,"D",.,"A",1300,"D",0,"D",.,"A",.,"A",780,"D",0,"D",.,"A",.,"A",.,"A",.,"A"
"20153","02902455",69,0,"1",975,"D",130,"D",.,"A",520,"D",0,"D",.,"A",170,"D",845,"D",0,"D",.,"A",.,"A",.,"A",.,"A"
"20153","02902465",20,0,"1",1300,"D",325,"D",.,"A",520,"D",0,"D",.,"A",.,"A",975,"D",0,"D",.,"A",.,"A",.,"A",.,"A"
"20153","02902525",37,0,"1",1950,"D",0,"D",.,"A",650,"D",0,"D",.,"A",.,"A",1950,"D",60,"D",.,"A",.,"A",.,"A",.,"A"
"20153","02902535",68,0,"1",1495,"D",260,"D",.,"A",2522,"D",45,"D",.,"A",.,"A",1235,"D",0,"D",.,"A",.,"A",.,"A",.,"A"
"20153","02902545",14,0,"1",520,"D",65,"D",.,"A",0,"D",6,"D",.,"A",.,"A",455,"D",6,"D",.,"A",.,"A",.,"A",.,"A"
"20153","02902735",40,0,"1",1690,"D",520,"D",195,"D",65,"D",150,"D",.,"A",.,"A",1170,"D",150,"D",30,"D",390,"D",.,"A",.,"A"
"20153","02902815",49,0,"1",910,"D",260,"D",65,"D",260,"D",0,"D",.,"A",.,"A",650,"D",0,"D",.,"A",.,"A",.,"A",.,"A"
"20153","02902825",23,0,"1",910,"D",130,"D",.,"A",260,"D",0,"D",.,"A",80,"D",780,"D",60,"D",.,"A",.,"A",.,"A",.,"A"
"20153","02902875",36,0,"1",2600,"D",390,"D",390,"D",0,"D",0,"D",.,"A",.,"A",2210,"D",0,"D",.,"A",.,"A",.,"A",.,"A"
"20153","02902905",27,0,"1",975,"D",260,"D",.,"A",975,"D",0,"D",.,"A",.,"A",715,"D",0,"D",.,"A",.,"A",.,"A",.,"A"
"20153","02902955",9,0,"1",325,"D",65,"D",.,"A",0,"D",0,"D",.,"A",.,"A",260,"D",360,"D",20,"D",260,"D",195,"D",15,"D"
"20153","02902975",42,0,"1",338,"D",39,"D",.,"A",65,"D",0,"D",.,"A",.,"A",299,"D",0,"D",.,"A",.,"A",.,"A",.,"A"
"20153","02903035",36,0,"1",520,"D",65,"D",.,"A",455,"D",0,"D",.,"A",.,"A",455,"D",0,"D",.,"A",.,"A",.,"A",.,"A"
"20153","02903045",45,0,"1",1040,"D",195,"D",.,"A",780,"D",30,"D",.,"A",.,"A",845,"D",90,"D",.,"A",.,"A",.,"A",.,"A"
"20153","02903065",52,0,"1",1885,"D",650,"D",.,"A",650,"D",150,"D",.,"A",.,"A",1235,"D",300,"D",.,"A",.,"A",.,"A",.,"A"
"20153","02903075",19,0,"1",3250,"D",195,"D",.,"A",650,"D",6,"D",.,"A",.,"A",3055,"D",6,"D",.,"A",.,"A",.,"A",.,"A"
"20153","02903085",31,0,"1",1625,"D",0,"D",.,"A",650,"D",0,"D",.,"A",.,"A",1625,"D",0,"D",.,"A",.,"A",.,"A",.,"A"
"20153","02903095",29,0,"1",780,"D",130,"D",.,"A",0,"D",0,"D",.,"A",.,"A",650,"D",150,"D",.,"A",.,"A",.,"A",.,"A"
"20153","02903105",28,0,"1",780,"D",130,"D",391,"F",780,"D",0,"D",.,"A",.,"A",650,"D",300,"D",.,"A",.,"A",.,"A",.,"A"
"20153","02903145",54,0,"1",2730,"D",303,"F",268,"F",299,"D",120,"F",.,"A",.,"A",1077,"F",121,"F",.,"A",.,"A",.,"A",.,"A"
"20153","02903185",42,0,"1",1300,"D",260,"D",.,"A",650,"D",600,"D",.,"A",.,"A",1040,"D",300,"D",5,"D",65,"D",.,"A",.,"A"
"20153","02903215",30,0,"1",2600,"D",650,"D",.,"A",0,"D",600,"D",.,"A",.,"A",1950,"D",60,"D",.,"A",.,"A",.,"A",.,"A"
"20153","02903225",42,0,"1",1300,"D",195,"D",.,"A",260,"D",30,"D",.,"A",.,"A",1105,"D",90,"D",65,"D",845,"D",.,"A",.,"A"
"20153","02903235",34,0,"1",1560,"D",195,"D",143,"D",650,"D",0,"D",.,"A",.,"A",1365,"D",0,"D",.,"A",.,"A",.,"A",.,"A"
"20153","02903335",17,0,"1",975,"D",390,"D",650,"D",260,"D",0,"D",.,"A",.,"A",585,"D",0,"D",40,"D",520,"D",.,"A",.,"A"
"20153","02903375",24,0,"1",2600,"D",260,"D",.,"A",650,"D",0,"D",.,"A",.,"A",2340,"D",0,"D",.,"A",.,"A",.,"A",.,"A"
"20153","02903395",79,0,"1",1950,"D",195,"D",.,"A",390,"D",0,"D",.,"A",.,"A",1755,"D",0,"D",.,"A",.,"A",.,"A",.,"A"
"20153","02903605",35,0,"1",2600,"D",910,"D",.,"A",1300,"D",60,"D",.,"A",.,"A",1690,"D",240,"D",.,"A",.,"A",.,"A",.,"A"
"20153","02903625",33,0,"1",650,"D",0,"D",130,"D",130,"D",0,"D",.,"A",.,"A",650,"D",240,"D",.,"A",.,"A",208,"D",16,"D"
"20153","02903645",53,0,"1",975,"D",0,"D",.,"A",520,"D",0,"D",.,"A",72,"D",975,"D",105,"D",.,"A",.,"A",.,"A",.,"A"
"20153","02903675",82,0,"1",9100,"D",1300,"D",.,"A",1300,"D",150,"D",.,"A",.,"A",7800,"D",600,"D",.,"A",.,"A",325,"D",25,"D"
"20153","02903705",60,0,"1",2600,"D",1300,"D",.,"A",650,"D",90,"D",.,"A",.,"A",1300,"D",60,"D",.,"A",.,"A",.,"A",.,"A"
"20153","02903755",69,0,"1",1625,"D",260,"D",.,"A",156,"D",0,"D",.,"A",.,"A",1365,"D",45,"D",.,"A",.,"A",.,"A",.,"A"
"20153","02903775",34,0,"1",1950,"D",650,"D",.,"A",1300,"D",150,"D",.,"A",.,"A",1300,"D",150,"D",.,"A",.,"A",.,"A",.,"A"
"20153","02903825",21,0,"1",1827,"F",.,"A",.,"A",835,"F",0,"D",.,"A",.,"A",1438,"F",0,"D",.,"A",.,"A",.,"A",.,"A"
"20153","02903845",35,0,"1",1625,"D",325,"D",.,"A",130,"D",0,"D",.,"A",.,"A",1300,"D",0,"D",15,"D",195,"D",.,"A",.,"A"
"20153","02903855",16,0,"1",1820,"D",260,"D",.,"A",260,"D",0,"D",.,"A",.,"A",1560,"D",0,"D",.,"A",.,"A",.,"A",.,"A"
"20153","02903865",38,0,"1",1950,"D",195,"D",.,"A",1300,"D",0,"D",.,"A",135,"D",1755,"D",0,"D",.,"A",.,"A",.,"A",.,"A"
"20153","02903875",10,0,"1",975,"D",195,"D",.,"A",520,"D",0,"D",.,"A",.,"A",780,"D",0,"D",.,"A",.,"A",.,"A",.,"A"
"20153","02903885",31,0,"1",650,"D",65,"D",130,"D",780,"D",15,"D",60,"D",.,"A",585,"D",45,"D",.,"A",.,"A",.,"A",.,"A"
"20153","02903905",34,0,"1",1300,"D",130,"D",.,"A",0,"D",0,"D",.,"A",.,"A",1170,"D",0,"D",.,"A",.,"A",.,"A",.,"A"
"20153","02903945",27,0,"1",1040,"D",65,"D",.,"A",195,"D",0,"D",.,"A",.,"A",975,"D",0,"D",.,"A",.,"A",.,"A",.,"A"
"20153","02904055",41,0,"1",2340,"D",650,"D",260,"D",650,"D",0,"D",.,"A",.,"A",1690,"D",60,"D",.,"A",.,"A",.,"A",.,"A"
"20153","02904085",11,0,"1",650,"D",195,"D",260,"D",0,"D",0,"D",.,"A",.,"A",455,"D",0,"D",.,"A",.,"A",.,"A",.,"A"
"20153","02904095",15,0,"1",195,"D",52,"D",.,"A",91,"D",0,"D",.,"A",.,"A",143,"D",0,"D",.,"A",.,"A",.,"A",.,"A"
"20153","02904105",53,0,"1",975,"D",52,"D",.,"A",494,"D",0,"D",.,"A",.,"A",923,"D",0,"D",.,"A",.,"A",.,"A",.,"A"
"20153","02904125",44,0,"1",1300,"D",130,"D",.,"A",2600,"D",300,"D",.,"A",.,"A",1170,"D",90,"D",.,"A",.,"A",.,"A",.,"A"
"20153","02904145",16,0,"1",2600,"D",585,"D",.,"A",1300,"D",450,"D",.,"A",.,"A",2015,"D",375,"D",.,"A",.,"A",.,"A",.,"A"
"20153","02904155",15,0,"1",975,"D",195,"D",.,"A",1300,"D",0,"D",.,"A",.,"A",780,"D",0,"D",35,"D",455,"D",.,"A",.,"A"
"20153","02904165",34,0,"1",533,"D",0,"D",.,"A",0,"D",0,"D",.,"A",.,"A",533,"D",0,"D",.,"A",.,"A",.,"A",.,"A"
"20153","02904205",21,0,"1",1105,"D",195,"D",455,"D",1625,"D",450,"D",.,"A",.,"A",910,"D",375,"D",.,"A",.,"A",.,"A",.,"A"
"20153","02904215",39,0,"1",1950,"D",260,"D",.,"A",650,"D",60,"D",.,"A",.,"A",1690,"D",60,"D",.,"A",.,"A",.,"A",.,"A"
"20153","02904245",46,0,"1",520,"D",0,"D",.,"A",390,"D",0,"D",.,"A",.,"A",520,"D",60,"D",.,"A",.,"A",130,"D",10,"D"
"20153","02904285",15,0,"1",1300,"D",195,"D",.,"A",195,"D",0,"D",.,"A",.,"A",1105,"D",0,"D",.,"A",.,"A",.,"A",.,"A"
"20153","02904315",101,0,"1",780,"D",0,"D",650,"D",650,"D",60,"D",.,"A",.,"A",780,"D",240,"D",.,"A",.,"A",.,"A",.,"A"
"20153","02904435",30,0,"1",390,"D",0,"D",.,"A",130,"D",0,"D",.,"A",.,"A",390,"D",0,"D",.,"A",.,"A",.,"A",.,"A"
"20153","02904455",29,0,"1",1204,"F",.,"A",248,"F",260,"D",0,"D",.,"A",.,"A",976,"F",0,"D",.,"A",.,"A",.,"A",.,"A"
"20153","02904545",64,0,"1",2990,"D",390,"D",260,"D",650,"D",150,"D",.,"A",.,"A",2600,"D",270,"D",.,"A",.,"A",.,"A",.,"A"
"20153","02904595",44,0,"1",1300,"D",130,"D",.,"A",2600,"D",0,"D",.,"A",.,"A",1170,"D",150,"D",.,"A",.,"A",.,"A",.,"A"
"20153","02904605",33,0,"1",1625,"D",325,"D",520,"D",780,"D",0,"D",.,"A",.,"A",1300,"D",150,"D",.,"A",.,"A",.,"A",.,"A"
"20153","02904615",45,0,"1",975,"D",335,"F",391,"F",757,"F",162,"F",.,"A",.,"A",1315,"F",175,"F",.,"A",.,"A",.,"A",.,"A"
"20153","02904655",57,0,"1",780,"D",0,"D",.,"A",520,"D",6,"D",.,"A",.,"A",780,"D",6,"D",.,"A",.,"A",.,"A",.,"A"
"20153","02904665",32,0,"1",325,"D",130,"D",.,"A",650,"D",0,"D",.,"A",.,"A",195,"D",75,"D",50,"D",650,"D",.,"A",.,"A"
"20153","02904675",48,0,"1",2600,"D",325,"D",.,"A",650,"D",300,"D",.,"A",.,"A",2275,"D",300,"D",50,"D",650,"D",.,"A",.,"A"
"20153","02904715",22,0,"1",520,"D",0,"D",.,"A",0,"D",0,"D",.,"A",.,"A",520,"D",0,"D",.,"A",.,"A",.,"A",.,"A"
"20153","02904815",59,0,"1",1625,"D",260,"D",.,"A",520,"D",0,"D",.,"A",.,"A",1365,"D",30,"D",.,"A",.,"A",.,"A",.,"A"
"20153","02904885",36,0,"1",1723,"F",.,"A",.,"A",515,"F",0,"D",.,"A",.,"A",1366,"F",144,"F",.,"C",408,"F",.,"A",.,"A"
"20153","02904935",28,0,"1",1300,"D",26,"D",.,"A",650,"D",0,"D",.,"A",.,"A",1274,"D",0,"D",.,"A",.,"A",.,"A",.,"A"
"20153","02904945",28,0,"1",3250,"D",650,"D",.,"A",325,"D",0,"D",26,"D",.,"A",2600,"D",0,"D",15,"D",195,"D",.,"A",.,"A"
"20153","02904955",25,0,"1",5200,"D",650,"D",.,"A",1950,"D",0,"D",.,"A",.,"A",4550,"D",180,"D",.,"A",.,"A",.,"A",.,"A"
"20153","02905055",54,0,"1",2275,"D",0,"D",.,"A",975,"D",164,"F",.,"A",.,"A",2275,"D",1500,"D",.,"A",.,"A",.,"A",.,"A"
"20153","02905095",45,0,"1",975,"D",0,"D",.,"A",650,"D",0,"D",.,"A",.,"A",975,"D",0,"D",25,"D",325,"D",.,"A",.,"A"
"20153","02905145",50,0,"1",1950,"D",390,"D",520,"D",780,"D",0,"D",188,"D",.,"A",1560,"D",180,"D",50,"D",650,"D",.,"A",.,"A"
"20153","02905155",12,0,"1",780,"D",130,"D",.,"A",0,"D",0,"D",.,"A",.,"A",650,"D",0,"D",.,"A",.,"A",.,"A",.,"A"
"20153","02905165",16,0,"1",650,"D",0,"D",.,"A",0,"D",0,"D",.,"A",.,"A",650,"D",0,"D",10,"D",130,"D",.,"A",.,"A"
"20153","02905185",73,0,"1",2210,"D",650,"D",.,"A",650,"D",60,"D",.,"A",100,"D",1560,"D",240,"D",.,"A",.,"A",.,"A",.,"A"
"20153","02905245",20,0,"1",1040,"D",130,"D",.,"A",130,"D",0,"D",.,"A",.,"A",910,"D",0,"D",.,"A",.,"A",.,"A",.,"A"
"20153","02905255",101,0,"1",1950,"D",390,"D",.,"A",975,"D",75,"D",.,"A",40,"D",1560,"D",75,"D",3,"D",39,"D",195,"D",15,"D"
"20153","02905275",23,0,"1",1300,"D",130,"D",.,"A",1040,"D",0,"D",.,"A",.,"A",1170,"D",0,"D",.,"A",.,"A",.,"A",.,"A"
"20153","02905335",59,0,"1",1625,"D",260,"D",.,"A",780,"D",0,"D",.,"A",.,"A",1365,"D",75,"D",.,"A",.,"A",.,"A",.,"A"
"20153","02905365",25,0,"1",975,"D",130,"D",.,"A",650,"D",0,"D",.,"A",.,"A",845,"D",0,"D",.,"A",.,"A",.,"A",.,"A"
"20153","02905385",31,0,"1",2600,"D",260,"D",.,"A",650,"D",0,"D",.,"A",.,"A",2340,"D",0,"D",.,"A",.,"A",.,"A",.,"A"
"20153","02905405",20,0,"1",650,"D",130,"D",.,"A",0,"D",0,"D",.,"A",.,"A",520,"D",0,"D",.,"A",.,"A",.,"A",.,"A"
"20153","02905425",33,0,"1",715,"D",0,"D",.,"A",260,"D",0,"D",.,"A",.,"A",715,"D",75,"D",.,"A",.,"A",.,"A",.,"A"
"20153","02905485",70,0,"1",1781,"D",130,"D",260,"D",1300,"D",0,"D",.,"A",225,"D",1651,"D",0,"D",.,"A",.,"A",.,"A",.,"A"
"20153","02905495",54,0,"1",2600,"D",910,"D",.,"A",3900,"D",120,"D",.,"A",.,"A",1690,"D",240,"D",.,"A",.,"A",.,"A",.,"A"
"20153","02905515",46,0,"1",1950,"D",325,"D",.,"A",2600,"D",75,"D",.,"A",.,"A",1625,"D",150,"D",.,"A",.,"A",.,"A",.,"A"
"20153","02905545",22,0,"1",845,"D",379,"F",.,"A",390,"D",0,"D",.,"A",.,"A",1344,"F",0,"D",.,"A",.,"A",.,"A",.,"A"
"20153","02905585",20,0,"1",910,"D",130,"D",.,"A",195,"D",0,"D",.,"A",.,"A",780,"D",0,"D",.,"A",.,"A",.,"A",.,"A"
"20153","02905605",33,0,"1",390,"D",303,"F",.,"A",260,"D",0,"D",.,"A",.,"A",1077,"F",0,"D",.,"A",.,"A",273,"D",21,"D"
"20153","02905615",81,0,"1",5525,"D",1300,"D",130,"D",1625,"D",150,"D",.,"A",.,"A",4225,"D",975,"D",.,"A",.,"A",.,"A",.,"A"
"20153","02905625",60,0,"1",1300,"D",325,"D",130,"D",650,"D",0,"D",.,"A",.,"A",975,"D",300,"D",.,"A",.,"A",.,"A",.,"A"
"20153","02905645",54,0,"1",2600,"D",520,"D",.,"A",0,"D",0,"D",.,"A",.,"A",2080,"D",0,"D",.,"A",.,"A",.,"A",.,"A"
"20153","02905785",17,0,"1",819,"D",169,"D",.,"A",260,"D",0,"D",.,"A",.,"A",650,"D",0,"D",.,"A",.,"A",.,"A",.,"A"
"20153","02905805",19,0,"1",1300,"D",390,"D",.,"A",0,"D",0,"D",.,"A",.,"A",910,"D",0,"D",.,"A",.,"A",.,"A",.,"A"
"20153","02905815",43,0,"1",2826,"F",.,"A",.,"A",1300,"D",0,"D",.,"A",.,"A",2357,"F",450,"D",.,"A",.,"A",.,"A",.,"A"
"20153","02905865",10,0,"1",260,"D",65,"D",260,"D",260,"D",60,"D",.,"A",.,"A",195,"D",60,"D",25,"D",325,"D",.,"A",.,"A"
"20153","02905885",10,0,"1",1300,"D",65,"D",.,"A",0,"D",0,"D",.,"A",.,"A",1235,"D",0,"D",.,"A",.,"A",.,"A",.,"A"
"20153","02905895",39,0,"1",2600,"D",650,"D",.,"A",650,"D",300,"D",.,"A",.,"A",1950,"D",150,"D",50,"D",650,"D",.,"A",.,"A"
"20153","02905915",27,0,"1",520,"D",0,"D",413,"F",1300,"D",0,"D",.,"A",.,"A",520,"D",0,"D",.,"A",.,"A",.,"A",.,"A"
"20153","02905925",26,0,"1",1950,"D",130,"D",.,"A",650,"D",0,"D",.,"A",.,"A",1820,"D",0,"D",.,"A",.,"A",.,"A",.,"A"
"20153","02905955",21,0,"1",780,"D",65,"D",.,"A",780,"D",15,"D",.,"A",.,"A",715,"D",15,"D",.,"A",.,"A",.,"A",.,"A"
"20153","02906015",66,0,"1",1827,"F",.,"A",407,"F",0,"D",0,"D",.,"A",.,"A",1438,"F",120,"D",.,"A",.,"A",.,"A",.,"A"
"20153","02906025",12,0,"1",520,"D",211,"F",.,"A",0,"D",0,"D",.,"A",.,"A",741,"F",0,"D",.,"A",.,"A",.,"A",.,"A"
"20153","02906055",52,0,"1",1950,"D",650,"D",.,"A",2600,"D",0,"D",.,"A",180,"D",1300,"D",0,"D",.,"A",.,"A",.,"A",.,"A"
"20153","02906095",27,0,"1",1430,"D",65,"D",.,"A",650,"D",0,"D",.,"A",.,"A",1365,"D",30,"D",.,"A",.,"A",.,"A",.,"A"
"20153","02906115",46,0,"1",1625,"D",390,"D",.,"A",650,"D",0,"D",.,"A",.,"A",1235,"D",0,"D",.,"A",.,"A",.,"A",.,"A"
"20153","02906175",39,0,"1",1001,"D",91,"D",.,"A",195,"D",150,"D",.,"A",.,"A",910,"D",381,"D",.,"A",.,"A",.,"A",.,"A"
"20153","02906195",28,0,"1",1300,"D",260,"D",.,"A",325,"D",0,"D",.,"A",.,"A",1040,"D",240,"D",.,"A",.,"A",.,"A",.,"A"
"20153","02906245",30,0,"1",780,"D",130,"D",.,"A",520,"D",60,"D",.,"A",.,"A",650,"D",60,"D",.,"A",.,"A",.,"A",.,"A"
"20153","02906255",22,0,"1",1300,"D",1040,"D",.,"A",975,"D",300,"D",.,"A",.,"A",260,"D",0,"D",.,"A",.,"A",.,"A",.,"A"
"20153","02906285",86,0,"1",1040,"D",260,"D",.,"A",1560,"D",240,"D",.,"A",.,"A",780,"D",240,"D",.,"A",.,"A",.,"A",.,"A"
"20153","02906295",37,0,"1",1911,"D",650,"D",.,"A",0,"D",0,"D",.,"A",.,"A",1261,"D",0,"D",.,"A",.,"A",.,"A",.,"A"
"20153","02906305",52,0,"1",2275,"D",195,"D",.,"A",5200,"D",300,"D",.,"A",.,"A",2080,"D",150,"D",.,"A",.,"A",.,"A",.,"A"
"20153","02906315",43,0,"1",1820,"D",390,"D",.,"A",2990,"D",480,"D",.,"A",.,"A",1430,"D",240,"D",.,"A",.,"A",.,"A",.,"A"
"20153","02906405",34,0,"1",1300,"D",325,"D",130,"D",65,"D",0,"D",.,"A",.,"A",975,"D",0,"D",.,"A",.,"A",.,"A",.,"A"
"20153","02906415",13,0,"1",1300,"D",130,"D",.,"A",585,"D",0,"D",.,"A",.,"A",1170,"D",0,"D",40,"D",520,"D",.,"A",.,"A"
"20153","02906465",18,0,"1",1950,"D",325,"D",650,"D",0,"D",0,"D",.,"A",.,"A",1625,"D",390,"D",.,"A",.,"A",.,"A",.,"A"
"20153","02906525",43,0,"1",1300,"D",260,"D",.,"A",780,"D",0,"D",.,"A",.,"A",1040,"D",60,"D",.,"A",.,"A",.,"A",.,"A"
"20153","02906585",21,0,"1",650,"D",0,"D",.,"A",520,"D",0,"D",.,"A",.,"A",650,"D",0,"D",.,"A",.,"A",.,"A",.,"A"
"20153","02906605",41,0,"1",1040,"D",52,"D",195,"D",390,"D",60,"D",.,"A",.,"A",988,"D",60,"D",.,"A",.,"A",.,"A",.,"A"
"20153","02906685",43,0,"1",1625,"D",455,"D",130,"D",975,"D",0,"D",.,"A",506,"D",1170,"D",0,"D",.,"A",.,"A",.,"A",.,"A"
"20153","02906705",26,0,"1",2600,"D",0,"D",.,"A",1300,"D",0,"D",.,"A",.,"A",2600,"D",0,"D",.,"A",.,"A",.,"A",.,"A"
"20153","02906745",21,0,"1",1560,"D",130,"D",130,"D",260,"D",0,"D",.,"A",.,"A",1430,"D",0,"D",.,"A",.,"A",.,"A",.,"A"
"20153","02906855",66,0,"1",1300,"D",260,"D",650,"D",1105,"D",90,"D",.,"A",.,"A",1040,"D",75,"D",.,"A",.,"A",.,"A",.,"A"
"20153","02906865",59,0,"1",780,"D",295,"F",.,"A",390,"D",30,"D",.,"A",.,"A",1097,"F",45,"D",.,"A",.,"A",.,"A",.,"A"
"20153","02906875",29,0,"1",1625,"D",325,"D",.,"A",650,"D",75,"D",.,"A",.,"A",1300,"D",0,"D",.,"A",.,"A",.,"A",.,"A"
"20153","02906885",34,0,"1",3250,"D",650,"D",130,"D",260,"D",0,"D",.,"A",.,"A",2600,"D",0,"D",.,"A",.,"A",.,"A",.,"A"
"20153","02906995",31,0,"1",520,"D",0,"D",.,"A",65,"D",0,"D",.,"A",.,"A",520,"D",0,"D",.,"A",.,"A",.,"A",.,"A"
"20153","02907025",12,0,"1",442,"D",130,"D",260,"D",0,"D",0,"D",.,"A",.,"A",312,"D",0,"D",24,"D",312,"D",.,"A",.,"A"
"20153","02907045",20,0,"1",390,"D",0,"D",.,"A",1300,"D",0,"D",.,"A",.,"A",390,"D",0,"D",.,"A",.,"A",.,"A",.,"A"
"20153","02907085",25,0,"1",1040,"D",0,"D",390,"D",1300,"D",0,"D",.,"A",.,"A",1040,"D",0,"D",.,"A",.,"A",.,"A",.,"A"
"20153","02907105",41,0,"1",975,"D",130,"D",.,"A",585,"D",0,"D",.,"A",.,"A",845,"D",240,"D",.,"A",.,"A",.,"A",.,"A"
"20153","02907175",38,0,"1",1300,"D",390,"D",.,"A",325,"D",0,"D",.,"A",.,"A",910,"D",45,"D",.,"A",.,"A",.,"A",.,"A"
"20153","02907185",40,0,"1",1300,"D",130,"D",.,"A",390,"D",0,"D",.,"A",.,"A",1170,"D",0,"D",.,"A",.,"A",.,"A",.,"A"
"20153","02907235",26,0,"1",1300,"D",260,"D",455,"D",325,"D",0,"D",.,"A",.,"A",1040,"D",0,"D",.,"A",.,"A",.,"A",.,"A"
"20153","02907255",12,0,"1",2600,"D",0,"D",.,"A",0,"D",0,"D",.,"A",.,"A",2600,"D",0,"D",.,"A",.,"A",.,"A",.,"A"
"20153","02907275",24,0,"1",3900,"D",650,"D",.,"A",650,"D",0,"D",.,"A",.,"A",3250,"D",0,"D",.,"A",.,"A",.,"A",.,"A"
"20153","02907325",20,0,"1",1300,"D",260,"D",.,"A",195,"D",0,"D",.,"A",.,"A",1040,"D",0,"D",.,"A",.,"A",.,"A",.,"A"
"20153","02907375",50,0,"1",650,"D",39,"D",65,"D",1040,"D",30,"D",.,"A",.,"A",611,"D",0,"D",.,"A",.,"A",.,"A",.,"A"
"20153","02907395",37,0,"1",3900,"D",390,"D",.,"A",650,"D",30,"D",496,"F",.,"A",3510,"D",0,"D",.,"A",.,"A",.,"A",.,"A"
"20153","02907415",27,0,"1",2275,"D",260,"D",.,"A",3250,"D",600,"D",.,"A",.,"A",2015,"D",600,"D",.,"A",.,"A",.,"A",.,"A"
"20153","02907435",15,0,"1",2730,"D",260,"D",.,"A",975,"D",90,"D",.,"A",.,"A",2470,"D",225,"D",.,"A",.,"A",.,"A",.,"A"
"20153","02907455",48,0,"1",2600,"D",195,"D",.,"A",325,"D",0,"D",.,"A",.,"A",2405,"D",0,"D",100,"D",1300,"D",.,"A",.,"A"
"20153","02907465",45,0,"1",650,"D",195,"D",.,"A",650,"D",0,"D",.,"A",.,"A",455,"D",0,"D",.,"A",.,"A",.,"A",.,"A"
"20153","02907545",24,0,"1",910,"D",130,"D",.,"A",390,"D",0,"D",.,"A",.,"A",780,"D",0,"D",.,"A",.,"A",.,"A",.,"A"
"20153","02907555",39,0,"1",2600,"D",585,"D",.,"A",4550,"D",0,"D",.,"A",.,"A",2015,"D",0,"D",.,"A",.,"A",.,"A",.,"A"
"20153","02907605",57,0,"1",1573,"D",260,"D",.,"A",780,"D",0,"D",.,"A",.,"A",1313,"D",300,"D",.,"A",.,"A",.,"A",.,"A"
"20153","02907645",59,0,"1",1300,"D",325,"D",195,"D",520,"D",0,"D",.,"A",55,"D",975,"D",0,"D",.,"A",.,"A",.,"A",.,"A"
"20153","02907825",30,0,"1",1300,"D",130,"D",.,"A",650,"D",0,"D",.,"A",.,"A",1170,"D",0,"D",.,"A",.,"A",.,"A",.,"A"
"20153","02907905",82,0,"1",2600,"D",520,"D",65,"D",845,"D",0,"D",.,"A",.,"A",2080,"D",180,"D",.,"A",.,"A",.,"A",.,"A"
"20153","02907995",38,0,"1",3250,"D",650,"D",.,"A",780,"D",0,"D",.,"A",.,"A",2600,"D",0,"D",.,"A",.,"A",.,"A",.,"A"
"20153","02908025",45,0,"1",910,"D",0,"D",.,"A",0,"D",0,"D",.,"A",.,"A",910,"D",0,"D",.,"A",.,"A",.,"A",.,"A"
"20153","02908065",22,0,"1",520,"D",130,"D",.,"A",260,"D",0,"D",.,"A",.,"A",390,"D",120,"D",.,"A",.,"A",.,"A",.,"A"
"20153","02908075",21,0,"1",780,"D",130,"D",.,"A",260,"D",0,"D",.,"A",.,"A",650,"D",0,"D",.,"A",.,"A",.,"A",.,"A"
"20153","02908135",43,0,"1",4225,"D",325,"D",.,"A",1300,"D",120,"D",.,"A",.,"A",3900,"D",90,"D",.,"A",.,"A",.,"A",.,"A"
"20153","02908235",21,0,"1",390,"D",0,"D",.,"A",390,"D",0,"D",.,"A",.,"A",390,"D",0,"D",.,"A",.,"A",.,"A",.,"A"
"20153","02908295",29,0,"1",1560,"D",390,"D",.,"A",260,"D",0,"D",.,"A",.,"A",1170,"D",36,"D",.,"A",.,"A",.,"A",.,"A"
"20153","02908315",31,0,"1",650,"D",260,"D",.,"A",390,"D",0,"D",.,"A",.,"A",390,"D",60,"D",.,"A",.,"A",.,"A",.,"A"
"20153","02908325",60,0,"1",7800,"D",780,"D",650,"D",780,"D",0,"D",.,"A",.,"A",7020,"D",75,"D",.,"A",.,"A",.,"A",.,"A"
"20153","02908335",31,0,"1",975,"D",325,"D",.,"A",325,"D",0,"D",.,"A",.,"A",650,"D",0,"D",.,"A",.,"A",.,"A",.,"A"
"20153","02908395",47,0,"1",520,"D",65,"D",.,"A",390,"D",0,"D",.,"A",.,"A",455,"D",0,"D",.,"A",.,"A",.,"A",.,"A"
"20153","02908465",24,0,"1",780,"D",65,"D",.,"A",0,"D",0,"D",.,"A",.,"A",715,"D",0,"D",.,"A",.,"A",.,"A",.,"A"
"20153","02908475",35,0,"1",975,"D",195,"D",39,"D",0,"D",0,"D",.,"A",.,"A",780,"D",0,"D",40,"D",520,"D",.,"A",.,"A"
"20153","02908605",51,0,"1",1300,"D",650,"D",520,"D",520,"D",180,"D",.,"A",.,"A",650,"D",0,"D",100,"D",1300,"D",182,"D",14,"D"
"20153","02908665",13,0,"1",975,"D",173,"F",.,"A",313,"F",0,"D",.,"A",.,"A",623,"F",0,"D",.,"A",.,"A",.,"A",.,"A"
"20153","02908755",60,0,"1",1300,"D",260,"D",.,"A",260,"D",0,"D",.,"A",.,"A",1040,"D",30,"D",.,"A",.,"A",.,"A",.,"A"
"20153","02908765",53,0,"1",1950,"D",650,"D",260,"D",1300,"D",150,"D",.,"A",.,"A",1300,"D",225,"D",.,"A",.,"A",390,"D",30,"D"
"20153","02908775",28,0,"1",520,"D",39,"D",.,"A",325,"D",0,"D",.,"A",.,"A",481,"D",0,"D",.,"A",.,"A",.,"A",.,"A"
"20153","02908825",20,0,"1",1040,"D",104,"D",.,"A",780,"D",0,"D",.,"A",.,"A",936,"D",0,"D",.,"A",.,"A",.,"A",.,"A"
"20153","02908855",24,0,"1",1950,"D",455,"D",.,"A",0,"D",0,"D",.,"A",.,"A",1495,"D",0,"D",.,"A",.,"A",.,"A",.,"A"
"20153","02908905",46,0,"1",3250,"D",520,"D",.,"A",1729,"D",0,"D",.,"A",225,"D",2730,"D",210,"D",.,"A",.,"A",.,"A",.,"A"
"20153","02908925",49,0,"1",1300,"D",260,"D",.,"A",1300,"D",480,"D",.,"A",.,"A",1040,"D",150,"D",.,"A",.,"A",.,"A",.,"A"
"20153","02908945",36,0,"1",780,"D",260,"D",.,"A",325,"D",120,"D",.,"A",.,"A",520,"D",0,"D",.,"A",.,"A",.,"A",.,"A"
"20153","02908985",37,0,"1",3250,"D",1300,"D",.,"A",1040,"D",0,"D",.,"A",.,"A",1950,"D",0,"D",.,"A",.,"A",.,"A",.,"A"
"20153","02909005",10,0,"1",650,"D",0,"D",.,"A",0,"D",0,"D",.,"A",.,"A",650,"D",0,"D",.,"A",.,"A",.,"A",.,"A"
"20153","02909015",25,0,"1",1561,"F",.,"A",.,"A",757,"F",162,"F",.,"A",.,"A",1315,"F",175,"F",.,"A",.,"A",.,"A",.,"A"
"20153","02909065",8,0,"1",650,"D",0,"D",.,"A",604,"F",0,"D",.,"A",.,"A",650,"D",0,"D",.,"A",.,"A",.,"A",.,"A"
"20153","02909185",30,0,"1",2600,"D",650,"D",.,"A",130,"D",0,"D",.,"A",.,"A",1950,"D",0,"D",.,"A",.,"A",.,"A",.,"A"
"20153","02909215",60,0,"1",3900,"D",520,"D",.,"A",2600,"D",75,"D",.,"A",75,"D",3380,"D",120,"D",.,"A",.,"A",.,"A",.,"A"
"20153","02909245",31,0,"1",1300,"D",260,"D",.,"A",1040,"D",150,"D",.,"A",.,"A",1040,"D",450,"D",40,"D",520,"D",.,"A",.,"A"
"20153","02909255",19,0,"1",1300,"D",650,"D",.,"A",390,"D",60,"D",.,"A",.,"A",650,"D",30,"D",.,"A",.,"A",.,"A",.,"A"
"20153","02909275",11,0,"1",1300,"D",650,"D",.,"A",0,"D",0,"D",.,"A",.,"A",650,"D",0,"D",.,"A",.,"A",.,"A",.,"A"
"20153","02909295",37,0,"1",910,"D",0,"D",.,"A",520,"D",0,"D",.,"A",.,"A",910,"D",0,"D",.,"A",.,"A",.,"A",.,"A"
"20153","02909315",62,0,"1",2600,"D",520,"D",.,"A",780,"D",0,"D",.,"A",.,"A",2080,"D",75,"D",.,"A",.,"A",.,"A",.,"A"
"20153","02909335",13,0,"1",390,"D",26,"D",.,"A",0,"D",6,"D",.,"A",.,"A",364,"D",6,"D",.,"A",.,"A",.,"A",.,"A"
"20153","02909365",34,0,"1",650,"D",65,"D",.,"A",221,"D",15,"D",.,"A",.,"A",585,"D",45,"D",.,"A",.,"A",.,"A",.,"A"
"20153","02909415",26,0,"1",2340,"D",780,"D",.,"A",2600,"D",60,"D",.,"A",.,"A",1560,"D",120,"D",75,"D",975,"D",.,"A",.,"A"
"20153","02909455",44,0,"1",780,"D",130,"D",.,"A",650,"D",225,"D",.,"A",.,"A",650,"D",150,"D",.,"A",.,"A",.,"A",.,"A"
"20153","02909475",49,0,"1",780,"D",390,"D",.,"A",1300,"D",300,"D",.,"A",.,"A",390,"D",300,"D",.,"A",.,"A",.,"A",.,"A"
"20153","02909495",38,0,"1",910,"D",260,"D",.,"A",0,"D",6,"D",.,"A",.,"A",650,"D",6,"D",.,"A",.,"A",.,"A",.,"A"
"20153","02909505",23,0,"1",1560,"D",130,"D",.,"A",650,"D",0,"D",.,"A",.,"A",1430,"D",0,"D",.,"A",.,"A",.,"A",.,"A"
"20153","02909605",18,0,"1",1170,"D",130,"D",.,"A",390,"D",0,"D",.,"A",.,"A",1040,"D",0,"D",.,"A",.,"A",.,"A",.,"A"
"20153","02909615",27,0,"1",975,"D",650,"D",325,"D",390,"D",300,"D",.,"A",.,"A",325,"D",300,"D",35,"D",455,"D",260,"D",20,"D"
"20153","02909665",24,0,"1",2600,"D",650,"D",.,"A",0,"D",0,"D",.,"A",.,"A",1950,"D",0,"D",.,"A",.,"A",.,"A",.,"A"
"20153","02909675",26,0,"1",3900,"D",1300,"D",.,"A",65,"D",80,"F",.,"A",195,"D",2600,"D",111,"F",.,"A",.,"A",.,"A",.,"A"
"20153","02909685",22,0,"1",1300,"D",260,"D",.,"A",1040,"D",0,"D",.,"A",.,"A",1040,"D",0,"D",.,"A",.,"A",.,"A",.,"A"
"20153","02909695",48,0,"1",1950,"D",520,"D",.,"A",1300,"D",0,"D",.,"A",.,"A",1430,"D",0,"D",.,"A",.,"A",.,"A",.,"A"
"20153","02909705",83,0,"1",1469,"D",299,"D",260,"D",390,"D",0,"D",.,"A",.,"A",1170,"D",60,"D",60,"D",780,"D",156,"D",12,"D"
"20153","02909735",17,0,"1",764,"F",.,"A",.,"A",520,"D",0,"D",.,"A",.,"A",623,"F",0,"D",.,"A",.,"A",.,"A",.,"A"
"20153","02909745",30,0,"1",845,"D",130,"D",.,"A",0,"D",0,"D",.,"A",.,"A",715,"D",0,"D",.,"A",.,"A",.,"A",.,"A"
"20153","02909785",39,0,"1",650,"D",130,"D",.,"A",0,"D",0,"D",.,"A",.,"A",520,"D",24,"D",.,"A",.,"A",.,"A",.,"A"
"20153","02909865",24,0,"1",1690,"D",390,"D",.,"A",390,"D",0,"D",.,"A",.,"A",1300,"D",0,"D",.,"A",.,"A",.,"A",.,"A"
"20153","02909965",37,0,"1",1079,"D",65,"D",.,"A",143,"D",0,"D",.,"A",.,"A",1014,"D",0,"D",.,"A",.,"A",.,"A",.,"A"
"20153","02909995",59,0,"1",1950,"D",195,"D",65,"D",520,"D",30,"D",.,"A",.,"A",1755,"D",0,"D",.,"A",.,"A",.,"A",.,"A"
"20153","02910035",28,0,"1",975,"D",0,"D",.,"A",130,"D",60,"D",.,"A",135,"D",975,"D",0,"D",10,"D",130,"D",.,"A",.,"A"
"20153","02910085",54,0,"1",1625,"D",390,"D",.,"A",650,"D",6,"D",.,"A",.,"A",1235,"D",30,"D",.,"A",.,"A",.,"A",.,"A"
"20153","02910115",40,0,"1",650,"D",195,"D",.,"A",3640,"D",0,"D",.,"A",.,"A",455,"D",0,"D",.,"A",.,"A",.,"A",.,"A"
"20153","02910135",30,0,"1",1625,"D",130,"D",.,"A",390,"D",0,"D",.,"A",.,"A",1495,"D",0,"D",.,"A",.,"A",.,"A",.,"A"
"20153","02910205",55,0,"1",1300,"D",260,"D",.,"A",195,"D",0,"D",.,"A",.,"A",1040,"D",0,"D",.,"A",.,"A",.,"A",.,"A"
"20153","02910225",42,0,"1",910,"D",325,"D",130,"D",260,"D",0,"D",.,"A",.,"A",585,"D",0,"D",.,"A",.,"A",.,"A",.,"A"
"20153","02910245",21,0,"1",390,"D",0,"D",.,"A",26,"D",0,"D",.,"A",.,"A",390,"D",0,"D",.,"A",.,"A",.,"A",.,"A"
"20153","02910265",53,0,"1",2600,"D",390,"D",260,"D",780,"D",0,"D",.,"A",.,"A",2210,"D",0,"D",.,"A",.,"A",.,"A",.,"A"
"20153","02910325",27,0,"1",3250,"D",650,"D",.,"A",780,"D",0,"D",.,"A",.,"A",2600,"D",0,"D",.,"A",.,"A",.,"A",.,"A"
"20153","02910335",48,0,"1",3900,"D",650,"D",260,"D",650,"D",0,"D",.,"A",.,"A",3250,"D",0,"D",.,"A",.,"A",.,"A",.,"A"
"20153","02910385",43,0,"1",1300,"D",260,"D",.,"A",650,"D",180,"D",.,"A",.,"A",1040,"D",150,"D",.,"A",.,"A",.,"A",.,"A"
"20153","02910415",23,0,"1",3250,"D",455,"D",.,"A",0,"D",0,"D",.,"A",1440,"D",2795,"D",90,"D",.,"A",.,"A",.,"A",.,"A"
"20153","02910455",17,0,"1",1872,"D",182,"D",.,"A",390,"D",0,"D",.,"A",.,"A",1690,"D",0,"D",15,"D",195,"D",.,"A",.,"A"
"20153","02910515",28,0,"1",1040,"D",0,"D",.,"A",260,"D",0,"D",.,"A",.,"A",1040,"D",75,"D",.,"A",.,"A",.,"A",.,"A"
"20153","02910535",34,0,"1",1820,"D",260,"D",.,"A",260,"D",60,"D",.,"A",.,"A",1560,"D",90,"D",.,"A",.,"A",.,"A",.,"A"
"20153","02910605",29,0,"1",3900,"D",445,"F",.,"A",650,"D",60,"D",.,"A",450,"D",1825,"F",78,"D",70,"D",910,"D",.,"A",.,"A"
"20153","02910635",39,0,"1",1690,"D",845,"D",390,"D",1950,"D",450,"D",.,"A",.,"A",845,"D",900,"D",70,"D",910,"D",.,"A",.,"A"
"20153","02910705",25,0,"1",919,"F",.,"A",.,"A",604,"F",121,"F",.,"A",.,"A",741,"F",92,"F",.,"A",.,"A",.,"A",.,"A"
"20153","02910765",41,0,"1",1950,"D",390,"D",.,"A",325,"D",0,"D",.,"A",.,"A",1560,"D",0,"D",75,"D",975,"D",.,"A",.,"A"
"20153","02910785",21,0,"1",1560,"D",520,"D",.,"A",520,"D",0,"D",.,"A",.,"A",1040,"D",120,"D",.,"A",.,"A",.,"A",.,"A"
"20153","02910825",7,0,"1",1300,"D",193,"F",.,"A",0,"D",0,"D",.,"A",.,"A",709,"F",0,"D",.,"A",.,"A",.,"A",.,"A"
"20153","02910835",56,0,"1",1300,"D",130,"D",.,"A",390,"D",0,"D",.,"A",200,"D",1170,"D",0,"D",85,"D",1105,"D",.,"A",.,"A"
"20153","02910875",65,0,"1",2197,"D",247,"D",.,"A",910,"D",0,"D",.,"A",.,"A",1950,"D",0,"D",.,"A",.,"A",.,"A",.,"A"
"20153","02910965",38,0,"1",650,"D",130,"D",.,"A",520,"D",0,"D",.,"A",.,"A",520,"D",0,"D",.,"A",.,"A",.,"A",.,"A"
"20153","02910995",38,0,"1",6500,"D",260,"D",.,"A",0,"D",0,"D",.,"A",.,"A",6240,"D",0,"D",100,"D",1300,"D",.,"A",.,"A"
"20153","02911015",46,0,"1",1560,"D",130,"D",260,"D",390,"D",0,"D",.,"A",.,"A",1430,"D",90,"D",10,"D",130,"D",.,"A",.,"A"
"20153","02911025",24,0,"1",3250,"D",780,"D",520,"D",1300,"D",300,"D",.,"A",.,"A",2470,"D",390,"D",.,"A",.,"A",.,"A",.,"A"
"20153","02911035",46,0,"1",780,"D",130,"D",.,"A",1300,"D",0,"D",.,"A",.,"A",650,"D",0,"D",.,"A",.,"A",.,"A",.,"A"
"20153","02911055",84,0,"1",1820,"D",0,"D",.,"A",1300,"D",75,"D",.,"A",.,"A",1820,"D",300,"D",.,"A",.,"A",.,"A",.,"A"
"20153","02911105",23,0,"1",919,"F",.,"A",.,"A",604,"F",0,"D",.,"A",.,"A",741,"F",0,"D",.,"A",.,"A",.,"A",.,"A"
"20153","02911115",32,0,"1",1561,"F",.,"A",.,"A",757,"F",162,"F",.,"A",.,"A",1315,"F",175,"F",.,"A",.,"A",.,"A",.,"A"
"20153","02911165",45,0,"1",1950,"D",351,"D",.,"A",650,"D",60,"D",.,"A",.,"A",1599,"D",210,"D",.,"A",.,"A",.,"A",.,"A"
"20153","02911255",60,0,"1",5200,"D",390,"D",.,"A",1040,"D",30,"D",.,"A",.,"A",4810,"D",30,"D",.,"A",.,"A",.,"A",.,"A"
"20153","02911265",25,0,"1",780,"D",104,"D",.,"A",0,"D",0,"D",.,"A",.,"A",676,"D",0,"D",.,"A",.,"A",.,"A",.,"A"
"20153","02911275",17,0,"1",650,"D",0,"D",.,"A",449,"F",0,"D",.,"A",.,"A",650,"D",0,"D",.,"A",.,"A",.,"A",.,"A"
"20153","02911325",18,0,"1",1950,"D",390,"D",.,"A",0,"D",0,"D",.,"A",.,"A",1560,"D",0,"D",.,"A",.,"A",.,"A",.,"A"
"20153","02911405",20,0,"1",975,"D",325,"D",.,"A",0,"D",0,"D",.,"A",.,"A",650,"D",0,"D",.,"A",.,"A",.,"A",.,"A"
"20153","02911445",33,0,"1",975,"D",130,"D",.,"A",780,"D",0,"D",.,"A",.,"A",845,"D",0,"D",.,"A",.,"A",.,"A",.,"A"
"20153","02911455",16,0,"1",650,"D",65,"D",.,"A",130,"D",0,"D",.,"A",.,"A",585,"D",0,"D",.,"A",.,"A",130,"D",10,"D"
"20153","02911465",25,0,"1",650,"D",325,"D",.,"A",130,"D",0,"D",.,"A",.,"A",325,"D",0,"D",.,"A",.,"A",.,"A",.,"A"
"20153","02911555",35,0,"1",1300,"D",130,"D",.,"A",325,"D",0,"D",.,"A",.,"A",1170,"D",60,"D",10,"D",130,"D",.,"A",.,"A"
"20153","02911565",37,0,"1",975,"D",195,"D",.,"A",585,"D",15,"D",.,"A",.,"A",780,"D",0,"D",.,"A",.,"A",.,"A",.,"A"
"20153","02911745",34,0,"1",2600,"D",0,"D",.,"A",455,"D",0,"D",.,"A",.,"A",2600,"D",0,"D",.,"A",.,"A",.,"A",.,"A"
"20153","02911765",68,0,"1",1950,"D",260,"D",.,"A",2600,"D",60,"D",.,"A",.,"A",1690,"D",60,"D",.,"A",.,"A",.,"A",.,"A"
"20153","02911775",23,0,"1",1300,"D",195,"D",1950,"D",650,"D",60,"D",.,"A",.,"A",1105,"D",0,"D",10,"D",130,"D",.,"A",.,"A"
"20153","02911805",24,0,"1",1040,"D",390,"D",.,"A",390,"D",0,"D",.,"A",.,"A",650,"D",90,"D",10,"D",130,"D",.,"A",.,"A"
"20153","02911815",29,0,"1",780,"D",130,"D",.,"A",325,"D",0,"D",.,"A",.,"A",650,"D",0,"D",20,"D",260,"D",.,"A",.,"A"
"20153","02911835",6,0,"1",364,"D",65,"D",.,"A",0,"D",0,"D",.,"A",.,"A",299,"D",27,"D",.,"A",.,"A",.,"A",.,"A"
"20153","02911865",23,0,"1",780,"D",65,"D",.,"A",0,"D",0,"D",.,"A",.,"A",715,"D",0,"D",.,"A",.,"A",.,"A",.,"A"
"20153","02911895",30,0,"1",1950,"D",130,"D",.,"A",0,"D",0,"D",.,"A",.,"A",1820,"D",0,"D",.,"A",.,"A",.,"A",.,"A"
"20153","02922475",48,0,"1",1625,"D",325,"D",.,"A",390,"D",0,"D",.,"A",.,"A",1300,"D",0,"D",.,"A",.,"A",.,"A",.,"A"
"20153","02922485",33,0,"1",2145,"D",195,"D",.,"A",636,"F",6,"D",.,"A",.,"A",1950,"D",6,"D",.,"A",.,"A",.,"A",.,"A"
"20153","02922495",25,0,"1",1950,"D",390,"D",.,"A",260,"D",0,"D",.,"A",.,"A",1560,"D",0,"D",.,"A",.,"A",.,"A",.,"A"
"20153","02922515",59,0,"1",2600,"D",0,"D",.,"A",1950,"D",164,"F",.,"A",.,"A",2600,"D",60,"D",.,"A",.,"A",.,"A",.,"A"
"20153","02922565",40,0,"1",1560,"D",0,"D",.,"A",520,"D",0,"D",.,"A",.,"A",1560,"D",15,"D",.,"A",.,"A",.,"A",.,"A"
"20153","02922575",7,0,"1",780,"D",260,"D",.,"A",0,"D",0,"D",.,"A",.,"A",520,"D",30,"D",20,"D",260,"D",.,"A",.,"A"
"20153","02922605",19,0,"1",2600,"D",260,"D",.,"A",0,"D",0,"D",.,"A",.,"A",2340,"D",0,"D",.,"A",.,"A",.,"A",.,"A"
"20153","02922635",61,0,"1",3900,"D",1625,"D",130,"D",195,"D",0,"D",.,"A",.,"A",2275,"D",600,"D",.,"A",.,"A",.,"A",.,"A"
"20153","02922655",40,0,"1",1300,"D",195,"D",.,"A",975,"D",0,"D",.,"A",.,"A",1105,"D",0,"D",.,"A",.,"A",.,"A",.,"A"
"20153","02922665",17,0,"1",325,"D",91,"D",.,"A",2275,"D",0,"D",.,"A",.,"A",234,"D",1170,"D",.,"A",.,"A",.,"A",.,"A"
"20153","02922695",20,0,"1",2600,"D",0,"D",.,"A",0,"D",0,"D",.,"A",.,"A",2600,"D",150,"D",.,"A",.,"A",.,"A",.,"A"
"20153","02922705",29,0,"1",1755,"D",260,"D",.,"A",975,"D",0,"D",.,"A",.,"A",1495,"D",0,"D",.,"A",.,"A",.,"A",.,"A"
"20153","02922715",29,0,"1",650,"D",130,"D",.,"A",1300,"D",300,"D",.,"A",.,"A",520,"D",210,"D",.,"A",.,"A",.,"A",.,"A"
"20153","02922725",69,0,"1",2990,"D",650,"D",195,"D",650,"D",0,"D",.,"A",.,"A",2340,"D",60,"D",.,"A",.,"A",.,"A",.,"A"
"20153","02922735",45,0,"1",1625,"D",325,"D",.,"A",520,"D",0,"D",.,"A",.,"A",1300,"D",36,"D",.,"A",.,"A",.,"A",.,"A"
"20153","02922745",36,0,"1",1300,"D",325,"D",.,"A",65,"D",0,"D",.,"A",.,"A",975,"D",0,"D",.,"A",.,"A",.,"A",.,"A"
"20153","02922795",36,0,"1",845,"D",130,"D",.,"A",845,"D",0,"D",.,"A",.,"A",715,"D",0,"D",.,"A",.,"A",.,"A",.,"A"
"20153","02922825",29,0,"1",1950,"D",390,"D",260,"D",650,"D",0,"D",.,"A",.,"A",1560,"D",0,"D",140,"D",1820,"D",.,"A",.,"A"
"20153","02922835",55,0,"1",2600,"D",520,"D",.,"A",390,"D",0,"D",.,"A",36,"D",2080,"D",240,"D",.,"A",.,"A",.,"A",.,"A"
"20153","02922955",25,0,"1",520,"D",130,"D",.,"A",1625,"D",0,"D",.,"A",.,"A",390,"D",0,"D",.,"A",.,"A",.,"A",.,"A"
"20153","02922965",29,0,"1",260,"D",303,"F",780,"D",601,"F",0,"D",.,"A",.,"A",1077,"F",0,"D",.,"A",.,"A",.,"A",.,"A"
"20153","02923015",12,0,"1",1105,"D",130,"D",.,"A",130,"D",0,"D",.,"A",.,"A",975,"D",0,"D",.,"A",.,"A",.,"A",.,"A"
"20153","02923035",53,0,"1",1950,"D",325,"D",.,"A",650,"D",0,"D",.,"A",.,"A",1625,"D",60,"D",.,"A",.,"A",.,"A",.,"A"
"20153","02923065",36,0,"1",3900,"D",1300,"D",.,"A",0,"D",6,"D",.,"A",.,"A",2600,"D",6,"D",200,"D",2600,"D",.,"A",.,"A"
"20153","02923075",26,0,"1",1300,"D",0,"D",.,"A",1950,"D",0,"D",.,"A",.,"A",1300,"D",30,"D",.,"A",.,"A",.,"A",.,"A"
"20153","02923145",19,0,"1",325,"D",0,"D",.,"A",0,"D",0,"D",.,"A",.,"A",325,"D",0,"D",.,"A",.,"A",.,"A",.,"A"
"20153","02923195",39,0,"1",1950,"D",325,"D",.,"A",0,"D",0,"D",.,"A",.,"A",1625,"D",0,"D",.,"A",.,"A",.,"A",.,"A"
"20153","02923225",23,0,"1",520,"D",0,"D",.,"A",130,"D",0,"D",.,"A",.,"A",520,"D",0,"D",.,"A",.,"A",.,"A",.,"A"
"20153","02923275",46,0,"1",1300,"D",195,"D",.,"A",650,"D",0,"D",.,"A",.,"A",1105,"D",0,"D",.,"A",.,"A",.,"A",.,"A"
"20153","02923345",35,0,"1",1561,"F",.,"A",.,"A",757,"F",180,"D",.,"A",.,"A",1315,"F",120,"D",.,"A",.,"A",.,"A",.,"A"
"20153","02923385",17,0,"1",585,"D",260,"D",.,"A",130,"D",0,"D",.,"A",.,"A",325,"D",0,"D",.,"A",.,"A",.,"A",.,"A"
"20153","02923465",26,0,"1",650,"D",335,"F",.,"A",757,"F",162,"F",.,"A",.,"A",1315,"F",175,"F",.,"A",.,"A",.,"A",.,"A"
"20153","02923475",37,0,"1",1560,"D",195,"D",.,"A",0,"D",0,"D",.,"A",.,"A",1365,"D",0,"D",.,"A",.,"A",.,"A",.,"A"
"20153","02923545",46,0,"1",1105,"D",260,"D",.,"A",0,"D",0,"D",.,"A",.,"A",845,"D",0,"D",.,"A",.,"A",.,"A",.,"A"
"20153","02923555",27,0,"1",975,"D",260,"D",.,"A",0,"D",0,"D",.,"A",.,"A",715,"D",150,"D",.,"A",.,"A",.,"A",.,"A"
"20153","02923565",33,0,"1",1300,"D",260,"D",.,"A",520,"D",0,"D",.,"A",.,"A",1040,"D",0,"D",30,"D",390,"D",.,"A",.,"A"
"20153","02923575",35,0,"1",780,"D",130,"D",2600,"D",1300,"D",300,"D",.,"A",.,"A",650,"D",225,"D",.,"A",.,"A",.,"A",.,"A"
"20153","02923615",23,0,"1",1300,"D",130,"D",.,"A",390,"D",0,"D",.,"A",.,"A",1170,"D",0,"D",.,"A",.,"A",.,"A",.,"A"
"20153","02923635",25,0,"1",845,"D",325,"D",.,"A",65,"D",0,"D",.,"A",.,"A",520,"D",0,"D",.,"A",.,"A",.,"A",.,"A"
"20153","02923655",33,0,"1",3250,"D",650,"D",.,"A",2600,"D",0,"D",.,"A",90,"D",2600,"D",0,"D",.,"A",.,"A",.,"A",.,"A"
"20153","02923675",19,0,"1",1300,"D",325,"D",.,"A",0,"D",6,"D",.,"A",.,"A",975,"D",6,"D",.,"A",.,"A",.,"A",.,"A"
"20153","02923685",25,0,"1",1950,"D",325,"D",.,"A",0,"D",0,"D",.,"A",.,"A",1625,"D",0,"D",.,"A",.,"A",.,"A",.,"A"
"20153","02923695",58,0,"1",3250,"D",1040,"D",.,"A",3120,"D",0,"D",.,"A",.,"A",2210,"D",0,"D",.,"A",.,"A",.,"A",.,"A"
"20153","02923755",42,0,"1",1950,"D",325,"D",.,"A",650,"D",0,"D",.,"A",.,"A",1625,"D",0,"D",.,"A",.,"A",.,"A",.,"A"
"20153","02923765",56,0,"1",2600,"D",650,"D",364,"D",1560,"D",0,"D",.,"A",.,"A",1950,"D",900,"D",.,"A",.,"A",.,"A",.,"A"
"20153","02923775",26,0,"1",2080,"D",325,"D",260,"D",260,"D",0,"D",.,"A",.,"A",1755,"D",90,"D",.,"A",.,"A",.,"A",.,"A"
"20153","02923785",21,0,"1",650,"D",65,"D",.,"A",0,"D",0,"D",.,"A",.,"A",585,"D",90,"D",.,"A",.,"A",.,"A",.,"A"
"20153","02923805",77,0,"1",3900,"D",1300,"D",650,"D",1300,"D",36,"D",.,"A",75,"D",2600,"D",90,"D",.,"A",.,"A",.,"A",.,"A"
"20153","02923815",23,0,"1",1755,"D",390,"D",390,"D",650,"D",0,"D",520,"D",.,"A",1365,"D",0,"D",60,"D",780,"D",.,"A",.,"A"
"20153","02923845",49,0,"1",1950,"D",260,"D",.,"A",1300,"D",750,"D",.,"A",.,"A",1690,"D",600,"D",.,"A",.,"A",.,"A",.,"A"
"20153","02923895",23,0,"1",2600,"D",390,"D",.,"A",0,"D",0,"D",.,"A",.,"A",2210,"D",84,"D",.,"A",.,"A",.,"A",.,"A"
"20153","02923915",20,0,"1",1950,"D",260,"D",.,"A",520,"D",0,"D",.,"A",.,"A",1690,"D",60,"D",.,"A",.,"A",.,"A",.,"A"
"20153","02923945",35,0,"1",910,"D",0,"D",.,"A",0,"D",0,"D",.,"A",.,"A",910,"D",0,"D",.,"A",.,"A",.,"A",.,"A"
"20153","02923995",71,0,"1",2925,"D",585,"D",.,"A",650,"D",0,"D",.,"A",.,"A",2340,"D",504,"D",.,"A",.,"A",.,"A",.,"A"
"20153","02924015",22,0,"1",650,"D",130,"D",260,"D",65,"D",0,"D",.,"A",.,"A",520,"D",0,"D",.,"A",.,"A",.,"A",.,"A"
"20153","02924065",14,0,"1",1950,"D",455,"D",.,"A",130,"D",0,"D",.,"A",.,"A",1495,"D",0,"D",.,"A",.,"A",.,"A",.,"A"
"20153","02924095",53,0,"1",1300,"D",390,"D",260,"D",325,"D",60,"D",.,"A",.,"A",910,"D",240,"D",.,"A",.,"A",.,"A",.,"A"
"20153","02924125",14,0,"1",1105,"D",335,"F",.,"A",757,"F",0,"D",.,"A",.,"A",1315,"F",0,"D",.,"A",.,"A",.,"A",.,"A"
"20153","02924145",44,0,"1",7800,"D",1300,"D",.,"A",1300,"D",0,"D",.,"A",.,"A",6500,"D",0,"D",.,"A",.,"A",.,"A",.,"A"
"20153","02924215",37,0,"1",1950,"D",650,"D",.,"A",650,"D",0,"D",.,"A",.,"A",1300,"D",0,"D",.,"A",.,"A",.,"A",.,"A"
"20153","02924245",39,0,"1",845,"D",130,"D",.,"A",156,"D",0,"D",.,"A",.,"A",715,"D",0,"D",.,"A",.,"A",.,"A",.,"A"
"20153","02924255",35,0,"1",325,"D",130,"D",195,"D",520,"D",60,"D",.,"A",.,"A",195,"D",60,"D",.,"A",.,"A",.,"A",.,"A"
"20153","02924275",8,0,"1",325,"D",26,"D",.,"A",0,"D",0,"D",.,"A",.,"A",299,"D",0,"D",.,"A",.,"A",.,"A",.,"A"
"20153","02924285",62,0,"1",3900,"D",1950,"D",260,"D",1950,"D",0,"D",.,"A",.,"A",1950,"D",0,"D",.,"A",.,"A",.,"A",.,"A"
"20153","02924315",25,0,"1",1300,"D",0,"D",.,"A",650,"D",0,"D",.,"A",.,"A",1300,"D",180,"D",.,"A",.,"A",.,"A",.,"A"
"20153","02924325",44,0,"1",3900,"D",2860,"D",.,"A",325,"D",0,"D",.,"A",.,"A",1040,"D",0,"D",.,"A",.,"A",.,"A",.,"A"
"20153","02924335",56,0,"1",1300,"D",195,"D",39,"D",1300,"D",30,"D",.,"A",.,"A",1105,"D",0,"D",.,"A",.,"A",.,"A",.,"A"
"20153","02924375",38,0,"1",1495,"D",195,"D",.,"A",0,"D",0,"D",.,"A",.,"A",1300,"D",0,"D",.,"A",.,"A",.,"A",.,"A"
"20153","02924415",81,0,"1",1950,"D",0,"D",195,"D",325,"D",60,"D",.,"A",.,"A",1950,"D",0,"D",.,"A",.,"A",.,"A",.,"A"
"20153","02924425",49,0,"1",3900,"D",975,"D",650,"D",325,"D",0,"D",.,"A",.,"A",2925,"D",45,"D",.,"A",.,"A",.,"A",.,"A"
"20153","02924555",35,0,"1",2600,"D",520,"D",377,"D",910,"D",0,"D",.,"A",.,"A",2080,"D",0,"D",.,"A",.,"A",.,"A",.,"A"
"20153","02924575",20,0,"1",1950,"D",260,"D",.,"A",0,"D",0,"D",.,"A",.,"A",1690,"D",0,"D",.,"A",.,"A",.,"A",.,"A"
"20153","02924605",39,0,"1",975,"D",260,"D",.,"A",1300,"D",150,"D",.,"A",.,"A",715,"D",150,"D",.,"A",.,"A",.,"A",.,"A"
"20153","02924685",22,0,"1",1300,"D",130,"D",.,"A",325,"D",0,"D",.,"A",.,"A",1170,"D",30,"D",.,"A",.,"A",.,"A",.,"A"
"20153","02924765",40,0,"1",3250,"D",390,"D",.,"A",1690,"D",6,"D",.,"A",.,"A",2860,"D",6,"D",.,"A",.,"A",.,"A",.,"A"
"20153","02924775",13,0,"1",1561,"F",.,"A",.,"A",757,"F",0,"D",.,"A",.,"A",1315,"F",175,"F",.,"A",.,"A",.,"A",.,"A"
"20153","02924825",31,0,"1",1300,"D",585,"D",.,"A",390,"D",0,"D",.,"A",.,"A",715,"D",45,"D",7,"D",91,"D",.,"A",.,"A"
"20153","02924915",33,0,"1",2080,"D",130,"D",.,"A",2600,"D",0,"D",.,"A",.,"A",1950,"D",0,"D",.,"A",.,"A",.,"A",.,"A"
"20153","02924945",44,0,"1",3211,"D",611,"D",260,"D",3900,"D",240,"D",.,"A",.,"A",2600,"D",360,"D",.,"C",551,"F",.,"A",.,"A"
"20153","02924955",36,0,"1",390,"D",65,"D",65,"D",1625,"D",0,"D",.,"A",.,"A",325,"D",0,"D",120,"D",1560,"D",.,"A",.,"A"
"20153","02924965",28,0,"1",1950,"D",650,"D",.,"A",130,"D",0,"D",.,"A",.,"A",1300,"D",120,"D",.,"A",.,"A",.,"A",.,"A"
"20153","02924975",26,0,"1",2600,"D",260,"D",.,"A",780,"D",0,"D",.,"A",.,"A",2340,"D",0,"D",30,"D",390,"D",.,"A",.,"A"
"20153","02924995",45,0,"1",1625,"D",325,"D",.,"A",650,"D",120,"D",.,"A",.,"A",1300,"D",90,"D",.,"A",.,"A",.,"A",.,"A"
"20153","02925025",37,0,"1",650,"D",65,"D",.,"A",0,"D",0,"D",.,"A",.,"A",585,"D",0,"D",.,"A",.,"A",.,"A",.,"A"
"20153","02925045",31,0,"1",1950,"D",260,"D",.,"A",0,"D",0,"D",.,"A",.,"A",1690,"D",0,"D",.,"A",.,"A",.,"A",.,"A"
"20153","02925105",34,0,"1",780,"D",156,"D",.,"A",390,"D",0,"D",.,"A",.,"A",624,"D",30,"D",.,"A",.,"A",.,"A",.,"A"
"20153","02925125",32,0,"1",1625,"D",260,"D",.,"A",520,"D",0,"D",.,"A",.,"A",1365,"D",120,"D",.,"A",.,"A",.,"A",.,"A"
"20153","02925135",17,0,"1",1950,"D",650,"D",.,"A",390,"D",150,"D",.,"A",.,"A",1300,"D",90,"D",.,"A",.,"A",.,"A",.,"A"
"20153","02925205",22,0,"1",650,"D",65,"D",.,"A",0,"D",0,"D",.,"A",.,"A",585,"D",0,"D",.,"A",.,"A",.,"A",.,"A"
"20153","02925215",60,0,"1",1820,"D",455,"D",.,"A",2600,"D",600,"D",.,"A",.,"A",1365,"D",480,"D",.,"A",.,"A",.,"A",.,"A"
"20153","02925255",77,0,"1",5200,"D",1950,"D",260,"D",390,"D",60,"D",.,"A",.,"A",3250,"D",120,"D",.,"A",.,"A",.,"A",.,"A"
"20153","02925355",42,0,"1",1300,"D",390,"D",.,"A",3250,"D",180,"D",.,"A",.,"A",910,"D",0,"D",.,"A",.,"A",.,"A",.,"A"
"20153","02925385",22,0,"1",520,"D",65,"D",.,"A",130,"D",0,"D",.,"A",.,"A",455,"D",0,"D",.,"A",.,"A",.,"A",.,"A"
"20153","02925435",41,0,"1",650,"D",195,"D",.,"A",3900,"D",360,"D",.,"A",.,"A",455,"D",0,"D",.,"A",.,"A",.,"A",.,"A"
"20153","02925475",9,0,"1",0,"D",.,"A",.,"A",0,"D",0,"D",.,"A",.,"A",0,"D",0,"D",.,"A",.,"A",.,"A",.,"A"
"20153","02925495",36,0,"1",2210,"D",260,"D",780,"D",1300,"D",180,"D",.,"A",.,"A",1950,"D",0,"D",.,"A",.,"A",.,"A",.,"A"
"20153","02925535",26,0,"1",910,"D",260,"D",.,"A",650,"D",0,"D",.,"A",.,"A",650,"D",0,"D",10,"D",130,"D",.,"A",.,"A"
"20153","02925575",25,0,"1",1040,"D",260,"D",.,"A",390,"D",360,"D",.,"A",.,"A",780,"D",90,"D",.,"A",.,"A",.,"A",.,"A"
"20153","02925585",31,0,"1",1560,"D",130,"D",.,"A",0,"D",0,"D",.,"A",.,"A",1430,"D",90,"D",.,"A",.,"A",.,"A",.,"A"
"20153","02925605",55,0,"1",2600,"D",650,"D",.,"A",520,"D",225,"D",.,"A",.,"A",1950,"D",60,"D",.,"A",.,"A",.,"A",.,"A"
"20153","02925615",8,0,"1",919,"F",.,"A",.,"A",604,"F",0,"D",.,"A",.,"A",741,"F",0,"D",.,"A",.,"A",.,"A",.,"A"
"20153","02925635",48,0,"1",1561,"F",.,"A",.,"A",757,"F",0,"D",.,"A",.,"A",1315,"F",175,"F",.,"A",.,"A",.,"A",.,"A"
"20153","02925655",32,0,"1",520,"D",130,"D",.,"A",520,"D",90,"D",.,"A",.,"A",390,"D",90,"D",.,"A",.,"A",.,"A",.,"A"
"20153","02925695",23,0,"1",650,"D",65,"D",.,"A",260,"D",0,"D",.,"A",.,"A",585,"D",0,"D",.,"A",.,"A",.,"A",.,"A"
"20153","02925715",26,0,"1",1430,"D",390,"D",.,"A",780,"D",0,"D",.,"A",.,"A",1040,"D",0,"D",63,"D",819,"D",.,"A",.,"A"
"20153","02925805",23,0,"1",919,"F",.,"A",313,"F",604,"F",0,"D",.,"A",.,"A",741,"F",0,"D",.,"A",.,"A",.,"A",.,"A"
"20153","02925825",34,0,"1",2275,"D",488,"F",.,"A",260,"D",134,"F",.,"A",.,"A",1762,"F",148,"F",.,"A",.,"A",65,"D",5,"D"
"20153","02925905",22,0,"1",650,"D",130,"D",.,"A",65,"D",0,"D",.,"A",.,"A",520,"D",0,"D",.,"A",.,"A",.,"A",.,"A"
"20153","02925935",82,0,"1",1300,"D",260,"D",130,"D",1560,"D",450,"D",.,"A",.,"A",1040,"D",1050,"D",.,"A",.,"A",.,"A",.,"A"
"20153","02925945",31,0,"1",845,"D",0,"D",130,"D",650,"D",60,"D",.,"A",.,"A",845,"D",180,"D",.,"A",.,"A",.,"A",.,"A"
"20153","02925955",22,0,"1",650,"D",26,"D",.,"A",0,"D",0,"D",.,"A",.,"A",624,"D",0,"D",.,"A",.,"A",.,"A",.,"A"
"20153","02925985",9,0,"1",1300,"D",445,"F",.,"A",0,"D",0,"D",.,"A",.,"A",1438,"F",0,"D",.,"A",.,"A",.,"A",.,"A"
"20153","02926025",27,0,"1",2600,"D",0,"D",.,"A",975,"D",0,"D",.,"A",.,"A",2600,"D",90,"D",.,"A",.,"A",.,"A",.,"A"
"20153","02926035",26,0,"1",3250,"D",975,"D",.,"A",0,"D",0,"D",.,"A",.,"A",2275,"D",0,"D",.,"A",.,"A",.,"A",.,"A"
"20153","02926075",39,0,"1",1300,"D",91,"D",.,"A",390,"D",0,"D",.,"A",.,"A",1209,"D",60,"D",.,"A",.,"A",.,"A",.,"A"
"20153","02926095",29,0,"1",877,"F",.,"A",130,"D",0,"D",0,"D",.,"A",.,"A",709,"F",0,"D",.,"A",.,"A",.,"A",.,"A"
"20153","02926125",14,0,"1",260,"D",65,"D",.,"A",260,"D",0,"D",.,"A",.,"A",195,"D",0,"D",.,"A",.,"A",.,"A",.,"A"
"20153","02926135",76,0,"1",3575,"D",325,"D",390,"D",0,"D",0,"D",.,"A",12,"D",3250,"D",45,"D",.,"A",.,"A",.,"A",.,"A"
"20153","02926175",36,0,"1",2080,"D",260,"D",.,"A",195,"D",0,"D",.,"A",40,"D",1820,"D",0,"D",.,"A",.,"A",.,"A",.,"A"
"20153","02926265",45,0,"1",1950,"D",195,"D",.,"A",650,"D",0,"D",.,"A",.,"A",1755,"D",0,"D",.,"A",.,"A",.,"A",.,"A"
"20153","02926335",21,0,"1",845,"D",260,"D",.,"A",520,"D",0,"D",.,"A",.,"A",585,"D",60,"D",.,"A",.,"A",.,"A",.,"A"
"20153","02926355",35,0,"1",455,"D",65,"D",195,"D",1625,"D",225,"D",.,"A",.,"A",390,"D",90,"D",.,"A",.,"A",.,"A",.,"A"
"20153","02926395",66,0,"1",1768,"D",364,"D",.,"A",390,"D",120,"D",.,"A",.,"A",1404,"D",162,"D",.,"A",.,"A",.,"A",.,"A"
"20153","02926535",22,0,"1",780,"D",0,"D",130,"D",325,"D",0,"D",.,"A",.,"A",780,"D",0,"D",30,"D",390,"D",.,"A",.,"A"
"20153","02926605",31,0,"1",975,"D",130,"D",.,"A",723,"F",0,"D",.,"A",.,"A",845,"D",0,"D",.,"A",.,"A",.,"A",.,"A"
"20153","02926625",65,0,"1",13000,"D",2600,"D",.,"A",3250,"D",150,"D",.,"A",72,"D",10400,"D",300,"D",.,"A",.,"A",.,"A",.,"A"
"20153","02926645",26,0,"1",780,"D",130,"D",.,"A",390,"D",300,"D",496,"F",.,"A",650,"D",900,"D",.,"A",.,"A",.,"A",.,"A"
"20153","02926665",38,0,"1",715,"D",104,"D",.,"A",260,"D",51,"D",.,"A",.,"A",611,"D",0,"D",.,"A",.,"A",.,"A",.,"A"
"20153","02926715",24,0,"1",520,"D",195,"D",.,"A",650,"D",0,"D",.,"A",.,"A",325,"D",0,"D",.,"A",.,"A",.,"A",.,"A"
"20153","02926755",36,0,"1",1040,"D",130,"D",.,"A",520,"D",6,"D",.,"A",.,"A",910,"D",6,"D",.,"A",.,"A",.,"A",.,"A"
"20153","02926765",44,0,"1",1300,"D",195,"D",65,"D",65,"D",0,"D",.,"A",.,"A",1105,"D",120,"D",.,"A",.,"A",.,"A",.,"A"
"20153","02926785",73,0,"1",1300,"D",390,"D",.,"A",520,"D",0,"D",.,"A",.,"A",910,"D",0,"D",.,"A",.,"A",.,"A",.,"A"
"20153","02926805",31,0,"1",2210,"D",260,"D",.,"A",650,"D",0,"D",.,"A",44,"D",1950,"D",0,"D",.,"A",.,"A",.,"A",.,"A"
"20153","02926815",17,0,"1",1561,"F",.,"A",.,"A",757,"F",0,"D",.,"A",.,"A",1315,"F",0,"D",.,"A",.,"A",.,"A",.,"A"
"20153","02926835",79,0,"1",1300,"D",0,"D",390,"D",845,"D",120,"D",.,"A",.,"A",1300,"D",180,"D",.,"A",.,"A",.,"A",.,"A"
"20153","02926875",24,0,"1",2275,"D",260,"D",.,"A",325,"D",0,"D",.,"A",.,"A",2015,"D",45,"D",.,"A",.,"A",.,"A",.,"A"
"20153","02926935",23,0,"1",1300,"D",130,"D",.,"A",390,"D",0,"D",.,"A",.,"A",1170,"D",30,"D",.,"A",.,"A",.,"A",.,"A"
"20153","02926945",33,0,"1",2600,"D",325,"D",.,"A",1950,"D",0,"D",.,"A",.,"A",2275,"D",0,"D",.,"A",.,"A",.,"A",.,"A"
"20153","02926985",54,0,"1",2600,"D",910,"D",.,"A",325,"D",0,"D",.,"A",.,"A",1690,"D",0,"D",.,"A",.,"A",.,"A",.,"A"
"20153","02926995",40,0,"1",975,"D",65,"D",.,"A",390,"D",15,"D",.,"A",.,"A",910,"D",15,"D",.,"A",.,"A",.,"A",.,"A"
"20153","02927045",45,0,"1",1950,"D",650,"D",.,"A",0,"D",0,"D",.,"A",.,"A",1300,"D",0,"D",.,"A",.,"A",.,"A",.,"A"
"20153","02927075",27,0,"1",1820,"D",585,"D",.,"A",2600,"D",150,"D",.,"A",.,"A",1235,"D",75,"D",.,"A",.,"A",.,"A",.,"A"
"20153","02927105",34,0,"1",1560,"D",0,"D",.,"A",325,"D",0,"D",.,"A",.,"A",1560,"D",0,"D",.,"A",.,"A",.,"A",.,"A"
"20153","02927115",24,0,"1",780,"D",130,"D",.,"A",455,"D",0,"D",.,"A",.,"A",650,"D",0,"D",.,"A",.,"A",.,"A",.,"A"
"20153","02927125",34,0,"1",2210,"D",520,"D",.,"A",169,"D",0,"D",2275,"D",.,"A",1690,"D",6,"D",.,"A",.,"A",.,"A",.,"A"
"20153","02927185",40,0,"1",1560,"D",390,"D",.,"A",780,"D",0,"D",.,"A",.,"A",1170,"D",0,"D",.,"A",.,"A",.,"A",.,"A"
"20153","02927195",29,0,"1",1560,"D",260,"D",91,"D",260,"D",30,"D",.,"A",.,"A",1300,"D",30,"D",.,"A",.,"A",.,"A",.,"A"
"20153","02927225",50,0,"1",780,"D",260,"D",.,"A",520,"D",0,"D",.,"A",.,"A",520,"D",0,"D",.,"A",.,"A",.,"A",.,"A"
"20153","02927265",52,0,"1",1170,"D",130,"D",845,"D",325,"D",0,"D",.,"A",.,"A",1040,"D",0,"D",.,"A",.,"A",.,"A",.,"A"
"20153","02927345",19,0,"1",1300,"D",130,"D",.,"A",1300,"D",127,"F",.,"A",.,"A",1170,"D",120,"F",.,"A",.,"A",.,"A",.,"A"
"20153","02927365",44,0,"1",2600,"D",0,"D",650,"D",650,"D",0,"D",.,"A",.,"A",2600,"D",60,"D",.,"A",.,"A",.,"A",.,"A"
"20153","02927395",22,0,"1",455,"D",65,"D",.,"A",39,"D",0,"D",.,"A",.,"A",390,"D",0,"D",20,"D",260,"D",.,"A",.,"A"
"20153","02927445",28,0,"1",520,"D",65,"D",.,"A",520,"D",0,"D",.,"A",.,"A",455,"D",0,"D",.,"A",.,"A",.,"A",.,"A"
"20153","02927455",58,0,"1",1625,"D",0,"D",.,"A",1300,"D",0,"D",.,"A",.,"A",1625,"D",75,"D",.,"A",.,"A",.,"A",.,"A"
"20153","02927495",38,0,"1",1625,"D",325,"D",650,"D",260,"D",0,"D",.,"A",.,"A",1300,"D",0,"D",.,"A",.,"A",.,"A",.,"A"
"20153","02927505",44,0,"1",520,"D",0,"D",.,"A",1560,"D",60,"D",.,"A",.,"A",520,"D",150,"D",.,"A",.,"A",.,"A",.,"A"
"20153","02927515",26,0,"1",2080,"D",260,"D",.,"A",520,"D",0,"D",.,"A",.,"A",1820,"D",0,"D",30,"D",390,"D",.,"A",.,"A"
"20153","02927545",37,0,"1",3900,"D",1300,"D",.,"A",3250,"D",600,"D",.,"A",.,"A",2600,"D",600,"D",.,"A",.,"A",.,"A",.,"A"
"20153","02927575",38,0,"1",325,"D",65,"D",39,"D",78,"D",0,"D",.,"A",.,"A",260,"D",150,"D",.,"A",.,"A",.,"A",.,"A"
"20153","02927625",18,0,"1",195,"D",39,"D",.,"A",0,"D",0,"D",.,"A",.,"A",156,"D",0,"D",.,"A",.,"A",.,"A",.,"A"
"20153","02927655",22,0,"1",650,"D",0,"D",.,"A",325,"D",0,"D",.,"A",.,"A",650,"D",0,"D",.,"A",.,"A",.,"A",.,"A"
"20153","02927755",22,0,"1",910,"D",130,"D",.,"A",520,"D",0,"D",.,"A",.,"A",780,"D",0,"D",30,"D",390,"D",.,"A",.,"A"
"20153","02927765",18,0,"1",2210,"D",650,"D",.,"A",0,"D",0,"D",.,"A",.,"A",1560,"D",0,"D",.,"A",.,"A",.,"A",.,"A"
"20153","02927805",16,0,"1",2470,"D",520,"D",.,"A",260,"D",0,"D",.,"A",.,"A",1950,"D",0,"D",.,"A",.,"A",.,"A",.,"A"
"20153","02927825",22,0,"1",1300,"D",325,"D",.,"A",650,"D",150,"D",.,"A",.,"A",975,"D",150,"D",20,"D",260,"D",.,"A",.,"A"
"20153","02927895",52,0,"1",1300,"D",650,"D",.,"A",117,"D",0,"D",.,"A",.,"A",650,"D",0,"D",.,"A",.,"A",.,"A",.,"A"
"20153","02927915",84,0,"1",3250,"D",130,"D",195,"D",0,"D",0,"D",.,"A",.,"A",3120,"D",75,"D",.,"A",.,"A",.,"A",.,"A"
"20153","02927945",33,0,"1",650,"D",130,"D",.,"A",390,"D",0,"D",.,"A",.,"A",520,"D",75,"D",6,"D",78,"D",65,"D",5,"D"
"20153","02927955",56,0,"1",1950,"D",0,"D",.,"A",1300,"D",0,"D",.,"A",.,"A",1950,"D",0,"D",40,"D",520,"D",.,"A",.,"A"
"20153","02927975",50,0,"1",1300,"D",260,"D",.,"A",520,"D",0,"D",.,"A",.,"A",1040,"D",45,"D",.,"A",.,"A",.,"A",.,"A"
"20153","02928025",32,0,"1",1170,"D",195,"D",.,"A",975,"D",0,"D",.,"A",.,"A",975,"D",750,"D",.,"A",.,"A",.,"A",.,"A"
"20153","02928035",32,0,"1",2275,"D",650,"D",.,"A",0,"D",0,"D",.,"A",.,"A",1625,"D",90,"D",.,"A",.,"A",.,"A",.,"A"
"20153","02928175",33,0,"1",1950,"D",650,"D",.,"A",650,"D",0,"D",.,"A",180,"D",1300,"D",0,"D",.,"A",.,"A",.,"A",.,"A"
"20153","02928315",26,0,"1",1950,"D",325,"D",455,"D",0,"D",0,"D",.,"A",.,"A",1625,"D",0,"D",.,"A",.,"A",.,"A",.,"A"
"20153","02928325",42,0,"1",1820,"D",520,"D",130,"D",650,"D",60,"D",.,"A",.,"A",1300,"D",0,"D",.,"A",.,"A",.,"A",.,"A"
"20153","02928355",20,0,"1",2275,"D",390,"D",650,"D",0,"D",0,"D",.,"A",.,"A",1885,"D",0,"D",.,"A",.,"A",.,"A",.,"A"
"20153","02928365",54,0,"1",1170,"D",130,"D",65,"D",247,"D",0,"D",.,"A",36,"D",1040,"D",0,"D",.,"A",.,"A",.,"A",.,"A"
"20153","02928435",43,0,"1",1300,"D",130,"D",.,"A",650,"D",30,"D",.,"A",.,"A",1170,"D",0,"D",.,"A",.,"A",.,"A",.,"A"
"20153","02928485",11,0,"1",1300,"D",195,"D",.,"A",325,"D",0,"D",.,"A",.,"A",1105,"D",0,"D",30,"D",390,"D",.,"A",.,"A"
"20153","02928495",17,0,"1",1300,"D",130,"D",.,"A",260,"D",6,"D",.,"A",.,"A",1170,"D",6,"D",.,"A",.,"A",.,"A",.,"A"
"20153","02928545",29,0,"1",1561,"F",.,"A",.,"A",757,"F",162,"F",.,"A",.,"A",1315,"F",175,"F",.,"A",.,"A",.,"A",.,"A"
"20153","02928555",62,0,"1",1560,"D",260,"D",1560,"D",585,"D",0,"D",.,"A",50,"D",1300,"D",0,"D",.,"A",.,"A",.,"A",.,"A"
"20153","02928705",18,0,"1",1827,"F",.,"A",.,"A",835,"F",0,"D",.,"A",.,"A",1438,"F",0,"D",.,"A",.,"A",.,"A",.,"A"
"20153","02928715",45,0,"1",3900,"D",1300,"D",325,"D",208,"D",0,"D",.,"A",.,"A",2600,"D",450,"D",.,"A",.,"A",26,"D",2,"D"
"20153","02928765",40,0,"1",2600,"D",390,"D",.,"A",2600,"D",0,"D",.,"A",.,"A",2210,"D",0,"D",.,"A",.,"A",.,"A",.,"A"
"20153","02928805",18,0,"1",1950,"D",260,"D",.,"A",325,"D",0,"D",.,"A",.,"A",1690,"D",0,"D",21,"D",273,"D",.,"A",.,"A"
"20153","02928855",40,0,"1",1755,"D",975,"D",.,"A",0,"D",0,"D",.,"A",.,"A",780,"D",900,"D",85,"D",1105,"D",.,"A",.,"A"
"20153","02928875",59,0,"1",1170,"D",130,"D",.,"A",195,"D",0,"D",.,"A",.,"A",1040,"D",0,"D",.,"A",.,"A",.,"A",.,"A"
"20153","02928895",26,0,"1",1950,"D",445,"F",.,"A",568,"F",0,"D",.,"A",.,"A",1825,"F",3,"D",.,"A",.,"A",.,"A",.,"A"
"20153","02928905",76,0,"1",4550,"D",1300,"D",260,"D",195,"D",30,"D",.,"A",.,"A",3250,"D",0,"D",24,"D",312,"D",.,"A",.,"A"
"20153","02928925",38,0,"1",2275,"D",325,"D",.,"A",2275,"D",225,"D",.,"A",.,"A",1950,"D",300,"D",.,"A",.,"A",.,"A",.,"A"
"20153","02929075",41,0,"1",6500,"D",650,"D",.,"A",5200,"D",0,"D",.,"A",.,"A",5850,"D",0,"D",.,"A",.,"A",.,"A",.,"A"
"20153","02929095",24,0,"1",975,"D",0,"D",.,"A",0,"D",0,"D",.,"A",.,"A",975,"D",0,"D",.,"A",.,"A",.,"A",.,"A"
"20153","02929115",14,0,"1",1300,"D",0,"D",.,"A",0,"D",0,"D",.,"A",.,"A",1300,"D",90,"D",.,"A",.,"A",.,"A",.,"A"
"20153","02929125",15,0,"1",1560,"D",65,"D",.,"A",169,"D",0,"D",.,"A",.,"A",1495,"D",0,"D",.,"A",.,"A",.,"A",.,"A"
"20153","02929185",44,0,"1",1170,"D",390,"D",195,"D",650,"D",0,"D",.,"A",.,"A",780,"D",0,"D",20,"D",260,"D",.,"A",.,"A"
"20153","02929255",12,0,"1",1300,"D",455,"D",.,"A",0,"D",0,"D",.,"A",.,"A",845,"D",105,"D",.,"A",.,"A",130,"D",10,"D"
"20153","02929285",38,0,"1",2600,"D",975,"D",.,"A",325,"D",0,"D",.,"A",.,"A",1625,"D",90,"D",.,"A",.,"A",.,"A",.,"A"
"20153","02929355",25,0,"1",1950,"D",325,"D",.,"A",1300,"D",75,"D",.,"A",.,"A",1625,"D",75,"D",.,"A",.,"A",.,"A",.,"A"
"20153","02929405",42,0,"1",780,"D",130,"D",.,"A",260,"D",0,"D",.,"A",.,"A",650,"D",0,"D",.,"A",.,"A",.,"A",.,"A"
"20153","02929465",23,0,"1",3250,"D",455,"D",.,"A",0,"D",0,"D",.,"A",.,"A",2795,"D",0,"D",.,"A",.,"A",.,"A",.,"A"
"20153","02929485",19,0,"1",1950,"D",260,"D",.,"A",260,"D",0,"D",.,"A",.,"A",1690,"D",0,"D",.,"A",.,"A",.,"A",.,"A"
"20153","02929555",36,0,"1",780,"D",156,"D",390,"D",260,"D",30,"D",.,"A",.,"A",624,"D",30,"D",.,"A",.,"A",.,"A",.,"A"
"20153","02929565",31,0,"1",520,"D",130,"D",65,"D",91,"D",48,"D",.,"A",.,"A",390,"D",0,"D",11,"D",143,"D",.,"A",.,"A"
"20153","02929595",31,0,"1",650,"D",0,"D",.,"A",234,"D",0,"D",.,"A",.,"A",650,"D",0,"D",.,"A",.,"A",.,"A",.,"A"
"20153","02929615",22,0,"1",1361,"F",.,"A",.,"A",601,"F",120,"F",.,"A",.,"A",1077,"F",121,"F",.,"A",.,"A",.,"A",.,"A"
"20153","02929645",42,0,"1",1950,"D",325,"D",.,"A",650,"D",134,"F",.,"A",.,"A",1625,"D",148,"F",.,"A",.,"A",.,"A",.,"A"
"20153","02929715",78,0,"1",806,"D",78,"D",.,"A",1300,"D",45,"D",.,"A",.,"A",728,"D",180,"D",.,"A",.,"A",.,"A",.,"A"
"20153","02929745",23,0,"1",3250,"D",336,"F",.,"A",515,"F",0,"D",.,"A",.,"A",1366,"F",0,"D",.,"A",.,"A",.,"A",.,"A"
"20153","02929755",24,0,"1",390,"D",65,"D",.,"A",195,"D",0,"D",.,"A",.,"A",325,"D",45,"D",13,"D",169,"D",.,"A",.,"A"
"20153","02929805",20,0,"1",780,"D",0,"D",.,"A",604,"F",0,"D",.,"A",.,"A",780,"D",0,"D",.,"A",.,"A",.,"A",.,"A"
"20153","02929845",61,0,"1",1950,"D",325,"D",260,"D",1040,"D",0,"D",.,"A",.,"A",1625,"D",30,"D",.,"A",.,"A",.,"A",.,"A"
"20153","02929935",37,0,"1",650,"D",0,"D",.,"A",260,"D",120,"D",.,"A",.,"A",650,"D",60,"D",16,"D",208,"D",.,"A",.,"A"
"20153","02929955",28,0,"1",650,"D",0,"D",390,"D",520,"D",0,"D",.,"A",.,"A",650,"D",0,"D",.,"A",.,"A",.,"A",.,"A"
"20153","02930015",45,0,"1",1950,"D",156,"D",650,"D",520,"D",0,"D",.,"A",.,"A",1794,"D",0,"D",.,"A",.,"A",.,"A",.,"A"
"20153","02930045",23,0,"1",520,"D",211,"F",.,"A",0,"D",0,"D",.,"A",.,"A",741,"F",0,"D",.,"A",.,"A",.,"A",.,"A"
"20153","02930065",33,0,"1",6500,"D",455,"D",.,"A",130,"D",0,"D",.,"A",.,"A",6045,"D",180,"D",.,"A",.,"A",.,"A",.,"A"
"20153","02930075",58,0,"1",1716,"D",169,"D",.,"A",1300,"D",0,"D",.,"A",.,"A",1547,"D",0,"D",.,"A",.,"A",.,"A",.,"A"
"20153","02930085",47,0,"1",975,"D",65,"D",.,"A",0,"D",0,"D",.,"A",.,"A",910,"D",75,"D",.,"A",.,"A",.,"A",.,"A"
"20153","02930125",37,0,"1",1300,"D",390,"D",.,"A",910,"D",0,"D",.,"A",.,"A",910,"D",0,"D",.,"A",.,"A",.,"A",.,"A"
"20153","02930145",13,0,"1",0,"D",.,"A",.,"A",0,"D",0,"D",.,"A",.,"A",0,"D",0,"D",.,"A",.,"A",.,"A",.,"A"
"20153","02930175",10,0,"1",455,"D",130,"D",.,"A",0,"D",0,"D",.,"A",.,"A",325,"D",0,"D",.,"C",351,"F",.,"A",.,"A"
"20153","02930225",37,0,"1",2600,"D",260,"D",.,"A",650,"D",150,"D",50,"D",.,"A",2340,"D",150,"D",.,"A",.,"A",.,"A",.,"A"
"20153","02930245",47,0,"1",1625,"D",195,"D",.,"A",195,"D",0,"D",.,"A",.,"A",1430,"D",0,"D",.,"A",.,"A",.,"A",.,"A"
"20153","02930265",45,0,"1",975,"D",130,"D",.,"A",260,"D",30,"D",.,"A",.,"A",845,"D",75,"D",.,"A",.,"A",.,"A",.,"A"
"20153","02930395",29,0,"1",2232,"F",.,"A",.,"A",799,"F",127,"F",.,"A",.,"A",1866,"F",120,"F",.,"A",.,"A",.,"A",.,"A"
"20153","02930405",9,0,"1",2600,"D",390,"D",.,"A",520,"D",0,"D",.,"A",.,"A",2210,"D",0,"D",.,"A",.,"A",.,"A",.,"A"
"20153","02930455",37,0,"1",650,"D",65,"D",.,"A",1950,"D",360,"D",.,"A",.,"A",585,"D",60,"D",3,"D",39,"D",.,"A",.,"A"
"20153","02930495",49,0,"1",1040,"D",390,"D",.,"A",325,"D",0,"D",.,"A",.,"A",650,"D",0,"D",.,"A",.,"A",.,"A",.,"A"
"20153","02930505",31,0,"1",1560,"D",0,"D",.,"A",0,"D",0,"D",.,"A",.,"A",1560,"D",0,"D",.,"A",.,"A",.,"A",.,"A"
"20153","02930515",15,0,"1",455,"D",130,"D",.,"A",650,"D",0,"D",.,"A",.,"A",325,"D",0,"D",.,"A",.,"A",.,"A",.,"A"
"20153","02930555",18,0,"1",2015,"D",715,"D",.,"A",260,"D",0,"D",.,"A",.,"A",1300,"D",0,"D",.,"A",.,"A",.,"A",.,"A"
"20153","02930595",11,0,"1",780,"D",173,"F",.,"A",0,"D",0,"D",.,"A",.,"A",623,"F",0,"D",.,"A",.,"A",.,"A",.,"A"
"20153","02930605",17,0,"1",845,"D",130,"D",.,"A",455,"D",0,"D",.,"A",.,"A",715,"D",45,"D",.,"A",.,"A",.,"A",.,"A"
"20153","02930645",33,0,"1",1820,"D",260,"D",520,"D",416,"D",0,"D",.,"A",.,"A",1560,"D",0,"D",.,"A",.,"A",.,"A",.,"A"
"20153","02930655",26,0,"1",1625,"D",325,"D",.,"A",3250,"D",0,"D",.,"A",.,"A",1300,"D",0,"D",.,"A",.,"A",.,"A",.,"A"
"20153","02930675",21,0,"1",1300,"D",335,"F",.,"A",757,"F",162,"F",.,"A",.,"A",1315,"F",175,"F",.,"A",.,"A",.,"A",.,"A"
"20153","02930695",29,0,"1",2600,"D",650,"D",325,"D",910,"D",0,"D",.,"A",.,"A",1950,"D",0,"D",.,"A",.,"A",.,"A",.,"A"
"20153","02930735",61,0,"1",2600,"D",650,"D",.,"A",390,"D",0,"D",.,"A",.,"A",1950,"D",0,"D",.,"A",.,"A",.,"A",.,"A"
"20153","02930745",81,0,"1",5200,"D",1950,"D",.,"A",975,"D",0,"D",.,"A",.,"A",3250,"D",225,"D",.,"A",.,"A",.,"A",.,"A"
"20153","02930755",36,0,"1",650,"D",130,"D",.,"A",195,"D",360,"D",.,"A",.,"A",520,"D",90,"D",.,"A",.,"A",.,"A",.,"A"
"20153","02930765",42,0,"1",975,"D",260,"D",.,"A",0,"D",0,"D",.,"A",.,"A",715,"D",0,"D",50,"D",650,"D",.,"A",.,"A"
"20153","02930775",38,0,"1",1950,"D",975,"D",.,"A",2600,"D",0,"D",.,"A",.,"A",975,"D",0,"D",.,"A",.,"A",.,"A",.,"A"
"20153","02930815",37,0,"1",2028,"D",1014,"D",.,"A",1170,"D",0,"D",.,"A",.,"A",1014,"D",0,"D",.,"A",.,"A",.,"A",.,"A"
"20153","02930895",26,0,"1",1040,"D",130,"D",.,"A",260,"D",0,"D",.,"A",.,"A",910,"D",54,"D",.,"A",.,"A",.,"A",.,"A"
"20153","02930965",13,0,"1",1300,"D",130,"D",.,"A",260,"D",0,"D",.,"A",.,"A",1170,"D",0,"D",.,"A",.,"A",.,"A",.,"A"
"20153","02931035",16,0,"1",1950,"D",130,"D",.,"A",780,"D",0,"D",.,"A",.,"A",1820,"D",0,"D",.,"A",.,"A",.,"A",.,"A"
"20153","02931075",34,0,"1",1950,"D",520,"D",.,"A",975,"D",0,"D",.,"A",.,"A",1430,"D",0,"D",.,"A",.,"A",.,"A",.,"A"
"20153","02931085",11,0,"1",260,"D",0,"D",.,"A",0,"D",0,"D",.,"A",.,"A",260,"D",0,"D",.,"A",.,"A",.,"A",.,"A"
"20153","02931165",34,0,"1",2600,"D",260,"D",.,"A",2600,"D",0,"D",.,"A",.,"A",2340,"D",0,"D",.,"A",.,"A",.,"A",.,"A"
"20153","02931195",14,0,"1",650,"D",173,"F",.,"A",130,"D",0,"D",.,"A",.,"A",623,"F",0,"D",.,"A",.,"A",.,"A",.,"A"
"20153","02931205",12,0,"1",1300,"D",260,"D",.,"A",0,"D",0,"D",.,"A",.,"A",1040,"D",0,"D",.,"A",.,"A",.,"A",.,"A"
"20153","02931215",46,0,"1",3900,"D",0,"D",.,"A",650,"D",0,"D",.,"A",.,"A",3900,"D",0,"D",.,"A",.,"A",.,"A",.,"A"
"20153","02931245",41,0,"1",2600,"D",650,"D",390,"D",780,"D",300,"D",.,"A",.,"A",1950,"D",300,"D",.,"A",.,"A",.,"A",.,"A"
"20153","02931255",51,0,"1",1300,"D",260,"D",.,"A",650,"D",150,"D",.,"A",.,"A",1040,"D",90,"D",.,"A",.,"A",.,"A",.,"A"
"20153","02931275",23,0,"1",1561,"F",.,"A",.,"A",757,"F",162,"F",.,"A",.,"A",1315,"F",175,"F",.,"A",.,"A",.,"A",.,"A"
"20153","02931295",24,0,"1",1300,"D",325,"D",.,"A",0,"D",0,"D",.,"A",.,"A",975,"D",0,"D",.,"A",.,"A",.,"A",.,"A"
"20153","02931305",35,0,"1",390,"D",195,"D",.,"A",520,"D",0,"D",.,"A",.,"A",195,"D",150,"D",100,"D",1300,"D",.,"A",.,"A"
"20153","02931325",69,0,"1",1755,"D",0,"D",.,"A",130,"D",6,"D",.,"A",.,"A",1755,"D",6,"D",.,"A",.,"A",.,"A",.,"A"
"20153","02931335",44,0,"1",2600,"D",260,"D",.,"A",650,"D",150,"D",.,"A",.,"A",2340,"D",300,"D",8,"D",104,"D",.,"A",.,"A"
"20153","02931345",22,0,"1",2600,"D",390,"D",.,"A",390,"D",0,"D",.,"A",.,"A",2210,"D",0,"D",.,"A",.,"A",.,"A",.,"A"
"20153","02931445",36,0,"1",1625,"D",260,"D",.,"A",390,"D",0,"D",.,"A",.,"A",1365,"D",150,"D",45,"D",585,"D",.,"A",.,"A"
"20153","02931485",41,0,"1",780,"D",260,"D",.,"A",260,"D",0,"D",.,"A",.,"A",520,"D",90,"D",.,"A",.,"A",.,"A",.,"A"
"20153","02931565",12,0,"1",260,"D",0,"D",.,"A",195,"D",0,"D",.,"A",.,"A",260,"D",0,"D",.,"A",.,"A",.,"A",.,"A"
"20153","02931625",18,0,"1",1300,"D",260,"D",.,"A",0,"D",0,"D",.,"A",.,"A",1040,"D",30,"D",.,"A",.,"A",.,"A",.,"A"
"20153","02931665",84,0,"1",1950,"D",325,"D",.,"A",975,"D",0,"D",.,"A",.,"A",1625,"D",0,"D",.,"A",.,"A",.,"A",.,"A"
"20153","02931675",46,0,"1",3250,"D",0,"D",130,"D",325,"D",0,"D",.,"A",.,"A",3250,"D",120,"D",.,"A",.,"A",.,"A",.,"A"
"20153","02931725",34,0,"1",2275,"D",325,"D",.,"A",910,"D",0,"D",.,"A",.,"A",1950,"D",0,"D",.,"A",.,"A",.,"A",.,"A"
"20153","02931755",25,0,"1",520,"D",65,"D",.,"A",286,"D",0,"D",.,"A",.,"A",455,"D",150,"D",.,"A",.,"A",.,"A",.,"A"
"20153","02931785",25,0,"1",2600,"D",390,"D",.,"A",650,"D",0,"D",.,"A",.,"A",2210,"D",30,"D",.,"A",.,"A",.,"A",.,"A"
"20153","02931835",16,0,"1",2600,"D",195,"D",.,"A",0,"D",0,"D",.,"A",.,"A",2405,"D",45,"D",9,"D",117,"D",.,"A",.,"A"
"20153","02931855",50,0,"1",2210,"D",260,"D",.,"A",1300,"D",60,"D",.,"A",63,"D",1950,"D",30,"D",.,"A",.,"A",.,"A",.,"A"
"20153","02931905",10,0,"1",650,"D",65,"D",.,"A",650,"D",0,"D",.,"A",.,"A",585,"D",0,"D",.,"A",.,"A",.,"A",.,"A"
"20153","02931915",19,0,"1",780,"D",0,"D",.,"A",0,"D",0,"D",.,"A",.,"A",780,"D",0,"D",.,"A",.,"A",.,"A",.,"A"
"20153","02931925",41,0,"1",1950,"D",390,"D",.,"A",650,"D",0,"D",.,"A",.,"A",1560,"D",0,"D",.,"A",.,"A",.,"A",.,"A"
"20153","02931935",40,0,"1",4550,"D",0,"D",169,"D",260,"D",150,"D",.,"A",.,"A",4550,"D",0,"D",.,"A",.,"A",.,"A",.,"A"
"20153","02931945",45,0,"1",2600,"D",650,"D",.,"A",1950,"D",120,"D",.,"A",.,"A",1950,"D",150,"D",.,"A",.,"A",.,"A",.,"A"
"20153","02931955",30,0,"1",1625,"D",325,"D",.,"A",260,"D",0,"D",.,"A",.,"A",1300,"D",0,"D",10,"D",130,"D",.,"A",.,"A"
"20153","02931965",39,0,"1",5200,"D",0,"D",.,"A",0,"D",0,"D",.,"A",.,"A",5200,"D",0,"D",.,"A",.,"A",.,"A",.,"A"
"20153","02932025",30,0,"1",2600,"D",260,"D",.,"A",130,"D",0,"D",.,"A",.,"A",2340,"D",0,"D",.,"A",.,"A",.,"A",.,"A"
"20153","02932065",18,0,"1",1950,"D",0,"D",.,"A",156,"D",0,"D",.,"A",.,"A",1950,"D",0,"D",.,"A",.,"A",.,"A",.,"A"
"20153","02932085",53,0,"1",975,"D",195,"D",520,"D",260,"D",120,"D",.,"A",.,"A",780,"D",0,"D",.,"A",.,"A",.,"A",.,"A"
"20153","02932145",52,0,"1",975,"D",130,"D",.,"A",3250,"D",0,"D",.,"A",.,"A",845,"D",225,"D",.,"A",.,"A",.,"A",.,"A"
"20153","02932175",39,0,"1",1300,"D",412,"F",.,"A",325,"D",0,"D",.,"A",.,"A",1866,"F",0,"D",.,"A",.,"A",.,"A",.,"A"
"20153","02932205",61,0,"1",1300,"D",0,"D",.,"A",650,"D",0,"D",.,"A",.,"A",1300,"D",90,"D",.,"A",.,"A",.,"A",.,"A"
"20153","02932225",63,0,"1",1755,"D",130,"D",.,"A",650,"D",232,"F",.,"A",.,"A",1625,"D",486,"D",.,"A",.,"A",.,"A",.,"A"
"20153","02932235",52,0,"1",2184,"D",234,"D",.,"A",624,"D",90,"D",.,"A",.,"A",1950,"D",0,"D",.,"A",.,"A",.,"A",.,"A"
"20153","02932245",18,0,"1",325,"D",130,"D",.,"A",520,"D",0,"D",.,"A",.,"A",195,"D",0,"D",.,"A",.,"A",.,"A",.,"A"
"20153","02932255",21,0,"1",1625,"D",325,"D",1300,"D",0,"D",0,"D",.,"A",.,"A",1300,"D",0,"D",.,"A",.,"A",.,"A",.,"A"
"20153","02932275",29,0,"1",1950,"D",650,"D",.,"A",260,"D",0,"D",.,"A",.,"A",1300,"D",300,"D",.,"A",.,"A",.,"A",.,"A"
"20153","02932345",67,0,"1",2405,"D",455,"D",.,"A",1157,"D",0,"D",.,"A",.,"A",1950,"D",0,"D",.,"A",.,"A",.,"A",.,"A"
"20153","02932355",66,0,"1",2600,"D",335,"F",.,"A",650,"D",0,"D",.,"A",.,"A",1315,"F",0,"D",.,"A",.,"A",.,"A",.,"A"
"20153","02932365",43,0,"1",1300,"D",195,"D",.,"A",650,"D",0,"D",.,"A",.,"A",1105,"D",30,"D",60,"D",780,"D",.,"A",.,"A"
"20153","02932435",38,0,"1",1300,"D",325,"D",.,"A",104,"D",0,"D",.,"A",.,"A",975,"D",0,"D",.,"A",.,"A",.,"A",.,"A"
"20153","02932455",34,0,"1",1040,"D",195,"D",.,"A",195,"D",60,"D",.,"A",.,"A",845,"D",180,"D",.,"A",.,"A",.,"A",.,"A"
"20153","02932475",16,0,"1",390,"D",0,"D",.,"A",195,"D",0,"D",.,"A",.,"A",390,"D",39,"D",.,"A",.,"A",.,"A",.,"A"
"20153","02932525",31,0,"1",2600,"D",650,"D",.,"A",390,"D",0,"D",.,"A",.,"A",1950,"D",0,"D",.,"A",.,"A",.,"A",.,"A"
"20153","02932535",33,0,"1",4550,"D",1300,"D",.,"A",2600,"D",6,"D",.,"A",.,"A",3250,"D",6,"D",.,"A",.,"A",.,"A",.,"A"
"20153","02932565",36,0,"1",650,"D",0,"D",.,"A",325,"D",0,"D",.,"A",.,"A",650,"D",0,"D",.,"A",.,"A",.,"A",.,"A"
"20153","02932605",37,0,"1",2600,"D",455,"D",.,"A",780,"D",0,"D",.,"A",.,"A",2145,"D",0,"D",.,"A",.,"A",.,"A",.,"A"
"20153","02932635",29,0,"1",780,"D",130,"D",.,"A",390,"D",0,"D",.,"A",.,"A",650,"D",0,"D",.,"A",.,"A",.,"A",.,"A"
"20153","02932665",38,0,"1",2080,"D",390,"D",.,"A",1040,"D",60,"D",.,"A",.,"A",1690,"D",300,"D",.,"A",.,"A",.,"A",.,"A"
"20153","02932685",22,0,"1",1950,"D",260,"D",.,"A",0,"D",0,"D",.,"A",.,"A",1690,"D",0,"D",.,"A",.,"A",.,"A",.,"A"
"20153","02932695",50,0,"1",390,"D",390,"D",.,"A",0,"D",0,"D",130,"D",.,"A",0,"D",45,"D",.,"A",.,"A",.,"A",.,"A"
"20153","02932705",99,0,"1",1950,"D",520,"D",.,"A",1300,"D",180,"D",.,"A",100,"D",1430,"D",300,"D",.,"A",.,"A",.,"A",.,"A"
"20153","02932785",32,0,"1",1560,"D",325,"D",.,"A",650,"D",0,"D",.,"A",.,"A",1235,"D",15,"D",.,"A",.,"A",.,"A",.,"A"
"20153","02932845",49,0,"1",1560,"D",260,"D",.,"A",0,"D",0,"D",.,"A",.,"A",1300,"D",0,"D",.,"A",.,"A",.,"A",.,"A"
"20153","02932885",25,0,"1",910,"D",260,"D",.,"A",650,"D",0,"D",.,"A",.,"A",650,"D",0,"D",.,"A",.,"A",.,"A",.,"A"
"20153","02932895",27,0,"1",1625,"D",325,"D",.,"A",325,"D",0,"D",.,"A",.,"A",1300,"D",0,"D",70,"D",910,"D",.,"A",.,"A"
"20153","02932905",44,0,"1",1300,"D",260,"D",.,"A",975,"D",180,"D",.,"A",.,"A",1040,"D",300,"D",.,"A",.,"A",.,"A",.,"A"
"20153","02932935",45,0,"1",1300,"D",520,"D",.,"A",520,"D",36,"D",.,"A",.,"A",780,"D",45,"D",.,"A",.,"A",.,"A",.,"A"
"20153","02932955",68,0,"1",2600,"D",130,"D",260,"D",0,"D",0,"D",.,"A",120,"D",2470,"D",0,"D",.,"A",.,"A",.,"A",.,"A"
"20153","02933035",40,0,"1",845,"D",260,"D",.,"A",390,"D",0,"D",.,"A",.,"A",585,"D",0,"D",.,"A",.,"A",.,"A",.,"A"
"20153","02933065",33,0,"1",0,"D",.,"A",.,"A",0,"D",0,"D",.,"A",.,"A",0,"D",45,"D",60,"D",780,"D",.,"A",.,"A"
"20153","02933115",20,0,"1",1300,"D",260,"D",.,"A",1950,"D",300,"D",.,"A",.,"A",1040,"D",750,"D",12,"D",156,"D",.,"A",.,"A"
"20153","02933135",55,0,"1",2340,"D",325,"D",.,"A",1560,"D",180,"D",.,"A",50,"D",2015,"D",30,"D",.,"A",.,"A",.,"A",.,"A"
"20153","02933235",43,0,"1",1040,"D",390,"D",130,"D",520,"D",0,"D",.,"A",.,"A",650,"D",0,"D",.,"A",.,"A",.,"A",.,"A"
"20153","02933255",31,0,"1",1950,"D",0,"D",130,"D",650,"D",0,"D",.,"A",.,"A",1950,"D",0,"D",.,"A",.,"A",.,"A",.,"A"
"20153","02933325",34,0,"1",3250,"D",650,"D",.,"A",0,"D",0,"D",.,"A",.,"A",2600,"D",0,"D",.,"A",.,"A",.,"A",.,"A"
"20153","02933355",39,0,"1",325,"D",0,"D",.,"A",1560,"D",240,"D",625,"D",.,"A",325,"D",135,"D",.,"A",.,"A",.,"A",.,"A"
"20153","02933395",9,0,"1",919,"F",.,"A",.,"A",0,"D",0,"D",.,"A",.,"A",741,"F",0,"D",.,"A",.,"A",.,"A",.,"A"
"20153","02933405",22,0,"1",1300,"D",260,"D",390,"D",1300,"D",0,"D",.,"A",.,"A",1040,"D",0,"D",30,"D",390,"D",.,"A",.,"A"
"20153","02933415",24,0,"1",325,"D",65,"D",.,"A",65,"D",600,"D",.,"A",.,"A",260,"D",0,"D",.,"A",.,"A",.,"A",.,"A"
"20153","02933455",36,0,"1",2600,"D",650,"D",.,"A",650,"D",0,"D",.,"A",.,"A",1950,"D",0,"D",.,"A",.,"A",.,"A",.,"A"
"20153","02933545",23,0,"1",1300,"D",117,"D",.,"A",520,"D",0,"D",.,"A",.,"A",1183,"D",0,"D",.,"A",.,"A",.,"A",.,"A"
"20153","02933615",52,0,"1",2080,"D",520,"D",.,"A",325,"D",60,"D",.,"A",.,"A",1560,"D",30,"D",.,"A",.,"A",.,"A",.,"A"
"20153","02933645",37,0,"1",1300,"D",130,"D",260,"D",260,"D",105,"D",.,"A",.,"A",1170,"D",60,"D",.,"A",.,"A",.,"A",.,"A"
"20153","02933665",43,0,"1",1560,"D",260,"D",260,"D",650,"D",0,"D",.,"A",.,"A",1300,"D",0,"D",.,"A",.,"A",.,"A",.,"A"
"20153","02933735",48,0,"1",3250,"D",325,"D",585,"D",650,"D",0,"D",.,"A",.,"A",2925,"D",0,"D",.,"A",.,"A",.,"A",.,"A"
"20153","02944265",9,0,"1",0,"D",.,"A",.,"A",2600,"D",0,"D",.,"A",.,"A",0,"D",0,"D",.,"A",.,"A",.,"A",.,"A"
"20153","02944385",48,0,"1",2600,"D",520,"D",780,"D",1300,"D",0,"D",.,"A",.,"A",2080,"D",0,"D",.,"A",.,"A",.,"A",.,"A"
"20153","02944475",17,0,"1",650,"D",195,"D",.,"A",0,"D",0,"D",.,"A",.,"A",455,"D",0,"D",20,"D",260,"D",.,"A",.,"A"
"20153","02944485",32,0,"1",5200,"D",780,"D",.,"A",1560,"D",0,"D",.,"A",.,"A",4420,"D",0,"D",.,"A",.,"A",.,"A",.,"A"
"20153","02944545",34,0,"1",1001,"D",130,"D",.,"A",0,"D",0,"D",.,"A",.,"A",871,"D",0,"D",.,"A",.,"A",.,"A",.,"A"
"20153","02944585",34,0,"1",1950,"D",325,"D",.,"A",650,"D",0,"D",.,"A",.,"A",1625,"D",0,"D",.,"A",.,"A",.,"A",.,"A"
"20153","02944625",73,0,"1",3900,"D",516,"F",.,"A",5200,"D",0,"D",.,"A",240,"D",2357,"F",120,"D",.,"A",.,"A",.,"A",.,"A"
"20153","02944675",12,0,"1",845,"D",335,"F",.,"A",195,"D",0,"D",.,"A",.,"A",1315,"F",0,"D",.,"A",.,"A",.,"A",.,"A"
"20153","02944715",8,0,"1",780,"D",130,"D",.,"A",604,"F",0,"D",.,"A",.,"A",650,"D",0,"D",.,"A",.,"A",.,"A",.,"A"
"20153","02944755",64,0,"1",975,"D",130,"D",.,"A",975,"D",75,"D",.,"A",.,"A",845,"D",3,"D",.,"A",.,"A",.,"A",.,"A"
"20153","02944795",22,0,"1",1827,"F",.,"A",.,"A",835,"F",6,"D",.,"A",.,"A",1438,"F",6,"D",.,"A",.,"A",.,"A",.,"A"
"20153","02944805",56,0,"1",1443,"F",.,"A",325,"D",4810,"D",1200,"D",.,"A",.,"A",1154,"F",0,"D",.,"A",.,"A",.,"A",.,"A"
"20153","02944845",42,0,"1",650,"D",264,"F",.,"A",325,"D",0,"D",.,"A",.,"A",801,"F",0,"D",.,"A",.,"A",.,"A",.,"A"
"20153","02944895",54,0,"1",390,"D",0,"D",910,"D",416,"D",0,"D",.,"A",.,"A",390,"D",0,"D",.,"A",.,"A",.,"A",.,"A"
"20153","02944975",30,0,"1",2600,"D",650,"D",.,"A",1300,"D",0,"D",.,"A",.,"A",1950,"D",0,"D",.,"A",.,"A",.,"A",.,"A"
"20153","02944995",26,0,"1",1560,"D",195,"D",.,"A",0,"D",0,"D",.,"A",.,"A",1365,"D",0,"D",102,"D",1326,"D",.,"A",.,"A"
"20153","02945065",64,0,"1",2600,"D",520,"D",.,"A",6500,"D",1050,"D",.,"A",.,"A",2080,"D",480,"D",.,"A",.,"A",.,"A",.,"A"
"20153","02945125",23,0,"1",1950,"D",130,"D",.,"A",234,"D",6,"D",.,"A",.,"A",1820,"D",6,"D",.,"A",.,"A",.,"A",.,"A"
"20153","02945135",15,0,"1",715,"D",130,"D",.,"A",0,"D",0,"D",.,"A",.,"A",585,"D",0,"D",.,"A",.,"A",260,"D",20,"D"
"20153","02945165",23,0,"1",650,"D",0,"D",.,"A",390,"D",0,"D",.,"A",.,"A",650,"D",0,"D",.,"A",.,"A",.,"A",.,"A"
"20153","02945245",38,0,"1",1950,"D",520,"D",.,"A",325,"D",0,"D",.,"A",50,"D",1430,"D",90,"D",.,"A",.,"A",.,"A",.,"A"
"20153","02945275",32,0,"1",1625,"D",286,"D",.,"A",650,"D",36,"D",.,"A",.,"A",1339,"D",90,"D",.,"A",.,"A",.,"A",.,"A"
"20153","02945325",17,0,"1",2600,"D",455,"D",585,"D",2275,"D",0,"D",.,"A",.,"A",2145,"D",0,"D",.,"A",.,"A",.,"A",.,"A"
"20153","02945335",37,0,"1",975,"D",130,"D",.,"A",650,"D",0,"D",.,"A",.,"A",845,"D",0,"D",.,"A",.,"A",.,"A",.,"A"
"20153","02945345",37,0,"1",910,"D",195,"D",.,"A",910,"D",0,"D",.,"A",.,"A",715,"D",0,"D",.,"A",.,"A",.,"A",.,"A"
"20153","02945435",90,0,"1",1820,"D",520,"D",.,"A",260,"D",0,"D",.,"A",.,"A",1300,"D",30,"D",.,"A",.,"A",.,"A",.,"A"
"20153","02945445",45,0,"1",2080,"D",260,"D",.,"A",975,"D",0,"D",.,"A",.,"A",1820,"D",150,"D",.,"A",.,"A",.,"A",.,"A"
"20153","02945465",46,0,"1",3900,"D",650,"D",.,"A",1950,"D",0,"D",.,"A",.,"A",3250,"D",0,"D",.,"A",.,"A",.,"A",.,"A"
"20153","02945515",34,0,"1",1560,"D",260,"D",325,"D",1625,"D",0,"D",.,"A",.,"A",1300,"D",150,"D",.,"A",.,"A",.,"A",.,"A"
"20153","02945545",69,0,"1",520,"D",130,"D",.,"A",1300,"D",1350,"D",.,"A",.,"A",390,"D",45,"D",28,"D",364,"D",.,"A",.,"A"
"20153","02945555",22,0,"1",1950,"D",780,"D",.,"A",650,"D",0,"D",.,"A",.,"A",1170,"D",0,"D",.,"A",.,"A",.,"A",.,"A"
"20153","02945595",58,0,"1",2925,"D",650,"D",650,"D",975,"D",0,"D",.,"A",.,"A",2275,"D",0,"D",.,"A",.,"A",.,"A",.,"A"
"20153","02945665",49,0,"1",1820,"D",455,"D",.,"A",1300,"D",0,"D",.,"A",.,"A",1365,"D",0,"D",.,"A",.,"A",.,"A",.,"A"
"20153","02945765",26,0,"1",845,"D",193,"F",242,"F",650,"D",92,"F",.,"A",.,"A",709,"F",104,"F",.,"A",.,"A",.,"A",.,"A"
"20153","02945825",23,0,"1",975,"D",520,"D",325,"D",390,"D",210,"D",.,"A",.,"A",455,"D",90,"D",.,"A",.,"A",.,"A",.,"A"
"20153","02945845",48,0,"1",2470,"D",520,"D",.,"A",455,"D",0,"D",.,"A",.,"A",1950,"D",60,"D",.,"A",.,"A",.,"A",.,"A"
"20153","02945855",43,0,"1",1586,"D",585,"D",.,"A",130,"D",0,"D",.,"A",.,"A",1001,"D",0,"D",.,"A",.,"A",.,"A",.,"A"
"20153","02945865",26,0,"1",1560,"D",390,"D",.,"A",0,"D",0,"D",.,"A",.,"A",1170,"D",0,"D",.,"C",408,"F",.,"A",.,"A"
"20153","02945895",27,0,"1",4550,"D",195,"D",.,"A",0,"D",0,"D",.,"A",.,"A",4355,"D",720,"D",.,"A",.,"A",.,"A",.,"A"
"20153","02945915",43,0,"1",520,"D",26,"D",.,"A",325,"D",0,"D",.,"A",.,"A",494,"D",0,"D",.,"A",.,"A",.,"A",.,"A"
"20153","02945925",18,0,"1",260,"D",0,"D",.,"A",260,"D",0,"D",.,"A",.,"A",260,"D",0,"D",.,"A",.,"A",.,"A",.,"A"
"20153","02945935",40,0,"1",1690,"D",260,"D",.,"A",390,"D",0,"D",.,"A",.,"A",1430,"D",30,"D",.,"A",.,"A",.,"A",.,"A"
"20153","02945965",75,0,"1",2600,"D",520,"D",.,"A",260,"D",0,"D",.,"A",.,"A",2080,"D",0,"D",.,"A",.,"A",.,"A",.,"A"
"20153","02946005",78,0,"1",5200,"D",650,"D",.,"A",650,"D",240,"D",.,"A",.,"A",4550,"D",75,"D",.,"A",.,"A",.,"A",.,"A"
"20153","02946015",30,0,"1",1560,"D",260,"D",.,"A",2600,"D",0,"D",.,"A",.,"A",1300,"D",0,"D",.,"A",.,"A",.,"A",.,"A"
"20153","02946035",12,0,"1",1561,"F",.,"A",.,"A",757,"F",162,"F",.,"A",.,"A",1315,"F",175,"F",.,"A",.,"A",.,"A",.,"A"
"20153","02946055",21,0,"1",1300,"D",195,"D",.,"A",195,"D",0,"D",.,"A",.,"A",1105,"D",0,"D",3,"D",39,"D",.,"A",.,"A"
"20153","02946105",27,0,"1",1950,"D",195,"D",.,"A",0,"D",0,"D",.,"A",.,"A",1755,"D",0,"D",.,"A",.,"A",.,"A",.,"A"
"20153","02946115",26,0,"1",1300,"D",260,"D",.,"A",0,"D",0,"D",.,"A",.,"A",1040,"D",0,"D",.,"A",.,"A",.,"A",.,"A"
"20153","02946145",53,0,"1",780,"D",91,"D",.,"A",520,"D",90,"D",.,"A",.,"A",689,"D",120,"D",.,"A",.,"A",.,"A",.,"A"
"20153","02946195",33,0,"1",3250,"D",260,"D",.,"A",2600,"D",150,"D",.,"A",.,"A",2990,"D",150,"D",.,"A",.,"A",.,"A",.,"A"
"20153","02946235",38,0,"1",1300,"D",260,"D",.,"A",325,"D",0,"D",.,"A",.,"A",1040,"D",0,"D",.,"A",.,"A",.,"A",.,"A"
"20153","02946255",38,0,"1",2232,"F",.,"A",.,"A",799,"F",127,"F",.,"A",.,"A",1866,"F",120,"F",.,"A",.,"A",.,"A",.,"A"
"20153","02946265",40,0,"1",975,"D",195,"D",.,"A",130,"D",0,"D",.,"A",.,"A",780,"D",0,"D",.,"A",.,"A",156,"D",12,"D"
"20153","02946325",27,0,"1",1561,"F",.,"A",.,"A",390,"D",0,"D",71,"D",.,"A",1315,"F",0,"D",.,"A",.,"A",.,"A",.,"A"
"20153","02946345",34,0,"1",715,"D",0,"D",26,"D",78,"D",0,"D",.,"A",.,"A",715,"D",0,"D",.,"A",.,"A",.,"A",.,"A"
"20153","02946355",25,0,"1",975,"D",325,"D",0,"D",650,"D",0,"D",.,"A",.,"A",650,"D",0,"D",12,"D",156,"D",.,"A",.,"A"
"20153","02946375",45,0,"1",3250,"D",650,"D",650,"D",0,"D",150,"D",.,"A",.,"A",2600,"D",150,"D",.,"A",.,"A",.,"A",.,"A"
"20153","02946385",17,0,"1",2275,"D",260,"D",.,"A",0,"D",0,"D",.,"A",.,"A",2015,"D",192,"D",14,"D",182,"D",.,"A",.,"A"
"20153","02946395",24,0,"1",1300,"D",91,"D",.,"A",0,"D",0,"D",.,"A",.,"A",1209,"D",0,"D",.,"A",.,"A",.,"A",.,"A"
"20153","02946435",13,0,"1",1950,"D",0,"D",.,"A",0,"D",0,"D",.,"A",.,"A",1950,"D",0,"D",.,"A",.,"A",.,"A",.,"A"
"20153","02946445",41,0,"1",3250,"D",650,"D",.,"A",650,"D",0,"D",.,"A",.,"A",2600,"D",0,"D",.,"A",.,"A",.,"A",.,"A"
"20153","02946585",40,0,"1",1300,"D",195,"D",.,"A",260,"D",0,"D",.,"A",.,"A",1105,"D",0,"D",12,"D",156,"D",.,"A",.,"A"
"20153","02946615",29,0,"1",1690,"D",871,"D",.,"A",0,"D",0,"D",.,"A",.,"A",819,"D",0,"D",50,"D",650,"D",.,"A",.,"A"
"20153","02946665",25,0,"1",390,"D",130,"D",130,"D",260,"D",0,"D",325,"D",.,"A",260,"D",0,"D",.,"A",.,"A",.,"A",.,"A"
"20153","02946705",28,0,"1",1300,"D",52,"D",.,"A",325,"D",300,"D",.,"A",.,"A",1248,"D",135,"D",.,"A",.,"A",.,"A",.,"A"
"20153","02946725",34,0,"1",1950,"D",520,"D",.,"A",0,"D",0,"D",.,"A",.,"A",1430,"D",0,"D",.,"A",.,"A",.,"A",.,"A"
"20153","02946875",46,0,"1",3250,"D",260,"D",.,"A",1300,"D",0,"D",.,"A",.,"A",2990,"D",0,"D",.,"A",.,"A",.,"A",.,"A"
"20153","02946915",38,0,"1",1560,"D",65,"D",.,"A",1300,"D",0,"D",343,"F",.,"A",1495,"D",0,"D",.,"A",.,"A",.,"A",.,"A"
"20153","02946935",34,0,"1",975,"D",260,"D",.,"A",325,"D",0,"D",.,"A",.,"A",715,"D",0,"D",.,"A",.,"A",.,"A",.,"A"
"20153","02947025",63,0,"1",325,"D",0,"D",.,"A",650,"D",90,"D",.,"A",.,"A",325,"D",300,"D",.,"A",.,"A",.,"A",.,"A"
"20153","02947095",30,0,"1",715,"D",130,"D",.,"A",325,"D",0,"D",.,"A",.,"A",585,"D",0,"D",.,"A",.,"A",.,"A",.,"A"
"20153","02947125",64,0,"1",325,"D",0,"D",.,"A",1820,"D",45,"D",.,"A",.,"A",325,"D",0,"D",.,"A",.,"A",.,"A",.,"A"
"20153","02947195",12,0,"1",910,"D",260,"D",.,"A",0,"D",0,"D",.,"A",.,"A",650,"D",60,"D",.,"A",.,"A",130,"D",10,"D"
"20153","02947205",60,0,"1",1300,"D",195,"D",.,"A",260,"D",0,"D",.,"A",.,"A",1105,"D",0,"D",.,"A",.,"A",.,"A",.,"A"
"20153","02947225",34,0,"1",1625,"D",195,"D",.,"A",1300,"D",0,"D",.,"A",.,"A",1430,"D",0,"D",.,"A",.,"A",.,"A",.,"A"
"20153","02947285",59,0,"1",1690,"D",417,"F",.,"A",3250,"D",232,"F",.,"A",.,"A",1479,"F",300,"D",.,"A",.,"A",.,"A",.,"A"
"20153","02947305",50,0,"1",4550,"D",650,"D",.,"A",1300,"D",150,"D",.,"A",.,"A",3900,"D",150,"D",.,"A",.,"A",.,"A",.,"A"
"20153","02947315",23,0,"1",650,"D",130,"D",.,"A",520,"D",0,"D",.,"A",.,"A",520,"D",0,"D",.,"A",.,"A",.,"A",.,"A"
"20153","02947325",11,0,"1",585,"D",65,"D",.,"A",0,"D",0,"D",.,"A",.,"A",520,"D",150,"D",.,"A",.,"A",104,"D",8,"D"
"20153","02947355",33,0,"1",1144,"D",260,"D",.,"A",0,"D",0,"D",.,"A",.,"A",884,"D",0,"D",.,"A",.,"A",.,"A",.,"A"
"20153","02947385",24,0,"1",1300,"D",130,"D",.,"A",0,"D",0,"D",.,"A",.,"A",1170,"D",60,"D",40,"D",520,"D",.,"A",.,"A"
"20153","02947395",34,0,"1",1950,"D",650,"D",.,"A",1300,"D",0,"D",.,"A",.,"A",1300,"D",0,"D",.,"A",.,"A",.,"A",.,"A"
"20153","02947405",45,0,"1",2860,"D",520,"D",650,"D",910,"D",60,"D",.,"A",.,"A",2340,"D",150,"D",25,"D",325,"D",.,"A",.,"A"
"20153","02947415",60,0,"1",1625,"D",130,"D",78,"D",650,"D",0,"D",.,"A",.,"A",1495,"D",0,"D",.,"A",.,"A",.,"A",.,"A"
"20153","02947545",105,0,"1",1560,"D",260,"D",.,"A",780,"D",240,"D",.,"A",.,"A",1300,"D",120,"D",.,"A",.,"A",.,"A",.,"A"
"20153","02947555",19,0,"1",715,"D",325,"D",.,"A",325,"D",0,"D",.,"A",.,"A",390,"D",0,"D",.,"A",.,"A",.,"A",.,"A"
"20153","02947585",23,0,"1",1755,"D",195,"D",.,"A",325,"D",0,"D",.,"A",.,"A",1560,"D",0,"D",.,"A",.,"A",.,"A",.,"A"
"20153","02947615",29,0,"1",3185,"D",1950,"D",.,"A",325,"D",0,"D",.,"A",.,"A",1235,"D",0,"D",.,"A",.,"A",.,"A",.,"A"
"20153","02947645",38,0,"1",1495,"D",156,"D",.,"A",390,"D",0,"D",.,"A",.,"A",1339,"D",0,"D",.,"A",.,"A",.,"A",.,"A"
"20153","02947655",10,0,"1",1560,"D",390,"D",.,"A",260,"D",0,"D",.,"A",.,"A",1170,"D",0,"D",.,"A",.,"A",.,"A",.,"A"
"20153","02947675",26,0,"1",1950,"D",390,"D",.,"A",65,"D",0,"D",.,"A",.,"A",1560,"D",240,"D",.,"A",.,"A",.,"A",.,"A"
"20153","02947735",47,0,"1",1300,"D",195,"D",.,"A",2600,"D",0,"D",.,"A",.,"A",1105,"D",0,"D",.,"A",.,"A",.,"A",.,"A"
"20153","02947745",29,0,"1",1300,"D",520,"D",.,"A",260,"D",0,"D",.,"A",.,"A",780,"D",0,"D",.,"A",.,"A",.,"A",.,"A"
"20153","02947755",11,0,"1",1204,"F",.,"A",.,"A",449,"F",6,"D",.,"A",.,"A",976,"F",6,"D",.,"A",.,"A",.,"A",.,"A"
"20153","02947775",9,0,"1",1827,"F",.,"A",.,"A",835,"F",127,"F",.,"A",.,"A",1438,"F",194,"F",.,"A",.,"A",.,"A",.,"A"
"20153","02947855",92,0,"1",2600,"D",260,"D",195,"D",3900,"D",300,"D",.,"A",.,"A",2340,"D",180,"D",.,"A",.,"A",.,"A",.,"A"
"20153","02947885",87,0,"1",819,"D",0,"D",546,"D",1625,"D",600,"D",.,"A",.,"A",819,"D",300,"D",.,"A",.,"A",.,"A",.,"A"
"20153","02947925",60,0,"1",2288,"D",975,"D",156,"D",390,"D",45,"D",.,"A",.,"A",1313,"D",300,"D",.,"A",.,"A",.,"A",.,"A"
"20153","02947935",19,0,"1",1950,"D",0,"D",.,"A",1300,"D",0,"D",.,"A",.,"A",1950,"D",0,"D",8,"D",104,"D",.,"A",.,"A"
"20153","02947945",16,0,"1",520,"D",65,"D",.,"A",390,"D",0,"D",.,"A",.,"A",455,"D",0,"D",.,"A",.,"A",.,"A",.,"A"
"20153","02947975",33,0,"1",1300,"D",130,"D",.,"A",390,"D",0,"D",.,"A",.,"A",1170,"D",0,"D",.,"A",.,"A",.,"A",.,"A"
"20153","02948015",15,0,"1",1105,"D",173,"F",.,"A",0,"D",0,"D",.,"A",.,"A",623,"F",0,"D",.,"A",.,"A",.,"A",.,"A"
"20153","02948115",33,0,"1",1300,"D",260,"D",.,"A",650,"D",0,"D",130,"D",.,"A",1040,"D",0,"D",.,"A",.,"A",.,"A",.,"A"
"20153","02948125",46,0,"1",780,"D",130,"D",195,"D",1560,"D",90,"D",.,"A",.,"A",650,"D",0,"D",.,"A",.,"A",.,"A",.,"A"
"20153","02948185",31,0,"1",910,"D",260,"D",.,"A",650,"D",300,"D",.,"A",.,"A",650,"D",240,"D",.,"A",.,"A",.,"A",.,"A"
"20153","02948195",51,0,"1",2600,"D",650,"D",195,"D",1300,"D",90,"D",.,"A",.,"A",1950,"D",60,"D",.,"A",.,"A",.,"A",.,"A"
"20153","02948225",46,0,"1",1950,"D",650,"D",.,"A",65,"D",0,"D",.,"A",.,"A",1300,"D",90,"D",.,"A",.,"A",.,"A",.,"A"
"20153","02948255",53,0,"1",1950,"D",455,"D",195,"D",1950,"D",450,"D",.,"A",.,"A",1495,"D",150,"D",.,"A",.,"A",.,"A",.,"A"
"20153","02948315",16,0,"1",975,"D",65,"D",.,"A",52,"D",0,"D",.,"A",.,"A",910,"D",0,"D",.,"A",.,"A",.,"A",.,"A"
"20153","02948335",106,0,"1",3900,"D",780,"D",650,"D",3250,"D",30,"D",.,"A",.,"A",3120,"D",0,"D",.,"A",.,"A",.,"A",.,"A"
"20153","02948355",27,0,"1",1300,"D",130,"D",.,"A",650,"D",0,"D",.,"A",.,"A",1170,"D",0,"D",.,"A",.,"A",.,"A",.,"A"
"20153","02948375",26,0,"1",650,"D",0,"D",.,"A",325,"D",0,"D",.,"A",.,"A",650,"D",0,"D",.,"A",.,"A",.,"A",.,"A"
"20153","02948405",30,0,"1",650,"D",65,"D",.,"A",195,"D",0,"D",.,"A",.,"A",585,"D",0,"D",.,"A",.,"A",.,"A",.,"A"
"20153","02948435",47,0,"1",1950,"D",260,"D",.,"A",520,"D",0,"D",.,"A",.,"A",1690,"D",360,"D",75,"D",975,"D",.,"A",.,"A"
"20153","02948445",49,0,"1",2210,"D",0,"D",.,"A",799,"F",127,"F",.,"A",.,"A",2210,"D",120,"F",.,"A",.,"A",.,"A",.,"A"
"20153","02948475",71,0,"1",1300,"D",260,"D",.,"A",325,"D",0,"D",.,"A",.,"A",1040,"D",0,"D",.,"A",.,"A",.,"A",.,"A"
"20153","02948515",24,0,"1",520,"D",39,"D",.,"A",130,"D",15,"D",.,"A",.,"A",481,"D",0,"D",.,"A",.,"A",.,"A",.,"A"
"20153","02948535",52,0,"1",1950,"D",260,"D",.,"A",325,"D",0,"D",.,"A",.,"A",1690,"D",0,"D",25,"D",325,"D",.,"A",.,"A"
"20153","02948565",16,0,"1",975,"D",91,"D",.,"A",325,"D",0,"D",.,"A",.,"A",884,"D",0,"D",.,"A",.,"A",.,"A",.,"A"
"20153","02948575",18,0,"1",1300,"D",325,"D",.,"A",156,"D",0,"D",.,"A",.,"A",975,"D",0,"D",.,"A",.,"A",.,"A",.,"A"
"20153","02948605",27,0,"1",1170,"D",303,"F",.,"A",601,"F",6,"D",.,"A",.,"A",1077,"F",6,"D",.,"A",.,"A",.,"A",.,"A"
"20153","02948625",33,0,"1",1300,"D",39,"D",455,"D",325,"D",0,"D",.,"A",.,"A",1261,"D",0,"D",.,"A",.,"A",.,"A",.,"A"
"20153","02948645",89,0,"1",3185,"D",650,"D",.,"A",1131,"D",135,"D",.,"A",.,"A",2535,"D",255,"D",.,"A",.,"A",.,"A",.,"A"
"20153","02948685",90,0,"1",2275,"D",325,"D",.,"A",780,"D",120,"D",.,"A",.,"A",1950,"D",600,"D",40,"D",520,"D",.,"A",.,"A"
"20153","02948695",23,0,"1",1560,"D",260,"D",260,"D",520,"D",0,"D",.,"A",.,"A",1300,"D",60,"D",.,"A",.,"A",.,"A",.,"A"
"20153","02948725",29,0,"1",2275,"D",325,"D",455,"D",845,"D",0,"D",.,"A",.,"A",1950,"D",0,"D",.,"A",.,"A",.,"A",.,"A"
"20153","02948755",86,0,"1",650,"D",130,"D",.,"A",650,"D",60,"D",.,"A",.,"A",520,"D",0,"D",50,"D",650,"D",.,"A",.,"A"
"20153","02948765",14,0,"1",919,"F",.,"A",.,"A",604,"F",121,"F",.,"A",.,"A",741,"F",92,"F",.,"A",.,"A",.,"A",.,"A"
"20153","02948775",40,0,"1",1040,"D",0,"D",.,"A",650,"D",0,"D",.,"A",.,"A",1040,"D",0,"D",.,"A",.,"A",.,"A",.,"A"
"20153","02948835",24,0,"1",650,"D",65,"D",.,"A",260,"D",0,"D",.,"A",.,"A",585,"D",0,"D",.,"A",.,"A",.,"A",.,"A"
"20153","02948945",21,0,"1",845,"D",325,"D",.,"A",0,"D",0,"D",306,"D",.,"A",520,"D",0,"D",.,"A",.,"A",.,"A",.,"A"
"20153","02949035",23,0,"1",780,"D",260,"D",130,"D",260,"D",900,"D",.,"A",.,"A",520,"D",180,"D",.,"A",.,"A",.,"A",.,"A"
"20153","02949065",24,0,"1",585,"D",65,"D",.,"A",0,"D",0,"D",.,"A",.,"A",520,"D",0,"D",10,"D",130,"D",.,"A",.,"A"
"20153","02949095",15,0,"1",0,"D",.,"A",313,"F",604,"F",0,"D",.,"A",.,"A",0,"D",0,"D",50,"D",650,"D",.,"A",.,"A"
"20153","02949125",25,0,"1",2600,"D",780,"D",.,"A",3900,"D",0,"D",.,"A",.,"A",1820,"D",0,"D",.,"A",.,"A",.,"A",.,"A"
"20153","02949155",31,0,"1",975,"D",260,"D",.,"A",390,"D",0,"D",.,"A",.,"A",715,"D",0,"D",35,"D",455,"D",.,"A",.,"A"
"20153","02949195",69,0,"1",1950,"D",455,"D",.,"A",130,"D",6,"D",.,"A",.,"A",1495,"D",6,"D",.,"A",.,"A",.,"A",.,"A"
"20153","02949225",54,0,"1",2860,"D",260,"D",260,"D",10400,"D",0,"D",.,"A",.,"A",2600,"D",60,"D",.,"A",.,"A",.,"A",.,"A"
"20153","02949265",23,0,"1",2600,"D",260,"D",26,"D",0,"D",36,"D",.,"A",.,"A",2340,"D",120,"D",.,"A",.,"A",.,"A",.,"A"
"20153","02949415",47,0,"1",1300,"D",130,"D",.,"A",520,"D",0,"D",.,"A",.,"A",1170,"D",0,"D",.,"A",.,"A",.,"A",.,"A"
"20153","02949435",36,0,"1",520,"D",130,"D",130,"D",1950,"D",150,"D",.,"A",.,"A",390,"D",60,"D",.,"A",.,"A",.,"A",.,"A"
"20153","02949485",55,0,"1",1950,"D",650,"D",130,"D",1300,"D",0,"D",.,"A",125,"D",1300,"D",300,"D",40,"D",520,"D",.,"A",.,"A"
"20153","02949535",38,0,"1",1300,"D",260,"D",.,"A",130,"D",0,"D",.,"A",.,"A",1040,"D",0,"D",.,"A",.,"A",.,"A",.,"A"
"20153","02949565",13,0,"1",650,"D",260,"D",390,"D",130,"D",120,"D",.,"A",.,"A",390,"D",0,"D",.,"A",.,"A",.,"A",.,"A"
"20153","02949635",20,0,"1",2600,"D",325,"D",.,"A",0,"D",0,"D",.,"A",.,"A",2275,"D",0,"D",.,"A",.,"A",.,"A",.,"A"
"20153","02949745",38,0,"1",1950,"D",455,"D",.,"A",1105,"D",0,"D",.,"A",.,"A",1495,"D",0,"D",.,"A",.,"A",.,"A",.,"A"
"20153","02949765",39,0,"1",2899,"D",390,"D",39,"D",351,"D",0,"D",.,"A",.,"A",2509,"D",0,"D",.,"A",.,"A",.,"A",.,"A"
"20153","02949775",23,0,"1",1690,"D",313,"F",.,"A",286,"D",0,"D",.,"A",.,"A",1154,"F",0,"D",20,"D",260,"D",.,"A",.,"A"
"20153","02949785",26,0,"1",1950,"D",650,"D",.,"A",390,"D",75,"D",.,"A",.,"A",1300,"D",36,"D",.,"A",.,"A",.,"A",.,"A"
"20153","02949795",44,0,"1",1625,"D",195,"D",.,"A",1300,"D",0,"D",.,"A",.,"A",1430,"D",60,"D",.,"A",.,"A",.,"A",.,"A"
"20153","02949845",32,0,"1",1300,"D",130,"D",.,"A",604,"F",0,"D",.,"A",.,"A",1170,"D",0,"D",.,"A",.,"A",.,"A",.,"A"
"20153","02949855",77,0,"1",1898,"D",247,"D",.,"A",390,"D",180,"D",.,"A",.,"A",1651,"D",90,"D",.,"A",.,"A",.,"A",.,"A"
"20153","02949925",61,0,"1",2600,"D",325,"D",.,"A",650,"D",6,"D",.,"A",.,"A",2275,"D",6,"D",.,"A",.,"A",.,"A",.,"A"
"20153","02950025",31,0,"1",1040,"D",325,"D",.,"A",520,"D",0,"D",.,"A",.,"A",715,"D",0,"D",30,"D",390,"D",.,"A",.,"A"
"20153","02950035",50,0,"1",1300,"D",130,"D",65,"D",390,"D",60,"D",.,"A",.,"A",1170,"D",24,"D",.,"A",.,"A",.,"A",.,"A"
"20153","02950065",25,0,"1",764,"F",.,"A",.,"A",0,"D",0,"D",.,"A",.,"A",623,"F",0,"D",.,"A",.,"A",.,"A",.,"A"
"20153","02950075",49,0,"1",3250,"D",975,"D",650,"D",650,"D",0,"D",.,"A",25,"D",2275,"D",0,"D",.,"A",.,"A",.,"A",.,"A"
"20153","02950085",30,0,"1",1950,"D",650,"D",325,"D",156,"D",0,"D",.,"A",.,"A",1300,"D",90,"D",.,"A",.,"A",.,"A",.,"A"
"20153","02950135",37,0,"1",1560,"D",0,"D",.,"A",650,"D",0,"D",.,"A",.,"A",1560,"D",0,"D",.,"A",.,"A",.,"A",.,"A"
"20153","02950145",32,0,"1",1040,"D",0,"D",130,"D",195,"D",45,"D",.,"A",.,"A",1040,"D",90,"D",.,"A",.,"A",.,"A",.,"A"
"20153","02950155",47,0,"1",390,"D",0,"D",.,"A",585,"D",0,"D",.,"A",.,"A",390,"D",15,"D",.,"A",.,"A",.,"A",.,"A"
"20153","02950165",38,0,"1",2600,"D",156,"D",.,"A",1300,"D",0,"D",.,"A",.,"A",2444,"D",150,"D",25,"D",325,"D",.,"A",.,"A"
"20153","02950315",24,0,"1",910,"D",195,"D",.,"A",0,"D",0,"D",.,"A",.,"A",715,"D",0,"D",.,"A",.,"A",.,"A",.,"A"
"20153","02950345",46,0,"1",1300,"D",195,"D",.,"A",1040,"D",0,"D",.,"A",.,"A",1105,"D",0,"D",.,"A",.,"A",.,"A",.,"A"
"20153","02950375",18,0,"1",2600,"D",260,"D",.,"A",0,"D",0,"D",300,"D",.,"A",2340,"D",30,"D",.,"A",.,"A",.,"A",.,"A"
"20153","02950385",66,0,"1",1950,"D",260,"D",.,"A",1300,"D",60,"D",.,"A",.,"A",1690,"D",0,"D",.,"A",.,"A",.,"A",.,"A"
"20153","02950515",11,0,"1",1300,"D",295,"F",.,"A",390,"D",0,"D",.,"A",.,"A",1097,"F",0,"D",.,"A",.,"A",.,"A",.,"A"
"20153","02950535",47,0,"1",1300,"D",520,"D",.,"A",130,"D",0,"D",.,"A",.,"A",780,"D",0,"D",.,"A",.,"A",.,"A",.,"A"
"20153","02950555",40,0,"1",2145,"D",520,"D",.,"A",0,"D",0,"D",.,"A",75,"D",1625,"D",0,"D",.,"A",.,"A",.,"A",.,"A"
"20153","02950585",40,0,"1",1300,"D",65,"D",.,"A",260,"D",0,"D",.,"A",.,"A",1235,"D",0,"D",.,"A",.,"A",.,"A",.,"A"
"20153","02950605",104,0,"1",2275,"D",260,"D",520,"D",1105,"D",60,"D",.,"A",.,"A",2015,"D",420,"D",.,"A",.,"A",.,"A",.,"A"
"20153","02950655",22,0,"1",520,"D",130,"D",.,"A",1300,"D",6,"D",.,"A",.,"A",390,"D",6,"D",.,"A",.,"A",.,"A",.,"A"
"20153","02950695",46,0,"1",3900,"D",520,"D",390,"D",1300,"D",0,"D",.,"A",.,"A",3380,"D",30,"D",.,"A",.,"A",.,"A",.,"A"
"20153","02950815",103,0,"1",2613,"D",130,"D",52,"D",1742,"D",60,"D",.,"A",.,"A",2483,"D",240,"D",10,"D",130,"D",.,"A",.,"A"
"20153","02950855",51,0,"1",975,"D",195,"D",.,"A",780,"D",0,"D",.,"A",.,"A",780,"D",0,"D",.,"A",.,"A",.,"A",.,"A"
"20153","02950875",47,0,"1",1690,"D",0,"D",.,"A",260,"D",0,"D",.,"A",.,"A",1690,"D",0,"D",.,"A",.,"A",.,"A",.,"A"
"20153","02950915",72,0,"1",481,"D",0,"D",169,"D",1027,"D",0,"D",.,"A",.,"A",481,"D",0,"D",.,"A",.,"A",.,"A",.,"A"
"20153","02950945",32,0,"1",1300,"D",130,"D",260,"D",910,"D",9,"D",.,"A",.,"A",1170,"D",24,"D",.,"A",.,"A",.,"A",.,"A"
"20153","02950985",31,0,"1",3900,"D",650,"D",.,"A",2600,"D",0,"D",.,"A",.,"A",3250,"D",0,"D",.,"A",.,"A",.,"A",.,"A"
"20153","02951005",29,0,"1",975,"D",195,"D",.,"A",650,"D",0,"D",.,"A",.,"A",780,"D",150,"D",.,"A",.,"A",.,"A",.,"A"
"20153","02951015",21,0,"1",1625,"D",130,"D",.,"A",520,"D",0,"D",.,"A",30,"D",1495,"D",0,"D",.,"A",.,"A",.,"A",.,"A"
"20153","02951045",28,0,"1",975,"D",65,"D",.,"A",0,"D",0,"D",.,"A",.,"A",910,"D",0,"D",5,"D",65,"D",.,"A",.,"A"
"20153","02951055",52,0,"1",1495,"D",260,"D",65,"D",130,"D",0,"D",.,"A",.,"A",1235,"D",0,"D",.,"A",.,"A",.,"A",.,"A"
"20153","02951065",17,0,"1",650,"D",65,"D",.,"A",130,"D",0,"D",.,"A",.,"A",585,"D",180,"D",30,"D",390,"D",.,"A",.,"A"
"20153","02951075",32,0,"1",390,"D",65,"D",.,"A",780,"D",0,"D",.,"A",.,"A",325,"D",0,"D",.,"A",.,"A",.,"A",.,"A"
"20153","02951115",53,0,"1",1690,"D",260,"D",.,"A",260,"D",0,"D",.,"A",.,"A",1430,"D",0,"D",.,"A",.,"A",.,"A",.,"A"
"20153","02951135",35,0,"1",3900,"D",650,"D",130,"D",650,"D",0,"D",.,"A",.,"A",3250,"D",225,"D",.,"A",.,"A",.,"A",.,"A"
"20153","02951185",21,0,"1",2600,"D",650,"D",.,"A",1300,"D",0,"D",.,"A",150,"D",1950,"D",0,"D",.,"A",.,"A",715,"D",55,"D"
"20153","02951205",76,0,"1",3575,"D",325,"D",.,"A",520,"D",60,"D",.,"A",.,"A",3250,"D",6,"D",.,"A",.,"A",.,"A",.,"A"
"20153","02951215",17,0,"1",130,"D",193,"F",.,"A",780,"D",90,"D",.,"A",.,"A",709,"F",0,"D",.,"A",.,"A",.,"A",.,"A"
"20153","02951305",16,0,"1",1170,"D",130,"D",.,"A",104,"D",0,"D",.,"A",.,"A",1040,"D",0,"D",.,"A",.,"A",.,"A",.,"A"
"20153","02951315",25,0,"1",1300,"D",130,"D",.,"A",390,"D",0,"D",.,"A",10,"D",1170,"D",0,"D",15,"D",195,"D",.,"A",.,"A"
"20153","02951355",29,0,"1",650,"D",130,"D",.,"A",390,"D",0,"D",.,"A",.,"A",520,"D",0,"D",.,"A",.,"A",.,"A",.,"A"
"20153","02951385",28,0,"1",780,"D",260,"D",.,"A",520,"D",0,"D",.,"A",.,"A",520,"D",0,"D",.,"A",.,"A",.,"A",.,"A"
"20153","02951435",34,0,"1",1300,"D",130,"D",.,"A",0,"D",0,"D",.,"A",.,"A",1170,"D",300,"D",.,"A",.,"A",.,"A",.,"A"
"20153","02951475",46,0,"1",1950,"D",325,"D",.,"A",481,"D",45,"D",.,"A",.,"A",1625,"D",150,"D",.,"A",.,"A",.,"A",.,"A"
"20153","02951485",43,0,"1",2990,"D",390,"D",.,"A",455,"D",0,"D",.,"A",.,"A",2600,"D",60,"D",50,"D",650,"D",.,"A",.,"A"
"20153","02951505",47,0,"1",1040,"D",130,"D",.,"A",325,"D",0,"D",.,"A",.,"A",910,"D",30,"D",25,"D",325,"D",.,"A",.,"A"
"20153","02951515",26,0,"1",1300,"D",195,"D",.,"A",650,"D",195,"D",.,"A",.,"A",1105,"D",3,"D",.,"A",.,"A",.,"A",.,"A"
"20153","02951615",16,0,"1",1300,"D",264,"F",.,"A",590,"F",0,"D",.,"A",.,"A",801,"F",0,"D",.,"A",.,"A",.,"A",.,"A"
"20153","02951625",13,0,"1",650,"D",130,"D",.,"A",520,"D",0,"D",.,"A",.,"A",520,"D",0,"D",.,"A",.,"A",.,"A",.,"A"
"20153","02951675",42,0,"1",2600,"D",260,"D",.,"A",130,"D",30,"D",.,"A",.,"A",2340,"D",30,"D",.,"A",.,"A",.,"A",.,"A"
"20153","02951745",21,0,"1",1300,"D",260,"D",.,"A",390,"D",0,"D",.,"A",.,"A",1040,"D",0,"D",.,"A",.,"A",.,"A",.,"A"
"20153","02951785",26,0,"1",650,"D",193,"F",.,"A",130,"D",0,"D",.,"A",.,"A",709,"F",0,"D",25,"D",325,"D",.,"A",.,"A"
"20153","02951845",21,0,"1",2600,"D",130,"D",.,"A",0,"D",0,"D",.,"A",.,"A",2470,"D",0,"D",.,"A",.,"A",.,"A",.,"A"
"20153","02951855",56,0,"1",871,"D",65,"D",117,"D",416,"D",0,"D",.,"A",.,"A",806,"D",90,"D",.,"A",.,"A",.,"A",.,"A"
"20153","02951925",24,0,"1",1300,"D",260,"D",.,"A",0,"D",0,"D",.,"A",.,"A",1040,"D",0,"D",.,"A",.,"A",.,"A",.,"A"
"20153","02951935",36,0,"1",1625,"D",520,"D",.,"A",390,"D",0,"D",.,"A",.,"A",1105,"D",0,"D",.,"A",.,"A",.,"A",.,"A"
"20153","02951965",24,0,"1",3900,"D",1300,"D",.,"A",780,"D",0,"D",.,"A",.,"A",2600,"D",0,"D",.,"A",.,"A",.,"A",.,"A"
"20153","02952095",8,0,"1",325,"D",65,"D",.,"A",130,"D",0,"D",.,"A",.,"A",260,"D",60,"D",.,"A",.,"A",.,"A",.,"A"
"20153","02952175",60,0,"1",1300,"D",325,"D",.,"A",1950,"D",150,"D",.,"A",30,"D",975,"D",150,"D",.,"A",.,"A",.,"A",.,"A"
"20153","02952195",34,0,"1",1950,"D",650,"D",260,"D",260,"D",60,"D",.,"A",60,"D",1300,"D",90,"D",.,"A",.,"A",.,"A",.,"A"
"20153","02952215",25,0,"1",1300,"D",325,"D",.,"A",325,"D",0,"D",.,"A",.,"A",975,"D",75,"D",.,"A",.,"A",.,"A",.,"A"
"20153","02952225",85,0,"1",1300,"D",130,"D",130,"D",1300,"D",0,"D",.,"A",.,"A",1170,"D",75,"D",.,"A",.,"A",.,"A",.,"A"
"20153","02952235",35,0,"1",1300,"D",130,"D",.,"A",650,"D",0,"D",.,"A",.,"A",1170,"D",0,"D",.,"A",.,"A",.,"A",.,"A"
"20153","02952255",36,0,"1",2232,"F",.,"A",.,"A",799,"F",127,"F",.,"A",.,"A",1866,"F",120,"F",.,"A",.,"A",.,"A",.,"A"
"20153","02952305",45,0,"1",1625,"D",130,"D",.,"A",1300,"D",0,"D",.,"A",.,"A",1495,"D",0,"D",.,"A",.,"A",.,"A",.,"A"
"20153","02952335",33,0,"1",1300,"D",260,"D",.,"A",325,"D",0,"D",.,"A",.,"A",1040,"D",0,"D",.,"A",.,"A",.,"A",.,"A"
"20153","02952345",27,0,"1",1755,"D",130,"D",.,"A",1300,"D",0,"D",.,"A",.,"A",1625,"D",120,"D",.,"A",.,"A",.,"A",.,"A"
"20153","02952385",26,0,"1",390,"D",130,"D",.,"A",130,"D",0,"D",.,"A",.,"A",260,"D",0,"D",.,"A",.,"A",.,"A",.,"A"
"20153","02952445",61,0,"1",2275,"D",390,"D",.,"A",0,"D",0,"D",.,"A",.,"A",1885,"D",0,"D",.,"A",.,"A",.,"A",.,"A"
"20153","02952495",44,0,"1",936,"D",195,"D",.,"A",78,"D",0,"D",.,"A",.,"A",741,"D",0,"D",130,"D",1690,"D",52,"D",4,"D"
"20153","02952535",56,0,"1",1950,"D",455,"D",650,"D",1040,"D",6,"D",.,"A",360,"D",1495,"D",6,"D",.,"A",.,"A",.,"A",.,"A"
"20153","02952615",28,0,"1",2470,"D",260,"D",.,"A",520,"D",0,"D",650,"D",.,"A",2210,"D",0,"D",.,"A",.,"A",.,"A",.,"A"
"20153","02952625",29,0,"1",1625,"D",325,"D",.,"A",650,"D",0,"D",.,"A",.,"A",1300,"D",0,"D",.,"A",.,"A",.,"A",.,"A"
"20153","02952705",44,0,"1",650,"D",130,"D",.,"A",650,"D",0,"D",.,"A",.,"A",520,"D",0,"D",.,"A",.,"A",.,"A",.,"A"
"20153","02952725",21,0,"1",650,"D",65,"D",.,"A",0,"D",0,"D",.,"A",.,"A",585,"D",0,"D",.,"A",.,"A",.,"A",.,"A"
"20153","02952755",19,0,"1",780,"D",130,"D",.,"A",0,"D",0,"D",.,"A",.,"A",650,"D",0,"D",.,"A",.,"A",.,"A",.,"A"
"20153","02952795",56,0,"1",975,"D",260,"D",.,"A",260,"D",0,"D",.,"A",.,"A",715,"D",0,"D",.,"A",.,"A",.,"A",.,"A"
"20153","02952995",32,0,"1",2275,"D",195,"D",.,"A",195,"D",0,"D",.,"A",.,"A",2080,"D",0,"D",.,"A",.,"A",.,"A",.,"A"
"20153","02953105",29,0,"1",650,"D",0,"D",.,"A",650,"D",0,"D",.,"A",.,"A",650,"D",0,"D",.,"A",.,"A",.,"A",.,"A"
"20153","02953115",16,0,"1",650,"D",0,"D",.,"A",390,"D",121,"F",.,"A",.,"A",650,"D",92,"F",.,"A",.,"A",.,"A",.,"A"
"20153","02953195",58,0,"1",1950,"D",260,"D",.,"A",130,"D",180,"D",.,"A",.,"A",1690,"D",180,"D",6,"D",78,"D",.,"A",.,"A"
"20153","02953225",33,0,"1",1950,"D",520,"D",.,"A",1300,"D",0,"D",.,"A",15,"D",1430,"D",240,"D",.,"A",.,"A",.,"A",.,"A"
"20153","02953275",29,0,"1",975,"D",130,"D",.,"A",195,"D",0,"D",.,"A",.,"A",845,"D",0,"D",.,"A",.,"A",.,"A",.,"A"
"20153","02953285",47,0,"1",1300,"D",65,"D",598,"D",3250,"D",600,"D",.,"A",.,"A",1235,"D",105,"D",.,"A",.,"A",.,"A",.,"A"
"20153","02953335",47,0,"1",2600,"D",650,"D",.,"A",0,"D",0,"D",.,"A",.,"A",1950,"D",75,"D",.,"A",.,"A",.,"A",.,"A"
"20153","02953435",49,0,"1",780,"D",130,"D",.,"A",0,"D",0,"D",.,"A",.,"A",650,"D",0,"D",.,"A",.,"A",.,"A",.,"A"
"20153","02953445",22,0,"1",1300,"D",390,"D",.,"A",390,"D",0,"D",.,"A",.,"A",910,"D",0,"D",.,"A",.,"A",.,"A",.,"A"
"20153","02953485",56,0,"1",975,"D",130,"D",.,"A",260,"D",60,"D",.,"A",.,"A",845,"D",120,"D",.,"A",.,"A",.,"A",.,"A"
"20153","02953515",40,0,"1",1950,"D",650,"D",975,"D",839,"F",0,"D",.,"A",.,"A",1300,"D",0,"D",.,"A",.,"A",.,"A",.,"A"
"20153","02953555",29,0,"1",1625,"D",650,"D",.,"A",0,"D",0,"D",.,"A",.,"A",975,"D",75,"D",.,"A",.,"A",.,"A",.,"A"
"20153","02953615",27,0,"1",1300,"D",0,"D",260,"D",260,"D",0,"D",.,"A",.,"A",1300,"D",30,"D",.,"A",.,"A",.,"A",.,"A"
"20153","02953635",34,0,"1",1950,"D",260,"D",260,"D",1300,"D",150,"D",.,"A",.,"A",1690,"D",300,"D",.,"A",.,"A",.,"A",.,"A"
"20153","02953645",17,0,"1",585,"D",78,"D",.,"A",390,"D",60,"D",.,"A",.,"A",507,"D",60,"D",.,"A",.,"A",.,"A",.,"A"
"20153","02953655",39,0,"1",455,"D",65,"D",195,"D",0,"D",0,"D",.,"A",.,"A",390,"D",0,"D",.,"A",.,"A",.,"A",.,"A"
"20153","02953755",21,0,"1",390,"D",13,"D",.,"A",13,"D",0,"D",180,"D",.,"A",377,"D",0,"D",.,"A",.,"A",.,"A",.,"A"
"20153","02953935",23,0,"1",520,"D",130,"D",.,"A",715,"D",0,"D",.,"A",.,"A",390,"D",0,"D",.,"A",.,"A",.,"A",.,"A"
"20153","02953985",28,0,"1",1950,"D",650,"D",.,"A",0,"D",0,"D",.,"A",.,"A",1300,"D",450,"D",25,"D",325,"D",.,"A",.,"A"
"20153","02954085",41,0,"1",3250,"D",650,"D",.,"A",520,"D",0,"D",.,"A",.,"A",2600,"D",0,"D",.,"A",.,"A",.,"A",.,"A"
"20153","02954095",46,0,"1",1560,"D",0,"D",.,"A",728,"D",0,"D",.,"A",.,"A",1560,"D",0,"D",.,"A",.,"A",.,"A",.,"A"
"20153","02954115",63,0,"1",3900,"D",1300,"D",.,"A",325,"D",300,"D",.,"A",.,"A",2600,"D",300,"D",.,"A",.,"A",.,"A",.,"A"
"20153","02954165",43,0,"1",1625,"D",195,"D",.,"A",1950,"D",0,"D",.,"A",.,"A",1430,"D",0,"D",.,"A",.,"A",.,"A",.,"A"
"20153","02954245",34,0,"1",1950,"D",130,"D",.,"A",1040,"D",0,"D",.,"A",.,"A",1820,"D",0,"D",.,"A",.,"A",.,"A",.,"A"
"20153","02954295",37,0,"1",3250,"D",0,"D",.,"A",390,"D",0,"D",.,"A",.,"A",3250,"D",0,"D",.,"A",.,"A",.,"A",.,"A"
"20153","02954365",17,0,"1",1300,"D",234,"D",.,"A",0,"D",6,"D",.,"A",.,"A",1066,"D",45,"D",.,"A",.,"A",.,"A",.,"A"
"20153","02954375",39,0,"1",1040,"D",260,"D",.,"A",650,"D",0,"D",.,"A",.,"A",780,"D",0,"D",.,"A",.,"A",.,"A",.,"A"
"20153","02954385",33,0,"1",910,"D",0,"D",195,"D",0,"D",0,"D",.,"A",.,"A",910,"D",0,"D",.,"A",.,"A",.,"A",.,"A"
"20153","02954405",16,0,"1",130,"D",0,"D",.,"A",130,"D",0,"D",.,"A",.,"A",130,"D",0,"D",.,"A",.,"A",.,"A",.,"A"
"20153","02954445",28,0,"1",780,"D",104,"D",.,"A",130,"D",0,"D",.,"A",.,"A",676,"D",0,"D",.,"A",.,"A",.,"A",.,"A"
"20153","02954495",28,0,"1",2275,"D",325,"D",.,"A",975,"D",0,"D",.,"A",.,"A",1950,"D",0,"D",.,"A",.,"A",.,"A",.,"A"
"20153","02954525",32,0,"1",0,"D",.,"A",650,"D",650,"D",6,"D",.,"A",.,"A",0,"D",6,"D",.,"A",.,"A",.,"A",.,"A"
"20153","02954535",47,0,"1",1300,"D",260,"D",650,"D",650,"D",300,"D",.,"A",.,"A",1040,"D",300,"D",.,"A",.,"A",.,"A",.,"A"
"20153","02954595",26,0,"1",650,"D",65,"D",.,"A",325,"D",45,"D",.,"A",.,"A",585,"D",60,"D",.,"A",.,"A",.,"A",.,"A"
"20153","02954615",25,0,"1",1820,"D",0,"D",260,"D",1560,"D",0,"D",.,"A",.,"A",1820,"D",0,"D",.,"A",.,"A",.,"A",.,"A"
"20153","02954635",25,0,"1",520,"D",260,"D",65,"D",0,"D",6,"D",.,"A",.,"A",260,"D",6,"D",.,"A",.,"A",.,"A",.,"A"
"20153","02954675",50,0,"1",1300,"D",65,"D",.,"A",455,"D",0,"D",.,"A",218,"D",1235,"D",30,"D",.,"A",.,"A",.,"A",.,"A"
"20153","02954705",53,0,"1",2340,"D",260,"D",.,"A",1300,"D",0,"D",.,"A",16,"D",2080,"D",90,"D",.,"A",.,"A",.,"A",.,"A"
"20153","02954795",57,0,"1",1768,"D",234,"D",.,"A",741,"D",0,"D",.,"A",.,"A",1534,"D",0,"D",.,"A",.,"A",.,"A",.,"A"
"20153","02954855",28,0,"1",1300,"D",260,"D",.,"A",650,"D",0,"D",.,"A",.,"A",1040,"D",60,"D",10,"D",130,"D",.,"A",.,"A"
"20153","02954905",57,0,"1",650,"D",65,"D",.,"A",130,"D",0,"D",.,"A",.,"A",585,"D",0,"D",.,"A",.,"A",.,"A",.,"A"
"20153","02954965",11,0,"1",390,"D",0,"D",.,"A",260,"D",0,"D",.,"A",.,"A",390,"D",0,"D",.,"A",.,"A",.,"A",.,"A"
"20153","02954975",36,0,"1",1300,"D",195,"D",.,"A",910,"D",150,"D",.,"A",.,"A",1105,"D",60,"D",20,"D",260,"D",.,"A",.,"A"
"20153","02955005",16,0,"1",650,"D",104,"D",.,"A",0,"D",0,"D",.,"A",.,"A",546,"D",0,"D",.,"A",.,"A",.,"A",.,"A"
"20153","02955115",37,0,"1",1300,"D",260,"D",130,"D",260,"D",120,"D",.,"A",.,"A",1040,"D",0,"D",.,"A",.,"A",.,"A",.,"A"
"20153","02955125",47,0,"1",1300,"D",130,"D",.,"A",975,"D",21,"D",.,"A",.,"A",1170,"D",75,"D",.,"A",.,"A",.,"A",.,"A"
"20153","02955175",14,0,"1",650,"D",0,"D",.,"A",0,"D",0,"D",.,"A",.,"A",650,"D",0,"D",.,"A",.,"A",.,"A",.,"A"
"20153","02955375",15,0,"1",1950,"D",335,"F",.,"A",757,"F",162,"F",.,"A",.,"A",1315,"F",175,"F",.,"A",.,"A",.,"A",.,"A"
"20153","02955395",21,0,"1",910,"D",65,"D",390,"D",0,"D",0,"D",.,"A",.,"A",845,"D",0,"D",35,"D",455,"D",.,"A",.,"A"
"20153","02955405",29,0,"1",520,"D",130,"D",.,"A",0,"D",0,"D",.,"A",.,"A",390,"D",60,"D",.,"A",.,"A",.,"A",.,"A"
"20153","02955475",26,0,"1",1430,"D",520,"D",260,"D",195,"D",0,"D",.,"A",.,"A",910,"D",45,"D",.,"A",.,"A",.,"A",.,"A"
"20153","02955525",30,0,"1",3250,"D",130,"D",.,"A",0,"D",0,"D",.,"A",.,"A",3120,"D",0,"D",.,"A",.,"A",.,"A",.,"A"
"20153","02955665",34,0,"1",780,"D",130,"D",.,"A",0,"D",0,"D",.,"A",18,"D",650,"D",0,"D",.,"A",.,"A",.,"A",.,"A"
"20153","02955745",35,0,"1",1950,"D",0,"D",.,"A",650,"D",0,"D",.,"A",.,"A",1950,"D",0,"D",.,"A",.,"A",.,"A",.,"A"
"20153","02955815",17,0,"1",1300,"D",336,"F",.,"A",0,"D",0,"D",.,"A",.,"A",1366,"F",0,"D",.,"A",.,"A",.,"A",.,"A"
"20153","02955835",27,0,"1",1105,"D",260,"D",.,"A",650,"D",0,"D",.,"A",.,"A",845,"D",0,"D",.,"A",.,"A",.,"A",.,"A"
"20153","02955905",20,0,"1",650,"D",260,"D",.,"A",0,"D",0,"D",.,"A",.,"A",390,"D",0,"D",.,"A",.,"A",.,"A",.,"A"
"20153","02955935",35,0,"1",1625,"D",260,"D",.,"A",650,"D",0,"D",.,"A",.,"A",1365,"D",60,"D",.,"A",.,"A",.,"A",.,"A"
"20153","02966824",56,0,"1",3250,"D",0,"D",650,"D",1950,"D",0,"D",.,"A",360,"D",3250,"D",0,"D",.,"A",.,"A",.,"A",.,"A"
"20153","02966844",32,0,"1",325,"D",0,"D",.,"A",130,"D",15,"D",.,"A",.,"A",325,"D",0,"D",.,"A",.,"A",.,"A",.,"A"
"20153","02966874",21,0,"1",975,"D",130,"D",.,"A",1820,"D",0,"D",.,"A",.,"A",845,"D",0,"D",.,"A",.,"A",.,"A",.,"A"
"20153","02966914",32,0,"1",2600,"D",325,"D",.,"A",975,"D",300,"D",.,"A",.,"A",2275,"D",600,"D",.,"A",.,"A",.,"A",.,"A"
"20153","02966924",37,0,"1",325,"D",130,"D",.,"A",650,"D",0,"D",.,"A",.,"A",195,"D",30,"D",.,"A",.,"A",.,"A",.,"A"
"20153","02966944",23,0,"1",390,"D",39,"D",.,"A",390,"D",150,"D",.,"A",.,"A",351,"D",150,"D",.,"A",.,"A",.,"A",.,"A"
"20153","02966954",35,0,"1",1827,"F",.,"A",325,"D",0,"D",0,"D",.,"A",.,"A",1438,"F",0,"D",.,"A",.,"A",.,"A",.,"A"
"20153","02966964",23,0,"1",2275,"D",325,"D",.,"A",3250,"D",105,"D",.,"A",.,"A",1950,"D",300,"D",.,"A",.,"A",.,"A",.,"A"
"20153","02966974",57,0,"1",780,"D",195,"D",.,"A",520,"D",6,"D",.,"A",.,"A",585,"D",6,"D",.,"A",.,"A",.,"A",.,"A"
"20153","02966994",75,0,"1",2600,"D",650,"D",.,"A",650,"D",0,"D",.,"A",.,"A",1950,"D",0,"D",.,"A",.,"A",.,"A",.,"A"
"20153","02967014",50,0,"1",1950,"D",390,"D",.,"A",780,"D",90,"D",.,"A",.,"A",1560,"D",300,"D",.,"A",.,"A",.,"A",.,"A"
"20153","02967024",30,0,"1",1625,"D",335,"F",.,"A",195,"D",0,"D",.,"A",.,"A",1315,"F",45,"D",.,"A",.,"A",.,"A",.,"A"
"20153","02967034",74,0,"1",5200,"D",0,"D",.,"A",1300,"D",0,"D",.,"A",.,"A",5200,"D",0,"D",.,"A",.,"A",.,"A",.,"A"
"20153","02967054",71,0,"1",2405,"D",650,"D",.,"A",780,"D",0,"D",.,"A",110,"D",1755,"D",0,"D",.,"A",.,"A",.,"A",.,"A"
"20153","02967074",33,0,"1",1430,"D",130,"D",.,"A",0,"D",0,"D",.,"A",.,"A",1300,"D",0,"D",.,"A",.,"A",.,"A",.,"A"
"20153","02967144",49,0,"1",1950,"D",455,"D",65,"D",650,"D",0,"D",.,"A",.,"A",1495,"D",0,"D",.,"A",.,"A",.,"A",.,"A"
"20153","02967224",32,0,"1",1950,"D",650,"D",520,"D",1560,"D",6,"D",.,"A",85,"F",1300,"D",6,"D",.,"A",.,"A",.,"A",.,"A"
"20153","02967234",22,0,"1",1950,"D",0,"D",413,"F",650,"D",245,"F",.,"A",.,"A",1950,"D",300,"D",.,"A",.,"A",.,"A",.,"A"
"20153","02967284",19,0,"1",1430,"D",211,"F",313,"F",0,"D",121,"F",.,"A",.,"A",741,"F",92,"F",.,"A",.,"A",.,"A",.,"A"
"20153","02967294",58,0,"1",1430,"D",130,"D",.,"A",650,"D",90,"D",.,"A",.,"A",1300,"D",75,"D",.,"A",.,"A",.,"A",.,"A"
"20153","02967354",13,0,"1",520,"D",65,"D",130,"D",325,"D",60,"D",.,"A",.,"A",455,"D",60,"D",.,"A",.,"A",.,"A",.,"A"
"20153","02967384",15,0,"1",975,"D",65,"D",.,"A",650,"D",0,"D",.,"A",.,"A",910,"D",0,"D",.,"A",.,"A",.,"A",.,"A"
"20153","02967474",27,0,"1",1300,"D",130,"D",.,"A",260,"D",0,"D",.,"A",.,"A",1170,"D",0,"D",.,"A",.,"A",.,"A",.,"A"
"20153","02967484",7,0,"1",919,"F",.,"A",.,"A",0,"D",0,"D",.,"A",.,"A",741,"F",0,"D",.,"A",.,"A",.,"A",.,"A"
"20153","02967734",46,0,"1",2600,"D",156,"D",.,"A",650,"D",0,"D",130,"D",0,"D",2444,"D",0,"D",.,"A",.,"A",.,"A",.,"A"
"20153","02967744",12,0,"1",520,"D",0,"D",.,"A",130,"D",0,"D",.,"A",.,"A",520,"D",0,"D",.,"A",.,"A",.,"A",.,"A"
"20153","02967754",67,0,"1",1300,"D",325,"D",.,"A",650,"D",0,"D",.,"A",.,"A",975,"D",30,"D",.,"A",.,"A",.,"A",.,"A"
"20153","02967854",14,0,"1",780,"D",130,"D",.,"A",0,"D",0,"D",.,"A",.,"A",650,"D",0,"D",3,"D",39,"D",.,"A",.,"A"
"20153","02967864",15,0,"1",1950,"D",130,"D",.,"A",0,"D",0,"D",.,"A",.,"A",1820,"D",0,"D",.,"A",.,"A",.,"A",.,"A"
"20153","02967874",62,0,"1",1300,"D",0,"D",130,"D",585,"D",75,"D",.,"A",.,"A",1300,"D",15,"D",.,"A",.,"A",.,"A",.,"A"
"20153","02967884",30,0,"1",2600,"D",650,"D",.,"A",0,"D",0,"D",.,"A",.,"A",1950,"D",0,"D",.,"A",.,"A",.,"A",.,"A"
"20153","02967914",17,0,"1",260,"D",0,"D",.,"A",65,"D",15,"D",.,"A",.,"A",260,"D",15,"D",.,"A",.,"A",.,"A",.,"A"
"20153","02967954",17,0,"1",1950,"D",195,"D",.,"A",0,"D",0,"D",.,"A",.,"A",1755,"D",0,"D",.,"A",.,"A",.,"A",.,"A"
"20153","02967964",57,0,"1",1612,"D",312,"D",.,"A",650,"D",30,"D",.,"A",.,"A",1300,"D",60,"D",.,"A",.,"A",.,"A",.,"A"
"20153","02967984",15,0,"1",1300,"D",195,"D",.,"A",0,"D",0,"D",.,"A",.,"A",1105,"D",0,"D",.,"A",.,"A",.,"A",.,"A"
"20153","02968054",26,0,"1",1040,"D",585,"D",.,"A",0,"D",0,"D",.,"A",.,"A",455,"D",180,"D",.,"A",.,"A",.,"A",.,"A"
"20153","02968064",21,0,"1",1300,"D",520,"D",.,"A",390,"D",0,"D",.,"A",.,"A",780,"D",0,"D",.,"A",.,"A",.,"A",.,"A"
"20153","02968104",51,0,"1",1625,"D",260,"D",.,"A",520,"D",0,"D",.,"A",.,"A",1365,"D",60,"D",.,"A",.,"A",.,"A",.,"A"
"20153","02968114",20,0,"1",1950,"D",0,"D",.,"A",260,"D",0,"D",.,"A",.,"A",1950,"D",0,"D",.,"A",.,"A",.,"A",.,"A"
"20153","02968134",25,0,"1",1300,"D",260,"D",455,"D",0,"D",0,"D",.,"A",.,"A",1040,"D",0,"D",40,"D",520,"D",.,"A",.,"A"
"20153","02968164",15,0,"1",2600,"D",390,"D",.,"A",130,"D",0,"D",.,"A",.,"A",2210,"D",0,"D",.,"A",.,"A",.,"A",.,"A"
"20153","02968174",52,0,"1",3250,"D",260,"D",390,"D",1300,"D",60,"D",.,"A",.,"A",2990,"D",30,"D",.,"A",.,"A",.,"A",.,"A"
"20153","02968194",44,0,"1",2600,"D",650,"D",130,"D",1170,"D",0,"D",.,"A",.,"A",1950,"D",150,"D",.,"A",.,"A",65,"D",5,"D"
"20153","02968214",37,0,"1",1625,"D",417,"F",.,"A",2600,"D",232,"F",.,"A",.,"A",1479,"F",450,"D",.,"A",.,"A",.,"A",.,"A"
"20153","02968234",22,0,"1",780,"D",65,"D",.,"A",0,"D",0,"D",.,"A",.,"A",715,"D",0,"D",.,"A",.,"A",.,"A",.,"A"
"20153","02968264",36,0,"1",4550,"D",650,"D",.,"A",1300,"D",0,"D",.,"A",360,"D",3900,"D",0,"D",.,"A",.,"A",.,"A",.,"A"
"20153","02968274",16,0,"1",650,"D",130,"D",.,"A",260,"D",0,"D",.,"A",.,"A",520,"D",0,"D",.,"A",.,"A",.,"A",.,"A"
"20153","02968374",18,0,"1",1950,"D",325,"D",260,"D",260,"D",0,"D",.,"A",142,"D",1625,"D",30,"D",22,"D",286,"D",.,"A",.,"A"
"20153","02968424",44,0,"1",1950,"D",390,"D",.,"A",650,"D",0,"D",.,"A",.,"A",1560,"D",140,"F",.,"C",444,"F",.,"A",.,"A"
"20153","02968464",40,0,"1",1040,"D",130,"D",.,"A",0,"D",0,"D",.,"A",.,"A",910,"D",0,"D",.,"A",.,"A",.,"A",.,"A"
"20153","02968504",71,0,"1",2600,"D",650,"D",.,"A",650,"D",0,"D",.,"A",.,"A",1950,"D",0,"D",.,"A",.,"A",.,"A",.,"A"
"20153","02968524",23,0,"1",1300,"D",130,"D",.,"A",260,"D",0,"D",.,"A",.,"A",1170,"D",0,"D",.,"A",.,"A",.,"A",.,"A"
"20153","02968544",40,0,"1",650,"D",130,"D",.,"A",325,"D",0,"D",.,"A",.,"A",520,"D",0,"D",.,"A",.,"A",.,"A",.,"A"
"20153","02968674",45,0,"1",1300,"D",195,"D",.,"A",260,"D",0,"D",.,"A",.,"A",1105,"D",60,"D",.,"A",.,"A",.,"A",.,"A"
"20153","02968684",29,0,"1",650,"D",39,"D",.,"A",1105,"D",274,"F",.,"A",.,"A",611,"D",75,"D",.,"A",.,"A",.,"A",.,"A"
"20153","02968764",37,0,"1",1625,"D",130,"D",.,"A",325,"D",6,"D",.,"A",.,"A",1495,"D",6,"D",.,"A",.,"A",.,"A",.,"A"
"20153","02968804",32,0,"1",2210,"D",260,"D",.,"A",0,"D",0,"D",.,"A",.,"A",1950,"D",0,"D",.,"A",.,"A",.,"A",.,"A"
"20153","02968884",31,0,"1",1755,"D",195,"D",.,"A",325,"D",0,"D",.,"A",.,"A",1560,"D",0,"D",.,"A",.,"A",.,"A",.,"A"
"20153","02968924",38,0,"1",845,"D",130,"D",.,"A",585,"D",0,"D",.,"A",.,"A",715,"D",0,"D",.,"A",.,"A",.,"A",.,"A"
"20153","02968944",10,0,"1",910,"D",0,"D",.,"A",0,"D",0,"D",.,"A",.,"A",910,"D",0,"D",35,"D",455,"D",.,"A",.,"A"
"20153","02968954",40,0,"1",975,"D",195,"D",.,"A",0,"D",0,"D",.,"A",.,"A",780,"D",0,"D",.,"A",.,"A",.,"A",.,"A"
"20153","02968964",75,0,"1",2210,"D",325,"D",.,"A",650,"D",0,"D",.,"A",342,"D",1885,"D",0,"D",.,"A",.,"A",.,"A",.,"A"
"20153","02968984",25,0,"1",650,"D",0,"D",.,"A",260,"D",0,"D",.,"A",.,"A",650,"D",0,"D",.,"A",.,"A",.,"A",.,"A"
"20153","02969024",25,0,"1",780,"D",130,"D",195,"D",520,"D",0,"D",.,"A",.,"A",650,"D",0,"D",.,"A",.,"A",.,"A",.,"A"
"20153","02969064",35,0,"1",2600,"D",260,"D",.,"A",390,"D",0,"D",.,"A",.,"A",2340,"D",0,"D",.,"A",.,"A",.,"A",.,"A"
"20153","02969084",29,0,"1",1560,"D",0,"D",.,"A",5200,"D",900,"D",.,"A",.,"A",1560,"D",33,"D",.,"A",.,"A",.,"A",.,"A"
"20153","02969104",12,0,"1",1040,"D",195,"D",.,"A",325,"D",0,"D",.,"A",.,"A",845,"D",0,"D",.,"A",.,"A",.,"A",.,"A"
"20153","02969124",37,0,"1",1950,"D",650,"D",.,"A",650,"D",0,"D",.,"A",.,"A",1300,"D",0,"D",30,"D",390,"D",.,"A",.,"A"
"20153","02969314",21,0,"1",1690,"D",0,"D",780,"D",0,"D",0,"D",.,"A",.,"A",1690,"D",0,"D",.,"A",.,"A",455,"D",35,"D"
"20153","02969334",51,0,"1",1950,"D",1300,"D",.,"A",975,"D",0,"D",.,"A",.,"A",650,"D",0,"D",.,"A",.,"A",259,"F",.,"C"
"20153","02969374",31,0,"1",650,"D",0,"D",.,"A",650,"D",0,"D",.,"A",.,"A",650,"D",0,"D",.,"A",.,"A",.,"A",.,"A"
"20153","02969484",43,0,"1",1300,"D",260,"D",650,"D",650,"D",0,"D",.,"A",.,"A",1040,"D",90,"D",.,"A",.,"A",.,"A",.,"A"
"20153","02969504",20,0,"1",650,"D",260,"D",.,"A",0,"D",0,"D",.,"A",.,"A",390,"D",0,"D",.,"A",.,"A",.,"A",.,"A"
"20153","02969634",20,0,"1",1040,"D",130,"D",.,"A",0,"D",0,"D",.,"A",.,"A",910,"D",90,"D",.,"A",.,"A",.,"A",.,"A"
"20153","02969664",86,0,"1",1950,"D",390,"D",325,"D",3900,"D",900,"D",.,"A",.,"A",1560,"D",750,"D",.,"A",.,"A",.,"A",.,"A"
"20153","02969674",64,0,"1",1716,"D",182,"D",.,"A",13,"D",0,"D",.,"A",.,"A",1534,"D",6,"D",.,"A",.,"A",.,"A",.,"A"
"20153","02969694",43,0,"1",780,"D",0,"D",.,"A",325,"D",0,"D",.,"A",.,"A",780,"D",0,"D",.,"A",.,"A",.,"A",.,"A"
"20153","02969714",30,0,"1",3250,"D",650,"D",.,"A",325,"D",0,"D",.,"A",.,"A",2600,"D",0,"D",.,"A",.,"A",.,"A",.,"A"
"20153","02969774",44,0,"1",650,"D",130,"D",.,"A",2600,"D",0,"D",.,"A",.,"A",520,"D",0,"D",15,"D",195,"D",.,"A",.,"A"
"20153","02969794",39,0,"1",1625,"D",325,"D",.,"A",325,"D",75,"D",.,"A",.,"A",1300,"D",300,"D",.,"A",.,"A",.,"A",.,"A"
"20153","02969854",29,0,"1",1040,"D",0,"D",.,"A",260,"D",0,"D",.,"A",.,"A",1040,"D",0,"D",.,"A",.,"A",.,"A",.,"A"
"20153","02969894",34,0,"1",1950,"D",390,"D",.,"A",0,"D",0,"D",.,"A",.,"A",1560,"D",0,"D",.,"A",.,"A",.,"A",.,"A"
"20153","02969904",81,0,"1",1950,"D",650,"D",130,"D",1300,"D",450,"D",.,"A",258,"D",1300,"D",300,"D",.,"A",.,"A",.,"A",.,"A"
"20153","02969934",41,0,"1",975,"D",130,"D",.,"A",78,"D",0,"D",.,"A",.,"A",845,"D",0,"D",.,"A",.,"A",.,"A",.,"A"
"20153","02969964",41,0,"1",975,"D",325,"D",.,"A",650,"D",150,"D",.,"A",.,"A",650,"D",0,"D",.,"A",.,"A",.,"A",.,"A"
"20153","02969974",54,0,"1",1105,"D",130,"D",.,"A",520,"D",0,"D",.,"A",.,"A",975,"D",0,"D",.,"A",.,"A",.,"A",.,"A"
"20153","02970014",18,0,"1",1300,"D",195,"D",91,"D",195,"D",0,"D",.,"A",.,"A",1105,"D",0,"D",.,"A",.,"A",.,"A",.,"A"
"20153","02970024",39,0,"1",1300,"D",260,"D",.,"A",1300,"D",300,"D",.,"A",.,"A",1040,"D",0,"D",.,"A",.,"A",.,"A",.,"A"
"20153","02970034",40,0,"1",3900,"D",520,"D",.,"A",780,"D",0,"D",.,"A",.,"A",3380,"D",0,"D",40,"D",520,"D",.,"A",.,"A"
"20153","02970054",62,0,"1",780,"D",195,"D",.,"A",130,"D",0,"D",.,"A",.,"A",585,"D",0,"D",.,"A",.,"A",.,"A",.,"A"
"20153","02970104",28,0,"1",0,"D",.,"A",.,"A",0,"D",0,"D",.,"A",.,"A",0,"D",0,"D",105,"D",1365,"D",.,"A",.,"A"
"20153","02970124",29,0,"1",1560,"D",520,"D",.,"A",1300,"D",120,"D",.,"A",.,"A",1040,"D",150,"D",.,"A",.,"A",.,"A",.,"A"
"20153","02970144",30,0,"1",780,"D",195,"D",.,"A",325,"D",0,"D",.,"A",.,"A",585,"D",0,"D",.,"A",.,"A",.,"A",.,"A"
"20153","02970154",51,0,"1",2600,"D",260,"D",.,"A",1300,"D",150,"D",.,"A",.,"A",2340,"D",600,"D",.,"A",.,"A",.,"A",.,"A"
"20153","02970174",25,0,"1",650,"D",130,"D",.,"A",0,"D",0,"D",.,"A",.,"A",520,"D",0,"D",98,"D",1274,"D",.,"A",.,"A"
"20153","02970194",17,0,"1",520,"D",0,"D",.,"A",975,"D",0,"D",.,"A",.,"A",520,"D",0,"D",.,"A",.,"A",.,"A",.,"A"
"20153","02970244",27,0,"1",910,"D",195,"D",390,"D",260,"D",0,"D",.,"A",.,"A",715,"D",0,"D",.,"A",.,"A",.,"A",.,"A"
"20153","02970254",35,0,"1",1105,"D",130,"D",.,"A",260,"D",0,"D",.,"A",.,"A",975,"D",0,"D",.,"A",.,"A",.,"A",.,"A"
"20153","02970304",30,0,"1",2080,"D",260,"D",.,"A",650,"D",60,"D",.,"A",.,"A",1820,"D",144,"D",.,"A",.,"A",.,"A",.,"A"
"20153","02970324",64,0,"1",3250,"D",169,"D",.,"A",1235,"D",0,"D",.,"A",.,"A",3081,"D",30,"D",.,"A",.,"A",.,"A",.,"A"
"20153","02970384",26,0,"1",1300,"D",130,"D",.,"A",0,"D",0,"D",.,"A",.,"A",1170,"D",0,"D",.,"A",.,"A",.,"A",.,"A"
"20153","02970394",19,0,"1",919,"F",.,"A",.,"A",604,"F",0,"D",.,"A",.,"A",741,"F",0,"D",.,"A",.,"A",.,"A",.,"A"
"20153","02970404",37,0,"1",2600,"D",650,"D",.,"A",650,"D",0,"D",.,"A",.,"A",1950,"D",150,"D",.,"A",.,"A",.,"A",.,"A"
"20153","02970424",68,0,"1",4160,"D",78,"D",260,"D",2600,"D",0,"D",.,"A",120,"D",4082,"D",18,"D",.,"A",.,"A",.,"A",.,"A"
"20153","02970474",81,0,"1",2600,"D",455,"D",.,"A",1690,"D",0,"D",.,"A",.,"A",2145,"D",180,"D",.,"A",.,"A",.,"A",.,"A"
"20153","02970554",33,0,"1",650,"D",130,"D",.,"A",208,"D",6,"D",.,"A",.,"A",520,"D",6,"D",.,"A",.,"A",.,"A",.,"A"
"20153","02970574",19,0,"1",975,"D",195,"D",.,"A",1625,"D",225,"D",.,"A",.,"A",780,"D",0,"D",.,"A",.,"A",.,"A",.,"A"
"20153","02970584",73,0,"1",3250,"D",325,"D",.,"A",1300,"D",150,"D",.,"A",.,"A",2925,"D",0,"D",.,"A",.,"A",.,"A",.,"A"
"20153","02970604",22,0,"1",1950,"D",650,"D",.,"A",169,"D",0,"D",.,"A",.,"A",1300,"D",0,"D",20,"D",260,"D",.,"A",.,"A"
"20153","02970684",35,0,"1",1300,"D",390,"D",520,"D",780,"D",180,"D",.,"A",.,"A",910,"D",60,"D",.,"A",.,"A",.,"A",.,"A"
"20153","02970714",67,0,"1",2925,"D",325,"D",.,"A",260,"D",0,"D",.,"A",.,"A",2600,"D",120,"D",.,"A",.,"A",.,"A",.,"A"
"20153","02970744",74,0,"1",2600,"D",650,"D",.,"A",2600,"D",0,"D",.,"A",.,"A",1950,"D",0,"D",.,"A",.,"A",.,"A",.,"A"
"20153","02970754",51,0,"1",2600,"D",650,"D",.,"A",1300,"D",0,"D",.,"A",.,"A",1950,"D",0,"D",.,"A",.,"A",.,"A",.,"A"
"20153","02970774",39,0,"1",1300,"D",0,"D",.,"A",1300,"D",150,"D",.,"A",.,"A",1300,"D",150,"D",.,"A",.,"A",.,"A",.,"A"
"20153","02970784",44,0,"1",1430,"D",130,"D",.,"A",975,"D",0,"D",.,"A",.,"A",1300,"D",240,"D",.,"A",.,"A",.,"A",.,"A"
"20153","02970824",11,0,"1",1950,"D",195,"D",.,"A",390,"D",0,"D",.,"A",.,"A",1755,"D",0,"D",.,"A",.,"A",.,"A",.,"A"
"20153","02970864",34,0,"1",390,"D",65,"D",195,"D",286,"D",24,"D",.,"A",.,"A",325,"D",0,"D",.,"A",.,"A",.,"A",.,"A"
"20153","02970874",53,0,"1",975,"D",325,"D",.,"A",650,"D",150,"D",.,"A",.,"A",650,"D",0,"D",.,"A",.,"A",.,"A",.,"A"
"20153","02970924",19,0,"1",260,"D",104,"D",.,"A",65,"D",0,"D",.,"A",.,"A",156,"D",0,"D",.,"A",.,"A",.,"A",.,"A"
"20153","02970964",20,0,"1",2600,"D",520,"D",.,"A",650,"D",0,"D",.,"A",.,"A",2080,"D",0,"D",.,"A",.,"A",.,"A",.,"A"
"20153","02970984",43,0,"1",1300,"D",260,"D",.,"A",325,"D",150,"D",.,"A",.,"A",1040,"D",150,"D",.,"A",.,"A",.,"A",.,"A"
"20153","02970994",15,0,"1",1300,"D",0,"D",.,"A",650,"D",0,"D",.,"A",.,"A",1300,"D",0,"D",.,"A",.,"A",.,"A",.,"A"
"20153","02971014",31,0,"1",2600,"D",325,"D",.,"A",390,"D",0,"D",.,"A",.,"A",2275,"D",150,"D",.,"A",.,"A",.,"A",.,"A"
"20153","02971044",21,0,"1",845,"D",65,"D",.,"A",260,"D",0,"D",.,"A",.,"A",780,"D",0,"D",.,"A",.,"A",.,"A",.,"A"
"20153","02971144",26,0,"1",2522,"D",195,"D",.,"A",0,"D",45,"D",.,"A",.,"A",2327,"D",0,"D",.,"A",.,"A",.,"A",.,"A"
"20153","02971154",56,0,"1",650,"D",325,"D",1300,"D",780,"D",150,"D",.,"A",.,"A",325,"D",300,"D",.,"A",.,"A",.,"A",.,"A"
"20153","02971195",18,0,"1",390,"D",0,"D",.,"A",130,"D",75,"D",.,"A",.,"A",390,"D",90,"D",.,"A",.,"A",.,"A",.,"A"
"20153","02971214",27,0,"1",910,"D",0,"D",.,"A",325,"D",6,"D",.,"A",.,"A",910,"D",6,"D",.,"A",.,"A",.,"A",.,"A"
"20153","02971234",40,0,"1",1950,"D",445,"F",407,"F",835,"F",0,"D",.,"A",.,"A",1438,"F",0,"D",.,"A",.,"A",.,"A",.,"A"
"20153","02971274",24,0,"1",1300,"D",195,"D",.,"A",0,"D",0,"D",.,"A",.,"A",1105,"D",0,"D",.,"A",.,"A",.,"A",.,"A"
"20153","02971284",65,0,"1",1950,"D",325,"D",260,"D",1560,"D",900,"D",.,"A",.,"A",1625,"D",600,"D",.,"A",.,"A",.,"A",.,"A"
"20153","02971314",53,0,"1",1950,"D",260,"D",650,"D",650,"D",0,"D",.,"A",.,"A",1690,"D",300,"D",.,"A",.,"A",.,"A",.,"A"
"20153","02971334",32,0,"1",3250,"D",650,"D",.,"A",390,"D",0,"D",.,"A",.,"A",2600,"D",0,"D",.,"A",.,"A",.,"A",.,"A"
"20153","02971344",13,0,"1",764,"F",.,"A",260,"D",0,"D",0,"D",.,"A",.,"A",623,"F",0,"D",.,"A",.,"A",.,"A",.,"A"
"20153","02971364",55,0,"1",2275,"D",130,"D",.,"A",650,"D",525,"D",.,"A",.,"A",2145,"D",450,"D",.,"A",.,"A",.,"A",.,"A"
"20153","02971374",23,0,"1",650,"D",173,"F",.,"A",325,"D",0,"D",.,"A",.,"A",623,"F",0,"D",.,"A",.,"A",.,"A",.,"A"
"20153","02971384",55,0,"1",1300,"D",325,"D",325,"D",390,"D",150,"D",.,"A",.,"A",975,"D",90,"D",.,"A",.,"A",.,"A",.,"A"
"20153","02971534",19,0,"1",1950,"D",520,"D",.,"A",0,"D",0,"D",.,"A",.,"A",1430,"D",60,"D",.,"A",.,"A",.,"A",.,"A"
"20153","02971564",45,0,"1",1300,"D",195,"D",.,"A",325,"D",0,"D",.,"A",.,"A",1105,"D",195,"D",40,"D",520,"D",.,"A",.,"A"
"20153","02971594",46,0,"1",3250,"D",650,"D",.,"A",1300,"D",600,"D",.,"A",.,"A",2600,"D",600,"D",.,"A",.,"A",.,"A",.,"A"
"20153","02971604",46,0,"1",1430,"D",650,"D",104,"D",1560,"D",0,"D",.,"A",.,"A",780,"D",0,"D",.,"A",.,"A",.,"A",.,"A"
"20153","02971654",29,0,"1",1040,"D",195,"D",455,"D",1300,"D",0,"D",.,"A",.,"A",845,"D",150,"D",5,"D",65,"D",195,"D",15,"D"
"20153","02971724",51,0,"1",975,"D",0,"D",78,"D",78,"D",75,"D",.,"A",.,"A",975,"D",75,"D",.,"A",.,"A",.,"A",.,"A"
"20153","02971754",38,0,"1",1300,"D",650,"D",130,"D",455,"D",0,"D",.,"A",.,"A",650,"D",0,"D",.,"A",.,"A",.,"A",.,"A"
"20153","02971794",25,0,"1",650,"D",65,"D",.,"A",0,"D",0,"D",.,"A",.,"A",585,"D",0,"D",.,"A",.,"A",.,"A",.,"A"
"20153","02971814",20,0,"1",910,"D",0,"D",.,"A",650,"D",0,"D",.,"A",.,"A",910,"D",0,"D",.,"A",.,"A",.,"A",.,"A"
"20153","02971844",7,0,"1",0,"D",.,"A",.,"A",0,"D",0,"D",.,"A",.,"A",0,"D",0,"D",.,"A",.,"A",.,"A",.,"A"
"20153","02971864",40,0,"1",3250,"D",325,"D",.,"A",0,"D",0,"D",.,"A",.,"A",2925,"D",60,"D",.,"A",.,"A",.,"A",.,"A"
"20153","02971874",39,0,"1",2275,"D",455,"D",.,"A",0,"D",0,"D",.,"A",.,"A",1820,"D",0,"D",.,"A",.,"A",.,"A",.,"A"
"20153","02971885",17,0,"1",1950,"D",195,"D",.,"A",0,"D",0,"D",650,"D",.,"A",1755,"D",0,"D",50,"D",650,"D",.,"A",.,"A"
"20153","02971954",10,0,"1",624,"D",52,"D",.,"A",0,"D",0,"D",.,"A",.,"A",572,"D",0,"D",.,"A",.,"A",.,"A",.,"A"
"20153","02971994",21,0,"1",1950,"D",390,"D",.,"A",0,"D",0,"D",.,"A",.,"A",1560,"D",0,"D",.,"A",.,"A",.,"A",.,"A"
"20153","02972004",36,0,"1",650,"D",65,"D",.,"A",130,"D",15,"D",.,"A",4,"D",585,"D",45,"D",.,"A",.,"A",.,"A",.,"A"
"20153","02972014",22,0,"1",1300,"D",173,"F",200,"F",260,"D",98,"F",.,"A",.,"A",623,"F",82,"F",.,"A",.,"A",.,"A",.,"A"
"20153","02972054",16,0,"1",1950,"D",650,"D",.,"A",325,"D",0,"D",.,"A",.,"A",1300,"D",0,"D",.,"A",.,"A",.,"A",.,"A"
"20153","02972074",34,0,"1",975,"D",130,"D",.,"A",260,"D",0,"D",.,"A",.,"A",845,"D",0,"D",.,"A",.,"A",.,"A",.,"A"
"20153","02972104",14,0,"1",780,"D",0,"D",.,"A",0,"D",0,"D",.,"A",.,"A",780,"D",480,"D",15,"D",195,"D",.,"A",.,"A"
"20153","02972124",30,0,"1",1950,"D",650,"D",.,"A",520,"D",0,"D",.,"A",.,"A",1300,"D",0,"D",40,"D",520,"D",.,"A",.,"A"
"20153","02972134",37,0,"1",2600,"D",455,"D",.,"A",650,"D",0,"D",.,"A",.,"A",2145,"D",150,"D",.,"A",.,"A",.,"A",.,"A"
"20153","02972164",61,0,"1",2925,"D",390,"D",.,"A",390,"D",0,"D",.,"A",.,"A",2535,"D",0,"D",.,"A",.,"A",.,"A",.,"A"
"20153","02972254",32,0,"1",1170,"D",130,"D",.,"A",130,"D",30,"D",.,"A",.,"A",1040,"D",30,"D",.,"A",.,"A",.,"A",.,"A"
"20153","02972274",31,0,"1",1950,"D",130,"D",.,"A",1040,"D",0,"D",.,"A",.,"A",1820,"D",0,"D",.,"A",.,"A",.,"A",.,"A"
"20153","02972284",41,0,"1",559,"D",0,"D",130,"D",910,"D",167,"F",.,"A",.,"A",559,"D",180,"D",.,"A",.,"A",.,"A",.,"A"
"20153","02972294",24,0,"1",975,"D",130,"D",.,"A",390,"D",0,"D",.,"A",.,"A",845,"D",0,"D",.,"A",.,"A",.,"A",.,"A"
"20153","02972324",16,0,"1",1300,"D",325,"D",.,"A",1300,"D",120,"D",.,"A",.,"A",975,"D",168,"D",.,"A",.,"A",.,"A",.,"A"
"20153","02972334",29,0,"1",1300,"D",260,"D",728,"D",650,"D",0,"D",.,"A",.,"A",1040,"D",135,"D",60,"D",780,"D",.,"A",.,"A"
"20153","02972364",34,0,"1",780,"D",0,"D",.,"A",390,"D",0,"D",.,"A",.,"A",780,"D",0,"D",.,"A",.,"A",.,"A",.,"A"
"20153","02972424",23,0,"1",2600,"D",520,"D",.,"A",0,"D",0,"D",.,"A",.,"A",2080,"D",0,"D",.,"A",.,"A",.,"A",.,"A"
"20153","02972434",29,0,"1",1300,"D",260,"D",.,"A",1187,"F",0,"D",.,"A",.,"A",1040,"D",0,"D",.,"A",.,"A",.,"A",.,"A"
"20153","02972464",31,0,"1",1625,"D",156,"D",.,"A",208,"D",0,"D",.,"A",.,"A",1469,"D",0,"D",30,"D",390,"D",.,"A",.,"A"
"20153","02972614",15,0,"1",1300,"D",195,"D",65,"D",1300,"D",0,"D",.,"A",.,"A",1105,"D",150,"D",.,"A",.,"A",.,"A",.,"A"
"20153","02972644",53,0,"1",1950,"D",780,"D",.,"A",1300,"D",240,"D",.,"A",.,"A",1170,"D",180,"D",30,"D",390,"D",.,"A",.,"A"
"20153","02972664",22,0,"1",1950,"D",325,"D",.,"A",650,"D",150,"D",.,"A",.,"A",1625,"D",150,"D",50,"D",650,"D",.,"A",.,"A"
"20153","02972684",18,0,"1",650,"D",156,"D",.,"A",0,"D",0,"D",.,"A",.,"A",494,"D",0,"D",.,"A",.,"A",.,"A",.,"A"
"20153","02972724",36,0,"1",520,"D",130,"D",.,"A",520,"D",60,"D",.,"A",.,"A",390,"D",60,"D",.,"A",.,"A",.,"A",.,"A"
"20153","02972784",61,0,"1",3900,"D",650,"D",.,"A",1300,"D",0,"D",.,"A",.,"A",3250,"D",240,"D",.,"A",.,"A",.,"A",.,"A"
"20153","02972794",60,0,"1",2600,"D",390,"D",.,"A",1040,"D",0,"D",.,"A",.,"A",2210,"D",90,"D",.,"A",.,"A",.,"A",.,"A"
"20153","02972804",50,0,"1",1950,"D",975,"D",.,"A",520,"D",150,"D",.,"A",.,"A",975,"D",60,"D",.,"A",.,"A",.,"A",.,"A"
"20153","02972894",52,0,"1",1950,"D",130,"D",.,"A",260,"D",0,"D",.,"A",.,"A",1820,"D",45,"D",.,"A",.,"A",.,"A",.,"A"
"20153","02972984",59,0,"1",1300,"D",325,"D",.,"A",260,"D",150,"D",.,"A",70,"D",975,"D",0,"D",.,"A",.,"A",.,"A",.,"A"
"20153","02973004",67,0,"1",2080,"D",260,"D",91,"D",130,"D",0,"D",.,"A",.,"A",1820,"D",0,"D",.,"A",.,"A",.,"A",.,"A"
"20153","02973014",36,0,"1",975,"D",385,"F",505,"F",1040,"D",0,"D",.,"A",.,"A",1487,"F",0,"D",.,"A",.,"A",.,"A",.,"A"
"20153","02973034",14,0,"1",975,"D",0,"D",.,"A",0,"D",0,"D",.,"A",.,"A",975,"D",0,"D",.,"A",.,"A",.,"A",.,"A"
"20153","02973164",27,0,"1",2600,"D",445,"F",390,"D",0,"D",0,"D",.,"A",.,"A",1825,"F",0,"D",.,"A",.,"A",.,"A",.,"A"
"20153","02973184",30,0,"1",520,"D",156,"D",.,"A",78,"D",0,"D",.,"A",.,"A",364,"D",0,"D",9,"D",117,"D",.,"A",.,"A"
"20153","02973244",31,0,"1",1132,"F",.,"A",.,"A",650,"D",245,"F",.,"A",.,"A",922,"F",300,"D",.,"A",.,"A",.,"A",.,"A"
"20153","02973404",32,0,"1",1300,"D",325,"D",.,"A",195,"D",0,"D",.,"A",.,"A",975,"D",75,"D",.,"A",.,"A",.,"A",.,"A"
"20153","02973484",25,0,"1",650,"D",65,"D",.,"A",390,"D",0,"D",.,"A",.,"A",585,"D",60,"D",45,"D",585,"D",.,"A",.,"A"
"20153","02973494",63,0,"1",1430,"D",325,"D",.,"A",325,"D",36,"D",.,"A",.,"A",1105,"D",0,"D",.,"A",.,"A",.,"A",.,"A"
"20153","02973514",16,0,"1",1040,"D",65,"D",.,"A",0,"D",0,"D",.,"A",.,"A",975,"D",92,"F",.,"C",428,"F",.,"A",.,"A"
"20153","02973544",21,0,"1",1300,"D",0,"D",.,"A",485,"F",0,"D",.,"A",.,"A",1300,"D",0,"D",.,"A",.,"A",.,"A",.,"A"
"20153","02973594",26,0,"1",2600,"D",325,"D",.,"A",650,"D",75,"D",.,"A",.,"A",2275,"D",150,"D",.,"A",.,"A",.,"A",.,"A"
"20153","02973674",43,0,"1",1755,"D",390,"D",.,"A",455,"D",0,"D",.,"A",.,"A",1365,"D",390,"D",45,"D",585,"D",.,"A",.,"A"
"20153","02973694",46,0,"1",2860,"D",650,"D",325,"D",195,"D",0,"D",.,"A",.,"A",2210,"D",0,"D",.,"A",.,"A",.,"A",.,"A"
"20153","02973704",34,0,"1",1040,"D",195,"D",.,"A",650,"D",0,"D",.,"A",.,"A",845,"D",60,"D",.,"A",.,"A",.,"A",.,"A"
"20153","02973764",61,0,"1",2600,"D",130,"D",.,"A",845,"D",0,"D",.,"A",.,"A",2470,"D",0,"D",.,"A",.,"A",.,"A",.,"A"
"20153","02973794",22,0,"1",2275,"D",260,"D",.,"A",455,"D",0,"D",.,"A",.,"A",2015,"D",0,"D",26,"D",338,"D",.,"A",.,"A"
"20153","02973834",28,0,"1",429,"D",78,"D",.,"A",52,"D",0,"D",350,"D",.,"A",351,"D",0,"D",.,"A",.,"A",.,"A",.,"A"
"20153","02973874",13,0,"1",2600,"D",650,"D",.,"A",260,"D",0,"D",.,"A",.,"A",1950,"D",0,"D",.,"A",.,"A",.,"A",.,"A"
"20153","02973884",56,0,"1",2925,"D",520,"D",.,"A",975,"D",0,"D",.,"A",.,"A",2405,"D",120,"D",.,"A",.,"A",.,"A",.,"A"
"20153","02973894",21,0,"1",910,"D",65,"D",.,"A",910,"D",0,"D",.,"A",.,"A",845,"D",15,"D",.,"A",.,"A",.,"A",.,"A"
"20153","02973904",69,0,"1",2600,"D",520,"D",.,"A",3900,"D",0,"D",.,"A",.,"A",2080,"D",0,"D",.,"A",.,"A",.,"A",.,"A"
"20153","02973944",58,0,"1",1820,"D",0,"D",.,"A",2925,"D",0,"D",.,"A",40,"D",1820,"D",0,"D",.,"A",.,"A",.,"A",.,"A"
"20153","02973954",25,0,"1",3003,"D",520,"D",.,"A",130,"D",0,"D",.,"A",.,"A",2483,"D",150,"D",50,"D",650,"D",.,"A",.,"A"
"20153","02973984",13,0,"1",2600,"D",780,"D",130,"D",780,"D",0,"D",.,"A",.,"A",1820,"D",0,"D",.,"A",.,"A",.,"A",.,"A"
"20153","02974014",50,0,"1",650,"D",130,"D",.,"A",260,"D",6,"D",.,"A",.,"A",520,"D",6,"D",.,"A",.,"A",.,"A",.,"A"
"20153","02974034",17,0,"1",2340,"D",1040,"D",.,"A",0,"D",0,"D",.,"A",.,"A",1300,"D",0,"D",60,"D",780,"D",260,"D",20,"D"
"20153","02974044",54,0,"1",3250,"D",1300,"D",.,"A",650,"D",150,"D",.,"A",80,"D",1950,"D",150,"D",.,"A",.,"A",.,"A",.,"A"
"20153","02974064",32,0,"1",1950,"D",0,"D",.,"A",195,"D",0,"D",.,"A",.,"A",1950,"D",0,"D",240,"D",3120,"D",.,"A",.,"A"
"20153","02974074",51,0,"1",780,"D",260,"D",195,"D",130,"D",0,"D",.,"A",.,"A",520,"D",0,"D",.,"A",.,"A",.,"A",.,"A"
"20153","02974084",53,0,"1",1300,"D",260,"D",.,"A",130,"D",0,"D",.,"A",.,"A",1040,"D",0,"D",.,"A",.,"A",.,"A",.,"A"
"20153","02974104",27,0,"1",520,"D",26,"D",.,"A",195,"D",0,"D",.,"A",.,"A",494,"D",0,"D",.,"A",.,"A",.,"A",.,"A"
"20153","02974144",58,0,"1",877,"F",.,"A",.,"A",409,"F",0,"D",.,"A",.,"A",709,"F",450,"D",.,"A",.,"A",.,"A",.,"A"
"20153","02974184",43,0,"1",2080,"D",1300,"D",.,"A",520,"D",60,"D",.,"A",.,"A",780,"D",0,"D",.,"A",.,"A",.,"A",.,"A"
"20153","02974264",30,0,"1",1950,"D",390,"D",.,"A",0,"D",0,"D",.,"A",.,"A",1560,"D",0,"D",.,"A",.,"A",.,"A",.,"A"
"20153","02974274",61,0,"1",520,"D",130,"D",.,"A",2600,"D",300,"D",260,"D",.,"A",390,"D",0,"D",7,"D",91,"D",.,"A",.,"A"
"20153","02974284",32,0,"1",910,"D",0,"D",.,"A",390,"D",0,"D",.,"A",.,"A",910,"D",0,"D",.,"A",.,"A",.,"A",.,"A"
"20153","02974334",46,0,"1",1300,"D",195,"D",.,"A",975,"D",30,"D",.,"A",.,"A",1105,"D",0,"D",.,"A",.,"A",.,"A",.,"A"
"20153","02974374",13,0,"1",650,"D",0,"D",.,"A",0,"D",0,"D",.,"A",.,"A",650,"D",0,"D",.,"A",.,"A",.,"A",.,"A"
"20153","02974394",14,0,"1",764,"F",.,"A",.,"A",0,"D",0,"D",.,"A",.,"A",623,"F",0,"D",.,"A",.,"A",.,"A",.,"A"
"20153","02974434",28,0,"1",780,"D",130,"D",.,"A",0,"D",0,"D",.,"A",.,"A",650,"D",0,"D",7,"D",91,"D",.,"A",.,"A"
"20153","02974454",71,0,"1",2600,"D",260,"D",.,"A",2600,"D",45,"D",.,"A",.,"A",2340,"D",45,"D",.,"A",.,"A",.,"A",.,"A"
"20153","02974494",34,0,"1",650,"D",260,"D",.,"A",585,"D",105,"D",.,"A",.,"A",390,"D",60,"D",.,"A",.,"A",.,"A",.,"A"
"20153","02974534",29,0,"1",1637,"F",.,"A",.,"A",706,"F",0,"D",.,"A",.,"A",1339,"F",0,"D",.,"A",.,"A",.,"A",.,"A"
"20153","02974594",69,0,"1",2600,"D",650,"D",.,"A",390,"D",60,"D",325,"D",.,"A",1950,"D",360,"D",15,"D",195,"D",.,"A",.,"A"
"20153","02974664",29,0,"1",650,"D",260,"D",325,"D",104,"D",0,"D",.,"A",.,"A",390,"D",180,"D",.,"A",.,"A",.,"A",.,"A"
"20153","02974794",10,0,"1",0,"D",.,"A",.,"A",1300,"D",0,"D",.,"A",.,"A",0,"D",0,"D",.,"A",.,"A",.,"A",.,"A"
"20153","02974844",72,0,"1",2600,"D",975,"D",650,"D",1300,"D",60,"D",.,"A",528,"D",1625,"D",120,"D",.,"A",.,"A",.,"A",.,"A"
"20153","02974874",74,0,"1",1950,"D",260,"D",.,"A",3120,"D",30,"D",.,"A",.,"A",1690,"D",60,"D",.,"A",.,"A",.,"A",.,"A"
"20153","02974894",33,0,"1",1300,"D",130,"D",.,"A",390,"D",0,"D",.,"A",.,"A",1170,"D",30,"D",50,"D",650,"D",.,"A",.,"A"
"20153","02974914",70,0,"1",1950,"D",260,"D",.,"A",650,"D",150,"D",.,"A",30,"D",1690,"D",90,"D",.,"A",.,"A",.,"A",.,"A"
"20153","02974944",47,0,"1",1561,"F",.,"A",391,"F",325,"D",0,"D",.,"A",.,"A",1315,"F",120,"D",.,"A",.,"A",.,"A",.,"A"
"20153","02974964",10,0,"1",195,"D",0,"D",.,"A",195,"D",0,"D",.,"A",.,"A",195,"D",24,"D",.,"A",.,"A",.,"A",.,"A"
"20153","02974974",33,0,"1",1625,"D",260,"D",.,"A",520,"D",240,"D",.,"A",.,"A",1365,"D",0,"D",.,"A",.,"A",.,"A",.,"A"
"20153","02974984",39,0,"1",2860,"D",520,"D",.,"A",260,"D",0,"D",.,"A",.,"A",2340,"D",600,"D",.,"A",.,"A",.,"A",.,"A"
"20153","02974994",37,0,"1",845,"D",65,"D",.,"A",650,"D",0,"D",.,"A",.,"A",780,"D",0,"D",.,"A",.,"A",.,"A",.,"A"
"20153","02975004",36,0,"1",2080,"D",260,"D",.,"A",65,"D",0,"D",.,"A",.,"A",1820,"D",0,"D",.,"A",.,"A",.,"A",.,"A"
"20153","02975074",30,0,"1",975,"D",260,"D",.,"A",0,"D",0,"D",.,"A",.,"A",715,"D",0,"D",25,"D",325,"D",65,"D",5,"D"
"20153","02975114",47,0,"1",1950,"D",260,"D",325,"D",455,"D",900,"D",.,"A",.,"A",1690,"D",120,"D",30,"D",390,"D",.,"A",.,"A"
"20153","02975124",28,0,"1",1300,"D",130,"D",.,"A",65,"D",0,"D",.,"A",.,"A",1170,"D",0,"D",.,"A",.,"A",130,"D",10,"D"
"20153","02975164",12,0,"1",1820,"D",260,"D",.,"A",0,"D",0,"D",.,"A",.,"A",1560,"D",0,"D",.,"A",.,"A",.,"A",.,"A"
"20153","02975184",46,0,"1",1950,"D",260,"D",1040,"D",1235,"D",0,"D",.,"A",.,"A",1690,"D",360,"D",40,"D",520,"D",.,"A",.,"A"
"20153","02975244",22,0,"1",1300,"D",0,"D",130,"D",390,"D",0,"D",.,"A",.,"A",1300,"D",0,"D",.,"A",.,"A",.,"A",.,"A"
"20153","02975274",26,0,"1",650,"D",445,"F",.,"A",0,"D",6,"D",.,"A",.,"A",1825,"F",6,"D",.,"A",.,"A",.,"A",.,"A"
"20153","02975294",47,0,"1",3250,"D",650,"D",.,"A",325,"D",0,"D",.,"A",.,"A",2600,"D",60,"D",.,"A",.,"A",.,"A",.,"A"
"20153","02975304",24,0,"1",1040,"D",130,"D",.,"A",520,"D",120,"D",.,"A",.,"A",910,"D",0,"D",.,"A",.,"A",.,"A",.,"A"
"20153","02975374",73,0,"1",2600,"D",260,"D",.,"A",455,"D",150,"D",.,"A",.,"A",2340,"D",150,"D",.,"A",.,"A",.,"A",.,"A"
"20153","02975394",44,0,"1",390,"D",130,"D",.,"A",650,"D",300,"D",.,"A",.,"A",260,"D",90,"D",.,"A",.,"A",.,"A",.,"A"
"20153","02975444",43,0,"1",3250,"D",390,"D",.,"A",260,"D",300,"D",.,"A",.,"A",2860,"D",180,"D",30,"D",390,"D",.,"A",.,"A"
"20153","02975654",66,0,"1",1950,"D",0,"D",.,"A",520,"D",0,"D",.,"A",.,"A",1950,"D",90,"D",.,"A",.,"A",.,"A",.,"A"
"20153","02975674",39,0,"1",6500,"D",325,"D",.,"A",0,"D",0,"D",.,"A",52,"D",6175,"D",0,"D",.,"C",551,"F",.,"A",.,"A"
"20153","02975764",22,0,"1",919,"F",.,"A",.,"A",604,"F",0,"D",.,"A",.,"A",741,"F",0,"D",.,"A",.,"A",.,"A",.,"A"
"20153","02975774",22,0,"1",780,"D",65,"D",130,"D",390,"D",75,"D",.,"A",.,"A",715,"D",30,"D",.,"A",.,"A",.,"A",.,"A"
"20153","02975804",10,0,"1",520,"D",260,"D",.,"A",0,"D",0,"D",.,"A",.,"A",260,"D",0,"D",.,"A",.,"A",.,"A",.,"A"
"20153","02975814",40,0,"1",1430,"D",130,"D",.,"A",780,"D",0,"D",.,"A",.,"A",1300,"D",90,"D",70,"D",910,"D",.,"A",.,"A"
"20153","02975864",72,0,"1",975,"D",260,"D",195,"D",325,"D",0,"D",.,"A",.,"A",715,"D",0,"D",.,"A",.,"A",.,"A",.,"A"
"20153","02975874",32,0,"1",1950,"D",260,"D",.,"A",390,"D",0,"D",.,"A",.,"A",1690,"D",45,"D",.,"A",.,"A",.,"A",.,"A"
"20153","02975934",25,0,"1",520,"D",195,"D",.,"A",650,"D",30,"D",.,"A",.,"A",325,"D",0,"D",25,"D",325,"D",.,"A",.,"A"
"20153","02975954",31,0,"1",1105,"D",516,"F",.,"A",260,"D",0,"D",.,"A",.,"A",2357,"F",0,"D",.,"A",.,"A",.,"A",.,"A"
"20153","02975994",32,0,"1",1950,"D",520,"D",.,"A",130,"D",0,"D",.,"A",.,"A",1430,"D",0,"D",60,"D",780,"D",.,"A",.,"A"
"20153","02976004",31,0,"1",910,"D",130,"D",.,"A",390,"D",0,"D",.,"A",.,"A",780,"D",0,"D",.,"A",.,"A",.,"A",.,"A"
"20153","02976054",66,0,"1",780,"D",65,"D",520,"D",1950,"D",150,"D",.,"A",.,"A",715,"D",150,"D",.,"A",.,"A",.,"A",.,"A"
"20153","02976074",46,0,"1",585,"D",65,"D",.,"A",975,"D",0,"D",.,"A",.,"A",520,"D",75,"D",.,"A",.,"A",.,"A",.,"A"
"20153","02976084",31,0,"1",1885,"D",325,"D",.,"A",130,"D",6,"D",.,"A",.,"A",1560,"D",6,"D",.,"A",.,"A",.,"A",.,"A"
"20153","02976134",25,0,"1",1560,"D",260,"D",.,"A",325,"D",0,"D",.,"A",.,"A",1300,"D",90,"D",.,"A",.,"A",.,"A",.,"A"
"20153","02976174",28,0,"1",520,"D",277,"F",.,"A",442,"D",0,"D",.,"A",.,"A",922,"F",0,"D",.,"A",.,"A",.,"A",.,"A"
"20153","02976204",39,0,"1",2600,"D",650,"D",.,"A",650,"D",120,"D",.,"A",.,"A",1950,"D",300,"D",.,"A",.,"A",.,"A",.,"A"
"20153","02976214",18,0,"1",1300,"D",0,"D",.,"A",1300,"D",0,"D",.,"A",.,"A",1300,"D",0,"D",.,"A",.,"A",.,"A",.,"A"
"20153","02976224",34,0,"1",1950,"D",260,"D",.,"A",1300,"D",0,"D",.,"A",.,"A",1690,"D",150,"D",.,"A",.,"A",.,"A",.,"A"
"20153","02976244",12,0,"1",1950,"D",65,"D",.,"A",0,"D",0,"D",.,"A",.,"A",1885,"D",0,"D",.,"A",.,"A",.,"A",.,"A"
"20153","02976304",31,0,"1",1950,"D",325,"D",520,"D",910,"D",225,"D",.,"A",.,"A",1625,"D",0,"D",.,"A",.,"A",.,"A",.,"A"
"20153","02976314",40,0,"1",1300,"D",130,"D",.,"A",130,"D",0,"D",.,"A",.,"A",1170,"D",60,"D",.,"A",.,"A",.,"A",.,"A"
"20153","02976324",57,0,"1",650,"D",130,"D",.,"A",1950,"D",0,"D",.,"A",.,"A",520,"D",3,"D",.,"A",.,"A",.,"A",.,"A"
"20153","02976334",18,0,"1",520,"D",0,"D",.,"A",195,"D",0,"D",.,"A",.,"A",520,"D",0,"D",.,"A",.,"A",.,"A",.,"A"
"20153","02976364",18,0,"1",780,"D",0,"D",.,"A",260,"D",6,"D",.,"A",.,"A",780,"D",6,"D",.,"A",.,"A",.,"A",.,"A"
"20153","02976374",49,0,"1",1560,"D",455,"D",.,"A",455,"D",0,"D",.,"A",.,"A",1105,"D",30,"D",.,"A",.,"A",.,"A",.,"A"
"20153","02976394",29,0,"1",780,"D",65,"D",.,"A",130,"D",0,"D",.,"A",.,"A",715,"D",0,"D",15,"D",195,"D",.,"A",.,"A"
"20153","02976464",34,0,"1",650,"D",390,"D",975,"D",1950,"D",300,"D",.,"A",.,"A",260,"D",300,"D",.,"A",.,"A",.,"A",.,"A"
"20153","02976554",47,0,"1",325,"D",78,"D",.,"A",65,"D",0,"D",.,"A",.,"A",247,"D",0,"D",.,"A",.,"A",.,"A",.,"A"
"20153","02976764",24,0,"1",1300,"D",130,"D",.,"A",260,"D",0,"D",.,"A",.,"A",1170,"D",0,"D",.,"A",.,"A",.,"A",.,"A"
"20153","02976824",61,0,"1",1040,"D",195,"D",.,"A",260,"D",0,"D",.,"A",.,"A",845,"D",180,"D",30,"D",390,"D",.,"A",.,"A"
"20153","02976834",31,0,"1",520,"D",65,"D",.,"A",130,"D",0,"D",.,"A",.,"A",455,"D",0,"D",.,"A",.,"A",.,"A",.,"A"
"20153","02976854",42,0,"1",1625,"D",325,"D",.,"A",169,"D",0,"D",.,"A",.,"A",1300,"D",0,"D",.,"A",.,"A",.,"A",.,"A"
"20153","02976864",32,0,"1",2600,"D",520,"D",.,"A",520,"D",0,"D",.,"A",.,"A",2080,"D",0,"D",.,"A",.,"A",.,"A",.,"A"
"20153","02976894",10,0,"1",1625,"D",975,"D",.,"A",650,"D",75,"D",.,"A",.,"A",650,"D",75,"D",.,"A",.,"A",.,"A",.,"A"
"20153","02976914",36,0,"1",1300,"D",0,"D",.,"A",325,"D",0,"D",.,"A",.,"A",1300,"D",0,"D",.,"A",.,"A",.,"A",.,"A"
"20153","02976964",34,0,"1",910,"D",0,"D",.,"A",780,"D",0,"D",.,"A",.,"A",910,"D",0,"D",.,"A",.,"A",.,"A",.,"A"
"20153","02976974",26,0,"1",715,"D",195,"D",.,"A",650,"D",0,"D",.,"A",.,"A",520,"D",36,"D",10,"D",130,"D",.,"A",.,"A"
"20153","02977034",37,0,"1",2600,"D",520,"D",390,"D",1040,"D",0,"D",.,"A",.,"A",2080,"D",0,"D",.,"A",.,"A",.,"A",.,"A"
"20153","02977044",32,0,"1",1625,"D",156,"D",.,"A",1300,"D",30,"D",.,"A",.,"A",1469,"D",60,"D",51,"D",663,"D",.,"A",.,"A"
"20153","02977094",25,0,"1",1950,"D",260,"D",.,"A",650,"D",0,"D",.,"A",.,"A",1690,"D",0,"D",.,"A",.,"A",.,"A",.,"A"
"20153","02977144",42,0,"1",1040,"D",390,"D",.,"A",195,"D",0,"D",.,"A",.,"A",650,"D",90,"D",.,"A",.,"A",.,"A",.,"A"
"20153","02977154",21,0,"1",1300,"D",337,"F",.,"A",706,"F",143,"F",.,"A",.,"A",1339,"F",114,"F",.,"A",.,"A",.,"A",.,"A"
"20153","02977194",36,0,"1",1300,"D",260,"D",.,"A",780,"D",300,"D",.,"A",.,"A",1040,"D",60,"D",.,"A",.,"A",.,"A",.,"A"
"20153","02977224",29,0,"1",650,"D",65,"D",.,"A",26,"D",0,"D",.,"A",.,"A",585,"D",30,"D",.,"A",.,"A",.,"A",.,"A"
"20153","02977255",23,0,"1",910,"D",65,"D",.,"A",0,"D",0,"D",.,"A",.,"A",845,"D",0,"D",35,"D",455,"D",.,"A",.,"A"
"20153","02977294",41,0,"1",650,"D",130,"D",130,"D",650,"D",60,"D",.,"A",.,"A",520,"D",30,"D",0,"D",0,"D",0,"D",0,"D"
"20153","02977314",43,0,"1",1950,"D",455,"D",390,"D",325,"D",0,"D",.,"A",.,"A",1495,"D",0,"D",.,"A",.,"A",.,"A",.,"A"
"20153","02977344",30,0,"1",1300,"D",65,"D",.,"A",65,"D",0,"D",.,"A",.,"A",1235,"D",60,"D",.,"A",.,"A",.,"A",.,"A"
"20153","02977404",45,0,"1",1950,"D",390,"D",.,"A",910,"D",120,"D",.,"A",.,"A",1560,"D",120,"D",.,"A",.,"A",.,"A",.,"A"
"20153","02977494",34,0,"1",1105,"D",195,"D",.,"A",1911,"D",60,"D",.,"A",.,"A",910,"D",60,"D",.,"A",.,"A",.,"A",.,"A"
"20153","02977514",11,0,"1",1040,"D",260,"D",65,"D",325,"D",0,"D",.,"A",.,"A",780,"D",60,"D",.,"A",.,"A",.,"A",.,"A"
"20153","02977544",56,0,"1",1300,"D",364,"D",650,"D",0,"D",0,"D",.,"A",.,"A",936,"D",348,"D",.,"A",.,"A",.,"A",.,"A"
"20153","02977554",9,0,"1",1560,"D",65,"D",455,"D",325,"D",0,"D",.,"A",.,"A",1495,"D",0,"D",20,"D",260,"D",.,"A",.,"A"
"20153","02977564",64,0,"1",2015,"D",130,"D",.,"A",1950,"D",6,"D",.,"A",160,"D",1885,"D",6,"D",.,"A",.,"A",130,"D",10,"D"
"20153","02977584",24,0,"1",1170,"D",325,"D",260,"D",260,"D",0,"D",.,"A",.,"A",845,"D",0,"D",.,"A",.,"A",.,"A",.,"A"
"20153","02977614",56,0,"1",520,"D",91,"D",390,"D",325,"D",0,"D",.,"A",.,"A",429,"D",0,"D",.,"A",.,"A",.,"A",.,"A"
"20153","02977674",24,0,"1",2600,"D",650,"D",.,"A",390,"D",0,"D",.,"A",.,"A",1950,"D",60,"D",50,"D",650,"D",.,"A",.,"A"
"20153","02977684",14,0,"1",780,"D",130,"D",195,"D",520,"D",0,"D",.,"A",.,"A",650,"D",0,"D",.,"A",.,"A",.,"A",.,"A"
"20153","02977784",25,0,"1",2600,"D",260,"D",.,"A",1300,"D",300,"D",.,"A",.,"A",2340,"D",300,"D",.,"A",.,"A",.,"A",.,"A"
"20153","02977794",40,0,"1",1950,"D",260,"D",.,"A",325,"D",0,"D",.,"A",.,"A",1690,"D",600,"D",.,"A",.,"A",.,"A",.,"A"
"20153","02977835",12,0,"1",650,"D",0,"D",.,"A",650,"D",0,"D",.,"A",.,"A",650,"D",0,"D",.,"A",.,"A",.,"A",.,"A"
"20153","02977854",48,0,"1",780,"D",65,"D",.,"A",195,"D",0,"D",.,"A",.,"A",715,"D",0,"D",.,"A",.,"A",.,"A",.,"A"
"20153","02977864",27,0,"1",650,"D",156,"D",455,"D",0,"D",0,"D",.,"A",.,"A",494,"D",0,"D",.,"A",.,"A",.,"A",.,"A"
"20153","02977884",31,0,"1",1300,"D",260,"D",.,"A",390,"D",0,"D",.,"A",.,"A",1040,"D",0,"D",126,"D",1638,"D",.,"A",.,"A"
"20153","02977894",23,0,"1",455,"D",195,"D",.,"A",156,"D",120,"D",.,"A",.,"A",260,"D",60,"D",15,"D",195,"D",.,"A",.,"A"
"20153","02977904",52,0,"1",1950,"D",195,"D",.,"A",2600,"D",270,"D",.,"A",.,"A",1755,"D",360,"D",.,"A",.,"A",.,"A",.,"A"
"20153","02977974",31,0,"1",1560,"D",260,"D",.,"A",0,"D",0,"D",325,"D",.,"A",1300,"D",0,"D",.,"A",.,"A",.,"A",.,"A"
"20153","02978024",32,0,"1",2860,"D",650,"D",.,"A",650,"D",0,"D",.,"A",.,"A",2210,"D",0,"D",.,"A",.,"A",.,"A",.,"A"
"20153","02978044",35,0,"1",2600,"D",520,"D",.,"A",0,"D",0,"D",.,"A",.,"A",2080,"D",0,"D",35,"D",455,"D",.,"A",.,"A"
"20153","02978054",57,0,"1",2600,"D",516,"F",260,"D",780,"D",0,"D",.,"A",.,"A",2357,"F",0,"D",.,"A",.,"A",.,"A",.,"A"
"20153","02978064",49,0,"1",910,"D",325,"D",.,"A",325,"D",0,"D",.,"A",.,"A",585,"D",105,"D",.,"A",.,"A",.,"A",.,"A"
"20153","02978134",44,0,"1",1827,"F",.,"A",407,"F",835,"F",0,"D",.,"A",.,"A",1438,"F",0,"D",.,"A",.,"A",.,"A",.,"A"
"20153","02978224",21,0,"1",520,"D",130,"D",.,"A",260,"D",0,"D",.,"A",.,"A",390,"D",0,"D",.,"A",.,"A",.,"A",.,"A"
"20153","02978274",13,0,"1",52,"D",0,"D",.,"A",0,"D",0,"D",.,"A",.,"A",52,"D",0,"D",.,"A",.,"A",.,"A",.,"A"
"20153","02978304",12,0,"1",390,"D",65,"D",.,"A",130,"D",90,"D",.,"A",.,"A",325,"D",60,"D",.,"A",.,"A",.,"A",.,"A"
"20153","02978374",20,0,"1",0,"D",.,"A",.,"A",325,"D",0,"D",.,"A",.,"A",0,"D",60,"D",.,"A",.,"A",.,"A",.,"A"
"20153","02978394",17,0,"1",1300,"D",0,"D",325,"D",325,"D",0,"D",.,"A",.,"A",1300,"D",0,"D",.,"A",.,"A",.,"A",.,"A"
"20153","02988814",23,0,"1",2600,"D",0,"D",.,"A",520,"D",6,"D",.,"A",.,"A",2600,"D",6,"D",.,"A",.,"A",.,"A",.,"A"
"20153","02988834",64,0,"1",1300,"D",325,"D",.,"A",780,"D",0,"D",.,"A",.,"A",975,"D",60,"D",.,"A",.,"A",.,"A",.,"A"
"20153","02988854",16,0,"1",3900,"D",910,"D",325,"D",1365,"D",0,"D",.,"A",.,"A",2990,"D",0,"D",.,"A",.,"A",.,"A",.,"A"
"20153","02988895",49,0,"1",1625,"D",130,"D",.,"A",442,"D",0,"D",.,"A",.,"A",1495,"D",180,"D",.,"A",.,"A",.,"A",.,"A"
"20153","02988904",38,0,"1",2860,"D",390,"D",260,"D",910,"D",0,"D",.,"A",.,"A",2470,"D",45,"D",.,"A",.,"A",.,"A",.,"A"
"20153","02988934",24,0,"1",780,"D",130,"D",.,"A",1300,"D",0,"D",.,"A",.,"A",650,"D",0,"D",.,"A",.,"A",.,"A",.,"A"
"20153","02988944",31,0,"1",650,"D",130,"D",.,"A",509,"F",0,"D",.,"A",.,"A",520,"D",0,"D",.,"A",.,"A",.,"A",.,"A"
"20153","02988994",18,0,"1",650,"D",130,"D",.,"A",130,"D",0,"D",.,"A",.,"A",520,"D",0,"D",.,"A",.,"A",.,"A",.,"A"
"20153","02989034",79,0,"1",3250,"D",650,"D",.,"A",325,"D",45,"D",.,"A",.,"A",2600,"D",45,"D",.,"A",.,"A",.,"A",.,"A"
"20153","02989054",46,0,"1",390,"D",26,"D",.,"A",1170,"D",180,"D",.,"A",.,"A",364,"D",60,"D",.,"A",.,"A",.,"A",.,"A"
"20153","02989094",57,0,"1",1625,"D",260,"D",26,"D",520,"D",150,"D",.,"A",.,"A",1365,"D",0,"D",.,"A",.,"A",.,"A",.,"A"
"20153","02989104",82,0,"1",1300,"D",130,"D",.,"A",455,"D",0,"D",.,"A",.,"A",1170,"D",0,"D",.,"A",.,"A",.,"A",.,"A"
"20153","02989124",56,0,"1",1040,"D",195,"D",.,"A",390,"D",0,"D",99,"D",.,"A",845,"D",120,"D",.,"A",.,"A",.,"A",.,"A"
"20153","02989134",73,0,"1",1742,"D",520,"D",.,"A",1300,"D",99,"D",.,"A",.,"A",1222,"D",432,"D",.,"A",.,"A",.,"A",.,"A"
"20153","02989174",48,0,"1",1950,"D",260,"D",.,"A",390,"D",0,"D",.,"A",.,"A",1690,"D",357,"D",.,"A",.,"A",.,"A",.,"A"
"20153","02989184",53,0,"1",650,"D",260,"D",.,"A",3185,"D",240,"D",.,"A",.,"A",390,"D",60,"D",.,"A",.,"A",.,"A",.,"A"
"20153","02989214",35,0,"1",1495,"D",130,"D",260,"D",1300,"D",0,"D",.,"A",54,"D",1365,"D",0,"D",.,"A",.,"A",.,"A",.,"A"
"20153","02989264",50,0,"1",1560,"D",260,"D",.,"A",130,"D",0,"D",.,"A",.,"A",1300,"D",15,"D",.,"A",.,"A",.,"A",.,"A"
"20153","02989294",16,0,"1",1950,"D",650,"D",.,"A",0,"D",0,"D",.,"A",.,"A",1300,"D",0,"D",.,"A",.,"A",.,"A",.,"A"
"20153","02989314",24,0,"1",975,"D",0,"D",.,"A",1560,"D",180,"D",.,"A",.,"A",975,"D",0,"D",.,"A",.,"A",.,"A",.,"A"
"20153","02989334",26,0,"1",1040,"D",65,"D",.,"A",130,"D",0,"D",.,"A",.,"A",975,"D",0,"D",.,"A",.,"A",.,"A",.,"A"
"20153","02989374",10,0,"1",2340,"D",520,"D",.,"A",1560,"D",0,"D",.,"A",.,"A",1820,"D",0,"D",.,"A",.,"A",.,"A",.,"A"
"20153","02989384",26,0,"1",1300,"D",260,"D",260,"D",455,"D",0,"D",.,"A",.,"A",1040,"D",0,"D",.,"A",.,"A",.,"A",.,"A"
"20153","02989485",27,0,"1",455,"D",52,"D",.,"A",195,"D",30,"D",.,"A",.,"A",403,"D",105,"D",.,"A",.,"A",.,"A",.,"A"
"20153","02989504",27,0,"1",390,"D",0,"D",.,"A",0,"D",0,"D",.,"A",.,"A",390,"D",0,"D",.,"A",.,"A",.,"A",.,"A"
"20153","02989554",28,0,"1",1235,"D",130,"D",.,"A",650,"D",92,"F",980,"D",.,"A",1105,"D",300,"D",35,"D",455,"D",.,"A",.,"A"
"20153","02989574",65,0,"1",3120,"D",130,"D",.,"A",780,"D",30,"D",.,"A",.,"A",2990,"D",60,"D",.,"A",.,"A",.,"A",.,"A"
"20153","02989594",43,0,"1",1430,"D",650,"D",.,"A",312,"D",0,"D",.,"A",.,"A",780,"D",300,"D",.,"A",.,"A",.,"A",.,"A"
"20153","02989654",17,0,"1",1300,"D",0,"D",.,"A",0,"D",0,"D",3640,"D",.,"A",1300,"D",0,"D",.,"A",.,"A",.,"A",.,"A"
"20153","02989744",22,0,"1",1300,"D",650,"D",130,"D",1300,"D",165,"F",.,"A",.,"A",650,"D",300,"D",30,"D",390,"D",.,"A",.,"A"
"20153","02989754",46,0,"1",3900,"D",260,"D",.,"A",325,"D",0,"D",.,"A",.,"A",3640,"D",0,"D",.,"A",.,"A",.,"A",.,"A"
"20153","02989784",31,0,"1",1950,"D",195,"D",.,"A",975,"D",0,"D",.,"A",.,"A",1755,"D",0,"D",.,"A",.,"A",.,"A",.,"A"
"20153","02989874",26,0,"1",2600,"D",650,"D",.,"A",0,"D",0,"D",.,"A",.,"A",1950,"D",0,"D",.,"A",.,"A",.,"A",.,"A"
"20153","02989894",25,0,"1",1300,"D",65,"D",.,"A",1040,"D",0,"D",.,"A",.,"A",1235,"D",0,"D",.,"A",.,"A",.,"A",.,"A"
"20153","02989924",18,0,"1",2600,"D",390,"D",.,"A",1300,"D",0,"D",.,"A",.,"A",2210,"D",0,"D",.,"A",.,"A",.,"A",.,"A"
"20153","02989964",58,0,"1",2717,"D",1404,"D",130,"D",1144,"D",0,"D",.,"A",.,"A",1313,"D",390,"D",.,"A",.,"A",.,"A",.,"A"
"20153","02989984",24,0,"1",1105,"D",130,"D",.,"A",130,"D",0,"D",.,"A",.,"A",975,"D",0,"D",.,"A",.,"A",.,"A",.,"A"
"20153","02990004",64,0,"1",1300,"D",130,"D",650,"D",325,"D",30,"D",.,"A",.,"A",1170,"D",270,"D",.,"A",.,"A",.,"A",.,"A"
"20153","02990024",38,0,"1",520,"D",130,"D",.,"A",1950,"D",0,"D",.,"A",.,"A",390,"D",0,"D",.,"A",.,"A",.,"A",.,"A"
"20153","02990034",26,0,"1",520,"D",104,"D",.,"A",0,"D",0,"D",.,"A",.,"A",416,"D",0,"D",.,"A",.,"A",.,"A",.,"A"
"20153","02990074",56,0,"1",325,"D",0,"D",195,"D",260,"D",0,"D",.,"A",.,"A",325,"D",0,"D",.,"A",.,"A",.,"A",.,"A"
"20153","02990094",37,0,"1",1560,"D",195,"D",.,"A",195,"D",0,"D",.,"A",.,"A",1365,"D",60,"D",70,"D",910,"D",.,"A",.,"A"
"20153","02990114",65,0,"1",1300,"D",130,"D",.,"A",1040,"D",0,"D",.,"A",.,"A",1170,"D",0,"D",.,"A",.,"A",.,"A",.,"A"
"20153","02990124",39,0,"1",2600,"D",520,"D",.,"A",780,"D",0,"D",.,"A",.,"A",2080,"D",0,"D",.,"A",.,"A",.,"A",.,"A"
"20153","02990174",32,0,"1",312,"D",13,"D",.,"A",117,"D",6,"D",.,"A",.,"A",299,"D",93,"D",.,"A",.,"A",.,"A",.,"A"
"20153","02990194",44,0,"1",1300,"D",520,"D",.,"A",260,"D",120,"D",.,"A",.,"A",780,"D",45,"D",.,"A",.,"A",65,"D",5,"D"
"20153","02990234",39,0,"1",4550,"D",650,"D",.,"A",520,"D",0,"D",.,"A",.,"A",3900,"D",0,"D",.,"A",.,"A",.,"A",.,"A"
"20153","02990264",52,0,"1",1755,"D",455,"D",.,"A",1300,"D",960,"D",.,"A",.,"A",1300,"D",45,"D",.,"A",.,"A",.,"A",.,"A"
"20153","02990274",24,0,"1",1820,"D",0,"D",.,"A",130,"D",0,"D",.,"A",.,"A",1820,"D",0,"D",.,"A",.,"A",.,"A",.,"A"
"20153","02990284",34,0,"1",2275,"D",260,"D",.,"A",1625,"D",0,"D",.,"A",.,"A",2015,"D",0,"D",.,"A",.,"A",.,"A",.,"A"
"20153","02990374",15,0,"1",1300,"D",260,"D",.,"A",130,"D",0,"D",.,"A",.,"A",1040,"D",0,"D",.,"A",.,"A",.,"A",.,"A"
"20153","02990414",25,0,"1",2210,"D",260,"D",.,"A",0,"D",0,"D",.,"A",.,"A",1950,"D",0,"D",.,"A",.,"A",.,"A",.,"A"
"20153","02990474",13,0,"1",1040,"D",130,"D",.,"A",650,"D",0,"D",.,"A",.,"A",910,"D",0,"D",20,"D",260,"D",.,"A",.,"A"
"20153","02990654",48,0,"1",1300,"D",130,"D",.,"A",650,"D",45,"D",.,"A",.,"A",1170,"D",30,"D",.,"A",.,"A",.,"A",.,"A"
"20153","02990664",49,0,"1",390,"D",130,"D",390,"D",260,"D",0,"D",.,"A",.,"A",260,"D",0,"D",.,"A",.,"A",.,"A",.,"A"
"20153","02990714",19,0,"1",650,"D",195,"D",.,"A",0,"D",0,"D",.,"A",.,"A",455,"D",0,"D",.,"A",.,"A",.,"A",.,"A"
"20153","02990724",27,0,"1",1300,"D",0,"D",.,"A",520,"D",0,"D",.,"A",.,"A",1300,"D",0,"D",.,"A",.,"A",.,"A",.,"A"
"20153","02990784",28,0,"1",455,"D",65,"D",260,"D",260,"D",0,"D",.,"A",.,"A",390,"D",0,"D",.,"A",.,"A",.,"A",.,"A"
"20153","02990814",15,0,"1",1300,"D",368,"F",.,"A",600,"F",0,"D",.,"A",.,"A",1384,"F",0,"D",.,"A",.,"A",.,"A",.,"A"
"20153","02990904",13,0,"1",520,"D",65,"D",.,"A",390,"D",0,"D",.,"A",.,"A",455,"D",0,"D",.,"A",.,"A",.,"A",.,"A"
"20153","02990944",22,0,"1",975,"D",195,"D",.,"A",260,"D",0,"D",.,"A",.,"A",780,"D",0,"D",.,"A",.,"A",.,"A",.,"A"
"20153","02990964",40,0,"1",1560,"D",520,"D",.,"A",910,"D",0,"D",.,"A",.,"A",1040,"D",72,"D",.,"A",.,"A",.,"A",.,"A"
"20153","02991074",65,0,"1",1560,"D",195,"D",.,"A",1300,"D",60,"D",.,"A",.,"A",1365,"D",60,"D",.,"A",.,"A",.,"A",.,"A"
"20153","02991154",54,0,"1",2600,"D",0,"D",.,"A",2990,"D",300,"D",.,"A",.,"A",2600,"D",300,"D",.,"A",.,"A",.,"A",.,"A"
"20153","02991234",28,0,"1",2080,"D",390,"D",.,"A",3250,"D",300,"D",.,"A",.,"A",1690,"D",300,"D",.,"A",.,"A",.,"A",.,"A"
"20153","02991294",25,0,"1",1950,"D",130,"D",.,"A",650,"D",0,"D",.,"A",.,"A",1820,"D",0,"D",.,"A",.,"A",.,"A",.,"A"
"20153","02991394",48,0,"1",1040,"D",325,"D",.,"A",130,"D",0,"D",.,"A",.,"A",715,"D",0,"D",.,"A",.,"A",.,"A",.,"A"
"20153","02991444",25,0,"1",780,"D",130,"D",130,"D",520,"D",45,"D",.,"A",.,"A",650,"D",45,"D",.,"A",.,"A",.,"A",.,"A"
"20153","02991494",33,0,"1",3250,"D",516,"F",.,"A",650,"D",0,"D",.,"A",.,"A",2357,"F",0,"D",.,"A",.,"A",.,"A",.,"A"
"20153","02991524",49,0,"1",2990,"D",1560,"D",.,"A",390,"D",0,"D",.,"A",.,"A",1430,"D",0,"D",.,"A",.,"A",.,"A",.,"A"
"20153","02991544",68,0,"1",1495,"D",0,"D",.,"A",1300,"D",75,"D",.,"A",.,"A",1495,"D",75,"D",.,"A",.,"A",.,"A",.,"A"
"20153","02991574",51,0,"1",1300,"D",130,"D",.,"A",910,"D",0,"D",.,"A",.,"A",1170,"D",0,"D",40,"D",520,"D",.,"A",.,"A"
"20153","02991584",35,0,"1",1092,"D",338,"D",.,"A",0,"D",0,"D",.,"A",.,"A",754,"D",0,"D",.,"A",.,"A",.,"A",.,"A"
"20153","02991654",47,0,"1",1300,"D",130,"D",.,"A",975,"D",0,"D",.,"A",.,"A",1170,"D",360,"D",.,"A",.,"A",.,"A",.,"A"
"20153","02991694",30,0,"1",845,"D",65,"D",.,"A",91,"D",0,"D",.,"A",.,"A",780,"D",60,"D",15,"D",195,"D",.,"A",.,"A"
"20153","02991794",34,0,"1",1560,"D",325,"D",.,"A",780,"D",0,"D",.,"A",.,"A",1235,"D",90,"D",.,"A",.,"A",.,"A",.,"A"
"20153","02991824",75,0,"1",3250,"D",520,"D",.,"A",910,"D",75,"D",.,"A",.,"A",2730,"D",150,"D",.,"A",.,"A",.,"A",.,"A"
"20153","02991874",14,0,"1",2925,"D",325,"D",325,"D",0,"D",0,"D",.,"A",.,"A",2600,"D",0,"D",.,"A",.,"A",.,"A",.,"A"
"20153","02991904",10,0,"1",780,"D",130,"D",.,"A",260,"D",0,"D",.,"A",.,"A",650,"D",0,"D",.,"A",.,"A",.,"A",.,"A"
"20153","02991914",10,0,"1",650,"D",455,"D",650,"D",975,"D",150,"D",.,"A",.,"A",195,"D",450,"D",50,"D",650,"D",.,"A",.,"A"
"20153","02991974",45,0,"1",2600,"D",325,"D",.,"A",650,"D",30,"D",.,"A",.,"A",2275,"D",150,"D",.,"A",.,"A",.,"A",.,"A"
"20153","02992034",27,0,"1",390,"D",130,"D",.,"A",650,"D",75,"D",.,"A",.,"A",260,"D",75,"D",.,"A",.,"A",.,"A",.,"A"
"20153","02992044",45,0,"1",338,"D",26,"D",.,"A",455,"D",0,"D",.,"A",.,"A",312,"D",0,"D",.,"A",.,"A",.,"A",.,"A"
"20153","02992064",55,0,"1",1300,"D",260,"D",.,"A",1560,"D",384,"D",.,"A",.,"A",1040,"D",248,"F",.,"A",.,"A",.,"A",.,"A"
"20153","02992084",85,0,"1",1690,"D",260,"D",.,"A",3900,"D",30,"D",.,"A",.,"A",1430,"D",0,"D",.,"A",.,"A",.,"A",.,"A"
"20153","02992094",35,0,"1",2210,"D",390,"D",.,"A",1300,"D",0,"D",.,"A",.,"A",1820,"D",120,"D",.,"A",.,"A",.,"A",.,"A"
"20153","02992114",62,0,"1",1040,"D",0,"D",424,"F",156,"D",0,"D",.,"A",.,"A",1040,"D",0,"D",.,"C",760,"F",.,"A",.,"A"
"20153","02992164",28,0,"1",975,"D",130,"D",.,"A",650,"D",0,"D",.,"A",.,"A",845,"D",150,"D",.,"A",.,"A",.,"A",.,"A"
"20153","02992184",12,0,"1",2600,"D",130,"D",260,"D",520,"D",0,"D",.,"A",.,"A",2470,"D",0,"D",.,"A",.,"A",.,"A",.,"A"
"20153","02992284",21,0,"1",1950,"D",0,"D",.,"A",325,"D",0,"D",.,"A",.,"A",1950,"D",0,"D",.,"A",.,"A",.,"A",.,"A"
"20153","02992344",37,0,"1",845,"D",195,"D",.,"A",260,"D",0,"D",.,"A",.,"A",650,"D",0,"D",.,"A",.,"A",.,"A",.,"A"
"20153","02992364",35,0,"1",1105,"D",0,"D",.,"A",364,"D",0,"D",.,"A",.,"A",1105,"D",0,"D",.,"A",.,"A",.,"A",.,"A"
"20153","02992434",47,0,"1",780,"D",130,"D",.,"A",130,"D",30,"D",.,"A",.,"A",650,"D",150,"D",.,"A",.,"A",.,"A",.,"A"
"20153","02992474",47,0,"1",650,"D",0,"D",.,"A",1040,"D",0,"D",.,"A",.,"A",650,"D",0,"D",.,"A",.,"A",.,"A",.,"A"
"20153","02992484",52,0,"1",1300,"D",325,"D",.,"A",650,"D",0,"D",.,"A",.,"A",975,"D",0,"D",.,"A",.,"A",.,"A",.,"A"
"20153","02992504",14,0,"1",1300,"D",195,"D",.,"A",0,"D",0,"D",.,"A",.,"A",1105,"D",0,"D",.,"A",.,"A",.,"A",.,"A"
"20153","02992554",35,0,"1",1625,"D",455,"D",.,"A",910,"D",0,"D",.,"A",.,"A",1170,"D",0,"D",.,"A",.,"A",.,"A",.,"A"
"20153","02992564",34,0,"1",1300,"D",130,"D",.,"A",650,"D",0,"D",.,"A",.,"A",1170,"D",0,"D",.,"A",.,"A",.,"A",.,"A"
"20153","02992604",33,0,"1",1300,"D",0,"D",.,"A",0,"D",0,"D",.,"A",.,"A",1300,"D",0,"D",.,"A",.,"A",.,"A",.,"A"
"20153","02992634",61,0,"1",910,"D",195,"D",130,"D",520,"D",90,"D",.,"A",.,"A",715,"D",60,"D",.,"A",.,"A",.,"A",.,"A"
"20153","02992664",25,0,"1",975,"D",130,"D",195,"D",195,"D",0,"D",.,"A",.,"A",845,"D",0,"D",.,"A",.,"A",.,"A",.,"A"
"20153","02992674",24,0,"1",1300,"D",520,"D",.,"A",26,"D",0,"D",.,"A",.,"A",780,"D",0,"D",.,"A",.,"A",.,"A",.,"A"
"20153","02992684",25,0,"1",1300,"D",325,"D",.,"A",195,"D",0,"D",.,"A",.,"A",975,"D",0,"D",50,"D",650,"D",195,"D",15,"D"
"20153","02992714",42,0,"1",2600,"D",0,"D",.,"A",1820,"D",360,"D",.,"A",.,"A",2600,"D",120,"D",200,"D",2600,"D",.,"A",.,"A"
"20153","02992724",18,0,"1",2600,"D",195,"D",.,"A",260,"D",0,"D",.,"A",.,"A",2405,"D",0,"D",.,"A",.,"A",.,"A",.,"A"
"20153","02992784",29,0,"1",780,"D",130,"D",130,"D",1300,"D",180,"D",.,"A",.,"A",650,"D",180,"D",.,"A",.,"A",.,"A",.,"A"
"20153","02992804",18,0,"1",520,"D",156,"D",169,"D",130,"D",0,"D",.,"A",.,"A",364,"D",0,"D",30,"D",390,"D",.,"A",.,"A"
"20153","02992814",37,0,"1",1300,"D",260,"D",.,"A",1040,"D",0,"D",.,"A",.,"A",1040,"D",0,"D",.,"A",.,"A",.,"A",.,"A"
"20153","02992864",31,0,"1",1300,"D",91,"D",.,"A",1300,"D",0,"D",.,"A",.,"A",1209,"D",0,"D",.,"A",.,"A",.,"A",.,"A"
"20153","02992874",58,0,"1",2015,"D",650,"D",.,"A",520,"D",21,"D",.,"A",.,"A",1365,"D",120,"D",.,"A",.,"A",.,"A",.,"A"
"20153","02992894",18,0,"1",3250,"D",0,"D",.,"A",130,"D",0,"D",.,"A",.,"A",3250,"D",0,"D",.,"A",.,"A",.,"A",.,"A"
"20153","02992904",42,0,"1",3900,"D",325,"D",260,"D",1300,"D",0,"D",.,"A",.,"A",3575,"D",0,"D",.,"A",.,"A",.,"A",.,"A"
"20153","02993024",27,0,"1",1560,"D",130,"D",.,"A",650,"D",0,"D",.,"A",.,"A",1430,"D",60,"D",20,"D",260,"D",.,"A",.,"A"
"20153","02993034",45,0,"1",845,"D",195,"D",.,"A",1300,"D",60,"D",.,"A",.,"A",650,"D",60,"D",70,"D",910,"D",.,"A",.,"A"
"20153","02993084",10,0,"1",0,"D",.,"A",.,"A",0,"D",0,"D",.,"A",.,"A",0,"D",0,"D",.,"A",.,"A",.,"A",.,"A"
"20153","02993114",72,0,"1",975,"D",195,"D",.,"A",1300,"D",0,"D",.,"A",.,"A",780,"D",0,"D",18,"D",234,"D",.,"A",.,"A"
"20153","02993144",33,0,"1",1690,"D",260,"D",.,"A",1300,"D",6,"D",.,"A",.,"A",1430,"D",6,"D",.,"A",.,"A",.,"A",.,"A"
"20153","02993164",25,0,"1",1950,"D",130,"D",.,"A",260,"D",0,"D",.,"A",.,"A",1820,"D",0,"D",.,"A",.,"A",.,"A",.,"A"
"20153","02993204",22,0,"1",2600,"D",650,"D",.,"A",1300,"D",0,"D",.,"A",.,"A",1950,"D",0,"D",60,"D",780,"D",.,"A",.,"A"
"20153","02993274",15,0,"1",650,"D",0,"D",.,"A",910,"D",0,"D",.,"A",.,"A",650,"D",120,"D",.,"A",.,"A",.,"A",.,"A"
"20153","02993304",14,0,"1",390,"D",173,"F",.,"A",0,"D",0,"D",.,"A",.,"A",623,"F",0,"D",.,"A",.,"A",.,"A",.,"A"
"20153","02993324",43,0,"1",2600,"D",195,"D",.,"A",1040,"D",0,"D",420,"D",.,"A",2405,"D",0,"D",.,"A",.,"A",.,"A",.,"A"
"20153","02993334",10,0,"1",780,"D",130,"D",.,"A",0,"D",6,"D",.,"A",.,"A",650,"D",6,"D",.,"A",.,"A",.,"A",.,"A"
"20153","02993354",46,0,"1",2275,"D",325,"D",.,"A",520,"D",6,"D",.,"A",.,"A",1950,"D",75,"D",.,"A",.,"A",.,"A",.,"A"
"20153","02993434",53,0,"1",1625,"D",780,"D",.,"A",260,"D",0,"D",.,"A",.,"A",845,"D",0,"D",.,"A",.,"A",.,"A",.,"A"
"20153","02993464",21,0,"1",910,"D",260,"D",.,"A",260,"D",0,"D",.,"A",.,"A",650,"D",0,"D",20,"D",260,"D",.,"A",.,"A"
"20153","02993474",52,0,"1",2600,"D",650,"D",.,"A",650,"D",0,"D",.,"A",.,"A",1950,"D",300,"D",.,"A",.,"A",.,"A",.,"A"
"20153","02993534",55,0,"1",481,"D",0,"D",.,"A",130,"D",0,"D",.,"A",.,"A",481,"D",0,"D",.,"A",.,"A",.,"A",.,"A"
"20153","02993574",29,0,"1",2340,"D",130,"D",.,"A",650,"D",0,"D",.,"A",.,"A",2210,"D",285,"D",.,"A",.,"A",.,"A",.,"A"
"20153","02993614",18,0,"1",919,"F",.,"A",.,"A",0,"D",0,"D",.,"A",.,"A",741,"F",0,"D",.,"A",.,"A",.,"A",.,"A"
"20153","02993684",17,0,"1",650,"D",130,"D",.,"A",260,"D",300,"D",.,"A",.,"A",520,"D",150,"D",.,"A",.,"A",.,"A",.,"A"
"20153","02993754",33,0,"1",2340,"D",1300,"D",.,"A",0,"D",0,"D",.,"A",.,"A",1040,"D",72,"D",20,"D",260,"D",.,"A",.,"A"
"20153","02993814",83,0,"1",1625,"D",0,"D",.,"A",1040,"D",0,"D",.,"A",.,"A",1625,"D",75,"D",.,"A",.,"A",.,"A",.,"A"
"20153","02993834",65,0,"1",1625,"D",468,"D",195,"D",156,"D",0,"D",.,"A",.,"A",1157,"D",0,"D",.,"A",.,"A",.,"A",.,"A"
"20153","02993874",18,0,"1",3250,"D",520,"D",.,"A",0,"D",0,"D",.,"A",.,"A",2730,"D",300,"D",.,"A",.,"A",.,"A",.,"A"
"20153","02993894",19,0,"1",1560,"D",260,"D",.,"A",0,"D",0,"D",.,"A",.,"A",1300,"D",0,"D",.,"A",.,"A",.,"A",.,"A"
"20153","02993944",17,0,"1",975,"D",274,"F",.,"A",0,"D",0,"D",.,"A",.,"A",976,"F",0,"D",.,"A",.,"A",.,"A",.,"A"
"20153","02993964",54,0,"1",1690,"D",325,"D",.,"A",650,"D",150,"D",.,"A",.,"A",1365,"D",150,"D",.,"A",.,"A",.,"A",.,"A"
"20153","02993984",22,0,"1",1950,"D",195,"D",.,"A",520,"D",0,"D",.,"A",.,"A",1755,"D",0,"D",.,"A",.,"A",.,"A",.,"A"
"20153","02994004",35,0,"1",1950,"D",260,"D",.,"A",260,"D",0,"D",.,"A",.,"A",1690,"D",0,"D",.,"A",.,"A",520,"D",40,"D"
"20153","02994054",47,0,"1",481,"D",104,"D",.,"A",637,"D",0,"D",.,"A",.,"A",377,"D",0,"D",.,"A",.,"A",.,"A",.,"A"
"20153","02994094",23,0,"1",3900,"D",975,"D",.,"A",260,"D",0,"D",343,"F",.,"A",2925,"D",240,"D",.,"A",.,"A",.,"A",.,"A"
"20153","02994204",47,0,"1",1950,"D",260,"D",260,"D",585,"D",60,"D",.,"A",.,"A",1690,"D",120,"D",.,"A",.,"A",.,"A",.,"A"
"20153","02994224",48,0,"1",520,"D",130,"D",195,"D",0,"D",0,"D",.,"A",.,"A",390,"D",0,"D",.,"A",.,"A",.,"A",.,"A"
"20153","02994244",25,0,"1",1300,"D",520,"D",.,"A",520,"D",90,"D",.,"A",.,"A",780,"D",240,"D",.,"A",.,"A",.,"A",.,"A"
"20153","02994254",14,0,"1",877,"F",.,"A",.,"A",409,"F",92,"F",.,"A",.,"A",709,"F",104,"F",.,"A",.,"A",.,"A",.,"A"
"20153","02994264",36,0,"1",1950,"D",390,"D",.,"A",1300,"D",240,"D",.,"A",.,"A",1560,"D",480,"D",.,"A",.,"A",.,"A",.,"A"
"20153","02994294",20,0,"1",520,"D",130,"D",.,"A",1300,"D",0,"D",.,"A",.,"A",390,"D",0,"D",.,"A",.,"A",.,"A",.,"A"
"20153","02994304",21,0,"1",1950,"D",274,"F",.,"A",449,"F",143,"F",.,"A",.,"A",976,"F",116,"F",.,"A",.,"A",.,"A",.,"A"
"20153","02994324",42,0,"1",3250,"D",975,"D",.,"A",1300,"D",0,"D",.,"A",.,"A",2275,"D",0,"D",.,"A",.,"A",.,"A",.,"A"
"20153","02994344",16,0,"1",650,"D",0,"D",65,"D",0,"D",0,"D",.,"A",.,"A",650,"D",0,"D",.,"A",.,"A",.,"A",.,"A"
"20153","02994444",41,0,"1",1300,"D",260,"D",.,"A",650,"D",0,"D",.,"A",.,"A",1040,"D",30,"D",.,"A",.,"A",.,"A",.,"A"
"20153","02994464",23,0,"1",650,"D",260,"D",.,"A",0,"D",0,"D",.,"A",.,"A",390,"D",0,"D",.,"A",.,"A",.,"A",.,"A"
"20153","02994475",18,0,"1",1560,"D",260,"D",.,"A",260,"D",0,"D",.,"A",.,"A",1300,"D",0,"D",.,"A",.,"A",.,"A",.,"A"
"20153","02994534",45,0,"1",975,"D",195,"D",195,"D",260,"D",0,"D",.,"A",.,"A",780,"D",0,"D",.,"A",.,"A",.,"A",.,"A"
"20153","02994554",33,0,"1",585,"D",65,"D",.,"A",390,"D",450,"D",.,"A",.,"A",520,"D",90,"D",.,"A",.,"A",.,"A",.,"A"
"20153","02994564",39,0,"1",650,"D",195,"D",.,"A",260,"D",0,"D",.,"A",.,"A",455,"D",6,"D",.,"A",.,"A",.,"A",.,"A"
"20153","02994574",20,0,"1",1950,"D",260,"D",.,"A",650,"D",0,"D",.,"A",.,"A",1690,"D",0,"D",.,"A",.,"A",.,"A",.,"A"
"20153","02994734",29,0,"1",585,"D",0,"D",65,"D",0,"D",0,"D",.,"A",.,"A",585,"D",0,"D",.,"A",.,"A",.,"A",.,"A"
"20153","02994774",16,0,"1",910,"D",195,"D",.,"A",0,"D",0,"D",.,"A",.,"A",715,"D",0,"D",.,"A",.,"A",.,"A",.,"A"
"20153","02994824",55,0,"1",1300,"D",390,"D",.,"A",650,"D",0,"D",.,"A",.,"A",910,"D",120,"D",.,"A",.,"A",.,"A",.,"A"
"20153","02994864",45,0,"1",520,"D",260,"D",.,"A",1300,"D",0,"D",.,"A",.,"A",260,"D",0,"D",.,"A",.,"A",.,"A",.,"A"
"20153","02994884",19,0,"1",3900,"D",1300,"D",.,"A",260,"D",0,"D",.,"A",.,"A",2600,"D",0,"D",9,"D",117,"D",.,"A",.,"A"
"20153","02994904",17,0,"1",1560,"D",520,"D",.,"A",509,"F",15,"D",.,"A",.,"A",1040,"D",135,"D",31,"D",403,"D",.,"A",.,"A"
"20153","02994964",21,0,"1",390,"D",65,"D",.,"A",130,"D",0,"D",.,"A",.,"A",325,"D",0,"D",.,"A",.,"A",.,"A",.,"A"
"20153","02994974",57,0,"1",1950,"D",455,"D",.,"A",325,"D",0,"D",.,"A",120,"D",1495,"D",600,"D",56,"D",728,"D",.,"A",.,"A"
"20153","02995004",16,0,"1",780,"D",0,"D",.,"A",0,"D",0,"D",.,"A",.,"A",780,"D",0,"D",.,"A",.,"A",.,"A",.,"A"
"20153","02995024",49,0,"1",1950,"D",325,"D",.,"A",3250,"D",0,"D",.,"A",.,"A",1625,"D",114,"D",52,"D",676,"D",325,"D",25,"D"
"20153","02995034",22,0,"1",1950,"D",520,"D",.,"A",0,"D",0,"D",.,"A",.,"A",1430,"D",0,"D",.,"A",.,"A",.,"A",.,"A"
"20153","02995054",48,0,"1",1625,"D",520,"D",.,"A",650,"D",0,"D",.,"A",.,"A",1105,"D",120,"D",.,"A",.,"A",.,"A",.,"A"
"20153","02995064",55,0,"1",1950,"D",390,"D",.,"A",1300,"D",0,"D",.,"A",.,"A",1560,"D",0,"D",.,"A",.,"A",.,"A",.,"A"
"20153","02995124",31,0,"1",1950,"D",390,"D",.,"A",1300,"D",300,"D",200,"D",.,"A",1560,"D",90,"D",.,"A",.,"A",.,"A",.,"A"
"20153","02995184",22,0,"1",702,"D",130,"D",.,"A",0,"D",0,"D",.,"A",.,"A",572,"D",0,"D",.,"A",.,"A",.,"A",.,"A"
"20153","02995194",12,0,"1",520,"D",65,"D",.,"A",260,"D",0,"D",.,"A",.,"A",455,"D",42,"D",.,"A",.,"A",.,"A",.,"A"
"20153","02995214",33,0,"1",1950,"D",650,"D",260,"D",65,"D",0,"D",.,"A",.,"A",1300,"D",45,"D",42,"D",546,"D",.,"A",.,"A"
"20153","02995254",42,0,"1",1625,"D",1105,"D",.,"A",975,"D",0,"D",.,"A",.,"A",520,"D",300,"D",27,"D",351,"D",.,"A",.,"A"
"20153","02995274",35,0,"1",650,"D",260,"D",.,"A",130,"D",0,"D",.,"A",.,"A",390,"D",360,"D",.,"A",.,"A",.,"A",.,"A"
"20153","02995284",23,0,"1",325,"D",130,"D",.,"A",650,"D",0,"D",.,"A",.,"A",195,"D",0,"D",.,"A",.,"A",.,"A",.,"A"
"20153","02995314",92,0,"1",3250,"D",650,"D",325,"D",2600,"D",120,"D",.,"A",.,"A",2600,"D",210,"D",.,"A",.,"A",.,"A",.,"A"
"20153","02995364",30,0,"1",1170,"D",295,"F",.,"A",0,"D",0,"D",.,"A",.,"A",1097,"F",0,"D",.,"A",.,"A",.,"A",.,"A"
"20153","02995374",34,0,"1",1300,"D",130,"D",.,"A",455,"D",0,"D",.,"A",.,"A",1170,"D",0,"D",.,"A",.,"A",.,"A",.,"A"
"20153","02995404",33,0,"1",2600,"D",0,"D",130,"D",390,"D",0,"D",.,"A",.,"A",2600,"D",0,"D",.,"A",.,"A",.,"A",.,"A"
"20153","02995414",20,0,"1",1300,"D",325,"D",.,"A",325,"D",0,"D",.,"A",.,"A",975,"D",0,"D",.,"A",.,"A",.,"A",.,"A"
"20153","02995434",31,0,"1",2600,"D",325,"D",260,"D",650,"D",150,"D",.,"A",.,"A",2275,"D",75,"D",.,"A",.,"A",.,"A",.,"A"
"20153","02995454",69,0,"1",2275,"D",325,"D",.,"A",2925,"D",300,"D",.,"A",.,"A",1950,"D",150,"D",.,"A",.,"A",65,"D",5,"D"
"20153","02995634",58,0,"1",1300,"D",390,"D",.,"A",650,"D",75,"D",1170,"D",.,"A",910,"D",75,"D",.,"A",.,"A",.,"A",.,"A"
"20153","02995684",66,0,"1",1950,"D",390,"D",.,"A",3900,"D",360,"D",.,"A",.,"A",1560,"D",60,"D",10,"D",130,"D",.,"A",.,"A"
"20153","02995774",27,0,"1",1495,"D",295,"F",289,"F",0,"D",140,"F",.,"A",.,"A",1097,"F",158,"F",.,"A",.,"A",.,"A",.,"A"
"20153","02995824",35,0,"1",1950,"D",325,"D",.,"A",325,"D",30,"D",.,"A",.,"A",1625,"D",360,"D",.,"A",.,"A",.,"A",.,"A"
"20153","02995914",29,0,"1",520,"D",130,"D",130,"D",260,"D",0,"D",.,"A",.,"A",390,"D",0,"D",24,"D",312,"D",.,"A",.,"A"
"20153","02995924",28,0,"1",1300,"D",325,"D",130,"D",130,"D",0,"D",.,"A",.,"A",975,"D",0,"D",.,"A",.,"A",.,"A",.,"A"
"20153","02995934",29,0,"1",650,"D",260,"D",390,"D",1950,"D",0,"D",.,"A",.,"A",390,"D",0,"D",.,"A",.,"A",.,"A",.,"A"
"20153","02995984",29,0,"1",845,"D",65,"D",.,"A",260,"D",0,"D",.,"A",.,"A",780,"D",15,"D",.,"A",.,"A",.,"A",.,"A"
"20153","02996024",31,0,"1",5200,"D",390,"D",.,"A",650,"D",0,"D",.,"A",.,"A",4810,"D",0,"D",.,"A",.,"A",.,"A",.,"A"
"20153","02996044",96,0,"1",1950,"D",650,"D",650,"D",390,"D",0,"D",.,"A",.,"A",1300,"D",360,"D",.,"A",.,"A",.,"A",.,"A"
"20153","02996074",25,0,"1",1625,"D",195,"D",.,"A",585,"D",90,"D",.,"A",.,"A",1430,"D",300,"D",.,"A",.,"A",.,"A",.,"A"
"20153","02996094",38,0,"1",1625,"D",0,"D",26,"D",325,"D",60,"D",.,"A",.,"A",1625,"D",120,"D",.,"A",.,"A",.,"A",.,"A"
"20153","02996104",41,0,"1",2600,"D",0,"D",130,"D",260,"D",0,"D",.,"A",.,"A",2600,"D",0,"D",.,"A",.,"A",.,"A",.,"A"
"20153","02996144",43,0,"1",780,"D",195,"D",.,"A",585,"D",0,"D",.,"A",.,"A",585,"D",0,"D",.,"A",.,"A",.,"A",.,"A"
"20153","02996164",60,0,"1",1690,"D",390,"D",.,"A",780,"D",90,"D",.,"A",.,"A",1300,"D",21,"D",25,"D",325,"D",325,"D",25,"D"
"20153","02996194",15,0,"1",650,"D",130,"D",.,"A",0,"D",0,"D",.,"A",.,"A",520,"D",0,"D",.,"A",.,"A",.,"A",.,"A"
"20153","02996214",57,0,"1",1560,"D",390,"D",130,"D",650,"D",30,"D",.,"A",.,"A",1170,"D",0,"D",.,"A",.,"A",156,"D",12,"D"
"20153","02996264",49,0,"1",1561,"F",.,"A",391,"F",757,"F",162,"F",.,"A",.,"A",1315,"F",175,"F",.,"A",.,"A",.,"A",.,"A"
"20153","02996285",24,0,"1",780,"D",130,"D",.,"A",975,"D",150,"D",.,"A",.,"A",650,"D",150,"D",.,"A",.,"A",.,"A",.,"A"
"20153","02996324",34,0,"1",975,"D",0,"D",.,"A",325,"D",60,"D",.,"A",.,"A",975,"D",300,"D",.,"A",.,"A",.,"A",.,"A"
"20153","02996384",17,0,"1",1300,"D",260,"D",.,"A",0,"D",0,"D",.,"A",.,"A",1040,"D",0,"D",.,"A",.,"A",.,"A",.,"A"
"20153","02996394",30,0,"1",520,"D",65,"D",.,"A",3250,"D",0,"D",.,"A",.,"A",455,"D",0,"D",.,"A",.,"A",.,"A",.,"A"
"20153","02996424",15,0,"1",650,"D",295,"F",.,"A",509,"F",0,"D",.,"A",.,"A",1097,"F",0,"D",.,"A",.,"A",.,"A",.,"A"
"20153","02996514",47,0,"1",1560,"D",0,"D",.,"A",390,"D",0,"D",.,"A",.,"A",1560,"D",0,"D",.,"A",.,"A",.,"A",.,"A"
"20153","02996544",24,0,"1",2925,"D",325,"D",.,"A",1950,"D",0,"D",.,"A",.,"A",2600,"D",0,"D",.,"A",.,"A",.,"A",.,"A"
"20153","02996554",39,0,"1",650,"D",130,"D",.,"A",650,"D",0,"D",.,"A",.,"A",520,"D",0,"D",.,"A",.,"A",.,"A",.,"A"
"20153","02996564",28,0,"1",1300,"D",390,"D",650,"D",1300,"D",150,"D",.,"A",.,"A",910,"D",300,"D",.,"A",.,"A",.,"A",.,"A"
"20153","02996574",29,0,"1",325,"D",65,"D",.,"A",0,"D",0,"D",.,"A",.,"A",260,"D",0,"D",25,"D",325,"D",.,"A",.,"A"
"20153","02996634",26,0,"1",1950,"D",650,"D",.,"A",130,"D",0,"D",.,"A",.,"A",1300,"D",0,"D",.,"A",.,"A",.,"A",.,"A"
"20153","02996704",24,0,"1",1430,"D",260,"D",.,"A",1300,"D",900,"D",.,"A",.,"A",1170,"D",60,"D",.,"A",.,"A",.,"A",.,"A"
"20153","02996814",33,0,"1",650,"D",130,"D",130,"D",650,"D",45,"D",.,"A",.,"A",520,"D",60,"D",.,"A",.,"A",.,"A",.,"A"
"20153","02996824",45,0,"1",1950,"D",195,"D",.,"A",1300,"D",30,"D",.,"A",.,"A",1755,"D",60,"D",.,"A",.,"A",.,"A",.,"A"
"20153","02996834",38,0,"1",3900,"D",390,"D",1300,"D",1300,"D",0,"D",.,"A",.,"A",3510,"D",150,"D",.,"A",.,"A",.,"A",.,"A"
"20153","02996954",23,0,"1",585,"D",130,"D",130,"D",0,"D",0,"D",.,"A",.,"A",455,"D",0,"D",.,"A",.,"A",.,"A",.,"A"
"20153","02997054",15,0,"1",1300,"D",445,"F",.,"A",835,"F",127,"F",.,"A",85,"F",1438,"F",194,"F",.,"A",.,"A",.,"A",.,"A"
"20153","02997074",61,0,"1",3250,"D",650,"D",.,"A",2600,"D",60,"D",.,"A",.,"A",2600,"D",60,"D",.,"A",.,"A",.,"A",.,"A"
"20153","02997084",44,0,"1",2600,"D",715,"D",.,"A",1300,"D",0,"D",.,"A",.,"A",1885,"D",0,"D",.,"A",.,"A",.,"A",.,"A"
"20153","02997114",18,0,"1",1950,"D",130,"D",.,"A",1300,"D",0,"D",.,"A",.,"A",1820,"D",0,"D",.,"A",.,"A",.,"A",.,"A"
"20153","02997124",81,0,"1",1950,"D",650,"D",.,"A",117,"D",6,"D",.,"A",.,"A",1300,"D",6,"D",.,"A",.,"A",.,"A",.,"A"
"20153","02997154",30,0,"1",2600,"D",520,"D",.,"A",1560,"D",0,"D",.,"A",.,"A",2080,"D",0,"D",.,"A",.,"A",.,"A",.,"A"
"20153","02997164",51,0,"1",1950,"D",0,"D",65,"D",260,"D",0,"D",.,"A",.,"A",1950,"D",72,"D",25,"D",325,"D",.,"A",.,"A"
"20153","02997174",9,0,"1",39,"D",0,"D",.,"A",0,"D",0,"D",.,"A",.,"A",39,"D",0,"D",.,"A",.,"A",.,"A",.,"A"
"20153","02997234",35,0,"1",3900,"D",390,"D",.,"A",1040,"D",150,"D",.,"A",.,"A",3510,"D",150,"D",.,"A",.,"A",.,"A",.,"A"
"20153","02997244",39,0,"1",845,"D",195,"D",.,"A",1300,"D",0,"D",.,"A",.,"A",650,"D",0,"D",10,"D",130,"D",.,"A",.,"A"
"20153","02997374",41,0,"1",2340,"D",585,"D",.,"A",1040,"D",0,"D",.,"A",.,"A",1755,"D",0,"D",.,"A",.,"A",.,"A",.,"A"
"20153","02997384",23,0,"1",1950,"D",390,"D",.,"A",260,"D",0,"D",.,"A",.,"A",1560,"D",15,"D",.,"A",.,"A",.,"A",.,"A"
"20153","02997454",73,0,"1",5200,"D",1300,"D",.,"A",1300,"D",0,"D",.,"A",.,"A",3900,"D",0,"D",.,"A",.,"A",.,"A",.,"A"
"20153","02997474",37,0,"1",1560,"D",65,"D",195,"D",780,"D",0,"D",.,"A",.,"A",1495,"D",0,"D",.,"A",.,"A",.,"A",.,"A"
"20153","02997484",10,0,"1",1040,"D",325,"D",.,"A",0,"D",0,"D",.,"A",.,"A",715,"D",60,"D",.,"A",.,"A",.,"A",.,"A"
"20153","02997504",19,0,"1",780,"D",260,"D",.,"A",1300,"D",0,"D",.,"A",.,"A",520,"D",240,"D",.,"A",.,"A",.,"A",.,"A"
"20153","02997564",32,0,"1",650,"D",260,"D",650,"D",260,"D",600,"D",.,"A",.,"A",390,"D",300,"D",20,"D",260,"D",.,"A",.,"A"
"20153","02997584",36,0,"1",2080,"D",390,"D",.,"A",780,"D",0,"D",.,"A",.,"A",1690,"D",0,"D",.,"A",.,"A",.,"A",.,"A"
"20153","02997604",46,0,"1",975,"D",0,"D",.,"A",1105,"D",0,"D",.,"A",.,"A",975,"D",0,"D",30,"D",390,"D",39,"D",3,"D"
"20153","02997624",39,0,"1",650,"D",130,"D",.,"A",325,"D",6,"D",.,"A",.,"A",520,"D",6,"D",.,"A",.,"A",.,"A",.,"A"
"20153","02997654",30,0,"1",650,"D",65,"D",.,"A",390,"D",0,"D",.,"A",.,"A",585,"D",0,"D",.,"A",.,"A",.,"A",.,"A"
"20153","02997664",16,0,"1",650,"D",220,"F",313,"F",130,"D",167,"F",.,"A",.,"A",745,"F",134,"F",.,"A",.,"A",.,"A",.,"A"
"20153","02997674",27,0,"1",2600,"D",0,"D",.,"A",325,"D",0,"D",.,"A",.,"A",2600,"D",0,"D",50,"D",650,"D",.,"A",.,"A"
"20153","02997694",44,0,"1",1040,"D",195,"D",.,"A",650,"D",0,"D",.,"A",.,"A",845,"D",0,"D",.,"A",.,"A",.,"A",.,"A"
"20153","02997704",18,0,"1",1040,"D",195,"D",.,"A",130,"D",0,"D",.,"A",.,"A",845,"D",60,"D",.,"A",.,"A",.,"A",.,"A"
"20153","02997714",30,0,"1",1950,"D",325,"D",.,"A",0,"D",0,"D",.,"A",.,"A",1625,"D",0,"D",.,"A",.,"A",.,"A",.,"A"
"20153","02997724",18,0,"1",1040,"D",130,"D",.,"A",325,"D",0,"D",.,"A",.,"A",910,"D",0,"D",.,"A",.,"A",.,"A",.,"A"
"20153","02997764",29,0,"1",2600,"D",325,"D",.,"A",0,"D",6,"D",.,"A",.,"A",2275,"D",6,"D",.,"A",.,"A",.,"A",.,"A"
"20153","02997784",30,0,"1",1950,"D",0,"D",.,"A",650,"D",60,"D",.,"A",.,"A",1950,"D",150,"D",.,"A",.,"A",.,"A",.,"A"
"20153","02997794",37,0,"1",585,"D",65,"D",390,"D",0,"D",0,"D",.,"A",.,"A",520,"D",15,"D",10,"D",130,"D",.,"A",.,"A"
"20153","02997804",16,0,"1",1950,"D",650,"D",.,"A",520,"D",0,"D",.,"A",.,"A",1300,"D",60,"D",.,"A",.,"A",.,"A",.,"A"
"20153","02997814",14,0,"1",1105,"D",260,"D",.,"A",1300,"D",75,"D",.,"A",.,"A",845,"D",30,"D",.,"A",.,"A",.,"A",.,"A"
"20153","02997854",52,0,"1",1040,"D",260,"D",.,"A",130,"D",0,"D",.,"A",.,"A",780,"D",75,"D",.,"A",.,"A",.,"A",.,"A"
"20153","02997874",42,0,"1",2232,"F",.,"A",.,"A",799,"F",127,"F",.,"A",.,"A",1866,"F",120,"F",.,"A",.,"A",.,"A",.,"A"
"20153","02997904",18,0,"1",1300,"D",195,"D",.,"A",325,"D",0,"D",.,"A",.,"A",1105,"D",30,"D",.,"A",.,"A",.,"A",.,"A"
"20153","02997924",33,0,"1",3900,"D",650,"D",.,"A",585,"D",0,"D",.,"A",.,"A",3250,"D",0,"D",.,"A",.,"A",.,"A",.,"A"
"20153","02997974",11,0,"1",2232,"F",.,"A",.,"A",799,"F",127,"F",.,"A",.,"A",1866,"F",120,"F",.,"A",.,"A",.,"A",.,"A"
"20153","02997984",23,0,"1",1950,"D",130,"D",130,"D",0,"D",0,"D",.,"A",.,"A",1820,"D",30,"D",.,"A",.,"A",.,"A",.,"A"
"20153","02997994",42,0,"1",1300,"D",130,"D",.,"A",260,"D",60,"D",.,"A",.,"A",1170,"D",90,"D",.,"A",.,"A",.,"A",.,"A"
"20153","02998014",23,0,"1",3900,"D",1300,"D",.,"A",325,"D",0,"D",.,"A",.,"A",2600,"D",0,"D",.,"A",.,"A",.,"A",.,"A"
"20153","02998024",46,0,"1",520,"D",0,"D",.,"A",520,"D",0,"D",.,"A",.,"A",520,"D",0,"D",50,"D",650,"D",.,"A",.,"A"
"20153","02998034",68,0,"1",2080,"D",390,"D",.,"A",1950,"D",0,"D",.,"A",.,"A",1690,"D",0,"D",.,"A",.,"A",.,"A",.,"A"
"20153","02998124",26,0,"1",1300,"D",130,"D",.,"A",650,"D",0,"D",.,"A",.,"A",1170,"D",0,"D",.,"A",.,"A",.,"A",.,"A"
"20153","02998164",18,0,"1",1300,"D",130,"D",.,"A",0,"D",0,"D",.,"A",.,"A",1170,"D",60,"D",30,"D",390,"D",.,"A",.,"A"
"20153","02998204",11,0,"1",1300,"D",0,"D",.,"A",313,"F",0,"D",.,"A",.,"A",1300,"D",0,"D",.,"A",.,"A",.,"A",.,"A"
"20153","02998244",52,0,"1",3250,"D",650,"D",.,"A",260,"D",0,"D",.,"A",.,"A",2600,"D",0,"D",.,"A",.,"A",.,"A",.,"A"
"20153","02998274",63,0,"1",1079,"D",260,"D",.,"A",91,"D",0,"D",.,"A",.,"A",819,"D",0,"D",.,"A",.,"A",.,"A",.,"A"
"20153","02998284",26,0,"1",650,"D",130,"D",.,"A",260,"D",0,"D",.,"A",.,"A",520,"D",75,"D",.,"A",.,"A",.,"A",.,"A"
"20153","02998304",40,0,"1",650,"D",130,"D",.,"A",390,"D",0,"D",.,"A",.,"A",520,"D",0,"D",70,"D",910,"D",.,"A",.,"A"
"20153","02998334",30,0,"1",1950,"D",130,"D",.,"A",260,"D",0,"D",.,"A",.,"A",1820,"D",0,"D",.,"A",.,"A",.,"A",.,"A"
"20153","02998354",8,0,"1",0,"D",.,"A",.,"A",0,"D",6,"D",.,"A",.,"A",0,"D",6,"D",.,"A",.,"A",.,"A",.,"A"
"20153","02998394",41,0,"1",5200,"D",1300,"D",585,"D",1950,"D",0,"D",.,"A",.,"A",3900,"D",36,"D",30,"D",390,"D",.,"A",.,"A"
"20153","02998454",39,0,"1",2600,"D",325,"D",.,"A",650,"D",75,"D",.,"A",.,"A",2275,"D",600,"D",.,"A",.,"A",.,"A",.,"A"
"20153","02998474",12,0,"1",1040,"D",0,"D",.,"A",195,"D",0,"D",.,"A",.,"A",1040,"D",0,"D",.,"A",.,"A",.,"A",.,"A"
"20153","02998514",35,0,"1",1950,"D",195,"D",.,"A",650,"D",0,"D",.,"A",.,"A",1755,"D",300,"D",.,"A",.,"A",.,"A",.,"A"
"20153","02998544",42,0,"1",1430,"D",325,"D",65,"D",390,"D",600,"D",.,"A",.,"A",1105,"D",180,"D",.,"A",.,"A",.,"A",.,"A"
"20153","02998674",30,0,"1",1300,"D",260,"D",.,"A",390,"D",150,"D",.,"A",.,"A",1040,"D",0,"D",35,"D",455,"D",.,"A",.,"A"
"20153","02998684",28,0,"1",975,"D",195,"D",156,"D",650,"D",90,"D",.,"A",.,"A",780,"D",60,"D",.,"A",.,"A",.,"A",.,"A"
"20153","02998724",52,0,"1",1950,"D",650,"D",.,"A",325,"D",0,"D",.,"A",.,"A",1300,"D",42,"D",.,"A",.,"A",.,"A",.,"A"
"20153","02998804",20,0,"1",1300,"D",130,"D",.,"A",0,"D",0,"D",.,"A",.,"A",1170,"D",0,"D",80,"D",1040,"D",.,"A",.,"A"
"20153","02998814",72,0,"1",1300,"D",260,"D",.,"A",975,"D",0,"D",.,"A",144,"D",1040,"D",60,"D",.,"A",.,"A",.,"A",.,"A"
"20153","02998824",44,0,"1",780,"D",104,"D",.,"A",650,"D",0,"D",.,"A",.,"A",676,"D",0,"D",.,"A",.,"A",.,"A",.,"A"
"20153","02998844",45,0,"1",3250,"D",650,"D",.,"A",845,"D",0,"D",.,"A",.,"A",2600,"D",0,"D",.,"A",.,"A",.,"A",.,"A"
"20153","02998934",33,0,"1",2600,"D",325,"D",390,"D",650,"D",0,"D",.,"A",.,"A",2275,"D",0,"D",.,"A",.,"A",.,"A",.,"A"
"20153","02999024",17,0,"1",975,"D",195,"D",.,"A",260,"D",0,"D",.,"A",.,"A",780,"D",0,"D",14,"D",182,"D",.,"A",.,"A"
"20153","02999074",33,0,"1",2600,"D",390,"D",.,"A",650,"D",0,"D",.,"A",240,"D",2210,"D",240,"D",.,"A",.,"A",.,"A",.,"A"
"20153","02999164",24,0,"1",195,"D",0,"D",.,"A",78,"D",0,"D",.,"A",.,"A",195,"D",6,"D",.,"A",.,"A",.,"A",.,"A"
"20153","02999174",29,0,"1",650,"D",260,"D",.,"A",1300,"D",90,"D",.,"A",.,"A",390,"D",0,"D",.,"A",.,"A",.,"A",.,"A"
"20153","02999204",34,0,"1",1560,"D",260,"D",130,"D",260,"D",0,"D",.,"A",60,"D",1300,"D",60,"D",.,"A",.,"A",.,"A",.,"A"
"20153","02999254",48,0,"1",1560,"D",260,"D",.,"A",260,"D",0,"D",.,"A",.,"A",1300,"D",0,"D",.,"A",.,"A",.,"A",.,"A"
"20153","02999294",33,0,"1",1755,"D",130,"D",.,"A",1300,"D",300,"D",.,"A",.,"A",1625,"D",300,"D",.,"C",468,"F",130,"D",10,"D"
"20153","02999324",10,0,"1",1170,"D",260,"D",.,"A",845,"D",0,"D",.,"A",.,"A",910,"D",0,"D",.,"A",.,"A",.,"A",.,"A"
"20153","02999334",42,0,"1",1950,"D",260,"D",390,"D",1300,"D",750,"D",.,"A",.,"A",1690,"D",225,"D",.,"A",.,"A",.,"A",.,"A"
"20153","02999374",15,0,"1",130,"D",0,"D",.,"A",130,"D",0,"D",.,"A",.,"A",130,"D",0,"D",.,"A",.,"A",.,"A",.,"A"
"20153","02999404",37,0,"1",1950,"D",195,"D",.,"A",0,"D",0,"D",.,"A",.,"A",1755,"D",0,"D",.,"A",.,"A",.,"A",.,"A"
"20153","02999414",49,0,"1",1950,"D",260,"D",.,"A",650,"D",0,"D",.,"A",40,"D",1690,"D",300,"D",40,"D",520,"D",.,"A",.,"A"
"20153","02999444",21,0,"1",1040,"D",195,"D",.,"A",585,"D",0,"D",.,"A",.,"A",845,"D",0,"D",.,"A",.,"A",.,"A",.,"A"
"20153","02999474",14,0,"1",1561,"F",.,"A",.,"A",757,"F",0,"D",.,"A",.,"A",1315,"F",0,"D",.,"A",.,"A",.,"A",.,"A"
"20153","02999534",32,0,"1",260,"D",0,"D",.,"A",0,"D",0,"D",.,"A",.,"A",260,"D",0,"D",.,"A",.,"A",.,"A",.,"A"
"20153","02999564",59,0,"1",1040,"D",260,"D",.,"A",390,"D",0,"D",.,"A",.,"A",780,"D",0,"D",32,"D",416,"D",.,"A",.,"A"
"20153","02999574",28,0,"1",494,"D",130,"D",.,"A",0,"D",0,"D",.,"A",.,"A",364,"D",0,"D",.,"A",.,"A",.,"A",.,"A"
"20153","02999584",36,0,"1",806,"D",0,"D",.,"A",715,"D",180,"D",.,"A",.,"A",806,"D",90,"D",.,"A",.,"A",.,"A",.,"A"
"20153","02999744",35,0,"1",1950,"D",260,"D",.,"A",650,"D",0,"D",.,"A",.,"A",1690,"D",0,"D",.,"A",.,"A",.,"A",.,"A"
"20153","02999794",17,0,"1",910,"D",0,"D",.,"A",0,"D",0,"D",.,"A",.,"A",910,"D",120,"D",.,"A",.,"A",.,"A",.,"A"
"20153","02999864",46,0,"1",780,"D",156,"D",.,"A",780,"D",90,"D",.,"A",.,"A",624,"D",105,"D",.,"A",.,"A",.,"A",.,"A"
"20153","02999904",32,0,"1",1560,"D",260,"D",195,"D",1040,"D",0,"D",.,"A",.,"A",1300,"D",0,"D",.,"A",.,"A",.,"A",.,"A"
"20153","02999924",30,0,"1",1300,"D",412,"F",.,"A",130,"D",0,"D",.,"A",.,"A",1866,"F",0,"D",.,"A",.,"A",.,"A",.,"A"
"20153","02999934",57,0,"1",1833,"D",182,"D",.,"A",286,"D",0,"D",.,"A",.,"A",1651,"D",315,"D",.,"A",.,"A",.,"A",.,"A"
"20153","02999964",22,0,"1",1300,"D",520,"D",260,"D",260,"D",0,"D",.,"A",.,"A",780,"D",150,"D",15,"D",195,"D",.,"A",.,"A"
"20153","02999985",20,0,"1",520,"D",52,"D",.,"A",195,"D",30,"D",30,"D",.,"A",468,"D",45,"D",.,"A",.,"A",.,"A",.,"A"
"20153","02999994",48,0,"1",975,"D",390,"D",.,"A",1300,"D",0,"D",.,"A",13,"D",585,"D",45,"D",20,"D",260,"D",.,"A",.,"A"
"20153","03000014",39,0,"1",1040,"D",0,"D",325,"D",650,"D",0,"D",.,"A",.,"A",1040,"D",0,"D",53,"D",689,"D",.,"A",.,"A"
"20153","03000034",37,0,"1",975,"D",91,"D",260,"D",325,"D",360,"D",.,"A",.,"A",884,"D",0,"D",20,"D",260,"D",.,"A",.,"A"
"20153","03000074",52,0,"1",1950,"D",260,"D",.,"A",780,"D",0,"D",.,"A",.,"A",1690,"D",0,"D",.,"A",.,"A",.,"A",.,"A"
"20153","03000144",74,0,"1",1300,"D",260,"D",.,"A",806,"D",900,"D",.,"A",.,"A",1040,"D",480,"D",.,"A",.,"A",273,"D",21,"D"
"20153","03000374",36,0,"1",1300,"D",130,"D",.,"A",520,"D",0,"D",.,"A",.,"A",1170,"D",0,"D",.,"A",.,"A",.,"A",.,"A"
"20153","03000404",34,0,"1",1300,"D",520,"D",.,"A",390,"D",60,"D",.,"A",.,"A",780,"D",45,"D",.,"A",.,"A",.,"A",.,"A"
"20153","03000434",16,0,"1",6500,"D",6500,"D",.,"A",0,"D",0,"D",.,"A",.,"A",0,"D",0,"D",.,"A",.,"A",.,"A",.,"A"
"20153","03000454",19,0,"1",650,"D",130,"D",.,"A",130,"D",0,"D",.,"A",.,"A",520,"D",0,"D",.,"A",.,"A",.,"A",.,"A"
"20153","03000474",26,0,"1",1430,"D",130,"D",.,"A",0,"D",0,"D",.,"A",.,"A",1300,"D",0,"D",14,"D",182,"D",.,"A",.,"A"
"20153","03000514",19,0,"1",1950,"D",260,"D",.,"A",650,"D",0,"D",.,"A",.,"A",1690,"D",0,"D",.,"A",.,"A",.,"A",.,"A"
"20153","03000534",31,0,"1",2600,"D",260,"D",.,"A",0,"D",0,"D",.,"A",.,"A",2340,"D",0,"D",.,"A",.,"A",.,"A",.,"A"
"20153","03000574",22,0,"1",780,"D",0,"D",.,"A",1040,"D",0,"D",.,"A",.,"A",780,"D",0,"D",20,"D",260,"D",.,"A",.,"A"
"20153","03000604",26,0,"1",5200,"D",1300,"D",.,"A",650,"D",0,"D",.,"A",.,"A",3900,"D",0,"D",.,"A",.,"A",.,"A",.,"A"
"20153","03000614",35,0,"1",2600,"D",325,"D",.,"A",325,"D",127,"F",.,"A",60,"D",2275,"D",120,"F",.,"A",.,"A",.,"A",.,"A"
"20153","03000664",22,0,"1",1105,"D",390,"D",.,"A",780,"D",0,"D",.,"A",.,"A",715,"D",0,"D",.,"A",.,"A",.,"A",.,"A"
"20153","03000744",18,0,"1",1300,"D",130,"D",.,"A",1950,"D",0,"D",.,"A",.,"A",1170,"D",120,"D",.,"A",.,"A",.,"A",.,"A"
"20153","03000784",79,0,"1",1625,"D",325,"D",325,"D",520,"D",0,"D",.,"A",.,"A",1300,"D",45,"D",.,"A",.,"A",.,"A",.,"A"
"20153","03000914",77,0,"1",1625,"D",650,"D",.,"A",780,"D",150,"D",.,"A",.,"A",975,"D",120,"D",42,"D",546,"D",.,"A",.,"A"
"20153","03000984",43,0,"1",3900,"D",1300,"D",260,"D",520,"D",0,"D",.,"A",.,"A",2600,"D",120,"D",.,"A",.,"A",.,"A",.,"A"
"20153","03001044",24,0,"1",1885,"D",260,"D",.,"A",650,"D",0,"D",.,"A",.,"A",1625,"D",0,"D",.,"A",.,"A",.,"A",.,"A"
"20153","03001074",35,0,"1",2210,"D",130,"D",.,"A",0,"D",0,"D",.,"A",.,"A",2080,"D",0,"D",.,"A",.,"A",.,"A",.,"A"
"20153","03001234",50,0,"1",1862,"F",.,"A",.,"A",1187,"F",232,"F",.,"A",.,"A",1479,"F",248,"F",.,"A",.,"A",.,"A",.,"A"
"20153","03001264",26,0,"1",975,"D",195,"D",.,"A",650,"D",0,"D",.,"A",.,"A",780,"D",0,"D",.,"A",.,"A",.,"A",.,"A"
"20153","03001274",37,0,"1",1950,"D",650,"D",325,"D",650,"D",600,"D",.,"A",.,"A",1300,"D",1200,"D",.,"A",.,"A",.,"A",.,"A"
"20153","03001334",21,0,"1",650,"D",173,"F",.,"A",325,"D",0,"D",.,"A",.,"A",623,"F",0,"D",.,"A",.,"A",.,"A",.,"A"
"20153","03001354",26,0,"1",975,"D",0,"D",260,"D",780,"D",6,"D",.,"A",.,"A",975,"D",6,"D",.,"A",.,"A",.,"A",.,"A"
"20153","03001374",50,0,"1",1300,"D",130,"D",.,"A",0,"D",0,"D",.,"A",.,"A",1170,"D",150,"D",.,"A",.,"A",.,"A",.,"A"
"20153","03001494",55,0,"1",1534,"D",260,"D",741,"D",494,"D",0,"D",.,"A",.,"A",1274,"D",321,"D",5,"D",65,"D",65,"D",5,"D"
"20153","03001564",26,0,"1",0,"D",.,"A",.,"A",156,"D",0,"D",.,"A",.,"A",0,"D",0,"D",.,"A",.,"A",.,"A",.,"A"
"20153","03001604",25,0,"1",975,"D",260,"D",130,"D",156,"D",0,"D",.,"A",.,"A",715,"D",0,"D",.,"A",.,"A",.,"A",.,"A"
"20153","03001624",31,0,"1",1950,"D",130,"D",.,"A",650,"D",0,"D",.,"A",.,"A",1820,"D",0,"D",.,"A",.,"A",.,"A",.,"A"
"20153","03001644",21,0,"1",5200,"D",1040,"D",.,"A",0,"D",0,"D",.,"A",60,"D",4160,"D",0,"D",.,"A",.,"A",.,"A",.,"A"
"20153","03001684",18,0,"1",0,"D",.,"A",.,"A",390,"D",0,"D",.,"A",.,"A",0,"D",54,"D",.,"A",.,"A",.,"A",.,"A"
"20153","03001694",18,0,"1",1950,"D",260,"D",.,"A",260,"D",0,"D",.,"A",.,"A",1690,"D",0,"D",.,"A",.,"A",.,"A",.,"A"
"20153","03001704",27,0,"1",1950,"D",390,"D",.,"A",260,"D",0,"D",.,"A",40,"D",1560,"D",0,"D",.,"A",.,"A",.,"A",.,"A"
"20153","03001724",100,0,"1",1300,"D",0,"D",130,"D",650,"D",300,"D",.,"A",.,"A",1300,"D",300,"D",.,"A",.,"A",.,"A",.,"A"
"20153","03001734",39,0,"1",1690,"D",130,"D",.,"A",650,"D",0,"D",.,"A",.,"A",1560,"D",0,"D",.,"A",.,"A",.,"A",.,"A"
"20153","03001774",47,0,"1",1300,"D",429,"D",.,"A",650,"D",0,"D",.,"A",.,"A",871,"D",0,"D",40,"D",520,"D",.,"A",.,"A"
"20153","03001824",47,0,"1",1300,"D",260,"D",.,"A",130,"D",0,"D",.,"A",.,"A",1040,"D",240,"D",.,"A",.,"A",.,"A",.,"A"
"20153","03001834",35,0,"1",1300,"D",130,"D",.,"A",650,"D",0,"D",.,"A",.,"A",1170,"D",0,"D",.,"A",.,"A",.,"A",.,"A"
"20153","03001874",36,0,"1",1625,"D",390,"D",.,"A",650,"D",6,"D",.,"A",.,"A",1235,"D",0,"D",.,"A",.,"A",.,"A",.,"A"
"20153","03001894",45,0,"1",260,"D",247,"D",.,"A",650,"D",150,"D",.,"A",.,"A",13,"D",150,"D",.,"A",.,"A",.,"A",.,"A"
"20153","03001974",27,0,"1",650,"D",0,"D",325,"D",0,"D",0,"D",.,"A",.,"A",650,"D",0,"D",.,"A",.,"A",.,"A",.,"A"
"20153","03002024",28,0,"1",2600,"D",1300,"D",.,"A",650,"D",30,"D",.,"A",101,"F",1300,"D",30,"D",.,"A",.,"A",.,"A",.,"A"
"20153","03002044",40,0,"1",1625,"D",260,"D",.,"A",0,"D",0,"D",.,"A",.,"A",1365,"D",0,"D",.,"A",.,"A",.,"A",.,"A"
"20153","03002104",103,0,"1",3250,"D",780,"D",.,"A",1300,"D",75,"D",.,"A",.,"A",2470,"D",75,"D",.,"A",.,"A",.,"A",.,"A"
"20153","03002164",55,0,"1",1950,"D",390,"D",.,"A",1300,"D",240,"D",.,"A",.,"A",1560,"D",225,"D",.,"A",.,"A",.,"A",.,"A"
"20153","03002184",25,0,"1",1105,"D",130,"D",.,"A",0,"D",0,"D",.,"A",.,"A",975,"D",51,"D",.,"A",.,"A",.,"A",.,"A"
"20153","03002194",46,0,"1",975,"D",344,"F",.,"A",390,"D",0,"D",.,"A",.,"A",1321,"F",150,"D",.,"A",.,"A",.,"A",.,"A"
"20153","03002214",37,0,"1",910,"D",260,"D",.,"A",3900,"D",0,"D",.,"A",.,"A",650,"D",0,"D",.,"A",.,"A",.,"A",.,"A"
"20153","03002224",78,0,"1",14300,"D",2600,"D",.,"A",650,"D",0,"D",.,"A",.,"A",11700,"D",0,"D",.,"A",.,"A",.,"A",.,"A"
"20153","03002264",15,0,"1",1300,"D",130,"D",650,"D",650,"D",45,"D",.,"A",.,"A",1170,"D",90,"D",.,"A",.,"A",.,"A",.,"A"
"20153","03002314",24,0,"1",3250,"D",260,"D",390,"D",325,"D",0,"D",.,"A",.,"A",2990,"D",30,"D",.,"A",.,"A",.,"A",.,"A"
"20153","03002324",50,0,"1",3900,"D",211,"F",.,"A",650,"D",0,"D",.,"A",.,"A",741,"F",0,"D",.,"A",.,"A",.,"A",.,"A"
"20153","03002334",18,0,"1",3250,"D",520,"D",.,"A",1950,"D",900,"D",.,"A",.,"A",2730,"D",900,"D",.,"A",.,"A",.,"A",.,"A"
"20153","03002344",18,0,"1",1950,"D",650,"D",.,"A",390,"D",0,"D",.,"A",.,"A",1300,"D",0,"D",.,"A",.,"A",.,"A",.,"A"
"20153","03002414",33,0,"1",975,"D",444,"F",.,"A",0,"D",0,"D",.,"A",.,"A",1558,"F",0,"D",.,"A",.,"A",.,"A",.,"A"
"20153","03002454",32,0,"1",1950,"D",390,"D",.,"A",520,"D",0,"D",.,"A",.,"A",1560,"D",75,"D",.,"A",.,"A",.,"A",.,"A"
"20153","03002464",32,0,"1",1950,"D",650,"D",.,"A",390,"D",0,"D",.,"A",.,"A",1300,"D",0,"D",.,"A",.,"A",.,"A",.,"A"
"20153","03002474",22,0,"1",1300,"D",0,"D",.,"A",780,"D",0,"D",.,"A",.,"A",1300,"D",0,"D",.,"A",.,"A",.,"A",.,"A"
"20153","03002514",24,0,"1",1300,"D",260,"D",.,"A",520,"D",60,"D",.,"A",.,"A",1040,"D",60,"D",.,"A",.,"A",.,"A",.,"A"
"20153","03002524",30,0,"1",1300,"D",195,"D",.,"A",1300,"D",150,"D",.,"A",.,"A",1105,"D",120,"D",.,"A",.,"A",130,"D",10,"D"
"20153","03002534",43,0,"1",650,"D",260,"D",.,"A",390,"D",0,"D",.,"A",.,"A",390,"D",0,"D",.,"A",.,"A",.,"A",.,"A"
"20153","03002574",79,0,"1",1755,"D",0,"D",.,"A",416,"D",30,"D",.,"A",.,"A",1755,"D",111,"D",.,"A",.,"A",.,"A",.,"A"
"20153","03002584",12,0,"1",975,"D",130,"D",260,"D",130,"D",0,"D",.,"A",.,"A",845,"D",0,"D",.,"A",.,"A",.,"A",.,"A"
"20153","03002604",60,0,"1",1300,"D",0,"D",650,"D",650,"D",150,"D",.,"A",.,"A",1300,"D",150,"D",.,"A",.,"A",.,"A",.,"A"
"20153","03002614",33,0,"1",1300,"D",520,"D",650,"D",325,"D",150,"D",.,"A",.,"A",780,"D",0,"D",65,"D",845,"D",.,"A",.,"A"
"20153","03002634",22,0,"1",1560,"D",0,"D",260,"D",520,"D",0,"D",.,"A",.,"A",1560,"D",0,"D",.,"A",.,"A",.,"A",.,"A"
"20153","03002694",43,0,"1",1300,"D",325,"D",65,"D",65,"D",0,"D",.,"A",.,"A",975,"D",0,"D",.,"A",.,"A",.,"A",.,"A"
"20153","03002714",52,0,"1",1950,"D",211,"F",.,"A",1950,"D",150,"D",.,"A",.,"A",741,"F",60,"D",.,"A",.,"A",.,"A",.,"A"
"20153","03002744",58,0,"1",3250,"D",650,"D",.,"A",0,"D",0,"D",.,"A",.,"A",2600,"D",270,"D",.,"A",.,"A",.,"A",.,"A"
"20153","03002764",19,0,"1",910,"D",130,"D",.,"A",910,"D",45,"D",.,"A",.,"A",780,"D",75,"D",.,"A",.,"A",.,"A",.,"A"
"20153","03002784",62,0,"1",1105,"D",325,"D",.,"A",260,"D",0,"D",.,"A",.,"A",780,"D",0,"D",.,"A",.,"A",.,"A",.,"A"
"20153","03002804",16,0,"1",520,"D",39,"D",.,"A",0,"D",0,"D",.,"A",.,"A",481,"D",0,"D",.,"A",.,"A",.,"A",.,"A"
"20153","03002914",45,0,"1",2080,"D",1040,"D",.,"A",3900,"D",0,"D",.,"A",.,"A",1040,"D",180,"D",.,"A",.,"A",.,"A",.,"A"
"20153","03002964",22,0,"1",520,"D",65,"D",.,"A",0,"D",300,"D",.,"A",.,"A",455,"D",120,"D",.,"A",.,"A",.,"A",.,"A"
"20153","03002974",21,0,"1",1625,"D",130,"D",.,"A",910,"D",0,"D",.,"A",.,"A",1495,"D",0,"D",.,"A",.,"A",.,"A",.,"A"
"20153","03002984",42,0,"1",1950,"D",390,"D",.,"A",0,"D",0,"D",.,"A",.,"A",1560,"D",0,"D",.,"A",.,"A",.,"A",.,"A"
"20153","03003004",19,0,"1",975,"D",260,"D",.,"A",0,"D",0,"D",.,"A",.,"A",715,"D",0,"D",.,"A",.,"A",.,"A",.,"A"
"20153","03003014",48,0,"1",1729,"D",364,"D",.,"A",1040,"D",0,"D",.,"A",.,"A",1365,"D",30,"D",.,"A",.,"A",.,"A",.,"A"
"20153","03003064",72,0,"1",819,"D",169,"D",.,"A",0,"D",0,"D",.,"A",.,"A",650,"D",0,"D",.,"A",.,"A",.,"A",.,"A"
"20153","03003094",37,0,"1",1430,"D",130,"D",.,"A",260,"D",0,"D",.,"A",.,"A",1300,"D",75,"D",.,"A",.,"A",.,"A",.,"A"
"20153","03003184",65,0,"1",3900,"D",650,"D",.,"A",650,"D",164,"F",.,"A",.,"A",3250,"D",189,"F",.,"A",.,"A",.,"A",.,"A"
"20153","03003274",62,0,"1",1170,"D",0,"D",.,"A",1040,"D",60,"D",.,"A",.,"A",1170,"D",120,"D",.,"A",.,"A",.,"A",.,"A"
"20153","03003324",37,0,"1",975,"D",260,"D",.,"A",130,"D",45,"D",.,"A",.,"A",715,"D",0,"D",45,"D",585,"D",.,"A",.,"A"
"20153","03003414",17,0,"1",390,"D",260,"D",.,"A",65,"D",0,"D",.,"A",.,"A",130,"D",0,"D",.,"A",.,"A",.,"A",.,"A"
"20153","03003554",15,0,"1",520,"D",65,"D",.,"A",0,"D",0,"D",.,"A",.,"A",455,"D",0,"D",.,"A",.,"A",.,"A",.,"A"
"20153","03003594",12,0,"1",780,"D",260,"D",260,"D",650,"D",600,"D",.,"A",.,"A",520,"D",600,"D",.,"A",.,"A",.,"A",.,"A"
"20153","03003634",12,0,"1",0,"D",.,"A",.,"A",0,"D",0,"D",.,"A",.,"A",0,"D",0,"D",.,"A",.,"A",.,"A",.,"A"
"20153","03003734",78,0,"1",3250,"D",1625,"D",.,"A",325,"D",0,"D",.,"A",.,"A",1625,"D",60,"D",.,"A",.,"A",.,"A",.,"A"
"20153","03003744",10,0,"1",260,"D",65,"D",130,"D",65,"D",60,"D",.,"A",.,"A",195,"D",60,"D",.,"A",.,"A",.,"A",.,"A"
"20153","03003754",26,0,"1",1300,"D",325,"D",.,"A",390,"D",0,"D",.,"A",.,"A",975,"D",0,"D",.,"A",.,"A",.,"A",.,"A"
"20153","03003814",14,0,"1",3250,"D",325,"D",325,"D",0,"D",0,"D",.,"A",.,"A",2925,"D",0,"D",.,"A",.,"A",.,"A",.,"A"
"20153","03003844",27,0,"1",2600,"D",390,"D",260,"D",1040,"D",0,"D",.,"A",.,"A",2210,"D",60,"D",.,"A",.,"A",.,"A",.,"A"
"20153","03004014",34,0,"1",2340,"D",390,"D",.,"A",130,"D",0,"D",.,"A",.,"A",1950,"D",36,"D",.,"A",.,"A",.,"A",.,"A"
"20153","03004034",102,0,"1",2990,"D",650,"D",.,"A",390,"D",0,"D",.,"A",.,"A",2340,"D",0,"D",.,"A",.,"A",.,"A",.,"A"
"20153","03004044",22,0,"1",2184,"D",0,"D",390,"D",325,"D",0,"D",.,"A",.,"A",2184,"D",82,"F",17,"D",221,"D",.,"A",.,"A"
"20153","03004064",32,0,"1",1105,"D",325,"D",.,"A",0,"D",0,"D",.,"A",.,"A",780,"D",75,"D",.,"C",468,"F",.,"A",.,"A"
"20153","03004114",60,0,"1",780,"D",0,"D",260,"D",1300,"D",0,"D",.,"A",.,"A",780,"D",0,"D",.,"A",.,"A",192,"F",.,"C"
"20153","03004124",42,0,"1",2600,"D",325,"D",130,"D",65,"D",0,"D",.,"A",.,"A",2275,"D",0,"D",.,"A",.,"A",259,"F",.,"C"
"20153","03004144",35,0,"1",975,"D",390,"D",.,"A",910,"D",450,"D",.,"A",.,"A",585,"D",300,"D",.,"A",.,"A",.,"A",.,"A"
"20153","03004184",40,0,"1",1300,"D",260,"D",260,"D",650,"D",0,"D",.,"A",.,"A",1040,"D",0,"D",.,"A",.,"A",.,"A",.,"A"
"20153","03004224",53,0,"1",1625,"D",325,"D",.,"A",650,"D",0,"D",.,"A",.,"A",1300,"D",150,"D",.,"A",.,"A",.,"A",.,"A"
"20153","03004244",35,0,"1",1625,"D",325,"D",.,"A",650,"D",0,"D",.,"A",.,"A",1300,"D",0,"D",.,"A",.,"A",.,"A",.,"A"
"20153","03004274",30,0,"1",1300,"D",260,"D",130,"D",390,"D",0,"D",.,"A",.,"A",1040,"D",0,"D",15,"D",195,"D",.,"A",.,"A"
"20153","03004314",18,0,"1",1360,"F",.,"A",.,"A",0,"D",0,"D",.,"A",.,"A",1097,"F",0,"D",.,"A",.,"A",.,"A",.,"A"
"20153","03004384",30,0,"1",1560,"D",195,"D",260,"D",1300,"D",0,"D",.,"A",.,"A",1365,"D",120,"D",.,"A",.,"A",.,"A",.,"A"
"20153","03004414",37,0,"1",2826,"F",.,"A",.,"A",0,"D",0,"D",.,"A",.,"A",2357,"F",0,"D",.,"A",.,"A",.,"A",.,"A"
"20153","03004484",42,0,"1",1561,"F",.,"A",.,"A",2600,"D",162,"F",.,"A",.,"A",1315,"F",175,"F",.,"A",.,"A",.,"A",.,"A"
"20153","03004494",32,0,"1",1040,"D",0,"D",.,"A",0,"D",0,"D",.,"A",.,"A",1040,"D",0,"D",.,"A",.,"A",.,"A",.,"A"
"20153","03004504",23,0,"1",919,"F",.,"A",.,"A",0,"D",0,"D",.,"A",.,"A",741,"F",0,"D",.,"A",.,"A",.,"A",.,"A"
"20153","03004544",20,0,"1",975,"D",195,"D",.,"A",839,"F",0,"D",.,"A",.,"A",780,"D",0,"D",25,"D",325,"D",.,"A",.,"A"
"20153","03004654",37,0,"1",2600,"D",260,"D",.,"A",975,"D",0,"D",.,"A",.,"A",2340,"D",0,"D",.,"A",.,"A",.,"A",.,"A"
"20153","03004684",27,0,"1",1170,"D",195,"D",.,"A",0,"D",0,"D",.,"A",.,"A",975,"D",0,"D",.,"A",.,"A",.,"A",.,"A"
"20153","03004714",22,0,"1",2600,"D",444,"F",.,"A",195,"D",0,"D",.,"A",.,"A",1558,"F",45,"D",44,"D",572,"D",.,"A",.,"A"
"20153","03004774",23,0,"1",2600,"D",260,"D",.,"A",1300,"D",0,"D",.,"A",.,"A",2340,"D",0,"D",.,"A",.,"A",.,"A",.,"A"
"20153","03004814",35,0,"1",650,"D",0,"D",.,"A",390,"D",0,"D",.,"A",.,"A",650,"D",0,"D",.,"A",.,"A",.,"A",.,"A"
"20153","03004854",49,0,"1",3250,"D",650,"D",.,"A",130,"D",0,"D",.,"A",.,"A",2600,"D",30,"D",.,"A",.,"A",.,"A",.,"A"
"20153","03004894",26,0,"1",325,"D",78,"D",.,"A",65,"D",6,"D",.,"A",.,"A",247,"D",6,"D",.,"A",.,"A",.,"A",.,"A"
"20153","03004914",59,0,"1",1950,"D",390,"D",650,"D",1950,"D",120,"D",.,"A",75,"D",1560,"D",240,"D",.,"A",.,"A",.,"A",.,"A"
"20153","03004994",58,0,"1",1820,"D",520,"D",.,"A",650,"D",0,"D",.,"A",.,"A",1300,"D",0,"D",.,"A",.,"A",.,"A",.,"A"
"20153","03005024",17,0,"1",1560,"D",260,"D",.,"A",520,"D",150,"D",.,"A",.,"A",1300,"D",120,"D",.,"A",.,"A",.,"A",.,"A"
"20153","03005094",11,0,"1",1040,"D",130,"D",.,"A",0,"D",60,"D",.,"A",.,"A",910,"D",0,"D",.,"A",.,"A",.,"A",.,"A"
"20153","03005104",47,0,"1",2275,"D",130,"D",.,"A",1300,"D",0,"D",.,"A",.,"A",2145,"D",0,"D",.,"A",.,"A",.,"A",.,"A"
"20153","03005114",31,0,"1",2275,"D",325,"D",.,"A",1040,"D",0,"D",.,"A",.,"A",1950,"D",0,"D",.,"A",.,"A",.,"A",.,"A"
"20153","03005134",16,0,"1",650,"D",65,"D",.,"A",780,"D",120,"D",.,"A",.,"A",585,"D",360,"D",.,"A",.,"A",.,"A",.,"A"
"20153","03005154",10,0,"1",520,"D",0,"D",.,"A",0,"D",0,"D",.,"A",.,"A",520,"D",0,"D",200,"D",2600,"D",.,"A",.,"A"
"20153","03005324",26,0,"1",1560,"D",325,"D",.,"A",520,"D",0,"D",.,"A",.,"A",1235,"D",0,"D",.,"A",.,"A",.,"A",.,"A"
"20153","03005394",34,0,"1",780,"D",130,"D",.,"A",260,"D",0,"D",.,"A",.,"A",650,"D",0,"D",.,"A",.,"A",.,"A",.,"A"
"20153","03005424",24,0,"1",1625,"D",325,"D",130,"D",0,"D",0,"D",.,"A",.,"A",1300,"D",0,"D",16,"D",208,"D",.,"A",.,"A"
"20153","03005444",15,0,"1",650,"D",0,"D",.,"A",604,"F",0,"D",.,"A",.,"A",650,"D",0,"D",.,"A",.,"A",.,"A",.,"A"
"20153","03005464",48,0,"1",2600,"D",650,"D",.,"A",130,"D",0,"D",.,"A",.,"A",1950,"D",0,"D",.,"A",.,"A",.,"A",.,"A"
"20153","03005564",25,0,"1",1950,"D",650,"D",.,"A",650,"D",0,"D",.,"A",.,"A",1300,"D",0,"D",.,"A",.,"A",.,"A",.,"A"
"20153","03005574",23,0,"1",1950,"D",325,"D",.,"A",260,"D",0,"D",.,"A",.,"A",1625,"D",0,"D",.,"A",.,"A",.,"A",.,"A"
"20153","03005594",20,0,"1",2275,"D",390,"D",455,"D",1820,"D",450,"D",.,"A",.,"A",1885,"D",375,"D",.,"A",.,"A",.,"A",.,"A"
"20153","03005614",27,0,"1",3900,"D",520,"D",.,"A",0,"D",90,"D",.,"A",.,"A",3380,"D",60,"D",.,"A",.,"A",.,"A",.,"A"
"20153","03005624",28,0,"1",1040,"D",0,"D",.,"A",585,"D",0,"D",.,"A",.,"A",1040,"D",0,"D",.,"A",.,"A",.,"A",.,"A"
"20153","03005674",12,0,"1",650,"D",65,"D",.,"A",0,"D",0,"D",.,"A",.,"A",585,"D",0,"D",.,"A",.,"A",.,"A",.,"A"
"20153","03005714",39,0,"1",650,"D",130,"D",130,"D",130,"D",0,"D",.,"A",.,"A",520,"D",180,"D",.,"A",.,"A",.,"A",.,"A"
"20153","03005844",13,0,"1",4030,"D",0,"D",.,"A",510,"F",0,"D",.,"A",.,"A",4030,"D",0,"D",.,"A",.,"A",.,"A",.,"A"
"20153","03005854",25,0,"1",975,"D",195,"D",.,"A",195,"D",0,"D",.,"A",.,"A",780,"D",0,"D",.,"A",.,"A",.,"A",.,"A"
"20153","03005864",14,0,"1",1300,"D",325,"D",.,"A",0,"D",0,"D",.,"A",.,"A",975,"D",75,"D",.,"A",.,"A",.,"A",.,"A"
"20153","03005904",39,0,"1",2600,"D",520,"D",.,"A",1950,"D",0,"D",.,"A",.,"A",2080,"D",0,"D",.,"A",.,"A",.,"A",.,"A"
"20153","03005914",31,0,"1",1300,"D",390,"D",.,"A",1625,"D",90,"D",.,"A",.,"A",910,"D",90,"D",.,"A",.,"A",.,"A",.,"A"
"20153","03005944",40,0,"1",1300,"D",130,"D",.,"A",650,"D",0,"D",.,"A",.,"A",1170,"D",0,"D",.,"A",.,"A",.,"A",.,"A"
"20153","03005964",46,0,"1",1105,"D",65,"D",.,"A",650,"D",0,"D",.,"A",.,"A",1040,"D",0,"D",.,"A",.,"A",.,"A",.,"A"
"20153","03006004",38,0,"1",975,"D",260,"D",.,"A",0,"D",0,"D",.,"A",.,"A",715,"D",0,"D",.,"A",.,"A",.,"A",.,"A"
"20153","03006084",35,0,"1",1950,"D",195,"D",.,"A",1950,"D",0,"D",.,"A",.,"A",1755,"D",0,"D",.,"A",.,"A",.,"A",.,"A"
"20153","03006174",46,0,"1",5200,"D",1950,"D",.,"A",260,"D",0,"D",.,"A",.,"A",3250,"D",1200,"D",.,"A",.,"A",.,"A",.,"A"
"20153","03006234",19,0,"1",2600,"D",260,"D",.,"A",0,"D",0,"D",.,"A",.,"A",2340,"D",0,"D",.,"A",.,"A",.,"A",.,"A"
"20153","03006274",47,0,"1",2080,"D",260,"D",.,"A",0,"D",0,"D",.,"A",.,"A",1820,"D",0,"D",.,"A",.,"A",.,"A",.,"A"
"20153","03006294",21,0,"1",780,"D",260,"D",260,"D",780,"D",30,"D",.,"A",.,"A",520,"D",75,"D",.,"A",.,"A",.,"A",.,"A"
"20153","03006364",18,0,"1",1690,"D",260,"D",.,"A",650,"D",0,"D",.,"A",.,"A",1430,"D",0,"D",.,"A",.,"A",.,"A",.,"A"
"20153","03006544",27,0,"1",1950,"D",260,"D",.,"A",325,"D",0,"D",.,"A",.,"A",1690,"D",60,"D",.,"A",.,"A",.,"A",.,"A"
"20153","03006584",37,0,"1",1300,"D",325,"D",.,"A",390,"D",120,"D",.,"A",.,"A",975,"D",90,"D",.,"A",.,"A",.,"A",.,"A"
"20153","03006664",42,0,"1",1950,"D",260,"D",.,"A",845,"D",0,"D",.,"A",.,"A",1690,"D",150,"D",.,"A",.,"A",.,"A",.,"A"
"20153","03006764",48,0,"1",1430,"D",260,"D",.,"A",910,"D",0,"D",.,"A",.,"A",1170,"D",0,"D",.,"A",.,"A",.,"A",.,"A"
"20153","03006814",39,0,"1",910,"D",195,"D",.,"A",130,"D",0,"D",.,"A",.,"A",715,"D",60,"D",.,"A",.,"A",.,"A",.,"A"
"20153","03006834",36,0,"1",4550,"D",650,"D",.,"A",1300,"D",0,"D",.,"A",.,"A",3900,"D",0,"D",.,"A",.,"A",.,"A",.,"A"
"20153","03006854",17,0,"1",910,"D",130,"D",.,"A",260,"D",0,"D",.,"A",.,"A",780,"D",15,"D",.,"A",.,"A",.,"A",.,"A"
"20153","03006874",27,0,"1",1560,"D",390,"D",.,"A",650,"D",0,"D",.,"A",.,"A",1170,"D",0,"D",.,"A",.,"A",.,"A",.,"A"
"20153","03006964",22,0,"1",416,"D",39,"D",.,"A",65,"D",0,"D",.,"A",.,"A",377,"D",0,"D",.,"A",.,"A",156,"D",12,"D"
"20153","03006974",20,0,"1",1300,"D",130,"D",.,"A",0,"D",0,"D",.,"A",.,"A",1170,"D",0,"D",.,"A",.,"A",.,"A",.,"A"
"20153","03006994",47,0,"1",975,"D",195,"D",.,"A",390,"D",180,"D",.,"A",.,"A",780,"D",60,"D",.,"A",.,"A",.,"A",.,"A"
"20153","03007004",69,0,"1",1430,"D",650,"D",.,"A",3250,"D",0,"D",.,"A",.,"A",780,"D",0,"D",.,"A",.,"A",.,"A",.,"A"
"20153","03007044",26,0,"1",650,"D",130,"D",325,"D",0,"D",0,"D",.,"A",.,"A",520,"D",0,"D",.,"A",.,"A",.,"A",.,"A"
"20153","03007064",27,0,"1",1040,"D",65,"D",.,"A",520,"D",6,"D",.,"A",.,"A",975,"D",6,"D",.,"A",.,"A",.,"A",.,"A"
"20153","03007074",54,0,"1",2340,"D",468,"D",.,"A",1456,"D",135,"D",.,"A",.,"A",1872,"D",135,"D",35,"D",455,"D",.,"A",.,"A"
"20153","03007194",42,0,"1",975,"D",390,"D",.,"A",390,"D",105,"D",.,"A",.,"A",585,"D",450,"D",.,"A",.,"A",.,"A",.,"A"
"20153","03007274",50,0,"1",2275,"D",390,"D",.,"A",2600,"D",75,"D",.,"A",.,"A",1885,"D",240,"D",.,"A",.,"A",.,"A",.,"A"
"20153","03007294",60,0,"1",572,"D",156,"D",208,"D",689,"D",0,"D",.,"A",.,"A",416,"D",0,"D",.,"A",.,"A",.,"A",.,"A"
"20153","03007314",69,0,"1",2860,"D",585,"D",390,"D",390,"D",0,"D",.,"A",.,"A",2275,"D",0,"D",.,"A",.,"A",.,"A",.,"A"
"20153","03007334",20,0,"1",1365,"D",335,"F",.,"A",757,"F",0,"D",.,"A",.,"A",1315,"F",0,"D",.,"A",.,"A",.,"A",.,"A"
"20153","03007394",23,0,"1",780,"D",130,"D",.,"A",1625,"D",60,"D",.,"A",.,"A",650,"D",90,"D",.,"A",.,"A",.,"A",.,"A"
"20153","03007404",35,0,"1",1300,"D",65,"D",.,"A",260,"D",0,"D",.,"A",.,"A",1235,"D",60,"D",.,"A",.,"A",.,"A",.,"A"
"20153","03007414",11,0,"1",1300,"D",195,"D",.,"A",520,"D",0,"D",.,"A",.,"A",1105,"D",105,"D",.,"A",.,"A",.,"A",.,"A"
"20153","03007444",49,0,"1",3900,"D",650,"D",.,"A",845,"D",120,"D",.,"A",50,"D",3250,"D",150,"D",.,"A",.,"A",.,"A",.,"A"
"20153","03007474",27,0,"1",390,"D",130,"D",.,"A",0,"D",0,"D",.,"A",.,"A",260,"D",0,"D",.,"A",.,"A",.,"A",.,"A"
"20153","03007514",29,0,"1",2600,"D",520,"D",.,"A",260,"D",0,"D",.,"A",.,"A",2080,"D",0,"D",.,"A",.,"A",.,"A",.,"A"
"20153","03007534",41,0,"1",780,"D",195,"D",.,"A",78,"D",0,"D",.,"A",85,"F",585,"D",0,"D",.,"A",.,"A",.,"A",.,"A"
"20153","03007614",61,0,"1",1950,"D",325,"D",.,"A",975,"D",0,"D",.,"A",.,"A",1625,"D",0,"D",.,"A",.,"A",.,"A",.,"A"
"20153","03007684",10,0,"1",910,"D",65,"D",.,"A",0,"D",0,"D",.,"A",.,"A",845,"D",0,"D",30,"D",390,"D",.,"A",.,"A"
"20153","03007694",18,0,"1",2925,"D",0,"D",.,"A",650,"D",45,"D",.,"A",.,"A",2925,"D",120,"D",.,"A",.,"A",.,"A",.,"A"
"20153","03007704",46,0,"1",1053,"D",0,"D",780,"D",338,"D",0,"D",.,"A",.,"A",1053,"D",0,"D",.,"A",.,"A",.,"A",.,"A"
"20153","03007724",22,0,"1",975,"D",104,"D",.,"A",65,"D",0,"D",.,"A",.,"A",871,"D",0,"D",.,"A",.,"A",.,"A",.,"A"
"20153","03007744",49,0,"1",1430,"D",260,"D",.,"A",1040,"D",0,"D",.,"A",25,"D",1170,"D",0,"D",.,"A",.,"A",.,"A",.,"A"
"20153","03007754",34,0,"1",650,"D",195,"D",.,"A",390,"D",0,"D",.,"A",.,"A",455,"D",0,"D",.,"A",.,"A",.,"A",.,"A"
"20153","03007794",46,0,"1",975,"D",0,"D",.,"A",260,"D",0,"D",.,"A",.,"A",975,"D",0,"D",.,"A",.,"A",.,"A",.,"A"
"20153","03007844",49,0,"1",3029,"D",650,"D",.,"A",1144,"D",75,"D",.,"A",.,"A",2379,"D",75,"D",8,"D",104,"D",.,"A",.,"A"
"20153","03007874",13,0,"1",780,"D",130,"D",.,"A",130,"D",0,"D",.,"A",.,"A",650,"D",0,"D",.,"A",.,"A",.,"A",.,"A"
"20153","03007964",30,0,"1",1300,"D",130,"D",.,"A",2600,"D",0,"D",.,"A",.,"A",1170,"D",600,"D",.,"A",.,"A",.,"A",.,"A"
"20153","03007974",57,0,"1",3900,"D",650,"D",.,"A",2600,"D",150,"D",195,"D",.,"A",3250,"D",600,"D",.,"A",.,"A",.,"A",.,"A"
"20153","03008104",32,0,"1",1300,"D",325,"D",.,"A",0,"D",0,"D",.,"A",.,"A",975,"D",300,"D",.,"A",.,"A",.,"A",.,"A"
"20153","03008184",50,0,"1",2600,"D",975,"D",.,"A",390,"D",0,"D",.,"A",.,"A",1625,"D",240,"D",.,"A",.,"A",.,"A",.,"A"
"20153","03008254",36,0,"1",2860,"D",650,"D",.,"A",0,"D",0,"D",.,"A",.,"A",2210,"D",120,"D",.,"A",.,"A",.,"A",.,"A"
"20153","03008304",44,0,"1",3900,"D",650,"D",.,"A",2600,"D",0,"D",.,"A",.,"A",3250,"D",0,"D",40,"D",520,"D",.,"A",.,"A"
"20153","03008334",52,0,"1",325,"D",0,"D",.,"A",1560,"D",0,"D",.,"A",.,"A",325,"D",0,"D",.,"A",.,"A",.,"A",.,"A"
"20153","03008374",74,0,"1",3250,"D",0,"D",.,"A",2275,"D",150,"D",.,"A",.,"A",3250,"D",0,"D",.,"A",.,"A",.,"A",.,"A"
"20153","03008394",133,0,"1",3900,"D",650,"D",.,"A",650,"D",150,"D",.,"A",.,"A",3250,"D",450,"D",.,"A",.,"A",91,"D",7,"D"
"20153","03008404",22,0,"1",1950,"D",390,"D",.,"A",0,"D",0,"D",.,"A",.,"A",1560,"D",0,"D",.,"A",.,"A",.,"A",.,"A"
"20153","03008444",38,0,"1",1300,"D",195,"D",.,"A",520,"D",0,"D",.,"A",.,"A",1105,"D",0,"D",.,"A",.,"A",.,"A",.,"A"
"20153","03008494",12,0,"1",650,"D",39,"D",.,"A",0,"D",0,"D",.,"A",.,"A",611,"D",0,"D",.,"A",.,"A",.,"A",.,"A"
"20153","03008504",56,0,"1",2275,"D",442,"D",.,"A",650,"D",0,"D",.,"A",.,"A",1833,"D",45,"D",50,"D",650,"D",.,"A",.,"A"
"20153","03008514",51,0,"1",1885,"D",975,"D",.,"A",260,"D",180,"D",.,"A",.,"A",910,"D",60,"D",.,"A",.,"A",.,"A",.,"A"
"20153","03008534",22,0,"1",715,"D",195,"D",.,"A",754,"D",0,"D",.,"A",.,"A",520,"D",0,"D",.,"A",.,"A",.,"A",.,"A"
"20153","03008544",56,0,"1",1950,"D",455,"D",364,"D",195,"D",0,"D",.,"A",.,"A",1495,"D",18,"D",.,"A",.,"A",.,"A",.,"A"
"20153","03008564",45,0,"1",1300,"D",195,"D",.,"A",130,"D",0,"D",.,"A",.,"A",1105,"D",0,"D",.,"A",.,"A",.,"A",.,"A"
"20153","03008574",25,0,"1",325,"D",130,"D",.,"A",0,"D",240,"D",.,"A",.,"A",195,"D",90,"D",18,"D",234,"D",.,"A",.,"A"
"20153","03008614",36,0,"1",1950,"D",0,"D",.,"A",1950,"D",480,"D",.,"A",.,"A",1950,"D",360,"D",.,"A",.,"A",.,"A",.,"A"
"20153","03008654",43,0,"1",2925,"D",650,"D",.,"A",0,"D",0,"D",.,"A",.,"A",2275,"D",150,"D",.,"A",.,"A",.,"A",.,"A"
"20153","03008704",11,0,"1",1560,"D",455,"D",.,"A",0,"D",0,"D",.,"A",.,"A",1105,"D",0,"D",.,"A",.,"A",.,"A",.,"A"
"20153","03008734",29,0,"1",910,"D",156,"D",.,"A",312,"D",6,"D",.,"A",.,"A",754,"D",6,"D",.,"A",.,"A",.,"A",.,"A"
"20153","03008744",14,0,"1",520,"D",0,"D",.,"A",0,"D",0,"D",.,"A",.,"A",520,"D",0,"D",.,"A",.,"A",.,"A",.,"A"
"20153","03008764",42,0,"1",390,"D",130,"D",.,"A",390,"D",120,"D",.,"A",.,"A",260,"D",0,"D",.,"A",.,"A",.,"A",.,"A"
"20153","03008854",23,0,"1",1300,"D",325,"D",.,"A",260,"D",0,"D",.,"A",.,"A",975,"D",0,"D",.,"A",.,"A",.,"A",.,"A"
"20153","03008884",42,0,"1",1625,"D",313,"F",.,"A",0,"D",0,"D",.,"A",.,"A",1154,"F",15,"D",.,"A",.,"A",.,"A",.,"A"
"20153","03008904",43,0,"1",3250,"D",650,"D",.,"A",1300,"D",0,"D",.,"A",.,"A",2600,"D",150,"D",.,"A",.,"A",.,"A",.,"A"
"20153","03008914",23,0,"1",650,"D",65,"D",.,"A",1300,"D",0,"D",.,"A",.,"A",585,"D",0,"D",.,"A",.,"A",.,"A",.,"A"
"20153","03008934",47,0,"1",1560,"D",0,"D",.,"A",325,"D",0,"D",.,"A",.,"A",1560,"D",0,"D",.,"A",.,"A",.,"A",.,"A"
"20153","03008944",37,0,"1",1300,"D",260,"D",.,"A",520,"D",90,"D",.,"A",.,"A",1040,"D",90,"D",.,"A",.,"A",.,"A",.,"A"
"20153","03008954",47,0,"1",1300,"D",130,"D",.,"A",975,"D",300,"D",.,"A",.,"A",1170,"D",60,"D",.,"A",.,"A",.,"A",.,"A"
"20153","03008995",7,0,"1",650,"D",65,"D",0,"D",0,"D",0,"D",.,"A",.,"A",585,"D",30,"D",.,"A",.,"A",.,"A",.,"A"
"20153","03009024",33,0,"1",780,"D",104,"D",.,"A",260,"D",0,"D",.,"A",.,"A",676,"D",15,"D",.,"A",.,"A",.,"A",.,"A"
"20153","03009134",36,0,"1",325,"D",65,"D",.,"A",208,"D",0,"D",.,"A",.,"A",260,"D",0,"D",.,"A",.,"A",.,"A",.,"A"
"20153","03009164",14,0,"1",1300,"D",195,"D",.,"A",757,"F",162,"F",.,"A",.,"A",1105,"D",0,"D",.,"A",.,"A",.,"A",.,"A"
"20153","03009194",13,0,"1",468,"D",0,"D",.,"A",130,"D",0,"D",.,"A",.,"A",468,"D",0,"D",.,"A",.,"A",.,"A",.,"A"
"20153","03009254",41,0,"1",1300,"D",455,"D",.,"A",325,"D",60,"D",.,"A",.,"A",845,"D",30,"D",.,"A",.,"A",.,"A",.,"A"
"20153","03009314",31,0,"1",1040,"D",195,"D",.,"A",650,"D",0,"D",.,"A",.,"A",845,"D",0,"D",.,"A",.,"A",.,"A",.,"A"
"20153","03009474",36,0,"1",910,"D",390,"D",.,"A",0,"D",0,"D",343,"F",.,"A",520,"D",60,"D",.,"A",.,"A",.,"A",.,"A"
"20153","03009534",44,0,"1",3900,"D",780,"D",.,"A",2600,"D",60,"D",.,"A",.,"A",3120,"D",0,"D",.,"A",.,"A",.,"A",.,"A"
"20153","03009594",53,0,"1",1040,"D",130,"D",.,"A",650,"D",0,"D",.,"A",.,"A",910,"D",90,"D",.,"A",.,"A",.,"A",.,"A"
"20153","03009614",20,0,"1",1300,"D",0,"D",.,"A",3900,"D",300,"D",.,"A",.,"A",1300,"D",0,"D",.,"A",.,"A",.,"A",.,"A"
"20153","03009684",21,0,"1",975,"D",195,"D",.,"A",455,"D",0,"D",.,"A",.,"A",780,"D",105,"D",.,"A",.,"A",.,"A",.,"A"
"20153","03009694",47,0,"1",9750,"D",6500,"D",.,"A",416,"D",0,"D",.,"A",.,"A",3250,"D",0,"D",.,"A",.,"A",.,"A",.,"A"
"20153","03009734",27,0,"1",2194,"F",.,"A",.,"A",789,"F",134,"F",.,"A",.,"A",1762,"F",148,"F",.,"A",.,"A",.,"A",.,"A"
"20153","03009764",38,0,"1",780,"D",195,"D",.,"A",260,"D",0,"D",.,"A",.,"A",585,"D",45,"D",.,"A",.,"A",.,"A",.,"A"
"20153","03009774",31,0,"1",1690,"D",385,"F",.,"A",0,"D",0,"D",.,"A",110,"D",1487,"F",0,"D",40,"D",520,"D",.,"A",.,"A"
"20153","03009784",56,0,"1",1820,"D",195,"D",.,"A",156,"D",0,"D",.,"A",.,"A",1625,"D",0,"D",.,"A",.,"A",.,"A",.,"A"
"20153","03009794",11,0,"1",650,"D",130,"D",.,"A",390,"D",0,"D",.,"A",.,"A",520,"D",0,"D",.,"A",.,"A",.,"A",.,"A"
"20153","03009854",16,0,"1",1300,"D",0,"D",.,"A",910,"D",0,"D",.,"A",.,"A",1300,"D",0,"D",.,"A",.,"A",.,"A",.,"A"
"20153","03009884",35,0,"1",1950,"D",325,"D",.,"A",650,"D",0,"D",.,"A",.,"A",1625,"D",0,"D",.,"A",.,"A",.,"A",.,"A"
"20153","03009894",32,0,"1",1950,"D",412,"F",.,"A",910,"D",0,"D",.,"A",.,"A",1866,"F",0,"D",.,"A",.,"A",.,"A",.,"A"
"20153","03009934",16,0,"1",975,"D",130,"D",.,"A",0,"D",0,"D",260,"D",.,"A",845,"D",0,"D",.,"A",.,"A",.,"A",.,"A"
"20153","03010054",38,0,"1",650,"D",65,"D",.,"A",325,"D",0,"D",.,"A",.,"A",585,"D",0,"D",.,"A",.,"A",.,"A",.,"A"
"20153","03010064",22,0,"1",975,"D",195,"D",.,"A",2275,"D",0,"D",.,"A",.,"A",780,"D",0,"D",.,"A",.,"A",.,"A",.,"A"
"20153","03010084",36,0,"1",1625,"D",325,"D",.,"A",455,"D",0,"D",.,"A",.,"A",1300,"D",75,"D",35,"D",455,"D",.,"A",.,"A"
"20153","03010124",48,0,"1",1820,"D",390,"D",.,"A",455,"D",60,"D",.,"A",.,"A",1430,"D",180,"D",40,"D",520,"D",.,"A",.,"A"
"20153","03010134",20,0,"1",1300,"D",0,"D",.,"A",0,"D",0,"D",.,"A",.,"A",1300,"D",0,"D",.,"A",.,"A",.,"A",.,"A"
"20153","03010234",41,0,"1",1950,"D",260,"D",.,"A",1950,"D",0,"D",.,"A",.,"A",1690,"D",0,"D",.,"A",.,"A",.,"A",.,"A"
"20153","03010244",35,0,"1",650,"D",65,"D",.,"A",975,"D",6,"D",.,"A",.,"A",585,"D",60,"D",.,"A",.,"A",.,"A",.,"A"
"20153","03010274",26,0,"1",1235,"D",130,"D",.,"A",975,"D",0,"D",.,"A",.,"A",1105,"D",0,"D",.,"A",.,"A",.,"A",.,"A"
"20153","03010314",81,0,"1",390,"D",0,"D",65,"D",6500,"D",0,"D",.,"A",.,"A",390,"D",0,"D",.,"A",.,"A",.,"A",.,"A"
"20153","03010334",21,0,"1",2600,"D",650,"D",.,"A",390,"D",0,"D",.,"A",.,"A",1950,"D",0,"D",.,"A",.,"A",.,"A",.,"A"
"20153","03010485",54,0,"1",1950,"D",650,"D",0,"D",260,"D",0,"D",.,"A",.,"A",1300,"D",0,"D",.,"A",.,"A",.,"A",.,"A"
"20153","03010544",13,0,"1",910,"D",130,"D",.,"A",325,"D",0,"D",.,"A",.,"A",780,"D",75,"D",.,"A",.,"A",.,"A",.,"A"
"20153","03010554",81,0,"1",2600,"D",0,"D",.,"A",1040,"D",120,"D",.,"A",165,"D",2600,"D",150,"D",.,"A",.,"A",.,"A",.,"A"
"20153","03010574",52,0,"1",1560,"D",195,"D",195,"D",260,"D",0,"D",.,"A",.,"A",1365,"D",300,"D",.,"A",.,"A",65,"D",5,"D"
"20153","03010634",60,0,"1",2275,"D",0,"D",.,"A",325,"D",122,"F",.,"A",.,"A",2275,"D",210,"D",.,"A",.,"A",.,"A",.,"A"
"20153","03010664",27,0,"1",520,"D",130,"D",.,"A",0,"D",0,"D",.,"A",.,"A",390,"D",0,"D",.,"A",.,"A",.,"A",.,"A"
"20153","03010694",28,0,"1",650,"D",130,"D",.,"A",195,"D",6,"D",.,"A",.,"A",520,"D",6,"D",.,"A",.,"A",.,"A",.,"A"
"20153","03010704",12,0,"1",1820,"D",520,"D",.,"A",390,"D",0,"D",.,"A",.,"A",1300,"D",0,"D",.,"A",.,"A",.,"A",.,"A"
"20153","03010744",95,0,"1",1625,"D",325,"D",.,"A",650,"D",300,"D",.,"A",.,"A",1300,"D",300,"D",30,"D",390,"D",104,"D",8,"D"
"20153","03010754",19,0,"1",650,"D",65,"D",.,"A",195,"D",90,"D",.,"A",.,"A",585,"D",0,"D",.,"A",.,"A",.,"A",.,"A"
"20153","03010794",15,0,"1",1482,"D",130,"D",.,"A",0,"D",0,"D",.,"A",.,"A",1352,"D",0,"D",.,"A",.,"A",.,"A",.,"A"
"20153","03010854",30,0,"1",975,"D",585,"D",.,"A",650,"D",0,"D",.,"A",.,"A",390,"D",0,"D",.,"A",.,"A",.,"A",.,"A"
"20153","03010864",34,0,"1",1950,"D",0,"D",.,"A",650,"D",0,"D",.,"A",.,"A",1950,"D",0,"D",.,"A",.,"A",.,"A",.,"A"
"20153","03010884",48,0,"1",2275,"D",325,"D",.,"A",975,"D",0,"D",.,"A",.,"A",1950,"D",60,"D",.,"A",.,"A",.,"A",.,"A"
"20153","03010904",52,0,"1",1950,"D",260,"D",.,"A",390,"D",0,"D",.,"A",.,"A",1690,"D",36,"D",.,"A",.,"A",156,"D",12,"D"
"20153","03010924",36,0,"1",3250,"D",325,"D",.,"A",650,"D",0,"D",.,"A",.,"A",2925,"D",0,"D",.,"A",.,"A",.,"A",.,"A"
"20153","03011014",41,0,"1",1950,"D",390,"D",.,"A",390,"D",75,"D",.,"A",.,"A",1560,"D",0,"D",.,"A",.,"A",.,"A",.,"A"
"20153","03011024",65,0,"1",1170,"D",65,"D",.,"A",3380,"D",36,"D",.,"A",.,"A",1105,"D",72,"D",.,"A",.,"A",.,"A",.,"A"
"20153","03011054",37,0,"1",3250,"D",650,"D",.,"A",0,"D",0,"D",.,"A",.,"A",2600,"D",90,"D",.,"A",.,"A",.,"A",.,"A"
"20153","03011064",28,0,"1",780,"D",169,"D",.,"A",1300,"D",0,"D",.,"A",.,"A",611,"D",0,"D",.,"A",.,"A",.,"A",.,"A"
"20153","03011164",50,0,"1",1625,"D",390,"D",.,"A",1625,"D",225,"D",.,"A",.,"A",1235,"D",180,"D",.,"A",.,"A",.,"A",.,"A"
"20153","03011174",39,0,"1",975,"D",390,"D",65,"D",520,"D",90,"D",.,"A",.,"A",585,"D",60,"D",.,"A",.,"A",.,"A",.,"A"
"20153","03011184",26,0,"1",1560,"D",130,"D",.,"A",0,"D",0,"D",.,"A",.,"A",1430,"D",0,"D",.,"A",.,"A",.,"A",.,"A"
"20153","03011214",40,0,"1",2600,"D",390,"D",.,"A",2600,"D",0,"D",.,"A",.,"A",2210,"D",0,"D",.,"A",.,"A",.,"A",.,"A"
"20153","03011224",25,0,"1",780,"D",0,"D",.,"A",0,"D",0,"D",.,"A",.,"A",780,"D",0,"D",.,"A",.,"A",.,"A",.,"A"
"20153","03011254",43,0,"1",975,"D",130,"D",.,"A",975,"D",480,"D",.,"A",.,"A",845,"D",150,"D",.,"A",.,"A",.,"A",.,"A"
"20153","03033515",32,0,"1",1950,"D",260,"D",.,"A",0,"D",0,"D",520,"D",.,"A",1690,"D",900,"D",12,"D",156,"D",.,"A",.,"A"
"20153","03033564",12,0,"1",975,"D",65,"D",.,"A",325,"D",0,"D",.,"A",.,"A",910,"D",0,"D",.,"A",.,"A",.,"A",.,"A"
"20153","03033615",9,0,"1",1300,"D",260,"D",.,"A",0,"D",0,"D",.,"A",.,"A",1040,"D",0,"D",.,"A",.,"A",.,"A",.,"A"
"20153","03033725",37,0,"1",910,"D",260,"D",.,"A",650,"D",240,"D",13,"D",.,"A",650,"D",240,"D",.,"A",.,"A",.,"A",.,"A"
"20153","03033784",23,0,"1",650,"D",0,"D",65,"D",0,"D",0,"D",.,"A",.,"A",650,"D",0,"D",.,"A",.,"A",.,"A",.,"A"
"20153","03033815",16,0,"1",1625,"D",325,"D",.,"A",780,"D",0,"D",.,"A",.,"A",1300,"D",0,"D",.,"A",.,"A",.,"A",.,"A"
"20153","03033824",24,0,"1",2340,"D",650,"D",.,"A",650,"D",0,"D",.,"A",.,"A",1690,"D",0,"D",.,"A",.,"A",.,"A",.,"A"
"20153","03033935",15,0,"1",2990,"D",780,"D",130,"D",390,"D",0,"D",.,"A",.,"A",2210,"D",0,"D",.,"A",.,"A",.,"A",.,"A"
"20153","03033945",41,0,"1",1170,"D",260,"D",260,"D",390,"D",45,"D",.,"A",.,"A",910,"D",60,"D",.,"A",.,"A",.,"A",.,"A"
"20153","03034125",50,0,"1",1300,"D",130,"D",.,"A",0,"D",6,"D",.,"A",.,"A",1170,"D",6,"D",.,"A",.,"A",.,"A",.,"A"
"20153","03045345",19,0,"1",2600,"D",260,"D",.,"A",260,"D",0,"D",.,"A",.,"A",2340,"D",0,"D",10,"D",130,"D",.,"A",.,"A"
"20153","03045404",40,0,"1",1560,"D",260,"D",.,"A",520,"D",0,"D",.,"A",.,"A",1300,"D",180,"D",.,"A",.,"A",.,"A",.,"A"
"20153","03045414",27,0,"1",650,"D",260,"D",.,"A",975,"D",0,"D",.,"A",.,"A",390,"D",0,"D",.,"A",.,"A",.,"A",.,"A"
"20153","03045425",36,0,"1",1430,"D",130,"D",.,"A",520,"D",0,"D",.,"A",.,"A",1300,"D",450,"D",.,"A",.,"A",.,"A",.,"A"
"20153","03045515",17,0,"1",1300,"D",260,"D",.,"A",0,"D",0,"D",.,"A",.,"A",1040,"D",0,"D",.,"A",.,"A",.,"A",.,"A"
"20153","03045565",41,0,"1",1560,"D",455,"D",260,"D",650,"D",0,"D",.,"A",.,"A",1105,"D",0,"D",.,"A",.,"A",.,"A",.,"A"
"20153","03045615",53,0,"1",2275,"D",650,"D",1300,"D",520,"D",90,"D",.,"A",.,"A",1625,"D",150,"D",.,"A",.,"A",65,"D",5,"D"
"20153","03045765",24,0,"1",325,"D",65,"D",.,"A",1560,"D",0,"D",.,"A",.,"A",260,"D",180,"D",.,"A",.,"A",.,"A",.,"A"
"20153","03045784",52,0,"1",2145,"D",195,"D",.,"A",780,"D",6,"D",.,"A",.,"A",1950,"D",6,"D",.,"A",.,"A",.,"A",.,"A"
"20153","03045934",20,0,"1",2574,"D",650,"D",104,"D",0,"D",0,"D",.,"A",.,"A",1924,"D",0,"D",35,"D",455,"D",.,"A",.,"A"
"20153","03045975",33,0,"1",975,"D",65,"D",130,"D",0,"D",6,"D",.,"A",.,"A",910,"D",6,"D",.,"A",.,"A",.,"A",.,"A"
"20153","03046014",19,0,"1",130,"D",13,"D",.,"A",65,"D",0,"D",312,"D",.,"A",117,"D",0,"D",.,"A",.,"A",.,"A",.,"A"
"20153","03046054",23,0,"1",1300,"D",260,"D",313,"F",604,"F",121,"F",.,"A",.,"A",1040,"D",92,"F",50,"D",650,"D",.,"A",.,"A"
"20153","03046065",19,0,"1",1625,"D",130,"D",39,"D",520,"D",6,"D",.,"A",.,"A",1495,"D",6,"D",.,"A",.,"A",.,"A",.,"A"
"20153","03046234",18,0,"1",780,"D",195,"D",.,"A",0,"D",0,"D",.,"A",.,"A",585,"D",0,"D",10,"D",130,"D",.,"A",.,"A"
"20153","03046395",14,0,"1",715,"D",195,"D",.,"A",65,"D",0,"D",.,"A",.,"A",520,"D",0,"D",.,"A",.,"A",.,"A",.,"A"
"20153","03046565",21,0,"1",1950,"D",390,"D",.,"A",520,"D",60,"D",.,"A",.,"A",1560,"D",60,"D",.,"A",.,"A",.,"A",.,"A"
"20153","03046585",26,0,"1",975,"D",325,"D",.,"A",650,"D",75,"D",.,"A",.,"A",650,"D",120,"D",.,"A",.,"A",.,"A",.,"A"
"20153","03046994",49,0,"1",520,"D",195,"D",260,"D",520,"D",0,"D",.,"A",.,"A",325,"D",0,"D",15,"D",195,"D",.,"A",.,"A"
"20153","03047114",38,0,"1",1625,"D",260,"D",.,"A",195,"D",0,"D",.,"A",.,"A",1365,"D",0,"D",.,"A",.,"A",.,"A",.,"A"
"20153","03047193",52,0,"1",1300,"D",130,"D",.,"A",390,"D",0,"D",.,"A",.,"A",1170,"D",0,"D",.,"A",.,"A",.,"A",.,"A"
"20153","03047214",47,0,"1",3250,"D",650,"D",.,"A",0,"D",0,"D",.,"A",.,"A",2600,"D",75,"D",30,"D",390,"D",.,"A",.,"A"
"20153","03047273",13,0,"1",390,"D",130,"D",.,"A",0,"D",0,"D",.,"A",.,"A",260,"D",0,"D",5,"D",65,"D",.,"A",.,"A"
"20153","03047323",34,0,"1",325,"D",78,"D",.,"A",0,"D",0,"D",.,"A",.,"A",247,"D",0,"D",.,"A",.,"A",.,"A",.,"A"
"20153","03047363",11,0,"1",910,"D",130,"D",.,"A",0,"D",0,"D",.,"A",.,"A",780,"D",0,"D",35,"D",455,"D",.,"A",.,"A"
"20153","03047394",26,0,"1",1930,"F",.,"A",.,"A",510,"F",0,"D",.,"A",.,"A",1558,"F",89,"F",.,"A",.,"A",.,"A",.,"A"
"20153","03047413",27,0,"1",650,"D",260,"D",130,"D",130,"D",60,"D",.,"A",.,"A",390,"D",60,"D",25,"D",325,"D",.,"A",.,"A"
"20153","03047454",40,0,"1",455,"D",0,"D",130,"D",715,"D",0,"D",.,"A",.,"A",455,"D",0,"D",.,"A",.,"A",.,"A",.,"A"
"20153","03047474",22,0,"1",1300,"D",195,"D",325,"D",130,"D",0,"D",.,"A",60,"D",1105,"D",0,"D",.,"A",.,"A",.,"A",.,"A"
"20153","03047504",45,0,"1",2600,"D",520,"D",.,"A",650,"D",0,"D",.,"A",.,"A",2080,"D",0,"D",30,"D",390,"D",.,"A",.,"A"
"20153","03047563",29,0,"1",975,"D",0,"D",65,"D",65,"D",0,"D",585,"D",.,"A",975,"D",30,"D",12,"D",156,"D",.,"A",.,"A"
"20153","03047574",30,0,"1",1950,"D",455,"D",0,"D",780,"D",0,"D",.,"A",.,"A",1495,"D",0,"D",50,"D",650,"D",.,"A",.,"A"
"20153","03047663",26,0,"1",325,"D",65,"D",.,"A",0,"D",0,"D",.,"A",.,"A",260,"D",0,"D",.,"A",.,"A",.,"A",.,"A"
"20153","03047734",44,0,"1",1625,"D",390,"D",.,"A",260,"D",0,"D",.,"A",.,"A",1235,"D",0,"D",.,"A",.,"A",195,"D",15,"D"
"20153","03047824",35,0,"1",650,"D",195,"D",195,"D",0,"D",0,"D",.,"A",.,"A",455,"D",0,"D",.,"A",.,"A",.,"A",.,"A"
"20153","03047844",38,0,"1",1300,"D",260,"D",.,"A",0,"D",0,"D",.,"A",.,"A",1040,"D",0,"D",30,"D",390,"D",.,"A",.,"A"
"20153","03047894",21,0,"1",3250,"D",260,"D",.,"A",260,"D",0,"D",.,"A",.,"A",2990,"D",0,"D",.,"A",.,"A",.,"A",.,"A"
"20153","03047904",27,0,"1",2600,"D",0,"D",0,"D",650,"D",0,"D",.,"A",.,"A",2600,"D",0,"D",.,"A",.,"A",.,"A",.,"A"
"20153","03047954",33,0,"1",1950,"D",455,"D",260,"D",650,"D",75,"D",.,"A",.,"A",1495,"D",75,"D",.,"A",.,"A",.,"A",.,"A"
"20153","03047994",34,0,"1",1560,"D",325,"D",.,"A",520,"D",60,"D",.,"A",.,"A",1235,"D",180,"D",.,"C",449,"F",.,"A",.,"A"
"20153","03048024",18,0,"1",715,"D",130,"D",.,"A",0,"D",0,"D",.,"A",.,"A",585,"D",0,"D",.,"A",.,"A",.,"A",.,"A"
"20153","03048043",31,0,"1",1560,"D",130,"D",.,"A",650,"D",0,"D",.,"A",.,"A",1430,"D",0,"D",.,"A",.,"A",.,"A",.,"A"
"20153","03048053",37,0,"1",897,"D",130,"D",.,"A",104,"D",0,"D",.,"A",.,"A",767,"D",0,"D",.,"A",.,"A",.,"A",.,"A"
"20153","03048144",29,0,"1",1300,"D",130,"D",.,"A",845,"D",300,"D",.,"A",.,"A",1170,"D",180,"D",.,"A",.,"A",.,"A",.,"A"
"20153","03048153",55,0,"1",1300,"D",130,"D",.,"A",897,"D",30,"D",.,"A",.,"A",1170,"D",0,"D",.,"A",.,"A",.,"A",.,"A"
"20153","03048203",48,0,"1",1040,"D",0,"D",520,"D",585,"D",0,"D",.,"A",.,"A",1040,"D",0,"D",.,"A",.,"A",.,"A",.,"A"
"20153","03048243",17,0,"1",975,"D",130,"D",.,"A",520,"D",0,"D",.,"A",.,"A",845,"D",0,"D",.,"A",.,"A",.,"A",.,"A"
"20153","03048284",25,0,"1",1300,"D",130,"D",.,"A",2600,"D",600,"D",.,"A",.,"A",1170,"D",600,"D",20,"D",260,"D",.,"A",.,"A"
"20153","03048314",40,0,"1",650,"D",195,"D",.,"A",585,"D",0,"D",.,"A",.,"A",455,"D",0,"D",.,"A",.,"A",.,"A",.,"A"
"20153","03048334",55,0,"1",1300,"D",325,"D",.,"A",260,"D",60,"D",.,"A",.,"A",975,"D",120,"D",29,"D",377,"D",.,"A",.,"A"
"20153","03048363",37,0,"1",1625,"D",325,"D",.,"A",130,"D",0,"D",.,"A",.,"A",1300,"D",0,"D",.,"A",.,"A",.,"A",.,"A"
"20153","03048433",64,0,"1",3900,"D",1300,"D",.,"A",325,"D",42,"D",.,"A",.,"A",2600,"D",300,"D",.,"A",.,"A",.,"A",.,"A"
"20153","03048443",40,0,"1",4680,"D",195,"D",.,"A",0,"D",0,"D",.,"A",.,"A",4485,"D",0,"D",.,"A",.,"A",.,"A",.,"A"
"20153","03048493",43,0,"1",1561,"F",.,"A",.,"A",757,"F",162,"F",.,"A",.,"A",1315,"F",175,"F",.,"A",.,"A",.,"A",.,"A"
"20153","03048603",46,0,"1",715,"D",104,"D",.,"A",325,"D",0,"D",.,"A",.,"A",611,"D",0,"D",.,"A",.,"A",.,"A",.,"A"
"20153","03048614",26,0,"1",949,"D",52,"D",.,"A",0,"D",0,"D",.,"A",.,"A",897,"D",150,"D",8,"D",104,"D",.,"A",.,"A"
"20153","03048633",34,0,"1",715,"D",130,"D",260,"D",0,"D",0,"D",.,"A",.,"A",585,"D",0,"D",.,"A",.,"A",.,"A",.,"A"
"20153","03048654",38,0,"1",1300,"D",130,"D",.,"A",650,"D",45,"D",.,"A",.,"A",1170,"D",360,"D",.,"A",.,"A",.,"A",.,"A"
"20153","03048744",50,0,"1",1300,"D",325,"D",260,"D",650,"D",0,"D",.,"A",.,"A",975,"D",150,"D",.,"A",.,"A",.,"A",.,"A"
"20153","03048754",18,0,"1",1430,"D",260,"D",.,"A",0,"D",0,"D",.,"A",.,"A",1170,"D",0,"D",.,"A",.,"A",.,"A",.,"A"
"20153","03048773",36,0,"1",1300,"D",260,"D",.,"A",65,"D",0,"D",.,"A",.,"A",1040,"D",0,"D",.,"A",.,"A",.,"A",.,"A"
"20153","03048854",23,0,"1",195,"D",65,"D",.,"A",0,"D",6,"D",.,"A",.,"A",130,"D",6,"D",.,"A",.,"A",.,"A",.,"A"
"20153","03048924",26,0,"1",2080,"D",520,"D",.,"A",0,"D",300,"D",.,"A",.,"A",1560,"D",300,"D",100,"D",1300,"D",.,"A",.,"A"
"20153","03048964",33,0,"1",1560,"D",260,"D",.,"A",130,"D",135,"D",.,"A",.,"A",1300,"D",420,"D",.,"A",.,"A",.,"A",.,"A"
"20153","03049004",18,0,"1",3250,"D",780,"D",260,"D",0,"D",0,"D",.,"A",.,"A",2470,"D",0,"D",.,"A",.,"A",.,"A",.,"A"
"20153","03049013",20,0,"1",975,"D",260,"D",65,"D",0,"D",0,"D",.,"A",.,"A",715,"D",0,"D",.,"A",.,"A",.,"A",.,"A"
"20153","03049073",28,0,"1",1625,"D",325,"D",.,"A",0,"D",0,"D",.,"A",.,"A",1300,"D",48,"D",43,"D",559,"D",.,"A",.,"A"
"20153","03049104",26,0,"1",650,"D",195,"D",.,"A",130,"D",0,"D",.,"A",.,"A",455,"D",0,"D",.,"A",.,"A",.,"A",.,"A"
"20153","03049163",31,0,"1",442,"D",195,"D",.,"A",65,"D",21,"D",.,"A",.,"A",247,"D",0,"D",.,"A",.,"A",.,"A",.,"A"
"20153","03049183",23,0,"1",845,"D",130,"D",.,"A",325,"D",0,"D",.,"A",.,"A",715,"D",0,"D",.,"A",.,"A",.,"A",.,"A"
"20153","03049264",55,0,"1",3640,"D",364,"D",130,"D",650,"D",0,"D",.,"A",.,"A",3276,"D",6,"D",1,"D",13,"D",.,"A",.,"A"
"20153","03049333",18,0,"1",1300,"D",195,"D",.,"A",130,"D",0,"D",.,"A",.,"A",1105,"D",0,"D",.,"A",.,"A",.,"A",.,"A"
"20153","03049353",20,0,"1",975,"D",195,"D",.,"A",325,"D",0,"D",.,"A",.,"A",780,"D",6,"D",.,"A",.,"A",.,"A",.,"A"
"20153","03049414",45,0,"1",1300,"D",0,"D",.,"A",0,"D",0,"D",.,"A",.,"A",1300,"D",0,"D",.,"A",.,"A",.,"A",.,"A"
"20153","03049464",21,0,"1",1625,"D",325,"D",.,"A",0,"D",0,"D",.,"A",.,"A",1300,"D",0,"D",.,"A",.,"A",.,"A",.,"A"
"20153","03049554",29,0,"1",390,"D",130,"D",.,"A",169,"D",0,"D",.,"A",.,"A",260,"D",0,"D",.,"A",.,"A",.,"A",.,"A"
"20153","03049603",32,0,"1",520,"D",130,"D",.,"A",260,"D",0,"D",.,"A",.,"A",390,"D",0,"D",.,"A",.,"A",.,"A",.,"A"
"20153","03049613",90,0,"1",2106,"D",117,"D",.,"A",390,"D",75,"D",.,"A",.,"A",1989,"D",3,"D",.,"A",.,"A",.,"A",.,"A"
"20153","03049623",40,0,"1",780,"D",130,"D",.,"A",65,"D",0,"D",.,"A",.,"A",650,"D",0,"D",30,"D",390,"D",.,"A",.,"A"
"20153","03049713",28,0,"1",975,"D",130,"D",.,"A",260,"D",0,"D",.,"A",.,"A",845,"D",0,"D",.,"A",.,"A",.,"A",.,"A"
"20153","03049794",35,0,"1",780,"D",325,"D",.,"A",0,"D",75,"D",.,"A",.,"A",455,"D",45,"D",7,"D",91,"D",.,"A",.,"A"
"20153","03049843",31,0,"1",4355,"D",455,"D",.,"A",39,"D",0,"D",.,"A",.,"A",3900,"D",0,"D",.,"A",.,"A",.,"A",.,"A"
"20153","03049884",63,0,"1",1950,"D",390,"D",65,"D",520,"D",0,"D",.,"A",.,"A",1560,"D",0,"D",.,"A",.,"A",.,"A",.,"A"
"20153","03049984",53,0,"1",2015,"D",1105,"D",343,"F",65,"D",0,"D",.,"A",.,"A",910,"D",0,"D",.,"A",.,"A",.,"A",.,"A"
"20153","03050143",69,0,"1",1950,"D",650,"D",.,"A",455,"D",0,"D",.,"A",40,"D",1300,"D",0,"D",.,"A",.,"A",230,"F",.,"C"
"20153","03050174",22,0,"1",520,"D",260,"D",.,"A",0,"D",0,"D",.,"A",.,"A",260,"D",0,"D",.,"A",.,"A",.,"A",.,"A"
"20153","03050223",52,0,"1",1300,"D",130,"D",.,"A",260,"D",0,"D",.,"A",.,"A",1170,"D",60,"D",.,"A",.,"A",91,"D",7,"D"
"20153","03050254",23,0,"1",910,"D",195,"D",.,"A",390,"D",0,"D",.,"A",.,"A",715,"D",0,"D",.,"A",.,"A",.,"A",.,"A"
"20153","03050304",33,0,"1",1170,"D",325,"D",.,"A",715,"D",0,"D",.,"A",.,"A",845,"D",0,"D",.,"A",.,"A",.,"A",.,"A"
"20153","03050313",28,0,"1",1560,"D",520,"D",.,"A",260,"D",75,"D",.,"A",.,"A",1040,"D",60,"D",.,"A",.,"A",.,"A",.,"A"
"20153","03050354",45,0,"1",910,"D",65,"D",.,"A",325,"D",0,"D",.,"A",.,"A",845,"D",0,"D",.,"A",.,"A",.,"A",.,"A"
"20153","03050393",42,0,"1",1300,"D",650,"D",325,"D",260,"D",300,"D",.,"A",.,"A",650,"D",150,"D",21,"D",273,"D",.,"A",.,"A"
"20153","03050404",51,0,"1",1560,"D",260,"D",325,"D",520,"D",0,"D",.,"A",.,"A",1300,"D",90,"D",.,"A",.,"A",.,"A",.,"A"
"20153","03050434",22,0,"1",455,"D",78,"D",.,"A",247,"D",0,"D",.,"A",.,"A",377,"D",0,"D",.,"A",.,"A",.,"A",.,"A"
"20153","03050483",34,0,"1",1950,"D",650,"D",.,"A",260,"D",0,"D",.,"A",.,"A",1300,"D",0,"D",.,"A",.,"A",.,"A",.,"A"
"20153","03050574",43,0,"1",1300,"D",195,"D",325,"D",325,"D",0,"D",.,"A",.,"A",1105,"D",0,"D",.,"A",.,"A",.,"A",.,"A"
"20153","03050594",35,0,"1",1361,"F",.,"A",.,"A",130,"D",21,"D",.,"A",.,"A",1077,"F",0,"D",8,"D",104,"D",.,"A",.,"A"
"20153","03050733",17,0,"1",2275,"D",325,"D",.,"A",0,"D",0,"D",.,"A",.,"A",1950,"D",0,"D",30,"D",390,"D",.,"A",.,"A"
"20153","03050753",33,0,"1",1625,"D",260,"D",.,"A",390,"D",0,"D",.,"A",.,"A",1365,"D",36,"D",20,"D",260,"D",.,"A",.,"A"
"20153","03050774",23,0,"1",520,"D",260,"D",.,"A",650,"D",150,"D",.,"A",.,"A",260,"D",30,"D",.,"A",.,"A",.,"A",.,"A"
"20153","03050803",29,0,"1",1300,"D",325,"D",.,"A",0,"D",0,"D",.,"A",.,"A",975,"D",60,"D",.,"A",.,"A",.,"A",.,"A"
"20153","03050844",8,0,"1",585,"D",195,"D",.,"A",390,"D",0,"D",.,"A",.,"A",390,"D",0,"D",.,"A",.,"A",.,"A",.,"A"
"20153","03050853",51,0,"1",1950,"D",325,"D",.,"A",975,"D",0,"D",.,"A",.,"A",1625,"D",0,"D",.,"A",.,"A",.,"A",.,"A"
"20153","03050863",30,0,"1",975,"D",104,"D",.,"A",65,"D",0,"D",.,"A",.,"A",871,"D",0,"D",40,"D",520,"D",.,"A",.,"A"
"20153","03050923",40,0,"1",975,"D",65,"D",.,"A",975,"D",15,"D",.,"A",.,"A",910,"D",30,"D",.,"A",.,"A",.,"A",.,"A"
"20153","03050963",16,0,"1",1300,"D",650,"D",.,"A",1950,"D",0,"D",.,"A",.,"A",650,"D",0,"D",.,"A",.,"A",.,"A",.,"A"
"20153","03050993",36,0,"1",1300,"D",130,"D",.,"A",1040,"D",0,"D",.,"A",.,"A",1170,"D",0,"D",.,"A",.,"A",.,"A",.,"A"
"20153","03051034",44,0,"1",1950,"D",130,"D",.,"A",780,"D",45,"D",.,"A",.,"A",1820,"D",90,"D",.,"A",.,"A",.,"A",.,"A"
"20153","03051094",47,0,"1",780,"D",325,"D",325,"D",390,"D",0,"D",.,"A",.,"A",455,"D",0,"D",.,"A",.,"A",.,"A",.,"A"
"20153","03051233",62,0,"1",1950,"D",130,"D",.,"A",650,"D",60,"D",.,"A",.,"A",1820,"D",120,"D",.,"A",.,"A",.,"A",.,"A"
"20153","03051343",18,0,"1",390,"D",130,"D",.,"A",0,"D",0,"D",.,"A",.,"A",260,"D",0,"D",.,"A",.,"A",.,"A",.,"A"
"20153","03051413",59,0,"1",1040,"D",65,"D",.,"A",390,"D",0,"D",.,"A",16,"D",975,"D",30,"D",.,"A",.,"A",.,"A",.,"A"
"20153","03051454",9,0,"1",650,"D",195,"D",.,"A",0,"D",0,"D",.,"A",.,"A",455,"D",0,"D",30,"D",390,"D",.,"A",.,"A"
"20153","03051483",26,0,"1",1560,"D",390,"D",.,"A",520,"D",0,"D",.,"A",.,"A",1170,"D",0,"D",.,"A",.,"A",.,"A",.,"A"
"20153","03051503",25,0,"1",1170,"D",260,"D",325,"D",325,"D",0,"D",.,"A",.,"A",910,"D",0,"D",.,"C",408,"F",.,"A",.,"A"
"20153","03051634",33,0,"1",975,"D",195,"D",.,"A",520,"D",0,"D",.,"A",.,"A",780,"D",60,"D",.,"A",.,"A",.,"A",.,"A"
"20153","03051714",24,0,"1",130,"D",0,"D",.,"A",650,"D",0,"D",.,"A",.,"A",130,"D",0,"D",.,"A",.,"A",.,"A",.,"A"
"20153","03051773",27,0,"1",2860,"D",585,"D",.,"A",650,"D",0,"D",.,"A",.,"A",2275,"D",15,"D",.,"A",.,"A",.,"A",.,"A"
"20153","03051914",63,0,"1",520,"D",0,"D",.,"A",650,"D",150,"D",.,"A",.,"A",520,"D",225,"D",50,"D",650,"D",.,"A",.,"A"
"20153","03052074",39,0,"1",650,"D",195,"D",.,"A",0,"D",0,"D",.,"A",.,"A",455,"D",0,"D",.,"A",.,"A",.,"A",.,"A"
"20153","03052103",38,0,"1",780,"D",390,"D",.,"A",260,"D",300,"D",.,"A",.,"A",390,"D",450,"D",.,"A",.,"A",.,"A",.,"A"
"20153","03052194",40,0,"1",520,"D",65,"D",.,"A",130,"D",0,"D",.,"A",.,"A",455,"D",24,"D",.,"A",.,"A",.,"A",.,"A"
"20153","03052263",27,0,"1",910,"D",195,"D",.,"A",0,"D",0,"D",.,"A",.,"A",715,"D",0,"D",8,"D",104,"D",.,"A",.,"A"
"20153","03052304",33,0,"1",1300,"D",313,"F",.,"A",636,"F",141,"F",.,"A",.,"A",1154,"F",300,"D",35,"D",455,"D",.,"A",.,"A"
"20153","03052324",25,0,"1",1950,"D",130,"D",.,"A",260,"D",0,"D",.,"A",.,"A",1820,"D",0,"D",.,"A",.,"A",.,"A",.,"A"
"20153","03052374",25,0,"1",1827,"F",.,"A",.,"A",835,"F",127,"F",.,"A",.,"A",1438,"F",194,"F",.,"A",.,"A",.,"A",.,"A"
"20153","03052514",25,0,"1",1300,"D",195,"D",.,"A",0,"D",0,"D",.,"A",.,"A",1105,"D",240,"D",20,"D",260,"D",.,"A",.,"A"
"20153","03052524",37,0,"1",1300,"D",0,"D",.,"A",650,"D",0,"D",.,"A",.,"A",1300,"D",0,"D",.,"A",.,"A",.,"A",.,"A"
"20153","03052534",24,0,"1",520,"D",0,"D",.,"A",0,"D",0,"D",.,"A",.,"A",520,"D",0,"D",30,"D",390,"D",.,"A",.,"A"
"20153","03052653",27,0,"1",975,"D",0,"D",.,"A",0,"D",0,"D",.,"A",.,"A",975,"D",0,"D",.,"A",.,"A",.,"A",.,"A"
"20153","03052773",37,0,"1",650,"D",325,"D",.,"A",260,"D",0,"D",.,"A",.,"A",325,"D",0,"D",.,"A",.,"A",.,"A",.,"A"
"20153","03052864",25,0,"1",390,"D",0,"D",.,"A",0,"D",0,"D",.,"A",.,"A",390,"D",0,"D",.,"A",.,"A",.,"A",.,"A"
"20153","03052893",13,0,"1",845,"D",211,"F",780,"D",0,"D",0,"D",.,"A",.,"A",741,"F",30,"D",.,"A",.,"A",.,"A",.,"A"
"20153","03052924",24,0,"1",1950,"D",325,"D",.,"A",0,"D",0,"D",.,"A",.,"A",1625,"D",1200,"D",13,"D",169,"D",.,"A",.,"A"
"20153","03052983",16,0,"1",520,"D",65,"D",.,"A",65,"D",0,"D",.,"A",.,"A",455,"D",0,"D",.,"A",.,"A",.,"A",.,"A"
"20153","03053054",25,0,"1",2600,"D",260,"D",.,"A",0,"D",0,"D",.,"A",.,"A",2340,"D",150,"D",35,"D",455,"D",.,"A",.,"A"
"20153","03053174",43,0,"1",910,"D",260,"D",.,"A",390,"D",30,"D",.,"A",.,"A",650,"D",60,"D",30,"D",390,"D",.,"A",.,"A"
"20153","03053294",42,0,"1",2275,"D",780,"D",.,"A",390,"D",0,"D",.,"A",100,"D",1495,"D",0,"D",.,"A",.,"A",.,"A",.,"A"
"20153","03053334",34,0,"1",650,"D",65,"D",.,"A",0,"D",0,"D",.,"A",.,"A",585,"D",0,"D",.,"A",.,"A",.,"A",.,"A"
"20153","03053463",41,0,"1",1300,"D",65,"D",650,"D",2600,"D",0,"D",.,"A",.,"A",1235,"D",30,"D",.,"A",.,"A",.,"A",.,"A"
"20153","03053483",20,0,"1",1560,"D",585,"D",.,"A",0,"D",0,"D",.,"A",.,"A",975,"D",0,"D",.,"A",.,"A",.,"A",.,"A"
"20153","03053504",30,0,"1",325,"D",65,"D",.,"A",0,"D",0,"D",.,"A",.,"A",260,"D",0,"D",.,"A",.,"A",.,"A",.,"A"
"20153","03053524",35,0,"1",715,"D",130,"D",.,"A",260,"D",0,"D",.,"A",.,"A",585,"D",0,"D",.,"A",.,"A",.,"A",.,"A"
"20153","03053544",19,0,"1",919,"F",.,"A",.,"A",604,"F",121,"F",.,"A",.,"A",741,"F",92,"F",.,"A",.,"A",.,"A",.,"A"
"20153","03053573",38,0,"1",390,"D",0,"D",260,"D",390,"D",0,"D",.,"A",.,"A",390,"D",0,"D",5,"D",65,"D",.,"A",.,"A"
"20153","03053694",35,0,"1",1950,"D",390,"D",156,"D",1300,"D",120,"D",.,"A",.,"A",1560,"D",30,"D",.,"A",.,"A",.,"A",.,"A"
"20153","03053753",21,0,"1",1360,"F",.,"A",.,"A",0,"D",0,"D",.,"A",.,"A",1097,"F",0,"D",.,"A",.,"A",.,"A",.,"A"
"20153","03053773",29,0,"1",1950,"D",455,"D",130,"D",260,"D",0,"D",.,"A",17,"D",1495,"D",30,"D",28,"D",364,"D",260,"D",20,"D"
"20153","03053783",35,0,"1",2080,"D",390,"D",.,"A",104,"D",0,"D",.,"A",.,"A",1690,"D",0,"D",.,"A",.,"A",.,"A",.,"A"
"20153","03053813",34,0,"1",1950,"D",650,"D",.,"A",390,"D",150,"D",.,"A",.,"A",1300,"D",0,"D",8,"D",104,"D",.,"A",.,"A"
"20153","03053914",20,0,"1",1300,"D",520,"D",.,"A",260,"D",0,"D",.,"A",.,"A",780,"D",0,"D",.,"A",.,"A",.,"A",.,"A"
"20153","03053984",21,0,"1",5200,"D",1950,"D",.,"A",1300,"D",6,"D",343,"F",.,"A",3250,"D",6,"D",.,"A",.,"A",.,"A",.,"A"
"20153","03054084",33,0,"1",1820,"D",325,"D",.,"A",650,"D",0,"D",.,"A",.,"A",1495,"D",0,"D",.,"A",.,"A",.,"A",.,"A"
"20153","03054133",13,0,"1",585,"D",0,"D",.,"A",260,"D",0,"D",.,"A",.,"A",585,"D",0,"D",.,"A",.,"A",.,"A",.,"A"
"20153","03054154",36,0,"1",919,"F",.,"A",.,"A",604,"F",121,"F",.,"A",.,"A",741,"F",92,"F",.,"A",.,"A",.,"A",.,"A"
"20153","03054204",29,0,"1",975,"D",325,"D",65,"D",390,"D",0,"D",.,"A",.,"A",650,"D",0,"D",.,"A",.,"A",.,"A",.,"A"
"20153","03054223",42,0,"1",2210,"D",585,"D",.,"A",910,"D",30,"D",.,"A",.,"A",1625,"D",30,"D",.,"A",.,"A",.,"A",.,"A"
"20153","03054244",40,0,"1",910,"D",130,"D",.,"A",260,"D",0,"D",.,"A",.,"A",780,"D",0,"D",.,"A",.,"A",.,"A",.,"A"
"20153","03054264",32,0,"1",780,"D",130,"D",.,"A",130,"D",150,"D",.,"A",.,"A",650,"D",90,"D",.,"A",.,"A",.,"A",.,"A"
"20153","03054393",41,0,"1",325,"D",65,"D",.,"A",65,"D",0,"D",.,"A",.,"A",260,"D",0,"D",.,"A",.,"A",.,"A",.,"A"
"20153","03054483",47,0,"1",1300,"D",325,"D",130,"D",780,"D",15,"D",.,"A",.,"A",975,"D",15,"D",.,"A",.,"A",.,"A",.,"A"
"20153","03054513",30,0,"1",2600,"D",325,"D",520,"D",0,"D",0,"D",.,"A",.,"A",2275,"D",0,"D",.,"A",.,"A",.,"A",.,"A"
"20153","03054534",48,0,"1",1300,"D",260,"D",.,"A",325,"D",0,"D",.,"A",.,"A",1040,"D",150,"D",.,"A",.,"A",.,"A",.,"A"
"20153","03054584",35,0,"1",1950,"D",390,"D",.,"A",390,"D",0,"D",.,"A",.,"A",1560,"D",0,"D",.,"A",.,"A",.,"A",.,"A"
"20153","03054624",33,0,"1",702,"D",195,"D",.,"A",195,"D",9,"D",.,"A",.,"A",507,"D",0,"D",80,"D",1040,"D",.,"A",.,"A"
"20153","03054673",20,0,"1",1950,"D",117,"D",.,"A",0,"D",0,"D",.,"A",.,"A",1833,"D",0,"D",.,"A",.,"A",.,"A",.,"A"
"20153","03054683",49,0,"1",780,"D",195,"D",.,"A",260,"D",0,"D",.,"A",.,"A",585,"D",150,"D",10,"D",130,"D",.,"A",.,"A"
"20153","03054703",30,0,"1",1300,"D",130,"D",.,"A",390,"D",0,"D",.,"A",.,"A",1170,"D",0,"D",.,"A",.,"A",.,"A",.,"A"
"20153","03054853",35,0,"1",650,"D",0,"D",.,"A",260,"D",0,"D",.,"A",.,"A",650,"D",300,"D",20,"D",260,"D",.,"A",.,"A"
"20153","03054864",27,0,"1",1040,"D",260,"D",.,"A",0,"D",0,"D",.,"A",.,"A",780,"D",0,"D",.,"A",.,"A",.,"A",.,"A"
"20153","03054984",34,0,"1",1300,"D",520,"D",130,"D",650,"D",30,"D",.,"A",.,"A",780,"D",120,"D",.,"A",.,"A",.,"A",.,"A"
"20153","03055004",18,0,"1",1170,"D",195,"D",.,"A",390,"D",0,"D",.,"A",.,"A",975,"D",0,"D",.,"C",511,"F",.,"A",.,"A"
"20153","03055064",29,0,"1",1599,"D",390,"D",.,"A",520,"D",0,"D",.,"A",.,"A",1209,"D",60,"D",.,"A",.,"A",.,"A",.,"A"
"20153","03055094",26,0,"1",1300,"D",195,"D",.,"A",0,"D",0,"D",.,"A",.,"A",1105,"D",900,"D",15,"D",195,"D",.,"A",.,"A"
"20153","03055144",54,0,"1",2600,"D",390,"D",.,"A",1300,"D",0,"D",1300,"D",.,"A",2210,"D",0,"D",.,"A",.,"A",.,"A",.,"A"
"20153","03055223",35,0,"1",1950,"D",260,"D",.,"A",520,"D",0,"D",.,"A",.,"A",1690,"D",0,"D",.,"A",.,"A",.,"A",.,"A"
"20153","03055353",29,0,"1",650,"D",325,"D",.,"A",260,"D",30,"D",.,"A",.,"A",325,"D",30,"D",.,"A",.,"A",.,"A",.,"A"
"20153","03055363",13,0,"1",1430,"D",390,"D",.,"A",0,"D",0,"D",.,"A",.,"A",1040,"D",0,"D",.,"A",.,"A",.,"A",.,"A"
"20153","03055474",26,0,"1",1300,"D",390,"D",390,"D",975,"D",0,"D",.,"A",.,"A",910,"D",105,"D",.,"A",.,"A",.,"A",.,"A"
"20153","03055604",29,0,"1",1105,"D",0,"D",.,"A",195,"D",0,"D",.,"A",.,"A",1105,"D",0,"D",30,"D",390,"D",.,"A",.,"A"
"20153","03055663",24,0,"1",845,"D",156,"D",130,"D",390,"D",0,"D",.,"A",.,"A",689,"D",0,"D",25,"D",325,"D",.,"A",.,"A"
"20153","03055703",21,0,"1",715,"D",130,"D",.,"A",39,"D",0,"D",.,"A",.,"A",585,"D",6,"D",.,"A",.,"A",.,"A",.,"A"
"20153","03055763",28,0,"1",975,"D",130,"D",.,"A",0,"D",60,"D",.,"A",.,"A",845,"D",300,"D",20,"D",260,"D",52,"D",4,"D"
"20153","03055804",39,0,"1",1950,"D",390,"D",.,"A",0,"D",0,"D",.,"A",.,"A",1560,"D",0,"D",.,"A",.,"A",.,"A",.,"A"
"20153","03055853",55,0,"1",1560,"D",130,"D",.,"A",260,"D",0,"D",.,"A",.,"A",1430,"D",15,"D",.,"A",.,"A",.,"A",.,"A"
"20153","03055954",23,0,"1",650,"D",0,"D",325,"D",195,"D",0,"D",.,"A",.,"A",650,"D",96,"D",20,"D",260,"D",.,"A",.,"A"
"20153","03056003",20,0,"1",845,"D",325,"D",.,"A",0,"D",0,"D",.,"A",.,"A",520,"D",0,"D",.,"A",.,"A",.,"A",.,"A"
"20153","03056013",61,0,"1",1690,"D",325,"D",.,"A",455,"D",210,"D",.,"A",.,"A",1365,"D",480,"D",40,"D",520,"D",.,"A",.,"A"
"20153","03056034",50,0,"1",1300,"D",260,"D",390,"D",650,"D",300,"D",.,"A",.,"A",1040,"D",150,"D",40,"D",520,"D",.,"A",.,"A"
"20153","03056114",38,0,"1",1300,"D",260,"D",.,"A",0,"D",0,"D",.,"A",.,"A",1040,"D",480,"D",70,"D",910,"D",.,"A",.,"A"
"20153","03056233",24,0,"1",1300,"D",260,"D",.,"A",0,"D",0,"D",.,"A",.,"A",1040,"D",0,"D",46,"D",598,"D",.,"A",.,"A"
"20153","03056244",40,0,"1",1300,"D",260,"D",.,"A",520,"D",15,"D",.,"A",.,"A",1040,"D",45,"D",.,"A",.,"A",.,"A",.,"A"
"20153","03056343",42,0,"1",1950,"D",195,"D",130,"D",780,"D",0,"D",.,"A",.,"A",1755,"D",0,"D",.,"A",.,"A",.,"A",.,"A"
"20153","03056353",43,0,"1",1950,"D",650,"D",.,"A",520,"D",0,"D",.,"A",.,"A",1300,"D",0,"D",.,"A",.,"A",.,"A",.,"A"
"20153","03056374",29,0,"1",1950,"D",325,"D",.,"A",325,"D",0,"D",.,"A",.,"A",1625,"D",0,"D",.,"A",.,"A",.,"A",.,"A"
"20153","03056413",38,0,"1",1560,"D",156,"D",.,"A",4550,"D",360,"D",.,"A",.,"A",1404,"D",120,"D",.,"A",.,"A",.,"A",.,"A"
"20153","03056503",37,0,"1",1170,"D",260,"D",.,"A",390,"D",45,"D",.,"A",.,"A",910,"D",90,"D",.,"A",.,"A",.,"A",.,"A"
"20153","03056544",27,0,"1",1950,"D",390,"D",325,"D",195,"D",0,"D",.,"A",.,"A",1560,"D",0,"D",.,"A",.,"A",.,"A",.,"A"
"20153","03056564",50,0,"1",1625,"D",260,"D",.,"A",260,"D",0,"D",.,"A",.,"A",1365,"D",54,"D",36,"D",468,"D",.,"A",.,"A"
"20153","03056603",34,0,"1",845,"D",260,"D",.,"A",260,"D",0,"D",.,"A",.,"A",585,"D",0,"D",.,"A",.,"A",.,"A",.,"A"
"20153","03056653",24,0,"1",845,"D",195,"D",.,"A",520,"D",45,"D",.,"A",.,"A",650,"D",30,"D",.,"A",.,"A",.,"A",.,"A"
"20153","03056703",52,0,"1",2028,"D",273,"D",.,"A",273,"D",0,"D",.,"A",.,"A",1755,"D",0,"D",5,"D",65,"D",.,"A",.,"A"
"20153","03056794",51,0,"1",1430,"D",260,"D",.,"A",702,"D",0,"D",.,"A",.,"A",1170,"D",0,"D",.,"A",.,"A",.,"A",.,"A"
"20153","03056933",17,0,"1",650,"D",650,"D",.,"A",0,"D",6,"D",.,"A",.,"A",0,"D",6,"D",.,"A",.,"A",.,"A",.,"A"
"20153","03056943",41,0,"1",975,"D",260,"D",.,"A",260,"D",0,"D",.,"A",.,"A",715,"D",15,"D",15,"D",195,"D",26,"D",2,"D"
"20153","03057034",60,0,"1",3250,"D",390,"D",325,"D",325,"D",120,"D",.,"A",.,"A",2860,"D",300,"D",.,"A",.,"A",.,"A",.,"A"
"20153","03057144",43,0,"1",3250,"D",650,"D",.,"A",520,"D",0,"D",.,"A",.,"A",2600,"D",0,"D",.,"A",.,"A",.,"A",.,"A"
"20153","03057213",37,0,"1",975,"D",325,"D",.,"A",0,"D",0,"D",.,"A",.,"A",650,"D",150,"D",.,"A",.,"A",.,"A",.,"A"
"20153","03057224",33,0,"1",1950,"D",260,"D",.,"A",0,"D",0,"D",.,"A",.,"A",1690,"D",0,"D",.,"A",.,"A",.,"A",.,"A"
"20153","03057304",35,0,"1",780,"D",195,"D",.,"A",0,"D",0,"D",.,"A",.,"A",585,"D",0,"D",.,"A",.,"A",.,"A",.,"A"
"20153","03057353",19,0,"1",1300,"D",390,"D",65,"D",260,"D",0,"D",.,"A",.,"A",910,"D",0,"D",50,"D",650,"D",.,"A",.,"A"
"20153","03057434",18,0,"1",780,"D",65,"D",.,"A",325,"D",0,"D",.,"A",.,"A",715,"D",0,"D",.,"A",.,"A",.,"A",.,"A"
"20153","03057534",15,0,"1",975,"D",195,"D",.,"A",650,"D",0,"D",.,"A",.,"A",780,"D",0,"D",.,"A",.,"A",.,"A",.,"A"
"20153","03057633",20,0,"1",520,"D",130,"D",.,"A",650,"D",120,"D",.,"A",.,"A",390,"D",450,"D",25,"D",325,"D",.,"A",.,"A"
"20153","03057704",42,0,"1",975,"D",455,"D",130,"D",650,"D",150,"D",.,"A",.,"A",520,"D",150,"D",.,"A",.,"A",.,"A",.,"A"
"20153","03057743",35,0,"1",845,"D",325,"D",325,"D",585,"D",0,"D",.,"A",.,"A",520,"D",0,"D",.,"A",.,"A",.,"A",.,"A"
"20153","03057754",31,0,"1",1040,"D",520,"D",.,"A",650,"D",0,"D",.,"A",.,"A",520,"D",0,"D",.,"A",.,"A",.,"A",.,"A"
"20153","03057764",59,0,"1",2600,"D",351,"D",.,"A",65,"D",0,"D",.,"A",.,"A",2249,"D",120,"D",.,"A",.,"A",.,"A",.,"A"
"20153","03057803",24,0,"1",325,"D",65,"D",.,"A",130,"D",0,"D",.,"A",.,"A",260,"D",0,"D",.,"A",.,"A",.,"A",.,"A"
"20153","03057934",57,0,"1",1950,"D",325,"D",.,"A",520,"D",30,"D",.,"A",.,"A",1625,"D",30,"D",.,"A",.,"A",.,"A",.,"A"
"20153","03057993",39,0,"1",2600,"D",650,"D",.,"A",0,"D",0,"D",.,"A",.,"A",1950,"D",0,"D",.,"A",.,"A",.,"A",.,"A"
"20153","03058063",36,0,"1",2275,"D",520,"D",.,"A",0,"D",0,"D",.,"A",.,"A",1755,"D",75,"D",.,"A",.,"A",.,"A",.,"A"
"20153","03058073",38,0,"1",975,"D",260,"D",.,"A",780,"D",150,"D",.,"A",.,"A",715,"D",90,"D",.,"A",.,"A",.,"A",.,"A"
"20153","03058083",21,0,"1",877,"F",.,"A",.,"A",409,"F",92,"F",.,"A",.,"A",709,"F",104,"F",.,"A",.,"A",.,"A",.,"A"
"20153","03058143",26,0,"1",1300,"D",325,"D",.,"A",325,"D",0,"D",.,"A",.,"A",975,"D",0,"D",.,"A",.,"A",.,"A",.,"A"
"20153","03058164",33,0,"1",650,"D",0,"D",.,"A",130,"D",0,"D",.,"A",.,"A",650,"D",0,"D",.,"A",.,"A",.,"A",.,"A"
"20153","03058174",54,0,"1",975,"D",0,"D",65,"D",390,"D",0,"D",.,"A",.,"A",975,"D",0,"D",.,"A",.,"A",.,"A",.,"A"
"20153","03058203",36,0,"1",975,"D",260,"D",13,"D",0,"D",0,"D",.,"A",.,"A",715,"D",0,"D",10,"D",130,"D",.,"A",.,"A"
"20153","03058263",25,0,"1",1950,"D",325,"D",.,"A",0,"D",0,"D",.,"A",.,"A",1625,"D",0,"D",.,"A",.,"A",.,"A",.,"A"
"20153","03058384",32,0,"1",520,"D",130,"D",.,"A",325,"D",0,"D",.,"A",.,"A",390,"D",15,"D",.,"A",.,"A",.,"A",.,"A"
"20153","03058534",20,0,"1",650,"D",195,"D",.,"A",0,"D",0,"D",.,"A",.,"A",455,"D",0,"D",.,"A",.,"A",.,"A",.,"A"
"20153","03058573",21,0,"1",910,"D",156,"D",.,"A",0,"D",0,"D",.,"A",.,"A",754,"D",0,"D",.,"A",.,"A",.,"A",.,"A"
"20153","03058594",16,0,"1",2275,"D",520,"D",.,"A",0,"D",0,"D",.,"A",.,"A",1755,"D",0,"D",.,"A",.,"A",.,"A",.,"A"
"20153","03058613",28,0,"1",4550,"D",1300,"D",.,"A",650,"D",0,"D",.,"A",.,"A",3250,"D",0,"D",.,"A",.,"A",.,"A",.,"A"
"20153","03058654",52,0,"1",1300,"D",650,"D",260,"D",1040,"D",0,"D",.,"A",.,"A",650,"D",30,"D",.,"A",.,"A",.,"A",.,"A"
"20153","03058664",31,0,"1",1625,"D",325,"D",.,"A",325,"D",30,"D",.,"A",.,"A",1300,"D",0,"D",.,"A",.,"A",.,"A",.,"A"
"20153","03058673",30,0,"1",650,"D",52,"D",.,"A",325,"D",0,"D",.,"A",.,"A",598,"D",0,"D",.,"A",.,"A",.,"A",.,"A"
"20153","03058774",56,0,"1",1300,"D",325,"D",390,"D",650,"D",0,"D",.,"A",.,"A",975,"D",90,"D",12,"D",156,"D",104,"D",8,"D"
"20153","03058863",41,0,"1",1430,"D",390,"D",780,"D",0,"D",6,"D",.,"A",.,"A",1040,"D",6,"D",.,"A",.,"A",.,"A",.,"A"
"20153","03058994",23,0,"1",975,"D",65,"D",.,"A",325,"D",0,"D",.,"A",.,"A",910,"D",0,"D",.,"A",.,"A",650,"D",50,"D"
"20153","03059013",32,0,"1",1625,"D",260,"D",.,"A",520,"D",60,"D",.,"A",.,"A",1365,"D",90,"D",.,"A",.,"A",.,"A",.,"A"
"20153","03059094",16,0,"1",2600,"D",1300,"D",.,"A",1300,"D",150,"D",.,"A",.,"A",1300,"D",150,"D",.,"A",.,"A",.,"A",.,"A"
"20153","03059103",20,0,"1",520,"D",65,"D",.,"A",0,"D",0,"D",.,"A",.,"A",455,"D",0,"D",.,"A",.,"A",.,"A",.,"A"
"20153","03059174",49,0,"1",1040,"D",130,"D",.,"A",1300,"D",0,"D",.,"A",66,"D",910,"D",75,"D",.,"A",.,"A",.,"A",.,"A"
"20153","03059184",29,0,"1",2600,"D",650,"D",.,"A",0,"D",0,"D",.,"A",.,"A",1950,"D",0,"D",20,"D",260,"D",.,"A",.,"A"
"20153","03059233",22,0,"1",1039,"F",.,"A",.,"A",0,"D",0,"D",.,"A",.,"A",801,"F",0,"D",.,"A",.,"A",.,"A",.,"A"
"20153","03059343",80,0,"1",1872,"D",130,"D",.,"A",2197,"D",150,"D",.,"A",.,"A",1742,"D",120,"D",.,"A",.,"A",.,"A",.,"A"
"20153","03059364",50,0,"1",1755,"D",130,"D",1040,"D",650,"D",0,"D",.,"A",.,"A",1625,"D",0,"D",.,"A",.,"A",.,"A",.,"A"
"20153","03059374",28,0,"1",1950,"D",195,"D",.,"A",0,"D",0,"D",.,"A",.,"A",1755,"D",0,"D",.,"A",.,"A",.,"A",.,"A"
"20153","03059404",17,0,"1",780,"D",130,"D",.,"A",0,"D",0,"D",.,"A",.,"A",650,"D",0,"D",.,"A",.,"A",.,"A",.,"A"
"20153","03059444",43,0,"1",3900,"D",780,"D",.,"A",520,"D",0,"D",.,"A",.,"A",3120,"D",90,"D",.,"A",.,"A",.,"A",.,"A"
"20153","03059464",73,0,"1",1300,"D",0,"D",.,"A",325,"D",0,"D",.,"A",.,"A",1300,"D",0,"D",.,"A",.,"A",.,"A",.,"A"
"20153","03059474",53,0,"1",1950,"D",325,"D",.,"A",1040,"D",0,"D",.,"A",.,"A",1625,"D",150,"D",.,"A",.,"A",.,"A",.,"A"
"20153","03059484",17,0,"1",546,"D",39,"D",.,"A",39,"D",0,"D",.,"A",.,"A",507,"D",0,"D",.,"A",.,"A",.,"A",.,"A"
"20153","03059583",29,0,"1",2600,"D",260,"D",.,"A",0,"D",0,"D",.,"A",.,"A",2340,"D",0,"D",20,"D",260,"D",.,"A",.,"A"
"20153","03059703",43,0,"1",2860,"D",520,"D",130,"D",780,"D",0,"D",.,"A",.,"A",2340,"D",0,"D",.,"A",.,"A",.,"A",.,"A"
"20153","03059724",55,0,"1",975,"D",260,"D",260,"D",2600,"D",0,"D",.,"A",.,"A",715,"D",0,"D",.,"A",.,"A",.,"A",.,"A"
"20153","03059753",30,0,"1",975,"D",130,"D",130,"D",260,"D",0,"D",.,"A",.,"A",845,"D",0,"D",.,"A",.,"A",.,"A",.,"A"
"20153","03059804",11,0,"1",1723,"F",.,"A",.,"A",0,"D",0,"D",.,"A",.,"A",1366,"F",0,"D",.,"A",.,"A",.,"A",.,"A"
"20153","03059894",74,0,"1",2210,"D",650,"D",650,"D",1300,"D",45,"D",.,"A",.,"A",1560,"D",180,"D",.,"A",.,"A",.,"A",.,"A"
"20153","03059904",21,0,"1",390,"D",0,"D",.,"A",130,"D",0,"D",.,"A",.,"A",390,"D",0,"D",.,"A",.,"A",.,"A",.,"A"
"20153","03059933",25,0,"1",325,"D",0,"D",.,"A",0,"D",0,"D",.,"A",.,"A",325,"D",0,"D",.,"A",.,"A",.,"A",.,"A"
"20153","03059984",24,0,"1",1300,"D",325,"D",.,"A",780,"D",150,"D",.,"A",.,"A",975,"D",0,"D",.,"A",.,"A",.,"A",.,"A"
"20153","03060004",17,0,"1",1637,"F",.,"A",.,"A",706,"F",0,"D",.,"A",.,"A",1339,"F",0,"D",.,"A",.,"A",.,"A",.,"A"
"20153","03060054",35,0,"1",4550,"D",650,"D",.,"A",650,"D",0,"D",.,"A",.,"A",3900,"D",0,"D",.,"A",.,"A",.,"A",.,"A"
"20153","03060323",19,0,"1",2938,"D",195,"D",.,"A",0,"D",90,"D",.,"A",.,"A",2743,"D",0,"D",20,"D",260,"D",.,"A",.,"A"
"20153","03060343",23,0,"1",650,"D",65,"D",.,"A",455,"D",0,"D",.,"A",.,"A",585,"D",0,"D",.,"A",.,"A",.,"A",.,"A"
"20153","03060524",18,0,"1",0,"D",.,"A",.,"A",0,"D",150,"D",.,"A",60,"D",0,"D",114,"F",.,"A",.,"A",.,"A",.,"A"
"20153","03060533",17,0,"1",650,"D",130,"D",260,"D",325,"D",0,"D",.,"A",.,"A",520,"D",0,"D",.,"A",.,"A",.,"A",.,"A"
"20153","03060563",42,0,"1",1300,"D",325,"D",.,"A",520,"D",30,"D",.,"A",.,"A",975,"D",30,"D",.,"A",.,"A",.,"A",.,"A"
"20153","03060573",71,0,"1",3900,"D",130,"D",.,"A",3900,"D",0,"D",.,"A",.,"A",3770,"D",0,"D",.,"A",.,"A",.,"A",.,"A"
"20153","03060584",59,0,"1",1950,"D",195,"D",91,"D",390,"D",0,"D",.,"A",.,"A",1755,"D",120,"D",43,"D",559,"D",.,"A",.,"A"
"20153","03060654",17,0,"1",0,"D",.,"A",.,"A",0,"D",0,"D",.,"A",.,"A",0,"D",0,"D",.,"A",.,"A",.,"A",.,"A"
"20153","03060663",26,0,"1",650,"D",65,"D",.,"A",195,"D",0,"D",.,"A",.,"A",585,"D",0,"D",.,"A",.,"A",.,"A",.,"A"
"20153","03060693",22,0,"1",1950,"D",455,"D",.,"A",130,"D",0,"D",.,"A",.,"A",1495,"D",0,"D",.,"A",.,"A",.,"A",.,"A"
"20153","03060734",25,0,"1",975,"D",0,"D",.,"A",2275,"D",0,"D",.,"A",.,"A",975,"D",0,"D",.,"A",.,"A",.,"A",.,"A"
"20153","03060784",15,0,"1",650,"D",260,"D",.,"A",0,"D",0,"D",.,"A",.,"A",390,"D",0,"D",.,"A",.,"A",.,"A",.,"A"
"20153","03060853",61,0,"1",3900,"D",650,"D",.,"A",390,"D",60,"D",.,"A",.,"A",3250,"D",300,"D",.,"A",.,"A",.,"A",.,"A"
"20153","03060864",20,0,"1",1170,"D",130,"D",.,"A",325,"D",0,"D",.,"A",.,"A",1040,"D",0,"D",.,"A",.,"A",.,"A",.,"A"
"20153","03060874",24,0,"1",1950,"D",260,"D",.,"A",1300,"D",0,"D",.,"A",.,"A",1690,"D",300,"D",.,"A",.,"A",.,"A",.,"A"
"20153","03060913",30,0,"1",3250,"D",390,"D",650,"D",1625,"D",60,"D",.,"A",25,"D",2860,"D",60,"D",.,"A",.,"A",.,"A",.,"A"
"20153","03060933",45,0,"1",1625,"D",325,"D",.,"A",78,"D",0,"D",.,"A",.,"A",1300,"D",0,"D",.,"A",.,"A",.,"A",.,"A"
"20153","03060943",26,0,"1",2600,"D",325,"D",.,"A",260,"D",0,"D",.,"A",.,"A",2275,"D",0,"D",.,"A",.,"A",.,"A",.,"A"
"20153","03060963",50,0,"1",1443,"D",143,"D",.,"A",260,"D",0,"D",.,"A",.,"A",1300,"D",0,"D",.,"A",.,"A",.,"A",.,"A"
"20153","03061083",17,0,"1",1105,"D",195,"D",.,"A",0,"D",0,"D",.,"A",.,"A",910,"D",0,"D",.,"A",.,"A",.,"A",.,"A"
"20153","03061133",27,0,"1",650,"D",193,"F",169,"D",260,"D",0,"D",.,"A",.,"A",709,"F",0,"D",.,"A",.,"A",.,"A",.,"A"
"20153","03061194",38,0,"1",1950,"D",650,"D",.,"A",130,"D",0,"D",.,"A",.,"A",1300,"D",0,"D",.,"A",.,"A",.,"A",.,"A"
"20153","03061293",40,0,"1",689,"D",130,"D",.,"A",650,"D",0,"D",.,"A",.,"A",559,"D",0,"D",.,"A",.,"A",.,"A",.,"A"
"20153","03061484",45,0,"1",1170,"D",260,"D",.,"A",520,"D",0,"D",.,"A",.,"A",910,"D",0,"D",20,"D",260,"D",.,"A",.,"A"
"20153","03061593",25,0,"1",1040,"D",156,"D",130,"D",260,"D",0,"D",.,"A",.,"A",884,"D",0,"D",.,"A",.,"A",.,"A",.,"A"
"20153","03061634",32,0,"1",650,"D",65,"D",.,"A",520,"D",0,"D",.,"A",.,"A",585,"D",0,"D",.,"A",.,"A",.,"A",.,"A"
"20153","03061724",33,0,"1",520,"D",91,"D",.,"A",117,"D",0,"D",.,"A",.,"A",429,"D",0,"D",.,"A",.,"A",.,"A",.,"A"
"20153","03061753",8,0,"1",1300,"D",650,"D",325,"D",0,"D",0,"D",.,"A",.,"A",650,"D",0,"D",25,"D",325,"D",.,"A",.,"A"
"20153","03061933",34,0,"1",2600,"D",780,"D",.,"A",520,"D",0,"D",.,"A",.,"A",1820,"D",0,"D",20,"D",260,"D",130,"D",10,"D"
"20153","03061973",39,0,"1",1300,"D",260,"D",.,"A",1300,"D",0,"D",.,"A",.,"A",1040,"D",0,"D",.,"A",.,"A",.,"A",.,"A"
"20153","03062074",29,0,"1",650,"D",65,"D",.,"A",0,"D",0,"D",.,"A",.,"A",585,"D",15,"D",6,"D",78,"D",.,"A",.,"A"
"20153","03062224",30,0,"1",455,"D",211,"F",260,"D",0,"D",0,"D",.,"A",.,"A",741,"F",0,"D",.,"A",.,"A",.,"A",.,"A"
"20153","03062253",34,0,"1",1950,"D",130,"D",.,"A",0,"D",0,"D",.,"A",.,"A",1820,"D",60,"D",.,"A",.,"A",91,"D",7,"D"
"20153","03062444",21,0,"1",1170,"D",390,"D",.,"A",260,"D",0,"D",.,"A",.,"A",780,"D",0,"D",.,"A",.,"A",.,"A",.,"A"
"20153","03062523",13,0,"1",910,"D",130,"D",.,"A",0,"D",0,"D",.,"A",.,"A",780,"D",0,"D",.,"A",.,"A",.,"A",.,"A"
"20153","03062573",54,0,"1",650,"D",0,"D",156,"D",91,"D",0,"D",.,"A",.,"A",650,"D",90,"D",0,"D",0,"D",.,"A",.,"A"
"20153","03062723",61,0,"1",1625,"D",325,"D",.,"A",650,"D",0,"D",.,"A",.,"A",1300,"D",60,"D",.,"A",.,"A",.,"A",.,"A"
"20153","03062743",25,0,"1",650,"D",130,"D",.,"A",0,"D",0,"D",.,"A",.,"A",520,"D",60,"D",.,"A",.,"A",.,"A",.,"A"
"20153","03062833",62,0,"1",910,"D",130,"D",.,"A",390,"D",60,"D",.,"A",.,"A",780,"D",240,"D",.,"A",.,"A",.,"A",.,"A"
"20153","03062854",34,0,"1",1040,"D",195,"D",.,"A",390,"D",0,"D",.,"A",100,"D",845,"D",0,"D",40,"D",520,"D",.,"A",.,"A"
"20153","03062874",11,0,"1",650,"D",335,"F",391,"F",0,"D",0,"D",.,"A",.,"A",1315,"F",60,"D",30,"D",390,"D",.,"A",.,"A"
"20153","03062923",20,0,"1",1105,"D",195,"D",.,"A",0,"D",0,"D",.,"A",.,"A",910,"D",0,"D",.,"A",.,"A",.,"A",.,"A"
"20153","03062934",15,0,"1",1300,"D",260,"D",520,"D",325,"D",0,"D",.,"A",.,"A",1040,"D",0,"D",.,"A",.,"A",.,"A",.,"A"
"20153","03062963",66,0,"1",7800,"D",1300,"D",325,"D",390,"D",0,"D",.,"A",.,"A",6500,"D",600,"D",.,"A",.,"A",.,"A",.,"A"
"20153","03063083",47,0,"1",2275,"D",0,"D",.,"A",195,"D",0,"D",.,"A",.,"A",2275,"D",0,"D",.,"A",.,"A",.,"A",.,"A"
"20153","03063104",42,0,"1",2925,"D",650,"D",.,"A",390,"D",0,"D",.,"A",.,"A",2275,"D",0,"D",.,"A",.,"A",.,"A",.,"A"
"20153","03063134",31,0,"1",1300,"D",52,"D",.,"A",195,"D",0,"D",.,"A",.,"A",1248,"D",6,"D",.,"A",.,"A",.,"A",.,"A"
"20153","03063164",59,0,"1",2860,"D",780,"D",.,"A",2990,"D",300,"D",.,"A",.,"A",2080,"D",300,"D",15,"D",195,"D",.,"A",.,"A"
"20153","03063184",28,0,"1",780,"D",0,"D",.,"A",195,"D",0,"D",.,"A",.,"A",780,"D",0,"D",.,"A",.,"A",.,"A",.,"A"
"20153","03063193",40,0,"1",1300,"D",650,"D",.,"A",182,"D",0,"D",.,"A",.,"A",650,"D",48,"D",.,"A",.,"A",.,"A",.,"A"
"20153","03063203",19,0,"1",650,"D",130,"D",.,"A",195,"D",0,"D",.,"A",.,"A",520,"D",0,"D",.,"A",.,"A",.,"A",.,"A"
"20153","03063233",9,0,"1",520,"D",0,"D",.,"A",0,"D",0,"D",.,"A",.,"A",520,"D",0,"D",.,"A",.,"A",.,"A",.,"A"
"20153","03063273",32,0,"1",1950,"D",0,"D",.,"A",195,"D",30,"D",.,"A",.,"A",1950,"D",30,"D",.,"A",.,"A",.,"A",.,"A"
"20153","03063304",44,0,"1",2600,"D",0,"D",.,"A",390,"D",180,"D",.,"A",.,"A",2600,"D",540,"D",.,"A",.,"A",.,"A",.,"A"
"20153","03063453",21,0,"1",0,"D",.,"A",.,"A",0,"D",0,"D",.,"A",.,"A",0,"D",0,"D",.,"A",.,"A",.,"A",.,"A"
"20153","03063544",43,0,"1",2210,"D",195,"D",104,"D",390,"D",0,"D",.,"A",.,"A",2015,"D",0,"D",.,"A",.,"A",.,"A",.,"A"
"20153","03063563",35,0,"1",1950,"D",650,"D",260,"D",130,"D",0,"D",.,"A",.,"A",1300,"D",0,"D",.,"A",.,"A",.,"A",.,"A"
"20153","03063574",29,0,"1",1118,"D",325,"D",.,"A",325,"D",0,"D",.,"A",.,"A",793,"D",0,"D",.,"A",.,"A",.,"A",.,"A"
"20153","03063593",56,0,"1",1300,"D",260,"D",.,"A",0,"D",0,"D",.,"A",.,"A",1040,"D",15,"D",.,"A",.,"A",.,"A",.,"A"
"20153","03063703",33,0,"1",1560,"D",130,"D",.,"A",520,"D",15,"D",.,"A",.,"A",1430,"D",120,"D",47,"D",611,"D",.,"A",.,"A"
"20153","03063764",38,0,"1",3250,"D",650,"D",.,"A",325,"D",90,"D",.,"A",.,"A",2600,"D",60,"D",15,"D",195,"D",130,"D",10,"D"
"20153","03063874",30,0,"1",1300,"D",195,"D",195,"D",520,"D",240,"D",.,"A",.,"A",1105,"D",0,"D",20,"D",260,"D",.,"A",.,"A"
"20153","03063934",31,0,"1",455,"D",65,"D",.,"A",26,"D",0,"D",.,"A",.,"A",390,"D",0,"D",.,"A",.,"A",.,"A",.,"A"
"20153","03063943",40,0,"1",9100,"D",1040,"D",.,"A",260,"D",0,"D",.,"A",.,"A",8060,"D",0,"D",.,"A",.,"A",.,"A",.,"A"
"20153","03063993",19,0,"1",1040,"D",130,"D",325,"D",325,"D",0,"D",.,"A",.,"A",910,"D",0,"D",.,"A",.,"A",.,"A",.,"A"
"20153","03064004",31,0,"1",715,"D",156,"D",.,"A",0,"D",0,"D",.,"A",.,"A",559,"D",45,"D",.,"A",.,"A",.,"A",.,"A"
"20153","03064213",27,0,"1",1560,"D",260,"D",.,"A",325,"D",0,"D",.,"A",.,"A",1300,"D",15,"D",33,"D",429,"D",.,"A",.,"A"
"20153","03064224",17,0,"1",650,"D",195,"D",.,"A",0,"D",0,"D",.,"A",.,"A",455,"D",0,"D",.,"A",.,"A",.,"A",.,"A"
"20153","03064273",32,0,"1",975,"D",65,"D",130,"D",0,"D",0,"D",.,"A",.,"A",910,"D",0,"D",.,"A",.,"A",325,"D",25,"D"
"20153","03064404",50,0,"1",1300,"D",195,"D",.,"A",156,"D",0,"D",.,"A",.,"A",1105,"D",90,"D",.,"A",.,"A",.,"A",.,"A"
"20153","03064613",42,0,"1",1950,"D",390,"D",.,"A",1300,"D",0,"D",.,"A",.,"A",1560,"D",0,"D",.,"A",.,"A",.,"A",.,"A"
"20153","03064784",34,0,"1",1300,"D",260,"D",.,"A",260,"D",0,"D",.,"A",.,"A",1040,"D",0,"D",.,"A",.,"A",.,"A",.,"A"
"20153","03064833",33,0,"1",1560,"D",260,"D",.,"A",260,"D",0,"D",.,"A",.,"A",1300,"D",90,"D",.,"A",.,"A",.,"A",.,"A"
"20153","03064924",16,0,"1",650,"D",130,"D",.,"A",0,"D",0,"D",.,"A",.,"A",520,"D",0,"D",.,"A",.,"A",.,"A",.,"A"
"20153","03064934",30,0,"1",1300,"D",260,"D",.,"A",650,"D",30,"D",.,"A",.,"A",1040,"D",60,"D",50,"D",650,"D",.,"A",.,"A"
"20153","03064994",28,0,"1",650,"D",65,"D",.,"A",325,"D",0,"D",.,"A",.,"A",585,"D",0,"D",.,"A",.,"A",130,"D",10,"D"
"20153","03065033",21,0,"1",1950,"D",780,"D",.,"A",390,"D",0,"D",.,"A",.,"A",1170,"D",0,"D",.,"A",.,"A",.,"A",.,"A"
"20153","03065044",18,0,"1",572,"D",130,"D",.,"A",0,"D",0,"D",.,"A",.,"A",442,"D",0,"D",56,"D",728,"D",.,"A",.,"A"
"20153","03065184",19,0,"1",260,"D",39,"D",.,"A",0,"D",0,"D",.,"A",.,"A",221,"D",0,"D",.,"A",.,"A",.,"A",.,"A"
"20153","03065194",19,0,"1",325,"D",65,"D",.,"A",260,"D",0,"D",.,"A",.,"A",260,"D",0,"D",.,"A",.,"A",.,"A",.,"A"
"20153","03065203",14,0,"1",650,"D",130,"D",.,"A",104,"D",0,"D",.,"A",.,"A",520,"D",0,"D",.,"A",.,"A",.,"A",.,"A"
"20153","03065224",35,0,"1",975,"D",182,"D",.,"A",65,"D",0,"D",.,"A",.,"A",793,"D",0,"D",60,"D",780,"D",.,"A",.,"A"
"20153","03065253",12,0,"1",0,"D",.,"A",390,"D",0,"D",0,"D",.,"A",.,"A",0,"D",0,"D",.,"A",.,"A",.,"A",.,"A"
"20153","03065344",24,0,"1",780,"D",260,"D",.,"A",0,"D",0,"D",.,"A",.,"A",520,"D",36,"D",.,"A",.,"A",.,"A",.,"A"
"20153","03065374",13,0,"1",650,"D",65,"D",.,"A",585,"D",150,"D",.,"A",.,"A",585,"D",66,"D",.,"A",.,"A",.,"A",.,"A"
"20153","03065433",39,0,"1",1950,"D",910,"D",.,"A",650,"D",0,"D",.,"A",.,"A",1040,"D",0,"D",.,"A",.,"A",.,"A",.,"A"
"20153","03065504",27,0,"1",845,"D",130,"D",.,"A",0,"D",0,"D",.,"A",.,"A",715,"D",0,"D",.,"A",.,"A",.,"A",.,"A"
"20153","03065524",33,0,"1",2340,"D",260,"D",.,"A",845,"D",0,"D",.,"A",.,"A",2080,"D",0,"D",.,"A",.,"A",.,"A",.,"A"
"20153","03065614",29,0,"1",1300,"D",390,"D",.,"A",650,"D",15,"D",.,"A",.,"A",910,"D",0,"D",.,"A",.,"A",.,"A",.,"A"
"20153","03065623",25,0,"1",1300,"D",195,"D",.,"A",0,"D",0,"D",.,"A",.,"A",1105,"D",105,"D",.,"A",.,"A",.,"A",.,"A"
"20153","03065703",46,0,"1",1950,"D",520,"D",.,"A",1300,"D",30,"D",.,"A",.,"A",1430,"D",0,"D",.,"A",.,"A",.,"A",.,"A"
"20153","03065783",39,0,"1",1300,"D",260,"D",.,"A",260,"D",60,"D",.,"A",.,"A",1040,"D",60,"D",.,"A",.,"A",.,"A",.,"A"
"20153","03065864",37,0,"1",1685,"F",.,"A",311,"F",1300,"D",300,"D",.,"A",0,"D",1384,"F",150,"D",.,"A",.,"A",.,"A",.,"A"
"20153","03065893",48,0,"1",3900,"D",780,"D",325,"D",780,"D",0,"D",.,"A",.,"A",3120,"D",150,"D",.,"A",.,"A",.,"A",.,"A"
"20153","03066323",17,0,"1",1300,"D",260,"D",.,"A",520,"D",0,"D",.,"A",.,"A",1040,"D",0,"D",.,"A",.,"A",.,"A",.,"A"
"20153","03066333",27,0,"1",520,"D",65,"D",.,"A",0,"D",0,"D",.,"A",.,"A",455,"D",0,"D",20,"D",260,"D",195,"D",15,"D"
"20153","03066433",22,0,"1",975,"D",0,"D",.,"A",650,"D",0,"D",.,"A",.,"A",975,"D",0,"D",.,"A",.,"A",.,"A",.,"A"
"20153","03066453",27,0,"1",1300,"D",169,"D",130,"D",650,"D",0,"D",.,"A",.,"A",1131,"D",150,"D",.,"A",.,"A",.,"A",.,"A"
"20153","03066493",26,0,"1",780,"D",260,"D",.,"A",260,"D",0,"D",.,"A",.,"A",520,"D",0,"D",20,"D",260,"D",.,"A",.,"A"
"20153","03066533",28,0,"1",1300,"D",260,"D",.,"A",130,"D",0,"D",.,"A",.,"A",1040,"D",0,"D",.,"A",.,"A",.,"A",.,"A"
"20153","03066703",24,0,"1",1560,"D",130,"D",.,"A",390,"D",150,"D",.,"A",.,"A",1430,"D",150,"D",.,"A",.,"A",.,"A",.,"A"
"20153","03066754",35,0,"1",650,"D",195,"D",.,"A",780,"D",0,"D",.,"A",.,"A",455,"D",0,"D",.,"A",.,"A",.,"A",.,"A"
"20153","03066764",44,0,"1",6500,"D",650,"D",1300,"D",3250,"D",0,"D",.,"A",480,"D",5850,"D",0,"D",.,"A",.,"A",.,"A",.,"A"
"20153","03066793",36,0,"1",520,"D",195,"D",.,"A",260,"D",120,"D",.,"A",.,"A",325,"D",120,"D",.,"A",.,"A",.,"A",.,"A"
"20153","03066813",49,0,"1",650,"D",130,"D",.,"A",0,"D",0,"D",.,"A",.,"A",520,"D",0,"D",106,"D",1378,"D",.,"A",.,"A"
"20153","03066873",23,0,"1",390,"D",130,"D",.,"A",650,"D",0,"D",.,"A",.,"A",260,"D",0,"D",.,"A",.,"A",.,"A",.,"A"
"20153","03066924",29,0,"1",1300,"D",650,"D",.,"A",520,"D",0,"D",.,"A",.,"A",650,"D",0,"D",.,"A",.,"A",.,"A",.,"A"
"20153","03067043",37,0,"1",845,"D",390,"D",.,"A",325,"D",0,"D",.,"A",.,"A",455,"D",0,"D",.,"A",.,"A",.,"A",.,"A"
"20153","03067063",29,0,"1",1950,"D",0,"D",.,"A",390,"D",0,"D",.,"A",.,"A",1950,"D",0,"D",.,"A",.,"A",.,"A",.,"A"
"20153","03067104",16,0,"1",975,"D",130,"D",.,"A",390,"D",0,"D",.,"A",.,"A",845,"D",0,"D",.,"A",.,"A",.,"A",.,"A"
"20153","03067143",50,0,"1",2600,"D",260,"D",650,"D",0,"D",0,"D",.,"A",.,"A",2340,"D",45,"D",.,"A",.,"A",.,"A",.,"A"
"20153","03067153",28,0,"1",1560,"D",390,"D",.,"A",325,"D",24,"D",.,"A",.,"A",1170,"D",0,"D",.,"A",.,"A",.,"A",.,"A"
"20153","03067194",24,0,"1",650,"D",65,"D",65,"D",195,"D",0,"D",.,"A",.,"A",585,"D",0,"D",10,"D",130,"D",.,"A",.,"A"
"20153","03067213",15,0,"1",3250,"D",0,"D",1300,"D",520,"D",0,"D",.,"A",.,"A",3250,"D",0,"D",.,"A",.,"A",.,"A",.,"A"
"20153","03067323",58,0,"1",975,"D",0,"D",.,"A",1040,"D",0,"D",.,"A",.,"A",975,"D",0,"D",.,"A",.,"A",.,"A",.,"A"
"20153","03067364",19,0,"1",1300,"D",65,"D",.,"A",520,"D",0,"D",.,"A",.,"A",1235,"D",0,"D",.,"A",.,"A",.,"A",.,"A"
"20153","03067413",92,0,"1",715,"D",0,"D",.,"A",286,"D",0,"D",.,"A",.,"A",715,"D",0,"D",.,"A",.,"A",.,"A",.,"A"
"20153","03067444",16,0,"1",650,"D",130,"D",.,"A",0,"D",0,"D",.,"A",.,"A",520,"D",0,"D",30,"D",390,"D",.,"A",.,"A"
"20153","03067514",20,0,"1",3900,"D",1430,"D",195,"D",520,"D",0,"D",.,"A",.,"A",2470,"D",0,"D",20,"D",260,"D",.,"A",.,"A"
"20153","03067553",52,0,"1",975,"D",325,"D",65,"D",390,"D",0,"D",.,"A",.,"A",650,"D",0,"D",.,"A",.,"A",.,"A",.,"A"
"20153","03067644",31,0,"1",1950,"D",780,"D",.,"A",1040,"D",0,"D",.,"A",.,"A",1170,"D",0,"D",.,"A",.,"A",.,"A",.,"A"
"20153","03067664",31,0,"1",2080,"D",195,"D",.,"A",390,"D",0,"D",.,"A",.,"A",1885,"D",0,"D",.,"A",.,"A",.,"A",.,"A"
"20153","03067704",35,0,"1",4225,"D",650,"D",.,"A",1456,"D",150,"D",.,"A",.,"A",3575,"D",90,"D",.,"A",.,"A",.,"A",.,"A"
"20153","03067783",40,0,"1",1885,"D",325,"D",.,"A",0,"D",0,"D",.,"A",.,"A",1560,"D",0,"D",51,"D",663,"D",.,"A",.,"A"
"20153","03067864",11,0,"1",455,"D",65,"D",.,"A",0,"D",0,"D",.,"A",.,"A",390,"D",0,"D",.,"A",.,"A",.,"A",.,"A"
"20153","03067874",20,0,"1",1300,"D",650,"D",.,"A",780,"D",75,"D",.,"A",.,"A",650,"D",300,"D",.,"A",.,"A",.,"A",.,"A"
"20153","03067964",26,0,"1",1300,"D",260,"D",130,"D",260,"D",90,"D",.,"A",.,"A",1040,"D",0,"D",50,"D",650,"D",.,"A",.,"A"
"20153","03067984",37,0,"1",1560,"D",650,"D",.,"A",650,"D",0,"D",.,"A",.,"A",910,"D",0,"D",.,"A",.,"A",.,"A",.,"A"
"20153","03068034",25,0,"1",1040,"D",390,"D",.,"A",0,"D",0,"D",.,"A",.,"A",650,"D",0,"D",.,"A",.,"A",.,"A",.,"A"
"20153","03068054",25,0,"1",975,"D",325,"D",.,"A",0,"D",0,"D",.,"A",.,"A",650,"D",0,"D",.,"A",.,"A",.,"A",.,"A"
"20153","03068304",61,0,"1",1950,"D",780,"D",.,"A",780,"D",45,"D",.,"A",.,"A",1170,"D",0,"D",.,"A",.,"A",.,"A",.,"A"
"20153","03068404",16,0,"1",650,"D",130,"D",.,"A",260,"D",90,"D",.,"A",.,"A",520,"D",60,"D",.,"A",.,"A",.,"A",.,"A"
"20153","03068464",35,0,"1",780,"D",130,"D",260,"D",0,"D",30,"D",.,"A",.,"A",650,"D",0,"D",.,"A",.,"A",.,"A",.,"A"
"20153","03068503",14,0,"1",1820,"D",260,"D",260,"D",260,"D",0,"D",.,"A",.,"A",1560,"D",0,"D",15,"D",195,"D",.,"A",.,"A"
"20153","03068543",42,0,"1",975,"D",325,"D",.,"A",0,"D",0,"D",.,"A",.,"A",650,"D",30,"D",.,"A",.,"A",.,"A",.,"A"
"20153","03068564",27,0,"1",1950,"D",390,"D",.,"A",390,"D",0,"D",.,"A",.,"A",1560,"D",0,"D",.,"A",.,"A",650,"D",50,"D"
"20153","03068714",40,0,"1",1950,"D",780,"D",.,"A",520,"D",120,"D",.,"A",.,"A",1170,"D",180,"D",.,"A",.,"A",.,"A",.,"A"
"20153","03068813",23,0,"1",1625,"D",325,"D",.,"A",650,"D",6,"D",.,"A",.,"A",1300,"D",6,"D",.,"A",.,"A",.,"A",.,"A"
"20153","03068834",50,0,"1",1950,"D",416,"D",.,"A",1040,"D",0,"D",.,"A",.,"A",1534,"D",0,"D",.,"A",.,"A",.,"A",.,"A"
"20153","03068984",17,0,"1",650,"D",260,"D",130,"D",130,"D",0,"D",.,"A",.,"A",390,"D",75,"D",7,"D",91,"D",.,"A",.,"A"
"20153","03069023",11,0,"1",1300,"D",130,"D",.,"A",260,"D",0,"D",.,"A",.,"A",1170,"D",90,"D",.,"A",.,"A",.,"A",.,"A"
"20153","03069173",16,0,"1",975,"D",325,"D",260,"D",455,"D",0,"D",.,"A",.,"A",650,"D",0,"D",.,"A",.,"A",.,"A",.,"A"
"20153","03069303",105,0,"1",1950,"D",390,"D",416,"D",585,"D",15,"D",.,"A",.,"A",1560,"D",72,"D",.,"A",.,"A",.,"A",.,"A"
"20153","03069323",19,0,"1",1040,"D",260,"D",.,"A",0,"D",0,"D",.,"A",.,"A",780,"D",0,"D",.,"A",.,"A",.,"A",.,"A"
"20153","03069494",44,0,"1",884,"D",104,"D",.,"A",455,"D",0,"D",.,"A",.,"A",780,"D",140,"F",.,"A",.,"A",.,"A",.,"A"
"20153","03069523",35,0,"1",1170,"D",520,"D",.,"A",195,"D",84,"D",.,"A",30,"D",650,"D",0,"D",.,"A",.,"A",.,"A",.,"A"
"20153","03069593",57,0,"1",2600,"D",650,"D",.,"A",1950,"D",150,"D",.,"A",40,"D",1950,"D",120,"D",.,"A",.,"A",.,"A",.,"A"
"20153","03069604",39,0,"1",2600,"D",520,"D",.,"A",390,"D",60,"D",.,"A",.,"A",2080,"D",60,"D",10,"D",130,"D",.,"A",.,"A"
"20153","03069614",78,0,"1",1560,"D",325,"D",.,"A",520,"D",0,"D",.,"A",.,"A",1235,"D",30,"D",.,"A",.,"A",.,"A",.,"A"
"20153","03069653",35,0,"1",650,"D",0,"D",.,"A",650,"D",0,"D",.,"A",.,"A",650,"D",0,"D",.,"A",.,"A",.,"A",.,"A"
"20153","03069994",42,0,"1",260,"D",0,"D",.,"A",0,"D",6,"D",.,"A",.,"A",260,"D",45,"D",.,"A",.,"A",.,"A",.,"A"
"20153","03070044",39,0,"1",1040,"D",260,"D",.,"A",260,"D",30,"D",.,"A",.,"A",780,"D",90,"D",.,"A",.,"A",130,"D",10,"D"
"20153","03070103",38,0,"1",1690,"D",260,"D",.,"A",390,"D",0,"D",.,"A",.,"A",1430,"D",45,"D",.,"A",.,"A",260,"D",20,"D"
"20153","03070144",19,0,"1",2600,"D",390,"D",.,"A",975,"D",0,"D",.,"A",.,"A",2210,"D",0,"D",.,"A",.,"A",.,"A",.,"A"
"20153","03070213",32,0,"1",2600,"D",412,"F",.,"A",260,"D",0,"D",.,"A",.,"A",1866,"F",0,"D",.,"A",.,"A",.,"A",.,"A"
"20153","03070263",26,0,"1",2600,"D",650,"D",195,"D",520,"D",0,"D",.,"A",3,"D",1950,"D",30,"D",.,"A",.,"A",.,"A",.,"A"
"20153","03070323",49,0,"1",1950,"D",390,"D",.,"A",520,"D",150,"D",.,"A",.,"A",1560,"D",150,"D",.,"A",.,"A",.,"A",.,"A"
"20153","03070333",64,0,"1",2600,"D",260,"D",.,"A",1300,"D",300,"D",.,"A",.,"A",2340,"D",750,"D",.,"A",.,"A",.,"A",.,"A"
"20153","03070343",54,0,"1",1561,"F",.,"A",.,"A",390,"D",0,"D",.,"A",.,"A",1315,"F",0,"D",.,"A",.,"A",.,"A",.,"A"
"20153","03070363",37,0,"1",1170,"D",130,"D",.,"A",780,"D",0,"D",.,"A",.,"A",1040,"D",30,"D",.,"A",.,"A",.,"A",.,"A"
"20153","03070413",11,0,"1",650,"D",0,"D",.,"A",0,"D",0,"D",.,"A",.,"A",650,"D",60,"D",.,"A",.,"A",52,"D",4,"D"
"20153","03070453",49,0,"1",1950,"D",455,"D",.,"A",520,"D",0,"D",.,"A",.,"A",1495,"D",0,"D",.,"A",.,"A",.,"A",.,"A"
"20153","03070464",34,0,"1",910,"D",325,"D",325,"D",325,"D",0,"D",.,"A",.,"A",585,"D",0,"D",.,"A",.,"A",.,"A",.,"A"
"20153","03070493",24,0,"1",650,"D",65,"D",.,"A",26,"D",0,"D",.,"A",.,"A",585,"D",24,"D",16,"D",208,"D",.,"A",.,"A"
"20153","03070704",14,0,"1",910,"D",130,"D",.,"A",0,"D",0,"D",.,"A",.,"A",780,"D",180,"D",30,"D",390,"D",.,"A",.,"A"
"20153","03070744",13,0,"1",975,"D",195,"D",.,"A",520,"D",60,"D",.,"A",.,"A",780,"D",60,"D",.,"A",.,"A",.,"A",.,"A"
"20153","03070813",72,0,"1",1040,"D",130,"D",195,"D",195,"D",0,"D",.,"A",.,"A",910,"D",0,"D",.,"A",.,"A",.,"A",.,"A"
"20153","03070873",17,0,"1",130,"D",0,"D",.,"A",0,"D",0,"D",.,"A",.,"A",130,"D",300,"D",.,"A",.,"A",.,"A",.,"A"
"20153","03070883",18,0,"1",325,"D",130,"D",.,"A",0,"D",0,"D",.,"A",.,"A",195,"D",0,"D",.,"A",.,"A",.,"A",.,"A"
"20153","03070943",13,0,"1",650,"D",325,"D",325,"D",0,"D",6,"D",.,"A",.,"A",325,"D",6,"D",.,"A",.,"A",.,"A",.,"A"
"20153","03070994",34,0,"1",1300,"D",650,"D",65,"D",130,"D",0,"D",.,"A",.,"A",650,"D",0,"D",.,"A",.,"A",.,"A",.,"A"
"20153","03071164",37,0,"1",1300,"D",0,"D",.,"A",325,"D",0,"D",.,"A",.,"A",1300,"D",300,"D",.,"A",.,"A",.,"A",.,"A"
"20153","03071174",43,0,"1",650,"D",130,"D",.,"A",780,"D",0,"D",.,"A",.,"A",520,"D",0,"D",.,"A",.,"A",.,"A",.,"A"
"20153","03071184",77,0,"1",780,"D",325,"D",.,"A",2275,"D",225,"D",.,"A",.,"A",455,"D",120,"D",.,"A",.,"A",.,"A",.,"A"
"20153","03071223",96,0,"1",1625,"D",650,"D",.,"A",520,"D",30,"D",.,"A",.,"A",975,"D",75,"D",30,"D",390,"D",.,"A",.,"A"
"20153","03071253",32,0,"1",5200,"D",650,"D",.,"A",650,"D",6,"D",.,"A",.,"A",4550,"D",6,"D",.,"A",.,"A",.,"A",.,"A"
"20153","03071423",17,0,"1",975,"D",325,"D",325,"D",260,"D",0,"D",.,"A",.,"A",650,"D",105,"D",30,"D",390,"D",.,"A",.,"A"
"20153","03071474",28,0,"1",1950,"D",975,"D",.,"A",260,"D",0,"D",.,"A",.,"A",975,"D",300,"D",.,"A",.,"A",.,"A",.,"A"
"20153","03071504",22,0,"1",975,"D",260,"D",130,"D",325,"D",0,"D",.,"A",.,"A",715,"D",0,"D",.,"A",.,"A",.,"A",.,"A"
"20153","03071563",27,0,"1",520,"D",130,"D",.,"A",520,"D",0,"D",.,"A",.,"A",390,"D",0,"D",.,"A",.,"A",.,"A",.,"A"
"20153","03071614",23,0,"1",1300,"D",325,"D",260,"D",390,"D",120,"D",.,"A",.,"A",975,"D",150,"D",.,"A",.,"A",.,"A",.,"A"
"20153","03071644",83,0,"1",1625,"D",156,"D",.,"A",1300,"D",0,"D",.,"A",60,"D",1469,"D",0,"D",.,"A",.,"A",.,"A",.,"A"
"20153","03071663",56,0,"1",2600,"D",390,"D",.,"A",1300,"D",60,"D",.,"A",.,"A",2210,"D",180,"D",.,"A",.,"A",.,"A",.,"A"
"20153","03071703",37,0,"1",3250,"D",325,"D",.,"A",650,"D",0,"D",.,"A",50,"D",2925,"D",240,"D",40,"D",520,"D",.,"A",.,"A"
"20153","03071853",65,0,"1",1820,"D",325,"D",130,"D",390,"D",0,"D",.,"A",.,"A",1495,"D",45,"D",.,"A",.,"A",.,"A",.,"A"
"20153","03071923",87,0,"1",325,"D",130,"D",52,"D",0,"D",0,"D",.,"A",.,"A",195,"D",75,"D",100,"D",1300,"D",.,"A",.,"A"
"20153","03072024",59,0,"1",1560,"D",325,"D",.,"A",0,"D",0,"D",.,"A",.,"A",1235,"D",0,"D",.,"A",.,"A",.,"A",.,"A"
"20153","03072054",29,0,"1",650,"D",0,"D",.,"A",650,"D",0,"D",.,"A",.,"A",650,"D",375,"D",12,"D",156,"D",.,"A",.,"A"
"20153","03072063",48,0,"1",1950,"D",325,"D",.,"A",325,"D",0,"D",.,"A",.,"A",1625,"D",0,"D",.,"A",.,"A",.,"A",.,"A"
"20153","03072184",30,0,"1",1300,"D",325,"D",.,"A",65,"D",0,"D",.,"A",.,"A",975,"D",0,"D",.,"A",.,"A",.,"A",.,"A"
"20153","03072203",67,0,"1",3900,"D",650,"D",.,"A",3055,"D",0,"D",.,"A",.,"A",3250,"D",0,"D",.,"A",.,"A",.,"A",.,"A"
"20153","03072214",13,0,"1",1625,"D",325,"D",.,"A",390,"D",0,"D",.,"A",.,"A",1300,"D",0,"D",.,"A",.,"A",.,"A",.,"A"
"20153","03072284",26,0,"1",650,"D",130,"D",.,"A",0,"D",0,"D",.,"A",.,"A",520,"D",27,"D",160,"D",2080,"D",.,"A",.,"A"
"20153","03072303",21,0,"1",2600,"D",260,"D",.,"A",0,"D",0,"D",.,"A",.,"A",2340,"D",45,"D",.,"A",.,"A",.,"A",.,"A"
"20153","03072343",30,0,"1",1560,"D",520,"D",.,"A",325,"D",0,"D",.,"A",.,"A",1040,"D",0,"D",30,"D",390,"D",.,"A",.,"A"
"20153","03072444",18,0,"1",2600,"D",130,"D",.,"A",0,"D",0,"D",.,"A",.,"A",2470,"D",0,"D",.,"A",.,"A",.,"A",.,"A"
"20153","03072473",27,0,"1",1040,"D",260,"D",.,"A",0,"D",0,"D",.,"A",.,"A",780,"D",0,"D",.,"A",.,"A",.,"A",.,"A"
"20153","03072484",40,0,"1",1040,"D",195,"D",.,"A",455,"D",6,"D",.,"A",.,"A",845,"D",6,"D",.,"A",.,"A",.,"A",.,"A"
"20153","03072583",20,0,"1",1300,"D",0,"D",.,"A",0,"D",0,"D",.,"A",.,"A",1300,"D",0,"D",.,"A",.,"A",.,"A",.,"A"
"20153","03072613",19,0,"1",1521,"D",325,"D",.,"A",0,"D",0,"D",.,"A",.,"A",1196,"D",0,"D",10,"D",130,"D",.,"A",.,"A"
"20153","03072833",39,0,"1",1300,"D",390,"D",260,"D",520,"D",0,"D",.,"A",.,"A",910,"D",150,"D",20,"D",260,"D",.,"A",.,"A"
"20153","03072964",19,0,"1",910,"D",195,"D",.,"A",650,"D",90,"D",.,"A",.,"A",715,"D",75,"D",.,"A",.,"A",.,"A",.,"A"
"20153","03073063",30,0,"1",1040,"D",195,"D",.,"A",130,"D",0,"D",.,"A",.,"A",845,"D",0,"D",.,"A",.,"A",.,"A",.,"A"
"20153","03073083",62,0,"1",1560,"D",780,"D",130,"D",1300,"D",60,"D",.,"A",.,"A",780,"D",30,"D",.,"A",.,"A",.,"A",.,"A"
"20153","03073144",41,0,"1",1300,"D",260,"D",.,"A",1014,"D",0,"D",.,"A",.,"A",1040,"D",0,"D",.,"A",.,"A",.,"A",.,"A"
"20153","03073193",33,0,"1",910,"D",260,"D",.,"A",650,"D",0,"D",.,"A",25,"D",650,"D",0,"D",.,"A",.,"A",.,"A",.,"A"
"20153","03073224",43,0,"1",1300,"D",390,"D",.,"A",390,"D",0,"D",.,"A",.,"A",910,"D",150,"D",50,"D",650,"D",104,"D",8,"D"
"20153","03073253",67,0,"1",1950,"D",975,"D",.,"A",650,"D",180,"D",.,"A",.,"A",975,"D",600,"D",.,"A",.,"A",.,"A",.,"A"
"20153","03073383",13,0,"1",5200,"D",1300,"D",650,"D",0,"D",0,"D",.,"A",.,"A",3900,"D",600,"D",100,"D",1300,"D",.,"A",.,"A"
"20153","03073403",48,0,"1",2210,"D",325,"D",.,"A",325,"D",0,"D",.,"A",.,"A",1885,"D",0,"D",.,"A",.,"A",.,"A",.,"A"
"20153","03073413",35,0,"1",780,"D",0,"D",.,"A",780,"D",0,"D",.,"A",.,"A",780,"D",0,"D",38,"D",494,"D",.,"A",.,"A"
"20153","03073524",18,0,"1",650,"D",130,"D",.,"A",195,"D",0,"D",.,"A",.,"A",520,"D",0,"D",.,"A",.,"A",.,"A",.,"A"
"20153","03073563",46,0,"1",507,"D",65,"D",195,"D",0,"D",0,"D",.,"A",.,"A",442,"D",0,"D",.,"A",.,"A",325,"D",25,"D"
"20153","03073574",47,0,"1",520,"D",130,"D",260,"D",0,"D",0,"D",.,"A",.,"A",390,"D",60,"D",.,"A",.,"A",.,"A",.,"A"
"20153","03073583",8,0,"1",1170,"D",195,"D",.,"A",0,"D",0,"D",.,"A",.,"A",975,"D",0,"D",20,"D",260,"D",.,"A",.,"A"
"20153","03073594",42,0,"1",2600,"D",260,"D",130,"D",1625,"D",0,"D",.,"A",.,"A",2340,"D",240,"D",.,"A",.,"A",.,"A",.,"A"
"20153","03073664",51,0,"1",2145,"D",195,"D",.,"A",2600,"D",600,"D",.,"A",.,"A",1950,"D",150,"D",.,"A",.,"A",.,"A",.,"A"
"20153","03073703",44,0,"1",1690,"D",260,"D",.,"A",260,"D",6,"D",.,"A",.,"A",1430,"D",6,"D",.,"A",.,"A",.,"A",.,"A"
"20153","03073804",40,0,"1",1300,"D",520,"D",260,"D",260,"D",0,"D",.,"A",.,"A",780,"D",90,"D",50,"D",650,"D",.,"A",.,"A"
"20153","03073823",37,0,"1",1300,"D",325,"D",.,"A",520,"D",30,"D",.,"A",.,"A",975,"D",45,"D",.,"A",.,"A",.,"A",.,"A"
"20153","03073884",26,0,"1",1560,"D",0,"D",.,"A",390,"D",0,"D",.,"A",.,"A",1560,"D",0,"D",25,"D",325,"D",260,"D",20,"D"
"20153","03073953",69,0,"1",2600,"D",0,"D",.,"A",1300,"D",0,"D",.,"A",200,"D",2600,"D",0,"D",.,"A",.,"A",.,"A",.,"A"
"20153","03073963",27,0,"1",650,"D",195,"D",260,"D",260,"D",0,"D",.,"A",.,"A",455,"D",30,"D",.,"A",.,"A",.,"A",.,"A"
"20153","03073993",30,0,"1",325,"D",130,"D",.,"A",260,"D",60,"D",520,"D",.,"A",195,"D",150,"D",15,"D",195,"D",.,"A",.,"A"
"20153","03074014",43,0,"1",3770,"D",1300,"D",.,"A",520,"D",0,"D",.,"A",.,"A",2470,"D",0,"D",.,"A",.,"A",.,"A",.,"A"
"20153","03074033",29,0,"1",1300,"D",260,"D",130,"D",78,"D",0,"D",.,"A",.,"A",1040,"D",0,"D",.,"A",.,"A",.,"A",.,"A"
"20153","03074113",31,0,"1",1950,"D",325,"D",.,"A",130,"D",0,"D",.,"A",.,"A",1625,"D",60,"D",.,"A",.,"A",.,"A",.,"A"
"20153","03074224",30,0,"1",1170,"D",325,"D",260,"D",195,"D",0,"D",.,"A",.,"A",845,"D",120,"D",35,"D",455,"D",.,"A",.,"A"
"20153","03074263",16,0,"1",1560,"D",390,"D",390,"D",520,"D",0,"D",.,"A",.,"A",1170,"D",0,"D",.,"A",.,"A",.,"A",.,"A"
"20153","03074303",25,0,"1",910,"D",65,"D",.,"A",390,"D",0,"D",.,"A",.,"A",845,"D",0,"D",.,"A",.,"A",.,"A",.,"A"
"20153","03074434",40,0,"1",3900,"D",910,"D",.,"A",650,"D",0,"D",.,"A",.,"A",2990,"D",0,"D",.,"A",.,"A",.,"A",.,"A"
"20153","03074473",39,0,"1",1361,"F",.,"A",.,"A",195,"D",0,"D",.,"A",.,"A",1077,"F",0,"D",.,"A",.,"A",.,"A",.,"A"
"20153","03074504",34,0,"1",780,"D",260,"D",.,"A",0,"D",0,"D",.,"A",.,"A",520,"D",0,"D",.,"A",.,"A",.,"A",.,"A"
"20153","03074533",14,0,"1",585,"D",39,"D",.,"A",0,"D",0,"D",.,"A",.,"A",546,"D",0,"D",30,"D",390,"D",.,"A",.,"A"
"20153","03074614",24,0,"1",1950,"D",520,"D",.,"A",195,"D",0,"D",.,"A",.,"A",1430,"D",0,"D",.,"A",.,"A",.,"A",.,"A"
"20153","03074664",39,0,"1",780,"D",130,"D",.,"A",130,"D",0,"D",.,"A",.,"A",650,"D",0,"D",.,"A",.,"A",.,"A",.,"A"
"20153","03074694",43,0,"1",1560,"D",325,"D",.,"A",1560,"D",75,"D",.,"A",.,"A",1235,"D",120,"D",.,"A",.,"A",.,"A",.,"A"
"20153","03074773",13,0,"1",1625,"D",390,"D",.,"A",195,"D",0,"D",.,"A",.,"A",1235,"D",0,"D",4,"D",52,"D",.,"A",.,"A"
"20153","03074813",31,0,"1",1820,"D",390,"D",.,"A",1300,"D",150,"D",.,"A",.,"A",1430,"D",60,"D",.,"A",.,"A",.,"A",.,"A"
"20153","03074973",36,0,"1",975,"D",325,"D",.,"A",1300,"D",75,"D",.,"A",.,"A",650,"D",135,"D",.,"A",.,"A",.,"A",.,"A"
"20153","03074984",27,0,"1",975,"D",195,"D",.,"A",195,"D",0,"D",.,"A",.,"A",780,"D",0,"D",.,"A",.,"A",.,"A",.,"A"
"20153","03075013",21,0,"1",1950,"D",260,"D",325,"D",390,"D",0,"D",.,"A",.,"A",1690,"D",0,"D",16,"D",208,"D",.,"A",.,"A"
"20153","03075033",46,0,"1",520,"D",65,"D",.,"A",650,"D",45,"D",.,"A",.,"A",455,"D",30,"D",.,"A",.,"A",.,"A",.,"A"
"20153","03075093",8,0,"1",650,"D",0,"D",.,"A",0,"D",0,"D",.,"A",.,"A",650,"D",0,"D",15,"D",195,"D",.,"A",.,"A"
"20153","03075183",45,0,"1",1820,"D",390,"D",.,"A",650,"D",0,"D",.,"A",.,"A",1430,"D",0,"D",20,"D",260,"D",.,"A",.,"A"
"20153","03075223",25,0,"1",455,"D",39,"D",.,"A",78,"D",0,"D",.,"A",.,"A",416,"D",0,"D",.,"A",.,"A",.,"A",.,"A"
"20153","03075234",28,0,"1",650,"D",0,"D",.,"A",2600,"D",180,"D",.,"A",.,"A",650,"D",180,"D",.,"A",.,"A",.,"A",.,"A"
"20153","03075273",24,0,"1",780,"D",65,"D",.,"A",0,"D",0,"D",.,"A",.,"A",715,"D",0,"D",.,"A",.,"A",.,"A",.,"A"
"20153","03075293",40,0,"1",650,"D",65,"D",.,"A",1300,"D",60,"D",.,"A",.,"A",585,"D",60,"D",.,"A",.,"A",.,"A",.,"A"
"20153","03075374",50,0,"1",910,"D",130,"D",.,"A",715,"D",0,"D",.,"A",.,"A",780,"D",120,"D",.,"A",.,"A",.,"A",.,"A"
"20153","03075453",23,0,"1",910,"D",260,"D",.,"A",0,"D",0,"D",.,"A",.,"A",650,"D",0,"D",.,"A",.,"A",.,"A",.,"A"
"20153","03075553",33,0,"1",2600,"D",1300,"D",650,"D",260,"D",0,"D",.,"A",.,"A",1300,"D",0,"D",.,"A",.,"A",.,"A",.,"A"
"20153","03075573",13,0,"1",1300,"D",325,"D",65,"D",260,"D",0,"D",.,"A",.,"A",975,"D",0,"D",.,"A",.,"A",.,"A",.,"A"
"20153","03075613",19,0,"1",1157,"D",193,"F",.,"A",409,"F",0,"D",.,"A",.,"A",709,"F",0,"D",.,"A",.,"A",.,"A",.,"A"
"20153","03075663",19,0,"1",780,"D",0,"D",195,"D",0,"D",0,"D",.,"A",.,"A",780,"D",30,"D",.,"A",.,"A",.,"A",.,"A"
"20153","03075704",41,0,"1",2600,"D",0,"D",0,"D",600,"F",0,"D",.,"A",.,"A",2600,"D",0,"D",.,"A",.,"A",.,"A",.,"A"
"20153","03075743",27,0,"1",2600,"D",195,"D",.,"A",0,"D",135,"D",.,"A",.,"A",2405,"D",60,"D",25,"D",325,"D",.,"A",.,"A"
"20153","03075883",84,0,"1",1950,"D",650,"D",260,"D",325,"D",0,"D",.,"A",244,"D",1300,"D",0,"D",.,"A",.,"A",.,"A",.,"A"
"20153","03075963",44,0,"1",1170,"D",520,"D",.,"A",221,"D",0,"D",.,"A",.,"A",650,"D",0,"D",50,"D",650,"D",.,"A",.,"A"
"20153","03075983",21,0,"1",1040,"D",117,"D",.,"A",0,"D",0,"D",.,"A",.,"A",923,"D",0,"D",.,"A",.,"A",.,"A",.,"A"
"20153","03076153",36,0,"1",1040,"D",260,"D",.,"A",1105,"D",0,"D",.,"A",20,"D",780,"D",0,"D",.,"A",.,"A",.,"A",.,"A"
"20153","03076164",83,0,"1",3250,"D",156,"D",260,"D",325,"D",0,"D",.,"A",.,"A",3094,"D",120,"D",.,"A",.,"A",.,"A",.,"A"
"20153","03076254",29,0,"1",764,"F",.,"A",.,"A",0,"D",0,"D",.,"A",.,"A",623,"F",0,"D",.,"A",.,"A",78,"D",6,"D"
"20153","03076323",33,0,"1",3250,"D",650,"D",1040,"D",520,"D",0,"D",.,"A",.,"A",2600,"D",0,"D",30,"D",390,"D",.,"A",.,"A"
"20153","03076604",48,0,"1",1040,"D",390,"D",.,"A",260,"D",0,"D",.,"A",.,"A",650,"D",45,"D",.,"A",.,"A",.,"A",.,"A"
"20153","03076674",45,0,"1",1950,"D",130,"D",195,"D",650,"D",0,"D",.,"A",.,"A",1820,"D",0,"D",.,"A",.,"A",.,"A",.,"A"
"20153","03076703",88,0,"1",2080,"D",195,"D",.,"A",1053,"D",90,"D",.,"A",.,"A",1885,"D",108,"D",.,"A",.,"A",.,"A",.,"A"
"20153","03076744",19,0,"1",234,"D",65,"D",.,"A",0,"D",0,"D",.,"A",.,"A",169,"D",0,"D",.,"A",.,"A",.,"A",.,"A"
"20153","03076803",46,0,"1",2431,"D",104,"D",.,"A",130,"D",0,"D",.,"A",.,"A",2327,"D",0,"D",.,"A",.,"A",.,"A",.,"A"
"20153","03076814",64,0,"1",1625,"D",390,"D",.,"A",1040,"D",180,"D",.,"A",.,"A",1235,"D",90,"D",.,"A",.,"A",.,"A",.,"A"
"20153","03076824",38,0,"1",455,"D",65,"D",104,"D",195,"D",60,"D",.,"A",.,"A",390,"D",30,"D",.,"A",.,"A",.,"A",.,"A"
"20153","03076853",20,0,"1",650,"D",650,"D",.,"A",975,"D",0,"D",.,"A",.,"A",0,"D",0,"D",.,"A",.,"A",.,"A",.,"A"
"20153","03076883",27,0,"1",1300,"D",91,"D",.,"A",195,"D",0,"D",.,"A",.,"A",1209,"D",30,"D",60,"D",780,"D",.,"A",.,"A"
"20153","03076924",31,0,"1",4875,"D",1950,"D",.,"A",325,"D",0,"D",.,"A",.,"A",2925,"D",108,"D",.,"A",.,"A",.,"A",.,"A"
"20153","03076933",34,0,"1",2002,"D",390,"D",.,"A",1300,"D",120,"D",.,"A",.,"A",1612,"D",30,"D",.,"A",.,"A",.,"A",.,"A"
"20153","03077044",48,0,"1",1625,"D",78,"D",.,"A",650,"D",0,"D",.,"A",.,"A",1547,"D",75,"D",.,"A",.,"A",.,"A",.,"A"
"20153","03077093",33,0,"1",1950,"D",325,"D",.,"A",130,"D",0,"D",.,"A",.,"A",1625,"D",0,"D",.,"A",.,"A",.,"A",.,"A"
"20153","03077113",79,0,"1",1862,"F",.,"A",.,"A",1187,"F",232,"F",.,"A",.,"A",1479,"F",248,"F",.,"A",.,"A",.,"A",.,"A"
"20153","03077334",33,0,"1",195,"D",65,"D",.,"A",65,"D",6,"D",.,"A",.,"A",130,"D",6,"D",.,"A",.,"A",.,"A",.,"A"
"20153","03077483",14,0,"1",650,"D",91,"D",.,"A",0,"D",0,"D",.,"A",.,"A",559,"D",0,"D",45,"D",585,"D",.,"A",.,"A"
"20153","03077553",32,0,"1",325,"D",211,"F",.,"A",195,"D",30,"D",.,"A",.,"A",741,"F",0,"D",.,"A",.,"A",.,"A",.,"A"
"20153","03077633",53,0,"1",1300,"D",195,"D",.,"A",1625,"D",150,"D",.,"A",.,"A",1105,"D",300,"D",.,"A",.,"A",.,"A",.,"A"
"20153","03077783",26,0,"1",390,"D",130,"D",.,"A",65,"D",0,"D",.,"A",.,"A",260,"D",0,"D",.,"A",.,"A",.,"A",.,"A"
"20153","03077964",30,0,"1",2600,"D",1040,"D",.,"A",780,"D",0,"D",.,"A",.,"A",1560,"D",105,"D",.,"A",.,"A",.,"A",.,"A"
"20153","03078014",23,0,"1",919,"F",.,"A",.,"A",0,"D",0,"D",.,"A",.,"A",741,"F",0,"D",.,"A",.,"A",.,"A",.,"A"
"20153","03078093",30,0,"1",910,"D",390,"D",.,"A",520,"D",0,"D",.,"A",.,"A",520,"D",0,"D",20,"D",260,"D",260,"D",20,"D"
"20153","03078283",31,0,"1",1950,"D",195,"D",.,"A",0,"D",0,"D",.,"A",.,"A",1755,"D",30,"D",.,"A",.,"A",.,"A",.,"A"
"20153","03078294",98,0,"1",2860,"D",260,"D",.,"A",650,"D",75,"D",.,"A",.,"A",2600,"D",0,"D",.,"A",.,"A",.,"A",.,"A"
"20153","03078444",22,0,"1",1300,"D",325,"D",520,"D",650,"D",0,"D",.,"A",.,"A",975,"D",0,"D",.,"A",.,"A",.,"A",.,"A"
"20153","03078454",17,0,"1",585,"D",260,"D",.,"A",0,"D",0,"D",.,"A",.,"A",325,"D",0,"D",.,"A",.,"A",.,"A",.,"A"
"20153","03078514",12,0,"1",1300,"D",260,"D",.,"A",0,"D",0,"D",.,"A",.,"A",1040,"D",0,"D",.,"A",.,"A",104,"D",8,"D"
"20153","03078553",37,0,"1",650,"D",0,"D",.,"A",520,"D",30,"D",.,"A",.,"A",650,"D",0,"D",.,"A",.,"A",.,"A",.,"A"
"20153","03078594",31,0,"1",650,"D",195,"D",.,"A",130,"D",0,"D",.,"A",.,"A",455,"D",30,"D",.,"A",.,"A",.,"A",.,"A"
"20153","03078613",27,0,"1",1560,"D",260,"D",.,"A",650,"D",0,"D",.,"A",.,"A",1300,"D",180,"D",70,"D",910,"D",.,"A",.,"A"
"20153","03078634",24,0,"1",975,"D",130,"D",.,"A",0,"D",0,"D",.,"A",.,"A",845,"D",30,"D",.,"A",.,"A",.,"A",.,"A"
"20153","03078703",39,0,"1",1950,"D",650,"D",.,"A",325,"D",0,"D",.,"A",54,"D",1300,"D",0,"D",.,"A",.,"A",.,"A",.,"A"
"20153","03078733",17,0,"1",780,"D",65,"D",.,"A",325,"D",0,"D",.,"A",.,"A",715,"D",0,"D",.,"A",.,"A",.,"A",.,"A"
"20153","03078754",20,0,"1",1300,"D",247,"D",.,"A",0,"D",0,"D",.,"A",.,"A",1053,"D",240,"D",.,"A",.,"A",.,"A",.,"A"
"20153","03078784",45,0,"1",1040,"D",260,"D",.,"A",650,"D",120,"D",.,"A",.,"A",780,"D",120,"D",.,"A",.,"A",.,"A",.,"A"
"20153","03079074",26,0,"1",1625,"D",325,"D",.,"A",0,"D",0,"D",.,"A",.,"A",1300,"D",0,"D",68,"D",884,"D",.,"A",.,"A"
"20153","03079083",30,0,"1",585,"D",65,"D",.,"A",130,"D",120,"D",.,"A",.,"A",520,"D",54,"D",5,"D",65,"D",.,"A",.,"A"
"20153","03079144",14,0,"1",1040,"D",52,"D",.,"A",0,"D",0,"D",.,"A",.,"A",988,"D",0,"D",.,"A",.,"A",.,"A",.,"A"
"20153","03079153",35,0,"1",780,"D",260,"D",.,"A",0,"D",0,"D",.,"A",.,"A",520,"D",0,"D",.,"A",.,"A",.,"A",.,"A"
"20153","03079173",22,0,"1",2600,"D",650,"D",975,"D",260,"D",0,"D",.,"A",60,"D",1950,"D",0,"D",.,"A",.,"A",.,"A",.,"A"
"20153","03079283",22,0,"1",1300,"D",130,"D",.,"A",0,"D",0,"D",.,"A",.,"A",1170,"D",144,"F",50,"D",650,"D",.,"A",.,"A"
"20153","03079344",35,0,"1",2600,"D",650,"D",.,"A",1300,"D",60,"D",.,"A",60,"D",1950,"D",0,"D",.,"A",.,"A",.,"A",.,"A"
"20153","03079364",23,0,"1",390,"D",0,"D",.,"A",130,"D",0,"D",.,"A",.,"A",390,"D",0,"D",.,"A",.,"A",.,"A",.,"A"
"20153","03079474",43,0,"1",1300,"D",195,"D",.,"A",2600,"D",6,"D",.,"A",.,"A",1105,"D",0,"D",.,"A",.,"A",.,"A",.,"A"
"20153","03079573",74,0,"1",3250,"D",650,"D",.,"A",910,"D",0,"D",.,"A",.,"A",2600,"D",0,"D",.,"A",.,"A",.,"A",.,"A"
"20153","03079684",21,0,"1",919,"F",.,"A",.,"A",604,"F",0,"D",.,"A",.,"A",741,"F",0,"D",.,"A",.,"A",.,"A",.,"A"
"20153","03079764",20,0,"1",2600,"D",650,"D",.,"A",0,"D",0,"D",.,"A",.,"A",1950,"D",0,"D",70,"D",910,"D",.,"A",.,"A"
"20153","03079944",18,0,"1",1300,"D",0,"D",260,"D",520,"D",0,"D",.,"A",.,"A",1300,"D",0,"D",.,"A",.,"A",.,"A",.,"A"
"20153","03079973",10,0,"1",2600,"D",1300,"D",130,"D",0,"D",0,"D",.,"A",.,"A",1300,"D",0,"D",.,"A",.,"A",.,"A",.,"A"
"20153","03080013",42,0,"1",1300,"D",195,"D",.,"A",325,"D",30,"D",.,"A",.,"A",1105,"D",30,"D",.,"A",.,"A",.,"A",.,"A"
"20153","03080073",57,0,"1",780,"D",130,"D",130,"D",325,"D",0,"D",.,"A",.,"A",650,"D",0,"D",.,"A",.,"A",.,"A",.,"A"
"20153","03080114",35,0,"1",975,"D",260,"D",.,"A",390,"D",30,"D",.,"A",.,"A",715,"D",60,"D",.,"A",.,"A",.,"A",.,"A"
"20153","03080143",28,0,"1",1040,"D",0,"D",.,"A",0,"D",0,"D",.,"A",.,"A",1040,"D",0,"D",.,"A",.,"A",.,"A",.,"A"
"20153","03080154",15,0,"1",919,"F",.,"A",.,"A",604,"F",0,"D",.,"A",.,"A",741,"F",0,"D",.,"A",.,"A",.,"A",.,"A"
"20153","03080193",36,0,"1",650,"D",195,"D",.,"A",130,"D",0,"D",.,"A",.,"A",455,"D",0,"D",.,"A",.,"A",.,"A",.,"A"
"20153","03080263",17,0,"1",1827,"F",.,"A",.,"A",835,"F",0,"D",.,"A",.,"A",1438,"F",0,"D",.,"A",.,"A",.,"A",.,"A"
"20153","03080283",23,0,"1",1950,"D",325,"D",520,"D",650,"D",0,"D",.,"A",.,"A",1625,"D",0,"D",.,"A",.,"A",.,"A",.,"A"
"20153","03080363",22,0,"1",130,"D",0,"D",.,"A",0,"D",98,"F",.,"A",.,"A",130,"D",54,"D",.,"A",.,"A",.,"A",.,"A"
"20153","03080454",33,0,"1",1827,"F",.,"A",.,"A",835,"F",127,"F",.,"A",.,"A",1438,"F",194,"F",.,"A",.,"A",.,"A",.,"A"
"20153","03080484",22,0,"1",780,"D",130,"D",.,"A",390,"D",0,"D",.,"A",.,"A",650,"D",0,"D",.,"A",.,"A",.,"A",.,"A"
"20153","03080554",29,0,"1",780,"D",260,"D",.,"A",1950,"D",600,"D",.,"A",.,"A",520,"D",150,"D",.,"A",.,"A",.,"A",.,"A"
"20153","03080613",60,0,"1",1300,"D",260,"D",260,"D",650,"D",180,"D",.,"A",.,"A",1040,"D",240,"D",.,"A",.,"A",.,"A",.,"A"
"20153","03080623",57,0,"1",1066,"D",65,"D",130,"D",325,"D",0,"D",.,"A",.,"A",1001,"D",0,"D",.,"A",.,"A",.,"A",.,"A"
"20153","03080664",14,0,"1",975,"D",325,"D",.,"A",325,"D",0,"D",.,"A",.,"A",650,"D",0,"D",35,"D",455,"D",.,"A",.,"A"
"20153","03080673",17,0,"1",1560,"D",520,"D",.,"A",520,"D",0,"D",343,"F",.,"A",1040,"D",0,"D",.,"A",.,"A",.,"A",.,"A"
"20153","03080743",23,0,"1",845,"D",130,"D",.,"A",0,"D",0,"D",.,"A",.,"A",715,"D",24,"D",.,"A",.,"A",.,"A",.,"A"
"20153","03080884",28,0,"1",650,"D",0,"D",.,"A",0,"D",0,"D",.,"A",.,"A",650,"D",0,"D",15,"D",195,"D",.,"A",.,"A"
"20153","03080944",28,0,"1",767,"D",130,"D",.,"A",650,"D",150,"D",.,"A",.,"A",637,"D",150,"D",.,"A",.,"A",.,"A",.,"A"
"20153","03080954",57,0,"1",325,"D",130,"D",.,"A",910,"D",30,"D",.,"A",.,"A",195,"D",60,"D",.,"A",.,"A",.,"A",.,"A"
"20153","03081054",21,0,"1",1300,"D",325,"D",260,"D",390,"D",0,"D",.,"A",.,"A",975,"D",0,"D",.,"A",.,"A",.,"A",.,"A"
"20153","03081193",41,0,"1",975,"D",195,"D",195,"D",0,"D",0,"D",.,"A",.,"A",780,"D",0,"D",35,"D",455,"D",.,"A",.,"A"
"20153","03081384",13,0,"1",910,"D",260,"D",.,"A",0,"D",0,"D",.,"A",.,"A",650,"D",750,"D",18,"D",234,"D",.,"A",.,"A"
"20153","03081423",38,0,"1",1625,"D",130,"D",.,"A",0,"D",0,"D",.,"A",.,"A",1495,"D",360,"D",.,"A",.,"A",.,"A",.,"A"
"20153","03081433",31,0,"1",1690,"D",260,"D",260,"D",260,"D",30,"D",.,"A",.,"A",1430,"D",45,"D",.,"A",.,"A",.,"A",.,"A"
"20153","03081494",52,0,"1",1300,"D",260,"D",.,"A",650,"D",0,"D",.,"A",.,"A",1040,"D",0,"D",.,"A",.,"A",.,"A",.,"A"
"20153","03081553",25,0,"1",1300,"D",260,"D",.,"A",455,"D",0,"D",.,"A",.,"A",1040,"D",0,"D",.,"A",.,"A",.,"A",.,"A"
"20153","03081564",51,0,"1",1950,"D",650,"D",.,"A",0,"D",0,"D",.,"A",.,"A",1300,"D",0,"D",.,"A",.,"A",.,"A",.,"A"
"20153","03081594",32,0,"1",910,"D",130,"D",.,"A",260,"D",75,"D",.,"A",.,"A",780,"D",210,"D",30,"D",390,"D",.,"A",.,"A"
"20153","03081684",10,0,"1",1950,"D",520,"D",.,"A",390,"D",0,"D",.,"A",.,"A",1430,"D",0,"D",22,"D",286,"D",.,"A",.,"A"
"20153","03081733",102,0,"1",975,"D",325,"D",.,"A",520,"D",150,"D",.,"A",.,"A",650,"D",30,"D",.,"A",.,"A",.,"A",.,"A"
"20153","03081744",15,0,"1",780,"D",130,"D",.,"A",0,"D",0,"D",.,"A",.,"A",650,"D",0,"D",30,"D",390,"D",.,"A",.,"A"
"20153","03081764",23,0,"1",1300,"D",130,"D",520,"D",130,"D",0,"D",.,"A",.,"A",1170,"D",0,"D",50,"D",650,"D",.,"A",.,"A"
"20153","03081804",25,0,"1",650,"D",65,"D",260,"D",585,"D",0,"D",.,"A",.,"A",585,"D",0,"D",.,"A",.,"A",.,"A",.,"A"
"20153","03081913",52,0,"1",3120,"D",1040,"D",130,"D",52,"D",105,"D",.,"A",.,"A",2080,"D",600,"D",25,"D",325,"D",.,"A",.,"A"
"20153","03081973",45,0,"1",1950,"D",195,"D",.,"A",390,"D",150,"D",.,"A",.,"A",1755,"D",150,"D",.,"A",.,"A",.,"A",.,"A"
"20153","03082084",35,0,"1",2600,"D",325,"D",.,"A",520,"D",0,"D",.,"A",.,"A",2275,"D",0,"D",.,"A",.,"A",.,"A",.,"A"
"20153","03082093",40,0,"1",390,"D",65,"D",.,"A",650,"D",0,"D",.,"A",.,"A",325,"D",0,"D",.,"A",.,"A",.,"A",.,"A"
"20153","03082124",34,0,"1",1300,"D",260,"D",.,"A",260,"D",0,"D",.,"A",.,"A",1040,"D",0,"D",36,"D",468,"D",.,"A",.,"A"
"20153","03082144",32,0,"1",1625,"D",390,"D",.,"A",780,"D",60,"D",.,"A",.,"A",1235,"D",90,"D",.,"A",.,"A",.,"A",.,"A"
"20153","03082194",47,0,"1",2275,"D",130,"D",.,"A",1950,"D",225,"D",.,"A",.,"A",2145,"D",750,"D",25,"D",325,"D",.,"A",.,"A"
"20153","03082213",25,0,"1",650,"D",0,"D",.,"A",0,"D",0,"D",.,"A",.,"A",650,"D",0,"D",.,"A",.,"A",.,"A",.,"A"
"20153","03082243",48,0,"1",1204,"F",.,"A",248,"F",0,"D",0,"D",.,"A",.,"A",976,"F",0,"D",.,"A",.,"A",.,"A",.,"A"
"20153","03082253",45,0,"1",1625,"D",260,"D",.,"A",520,"D",60,"D",130,"D",38,"D",1365,"D",0,"D",.,"A",.,"A",.,"A",.,"A"
"20153","03082264",41,0,"1",650,"D",65,"D",.,"A",975,"D",0,"D",.,"A",.,"A",585,"D",0,"D",.,"A",.,"A",.,"A",.,"A"
"20153","03082294",47,0,"1",975,"D",390,"D",325,"D",0,"D",0,"D",.,"A",.,"A",585,"D",0,"D",.,"A",.,"A",.,"A",.,"A"
"20153","03082334",29,0,"1",910,"D",195,"D",.,"A",195,"D",0,"D",.,"A",.,"A",715,"D",0,"D",20,"D",260,"D",.,"A",.,"A"
"20153","03082363",25,0,"1",2600,"D",650,"D",.,"A",390,"D",90,"D",.,"A",.,"A",1950,"D",0,"D",.,"A",.,"A",.,"A",.,"A"
"20153","03082513",55,0,"1",676,"D",65,"D",.,"A",1495,"D",0,"D",.,"A",.,"A",611,"D",0,"D",.,"A",.,"A",.,"A",.,"A"
"20153","03082604",10,0,"1",819,"D",234,"D",.,"A",130,"D",0,"D",.,"A",.,"A",585,"D",0,"D",.,"A",.,"A",.,"A",.,"A"
"20153","03082714",16,0,"1",3250,"D",1300,"D",.,"A",390,"D",0,"D",.,"A",.,"A",1950,"D",0,"D",10,"D",130,"D",.,"A",.,"A"
"20153","03082743",28,0,"1",2600,"D",260,"D",.,"A",0,"D",0,"D",.,"A",.,"A",2340,"D",0,"D",.,"A",.,"A",.,"A",.,"A"
"20153","03082764",21,0,"1",780,"D",130,"D",.,"A",130,"D",0,"D",.,"A",.,"A",650,"D",0,"D",.,"A",.,"A",.,"A",.,"A"
"20153","03082774",19,0,"1",1950,"D",650,"D",.,"A",520,"D",0,"D",.,"A",.,"A",1300,"D",0,"D",.,"A",.,"A",.,"A",.,"A"
"20153","03082874",21,0,"1",1105,"D",195,"D",.,"A",650,"D",0,"D",.,"A",.,"A",910,"D",0,"D",.,"A",.,"A",.,"A",.,"A"
"20153","03082903",37,0,"1",1950,"D",390,"D",.,"A",1105,"D",0,"D",.,"A",.,"A",1560,"D",0,"D",30,"D",390,"D",.,"A",.,"A"
"20153","03082924",67,0,"1",1300,"D",650,"D",.,"A",455,"D",0,"D",.,"A",50,"D",650,"D",0,"D",.,"A",.,"A",.,"A",.,"A"
"20153","03082934",17,0,"1",1950,"D",0,"D",.,"A",130,"D",0,"D",.,"A",.,"A",1950,"D",0,"D",.,"A",.,"A",.,"A",.,"A"
"20153","03082964",51,0,"1",1560,"D",325,"D",65,"D",975,"D",120,"D",.,"A",.,"A",1235,"D",180,"D",.,"A",.,"A",.,"A",.,"A"
"20153","03082993",26,0,"1",1950,"D",260,"D",.,"A",1300,"D",0,"D",.,"A",.,"A",1690,"D",0,"D",.,"A",.,"A",.,"A",.,"A"
"20153","03083034",31,0,"1",1040,"D",208,"D",65,"D",0,"D",0,"D",.,"A",.,"A",832,"D",60,"D",.,"A",.,"A",.,"A",.,"A"
"20153","03083123",22,0,"1",1430,"D",585,"D",.,"A",0,"D",0,"D",.,"A",.,"A",845,"D",0,"D",.,"A",.,"A",.,"A",.,"A"
"20153","03083133",22,0,"1",1300,"D",260,"D",.,"A",799,"F",0,"D",.,"A",.,"A",1040,"D",0,"D",.,"A",.,"A",.,"A",.,"A"
"20153","03083173",9,0,"1",2600,"D",910,"D",.,"A",0,"D",0,"D",.,"A",.,"A",1690,"D",120,"D",40,"D",520,"D",.,"A",.,"A"
"20153","03083203",33,0,"1",910,"D",182,"D",130,"D",208,"D",0,"D",.,"A",.,"A",728,"D",30,"D",.,"A",.,"A",.,"A",.,"A"
"20153","03083243",22,0,"1",650,"D",193,"F",.,"A",0,"D",0,"D",.,"A",.,"A",709,"F",0,"D",.,"A",.,"A",.,"A",.,"A"
"20153","03083333",39,0,"1",650,"D",195,"D",.,"A",1300,"D",0,"D",.,"A",.,"A",455,"D",0,"D",.,"A",.,"A",.,"A",.,"A"
"20153","03083394",39,0,"1",2210,"D",390,"D",.,"A",780,"D",0,"D",.,"A",.,"A",1820,"D",0,"D",.,"A",.,"A",.,"A",.,"A"
"20153","03083503",18,0,"1",1690,"D",260,"D",.,"A",780,"D",0,"D",.,"A",80,"D",1430,"D",0,"D",.,"A",.,"A",.,"A",.,"A"
"20153","03083583",25,0,"1",2600,"D",0,"D",.,"A",325,"D",0,"D",.,"A",.,"A",2600,"D",120,"F",.,"A",.,"A",.,"A",.,"A"
"20153","03083593",31,0,"1",1300,"D",260,"D",.,"A",520,"D",0,"D",.,"A",28,"D",1040,"D",0,"D",.,"A",.,"A",.,"A",.,"A"
"20153","03083614",36,0,"1",1950,"D",325,"D",.,"A",260,"D",75,"D",.,"A",.,"A",1625,"D",75,"D",.,"A",.,"A",.,"A",.,"A"
"20153","03083694",30,0,"1",1560,"D",130,"D",.,"A",780,"D",0,"D",.,"A",.,"A",1430,"D",0,"D",.,"A",.,"A",.,"A",.,"A"
"20153","03083734",48,0,"1",650,"D",130,"D",130,"D",650,"D",30,"D",.,"A",.,"A",520,"D",0,"D",.,"A",.,"A",.,"A",.,"A"
"20153","03083893",32,0,"1",520,"D",130,"D",.,"A",0,"D",0,"D",.,"A",.,"A",390,"D",0,"D",.,"A",.,"A",.,"A",.,"A"
"20153","03083904",29,0,"1",325,"D",91,"D",.,"A",130,"D",0,"D",6,"D",.,"A",234,"D",0,"D",3,"D",39,"D",.,"A",.,"A"
"20153","03084094",55,0,"1",650,"D",0,"D",.,"A",0,"D",0,"D",.,"A",.,"A",650,"D",0,"D",.,"A",.,"A",.,"A",.,"A"
"20153","03084104",32,0,"1",2600,"D",390,"D",.,"A",780,"D",0,"D",.,"A",.,"A",2210,"D",0,"D",.,"A",.,"A",.,"A",.,"A"
"20153","03084123",32,0,"1",1300,"D",520,"D",260,"D",260,"D",120,"D",.,"A",.,"A",780,"D",600,"D",42,"D",546,"D",.,"A",.,"A"
"20153","03084164",50,0,"1",1300,"D",390,"D",260,"D",260,"D",12,"D",.,"A",.,"A",910,"D",150,"D",.,"A",.,"A",.,"A",.,"A"
"20153","03084254",17,0,"1",585,"D",65,"D",.,"A",0,"D",0,"D",.,"A",.,"A",520,"D",0,"D",.,"A",.,"A",.,"A",.,"A"
"20153","03084294",32,0,"1",910,"D",130,"D",.,"A",799,"F",0,"D",.,"A",.,"A",780,"D",0,"D",.,"A",.,"A",.,"A",.,"A"
"20153","03084304",23,0,"1",1560,"D",390,"D",.,"A",1950,"D",0,"D",.,"A",.,"A",1170,"D",0,"D",.,"A",.,"A",.,"A",.,"A"
"20153","03084354",36,0,"1",520,"D",0,"D",.,"A",260,"D",0,"D",.,"A",.,"A",520,"D",0,"D",.,"A",.,"A",.,"A",.,"A"
"20153","03084414",72,0,"1",1950,"D",130,"D",.,"A",520,"D",0,"D",.,"A",75,"D",1820,"D",0,"D",.,"A",.,"A",.,"A",.,"A"
"20153","03084434",52,0,"1",325,"D",130,"D",130,"D",1300,"D",0,"D",.,"A",.,"A",195,"D",0,"D",.,"A",.,"A",.,"A",.,"A"
"20153","03084574",60,0,"1",1950,"D",195,"D",325,"D",455,"D",0,"D",.,"A",.,"A",1755,"D",0,"D",.,"A",.,"A",.,"A",.,"A"
"20153","03084734",25,0,"1",1625,"D",260,"D",.,"A",0,"D",0,"D",.,"A",.,"A",1365,"D",0,"D",.,"A",.,"A",.,"A",.,"A"
"20153","03085023",6,0,"1",650,"D",0,"D",.,"A",0,"D",0,"D",.,"A",.,"A",650,"D",0,"D",.,"A",.,"A",.,"A",.,"A"
"20153","03085044",16,0,"1",650,"D",130,"D",.,"A",65,"D",0,"D",.,"A",.,"A",520,"D",0,"D",.,"A",.,"A",.,"A",.,"A"
"20153","03085163",23,0,"1",2600,"D",650,"D",.,"A",390,"D",127,"F",.,"A",.,"A",1950,"D",120,"F",.,"A",.,"A",.,"A",.,"A"
"20153","03085184",29,0,"1",1300,"D",130,"D",.,"A",975,"D",0,"D",.,"A",.,"A",1170,"D",0,"D",.,"A",.,"A",.,"A",.,"A"
"20153","03085373",37,0,"1",1300,"D",325,"D",130,"D",260,"D",0,"D",.,"A",.,"A",975,"D",0,"D",40,"D",520,"D",.,"A",.,"A"
"20153","03085404",23,0,"1",1625,"D",260,"D",130,"D",0,"D",0,"D",.,"A",.,"A",1365,"D",60,"D",.,"A",.,"A",78,"D",6,"D"
"20153","03085424",70,0,"1",1300,"D",195,"D",.,"A",390,"D",45,"D",.,"A",.,"A",1105,"D",75,"D",.,"A",.,"A",.,"A",.,"A"
"20153","03085453",57,0,"1",2600,"D",390,"D",.,"A",1300,"D",0,"D",.,"A",.,"A",2210,"D",0,"D",50,"D",650,"D",.,"A",.,"A"
"20153","03085473",24,0,"1",910,"D",195,"D",.,"A",286,"D",0,"D",.,"A",.,"A",715,"D",36,"D",.,"A",.,"A",.,"A",.,"A"
"20153","03085534",20,0,"1",2080,"D",0,"D",.,"A",0,"D",0,"D",.,"A",.,"A",2080,"D",0,"D",.,"A",.,"A",.,"A",.,"A"
"20153","03085553",16,0,"1",650,"D",130,"D",.,"A",195,"D",0,"D",.,"A",.,"A",520,"D",0,"D",.,"A",.,"A",.,"A",.,"A"
"20153","03085573",33,0,"1",1950,"D",520,"D",.,"A",1300,"D",150,"D",.,"A",200,"D",1430,"D",120,"D",.,"A",.,"A",.,"A",.,"A"
"20153","03085654",38,0,"1",1300,"D",494,"D",.,"A",520,"D",0,"D",.,"A",.,"A",806,"D",0,"D",30,"D",390,"D",.,"A",.,"A"
"20153","03085664",29,0,"1",780,"D",0,"D",.,"A",325,"D",0,"D",.,"A",.,"A",780,"D",0,"D",.,"A",.,"A",.,"A",.,"A"
"20153","03085704",73,0,"1",3250,"D",650,"D",.,"A",1300,"D",75,"D",.,"A",.,"A",2600,"D",180,"D",.,"A",.,"A",.,"A",.,"A"
"20153","03085804",17,0,"1",975,"D",130,"D",.,"A",65,"D",0,"D",.,"A",.,"A",845,"D",0,"D",30,"D",390,"D",.,"A",.,"A"
"20153","03085854",34,0,"1",2600,"D",0,"D",260,"D",1040,"D",0,"D",.,"A",.,"A",2600,"D",45,"D",.,"A",.,"A",.,"A",.,"A"
"20153","03085864",44,0,"1",1300,"D",0,"D",195,"D",650,"D",0,"D",.,"A",80,"D",1300,"D",0,"D",.,"A",.,"A",.,"A",.,"A"
"20153","03085923",41,0,"1",1950,"D",520,"D",.,"A",0,"D",0,"D",.,"A",.,"A",1430,"D",0,"D",.,"A",.,"A",.,"A",.,"A"
"20153","03085944",23,0,"1",975,"D",260,"D",.,"A",520,"D",0,"D",.,"A",.,"A",715,"D",0,"D",.,"A",.,"A",.,"A",.,"A"
"20153","03086033",38,0,"1",1222,"D",455,"D",.,"A",260,"D",0,"D",.,"A",.,"A",767,"D",300,"D",.,"A",.,"A",.,"A",.,"A"
"20153","03086044",26,0,"1",1300,"D",650,"D",.,"A",0,"D",0,"D",.,"A",.,"A",650,"D",0,"D",.,"A",.,"A",.,"A",.,"A"
"20153","03086123",39,0,"1",1885,"D",390,"D",.,"A",390,"D",0,"D",.,"A",.,"A",1495,"D",240,"D",.,"A",.,"A",.,"A",.,"A"
"20153","03086214",63,0,"1",2600,"D",650,"D",650,"D",3250,"D",300,"D",.,"A",.,"A",1950,"D",300,"D",.,"A",.,"A",.,"A",.,"A"
"20153","03086234",46,0,"1",897,"D",78,"D",.,"A",78,"D",0,"D",.,"A",.,"A",819,"D",0,"D",.,"A",.,"A",.,"A",.,"A"
"20153","03086254",10,0,"1",910,"D",130,"D",.,"A",325,"D",0,"D",.,"A",.,"A",780,"D",0,"D",.,"A",.,"A",.,"A",.,"A"
"20153","03086284",42,0,"1",7150,"D",3250,"D",.,"A",910,"D",60,"D",.,"A",.,"A",3900,"D",0,"D",.,"A",.,"A",.,"A",.,"A"
"20153","03086294",30,0,"1",1300,"D",0,"D",.,"A",325,"D",90,"D",.,"A",.,"A",1300,"D",0,"D",11,"D",143,"D",.,"A",.,"A"
"20153","03086314",56,0,"1",975,"D",130,"D",.,"A",650,"D",0,"D",.,"A",.,"A",845,"D",0,"D",50,"D",650,"D",195,"D",15,"D"
"20153","03086414",34,0,"1",2938,"D",1300,"D",.,"A",1300,"D",300,"D",.,"A",3218,"D",1638,"D",600,"D",.,"A",.,"A",650,"D",50,"D"
"20153","03086483",56,0,"1",1950,"D",520,"D",780,"D",520,"D",0,"D",.,"A",.,"A",1430,"D",0,"D",.,"A",.,"A",390,"D",30,"D"
"20153","03086503",32,0,"1",975,"D",65,"D",.,"A",260,"D",6,"D",.,"A",.,"A",910,"D",6,"D",10,"D",130,"D",.,"A",.,"A"
"20153","03086554",8,0,"1",1300,"D",520,"D",.,"A",0,"D",0,"D",.,"A",.,"A",780,"D",60,"D",20,"D",260,"D",.,"A",.,"A"
"20153","03086573",49,0,"1",650,"D",195,"D",.,"A",1300,"D",60,"D",.,"A",.,"A",455,"D",21,"D",.,"A",.,"A",.,"A",.,"A"
"20153","03086584",40,0,"1",1495,"D",195,"D",.,"A",780,"D",0,"D",.,"A",.,"A",1300,"D",0,"D",.,"A",.,"A",.,"A",.,"A"
"20153","03086633",17,0,"1",650,"D",130,"D",.,"A",260,"D",0,"D",.,"A",.,"A",520,"D",0,"D",.,"A",.,"A",.,"A",.,"A"
"20153","03086684",12,0,"1",2275,"D",0,"D",.,"A",0,"D",0,"D",.,"A",.,"A",2275,"D",0,"D",.,"A",.,"A",.,"A",.,"A"
"20153","03086713",19,0,"1",1300,"D",260,"D",.,"A",650,"D",60,"D",.,"A",.,"A",1040,"D",60,"D",.,"A",.,"A",.,"A",.,"A"
"20153","03086733",47,0,"1",975,"D",325,"D",.,"A",650,"D",0,"D",.,"A",.,"A",650,"D",0,"D",.,"A",.,"A",.,"A",.,"A"
"20153","03086863",63,0,"1",650,"D",39,"D",156,"D",65,"D",45,"D",.,"A",.,"A",611,"D",15,"D",.,"A",.,"A",.,"A",.,"A"
"20153","03086943",39,0,"1",2600,"D",650,"D",.,"A",1300,"D",0,"D",.,"A",.,"A",1950,"D",0,"D",.,"A",.,"A",.,"A",.,"A"
"20153","03086954",56,0,"1",520,"D",130,"D",65,"D",650,"D",750,"D",.,"A",.,"A",390,"D",750,"D",.,"A",.,"A",.,"A",.,"A"
"20153","03087063",30,0,"1",1950,"D",390,"D",.,"A",390,"D",0,"D",.,"A",.,"A",1560,"D",0,"D",.,"A",.,"A",.,"A",.,"A"
"20153","03087113",16,0,"1",910,"D",0,"D",.,"A",0,"D",0,"D",.,"A",.,"A",910,"D",0,"D",25,"D",325,"D",.,"A",.,"A"
"20153","03087343",27,0,"1",1625,"D",325,"D",.,"A",130,"D",0,"D",.,"A",.,"A",1300,"D",0,"D",10,"D",130,"D",.,"A",.,"A"
"20153","03087683",28,0,"1",780,"D",104,"D",.,"A",260,"D",0,"D",.,"A",.,"A",676,"D",0,"D",.,"A",.,"A",.,"A",.,"A"
"20153","03087713",35,0,"1",1950,"D",975,"D",.,"A",650,"D",15,"D",.,"A",.,"A",975,"D",15,"D",.,"A",.,"A",.,"A",.,"A"
"20153","03087823",22,0,"1",1300,"D",390,"D",.,"A",520,"D",60,"D",.,"A",.,"A",910,"D",30,"D",.,"A",.,"A",.,"A",.,"A"
"20153","03087864",29,0,"1",3250,"D",520,"D",.,"A",1300,"D",0,"D",.,"A",.,"A",2730,"D",0,"D",.,"A",.,"A",.,"A",.,"A"
"20153","03087903",23,0,"1",780,"D",65,"D",.,"A",390,"D",0,"D",.,"A",.,"A",715,"D",0,"D",.,"A",.,"A",.,"A",.,"A"
"20153","03087933",24,0,"1",390,"D",130,"D",.,"A",0,"D",0,"D",.,"A",.,"A",260,"D",0,"D",16,"D",208,"D",.,"A",.,"A"
"20153","03087963",80,0,"1",2080,"D",130,"D",.,"A",780,"D",45,"D",.,"A",.,"A",1950,"D",111,"D",.,"A",.,"A",.,"A",.,"A"
"20153","03088013",14,0,"1",650,"D",130,"D",.,"A",0,"D",0,"D",.,"A",.,"A",520,"D",0,"D",.,"A",.,"A",.,"A",.,"A"
"20153","03088034",40,0,"1",1560,"D",0,"D",13,"D",130,"D",0,"D",.,"A",.,"A",1560,"D",0,"D",.,"A",.,"A",.,"A",.,"A"
"20153","03088044",27,0,"1",1690,"D",130,"D",.,"A",0,"D",0,"D",.,"A",.,"A",1560,"D",0,"D",.,"A",.,"A",.,"A",.,"A"
"20153","03088083",33,0,"1",1950,"D",0,"D",.,"A",0,"D",0,"D",.,"A",.,"A",1950,"D",0,"D",.,"A",.,"A",.,"A",.,"A"
"20153","03088124",51,0,"1",1950,"D",520,"D",325,"D",1950,"D",225,"D",.,"A",.,"A",1430,"D",240,"D",.,"A",.,"A",.,"A",.,"A"
"20153","03088274",29,0,"1",1300,"D",260,"D",130,"D",0,"D",0,"D",.,"A",.,"A",1040,"D",0,"D",30,"D",390,"D",.,"A",.,"A"
"20153","03088293",26,0,"1",3250,"D",650,"D",.,"A",260,"D",225,"D",520,"D",.,"A",2600,"D",0,"D",.,"A",.,"A",.,"A",.,"A"
"20153","03088394",18,0,"1",1950,"D",650,"D",650,"D",650,"D",0,"D",.,"A",50,"D",1300,"D",0,"D",10,"D",130,"D",.,"A",.,"A"
"20153","03088664",39,0,"1",1300,"D",260,"D",520,"D",520,"D",225,"D",.,"A",.,"A",1040,"D",180,"D",100,"D",1300,"D",260,"D",20,"D"
"20153","03088722",26,0,"1",1300,"D",0,"D",.,"A",520,"D",0,"D",.,"A",.,"A",1300,"D",60,"D",.,"A",.,"A",.,"A",.,"A"
"20153","03088742",37,0,"1",650,"D",130,"D",650,"D",390,"D",60,"D",.,"A",.,"A",520,"D",30,"D",.,"A",.,"A",.,"A",.,"A"
"20153","03088782",13,0,"1",2080,"D",390,"D",.,"A",0,"D",0,"D",.,"A",.,"A",1690,"D",0,"D",.,"A",.,"A",.,"A",.,"A"
"20153","03088804",22,0,"1",1561,"F",.,"A",.,"A",757,"F",0,"D",.,"A",.,"A",1315,"F",0,"D",.,"A",.,"A",.,"A",.,"A"
"20153","03088833",30,0,"1",195,"D",130,"D",.,"A",195,"D",0,"D",.,"A",.,"A",65,"D",0,"D",.,"A",.,"A",.,"A",.,"A"
"20153","03088844",21,0,"1",3900,"D",975,"D",.,"A",390,"D",0,"D",.,"A",.,"A",2925,"D",0,"D",.,"A",.,"A",.,"A",.,"A"
"20153","03088892",48,0,"1",832,"D",325,"D",.,"A",325,"D",0,"D",.,"A",.,"A",507,"D",0,"D",.,"A",.,"A",65,"D",5,"D"
"20153","03088912",15,0,"1",1040,"D",260,"D",.,"A",0,"D",0,"D",.,"A",.,"A",780,"D",0,"D",.,"A",.,"A",.,"A",.,"A"
"20153","03088952",52,0,"1",1300,"D",260,"D",325,"D",1950,"D",0,"D",.,"A",.,"A",1040,"D",0,"D",10,"D",130,"D",.,"A",.,"A"
"20153","03088974",33,0,"1",1300,"D",0,"D",.,"A",650,"D",0,"D",.,"A",.,"A",1300,"D",0,"D",.,"A",.,"A",.,"A",.,"A"
"20153","03088984",55,0,"1",858,"D",65,"D",.,"A",0,"D",0,"D",.,"A",.,"A",793,"D",45,"D",.,"A",.,"A",.,"A",.,"A"
"20153","03089023",24,0,"1",3250,"D",650,"D",.,"A",780,"D",0,"D",.,"A",.,"A",2600,"D",0,"D",.,"A",.,"A",.,"A",.,"A"
"20153","03089054",8,0,"1",1300,"D",169,"D",.,"A",0,"D",0,"D",.,"A",.,"A",1131,"D",0,"D",.,"A",.,"A",.,"A",.,"A"
"20153","03089062",23,0,"1",2600,"D",260,"D",.,"A",260,"D",0,"D",.,"A",.,"A",2340,"D",0,"D",.,"A",.,"A",.,"A",.,"A"
"20153","03089083",32,0,"1",1950,"D",390,"D",.,"A",520,"D",0,"D",.,"A",.,"A",1560,"D",0,"D",.,"A",.,"A",.,"A",.,"A"
"20153","03089102",30,0,"1",845,"D",13,"D",195,"D",65,"D",6,"D",.,"A",.,"A",832,"D",6,"D",.,"A",.,"A",.,"A",.,"A"
"20153","03089122",11,0,"1",585,"D",65,"D",325,"D",585,"D",0,"D",.,"A",.,"A",520,"D",0,"D",.,"A",.,"A",.,"A",.,"A"
"20153","03089132",56,0,"1",1495,"D",221,"D",.,"A",91,"D",0,"D",.,"A",.,"A",1274,"D",180,"D",.,"A",.,"A",.,"A",.,"A"
"20153","03089154",25,0,"1",1625,"D",303,"F",.,"A",601,"F",0,"D",.,"A",.,"A",1077,"F",0,"D",.,"A",.,"A",.,"A",.,"A"
"20153","03089162",104,0,"1",1560,"D",0,"D",1625,"D",780,"D",0,"D",.,"A",150,"D",1560,"D",300,"D",14,"D",182,"D",.,"A",.,"A"
"20153","03089174",23,0,"1",390,"D",130,"D",195,"D",195,"D",150,"D",.,"A",.,"A",260,"D",0,"D",.,"A",.,"A",.,"A",.,"A"
"20153","03089202",87,0,"1",2210,"D",221,"D",130,"D",65,"D",0,"D",.,"A",.,"A",1989,"D",120,"D",.,"A",.,"A",.,"A",.,"A"
"20153","03089222",15,0,"1",429,"D",65,"D",.,"A",338,"D",0,"D",.,"A",.,"A",364,"D",72,"D",.,"A",.,"A",.,"A",.,"A"
"20153","03089232",18,0,"1",1950,"D",260,"D",.,"A",0,"D",0,"D",.,"A",.,"A",1690,"D",0,"D",.,"A",.,"A",.,"A",.,"A"
"20153","03089263",43,0,"1",650,"D",130,"D",.,"A",650,"D",30,"D",.,"A",.,"A",520,"D",60,"D",6,"D",78,"D",.,"A",.,"A"
"20153","03089284",18,0,"1",650,"D",130,"D",.,"A",780,"D",450,"D",.,"A",.,"A",520,"D",120,"D",.,"A",.,"A",.,"A",.,"A"
"20153","03089302",25,0,"1",1105,"D",195,"D",.,"A",195,"D",6,"D",.,"A",.,"A",910,"D",6,"D",.,"A",.,"A",.,"A",.,"A"
"20153","03089312",28,0,"1",1040,"D",195,"D",.,"A",260,"D",0,"D",.,"A",.,"A",845,"D",180,"D",.,"A",.,"A",.,"A",.,"A"
"20153","03089402",19,0,"1",416,"D",39,"D",156,"D",130,"D",0,"D",.,"A",.,"A",377,"D",0,"D",.,"A",.,"A",.,"A",.,"A"
"20153","03089433",43,0,"1",1625,"D",325,"D",390,"D",1300,"D",120,"D",.,"A",.,"A",1300,"D",45,"D",.,"A",.,"A",.,"A",.,"A"
"20153","03089442",24,0,"1",520,"D",104,"D",.,"A",130,"D",0,"D",.,"A",.,"A",416,"D",0,"D",.,"A",.,"A",.,"A",.,"A"
"20153","03089472",14,0,"1",260,"D",13,"D",.,"A",0,"D",0,"D",.,"A",.,"A",247,"D",0,"D",.,"A",.,"A",.,"A",.,"A"
"20153","03089483",15,0,"1",1950,"D",195,"D",.,"A",780,"D",0,"D",.,"A",.,"A",1755,"D",0,"D",.,"A",.,"A",.,"A",.,"A"
"20153","03089512",34,0,"1",1950,"D",130,"D",.,"A",0,"D",0,"D",.,"A",.,"A",1820,"D",0,"D",.,"A",.,"A",.,"A",.,"A"
"20153","03089582",26,0,"1",1950,"D",975,"D",.,"A",0,"D",0,"D",.,"A",.,"A",975,"D",750,"D",.,"A",.,"A",.,"A",.,"A"
"20153","03089594",40,0,"1",3250,"D",520,"D",.,"A",650,"D",0,"D",.,"A",.,"A",2730,"D",0,"D",.,"A",.,"A",.,"A",.,"A"
"20153","03089612",18,0,"1",2600,"D",910,"D",.,"A",650,"D",6,"D",.,"A",.,"A",1690,"D",6,"D",.,"A",.,"A",.,"A",.,"A"
"20153","03089624",25,0,"1",650,"D",130,"D",.,"A",0,"D",0,"D",.,"A",.,"A",520,"D",0,"D",.,"A",.,"A",.,"A",.,"A"
"20153","03089652",42,0,"1",2275,"D",520,"D",.,"A",975,"D",0,"D",.,"A",.,"A",1755,"D",75,"D",.,"A",.,"A",.,"A",.,"A"
"20153","03089663",59,0,"1",1300,"D",65,"D",130,"D",390,"D",0,"D",.,"A",171,"D",1235,"D",60,"D",.,"A",.,"A",.,"A",.,"A"
"20153","03089704",32,0,"1",1950,"D",650,"D",.,"A",780,"D",0,"D",.,"A",.,"A",1300,"D",120,"D",.,"A",.,"A",.,"A",.,"A"
"20153","03089764",30,0,"1",1430,"D",650,"D",.,"A",520,"D",60,"D",.,"A",.,"A",780,"D",150,"D",.,"A",.,"A",.,"A",.,"A"
"20153","03089792",51,0,"1",1300,"D",0,"D",130,"D",0,"D",0,"D",.,"A",.,"A",1300,"D",30,"D",50,"D",650,"D",.,"A",.,"A"
"20153","03089812",30,0,"1",650,"D",65,"D",.,"A",195,"D",0,"D",.,"A",.,"A",585,"D",0,"D",30,"D",390,"D",.,"A",.,"A"
"20153","03089832",17,0,"1",650,"D",156,"D",325,"D",156,"D",30,"D",.,"A",.,"A",494,"D",30,"D",.,"A",.,"A",195,"D",15,"D"
"20153","03089844",34,0,"1",1300,"D",260,"D",.,"A",650,"D",0,"D",.,"A",.,"A",1040,"D",0,"D",.,"A",.,"A",.,"A",.,"A"
"20153","03089854",19,0,"1",1950,"D",0,"D",.,"A",0,"D",0,"D",.,"A",.,"A",1950,"D",0,"D",.,"A",.,"A",.,"A",.,"A"
"20153","03089882",45,0,"1",2600,"D",650,"D",.,"A",1300,"D",150,"D",.,"A",.,"A",1950,"D",75,"D",.,"A",.,"A",.,"A",.,"A"
"20153","03089913",58,0,"1",780,"D",130,"D",.,"A",1365,"D",0,"D",.,"A",.,"A",650,"D",0,"D",.,"A",.,"A",.,"A",.,"A"
"20153","03089934",25,0,"1",1950,"D",260,"D",.,"A",390,"D",0,"D",.,"A",.,"A",1690,"D",60,"D",.,"A",.,"A",.,"A",.,"A"
"20153","03089944",71,0,"1",3900,"D",0,"D",.,"A",910,"D",0,"D",.,"A",.,"A",3900,"D",240,"D",.,"A",.,"A",.,"A",.,"A"
"20153","03089962",27,0,"1",1820,"D",260,"D",.,"A",780,"D",90,"D",.,"A",.,"A",1560,"D",60,"D",35,"D",455,"D",.,"A",.,"A"
"20153","03090082",18,0,"1",390,"D",130,"D",.,"A",0,"D",0,"D",.,"A",.,"A",260,"D",6,"D",.,"A",.,"A",.,"A",.,"A"
"20153","03090092",38,0,"1",1625,"D",260,"D",.,"A",260,"D",0,"D",.,"A",69,"D",1365,"D",300,"D",.,"A",.,"A",.,"A",.,"A"
"20153","03090104",52,0,"1",1300,"D",325,"D",.,"A",975,"D",0,"D",.,"A",.,"A",975,"D",0,"D",.,"A",.,"A",.,"A",.,"A"
"20153","03090204",43,0,"1",1300,"D",260,"D",.,"A",325,"D",0,"D",.,"A",.,"A",1040,"D",75,"D",.,"A",.,"A",.,"A",.,"A"
"20153","03090222",40,0,"1",1105,"D",379,"F",.,"A",130,"D",0,"D",.,"A",.,"A",1344,"F",133,"F",20,"D",260,"D",.,"A",.,"A"
"20153","03090232",22,0,"1",1300,"D",260,"D",.,"A",650,"D",60,"D",.,"A",.,"A",1040,"D",90,"D",.,"A",.,"A",.,"A",.,"A"
"20153","03090272",20,0,"1",1625,"D",130,"D",.,"A",260,"D",0,"D",.,"A",.,"A",1495,"D",0,"D",42,"D",546,"D",.,"A",.,"A"
"20153","03090282",20,0,"1",845,"D",195,"D",260,"D",390,"D",0,"D",.,"A",.,"A",650,"D",0,"D",.,"A",.,"A",.,"A",.,"A"
"20153","03090292",33,0,"1",2600,"D",130,"D",260,"D",910,"D",0,"D",.,"A",.,"A",2470,"D",0,"D",.,"A",.,"A",.,"A",.,"A"
"20153","03090312",47,0,"1",1040,"D",260,"D",.,"A",585,"D",120,"D",.,"A",.,"A",780,"D",90,"D",.,"A",.,"A",.,"A",.,"A"
"20153","03090324",34,0,"1",988,"D",390,"D",156,"D",91,"D",0,"D",.,"A",.,"A",598,"D",0,"D",.,"A",.,"A",.,"A",.,"A"
"20153","03090343",48,0,"1",923,"D",52,"D",.,"A",1105,"D",0,"D",280,"D",.,"A",871,"D",45,"D",10,"D",130,"D",.,"A",.,"A"
"20153","03090354",26,0,"1",975,"D",325,"D",650,"D",780,"D",0,"D",.,"A",.,"A",650,"D",0,"D",20,"D",260,"D",.,"A",.,"A"
"20153","03090382",26,0,"1",1625,"D",130,"D",.,"A",1950,"D",45,"D",.,"A",.,"A",1495,"D",60,"D",.,"A",.,"A",.,"A",.,"A"
"20153","03090392",32,0,"1",1495,"D",91,"D",.,"A",780,"D",0,"D",.,"A",.,"A",1404,"D",0,"D",.,"A",.,"A",.,"A",.,"A"
"20153","03090443",10,0,"1",390,"D",65,"D",.,"A",39,"D",0,"D",90,"D",.,"A",325,"D",0,"D",.,"A",.,"A",.,"A",.,"A"
"20153","03090463",44,0,"1",2600,"D",390,"D",.,"A",650,"D",0,"D",.,"A",.,"A",2210,"D",180,"D",.,"A",.,"A",.,"A",.,"A"
"20153","03090474",29,0,"1",1625,"D",780,"D",.,"A",650,"D",0,"D",.,"A",.,"A",845,"D",300,"D",.,"A",.,"A",.,"A",.,"A"
"20153","03090504",21,0,"1",1950,"D",0,"D",.,"A",390,"D",0,"D",.,"A",.,"A",1950,"D",0,"D",30,"D",390,"D",.,"A",.,"A"
"20153","03090532",58,0,"1",2600,"D",650,"D",520,"D",390,"D",105,"D",.,"A",54,"D",1950,"D",30,"D",60,"D",780,"D",.,"A",.,"A"
"20153","03090543",50,0,"1",1300,"D",650,"D",.,"A",780,"D",0,"D",.,"A",.,"A",650,"D",60,"D",.,"A",.,"A",.,"A",.,"A"
"20153","03090562",33,0,"1",1625,"D",325,"D",.,"A",650,"D",300,"D",.,"A",.,"A",1300,"D",150,"D",.,"A",.,"A",.,"A",.,"A"
"20153","03090572",22,0,"1",650,"D",0,"D",.,"A",390,"D",150,"D",.,"A",.,"A",650,"D",150,"D",.,"A",.,"A",.,"A",.,"A"
"20153","03090603",36,0,"1",2600,"D",1040,"D",.,"A",1300,"D",150,"D",.,"A",.,"A",1560,"D",195,"D",65,"D",845,"D",.,"A",.,"A"
"20153","03090654",42,0,"1",975,"D",325,"D",.,"A",455,"D",105,"D",.,"A",.,"A",650,"D",0,"D",.,"A",.,"A",.,"A",.,"A"
"20153","03090672",34,0,"1",520,"D",130,"D",.,"A",1300,"D",1500,"D",.,"A",.,"A",390,"D",300,"D",40,"D",520,"D",.,"A",.,"A"
"20153","03090692",26,0,"1",975,"D",0,"D",.,"A",520,"D",0,"D",.,"A",.,"A",975,"D",60,"D",6,"D",78,"D",.,"A",.,"A"
"20153","03090722",39,0,"1",1300,"D",260,"D",260,"D",325,"D",0,"D",.,"A",.,"A",1040,"D",0,"D",.,"A",.,"A",.,"A",.,"A"
"20153","03090753",31,0,"1",650,"D",0,"D",.,"A",650,"D",0,"D",.,"A",.,"A",650,"D",0,"D",.,"A",.,"A",.,"A",.,"A"
"20153","03090784",30,0,"1",2600,"D",260,"D",.,"A",0,"D",0,"D",.,"A",.,"A",2340,"D",0,"D",.,"A",.,"A",.,"A",.,"A"
"20153","03090803",25,0,"1",1300,"D",325,"D",650,"D",65,"D",0,"D",.,"A",.,"A",975,"D",0,"D",105,"D",1365,"D",.,"A",.,"A"
"20153","03090832",42,0,"1",1300,"D",130,"D",.,"A",520,"D",0,"D",.,"A",.,"A",1170,"D",300,"D",.,"A",.,"A",.,"A",.,"A"
"20153","03090852",35,0,"1",1625,"D",650,"D",.,"A",260,"D",0,"D",.,"A",.,"A",975,"D",0,"D",.,"A",.,"A",.,"A",.,"A"
"20153","03090862",21,0,"1",1625,"D",494,"D",.,"A",1300,"D",0,"D",.,"A",.,"A",1131,"D",0,"D",.,"A",.,"A",.,"A",.,"A"
"20153","03090932",46,0,"1",975,"D",195,"D",26,"D",325,"D",6,"D",.,"A",.,"A",780,"D",108,"D",.,"A",.,"A",.,"A",.,"A"
"20153","03090943",33,0,"1",1625,"D",325,"D",.,"A",195,"D",0,"D",.,"A",.,"A",1300,"D",0,"D",.,"A",.,"A",.,"A",.,"A"
"20153","03090964",31,0,"1",260,"D",0,"D",.,"A",260,"D",0,"D",.,"A",.,"A",260,"D",0,"D",.,"A",.,"A",.,"A",.,"A"
"20153","03090983",21,0,"1",650,"D",156,"D",.,"A",0,"D",0,"D",.,"A",.,"A",494,"D",0,"D",.,"A",.,"A",.,"A",.,"A"
"20153","03090994",6,0,"1",520,"D",130,"D",.,"A",130,"D",0,"D",.,"A",.,"A",390,"D",0,"D",.,"A",.,"A",.,"A",.,"A"
"20153","03091002",25,0,"1",1300,"D",195,"D",.,"A",195,"D",0,"D",.,"A",100,"D",1105,"D",30,"D",45,"D",585,"D",.,"A",.,"A"
"20153","03091052",22,0,"1",650,"D",130,"D",.,"A",325,"D",0,"D",.,"A",.,"A",520,"D",0,"D",.,"A",.,"A",325,"D",25,"D"
"20153","03091064",39,0,"1",845,"D",65,"D",.,"A",455,"D",0,"D",.,"A",.,"A",780,"D",30,"D",.,"A",.,"A",.,"A",.,"A"
"20153","03091092",17,0,"1",455,"D",26,"D",.,"A",78,"D",0,"D",.,"A",.,"A",429,"D",12,"D",.,"A",.,"A",.,"A",.,"A"
"20153","03091142",85,0,"1",2106,"D",455,"D",.,"A",780,"D",30,"D",.,"A",51,"D",1651,"D",30,"D",.,"A",.,"A",.,"A",.,"A"
"20153","03091162",14,0,"1",975,"D",130,"D",.,"A",0,"D",0,"D",.,"A",.,"A",845,"D",0,"D",.,"A",.,"A",91,"D",7,"D"
"20153","03091192",18,0,"1",1950,"D",650,"D",.,"A",1040,"D",0,"D",.,"A",.,"A",1300,"D",30,"D",.,"A",.,"A",.,"A",.,"A"
"20153","03091213",32,0,"1",520,"D",65,"D",65,"D",585,"D",0,"D",.,"A",.,"A",455,"D",0,"D",.,"A",.,"A",.,"A",.,"A"
"20153","03091233",12,0,"1",455,"D",39,"D",.,"A",195,"D",0,"D",.,"A",.,"A",416,"D",0,"D",40,"D",520,"D",.,"A",.,"A"
"20153","03091242",74,0,"1",650,"D",0,"D",.,"A",260,"D",0,"D",.,"A",.,"A",650,"D",0,"D",.,"A",.,"A",.,"A",.,"A"
"20153","03091262",27,0,"1",1300,"D",260,"D",.,"A",260,"D",0,"D",.,"A",.,"A",1040,"D",0,"D",10,"D",130,"D",.,"A",.,"A"
"20153","03091294",24,0,"1",1950,"D",650,"D",.,"A",520,"D",0,"D",.,"A",.,"A",1300,"D",0,"D",.,"A",.,"A",.,"A",.,"A"
"20153","03091313",34,0,"1",975,"D",260,"D",.,"A",0,"D",0,"D",.,"A",.,"A",715,"D",0,"D",.,"A",.,"A",52,"D",4,"D"
"20153","03091344",28,0,"1",650,"D",130,"D",.,"A",0,"D",0,"D",.,"A",.,"A",520,"D",60,"D",.,"A",.,"A",.,"A",.,"A"
"20153","03091362",42,0,"1",2600,"D",650,"D",.,"A",0,"D",0,"D",.,"A",.,"A",1950,"D",0,"D",.,"A",.,"A",.,"A",.,"A"
"20153","03091372",25,0,"1",1300,"D",260,"D",65,"D",780,"D",0,"D",.,"A",.,"A",1040,"D",0,"D",.,"A",.,"A",.,"A",.,"A"
"20153","03091385",53,0,"1",975,"D",0,"D",.,"A",975,"D",600,"D",.,"A",.,"A",975,"D",1050,"D",30,"D",390,"D",.,"A",.,"A"
"20153","03091394",24,0,"1",650,"D",325,"D",.,"A",0,"D",0,"D",.,"A",.,"A",325,"D",0,"D",.,"A",.,"A",.,"A",.,"A"
"20153","03091402",31,0,"1",1040,"D",130,"D",130,"D",0,"D",0,"D",.,"A",.,"A",910,"D",0,"D",.,"A",.,"A",.,"A",.,"A"
"20153","03091414",22,0,"1",650,"D",195,"D",520,"D",0,"D",0,"D",.,"A",.,"A",455,"D",300,"D",.,"A",.,"A",.,"A",.,"A"
"20153","03091432",80,0,"1",975,"D",0,"D",195,"D",390,"D",30,"D",.,"A",.,"A",975,"D",0,"D",.,"A",.,"A",.,"A",.,"A"
"20153","03091452",27,0,"1",325,"D",130,"D",.,"A",130,"D",60,"D",780,"D",.,"A",195,"D",60,"D",.,"A",.,"A",.,"A",.,"A"
"20153","03091472",40,0,"1",3250,"D",845,"D",130,"D",260,"D",60,"D",.,"A",.,"A",2405,"D",300,"D",.,"A",.,"A",.,"A",.,"A"
"20153","03091484",36,0,"1",650,"D",130,"D",.,"A",325,"D",0,"D",.,"A",.,"A",520,"D",0,"D",.,"A",.,"A",.,"A",.,"A"
"20153","03091504",16,0,"1",650,"D",130,"D",.,"A",390,"D",120,"D",.,"A",27,"D",520,"D",120,"D",.,"A",.,"A",.,"A",.,"A"
"20153","03091542",55,0,"1",1950,"D",260,"D",.,"A",260,"D",60,"D",.,"A",.,"A",1690,"D",0,"D",.,"A",.,"A",.,"A",.,"A"
"20153","03091552",26,0,"1",520,"D",130,"D",.,"A",325,"D",75,"D",.,"A",.,"A",390,"D",75,"D",.,"A",.,"A",.,"A",.,"A"
"20153","03091592",46,0,"1",1560,"D",260,"D",.,"A",130,"D",0,"D",.,"A",.,"A",1300,"D",24,"D",.,"A",.,"A",.,"A",.,"A"
"20153","03091604",22,0,"1",650,"D",130,"D",.,"A",104,"D",0,"D",.,"A",.,"A",520,"D",0,"D",.,"A",.,"A",.,"A",.,"A"
"20153","03091612",12,0,"1",650,"D",335,"F",.,"A",757,"F",162,"F",.,"A",.,"A",1315,"F",175,"F",.,"A",.,"A",.,"A",.,"A"
"20153","03091652",22,0,"1",1950,"D",260,"D",.,"A",650,"D",0,"D",.,"A",.,"A",1690,"D",75,"D",.,"A",.,"A",.,"A",.,"A"
"20153","03091684",7,0,"1",0,"D",.,"A",26,"D",104,"D",0,"D",.,"A",.,"A",0,"D",0,"D",.,"A",.,"A",.,"A",.,"A"
"20153","03091704",37,0,"1",650,"D",156,"D",.,"A",260,"D",0,"D",.,"A",.,"A",494,"D",150,"D",.,"A",.,"A",.,"A",.,"A"
"20153","03091743",33,0,"1",1300,"D",260,"D",.,"A",260,"D",150,"D",.,"A",.,"A",1040,"D",0,"D",.,"A",.,"A",.,"A",.,"A"
"20153","03091752",57,0,"1",2275,"D",467,"F",.,"A",2275,"D",133,"F",.,"A",.,"A",1785,"F",165,"D",.,"A",.,"A",.,"A",.,"A"
"20153","03091774",17,0,"1",975,"D",260,"D",.,"A",325,"D",0,"D",.,"A",.,"A",715,"D",0,"D",.,"A",.,"A",.,"A",.,"A"
"20153","03091783",34,0,"1",1625,"D",130,"D",104,"D",195,"D",0,"D",.,"A",120,"D",1495,"D",120,"D",.,"A",.,"A",.,"A",.,"A"
"20153","03091814",79,0,"1",2600,"D",975,"D",260,"D",1300,"D",900,"D",.,"A",.,"A",1625,"D",300,"D",35,"D",455,"D",.,"A",.,"A"
"20153","03091822",46,0,"1",1950,"D",260,"D",.,"A",1040,"D",0,"D",.,"A",.,"A",1690,"D",0,"D",.,"A",.,"A",.,"A",.,"A"
"20153","03091832",16,0,"1",650,"D",130,"D",.,"A",260,"D",0,"D",.,"A",.,"A",520,"D",240,"D",35,"D",455,"D",.,"A",.,"A"
"20153","03091862",45,0,"1",1300,"D",130,"D",.,"A",975,"D",0,"D",.,"A",.,"A",1170,"D",0,"D",.,"A",.,"A",.,"A",.,"A"
"20153","03091872",18,0,"1",910,"D",0,"D",.,"A",0,"D",0,"D",.,"A",.,"A",910,"D",60,"D",40,"D",520,"D",.,"A",.,"A"
"20153","03091924",25,0,"1",1235,"D",130,"D",130,"D",845,"D",0,"D",.,"A",.,"A",1105,"D",0,"D",.,"A",.,"A",.,"A",.,"A"
"20153","03091944",10,0,"1",919,"F",.,"A",.,"A",604,"F",121,"F",.,"A",.,"A",741,"F",92,"F",.,"A",.,"A",.,"A",.,"A"
"20153","03091993",14,0,"1",455,"D",0,"D",65,"D",65,"D",0,"D",.,"A",.,"A",455,"D",0,"D",.,"A",.,"A",.,"A",.,"A"
"20153","03092014",18,0,"1",650,"D",220,"F",.,"A",650,"D",0,"D",.,"A",.,"A",745,"F",0,"D",.,"A",.,"A",.,"A",.,"A"
"20153","03092032",24,0,"1",390,"D",0,"D",.,"A",390,"D",0,"D",.,"A",.,"A",390,"D",45,"D",.,"A",.,"A",.,"A",.,"A"
"20153","03092042",18,0,"1",1040,"D",260,"D",.,"A",130,"D",0,"D",.,"A",.,"A",780,"D",0,"D",17,"D",221,"D",.,"A",.,"A"
"20153","03092054",34,0,"1",1950,"D",390,"D",.,"A",390,"D",0,"D",.,"A",.,"A",1560,"D",0,"D",45,"D",585,"D",.,"A",.,"A"
"20153","03092062",13,0,"1",780,"D",130,"D",.,"A",130,"D",0,"D",.,"A",.,"A",650,"D",0,"D",.,"A",.,"A",.,"A",.,"A"
"20153","03092074",17,0,"1",0,"D",.,"A",.,"A",78,"D",0,"D",.,"A",.,"A",0,"D",0,"D",.,"A",.,"A",.,"A",.,"A"
"20153","03092092",36,0,"1",1300,"D",0,"D",.,"A",260,"D",0,"D",.,"A",.,"A",1300,"D",0,"D",.,"A",.,"A",.,"A",.,"A"
"20153","03092114",19,0,"1",1170,"D",195,"D",.,"A",195,"D",0,"D",.,"A",.,"A",975,"D",0,"D",35,"D",455,"D",.,"A",.,"A"
"20153","03092142",36,0,"1",2925,"D",650,"D",.,"A",390,"D",0,"D",.,"A",.,"A",2275,"D",0,"D",.,"A",.,"A",.,"A",.,"A"
"20153","03092164",17,0,"1",1560,"D",260,"D",.,"A",0,"D",0,"D",.,"A",85,"F",1300,"D",0,"D",.,"A",.,"A",.,"A",.,"A"
"20153","03092185",50,0,"1",2600,"D",650,"D",130,"D",325,"D",0,"D",.,"A",.,"A",1950,"D",30,"D",.,"A",.,"A",.,"A",.,"A"
"20153","03092252",15,0,"1",2275,"D",325,"D",.,"A",1300,"D",0,"D",.,"A",.,"A",1950,"D",0,"D",30,"D",390,"D",.,"A",.,"A"
"20153","03092324",23,0,"1",910,"D",520,"D",.,"A",1690,"D",45,"D",.,"A",.,"A",390,"D",0,"D",.,"A",.,"A",.,"A",.,"A"
"20153","03092332",19,0,"1",1300,"D",260,"D",.,"A",0,"D",0,"D",.,"A",.,"A",1040,"D",0,"D",.,"A",.,"A",.,"A",.,"A"
"20153","03092342",46,0,"1",1300,"D",325,"D",.,"A",520,"D",0,"D",.,"A",.,"A",975,"D",0,"D",.,"A",.,"A",.,"A",.,"A"
"20153","03092362",22,0,"1",1950,"D",260,"D",.,"A",449,"F",143,"F",.,"A",.,"A",1690,"D",116,"F",.,"A",.,"A",.,"A",.,"A"
"20153","03092384",41,0,"1",325,"D",65,"D",.,"A",325,"D",0,"D",.,"A",.,"A",260,"D",0,"D",.,"A",.,"A",.,"A",.,"A"
"20153","03092392",36,0,"1",390,"D",65,"D",.,"A",0,"D",0,"D",.,"A",.,"A",325,"D",51,"D",.,"A",.,"A",.,"A",.,"A"
"20153","03092402",22,0,"1",650,"D",130,"D",.,"A",0,"D",6,"D",.,"A",.,"A",520,"D",6,"D",.,"A",.,"A",.,"A",.,"A"
"20153","03092442",52,0,"1",1300,"D",260,"D",1560,"D",520,"D",0,"D",.,"A",.,"A",1040,"D",600,"D",.,"A",.,"A",.,"A",.,"A"
"20153","03092452",23,0,"1",1300,"D",260,"D",.,"A",1040,"D",0,"D",.,"A",.,"A",1040,"D",0,"D",.,"A",.,"A",.,"A",.,"A"
"20153","03092464",29,0,"1",650,"D",65,"D",.,"A",195,"D",0,"D",.,"A",.,"A",585,"D",0,"D",.,"A",.,"A",.,"A",.,"A"
"20153","03092472",22,0,"1",1300,"D",0,"D",.,"A",650,"D",6,"D",.,"A",.,"A",1300,"D",6,"D",.,"A",.,"A",.,"A",.,"A"
"20153","03092493",19,0,"1",1300,"D",650,"D",.,"A",757,"F",0,"D",.,"A",.,"A",650,"D",0,"D",.,"A",.,"A",.,"A",.,"A"
"20153","03092542",74,0,"1",2600,"D",650,"D",.,"A",650,"D",0,"D",.,"A",.,"A",1950,"D",0,"D",.,"A",.,"A",.,"A",.,"A"
"20153","03092562",47,0,"1",1300,"D",130,"D",.,"A",780,"D",84,"D",.,"A",.,"A",1170,"D",30,"D",.,"A",.,"A",.,"A",.,"A"
"20153","03092674",29,0,"1",1300,"D",260,"D",780,"D",325,"D",75,"D",65,"D",.,"A",1040,"D",300,"D",.,"A",.,"A",.,"A",.,"A"
"20153","03092684",46,0,"1",2200,"F",.,"A",455,"D",481,"D",45,"D",.,"A",.,"A",1785,"F",75,"D",.,"A",.,"A",.,"A",.,"A"
"20153","03092724",12,0,"1",0,"D",.,"A",.,"A",0,"D",0,"D",.,"A",.,"A",0,"D",0,"D",.,"A",.,"A",.,"A",.,"A"
"20153","03092733",20,0,"1",1300,"D",260,"D",260,"D",390,"D",150,"D",.,"A",.,"A",1040,"D",90,"D",.,"A",.,"A",.,"A",.,"A"
"20153","03092773",38,0,"1",1950,"D",325,"D",.,"A",2600,"D",150,"D",.,"A",150,"D",1625,"D",240,"D",75,"D",975,"D",.,"A",.,"A"
"20153","03092792",24,0,"1",1300,"D",325,"D",.,"A",0,"D",0,"D",.,"A",.,"A",975,"D",0,"D",.,"A",.,"A",156,"D",12,"D"
"20153","03092843",13,0,"1",2080,"D",650,"D",.,"A",130,"D",0,"D",.,"A",.,"A",1430,"D",0,"D",15,"D",195,"D",.,"A",.,"A"
"20153","03092852",38,0,"1",1560,"D",390,"D",325,"D",130,"D",150,"D",.,"A",.,"A",1170,"D",120,"D",.,"A",.,"A",.,"A",.,"A"
"20153","03092864",22,0,"1",1950,"D",0,"D",.,"A",0,"D",0,"D",.,"A",.,"A",1950,"D",0,"D",35,"D",455,"D",.,"A",.,"A"
"20153","03092872",26,0,"1",1040,"D",130,"D",.,"A",130,"D",0,"D",.,"A",.,"A",910,"D",0,"D",.,"A",.,"A",.,"A",.,"A"
"20153","03092894",50,0,"1",975,"D",195,"D",.,"A",1365,"D",90,"D",.,"A",.,"A",780,"D",90,"D",.,"A",.,"A",.,"A",.,"A"
"20153","03092922",23,0,"1",585,"D",130,"D",.,"A",1300,"D",0,"D",.,"A",.,"A",455,"D",0,"D",.,"A",.,"A",.,"A",.,"A"
"20153","03092952",38,0,"1",910,"D",195,"D",.,"A",208,"D",0,"D",.,"A",.,"A",715,"D",0,"D",.,"A",.,"A",.,"A",.,"A"
"20153","03092964",45,0,"1",1950,"D",0,"D",.,"A",260,"D",0,"D",.,"A",.,"A",1950,"D",0,"D",50,"D",650,"D",.,"A",.,"A"
"20153","03092982",89,0,"1",3250,"D",260,"D",.,"A",975,"D",0,"D",.,"A",.,"A",2990,"D",0,"D",.,"A",.,"A",.,"A",.,"A"
"20153","03092992",41,0,"1",3640,"D",845,"D",.,"A",260,"D",0,"D",.,"A",.,"A",2795,"D",75,"D",.,"A",.,"A",.,"A",.,"A"
"20153","03093013",48,0,"1",910,"D",390,"D",.,"A",0,"D",0,"D",.,"A",.,"A",520,"D",0,"D",.,"A",.,"A",.,"A",.,"A"
"20153","03093024",12,0,"1",0,"D",.,"A",.,"A",65,"D",0,"D",.,"A",.,"A",0,"D",0,"D",.,"A",.,"A",.,"A",.,"A"
"20153","03093032",42,0,"1",780,"D",260,"D",.,"A",780,"D",0,"D",.,"A",.,"A",520,"D",0,"D",.,"A",.,"A",.,"A",.,"A"
"20153","03093064",55,0,"1",3900,"D",975,"D",260,"D",2600,"D",0,"D",.,"A",.,"A",2925,"D",120,"D",25,"D",325,"D",156,"D",12,"D"
"20153","03093072",28,0,"1",975,"D",325,"D",455,"D",325,"D",0,"D",.,"A",.,"A",650,"D",45,"D",.,"A",.,"A",.,"A",.,"A"
"20153","03093083",51,0,"1",1040,"D",130,"D",.,"A",325,"D",0,"D",.,"A",.,"A",910,"D",0,"D",.,"A",.,"A",.,"A",.,"A"
"20153","03093102",37,0,"1",1300,"D",260,"D",650,"D",2600,"D",900,"D",.,"A",.,"A",1040,"D",300,"D",.,"A",.,"A",.,"A",.,"A"
"20153","03093112",19,0,"1",2600,"D",260,"D",260,"D",0,"D",0,"D",.,"A",.,"A",2340,"D",0,"D",40,"D",520,"D",.,"A",.,"A"
"20153","03093134",20,0,"1",520,"D",390,"D",325,"D",390,"D",6,"D",.,"A",.,"A",130,"D",6,"D",6,"D",78,"D",.,"A",.,"A"
"20153","03093183",41,0,"1",1560,"D",390,"D",.,"A",260,"D",30,"D",.,"A",.,"A",1170,"D",75,"D",.,"A",.,"A",.,"A",.,"A"
"20153","03093192",25,0,"1",520,"D",65,"D",.,"A",130,"D",0,"D",.,"A",.,"A",455,"D",60,"D",.,"A",.,"A",.,"A",.,"A"
"20153","03093203",10,0,"1",1560,"D",195,"D",.,"A",0,"D",0,"D",.,"A",.,"A",1365,"D",0,"D",.,"A",.,"A",.,"A",.,"A"
"20153","03093213",10,0,"1",1300,"D",130,"D",.,"A",260,"D",0,"D",.,"A",.,"A",1170,"D",0,"D",.,"A",.,"A",.,"A",.,"A"
"20153","03093222",27,0,"1",260,"D",26,"D",.,"A",130,"D",0,"D",.,"A",.,"A",234,"D",0,"D",.,"A",.,"A",.,"A",.,"A"
"20153","03093282",23,0,"1",455,"D",65,"D",.,"A",1040,"D",0,"D",.,"A",.,"A",390,"D",0,"D",.,"A",.,"A",.,"A",.,"A"
"20153","03093292",66,0,"1",650,"D",130,"D",.,"A",780,"D",0,"D",.,"A",.,"A",520,"D",240,"D",25,"D",325,"D",.,"A",.,"A"
"20153","03093314",19,0,"1",650,"D",143,"D",.,"A",130,"D",0,"D",.,"A",.,"A",507,"D",78,"D",37,"D",481,"D",.,"A",.,"A"
"20153","03093323",47,0,"1",2600,"D",650,"D",.,"A",5200,"D",300,"D",.,"A",40,"D",1950,"D",0,"D",.,"A",.,"A",.,"A",.,"A"
"20153","03093402",60,0,"1",1235,"D",325,"D",.,"A",585,"D",0,"D",.,"A",.,"A",910,"D",0,"D",.,"A",.,"A",.,"A",.,"A"
"20153","03093422",22,0,"1",390,"D",0,"D",.,"A",0,"D",0,"D",.,"A",.,"A",390,"D",0,"D",.,"A",.,"A",650,"D",50,"D"
"20153","03093443",63,0,"1",1300,"D",520,"D",.,"A",975,"D",75,"D",.,"A",.,"A",780,"D",150,"D",.,"A",.,"A",.,"A",.,"A"
"20153","03093472",51,0,"1",650,"D",195,"D",.,"A",195,"D",0,"D",.,"A",.,"A",455,"D",0,"D",.,"A",.,"A",.,"A",.,"A"
"20153","03093482",74,0,"1",3900,"D",0,"D",.,"A",195,"D",0,"D",.,"A",.,"A",3900,"D",258,"D",.,"A",.,"A",.,"A",.,"A"
"20153","03093493",47,0,"1",3250,"D",390,"D",.,"A",325,"D",0,"D",.,"A",.,"A",2860,"D",0,"D",.,"A",.,"A",.,"A",.,"A"
"20153","03093514",36,0,"1",1300,"D",0,"D",.,"A",715,"D",0,"D",.,"A",.,"A",1300,"D",0,"D",.,"A",.,"A",.,"A",.,"A"
"20153","03093544",61,0,"1",1300,"D",130,"D",.,"A",650,"D",0,"D",.,"A",5,"D",1170,"D",0,"D",.,"A",.,"A",.,"A",.,"A"
"20153","03093562",19,0,"1",1560,"D",260,"D",.,"A",1040,"D",30,"D",.,"A",.,"A",1300,"D",0,"D",.,"A",.,"A",.,"A",.,"A"
"20153","03093614",23,0,"1",1950,"D",412,"F",.,"A",799,"F",0,"D",.,"A",.,"A",1866,"F",0,"D",.,"A",.,"A",.,"A",.,"A"
"20153","03093632",50,0,"1",1300,"D",130,"D",.,"A",2600,"D",0,"D",.,"A",.,"A",1170,"D",300,"D",.,"A",.,"A",.,"A",.,"A"
"20153","03093672",50,0,"1",2600,"D",650,"D",.,"A",0,"D",0,"D",.,"A",.,"A",1950,"D",0,"D",50,"D",650,"D",.,"A",.,"A"
"20153","03093682",34,0,"1",1625,"D",325,"D",130,"D",650,"D",150,"D",.,"A",.,"A",1300,"D",150,"D",.,"A",.,"A",.,"A",.,"A"
"20153","03093705",15,0,"1",2275,"D",325,"D",.,"A",650,"D",0,"D",.,"A",.,"A",1950,"D",0,"D",.,"A",.,"A",.,"A",.,"A"
"20153","03093752",17,0,"1",1300,"D",325,"D",.,"A",650,"D",0,"D",.,"A",.,"A",975,"D",0,"D",.,"A",.,"A",.,"A",.,"A"
"20153","03093783",36,0,"1",1300,"D",325,"D",.,"A",260,"D",60,"D",.,"A",.,"A",975,"D",0,"D",25,"D",325,"D",.,"A",.,"A"
"20153","03093794",12,0,"1",650,"D",130,"D",390,"D",780,"D",0,"D",.,"A",.,"A",520,"D",0,"D",.,"A",.,"A",.,"A",.,"A"
"20153","03093802",57,0,"1",3900,"D",650,"D",.,"A",975,"D",60,"D",.,"A",38,"D",3250,"D",30,"D",.,"A",.,"A",.,"A",.,"A"
"20153","03093814",26,0,"1",1561,"F",.,"A",.,"A",757,"F",162,"F",.,"A",.,"A",1315,"F",175,"F",.,"A",.,"A",.,"A",.,"A"
"20153","03093822",37,0,"1",2990,"D",650,"D",260,"D",130,"D",0,"D",.,"A",.,"A",2340,"D",150,"D",.,"A",.,"A",.,"A",.,"A"
"20153","03093832",47,0,"1",1300,"D",130,"D",.,"A",650,"D",0,"D",.,"A",.,"A",1170,"D",45,"D",.,"A",.,"A",.,"A",.,"A"
"20153","03093862",16,0,"1",715,"D",195,"D",.,"A",0,"D",0,"D",.,"A",.,"A",520,"D",0,"D",.,"A",.,"A",.,"A",.,"A"
"20153","03093872",36,0,"1",3250,"D",650,"D",.,"A",0,"D",300,"D",.,"A",.,"A",2600,"D",90,"D",.,"A",.,"A",.,"A",.,"A"
"20153","03093902",29,0,"1",1950,"D",520,"D",260,"D",0,"D",0,"D",.,"A",.,"A",1430,"D",90,"D",.,"A",.,"A",.,"A",.,"A"
"20153","03093944",21,0,"1",1560,"D",260,"D",.,"A",260,"D",0,"D",.,"A",.,"A",1300,"D",45,"D",.,"A",.,"A",.,"A",.,"A"
"20153","03093962",26,0,"1",2600,"D",975,"D",390,"D",1300,"D",0,"D",.,"A",.,"A",1625,"D",0,"D",.,"A",.,"A",.,"A",.,"A"
"20153","03093982",45,0,"1",780,"D",130,"D",.,"A",260,"D",0,"D",.,"A",.,"A",650,"D",0,"D",.,"A",.,"A",.,"A",.,"A"
"20153","03094002",35,0,"1",1950,"D",325,"D",.,"A",975,"D",180,"D",.,"A",.,"A",1625,"D",300,"D",.,"A",.,"A",.,"A",.,"A"
"20153","03094012",33,0,"1",2600,"D",260,"D",.,"A",1300,"D",0,"D",.,"A",100,"D",2340,"D",0,"D",.,"A",.,"A",.,"A",.,"A"
"20153","03094023",31,0,"1",2600,"D",390,"D",.,"A",650,"D",0,"D",.,"A",.,"A",2210,"D",0,"D",.,"A",.,"A",.,"A",.,"A"
"20153","03094032",41,0,"1",910,"D",130,"D",.,"A",0,"D",0,"D",.,"A",.,"A",780,"D",0,"D",.,"A",.,"A",.,"A",.,"A"
"20153","03094064",13,0,"1",1950,"D",325,"D",.,"A",0,"D",0,"D",.,"A",.,"A",1625,"D",0,"D",.,"A",.,"A",.,"A",.,"A"
"20153","03094083",68,0,"1",1040,"D",195,"D",.,"A",3120,"D",0,"D",.,"A",.,"A",845,"D",0,"D",.,"A",.,"A",.,"A",.,"A"
"20153","03094094",66,0,"1",1300,"D",130,"D",.,"A",520,"D",0,"D",.,"A",.,"A",1170,"D",0,"D",.,"A",.,"A",.,"A",.,"A"
"20153","03094122",28,0,"1",1300,"D",520,"D",.,"A",910,"D",0,"D",.,"A",.,"A",780,"D",0,"D",.,"A",.,"A",.,"A",.,"A"
"20153","03094153",42,0,"1",1625,"D",260,"D",.,"A",0,"D",0,"D",.,"A",.,"A",1365,"D",180,"D",.,"A",.,"A",.,"A",.,"A"
"20153","03094183",19,0,"1",390,"D",52,"D",.,"A",260,"D",15,"D",.,"A",.,"A",338,"D",18,"D",.,"A",.,"A",.,"A",.,"A"
"20153","03094204",49,0,"1",1625,"D",975,"D",.,"A",0,"D",45,"D",.,"A",.,"A",650,"D",0,"D",.,"A",.,"A",.,"A",.,"A"
"20153","03094234",20,0,"1",3250,"D",650,"D",.,"A",1625,"D",150,"D",.,"A",.,"A",2600,"D",300,"D",.,"A",.,"A",.,"A",.,"A"
"20153","03094253",20,0,"1",1360,"F",.,"A",.,"A",509,"F",140,"F",.,"A",.,"A",1097,"F",158,"F",.,"C",486,"F",.,"A",.,"A"
"20153","03094292",53,0,"1",1300,"D",429,"D",.,"A",1300,"D",0,"D",.,"A",.,"A",871,"D",150,"D",.,"A",.,"A",.,"A",.,"A"
"20153","03094302",33,0,"1",1690,"D",325,"D",.,"A",1300,"D",0,"D",.,"A",.,"A",1365,"D",0,"D",.,"A",.,"A",.,"A",.,"A"
"20153","03094372",31,0,"1",2206,"F",.,"A",.,"A",568,"F",80,"F",.,"A",.,"A",1825,"F",111,"F",.,"A",.,"A",.,"A",.,"A"
"20153","03094444",35,0,"1",1755,"D",455,"D",.,"A",65,"D",0,"D",.,"A",.,"A",1300,"D",0,"D",25,"D",325,"D",.,"A",.,"A"
"20153","03094473",38,0,"1",2210,"D",650,"D",.,"A",0,"D",0,"D",.,"A",.,"A",1560,"D",0,"D",.,"A",.,"A",.,"A",.,"A"
"20153","03094484",31,0,"1",1625,"D",390,"D",260,"D",0,"D",0,"D",910,"D",200,"D",1235,"D",0,"D",.,"A",.,"A",.,"A",.,"A"
"20153","03094522",36,0,"1",390,"D",0,"D",.,"A",130,"D",0,"D",.,"A",.,"A",390,"D",0,"D",160,"D",2080,"D",.,"A",.,"A"
"20153","03094532",18,0,"1",1950,"D",650,"D",.,"A",0,"D",0,"D",.,"A",.,"A",1300,"D",0,"D",.,"A",.,"A",260,"D",20,"D"
"20153","03094542",32,0,"1",780,"D",0,"D",.,"A",260,"D",0,"D",455,"D",.,"A",780,"D",0,"D",.,"A",.,"A",.,"A",.,"A"
"20153","03094583",18,0,"1",780,"D",260,"D",195,"D",0,"D",60,"D",650,"D",.,"A",520,"D",60,"D",.,"A",.,"A",.,"A",.,"A"
"20153","03094593",21,0,"1",650,"D",130,"D",26,"D",78,"D",0,"D",.,"A",.,"A",520,"D",0,"D",.,"A",.,"A",.,"A",.,"A"
"20153","03094602",9,0,"1",0,"D",.,"A",.,"A",0,"D",0,"D",.,"A",.,"A",0,"D",0,"D",.,"A",.,"A",.,"A",.,"A"
"20153","03094653",25,0,"1",1561,"F",.,"A",.,"A",757,"F",0,"D",.,"A",.,"A",1315,"F",175,"F",.,"C",608,"F",.,"A",.,"A"
"20153","03094662",17,0,"1",377,"D",65,"D",.,"A",0,"D",0,"D",.,"A",.,"A",312,"D",0,"D",.,"A",.,"A",.,"A",.,"A"
"20153","03094762",15,0,"1",1300,"D",211,"F",.,"A",604,"F",121,"F",.,"A",.,"A",741,"F",92,"F",.,"A",.,"A",.,"A",.,"A"
"20153","03094784",13,0,"1",1300,"D",325,"D",650,"D",780,"D",0,"D",.,"A",.,"A",975,"D",0,"D",.,"A",.,"A",.,"A",.,"A"
"20153","03094794",45,0,"1",650,"D",195,"D",.,"A",910,"D",0,"D",.,"A",.,"A",455,"D",0,"D",.,"A",.,"A",.,"A",.,"A"
"20153","03094843",39,0,"1",780,"D",65,"D",.,"A",520,"D",60,"D",.,"A",.,"A",715,"D",0,"D",.,"A",.,"A",.,"A",.,"A"
"20153","03094854",60,0,"1",2340,"D",260,"D",390,"D",780,"D",0,"D",.,"A",.,"A",2080,"D",0,"D",.,"A",.,"A",234,"D",18,"D"
"20153","03094933",38,0,"1",1950,"D",520,"D",.,"A",390,"D",0,"D",.,"A",.,"A",1430,"D",0,"D",.,"A",.,"A",.,"A",.,"A"
"20153","03094954",9,0,"1",919,"F",.,"A",.,"A",604,"F",121,"F",.,"A",.,"A",741,"F",92,"F",.,"A",.,"A",.,"A",.,"A"
"20153","03094962",18,0,"1",1300,"D",169,"D",.,"A",0,"D",0,"D",.,"A",.,"A",1131,"D",0,"D",53,"D",689,"D",.,"A",.,"A"
"20153","03094982",29,0,"1",1625,"D",260,"D",.,"A",364,"D",0,"D",.,"A",.,"A",1365,"D",0,"D",.,"A",.,"A",.,"A",.,"A"
"20153","03094992",39,0,"1",4160,"D",390,"D",.,"A",0,"D",0,"D",.,"A",.,"A",3770,"D",0,"D",.,"C",504,"F",.,"A",.,"A"
"20153","03095002",17,0,"1",364,"D",65,"D",.,"A",52,"D",0,"D",.,"A",.,"A",299,"D",0,"D",.,"A",.,"A",.,"A",.,"A"
"20153","03095014",19,0,"1",1040,"D",195,"D",.,"A",260,"D",0,"D",.,"A",.,"A",845,"D",0,"D",.,"A",.,"A",.,"A",.,"A"
"20153","03095033",15,0,"1",767,"D",65,"D",.,"A",65,"D",0,"D",.,"A",.,"A",702,"D",15,"D",16,"D",208,"D",.,"A",.,"A"
"20153","03095054",26,0,"1",1040,"D",325,"D",.,"A",429,"D",240,"D",.,"A",.,"A",715,"D",135,"D",.,"A",.,"A",.,"A",.,"A"
"20153","03095062",41,0,"1",1300,"D",260,"D",260,"D",3900,"D",600,"D",.,"A",.,"A",1040,"D",60,"D",.,"A",.,"A",.,"A",.,"A"
"20153","03095072",84,0,"1",2600,"D",260,"D",.,"A",260,"D",0,"D",.,"A",190,"D",2340,"D",0,"D",.,"A",.,"A",.,"A",.,"A"
"20153","03095082",15,0,"1",3250,"D",650,"D",.,"A",650,"D",0,"D",.,"A",.,"A",2600,"D",0,"D",.,"A",.,"A",.,"A",.,"A"
"20153","03095164",30,0,"1",390,"D",130,"D",.,"A",0,"D",0,"D",.,"A",.,"A",260,"D",0,"D",.,"A",.,"A",.,"A",.,"A"
"20153","03095202",13,0,"1",1950,"D",260,"D",.,"A",520,"D",0,"D",.,"A",.,"A",1690,"D",0,"D",.,"A",.,"A",91,"D",7,"D"
"20153","03095232",30,0,"1",1950,"D",260,"D",.,"A",390,"D",0,"D",.,"A",.,"A",1690,"D",0,"D",.,"A",.,"A",.,"A",.,"A"
"20153","03095262",18,0,"1",1300,"D",390,"D",.,"A",0,"D",0,"D",.,"A",.,"A",910,"D",0,"D",.,"A",.,"A",.,"A",.,"A"
"20153","03095272",20,0,"1",650,"D",260,"D",.,"A",130,"D",0,"D",.,"A",.,"A",390,"D",60,"D",.,"A",.,"A",65,"D",5,"D"
"20153","03095282",29,0,"1",1040,"D",260,"D",.,"A",0,"D",0,"D",.,"A",.,"A",780,"D",0,"D",.,"A",.,"A",.,"A",.,"A"
"20153","03095304",43,0,"1",1040,"D",195,"D",.,"A",1040,"D",60,"D",.,"A",.,"A",845,"D",60,"D",.,"A",.,"A",.,"A",.,"A"
"20153","03095322",45,0,"1",1300,"D",260,"D",650,"D",260,"D",0,"D",.,"A",.,"A",1040,"D",0,"D",.,"A",.,"A",.,"A",.,"A"
"20153","03095372",37,0,"1",650,"D",65,"D",.,"A",65,"D",0,"D",.,"A",.,"A",585,"D",0,"D",12,"D",156,"D",.,"A",.,"A"
"20153","03095384",21,0,"1",1561,"F",.,"A",.,"A",757,"F",162,"F",.,"A",.,"A",1315,"F",175,"F",.,"A",.,"A",.,"A",.,"A"
"20153","03095393",41,0,"1",1950,"D",780,"D",.,"A",260,"D",0,"D",.,"A",.,"A",1170,"D",45,"D",20,"D",260,"D",.,"A",.,"A"
"20153","03095452",23,0,"1",1300,"D",0,"D",.,"A",260,"D",0,"D",.,"A",.,"A",1300,"D",0,"D",.,"A",.,"A",.,"A",.,"A"
"20153","03095482",25,0,"1",975,"D",195,"D",.,"A",325,"D",90,"D",.,"A",.,"A",780,"D",105,"D",.,"A",.,"A",.,"A",.,"A"
"20153","03095562",65,0,"1",1625,"D",390,"D",390,"D",780,"D",60,"D",.,"A",.,"A",1235,"D",225,"D",.,"A",.,"A",.,"A",.,"A"
"20153","03095592",11,0,"1",1235,"D",0,"D",.,"A",835,"F",0,"D",.,"A",.,"A",1235,"D",0,"D",.,"A",.,"A",.,"A",.,"A"
"20153","03095643",25,0,"1",2600,"D",520,"D",.,"A",650,"D",0,"D",.,"A",.,"A",2080,"D",0,"D",.,"A",.,"A",.,"A",.,"A"
"20153","03095702",28,0,"1",650,"D",0,"D",.,"A",65,"D",0,"D",.,"A",.,"A",650,"D",0,"D",38,"D",494,"D",.,"A",.,"A"
"20153","03095732",29,0,"1",1950,"D",390,"D",325,"D",260,"D",0,"D",.,"A",.,"A",1560,"D",0,"D",40,"D",520,"D",.,"A",.,"A"
"20153","03095743",15,0,"1",1430,"D",195,"D",.,"A",130,"D",0,"D",.,"A",.,"A",1235,"D",0,"D",.,"A",.,"A",.,"A",.,"A"
"20153","03095763",21,0,"1",780,"D",260,"D",520,"D",1300,"D",900,"D",.,"A",.,"A",520,"D",120,"D",.,"A",.,"A",.,"A",.,"A"
"20153","03095772",6,0,"1",130,"D",130,"D",.,"A",520,"D",0,"D",.,"A",.,"A",0,"D",0,"D",.,"A",.,"A",.,"A",.,"A"
"20153","03095782",14,0,"1",650,"D",65,"D",.,"A",520,"D",0,"D",.,"A",.,"A",585,"D",0,"D",.,"A",.,"A",.,"A",.,"A"
"20153","03095802",26,0,"1",2600,"D",1300,"D",.,"A",0,"D",0,"D",.,"A",.,"A",1300,"D",0,"D",.,"A",.,"A",.,"A",.,"A"
"20153","03095914",32,0,"1",2600,"D",325,"D",260,"D",780,"D",0,"D",.,"A",150,"D",2275,"D",0,"D",25,"D",325,"D",.,"A",.,"A"
"20153","03095953",31,0,"1",1300,"D",390,"D",260,"D",0,"D",0,"D",.,"A",.,"A",910,"D",0,"D",30,"D",390,"D",.,"A",.,"A"
"20153","03095972",37,0,"1",1625,"D",650,"D",325,"D",390,"D",0,"D",.,"A",120,"D",975,"D",0,"D",.,"A",.,"A",.,"A",.,"A"
"20153","03095982",23,0,"1",2232,"F",.,"A",.,"A",799,"F",0,"D",.,"A",.,"A",1866,"F",0,"D",.,"A",.,"A",.,"A",.,"A"
"20153","03096033",9,0,"1",1827,"F",.,"A",.,"A",835,"F",0,"D",.,"A",.,"A",1438,"F",0,"D",.,"A",.,"A",.,"A",.,"A"
"20153","03096042",18,0,"1",2600,"D",650,"D",.,"A",520,"D",0,"D",.,"A",.,"A",1950,"D",0,"D",50,"D",650,"D",.,"A",.,"A"
"20153","03096054",20,0,"1",1300,"D",390,"D",1040,"D",0,"D",0,"D",.,"A",.,"A",910,"D",0,"D",.,"A",.,"A",.,"A",.,"A"
"20153","03096083",56,0,"1",1560,"D",260,"D",260,"D",260,"D",240,"D",.,"A",.,"A",1300,"D",240,"D",.,"A",.,"A",.,"A",.,"A"
"20153","03096092",30,0,"1",520,"D",130,"D",.,"A",91,"D",0,"D",.,"A",.,"A",390,"D",0,"D",.,"A",.,"A",.,"A",.,"A"
"20153","03096134",15,0,"1",520,"D",260,"D",.,"A",195,"D",90,"D",.,"A",.,"A",260,"D",0,"D",.,"A",.,"A",.,"A",.,"A"
"20153","03096142",45,0,"1",6500,"D",1300,"D",.,"A",0,"D",0,"D",.,"A",.,"A",5200,"D",90,"D",.,"A",.,"A",.,"A",.,"A"
"20153","03096182",29,0,"1",2340,"D",650,"D",.,"A",780,"D",150,"D",.,"A",.,"A",1690,"D",90,"D",.,"A",.,"A",.,"A",.,"A"
"20153","03096193",30,0,"1",10400,"D",650,"D",.,"A",650,"D",120,"D",.,"A",.,"A",9750,"D",0,"D",.,"C",760,"F",.,"A",.,"A"
"20153","03096232",15,0,"1",650,"D",65,"D",.,"A",0,"D",0,"D",.,"A",.,"A",585,"D",0,"D",.,"A",.,"A",.,"A",.,"A"
"20153","03096273",15,0,"1",1950,"D",520,"D",.,"A",65,"D",0,"D",.,"A",.,"A",1430,"D",0,"D",.,"A",.,"A",.,"A",.,"A"
"20153","03096323",28,0,"1",1950,"D",650,"D",.,"A",2600,"D",0,"D",.,"A",.,"A",1300,"D",0,"D",.,"A",.,"A",.,"A",.,"A"
"20153","03096342",25,0,"1",2600,"D",390,"D",.,"A",0,"D",0,"D",.,"A",.,"A",2210,"D",0,"D",75,"D",975,"D",.,"A",.,"A"
"20153","03096352",33,0,"1",1561,"F",.,"A",.,"A",757,"F",0,"D",.,"A",.,"A",1315,"F",0,"D",.,"A",.,"A",.,"A",.,"A"
"20153","03096384",43,0,"1",1820,"D",520,"D",.,"A",520,"D",0,"D",.,"A",.,"A",1300,"D",0,"D",.,"A",.,"A",65,"D",5,"D"
"20153","03096432",9,0,"1",1040,"D",130,"D",.,"A",0,"D",0,"D",.,"A",.,"A",910,"D",0,"D",.,"A",.,"A",.,"A",.,"A"
"20153","03096443",21,0,"1",3900,"D",455,"D",.,"A",0,"D",0,"D",.,"A",.,"A",3445,"D",0,"D",50,"D",650,"D",.,"A",.,"A"
"20153","03096504",21,0,"1",650,"D",130,"D",.,"A",0,"D",0,"D",.,"A",.,"A",520,"D",150,"D",10,"D",130,"D",.,"A",.,"A"
"20153","03096512",23,0,"1",1300,"D",260,"D",650,"D",260,"D",0,"D",.,"A",.,"A",1040,"D",0,"D",.,"A",.,"A",.,"A",.,"A"
"20153","03096522",52,0,"1",2275,"D",975,"D",.,"A",585,"D",30,"D",.,"A",.,"A",1300,"D",90,"D",.,"A",.,"A",.,"A",.,"A"
"20153","03096544",6,0,"1",0,"D",.,"A",.,"A",0,"D",0,"D",.,"A",.,"A",0,"D",0,"D",.,"A",.,"A",.,"A",.,"A"
"20153","03096602",50,0,"1",2600,"D",650,"D",325,"D",0,"D",0,"D",.,"A",.,"A",1950,"D",300,"D",.,"A",.,"A",.,"A",.,"A"
"20153","03096622",25,0,"1",1300,"D",975,"D",.,"A",0,"D",0,"D",.,"A",.,"A",325,"D",0,"D",.,"A",.,"A",.,"A",.,"A"
"20153","03096634",67,0,"1",2600,"D",650,"D",260,"D",2275,"D",600,"D",.,"A",.,"A",1950,"D",600,"D",.,"A",.,"A",.,"A",.,"A"
"20153","03096693",44,0,"1",468,"D",130,"D",286,"D",195,"D",0,"D",.,"A",.,"A",338,"D",0,"D",.,"A",.,"A",.,"A",.,"A"
"20153","03096722",22,0,"1",780,"D",26,"D",.,"A",390,"D",0,"D",.,"A",.,"A",754,"D",0,"D",.,"A",.,"A",.,"A",.,"A"
"20153","03096732",19,0,"1",585,"D",130,"D",.,"A",260,"D",0,"D",.,"A",.,"A",455,"D",0,"D",.,"A",.,"A",.,"A",.,"A"
"20153","03096782",40,0,"1",1040,"D",325,"D",.,"A",0,"D",0,"D",.,"A",.,"A",715,"D",180,"D",45,"D",585,"D",.,"A",.,"A"
"20153","03096794",59,0,"1",1105,"D",65,"D",195,"D",650,"D",150,"D",.,"A",.,"A",1040,"D",180,"D",20,"D",260,"D",39,"D",3,"D"
"20153","03096852",42,0,"1",1950,"D",325,"D",.,"A",390,"D",6,"D",.,"A",.,"A",1625,"D",6,"D",.,"A",.,"A",.,"A",.,"A"
"20153","03096872",47,0,"1",1885,"D",325,"D",.,"A",156,"D",0,"D",.,"A",.,"A",1560,"D",45,"D",.,"A",.,"A",.,"A",.,"A"
"20153","03096883",51,0,"1",1560,"D",260,"D",.,"A",520,"D",0,"D",.,"A",.,"A",1300,"D",0,"D",.,"A",.,"A",.,"A",.,"A"
"20153","03096922",18,0,"1",520,"D",260,"D",.,"A",0,"D",0,"D",.,"A",.,"A",260,"D",0,"D",.,"A",.,"A",.,"A",.,"A"
"20153","03096934",67,0,"1",455,"D",104,"D",130,"D",65,"D",0,"D",.,"A",.,"A",351,"D",30,"D",.,"A",.,"A",.,"A",.,"A"
"20153","03096953",45,0,"1",1300,"D",260,"D",.,"A",325,"D",60,"D",.,"A",.,"A",1040,"D",120,"D",.,"A",.,"A",.,"A",.,"A"
"20153","03096983",16,0,"1",650,"D",65,"D",.,"A",325,"D",0,"D",.,"A",.,"A",585,"D",0,"D",.,"A",.,"A",.,"A",.,"A"
"20153","03097004",55,0,"1",3900,"D",975,"D",1040,"D",520,"D",0,"D",.,"A",.,"A",2925,"D",0,"D",.,"A",.,"A",.,"A",.,"A"
"20153","03097013",41,0,"1",1300,"D",325,"D",260,"D",650,"D",300,"D",.,"A",.,"A",975,"D",9,"D",.,"A",.,"A",.,"A",.,"A"
"20153","03097032",14,0,"1",780,"D",65,"D",.,"A",520,"D",0,"D",.,"A",.,"A",715,"D",144,"D",.,"A",.,"A",.,"A",.,"A"
"20153","03097052",20,0,"1",910,"D",195,"D",.,"A",260,"D",0,"D",.,"A",.,"A",715,"D",0,"D",.,"A",.,"A",.,"A",.,"A"
"20153","03097084",47,0,"1",1300,"D",260,"D",520,"D",650,"D",600,"D",.,"A",.,"A",1040,"D",300,"D",.,"A",.,"A",.,"A",.,"A"
"20153","03097092",17,0,"1",910,"D",130,"D",.,"A",0,"D",6,"D",.,"A",.,"A",780,"D",6,"D",.,"A",.,"A",.,"A",.,"A"
"20153","03097122",20,0,"1",1300,"D",325,"D",.,"A",195,"D",0,"D",.,"A",.,"A",975,"D",0,"D",.,"A",.,"A",.,"A",.,"A"
"20153","03097164",19,0,"1",520,"D",91,"D",.,"A",0,"D",0,"D",273,"D",.,"A",429,"D",0,"D",.,"A",.,"A",.,"A",.,"A"
"20153","03097172",40,0,"1",2600,"D",260,"D",.,"A",1300,"D",600,"D",.,"A",.,"A",2340,"D",150,"D",50,"D",650,"D",.,"A",.,"A"
"20153","03097183",29,0,"1",1950,"D",390,"D",.,"A",260,"D",0,"D",.,"A",.,"A",1560,"D",39,"D",.,"A",.,"A",.,"A",.,"A"
"20153","03097192",24,0,"1",1300,"D",130,"D",.,"A",0,"D",0,"D",.,"A",.,"A",1170,"D",0,"D",.,"A",.,"A",.,"A",.,"A"
"20153","03097214",56,0,"1",2600,"D",650,"D",.,"A",1950,"D",0,"D",.,"A",.,"A",1950,"D",0,"D",.,"A",.,"A",.,"A",.,"A"
"20153","03097222",23,0,"1",975,"D",156,"D",.,"A",390,"D",0,"D",.,"A",.,"A",819,"D",36,"D",.,"A",.,"A",.,"A",.,"A"
"20153","03097244",29,0,"1",1950,"D",650,"D",.,"A",650,"D",0,"D",.,"A",.,"A",1300,"D",0,"D",.,"A",.,"A",.,"A",.,"A"
"20153","03097252",30,0,"1",2600,"D",650,"D",650,"D",3900,"D",300,"D",.,"A",.,"A",1950,"D",150,"D",.,"A",.,"A",.,"A",.,"A"
"20153","03097262",14,0,"1",1300,"D",130,"D",.,"A",0,"D",0,"D",.,"A",.,"A",1170,"D",0,"D",.,"A",.,"A",.,"A",.,"A"
"20153","03097333",14,0,"1",260,"D",0,"D",.,"A",65,"D",6,"D",.,"A",.,"A",260,"D",6,"D",.,"A",.,"A",.,"A",.,"A"
"20153","03097363",49,0,"1",3250,"D",650,"D",.,"A",975,"D",0,"D",.,"A",.,"A",2600,"D",0,"D",.,"A",.,"A",.,"A",.,"A"
"20153","03097372",42,0,"1",715,"D",260,"D",.,"A",0,"D",0,"D",.,"A",.,"A",455,"D",0,"D",.,"A",.,"A",.,"A",.,"A"
"20153","03097382",21,0,"1",650,"D",130,"D",.,"A",260,"D",0,"D",.,"A",.,"A",520,"D",0,"D",.,"A",.,"A",.,"A",.,"A"
"20153","03097392",27,0,"1",780,"D",130,"D",.,"A",65,"D",0,"D",.,"A",.,"A",650,"D",0,"D",10,"D",130,"D",.,"A",.,"A"
"20153","03097403",36,0,"1",2600,"D",0,"D",.,"A",0,"D",0,"D",.,"A",.,"A",2600,"D",0,"D",.,"A",.,"A",.,"A",.,"A"
"20153","03097412",22,0,"1",650,"D",260,"D",.,"A",455,"D",6,"D",.,"A",.,"A",390,"D",6,"D",.,"A",.,"A",.,"A",.,"A"
"20153","03097423",62,0,"1",2340,"D",650,"D",.,"A",780,"D",0,"D",.,"A",.,"A",1690,"D",0,"D",.,"A",.,"A",.,"A",.,"A"
"20153","03097443",19,0,"1",650,"D",260,"D",.,"A",650,"D",60,"D",.,"A",.,"A",390,"D",150,"D",.,"A",.,"A",.,"A",.,"A"
"20153","03097452",56,0,"1",2600,"D",260,"D",130,"D",650,"D",90,"D",.,"A",96,"D",2340,"D",150,"D",.,"C",693,"F",.,"A",.,"A"
"20153","03097472",111,0,"1",1950,"D",390,"D",117,"D",715,"D",0,"D",.,"A",.,"A",1560,"D",0,"D",.,"A",.,"A",.,"A",.,"A"
"20153","03097513",18,0,"1",1204,"F",.,"A",248,"F",449,"F",143,"F",.,"A",.,"A",976,"F",116,"F",.,"A",.,"A",.,"A",.,"A"
"20153","03097522",27,0,"1",2600,"D",650,"D",.,"A",650,"D",0,"D",.,"A",.,"A",1950,"D",150,"D",.,"A",.,"A",.,"A",.,"A"
"20153","03097532",40,0,"1",1664,"D",364,"D",.,"A",195,"D",6,"D",.,"A",.,"A",1300,"D",6,"D",.,"A",.,"A",.,"A",.,"A"
"20153","03097564",30,0,"1",650,"D",0,"D",.,"A",65,"D",0,"D",.,"A",.,"A",650,"D",0,"D",34,"D",442,"D",.,"A",.,"A"
"20153","03097625",8,0,"1",919,"F",.,"A",.,"A",604,"F",0,"D",.,"A",.,"A",741,"F",0,"D",.,"A",.,"A",.,"A",.,"A"
"20153","03097632",23,0,"1",520,"D",130,"D",.,"A",325,"D",0,"D",130,"D",.,"A",390,"D",0,"D",.,"A",.,"A",.,"A",.,"A"
"20153","03097642",26,0,"1",585,"D",65,"D",130,"D",260,"D",0,"D",.,"A",.,"A",520,"D",0,"D",.,"A",.,"A",.,"A",.,"A"
"20153","03097653",20,0,"1",975,"D",130,"D",.,"A",390,"D",0,"D",.,"A",200,"D",845,"D",0,"D",.,"A",.,"A",.,"A",.,"A"
"20153","03097692",25,0,"1",2275,"D",260,"D",.,"A",520,"D",6,"D",.,"A",.,"A",2015,"D",6,"D",.,"A",.,"A",.,"A",.,"A"
"20153","03097704",15,0,"1",520,"D",65,"D",.,"A",390,"D",0,"D",.,"A",.,"A",455,"D",60,"D",.,"A",.,"A",.,"A",.,"A"
"20153","03097714",23,0,"1",1430,"D",455,"D",.,"A",65,"D",0,"D",.,"A",180,"D",975,"D",0,"D",.,"A",.,"A",.,"A",.,"A"
"20153","03097762",74,0,"1",2925,"D",234,"D",104,"D",208,"D",30,"D",.,"A",.,"A",2691,"D",750,"D",.,"A",.,"A",.,"A",.,"A"
"20153","03097794",53,0,"1",650,"D",0,"D",.,"A",650,"D",150,"D",.,"A",.,"A",650,"D",180,"D",6,"D",78,"D",.,"A",.,"A"
"20153","03097802",38,0,"1",1625,"D",325,"D",.,"A",1170,"D",0,"D",.,"A",.,"A",1300,"D",30,"D",.,"A",.,"A",.,"A",.,"A"
"20153","03097812",38,0,"1",494,"D",0,"D",.,"A",260,"D",0,"D",.,"A",.,"A",494,"D",45,"D",40,"D",520,"D",.,"A",.,"A"
"20153","03097864",53,0,"1",455,"D",52,"D",.,"A",650,"D",105,"D",.,"A",.,"A",403,"D",45,"D",.,"A",.,"A",.,"A",.,"A"
"20153","03097882",24,0,"1",2340,"D",650,"D",.,"A",260,"D",0,"D",.,"A",.,"A",1690,"D",0,"D",.,"A",.,"A",.,"A",.,"A"
"20153","03097902",25,0,"1",1040,"D",0,"D",.,"A",0,"D",300,"D",.,"A",.,"A",1040,"D",150,"D",.,"A",.,"A",.,"A",.,"A"
"20153","03097953",24,0,"1",1040,"D",650,"D",325,"D",650,"D",0,"D",.,"A",.,"A",390,"D",0,"D",35,"D",455,"D",.,"A",.,"A"
"20153","03097962",39,0,"1",975,"D",520,"D",.,"A",0,"D",0,"D",.,"A",.,"A",455,"D",0,"D",.,"A",.,"A",.,"A",.,"A"
"20153","03097982",32,0,"1",1950,"D",325,"D",156,"D",325,"D",0,"D",.,"A",.,"A",1625,"D",0,"D",.,"A",.,"A",.,"A",.,"A"
"20153","03097992",36,0,"1",520,"D",117,"D",.,"A",0,"D",0,"D",.,"A",.,"A",403,"D",90,"D",7,"D",91,"D",130,"D",10,"D"
"20153","03098012",12,0,"1",780,"D",130,"D",.,"A",195,"D",0,"D",.,"A",.,"A",650,"D",0,"D",.,"A",.,"A",.,"A",.,"A"
"20153","03098032",38,0,"1",780,"D",335,"F",.,"A",0,"D",0,"D",.,"A",.,"A",1315,"F",30,"D",.,"A",.,"A",.,"A",.,"A"
"20153","03098124",36,0,"1",1950,"D",0,"D",650,"D",650,"D",0,"D",.,"A",.,"A",1950,"D",60,"D",40,"D",520,"D",.,"A",.,"A"
"20153","03098132",30,0,"1",1300,"D",260,"D",.,"A",1040,"D",0,"D",.,"A",.,"A",1040,"D",0,"D",.,"A",.,"A",.,"A",.,"A"
"20153","03098143",33,0,"1",650,"D",295,"F",.,"A",325,"D",0,"D",.,"A",.,"A",1097,"F",0,"D",.,"A",.,"A",.,"A",.,"A"
"20153","03098152",33,0,"1",650,"D",0,"D",.,"A",130,"D",0,"D",.,"A",.,"A",650,"D",0,"D",.,"A",.,"A",.,"A",.,"A"
"20153","03098184",13,0,"1",208,"D",0,"D",.,"A",0,"D",0,"D",.,"A",.,"A",208,"D",0,"D",.,"A",.,"A",.,"A",.,"A"
"20153","03098193",27,0,"1",715,"D",195,"D",.,"A",1300,"D",0,"D",.,"A",.,"A",520,"D",0,"D",.,"A",.,"A",.,"A",.,"A"
"20153","03098202",25,0,"1",910,"D",455,"D",195,"D",0,"D",0,"D",.,"A",.,"A",455,"D",0,"D",15,"D",195,"D",.,"A",.,"A"
"20153","03098225",22,0,"1",780,"D",195,"D",.,"A",455,"D",0,"D",.,"A",.,"A",585,"D",0,"D",.,"A",.,"A",.,"A",.,"A"
"20153","03098233",24,0,"1",3250,"D",650,"D",650,"D",325,"D",0,"D",.,"A",.,"A",2600,"D",0,"D",.,"A",.,"A",.,"A",.,"A"
"20153","03098242",26,0,"1",1300,"D",260,"D",.,"A",650,"D",0,"D",.,"A",.,"A",1040,"D",0,"D",.,"A",.,"A",.,"A",.,"A"
"20153","03098262",53,0,"1",1105,"D",130,"D",130,"D",520,"D",0,"D",.,"A",.,"A",975,"D",36,"D",.,"A",.,"A",.,"A",.,"A"
"20153","03098273",24,0,"1",1040,"D",130,"D",.,"A",390,"D",0,"D",.,"A",.,"A",910,"D",0,"D",.,"A",.,"A",.,"A",.,"A"
"20153","03098312",10,0,"1",0,"D",.,"A",.,"A",0,"D",0,"D",.,"A",.,"A",0,"D",0,"D",.,"A",.,"A",.,"A",.,"A"
"20153","03098344",10,0,"1",26,"D",0,"D",.,"A",0,"D",0,"D",.,"A",.,"A",26,"D",0,"D",.,"A",.,"A",.,"A",.,"A"
"20153","03098362",22,0,"1",1561,"F",.,"A",.,"A",757,"F",0,"D",.,"A",.,"A",1315,"F",0,"D",.,"A",.,"A",.,"A",.,"A"
"20153","03098402",21,0,"1",650,"D",274,"F",.,"A",449,"F",0,"D",.,"A",.,"A",976,"F",0,"D",.,"A",.,"A",.,"A",.,"A"
"20153","03098422",29,0,"1",494,"D",130,"D",.,"A",65,"D",6,"D",.,"A",.,"A",364,"D",6,"D",.,"A",.,"A",.,"A",.,"A"
"20153","03098432",40,0,"1",910,"D",130,"D",260,"D",650,"D",0,"D",.,"A",.,"A",780,"D",0,"D",.,"A",.,"A",.,"A",.,"A"
"20153","03098462",13,0,"1",650,"D",130,"D",65,"D",0,"D",0,"D",.,"A",.,"A",520,"D",0,"D",30,"D",390,"D",.,"A",.,"A"
"20153","03098492",16,0,"1",1300,"D",130,"D",.,"A",1300,"D",0,"D",.,"A",.,"A",1170,"D",0,"D",.,"A",.,"A",.,"A",.,"A"
"20153","03098562",24,0,"1",1950,"D",325,"D",520,"D",780,"D",60,"D",.,"A",.,"A",1625,"D",30,"D",50,"D",650,"D",.,"A",.,"A"
"20153","03098602",43,0,"1",1300,"D",260,"D",.,"A",1300,"D",300,"D",.,"A",.,"A",1040,"D",300,"D",.,"A",.,"A",.,"A",.,"A"
"20153","03098623",15,0,"1",650,"D",65,"D",.,"A",0,"D",0,"D",.,"A",.,"A",585,"D",0,"D",.,"A",.,"A",.,"A",.,"A"
"20153","03098682",22,0,"1",520,"D",65,"D",.,"A",260,"D",0,"D",.,"A",.,"A",455,"D",0,"D",.,"A",.,"A",.,"A",.,"A"
"20153","03098712",28,0,"1",2275,"D",0,"D",390,"D",0,"D",0,"D",.,"A",.,"A",2275,"D",105,"D",50,"D",650,"D",.,"A",.,"A"
"20153","03098753",44,0,"1",1950,"D",260,"D",.,"A",325,"D",0,"D",.,"A",.,"A",1690,"D",0,"D",40,"D",520,"D",.,"A",.,"A"
"20153","03098762",40,0,"1",2600,"D",516,"F",.,"A",520,"D",6,"D",.,"A",.,"A",2357,"F",6,"D",.,"A",.,"A",.,"A",.,"A"
"20153","03098792",16,0,"1",780,"D",104,"D",195,"D",0,"D",0,"D",.,"A",.,"A",676,"D",0,"D",.,"A",.,"A",.,"A",.,"A"
"20153","03098802",9,0,"1",780,"D",0,"D",.,"A",910,"D",0,"D",.,"A",.,"A",780,"D",0,"D",40,"D",520,"D",.,"A",.,"A"
"20153","03098812",19,0,"1",624,"D",0,"D",104,"D",0,"D",0,"D",.,"A",.,"A",624,"D",0,"D",10,"D",130,"D",.,"A",.,"A"
"20153","03098853",40,0,"1",2600,"D",650,"D",195,"D",975,"D",0,"D",.,"A",.,"A",1950,"D",75,"D",.,"A",.,"A",.,"A",.,"A"
"20153","03098872",28,0,"1",1300,"D",335,"F",.,"A",0,"D",0,"D",.,"A",.,"A",1315,"F",600,"D",40,"D",520,"D",.,"A",.,"A"
"20153","03098902",16,0,"1",390,"D",130,"D",.,"A",0,"D",0,"D",.,"A",.,"A",260,"D",0,"D",.,"A",.,"A",.,"A",.,"A"
"20153","03098912",8,0,"1",650,"D",130,"D",.,"A",0,"D",0,"D",.,"A",.,"A",520,"D",0,"D",.,"A",.,"A",.,"A",.,"A"
"20153","03098922",22,0,"1",650,"D",65,"D",130,"D",520,"D",150,"D",.,"A",.,"A",585,"D",75,"D",.,"A",.,"A",.,"A",.,"A"
"20153","03098954",16,0,"1",650,"D",65,"D",.,"A",0,"D",0,"D",.,"A",.,"A",585,"D",0,"D",.,"A",.,"A",.,"A",.,"A"
"20153","03098972",18,0,"1",1950,"D",0,"D",.,"A",585,"D",0,"D",.,"A",.,"A",1950,"D",0,"D",.,"A",.,"A",.,"A",.,"A"
"20153","03099042",25,0,"1",1625,"D",260,"D",.,"A",0,"D",0,"D",.,"A",.,"A",1365,"D",0,"D",.,"A",.,"A",.,"A",.,"A"
"20153","03099063",25,0,"1",1950,"D",26,"D",65,"D",0,"D",0,"D",.,"A",.,"A",1924,"D",0,"D",.,"A",.,"A",.,"A",.,"A"
"20153","03099083",82,0,"1",1092,"D",260,"D",.,"A",65,"D",60,"D",.,"A",.,"A",832,"D",60,"D",.,"A",.,"A",.,"A",.,"A"
"20153","03099102",30,0,"1",1561,"F",.,"A",.,"A",757,"F",162,"F",.,"A",.,"A",1315,"F",175,"F",.,"A",.,"A",.,"A",.,"A"
"20153","03099124",33,0,"1",650,"D",39,"D",.,"A",650,"D",0,"D",.,"A",.,"A",611,"D",0,"D",.,"A",.,"A",.,"A",.,"A"
"20153","03099142",36,0,"1",845,"D",65,"D",.,"A",65,"D",0,"D",.,"A",.,"A",780,"D",96,"D",45,"D",585,"D",.,"A",.,"A"
"20153","03099162",93,0,"1",2600,"D",910,"D",.,"A",559,"D",90,"D",.,"A",.,"A",1690,"D",180,"D",.,"A",.,"A",.,"A",.,"A"
"20153","03099192",46,0,"1",1561,"F",.,"A",.,"A",0,"D",0,"D",.,"A",.,"A",1315,"F",0,"D",.,"A",.,"A",.,"A",.,"A"
"20153","03099202",25,0,"1",650,"D",0,"D",.,"A",130,"D",0,"D",.,"A",.,"A",650,"D",0,"D",.,"A",.,"A",.,"A",.,"A"
"20153","03099234",15,0,"1",260,"D",0,"D",.,"A",780,"D",0,"D",.,"A",.,"A",260,"D",60,"D",.,"A",.,"A",130,"D",10,"D"
"20153","03099254",33,0,"1",1040,"D",325,"D",.,"A",0,"D",0,"D",.,"A",.,"A",715,"D",0,"D",.,"A",.,"A",.,"A",.,"A"
"20153","03099262",20,0,"1",390,"D",65,"D",.,"A",0,"D",0,"D",.,"A",.,"A",325,"D",0,"D",.,"A",.,"A",.,"A",.,"A"
"20153","03099284",35,0,"1",650,"D",65,"D",.,"A",260,"D",0,"D",.,"A",.,"A",585,"D",0,"D",.,"A",.,"A",.,"A",.,"A"
"20153","03099313",13,0,"1",520,"D",130,"D",260,"D",0,"D",60,"D",1170,"D",.,"A",390,"D",60,"D",.,"A",.,"A",.,"A",.,"A"
"20153","03099323",53,0,"1",1625,"D",169,"D",.,"A",91,"D",0,"D",.,"A",.,"A",1456,"D",180,"D",.,"A",.,"A",.,"A",.,"A"
"20153","03099354",25,0,"1",871,"D",0,"D",.,"A",2275,"D",360,"D",.,"A",.,"A",871,"D",300,"D",.,"A",.,"A",.,"A",.,"A"
"20153","03099382",75,0,"1",1950,"D",0,"D",.,"A",325,"D",0,"D",.,"A",8,"D",1950,"D",0,"D",.,"A",.,"A",.,"A",.,"A"
"20153","03099422",77,0,"1",975,"D",0,"D",.,"A",975,"D",60,"D",.,"A",.,"A",975,"D",60,"D",.,"A",.,"A",.,"A",.,"A"
"20153","03099512",26,0,"1",910,"D",0,"D",.,"A",390,"D",240,"D",.,"A",.,"A",910,"D",75,"D",.,"A",.,"A",.,"A",.,"A"
"20153","03099562",35,0,"1",650,"D",195,"D",.,"A",2730,"D",0,"D",.,"A",.,"A",455,"D",0,"D",.,"A",.,"A",.,"A",.,"A"
"20153","03099573",54,0,"1",910,"D",260,"D",.,"A",650,"D",15,"D",.,"A",.,"A",650,"D",15,"D",.,"A",.,"A",.,"A",.,"A"
"20153","03099602",11,0,"1",390,"D",65,"D",.,"A",0,"D",0,"D",.,"A",.,"A",325,"D",0,"D",.,"A",.,"A",.,"A",.,"A"
"20153","03099622",16,0,"1",520,"D",260,"D",.,"A",650,"D",960,"D",.,"A",.,"A",260,"D",0,"D",.,"A",.,"A",.,"A",.,"A"
"20153","03099662",29,0,"1",975,"D",130,"D",.,"A",1300,"D",0,"D",.,"A",160,"D",845,"D",0,"D",.,"A",.,"A",520,"D",40,"D"
"20153","03099683",23,0,"1",1625,"D",325,"D",.,"A",390,"D",30,"D",.,"A",.,"A",1300,"D",120,"D",.,"A",.,"A",.,"A",.,"A"
"20153","03099703",30,0,"1",1300,"D",455,"D",.,"A",0,"D",0,"D",.,"A",.,"A",845,"D",252,"D",29,"D",377,"D",.,"A",.,"A"
"20153","03099712",30,0,"1",1300,"D",0,"D",.,"A",650,"D",0,"D",.,"A",.,"A",1300,"D",0,"D",.,"A",.,"A",.,"A",.,"A"
"20153","03099724",23,0,"1",650,"D",325,"D",.,"A",195,"D",0,"D",.,"A",.,"A",325,"D",0,"D",.,"A",.,"A",202,"F",.,"C"
"20153","03099734",35,0,"1",2600,"D",260,"D",.,"A",650,"D",0,"D",.,"A",120,"D",2340,"D",30,"D",50,"D",650,"D",.,"A",.,"A"
"20153","03099742",38,0,"1",1950,"D",650,"D",.,"A",390,"D",30,"D",.,"A",.,"A",1300,"D",60,"D",.,"A",.,"A",.,"A",.,"A"
"20153","03099762",20,0,"1",1300,"D",455,"D",.,"A",1170,"D",0,"D",.,"A",.,"A",845,"D",150,"D",14,"D",182,"D",130,"D",10,"D"
"20153","03099782",38,0,"1",1300,"D",195,"D",.,"A",260,"D",0,"D",.,"A",.,"A",1105,"D",0,"D",.,"A",.,"A",.,"A",.,"A"
"20153","03099804",23,0,"1",1235,"D",260,"D",.,"A",130,"D",75,"D",.,"A",.,"A",975,"D",0,"D",.,"A",.,"A",.,"A",.,"A"
"20153","03099813",25,0,"1",1300,"D",130,"D",.,"A",0,"D",0,"D",.,"A",.,"A",1170,"D",120,"D",50,"D",650,"D",.,"A",.,"A"
"20153","03099833",20,0,"1",650,"D",91,"D",.,"A",390,"D",150,"D",.,"A",.,"A",559,"D",6,"D",.,"A",.,"A",.,"A",.,"A"
"20153","03099842",69,0,"1",1950,"D",390,"D",65,"D",260,"D",150,"D",.,"A",113,"D",1560,"D",240,"D",.,"A",.,"A",65,"D",5,"D"
"20153","03099854",23,0,"1",520,"D",195,"D",.,"A",260,"D",0,"D",.,"A",.,"A",325,"D",0,"D",.,"A",.,"A",.,"A",.,"A"
"20153","03099864",26,0,"1",1300,"D",325,"D",.,"A",260,"D",0,"D",.,"A",.,"A",975,"D",0,"D",50,"D",650,"D",.,"A",.,"A"
"20153","03099902",14,0,"1",780,"D",130,"D",.,"A",0,"D",0,"D",.,"A",.,"A",650,"D",0,"D",.,"A",.,"A",.,"A",.,"A"
"20153","03099923",16,0,"1",1950,"D",390,"D",195,"D",520,"D",0,"D",.,"A",.,"A",1560,"D",90,"D",.,"A",.,"A",.,"A",.,"A"
"20153","03099943",37,0,"1",780,"D",65,"D",.,"A",0,"D",0,"D",.,"A",.,"A",715,"D",0,"D",.,"A",.,"A",.,"A",.,"A"
"20153","03099952",18,0,"1",1300,"D",260,"D",.,"A",780,"D",0,"D",.,"A",.,"A",1040,"D",0,"D",.,"A",.,"A",.,"A",.,"A"
"20153","03099962",32,0,"1",1625,"D",195,"D",.,"A",520,"D",0,"D",.,"A",.,"A",1430,"D",0,"D",.,"A",.,"A",.,"A",.,"A"
"20153","03100032",28,0,"1",2340,"D",260,"D",.,"A",0,"D",0,"D",.,"A",.,"A",2080,"D",75,"D",3,"D",39,"D",.,"A",.,"A"
"20153","03100042",28,0,"1",1300,"D",260,"D",.,"A",260,"D",60,"D",.,"A",.,"A",1040,"D",60,"D",.,"A",.,"A",.,"A",.,"A"
"20153","03100052",40,0,"1",1950,"D",260,"D",.,"A",260,"D",0,"D",.,"A",.,"A",1690,"D",0,"D",.,"A",.,"A",.,"A",.,"A"
"20153","03100094",32,0,"1",1950,"D",650,"D",.,"A",455,"D",60,"D",.,"A",195,"D",1300,"D",60,"D",25,"D",325,"D",.,"A",.,"A"
"20153","03100102",10,0,"1",919,"F",.,"A",.,"A",604,"F",0,"D",.,"A",.,"A",741,"F",0,"D",.,"A",.,"A",.,"A",.,"A"
"20153","03100134",41,0,"1",1625,"D",325,"D",.,"A",520,"D",0,"D",.,"A",.,"A",1300,"D",0,"D",56,"D",728,"D",.,"A",.,"A"
"20153","03100143",16,0,"1",585,"D",65,"D",.,"A",455,"D",0,"D",.,"A",.,"A",520,"D",75,"D",27,"D",351,"D",.,"A",.,"A"
"20153","03100162",27,0,"1",1300,"D",65,"D",65,"D",130,"D",122,"F",.,"A",.,"A",1235,"D",30,"D",35,"D",455,"D",.,"A",.,"A"
"20153","03100172",44,0,"1",1950,"D",390,"D",325,"D",1300,"D",150,"D",.,"A",.,"A",1560,"D",600,"D",32,"D",416,"D",.,"A",.,"A"
"20153","03100184",19,0,"1",520,"D",0,"D",.,"A",0,"D",0,"D",.,"A",.,"A",520,"D",0,"D",.,"A",.,"A",.,"A",.,"A"
"20153","03100192",70,0,"1",1950,"D",650,"D",.,"A",1950,"D",300,"D",.,"A",.,"A",1300,"D",60,"D",75,"D",975,"D",.,"A",.,"A"
"20153","03100232",29,0,"1",1560,"D",520,"D",.,"A",260,"D",0,"D",.,"A",.,"A",1040,"D",30,"D",50,"D",650,"D",.,"A",.,"A"
"20153","03100244",40,0,"1",975,"D",195,"D",.,"A",260,"D",0,"D",.,"A",.,"A",780,"D",30,"D",.,"A",.,"A",.,"A",.,"A"
"20153","03100252",30,0,"1",975,"D",65,"D",.,"A",0,"D",0,"D",.,"A",.,"A",910,"D",0,"D",.,"A",.,"A",.,"A",.,"A"
"20153","03100272",34,0,"1",520,"D",130,"D",260,"D",260,"D",150,"D",.,"A",.,"A",390,"D",150,"D",.,"A",.,"A",.,"A",.,"A"
"20153","03100304",26,0,"1",975,"D",195,"D",.,"A",325,"D",0,"D",.,"A",.,"A",780,"D",0,"D",.,"A",.,"A",.,"A",.,"A"
"20153","03100344",32,0,"1",3900,"D",325,"D",325,"D",975,"D",0,"D",.,"A",.,"A",3575,"D",0,"D",.,"A",.,"A",.,"A",.,"A"
"20153","03100363",31,0,"1",1625,"D",390,"D",260,"D",390,"D",60,"D",.,"A",.,"A",1235,"D",0,"D",30,"D",390,"D",.,"A",.,"A"
"20153","03100402",49,0,"1",1560,"D",130,"D",.,"A",650,"D",0,"D",.,"A",.,"A",1430,"D",0,"D",.,"A",.,"A",.,"A",.,"A"
"20153","03100422",8,0,"1",650,"D",130,"D",.,"A",0,"D",0,"D",.,"A",.,"A",520,"D",0,"D",.,"A",.,"A",.,"A",.,"A"
"20153","03100444",29,0,"1",650,"D",65,"D",65,"D",65,"D",0,"D",.,"A",.,"A",585,"D",15,"D",.,"A",.,"A",.,"A",.,"A"
"20153","03100453",33,0,"1",715,"D",130,"D",.,"A",520,"D",0,"D",.,"A",.,"A",585,"D",0,"D",42,"D",546,"D",.,"A",.,"A"
"20153","03100474",22,0,"1",780,"D",156,"D",.,"A",260,"D",0,"D",.,"A",.,"A",624,"D",0,"D",.,"A",.,"A",.,"A",.,"A"
"20153","03100483",21,0,"1",1300,"D",260,"D",.,"A",650,"D",0,"D",.,"A",.,"A",1040,"D",0,"D",.,"A",.,"A",390,"D",30,"D"
"20153","03100502",22,0,"1",520,"D",195,"D",.,"A",0,"D",0,"D",.,"A",.,"A",325,"D",0,"D",.,"A",.,"A",.,"A",.,"A"
"20153","03100532",21,0,"1",910,"D",156,"D",.,"A",0,"D",0,"D",.,"A",.,"A",754,"D",0,"D",70,"D",910,"D",.,"A",.,"A"
"20153","03100564",20,0,"1",1105,"D",65,"D",.,"A",0,"D",0,"D",.,"A",.,"A",1040,"D",0,"D",24,"D",312,"D",.,"A",.,"A"
"20153","03100592",35,0,"1",1950,"D",1040,"D",585,"D",260,"D",30,"D",.,"A",.,"A",910,"D",60,"D",50,"D",650,"D",.,"A",.,"A"
"20153","03100664",20,0,"1",520,"D",0,"D",.,"A",325,"D",0,"D",.,"A",.,"A",520,"D",0,"D",.,"A",.,"A",.,"A",.,"A"
"20153","03100672",35,0,"1",1664,"D",364,"D",.,"A",520,"D",0,"D",.,"A",.,"A",1300,"D",0,"D",.,"A",.,"A",.,"A",.,"A"
"20153","03100704",32,0,"1",1950,"D",390,"D",.,"A",156,"D",30,"D",.,"A",.,"A",1560,"D",180,"D",.,"A",.,"A",.,"A",.,"A"
"20153","03100714",9,0,"1",0,"D",.,"A",.,"A",65,"D",0,"D",.,"A",.,"A",0,"D",0,"D",.,"A",.,"A",.,"A",.,"A"
"20153","03100723",26,0,"1",1300,"D",130,"D",.,"A",2600,"D",0,"D",.,"A",.,"A",1170,"D",0,"D",.,"A",.,"A",.,"A",.,"A"
"20153","03100732",35,0,"1",1950,"D",260,"D",.,"A",325,"D",0,"D",.,"A",.,"A",1690,"D",0,"D",.,"A",.,"A",.,"A",.,"A"
"20153","03100773",43,0,"1",1625,"D",650,"D",.,"A",130,"D",0,"D",.,"A",.,"A",975,"D",0,"D",.,"A",.,"A",.,"A",.,"A"
"20153","03100794",30,0,"1",1950,"D",390,"D",.,"A",650,"D",0,"D",.,"A",.,"A",1560,"D",0,"D",50,"D",650,"D",.,"A",.,"A"
"20153","03100822",20,0,"1",520,"D",65,"D",.,"A",520,"D",0,"D",.,"A",.,"A",455,"D",0,"D",.,"A",.,"A",.,"A",.,"A"
"20153","03100833",44,0,"1",2600,"D",325,"D",130,"D",975,"D",81,"D",.,"A",.,"A",2275,"D",225,"D",.,"A",.,"A",.,"A",.,"A"
"20153","03100843",45,0,"1",975,"D",455,"D",.,"A",975,"D",90,"D",.,"A",.,"A",520,"D",300,"D",.,"A",.,"A",195,"D",15,"D"
"20153","03100872",32,0,"1",910,"D",0,"D",.,"A",260,"D",75,"D",.,"A",.,"A",910,"D",0,"D",.,"A",.,"A",.,"A",.,"A"
"20153","03100884",36,0,"1",780,"D",260,"D",.,"A",130,"D",0,"D",.,"A",.,"A",520,"D",0,"D",.,"A",.,"A",.,"A",.,"A"
"20153","03100892",22,0,"1",390,"D",0,"D",.,"A",0,"D",0,"D",.,"A",.,"A",390,"D",0,"D",10,"D",130,"D",.,"A",.,"A"
"20153","03100914",20,0,"1",975,"D",325,"D",260,"D",0,"D",0,"D",.,"A",.,"A",650,"D",300,"D",.,"A",.,"A",.,"A",.,"A"
"20153","03100923",23,0,"1",2210,"D",0,"D",.,"A",130,"D",0,"D",.,"A",.,"A",2210,"D",0,"D",.,"A",.,"A",.,"A",.,"A"
"20153","03100974",23,0,"1",650,"D",0,"D",.,"A",0,"D",0,"D",.,"A",.,"A",650,"D",0,"D",.,"A",.,"A",.,"A",.,"A"
"20153","03101002",20,0,"1",1361,"F",.,"A",.,"A",601,"F",120,"F",.,"A",.,"A",1077,"F",121,"F",.,"A",.,"A",.,"A",.,"A"
"20153","03101034",28,0,"1",1950,"D",379,"F",.,"A",650,"D",0,"D",.,"A",.,"A",1344,"F",0,"D",.,"A",.,"A",.,"A",.,"A"
"20153","03101072",17,0,"1",2600,"D",0,"D",.,"A",313,"F",6,"D",.,"A",.,"A",2600,"D",6,"D",15,"D",195,"D",.,"A",.,"A"
"20153","03101092",51,0,"1",1950,"D",520,"D",260,"D",780,"D",60,"D",.,"A",50,"D",1430,"D",150,"D",.,"A",.,"A",.,"A",.,"A"
"20153","03101152",25,0,"1",650,"D",130,"D",.,"A",1300,"D",0,"D",.,"A",.,"A",520,"D",0,"D",.,"A",.,"A",.,"A",.,"A"
"20153","03101202",26,0,"1",455,"D",65,"D",.,"A",65,"D",6,"D",.,"A",.,"A",390,"D",6,"D",.,"A",.,"A",.,"A",.,"A"
"20153","03101232",39,0,"1",1300,"D",130,"D",.,"A",1625,"D",0,"D",.,"A",.,"A",1170,"D",0,"D",.,"A",.,"A",.,"A",.,"A"
"20153","03101242",66,0,"1",1300,"D",325,"D",65,"D",1300,"D",90,"D",.,"A",.,"A",975,"D",0,"D",.,"A",.,"A",.,"A",.,"A"
"20153","03101262",17,0,"1",975,"D",260,"D",130,"D",325,"D",0,"D",.,"A",.,"A",715,"D",0,"D",75,"D",975,"D",.,"A",.,"A"
"20153","03101272",29,0,"1",2600,"D",195,"D",.,"A",1950,"D",0,"D",.,"A",.,"A",2405,"D",150,"D",.,"A",.,"A",.,"A",.,"A"
"20153","03101293",23,0,"1",2600,"D",0,"D",.,"A",1300,"D",0,"D",.,"A",.,"A",2600,"D",0,"D",.,"A",.,"A",.,"A",.,"A"
"20153","03101302",30,0,"1",1105,"D",195,"D",.,"A",0,"D",0,"D",.,"A",.,"A",910,"D",0,"D",.,"A",.,"A",.,"A",.,"A"
"20153","03101332",30,0,"1",1300,"D",325,"D",260,"D",130,"D",60,"D",.,"A",.,"A",975,"D",0,"D",.,"A",.,"A",.,"A",.,"A"
"20153","03101372",37,0,"1",1040,"D",195,"D",.,"A",650,"D",0,"D",.,"A",.,"A",845,"D",0,"D",.,"A",.,"A",.,"A",.,"A"
"20153","03101432",39,0,"1",910,"D",130,"D",.,"A",0,"D",0,"D",.,"A",.,"A",780,"D",0,"D",.,"A",.,"A",.,"A",.,"A"
"20153","03101442",15,0,"1",1950,"D",455,"D",.,"A",0,"D",0,"D",.,"A",.,"A",1495,"D",0,"D",.,"A",.,"A",.,"A",.,"A"
"20153","03101452",28,0,"1",1300,"D",260,"D",.,"A",650,"D",0,"D",.,"A",.,"A",1040,"D",0,"D",.,"A",.,"A",.,"A",.,"A"
"20153","03101464",33,0,"1",2600,"D",1300,"D",.,"A",650,"D",90,"D",.,"A",.,"A",1300,"D",300,"D",10,"D",130,"D",.,"A",.,"A"
"20153","03101492",38,0,"1",1300,"D",260,"D",.,"A",0,"D",0,"D",.,"A",.,"A",1040,"D",0,"D",.,"A",.,"A",.,"A",.,"A"
"20153","03101532",23,0,"1",780,"D",0,"D",.,"A",0,"D",0,"D",.,"A",.,"A",780,"D",0,"D",.,"A",.,"A",.,"A",.,"A"
"20153","03101563",34,0,"1",1361,"F",.,"A",.,"A",0,"D",0,"D",.,"A",.,"A",1077,"F",0,"D",.,"A",.,"A",.,"A",.,"A"
"20153","03101602",40,0,"1",1950,"D",130,"D",.,"A",5850,"D",450,"D",.,"A",.,"A",1820,"D",600,"D",.,"A",.,"A",.,"A",.,"A"
"20153","03101622",39,0,"1",1131,"D",169,"D",.,"A",0,"D",0,"D",.,"A",.,"A",962,"D",0,"D",49,"D",637,"D",.,"A",.,"A"
"20153","03101722",25,0,"1",1560,"D",520,"D",1300,"D",390,"D",0,"D",.,"A",.,"A",1040,"D",0,"D",.,"A",.,"A",.,"A",.,"A"
"20153","03101762",81,0,"1",1755,"D",0,"D",.,"A",975,"D",120,"D",.,"A",.,"A",1755,"D",63,"D",.,"A",.,"A",.,"A",.,"A"
"20153","03101782",31,0,"1",2080,"D",390,"D",.,"A",1300,"D",90,"D",.,"A",.,"A",1690,"D",120,"D",.,"A",.,"A",.,"A",.,"A"
"20153","03101824",44,0,"1",1300,"D",650,"D",.,"A",520,"D",0,"D",.,"A",.,"A",650,"D",0,"D",.,"A",.,"A",.,"A",.,"A"
"20153","03101833",108,0,"1",2600,"D",650,"D",.,"A",0,"D",0,"D",.,"A",.,"A",1950,"D",0,"D",.,"A",.,"A",.,"A",.,"A"
"20153","03101874",49,0,"1",1300,"D",520,"D",.,"A",780,"D",0,"D",.,"A",.,"A",780,"D",60,"D",.,"A",.,"A",.,"A",.,"A"
"20153","03101882",9,0,"1",650,"D",130,"D",.,"A",0,"D",0,"D",.,"A",.,"A",520,"D",0,"D",.,"A",.,"A",.,"A",.,"A"
"20153","03101902",11,0,"1",689,"D",169,"D",.,"A",0,"D",0,"D",.,"A",.,"A",520,"D",0,"D",.,"A",.,"A",.,"A",.,"A"
"20153","03101932",24,0,"1",1300,"D",325,"D",.,"A",1300,"D",0,"D",.,"A",.,"A",975,"D",6,"D",.,"A",.,"A",.,"A",.,"A"
"20153","03101942",24,0,"1",2470,"D",0,"D",.,"A",0,"D",0,"D",.,"A",.,"A",2470,"D",0,"D",.,"A",.,"A",.,"A",.,"A"
"20153","03101954",21,0,"1",1950,"D",0,"D",.,"A",650,"D",0,"D",.,"A",.,"A",1950,"D",0,"D",8,"D",104,"D",.,"A",.,"A"
"20153","03101972",9,0,"1",260,"D",65,"D",.,"A",0,"D",0,"D",.,"A",.,"A",195,"D",0,"D",.,"A",.,"A",.,"A",.,"A"
"20153","03101994",41,0,"1",1950,"D",390,"D",.,"A",780,"D",75,"D",.,"A",.,"A",1560,"D",60,"D",.,"A",.,"A",.,"A",.,"A"
"20153","03102044",59,0,"1",1040,"D",260,"D",260,"D",1300,"D",300,"D",.,"A",.,"A",780,"D",48,"D",.,"A",.,"A",.,"A",.,"A"
"20153","03102054",61,0,"1",975,"D",130,"D",.,"A",260,"D",0,"D",.,"A",.,"A",845,"D",0,"D",.,"A",.,"A",.,"A",.,"A"
"20153","03102062",15,0,"1",1625,"D",325,"D",.,"A",0,"D",0,"D",.,"A",.,"A",1300,"D",0,"D",50,"D",650,"D",.,"A",.,"A"
"20153","03102103",19,0,"1",1170,"D",520,"D",.,"A",0,"D",0,"D",.,"A",.,"A",650,"D",0,"D",.,"A",.,"A",.,"A",.,"A"
"20153","03102123",10,0,"1",975,"D",156,"D",.,"A",130,"D",36,"D",.,"A",.,"A",819,"D",36,"D",15,"D",195,"D",130,"D",10,"D"
"20153","03102133",39,0,"1",975,"D",260,"D",.,"A",650,"D",0,"D",.,"A",.,"A",715,"D",0,"D",80,"D",1040,"D",260,"D",20,"D"
"20153","03102173",46,0,"1",780,"D",195,"D",.,"A",650,"D",0,"D",.,"A",.,"A",585,"D",45,"D",.,"A",.,"A",.,"A",.,"A"
"20153","03102202",16,0,"1",650,"D",260,"D",.,"A",325,"D",60,"D",.,"A",.,"A",390,"D",300,"D",.,"A",.,"A",52,"D",4,"D"
"20153","03102212",51,0,"1",1053,"D",65,"D",52,"D",247,"D",0,"D",.,"A",.,"A",988,"D",12,"D",.,"A",.,"A",.,"A",.,"A"
"20153","03102222",20,0,"1",1950,"D",650,"D",.,"A",0,"D",15,"D",.,"A",.,"A",1300,"D",15,"D",.,"A",.,"A",.,"A",.,"A"
"20153","03102253",37,0,"1",2600,"D",650,"D",325,"D",455,"D",0,"D",.,"A",100,"D",1950,"D",180,"D",.,"A",.,"A",.,"A",.,"A"
"20153","03102272",24,0,"1",780,"D",65,"D",.,"A",390,"D",0,"D",.,"A",.,"A",715,"D",0,"D",30,"D",390,"D",.,"A",.,"A"
"20153","03102292",36,0,"1",1950,"D",260,"D",.,"A",1300,"D",0,"D",.,"A",.,"A",1690,"D",0,"D",.,"A",.,"A",.,"A",.,"A"
"20153","03102323",10,0,"1",650,"D",260,"D",.,"A",0,"D",0,"D",.,"A",.,"A",390,"D",0,"D",.,"A",.,"A",.,"A",.,"A"
"20153","03102332",26,0,"1",1625,"D",650,"D",.,"A",0,"D",90,"D",.,"A",.,"A",975,"D",0,"D",.,"A",.,"A",.,"A",.,"A"
"20153","03102352",28,0,"1",1300,"D",65,"D",.,"A",780,"D",0,"D",.,"A",270,"D",1235,"D",0,"D",.,"A",.,"A",.,"A",.,"A"
"20153","03102383",53,0,"1",520,"D",130,"D",.,"A",1040,"D",60,"D",.,"A",.,"A",390,"D",60,"D",.,"A",.,"A",.,"A",.,"A"
"20153","03102402",38,0,"1",1300,"D",91,"D",.,"A",390,"D",0,"D",.,"A",.,"A",1209,"D",0,"D",.,"A",.,"A",.,"A",.,"A"
"20153","03102434",30,0,"1",5200,"D",1300,"D",.,"A",0,"D",0,"D",.,"A",.,"A",3900,"D",0,"D",.,"A",.,"A",.,"A",.,"A"
"20153","03102452",41,0,"1",780,"D",130,"D",.,"A",2600,"D",0,"D",.,"A",.,"A",650,"D",0,"D",.,"A",.,"A",.,"A",.,"A"
"20153","03102473",9,0,"1",260,"D",0,"D",.,"A",130,"D",0,"D",.,"A",.,"A",260,"D",0,"D",35,"D",455,"D",.,"A",.,"A"
"20153","03102482",22,0,"1",2600,"D",650,"D",.,"A",0,"D",0,"D",.,"A",.,"A",1950,"D",0,"D",.,"A",.,"A",.,"A",.,"A"
"20153","03102522",54,0,"1",3250,"D",520,"D",65,"D",1560,"D",360,"D",.,"A",.,"A",2730,"D",60,"D",.,"A",.,"A",.,"A",.,"A"
"20153","03102563",17,0,"1",1300,"D",195,"D",.,"A",260,"D",0,"D",.,"A",.,"A",1105,"D",0,"D",.,"A",.,"A",.,"A",.,"A"
"20153","03102582",23,0,"1",3250,"D",650,"D",.,"A",0,"D",60,"D",.,"A",85,"F",2600,"D",60,"D",.,"A",.,"A",.,"A",.,"A"
"20153","03102603",39,0,"1",650,"D",0,"D",.,"A",0,"D",0,"D",.,"A",.,"A",650,"D",0,"D",30,"D",390,"D",.,"A",.,"A"
"20153","03102613",14,0,"1",130,"D",173,"F",200,"F",0,"D",0,"D",.,"A",.,"A",623,"F",0,"D",25,"D",325,"D",.,"A",.,"A"
"20153","03102634",23,0,"1",650,"D",195,"D",.,"A",390,"D",0,"D",.,"A",.,"A",455,"D",600,"D",40,"D",520,"D",.,"A",.,"A"
"20153","03102662",15,0,"1",845,"D",0,"D",.,"A",520,"D",0,"D",.,"A",.,"A",845,"D",0,"D",60,"D",780,"D",.,"A",.,"A"
"20153","03102692",9,0,"1",325,"D",65,"D",.,"A",0,"D",0,"D",.,"A",.,"A",260,"D",15,"D",7,"D",91,"D",.,"A",.,"A"
"20153","03102753",30,0,"1",650,"D",260,"D",.,"A",260,"D",0,"D",.,"A",.,"A",390,"D",0,"D",.,"A",.,"A",.,"A",.,"A"
"20153","03102773",24,0,"1",715,"D",156,"D",.,"A",195,"D",0,"D",.,"A",.,"A",559,"D",0,"D",.,"A",.,"A",.,"A",.,"A"
"20153","03102822",29,0,"1",1300,"D",780,"D",.,"A",520,"D",0,"D",.,"A",.,"A",520,"D",150,"D",80,"D",1040,"D",.,"A",.,"A"
"20153","03102843",35,0,"1",1300,"D",130,"D",.,"A",650,"D",0,"D",.,"A",.,"A",1170,"D",0,"D",.,"A",.,"A",.,"A",.,"A"
"20153","03102884",22,0,"1",1040,"D",325,"D",52,"D",780,"D",240,"D",.,"A",.,"A",715,"D",120,"D",0,"D",0,"D",.,"A",.,"A"
"20153","03102894",25,0,"1",1040,"D",195,"D",.,"A",780,"D",0,"D",.,"A",.,"A",845,"D",0,"D",.,"A",.,"A",.,"A",.,"A"
"20153","03102902",18,0,"1",1300,"D",130,"D",.,"A",650,"D",0,"D",.,"A",.,"A",1170,"D",0,"D",.,"A",.,"A",.,"A",.,"A"
"20153","03102924",33,0,"1",1950,"D",130,"D",325,"D",390,"D",6,"D",.,"A",.,"A",1820,"D",6,"D",.,"A",.,"A",.,"A",.,"A"
"20153","03102934",35,0,"1",1950,"D",0,"D",.,"A",0,"D",0,"D",.,"A",.,"A",1950,"D",0,"D",.,"A",.,"A",.,"A",.,"A"
"20153","03102984",56,0,"1",2925,"D",780,"D",.,"A",780,"D",60,"D",.,"A",.,"A",2145,"D",300,"D",.,"A",.,"A",.,"A",.,"A"
"20153","03103012",25,0,"1",2275,"D",650,"D",.,"A",520,"D",360,"D",.,"A",.,"A",1625,"D",240,"D",60,"D",780,"D",.,"A",.,"A"
"20153","03103034",40,0,"1",1625,"D",325,"D",.,"A",0,"D",0,"D",.,"A",.,"A",1300,"D",0,"D",.,"A",.,"A",.,"A",.,"A"
"20153","03103042",25,0,"1",1300,"D",260,"D",260,"D",650,"D",0,"D",.,"A",.,"A",1040,"D",0,"D",50,"D",650,"D",.,"A",.,"A"
"20153","03103053",48,0,"1",780,"D",390,"D",130,"D",520,"D",120,"D",.,"A",.,"A",390,"D",99,"D",15,"D",195,"D",.,"A",.,"A"
"20153","03103082",33,0,"1",1443,"F",.,"A",.,"A",636,"F",0,"D",.,"A",.,"A",1154,"F",0,"D",.,"A",.,"A",.,"A",.,"A"
"20153","03103122",80,0,"1",520,"D",0,"D",.,"A",520,"D",0,"D",.,"A",.,"A",520,"D",0,"D",.,"A",.,"A",.,"A",.,"A"
"20153","03103162",20,0,"1",910,"D",130,"D",.,"A",520,"D",0,"D",.,"A",.,"A",780,"D",30,"D",.,"A",.,"A",.,"A",.,"A"
"20153","03103182",33,0,"1",1300,"D",260,"D",.,"A",0,"D",0,"D",.,"A",.,"A",1040,"D",0,"D",.,"A",.,"A",.,"A",.,"A"
"20153","03103202",40,0,"1",1300,"D",260,"D",.,"A",0,"D",60,"D",.,"A",.,"A",1040,"D",60,"D",.,"A",.,"A",.,"A",.,"A"
"20153","03103214",59,0,"1",1300,"D",325,"D",65,"D",390,"D",0,"D",.,"A",.,"A",975,"D",0,"D",.,"A",.,"A",.,"A",.,"A"
"20153","03103254",37,0,"1",910,"D",335,"F",.,"A",0,"D",0,"D",.,"A",.,"A",1315,"F",0,"D",12,"D",156,"D",.,"A",.,"A"
"20153","03103264",33,0,"1",520,"D",130,"D",.,"A",390,"D",0,"D",.,"A",.,"A",390,"D",0,"D",.,"A",.,"A",.,"A",.,"A"
"20153","03103272",16,0,"1",650,"D",173,"F",.,"A",0,"D",0,"D",.,"A",.,"A",623,"F",0,"D",.,"A",.,"A",.,"A",.,"A"
"20153","03103282",18,0,"1",520,"D",193,"F",242,"F",260,"D",6,"D",.,"A",.,"A",709,"F",6,"D",.,"A",.,"A",.,"A",.,"A"
"20153","03103312",17,0,"1",1040,"D",65,"D",.,"A",0,"D",0,"D",.,"A",.,"A",975,"D",0,"D",.,"A",.,"A",.,"A",.,"A"
"20153","03103324",36,0,"1",975,"D",390,"D",.,"A",0,"D",0,"D",.,"A",.,"A",585,"D",90,"D",.,"A",.,"A",.,"A",.,"A"
"20153","03103352",38,0,"1",1950,"D",650,"D",390,"D",390,"D",60,"D",.,"A",.,"A",1300,"D",75,"D",.,"A",.,"A",.,"A",.,"A"
"20153","03103372",24,0,"1",650,"D",130,"D",.,"A",2600,"D",0,"D",.,"A",.,"A",520,"D",0,"D",.,"A",.,"A",.,"A",.,"A"
"20153","03103384",24,0,"1",910,"D",130,"D",260,"D",780,"D",0,"D",.,"A",.,"A",780,"D",0,"D",.,"A",.,"A",.,"A",.,"A"
"20153","03103404",24,0,"1",975,"D",78,"D",.,"A",390,"D",0,"D",.,"A",.,"A",897,"D",0,"D",.,"A",.,"A",.,"A",.,"A"
"20153","03103452",33,0,"1",1300,"D",325,"D",.,"A",260,"D",0,"D",.,"A",.,"A",975,"D",120,"D",45,"D",585,"D",.,"A",.,"A"
"20153","03103482",20,0,"1",0,"D",.,"A",.,"A",0,"D",0,"D",.,"A",.,"A",0,"D",0,"D",.,"A",.,"A",.,"A",.,"A"
"20153","03103493",15,0,"1",520,"D",130,"D",260,"D",520,"D",180,"D",.,"A",.,"A",390,"D",240,"D",.,"A",.,"A",.,"A",.,"A"
"20153","03103504",18,0,"1",780,"D",130,"D",.,"A",0,"D",0,"D",.,"A",.,"A",650,"D",0,"D",.,"A",.,"A",.,"A",.,"A"
"20153","03103522",26,0,"1",1560,"D",390,"D",.,"A",299,"D",60,"D",.,"A",.,"A",1170,"D",60,"D",.,"A",.,"A",.,"A",.,"A"
"20153","03103582",65,0,"1",975,"D",195,"D",.,"A",325,"D",0,"D",.,"A",.,"A",780,"D",15,"D",55,"D",715,"D",.,"A",.,"A"
"20153","03103592",49,0,"1",2925,"D",585,"D",.,"A",650,"D",0,"D",.,"A",.,"A",2340,"D",0,"D",.,"A",.,"A",.,"A",.,"A"
"20153","03103604",22,0,"1",1950,"D",390,"D",65,"D",650,"D",90,"D",.,"A",.,"A",1560,"D",150,"D",.,"A",.,"A",.,"A",.,"A"
"20153","03103622",40,0,"1",2340,"D",260,"D",390,"D",975,"D",525,"D",.,"A",.,"A",2080,"D",0,"D",.,"A",.,"A",.,"A",.,"A"
"20153","03103652",33,0,"1",1950,"D",390,"D",.,"A",0,"D",0,"D",.,"A",.,"A",1560,"D",0,"D",.,"A",.,"A",.,"A",.,"A"
"20153","03103665",49,0,"1",1560,"D",260,"D",.,"A",520,"D",60,"D",.,"A",.,"A",1300,"D",150,"D",.,"A",.,"A",.,"A",.,"A"
"20153","03103692",23,0,"1",520,"D",130,"D",.,"A",0,"D",0,"D",.,"A",.,"A",390,"D",60,"D",.,"A",.,"A",260,"D",20,"D"
"20153","03103712",39,0,"1",325,"D",130,"D",.,"A",975,"D",0,"D",.,"A",.,"A",195,"D",0,"D",.,"A",.,"A",.,"A",.,"A"
"20153","03103732",75,0,"1",1300,"D",260,"D",.,"A",975,"D",0,"D",.,"A",.,"A",1040,"D",0,"D",.,"A",.,"A",.,"A",.,"A"
"20153","03103764",23,0,"1",1300,"D",650,"D",.,"A",390,"D",0,"D",.,"A",.,"A",650,"D",0,"D",.,"A",.,"A",.,"A",.,"A"
"20153","03103813",26,0,"1",1560,"D",260,"D",.,"A",390,"D",0,"D",.,"A",.,"A",1300,"D",0,"D",.,"A",.,"A",.,"A",.,"A"
"20153","03103823",23,0,"1",975,"D",195,"D",.,"A",0,"D",0,"D",.,"A",.,"A",780,"D",60,"D",.,"A",.,"A",.,"A",.,"A"
"20153","03103832",23,0,"1",780,"D",78,"D",.,"A",0,"D",0,"D",.,"A",.,"A",702,"D",0,"D",.,"A",.,"A",.,"A",.,"A"
"20153","03103852",33,0,"1",1950,"D",260,"D",390,"D",1300,"D",60,"D",.,"A",.,"A",1690,"D",60,"D",.,"A",.,"A",.,"A",.,"A"
"20153","03103883",34,0,"1",1300,"D",325,"D",.,"A",1950,"D",0,"D",.,"A",.,"A",975,"D",0,"D",.,"A",.,"A",.,"A",.,"A"
"20153","03103894",19,0,"1",1300,"D",260,"D",.,"A",650,"D",0,"D",.,"A",.,"A",1040,"D",120,"D",.,"A",.,"A",.,"A",.,"A"
"20153","03103912",11,0,"1",650,"D",0,"D",130,"D",650,"D",0,"D",.,"A",.,"A",650,"D",0,"D",6,"D",78,"D",.,"A",.,"A"
"20153","03103942",16,0,"1",910,"D",195,"D",130,"D",260,"D",0,"D",.,"A",.,"A",715,"D",0,"D",.,"A",.,"A",.,"A",.,"A"
"20153","03104002",27,0,"1",780,"D",0,"D",780,"D",130,"D",0,"D",.,"A",.,"A",780,"D",60,"D",.,"A",.,"A",.,"A",.,"A"
"20153","03104072",18,0,"1",1300,"D",169,"D",.,"A",0,"D",0,"D",.,"A",.,"A",1131,"D",300,"D",35,"D",455,"D",.,"A",.,"A"
"20153","03104102",24,0,"1",1560,"D",260,"D",.,"A",0,"D",0,"D",.,"A",.,"A",1300,"D",0,"D",.,"A",.,"A",.,"A",.,"A"
"20153","03104112",11,0,"1",1560,"D",390,"D",.,"A",0,"D",0,"D",.,"A",.,"A",1170,"D",0,"D",.,"A",.,"A",.,"A",.,"A"
"20153","03104202",40,0,"1",1235,"D",65,"D",.,"A",130,"D",0,"D",.,"A",16,"D",1170,"D",0,"D",.,"A",.,"A",.,"A",.,"A"
"20153","03104263",33,0,"1",1300,"D",455,"D",.,"A",650,"D",180,"D",.,"A",.,"A",845,"D",120,"D",12,"D",156,"D",78,"D",6,"D"
"20153","03104302",26,0,"1",1300,"D",130,"D",.,"A",0,"D",0,"D",.,"A",.,"A",1170,"D",0,"D",.,"A",.,"A",.,"A",.,"A"
"20153","03104312",57,0,"1",2600,"D",520,"D",.,"A",2600,"D",0,"D",.,"A",.,"A",2080,"D",150,"D",.,"A",.,"A",.,"A",.,"A"
"20153","03104323",37,0,"1",1950,"D",455,"D",65,"D",0,"D",0,"D",.,"A",.,"A",1495,"D",0,"D",.,"A",.,"A",.,"A",.,"A"
"20153","03104332",26,0,"1",650,"D",0,"D",.,"A",650,"D",0,"D",.,"A",.,"A",650,"D",0,"D",.,"A",.,"A",.,"A",.,"A"
"20153","03104342",43,0,"1",1300,"D",130,"D",.,"A",1300,"D",0,"D",.,"A",.,"A",1170,"D",0,"D",.,"A",.,"A",.,"A",.,"A"
"20153","03104362",13,0,"1",1300,"D",260,"D",.,"A",0,"D",0,"D",.,"A",.,"A",1040,"D",0,"D",.,"A",.,"A",.,"A",.,"A"
"20153","03104382",28,0,"1",2600,"D",273,"D",.,"A",3185,"D",300,"D",.,"A",.,"A",2327,"D",240,"D",.,"A",.,"A",.,"A",.,"A"
"20153","03104453",23,0,"1",1300,"D",260,"D",.,"A",325,"D",60,"D",.,"A",.,"A",1040,"D",120,"D",15,"D",195,"D",.,"A",.,"A"
"20153","03104462",25,0,"1",520,"D",130,"D",.,"A",520,"D",0,"D",.,"A",.,"A",390,"D",0,"D",.,"C",428,"F",.,"A",.,"A"
"20153","03104474",28,0,"1",975,"D",260,"D",.,"A",449,"F",0,"D",.,"A",.,"A",715,"D",0,"D",.,"A",.,"A",.,"A",.,"A"
"20153","03104492",20,0,"1",2600,"D",260,"D",390,"D",650,"D",0,"D",.,"A",.,"A",2340,"D",0,"D",.,"A",.,"A",.,"A",.,"A"
"20153","03104504",10,0,"1",455,"D",130,"D",.,"A",0,"D",0,"D",.,"A",.,"A",325,"D",0,"D",.,"A",.,"A",.,"A",.,"A"
"20153","03104513",21,0,"1",1625,"D",182,"D",.,"A",845,"D",6,"D",.,"A",.,"A",1443,"D",6,"D",.,"A",.,"A",.,"A",.,"A"
"20153","03104552",22,0,"1",3380,"D",780,"D",.,"A",0,"D",0,"D",.,"A",.,"A",2600,"D",300,"D",280,"D",3640,"D",.,"A",.,"A"
"20153","03104562",19,0,"1",2600,"D",650,"D",.,"A",520,"D",0,"D",.,"A",.,"A",1950,"D",0,"D",60,"D",780,"D",.,"A",.,"A"
"20153","03104584",42,0,"1",3016,"D",416,"D",.,"A",390,"D",0,"D",.,"A",.,"A",2600,"D",0,"D",.,"A",.,"A",.,"A",.,"A"
"20153","03104622",28,0,"1",1561,"F",.,"A",.,"A",780,"D",0,"D",.,"A",.,"A",1315,"F",0,"D",.,"A",.,"A",.,"A",.,"A"
"20153","03104672",58,0,"1",650,"D",260,"D",.,"A",780,"D",60,"D",.,"A",.,"A",390,"D",75,"D",.,"A",.,"A",.,"A",.,"A"
"20153","03104692",24,0,"1",871,"D",91,"D",.,"A",65,"D",6,"D",.,"A",.,"A",780,"D",6,"D",.,"A",.,"A",.,"A",.,"A"
"20153","03104702",22,0,"1",1040,"D",195,"D",.,"A",130,"D",0,"D",.,"A",.,"A",845,"D",0,"D",.,"A",.,"A",.,"A",.,"A"
"20153","03104714",18,0,"1",195,"D",0,"D",.,"A",0,"D",0,"D",.,"A",.,"A",195,"D",0,"D",.,"A",.,"A",.,"A",.,"A"
"20153","03104733",21,0,"1",650,"D",273,"D",325,"D",845,"D",0,"D",.,"A",.,"A",377,"D",105,"D",25,"D",325,"D",.,"A",.,"A"
"20153","03104754",30,0,"1",1040,"D",260,"D",.,"A",0,"D",0,"D",.,"A",.,"A",780,"D",0,"D",67,"D",871,"D",.,"A",.,"A"
"20153","03104772",73,0,"1",2600,"D",650,"D",.,"A",1300,"D",0,"D",.,"A",486,"D",1950,"D",0,"D",.,"A",.,"A",.,"A",.,"A"
"20153","03104782",25,0,"1",520,"D",0,"D",.,"A",130,"D",0,"D",.,"A",.,"A",520,"D",30,"D",5,"D",65,"D",.,"A",.,"A"
"20153","03104812",42,0,"1",1625,"D",260,"D",.,"A",650,"D",0,"D",.,"A",.,"A",1365,"D",30,"D",.,"A",.,"A",.,"A",.,"A"
"20153","03104825",7,0,"1",1040,"D",260,"D",.,"A",260,"D",0,"D",.,"A",.,"A",780,"D",0,"D",.,"A",.,"A",.,"A",.,"A"
"20153","03104832",29,0,"1",780,"D",260,"D",65,"D",325,"D",0,"D",.,"A",.,"A",520,"D",30,"D",.,"A",.,"A",.,"A",.,"A"
"20153","03104842",28,0,"1",1300,"D",260,"D",.,"A",260,"D",60,"D",.,"A",45,"D",1040,"D",60,"D",.,"A",.,"A",.,"A",.,"A"
"20153","03104852",27,0,"1",2600,"D",455,"D",.,"A",520,"D",0,"D",.,"A",.,"A",2145,"D",42,"D",90,"D",1170,"D",.,"A",.,"A"
"20153","03104862",34,0,"1",650,"D",277,"F",.,"A",1300,"D",450,"D",.,"A",.,"A",922,"F",150,"D",.,"A",.,"A",.,"A",.,"A"
"20153","03104894",12,0,"1",650,"D",130,"D",.,"A",0,"D",0,"D",.,"A",.,"A",520,"D",0,"D",.,"A",.,"A",.,"A",.,"A"
"20153","03104912",19,0,"1",1950,"D",260,"D",.,"A",390,"D",180,"D",.,"A",.,"A",1690,"D",450,"D",.,"A",.,"A",.,"A",.,"A"
"20153","03104924",50,0,"1",1820,"D",390,"D",.,"A",585,"D",0,"D",.,"A",.,"A",1430,"D",0,"D",.,"A",.,"A",.,"A",.,"A"
"20153","03104984",9,0,"1",650,"D",130,"D",.,"A",156,"D",0,"D",343,"F",.,"A",520,"D",0,"D",25,"D",325,"D",.,"A",.,"A"
"20153","03105032",43,0,"1",1560,"D",195,"D",.,"A",390,"D",60,"D",.,"A",.,"A",1365,"D",165,"D",15,"D",195,"D",.,"A",.,"A"
"20153","03105052",23,0,"1",2080,"D",585,"D",520,"D",1040,"D",300,"D",.,"A",.,"A",1495,"D",375,"D",.,"A",.,"A",.,"A",.,"A"
"20153","03105102",18,0,"1",1625,"D",390,"D",.,"A",0,"D",0,"D",.,"A",.,"A",1235,"D",120,"D",40,"D",520,"D",.,"A",.,"A"
"20153","03105132",44,0,"1",845,"D",260,"D",.,"A",520,"D",0,"D",.,"A",.,"A",585,"D",0,"D",.,"A",.,"A",.,"A",.,"A"
"20153","03105162",35,0,"1",975,"D",520,"D",260,"D",390,"D",0,"D",.,"A",.,"A",455,"D",0,"D",.,"A",.,"A",.,"A",.,"A"
"20153","03105193",23,0,"1",1690,"D",130,"D",260,"D",0,"D",0,"D",.,"A",.,"A",1560,"D",60,"D",20,"D",260,"D",195,"D",15,"D"
"20153","03105202",22,0,"1",780,"D",65,"D",.,"A",260,"D",0,"D",.,"A",.,"A",715,"D",0,"D",.,"A",.,"A",.,"A",.,"A"
"20153","03105212",26,0,"1",1560,"D",156,"D",.,"A",0,"D",0,"D",.,"A",.,"A",1404,"D",24,"D",.,"A",.,"A",.,"A",.,"A"
"20153","03105222",17,0,"1",2600,"D",455,"D",.,"A",195,"D",3,"D",.,"A",.,"A",2145,"D",3,"D",.,"A",.,"A",.,"A",.,"A"
"20153","03105262",6,0,"1",1560,"D",0,"D",.,"A",0,"D",0,"D",.,"A",.,"A",1560,"D",0,"D",.,"A",.,"A",.,"A",.,"A"
"20153","03105282",18,0,"1",325,"D",0,"D",.,"A",156,"D",0,"D",.,"A",.,"A",325,"D",0,"D",6,"D",78,"D",.,"A",.,"A"
"20153","03105294",42,0,"1",1820,"D",195,"D",325,"D",390,"D",9,"D",.,"A",.,"A",1625,"D",21,"D",.,"A",.,"A",.,"A",.,"A"
"20153","03105312",46,0,"1",1560,"D",260,"D",.,"A",520,"D",0,"D",.,"A",.,"A",1300,"D",0,"D",.,"A",.,"A",.,"A",.,"A"
"20153","03105322",43,0,"1",2600,"D",417,"F",.,"A",1300,"D",0,"D",.,"A",.,"A",1479,"F",248,"F",.,"A",.,"A",.,"A",.,"A"
"20153","03105342",11,0,"1",975,"D",455,"D",.,"A",1300,"D",0,"D",.,"A",300,"D",520,"D",0,"D",.,"A",.,"A",.,"A",.,"A"
"20153","03105352",109,0,"1",5408,"D",1326,"D",.,"A",1430,"D",120,"D",.,"A",.,"A",4082,"D",150,"D",.,"A",.,"A",.,"A",.,"A"
"20153","03105372",33,0,"1",2210,"D",390,"D",.,"A",520,"D",225,"D",.,"A",.,"A",1820,"D",300,"D",30,"D",390,"D",.,"A",.,"A"
"20153","03105403",63,0,"1",1300,"D",130,"D",.,"A",104,"D",0,"D",.,"A",.,"A",1170,"D",60,"D",.,"A",.,"A",.,"A",.,"A"
"20153","03105412",26,0,"1",1950,"D",455,"D",390,"D",975,"D",0,"D",.,"A",.,"A",1495,"D",0,"D",.,"A",.,"A",.,"A",.,"A"
"20153","03105482",38,0,"1",520,"D",65,"D",.,"A",195,"D",30,"D",.,"A",.,"A",455,"D",0,"D",.,"A",.,"A",.,"A",.,"A"
"20153","03105493",32,0,"1",975,"D",195,"D",.,"A",0,"D",0,"D",.,"A",.,"A",780,"D",0,"D",.,"A",.,"A",.,"A",.,"A"
"20153","03105504",12,0,"1",585,"D",130,"D",520,"D",325,"D",0,"D",.,"A",.,"A",455,"D",150,"D",.,"A",.,"A",.,"A",.,"A"
"20153","03105514",25,0,"1",650,"D",195,"D",.,"A",130,"D",0,"D",.,"A",.,"A",455,"D",60,"D",.,"A",.,"A",260,"D",20,"D"
"20153","03105524",20,0,"1",2275,"D",325,"D",.,"A",130,"D",0,"D",.,"A",.,"A",1950,"D",0,"D",20,"D",260,"D",.,"A",.,"A"
"20153","03105532",23,0,"1",455,"D",295,"F",.,"A",0,"D",0,"D",.,"A",.,"A",1097,"F",9,"D",.,"A",.,"A",.,"A",.,"A"
"20153","03105562",27,0,"1",1300,"D",429,"D",.,"A",975,"D",60,"D",.,"A",.,"A",871,"D",60,"D",.,"A",.,"A",.,"A",.,"A"
"20153","03105572",41,0,"1",1040,"D",130,"D",.,"A",481,"D",0,"D",.,"A",.,"A",910,"D",0,"D",.,"A",.,"A",.,"A",.,"A"
"20153","03105582",38,0,"1",1300,"D",130,"D",.,"A",390,"D",45,"D",.,"A",.,"A",1170,"D",90,"D",.,"A",.,"A",.,"A",.,"A"
"20153","03105593",19,0,"1",1625,"D",325,"D",.,"A",585,"D",0,"D",.,"A",.,"A",1300,"D",0,"D",.,"A",.,"A",.,"A",.,"A"
"20153","03105613",56,0,"1",1300,"D",260,"D",1040,"D",65,"D",0,"D",.,"A",90,"D",1040,"D",150,"D",.,"A",.,"A",.,"A",.,"A"
"20153","03105693",31,0,"1",975,"D",195,"D",.,"A",0,"D",0,"D",.,"A",.,"A",780,"D",0,"D",.,"A",.,"A",.,"A",.,"A"
"20153","03105704",40,0,"1",715,"D",390,"D",273,"D",130,"D",6,"D",.,"A",.,"A",325,"D",6,"D",.,"A",.,"A",.,"A",.,"A"
"20153","03105752",39,0,"1",1625,"D",260,"D",.,"A",260,"D",0,"D",.,"A",.,"A",1365,"D",0,"D",.,"A",.,"A",.,"A",.,"A"
"20153","03105772",39,0,"1",3900,"D",379,"F",269,"F",520,"D",122,"F",.,"A",.,"A",1344,"F",180,"D",22,"D",286,"D",.,"A",.,"A"
"20153","03105792",14,0,"1",1950,"D",325,"D",.,"A",260,"D",0,"D",.,"A",.,"A",1625,"D",0,"D",.,"A",.,"A",.,"A",.,"A"
"20153","03105803",9,0,"1",650,"D",130,"D",.,"A",0,"D",0,"D",.,"A",.,"A",520,"D",0,"D",17,"D",221,"D",.,"A",.,"A"
"20153","03105824",41,0,"1",1300,"D",130,"D",.,"A",520,"D",0,"D",.,"A",.,"A",1170,"D",60,"D",.,"A",.,"A",.,"A",.,"A"
"20153","03105852",61,0,"1",1950,"D",195,"D",.,"A",650,"D",90,"D",.,"A",.,"A",1755,"D",90,"D",.,"A",.,"A",.,"A",.,"A"
"20153","03105882",35,0,"1",5200,"D",650,"D",260,"D",325,"D",0,"D",.,"A",.,"A",4550,"D",0,"D",.,"A",.,"A",.,"A",.,"A"
"20153","03105912",25,0,"1",650,"D",130,"D",.,"A",390,"D",30,"D",.,"A",.,"A",520,"D",60,"D",.,"A",.,"A",.,"A",.,"A"
"20153","03105934",25,0,"1",0,"D",.,"A",65,"D",65,"D",0,"D",.,"A",.,"A",0,"D",0,"D",7,"D",91,"D",.,"A",.,"A"
"20153","03105983",32,0,"1",1300,"D",130,"D",.,"A",780,"D",600,"D",.,"A",.,"A",1170,"D",300,"D",.,"A",.,"A",.,"A",.,"A"
"20153","03105992",61,0,"1",1560,"D",195,"D",.,"A",195,"D",0,"D",.,"A",.,"A",1365,"D",0,"D",43,"D",559,"D",.,"A",.,"A"
"20153","03106002",20,0,"1",650,"D",211,"F",313,"F",604,"F",121,"F",.,"A",.,"A",741,"F",92,"F",.,"A",.,"A",.,"A",.,"A"
"20153","03106094",45,0,"1",2600,"D",650,"D",520,"D",0,"D",0,"D",.,"A",.,"A",1950,"D",120,"D",.,"A",.,"A",.,"A",.,"A"
"20153","03106122",27,0,"1",715,"D",195,"D",.,"A",0,"D",0,"D",.,"A",.,"A",520,"D",0,"D",.,"A",.,"A",.,"A",.,"A"
"20153","03106173",37,0,"1",2470,"D",0,"D",195,"D",455,"D",0,"D",.,"A",.,"A",2470,"D",0,"D",.,"A",.,"A",.,"A",.,"A"
"20153","03106194",37,0,"1",650,"D",195,"D",.,"A",0,"D",0,"D",.,"A",.,"A",455,"D",120,"D",.,"A",.,"A",.,"A",.,"A"
"20153","03106202",21,0,"1",585,"D",39,"D",.,"A",390,"D",0,"D",.,"A",.,"A",546,"D",0,"D",.,"A",.,"A",.,"A",.,"A"
"20153","03106222",89,0,"1",5200,"D",516,"F",.,"A",1300,"D",12,"D",.,"A",.,"A",2357,"F",15,"D",.,"A",.,"A",.,"A",.,"A"
"20153","03106233",16,0,"1",910,"D",195,"D",.,"A",0,"D",60,"D",.,"A",.,"A",715,"D",60,"D",5,"D",65,"D",.,"A",.,"A"
"20153","03106273",28,0,"1",1625,"D",390,"D",325,"D",0,"D",0,"D",.,"A",.,"A",1235,"D",0,"D",.,"A",.,"A",65,"D",5,"D"
"20153","03106292",25,0,"1",650,"D",65,"D",.,"A",130,"D",0,"D",.,"A",.,"A",585,"D",0,"D",.,"A",.,"A",.,"A",.,"A"
"20153","03106312",16,0,"1",650,"D",195,"D",.,"A",130,"D",0,"D",.,"A",.,"A",455,"D",120,"D",.,"A",.,"A",.,"A",.,"A"
"20153","03106322",40,0,"1",780,"D",130,"D",.,"A",1300,"D",0,"D",.,"A",.,"A",650,"D",30,"D",.,"A",.,"A",.,"A",.,"A"
"20153","03106352",23,0,"1",1300,"D",130,"D",.,"A",910,"D",0,"D",.,"A",.,"A",1170,"D",0,"D",.,"A",.,"A",.,"A",.,"A"
"20153","03106363",51,0,"1",1950,"D",650,"D",.,"A",520,"D",60,"D",.,"A",80,"D",1300,"D",225,"D",.,"A",.,"A",780,"D",60,"D"
"20153","03106382",56,0,"1",3900,"D",390,"D",.,"A",650,"D",0,"D",306,"D",286,"D",3510,"D",30,"D",.,"A",.,"A",.,"A",.,"A"
"20153","03106392",31,0,"1",845,"D",130,"D",.,"A",195,"D",0,"D",.,"A",.,"A",715,"D",0,"D",.,"A",.,"A",.,"A",.,"A"
"20153","03106433",14,0,"1",3250,"D",650,"D",.,"A",650,"D",0,"D",.,"A",.,"A",2600,"D",0,"D",.,"A",.,"A",.,"A",.,"A"
"20153","03106442",16,0,"1",5200,"D",260,"D",.,"A",2600,"D",0,"D",.,"A",.,"A",4940,"D",0,"D",100,"D",1300,"D",.,"A",.,"A"
"20153","03106482",16,0,"1",650,"D",130,"D",.,"A",0,"D",0,"D",.,"A",.,"A",520,"D",0,"D",25,"D",325,"D",.,"A",.,"A"
"20153","03106492",26,0,"1",520,"D",0,"D",.,"A",286,"D",0,"D",.,"A",.,"A",520,"D",0,"D",.,"A",.,"A",.,"A",.,"A"
"20153","03106502",58,0,"1",1560,"D",260,"D",.,"A",650,"D",0,"D",.,"A",.,"A",1300,"D",0,"D",.,"A",.,"A",.,"A",.,"A"
"20153","03106543",79,0,"1",1755,"D",65,"D",650,"D",455,"D",6,"D",.,"A",.,"A",1690,"D",6,"D",.,"A",.,"A",.,"A",.,"A"
"20153","03106552",12,0,"1",845,"D",0,"D",585,"D",260,"D",0,"D",.,"A",.,"A",845,"D",30,"D",.,"A",.,"A",.,"A",.,"A"
"20153","03106562",66,0,"1",1300,"D",520,"D",.,"A",780,"D",150,"D",.,"A",.,"A",780,"D",60,"D",.,"A",.,"A",.,"A",.,"A"
"20153","03106573",26,0,"1",1561,"F",.,"A",.,"A",757,"F",162,"F",.,"A",.,"A",1315,"F",175,"F",.,"A",.,"A",.,"A",.,"A"
"20153","03106592",39,0,"1",3900,"D",1105,"D",.,"A",910,"D",0,"D",.,"A",.,"A",2795,"D",0,"D",48,"D",624,"D",.,"A",.,"A"
"20153","03106612",19,0,"1",975,"D",65,"D",.,"A",0,"D",0,"D",.,"A",.,"A",910,"D",0,"D",.,"A",.,"A",.,"A",.,"A"
"20153","03106662",72,0,"1",1300,"D",195,"D",.,"A",260,"D",0,"D",.,"A",.,"A",1105,"D",0,"D",.,"A",.,"A",.,"A",.,"A"
"20153","03106674",50,0,"1",1300,"D",260,"D",.,"A",636,"F",0,"D",.,"A",.,"A",1040,"D",0,"D",.,"A",.,"A",.,"A",.,"A"
"20153","03106682",87,0,"1",1040,"D",130,"D",390,"D",1170,"D",0,"D",.,"A",177,"F",910,"D",0,"D",.,"A",.,"A",.,"A",.,"A"
"20153","03106692",22,0,"1",5200,"D",520,"D",650,"D",1560,"D",0,"D",.,"A",.,"A",4680,"D",0,"D",.,"A",.,"A",.,"A",.,"A"
"20153","03106705",9,0,"1",780,"D",325,"D",130,"D",130,"D",300,"D",.,"A",.,"A",455,"D",600,"D",5,"D",65,"D",.,"A",.,"A"
"20153","03106712",47,0,"1",1950,"D",344,"F",.,"A",975,"D",90,"D",.,"A",.,"A",1321,"F",300,"D",.,"A",.,"A",.,"A",.,"A"
"20153","03106722",31,0,"1",975,"D",390,"D",.,"A",1300,"D",0,"D",.,"A",.,"A",585,"D",0,"D",.,"A",.,"A",.,"A",.,"A"
"20153","03106732",39,0,"1",650,"D",65,"D",.,"A",26,"D",6,"D",.,"A",.,"A",585,"D",6,"D",.,"A",.,"A",.,"A",.,"A"
"20153","03106752",15,0,"1",780,"D",0,"D",260,"D",0,"D",0,"D",.,"A",.,"A",780,"D",0,"D",15,"D",195,"D",.,"A",.,"A"
"20153","03106762",16,0,"1",910,"D",173,"F",.,"A",325,"D",0,"D",.,"A",.,"A",623,"F",0,"D",70,"D",910,"D",.,"A",.,"A"
"20153","03106772",17,0,"1",650,"D",325,"D",.,"A",0,"D",0,"D",.,"A",.,"A",325,"D",54,"D",.,"A",.,"A",.,"A",.,"A"
"20153","03106792",32,0,"1",975,"D",325,"D",.,"A",65,"D",0,"D",.,"A",.,"A",650,"D",75,"D",.,"A",.,"A",.,"A",.,"A"
"20153","03106812",16,0,"1",6500,"D",650,"D",.,"A",910,"D",0,"D",.,"A",.,"A",5850,"D",0,"D",.,"A",.,"A",.,"A",.,"A"
"20153","03106824",24,0,"1",1950,"D",260,"D",325,"D",780,"D",0,"D",.,"A",.,"A",1690,"D",480,"D",60,"D",780,"D",.,"A",.,"A"
"20153","03106834",25,0,"1",1690,"D",0,"D",130,"D",520,"D",0,"D",.,"A",.,"A",1690,"D",0,"D",.,"A",.,"A",.,"A",.,"A"
"20153","03106844",30,0,"1",1300,"D",260,"D",.,"A",195,"D",0,"D",.,"A",.,"A",1040,"D",0,"D",.,"A",.,"A",.,"A",.,"A"
"20153","03106854",22,0,"1",1862,"F",.,"A",.,"A",1187,"F",232,"F",.,"A",.,"A",1479,"F",248,"F",.,"A",.,"A",.,"A",.,"A"
"20153","03106862",35,0,"1",1573,"D",156,"D",.,"A",1235,"D",225,"D",.,"A",.,"A",1417,"D",150,"D",.,"A",.,"A",.,"A",.,"A"
"20153","03106983",27,0,"1",1300,"D",390,"D",.,"A",260,"D",30,"D",.,"A",.,"A",910,"D",150,"D",58,"D",754,"D",.,"A",.,"A"
"20153","03107002",65,0,"1",3380,"D",650,"D",650,"D",1300,"D",0,"D",380,"D",295,"D",2730,"D",240,"D",.,"A",.,"A",.,"A",.,"A"
"20153","03107032",37,0,"1",1625,"D",195,"D",.,"A",780,"D",300,"D",.,"A",.,"A",1430,"D",450,"D",.,"A",.,"A",390,"D",30,"D"
"20153","03107044",39,0,"1",1560,"D",325,"D",.,"A",0,"D",0,"D",.,"A",.,"A",1235,"D",54,"D",.,"A",.,"A",.,"A",.,"A"
"20153","03107054",22,0,"1",780,"D",130,"D",.,"A",650,"D",0,"D",.,"A",.,"A",650,"D",0,"D",.,"A",.,"A",195,"D",15,"D"
"20153","03107062",45,0,"1",1300,"D",455,"D",.,"A",520,"D",0,"D",.,"A",.,"A",845,"D",0,"D",.,"A",.,"A",.,"A",.,"A"
"20153","03107073",48,0,"1",2600,"D",0,"D",650,"D",325,"D",0,"D",.,"A",684,"D",2600,"D",0,"D",.,"A",.,"A",.,"A",.,"A"
"20153","03107093",22,0,"1",650,"D",130,"D",.,"A",260,"D",0,"D",.,"A",.,"A",520,"D",60,"D",.,"A",.,"A",.,"A",.,"A"
"20153","03107134",16,0,"1",780,"D",156,"D",.,"A",130,"D",0,"D",.,"A",.,"A",624,"D",0,"D",25,"D",325,"D",.,"A",.,"A"
"20153","03107152",18,0,"1",910,"D",445,"F",.,"A",520,"D",0,"D",.,"A",.,"A",1438,"F",0,"D",.,"A",.,"A",.,"A",.,"A"
"20153","03107163",16,0,"1",260,"D",65,"D",.,"A",39,"D",0,"D",.,"A",.,"A",195,"D",0,"D",.,"A",.,"A",.,"A",.,"A"
"20153","03107212",47,0,"1",1300,"D",260,"D",.,"A",650,"D",60,"D",.,"A",.,"A",1040,"D",60,"D",.,"A",.,"A",.,"A",.,"A"
"20153","03107223",59,0,"1",3250,"D",325,"D",.,"A",650,"D",0,"D",.,"A",140,"D",2925,"D",75,"D",.,"A",.,"A",.,"A",.,"A"
"20153","03107234",31,0,"1",130,"D",39,"D",.,"A",1820,"D",0,"D",.,"A",.,"A",91,"D",0,"D",.,"A",.,"A",.,"A",.,"A"
"20153","03107242",63,0,"1",1300,"D",390,"D",130,"D",520,"D",0,"D",.,"A",30,"D",910,"D",0,"D",.,"A",.,"A",.,"A",.,"A"
"20153","03107263",43,0,"1",1560,"D",1300,"D",.,"A",910,"D",600,"D",.,"A",.,"A",260,"D",1350,"D",30,"D",390,"D",260,"D",20,"D"
"20153","03107272",23,0,"1",975,"D",195,"D",.,"A",845,"D",0,"D",.,"A",.,"A",780,"D",0,"D",.,"A",.,"A",.,"A",.,"A"
"20153","03107302",40,0,"1",1443,"F",.,"A",.,"A",1300,"D",0,"D",.,"A",.,"A",1154,"F",0,"D",.,"A",.,"A",.,"A",.,"A"
"20153","03107342",48,0,"1",1560,"D",195,"D",.,"A",780,"D",60,"D",.,"A",.,"A",1365,"D",240,"D",.,"A",.,"A",.,"A",.,"A"
"20153","03107362",38,0,"1",975,"D",0,"D",.,"A",0,"D",0,"D",.,"A",.,"A",975,"D",0,"D",.,"A",.,"A",.,"A",.,"A"
"20153","03107372",37,0,"1",1079,"F",.,"A",.,"A",1189,"F",274,"F",.,"A",.,"A",895,"F",193,"F",.,"A",.,"A",.,"A",.,"A"
"20153","03107382",72,0,"1",1560,"D",0,"D",.,"A",390,"D",0,"D",.,"A",.,"A",1560,"D",0,"D",.,"A",.,"A",.,"A",.,"A"
"20153","03107402",21,0,"1",1950,"D",390,"D",.,"A",260,"D",0,"D",.,"A",75,"D",1560,"D",0,"D",.,"A",.,"A",260,"D",20,"D"
"20153","03107432",47,0,"1",1625,"D",325,"D",.,"A",572,"D",0,"D",.,"A",.,"A",1300,"D",0,"D",.,"A",.,"A",.,"A",.,"A"
"20153","03107443",33,0,"1",1300,"D",260,"D",130,"D",975,"D",0,"D",.,"A",50,"D",1040,"D",0,"D",.,"A",.,"A",.,"A",.,"A"
"20153","03107452",53,0,"1",2600,"D",325,"D",.,"A",650,"D",150,"D",.,"A",.,"A",2275,"D",300,"D",.,"A",.,"A",.,"A",.,"A"
"20153","03107484",56,0,"1",2600,"D",0,"D",.,"A",1300,"D",0,"D",.,"A",.,"A",2600,"D",0,"D",.,"A",.,"A",.,"A",.,"A"
"20153","03107534",23,0,"1",520,"D",65,"D",.,"A",0,"D",0,"D",.,"A",.,"A",455,"D",0,"D",.,"A",.,"A",.,"A",.,"A"
"20153","03107574",29,0,"1",1300,"D",0,"D",520,"D",650,"D",0,"D",.,"A",.,"A",1300,"D",120,"D",50,"D",650,"D",.,"A",.,"A"
"20153","03107602",102,0,"1",1690,"D",390,"D",.,"A",130,"D",18,"D",.,"A",.,"A",1300,"D",90,"D",.,"A",.,"A",.,"A",.,"A"
"20153","03107622",11,0,"1",0,"D",.,"A",.,"A",0,"D",0,"D",.,"A",.,"A",0,"D",0,"D",.,"A",.,"A",.,"A",.,"A"
"20153","03107632",19,0,"1",1300,"D",0,"D",.,"A",1300,"D",0,"D",.,"A",.,"A",1300,"D",148,"F",.,"A",.,"A",.,"A",.,"A"
"20153","03107654",13,0,"1",1300,"D",390,"D",325,"D",0,"D",0,"D",.,"A",.,"A",910,"D",120,"D",80,"D",1040,"D",.,"A",.,"A"
"20153","03107662",56,0,"1",1495,"D",455,"D",325,"D",390,"D",0,"D",.,"A",.,"A",1040,"D",0,"D",.,"A",.,"A",.,"A",.,"A"
"20153","03107672",13,0,"1",1625,"D",0,"D",.,"A",650,"D",0,"D",.,"A",.,"A",1625,"D",0,"D",.,"A",.,"A",.,"A",.,"A"
"20153","03107693",23,0,"1",1885,"D",0,"D",195,"D",390,"D",0,"D",.,"A",.,"A",1885,"D",0,"D",.,"A",.,"A",.,"A",.,"A"
"20153","03107712",37,0,"1",650,"D",325,"D",.,"A",65,"D",0,"D",.,"A",.,"A",325,"D",0,"D",.,"A",.,"A",.,"A",.,"A"
"20153","03107723",43,0,"1",1950,"D",260,"D",.,"A",260,"D",0,"D",.,"A",.,"A",1690,"D",0,"D",.,"A",.,"A",.,"A",.,"A"
"20153","03107732",18,0,"1",1170,"D",520,"D",.,"A",0,"D",0,"D",.,"A",.,"A",650,"D",0,"D",.,"A",.,"A",.,"A",.,"A"
"20153","03107743",30,0,"1",2600,"D",650,"D",.,"A",0,"D",0,"D",.,"A",.,"A",1950,"D",60,"D",48,"D",624,"D",.,"A",.,"A"
"20153","03107813",13,0,"1",650,"D",260,"D",.,"A",0,"D",0,"D",.,"A",.,"A",390,"D",0,"D",.,"A",.,"A",.,"A",.,"A"
"20153","03107832",27,0,"1",1950,"D",650,"D",520,"D",260,"D",0,"D",.,"A",.,"A",1300,"D",0,"D",.,"A",.,"A",.,"A",.,"A"
"20153","03107874",12,0,"1",0,"D",.,"A",.,"A",104,"D",0,"D",.,"A",.,"A",0,"D",0,"D",.,"A",.,"A",.,"A",.,"A"
"20153","03107883",21,0,"1",1300,"D",455,"D",.,"A",0,"D",0,"D",.,"A",.,"A",845,"D",60,"D",.,"A",.,"A",.,"A",.,"A"
"20153","03107933",46,0,"1",1300,"D",260,"D",.,"A",260,"D",0,"D",.,"A",20,"D",1040,"D",0,"D",.,"A",.,"A",.,"A",.,"A"
"20153","03107953",26,0,"1",780,"D",195,"D",.,"A",0,"D",0,"D",.,"A",.,"A",585,"D",0,"D",.,"A",.,"A",.,"A",.,"A"
"20153","03107962",44,0,"1",2600,"D",0,"D",.,"A",650,"D",0,"D",.,"A",.,"A",2600,"D",0,"D",.,"A",.,"A",.,"A",.,"A"
"20153","03107982",35,0,"1",1430,"D",130,"D",.,"A",1300,"D",0,"D",.,"A",.,"A",1300,"D",0,"D",.,"A",.,"A",.,"A",.,"A"
"20153","03107992",35,0,"1",2275,"D",975,"D",.,"A",650,"D",150,"D",.,"A",.,"A",1300,"D",150,"D",.,"A",.,"A",.,"A",.,"A"
"20153","03108024",16,0,"1",780,"D",260,"D",.,"A",156,"D",30,"D",.,"A",.,"A",520,"D",21,"D",.,"A",.,"A",.,"A",.,"A"
"20153","03108064",16,0,"1",585,"D",130,"D",390,"D",585,"D",0,"D",.,"A",.,"A",455,"D",0,"D",.,"A",.,"A",.,"A",.,"A"
"20153","03108072",37,0,"1",260,"D",0,"D",.,"A",650,"D",480,"D",.,"A",.,"A",260,"D",300,"D",.,"A",.,"A",.,"A",.,"A"
"20153","03108112",46,0,"1",975,"D",130,"D",.,"A",390,"D",0,"D",.,"A",.,"A",845,"D",0,"D",.,"A",.,"A",.,"A",.,"A"
"20153","03108134",19,0,"1",585,"D",13,"D",.,"A",0,"D",0,"D",.,"A",.,"A",572,"D",90,"D",.,"A",.,"A",.,"A",.,"A"
"20153","03108154",28,0,"1",1625,"D",325,"D",.,"A",390,"D",0,"D",.,"A",.,"A",1300,"D",0,"D",.,"A",.,"A",.,"A",.,"A"
"20153","03108204",7,0,"1",130,"D",0,"D",.,"A",0,"D",0,"D",.,"A",.,"A",130,"D",0,"D",.,"A",.,"A",.,"A",.,"A"
"20153","03108233",28,0,"1",650,"D",130,"D",.,"A",260,"D",0,"D",.,"A",.,"A",520,"D",0,"D",.,"A",.,"A",.,"A",.,"A"
"20153","03108252",18,0,"1",650,"D",0,"D",.,"A",520,"D",0,"D",.,"A",.,"A",650,"D",0,"D",.,"A",.,"A",.,"A",.,"A"
"20153","03108284",38,0,"1",1300,"D",0,"D",260,"D",325,"D",600,"D",.,"A",.,"A",1300,"D",36,"D",35,"D",455,"D",.,"A",.,"A"
"20153","03108292",39,0,"1",1648,"F",.,"A",.,"A",0,"D",0,"D",.,"A",.,"A",1321,"F",0,"D",.,"A",.,"A",.,"A",.,"A"
"20153","03108302",12,0,"1",520,"D",39,"D",65,"D",0,"D",0,"D",.,"A",.,"A",481,"D",0,"D",.,"A",.,"A",.,"A",.,"A"
"20153","03108323",19,0,"1",520,"D",0,"D",.,"A",260,"D",0,"D",.,"A",.,"A",520,"D",0,"D",.,"A",.,"A",.,"A",.,"A"
"20153","03108352",14,0,"1",1827,"F",.,"A",.,"A",835,"F",127,"F",.,"A",.,"A",1438,"F",194,"F",.,"A",.,"A",.,"A",.,"A"
"20153","03108362",30,0,"1",650,"D",325,"D",.,"A",0,"D",0,"D",.,"A",.,"A",325,"D",30,"D",.,"A",.,"A",.,"A",.,"A"
"20153","03108384",18,0,"1",455,"D",130,"D",.,"A",0,"D",0,"D",.,"A",.,"A",325,"D",0,"D",.,"A",.,"A",.,"A",.,"A"
"20153","03108392",23,0,"1",1820,"D",65,"D",260,"D",390,"D",0,"D",.,"A",120,"D",1755,"D",0,"D",.,"A",.,"A",.,"A",.,"A"
"20153","03108412",31,0,"1",1950,"D",0,"D",.,"A",1300,"D",0,"D",.,"A",.,"A",1950,"D",0,"D",50,"D",650,"D",.,"A",.,"A"
"20153","03108422",18,0,"1",4225,"D",2080,"D",.,"A",390,"D",0,"D",.,"A",.,"A",2145,"D",0,"D",.,"A",.,"A",.,"A",.,"A"
"20153","03108433",21,0,"1",1561,"F",.,"A",.,"A",757,"F",0,"D",.,"A",.,"A",1315,"F",0,"D",.,"A",.,"A",.,"A",.,"A"
"20153","03108452",47,0,"1",1625,"D",195,"D",130,"D",1950,"D",60,"D",.,"A",.,"A",1430,"D",0,"D",20,"D",260,"D",.,"A",.,"A"
"20153","03108462",34,0,"1",1560,"D",130,"D",.,"A",169,"D",0,"D",.,"A",.,"A",1430,"D",0,"D",.,"A",.,"A",520,"D",40,"D"
"20153","03108474",15,0,"1",910,"D",130,"D",.,"A",0,"D",0,"D",.,"A",.,"A",780,"D",0,"D",.,"A",.,"A",.,"A",.,"A"
"20153","03108483",16,0,"1",910,"D",260,"D",.,"A",0,"D",0,"D",.,"A",.,"A",650,"D",0,"D",.,"A",.,"A",.,"A",.,"A"
"20153","03108494",31,0,"1",1235,"D",0,"D",.,"A",260,"D",0,"D",.,"A",.,"A",1235,"D",0,"D",.,"A",.,"A",.,"A",.,"A"
"20153","03108532",26,0,"1",1300,"D",390,"D",.,"A",130,"D",0,"D",.,"A",40,"D",910,"D",0,"D",35,"D",455,"D",.,"A",.,"A"
"20153","03108544",21,0,"1",2600,"D",260,"D",.,"A",1300,"D",0,"D",.,"A",60,"D",2340,"D",90,"D",.,"A",.,"A",.,"A",.,"A"
"20153","03108562",34,0,"1",481,"D",0,"D",.,"A",0,"D",0,"D",.,"A",.,"A",481,"D",0,"D",15,"D",195,"D",.,"A",.,"A"
"20153","03108604",33,0,"1",650,"D",0,"D",.,"A",0,"D",0,"D",.,"A",.,"A",650,"D",0,"D",58,"D",754,"D",.,"A",.,"A"
"20153","03108622",37,0,"1",2600,"D",130,"D",.,"A",650,"D",150,"D",.,"A",.,"A",2470,"D",150,"D",.,"A",.,"A",.,"A",.,"A"
"20153","03108642",24,0,"1",1950,"D",260,"D",.,"A",260,"D",0,"D",.,"A",.,"A",1690,"D",0,"D",.,"A",.,"A",.,"A",.,"A"
"20153","03108653",28,0,"1",975,"D",260,"D",.,"A",455,"D",0,"D",343,"F",.,"A",715,"D",0,"D",.,"A",.,"A",.,"A",.,"A"
"20153","03108674",32,0,"1",1950,"D",650,"D",.,"A",0,"D",0,"D",.,"A",.,"A",1300,"D",0,"D",.,"A",.,"A",130,"D",10,"D"
"20153","03108744",29,0,"1",1300,"D",195,"D",.,"A",1950,"D",0,"D",.,"A",.,"A",1105,"D",45,"D",.,"A",.,"A",.,"A",.,"A"
"20153","03108752",26,0,"1",650,"D",0,"D",.,"A",0,"D",0,"D",.,"A",.,"A",650,"D",120,"D",55,"D",715,"D",.,"A",.,"A"
"20153","03108772",22,0,"1",975,"D",260,"D",.,"A",65,"D",0,"D",.,"A",.,"A",715,"D",45,"D",20,"D",260,"D",.,"A",.,"A"
"20153","03108802",34,0,"1",1300,"D",130,"D",.,"A",0,"D",0,"D",.,"A",.,"A",1170,"D",0,"D",.,"A",.,"A",.,"A",.,"A"
"20153","03108814",30,0,"1",2600,"D",390,"D",.,"A",520,"D",0,"D",.,"A",.,"A",2210,"D",0,"D",.,"A",.,"A",.,"A",.,"A"
"20153","03108822",24,0,"1",520,"D",130,"D",.,"A",0,"D",0,"D",.,"A",.,"A",390,"D",0,"D",.,"A",.,"A",.,"A",.,"A"
"20153","03108834",52,0,"1",1300,"D",260,"D",975,"D",975,"D",0,"D",.,"A",.,"A",1040,"D",60,"D",.,"A",.,"A",.,"A",.,"A"
"20153","03108853",11,0,"1",975,"D",260,"D",.,"A",0,"D",0,"D",.,"A",.,"A",715,"D",0,"D",.,"A",.,"A",.,"A",.,"A"
"20153","03108862",40,0,"1",1950,"D",520,"D",.,"A",325,"D",0,"D",.,"A",.,"A",1430,"D",0,"D",.,"A",.,"A",.,"A",.,"A"
"20153","03108872",49,0,"1",1561,"F",.,"A",.,"A",757,"F",0,"D",.,"A",.,"A",1315,"F",0,"D",.,"A",.,"A",.,"A",.,"A"
"20153","03108972",17,0,"1",91,"D",26,"D",.,"A",390,"D",0,"D",.,"A",.,"A",65,"D",0,"D",21,"D",273,"D",.,"A",.,"A"
"20153","03108984",26,0,"1",1625,"D",325,"D",221,"D",65,"D",0,"D",.,"A",.,"A",1300,"D",0,"D",4,"D",52,"D",.,"A",.,"A"
"20153","03109004",26,0,"1",1300,"D",195,"D",.,"A",325,"D",0,"D",.,"A",.,"A",1105,"D",30,"D",.,"A",.,"A",.,"A",.,"A"
"20153","03109013",13,0,"1",910,"D",130,"D",.,"A",835,"F",127,"F",.,"A",.,"A",780,"D",194,"F",.,"A",.,"A",.,"A",.,"A"
"20153","03109022",71,0,"1",3692,"D",1105,"D",.,"A",1300,"D",1500,"D",.,"A",108,"D",2587,"D",90,"D",.,"A",.,"A",.,"A",.,"A"
"20153","03109072",16,0,"1",1300,"D",260,"D",.,"A",650,"D",15,"D",.,"A",.,"A",1040,"D",0,"D",25,"D",325,"D",.,"A",.,"A"
"20153","03109084",19,0,"1",1950,"D",650,"D",195,"D",0,"D",0,"D",.,"A",.,"A",1300,"D",0,"D",.,"A",.,"A",.,"A",.,"A"
"20153","03109092",19,0,"1",1040,"D",260,"D",.,"A",0,"D",0,"D",.,"A",.,"A",780,"D",45,"D",.,"A",.,"A",.,"A",.,"A"
"20153","03109102",31,0,"1",975,"D",0,"D",.,"A",260,"D",0,"D",.,"A",.,"A",975,"D",90,"D",.,"A",.,"A",.,"A",.,"A"
"20153","03109125",16,0,"1",650,"D",65,"D",.,"A",650,"D",180,"D",.,"A",.,"A",585,"D",0,"D",30,"D",390,"D",.,"A",.,"A"
"20153","03109154",25,0,"1",325,"D",130,"D",.,"A",130,"D",60,"D",.,"A",.,"A",195,"D",90,"D",10,"D",130,"D",156,"D",12,"D"
"20153","03109204",52,0,"1",1079,"D",260,"D",65,"D",195,"D",0,"D",.,"A",.,"A",819,"D",0,"D",.,"A",.,"A",.,"A",.,"A"
"20153","03109224",15,0,"1",1300,"D",650,"D",.,"A",0,"D",0,"D",.,"A",.,"A",650,"D",0,"D",.,"A",.,"A",234,"D",18,"D"
"20153","03109262",19,0,"1",1950,"D",260,"D",.,"A",1300,"D",0,"D",.,"A",.,"A",1690,"D",75,"D",.,"A",.,"A",.,"A",.,"A"
"20153","03109273",30,0,"1",2275,"D",975,"D",.,"A",520,"D",0,"D",.,"A",.,"A",1300,"D",0,"D",.,"C",351,"F",.,"A",.,"A"
"20153","03109283",17,0,"1",1300,"D",260,"D",.,"A",650,"D",60,"D",.,"A",.,"A",1040,"D",90,"D",25,"D",325,"D",.,"A",.,"A"
"20153","03109293",22,0,"1",1040,"D",0,"D",.,"A",390,"D",0,"D",.,"A",.,"A",1040,"D",0,"D",.,"A",.,"A",.,"A",.,"A"
"20153","03109302",21,0,"1",1040,"D",65,"D",.,"A",812,"F",0,"D",.,"A",.,"A",975,"D",0,"D",.,"A",.,"A",.,"A",.,"A"
"20153","03109313",28,0,"1",1105,"D",650,"D",.,"A",325,"D",0,"D",.,"A",.,"A",455,"D",0,"D",.,"A",.,"A",.,"A",.,"A"
"20153","03109342",20,0,"1",2405,"D",65,"D",.,"A",780,"D",0,"D",.,"A",.,"A",2340,"D",0,"D",.,"A",.,"A",.,"A",.,"A"
"20153","03109402",17,0,"1",2600,"D",325,"D",.,"A",0,"D",0,"D",.,"A",.,"A",2275,"D",0,"D",.,"A",.,"A",.,"A",.,"A"
"20153","03109482",30,0,"1",520,"D",65,"D",.,"A",78,"D",0,"D",.,"A",.,"A",455,"D",0,"D",.,"A",.,"A",.,"A",.,"A"
"20153","03109492",11,0,"1",975,"D",195,"D",.,"A",0,"D",0,"D",.,"A",.,"A",780,"D",0,"D",.,"A",.,"A",.,"A",.,"A"
"20153","03109512",16,0,"1",741,"D",0,"D",130,"D",0,"D",0,"D",.,"A",.,"A",741,"D",0,"D",15,"D",195,"D",.,"A",.,"A"
"20153","03109534",64,0,"1",2275,"D",650,"D",260,"D",390,"D",0,"D",.,"A",40,"D",1625,"D",45,"D",.,"A",.,"A",130,"D",10,"D"
"20153","03109554",30,0,"1",975,"D",325,"D",130,"D",260,"D",0,"D",.,"A",.,"A",650,"D",0,"D",.,"A",.,"A",.,"A",.,"A"
"20153","03109574",32,0,"1",260,"D",91,"D",.,"A",156,"D",60,"D",.,"A",.,"A",169,"D",45,"D",.,"A",.,"A",.,"A",.,"A"
"20153","03109582",40,0,"1",1300,"D",130,"D",.,"A",0,"D",0,"D",.,"A",.,"A",1170,"D",0,"D",.,"A",.,"A",.,"A",.,"A"
"20153","03109593",17,0,"1",1950,"D",0,"D",195,"D",780,"D",0,"D",.,"A",.,"A",1950,"D",0,"D",.,"A",.,"A",.,"A",.,"A"
"20153","03109612",17,0,"1",780,"D",65,"D",.,"A",975,"D",0,"D",.,"A",.,"A",715,"D",0,"D",.,"A",.,"A",.,"A",.,"A"
"20153","03109622",17,0,"1",3900,"D",260,"D",130,"D",650,"D",0,"D",.,"A",.,"A",3640,"D",0,"D",.,"A",.,"A",.,"A",.,"A"
"20153","03109632",24,0,"1",3250,"D",1300,"D",.,"A",0,"D",0,"D",.,"A",.,"A",1950,"D",0,"D",.,"A",.,"A",.,"A",.,"A"
"20153","03109643",21,0,"1",1300,"D",156,"D",.,"A",1300,"D",0,"D",.,"A",.,"A",1144,"D",0,"D",.,"A",.,"A",.,"A",.,"A"
"20153","03109662",25,0,"1",650,"D",325,"D",.,"A",0,"D",0,"D",.,"A",.,"A",325,"D",0,"D",.,"A",.,"A",.,"A",.,"A"
"20153","03109672",21,0,"1",2600,"D",434,"F",260,"D",650,"D",0,"D",.,"A",.,"A",1666,"F",300,"D",.,"A",.,"A",.,"A",.,"A"
"20153","03109704",23,0,"1",260,"D",0,"D",.,"A",91,"D",0,"D",.,"A",.,"A",260,"D",0,"D",.,"A",.,"A",.,"A",.,"A"
"20153","03109732",8,0,"1",1950,"D",260,"D",.,"A",65,"D",0,"D",.,"A",.,"A",1690,"D",0,"D",25,"D",325,"D",.,"A",.,"A"
"20153","03109744",64,0,"1",1885,"D",195,"D",.,"A",390,"D",0,"D",.,"A",26,"D",1690,"D",36,"D",.,"A",.,"A",.,"A",.,"A"
"20153","03109752",43,0,"1",1248,"D",260,"D",.,"A",600,"F",0,"D",.,"A",.,"A",988,"D",0,"D",30,"D",390,"D",.,"A",.,"A"
"20153","03109762",62,0,"1",260,"D",65,"D",.,"A",325,"D",30,"D",.,"A",.,"A",195,"D",90,"D",.,"A",.,"A",.,"A",.,"A"
"20153","03109772",68,0,"1",2600,"D",260,"D",169,"D",1300,"D",0,"D",.,"A",.,"A",2340,"D",0,"D",.,"A",.,"A",.,"A",.,"A"
"20153","03109784",33,0,"1",2600,"D",650,"D",.,"A",325,"D",0,"D",.,"A",.,"A",1950,"D",0,"D",43,"D",559,"D",.,"A",.,"A"
"20153","03109804",36,0,"1",2232,"F",.,"A",.,"A",799,"F",127,"F",.,"A",.,"A",1866,"F",120,"F",.,"A",.,"A",.,"A",.,"A"
"20153","03109852",35,0,"1",2600,"D",445,"F",.,"A",910,"D",0,"D",.,"A",.,"A",1825,"F",0,"D",.,"A",.,"A",.,"A",.,"A"
"20153","03109892",65,0,"1",1300,"D",0,"D",.,"A",455,"D",0,"D",.,"A",.,"A",1300,"D",0,"D",.,"A",.,"A",.,"A",.,"A"
"20153","03109932",23,0,"1",1300,"D",325,"D",195,"D",195,"D",0,"D",.,"A",.,"A",975,"D",0,"D",10,"D",130,"D",.,"A",.,"A"
"20153","03109942",34,0,"1",975,"D",195,"D",.,"A",130,"D",0,"D",.,"A",.,"A",780,"D",45,"D",8,"D",104,"D",.,"A",.,"A"
"20153","03110004",63,0,"1",1950,"D",195,"D",260,"D",260,"D",0,"D",.,"A",.,"A",1755,"D",0,"D",.,"A",.,"A",.,"A",.,"A"
"20153","03110012",61,0,"1",1300,"D",195,"D",.,"A",195,"D",0,"D",.,"A",.,"A",1105,"D",300,"D",.,"A",.,"A",195,"D",15,"D"
"20153","03110032",15,0,"1",780,"D",52,"D",.,"A",0,"D",6,"D",.,"A",.,"A",728,"D",6,"D",.,"A",.,"A",.,"A",.,"A"
"20153","03110042",56,0,"1",1950,"D",390,"D",.,"A",975,"D",150,"D",.,"A",160,"D",1560,"D",240,"D",.,"A",.,"A",.,"A",.,"A"
"20153","03110052",24,0,"1",2600,"D",325,"D",.,"A",975,"D",0,"D",.,"A",.,"A",2275,"D",0,"D",.,"A",.,"A",.,"A",.,"A"
"20153","03110062",54,0,"1",1950,"D",325,"D",.,"A",520,"D",0,"D",.,"A",.,"A",1625,"D",0,"D",.,"A",.,"A",.,"A",.,"A"
"20153","03110074",39,0,"1",1300,"D",195,"D",.,"A",325,"D",60,"D",.,"A",.,"A",1105,"D",90,"D",.,"A",.,"A",.,"A",.,"A"
"20153","03110102",39,0,"1",1950,"D",975,"D",156,"D",390,"D",0,"D",.,"A",.,"A",975,"D",0,"D",.,"A",.,"A",.,"A",.,"A"
"20153","03110113",21,0,"1",1560,"D",260,"D",.,"A",455,"D",90,"D",.,"A",.,"A",1300,"D",300,"D",.,"A",.,"A",.,"A",.,"A"
"20153","03110144",35,0,"1",975,"D",325,"D",.,"A",650,"D",0,"D",.,"A",.,"A",650,"D",0,"D",.,"A",.,"A",.,"A",.,"A"
"20153","03110172",49,0,"1",3250,"D",325,"D",.,"A",910,"D",0,"D",.,"A",102,"D",2925,"D",150,"D",.,"A",.,"A",.,"A",.,"A"
"20153","03110184",38,0,"1",1950,"D",650,"D",.,"A",585,"D",0,"D",.,"A",.,"A",1300,"D",0,"D",.,"A",.,"A",.,"A",.,"A"
"20153","03110192",20,0,"1",975,"D",0,"D",.,"A",520,"D",0,"D",.,"A",.,"A",975,"D",0,"D",.,"A",.,"A",.,"A",.,"A"
"20153","03110232",20,0,"1",1040,"D",195,"D",.,"A",390,"D",0,"D",.,"A",.,"A",845,"D",0,"D",.,"A",.,"A",.,"A",.,"A"
"20153","03110253",38,0,"1",650,"D",0,"D",.,"A",520,"D",0,"D",.,"A",.,"A",650,"D",0,"D",.,"A",.,"A",.,"A",.,"A"
"20153","03110274",26,0,"1",1950,"D",325,"D",.,"A",260,"D",0,"D",.,"A",.,"A",1625,"D",0,"D",.,"A",.,"A",.,"A",.,"A"
"20153","03110303",30,0,"1",2275,"D",325,"D",.,"A",455,"D",0,"D",.,"A",.,"A",1950,"D",0,"D",.,"A",.,"A",.,"A",.,"A"
"20153","03110312",31,0,"1",650,"D",130,"D",.,"A",0,"D",0,"D",.,"A",60,"D",520,"D",0,"D",5,"D",65,"D",.,"A",.,"A"
"20153","03110362",41,0,"1",325,"D",325,"D",.,"A",0,"D",0,"D",.,"A",.,"A",0,"D",0,"D",.,"A",.,"A",65,"D",5,"D"
"20153","03110372",35,0,"1",1300,"D",325,"D",325,"D",650,"D",72,"D",.,"A",.,"A",975,"D",0,"D",.,"A",.,"A",.,"A",.,"A"
"20153","03110413",22,0,"1",325,"D",65,"D",715,"D",1300,"D",0,"D",.,"A",.,"A",260,"D",69,"D",.,"A",.,"A",.,"A",.,"A"
"20153","03110434",41,0,"1",1560,"D",520,"D",.,"A",520,"D",0,"D",.,"A",.,"A",1040,"D",0,"D",.,"A",.,"A",.,"A",.,"A"
"20153","03110462",20,0,"1",650,"D",130,"D",.,"A",650,"D",30,"D",.,"A",.,"A",520,"D",75,"D",.,"A",.,"A",.,"A",.,"A"
"20153","03110472",15,0,"1",1690,"D",650,"D",.,"A",0,"D",0,"D",.,"A",.,"A",1040,"D",0,"D",.,"A",.,"A",.,"A",.,"A"
"20153","03110502",18,0,"1",0,"D",.,"A",.,"A",390,"D",0,"D",.,"A",.,"A",0,"D",0,"D",.,"A",.,"A",.,"A",.,"A"
"20153","03110522",48,0,"1",650,"D",65,"D",130,"D",130,"D",0,"D",.,"A",.,"A",585,"D",105,"D",.,"A",.,"A",.,"A",.,"A"
"20153","03110532",43,0,"1",780,"D",130,"D",169,"D",1300,"D",30,"D",.,"A",.,"A",650,"D",120,"D",.,"A",.,"A",.,"A",.,"A"
"20153","03110552",45,0,"1",390,"D",0,"D",.,"A",65,"D",0,"D",.,"A",.,"A",390,"D",0,"D",.,"A",.,"A",.,"A",.,"A"
"20153","03110573",22,0,"1",1300,"D",520,"D",260,"D",520,"D",0,"D",.,"A",.,"A",780,"D",90,"D",.,"A",.,"A",.,"A",.,"A"
"20153","03110582",12,0,"1",2210,"D",260,"D",.,"A",0,"D",0,"D",.,"A",.,"A",1950,"D",0,"D",.,"A",.,"A",.,"A",.,"A"
"20153","03110594",33,0,"1",1300,"D",650,"D",.,"A",650,"D",0,"D",.,"A",.,"A",650,"D",0,"D",.,"A",.,"A",.,"A",.,"A"
"20153","03110603",23,0,"1",1300,"D",260,"D",.,"A",975,"D",0,"D",.,"A",.,"A",1040,"D",0,"D",.,"A",.,"A",.,"A",.,"A"
"20153","03110682",17,0,"1",1950,"D",130,"D",.,"A",260,"D",0,"D",.,"A",.,"A",1820,"D",0,"D",.,"A",.,"A",.,"A",.,"A"
"20153","03110692",48,0,"1",2600,"D",650,"D",.,"A",3705,"D",0,"D",720,"D",.,"A",1950,"D",0,"D",.,"A",.,"A",.,"A",.,"A"
"20153","03110723",48,0,"1",1456,"D",156,"D",.,"A",455,"D",45,"D",.,"A",50,"D",1300,"D",0,"D",.,"A",.,"A",.,"A",.,"A"
"20153","03110762",25,0,"1",975,"D",260,"D",260,"D",975,"D",150,"D",.,"A",.,"A",715,"D",300,"D",.,"A",.,"A",.,"A",.,"A"
"20153","03110772",20,0,"1",1300,"D",130,"D",.,"A",1040,"D",0,"D",.,"A",.,"A",1170,"D",180,"D",.,"A",.,"A",.,"A",.,"A"
"20153","03110802",13,0,"1",650,"D",130,"D",.,"A",0,"D",0,"D",.,"A",.,"A",520,"D",0,"D",.,"A",.,"A",.,"A",.,"A"
"20153","03110822",48,0,"1",1950,"D",390,"D",260,"D",2600,"D",150,"D",.,"A",.,"A",1560,"D",300,"D",.,"A",.,"A",.,"A",.,"A"
"20153","03110852",33,0,"1",1204,"F",.,"A",.,"A",449,"F",143,"F",.,"A",.,"A",976,"F",116,"F",.,"A",.,"A",.,"A",.,"A"
"20153","03110864",24,0,"1",2600,"D",325,"D",.,"A",325,"D",72,"D",.,"A",.,"A",2275,"D",0,"D",.,"A",.,"A",.,"A",.,"A"
"20153","03110872",34,0,"1",907,"F",.,"A",.,"A",1300,"D",167,"F",.,"A",.,"A",745,"F",134,"F",50,"D",650,"D",.,"A",.,"A"
"20153","03110912",31,0,"1",3900,"D",1105,"D",.,"A",104,"D",0,"D",.,"A",.,"A",2795,"D",21,"D",.,"A",.,"A",.,"A",.,"A"
"20153","03110922",54,0,"1",2600,"D",455,"D",.,"A",520,"D",0,"D",.,"A",.,"A",2145,"D",90,"D",28,"D",364,"D",.,"A",.,"A"
"20153","03110943",44,0,"1",650,"D",195,"D",.,"A",650,"D",0,"D",.,"A",.,"A",455,"D",60,"D",40,"D",520,"D",.,"A",.,"A"
"20153","03110972",57,0,"1",3250,"D",0,"D",.,"A",260,"D",0,"D",.,"A",.,"A",3250,"D",0,"D",.,"A",.,"A",.,"A",.,"A"
"20153","03110982",27,0,"1",1820,"D",130,"D",.,"A",650,"D",0,"D",.,"A",.,"A",1690,"D",0,"D",.,"A",.,"A",.,"A",.,"A"
"20153","03111003",16,0,"1",1561,"F",.,"A",.,"A",757,"F",162,"F",.,"A",.,"A",1315,"F",175,"F",.,"A",.,"A",.,"A",.,"A"
"20153","03111012",50,0,"1",390,"D",0,"D",650,"D",0,"D",0,"D",.,"A",.,"A",390,"D",0,"D",.,"A",.,"A",.,"A",.,"A"
"20153","03142082",45,0,"1",2600,"D",385,"F",.,"A",0,"D",119,"F",1300,"D",.,"A",1487,"F",122,"F",.,"A",.,"A",.,"A",.,"A"
"20153","03142102",48,0,"1",2275,"D",130,"D",325,"D",520,"D",0,"D",.,"A",.,"A",2145,"D",0,"D",115,"D",1495,"D",.,"A",.,"A"
"20153","03142152",37,0,"1",975,"D",325,"D",.,"A",0,"D",0,"D",.,"A",.,"A",650,"D",0,"D",30,"D",390,"D",.,"A",.,"A"
"20153","03142162",17,0,"1",1560,"D",260,"D",.,"A",650,"D",0,"D",.,"A",.,"A",1300,"D",0,"D",.,"A",.,"A",.,"A",.,"A"
"20153","03142182",31,0,"1",1950,"D",195,"D",.,"A",130,"D",0,"D",.,"A",.,"A",1755,"D",0,"D",.,"A",.,"A",.,"A",.,"A"
"20153","03142192",10,0,"1",1300,"D",650,"D",.,"A",0,"D",0,"D",.,"A",.,"A",650,"D",0,"D",.,"A",.,"A",.,"A",.,"A"
"20153","03142212",36,0,"1",1625,"D",325,"D",.,"A",1950,"D",0,"D",.,"A",.,"A",1300,"D",0,"D",.,"A",.,"A",.,"A",.,"A"
"20153","03142222",27,0,"1",2275,"D",585,"D",.,"A",0,"D",0,"D",.,"A",.,"A",1690,"D",0,"D",.,"A",.,"A",.,"A",.,"A"
"20153","03142232",29,0,"1",1300,"D",390,"D",325,"D",351,"D",99,"D",.,"A",.,"A",910,"D",48,"D",15,"D",195,"D",.,"A",.,"A"
"20153","03142272",24,0,"1",650,"D",65,"D",.,"A",260,"D",0,"D",.,"A",.,"A",585,"D",0,"D",.,"A",.,"A",.,"A",.,"A"
"20153","03142282",16,0,"1",1300,"D",130,"D",.,"A",130,"D",0,"D",.,"A",.,"A",1170,"D",0,"D",.,"A",.,"A",.,"A",.,"A"
"20153","03142292",12,0,"1",780,"D",260,"D",.,"A",604,"F",121,"F",.,"A",.,"A",520,"D",92,"F",.,"A",.,"A",.,"A",.,"A"
"20153","03142302",60,0,"1",3575,"D",1300,"D",.,"A",650,"D",0,"D",.,"A",.,"A",2275,"D",0,"D",.,"A",.,"A",.,"A",.,"A"
"20153","03142312",77,0,"1",3900,"D",0,"D",650,"D",975,"D",1500,"D",.,"A",.,"A",3900,"D",600,"D",.,"A",.,"A",.,"A",.,"A"
"20153","03142322",45,0,"1",975,"D",195,"D",130,"D",195,"D",0,"D",.,"A",.,"A",780,"D",0,"D",.,"A",.,"A",.,"A",.,"A"
"20153","03142332",45,0,"1",650,"D",130,"D",.,"A",390,"D",120,"D",.,"A",.,"A",520,"D",120,"D",.,"A",.,"A",.,"A",.,"A"
"20153","03142352",30,0,"1",780,"D",130,"D",.,"A",0,"D",0,"D",.,"A",.,"A",650,"D",0,"D",.,"A",.,"A",.,"A",.,"A"
"20153","03142382",39,0,"1",1222,"D",247,"D",.,"A",390,"D",0,"D",.,"A",.,"A",975,"D",0,"D",.,"A",.,"A",.,"A",.,"A"
"20153","03142392",27,0,"1",780,"D",390,"D",52,"D",0,"D",0,"D",.,"A",.,"A",390,"D",0,"D",.,"A",.,"A",.,"A",.,"A"
"20153","03142412",63,0,"1",975,"D",325,"D",.,"A",390,"D",135,"D",.,"A",.,"A",650,"D",150,"D",.,"A",.,"A",.,"A",.,"A"
"20153","03142422",30,0,"1",2275,"D",325,"D",.,"A",1625,"D",0,"D",.,"A",.,"A",1950,"D",0,"D",.,"A",.,"A",.,"A",.,"A"
"20153","03142452",19,0,"1",1690,"D",390,"D",.,"A",455,"D",0,"D",.,"A",.,"A",1300,"D",0,"D",.,"A",.,"A",.,"A",.,"A"
"20153","03142462",43,0,"1",650,"D",0,"D",.,"A",195,"D",0,"D",.,"A",.,"A",650,"D",21,"D",.,"A",.,"A",.,"A",.,"A"
"20153","03142472",42,0,"1",1300,"D",130,"D",.,"A",0,"D",0,"D",.,"A",.,"A",1170,"D",0,"D",.,"A",.,"A",.,"A",.,"A"
"20153","03142512",17,0,"1",1560,"D",390,"D",.,"A",780,"D",0,"D",.,"A",.,"A",1170,"D",0,"D",.,"A",.,"A",.,"A",.,"A"
"20153","03142522",54,0,"1",1950,"D",650,"D",520,"D",1300,"D",0,"D",.,"A",.,"A",1300,"D",45,"D",.,"A",.,"A",.,"A",.,"A"
"20153","03142542",69,0,"1",2730,"D",516,"F",.,"A",624,"D",0,"D",.,"A",.,"A",2357,"F",0,"D",.,"A",.,"A",.,"A",.,"A"
"20153","03142552",33,0,"1",3250,"D",390,"D",650,"D",1300,"D",450,"D",.,"A",.,"A",2860,"D",225,"D",.,"A",.,"A",.,"A",.,"A"
"20153","03142572",18,0,"1",130,"D",130,"D",.,"A",260,"D",240,"D",.,"A",.,"A",0,"D",0,"D",10,"D",130,"D",130,"D",10,"D"
"20153","03142582",21,0,"1",1040,"D",65,"D",.,"A",195,"D",6,"D",.,"A",.,"A",975,"D",6,"D",.,"A",.,"A",.,"A",.,"A"
"20153","03142592",20,0,"1",325,"D",65,"D",.,"A",0,"D",0,"D",.,"A",.,"A",260,"D",0,"D",.,"A",.,"A",.,"A",.,"A"
"20153","03142602",57,0,"1",1300,"D",0,"D",.,"A",1300,"D",360,"D",.,"A",.,"A",1300,"D",600,"D",.,"A",.,"A",.,"A",.,"A"
"20153","03142612",52,0,"1",1625,"D",325,"D",130,"D",650,"D",90,"D",.,"A",.,"A",1300,"D",90,"D",.,"A",.,"A",.,"A",.,"A"
"20153","03142622",16,0,"1",1950,"D",0,"D",.,"A",0,"D",0,"D",.,"A",.,"A",1950,"D",0,"D",.,"A",.,"A",.,"A",.,"A"
"20153","03142643",9,0,"1",3900,"D",0,"D",.,"A",975,"D",0,"D",.,"A",.,"A",3900,"D",15,"D",.,"A",.,"A",65,"D",5,"D"
"20153","03142652",35,0,"1",2600,"D",650,"D",.,"A",325,"D",0,"D",.,"A",.,"A",1950,"D",120,"D",.,"A",.,"A",.,"A",.,"A"
"20153","03142692",19,0,"1",286,"D",26,"D",195,"D",0,"D",0,"D",.,"A",.,"A",260,"D",0,"D",.,"A",.,"A",.,"A",.,"A"
"20153","03142712",30,0,"1",3900,"D",325,"D",.,"A",650,"D",0,"D",.,"A",.,"A",3575,"D",0,"D",.,"A",.,"A",.,"A",.,"A"
"20153","03142732",39,0,"1",1950,"D",260,"D",.,"A",975,"D",0,"D",.,"A",.,"A",1690,"D",0,"D",.,"A",.,"A",.,"A",.,"A"
"20153","03142822",39,0,"1",2600,"D",650,"D",.,"A",1300,"D",6,"D",.,"A",.,"A",1950,"D",6,"D",.,"A",.,"A",260,"D",20,"D"
"20153","03142852",45,0,"1",3250,"D",650,"D",.,"A",78,"D",0,"D",.,"A",.,"A",2600,"D",300,"D",60,"D",780,"D",130,"D",10,"D"
"20153","03142902",39,0,"1",1300,"D",1287,"D",.,"A",650,"D",0,"D",.,"A",.,"A",13,"D",0,"D",9,"D",117,"D",.,"A",.,"A"
"20153","03142912",22,0,"1",1950,"D",455,"D",.,"A",520,"D",0,"D",.,"A",.,"A",1495,"D",0,"D",.,"A",.,"A",.,"A",.,"A"
"20153","03142922",28,0,"1",1950,"D",260,"D",130,"D",520,"D",0,"D",.,"A",.,"A",1690,"D",0,"D",.,"A",.,"A",.,"A",.,"A"
"20153","03142932",46,0,"1",3250,"D",1300,"D",.,"A",1040,"D",0,"D",.,"A",.,"A",1950,"D",0,"D",.,"A",.,"A",.,"A",.,"A"
"20153","03142972",19,0,"1",1950,"D",390,"D",.,"A",390,"D",0,"D",.,"A",.,"A",1560,"D",600,"D",20,"D",260,"D",.,"A",.,"A"
"20153","03142982",45,0,"1",1950,"D",650,"D",.,"A",130,"D",0,"D",.,"A",.,"A",1300,"D",30,"D",50,"D",650,"D",.,"A",.,"A"
"20153","03143012",51,0,"1",1950,"D",650,"D",.,"A",1625,"D",105,"D",.,"A",.,"A",1300,"D",180,"D",.,"A",.,"A",.,"A",.,"A"
"20153","03143022",55,0,"1",1625,"D",325,"D",.,"A",325,"D",0,"D",.,"A",.,"A",1300,"D",0,"D",.,"A",.,"A",.,"A",.,"A"
"20153","03143032",44,0,"1",1950,"D",975,"D",.,"A",390,"D",0,"D",.,"A",.,"A",975,"D",0,"D",.,"A",.,"A",0,"D",0,"D"
"20153","03143042",30,0,"1",1690,"D",390,"D",.,"A",260,"D",0,"D",.,"A",.,"A",1300,"D",0,"D",.,"A",.,"A",325,"D",25,"D"
"20153","03143052",13,0,"1",650,"D",65,"D",39,"D",78,"D",0,"D",.,"A",.,"A",585,"D",45,"D",35,"D",455,"D",.,"A",.,"A"
"20153","03143062",53,0,"1",3900,"D",975,"D",.,"A",0,"D",0,"D",.,"A",.,"A",2925,"D",30,"D",.,"A",.,"A",78,"D",6,"D"
"20153","03143102",8,0,"1",1040,"D",195,"D",390,"D",0,"D",0,"D",.,"A",.,"A",845,"D",0,"D",.,"A",.,"A",.,"A",.,"A"
"20153","03143132",11,0,"1",0,"D",.,"A",.,"A",0,"D",0,"D",.,"A",.,"A",0,"D",0,"D",.,"A",.,"A",.,"A",.,"A"
"20153","03143162",50,0,"1",5200,"D",650,"D",.,"A",650,"D",150,"D",.,"A",.,"A",4550,"D",600,"D",.,"A",.,"A",.,"A",.,"A"
"20153","03143172",39,0,"1",1300,"D",0,"D",.,"A",1300,"D",0,"D",.,"A",.,"A",1300,"D",0,"D",.,"A",.,"A",.,"A",.,"A"
"20153","03143182",21,0,"1",1430,"D",130,"D",.,"A",650,"D",0,"D",.,"A",.,"A",1300,"D",0,"D",.,"A",.,"A",.,"A",.,"A"
"20153","03143212",24,0,"1",780,"D",650,"D",260,"D",520,"D",0,"D",.,"A",.,"A",130,"D",0,"D",.,"A",.,"A",.,"A",.,"A"
"20153","03143242",31,0,"1",2275,"D",325,"D",.,"A",260,"D",0,"D",.,"A",.,"A",1950,"D",0,"D",.,"A",.,"A",.,"A",.,"A"
"20153","03143262",27,0,"1",1040,"D",260,"D",.,"A",780,"D",0,"D",.,"A",.,"A",780,"D",0,"D",.,"A",.,"A",.,"A",.,"A"
"20153","03143272",29,0,"1",1685,"F",.,"A",311,"F",195,"D",0,"D",.,"A",.,"A",1384,"F",0,"D",.,"A",.,"A",.,"A",.,"A"
"20153","03143282",28,0,"1",2067,"D",637,"D",.,"A",650,"D",0,"D",.,"A",.,"A",1430,"D",0,"D",.,"A",.,"A",.,"A",.,"A"
"20153","03143292",36,0,"1",975,"D",195,"D",.,"A",0,"D",0,"D",.,"A",.,"A",780,"D",0,"D",.,"A",.,"A",.,"A",.,"A"
"20153","03143352",11,0,"1",1365,"D",195,"D",.,"A",0,"D",0,"D",.,"A",.,"A",1170,"D",0,"D",.,"A",.,"A",.,"A",.,"A"
"20153","03143362",47,0,"1",650,"D",234,"D",.,"A",260,"D",0,"D",.,"A",.,"A",416,"D",0,"D",.,"A",.,"A",.,"A",.,"A"
"20153","03143372",48,0,"1",1326,"D",260,"D",.,"A",1300,"D",0,"D",.,"A",.,"A",1066,"D",90,"D",.,"A",.,"A",.,"A",.,"A"
"20153","03143392",38,0,"1",1300,"D",650,"D",.,"A",780,"D",0,"D",.,"A",.,"A",650,"D",120,"D",.,"A",.,"A",.,"A",.,"A"
"20153","03143502",37,0,"1",1300,"D",0,"D",.,"A",1950,"D",60,"D",.,"A",.,"A",1300,"D",0,"D",.,"A",.,"A",.,"A",.,"A"
"20153","03143512",34,0,"1",1300,"D",260,"D",.,"A",1300,"D",141,"F",.,"A",.,"A",1040,"D",140,"F",.,"A",.,"A",.,"A",.,"A"
"20153","03143532",65,0,"1",780,"D",130,"D",.,"A",260,"D",0,"D",.,"A",.,"A",650,"D",0,"D",.,"A",.,"A",.,"A",.,"A"
"20153","03143552",20,0,"1",2015,"D",0,"D",.,"A",975,"D",0,"D",68,"D",.,"A",2015,"D",0,"D",.,"A",.,"A",.,"A",.,"A"
"20153","03143572",33,0,"1",1430,"D",78,"D",.,"A",130,"D",0,"D",.,"A",.,"A",1352,"D",0,"D",5,"D",65,"D",.,"A",.,"A"
"20153","03143582",30,0,"1",2600,"D",390,"D",260,"D",0,"D",0,"D",.,"A",.,"A",2210,"D",60,"D",.,"C",511,"F",.,"A",.,"A"
"20153","03143622",36,0,"1",650,"D",130,"D",.,"A",260,"D",30,"D",.,"A",.,"A",520,"D",0,"D",.,"A",.,"A",.,"A",.,"A"
"20153","03143632",29,0,"1",780,"D",0,"D",.,"A",975,"D",0,"D",.,"A",.,"A",780,"D",0,"D",.,"A",.,"A",.,"A",.,"A"
"20153","03143652",26,0,"1",650,"D",195,"D",.,"A",260,"D",90,"D",.,"A",.,"A",455,"D",60,"D",.,"A",.,"A",.,"A",.,"A"
"20153","03143682",59,0,"1",1170,"D",130,"D",130,"D",650,"D",0,"D",.,"A",.,"A",1040,"D",0,"D",.,"A",.,"A",.,"A",.,"A"
"20153","03143702",52,0,"1",2600,"D",0,"D",.,"A",975,"D",0,"D",.,"A",.,"A",2600,"D",0,"D",.,"A",.,"A",.,"A",.,"A"
"20153","03143712",14,0,"1",1300,"D",195,"D",.,"A",0,"D",0,"D",.,"A",.,"A",1105,"D",60,"D",.,"A",.,"A",.,"A",.,"A"
"20153","03143722",15,0,"1",1561,"F",.,"A",.,"A",757,"F",162,"F",.,"A",.,"A",1315,"F",175,"F",.,"A",.,"A",.,"A",.,"A"
"20153","03143732",33,0,"1",1625,"D",260,"D",.,"A",325,"D",0,"D",.,"A",.,"A",1365,"D",0,"D",.,"A",.,"A",.,"A",.,"A"
"20153","03143742",51,0,"1",2600,"D",325,"D",130,"D",650,"D",0,"D",.,"A",.,"A",2275,"D",0,"D",.,"A",.,"A",.,"A",.,"A"
"20153","03143752",31,0,"1",1560,"D",260,"D",.,"A",1950,"D",0,"D",.,"A",.,"A",1300,"D",0,"D",.,"A",.,"A",.,"A",.,"A"
"20153","03143772",33,0,"1",2080,"D",260,"D",.,"A",130,"D",0,"D",.,"A",.,"A",1820,"D",0,"D",.,"A",.,"A",.,"A",.,"A"
"20153","03143785",22,0,"1",1950,"D",325,"D",.,"A",390,"D",0,"D",.,"A",.,"A",1625,"D",0,"D",.,"A",.,"A",.,"A",.,"A"
"20153","03143792",30,0,"1",650,"D",130,"D",.,"A",260,"D",45,"D",.,"A",.,"A",520,"D",45,"D",.,"A",.,"A",260,"D",20,"D"
"20153","03143852",31,0,"1",650,"D",130,"D",.,"A",0,"D",0,"D",.,"A",.,"A",520,"D",0,"D",.,"A",.,"A",.,"A",.,"A"
"20153","03143872",13,0,"1",1170,"D",65,"D",.,"A",130,"D",0,"D",.,"A",.,"A",1105,"D",194,"F",.,"A",.,"A",.,"A",.,"A"
"20153","03143922",23,0,"1",1300,"D",130,"D",.,"A",390,"D",0,"D",.,"A",.,"A",1170,"D",0,"D",.,"A",.,"A",.,"A",.,"A"
"20153","03143954",67,0,"1",2340,"D",975,"D",260,"D",325,"D",240,"D",.,"A",.,"A",1365,"D",600,"D",7,"D",91,"D",.,"A",.,"A"
"20153","03143962",16,0,"1",2470,"D",260,"D",.,"A",0,"D",0,"D",.,"A",.,"A",2210,"D",175,"F",.,"A",.,"A",.,"A",.,"A"
"20153","03143984",27,0,"1",1300,"D",130,"D",.,"A",260,"D",0,"D",.,"A",.,"A",1170,"D",300,"D",20,"D",260,"D",.,"A",.,"A"
"20153","03144002",25,0,"1",2600,"D",650,"D",.,"A",835,"F",0,"D",.,"A",.,"A",1950,"D",0,"D",.,"A",.,"A",.,"A",.,"A"
"20153","03144012",118,0,"1",3003,"D",325,"D",390,"D",1066,"D",0,"D",.,"A",.,"A",2678,"D",0,"D",.,"A",.,"A",.,"A",.,"A"
"20153","03144022",19,0,"1",390,"D",65,"D",.,"A",104,"D",0,"D",.,"A",.,"A",325,"D",0,"D",.,"A",.,"A",.,"A",.,"A"
"20153","03144042",21,0,"1",1300,"D",650,"D",260,"D",650,"D",0,"D",.,"A",.,"A",650,"D",150,"D",.,"A",.,"A",.,"A",.,"A"
"20153","03144062",37,0,"1",2600,"D",260,"D",.,"A",650,"D",90,"D",.,"A",.,"A",2340,"D",90,"D",.,"A",.,"A",.,"A",.,"A"
"20153","03144092",47,0,"1",975,"D",221,"D",.,"A",520,"D",90,"D",.,"A",.,"A",754,"D",90,"D",.,"A",.,"A",.,"A",.,"A"
"20153","03144102",38,0,"1",3250,"D",650,"D",.,"A",0,"D",0,"D",.,"A",.,"A",2600,"D",0,"D",50,"D",650,"D",.,"A",.,"A"
"20153","03144122",34,0,"1",2600,"D",455,"D",.,"A",260,"D",0,"D",.,"A",.,"A",2145,"D",600,"D",100,"D",1300,"D",.,"A",.,"A"
"20153","03144142",46,0,"1",1300,"D",195,"D",130,"D",325,"D",0,"D",.,"A",.,"A",1105,"D",0,"D",.,"A",.,"A",.,"A",.,"A"
"20153","03144162",74,0,"1",650,"D",260,"D",.,"A",1560,"D",0,"D",.,"A",.,"A",390,"D",0,"D",.,"A",.,"A",.,"A",.,"A"
"20153","03144172",13,0,"1",2600,"D",650,"D",.,"A",325,"D",0,"D",.,"A",.,"A",1950,"D",0,"D",.,"A",.,"A",.,"A",.,"A"
"20153","03144182",25,0,"1",1950,"D",260,"D",.,"A",650,"D",0,"D",.,"A",.,"A",1690,"D",180,"D",.,"A",.,"A",.,"A",.,"A"
"20153","03144202",14,0,"1",520,"D",195,"D",.,"A",0,"D",0,"D",.,"A",.,"A",325,"D",0,"D",.,"A",.,"A",.,"A",.,"A"
"20153","03144222",23,0,"1",325,"D",65,"D",.,"A",130,"D",30,"D",.,"A",.,"A",260,"D",60,"D",.,"A",.,"A",.,"A",.,"A"
"20153","03144232",19,0,"1",1170,"D",117,"D",.,"A",0,"D",0,"D",.,"A",.,"A",1053,"D",0,"D",60,"D",780,"D",.,"A",.,"A"
"20153","03144242",44,0,"1",1040,"D",260,"D",.,"A",1300,"D",0,"D",.,"A",.,"A",780,"D",0,"D",.,"A",.,"A",.,"A",.,"A"
"20153","03144252",27,0,"1",2600,"D",650,"D",.,"A",975,"D",150,"D",.,"A",.,"A",1950,"D",90,"D",.,"A",.,"A",.,"A",.,"A"
"20153","03144262",24,0,"1",975,"D",260,"D",.,"A",65,"D",0,"D",.,"A",.,"A",715,"D",0,"D",5,"D",65,"D",.,"A",.,"A"
"20153","03144272",22,0,"1",1755,"D",455,"D",130,"D",65,"D",0,"D",.,"A",.,"A",1300,"D",75,"D",15,"D",195,"D",.,"A",.,"A"
"20153","03144282",12,0,"1",520,"D",173,"F",.,"A",313,"F",0,"D",.,"A",.,"A",623,"F",0,"D",.,"A",.,"A",.,"A",.,"A"
"20153","03144292",84,0,"1",1924,"D",624,"D",520,"D",390,"D",0,"D",.,"A",.,"A",1300,"D",0,"D",.,"A",.,"A",.,"A",.,"A"
"20153","03144312",23,0,"1",2470,"D",520,"D",65,"D",0,"D",0,"D",.,"A",.,"A",1950,"D",0,"D",.,"A",.,"A",260,"D",20,"D"
"20153","03144322",23,0,"1",650,"D",0,"D",.,"A",0,"D",0,"D",.,"A",.,"A",650,"D",0,"D",20,"D",260,"D",.,"A",.,"A"
"20153","03144332",30,0,"1",1300,"D",650,"D",.,"A",0,"D",0,"D",.,"A",.,"A",650,"D",0,"D",.,"A",.,"A",.,"A",.,"A"
"20153","03144362",30,0,"1",2600,"D",780,"D",.,"A",520,"D",0,"D",.,"A",90,"D",1820,"D",0,"D",.,"A",.,"A",.,"A",.,"A"
"20153","03144372",56,0,"1",2600,"D",650,"D",65,"D",1300,"D",30,"D",.,"A",.,"A",1950,"D",240,"D",.,"A",.,"A",.,"A",.,"A"
"20153","03144392",55,0,"1",1300,"D",130,"D",.,"A",260,"D",0,"D",.,"A",.,"A",1170,"D",0,"D",.,"A",.,"A",.,"A",.,"A"
"20153","03144412",27,0,"1",650,"D",390,"D",.,"A",0,"D",0,"D",.,"A",.,"A",260,"D",0,"D",.,"A",.,"A",.,"A",.,"A"
"20153","03144432",56,0,"1",3900,"D",1300,"D",.,"A",1300,"D",0,"D",.,"A",0,"D",2600,"D",60,"D",.,"A",.,"A",.,"A",.,"A"
"20153","03144442",42,0,"1",1300,"D",325,"D",260,"D",260,"D",60,"D",.,"A",.,"A",975,"D",120,"D",16,"D",208,"D",.,"A",.,"A"
"20153","03144452",39,0,"1",2600,"D",1300,"D",260,"D",195,"D",0,"D",.,"A",.,"A",1300,"D",0,"D",70,"D",910,"D",.,"A",.,"A"
"20153","03144482",26,0,"1",2080,"D",195,"D",.,"A",130,"D",0,"D",.,"A",.,"A",1885,"D",0,"D",20,"D",260,"D",.,"A",.,"A"
"20153","03144505",19,0,"1",1040,"D",390,"D",.,"A",1300,"D",0,"D",.,"A",.,"A",650,"D",120,"D",.,"A",.,"A",.,"A",.,"A"
"20153","03144522",15,0,"1",1690,"D",260,"D",.,"A",0,"D",0,"D",.,"A",.,"A",1430,"D",0,"D",.,"A",.,"A",.,"A",.,"A"
"20153","03144552",26,0,"1",650,"D",156,"D",.,"A",130,"D",0,"D",.,"A",.,"A",494,"D",0,"D",.,"A",.,"A",.,"A",.,"A"
"20153","03144562",49,0,"1",1300,"D",195,"D",.,"A",325,"D",0,"D",.,"A",.,"A",1105,"D",0,"D",.,"A",.,"A",.,"A",.,"A"
"20153","03144572",41,0,"1",3250,"D",1950,"D",520,"D",601,"F",0,"D",.,"A",.,"A",1300,"D",300,"D",12,"D",156,"D",.,"A",.,"A"
"20153","03144582",55,0,"1",2600,"D",390,"D",.,"A",1300,"D",0,"D",.,"A",.,"A",2210,"D",204,"D",.,"A",.,"A",455,"D",35,"D"
"20153","03144592",39,0,"1",975,"D",390,"D",.,"A",260,"D",0,"D",.,"A",.,"A",585,"D",0,"D",.,"A",.,"A",.,"A",.,"A"
"20153","03144642",29,0,"1",2600,"D",390,"D",.,"A",390,"D",0,"D",.,"A",.,"A",2210,"D",0,"D",.,"A",.,"A",.,"A",.,"A"
"20153","03144652",26,0,"1",481,"D",65,"D",.,"A",130,"D",0,"D",.,"A",.,"A",416,"D",0,"D",.,"A",.,"A",.,"A",.,"A"
"20153","03144662",45,0,"1",1625,"D",195,"D",.,"A",260,"D",30,"D",.,"A",.,"A",1430,"D",30,"D",.,"A",.,"A",.,"A",.,"A"
"20153","03144672",46,0,"1",780,"D",260,"D",390,"D",1300,"D",60,"D",.,"A",.,"A",520,"D",30,"D",.,"A",.,"A",.,"A",.,"A"
"20153","03144682",11,0,"1",2232,"F",.,"A",.,"A",799,"F",0,"D",.,"A",.,"A",1866,"F",0,"D",.,"A",.,"A",.,"A",.,"A"
"20153","03144692",17,0,"1",1560,"D",260,"D",.,"A",390,"D",0,"D",.,"A",.,"A",1300,"D",120,"D",.,"A",.,"A",.,"A",.,"A"
"20153","03144712",17,0,"1",1300,"D",195,"D",.,"A",390,"D",150,"D",.,"A",.,"A",1105,"D",150,"D",.,"A",.,"A",65,"D",5,"D"
"20153","03144722",13,0,"1",598,"D",0,"D",.,"A",520,"D",0,"D",.,"A",.,"A",598,"D",0,"D",30,"D",390,"D",.,"A",.,"A"
"20153","03144752",19,0,"1",650,"D",335,"F",391,"F",0,"D",0,"D",.,"A",.,"A",1315,"F",0,"D",.,"A",.,"A",.,"A",.,"A"
"20153","03144772",15,0,"1",650,"D",195,"D",.,"A",260,"D",0,"D",.,"A",.,"A",455,"D",0,"D",.,"A",.,"A",.,"A",.,"A"
"20153","03144782",30,0,"1",877,"F",.,"A",.,"A",409,"F",0,"D",.,"A",.,"A",709,"F",0,"D",.,"A",.,"A",.,"A",.,"A"
"20153","03144792",53,0,"1",650,"D",0,"D",260,"D",455,"D",0,"D",.,"A",.,"A",650,"D",0,"D",.,"A",.,"A",.,"A",.,"A"
"20153","03144802",28,0,"1",1560,"D",260,"D",.,"A",130,"D",0,"D",.,"A",.,"A",1300,"D",0,"D",.,"A",.,"A",.,"A",.,"A"
"20153","03144835",21,0,"1",650,"D",65,"D",.,"A",0,"D",0,"D",.,"A",.,"A",585,"D",0,"D",.,"A",.,"A",.,"A",.,"A"
"20153","03144862",16,0,"1",715,"D",173,"F",.,"A",0,"D",0,"D",.,"A",.,"A",623,"F",0,"D",.,"A",.,"A",.,"A",.,"A"
"20153","03144872",29,0,"1",585,"D",195,"D",.,"A",0,"D",0,"D",.,"A",.,"A",390,"D",0,"D",.,"A",.,"A",.,"A",.,"A"
"20153","03144882",44,0,"1",3900,"D",650,"D",.,"A",1300,"D",0,"D",.,"A",.,"A",3250,"D",225,"D",.,"A",.,"A",.,"A",.,"A"
"20153","03144902",49,0,"1",1560,"D",260,"D",.,"A",789,"F",0,"D",.,"A",.,"A",1300,"D",0,"D",.,"A",.,"A",.,"A",.,"A"
"20153","03144912",44,0,"1",1300,"D",260,"D",195,"D",520,"D",45,"D",.,"A",.,"A",1040,"D",60,"D",.,"A",.,"A",.,"A",.,"A"
"20153","03144935",51,0,"1",715,"D",65,"D",130,"D",65,"D",0,"D",.,"A",.,"A",650,"D",15,"D",.,"A",.,"A",.,"A",.,"A"
"20153","03144962",35,0,"1",975,"D",260,"D",.,"A",910,"D",0,"D",.,"A",.,"A",715,"D",0,"D",.,"A",.,"A",.,"A",.,"A"
"20153","03144972",43,0,"1",1300,"D",325,"D",.,"A",975,"D",0,"D",.,"A",.,"A",975,"D",105,"D",.,"A",.,"A",.,"A",.,"A"
"20153","03145032",25,0,"1",1625,"D",0,"D",.,"A",520,"D",0,"D",.,"A",.,"A",1625,"D",0,"D",.,"A",.,"A",.,"A",.,"A"
"20153","03145042",47,0,"1",520,"D",234,"F",366,"F",650,"D",274,"F",496,"F",.,"A",895,"F",193,"F",.,"A",.,"A",.,"A",.,"A"
"20153","03145062",39,0,"1",520,"D",390,"D",390,"D",390,"D",30,"D",.,"A",.,"A",130,"D",120,"D",.,"A",.,"A",.,"A",.,"A"
"20153","03145082",21,0,"1",1820,"D",780,"D",.,"A",650,"D",180,"D",.,"A",.,"A",1040,"D",240,"D",.,"A",.,"A",.,"A",.,"A"
"20153","03145102",25,0,"1",1625,"D",585,"D",390,"D",455,"D",30,"D",.,"A",.,"A",1040,"D",30,"D",.,"A",.,"A",.,"A",.,"A"
"20153","03145122",37,0,"1",2600,"D",520,"D",520,"D",520,"D",180,"D",.,"A",.,"A",2080,"D",720,"D",20,"D",260,"D",.,"A",.,"A"
"20153","03145162",15,0,"1",1040,"D",130,"D",65,"D",130,"D",0,"D",.,"A",.,"A",910,"D",0,"D",.,"A",.,"A",.,"A",.,"A"
"20153","03145172",19,0,"1",325,"D",130,"D",195,"D",0,"D",0,"D",.,"A",.,"A",195,"D",0,"D",.,"A",.,"A",.,"A",.,"A"
"20153","03145232",85,0,"1",2470,"D",520,"D",.,"A",845,"D",60,"D",.,"A",.,"A",1950,"D",300,"D",.,"A",.,"A",.,"A",.,"A"
"20153","03145262",43,0,"1",1300,"D",325,"D",650,"D",325,"D",75,"D",.,"A",.,"A",975,"D",75,"D",.,"A",.,"A",.,"A",.,"A"
"20153","03145302",17,0,"1",0,"D",.,"A",.,"A",2600,"D",0,"D",.,"A",.,"A",0,"D",0,"D",.,"A",.,"A",.,"A",.,"A"
"20153","03145312",38,0,"1",1690,"D",325,"D",26,"D",650,"D",150,"D",.,"A",.,"A",1365,"D",120,"D",.,"A",.,"A",39,"D",3,"D"
"20153","03145335",14,0,"1",0,"D",.,"A",.,"A",0,"D",0,"D",.,"A",.,"A",0,"D",0,"D",.,"A",.,"A",.,"A",.,"A"
"20153","03145374",16,0,"1",325,"D",130,"D",325,"D",0,"D",0,"D",.,"A",.,"A",195,"D",0,"D",10,"D",130,"D",.,"A",.,"A"
"20153","03145392",25,0,"1",919,"F",.,"A",.,"A",312,"D",0,"D",.,"A",.,"A",741,"F",0,"D",.,"A",.,"A",.,"A",.,"A"
"20153","03145412",41,0,"1",1560,"D",390,"D",325,"D",260,"D",0,"D",.,"A",.,"A",1170,"D",0,"D",.,"A",.,"A",.,"A",.,"A"
"20153","03145422",46,0,"1",1950,"D",325,"D",.,"A",2600,"D",0,"D",.,"A",.,"A",1625,"D",30,"D",.,"A",.,"A",.,"A",.,"A"
"20153","03145472",43,0,"1",1950,"D",260,"D",390,"D",975,"D",60,"D",.,"A",.,"A",1690,"D",30,"D",30,"D",390,"D",.,"A",.,"A"
"20153","03145492",42,0,"1",1755,"D",455,"D",.,"A",325,"D",0,"D",.,"A",.,"A",1300,"D",0,"D",75,"D",975,"D",.,"A",.,"A"
"20153","03145502",15,0,"1",3900,"D",1300,"D",.,"A",0,"D",0,"D",.,"A",.,"A",2600,"D",60,"D",35,"D",455,"D",.,"A",.,"A"
"20153","03145542",31,0,"1",2600,"D",975,"D",.,"A",1560,"D",450,"D",.,"A",.,"A",1625,"D",600,"D",.,"A",.,"A",.,"A",.,"A"
"20153","03145562",24,0,"1",1300,"D",130,"D",.,"A",650,"D",0,"D",.,"A",.,"A",1170,"D",0,"D",.,"A",.,"A",.,"A",.,"A"
"20153","03145602",35,0,"1",2145,"D",195,"D",.,"A",1040,"D",0,"D",.,"A",.,"A",1950,"D",90,"D",.,"A",.,"A",.,"A",.,"A"
"20153","03145612",19,0,"1",1300,"D",0,"D",195,"D",455,"D",0,"D",.,"A",.,"A",1300,"D",240,"D",.,"A",.,"A",.,"A",.,"A"
"20153","03145642",31,0,"1",650,"D",390,"D",65,"D",910,"D",6,"D",.,"A",.,"A",260,"D",6,"D",.,"A",.,"A",.,"A",.,"A"
"20153","03145652",30,0,"1",1300,"D",325,"D",.,"A",650,"D",0,"D",.,"A",.,"A",975,"D",150,"D",.,"A",.,"A",.,"A",.,"A"
"20153","03145692",9,0,"1",0,"D",.,"A",.,"A",0,"D",0,"D",.,"A",.,"A",0,"D",0,"D",.,"A",.,"A",.,"A",.,"A"
"20153","03145712",26,0,"1",910,"D",65,"D",.,"A",520,"D",0,"D",.,"A",.,"A",845,"D",90,"D",.,"A",.,"A",.,"A",.,"A"
"20153","03145732",30,0,"1",1170,"D",260,"D",.,"A",260,"D",0,"D",.,"A",.,"A",910,"D",30,"D",.,"A",.,"A",.,"A",.,"A"
"20153","03145752",46,0,"1",1690,"D",195,"D",.,"A",650,"D",75,"D",.,"A",.,"A",1495,"D",150,"D",.,"A",.,"A",.,"A",.,"A"
"20153","03145772",24,0,"1",1105,"D",195,"D",.,"A",650,"D",0,"D",.,"A",.,"A",910,"D",0,"D",.,"A",.,"A",.,"A",.,"A"
"20153","03145782",21,0,"1",1300,"D",130,"D",.,"A",0,"D",0,"D",.,"A",.,"A",1170,"D",0,"D",.,"A",.,"A",.,"A",.,"A"
"20153","03145812",22,0,"1",780,"D",130,"D",.,"A",0,"D",0,"D",.,"A",.,"A",650,"D",0,"D",.,"A",.,"A",.,"A",.,"A"
"20153","03145832",57,0,"1",975,"D",417,"F",.,"A",650,"D",232,"F",.,"A",.,"A",1479,"F",225,"D",.,"A",.,"A",.,"A",.,"A"
"20153","03145842",12,0,"1",650,"D",195,"D",.,"A",0,"D",0,"D",.,"A",.,"A",455,"D",0,"D",.,"A",.,"A",.,"A",.,"A"
"20153","03145934",22,0,"1",2340,"D",260,"D",.,"A",260,"D",0,"D",.,"A",.,"A",2080,"D",60,"D",.,"A",.,"A",.,"A",.,"A"
"20153","03145942",25,0,"1",2232,"F",.,"A",1300,"D",0,"D",0,"D",.,"A",.,"A",1866,"F",0,"D",63,"D",819,"D",.,"A",.,"A"
"20153","03145952",39,0,"1",1300,"D",650,"D",.,"A",650,"D",150,"D",.,"A",.,"A",650,"D",150,"D",56,"D",728,"D",.,"A",.,"A"
"20153","03145972",17,0,"1",1950,"D",390,"D",325,"D",0,"D",0,"D",.,"A",.,"A",1560,"D",0,"D",50,"D",650,"D",.,"A",.,"A"
"20153","03145982",34,0,"1",1950,"D",195,"D",65,"D",325,"D",0,"D",.,"A",.,"A",1755,"D",0,"D",35,"D",455,"D",312,"D",24,"D"
"20153","03145992",25,0,"1",325,"D",0,"D",260,"D",91,"D",450,"D",.,"A",.,"A",325,"D",54,"D",.,"A",.,"A",.,"A",.,"A"
"20153","03146012",9,0,"1",1040,"D",0,"D",.,"A",650,"D",0,"D",.,"A",.,"A",1040,"D",30,"D",.,"A",.,"A",.,"A",.,"A"
"20153","03146022",22,0,"1",520,"D",260,"D",.,"A",390,"D",60,"D",.,"A",.,"A",260,"D",0,"D",.,"A",.,"A",.,"A",.,"A"
"20153","03146032",12,0,"1",650,"D",260,"D",.,"A",780,"D",0,"D",.,"A",.,"A",390,"D",0,"D",3,"D",39,"D",.,"A",.,"A"
"20153","03146072",52,0,"1",650,"D",344,"F",.,"A",780,"D",0,"D",.,"A",.,"A",1321,"F",0,"D",.,"A",.,"A",.,"A",.,"A"
"20153","03146092",45,0,"1",1300,"D",195,"D",.,"A",650,"D",210,"D",.,"A",.,"A",1105,"D",150,"D",.,"A",.,"A",.,"A",.,"A"
"20153","03146102",18,0,"1",2210,"D",650,"D",.,"A",975,"D",0,"D",.,"A",.,"A",1560,"D",0,"D",.,"A",.,"A",.,"A",.,"A"
"20153","03146122",22,0,"1",455,"D",260,"D",.,"A",1040,"D",30,"D",.,"A",.,"A",195,"D",60,"D",.,"A",.,"A",.,"A",.,"A"
"20153","03146172",64,0,"1",1950,"D",260,"D",.,"A",130,"D",15,"D",.,"A",.,"A",1690,"D",90,"D",.,"A",.,"A",.,"A",.,"A"
"20153","03146212",64,0,"1",1950,"D",0,"D",.,"A",650,"D",0,"D",.,"A",.,"A",1950,"D",0,"D",40,"D",520,"D",260,"D",20,"D"
"20153","03146222",43,0,"1",2600,"D",325,"D",.,"A",1950,"D",150,"D",.,"A",.,"A",2275,"D",150,"D",.,"A",.,"A",.,"A",.,"A"
"20153","03146232",35,0,"1",2925,"D",975,"D",.,"A",1300,"D",0,"D",1300,"D",.,"A",1950,"D",0,"D",5,"D",65,"D",.,"A",.,"A"
"20153","03146242",12,0,"1",845,"D",130,"D",.,"A",780,"D",0,"D",.,"A",.,"A",715,"D",0,"D",.,"A",.,"A",.,"A",.,"A"
"20153","03146252",29,0,"1",1950,"D",260,"D",.,"A",0,"D",0,"D",.,"A",.,"A",1690,"D",0,"D",.,"A",.,"A",.,"A",.,"A"
"20153","03146272",27,0,"1",1300,"D",325,"D",455,"D",650,"D",0,"D",.,"A",.,"A",975,"D",0,"D",.,"A",.,"A",.,"A",.,"A"
"20153","03146342",82,0,"1",910,"D",130,"D",.,"A",1950,"D",0,"D",.,"A",.,"A",780,"D",30,"D",.,"A",.,"A",.,"A",.,"A"
"20153","03146355",13,0,"1",0,"D",.,"A",.,"A",0,"D",0,"D",.,"A",.,"A",0,"D",0,"D",.,"A",.,"A",.,"A",.,"A"
"20153","03146362",31,0,"1",1300,"D",325,"D",130,"D",104,"D",0,"D",.,"A",.,"A",975,"D",15,"D",.,"A",.,"A",.,"A",.,"A"
"20153","03146392",16,0,"1",650,"D",0,"D",.,"A",130,"D",0,"D",.,"A",.,"A",650,"D",0,"D",.,"A",.,"A",.,"A",.,"A"
"20153","03146402",18,0,"1",1690,"D",390,"D",.,"A",559,"F",0,"D",.,"A",.,"A",1300,"D",90,"D",.,"A",.,"A",.,"A",.,"A"
"20153","03146412",23,0,"1",390,"D",0,"D",.,"A",910,"D",0,"D",.,"A",.,"A",390,"D",0,"D",49,"D",637,"D",.,"A",.,"A"
"20153","03146422",35,0,"1",806,"D",143,"D",.,"A",221,"D",0,"D",.,"A",.,"A",663,"D",0,"D",.,"A",.,"A",.,"A",.,"A"
"20153","03146432",58,0,"1",1300,"D",0,"D",351,"D",260,"D",0,"D",.,"A",.,"A",1300,"D",0,"D",.,"A",.,"A",.,"A",.,"A"
"20153","03146502",57,0,"1",1950,"D",975,"D",.,"A",0,"D",0,"D",.,"A",.,"A",975,"D",0,"D",.,"A",.,"A",.,"A",.,"A"
"20153","03146512",14,0,"1",1300,"D",260,"D",.,"A",260,"D",0,"D",.,"A",.,"A",1040,"D",0,"D",20,"D",260,"D",.,"A",.,"A"
"20153","03146522",33,0,"1",2405,"D",520,"D",.,"A",0,"D",180,"D",.,"A",.,"A",1885,"D",0,"D",.,"A",.,"A",.,"A",.,"A"
"20153","03146542",30,0,"1",3900,"D",650,"D",.,"A",780,"D",0,"D",.,"A",30,"D",3250,"D",180,"D",70,"D",910,"D",.,"A",.,"A"
"20153","03146552",16,0,"1",1300,"D",260,"D",.,"A",1300,"D",0,"D",.,"A",.,"A",1040,"D",105,"D",.,"A",.,"A",.,"A",.,"A"
"20153","03146562",11,0,"1",520,"D",130,"D",.,"A",0,"D",0,"D",.,"A",.,"A",390,"D",45,"D",.,"A",.,"A",.,"A",.,"A"
"20153","03146572",16,0,"1",520,"D",0,"D",65,"D",260,"D",0,"D",496,"F",.,"A",520,"D",0,"D",.,"A",.,"A",.,"A",.,"A"
"20153","03146582",20,0,"1",780,"D",52,"D",260,"D",0,"D",0,"D",.,"A",.,"A",728,"D",90,"D",24,"D",312,"D",.,"A",.,"A"
"20153","03146592",42,0,"1",2600,"D",325,"D",.,"A",1300,"D",60,"D",.,"A",.,"A",2275,"D",180,"D",.,"A",.,"A",.,"A",.,"A"
"20153","03146642",57,0,"1",1950,"D",325,"D",325,"D",520,"D",0,"D",.,"A",.,"A",1625,"D",375,"D",.,"A",.,"A",.,"A",.,"A"
"20153","03146652",33,0,"1",1430,"D",260,"D",.,"A",650,"D",300,"D",.,"A",.,"A",1170,"D",120,"D",.,"A",.,"A",.,"A",.,"A"
"20153","03146682",51,0,"1",975,"D",130,"D",195,"D",1625,"D",0,"D",.,"A",.,"A",845,"D",60,"D",.,"A",.,"A",.,"A",.,"A"
"20153","03146692",42,0,"1",1950,"D",195,"D",.,"A",789,"F",134,"F",.,"A",.,"A",1755,"D",75,"D",.,"A",.,"A",.,"A",.,"A"
"20153","03146742",39,0,"1",3900,"D",650,"D",390,"D",0,"D",0,"D",.,"A",.,"A",3250,"D",0,"D",40,"D",520,"D",.,"A",.,"A"
"20153","03146752",72,0,"1",2080,"D",325,"D",.,"A",910,"D",60,"D",.,"A",.,"A",1755,"D",150,"D",.,"A",.,"A",.,"A",.,"A"
"20153","03146762",56,0,"1",2275,"D",715,"D",.,"A",78,"D",0,"D",.,"A",.,"A",1560,"D",204,"D",.,"A",.,"A",.,"A",.,"A"
"20153","03146772",27,0,"1",845,"D",195,"D",.,"A",520,"D",0,"D",.,"A",.,"A",650,"D",0,"D",.,"A",.,"A",.,"A",.,"A"
"20153","03146782",21,0,"1",845,"D",0,"D",.,"A",0,"D",0,"D",.,"A",.,"A",845,"D",0,"D",.,"A",.,"A",.,"A",.,"A"
"20153","03146842",39,0,"1",260,"D",0,"D",.,"A",130,"D",0,"D",.,"A",.,"A",260,"D",60,"D",.,"A",.,"A",.,"A",.,"A"
"20153","03146852",18,0,"1",2600,"D",390,"D",.,"A",390,"D",0,"D",.,"A",.,"A",2210,"D",0,"D",.,"A",.,"A",.,"A",.,"A"
"20153","03146862",14,0,"1",520,"D",26,"D",.,"A",104,"D",0,"D",.,"A",.,"A",494,"D",0,"D",.,"A",.,"A",.,"A",.,"A"
"20153","03146872",32,0,"1",1690,"D",260,"D",.,"A",0,"D",0,"D",.,"A",.,"A",1430,"D",0,"D",39,"D",507,"D",.,"A",.,"A"
"20153","03146882",36,0,"1",1300,"D",130,"D",.,"A",390,"D",0,"D",.,"A",.,"A",1170,"D",60,"D",.,"A",.,"A",.,"A",.,"A"
"20153","03146952",40,0,"1",975,"D",130,"D",1300,"D",195,"D",0,"D",.,"A",.,"A",845,"D",0,"D",.,"A",.,"A",.,"A",.,"A"
"20153","03146962",42,0,"1",3250,"D",520,"D",78,"D",260,"D",0,"D",.,"A",.,"A",2730,"D",180,"D",.,"A",.,"A",.,"A",.,"A"
"20153","03146972",21,0,"1",1300,"D",260,"D",.,"A",650,"D",0,"D",.,"A",.,"A",1040,"D",180,"D",.,"A",.,"A",.,"A",.,"A"
"20153","03147002",16,0,"1",2600,"D",650,"D",.,"A",650,"D",0,"D",.,"A",.,"A",1950,"D",0,"D",.,"A",.,"A",.,"A",.,"A"
"20153","03147012",18,0,"1",1950,"D",0,"D",650,"D",1950,"D",240,"D",.,"A",.,"A",1950,"D",90,"D",.,"A",.,"A",.,"A",.,"A"
"20153","03147042",93,0,"1",1456,"D",0,"D",195,"D",780,"D",0,"D",.,"A",.,"A",1456,"D",0,"D",.,"A",.,"A",.,"A",.,"A"
"20153","03147052",49,0,"1",1300,"D",455,"D",.,"A",650,"D",0,"D",.,"A",.,"A",845,"D",0,"D",.,"A",.,"A",.,"A",.,"A"
"20153","03147062",17,0,"1",650,"D",390,"D",130,"D",260,"D",600,"D",.,"A",.,"A",260,"D",600,"D",10,"D",130,"D",.,"A",.,"A"
"20153","03147072",40,0,"1",2600,"D",650,"D",.,"A",2600,"D",0,"D",.,"A",.,"A",1950,"D",240,"D",.,"A",.,"A",.,"A",.,"A"
"20153","03147082",12,0,"1",1300,"D",0,"D",.,"A",0,"D",0,"D",.,"A",.,"A",1300,"D",0,"D",.,"A",.,"A",.,"A",.,"A"
"20153","03147102",72,0,"1",975,"D",0,"D",.,"A",1625,"D",6,"D",.,"A",.,"A",975,"D",60,"D",.,"A",.,"A",.,"A",.,"A"
"20153","03147112",17,0,"1",1950,"D",650,"D",.,"A",650,"D",0,"D",.,"A",.,"A",1300,"D",0,"D",.,"A",.,"A",390,"D",30,"D"
"20153","03147172",24,0,"1",1950,"D",130,"D",.,"A",260,"D",60,"D",.,"A",.,"A",1820,"D",0,"D",20,"D",260,"D",.,"A",.,"A"
"20153","03147182",31,0,"1",650,"D",260,"D",.,"A",636,"F",0,"D",.,"A",.,"A",390,"D",0,"D",.,"A",.,"A",.,"A",.,"A"
"20153","03147232",39,0,"1",2600,"D",520,"D",.,"A",0,"D",0,"D",.,"A",.,"A",2080,"D",0,"D",.,"A",.,"A",.,"A",.,"A"
"20153","03147254",47,0,"1",910,"D",0,"D",.,"A",0,"D",75,"D",.,"A",.,"A",910,"D",0,"D",7,"D",91,"D",.,"A",.,"A"
"20153","03147272",70,0,"1",260,"D",195,"D",585,"D",1300,"D",240,"D",.,"A",.,"A",65,"D",0,"D",.,"A",.,"A",.,"A",.,"A"
"20153","03147282",57,0,"1",2600,"D",1300,"D",.,"A",169,"D",0,"D",.,"A",.,"A",1300,"D",0,"D",.,"A",.,"A",.,"A",.,"A"
"20153","03147292",13,0,"1",1105,"D",130,"D",.,"A",0,"D",0,"D",.,"A",.,"A",975,"D",0,"D",.,"A",.,"A",.,"A",.,"A"
"20153","03147302",15,0,"1",780,"D",65,"D",.,"A",0,"D",0,"D",.,"A",.,"A",715,"D",0,"D",.,"A",.,"A",.,"A",.,"A"
"20153","03147332",33,0,"1",1300,"D",325,"D",.,"A",1950,"D",0,"D",.,"A",.,"A",975,"D",0,"D",70,"D",910,"D",.,"A",.,"A"
"20153","03147342",48,0,"1",1625,"D",455,"D",156,"D",0,"D",0,"D",.,"A",.,"A",1170,"D",15,"D",18,"D",234,"D",.,"A",.,"A"
"20153","03147352",54,0,"1",1040,"D",260,"D",.,"A",1300,"D",0,"D",.,"A",.,"A",780,"D",0,"D",60,"D",780,"D",.,"A",.,"A"
"20153","03147362",29,0,"1",1300,"D",488,"F",367,"F",325,"D",134,"F",.,"A",.,"A",1762,"F",148,"F",.,"A",.,"A",.,"A",.,"A"
"20153","03147432",42,0,"1",3900,"D",1950,"D",260,"D",390,"D",0,"D",.,"A",.,"A",1950,"D",0,"D",10,"D",130,"D",.,"A",.,"A"
"20153","03147474",24,0,"1",1300,"D",325,"D",.,"A",156,"D",0,"D",.,"A",.,"A",975,"D",0,"D",7,"D",91,"D",.,"A",.,"A"
"20153","03147502",15,0,"1",390,"D",104,"D",.,"A",910,"D",90,"D",.,"A",.,"A",286,"D",75,"D",.,"A",.,"A",.,"A",.,"A"
"20153","03147562",25,0,"1",520,"D",260,"D",195,"D",325,"D",0,"D",.,"A",.,"A",260,"D",0,"D",.,"A",.,"A",.,"A",.,"A"
"20153","03147574",38,0,"1",1560,"D",195,"D",.,"A",520,"D",0,"D",.,"A",.,"A",1365,"D",0,"D",.,"A",.,"A",.,"A",.,"A"
"20153","03147582",39,0,"1",1560,"D",195,"D",.,"A",130,"D",0,"D",.,"A",.,"A",1365,"D",21,"D",.,"A",.,"A",.,"A",.,"A"
"20153","03147592",28,0,"1",1625,"D",390,"D",.,"A",0,"D",0,"D",.,"A",.,"A",1235,"D",0,"D",.,"A",.,"A",.,"A",.,"A"
"20153","03147602",22,0,"1",975,"D",260,"D",260,"D",65,"D",6,"D",.,"A",.,"A",715,"D",6,"D",.,"A",.,"A",.,"A",.,"A"
"20153","03147632",17,0,"1",1950,"D",650,"D",.,"A",520,"D",0,"D",.,"A",.,"A",1300,"D",0,"D",66,"D",858,"D",.,"A",.,"A"
"20153","03147642",56,0,"1",0,"D",.,"A",1300,"D",520,"D",300,"D",.,"A",.,"A",0,"D",600,"D",.,"A",.,"A",.,"A",.,"A"
"20153","03147652",38,0,"1",5200,"D",650,"D",.,"A",390,"D",150,"D",.,"A",.,"A",4550,"D",150,"D",.,"A",.,"A",.,"A",.,"A"
"20153","03147672",33,0,"1",2600,"D",650,"D",.,"A",260,"D",0,"D",.,"A",.,"A",1950,"D",0,"D",.,"A",.,"A",.,"A",.,"A"
"20153","03147702",27,0,"1",1625,"D",0,"D",.,"A",325,"D",0,"D",.,"A",.,"A",1625,"D",0,"D",.,"A",.,"A",.,"A",.,"A"
"20153","03147712",35,0,"1",1430,"D",195,"D",.,"A",0,"D",0,"D",.,"A",.,"A",1235,"D",0,"D",.,"C",351,"F",.,"A",.,"A"
"20153","03147732",31,0,"1",2600,"D",325,"D",.,"A",650,"D",0,"D",.,"A",.,"A",2275,"D",60,"D",.,"A",.,"A",.,"A",.,"A"
"20153","03147742",36,0,"1",520,"D",78,"D",.,"A",325,"D",0,"D",.,"A",.,"A",442,"D",36,"D",.,"A",.,"A",.,"A",.,"A"
"20153","03147762",54,0,"1",1300,"D",412,"F",332,"F",799,"F",127,"F",.,"A",.,"A",1866,"F",120,"F",.,"A",.,"A",.,"A",.,"A"
"20153","03147772",23,0,"1",390,"D",130,"D",260,"D",650,"D",0,"D",.,"A",.,"A",260,"D",0,"D",.,"A",.,"A",.,"A",.,"A"
"20153","03147792",47,0,"1",1950,"D",325,"D",.,"A",1950,"D",450,"D",.,"A",.,"A",1625,"D",300,"D",.,"A",.,"A",.,"A",.,"A"
"20153","03147812",15,0,"1",650,"D",130,"D",.,"A",195,"D",0,"D",.,"A",.,"A",520,"D",0,"D",.,"A",.,"A",.,"A",.,"A"
"20153","03147852",25,0,"1",910,"D",0,"D",.,"A",1300,"D",0,"D",.,"A",.,"A",910,"D",0,"D",.,"A",.,"A",.,"A",.,"A"
"20153","03147892",14,0,"1",520,"D",65,"D",.,"A",0,"D",0,"D",.,"A",.,"A",455,"D",0,"D",.,"A",.,"A",.,"A",.,"A"
"20153","03147902",38,0,"1",650,"D",130,"D",.,"A",650,"D",0,"D",.,"A",.,"A",520,"D",0,"D",.,"A",.,"A",.,"A",.,"A"
"20153","03147922",47,0,"1",1300,"D",295,"F",.,"A",520,"D",0,"D",.,"A",.,"A",1097,"F",30,"D",.,"A",.,"A",.,"A",.,"A"
"20153","03147932",46,0,"1",1560,"D",0,"D",130,"D",650,"D",0,"D",.,"A",.,"A",1560,"D",0,"D",75,"D",975,"D",.,"A",.,"A"
"20153","03147942",13,0,"1",975,"D",195,"D",.,"A",0,"D",0,"D",.,"A",.,"A",780,"D",60,"D",.,"A",.,"A",.,"A",.,"A"
"20153","03147975",54,0,"1",1300,"D",650,"D",325,"D",260,"D",300,"D",.,"A",.,"A",650,"D",150,"D",.,"A",.,"A",.,"A",.,"A"
"20153","03147992",58,0,"1",1300,"D",516,"F",.,"A",975,"D",164,"F",.,"A",.,"A",2357,"F",90,"D",.,"A",.,"A",.,"A",.,"A"
"20153","03148002",40,0,"1",2600,"D",650,"D",650,"D",1300,"D",30,"D",.,"A",.,"A",1950,"D",150,"D",.,"A",.,"A",.,"A",.,"A"
"20153","03148022",36,0,"1",1560,"D",520,"D",.,"A",351,"D",192,"D",.,"A",.,"A",1040,"D",90,"D",.,"A",.,"A",.,"A",.,"A"
"20153","03148052",32,0,"1",650,"D",0,"D",.,"A",130,"D",0,"D",.,"A",.,"A",650,"D",0,"D",.,"A",.,"A",.,"A",.,"A"
"20153","03148062",20,0,"1",1300,"D",325,"D",.,"A",260,"D",0,"D",.,"A",.,"A",975,"D",0,"D",20,"D",260,"D",.,"A",.,"A"
"20153","03148072",30,0,"1",780,"D",130,"D",.,"A",520,"D",0,"D",.,"A",.,"A",650,"D",60,"D",.,"A",.,"A",.,"A",.,"A"
"20153","03148082",89,0,"1",1950,"D",195,"D",650,"D",650,"D",60,"D",.,"A",.,"A",1755,"D",75,"D",.,"A",.,"A",.,"A",.,"A"
"20153","03148102",17,0,"1",1040,"D",325,"D",.,"A",325,"D",0,"D",.,"A",.,"A",715,"D",0,"D",35,"D",455,"D",.,"A",.,"A"
"20153","03148112",12,0,"1",325,"D",39,"D",.,"A",0,"D",0,"D",.,"A",.,"A",286,"D",0,"D",5,"D",65,"D",.,"A",.,"A"
"20153","03148122",40,0,"1",650,"D",260,"D",325,"D",650,"D",150,"D",.,"A",.,"A",390,"D",60,"D",.,"A",.,"A",.,"A",.,"A"
"20153","03148152",23,0,"1",1300,"D",130,"D",.,"A",0,"D",0,"D",.,"A",.,"A",1170,"D",360,"D",20,"D",260,"D",.,"A",.,"A"
"20153","03148162",43,0,"1",1300,"D",0,"D",455,"D",65,"D",0,"D",.,"A",.,"A",1300,"D",0,"D",.,"A",.,"A",.,"A",.,"A"
"20153","03148172",31,0,"1",1560,"D",520,"D",.,"A",780,"D",0,"D",.,"A",.,"A",1040,"D",0,"D",.,"A",.,"A",195,"D",15,"D"
"20153","03148182",49,0,"1",1950,"D",0,"D",260,"D",325,"D",180,"D",.,"A",.,"A",1950,"D",450,"D",35,"D",455,"D",.,"A",.,"A"
"20153","03148202",42,0,"1",650,"D",65,"D",.,"A",195,"D",0,"D",.,"A",.,"A",585,"D",0,"D",.,"A",.,"A",.,"A",.,"A"
"20153","03148222",25,0,"1",975,"D",65,"D",390,"D",325,"D",120,"D",.,"A",.,"A",910,"D",180,"D",.,"A",.,"A",.,"A",.,"A"
"20153","03148262",43,0,"1",1300,"D",130,"D",325,"D",390,"D",300,"D",.,"A",.,"A",1170,"D",90,"D",.,"A",.,"A",.,"A",.,"A"
"20153","03148272",64,0,"1",3250,"D",975,"D",.,"A",806,"D",0,"D",.,"A",.,"A",2275,"D",0,"D",.,"A",.,"A",.,"A",.,"A"
"20153","03148282",67,0,"1",1300,"D",325,"D",325,"D",650,"D",0,"D",.,"A",.,"A",975,"D",0,"D",54,"D",702,"D",91,"D",7,"D"
"20153","03148302",21,0,"1",1040,"D",130,"D",.,"A",130,"D",0,"D",.,"A",.,"A",910,"D",180,"D",.,"A",.,"A",.,"A",.,"A"
"20153","03148312",43,0,"1",1300,"D",390,"D",.,"A",195,"D",0,"D",.,"A",.,"A",910,"D",0,"D",.,"A",.,"A",.,"A",.,"A"
"20153","03148322",46,0,"1",2600,"D",260,"D",.,"A",600,"F",0,"D",.,"A",.,"A",2340,"D",0,"D",.,"A",.,"A",.,"A",.,"A"
"20153","03148332",10,0,"1",1300,"D",312,"D",.,"A",0,"D",0,"D",.,"A",.,"A",988,"D",0,"D",.,"A",.,"A",.,"A",.,"A"
"20153","03148352",28,0,"1",1300,"D",0,"D",.,"A",520,"D",0,"D",.,"A",780,"D",1300,"D",0,"D",.,"A",.,"A",.,"A",.,"A"
"20153","03148362",18,0,"1",2232,"F",.,"A",.,"A",799,"F",127,"F",.,"A",.,"A",1866,"F",120,"F",.,"A",.,"A",.,"A",.,"A"
"20153","03148382",22,0,"1",1625,"D",325,"D",.,"A",650,"D",134,"F",.,"A",.,"A",1300,"D",148,"F",.,"C",693,"F",.,"A",.,"A"
"20153","03148392",23,0,"1",1105,"D",195,"D",52,"D",130,"D",0,"D",.,"A",.,"A",910,"D",0,"D",.,"A",.,"A",.,"A",.,"A"
"20153","03148402",23,0,"1",1430,"D",130,"D",.,"A",260,"D",30,"D",.,"A",.,"A",1300,"D",0,"D",.,"A",.,"A",.,"A",.,"A"
"20153","03148412",17,0,"1",390,"D",65,"D",.,"A",975,"D",0,"D",.,"A",.,"A",325,"D",0,"D",.,"A",.,"A",.,"A",.,"A"
"20153","03148432",48,0,"1",1300,"D",260,"D",.,"A",260,"D",0,"D",.,"A",.,"A",1040,"D",300,"D",.,"A",.,"A",.,"A",.,"A"
"20153","03148454",31,0,"1",1300,"D",0,"D",.,"A",0,"D",0,"D",.,"A",.,"A",1300,"D",0,"D",.,"A",.,"A",.,"A",.,"A"
"20153","03148482",80,0,"1",1560,"D",130,"D",390,"D",1560,"D",90,"D",.,"A",.,"A",1430,"D",120,"D",.,"A",.,"A",.,"A",.,"A"
"20153","03148492",29,0,"1",2600,"D",260,"D",.,"A",195,"D",0,"D",.,"A",.,"A",2340,"D",0,"D",80,"D",1040,"D",.,"A",.,"A"
"20153","03148512",41,0,"1",1300,"D",390,"D",.,"A",260,"D",0,"D",.,"A",.,"A",910,"D",300,"D",.,"A",.,"A",.,"A",.,"A"
"20153","03148532",19,0,"1",5460,"D",260,"D",.,"A",0,"D",0,"D",.,"A",.,"A",5200,"D",0,"D",.,"A",.,"A",.,"A",.,"A"
"20153","03148542",26,0,"1",2600,"D",455,"D",.,"A",0,"D",0,"D",.,"A",.,"A",2145,"D",0,"D",.,"A",.,"A",260,"D",20,"D"
"20153","03148552",33,0,"1",910,"D",325,"D",.,"A",325,"D",0,"D",325,"D",.,"A",585,"D",0,"D",.,"A",.,"A",.,"A",.,"A"
"20153","03148602",46,0,"1",1300,"D",1170,"D",.,"A",520,"D",0,"D",.,"A",.,"A",130,"D",0,"D",.,"A",.,"A",.,"A",.,"A"
"20153","03148632",42,0,"1",1170,"D",65,"D",195,"D",65,"D",0,"D",.,"A",.,"A",1105,"D",240,"D",55,"D",715,"D",.,"A",.,"A"
"20153","03148652",35,0,"1",325,"D",65,"D",0,"D",78,"D",0,"D",.,"A",.,"A",260,"D",0,"D",.,"A",.,"A",.,"A",.,"A"
"20153","03148662",9,0,"1",1105,"D",325,"D",.,"A",0,"D",0,"D",.,"A",.,"A",780,"D",0,"D",.,"A",.,"A",.,"A",.,"A"
"20153","03148682",27,0,"1",3575,"D",975,"D",.,"A",0,"D",0,"D",.,"A",.,"A",2600,"D",60,"D",30,"D",390,"D",.,"A",.,"A"
"20153","03148692",18,0,"1",1300,"D",325,"D",.,"A",325,"D",0,"D",.,"A",.,"A",975,"D",0,"D",.,"A",.,"A",.,"A",.,"A"
"20153","03148702",37,0,"1",975,"D",130,"D",.,"A",1300,"D",6,"D",.,"A",.,"A",845,"D",6,"D",.,"A",.,"A",.,"A",.,"A"
"20153","03148712",20,0,"1",1950,"D",260,"D",.,"A",0,"D",30,"D",.,"A",.,"A",1690,"D",30,"D",.,"A",.,"A",.,"A",.,"A"
"20153","03148722",64,0,"1",1222,"D",195,"D",.,"A",2652,"D",0,"D",.,"A",.,"A",1027,"D",120,"D",.,"A",.,"A",.,"A",.,"A"
"20153","03148742",31,0,"1",1950,"D",260,"D",.,"A",1300,"D",0,"D",.,"A",480,"D",1690,"D",0,"D",.,"A",.,"A",.,"A",.,"A"
"20153","03148752",41,0,"1",1300,"D",260,"D",.,"A",0,"D",0,"D",.,"A",.,"A",1040,"D",45,"D",.,"A",.,"A",.,"A",.,"A"
"20153","03148802",19,0,"1",1495,"D",390,"D",.,"A",390,"D",720,"D",.,"A",.,"A",1105,"D",540,"D",70,"D",910,"D",.,"A",.,"A"
"20153","03148824",16,0,"1",0,"D",.,"A",.,"A",104,"D",18,"D",.,"A",.,"A",0,"D",0,"D",.,"A",.,"A",.,"A",.,"A"
"20153","03148832",8,0,"1",325,"D",0,"D",130,"D",130,"D",0,"D",.,"A",.,"A",325,"D",0,"D",.,"A",.,"A",.,"A",.,"A"
"20153","03148852",52,0,"1",260,"D",65,"D",.,"A",1040,"D",0,"D",130,"D",.,"A",195,"D",0,"D",.,"A",.,"A",260,"D",20,"D"
"20153","03148872",16,0,"1",1300,"D",0,"D",.,"A",780,"D",0,"D",.,"A",.,"A",1300,"D",0,"D",40,"D",520,"D",.,"A",.,"A"
"20153","03148882",33,0,"1",975,"D",481,"D",260,"D",130,"D",0,"D",.,"A",.,"A",494,"D",0,"D",.,"A",.,"A",.,"A",.,"A"
"20153","03148932",28,0,"1",975,"D",390,"D",.,"A",195,"D",0,"D",.,"A",.,"A",585,"D",0,"D",.,"A",.,"A",.,"A",.,"A"
"20153","03148952",36,0,"1",2405,"D",65,"D",.,"A",650,"D",0,"D",.,"A",.,"A",2340,"D",108,"D",.,"A",.,"A",325,"D",25,"D"
"20153","03148962",23,0,"1",975,"D",195,"D",.,"A",757,"F",162,"F",.,"A",.,"A",780,"D",175,"F",.,"A",.,"A",.,"A",.,"A"
"20153","03148982",93,0,"1",6500,"D",1300,"D",.,"A",0,"D",0,"D",.,"A",.,"A",5200,"D",1500,"D",.,"A",.,"A",.,"A",.,"A"
"20153","03149002",88,0,"1",1560,"D",260,"D",52,"D",1300,"D",0,"D",.,"A",.,"A",1300,"D",0,"D",.,"A",.,"A",.,"A",.,"A"
"20153","03149012",20,0,"1",975,"D",0,"D",.,"A",313,"F",0,"D",.,"A",.,"A",975,"D",0,"D",.,"A",.,"A",.,"A",.,"A"
"20153","03149022",23,0,"1",585,"D",195,"D",585,"D",0,"D",0,"D",.,"A",.,"A",390,"D",0,"D",.,"A",.,"A",.,"A",.,"A"
"20153","03149032",42,0,"1",2600,"D",390,"D",1690,"D",1300,"D",0,"D",.,"A",.,"A",2210,"D",0,"D",12,"D",156,"D",.,"A",.,"A"
"20153","03149042",21,0,"1",1300,"D",325,"D",.,"A",0,"D",0,"D",.,"A",.,"A",975,"D",0,"D",.,"A",.,"A",.,"A",.,"A"
"20153","03149072",24,0,"1",2600,"D",260,"D",.,"A",0,"D",6,"D",.,"A",.,"A",2340,"D",6,"D",.,"A",.,"A",.,"A",.,"A"
"20153","03149112",36,0,"1",1040,"D",260,"D",.,"A",260,"D",0,"D",.,"A",.,"A",780,"D",0,"D",20,"D",260,"D",.,"A",.,"A"
"20153","03149122",33,0,"1",2275,"D",390,"D",.,"A",325,"D",0,"D",.,"A",.,"A",1885,"D",0,"D",10,"D",130,"D",.,"A",.,"A"
"20153","03149132",29,0,"1",325,"D",65,"D",.,"A",0,"D",0,"D",.,"A",.,"A",260,"D",60,"D",.,"A",.,"A",.,"A",.,"A"
"20153","03149162",51,0,"1",2080,"D",780,"D",.,"A",520,"D",0,"D",.,"A",10,"D",1300,"D",0,"D",.,"A",.,"A",.,"A",.,"A"
"20153","03149172",29,0,"1",1950,"D",520,"D",.,"A",520,"D",0,"D",.,"A",.,"A",1430,"D",0,"D",.,"A",.,"A",.,"A",.,"A"
"20153","03149182",37,0,"1",1040,"D",195,"D",130,"D",910,"D",60,"D",.,"A",.,"A",845,"D",60,"D",.,"A",.,"A",.,"A",.,"A"
"20153","03149192",37,0,"1",975,"D",65,"D",390,"D",195,"D",0,"D",.,"A",.,"A",910,"D",45,"D",.,"A",.,"A",.,"A",.,"A"
"20153","03149212",68,0,"1",3068,"D",650,"D",.,"A",0,"D",0,"D",.,"A",.,"A",2418,"D",240,"D",.,"A",.,"A",.,"A",.,"A"
"20153","03149232",35,0,"1",1300,"D",130,"D",.,"A",390,"D",0,"D",.,"A",.,"A",1170,"D",0,"D",.,"A",.,"A",.,"A",.,"A"
"20153","03149242",13,0,"1",1300,"D",260,"D",.,"A",325,"D",0,"D",.,"A",.,"A",1040,"D",0,"D",.,"A",.,"A",.,"A",.,"A"
"20153","03149252",47,0,"1",3250,"D",260,"D",.,"A",650,"D",0,"D",.,"A",60,"D",2990,"D",0,"D",.,"A",.,"A",.,"A",.,"A"
"20153","03149272",27,0,"1",1560,"D",260,"D",.,"A",0,"D",0,"D",.,"A",.,"A",1300,"D",0,"D",.,"A",.,"A",.,"A",.,"A"
"20153","03149312",50,0,"1",1625,"D",728,"D",.,"A",1495,"D",0,"D",.,"A",.,"A",897,"D",120,"D",.,"A",.,"A",.,"A",.,"A"
"20153","03149324",37,0,"1",1625,"D",390,"D",.,"A",325,"D",0,"D",.,"A",.,"A",1235,"D",750,"D",.,"A",.,"A",.,"A",.,"A"
"20153","03149332",13,0,"1",455,"D",0,"D",.,"A",0,"D",0,"D",.,"A",.,"A",455,"D",0,"D",.,"A",.,"A",.,"A",.,"A"
"20153","03149342",27,0,"1",1300,"D",390,"D",.,"A",0,"D",0,"D",.,"A",.,"A",910,"D",0,"D",.,"A",.,"A",.,"A",.,"A"
"20153","03149352",25,0,"1",780,"D",130,"D",.,"A",260,"D",0,"D",.,"A",.,"A",650,"D",0,"D",.,"A",.,"A",.,"A",.,"A"
"20153","03149382",37,0,"1",1300,"D",260,"D",.,"A",789,"F",134,"F",.,"A",.,"A",1040,"D",148,"F",.,"A",.,"A",.,"A",.,"A"
"20153","03149402",30,0,"1",1300,"D",390,"D",650,"D",2600,"D",150,"D",.,"A",.,"A",910,"D",750,"D",14,"D",182,"D",.,"A",.,"A"
"20153","03149422",31,0,"1",1300,"D",390,"D",.,"A",130,"D",0,"D",.,"A",.,"A",910,"D",300,"D",.,"A",.,"A",260,"D",20,"D"
"20153","03149432",19,0,"1",2600,"D",1300,"D",.,"A",780,"D",0,"D",.,"A",.,"A",1300,"D",0,"D",.,"A",.,"A",.,"A",.,"A"
"20153","03149453",6,0,"1",0,"D",.,"A",.,"A",0,"D",0,"D",.,"A",.,"A",0,"D",0,"D",.,"A",.,"A",.,"A",.,"A"
"20153","03149462",31,0,"1",1950,"D",390,"D",.,"A",260,"D",75,"D",.,"A",.,"A",1560,"D",90,"D",.,"A",.,"A",.,"A",.,"A"
"20153","03149472",21,0,"1",780,"D",195,"D",.,"A",390,"D",245,"F",.,"A",.,"A",585,"D",158,"F",.,"A",.,"A",.,"A",.,"A"
"20153","03149482",25,0,"1",5200,"D",1027,"D",.,"A",650,"D",150,"D",.,"A",10,"D",4173,"D",180,"D",.,"A",.,"A",.,"A",.,"A"
"20153","03149492",38,0,"1",1560,"D",130,"D",.,"A",650,"D",0,"D",.,"A",.,"A",1430,"D",120,"D",.,"A",.,"A",.,"A",.,"A"
"20153","03149502",19,0,"1",2600,"D",260,"D",.,"A",1040,"D",0,"D",.,"A",.,"A",2340,"D",0,"D",.,"A",.,"A",.,"A",.,"A"
"20153","03149512",35,0,"1",2600,"D",195,"D",.,"A",520,"D",0,"D",.,"A",.,"A",2405,"D",0,"D",.,"A",.,"A",.,"A",.,"A"
"20153","03149522",24,0,"1",2600,"D",455,"D",650,"D",650,"D",300,"D",.,"A",.,"A",2145,"D",300,"D",60,"D",780,"D",.,"A",.,"A"
"20153","03149532",27,0,"1",390,"D",65,"D",.,"A",0,"D",0,"D",.,"A",.,"A",325,"D",0,"D",.,"A",.,"A",.,"A",.,"A"
"20153","03149542",62,0,"1",3900,"D",650,"D",520,"D",390,"D",0,"D",.,"A",.,"A",3250,"D",0,"D",.,"A",.,"A",.,"A",.,"A"
"20153","03149552",21,0,"1",390,"D",0,"D",.,"A",325,"D",0,"D",.,"A",.,"A",390,"D",0,"D",.,"A",.,"A",.,"A",.,"A"
"20153","03149582",29,0,"1",715,"D",195,"D",.,"A",130,"D",0,"D",.,"A",.,"A",520,"D",78,"D",30,"D",390,"D",.,"A",.,"A"
"20153","03149592",31,0,"1",2080,"D",208,"D",.,"A",325,"D",150,"D",.,"A",.,"A",1872,"D",75,"D",42,"D",546,"D",.,"A",.,"A"
"20153","03149632",64,0,"1",1560,"D",325,"D",.,"A",1573,"D",0,"D",108,"D",.,"A",1235,"D",30,"D",.,"A",.,"A",.,"A",.,"A"
"20153","03149642",61,0,"1",5200,"D",1950,"D",.,"A",1300,"D",0,"D",63,"D",.,"A",3250,"D",0,"D",10,"D",130,"D",.,"A",.,"A"
"20153","03149652",27,0,"1",715,"D",130,"D",260,"D",520,"D",0,"D",.,"A",.,"A",585,"D",0,"D",.,"A",.,"A",.,"A",.,"A"
"20153","03149682",31,0,"1",2275,"D",520,"D",.,"A",325,"D",0,"D",.,"A",.,"A",1755,"D",105,"D",48,"D",624,"D",.,"A",.,"A"
"20153","03149772",35,0,"1",3250,"D",445,"F",.,"A",325,"D",0,"D",496,"F",.,"A",1825,"F",300,"D",.,"A",.,"A",.,"A",.,"A"
"20153","03149822",48,0,"1",2470,"D",130,"D",.,"A",520,"D",0,"D",.,"A",.,"A",2340,"D",0,"D",.,"A",.,"A",.,"A",.,"A"
"20153","03149835",29,0,"1",1300,"D",260,"D",.,"A",390,"D",0,"D",.,"A",.,"A",1040,"D",72,"D",.,"A",.,"A",.,"A",.,"A"
"20153","03149852",34,0,"1",1204,"F",.,"A",.,"A",0,"D",0,"D",.,"A",.,"A",976,"F",0,"D",.,"A",.,"A",.,"A",.,"A"
"20153","03149872",35,0,"1",910,"D",260,"D",390,"D",650,"D",0,"D",.,"A",.,"A",650,"D",0,"D",.,"A",.,"A",.,"A",.,"A"
"20153","03149882",16,0,"1",1690,"D",130,"D",.,"A",650,"D",0,"D",.,"A",.,"A",1560,"D",0,"D",.,"A",.,"A",.,"A",.,"A"
"20153","03149902",38,0,"1",1300,"D",325,"D",.,"A",390,"D",0,"D",.,"A",.,"A",975,"D",0,"D",.,"A",.,"A",.,"A",.,"A"
"20153","03149922",26,0,"1",877,"F",.,"A",.,"A",409,"F",0,"D",.,"A",.,"A",709,"F",0,"D",.,"A",.,"A",.,"A",.,"A"
"20153","03149942",43,0,"1",975,"D",65,"D",.,"A",260,"D",0,"D",.,"A",.,"A",910,"D",0,"D",.,"A",.,"A",.,"A",.,"A"
"20153","03149962",49,0,"1",1300,"D",195,"D",.,"A",325,"D",0,"D",.,"A",.,"A",1105,"D",30,"D",.,"A",.,"A",.,"A",.,"A"
"20153","03149972",17,0,"1",65,"D",0,"D",.,"A",390,"D",0,"D",.,"A",.,"A",65,"D",0,"D",.,"A",.,"A",.,"A",.,"A"
"20153","03149982",23,0,"1",1950,"D",195,"D",.,"A",1300,"D",0,"D",.,"A",.,"A",1755,"D",0,"D",.,"A",.,"A",.,"A",.,"A"
"20153","03150002",24,0,"1",3120,"D",390,"D",.,"A",520,"D",30,"D",.,"A",.,"A",2730,"D",0,"D",.,"A",.,"A",.,"A",.,"A"
"20153","03150012",44,0,"1",1300,"D",195,"D",260,"D",325,"D",0,"D",.,"A",.,"A",1105,"D",60,"D",.,"A",.,"A",.,"A",.,"A"
"20153","03150022",23,0,"1",1300,"D",130,"D",.,"A",650,"D",0,"D",.,"A",.,"A",1170,"D",0,"D",.,"A",.,"A",.,"A",.,"A"
"20153","03150082",44,0,"1",910,"D",325,"D",.,"A",780,"D",0,"D",.,"A",.,"A",585,"D",0,"D",50,"D",650,"D",.,"A",.,"A"
"20153","03150092",14,0,"1",455,"D",65,"D",.,"A",0,"D",0,"D",.,"A",.,"A",390,"D",0,"D",20,"D",260,"D",.,"A",.,"A"
"20153","03150102",32,0,"1",5200,"D",650,"D",.,"A",2600,"D",90,"D",.,"A",.,"A",4550,"D",120,"D",.,"A",.,"A",.,"A",.,"A"
"20153","03150132",29,0,"1",2600,"D",520,"D",130,"D",0,"D",0,"D",.,"A",.,"A",2080,"D",120,"D",.,"A",.,"A",.,"A",.,"A"
"20153","03150182",31,0,"1",520,"D",26,"D",.,"A",1040,"D",0,"D",.,"A",.,"A",494,"D",0,"D",.,"A",.,"A",.,"A",.,"A"
"20153","03150192",63,0,"1",1300,"D",429,"D",65,"D",650,"D",0,"D",.,"A",.,"A",871,"D",0,"D",.,"A",.,"A",.,"A",.,"A"
"20153","03150222",72,0,"1",1950,"D",0,"D",.,"A",325,"D",45,"D",.,"A",.,"A",1950,"D",0,"D",.,"A",.,"A",.,"A",.,"A"
"20153","03150232",19,0,"1",975,"D",260,"D",.,"A",0,"D",0,"D",.,"A",.,"A",715,"D",0,"D",.,"A",.,"A",.,"A",.,"A"
"20153","03150242",28,0,"1",1625,"D",156,"D",.,"A",0,"D",0,"D",.,"A",.,"A",1469,"D",0,"D",40,"D",520,"D",.,"A",.,"A"
"20153","03150252",37,0,"1",2600,"D",975,"D",650,"D",650,"D",150,"D",.,"A",.,"A",1625,"D",300,"D",70,"D",910,"D",.,"A",.,"A"
"20153","03150262",55,0,"1",1560,"D",260,"D",.,"A",689,"D",0,"D",.,"A",.,"A",1300,"D",0,"D",.,"A",.,"A",.,"A",.,"A"
"20153","03150282",32,0,"1",1560,"D",156,"D",.,"A",325,"D",0,"D",.,"A",.,"A",1404,"D",9,"D",13,"D",169,"D",.,"A",.,"A"
"20153","03150304",23,0,"1",3250,"D",260,"D",.,"A",2600,"D",240,"D",.,"A",.,"A",2990,"D",510,"D",.,"A",.,"A",.,"A",.,"A"
"20153","03150332",19,0,"1",1950,"D",455,"D",.,"A",325,"D",0,"D",.,"A",.,"A",1495,"D",0,"D",.,"A",.,"A",.,"A",.,"A"
"20153","03150342",27,0,"1",650,"D",130,"D",.,"A",0,"D",0,"D",.,"A",.,"A",520,"D",0,"D",40,"D",520,"D",.,"A",.,"A"
"20153","03150352",11,0,"1",780,"D",130,"D",.,"A",0,"D",0,"D",.,"A",.,"A",650,"D",60,"D",.,"A",.,"A",.,"A",.,"A"
"20153","03150362",39,0,"1",1469,"D",494,"D",.,"A",663,"D",0,"D",.,"A",.,"A",975,"D",0,"D",.,"A",.,"A",.,"A",.,"A"
"20153","03150372",28,0,"1",390,"D",130,"D",.,"A",390,"D",600,"D",.,"A",.,"A",260,"D",60,"D",.,"A",.,"A",.,"A",.,"A"
"20153","03150402",66,0,"1",1560,"D",325,"D",455,"D",104,"D",0,"D",.,"A",.,"A",1235,"D",0,"D",49,"D",637,"D",.,"A",.,"A"
"20153","03150412",29,0,"1",5200,"D",650,"D",.,"A",0,"D",0,"D",.,"A",.,"A",4550,"D",0,"D",.,"A",.,"A",.,"A",.,"A"
"20153","03150422",44,0,"1",2600,"D",650,"D",.,"A",520,"D",0,"D",.,"A",.,"A",1950,"D",45,"D",.,"A",.,"A",.,"A",.,"A"
"20153","03150432",47,0,"1",3900,"D",130,"D",.,"A",780,"D",225,"D",.,"A",.,"A",3770,"D",90,"D",.,"A",.,"A",.,"A",.,"A"
"20153","03150442",53,0,"1",1625,"D",325,"D",.,"A",1300,"D",0,"D",.,"A",120,"D",1300,"D",0,"D",.,"A",.,"A",.,"A",.,"A"
"20153","03150474",14,0,"1",1300,"D",211,"F",.,"A",0,"D",0,"D",.,"A",.,"A",741,"F",144,"D",5,"D",65,"D",.,"A",.,"A"
"20153","03150562",19,0,"1",1300,"D",0,"D",.,"A",0,"D",0,"D",.,"A",.,"A",1300,"D",0,"D",.,"A",.,"A",.,"A",.,"A"
"20153","03150582",19,0,"1",260,"D",65,"D",.,"A",104,"D",0,"D",.,"A",.,"A",195,"D",0,"D",.,"A",.,"A",.,"A",.,"A"
"20153","03150602",23,0,"1",624,"D",468,"D",.,"A",299,"D",0,"D",.,"A",.,"A",156,"D",0,"D",.,"A",.,"A",.,"A",.,"A"
"20153","03150612",42,0,"1",1560,"D",0,"D",650,"D",156,"D",0,"D",.,"A",.,"A",1560,"D",6,"D",.,"A",.,"A",.,"A",.,"A"
"20153","03150632",27,0,"1",1300,"D",0,"D",130,"D",325,"D",450,"D",.,"A",.,"A",1300,"D",120,"D",.,"A",.,"A",.,"A",.,"A"
"20153","03150672",27,0,"1",585,"D",260,"D",.,"A",455,"D",0,"D",.,"A",.,"A",325,"D",0,"D",.,"A",.,"A",.,"A",.,"A"
"20153","03150682",50,0,"1",2600,"D",650,"D",.,"A",195,"D",150,"D",.,"A",.,"A",1950,"D",150,"D",35,"D",455,"D",.,"A",.,"A"
"20153","03150712",32,0,"1",3900,"D",650,"D",.,"A",0,"D",0,"D",.,"A",.,"A",3250,"D",15,"D",27,"D",351,"D",.,"A",.,"A"
"20153","03150742",66,0,"1",1950,"D",390,"D",260,"D",1300,"D",150,"D",.,"A",.,"A",1560,"D",150,"D",.,"A",.,"A",.,"A",.,"A"
"20153","03150752",11,0,"1",2600,"D",1300,"D",650,"D",520,"D",0,"D",.,"A",.,"A",1300,"D",0,"D",.,"A",.,"A",.,"A",.,"A"
"20153","03150762",11,0,"1",975,"D",65,"D",.,"A",0,"D",0,"D",.,"A",.,"A",910,"D",0,"D",.,"A",.,"A",.,"A",.,"A"
"20153","03150772",20,0,"1",650,"D",260,"D",.,"A",65,"D",0,"D",.,"A",.,"A",390,"D",0,"D",.,"A",.,"A",.,"A",.,"A"
"20153","03150792",38,0,"1",2600,"D",650,"D",.,"A",6240,"D",0,"D",.,"A",.,"A",1950,"D",0,"D",.,"A",.,"A",.,"A",.,"A"
"20153","03150802",19,0,"1",390,"D",104,"D",.,"A",195,"D",0,"D",.,"A",.,"A",286,"D",0,"D",.,"A",.,"A",.,"A",.,"A"
"20153","03150812",16,0,"1",650,"D",195,"D",.,"A",0,"D",0,"D",.,"A",.,"A",455,"D",0,"D",13,"D",169,"D",.,"A",.,"A"
"20153","03150822",21,0,"1",650,"D",130,"D",.,"A",390,"D",0,"D",.,"A",.,"A",520,"D",0,"D",.,"A",.,"A",.,"A",.,"A"
"20153","03150832",28,0,"1",1170,"D",130,"D",91,"D",585,"D",450,"D",.,"A",.,"A",1040,"D",450,"D",.,"A",.,"A",.,"A",.,"A"
"20153","03150842",39,0,"1",1300,"D",325,"D",.,"A",650,"D",0,"D",.,"A",.,"A",975,"D",0,"D",.,"A",.,"A",.,"A",.,"A"
"20153","03150852",27,0,"1",1300,"D",0,"D",.,"A",3380,"D",600,"D",.,"A",.,"A",1300,"D",675,"D",75,"D",975,"D",.,"A",.,"A"
"20153","03150872",23,0,"1",1300,"D",0,"D",.,"A",520,"D",0,"D",.,"A",.,"A",1300,"D",150,"D",.,"A",.,"A",.,"A",.,"A"
"20153","03150892",34,0,"1",1300,"D",494,"D",.,"A",1950,"D",0,"D",.,"A",.,"A",806,"D",300,"D",.,"A",.,"A",.,"A",.,"A"
"20153","03150922",44,0,"1",1040,"D",220,"F",.,"A",0,"D",167,"F",.,"A",.,"A",745,"F",134,"F",.,"A",.,"A",.,"A",.,"A"
"20153","03150942",62,0,"1",1625,"D",260,"D",130,"D",1950,"D",300,"D",.,"A",.,"A",1365,"D",90,"D",.,"A",.,"A",.,"A",.,"A"
"20153","03150952",30,0,"1",650,"D",169,"D",273,"D",1040,"D",0,"D",.,"A",.,"A",481,"D",36,"D",36,"D",468,"D",.,"A",.,"A"
"20153","03150962",29,0,"1",1300,"D",325,"D",.,"A",845,"D",0,"D",.,"A",.,"A",975,"D",90,"D",.,"A",.,"A",.,"A",.,"A"
"20153","03150972",47,0,"1",780,"D",325,"D",.,"A",0,"D",0,"D",.,"A",.,"A",455,"D",0,"D",.,"A",.,"A",.,"A",.,"A"
"20153","03150982",27,0,"1",1950,"D",325,"D",.,"A",1300,"D",600,"D",.,"A",.,"A",1625,"D",150,"D",.,"A",.,"A",.,"A",.,"A"
"20153","03151002",6,0,"1",130,"D",0,"D",.,"A",26,"D",0,"D",.,"A",.,"A",130,"D",0,"D",4,"D",52,"D",.,"A",.,"A"
"20153","03151012",28,0,"1",390,"D",65,"D",.,"A",130,"D",0,"D",.,"A",.,"A",325,"D",0,"D",.,"A",.,"A",.,"A",.,"A"
"20153","03151022",17,0,"1",2600,"D",715,"D",130,"D",0,"D",0,"D",.,"A",.,"A",1885,"D",60,"D",.,"A",.,"A",.,"A",.,"A"
"20153","03151052",29,0,"1",1300,"D",195,"D",.,"A",1300,"D",0,"D",.,"A",.,"A",1105,"D",0,"D",.,"A",.,"A",.,"A",.,"A"
"20153","03151062",48,0,"1",1300,"D",325,"D",.,"A",650,"D",0,"D",.,"A",.,"A",975,"D",0,"D",.,"A",.,"A",.,"A",.,"A"
"20153","03151072",61,0,"1",2275,"D",130,"D",.,"A",390,"D",0,"D",.,"A",.,"A",2145,"D",90,"D",.,"A",.,"A",.,"A",.,"A"
"20153","03151082",17,0,"1",780,"D",195,"D",.,"A",390,"D",0,"D",.,"A",.,"A",585,"D",6,"D",.,"A",.,"A",.,"A",.,"A"
"20153","03151092",41,0,"1",650,"D",0,"D",.,"A",1300,"D",0,"D",.,"A",.,"A",650,"D",0,"D",.,"A",.,"A",.,"A",.,"A"
"20153","03151112",15,0,"1",3900,"D",325,"D",.,"A",1040,"D",0,"D",.,"A",.,"A",3575,"D",0,"D",.,"A",.,"A",.,"A",.,"A"
"20153","03151122",25,0,"1",1300,"D",130,"D",.,"A",325,"D",0,"D",.,"A",.,"A",1170,"D",0,"D",.,"A",.,"A",.,"A",.,"A"
"20153","03151132",24,0,"1",1105,"D",0,"D",.,"A",520,"D",0,"D",.,"A",.,"A",1105,"D",0,"D",.,"A",.,"A",.,"A",.,"A"
"20153","03151162",37,0,"1",520,"D",65,"D",1300,"D",2600,"D",600,"D",.,"A",.,"A",455,"D",180,"D",.,"A",.,"A",.,"A",.,"A"
"20153","03151182",44,0,"1",1950,"D",0,"D",975,"D",780,"D",0,"D",.,"A",.,"A",1950,"D",75,"D",.,"A",.,"A",.,"A",.,"A"
"20153","03151222",15,0,"1",2600,"D",650,"D",.,"A",1300,"D",0,"D",.,"A",.,"A",1950,"D",0,"D",.,"A",.,"A",.,"A",.,"A"
"20153","03151242",28,0,"1",325,"D",0,"D",.,"A",0,"D",0,"D",.,"A",.,"A",325,"D",0,"D",.,"A",.,"A",.,"A",.,"A"
"20153","03151272",30,0,"1",1561,"F",.,"A",.,"A",757,"F",0,"D",.,"A",.,"A",1315,"F",0,"D",.,"A",.,"A",.,"A",.,"A"
"20153","03151322",21,0,"1",1625,"D",260,"D",.,"A",260,"D",30,"D",.,"A",.,"A",1365,"D",120,"D",.,"A",.,"A",.,"A",.,"A"
"20153","03151332",36,0,"1",1300,"D",260,"D",260,"D",390,"D",36,"D",.,"A",.,"A",1040,"D",60,"D",.,"A",.,"A",.,"A",.,"A"
"20153","03151372",10,0,"1",780,"D",130,"D",.,"A",390,"D",0,"D",.,"A",.,"A",650,"D",0,"D",.,"A",.,"A",.,"A",.,"A"
"20153","03151382",20,0,"1",1040,"D",260,"D",.,"A",0,"D",0,"D",.,"A",.,"A",780,"D",0,"D",.,"A",.,"A",.,"A",.,"A"
"20153","03151422",38,0,"1",1560,"D",390,"D",.,"A",650,"D",90,"D",.,"A",.,"A",1170,"D",180,"D",.,"A",.,"A",.,"A",.,"A"
"20153","03151462",24,0,"1",650,"D",65,"D",.,"A",0,"D",0,"D",.,"A",.,"A",585,"D",0,"D",20,"D",260,"D",.,"A",.,"A"
"20153","03151482",25,0,"1",1690,"D",325,"D",.,"A",780,"D",30,"D",.,"A",.,"A",1365,"D",60,"D",.,"A",.,"A",.,"A",.,"A"
"20153","03151492",26,0,"1",2600,"D",325,"D",.,"A",0,"D",0,"D",.,"A",.,"A",2275,"D",0,"D",.,"A",.,"A",.,"A",.,"A"
"20153","03151502",50,0,"1",975,"D",195,"D",.,"A",260,"D",6,"D",.,"A",.,"A",780,"D",6,"D",.,"A",.,"A",.,"A",.,"A"
"20153","03151532",19,0,"1",975,"D",130,"D",.,"A",520,"D",150,"D",.,"A",.,"A",845,"D",75,"D",.,"A",.,"A",.,"A",.,"A"
"20153","03151542",51,0,"1",1690,"D",325,"D",.,"A",390,"D",0,"D",.,"A",.,"A",1365,"D",0,"D",.,"A",.,"A",.,"A",.,"A"
"20153","03151552",23,0,"1",5200,"D",650,"D",260,"D",0,"D",0,"D",.,"A",.,"A",4550,"D",60,"D",.,"A",.,"A",.,"A",.,"A"
"20153","03151592",25,0,"1",650,"D",130,"D",.,"A",130,"D",0,"D",.,"A",.,"A",520,"D",0,"D",.,"C",415,"F",.,"A",.,"A"
"20153","03151612",32,0,"1",1690,"D",325,"D",325,"D",0,"D",0,"D",.,"A",.,"A",1365,"D",0,"D",.,"A",.,"A",.,"A",.,"A"
"20153","03151655",15,0,"1",4225,"D",923,"D",.,"A",0,"D",0,"D",.,"A",.,"A",3302,"D",0,"D",.,"A",.,"A",.,"A",.,"A"
"20153","03151682",14,0,"1",520,"D",104,"D",.,"A",325,"D",0,"D",.,"A",.,"A",416,"D",0,"D",.,"A",.,"A",.,"A",.,"A"
"20153","03151692",50,0,"1",2340,"D",325,"D",.,"A",1950,"D",150,"D",.,"A",24,"D",2015,"D",30,"D",.,"A",.,"A",.,"A",.,"A"
"20153","03151702",35,0,"1",1300,"D",130,"D",.,"A",325,"D",30,"D",.,"A",.,"A",1170,"D",30,"D",.,"A",.,"A",.,"A",.,"A"
"20153","03151722",49,0,"1",2860,"D",650,"D",3575,"D",975,"D",0,"D",.,"A",.,"A",2210,"D",0,"D",.,"A",.,"A",.,"A",.,"A"
"20153","03151742",10,0,"1",260,"D",0,"D",130,"D",260,"D",0,"D",.,"A",.,"A",260,"D",0,"D",.,"A",.,"A",.,"A",.,"A"
"20153","03151762",22,0,"1",1040,"D",104,"D",.,"A",104,"D",0,"D",.,"A",.,"A",936,"D",0,"D",.,"A",.,"A",.,"A",.,"A"
"20153","03151772",39,0,"1",1300,"D",195,"D",.,"A",650,"D",0,"D",.,"A",240,"D",1105,"D",60,"D",57,"D",741,"D",.,"A",.,"A"
"20153","03151802",12,0,"1",650,"D",65,"D",.,"A",0,"D",0,"D",.,"A",.,"A",585,"D",0,"D",.,"A",.,"A",.,"A",.,"A"
"20153","03151812",19,0,"1",1430,"D",325,"D",.,"A",260,"D",0,"D",.,"A",.,"A",1105,"D",60,"D",30,"D",390,"D",.,"A",.,"A"
"20153","03151832",24,0,"1",1625,"D",260,"D",.,"A",0,"D",0,"D",.,"A",.,"A",1365,"D",0,"D",.,"A",.,"A",.,"A",.,"A"
"20153","03151842",21,0,"1",39,"D",13,"D",.,"A",0,"D",0,"D",.,"A",.,"A",26,"D",0,"D",.,"A",.,"A",.,"A",.,"A"
"20153","03151852",29,0,"1",1300,"D",325,"D",.,"A",0,"D",6,"D",.,"A",.,"A",975,"D",6,"D",.,"A",.,"A",.,"A",.,"A"
"20153","03151902",20,0,"1",1430,"D",520,"D",.,"A",0,"D",0,"D",.,"A",.,"A",910,"D",0,"D",.,"A",.,"A",.,"A",.,"A"
"20153","03151922",22,0,"1",1560,"D",260,"D",.,"A",0,"D",0,"D",.,"A",.,"A",1300,"D",0,"D",.,"A",.,"A",.,"A",.,"A"
"20153","03151932",37,0,"1",1300,"D",0,"D",.,"A",195,"D",0,"D",.,"A",.,"A",1300,"D",0,"D",.,"A",.,"A",.,"A",.,"A"
"20153","03151942",15,0,"1",650,"D",65,"D",.,"A",0,"D",0,"D",.,"A",.,"A",585,"D",90,"D",.,"A",.,"A",.,"A",.,"A"
"20153","03151952",22,0,"1",910,"D",130,"D",.,"A",260,"D",0,"D",.,"A",.,"A",780,"D",0,"D",.,"A",.,"A",.,"A",.,"A"
"20153","03151962",35,0,"1",1300,"D",130,"D",.,"A",789,"F",0,"D",.,"A",.,"A",1170,"D",150,"D",.,"A",.,"A",.,"A",.,"A"
"20153","03151972",36,0,"1",520,"D",0,"D",.,"A",260,"D",0,"D",.,"A",.,"A",520,"D",0,"D",.,"A",.,"A",.,"A",.,"A"
"20153","03151982",25,0,"1",1040,"D",156,"D",.,"A",0,"D",0,"D",.,"A",.,"A",884,"D",193,"F",.,"A",.,"A",.,"A",.,"A"
"20153","03151992",43,0,"1",2210,"D",975,"D",.,"A",1040,"D",0,"D",.,"A",.,"A",1235,"D",120,"D",.,"A",.,"A",.,"A",.,"A"
"20153","03152002",49,0,"1",3250,"D",650,"D",.,"A",260,"D",0,"D",.,"A",.,"A",2600,"D",0,"D",.,"A",.,"A",.,"A",.,"A"
"20153","03152012",19,0,"1",2340,"D",1040,"D",.,"A",130,"D",0,"D",.,"A",.,"A",1300,"D",0,"D",12,"D",156,"D",.,"A",.,"A"
"20153","03152042",53,0,"1",1040,"D",130,"D",.,"A",130,"D",0,"D",.,"A",.,"A",910,"D",30,"D",.,"A",.,"A",.,"A",.,"A"
"20153","03152052",17,0,"1",1300,"D",390,"D",.,"A",390,"D",0,"D",.,"A",.,"A",910,"D",0,"D",.,"A",.,"A",.,"A",.,"A"
"20153","03152062",60,0,"1",2600,"D",520,"D",325,"D",1300,"D",60,"D",.,"A",.,"A",2080,"D",75,"D",.,"A",.,"A",.,"A",.,"A"
"20153","03152072",41,0,"1",910,"D",260,"D",260,"D",390,"D",0,"D",.,"A",.,"A",650,"D",240,"D",.,"A",.,"A",.,"A",.,"A"
"20153","03152132",44,0,"1",1716,"D",91,"D",.,"A",169,"D",0,"D",.,"A",.,"A",1625,"D",0,"D",.,"A",.,"A",.,"A",.,"A"
"20153","03152142",21,0,"1",1170,"D",104,"D",.,"A",0,"D",0,"D",.,"A",.,"A",1066,"D",0,"D",.,"A",.,"A",.,"A",.,"A"
"20153","03152164",26,0,"1",520,"D",39,"D",.,"A",0,"D",0,"D",.,"A",.,"A",481,"D",0,"D",.,"A",.,"A",.,"A",.,"A"
"20153","03152172",38,0,"1",1950,"D",0,"D",.,"A",650,"D",60,"D",.,"A",.,"A",1950,"D",60,"D",.,"A",.,"A",.,"A",.,"A"
"20153","03152182",22,0,"1",650,"D",0,"D",.,"A",650,"D",600,"D",.,"A",.,"A",650,"D",180,"D",.,"A",.,"A",.,"A",.,"A"
"20153","03152192",15,0,"1",390,"D",65,"D",.,"A",0,"D",0,"D",.,"A",.,"A",325,"D",120,"D",.,"A",.,"A",.,"A",.,"A"
"20153","03152212",17,0,"1",1625,"D",325,"D",.,"A",325,"D",0,"D",.,"A",.,"A",1300,"D",0,"D",.,"A",.,"A",.,"A",.,"A"
"20153","03152222",29,0,"1",1300,"D",325,"D",.,"A",0,"D",0,"D",.,"A",.,"A",975,"D",0,"D",.,"A",.,"A",.,"A",.,"A"
"20153","03152242",21,0,"1",1170,"D",325,"D",.,"A",195,"D",0,"D",.,"A",.,"A",845,"D",0,"D",.,"A",.,"A",65,"D",5,"D"
"20153","03152262",25,0,"1",1300,"D",325,"D",.,"A",0,"D",0,"D",.,"A",.,"A",975,"D",0,"D",.,"A",.,"A",.,"A",.,"A"
"20153","03152272",31,0,"1",1040,"D",260,"D",.,"A",780,"D",0,"D",.,"A",.,"A",780,"D",120,"D",.,"A",.,"A",.,"A",.,"A"
"20153","03152282",38,0,"1",1625,"D",156,"D",130,"D",325,"D",30,"D",.,"A",.,"A",1469,"D",180,"D",.,"A",.,"A",.,"A",.,"A"
"20153","03152292",22,0,"1",390,"D",130,"D",455,"D",650,"D",75,"D",.,"A",.,"A",260,"D",0,"D",.,"A",.,"A",.,"A",.,"A"
"20153","03152302",47,0,"1",1300,"D",488,"F",520,"D",325,"D",0,"D",.,"A",.,"A",1762,"F",0,"D",.,"A",.,"A",.,"A",.,"A"
"20153","03152332",59,0,"1",1950,"D",195,"D",91,"D",325,"D",0,"D",.,"A",.,"A",1755,"D",120,"D",.,"A",.,"A",.,"A",.,"A"
"20153","03152342",25,0,"1",884,"D",130,"D",.,"A",104,"D",0,"D",.,"A",.,"A",754,"D",0,"D",.,"A",.,"A",.,"A",.,"A"
"20153","03152382",52,0,"1",3900,"D",0,"D",.,"A",1300,"D",0,"D",.,"A",.,"A",3900,"D",0,"D",.,"A",.,"A",.,"A",.,"A"
"20153","03152392",51,0,"1",2600,"D",260,"D",650,"D",650,"D",30,"D",.,"A",.,"A",2340,"D",90,"D",.,"A",.,"A",.,"A",.,"A"
"20153","03152402",17,0,"1",780,"D",130,"D",.,"A",130,"D",0,"D",.,"A",.,"A",650,"D",30,"D",42,"D",546,"D",.,"A",.,"A"
"20153","03152412",43,0,"1",1040,"D",0,"D",65,"D",1300,"D",0,"D",.,"A",.,"A",1040,"D",0,"D",10,"D",130,"D",.,"A",.,"A"
"20153","03152422",38,0,"1",390,"D",104,"D",.,"A",0,"D",0,"D",.,"A",.,"A",286,"D",30,"D",.,"A",.,"A",.,"A",.,"A"
"20153","03152452",55,0,"1",2860,"D",260,"D",650,"D",0,"D",0,"D",.,"A",.,"A",2600,"D",1500,"D",.,"A",.,"A",.,"A",.,"A"
"20153","03152462",57,0,"1",1950,"D",390,"D",.,"A",1300,"D",0,"D",.,"A",.,"A",1560,"D",0,"D",.,"A",.,"A",.,"A",.,"A"
"20153","03152512",46,0,"1",1950,"D",650,"D",390,"D",130,"D",0,"D",.,"A",.,"A",1300,"D",0,"D",50,"D",650,"D",.,"A",.,"A"
"20153","03152522",32,0,"1",1950,"D",390,"D",.,"A",1300,"D",30,"D",.,"A",.,"A",1560,"D",240,"D",.,"A",.,"A",.,"A",.,"A"
"20153","03152542",23,0,"1",1170,"D",455,"D",.,"A",325,"D",0,"D",.,"A",.,"A",715,"D",0,"D",.,"A",.,"A",.,"A",.,"A"
"20153","03152572",54,0,"1",5850,"D",780,"D",130,"D",1040,"D",0,"D",.,"A",.,"A",5070,"D",0,"D",.,"A",.,"A",.,"A",.,"A"
"20153","03152632",11,0,"1",2232,"F",.,"A",.,"A",1950,"D",60,"D",.,"A",.,"A",1866,"F",60,"D",.,"A",.,"A",.,"A",.,"A"
"20153","03152652",19,0,"1",1560,"D",390,"D",.,"A",260,"D",0,"D",.,"A",.,"A",1170,"D",0,"D",.,"A",.,"A",.,"A",.,"A"
"20153","03152662",37,0,"1",2080,"D",260,"D",78,"D",260,"D",0,"D",.,"A",.,"A",1820,"D",0,"D",.,"A",.,"A",.,"A",.,"A"
"20153","03152702",42,0,"1",1950,"D",520,"D",520,"D",0,"D",0,"D",.,"A",.,"A",1430,"D",180,"D",.,"A",.,"A",.,"A",.,"A"
"20153","03152712",41,0,"1",1950,"D",130,"D",.,"A",260,"D",0,"D",.,"A",.,"A",1820,"D",150,"D",.,"A",.,"A",.,"A",.,"A"
"20153","03152722",35,0,"1",650,"D",130,"D",.,"A",0,"D",0,"D",.,"A",.,"A",520,"D",0,"D",40,"D",520,"D",.,"A",.,"A"
"20153","03152772",31,0,"1",1625,"D",195,"D",.,"A",1300,"D",0,"D",.,"A",.,"A",1430,"D",0,"D",.,"A",.,"A",.,"A",.,"A"
"20153","03152792",19,0,"1",520,"D",130,"D",.,"A",130,"D",0,"D",.,"A",.,"A",390,"D",0,"D",.,"A",.,"A",.,"A",.,"A"
"20153","03152802",37,0,"1",650,"D",130,"D",.,"A",325,"D",120,"D",.,"A",.,"A",520,"D",60,"D",.,"A",.,"A",65,"D",5,"D"
"20153","03163282",47,0,"1",1755,"D",260,"D",.,"A",1300,"D",0,"D",.,"A",.,"A",1495,"D",30,"D",.,"A",.,"A",.,"A",.,"A"
"20153","03163292",41,0,"1",1105,"D",156,"D",234,"D",195,"D",0,"D",.,"A",.,"A",949,"D",60,"D",.,"A",.,"A",.,"A",.,"A"
"20153","03163322",18,0,"1",2600,"D",585,"D",.,"A",130,"D",0,"D",8,"D",.,"A",2015,"D",0,"D",.,"A",.,"A",.,"A",.,"A"
"20153","03163342",21,0,"1",1300,"D",195,"D",.,"A",390,"D",60,"D",.,"A",.,"A",1105,"D",150,"D",.,"A",.,"A",.,"A",.,"A"
"20153","03163352",34,0,"1",1560,"D",780,"D",.,"A",650,"D",180,"D",.,"A",.,"A",780,"D",300,"D",.,"A",.,"A",.,"A",.,"A"
"20153","03163382",27,0,"1",1040,"D",65,"D",.,"A",520,"D",0,"D",.,"A",.,"A",975,"D",0,"D",.,"A",.,"A",.,"A",.,"A"
"20153","03163392",26,0,"1",1300,"D",130,"D",260,"D",325,"D",6,"D",.,"A",.,"A",1170,"D",6,"D",.,"A",.,"A",.,"A",.,"A"
"20153","03163402",16,0,"1",2232,"F",.,"A",.,"A",799,"F",0,"D",.,"A",.,"A",1866,"F",0,"D",.,"A",.,"A",.,"A",.,"A"
"20153","03163442",32,0,"1",3250,"D",195,"D",.,"A",650,"D",98,"F",.,"A",.,"A",3055,"D",240,"D",.,"A",.,"A",.,"A",.,"A"
"20153","03163452",31,0,"1",390,"D",130,"D",.,"A",130,"D",30,"D",.,"A",.,"A",260,"D",30,"D",.,"A",.,"A",.,"A",.,"A"
"20153","03163462",57,0,"1",2990,"D",1300,"D",.,"A",780,"D",18,"D",.,"A",.,"A",1690,"D",0,"D",.,"A",.,"A",.,"A",.,"A"
"20153","03163482",20,0,"1",1950,"D",390,"D",.,"A",0,"D",0,"D",.,"A",.,"A",1560,"D",0,"D",25,"D",325,"D",.,"A",.,"A"
"20153","03163512",33,0,"1",1950,"D",195,"D",.,"A",455,"D",0,"D",.,"A",.,"A",1755,"D",0,"D",.,"A",.,"A",.,"A",.,"A"
"20153","03163562",23,0,"1",780,"D",65,"D",.,"A",975,"D",0,"D",.,"A",.,"A",715,"D",0,"D",.,"A",.,"A",.,"A",.,"A"
"20153","03163582",39,0,"1",1755,"D",455,"D",.,"A",2340,"D",0,"D",.,"A",.,"A",1300,"D",0,"D",.,"A",.,"A",.,"A",.,"A"
"20153","03163622",38,0,"1",1950,"D",780,"D",.,"A",130,"D",0,"D",.,"A",.,"A",1170,"D",0,"D",.,"A",.,"A",.,"A",.,"A"
"20153","03163632",21,0,"1",1040,"D",260,"D",.,"A",0,"D",0,"D",.,"A",.,"A",780,"D",0,"D",.,"A",.,"A",.,"A",.,"A"
"20153","03163642",111,0,"1",3250,"D",650,"D",260,"D",1040,"D",300,"D",.,"A",.,"A",2600,"D",150,"D",.,"A",.,"A",.,"A",.,"A"
"20153","03163652",30,0,"1",3900,"D",650,"D",.,"A",260,"D",0,"D",.,"A",.,"A",3250,"D",75,"D",50,"D",650,"D",.,"A",.,"A"
"20153","03163682",47,0,"1",2600,"D",390,"D",.,"A",130,"D",0,"D",.,"A",360,"D",2210,"D",90,"D",125,"D",1625,"D",.,"A",.,"A"
"20153","03163712",17,0,"1",975,"D",169,"D",.,"A",0,"D",0,"D",.,"A",.,"A",806,"D",18,"D",.,"A",.,"A",.,"A",.,"A"
"20153","03163722",15,0,"1",1300,"D",260,"D",65,"D",0,"D",0,"D",.,"A",.,"A",1040,"D",0,"D",.,"A",.,"A",.,"A",.,"A"
"20153","03163752",40,0,"1",975,"D",130,"D",195,"D",0,"D",0,"D",.,"A",.,"A",845,"D",60,"D",.,"A",.,"A",.,"A",.,"A"
"20153","03163762",19,0,"1",780,"D",0,"D",.,"A",260,"D",0,"D",.,"A",.,"A",780,"D",0,"D",.,"A",.,"A",.,"A",.,"A"
"20153","03163772",34,0,"1",1300,"D",325,"D",325,"D",650,"D",75,"D",.,"A",.,"A",975,"D",150,"D",.,"A",.,"A",.,"A",.,"A"
"20153","03163782",35,0,"1",520,"D",0,"D",.,"A",260,"D",0,"D",.,"A",.,"A",520,"D",195,"D",.,"A",.,"A",455,"D",35,"D"
"20153","03163802",31,0,"1",3185,"D",1040,"D",.,"A",0,"D",0,"D",.,"A",40,"D",2145,"D",0,"D",25,"D",325,"D",.,"A",.,"A"
"20153","03163812",16,0,"1",1430,"D",390,"D",260,"D",520,"D",0,"D",.,"A",.,"A",1040,"D",0,"D",.,"A",.,"A",.,"A",.,"A"
"20153","03163862",30,0,"1",975,"D",65,"D",.,"A",780,"D",0,"D",.,"A",.,"A",910,"D",0,"D",.,"A",.,"A",.,"A",.,"A"
"20153","03163872",11,0,"1",845,"D",130,"D",.,"A",0,"D",0,"D",.,"A",.,"A",715,"D",0,"D",.,"A",.,"A",.,"A",.,"A"
"20153","03163892",20,0,"1",780,"D",0,"D",.,"A",0,"D",0,"D",.,"A",.,"A",780,"D",180,"D",.,"A",.,"A",.,"A",.,"A"
"20153","03163922",27,0,"1",1625,"D",650,"D",.,"A",325,"D",6,"D",.,"A",.,"A",975,"D",6,"D",.,"A",.,"A",.,"A",.,"A"
"20153","03163982",30,0,"1",1300,"D",130,"D",.,"A",1300,"D",0,"D",.,"A",.,"A",1170,"D",0,"D",.,"A",.,"A",.,"A",.,"A"
"20153","03163992",33,0,"1",1300,"D",260,"D",.,"A",104,"D",60,"D",.,"A",.,"A",1040,"D",72,"D",.,"A",.,"A",.,"A",.,"A"
"20153","03164022",75,0,"1",2925,"D",520,"D",.,"A",1560,"D",90,"D",.,"A",.,"A",2405,"D",300,"D",.,"A",.,"A",.,"A",.,"A"
"20153","03164062",44,0,"1",3250,"D",0,"D",.,"A",650,"D",0,"D",.,"A",.,"A",3250,"D",600,"D",.,"A",.,"A",.,"A",.,"A"
"20153","03164072",33,0,"1",650,"D",65,"D",130,"D",975,"D",225,"D",.,"A",.,"A",585,"D",45,"D",.,"A",.,"A",.,"A",.,"A"
"20153","03164092",45,0,"1",1950,"D",65,"D",.,"A",260,"D",0,"D",.,"A",.,"A",1885,"D",264,"D",40,"D",520,"D",65,"D",5,"D"
"20153","03164112",23,0,"1",2600,"D",390,"D",.,"A",650,"D",0,"D",.,"A",.,"A",2210,"D",0,"D",35,"D",455,"D",.,"A",.,"A"
"20153","03164152",28,0,"1",455,"D",65,"D",195,"D",0,"D",0,"D",.,"A",.,"A",390,"D",66,"D",.,"A",.,"A",.,"A",.,"A"
"20153","03164162",38,0,"1",1300,"D",234,"D",.,"A",65,"D",0,"D",.,"A",.,"A",1066,"D",0,"D",.,"A",.,"A",.,"A",.,"A"
"20153","03164172",29,0,"1",650,"D",65,"D",.,"A",0,"D",0,"D",.,"A",.,"A",585,"D",0,"D",.,"A",.,"A",.,"A",.,"A"
"20153","03164214",11,0,"1",2600,"D",390,"D",.,"A",0,"D",0,"D",260,"D",.,"A",2210,"D",0,"D",.,"A",.,"A",.,"A",.,"A"
"20153","03164272",51,0,"1",1950,"D",325,"D",.,"A",650,"D",0,"D",.,"A",60,"D",1625,"D",0,"D",35,"D",455,"D",.,"A",.,"A"
"20153","03164282",20,0,"1",650,"D",130,"D",.,"A",0,"D",0,"D",.,"A",.,"A",520,"D",0,"D",.,"A",.,"A",.,"A",.,"A"
"20153","03164312",35,0,"1",1950,"D",260,"D",910,"D",0,"D",0,"D",.,"A",.,"A",1690,"D",0,"D",.,"A",.,"A",.,"A",.,"A"
"20153","03164322",19,0,"1",520,"D",130,"D",.,"A",130,"D",0,"D",.,"A",.,"A",390,"D",0,"D",.,"A",.,"A",.,"A",.,"A"
"20153","03164372",25,0,"1",1625,"D",325,"D",.,"A",0,"D",0,"D",.,"A",.,"A",1300,"D",0,"D",.,"A",.,"A",.,"A",.,"A"
"20153","03164392",14,0,"1",650,"D",195,"D",.,"A",195,"D",0,"D",.,"A",.,"A",455,"D",0,"D",.,"A",.,"A",.,"A",.,"A"
"20153","03164432",60,0,"1",3900,"D",0,"D",.,"A",2600,"D",0,"D",.,"A",.,"A",3900,"D",0,"D",.,"A",.,"A",.,"A",.,"A"
"20153","03164442",50,0,"1",1950,"D",325,"D",.,"A",845,"D",15,"D",.,"A",.,"A",1625,"D",0,"D",.,"A",.,"A",.,"A",.,"A"
"20153","03164452",11,0,"1",390,"D",65,"D",.,"A",468,"D",150,"D",.,"A",.,"A",325,"D",120,"D",.,"A",.,"A",.,"A",.,"A"
"20153","03164472",27,0,"1",975,"D",0,"D",.,"A",0,"D",0,"D",.,"A",.,"A",975,"D",0,"D",.,"A",.,"A",.,"A",.,"A"
"20153","03164482",34,0,"1",1300,"D",260,"D",.,"A",0,"D",0,"D",.,"A",.,"A",1040,"D",0,"D",.,"A",.,"A",.,"A",.,"A"
"20153","03164512",30,0,"1",650,"D",104,"D",130,"D",0,"D",0,"D",.,"A",.,"A",546,"D",0,"D",.,"A",.,"A",.,"A",.,"A"
"20153","03164522",37,0,"1",1300,"D",195,"D",.,"A",650,"D",75,"D",.,"A",.,"A",1105,"D",360,"D",.,"A",.,"A",.,"A",.,"A"
"20153","03164532",69,0,"1",1300,"D",208,"D",.,"A",1040,"D",0,"D",.,"A",.,"A",1092,"D",9,"D",.,"A",.,"A",.,"A",.,"A"
"20153","03164542",38,0,"1",2600,"D",0,"D",.,"A",325,"D",0,"D",.,"A",.,"A",2600,"D",0,"D",.,"A",.,"A",.,"A",.,"A"
"20153","03164554",9,0,"1",390,"D",39,"D",.,"A",0,"D",0,"D",.,"A",.,"A",351,"D",0,"D",.,"A",.,"A",.,"A",.,"A"
"20153","03164562",15,0,"1",0,"D",.,"A",.,"A",0,"D",0,"D",.,"A",.,"A",0,"D",0,"D",.,"A",.,"A",.,"A",.,"A"
"20153","03164572",15,0,"1",1300,"D",260,"D",.,"A",130,"D",0,"D",.,"A",.,"A",1040,"D",0,"D",.,"A",.,"A",.,"A",.,"A"
"20153","03164582",31,0,"1",5850,"D",130,"D",.,"A",910,"D",240,"D",.,"A",.,"A",5720,"D",120,"D",.,"A",.,"A",.,"A",.,"A"
"20153","03164592",73,0,"1",1300,"D",260,"D",.,"A",1300,"D",120,"D",.,"A",.,"A",1040,"D",240,"D",.,"A",.,"A",.,"A",.,"A"
"20153","03164612",25,0,"1",2288,"D",1560,"D",520,"D",0,"D",0,"D",.,"A",.,"A",728,"D",0,"D",4,"D",52,"D",.,"A",.,"A"
"20153","03164622",33,0,"1",1560,"D",130,"D",.,"A",650,"D",0,"D",.,"A",.,"A",1430,"D",120,"D",.,"A",.,"A",.,"A",.,"A"
"20153","03164632",22,0,"1",325,"D",0,"D",.,"A",0,"D",0,"D",.,"A",.,"A",325,"D",0,"D",.,"A",.,"A",.,"A",.,"A"
"20153","03164665",29,0,"1",975,"D",195,"D",.,"A",260,"D",600,"D",.,"A",.,"A",780,"D",240,"D",.,"A",.,"A",65,"D",5,"D"
"20153","03164672",25,0,"1",1950,"D",390,"D",.,"A",0,"D",0,"D",.,"A",.,"A",1560,"D",0,"D",25,"D",325,"D",.,"A",.,"A"
"20153","03164692",21,0,"1",1040,"D",130,"D",.,"A",1300,"D",0,"D",.,"A",.,"A",910,"D",0,"D",.,"A",.,"A",.,"A",.,"A"
"20153","03164702",49,0,"1",3250,"D",260,"D",.,"A",520,"D",0,"D",.,"A",85,"F",2990,"D",0,"D",60,"D",780,"D",.,"A",.,"A"
"20153","03164712",28,0,"1",3250,"D",325,"D",.,"A",3250,"D",150,"D",.,"A",.,"A",2925,"D",150,"D",.,"A",.,"A",.,"A",.,"A"
"20153","03164722",32,0,"1",1040,"D",156,"D",.,"A",910,"D",0,"D",.,"A",.,"A",884,"D",0,"D",.,"A",.,"A",.,"A",.,"A"
"20153","03164732",55,0,"1",1300,"D",195,"D",260,"D",325,"D",30,"D",.,"A",.,"A",1105,"D",75,"D",.,"A",.,"A",.,"A",.,"A"
"20153","03164742",18,0,"1",1690,"D",455,"D",520,"D",325,"D",0,"D",.,"A",.,"A",1235,"D",0,"D",6,"D",78,"D",.,"A",.,"A"
"20153","03164752",19,0,"1",1950,"D",650,"D",130,"D",65,"D",0,"D",.,"A",10,"D",1300,"D",30,"D",30,"D",390,"D",.,"A",.,"A"
"20153","03164772",41,0,"1",2860,"D",260,"D",.,"A",39,"D",0,"D",.,"A",.,"A",2600,"D",0,"D",.,"A",.,"A",.,"A",.,"A"
"20153","03164782",22,0,"1",975,"D",260,"D",.,"A",195,"D",0,"D",.,"A",.,"A",715,"D",60,"D",.,"A",.,"A",325,"D",25,"D"
"20153","03164842",50,0,"1",975,"D",260,"D",.,"A",0,"D",0,"D",.,"A",.,"A",715,"D",15,"D",70,"D",910,"D",.,"A",.,"A"
"20153","03164872",47,0,"1",1625,"D",325,"D",.,"A",1625,"D",600,"D",.,"A",.,"A",1300,"D",225,"D",.,"A",.,"A",.,"A",.,"A"
"20153","03164882",21,0,"1",650,"D",91,"D",130,"D",91,"D",0,"D",.,"A",.,"A",559,"D",0,"D",.,"A",.,"A",.,"A",.,"A"
"20153","03164932",62,0,"1",975,"D",0,"D",.,"A",1300,"D",90,"D",42,"D",.,"A",975,"D",120,"D",.,"A",.,"A",.,"A",.,"A"
"20153","03164982",55,0,"1",767,"D",39,"D",234,"D",2119,"D",165,"F",.,"A",.,"A",728,"D",75,"D",10,"D",130,"D",.,"A",.,"A"
"20153","03164992",23,0,"1",650,"D",195,"D",.,"A",0,"D",0,"D",.,"A",.,"A",455,"D",0,"D",.,"A",.,"A",.,"A",.,"A"
"20153","03165042",56,0,"1",1300,"D",0,"D",.,"A",780,"D",0,"D",.,"A",.,"A",1300,"D",0,"D",.,"A",.,"A",.,"A",.,"A"
"20153","03165062",52,0,"1",1612,"D",260,"D",.,"A",975,"D",135,"D",897,"D",.,"A",1352,"D",270,"D",.,"A",.,"A",.,"A",.,"A"
"20153","03165082",11,0,"1",845,"D",130,"D",.,"A",455,"D",0,"D",.,"A",.,"A",715,"D",0,"D",.,"A",.,"A",.,"A",.,"A"
"20153","03165102",19,0,"1",780,"D",0,"D",65,"D",0,"D",0,"D",.,"A",.,"A",780,"D",0,"D",.,"A",.,"A",.,"A",.,"A"
"20153","03165112",10,0,"1",2600,"D",260,"D",.,"A",390,"D",0,"D",.,"A",.,"A",2340,"D",0,"D",.,"A",.,"A",.,"A",.,"A"
"20153","03165122",26,0,"1",2232,"F",.,"A",.,"A",799,"F",127,"F",.,"A",.,"A",1866,"F",120,"F",.,"A",.,"A",.,"A",.,"A"
"20153","03165132",53,0,"1",1950,"D",325,"D",.,"A",650,"D",0,"D",.,"A",.,"A",1625,"D",0,"D",.,"A",.,"A",.,"A",.,"A"
"20153","03165142",33,0,"1",2600,"D",650,"D",.,"A",0,"D",0,"D",.,"A",.,"A",1950,"D",0,"D",15,"D",195,"D",.,"A",.,"A"
"20153","03165152",48,0,"1",1300,"D",0,"D",52,"D",650,"D",120,"D",.,"A",.,"A",1300,"D",300,"D",.,"A",.,"A",.,"A",.,"A"
"20153","03165162",104,0,"1",3900,"D",780,"D",130,"D",1300,"D",300,"D",.,"A",.,"A",3120,"D",750,"D",140,"D",1820,"D",.,"A",.,"A"
"20153","03165212",41,0,"1",1625,"D",260,"D",65,"D",520,"D",0,"D",.,"A",.,"A",1365,"D",0,"D",.,"A",.,"A",.,"A",.,"A"
"20153","03165232",40,0,"1",650,"D",65,"D",650,"D",650,"D",90,"D",.,"A",.,"A",585,"D",30,"D",.,"A",.,"A",.,"A",.,"A"
"20153","03165242",26,0,"1",7800,"D",3250,"D",.,"A",1300,"D",0,"D",.,"A",.,"A",4550,"D",0,"D",100,"D",1300,"D",.,"A",.,"A"
"20153","03165262",32,0,"1",1300,"D",260,"D",910,"D",390,"D",60,"D",.,"A",.,"A",1040,"D",180,"D",10,"D",130,"D",260,"D",20,"D"
"20153","03165272",6,0,"1",520,"D",0,"D",325,"D",0,"D",0,"D",.,"A",.,"A",520,"D",0,"D",.,"A",.,"A",.,"A",.,"A"
"20153","03165282",31,0,"1",2600,"D",1300,"D",.,"A",780,"D",0,"D",.,"A",.,"A",1300,"D",0,"D",.,"A",.,"A",.,"A",.,"A"
"20153","03165292",58,0,"1",2600,"D",260,"D",.,"A",1950,"D",24,"D",.,"A",.,"A",2340,"D",60,"D",.,"A",.,"A",.,"A",.,"A"
"20153","03165302",28,0,"1",1690,"D",130,"D",.,"A",390,"D",0,"D",.,"A",.,"A",1560,"D",30,"D",.,"A",.,"A",.,"A",.,"A"
"20153","03165312",21,0,"1",2925,"D",650,"D",.,"A",0,"D",0,"D",.,"A",.,"A",2275,"D",0,"D",.,"A",.,"A",.,"A",.,"A"
"20153","03165342",28,0,"1",1560,"D",260,"D",.,"A",130,"D",0,"D",.,"A",.,"A",1300,"D",120,"D",42,"D",546,"D",.,"A",.,"A"
"20153","03165362",23,0,"1",1040,"D",260,"D",1300,"D",780,"D",1800,"D",.,"A",.,"A",780,"D",180,"D",.,"A",.,"A",.,"A",.,"A"
"20153","03165382",17,0,"1",845,"D",156,"D",.,"A",650,"D",0,"D",.,"A",.,"A",689,"D",0,"D",.,"A",.,"A",.,"A",.,"A"
"20153","03165392",21,0,"1",1300,"D",325,"D",.,"A",1300,"D",0,"D",.,"A",.,"A",975,"D",0,"D",.,"A",.,"A",.,"A",.,"A"
"20153","03165402",61,0,"1",1300,"D",325,"D",65,"D",130,"D",0,"D",.,"A",.,"A",975,"D",0,"D",.,"A",.,"A",.,"A",.,"A"
"20153","03165432",53,0,"1",1300,"D",260,"D",.,"A",650,"D",0,"D",.,"A",.,"A",1040,"D",120,"D",.,"A",.,"A",.,"A",.,"A"
"20153","03165444",13,0,"1",650,"D",130,"D",.,"A",0,"D",0,"D",.,"A",.,"A",520,"D",0,"D",13,"D",169,"D",.,"A",.,"A"
"20153","03165452",41,0,"1",2275,"D",0,"D",.,"A",130,"D",0,"D",.,"A",.,"A",2275,"D",60,"D",70,"D",910,"D",.,"A",.,"A"
"20153","03165462",28,0,"1",907,"F",.,"A",.,"A",532,"F",167,"F",.,"A",.,"A",745,"F",134,"F",.,"A",.,"A",.,"A",.,"A"
"20153","03165522",15,0,"1",1040,"D",0,"D",260,"D",0,"D",0,"D",.,"A",.,"A",1040,"D",30,"D",.,"A",.,"A",.,"A",.,"A"
"20153","03165582",16,0,"1",2600,"D",0,"D",.,"A",0,"D",0,"D",.,"A",.,"A",2600,"D",0,"D",.,"A",.,"A",.,"A",.,"A"
"20153","03165592",28,0,"1",1300,"D",650,"D",.,"A",757,"F",0,"D",.,"A",.,"A",650,"D",0,"D",.,"A",.,"A",.,"A",.,"A"
"20153","03165622",42,0,"1",975,"D",0,"D",.,"A",130,"D",0,"D",.,"A",.,"A",975,"D",0,"D",26,"D",338,"D",.,"A",.,"A"
"20153","03165632",70,0,"1",3250,"D",650,"D",130,"D",650,"D",0,"D",.,"A",56,"D",2600,"D",60,"D",.,"A",.,"A",.,"A",.,"A"
"20153","03165642",45,0,"1",1040,"D",130,"D",130,"D",520,"D",0,"D",.,"A",.,"A",910,"D",0,"D",.,"A",.,"A",.,"A",.,"A"
"20153","03165662",37,0,"1",1950,"D",325,"D",.,"A",325,"D",0,"D",.,"A",.,"A",1625,"D",75,"D",.,"A",.,"A",.,"A",.,"A"
"20153","03165692",20,0,"1",1040,"D",260,"D",.,"A",260,"D",0,"D",.,"A",.,"A",780,"D",0,"D",.,"A",.,"A",.,"A",.,"A"
"20153","03165702",16,0,"1",1300,"D",130,"D",.,"A",0,"D",0,"D",.,"A",.,"A",1170,"D",0,"D",.,"A",.,"A",.,"A",.,"A"
"20153","03165712",19,0,"1",1820,"D",325,"D",.,"A",520,"D",0,"D",.,"A",.,"A",1495,"D",27,"D",.,"A",.,"A",.,"A",.,"A"
"20153","03165725",12,0,"1",325,"D",65,"D",.,"A",0,"D",0,"D",.,"A",.,"A",260,"D",0,"D",.,"A",.,"A",.,"A",.,"A"
"20153","03165742",46,0,"1",650,"D",0,"D",.,"A",1950,"D",0,"D",.,"A",.,"A",650,"D",0,"D",.,"A",.,"A",.,"A",.,"A"
"20153","03165752",47,0,"1",1560,"D",780,"D",.,"A",9100,"D",1500,"D",.,"A",.,"A",780,"D",30,"D",.,"A",.,"A",.,"A",.,"A"
"20153","03165762",32,0,"1",1950,"D",390,"D",.,"A",325,"D",0,"D",.,"A",.,"A",1560,"D",60,"D",75,"D",975,"D",.,"A",.,"A"
"20153","03165772",25,0,"1",1300,"D",260,"D",91,"D",520,"D",0,"D",.,"A",.,"A",1040,"D",0,"D",.,"A",.,"A",.,"A",.,"A"
"20153","03165812",30,0,"1",1495,"D",260,"D",.,"A",195,"D",0,"D",.,"A",.,"A",1235,"D",0,"D",.,"A",.,"A",.,"A",.,"A"
"20153","03165832",31,0,"1",1300,"D",260,"D",.,"A",390,"D",0,"D",.,"A",.,"A",1040,"D",0,"D",.,"A",.,"A",.,"A",.,"A"
"20153","03165842",26,0,"1",650,"D",65,"D",.,"A",91,"D",0,"D",.,"A",.,"A",585,"D",0,"D",30,"D",390,"D",.,"A",.,"A"
"20153","03165852",42,0,"1",1300,"D",195,"D",130,"D",650,"D",0,"D",.,"A",18,"D",1105,"D",60,"D",.,"A",.,"A",.,"A",.,"A"
"20153","03165862",28,0,"1",3445,"D",520,"D",.,"A",780,"D",0,"D",.,"A",.,"A",2925,"D",0,"D",30,"D",390,"D",156,"D",12,"D"
"20153","03165872",36,0,"1",2600,"D",650,"D",260,"D",390,"D",0,"D",.,"A",.,"A",1950,"D",0,"D",10,"D",130,"D",.,"A",.,"A"
"20153","03165902",37,0,"1",4550,"D",650,"D",.,"A",520,"D",0,"D",.,"A",24,"D",3900,"D",300,"D",125,"D",1625,"D",.,"A",.,"A"
"20153","03165922",32,0,"1",780,"D",260,"D",.,"A",0,"D",0,"D",.,"A",.,"A",520,"D",0,"D",12,"D",156,"D",.,"A",.,"A"
"20153","03165932",19,0,"1",650,"D",195,"D",130,"D",585,"D",30,"D",.,"A",.,"A",455,"D",60,"D",.,"A",.,"A",.,"A",.,"A"
"20153","03165942",22,0,"1",650,"D",65,"D",.,"A",195,"D",0,"D",.,"A",.,"A",585,"D",0,"D",.,"A",.,"A",.,"A",.,"A"
"20153","03165962",31,0,"1",1300,"D",195,"D",195,"D",325,"D",0,"D",.,"A",.,"A",1105,"D",0,"D",15,"D",195,"D",.,"A",.,"A"
"20153","03166022",18,0,"1",1300,"D",520,"D",.,"A",260,"D",0,"D",.,"A",.,"A",780,"D",0,"D",.,"A",.,"A",.,"A",.,"A"
"20153","03166032",28,0,"1",780,"D",130,"D",.,"A",455,"D",0,"D",.,"A",.,"A",650,"D",0,"D",.,"A",.,"A",.,"A",.,"A"
"20153","03166092",29,0,"1",975,"D",130,"D",.,"A",520,"D",0,"D",.,"A",.,"A",845,"D",0,"D",.,"A",.,"A",.,"A",.,"A"
"20153","03166122",43,0,"1",1469,"D",130,"D",.,"A",1040,"D",240,"D",.,"A",.,"A",1339,"D",108,"D",.,"A",.,"A",.,"A",.,"A"
"20153","03166132",31,0,"1",3250,"D",325,"D",.,"A",195,"D",0,"D",.,"A",.,"A",2925,"D",36,"D",.,"A",.,"A",.,"A",.,"A"
"20153","03166142",21,0,"1",1300,"D",325,"D",.,"A",390,"D",900,"D",.,"A",.,"A",975,"D",0,"D",.,"A",.,"A",.,"A",.,"A"
"20153","03166262",26,0,"1",1300,"D",260,"D",.,"A",260,"D",0,"D",.,"A",.,"A",1040,"D",0,"D",.,"A",.,"A",.,"A",.,"A"
"20153","03166282",45,0,"1",910,"D",260,"D",260,"D",1300,"D",60,"D",.,"A",.,"A",650,"D",0,"D",9,"D",117,"D",.,"A",.,"A"
"20153","03166312",35,0,"1",1105,"D",195,"D",.,"A",0,"D",0,"D",.,"A",.,"A",910,"D",60,"D",.,"A",.,"A",.,"A",.,"A"
"20153","03166322",27,0,"1",2600,"D",650,"D",.,"A",650,"D",0,"D",.,"A",.,"A",1950,"D",0,"D",60,"D",780,"D",39,"D",3,"D"
"20153","03166362",23,0,"1",650,"D",130,"D",.,"A",650,"D",24,"D",.,"A",.,"A",520,"D",30,"D",.,"A",.,"A",.,"A",.,"A"
"20153","03166382",37,0,"1",1950,"D",390,"D",.,"A",650,"D",0,"D",.,"A",.,"A",1560,"D",0,"D",60,"D",780,"D",.,"A",.,"A"
"20153","03166402",83,0,"1",1690,"D",520,"D",1690,"D",1170,"D",360,"D",.,"A",.,"A",1170,"D",600,"D",.,"A",.,"A",.,"A",.,"A"
"20153","03166442",18,0,"1",1950,"D",260,"D",.,"A",130,"D",0,"D",.,"A",.,"A",1690,"D",0,"D",.,"A",.,"A",.,"A",.,"A"
"20153","03166452",39,0,"1",2600,"D",303,"F",650,"D",2600,"D",150,"D",.,"A",.,"A",1077,"F",300,"D",.,"A",.,"A",.,"A",.,"A"
"20153","03166462",28,0,"1",1560,"D",260,"D",.,"A",0,"D",0,"D",.,"A",.,"A",1300,"D",0,"D",.,"A",.,"A",.,"A",.,"A"
"20153","03166472",23,0,"1",1040,"D",193,"F",.,"A",585,"D",0,"D",.,"A",.,"A",709,"F",0,"D",.,"A",.,"A",.,"A",.,"A"
"20153","03166482",48,0,"1",2600,"D",260,"D",.,"A",0,"D",0,"D",.,"A",.,"A",2340,"D",0,"D",.,"A",.,"A",.,"A",.,"A"
"20153","03166502",53,0,"1",1300,"D",0,"D",.,"A",260,"D",0,"D",.,"A",.,"A",1300,"D",0,"D",.,"A",.,"A",.,"A",.,"A"
"20153","03166542",20,0,"1",390,"D",39,"D",.,"A",0,"D",6,"D",.,"A",.,"A",351,"D",0,"D",.,"A",.,"A",.,"A",.,"A"
"20153","03166554",23,0,"1",3250,"D",325,"D",.,"A",130,"D",0,"D",.,"A",.,"A",2925,"D",0,"D",.,"A",.,"A",.,"A",.,"A"
"20153","03166562",27,0,"1",2600,"D",0,"D",.,"A",520,"D",0,"D",.,"A",.,"A",2600,"D",0,"D",.,"A",.,"A",.,"A",.,"A"
"20153","03166602",10,0,"1",585,"D",65,"D",.,"A",26,"D",0,"D",.,"A",.,"A",520,"D",0,"D",10,"D",130,"D",130,"D",10,"D"
"20153","03166612",58,0,"1",2600,"D",0,"D",390,"D",650,"D",0,"D",.,"A",.,"A",2600,"D",90,"D",.,"A",.,"A",.,"A",.,"A"
"20153","03166622",32,0,"1",1561,"F",.,"A",.,"A",757,"F",0,"D",.,"A",.,"A",1315,"F",175,"F",.,"A",.,"A",.,"A",.,"A"
"20153","03166672",14,0,"1",0,"D",.,"A",.,"A",0,"D",0,"D",.,"A",.,"A",0,"D",0,"D",.,"A",.,"A",.,"A",.,"A"
"20153","03166692",34,0,"1",1300,"D",260,"D",.,"A",1300,"D",150,"D",.,"A",.,"A",1040,"D",150,"D",.,"A",.,"A",.,"A",.,"A"
"20153","03166712",22,0,"1",455,"D",156,"D",.,"A",1430,"D",0,"D",.,"A",.,"A",299,"D",0,"D",.,"A",.,"A",.,"A",.,"A"
"20153","03166722",43,0,"1",1040,"D",130,"D",.,"A",0,"D",0,"D",.,"A",.,"A",910,"D",81,"D",.,"A",.,"A",.,"A",.,"A"
"20153","03166752",21,0,"1",1950,"D",325,"D",.,"A",650,"D",0,"D",.,"A",.,"A",1625,"D",0,"D",.,"A",.,"A",.,"A",.,"A"
"20153","03166762",28,0,"1",1300,"D",260,"D",.,"A",195,"D",120,"D",.,"A",.,"A",1040,"D",0,"D",.,"A",.,"A",.,"A",.,"A"
"20153","03166792",32,0,"1",2600,"D",260,"D",.,"A",0,"D",0,"D",.,"A",90,"D",2340,"D",0,"D",.,"A",.,"A",.,"A",.,"A"
"20153","03166802",31,0,"1",455,"D",0,"D",169,"D",195,"D",0,"D",.,"A",.,"A",455,"D",0,"D",15,"D",195,"D",.,"A",.,"A"
"20153","03166812",46,0,"1",910,"D",390,"D",.,"A",260,"D",0,"D",.,"A",.,"A",520,"D",0,"D",10,"D",130,"D",.,"A",.,"A"
"20153","03166822",27,0,"1",1950,"D",295,"F",.,"A",0,"D",0,"D",.,"A",.,"A",1097,"F",0,"D",.,"A",.,"A",.,"A",.,"A"
"20153","03166832",30,0,"1",1950,"D",325,"D",.,"A",1300,"D",0,"D",.,"A",.,"A",1625,"D",6,"D",.,"A",.,"A",.,"A",.,"A"
"20153","03166852",43,0,"1",3900,"D",520,"D",.,"A",780,"D",0,"D",.,"A",.,"A",3380,"D",0,"D",.,"A",.,"A",.,"A",.,"A"
"20153","03166862",53,0,"1",1625,"D",325,"D",.,"A",260,"D",0,"D",.,"A",.,"A",1300,"D",0,"D",60,"D",780,"D",.,"A",.,"A"
"20153","03166892",39,0,"1",780,"D",0,"D",.,"A",1950,"D",300,"D",.,"A",.,"A",780,"D",60,"D",.,"A",.,"A",.,"A",.,"A"
"20153","03166992",43,0,"1",2600,"D",260,"D",.,"A",0,"D",0,"D",.,"A",.,"A",2340,"D",0,"D",.,"A",.,"A",.,"A",.,"A"
"20153","03167002",42,0,"1",390,"D",130,"D",.,"A",325,"D",120,"D",.,"A",.,"A",260,"D",450,"D",.,"A",.,"A",325,"D",25,"D"
"20153","03167042",33,0,"1",2860,"D",325,"D",.,"A",1040,"D",90,"D",.,"A",.,"A",2535,"D",120,"D",.,"A",.,"A",.,"A",.,"A"
"20153","03167052",20,0,"1",715,"D",130,"D",.,"A",325,"D",0,"D",.,"A",.,"A",585,"D",90,"D",24,"D",312,"D",.,"A",.,"A"
"20153","03167062",20,0,"1",1204,"F",.,"A",.,"A",0,"D",0,"D",.,"A",.,"A",976,"F",0,"D",.,"A",.,"A",.,"A",.,"A"
"20153","03167084",15,0,"1",0,"D",.,"A",.,"A",195,"D",0,"D",.,"A",.,"A",0,"D",0,"D",.,"A",.,"A",.,"A",.,"A"
"20153","03167122",38,0,"1",1300,"D",520,"D",260,"D",78,"D",45,"D",.,"A",.,"A",780,"D",75,"D",.,"A",.,"A",.,"A",.,"A"
"20153","03167132",19,0,"1",2600,"D",299,"F",.,"A",585,"D",102,"F",.,"A",.,"A",1351,"F",142,"F",.,"A",.,"A",.,"A",.,"A"
"20153","03167142",25,0,"1",1300,"D",260,"D",.,"A",650,"D",0,"D",.,"A",.,"A",1040,"D",0,"D",.,"A",.,"A",.,"A",.,"A"
"20153","03167162",47,0,"1",1560,"D",130,"D",.,"A",390,"D",0,"D",.,"A",.,"A",1430,"D",60,"D",.,"A",.,"A",.,"A",.,"A"
"20153","03167172",12,0,"1",2600,"D",1950,"D",.,"A",0,"D",0,"D",.,"A",.,"A",650,"D",0,"D",.,"A",.,"A",.,"A",.,"A"
"20153","03167182",58,0,"1",1560,"D",195,"D",.,"A",195,"D",0,"D",.,"A",.,"A",1365,"D",0,"D",.,"A",.,"A",.,"A",.,"A"
"20153","03167202",22,0,"1",650,"D",260,"D",.,"A",520,"D",0,"D",.,"A",.,"A",390,"D",18,"D",10,"D",130,"D",.,"A",.,"A"
"20153","03167222",34,0,"1",1040,"D",65,"D",.,"A",455,"D",240,"D",.,"A",.,"A",975,"D",60,"D",30,"D",390,"D",.,"A",.,"A"
"20153","03167234",27,0,"1",260,"D",65,"D",.,"A",260,"D",0,"D",.,"A",.,"A",195,"D",0,"D",.,"A",.,"A",.,"A",.,"A"
"20153","03167262",59,0,"1",2600,"D",650,"D",.,"A",650,"D",105,"D",.,"A",.,"A",1950,"D",150,"D",.,"A",.,"A",.,"A",.,"A"
"20153","03167272",74,0,"1",650,"D",0,"D",.,"A",1300,"D",0,"D",.,"A",.,"A",650,"D",0,"D",.,"A",.,"A",.,"A",.,"A"
"20153","03167292",23,0,"1",910,"D",130,"D",65,"D",0,"D",15,"D",.,"A",.,"A",780,"D",36,"D",26,"D",338,"D",.,"A",.,"A"
"20153","03167302",41,0,"1",1300,"D",325,"D",.,"A",0,"D",0,"D",.,"A",.,"A",975,"D",150,"D",.,"A",.,"A",650,"D",50,"D"
"20153","03167312",19,0,"1",585,"D",455,"D",.,"A",0,"D",0,"D",.,"A",.,"A",130,"D",0,"D",.,"A",.,"A",.,"A",.,"A"
"20153","03167322",9,0,"1",520,"D",65,"D",.,"A",0,"D",0,"D",.,"A",.,"A",455,"D",0,"D",20,"D",260,"D",.,"A",.,"A"
"20153","03167342",33,0,"1",1300,"D",130,"D",.,"A",0,"D",0,"D",.,"A",.,"A",1170,"D",0,"D",47,"D",611,"D",.,"A",.,"A"
"20153","03167352",13,0,"1",1040,"D",390,"D",.,"A",0,"D",0,"D",.,"A",.,"A",650,"D",0,"D",.,"A",.,"A",.,"A",.,"A"
"20153","03167362",44,0,"1",1170,"D",390,"D",.,"A",0,"D",0,"D",.,"A",.,"A",780,"D",0,"D",.,"A",.,"A",.,"A",.,"A"
"20153","03167392",26,0,"1",1170,"D",130,"D",.,"A",520,"D",0,"D",.,"A",.,"A",1040,"D",0,"D",.,"A",.,"A",.,"A",.,"A"
"20153","03167402",8,0,"1",650,"D",65,"D",.,"A",0,"D",0,"D",.,"A",.,"A",585,"D",0,"D",.,"A",.,"A",.,"A",.,"A"
"20153","03167412",15,0,"1",1690,"D",130,"D",.,"A",0,"D",0,"D",.,"A",.,"A",1560,"D",120,"D",70,"D",910,"D",.,"A",.,"A"
"20153","03167422",38,0,"1",1560,"D",0,"D",.,"A",0,"D",0,"D",.,"A",.,"A",1560,"D",0,"D",.,"A",.,"A",.,"A",.,"A"
"20153","03167432",46,0,"1",650,"D",65,"D",.,"A",325,"D",0,"D",.,"A",.,"A",585,"D",60,"D",70,"D",910,"D",.,"A",.,"A"
"20153","03167442",39,0,"1",1560,"D",325,"D",.,"A",1170,"D",232,"F",.,"A",.,"A",1235,"D",360,"D",.,"C",449,"F",.,"A",.,"A"
"20153","03167452",35,0,"1",1105,"D",104,"D",.,"A",260,"D",0,"D",98,"D",.,"A",1001,"D",120,"D",35,"D",455,"D",.,"A",.,"A"
"20153","03167472",23,0,"1",3120,"D",390,"D",.,"A",650,"D",0,"D",.,"A",.,"A",2730,"D",0,"D",.,"A",.,"A",.,"A",.,"A"
"20153","03167492",16,0,"1",1820,"D",130,"D",.,"A",0,"D",0,"D",.,"A",.,"A",1690,"D",0,"D",.,"A",.,"A",.,"A",.,"A"
"20153","03167502",14,0,"1",1300,"D",195,"D",.,"A",650,"D",0,"D",.,"A",.,"A",1105,"D",0,"D",.,"A",.,"A",.,"A",.,"A"
"20153","03167522",17,0,"1",1443,"F",.,"A",.,"A",636,"F",141,"F",.,"A",.,"A",1154,"F",140,"F",.,"A",.,"A",.,"A",.,"A"
"20153","03167542",19,0,"1",2600,"D",650,"D",.,"A",0,"D",0,"D",.,"A",.,"A",1950,"D",120,"D",100,"D",1300,"D",.,"A",.,"A"
"20153","03167552",32,0,"1",1300,"D",195,"D",.,"A",260,"D",0,"D",.,"A",.,"A",1105,"D",6,"D",.,"A",.,"A",.,"A",.,"A"
"20153","03167572",22,0,"1",1300,"D",130,"D",.,"A",0,"D",0,"D",500,"D",.,"A",1170,"D",240,"D",.,"A",.,"A",.,"A",.,"A"
"20153","03167592",49,0,"1",1300,"D",65,"D",325,"D",585,"D",0,"D",.,"A",.,"A",1235,"D",105,"D",.,"A",.,"A",.,"A",.,"A"
"20153","03167602",38,0,"1",3250,"D",325,"D",.,"A",260,"D",30,"D",.,"A",.,"A",2925,"D",30,"D",.,"A",.,"A",.,"A",.,"A"
"20153","03167615",59,0,"1",1040,"D",260,"D",195,"D",195,"D",0,"D",.,"A",.,"A",780,"D",120,"D",.,"A",.,"A",.,"A",.,"A"
"20153","03167632",36,0,"1",1560,"D",260,"D",.,"A",910,"D",150,"D",.,"A",.,"A",1300,"D",150,"D",.,"A",.,"A",.,"A",.,"A"
"20153","03167642",15,0,"1",260,"D",0,"D",.,"A",0,"D",0,"D",.,"A",.,"A",260,"D",0,"D",.,"A",.,"A",.,"A",.,"A"
"20153","03167682",46,0,"1",1625,"D",0,"D",.,"A",182,"D",60,"D",.,"A",.,"A",1625,"D",60,"D",.,"A",.,"A",.,"A",.,"A"
"20153","03167692",20,0,"1",1300,"D",130,"D",.,"A",0,"D",0,"D",.,"A",.,"A",1170,"D",0,"D",.,"A",.,"A",.,"A",.,"A"
"20153","03167702",28,0,"1",650,"D",260,"D",.,"A",390,"D",0,"D",.,"A",.,"A",390,"D",0,"D",.,"A",.,"A",.,"A",.,"A"
"20153","03167712",17,0,"1",764,"F",.,"A",.,"A",313,"F",0,"D",.,"A",.,"A",623,"F",0,"D",.,"A",.,"A",.,"A",.,"A"
"20153","03167722",21,0,"1",455,"D",130,"D",13,"D",0,"D",0,"D",.,"A",.,"A",325,"D",0,"D",.,"A",.,"A",.,"A",.,"A"
"20153","03167752",36,0,"1",2275,"D",650,"D",.,"A",0,"D",90,"D",.,"A",.,"A",1625,"D",90,"D",.,"A",.,"A",130,"D",10,"D"
"20153","03167772",20,0,"1",1300,"D",260,"D",650,"D",1300,"D",450,"D",.,"A",.,"A",1040,"D",450,"D",.,"A",.,"A",.,"A",.,"A"
"20153","03167782",53,0,"1",1950,"D",417,"F",260,"D",2600,"D",300,"D",.,"A",.,"A",1479,"F",248,"F",.,"A",.,"A",.,"A",.,"A"
"20153","03167802",27,0,"1",2340,"D",2145,"D",.,"A",260,"D",0,"D",.,"A",.,"A",195,"D",0,"D",.,"A",.,"A",.,"A",.,"A"
"20153","03167812",53,0,"1",1300,"D",260,"D",.,"A",2600,"D",0,"D",.,"A",.,"A",1040,"D",0,"D",.,"A",.,"A",.,"A",.,"A"
"20153","03167832",73,0,"1",2340,"D",520,"D",.,"A",390,"D",0,"D",.,"A",25,"D",1820,"D",39,"D",.,"A",.,"A",.,"A",.,"A"
"20153","03167852",43,0,"1",780,"D",130,"D",.,"A",520,"D",120,"D",.,"A",.,"A",650,"D",60,"D",.,"A",.,"A",.,"A",.,"A"
"20153","03167882",15,0,"1",780,"D",78,"D",.,"A",0,"D",0,"D",.,"A",.,"A",702,"D",0,"D",.,"A",.,"A",.,"A",.,"A"
"20153","03167904",33,0,"1",1950,"D",195,"D",.,"A",0,"D",0,"D",.,"A",.,"A",1755,"D",0,"D",.,"A",.,"A",.,"A",.,"A"
"20153","03167912",92,0,"1",975,"D",390,"D",.,"A",1625,"D",90,"D",.,"A",.,"A",585,"D",45,"D",.,"A",.,"A",.,"A",.,"A"
"20153","03167922",7,0,"1",0,"D",.,"A",.,"A",0,"D",0,"D",.,"A",.,"A",0,"D",0,"D",.,"A",.,"A",.,"A",.,"A"
"20153","03167932",38,0,"1",1300,"D",325,"D",260,"D",845,"D",0,"D",.,"A",.,"A",975,"D",0,"D",70,"D",910,"D",.,"A",.,"A"
"20153","03167972",50,0,"1",1300,"D",130,"D",.,"A",0,"D",0,"D",.,"A",.,"A",1170,"D",0,"D",50,"D",650,"D",.,"A",.,"A"
"20153","03167982",44,0,"1",1950,"D",455,"D",.,"A",650,"D",30,"D",.,"A",.,"A",1495,"D",0,"D",.,"A",.,"A",.,"A",.,"A"
"20153","03168052",38,0,"1",3900,"D",650,"D",.,"A",1300,"D",0,"D",.,"A",.,"A",3250,"D",0,"D",.,"A",.,"A",.,"A",.,"A"
"20153","03168122",28,0,"1",1625,"D",780,"D",.,"A",2600,"D",0,"D",.,"A",.,"A",845,"D",0,"D",.,"A",.,"A",.,"A",.,"A"
"20153","03168142",19,0,"1",1625,"D",325,"D",.,"A",0,"D",0,"D",.,"A",.,"A",1300,"D",720,"D",70,"D",910,"D",.,"A",.,"A"
"20153","03168152",101,0,"1",1300,"D",260,"D",.,"A",260,"D",0,"D",.,"A",.,"A",1040,"D",0,"D",.,"A",.,"A",.,"A",.,"A"
"20153","03168182",33,0,"1",1950,"D",260,"D",.,"A",3250,"D",0,"D",.,"A",.,"A",1690,"D",0,"D",.,"A",.,"A",.,"A",.,"A"
"20153","03168202",38,0,"1",1430,"D",364,"D",.,"A",130,"D",0,"D",.,"A",35,"D",1066,"D",0,"D",.,"A",.,"A",78,"D",6,"D"
"20153","03168224",20,0,"1",1040,"D",195,"D",.,"A",325,"D",0,"D",.,"A",.,"A",845,"D",0,"D",.,"A",.,"A",.,"A",.,"A"
"20153","03168232",9,0,"1",1040,"D",0,"D",.,"A",0,"D",0,"D",.,"A",.,"A",1040,"D",0,"D",.,"A",.,"A",.,"A",.,"A"
"20153","03168252",44,0,"1",130,"D",0,"D",.,"A",104,"D",0,"D",.,"A",.,"A",130,"D",0,"D",.,"A",.,"A",.,"A",.,"A"
"20153","03168282",10,0,"1",325,"D",65,"D",.,"A",130,"D",0,"D",.,"A",.,"A",260,"D",0,"D",.,"A",.,"A",.,"A",.,"A"
"20153","03168292",37,0,"1",650,"D",130,"D",.,"A",130,"D",0,"D",.,"A",.,"A",520,"D",0,"D",.,"A",.,"A",.,"A",.,"A"
"20153","03168312",31,0,"1",1300,"D",390,"D",.,"A",1040,"D",90,"D",.,"A",.,"A",910,"D",60,"D",.,"A",.,"A",.,"A",.,"A"
"20153","03168342",39,0,"1",1560,"D",0,"D",.,"A",0,"D",0,"D",.,"A",.,"A",1560,"D",0,"D",.,"A",.,"A",.,"A",.,"A"
"20153","03168372",74,0,"1",1040,"D",65,"D",.,"A",130,"D",0,"D",.,"A",.,"A",975,"D",150,"D",20,"D",260,"D",.,"A",.,"A"
"20153","03168382",40,0,"1",1950,"D",260,"D",130,"D",780,"D",240,"D",.,"A",.,"A",1690,"D",360,"D",.,"A",.,"A",.,"A",.,"A"
"20153","03168392",45,0,"1",780,"D",0,"D",.,"A",520,"D",0,"D",.,"A",.,"A",780,"D",0,"D",.,"A",.,"A",.,"A",.,"A"
"20153","03168412",45,0,"1",1625,"D",455,"D",.,"A",195,"D",0,"D",.,"A",.,"A",1170,"D",0,"D",.,"A",.,"A",.,"A",.,"A"
"20153","03168422",43,0,"1",494,"D",65,"D",.,"A",741,"D",0,"D",.,"A",.,"A",429,"D",6,"D",.,"A",.,"A",.,"A",.,"A"
"20153","03168472",29,0,"1",1170,"D",0,"D",.,"A",0,"D",0,"D",.,"A",.,"A",1170,"D",0,"D",.,"A",.,"A",.,"A",.,"A"
"20153","03168482",16,0,"1",780,"D",195,"D",.,"A",390,"D",0,"D",.,"A",.,"A",585,"D",0,"D",.,"A",.,"A",.,"A",.,"A"
"20153","03168512",88,0,"1",1560,"D",195,"D",.,"A",1300,"D",60,"D",.,"A",.,"A",1365,"D",225,"D",.,"A",.,"A",.,"A",.,"A"
"20153","03168532",26,0,"1",2080,"D",910,"D",.,"A",390,"D",0,"D",.,"A",.,"A",1170,"D",0,"D",.,"A",.,"A",.,"A",.,"A"
"20153","03168602",19,0,"1",1300,"D",260,"D",.,"A",260,"D",0,"D",.,"A",.,"A",1040,"D",0,"D",.,"A",.,"A",.,"A",.,"A"
"20153","03168612",27,0,"1",650,"D",195,"D",.,"A",130,"D",0,"D",.,"A",.,"A",455,"D",0,"D",.,"A",.,"A",.,"A",.,"A"
"20153","03168622",7,0,"1",1625,"D",325,"D",.,"A",0,"D",0,"D",.,"A",.,"A",1300,"D",0,"D",.,"A",.,"A",.,"A",.,"A"
"20153","03168632",32,0,"1",520,"D",130,"D",.,"A",130,"D",0,"D",.,"A",.,"A",390,"D",0,"D",.,"A",.,"A",.,"A",.,"A"
"20153","03168652",24,0,"1",1300,"D",130,"D",.,"A",0,"D",0,"D",.,"A",.,"A",1170,"D",126,"D",25,"D",325,"D",.,"A",.,"A"
"20153","03168672",44,0,"1",650,"D",130,"D",.,"A",65,"D",75,"D",.,"A",.,"A",520,"D",30,"D",.,"A",.,"A",.,"A",.,"A"
"20153","03168682",37,0,"1",1040,"D",195,"D",.,"A",455,"D",0,"D",.,"A",.,"A",845,"D",60,"D",.,"A",.,"A",.,"A",.,"A"
"20153","03168702",52,0,"1",975,"D",130,"D",.,"A",195,"D",0,"D",.,"A",.,"A",845,"D",0,"D",.,"A",.,"A",.,"A",.,"A"
"20153","03168742",19,0,"1",650,"D",130,"D",.,"A",130,"D",0,"D",.,"A",.,"A",520,"D",0,"D",.,"A",.,"A",.,"A",.,"A"
"20153","03168762",109,0,"1",1690,"D",390,"D",650,"D",780,"D",60,"D",.,"A",.,"A",1300,"D",120,"D",.,"A",.,"A",.,"A",.,"A"
"20153","03168772",38,0,"1",1300,"D",455,"D",.,"A",520,"D",0,"D",.,"A",50,"D",845,"D",0,"D",.,"A",.,"A",.,"A",.,"A"
"20153","03168782",58,0,"1",3250,"D",260,"D",260,"D",1560,"D",300,"D",.,"A",10,"D",2990,"D",1200,"D",.,"A",.,"A",.,"A",.,"A"
"20153","03168792",45,0,"1",1560,"D",0,"D",.,"A",650,"D",133,"F",.,"A",.,"A",1560,"D",240,"D",.,"A",.,"A",.,"A",.,"A"
"20153","03168832",11,0,"1",585,"D",0,"D",.,"A",130,"D",0,"D",.,"A",.,"A",585,"D",0,"D",50,"D",650,"D",.,"A",.,"A"
"20153","03168842",75,0,"1",1625,"D",260,"D",325,"D",390,"D",150,"D",.,"A",.,"A",1365,"D",150,"D",.,"A",.,"A",.,"A",.,"A"
"20153","03168852",34,0,"1",1300,"D",780,"D",.,"A",1040,"D",0,"D",.,"A",.,"A",520,"D",0,"D",.,"A",.,"A",.,"A",.,"A"
"20153","03168862",28,0,"1",975,"D",130,"D",.,"A",130,"D",0,"D",.,"A",.,"A",845,"D",0,"D",.,"A",.,"A",.,"A",.,"A"
"20153","03168872",36,0,"1",2600,"D",650,"D",.,"A",650,"D",60,"D",.,"A",.,"A",1950,"D",60,"D",.,"A",.,"A",.,"A",.,"A"
"20153","03168882",34,0,"1",1950,"D",520,"D",390,"D",390,"D",0,"D",.,"A",.,"A",1430,"D",0,"D",.,"A",.,"A",.,"A",.,"A"
"20153","03168922",22,0,"1",520,"D",0,"D",289,"F",325,"D",0,"D",.,"A",.,"A",520,"D",0,"D",.,"A",.,"A",.,"A",.,"A"
"20153","03168952",31,0,"1",650,"D",325,"D",.,"A",195,"D",0,"D",.,"A",.,"A",325,"D",0,"D",.,"A",.,"A",.,"A",.,"A"
"20153","03168962",34,0,"1",845,"D",156,"D",.,"A",585,"D",0,"D",.,"A",.,"A",689,"D",0,"D",.,"A",.,"A",.,"A",.,"A"
"20153","03168972",47,0,"1",1361,"F",.,"A",195,"D",260,"D",60,"D",.,"A",.,"A",1077,"F",120,"D",.,"A",.,"A",.,"A",.,"A"
"20153","03168982",27,0,"1",650,"D",195,"D",.,"A",325,"D",0,"D",.,"A",.,"A",455,"D",0,"D",40,"D",520,"D",.,"A",.,"A"
"20153","03169002",25,0,"1",1625,"D",520,"D",.,"A",1300,"D",0,"D",.,"A",.,"A",1105,"D",15,"D",100,"D",1300,"D",.,"A",.,"A"
"20153","03169022",31,0,"1",1300,"D",325,"D",.,"A",2600,"D",300,"D",.,"A",.,"A",975,"D",150,"D",50,"D",650,"D",.,"A",.,"A"
"20153","03169032",23,0,"1",650,"D",0,"D",.,"A",0,"D",0,"D",.,"A",.,"A",650,"D",0,"D",.,"A",.,"A",.,"A",.,"A"
"20153","03169052",22,0,"1",975,"D",585,"D",.,"A",286,"D",90,"D",.,"A",.,"A",390,"D",90,"D",.,"A",.,"A",.,"A",.,"A"
"20153","03169062",40,0,"1",650,"D",65,"D",.,"A",390,"D",0,"D",.,"A",.,"A",585,"D",0,"D",.,"A",.,"A",.,"A",.,"A"
"20153","03169082",80,0,"1",4550,"D",0,"D",1040,"D",2600,"D",480,"D",1125,"D",.,"A",4550,"D",300,"D",.,"A",.,"A",.,"A",.,"A"
"20153","03169102",46,0,"1",1690,"D",390,"D",.,"A",130,"D",0,"D",.,"A",.,"A",1300,"D",0,"D",.,"A",.,"A",.,"A",.,"A"
"20153","03169132",11,0,"1",650,"D",0,"D",.,"A",0,"D",0,"D",.,"A",.,"A",650,"D",0,"D",40,"D",520,"D",.,"A",.,"A"
"20153","03169152",28,0,"1",455,"D",65,"D",.,"A",65,"D",30,"D",.,"A",.,"A",390,"D",0,"D",.,"A",.,"A",.,"A",.,"A"
"20153","03169172",34,0,"1",1300,"D",650,"D",.,"A",975,"D",0,"D",.,"A",.,"A",650,"D",0,"D",.,"A",.,"A",.,"A",.,"A"
"20153","03169192",38,0,"1",1365,"D",650,"D",.,"A",1300,"D",0,"D",.,"A",.,"A",715,"D",0,"D",.,"A",.,"A",.,"A",.,"A"
"20153","03169232",45,0,"1",1300,"D",260,"D",.,"A",195,"D",150,"D",.,"A",.,"A",1040,"D",0,"D",.,"A",.,"A",.,"A",.,"A"
"20153","03169262",39,0,"1",1950,"D",195,"D",.,"A",1300,"D",0,"D",.,"A",.,"A",1755,"D",0,"D",.,"A",.,"A",.,"A",.,"A"
"20153","03169272",36,0,"1",1040,"D",260,"D",.,"A",780,"D",0,"D",.,"A",.,"A",780,"D",0,"D",.,"A",.,"A",.,"A",.,"A"
"20153","03169282",52,0,"1",780,"D",260,"D",650,"D",0,"D",0,"D",.,"A",.,"A",520,"D",36,"D",.,"A",.,"A",.,"A",.,"A"
"20153","03169292",33,0,"1",1560,"D",390,"D",.,"A",390,"D",0,"D",.,"A",.,"A",1170,"D",0,"D",.,"A",.,"A",.,"A",.,"A"
"20153","03169302",19,0,"1",877,"F",.,"A",.,"A",0,"D",0,"D",.,"A",.,"A",709,"F",0,"D",.,"A",.,"A",.,"A",.,"A"
"20153","03169342",49,0,"1",455,"D",0,"D",.,"A",455,"D",0,"D",.,"A",.,"A",455,"D",0,"D",.,"A",.,"A",.,"A",.,"A"
"20153","03169392",34,0,"1",2925,"D",412,"F",.,"A",0,"D",0,"D",.,"A",.,"A",1866,"F",0,"D",.,"A",.,"A",.,"A",.,"A"
"20153","03169412",35,0,"1",975,"D",390,"D",.,"A",650,"D",0,"D",.,"A",.,"A",585,"D",0,"D",.,"A",.,"A",.,"A",.,"A"
"20153","03169442",52,0,"1",2600,"D",390,"D",130,"D",6500,"D",0,"D",.,"A",.,"A",2210,"D",150,"D",.,"A",.,"A",.,"A",.,"A"
"20153","03169492",39,0,"1",1950,"D",390,"D",910,"D",910,"D",0,"D",.,"A",.,"A",1560,"D",0,"D",.,"A",.,"A",.,"A",.,"A"
"20153","03169532",23,0,"1",1625,"D",325,"D",.,"A",780,"D",0,"D",.,"A",.,"A",1300,"D",0,"D",.,"A",.,"A",.,"A",.,"A"
"20153","03169542",28,0,"1",650,"D",130,"D",65,"D",65,"D",0,"D",.,"A",.,"A",520,"D",0,"D",.,"A",.,"A",.,"A",.,"A"
"20153","03169582",22,0,"1",520,"D",130,"D",.,"A",390,"D",60,"D",.,"A",.,"A",390,"D",120,"D",.,"A",.,"A",.,"A",.,"A"
"20153","03169592",45,0,"1",1300,"D",260,"D",.,"A",520,"D",0,"D",.,"A",.,"A",1040,"D",60,"D",.,"A",.,"A",.,"A",.,"A"
"20153","03169602",30,0,"1",650,"D",130,"D",.,"A",0,"D",0,"D",.,"A",.,"A",520,"D",0,"D",.,"A",.,"A",.,"A",.,"A"
"20153","03169612",11,0,"1",0,"D",.,"A",.,"A",0,"D",0,"D",.,"A",.,"A",0,"D",0,"D",.,"C",361,"F",.,"A",.,"A"
"20153","03169642",15,0,"1",1300,"D",130,"D",.,"A",650,"D",6,"D",.,"A",.,"A",1170,"D",6,"D",.,"A",.,"A",.,"A",.,"A"
"20153","03169652",18,0,"1",1950,"D",520,"D",.,"A",390,"D",0,"D",.,"A",.,"A",1430,"D",0,"D",.,"A",.,"A",.,"A",.,"A"
"20153","03169702",19,0,"1",2275,"D",325,"D",.,"A",0,"D",0,"D",.,"A",.,"A",1950,"D",0,"D",.,"A",.,"A",.,"A",.,"A"
"20153","03169752",49,0,"1",2600,"D",390,"D",.,"A",0,"D",0,"D",.,"A",.,"A",2210,"D",84,"D",.,"A",.,"A",169,"D",13,"D"
"20153","03169772",59,0,"1",7800,"D",1300,"D",.,"A",1300,"D",0,"D",.,"A",100,"D",6500,"D",150,"D",.,"A",.,"A",.,"A",.,"A"
"20153","03169792",35,0,"1",520,"D",0,"D",156,"D",130,"D",6,"D",.,"A",.,"A",520,"D",6,"D",.,"A",.,"A",.,"A",.,"A"
"20153","03169802",45,0,"1",910,"D",130,"D",130,"D",0,"D",0,"D",.,"A",.,"A",780,"D",0,"D",.,"A",.,"A",.,"A",.,"A"
"20153","03169832",53,0,"1",1885,"D",0,"D",.,"A",455,"D",0,"D",.,"A",.,"A",1885,"D",0,"D",.,"A",.,"A",.,"A",.,"A"
"20153","03169842",44,0,"1",975,"D",130,"D",195,"D",130,"D",0,"D",.,"A",.,"A",845,"D",0,"D",.,"A",.,"A",.,"A",.,"A"
"20153","03169852",28,0,"1",1625,"D",260,"D",.,"A",390,"D",0,"D",.,"A",.,"A",1365,"D",0,"D",.,"A",.,"A",.,"A",.,"A"
"20153","03169862",28,0,"1",1300,"D",585,"D",.,"A",650,"D",0,"D",.,"A",.,"A",715,"D",60,"D",.,"A",.,"A",.,"A",.,"A"
"20153","03169902",34,0,"1",1300,"D",313,"F",.,"A",260,"D",0,"D",.,"A",.,"A",1154,"F",0,"D",40,"D",520,"D",.,"A",.,"A"
"20153","03169912",30,0,"1",1300,"D",260,"D",.,"A",520,"D",45,"D",.,"A",.,"A",1040,"D",90,"D",.,"A",.,"A",.,"A",.,"A"
"20153","03169972",41,0,"1",2600,"D",520,"D",.,"A",975,"D",0,"D",.,"A",.,"A",2080,"D",0,"D",.,"A",.,"A",.,"A",.,"A"
"20153","03169992",23,0,"1",1300,"D",325,"D",.,"A",520,"D",0,"D",.,"A",.,"A",975,"D",0,"D",.,"A",.,"A",.,"A",.,"A"
"20153","03170042",38,0,"1",780,"D",260,"D",130,"D",130,"D",27,"D",.,"A",.,"A",520,"D",45,"D",.,"A",.,"A",.,"A",.,"A"
"20153","03170062",13,0,"1",919,"F",.,"A",.,"A",0,"D",0,"D",.,"A",.,"A",741,"F",0,"D",.,"A",.,"A",.,"A",.,"A"
"20153","03170082",8,0,"1",130,"D",0,"D",.,"A",130,"D",0,"D",.,"A",.,"A",130,"D",0,"D",.,"A",.,"A",.,"A",.,"A"
"20153","03170152",39,0,"1",1560,"D",0,"D",.,"A",845,"D",0,"D",.,"A",.,"A",1560,"D",105,"D",.,"A",.,"A",.,"A",.,"A"
"20153","03170162",22,0,"1",0,"D",.,"A",.,"A",195,"D",0,"D",.,"A",.,"A",0,"D",0,"D",.,"A",.,"A",.,"A",.,"A"
"20153","03170172",12,0,"1",1300,"D",260,"D",.,"A",0,"D",0,"D",.,"A",.,"A",1040,"D",0,"D",.,"A",.,"A",.,"A",.,"A"
"20153","03170192",39,0,"1",650,"D",130,"D",.,"A",195,"D",0,"D",.,"A",.,"A",520,"D",45,"D",.,"A",.,"A",.,"A",.,"A"
"20153","03170202",19,0,"1",650,"D",0,"D",.,"A",130,"D",0,"D",.,"A",.,"A",650,"D",0,"D",.,"A",.,"A",.,"A",.,"A"
"20153","03170232",27,0,"1",715,"D",65,"D",.,"A",260,"D",60,"D",.,"A",.,"A",650,"D",75,"D",10,"D",130,"D",130,"D",10,"D"
"20153","03170242",30,0,"1",1625,"D",260,"D",.,"A",650,"D",0,"D",.,"A",.,"A",1365,"D",0,"D",.,"A",.,"A",.,"A",.,"A"
"20153","03170255",12,0,"1",2600,"D",295,"F",.,"A",0,"D",0,"D",.,"A",.,"A",1097,"F",0,"D",.,"A",.,"A",.,"A",.,"A"
"20153","03170262",58,0,"1",3900,"D",975,"D",650,"D",650,"D",240,"D",.,"A",.,"A",2925,"D",420,"D",.,"A",.,"A",.,"A",.,"A"
"20153","03170272",21,0,"1",650,"D",65,"D",.,"A",650,"D",0,"D",.,"A",.,"A",585,"D",30,"D",.,"A",.,"A",.,"A",.,"A"
"20153","03170282",35,0,"1",2600,"D",1300,"D",.,"A",65,"D",0,"D",.,"A",.,"A",1300,"D",210,"D",.,"A",.,"A",.,"A",.,"A"
"20153","03170292",40,0,"1",2600,"D",650,"D",.,"A",325,"D",0,"D",.,"A",.,"A",1950,"D",75,"D",.,"A",.,"A",.,"A",.,"A"
"20153","03170312",51,0,"1",2925,"D",1300,"D",.,"A",1300,"D",0,"D",.,"A",.,"A",1625,"D",300,"D",.,"A",.,"A",.,"A",.,"A"
"20153","03170342",24,0,"1",1300,"D",325,"D",130,"D",1300,"D",0,"D",.,"A",.,"A",975,"D",120,"D",.,"A",.,"A",.,"A",.,"A"
"20153","03170362",24,0,"1",520,"D",65,"D",.,"A",260,"D",0,"D",.,"A",.,"A",455,"D",0,"D",.,"A",.,"A",.,"A",.,"A"
"20153","03170372",21,0,"1",2600,"D",650,"D",.,"A",390,"D",0,"D",.,"A",.,"A",1950,"D",300,"D",.,"A",.,"A",.,"A",.,"A"
"20153","03170382",22,0,"1",260,"D",26,"D",.,"A",0,"D",0,"D",.,"A",.,"A",234,"D",0,"D",20,"D",260,"D",.,"A",.,"A"
"20153","03170392",32,0,"1",845,"D",65,"D",130,"D",0,"D",0,"D",.,"A",.,"A",780,"D",0,"D",.,"A",.,"A",.,"A",.,"A"
"20153","03170402",27,0,"1",780,"D",65,"D",195,"D",0,"D",0,"D",.,"A",.,"A",715,"D",300,"D",15,"D",195,"D",455,"D",35,"D"
"20153","03170422",32,0,"1",1625,"D",325,"D",26,"D",650,"D",30,"D",.,"A",.,"A",1300,"D",45,"D",.,"A",.,"A",.,"A",.,"A"
"20153","03170432",46,0,"1",1300,"D",260,"D",.,"A",325,"D",30,"D",5,"D",.,"A",1040,"D",150,"D",.,"A",.,"A",.,"A",.,"A"
"20153","03170452",25,0,"1",3900,"D",336,"F",.,"A",0,"D",0,"D",.,"A",.,"A",1366,"F",0,"D",.,"A",.,"A",.,"A",.,"A"
"20153","03170462",18,0,"1",975,"D",195,"D",.,"A",260,"D",0,"D",.,"A",.,"A",780,"D",0,"D",.,"A",.,"A",.,"A",.,"A"
"20153","03170492",43,0,"1",3250,"D",325,"D",.,"A",2600,"D",0,"D",.,"A",.,"A",2925,"D",60,"D",.,"A",.,"A",.,"A",.,"A"
"20153","03170502",42,0,"1",780,"D",0,"D",65,"D",650,"D",0,"D",.,"A",15,"D",780,"D",0,"D",.,"A",.,"A",.,"A",.,"A"
"20153","03170532",35,0,"1",975,"D",130,"D",.,"A",0,"D",6,"D",.,"A",.,"A",845,"D",6,"D",.,"A",.,"A",.,"A",.,"A"
"20153","03170542",55,0,"1",1950,"D",390,"D",1300,"D",520,"D",15,"D",.,"A",.,"A",1560,"D",165,"D",.,"A",.,"A",.,"A",.,"A"
"20153","03170552",22,0,"1",1625,"D",390,"D",.,"A",0,"D",0,"D",.,"A",.,"A",1235,"D",6,"D",.,"A",.,"A",.,"A",.,"A"
"20153","03170572",30,0,"1",1360,"F",.,"A",.,"A",509,"F",140,"F",.,"A",.,"A",1097,"F",158,"F",.,"A",.,"A",.,"A",.,"A"
"20153","03170612",27,0,"1",2600,"D",325,"D",.,"A",650,"D",0,"D",.,"A",.,"A",2275,"D",0,"D",.,"A",.,"A",.,"A",.,"A"
"20153","03170632",17,0,"1",1950,"D",260,"D",910,"D",1625,"D",375,"D",.,"A",.,"A",1690,"D",450,"D",.,"A",.,"A",.,"A",.,"A"
"20153","03170652",39,0,"1",1300,"D",130,"D",.,"A",975,"D",0,"D",.,"A",.,"A",1170,"D",0,"D",.,"A",.,"A",.,"A",.,"A"
"20153","03170682",12,0,"1",1561,"F",.,"A",.,"A",757,"F",162,"F",.,"A",.,"A",1315,"F",175,"F",.,"A",.,"A",.,"A",.,"A"
"20153","03170692",65,0,"1",780,"D",130,"D",.,"A",1300,"D",30,"D",.,"A",.,"A",650,"D",0,"D",.,"A",.,"A",.,"A",.,"A"
"20153","03170732",28,0,"1",1300,"D",429,"D",.,"A",325,"D",0,"D",.,"A",.,"A",871,"D",0,"D",.,"A",.,"A",.,"A",.,"A"
"20153","03170742",57,0,"1",1300,"D",195,"D",.,"A",975,"D",0,"D",.,"A",.,"A",1105,"D",270,"D",.,"A",.,"A",.,"A",.,"A"
"20153","03170752",10,0,"1",390,"D",0,"D",.,"A",650,"D",180,"D",.,"A",.,"A",390,"D",60,"D",.,"A",.,"A",.,"A",.,"A"
"20153","03170772",48,0,"1",1950,"D",390,"D",.,"A",780,"D",0,"D",.,"A",10,"D",1560,"D",0,"D",15,"D",195,"D",.,"A",.,"A"
"20153","03170782",11,0,"1",780,"D",0,"D",.,"A",0,"D",0,"D",.,"A",.,"A",780,"D",0,"D",.,"A",.,"A",.,"A",.,"A"
"20153","03170805",42,0,"1",650,"D",0,"D",.,"A",0,"D",0,"D",.,"A",.,"A",650,"D",180,"D",25,"D",325,"D",.,"A",.,"A"
"20153","03170812",37,0,"1",2015,"D",325,"D",.,"A",0,"D",60,"D",.,"A",.,"A",1690,"D",75,"D",.,"A",.,"A",.,"A",.,"A"
"20153","03170842",9,0,"1",1235,"D",195,"D",.,"A",0,"D",0,"D",.,"A",.,"A",1040,"D",0,"D",.,"A",.,"A",.,"A",.,"A"
"20153","03170852",29,0,"1",975,"D",65,"D",.,"A",650,"D",0,"D",.,"A",.,"A",910,"D",150,"D",.,"A",.,"A",.,"A",.,"A"
"20153","03170862",18,0,"1",1950,"D",325,"D",.,"A",390,"D",0,"D",.,"A",.,"A",1625,"D",150,"D",.,"A",.,"A",.,"A",.,"A"
"20153","03170872",42,0,"1",325,"D",0,"D",.,"A",260,"D",150,"D",.,"A",.,"A",325,"D",0,"D",.,"A",.,"A",.,"A",.,"A"
"20153","03170922",22,0,"1",585,"D",65,"D",.,"A",0,"D",0,"D",.,"A",.,"A",520,"D",0,"D",.,"A",.,"A",.,"A",.,"A"
"20153","03170942",16,0,"1",650,"D",130,"D",.,"A",390,"D",60,"D",.,"A",.,"A",520,"D",60,"D",.,"A",.,"A",.,"A",.,"A"
"20153","03170972",18,0,"1",1950,"D",260,"D",.,"A",1950,"D",0,"D",.,"A",.,"A",1690,"D",0,"D",35,"D",455,"D",.,"A",.,"A"
"20153","03171032",18,0,"1",1170,"D",260,"D",.,"A",0,"D",0,"D",.,"A",.,"A",910,"D",0,"D",90,"D",1170,"D",.,"A",.,"A"
"20153","03171052",42,0,"1",650,"D",130,"D",.,"A",1950,"D",90,"D",.,"A",.,"A",520,"D",600,"D",.,"A",.,"A",.,"A",.,"A"
"20153","03171062",30,0,"1",260,"D",65,"D",65,"D",260,"D",0,"D",.,"A",.,"A",195,"D",0,"D",.,"A",.,"A",.,"A",.,"A"
"20153","03171082",21,0,"1",975,"D",0,"D",.,"A",195,"D",0,"D",.,"A",.,"A",975,"D",30,"D",.,"A",.,"A",.,"A",.,"A"
"20153","03171102",41,0,"1",650,"D",0,"D",.,"A",650,"D",0,"D",.,"A",30,"D",650,"D",0,"D",.,"A",.,"A",.,"A",.,"A"
"20153","03171132",53,0,"1",2600,"D",975,"D",130,"D",2600,"D",180,"D",.,"A",.,"A",1625,"D",84,"D",.,"A",.,"A",.,"A",.,"A"
"20153","03171152",66,0,"1",1300,"D",325,"D",.,"A",975,"D",0,"D",496,"F",.,"A",975,"D",0,"D",.,"A",.,"A",.,"A",.,"A"
"20153","03171162",67,0,"1",1300,"D",0,"D",65,"D",780,"D",90,"D",.,"A",.,"A",1300,"D",150,"D",.,"A",.,"A",.,"A",.,"A"
"20153","03171232",38,0,"1",1950,"D",195,"D",325,"D",650,"D",164,"F",.,"A",.,"A",1755,"D",189,"F",60,"D",780,"D",.,"A",.,"A"
"20153","03171242",11,0,"1",650,"D",65,"D",.,"A",0,"D",0,"D",.,"A",.,"A",585,"D",0,"D",.,"A",.,"A",.,"A",.,"A"
"20153","03171262",21,0,"1",520,"D",0,"D",.,"A",65,"D",0,"D",.,"A",.,"A",520,"D",0,"D",.,"A",.,"A",.,"A",.,"A"
"20153","03171272",33,0,"1",1950,"D",325,"D",65,"D",624,"D",60,"D",.,"A",.,"A",1625,"D",60,"D",.,"A",.,"A",.,"A",.,"A"
"20153","03171292",61,0,"1",2600,"D",195,"D",287,"F",130,"D",0,"D",.,"A",.,"A",2405,"D",150,"D",.,"A",.,"A",.,"A",.,"A"
"20153","03171302",57,0,"1",1157,"D",117,"D",.,"A",390,"D",0,"D",.,"A",5,"D",1040,"D",240,"D",.,"A",.,"A",.,"A",.,"A"
"20153","03171312",21,0,"1",1820,"D",390,"D",.,"A",1170,"D",60,"D",.,"A",.,"A",1430,"D",120,"D",.,"A",.,"A",.,"A",.,"A"
"20153","03171324",27,0,"1",1300,"D",260,"D",.,"A",0,"D",0,"D",.,"A",.,"A",1040,"D",240,"D",40,"D",520,"D",.,"A",.,"A"
"20153","03171352",19,0,"1",2795,"D",195,"D",.,"A",65,"D",0,"D",.,"A",.,"A",2600,"D",0,"D",.,"A",.,"A",.,"A",.,"A"
"20153","03171372",34,0,"1",1040,"D",325,"D",.,"A",260,"D",0,"D",.,"A",.,"A",715,"D",0,"D",.,"A",.,"A",.,"A",.,"A"
"20153","03171382",69,0,"1",1950,"D",650,"D",650,"D",650,"D",75,"D",.,"A",.,"A",1300,"D",90,"D",.,"A",.,"A",.,"A",.,"A"
"20153","03171412",65,0,"1",1625,"D",234,"D",.,"A",390,"D",135,"D",.,"A",.,"A",1391,"D",0,"D",.,"A",.,"A",.,"A",.,"A"
"20153","03171452",24,0,"1",780,"D",65,"D",.,"A",130,"D",0,"D",.,"A",.,"A",715,"D",0,"D",.,"A",.,"A",.,"A",.,"A"
"20153","03171473",41,0,"1",1950,"D",325,"D",.,"A",780,"D",60,"D",163,"D",.,"A",1625,"D",150,"D",.,"A",.,"A",.,"A",.,"A"
"20153","03171502",33,0,"1",650,"D",130,"D",.,"A",130,"D",30,"D",.,"A",.,"A",520,"D",0,"D",.,"A",.,"A",.,"A",.,"A"
"20153","03171512",17,0,"1",975,"D",325,"D",.,"A",0,"D",0,"D",.,"A",.,"A",650,"D",0,"D",.,"A",.,"A",.,"A",.,"A"
"20153","03171522",65,0,"1",1950,"D",195,"D",.,"A",650,"D",75,"D",.,"A",.,"A",1755,"D",75,"D",.,"A",.,"A",.,"A",.,"A"
"20153","03171532",25,0,"1",1300,"D",390,"D",.,"A",650,"D",0,"D",.,"A",.,"A",910,"D",0,"D",.,"A",.,"A",.,"A",.,"A"
"20153","03171542",35,0,"1",1729,"D",650,"D",.,"A",1300,"D",0,"D",.,"A",.,"A",1079,"D",0,"D",14,"D",182,"D",.,"A",.,"A"
"20153","03171552",66,0,"1",2925,"D",975,"D",.,"A",650,"D",750,"D",.,"A",.,"A",1950,"D",300,"D",.,"A",.,"A",.,"A",.,"A"
"20153","03171572",18,0,"1",780,"D",0,"D",.,"A",0,"D",0,"D",.,"A",.,"A",780,"D",0,"D",.,"A",.,"A",.,"A",.,"A"
"20153","03171622",18,0,"1",1170,"D",260,"D",260,"D",325,"D",0,"D",.,"A",.,"A",910,"D",0,"D",25,"D",325,"D",.,"A",.,"A"
"20153","03171632",30,0,"1",1625,"D",303,"F",.,"A",1040,"D",0,"D",.,"A",.,"A",1077,"F",0,"D",.,"A",.,"A",.,"A",.,"A"
"20153","03171642",33,0,"1",650,"D",0,"D",65,"D",650,"D",0,"D",.,"A",.,"A",650,"D",90,"D",.,"A",.,"A",.,"A",.,"A"
"20153","03171652",43,0,"1",1300,"D",260,"D",325,"D",520,"D",0,"D",.,"A",.,"A",1040,"D",0,"D",.,"A",.,"A",.,"A",.,"A"
"20153","03171692",48,0,"1",1040,"D",260,"D",65,"D",0,"D",0,"D",.,"A",.,"A",780,"D",0,"D",.,"A",.,"A",.,"A",.,"A"
"20153","03171702",27,0,"1",1300,"D",130,"D",.,"A",260,"D",0,"D",.,"A",.,"A",1170,"D",0,"D",.,"A",.,"A",.,"A",.,"A"
"20153","03171722",34,0,"1",2925,"D",325,"D",.,"A",1300,"D",0,"D",.,"A",.,"A",2600,"D",0,"D",.,"A",.,"A",.,"A",.,"A"
"20153","03171742",40,0,"1",2600,"D",325,"D",.,"A",0,"D",6,"D",.,"A",.,"A",2275,"D",6,"D",.,"A",.,"A",.,"A",.,"A"
"20153","03171752",19,0,"1",2600,"D",390,"D",.,"A",520,"D",0,"D",.,"A",.,"A",2210,"D",0,"D",.,"A",.,"A",.,"A",.,"A"
"20153","03171762",6,0,"1",650,"D",390,"D",260,"D",0,"D",0,"D",.,"A",.,"A",260,"D",0,"D",.,"A",.,"A",260,"D",20,"D"
"20153","03171772",23,0,"1",1950,"D",368,"F",.,"A",1950,"D",0,"D",.,"A",.,"A",1384,"F",0,"D",.,"A",.,"A",.,"A",.,"A"
"20153","03171802",18,0,"1",1105,"D",156,"D",.,"A",650,"D",0,"D",.,"A",.,"A",949,"D",90,"D",60,"D",780,"D",.,"A",.,"A"
"20153","03171822",36,0,"1",1300,"D",130,"D",.,"A",1755,"D",0,"D",.,"A",.,"A",1170,"D",0,"D",.,"A",.,"A",.,"A",.,"A"
"20153","03171832",41,0,"1",780,"D",130,"D",.,"A",260,"D",0,"D",.,"A",.,"A",650,"D",0,"D",.,"A",.,"A",.,"A",.,"A"
"20153","03171842",28,0,"1",3250,"D",260,"D",.,"A",780,"D",0,"D",.,"A",.,"A",2990,"D",0,"D",.,"A",.,"A",.,"A",.,"A"
"20153","03171852",22,0,"1",3900,"D",390,"D",.,"A",650,"D",0,"D",.,"A",.,"A",3510,"D",90,"D",25,"D",325,"D",.,"A",.,"A"
"20153","03171872",32,0,"1",650,"D",130,"D",.,"A",156,"D",0,"D",.,"A",.,"A",520,"D",0,"D",.,"A",.,"A",.,"A",.,"A"
"20153","03171892",21,0,"1",1950,"D",390,"D",.,"A",0,"D",0,"D",.,"A",.,"A",1560,"D",300,"D",36,"D",468,"D",.,"A",.,"A"
"20153","03171902",28,0,"1",1625,"D",325,"D",.,"A",650,"D",0,"D",.,"A",.,"A",1300,"D",0,"D",.,"A",.,"A",.,"A",.,"A"
"20153","03171922",25,0,"1",3250,"D",260,"D",.,"A",0,"D",0,"D",.,"A",.,"A",2990,"D",0,"D",.,"A",.,"A",.,"A",.,"A"
"20153","03171962",44,0,"1",1040,"D",130,"D",.,"A",650,"D",0,"D",.,"A",.,"A",910,"D",0,"D",.,"A",.,"A",.,"A",.,"A"
"20153","03171982",29,0,"1",260,"D",130,"D",.,"A",260,"D",0,"D",.,"A",.,"A",130,"D",0,"D",20,"D",260,"D",.,"A",.,"A"
"20153","03171992",84,0,"1",3120,"D",520,"D",.,"A",650,"D",0,"D",.,"A",200,"D",2600,"D",0,"D",.,"A",.,"A",.,"A",.,"A"
"20153","03172012",23,0,"1",1300,"D",130,"D",.,"A",650,"D",0,"D",.,"A",.,"A",1170,"D",0,"D",.,"A",.,"A",.,"A",.,"A"
"20153","03172032",25,0,"1",910,"D",130,"D",.,"A",65,"D",0,"D",.,"A",.,"A",780,"D",30,"D",.,"A",.,"A",.,"A",.,"A"
"20153","03172052",27,0,"1",455,"D",156,"D",260,"D",195,"D",0,"D",.,"A",.,"A",299,"D",0,"D",.,"A",.,"A",.,"A",.,"A"
"20153","03172062",12,0,"1",2340,"D",195,"D",.,"A",0,"D",0,"D",.,"A",.,"A",2145,"D",0,"D",.,"A",.,"A",.,"A",.,"A"
"20153","03172072",24,0,"1",1040,"D",130,"D",.,"A",650,"D",0,"D",.,"A",0,"D",910,"D",0,"D",30,"D",390,"D",.,"A",.,"A"
"20153","03172082",16,0,"1",195,"D",0,"D",.,"A",0,"D",0,"D",.,"A",.,"A",195,"D",0,"D",.,"A",.,"A",.,"A",.,"A"
"20153","03172132",23,0,"1",1204,"F",.,"A",.,"A",0,"D",0,"D",.,"A",.,"A",976,"F",0,"D",.,"A",.,"A",.,"A",.,"A"
"20153","03172142",34,0,"1",1430,"D",130,"D",.,"A",260,"D",0,"D",.,"A",.,"A",1300,"D",0,"D",.,"A",.,"A",.,"A",.,"A"
"20153","03172172",88,0,"1",1625,"D",0,"D",367,"F",0,"D",0,"D",.,"A",100,"D",1625,"D",450,"D",.,"C",693,"F",.,"A",.,"A"
"20153","03172192",37,0,"1",1040,"D",260,"D",.,"A",325,"D",0,"D",.,"A",.,"A",780,"D",0,"D",.,"A",.,"A",.,"A",.,"A"
"20153","03172202",98,0,"1",3250,"D",1300,"D",325,"D",2080,"D",480,"D",.,"A",.,"A",1950,"D",600,"D",.,"A",.,"A",.,"A",.,"A"
"20153","03172252",24,0,"1",1300,"D",260,"D",390,"D",0,"D",0,"D",.,"A",.,"A",1040,"D",0,"D",0,"D",0,"D",286,"D",22,"D"
"20153","03172262",32,0,"1",975,"D",130,"D",.,"A",325,"D",0,"D",.,"A",.,"A",845,"D",0,"D",17,"D",221,"D",.,"A",.,"A"
"20153","03172312",44,0,"1",1300,"D",0,"D",.,"A",260,"D",0,"D",.,"A",.,"A",1300,"D",0,"D",60,"D",780,"D",.,"A",.,"A"
"20153","03172322",16,0,"1",1625,"D",444,"F",.,"A",650,"D",0,"D",.,"A",.,"A",1558,"F",0,"D",.,"A",.,"A",.,"A",.,"A"
"20153","03172382",20,0,"1",650,"D",130,"D",.,"A",0,"D",0,"D",.,"A",.,"A",520,"D",0,"D",.,"A",.,"A",.,"A",.,"A"
"20153","03172392",16,0,"1",455,"D",65,"D",.,"A",195,"D",0,"D",.,"A",.,"A",390,"D",0,"D",.,"A",.,"A",.,"A",.,"A"
"20153","03172402",18,0,"1",650,"D",0,"D",.,"A",0,"D",0,"D",.,"A",.,"A",650,"D",0,"D",.,"A",.,"A",.,"A",.,"A"
"20153","03172412",29,0,"1",2210,"D",130,"D",.,"A",130,"D",0,"D",.,"A",.,"A",2080,"D",90,"D",10,"D",130,"D",.,"A",.,"A"
"20153","03172432",40,0,"1",650,"D",65,"D",.,"A",390,"D",30,"D",.,"A",.,"A",585,"D",120,"D",.,"A",.,"A",.,"A",.,"A"
"20153","03172452",24,0,"1",1950,"D",195,"D",.,"A",0,"D",135,"D",.,"A",.,"A",1755,"D",135,"D",.,"A",.,"A",.,"A",.,"A"
"20153","03172472",67,0,"1",3250,"D",520,"D",.,"A",1300,"D",0,"D",.,"A",.,"A",2730,"D",0,"D",.,"A",.,"A",.,"A",.,"A"
"20153","03172482",18,0,"1",1300,"D",0,"D",468,"D",65,"D",0,"D",.,"A",.,"A",1300,"D",0,"D",.,"A",.,"A",.,"A",.,"A"
"20153","03172492",46,0,"1",1950,"D",0,"D",.,"A",715,"D",0,"D",.,"A",240,"D",1950,"D",156,"D",40,"D",520,"D",.,"A",.,"A"
"20153","03172532",31,0,"1",741,"D",91,"D",.,"A",325,"D",0,"D",.,"A",.,"A",650,"D",0,"D",.,"A",.,"A",.,"A",.,"A"
"20153","03172544",80,0,"1",1560,"D",260,"D",.,"A",1300,"D",75,"D",.,"A",.,"A",1300,"D",240,"D",28,"D",364,"D",.,"A",.,"A"
"20153","03172602",15,0,"1",1040,"D",130,"D",.,"A",0,"D",0,"D",.,"A",.,"A",910,"D",0,"D",.,"A",.,"A",.,"A",.,"A"
"20153","03172622",43,0,"1",1300,"D",260,"D",.,"A",0,"D",0,"D",.,"A",.,"A",1040,"D",105,"D",60,"D",780,"D",.,"A",.,"A"
"20153","03172642",25,0,"1",1950,"D",260,"D",.,"A",0,"D",0,"D",.,"A",.,"A",1690,"D",6,"D",.,"A",.,"A",.,"A",.,"A"
"20153","03172682",34,0,"1",1040,"D",195,"D",.,"A",520,"D",0,"D",.,"A",.,"A",845,"D",0,"D",.,"A",.,"A",.,"A",.,"A"
"20153","03172754",15,0,"1",975,"D",0,"D",.,"A",91,"D",0,"D",.,"A",.,"A",975,"D",150,"D",60,"D",780,"D",.,"A",.,"A"
"20153","03172762",15,0,"1",1300,"D",0,"D",.,"A",0,"D",0,"D",.,"A",.,"A",1300,"D",0,"D",.,"A",.,"A",.,"A",.,"A"
"20153","03172772",59,0,"1",1521,"D",260,"D",.,"A",624,"D",120,"D",.,"A",.,"A",1261,"D",225,"D",.,"A",.,"A",.,"A",.,"A"
"20153","03172782",46,0,"1",1300,"D",260,"D",1300,"D",130,"D",30,"D",.,"A",.,"A",1040,"D",90,"D",.,"A",.,"A",.,"A",.,"A"
"20153","03172792",42,0,"1",3380,"D",520,"D",.,"A",1300,"D",0,"D",.,"A",.,"A",2860,"D",45,"D",15,"D",195,"D",.,"A",.,"A"
"20153","03172822",26,0,"1",1040,"D",130,"D",.,"A",390,"D",0,"D",.,"A",.,"A",910,"D",0,"D",.,"A",.,"A",.,"A",.,"A"
"20153","03172832",14,0,"1",780,"D",130,"D",.,"A",0,"D",0,"D",.,"A",.,"A",650,"D",0,"D",30,"D",390,"D",.,"A",.,"A"
"20153","03172852",15,0,"1",1300,"D",156,"D",.,"A",0,"D",0,"D",.,"A",.,"A",1144,"D",0,"D",.,"A",.,"A",.,"A",.,"A"
"20153","03172862",17,0,"1",2600,"D",650,"D",.,"A",390,"D",127,"F",.,"A",.,"A",1950,"D",60,"D",.,"A",.,"A",.,"A",.,"A"
"20153","03172872",30,0,"1",1040,"D",65,"D",.,"A",156,"D",0,"D",.,"A",.,"A",975,"D",6,"D",.,"A",.,"A",.,"A",.,"A"
"20153","03172922",23,0,"1",4550,"D",1300,"D",.,"A",520,"D",0,"D",.,"A",.,"A",3250,"D",0,"D",.,"A",.,"A",.,"A",.,"A"
"20153","03172942",21,0,"1",975,"D",130,"D",65,"D",26,"D",0,"D",.,"A",.,"A",845,"D",90,"D",10,"D",130,"D",.,"A",.,"A"
"20153","03172972",37,0,"1",919,"F",.,"A",520,"D",780,"D",0,"D",.,"A",.,"A",741,"F",0,"D",.,"A",.,"A",.,"A",.,"A"
"20153","03172982",53,0,"1",3900,"D",455,"D",.,"A",325,"D",0,"D",.,"A",.,"A",3445,"D",0,"D",105,"D",1365,"D",234,"D",18,"D"
"20153","03172992",36,0,"1",1300,"D",130,"D",.,"A",1456,"D",0,"D",.,"A",.,"A",1170,"D",0,"D",.,"A",.,"A",.,"A",.,"A"
"20153","03173004",55,0,"1",260,"D",0,"D",.,"A",0,"D",0,"D",.,"A",.,"A",260,"D",0,"D",.,"A",.,"A",.,"A",.,"A"
"20153","03173012",38,0,"1",1950,"D",780,"D",.,"A",650,"D",0,"D",.,"A",.,"A",1170,"D",0,"D",.,"A",.,"A",.,"A",.,"A"
"20153","03173082",39,0,"1",1560,"D",260,"D",.,"A",1560,"D",150,"D",.,"A",.,"A",1300,"D",150,"D",.,"A",.,"A",.,"A",.,"A"
"20153","03173132",13,0,"1",975,"D",65,"D",.,"A",0,"D",0,"D",.,"A",.,"A",910,"D",0,"D",.,"A",.,"A",.,"A",.,"A"
"20153","03173142",25,0,"1",3900,"D",390,"D",.,"A",260,"D",6,"D",.,"A",.,"A",3510,"D",6,"D",.,"A",.,"A",.,"A",.,"A"
"20153","03173152",27,0,"1",1300,"D",0,"D",.,"A",39,"D",0,"D",.,"A",.,"A",1300,"D",0,"D",.,"A",.,"A",.,"A",.,"A"
"20153","03173182",78,0,"1",1950,"D",780,"D",455,"D",1560,"D",150,"D",.,"A",.,"A",1170,"D",105,"D",.,"A",.,"A",.,"A",.,"A"
"20153","03173212",20,0,"1",1300,"D",325,"D",.,"A",650,"D",0,"D",.,"A",.,"A",975,"D",60,"D",.,"A",.,"A",.,"A",.,"A"
"20153","03173242",39,0,"1",2600,"D",325,"D",.,"A",1300,"D",0,"D",.,"A",.,"A",2275,"D",0,"D",.,"A",.,"A",.,"A",.,"A"
"20153","03173262",65,0,"1",1300,"D",65,"D",.,"A",0,"D",0,"D",.,"A",.,"A",1235,"D",300,"D",.,"A",.,"A",.,"A",.,"A"
"20153","03173272",6,0,"1",0,"D",.,"A",.,"A",0,"D",0,"D",.,"A",.,"A",0,"D",0,"D",.,"A",.,"A",.,"A",.,"A"
"20153","03173282",28,0,"1",1170,"D",130,"D",.,"A",650,"D",0,"D",.,"A",.,"A",1040,"D",0,"D",.,"A",.,"A",.,"A",.,"A"
"20153","03173292",19,0,"1",1950,"D",260,"D",.,"A",0,"D",0,"D",.,"A",.,"A",1690,"D",0,"D",.,"A",.,"A",.,"A",.,"A"
"20153","03173302",27,0,"1",2015,"D",195,"D",260,"D",845,"D",120,"D",.,"A",.,"A",1820,"D",495,"D",.,"A",.,"A",.,"A",.,"A"
"20153","03173332",75,0,"1",3510,"D",195,"D",.,"A",1755,"D",30,"D",.,"A",45,"D",3315,"D",60,"D",.,"A",.,"A",.,"A",.,"A"
"20153","03173362",36,0,"1",1040,"D",195,"D",260,"D",325,"D",0,"D",.,"A",.,"A",845,"D",60,"D",.,"A",.,"A",.,"A",.,"A"
"20153","03173372",19,0,"1",2210,"D",0,"D",.,"A",757,"F",162,"F",.,"A",.,"A",2210,"D",175,"F",.,"A",.,"A",.,"A",.,"A"
"20153","03173392",9,0,"1",260,"D",0,"D",.,"A",130,"D",0,"D",.,"A",.,"A",260,"D",0,"D",.,"A",.,"A",.,"A",.,"A"
"20153","03173412",28,0,"1",1144,"D",260,"D",.,"A",520,"D",0,"D",.,"A",.,"A",884,"D",0,"D",.,"A",.,"A",.,"A",.,"A"
"20153","03173422",71,0,"1",1950,"D",650,"D",130,"D",650,"D",60,"D",.,"A",.,"A",1300,"D",120,"D",.,"A",.,"A",325,"D",25,"D"
"20153","03173432",51,0,"1",1885,"D",910,"D",0,"D",325,"D",0,"D",.,"A",.,"A",975,"D",0,"D",.,"A",.,"A",.,"A",.,"A"
"20153","03173442",46,0,"1",2600,"D",390,"D",390,"D",520,"D",0,"D",325,"D",.,"A",2210,"D",0,"D",.,"A",.,"A",.,"A",.,"A"
"20153","03173502",38,0,"1",1300,"D",130,"D",.,"A",390,"D",0,"D",.,"A",.,"A",1170,"D",0,"D",.,"A",.,"A",.,"A",.,"A"
"20153","03173512",15,0,"1",975,"D",0,"D",.,"A",0,"D",0,"D",.,"A",.,"A",975,"D",0,"D",.,"A",.,"A",.,"A",.,"A"
"20153","03173522",56,0,"1",1040,"D",195,"D",91,"D",481,"D",0,"D",.,"A",.,"A",845,"D",0,"D",.,"A",.,"A",.,"A",.,"A"
"20153","03173552",28,0,"1",780,"D",130,"D",.,"A",1040,"D",0,"D",.,"A",.,"A",650,"D",0,"D",.,"A",.,"A",.,"A",.,"A"
"20153","03173562",35,0,"1",1300,"D",130,"D",.,"A",650,"D",600,"D",.,"A",.,"A",1170,"D",450,"D",.,"A",.,"A",.,"A",.,"A"
"20153","03173572",38,0,"1",1950,"D",650,"D",.,"A",455,"D",0,"D",.,"A",20,"D",1300,"D",0,"D",70,"D",910,"D",.,"A",.,"A"
"20153","03173602",38,0,"1",2600,"D",0,"D",.,"A",650,"D",0,"D",.,"A",.,"A",2600,"D",0,"D",.,"A",.,"A",.,"A",.,"A"
"20153","03173642",36,0,"1",780,"D",260,"D",.,"A",130,"D",0,"D",.,"A",.,"A",520,"D",60,"D",25,"D",325,"D",.,"A",.,"A"
"20153","03173662",44,0,"1",1690,"D",130,"D",195,"D",780,"D",0,"D",.,"A",.,"A",1560,"D",0,"D",.,"A",.,"A",.,"A",.,"A"
"20153","03173684",16,0,"1",650,"D",65,"D",.,"A",260,"D",0,"D",.,"A",.,"A",585,"D",0,"D",.,"A",.,"A",.,"A",.,"A"
"20153","03173722",19,0,"1",390,"D",0,"D",.,"A",0,"D",0,"D",.,"A",.,"A",390,"D",0,"D",20,"D",260,"D",.,"A",.,"A"
"20153","03173742",27,0,"1",1950,"D",195,"D",520,"D",650,"D",0,"D",.,"A",.,"A",1755,"D",90,"D",.,"A",.,"A",.,"A",.,"A"
"20153","03173752",44,0,"1",2158,"D",650,"D",130,"D",1300,"D",0,"D",.,"A",.,"A",1508,"D",0,"D",.,"A",.,"A",.,"A",.,"A"
"20153","03173762",8,0,"1",910,"D",0,"D",.,"A",0,"D",0,"D",.,"A",.,"A",910,"D",0,"D",.,"A",.,"A",.,"A",.,"A"
"20153","03173772",11,0,"1",780,"D",130,"D",.,"A",117,"D",0,"D",.,"A",.,"A",650,"D",60,"D",15,"D",195,"D",.,"A",.,"A"
"20153","03173782",61,0,"1",1300,"D",325,"D",.,"A",1950,"D",300,"D",.,"A",.,"A",975,"D",300,"D",.,"A",.,"A",.,"A",.,"A"
"20153","03173792",22,0,"1",1430,"D",130,"D",.,"A",390,"D",0,"D",.,"A",.,"A",1300,"D",0,"D",.,"A",.,"A",.,"A",.,"A"
"20153","03173802",26,0,"1",1300,"D",260,"D",.,"A",0,"D",0,"D",.,"A",.,"A",1040,"D",0,"D",25,"D",325,"D",.,"A",.,"A"
"20153","03173812",21,0,"1",3250,"D",325,"D",.,"A",0,"D",0,"D",.,"A",.,"A",2925,"D",0,"D",20,"D",260,"D",.,"A",.,"A"
"20153","03173832",26,0,"1",1625,"D",390,"D",.,"A",650,"D",0,"D",.,"A",.,"A",1235,"D",0,"D",.,"A",.,"A",.,"A",.,"A"
"20153","03173842",40,0,"1",1300,"D",0,"D",234,"D",520,"D",0,"D",.,"A",90,"D",1300,"D",0,"D",.,"A",.,"A",.,"A",.,"A"
"20153","03173862",32,0,"1",975,"D",195,"D",.,"A",1300,"D",0,"D",.,"A",.,"A",780,"D",0,"D",.,"A",.,"A",.,"A",.,"A"
"20153","03173872",128,0,"1",1950,"D",390,"D",.,"A",650,"D",0,"D",.,"A",.,"A",1560,"D",0,"D",.,"A",.,"A",.,"A",.,"A"
"20153","03173912",23,0,"1",0,"D",.,"A",.,"A",520,"D",60,"D",.,"A",.,"A",0,"D",150,"D",45,"D",585,"D",.,"A",.,"A"
"20153","03173932",44,0,"1",5200,"D",2600,"D",260,"D",780,"D",30,"D",.,"A",0,"D",2600,"D",30,"D",100,"D",1300,"D",975,"D",75,"D"
"20153","03173952",27,0,"1",1300,"D",130,"D",.,"A",650,"D",150,"D",.,"A",.,"A",1170,"D",240,"D",.,"A",.,"A",.,"A",.,"A"
"20153","03173962",20,0,"1",780,"D",130,"D",.,"A",65,"D",0,"D",.,"A",.,"A",650,"D",0,"D",.,"A",.,"A",.,"A",.,"A"
"20153","03173972",32,0,"1",780,"D",65,"D",.,"A",195,"D",0,"D",.,"A",.,"A",715,"D",0,"D",.,"A",.,"A",.,"A",.,"A"
"20153","03173982",12,0,"1",1950,"D",325,"D",.,"A",130,"D",0,"D",.,"A",.,"A",1625,"D",0,"D",.,"A",.,"A",.,"A",.,"A"
"20153","03174002",14,0,"1",975,"D",0,"D",.,"A",0,"D",0,"D",.,"A",.,"A",975,"D",0,"D",.,"A",.,"A",.,"A",.,"A"
"20153","03174032",46,0,"1",1560,"D",325,"D",104,"D",650,"D",0,"D",.,"A",.,"A",1235,"D",24,"D",.,"A",.,"A",.,"A",.,"A"
"20153","03174072",30,0,"1",2600,"D",260,"D",.,"A",260,"D",0,"D",.,"A",.,"A",2340,"D",0,"D",.,"A",.,"A",.,"A",.,"A"
"20153","03174082",69,0,"1",4875,"D",2275,"D",260,"D",2925,"D",150,"D",.,"A",.,"A",2600,"D",75,"D",.,"A",.,"A",.,"A",.,"A"
"20153","03184641",35,0,"1",910,"D",260,"D",.,"A",260,"D",0,"D",.,"A",.,"A",650,"D",0,"D",.,"A",.,"A",.,"A",.,"A"
"20153","03184661",34,0,"1",1950,"D",650,"D",.,"A",260,"D",30,"D",.,"A",.,"A",1300,"D",0,"D",30,"D",390,"D",.,"A",.,"A"
"20153","03184671",22,0,"1",650,"D",260,"D",.,"A",78,"D",0,"D",.,"A",.,"A",390,"D",0,"D",.,"A",.,"A",.,"A",.,"A"
"20153","03184681",46,0,"1",1625,"D",325,"D",650,"D",1950,"D",300,"D",.,"A",.,"A",1300,"D",0,"D",.,"A",.,"A",.,"A",.,"A"
"20153","03184691",33,0,"1",975,"D",195,"D",.,"A",520,"D",300,"D",.,"A",.,"A",780,"D",300,"D",.,"A",.,"A",.,"A",.,"A"
"20153","03184711",13,0,"1",975,"D",195,"D",.,"A",0,"D",0,"D",.,"A",.,"A",780,"D",135,"D",70,"D",910,"D",.,"A",.,"A"
"20153","03184721",37,0,"1",1040,"D",0,"D",130,"D",1300,"D",0,"D",.,"A",.,"A",1040,"D",0,"D",.,"A",.,"A",.,"A",.,"A"
"20153","03184731",21,0,"1",1300,"D",130,"D",.,"A",260,"D",0,"D",.,"A",.,"A",1170,"D",0,"D",.,"A",.,"A",.,"A",.,"A"
"20153","03184741",14,0,"1",3250,"D",260,"D",.,"A",325,"D",0,"D",.,"A",.,"A",2990,"D",240,"D",.,"A",.,"A",.,"A",.,"A"
"20153","03184751",18,0,"1",1950,"D",325,"D",390,"D",390,"D",0,"D",.,"A",.,"A",1625,"D",300,"D",.,"A",.,"A",.,"A",.,"A"
"20153","03184771",26,0,"1",780,"D",130,"D",325,"D",325,"D",120,"D",225,"D",.,"A",650,"D",60,"D",.,"A",.,"A",130,"D",10,"D"
"20153","03184781",39,0,"1",1040,"D",455,"D",.,"A",325,"D",42,"D",.,"A",.,"A",585,"D",90,"D",.,"A",.,"A",.,"A",.,"A"
"20153","03184801",27,0,"1",780,"D",260,"D",520,"D",390,"D",60,"D",.,"A",.,"A",520,"D",60,"D",.,"A",.,"A",.,"A",.,"A"
"20153","03184811",19,0,"1",455,"D",65,"D",65,"D",104,"D",0,"D",.,"A",.,"A",390,"D",0,"D",.,"A",.,"A",.,"A",.,"A"
"20153","03184821",29,0,"1",1561,"F",.,"A",.,"A",757,"F",162,"F",.,"A",.,"A",1315,"F",175,"F",.,"A",.,"A",.,"A",.,"A"
"20153","03184831",28,0,"1",3900,"D",455,"D",.,"A",0,"D",0,"D",.,"A",.,"A",3445,"D",300,"D",.,"A",.,"A",.,"A",.,"A"
"20153","03184851",21,0,"1",650,"D",65,"D",.,"A",390,"D",0,"D",.,"A",.,"A",585,"D",90,"D",18,"D",234,"D",.,"A",.,"A"
"20153","03184861",29,0,"1",2600,"D",0,"D",.,"A",650,"D",122,"F",.,"A",.,"A",2600,"D",133,"F",.,"A",.,"A",.,"A",.,"A"
"20153","03184871",19,0,"1",3250,"D",650,"D",.,"A",2600,"D",150,"D",.,"A",.,"A",2600,"D",150,"D",.,"A",.,"A",.,"A",.,"A"
"20153","03184881",13,0,"1",1040,"D",195,"D",260,"D",0,"D",0,"D",.,"A",.,"A",845,"D",0,"D",25,"D",325,"D",.,"A",.,"A"
"20153","03184921",53,0,"1",975,"D",195,"D",.,"A",65,"D",24,"D",.,"A",.,"A",780,"D",30,"D",.,"A",.,"A",.,"A",.,"A"
"20153","03184931",32,0,"1",1625,"D",260,"D",390,"D",260,"D",0,"D",.,"A",.,"A",1365,"D",0,"D",.,"A",.,"A",.,"A",.,"A"
"20153","03184941",20,0,"1",1300,"D",390,"D",.,"A",650,"D",600,"D",.,"A",.,"A",910,"D",600,"D",70,"D",910,"D",.,"A",.,"A"
"20153","03184951",14,0,"1",975,"D",195,"D",.,"A",325,"D",60,"D",.,"A",.,"A",780,"D",240,"D",.,"A",.,"A",.,"A",.,"A"
"20153","03184963",18,0,"1",910,"D",260,"D",260,"D",390,"D",180,"D",.,"A",.,"A",650,"D",240,"D",.,"A",.,"A",.,"A",.,"A"
"20153","03184981",24,0,"1",1300,"D",130,"D",.,"A",390,"D",0,"D",.,"A",.,"A",1170,"D",0,"D",.,"A",.,"A",.,"A",.,"A"
"20153","03185001",39,0,"1",1300,"D",325,"D",.,"A",0,"D",0,"D",.,"A",.,"A",975,"D",150,"D",.,"A",.,"A",.,"A",.,"A"
"20153","03185011",45,0,"1",1235,"D",416,"D",.,"A",1625,"D",0,"D",.,"A",.,"A",819,"D",0,"D",.,"A",.,"A",.,"A",.,"A"
"20153","03185031",22,0,"1",390,"D",193,"F",.,"A",0,"D",0,"D",.,"A",.,"A",709,"F",15,"D",.,"A",.,"A",.,"A",.,"A"
"20153","03185041",37,0,"1",975,"D",130,"D",.,"A",65,"D",0,"D",.,"A",.,"A",845,"D",39,"D",.,"A",.,"A",.,"A",.,"A"
"20153","03185091",29,0,"1",2600,"D",260,"D",.,"A",1300,"D",240,"D",.,"A",100,"D",2340,"D",150,"D",.,"A",.,"A",.,"A",.,"A"
"20153","03185124",25,0,"1",975,"D",65,"D",.,"A",182,"D",0,"D",.,"A",.,"A",910,"D",0,"D",.,"A",.,"A",910,"D",70,"D"
"20153","03185141",33,0,"1",2600,"D",390,"D",.,"A",650,"D",0,"D",.,"A",.,"A",2210,"D",105,"D",.,"A",.,"A",.,"A",.,"A"
"20153","03185151",33,0,"1",3900,"D",390,"D",260,"D",636,"F",141,"F",.,"A",.,"A",3510,"D",140,"F",.,"A",.,"A",.,"A",.,"A"
"20153","03185173",13,0,"1",390,"D",65,"D",.,"A",260,"D",0,"D",.,"A",.,"A",325,"D",0,"D",.,"A",.,"A",.,"A",.,"A"
"20153","03185181",23,0,"1",1950,"D",260,"D",130,"D",390,"D",180,"D",.,"A",.,"A",1690,"D",120,"D",.,"A",.,"A",.,"A",.,"A"
"20153","03185201",24,0,"1",1690,"D",130,"D",.,"A",520,"D",0,"D",.,"A",.,"A",1560,"D",120,"D",.,"A",.,"A",.,"A",.,"A"
"20153","03185211",30,0,"1",1300,"D",260,"D",130,"D",260,"D",15,"D",.,"A",.,"A",1040,"D",0,"D",.,"A",.,"A",.,"A",.,"A"
"20153","03185231",26,0,"1",2600,"D",325,"D",.,"A",195,"D",0,"D",.,"A",.,"A",2275,"D",30,"D",.,"A",.,"A",.,"A",.,"A"
"20153","03185291",40,0,"1",2600,"D",0,"D",1300,"D",325,"D",30,"D",.,"A",.,"A",2600,"D",0,"D",.,"A",.,"A",.,"A",.,"A"
"20153","03185301",37,0,"1",2600,"D",650,"D",0,"D",650,"D",24,"D",.,"A",.,"A",1950,"D",90,"D",.,"A",.,"A",.,"A",.,"A"
"20153","03185341",18,0,"1",1300,"D",130,"D",.,"A",0,"D",0,"D",.,"A",.,"A",1170,"D",0,"D",.,"A",.,"A",.,"A",.,"A"
"20153","03185351",36,0,"1",585,"D",260,"D",260,"D",130,"D",24,"D",.,"A",60,"D",325,"D",240,"D",15,"D",195,"D",.,"A",.,"A"
"20153","03185371",8,0,"1",650,"D",65,"D",.,"A",130,"D",0,"D",.,"A",.,"A",585,"D",0,"D",.,"C",361,"F",.,"A",.,"A"
"20153","03185381",14,0,"1",520,"D",0,"D",.,"A",520,"D",0,"D",.,"A",.,"A",520,"D",6,"D",.,"A",.,"A",.,"A",.,"A"
"20153","03185391",38,0,"1",1950,"D",650,"D",.,"A",455,"D",0,"D",.,"A",.,"A",1300,"D",0,"D",.,"A",.,"A",.,"A",.,"A"
"20153","03185421",45,0,"1",1300,"D",260,"D",260,"D",39,"D",0,"D",.,"A",.,"A",1040,"D",6,"D",.,"A",.,"A",.,"A",.,"A"
"20153","03185451",26,0,"1",1560,"D",156,"D",.,"A",520,"D",0,"D",.,"A",.,"A",1404,"D",0,"D",.,"A",.,"A",.,"A",.,"A"
"20153","03185471",19,0,"1",2600,"D",0,"D",.,"A",1300,"D",143,"F",.,"A",.,"A",2600,"D",0,"D",.,"A",.,"A",.,"A",.,"A"
"20153","03185481",50,0,"1",1950,"D",390,"D",195,"D",520,"D",0,"D",.,"A",.,"A",1560,"D",0,"D",.,"A",.,"A",.,"A",.,"A"
"20153","03185491",12,0,"1",1300,"D",0,"D",.,"A",757,"F",162,"F",.,"A",.,"A",1300,"D",175,"F",.,"A",.,"A",.,"A",.,"A"
"20153","03185501",38,0,"1",650,"D",195,"D",.,"A",260,"D",0,"D",.,"A",.,"A",455,"D",30,"D",.,"A",.,"A",.,"A",.,"A"
"20153","03185511",34,0,"1",650,"D",130,"D",.,"A",260,"D",0,"D",.,"A",.,"A",520,"D",30,"D",.,"A",.,"A",.,"A",.,"A"
"20153","03185521",25,0,"1",650,"D",65,"D",195,"D",650,"D",0,"D",.,"A",.,"A",585,"D",0,"D",.,"A",.,"A",.,"A",.,"A"
"20153","03185541",32,0,"1",1625,"D",260,"D",.,"A",1950,"D",300,"D",.,"A",.,"A",1365,"D",150,"D",.,"A",.,"A",.,"A",.,"A"
"20153","03185551",17,0,"1",780,"D",130,"D",.,"A",260,"D",0,"D",.,"A",.,"A",650,"D",0,"D",.,"A",.,"A",.,"A",.,"A"
"20153","03185561",36,0,"1",1950,"D",650,"D",.,"A",650,"D",0,"D",.,"A",.,"A",1300,"D",0,"D",.,"A",.,"A",.,"A",.,"A"
"20153","03185591",26,0,"1",1820,"D",325,"D",.,"A",325,"D",0,"D",.,"A",.,"A",1495,"D",0,"D",.,"A",.,"A",.,"A",.,"A"
"20153","03185601",16,0,"1",390,"D",130,"D",.,"A",130,"D",0,"D",.,"A",.,"A",260,"D",0,"D",.,"A",.,"A",.,"A",.,"A"
"20153","03185611",28,0,"1",2600,"D",0,"D",.,"A",260,"D",0,"D",.,"A",.,"A",2600,"D",60,"D",.,"A",.,"A",.,"A",.,"A"
"20153","03185621",32,0,"1",1300,"D",325,"D",.,"A",260,"D",90,"D",.,"A",.,"A",975,"D",75,"D",.,"A",.,"A",.,"A",.,"A"
"20153","03185631",27,0,"1",1040,"D",0,"D",260,"D",364,"D",60,"D",.,"A",.,"A",1040,"D",60,"D",.,"A",.,"A",.,"A",.,"A"
"20153","03185661",41,0,"1",2080,"D",650,"D",195,"D",390,"D",0,"D",.,"A",.,"A",1430,"D",0,"D",.,"A",.,"A",.,"A",.,"A"
"20153","03185671",25,0,"1",1950,"D",390,"D",.,"A",650,"D",0,"D",.,"A",.,"A",1560,"D",150,"D",20,"D",260,"D",.,"A",.,"A"
"20153","03185681",16,0,"1",520,"D",130,"D",.,"A",2600,"D",0,"D",.,"A",.,"A",390,"D",0,"D",.,"A",.,"A",.,"A",.,"A"
"20153","03185692",14,0,"1",650,"D",195,"D",.,"A",975,"D",0,"D",.,"A",.,"A",455,"D",0,"D",10,"D",130,"D",.,"A",.,"A"
"20153","03185702",50,0,"1",975,"D",325,"D",.,"A",390,"D",120,"D",.,"A",.,"A",650,"D",300,"D",0,"D",0,"D",0,"D",0,"D"
"20153","03185731",29,0,"1",3250,"D",1300,"D",.,"A",780,"D",0,"D",.,"A",.,"A",1950,"D",90,"D",.,"A",.,"A",.,"A",.,"A"
"20153","03185741",21,0,"1",1820,"D",130,"D",.,"A",0,"D",6,"D",.,"A",.,"A",1690,"D",6,"D",.,"A",.,"A",.,"A",.,"A"
"20153","03185761",32,0,"1",1950,"D",325,"D",130,"D",130,"D",0,"D",.,"A",.,"A",1625,"D",0,"D",.,"A",.,"A",.,"A",.,"A"
"20153","03185791",37,0,"1",2600,"D",975,"D",.,"A",260,"D",300,"D",.,"A",33,"D",1625,"D",300,"D",.,"A",.,"A",.,"A",.,"A"
"20153","03185821",22,0,"1",455,"D",195,"D",.,"A",0,"D",0,"D",.,"A",.,"A",260,"D",0,"D",.,"A",.,"A",.,"A",.,"A"
"20153","03185841",12,0,"1",1300,"D",390,"D",.,"A",260,"D",0,"D",.,"A",.,"A",910,"D",0,"D",.,"A",.,"A",.,"A",.,"A"
"20153","03185891",23,0,"1",2275,"D",325,"D",.,"A",975,"D",0,"D",.,"A",.,"A",1950,"D",0,"D",.,"A",.,"A",.,"A",.,"A"
"20153","03185901",19,0,"1",6500,"D",1950,"D",780,"D",3900,"D",0,"D",.,"A",375,"D",4550,"D",0,"D",.,"A",.,"A",.,"A",.,"A"
"20153","03185911",43,0,"1",1040,"D",234,"D",.,"A",195,"D",0,"D",.,"A",.,"A",806,"D",45,"D",.,"A",.,"A",.,"A",.,"A"
"20153","03185924",26,0,"1",650,"D",0,"D",650,"D",1300,"D",0,"D",.,"A",.,"A",650,"D",0,"D",.,"A",.,"A",.,"A",.,"A"
"20153","03185971",44,0,"1",780,"D",0,"D",0,"D",91,"D",15,"D",.,"A",.,"A",780,"D",15,"D",.,"A",.,"A",.,"A",.,"A"
"20153","03185981",11,0,"1",1040,"D",0,"D",390,"D",0,"D",0,"D",.,"A",.,"A",1040,"D",0,"D",.,"A",.,"A",.,"A",.,"A"
"20153","03185991",44,0,"1",1300,"D",0,"D",.,"A",1300,"D",21,"D",.,"A",.,"A",1300,"D",0,"D",.,"A",.,"A",.,"A",.,"A"
"20153","03186041",25,0,"1",1950,"D",455,"D",260,"D",585,"D",0,"D",.,"A",.,"A",1495,"D",75,"D",15,"D",195,"D",.,"A",.,"A"
"20153","03186062",33,0,"1",1040,"D",130,"D",260,"D",650,"D",0,"D",.,"A",540,"D",910,"D",0,"D",.,"A",.,"A",.,"A",.,"A"
"20153","03186091",73,0,"1",3900,"D",1300,"D",.,"A",3029,"D",2400,"D",.,"A",.,"A",2600,"D",1200,"D",.,"C",449,"F",221,"D",17,"D"
"20153","03186101",26,0,"1",325,"D",39,"D",156,"D",520,"D",0,"D",.,"A",.,"A",286,"D",0,"D",20,"D",260,"D",.,"A",.,"A"
"20153","03186111",23,0,"1",5200,"D",1300,"D",650,"D",650,"D",0,"D",.,"A",.,"A",3900,"D",180,"D",84,"D",1092,"D",.,"A",.,"A"
"20153","03186121",25,0,"1",2080,"D",0,"D",.,"A",650,"D",0,"D",.,"A",.,"A",2080,"D",0,"D",.,"A",.,"A",.,"A",.,"A"
"20153","03186152",19,0,"1",1950,"D",325,"D",.,"A",520,"D",0,"D",.,"A",.,"A",1625,"D",240,"D",12,"D",156,"D",.,"A",.,"A"
"20153","03186211",23,0,"1",3575,"D",975,"D",.,"A",780,"D",210,"D",.,"A",64,"D",2600,"D",0,"D",18,"D",234,"D",78,"D",6,"D"
"20153","03186231",35,0,"1",1300,"D",193,"F",.,"A",0,"D",0,"D",.,"A",.,"A",709,"F",144,"D",.,"A",.,"A",.,"A",.,"A"
"20153","03186241",21,0,"1",390,"D",130,"D",.,"A",0,"D",0,"D",.,"A",.,"A",260,"D",0,"D",.,"A",.,"A",.,"A",.,"A"
"20153","03186251",20,0,"1",1040,"D",390,"D",.,"A",2600,"D",0,"D",.,"A",.,"A",650,"D",450,"D",.,"A",.,"A",.,"A",.,"A"
"20153","03186291",76,0,"1",1820,"D",0,"D",.,"A",650,"D",0,"D",.,"A",.,"A",1820,"D",0,"D",.,"A",.,"A",.,"A",.,"A"
"20153","03186311",41,0,"1",975,"D",91,"D",39,"D",130,"D",0,"D",.,"A",.,"A",884,"D",0,"D",30,"D",390,"D",.,"A",.,"A"
"20153","03186341",18,0,"1",1300,"D",325,"D",.,"A",325,"D",0,"D",.,"A",.,"A",975,"D",0,"D",.,"A",.,"A",.,"A",.,"A"
"20153","03186351",18,0,"1",975,"D",390,"D",.,"A",520,"D",0,"D",.,"A",.,"A",585,"D",0,"D",.,"A",.,"A",.,"A",.,"A"
"20153","03186391",24,0,"1",1950,"D",390,"D",.,"A",0,"D",0,"D",.,"A",.,"A",1560,"D",75,"D",.,"A",.,"A",.,"A",.,"A"
"20153","03186401",14,0,"1",975,"D",260,"D",.,"A",26,"D",90,"D",.,"A",.,"A",715,"D",60,"D",.,"A",.,"A",.,"A",.,"A"
"20153","03186411",20,0,"1",2600,"D",260,"D",.,"A",0,"D",0,"D",.,"A",.,"A",2340,"D",240,"D",.,"A",.,"A",.,"A",.,"A"
"20153","03186441",38,0,"1",1560,"D",0,"D",156,"D",390,"D",0,"D",.,"A",.,"A",1560,"D",0,"D",.,"A",.,"A",.,"A",.,"A"
"20153","03186471",19,0,"1",650,"D",195,"D",260,"D",0,"D",0,"D",.,"A",.,"A",455,"D",0,"D",.,"A",.,"A",.,"A",.,"A"
"20153","03186491",22,0,"1",3900,"D",650,"D",3250,"D",1300,"D",0,"D",.,"A",.,"A",3250,"D",0,"D",.,"A",.,"A",.,"A",.,"A"
"20153","03186501",29,0,"1",1300,"D",260,"D",.,"A",520,"D",0,"D",.,"A",.,"A",1040,"D",0,"D",52,"D",676,"D",.,"A",.,"A"
"20153","03186521",21,0,"1",1690,"D",445,"F",.,"A",650,"D",0,"D",.,"A",.,"A",1825,"F",240,"D",8,"D",104,"D",.,"A",.,"A"
"20153","03186531",12,0,"1",520,"D",130,"D",.,"A",65,"D",0,"D",.,"A",.,"A",390,"D",0,"D",.,"A",.,"A",156,"D",12,"D"
"20153","03186561",10,0,"1",1950,"D",260,"D",.,"A",0,"D",0,"D",.,"A",.,"A",1690,"D",0,"D",.,"A",.,"A",.,"A",.,"A"
"20153","03186574",71,0,"1",1950,"D",260,"D",.,"A",910,"D",150,"D",.,"A",80,"D",1690,"D",300,"D",.,"A",.,"A",.,"A",.,"A"
"20153","03186581",35,0,"1",1300,"D",156,"D",65,"D",156,"D",0,"D",.,"A",.,"A",1144,"D",0,"D",.,"A",.,"A",.,"A",.,"A"
"20153","03186591",41,0,"1",2600,"D",650,"D",.,"A",1560,"D",600,"D",.,"A",.,"A",1950,"D",60,"D",.,"A",.,"A",.,"A",.,"A"
"20153","03186601",38,0,"1",1560,"D",260,"D",.,"A",650,"D",60,"D",.,"A",.,"A",1300,"D",360,"D",.,"A",.,"A",468,"D",36,"D"
"20153","03186611",11,0,"1",1625,"D",585,"D",.,"A",0,"D",0,"D",.,"A",.,"A",1040,"D",0,"D",.,"A",.,"A",.,"A",.,"A"
"20153","03186641",37,0,"1",780,"D",195,"D",.,"A",520,"D",225,"D",.,"A",.,"A",585,"D",45,"D",.,"A",.,"A",.,"A",.,"A"
"20153","03186651",27,0,"1",1625,"D",325,"D",.,"A",325,"D",0,"D",.,"A",.,"A",1300,"D",0,"D",.,"A",.,"A",.,"A",.,"A"
"20153","03186701",9,0,"1",1950,"D",260,"D",.,"A",0,"D",0,"D",.,"A",.,"A",1690,"D",0,"D",.,"A",.,"A",.,"A",.,"A"
"20153","03186711",47,0,"1",2015,"D",650,"D",.,"A",1300,"D",0,"D",.,"A",120,"D",1365,"D",60,"D",.,"A",.,"A",.,"A",.,"A"
"20153","03186721",10,0,"1",130,"D",52,"D",455,"D",0,"D",0,"D",.,"A",.,"A",78,"D",60,"D",.,"A",.,"A",.,"A",.,"A"
"20153","03186731",45,0,"1",1300,"D",650,"D",505,"F",650,"D",6,"D",.,"A",.,"A",650,"D",0,"D",.,"A",.,"A",.,"A",.,"A"
"20153","03186742",5,0,"1",0,"D",.,"A",.,"A",0,"D",0,"D",.,"A",.,"A",0,"D",0,"D",.,"A",.,"A",.,"A",.,"A"
"20153","03186754",17,0,"1",520,"D",39,"D",.,"A",520,"D",0,"D",.,"A",.,"A",481,"D",0,"D",.,"A",.,"A",.,"A",.,"A"
"20153","03186765",23,0,"1",1300,"D",130,"D",.,"A",650,"D",60,"D",.,"A",.,"A",1170,"D",60,"D",.,"A",.,"A",.,"A",.,"A"
"20153","03186771",47,0,"1",1560,"D",65,"D",.,"A",65,"D",0,"D",.,"A",.,"A",1495,"D",0,"D",.,"A",.,"A",.,"A",.,"A"
"20153","03186781",38,0,"1",2340,"D",1560,"D",.,"A",650,"D",0,"D",.,"A",.,"A",780,"D",0,"D",.,"A",.,"A",.,"A",.,"A"
"20153","03186811",29,0,"1",520,"D",65,"D",819,"D",1300,"D",90,"D",.,"A",.,"A",455,"D",210,"D",.,"A",.,"A",.,"A",.,"A"
"20153","03186831",27,0,"1",1950,"D",260,"D",.,"A",975,"D",6,"D",.,"A",.,"A",1690,"D",30,"D",.,"A",.,"A",.,"A",.,"A"
"20153","03186841",31,0,"1",975,"D",130,"D",.,"A",325,"D",0,"D",.,"A",.,"A",845,"D",0,"D",.,"A",.,"A",.,"A",.,"A"
"20153","03186851",22,0,"1",650,"D",260,"D",260,"D",780,"D",0,"D",.,"A",.,"A",390,"D",0,"D",.,"A",.,"A",.,"A",.,"A"
"20153","03186864",17,0,"1",2600,"D",13,"D",.,"A",390,"D",0,"D",.,"A",.,"A",2587,"D",0,"D",.,"A",.,"A",.,"A",.,"A"
"20153","03186881",15,0,"1",1582,"F",.,"A",.,"A",0,"D",0,"D",.,"A",.,"A",1351,"F",60,"D",.,"A",.,"A",.,"A",.,"A"
"20153","03186891",19,0,"1",0,"D",.,"A",.,"A",130,"D",0,"D",.,"A",.,"A",0,"D",0,"D",.,"A",.,"A",.,"A",.,"A"
"20153","03186901",26,0,"1",1300,"D",260,"D",520,"D",1040,"D",0,"D",.,"A",.,"A",1040,"D",0,"D",.,"A",.,"A",.,"A",.,"A"
"20153","03186911",67,0,"1",2730,"D",390,"D",.,"A",975,"D",0,"D",.,"A",.,"A",2340,"D",0,"D",.,"A",.,"A",.,"A",.,"A"
"20153","03186921",22,0,"1",1560,"D",1300,"D",325,"D",1950,"D",0,"D",.,"A",.,"A",260,"D",0,"D",.,"A",.,"A",.,"A",.,"A"
"20153","03186931",29,0,"1",1300,"D",325,"D",.,"A",780,"D",0,"D",.,"A",.,"A",975,"D",0,"D",.,"A",.,"A",.,"A",.,"A"
"20153","03186941",32,0,"1",650,"D",325,"D",26,"D",325,"D",0,"D",.,"A",.,"A",325,"D",0,"D",.,"A",.,"A",.,"A",.,"A"
"20153","03186951",66,0,"1",1560,"D",390,"D",.,"A",650,"D",0,"D",.,"A",.,"A",1170,"D",0,"D",.,"A",.,"A",.,"A",.,"A"
"20153","03186961",18,0,"1",2600,"D",650,"D",260,"D",650,"D",0,"D",.,"A",.,"A",1950,"D",0,"D",.,"A",.,"A",.,"A",.,"A"
"20153","03186971",25,0,"1",650,"D",65,"D",.,"A",130,"D",0,"D",.,"A",.,"A",585,"D",0,"D",.,"A",.,"A",.,"A",.,"A"
"20153","03186981",58,0,"1",1560,"D",260,"D",.,"A",1300,"D",300,"D",600,"D",.,"A",1300,"D",0,"D",.,"A",.,"A",.,"A",.,"A"
"20153","03186991",12,0,"1",325,"D",65,"D",.,"A",0,"D",0,"D",.,"A",.,"A",260,"D",0,"D",.,"A",.,"A",.,"A",.,"A"
"20153","03187001",71,0,"1",1950,"D",0,"D",.,"A",1950,"D",300,"D",.,"A",.,"A",1950,"D",600,"D",.,"A",.,"A",.,"A",.,"A"
"20153","03187011",29,0,"1",1625,"D",260,"D",260,"D",650,"D",150,"D",.,"A",.,"A",1365,"D",270,"D",.,"A",.,"A",65,"D",5,"D"
"20153","03187041",38,0,"1",1300,"D",260,"D",130,"D",0,"D",15,"D",.,"A",.,"A",1040,"D",72,"D",.,"A",.,"A",.,"A",.,"A"
"20153","03187051",31,0,"1",1300,"D",481,"D",.,"A",520,"D",0,"D",.,"A",.,"A",819,"D",0,"D",42,"D",546,"D",.,"A",.,"A"
"20153","03187061",31,0,"1",1040,"D",390,"D",.,"A",650,"D",600,"D",.,"A",.,"A",650,"D",180,"D",.,"A",.,"A",156,"D",12,"D"
"20153","03187071",18,0,"1",780,"D",130,"D",130,"D",520,"D",60,"D",.,"A",.,"A",650,"D",60,"D",.,"A",.,"A",.,"A",.,"A"
"20153","03187081",20,0,"1",1560,"D",1040,"D",.,"A",780,"D",0,"D",.,"A",.,"A",520,"D",0,"D",.,"A",.,"A",.,"A",.,"A"
"20153","03187101",35,0,"1",4550,"D",260,"D",.,"A",2600,"D",0,"D",.,"A",80,"D",4290,"D",0,"D",.,"A",.,"A",.,"A",.,"A"
"20153","03187111",35,0,"1",1625,"D",195,"D",325,"D",520,"D",0,"D",.,"A",.,"A",1430,"D",0,"D",.,"A",.,"A",.,"A",.,"A"
"20153","03187141",22,0,"1",1300,"D",260,"D",.,"A",260,"D",0,"D",.,"A",.,"A",1040,"D",0,"D",.,"A",.,"A",.,"A",.,"A"
"20153","03187161",19,0,"1",1950,"D",325,"D",.,"A",0,"D",0,"D",.,"A",.,"A",1625,"D",45,"D",15,"D",195,"D",.,"A",.,"A"
"20153","03187191",18,0,"1",2600,"D",0,"D",130,"D",130,"D",0,"D",.,"A",.,"A",2600,"D",0,"D",20,"D",260,"D",.,"A",.,"A"
"20153","03187231",37,0,"1",1430,"D",130,"D",248,"F",2340,"D",143,"F",.,"A",.,"A",1300,"D",675,"D",.,"A",.,"A",.,"A",.,"A"
"20153","03187243",19,0,"1",1690,"D",520,"D",.,"A",0,"D",0,"D",.,"A",.,"A",1170,"D",60,"D",.,"A",.,"A",.,"A",.,"A"
"20153","03187301",16,0,"1",650,"D",65,"D",.,"A",130,"D",0,"D",.,"A",.,"A",585,"D",42,"D",7,"D",91,"D",.,"A",.,"A"
"20153","03187311",7,0,"1",1040,"D",130,"D",.,"A",260,"D",0,"D",.,"A",.,"A",910,"D",0,"D",.,"A",.,"A",.,"A",.,"A"
"20153","03187361",14,0,"1",390,"D",39,"D",.,"A",0,"D",0,"D",.,"A",.,"A",351,"D",450,"D",.,"A",.,"A",.,"A",.,"A"
"20153","03187371",21,0,"1",1560,"D",260,"D",.,"A",0,"D",0,"D",.,"A",.,"A",1300,"D",36,"D",.,"A",.,"A",.,"A",.,"A"
"20153","03187381",21,0,"1",1950,"D",0,"D",650,"D",1300,"D",0,"D",.,"A",.,"A",1950,"D",90,"D",.,"A",.,"A",.,"A",.,"A"
"20153","03187391",18,0,"1",650,"D",65,"D",.,"A",0,"D",0,"D",.,"A",.,"A",585,"D",0,"D",.,"A",.,"A",.,"A",.,"A"
"20153","03187401",19,0,"1",780,"D",104,"D",.,"A",0,"D",0,"D",.,"A",.,"A",676,"D",0,"D",.,"A",.,"A",.,"A",.,"A"
"20153","03187421",52,0,"1",2600,"D",520,"D",260,"D",2080,"D",0,"D",.,"A",.,"A",2080,"D",90,"D",30,"D",390,"D",.,"A",.,"A"
"20153","03187431",21,0,"1",1950,"D",130,"D",.,"A",520,"D",0,"D",.,"A",.,"A",1820,"D",75,"D",.,"A",.,"A",.,"A",.,"A"
"20153","03187441",55,0,"1",2600,"D",325,"D",520,"D",1300,"D",30,"D",.,"A",106,"D",2275,"D",30,"D",.,"A",.,"A",.,"A",.,"A"
"20153","03187451",17,0,"1",1950,"D",130,"D",.,"A",1300,"D",120,"D",.,"A",.,"A",1820,"D",120,"D",.,"A",.,"A",.,"A",.,"A"
"20153","03187461",16,0,"1",650,"D",130,"D",.,"A",0,"D",0,"D",.,"A",.,"A",520,"D",0,"D",40,"D",520,"D",.,"A",.,"A"
"20153","03187511",21,0,"1",1300,"D",260,"D",.,"A",390,"D",0,"D",.,"A",.,"A",1040,"D",90,"D",.,"A",.,"A",.,"A",.,"A"
"20153","03187521",37,0,"1",3250,"D",1625,"D",.,"A",650,"D",0,"D",.,"A",80,"D",1625,"D",600,"D",30,"D",390,"D",.,"A",.,"A"
"20153","03187531",31,0,"1",650,"D",65,"D",.,"A",650,"D",0,"D",.,"A",.,"A",585,"D",0,"D",.,"A",.,"A",.,"A",.,"A"
"20153","03187541",21,0,"1",2080,"D",130,"D",130,"D",0,"D",0,"D",.,"A",.,"A",1950,"D",0,"D",.,"A",.,"A",.,"A",.,"A"
"20153","03187551",55,0,"1",1560,"D",0,"D",130,"D",780,"D",0,"D",.,"A",.,"A",1560,"D",0,"D",.,"A",.,"A",.,"A",.,"A"
"20153","03187561",21,0,"1",1560,"D",260,"D",.,"A",650,"D",0,"D",.,"A",.,"A",1300,"D",0,"D",.,"A",.,"A",.,"A",.,"A"
"20153","03187571",14,0,"1",780,"D",390,"D",.,"A",260,"D",0,"D",.,"A",.,"A",390,"D",60,"D",20,"D",260,"D",.,"A",.,"A"
"20153","03187601",45,0,"1",1950,"D",650,"D",.,"A",0,"D",0,"D",.,"A",.,"A",1300,"D",0,"D",.,"A",.,"A",.,"A",.,"A"
"20153","03187621",20,0,"1",910,"D",91,"D",.,"A",0,"D",0,"D",.,"A",.,"A",819,"D",0,"D",.,"A",.,"A",.,"A",.,"A"
"20153","03187641",26,0,"1",1300,"D",650,"D",.,"A",520,"D",0,"D",.,"A",.,"A",650,"D",0,"D",.,"A",.,"A",.,"A",.,"A"
"20153","03187671",26,0,"1",764,"F",.,"A",.,"A",0,"D",0,"D",.,"A",.,"A",623,"F",82,"F",.,"A",.,"A",65,"D",5,"D"
"20153","03187691",35,0,"1",2600,"D",650,"D",.,"A",2600,"D",90,"D",.,"A",.,"A",1950,"D",480,"D",120,"D",1560,"D",.,"A",.,"A"
"20153","03187701",20,0,"1",1300,"D",520,"D",.,"A",260,"D",0,"D",.,"A",.,"A",780,"D",33,"D",25,"D",325,"D",78,"D",6,"D"
"20153","03187781",33,0,"1",1300,"D",195,"D",.,"A",568,"F",0,"D",.,"A",.,"A",1105,"D",0,"D",.,"A",.,"A",.,"A",.,"A"
"20153","03187791",39,0,"1",650,"D",130,"D",.,"A",195,"D",0,"D",.,"A",.,"A",520,"D",0,"D",.,"A",.,"A",.,"A",.,"A"
"20153","03187801",18,0,"1",650,"D",260,"D",.,"A",130,"D",0,"D",.,"A",.,"A",390,"D",0,"D",6,"D",78,"D",.,"A",.,"A"
"20153","03187811",29,0,"1",1300,"D",260,"D",.,"A",130,"D",45,"D",.,"A",.,"A",1040,"D",150,"D",40,"D",520,"D",.,"A",.,"A"
"20153","03187871",34,0,"1",1300,"D",130,"D",.,"A",650,"D",0,"D",.,"A",.,"A",1170,"D",150,"D",42,"D",546,"D",.,"A",.,"A"
"20153","03187901",44,0,"1",2600,"D",650,"D",260,"D",1040,"D",0,"D",.,"A",.,"A",1950,"D",150,"D",.,"A",.,"A",.,"A",.,"A"
"20153","03187921",28,0,"1",1950,"D",260,"D",.,"A",390,"D",0,"D",.,"A",.,"A",1690,"D",45,"D",.,"A",.,"A",.,"A",.,"A"
"20153","03187951",31,0,"1",1950,"D",260,"D",.,"A",390,"D",133,"F",.,"A",.,"A",1690,"D",192,"F",68,"D",884,"D",.,"A",.,"A"
"20153","03187961",9,0,"1",975,"D",0,"D",.,"A",0,"D",0,"D",.,"A",.,"A",975,"D",0,"D",12,"D",156,"D",52,"D",4,"D"
"20153","03187971",36,0,"1",1300,"D",130,"D",.,"A",845,"D",45,"D",.,"A",.,"A",1170,"D",30,"D",.,"A",.,"A",.,"A",.,"A"
"20153","03187991",64,0,"1",1950,"D",325,"D",65,"D",2600,"D",150,"D",.,"A",.,"A",1625,"D",240,"D",.,"A",.,"A",.,"A",.,"A"
"20153","03188001",31,0,"1",3900,"D",130,"D",.,"A",325,"D",0,"D",.,"A",.,"A",3770,"D",0,"D",.,"A",.,"A",.,"A",.,"A"
"20153","03188011",16,0,"1",2249,"D",260,"D",.,"A",6500,"D",600,"D",.,"A",.,"A",1989,"D",300,"D",.,"A",.,"A",.,"A",.,"A"
"20153","03188021",24,0,"1",1300,"D",130,"D",.,"A",260,"D",0,"D",.,"A",.,"A",1170,"D",0,"D",.,"A",.,"A",.,"A",.,"A"
"20153","03188051",19,0,"1",650,"D",130,"D",325,"D",650,"D",0,"D",.,"A",.,"A",520,"D",0,"D",.,"A",.,"A",.,"A",.,"A"
"20153","03188061",70,0,"1",1300,"D",390,"D",.,"A",1560,"D",150,"D",.,"A",.,"A",910,"D",300,"D",7,"D",91,"D",.,"A",.,"A"
"20153","03188071",38,0,"1",1300,"D",0,"D",1950,"D",3120,"D",0,"D",.,"A",.,"A",1300,"D",90,"D",.,"A",.,"A",.,"A",.,"A"
"20153","03188101",30,0,"1",2600,"D",520,"D",.,"A",195,"D",0,"D",.,"A",.,"A",2080,"D",0,"D",.,"A",.,"A",.,"A",.,"A"
"20153","03188111",35,0,"1",1950,"D",975,"D",65,"D",1300,"D",0,"D",.,"A",105,"D",975,"D",90,"D",.,"A",.,"A",.,"A",.,"A"
"20153","03188131",15,0,"1",1300,"D",130,"D",.,"A",260,"D",0,"D",.,"A",.,"A",1170,"D",0,"D",.,"A",.,"A",.,"A",.,"A"
"20153","03188151",30,0,"1",1443,"F",.,"A",.,"A",1950,"D",75,"D",.,"A",.,"A",1154,"F",15,"D",.,"A",.,"A",.,"A",.,"A"
"20153","03188161",21,0,"1",1625,"D",390,"D",.,"A",130,"D",30,"D",.,"A",.,"A",1235,"D",0,"D",40,"D",520,"D",.,"A",.,"A"
"20153","03188221",10,0,"1",650,"D",0,"D",.,"A",0,"D",0,"D",.,"A",.,"A",650,"D",0,"D",.,"A",.,"A",.,"A",.,"A"
"20153","03188231",21,0,"1",845,"D",65,"D",.,"A",0,"D",0,"D",.,"A",.,"A",780,"D",0,"D",.,"A",.,"A",.,"A",.,"A"
"20153","03188251",31,0,"1",1300,"D",260,"D",.,"A",0,"D",0,"D",.,"A",.,"A",1040,"D",0,"D",.,"A",.,"A",.,"A",.,"A"
"20153","03188261",12,0,"1",650,"D",0,"D",.,"A",0,"D",0,"D",.,"A",.,"A",650,"D",0,"D",40,"D",520,"D",.,"A",.,"A"
"20153","03188271",32,0,"1",1950,"D",975,"D",.,"A",799,"F",127,"F",.,"A",.,"A",975,"D",3,"D",.,"A",.,"A",.,"A",.,"A"
"20153","03188281",24,0,"1",1170,"D",130,"D",.,"A",2210,"D",0,"D",.,"A",.,"A",1040,"D",300,"D",10,"D",130,"D",.,"A",.,"A"
"20153","03188291",30,0,"1",2600,"D",650,"D",.,"A",390,"D",90,"D",.,"A",0,"D",1950,"D",0,"D",75,"D",975,"D",.,"A",.,"A"
"20153","03188301",25,0,"1",1300,"D",130,"D",.,"A",0,"D",0,"D",.,"A",.,"A",1170,"D",0,"D",.,"A",.,"A",.,"A",.,"A"
"20153","03188321",18,0,"1",650,"D",65,"D",.,"A",0,"D",0,"D",.,"A",.,"A",585,"D",0,"D",20,"D",260,"D",.,"A",.,"A"
"20153","03188351",34,0,"1",3575,"D",390,"D",130,"D",455,"D",480,"D",.,"A",.,"A",3185,"D",0,"D",27,"D",351,"D",455,"D",35,"D"
"20153","03188361",39,0,"1",910,"D",65,"D",.,"A",910,"D",150,"D",.,"A",.,"A",845,"D",90,"D",.,"A",.,"A",.,"A",.,"A"
"20153","03188371",31,0,"1",260,"D",52,"D",.,"A",1638,"D",420,"D",.,"A",.,"A",208,"D",0,"D",.,"A",.,"A",.,"A",.,"A"
"20153","03188381",17,0,"1",2600,"D",910,"D",.,"A",0,"D",0,"D",.,"A",.,"A",1690,"D",0,"D",.,"A",.,"A",.,"A",.,"A"
"20153","03188391",13,0,"1",910,"D",130,"D",.,"A",0,"D",0,"D",.,"A",.,"A",780,"D",0,"D",.,"A",.,"A",65,"D",5,"D"
"20153","03188401",36,0,"1",1300,"D",130,"D",520,"D",0,"D",0,"D",.,"A",54,"D",1170,"D",60,"D",.,"A",.,"A",.,"A",.,"A"
"20153","03188421",14,0,"1",650,"D",130,"D",.,"A",0,"D",0,"D",.,"A",.,"A",520,"D",0,"D",15,"D",195,"D",.,"A",.,"A"
"20153","03188431",15,0,"1",1170,"D",390,"D",.,"A",0,"D",0,"D",.,"A",.,"A",780,"D",9,"D",80,"D",1040,"D",.,"A",.,"A"
"20153","03188481",29,0,"1",975,"D",390,"D",.,"A",1560,"D",0,"D",.,"A",.,"A",585,"D",0,"D",.,"A",.,"A",.,"A",.,"A"
"20153","03188491",15,0,"1",650,"D",130,"D",130,"D",0,"D",0,"D",.,"A",.,"A",520,"D",0,"D",.,"A",.,"A",.,"A",.,"A"
"20153","03188501",34,0,"1",1755,"D",195,"D",.,"A",390,"D",0,"D",.,"A",.,"A",1560,"D",0,"D",.,"A",.,"A",.,"A",.,"A"
"20153","03188511",23,0,"1",650,"D",0,"D",.,"A",0,"D",30,"D",.,"A",.,"A",650,"D",0,"D",.,"A",.,"A",.,"A",.,"A"
"20153","03188531",25,0,"1",1040,"D",130,"D",.,"A",455,"D",60,"D",.,"A",.,"A",910,"D",0,"D",.,"A",.,"A",.,"A",.,"A"
"20153","03188541",56,0,"1",2600,"D",260,"D",260,"D",1300,"D",90,"D",.,"A",.,"A",2340,"D",30,"D",.,"A",.,"A",390,"D",30,"D"
"20153","03188561",29,0,"1",520,"D",260,"D",.,"A",975,"D",42,"D",.,"A",.,"A",260,"D",45,"D",.,"A",.,"A",.,"A",.,"A"
"20153","03188581",49,0,"1",1950,"D",650,"D",130,"D",2600,"D",150,"D",.,"A",.,"A",1300,"D",150,"D",.,"A",.,"A",.,"A",.,"A"
"20153","03188601",32,0,"1",1300,"D",390,"D",130,"D",910,"D",150,"D",.,"A",.,"A",910,"D",210,"D",.,"A",.,"A",.,"A",.,"A"
"20153","03188611",85,0,"1",1625,"D",130,"D",39,"D",117,"D",0,"D",.,"A",.,"A",1495,"D",0,"D",.,"A",.,"A",.,"A",.,"A"
"20153","03188631",24,0,"1",650,"D",325,"D",.,"A",650,"D",0,"D",.,"A",.,"A",325,"D",0,"D",5,"D",65,"D",.,"A",.,"A"
"20153","03188651",31,0,"1",975,"D",260,"D",650,"D",650,"D",0,"D",.,"A",220,"D",715,"D",0,"D",.,"A",.,"A",.,"A",.,"A"
"20153","03188661",51,0,"1",1950,"D",390,"D",.,"A",650,"D",18,"D",.,"A",.,"A",1560,"D",60,"D",.,"A",.,"A",.,"A",.,"A"
"20153","03188681",17,0,"1",1300,"D",325,"D",195,"D",650,"D",0,"D",.,"A",.,"A",975,"D",0,"D",.,"A",.,"A",.,"A",.,"A"
"20153","03188701",55,0,"1",1300,"D",260,"D",130,"D",1300,"D",240,"D",.,"A",.,"A",1040,"D",60,"D",.,"A",.,"A",.,"A",.,"A"
"20153","03188751",34,0,"1",1300,"D",260,"D",.,"A",169,"D",6,"D",.,"A",.,"A",1040,"D",6,"D",.,"A",.,"A",.,"A",.,"A"
"20153","03188763",22,0,"1",520,"D",195,"D",260,"D",325,"D",120,"D",.,"A",.,"A",325,"D",90,"D",.,"A",.,"A",.,"A",.,"A"
"20153","03188781",32,0,"1",1690,"D",910,"D",.,"A",0,"D",0,"D",.,"A",.,"A",780,"D",60,"D",.,"A",.,"A",.,"A",.,"A"
"20153","03188791",42,0,"1",780,"D",130,"D",195,"D",260,"D",0,"D",.,"A",.,"A",650,"D",0,"D",.,"A",.,"A",.,"A",.,"A"
"20153","03188811",10,0,"1",741,"D",195,"D",.,"A",78,"D",0,"D",.,"A",.,"A",546,"D",0,"D",21,"D",273,"D",.,"A",.,"A"
"20153","03188861",37,0,"1",2015,"D",195,"D",.,"A",390,"D",0,"D",.,"A",.,"A",1820,"D",75,"D",70,"D",910,"D",.,"A",.,"A"
"20153","03188881",27,0,"1",1950,"D",260,"D",.,"A",390,"D",0,"D",.,"A",.,"A",1690,"D",0,"D",.,"A",.,"A",.,"A",.,"A"
"20153","03188901",19,0,"1",1950,"D",650,"D",.,"A",0,"D",0,"D",.,"A",.,"A",1300,"D",0,"D",.,"A",.,"A",.,"A",.,"A"
"20153","03188961",27,0,"1",6500,"D",1300,"D",390,"D",234,"D",0,"D",.,"A",.,"A",5200,"D",0,"D",.,"A",.,"A",.,"A",.,"A"
"20153","03188971",24,0,"1",1625,"D",65,"D",.,"A",260,"D",15,"D",.,"A",.,"A",1560,"D",15,"D",.,"A",.,"A",.,"A",.,"A"
"20153","03189011",27,0,"1",520,"D",299,"F",.,"A",0,"D",0,"D",.,"A",.,"A",1351,"F",0,"D",.,"A",.,"A",.,"A",.,"A"
"20153","03189025",28,0,"1",2600,"D",335,"F",.,"A",1300,"D",162,"F",.,"A",.,"A",1315,"F",150,"D",.,"A",.,"A",.,"A",.,"A"
"20153","03189031",44,0,"1",1950,"D",650,"D",130,"D",195,"D",60,"D",.,"A",100,"D",1300,"D",30,"D",.,"A",.,"A",.,"A",.,"A"
"20153","03189041",27,0,"1",910,"D",260,"D",.,"A",39,"D",0,"D",.,"A",.,"A",650,"D",0,"D",.,"A",.,"A",.,"A",.,"A"
"20153","03189051",13,0,"1",1930,"F",.,"A",.,"A",780,"D",0,"D",.,"A",.,"A",1558,"F",0,"D",.,"A",.,"A",.,"A",.,"A"
"20153","03189071",39,0,"1",3900,"D",390,"D",780,"D",260,"D",0,"D",.,"A",.,"A",3510,"D",0,"D",.,"A",.,"A",.,"A",.,"A"
"20153","03189081",20,0,"1",1300,"D",445,"F",.,"A",0,"D",0,"D",.,"A",.,"A",1825,"F",300,"D",.,"A",.,"A",260,"D",20,"D"
"20153","03189101",21,0,"1",1300,"D",520,"D",.,"A",0,"D",0,"D",.,"A",.,"A",780,"D",0,"D",140,"D",1820,"D",.,"A",.,"A"
"20153","03189131",66,0,"1",1950,"D",260,"D",390,"D",1300,"D",0,"D",.,"A",.,"A",1690,"D",90,"D",.,"A",.,"A",.,"A",.,"A"
"20153","03189141",22,0,"1",1690,"D",780,"D",.,"A",0,"D",0,"D",.,"A",.,"A",910,"D",18,"D",55,"D",715,"D",.,"A",.,"A"
"20153","03189151",85,0,"1",6500,"D",1625,"D",366,"F",3900,"D",600,"D",.,"A",.,"A",4875,"D",150,"D",.,"A",.,"A",.,"A",.,"A"
"20153","03189171",35,0,"1",2470,"D",520,"D",.,"A",1365,"D",0,"D",195,"D",480,"D",1950,"D",0,"D",.,"A",.,"A",.,"A",.,"A"
"20153","03189181",28,0,"1",2600,"D",650,"D",.,"A",1950,"D",150,"D",.,"A",.,"A",1950,"D",60,"D",.,"A",.,"A",.,"A",.,"A"
"20153","03189191",70,0,"1",2600,"D",650,"D",65,"D",650,"D",120,"D",.,"A",.,"A",1950,"D",240,"D",35,"D",455,"D",455,"D",35,"D"
"20153","03189201",7,0,"1",520,"D",0,"D",.,"A",0,"D",0,"D",.,"A",.,"A",520,"D",0,"D",.,"A",.,"A",.,"A",.,"A"
"20153","03189211",26,0,"1",1300,"D",325,"D",.,"A",130,"D",0,"D",.,"A",.,"A",975,"D",0,"D",.,"A",.,"A",.,"A",.,"A"
"20153","03189231",35,0,"1",1300,"D",65,"D",260,"D",325,"D",0,"D",.,"A",.,"A",1235,"D",0,"D",.,"A",.,"A",.,"A",.,"A"
"20153","03189261",46,0,"1",1950,"D",390,"D",195,"D",780,"D",150,"D",.,"A",.,"A",1560,"D",75,"D",.,"A",.,"A",.,"A",.,"A"
"20153","03189271",19,0,"1",1300,"D",195,"D",.,"A",1300,"D",60,"D",.,"A",.,"A",1105,"D",75,"D",.,"A",.,"A",.,"A",.,"A"
"20153","03189281",8,0,"1",650,"D",0,"D",130,"D",0,"D",0,"D",.,"A",.,"A",650,"D",0,"D",.,"A",.,"A",.,"A",.,"A"
"20153","03189311",19,0,"1",1625,"D",260,"D",.,"A",520,"D",0,"D",.,"A",.,"A",1365,"D",0,"D",.,"A",.,"A",.,"A",.,"A"
"20153","03189331",13,0,"1",780,"D",130,"D",325,"D",520,"D",0,"D",.,"A",.,"A",650,"D",0,"D",.,"A",.,"A",.,"A",.,"A"
"20153","03189341",17,0,"1",3250,"D",260,"D",.,"A",260,"D",45,"D",.,"A",.,"A",2990,"D",135,"D",.,"A",.,"A",.,"A",.,"A"
"20153","03189361",26,0,"1",1300,"D",260,"D",.,"A",0,"D",0,"D",.,"A",.,"A",1040,"D",0,"D",.,"A",.,"A",.,"A",.,"A"
"20153","03189371",20,0,"1",1950,"D",445,"F",407,"F",0,"D",0,"D",.,"A",.,"A",1438,"F",0,"D",.,"C",511,"F",.,"A",.,"A"
"20153","03189391",54,0,"1",1625,"D",325,"D",.,"A",975,"D",0,"D",.,"A",.,"A",1300,"D",150,"D",.,"A",.,"A",.,"A",.,"A"
"20153","03189401",45,0,"1",780,"D",0,"D",.,"A",650,"D",0,"D",.,"A",.,"A",780,"D",120,"D",.,"A",.,"A",.,"A",.,"A"
"20153","03189421",34,0,"1",1170,"D",0,"D",.,"A",104,"D",0,"D",.,"A",.,"A",1170,"D",0,"D",.,"A",.,"A",.,"A",.,"A"
"20153","03189431",17,0,"1",390,"D",39,"D",.,"A",0,"D",0,"D",.,"A",.,"A",351,"D",0,"D",.,"A",.,"A",65,"D",5,"D"
"20153","03189451",34,0,"1",520,"D",130,"D",.,"A",195,"D",0,"D",.,"A",.,"A",390,"D",0,"D",.,"A",.,"A",.,"A",.,"A"
"20153","03189491",15,0,"1",2600,"D",1300,"D",.,"A",845,"D",0,"D",.,"A",.,"A",1300,"D",0,"D",.,"A",.,"A",.,"A",.,"A"
"20153","03189501",16,0,"1",2275,"D",0,"D",260,"D",494,"D",120,"D",.,"A",.,"A",2275,"D",0,"D",.,"A",.,"A",.,"A",.,"A"
"20153","03189515",17,0,"1",1690,"D",390,"D",.,"A",1040,"D",0,"D",.,"A",.,"A",1300,"D",0,"D",.,"A",.,"A",.,"A",.,"A"
"20153","03189531",9,0,"1",1300,"D",390,"D",390,"D",0,"D",90,"D",.,"A",.,"A",910,"D",105,"D",30,"D",390,"D",.,"A",.,"A"
"20153","03189551",46,0,"1",1300,"D",325,"D",325,"D",975,"D",6,"D",.,"A",.,"A",975,"D",6,"D",.,"A",.,"A",.,"A",.,"A"
"20153","03189561",34,0,"1",2600,"D",0,"D",325,"D",650,"D",180,"D",.,"A",.,"A",2600,"D",60,"D",.,"A",.,"A",.,"A",.,"A"
"20153","03189581",35,0,"1",1300,"D",0,"D",.,"A",1040,"D",0,"D",.,"A",.,"A",1300,"D",60,"D",.,"A",.,"A",195,"D",15,"D"
"20153","03189621",31,0,"1",1300,"D",195,"D",.,"A",520,"D",0,"D",.,"A",105,"D",1105,"D",0,"D",.,"A",.,"A",.,"A",.,"A"
"20153","03189631",30,0,"1",1560,"D",195,"D",.,"A",650,"D",6,"D",.,"A",.,"A",1365,"D",6,"D",.,"A",.,"A",.,"A",.,"A"
"20153","03189661",20,0,"1",2600,"D",650,"D",287,"F",390,"D",0,"D",.,"A",.,"A",1950,"D",0,"D",.,"A",.,"A",.,"A",.,"A"
"20153","03189691",77,0,"1",1248,"D",195,"D",156,"D",182,"D",48,"D",.,"A",.,"A",1053,"D",450,"D",.,"A",.,"A",.,"A",.,"A"
"20153","03189711",22,0,"1",650,"D",91,"D",.,"A",1950,"D",150,"D",.,"A",.,"A",559,"D",0,"D",.,"A",.,"A",.,"A",.,"A"
"20153","03189721",40,0,"1",2275,"D",0,"D",.,"A",520,"D",0,"D",.,"A",.,"A",2275,"D",45,"D",.,"A",.,"A",.,"A",.,"A"
"20153","03189755",19,0,"1",1204,"F",.,"A",.,"A",449,"F",0,"D",.,"A",.,"A",976,"F",36,"D",.,"A",.,"A",.,"A",.,"A"
"20153","03189771",28,0,"1",2275,"D",442,"D",.,"A",715,"D",6,"D",.,"A",.,"A",1833,"D",6,"D",.,"A",.,"A",.,"A",.,"A"
"20153","03189781",14,0,"1",1625,"D",0,"D",.,"A",0,"D",0,"D",.,"A",.,"A",1625,"D",15,"D",.,"A",.,"A",.,"A",.,"A"
"20153","03189791",31,0,"1",455,"D",65,"D",130,"D",0,"D",0,"D",.,"A",.,"A",390,"D",105,"D",15,"D",195,"D",.,"A",.,"A"
"20153","03189805",49,0,"1",1950,"D",650,"D",390,"D",390,"D",0,"D",.,"A",.,"A",1300,"D",0,"D",.,"A",.,"A",.,"A",.,"A"
"20153","03189811",27,0,"1",2232,"F",.,"A",.,"A",799,"F",0,"D",.,"A",.,"A",1866,"F",0,"D",.,"A",.,"A",.,"A",.,"A"
"20153","03189822",26,0,"1",1950,"D",65,"D",.,"A",0,"D",0,"D",.,"A",.,"A",1885,"D",0,"D",.,"A",.,"A",.,"A",.,"A"
"20153","03189831",22,0,"1",1827,"F",.,"A",.,"A",835,"F",127,"F",.,"A",.,"A",1438,"F",194,"F",.,"A",.,"A",.,"A",.,"A"
"20153","03189841",17,0,"1",1495,"D",325,"D",.,"A",799,"F",127,"F",.,"A",.,"A",1170,"D",120,"F",.,"A",.,"A",.,"A",.,"A"
"20153","03189851",17,0,"1",260,"D",0,"D",.,"A",0,"D",0,"D",.,"A",.,"A",260,"D",0,"D",.,"A",.,"A",.,"A",.,"A"
"20153","03189871",24,0,"1",1430,"D",650,"D",.,"A",2990,"D",360,"D",.,"A",.,"A",780,"D",180,"D",.,"A",.,"A",.,"A",.,"A"
"20153","03189911",23,0,"1",1561,"F",.,"A",.,"A",0,"D",0,"D",.,"A",.,"A",1315,"F",175,"F",.,"A",.,"A",.,"A",.,"A"
"20153","03189921",44,0,"1",1625,"D",260,"D",.,"A",650,"D",0,"D",.,"A",80,"D",1365,"D",0,"D",.,"A",.,"A",.,"A",.,"A"
"20153","03189931",19,0,"1",650,"D",130,"D",.,"A",325,"D",0,"D",.,"A",.,"A",520,"D",0,"D",.,"A",.,"A",.,"A",.,"A"
"20153","03189951",37,0,"1",1950,"D",650,"D",.,"A",0,"D",0,"D",.,"A",60,"D",1300,"D",90,"D",.,"A",.,"A",.,"A",.,"A"
"20153","03189961",23,0,"1",1950,"D",390,"D",.,"A",0,"D",0,"D",.,"A",.,"A",1560,"D",60,"D",.,"A",.,"A",.,"A",.,"A"
"20153","03189981",24,0,"1",3250,"D",1300,"D",.,"A",1300,"D",0,"D",.,"A",.,"A",1950,"D",0,"D",.,"A",.,"A",.,"A",.,"A"
"20153","03190003",13,0,"1",1430,"D",520,"D",.,"A",520,"D",0,"D",.,"A",.,"A",910,"D",0,"D",.,"A",.,"A",.,"A",.,"A"
"20153","03190011",21,0,"1",1560,"D",260,"D",.,"A",0,"D",0,"D",.,"A",.,"A",1300,"D",60,"D",.,"A",.,"A",.,"A",.,"A"
"20153","03190021",20,0,"1",1950,"D",390,"D",.,"A",0,"D",0,"D",.,"A",.,"A",1560,"D",0,"D",.,"A",.,"A",.,"A",.,"A"
"20153","03190031",33,0,"1",780,"D",130,"D",.,"A",585,"D",60,"D",.,"A",.,"A",650,"D",60,"D",.,"A",.,"A",.,"A",.,"A"
"20153","03190061",21,0,"1",3640,"D",195,"D",65,"D",195,"D",0,"D",.,"A",.,"A",3445,"D",0,"D",.,"A",.,"A",.,"A",.,"A"
"20153","03190071",14,0,"1",1300,"D",130,"D",.,"A",390,"D",143,"F",.,"A",.,"A",1170,"D",144,"F",.,"A",.,"A",.,"A",.,"A"
"20153","03190082",24,0,"1",390,"D",65,"D",.,"A",260,"D",0,"D",.,"A",.,"A",325,"D",0,"D",.,"A",.,"A",.,"A",.,"A"
"20153","03190091",6,0,"1",1560,"D",0,"D",.,"A",0,"D",0,"D",.,"A",.,"A",1560,"D",0,"D",.,"A",.,"A",.,"A",.,"A"
"20153","03190101",25,0,"1",2600,"D",520,"D",520,"D",0,"D",0,"D",.,"A",.,"A",2080,"D",0,"D",10,"D",130,"D",.,"A",.,"A"
"20153","03190121",36,0,"1",1456,"D",130,"D",.,"A",234,"D",0,"D",.,"A",.,"A",1326,"D",54,"D",.,"A",.,"A",.,"A",.,"A"
"20153","03190141",27,0,"1",1300,"D",130,"D",260,"D",1300,"D",225,"D",.,"A",.,"A",1170,"D",300,"D",25,"D",325,"D",.,"A",.,"A"
"20153","03190151",18,0,"1",1690,"D",130,"D",.,"A",650,"D",0,"D",.,"A",.,"A",1560,"D",0,"D",.,"A",.,"A",.,"A",.,"A"
"20153","03190161",56,0,"1",3250,"D",0,"D",.,"A",910,"D",0,"D",.,"A",.,"A",3250,"D",0,"D",.,"A",.,"A",65,"D",5,"D"
"20153","03190171",21,0,"1",650,"D",260,"D",.,"A",390,"D",30,"D",.,"A",.,"A",390,"D",30,"D",30,"D",390,"D",.,"A",.,"A"
"20153","03190181",36,0,"1",1300,"D",260,"D",.,"A",260,"D",0,"D",.,"A",20,"D",1040,"D",90,"D",.,"A",.,"A",.,"A",.,"A"
"20153","03190191",12,0,"1",1300,"D",195,"D",.,"A",0,"D",0,"D",.,"A",.,"A",1105,"D",0,"D",20,"D",260,"D",.,"A",.,"A"
"20153","03190201",6,0,"1",325,"D",65,"D",.,"A",0,"D",0,"D",.,"A",.,"A",260,"D",0,"D",.,"A",.,"A",.,"A",.,"A"
"20153","03190211",29,0,"1",1950,"D",130,"D",.,"A",1950,"D",300,"D",.,"A",.,"A",1820,"D",150,"D",.,"A",.,"A",.,"A",.,"A"
"20153","03190231",19,0,"1",325,"D",65,"D",.,"A",650,"D",0,"D",.,"A",.,"A",260,"D",0,"D",.,"A",.,"A",.,"A",.,"A"
"20153","03190241",25,0,"1",455,"D",65,"D",.,"A",260,"D",0,"D",.,"A",.,"A",390,"D",0,"D",35,"D",455,"D",.,"A",.,"A"
"20153","03190251",30,0,"1",1950,"D",325,"D",.,"A",1430,"D",120,"D",.,"A",.,"A",1625,"D",300,"D",36,"D",468,"D",.,"A",.,"A"
"20153","03190272",28,0,"1",1300,"D",130,"D",.,"A",390,"D",30,"D",.,"A",.,"A",1170,"D",150,"D",.,"A",.,"A",.,"A",.,"A"
"20153","03190281",22,0,"1",2600,"D",445,"F",.,"A",0,"D",6,"D",.,"A",.,"A",1438,"F",300,"D",.,"A",.,"A",.,"A",.,"A"
"20153","03190305",24,0,"1",169,"D",0,"D",.,"A",1300,"D",0,"D",.,"A",.,"A",169,"D",0,"D",.,"A",.,"A",.,"A",.,"A"
"20153","03190331",27,0,"1",1300,"D",195,"D",.,"A",650,"D",75,"D",.,"A",.,"A",1105,"D",60,"D",.,"A",.,"A",.,"A",.,"A"
"20153","03190343",24,0,"1",650,"D",211,"F",.,"A",390,"D",90,"D",.,"A",.,"A",741,"F",0,"D",.,"A",.,"A",.,"A",.,"A"
"20153","03190351",31,0,"1",1560,"D",0,"D",130,"D",130,"D",0,"D",.,"A",.,"A",1560,"D",0,"D",50,"D",650,"D",.,"A",.,"A"
"20153","03190371",11,0,"1",715,"D",65,"D",.,"A",520,"D",0,"D",.,"A",.,"A",650,"D",0,"D",.,"A",.,"A",260,"D",20,"D"
"20153","03190385",40,0,"1",975,"D",39,"D",910,"D",1300,"D",225,"D",.,"A",.,"A",936,"D",225,"D",.,"A",.,"A",.,"A",.,"A"
"20153","03190391",17,0,"1",650,"D",65,"D",.,"A",0,"D",0,"D",.,"A",.,"A",585,"D",0,"D",.,"A",.,"A",.,"A",.,"A"
"20153","03190411",34,0,"1",260,"D",130,"D",.,"A",520,"D",0,"D",.,"A",.,"A",130,"D",0,"D",.,"A",.,"A",.,"A",.,"A"
"20153","03190421",7,0,"1",910,"D",130,"D",.,"A",650,"D",0,"D",.,"A",.,"A",780,"D",0,"D",.,"A",.,"A",.,"A",.,"A"
"20153","03190431",17,0,"1",650,"D",130,"D",.,"A",650,"D",0,"D",.,"A",.,"A",520,"D",0,"D",25,"D",325,"D",.,"A",.,"A"
"20153","03190441",77,0,"1",1794,"D",338,"D",.,"A",884,"D",0,"D",.,"A",177,"F",1456,"D",15,"D",.,"A",.,"A",.,"A",.,"A"
"20153","03190451",21,0,"1",780,"D",130,"D",.,"A",0,"D",0,"D",.,"A",.,"A",650,"D",0,"D",.,"A",.,"A",.,"A",.,"A"
"20153","03190465",13,0,"1",9100,"D",728,"D",.,"A",195,"D",0,"D",.,"A",.,"A",8372,"D",120,"D",27,"D",351,"D",.,"A",.,"A"
"20153","03190471",16,0,"1",975,"D",130,"D",.,"A",390,"D",60,"D",.,"A",.,"A",845,"D",90,"D",.,"A",.,"A",.,"A",.,"A"
"20153","03190501",24,0,"1",234,"D",130,"D",.,"A",195,"D",0,"D",.,"A",.,"A",104,"D",0,"D",.,"A",.,"A",.,"A",.,"A"
"20153","03190531",14,0,"1",1950,"D",260,"D",65,"D",650,"D",0,"D",.,"A",.,"A",1690,"D",0,"D",.,"A",.,"A",.,"A",.,"A"
"20153","03190551",28,0,"1",2600,"D",104,"D",.,"A",1300,"D",0,"D",.,"A",.,"A",2496,"D",75,"D",.,"A",.,"A",.,"A",.,"A"
"20153","03190581",32,0,"1",1820,"D",520,"D",130,"D",520,"D",63,"D",.,"A",.,"A",1300,"D",0,"D",12,"D",156,"D",.,"A",.,"A"
"20153","03190591",52,0,"1",1144,"D",494,"D",.,"A",1560,"D",180,"D",.,"A",128,"D",650,"D",360,"D",40,"D",520,"D",.,"A",.,"A"
"20153","03190601",81,0,"1",3250,"D",650,"D",.,"A",650,"D",60,"D",.,"A",.,"A",2600,"D",0,"D",.,"A",.,"A",.,"A",.,"A"
"20153","03190621",61,0,"1",1560,"D",390,"D",.,"A",1300,"D",240,"D",.,"A",.,"A",1170,"D",0,"D",.,"A",.,"A",.,"A",.,"A"
"20153","03190641",21,0,"1",1040,"D",130,"D",.,"A",2600,"D",60,"D",.,"A",.,"A",910,"D",0,"D",30,"D",390,"D",.,"A",.,"A"
"20153","03190661",20,0,"1",1300,"D",650,"D",.,"A",0,"D",0,"D",.,"A",.,"A",650,"D",0,"D",.,"A",.,"A",.,"A",.,"A"
"20153","03190671",46,0,"1",1300,"D",260,"D",390,"D",520,"D",120,"D",.,"A",.,"A",1040,"D",60,"D",.,"A",.,"A",39,"D",3,"D"
"20153","03190682",16,0,"1",1820,"D",260,"D",.,"A",260,"D",0,"D",.,"A",.,"A",1560,"D",60,"D",.,"A",.,"A",.,"A",.,"A"
"20153","03190701",52,0,"1",5200,"D",0,"D",.,"A",1950,"D",0,"D",.,"A",.,"A",5200,"D",300,"D",.,"A",.,"A",169,"D",13,"D"
"20153","03190711",45,0,"1",2600,"D",650,"D",.,"A",650,"D",0,"D",.,"A",.,"A",1950,"D",0,"D",.,"A",.,"A",.,"A",.,"A"
"20153","03190731",25,0,"1",715,"D",130,"D",195,"D",130,"D",0,"D",.,"A",.,"A",585,"D",60,"D",.,"A",.,"A",.,"A",.,"A"
"20153","03190771",42,0,"1",3900,"D",325,"D",.,"A",1300,"D",0,"D",.,"A",.,"A",3575,"D",180,"D",.,"A",.,"A",.,"A",.,"A"
"20153","03190781",25,0,"1",1820,"D",182,"D",.,"A",845,"D",6,"D",.,"A",.,"A",1638,"D",45,"D",18,"D",234,"D",.,"A",.,"A"
"20153","03190794",7,0,"1",195,"D",65,"D",.,"A",195,"D",6,"D",.,"A",.,"A",130,"D",6,"D",.,"A",.,"A",.,"A",.,"A"
"20153","03190801",25,0,"1",5850,"D",1430,"D",4095,"D",260,"D",0,"D",.,"A",.,"A",4420,"D",0,"D",.,"A",.,"A",.,"A",.,"A"
"20153","03190831",21,0,"1",1300,"D",260,"D",.,"A",0,"D",0,"D",.,"A",.,"A",1040,"D",450,"D",.,"A",.,"A",.,"A",.,"A"
"20153","03190841",21,0,"1",650,"D",260,"D",650,"D",650,"D",240,"D",.,"A",.,"A",390,"D",240,"D",.,"A",.,"A",.,"A",.,"A"
"20153","03190851",13,0,"1",1040,"D",260,"D",.,"A",780,"D",0,"D",.,"A",.,"A",780,"D",0,"D",.,"A",.,"A",.,"A",.,"A"
"20153","03190864",21,0,"1",1300,"D",0,"D",845,"D",104,"D",0,"D",.,"A",.,"A",1300,"D",0,"D",.,"A",.,"A",.,"A",.,"A"
"20153","03190871",57,0,"1",2600,"D",650,"D",195,"D",2080,"D",0,"D",.,"A",.,"A",1950,"D",0,"D",.,"A",.,"A",.,"A",.,"A"
"20153","03190881",14,0,"1",650,"D",0,"D",.,"A",0,"D",0,"D",.,"A",.,"A",650,"D",0,"D",.,"A",.,"A",.,"A",.,"A"
"20153","03190891",29,0,"1",780,"D",65,"D",.,"A",260,"D",0,"D",.,"A",.,"A",715,"D",0,"D",.,"A",.,"A",.,"A",.,"A"
"20153","03190921",35,0,"1",325,"D",0,"D",.,"A",975,"D",0,"D",.,"A",.,"A",325,"D",0,"D",.,"A",.,"A",.,"A",.,"A"
"20153","03190931",15,0,"1",1040,"D",65,"D",.,"A",520,"D",0,"D",.,"A",.,"A",975,"D",0,"D",.,"A",.,"A",.,"A",.,"A"
"20153","03190941",21,0,"1",2145,"D",325,"D",325,"D",1170,"D",150,"D",.,"A",.,"A",1820,"D",480,"D",.,"A",.,"A",.,"A",.,"A"
"20153","03190971",37,0,"1",650,"D",0,"D",.,"A",130,"D",12,"D",.,"A",.,"A",650,"D",30,"D",.,"A",.,"A",.,"A",.,"A"
"20153","03191001",19,0,"1",1040,"D",130,"D",.,"A",195,"D",0,"D",.,"A",.,"A",910,"D",0,"D",.,"A",.,"A",.,"A",.,"A"
"20153","03191021",15,0,"1",260,"D",130,"D",260,"D",390,"D",0,"D",383,"D",.,"A",130,"D",0,"D",.,"A",.,"A",.,"A",.,"A"
"20153","03191041",48,0,"1",1300,"D",325,"D",.,"A",1105,"D",90,"D",163,"D",.,"A",975,"D",45,"D",.,"A",.,"A",.,"A",.,"A"
"20153","03191061",26,0,"1",975,"D",520,"D",.,"A",260,"D",0,"D",.,"A",.,"A",455,"D",0,"D",.,"A",.,"A",.,"A",.,"A"
"20153","03191081",18,0,"1",780,"D",130,"D",975,"D",0,"D",0,"D",.,"A",.,"A",650,"D",90,"D",.,"A",.,"A",.,"A",.,"A"
"20153","03191091",39,0,"1",975,"D",910,"D",195,"D",65,"D",0,"D",.,"A",5,"D",65,"D",89,"F",25,"D",325,"D",.,"A",.,"A"
"20153","03191101",17,0,"1",4550,"D",975,"D",.,"A",975,"D",60,"D",.,"A",560,"D",3575,"D",120,"D",.,"A",.,"A",.,"A",.,"A"
"20153","03191111",24,0,"1",2600,"D",260,"D",.,"A",650,"D",0,"D",.,"A",.,"A",2340,"D",300,"D",.,"A",.,"A",.,"A",.,"A"
"20153","03191131",53,0,"1",2275,"D",325,"D",.,"A",975,"D",0,"D",.,"A",400,"D",1950,"D",0,"D",.,"A",.,"A",.,"A",.,"A"
"20153","03191141",19,0,"1",1170,"D",130,"D",.,"A",520,"D",0,"D",.,"A",.,"A",1040,"D",0,"D",.,"A",.,"A",.,"A",.,"A"
"20153","03191151",46,0,"1",650,"D",0,"D",1300,"D",1300,"D",450,"D",.,"A",.,"A",650,"D",150,"D",.,"A",.,"A",.,"A",.,"A"
"20153","03191161",10,0,"1",2600,"D",325,"D",130,"D",1300,"D",0,"D",.,"A",.,"A",2275,"D",0,"D",.,"A",.,"A",.,"A",.,"A"
"20153","03191171",22,0,"1",975,"D",130,"D",.,"A",325,"D",0,"D",.,"A",.,"A",845,"D",0,"D",.,"A",.,"A",.,"A",.,"A"
"20153","03191181",11,0,"1",650,"D",39,"D",.,"A",0,"D",0,"D",.,"A",.,"A",611,"D",0,"D",.,"A",.,"A",.,"A",.,"A"
"20153","03191191",20,0,"1",780,"D",260,"D",.,"A",650,"D",0,"D",.,"A",.,"A",520,"D",45,"D",.,"A",.,"A",.,"A",.,"A"
"20153","03191201",15,0,"1",585,"D",130,"D",715,"D",130,"D",0,"D",.,"A",.,"A",455,"D",24,"D",.,"A",.,"A",.,"A",.,"A"
"20153","03191213",20,0,"1",1612,"D",260,"D",.,"A",520,"D",0,"D",.,"A",.,"A",1352,"D",0,"D",.,"A",.,"A",.,"A",.,"A"
"20153","03191221",16,0,"1",650,"D",65,"D",.,"A",260,"D",0,"D",.,"A",.,"A",585,"D",0,"D",.,"A",.,"A",.,"A",.,"A"
"20153","03191231",16,0,"1",1561,"F",.,"A",.,"A",757,"F",162,"F",.,"A",.,"A",1315,"F",175,"F",.,"A",.,"A",.,"A",.,"A"
"20153","03191261",33,0,"1",3250,"D",520,"D",.,"A",650,"D",0,"D",.,"A",.,"A",2730,"D",0,"D",.,"A",.,"A",.,"A",.,"A"
"20153","03191281",22,0,"1",780,"D",0,"D",780,"D",0,"D",60,"D",.,"A",.,"A",780,"D",60,"D",40,"D",520,"D",.,"A",.,"A"
"20153","03191301",21,0,"1",650,"D",130,"D",.,"A",325,"D",0,"D",.,"A",.,"A",520,"D",90,"D",.,"A",.,"A",.,"A",.,"A"
"20153","03191341",11,0,"1",1561,"F",.,"A",.,"A",757,"F",162,"F",.,"A",.,"A",1315,"F",175,"F",.,"A",.,"A",.,"A",.,"A"
"20153","03191351",28,0,"1",1040,"D",260,"D",.,"A",455,"D",180,"D",.,"A",.,"A",780,"D",105,"D",4,"D",52,"D",.,"A",.,"A"
"20153","03191381",20,0,"1",325,"D",65,"D",65,"D",390,"D",0,"D",.,"A",.,"A",260,"D",0,"D",.,"A",.,"A",.,"A",.,"A"
"20153","03191391",32,0,"1",1300,"D",260,"D",.,"A",650,"D",0,"D",.,"A",.,"A",1040,"D",0,"D",.,"A",.,"A",143,"D",11,"D"
"20153","03191411",19,0,"1",1560,"D",130,"D",.,"A",0,"D",0,"D",.,"A",.,"A",1430,"D",0,"D",.,"A",.,"A",.,"A",.,"A"
"20153","03191421",35,0,"1",1625,"D",390,"D",.,"A",650,"D",0,"D",.,"A",.,"A",1235,"D",0,"D",.,"A",.,"A",.,"A",.,"A"
"20153","03191431",46,0,"1",2600,"D",260,"D",195,"D",975,"D",0,"D",.,"A",.,"A",2340,"D",0,"D",20,"D",260,"D",.,"A",.,"A"
"20153","03191441",12,0,"1",650,"D",260,"D",.,"A",0,"D",0,"D",.,"A",.,"A",390,"D",0,"D",.,"A",.,"A",.,"A",.,"A"
"20153","03191454",41,0,"1",2600,"D",260,"D",325,"D",1300,"D",0,"D",.,"A",.,"A",2340,"D",300,"D",.,"A",.,"A",78,"D",6,"D"
"20153","03191461",41,0,"1",1300,"D",390,"D",.,"A",1040,"D",225,"D",.,"A",.,"A",910,"D",600,"D",.,"A",.,"A",.,"A",.,"A"
"20153","03191481",22,0,"1",1827,"F",.,"A",.,"A",260,"D",0,"D",.,"A",.,"A",1438,"F",0,"D",.,"A",.,"A",.,"A",.,"A"
"20153","03191501",16,0,"1",1561,"F",.,"A",.,"A",0,"D",0,"D",.,"A",.,"A",1315,"F",0,"D",.,"A",.,"A",.,"A",.,"A"
"20153","03191511",23,0,"1",91,"D",26,"D",.,"A",1300,"D",0,"D",.,"A",.,"A",65,"D",0,"D",33,"D",429,"D",.,"A",.,"A"
"20153","03191541",13,0,"1",520,"D",211,"F",.,"A",0,"D",0,"D",.,"A",.,"A",741,"F",0,"D",.,"A",.,"A",.,"A",.,"A"
"20153","03191551",12,0,"1",520,"D",260,"D",.,"A",780,"D",0,"D",.,"A",.,"A",260,"D",0,"D",.,"A",.,"A",.,"A",.,"A"
"20153","03191561",11,0,"1",780,"D",0,"D",.,"A",130,"D",0,"D",.,"A",.,"A",780,"D",0,"D",.,"A",.,"A",.,"A",.,"A"
"20153","03191571",15,0,"1",1300,"D",260,"D",.,"A",0,"D",0,"D",.,"A",.,"A",1040,"D",0,"D",70,"D",910,"D",.,"A",.,"A"
"20153","03191581",21,0,"1",650,"D",156,"D",.,"A",0,"D",0,"D",.,"A",.,"A",494,"D",0,"D",.,"A",.,"A",.,"A",.,"A"
"20153","03191631",19,0,"1",1040,"D",325,"D",.,"A",1300,"D",30,"D",.,"A",85,"F",715,"D",150,"D",21,"D",273,"D",.,"A",.,"A"
"20153","03191641",40,0,"1",1625,"D",325,"D",.,"A",650,"D",0,"D",.,"A",.,"A",1300,"D",75,"D",5,"D",65,"D",.,"A",.,"A"
"20153","03191651",19,0,"1",1300,"D",325,"D",.,"A",325,"D",0,"D",.,"A",.,"A",975,"D",0,"D",.,"A",.,"A",.,"A",.,"A"
"20153","03191671",49,0,"1",3250,"D",390,"D",.,"A",390,"D",0,"D",.,"A",.,"A",2860,"D",0,"D",70,"D",910,"D",.,"A",.,"A"
"20153","03191681",14,0,"1",1300,"D",0,"D",.,"A",0,"D",0,"D",.,"A",.,"A",1300,"D",0,"D",.,"A",.,"A",.,"A",.,"A"
"20153","03191701",33,0,"1",919,"F",.,"A",.,"A",604,"F",121,"F",.,"A",.,"A",741,"F",92,"F",.,"A",.,"A",.,"A",.,"A"
"20153","03191711",43,0,"1",1300,"D",65,"D",.,"A",260,"D",0,"D",.,"A",.,"A",1235,"D",0,"D",.,"A",.,"A",.,"A",.,"A"
"20153","03191741",21,0,"1",1300,"D",260,"D",.,"A",650,"D",0,"D",.,"A",.,"A",1040,"D",0,"D",.,"A",.,"A",.,"A",.,"A"
"20153","03191761",21,0,"1",650,"D",130,"D",650,"D",520,"D",0,"D",.,"A",.,"A",520,"D",0,"D",.,"A",.,"A",.,"A",.,"A"
"20153","03191771",33,0,"1",1820,"D",520,"D",.,"A",286,"D",0,"D",.,"A",.,"A",1300,"D",0,"D",.,"A",.,"A",.,"A",.,"A"
"20153","03191791",28,0,"1",1690,"D",0,"D",.,"A",390,"D",0,"D",.,"A",.,"A",1690,"D",36,"D",.,"A",.,"A",.,"A",.,"A"
"20153","03191851",16,0,"1",1300,"D",260,"D",.,"A",520,"D",0,"D",.,"A",.,"A",1040,"D",0,"D",.,"A",.,"A",.,"A",.,"A"
"20153","03191861",26,0,"1",2275,"D",260,"D",130,"D",65,"D",60,"D",.,"A",18,"D",2015,"D",120,"D",40,"D",520,"D",.,"A",.,"A"
"20153","03191871",58,0,"1",2600,"D",260,"D",390,"D",650,"D",60,"D",.,"A",.,"A",2340,"D",180,"D",.,"A",.,"A",.,"A",.,"A"
"20153","03191881",35,0,"1",1625,"D",650,"D",.,"A",780,"D",180,"D",.,"A",.,"A",975,"D",150,"D",.,"A",.,"A",.,"A",.,"A"
"20153","03191891",24,0,"1",764,"F",.,"A",.,"A",325,"D",0,"D",.,"A",.,"A",623,"F",0,"D",.,"A",.,"A",.,"A",.,"A"
"20153","03191901",14,0,"1",1300,"D",0,"D",.,"A",650,"D",0,"D",.,"A",.,"A",1300,"D",0,"D",.,"A",.,"A",.,"A",.,"A"
"20153","03191911",51,0,"1",3250,"D",780,"D",780,"D",2600,"D",150,"D",.,"A",.,"A",2470,"D",360,"D",.,"A",.,"A",.,"A",.,"A"
"20153","03191941",64,0,"1",3575,"D",325,"D",.,"A",1625,"D",0,"D",.,"A",495,"D",3250,"D",90,"D",.,"A",.,"A",.,"A",.,"A"
"20153","03191971",22,0,"1",2600,"D",0,"D",.,"A",0,"D",6,"D",.,"A",.,"A",2600,"D",6,"D",.,"A",.,"A",.,"A",.,"A"
"20153","03191981",18,0,"1",1950,"D",325,"D",195,"D",1300,"D",0,"D",.,"A",.,"A",1625,"D",0,"D",.,"A",.,"A",.,"A",.,"A"
"20153","03192001",49,0,"1",1300,"D",195,"D",650,"D",325,"D",300,"D",.,"A",.,"A",1105,"D",150,"D",.,"A",.,"A",.,"A",.,"A"
"20153","03192021",18,0,"1",1170,"D",65,"D",.,"A",0,"D",0,"D",.,"A",.,"A",1105,"D",0,"D",.,"A",.,"A",.,"A",.,"A"
"20153","03192071",28,0,"1",1300,"D",650,"D",.,"A",650,"D",0,"D",.,"A",.,"A",650,"D",0,"D",.,"A",.,"A",.,"A",.,"A"
"20153","03192081",16,0,"1",650,"D",195,"D",.,"A",1950,"D",0,"D",.,"A",.,"A",455,"D",0,"D",33,"D",429,"D",.,"A",.,"A"
"20153","03192111",38,0,"1",1352,"D",650,"D",65,"D",0,"D",0,"D",.,"A",.,"A",702,"D",0,"D",.,"A",.,"A",.,"A",.,"A"
"20153","03192121",18,0,"1",3900,"D",1950,"D",.,"A",1040,"D",0,"D",.,"A",8,"D",1950,"D",0,"D",.,"A",.,"A",.,"A",.,"A"
"20153","03192141",42,0,"1",3250,"D",650,"D",780,"D",780,"D",0,"D",.,"A",.,"A",2600,"D",0,"D",55,"D",715,"D",.,"A",.,"A"
"20153","03192161",22,0,"1",1300,"D",195,"D",.,"A",325,"D",0,"D",.,"A",.,"A",1105,"D",0,"D",.,"A",.,"A",.,"A",.,"A"
"20153","03192171",18,0,"1",455,"D",0,"D",.,"A",0,"D",0,"D",.,"A",.,"A",455,"D",90,"D",.,"A",.,"A",.,"A",.,"A"
"20153","03192191",33,0,"1",3250,"D",650,"D",.,"A",1950,"D",0,"D",496,"F",.,"A",2600,"D",0,"D",15,"D",195,"D",39,"D",3,"D"
"20153","03192211",13,0,"1",390,"D",130,"D",130,"D",650,"D",0,"D",.,"A",.,"A",260,"D",60,"D",.,"A",.,"A",.,"A",.,"A"
"20153","03192221",11,0,"1",650,"D",130,"D",.,"A",260,"D",0,"D",.,"A",.,"A",520,"D",75,"D",.,"A",.,"A",.,"A",.,"A"
"20153","03192231",9,0,"1",1300,"D",130,"D",.,"A",604,"F",121,"F",.,"A",.,"A",1170,"D",92,"F",.,"A",.,"A",.,"A",.,"A"
"20153","03192241",11,0,"1",2925,"D",325,"D",.,"A",0,"D",0,"D",.,"A",.,"A",2600,"D",60,"D",19,"D",247,"D",.,"A",.,"A"
"20153","03192261",13,0,"1",325,"D",0,"D",.,"A",0,"D",6,"D",.,"A",.,"A",325,"D",6,"D",.,"A",.,"A",.,"A",.,"A"
"20153","03192271",42,0,"1",1625,"D",0,"D",.,"A",520,"D",0,"D",.,"A",.,"A",1625,"D",0,"D",12,"D",156,"D",.,"A",.,"A"
"20153","03192281",31,0,"1",2340,"D",325,"D",.,"A",455,"D",0,"D",.,"A",252,"D",2015,"D",0,"D",.,"A",.,"A",.,"A",.,"A"
"20153","03192291",37,0,"1",1950,"D",260,"D",260,"D",520,"D",240,"D",.,"A",.,"A",1690,"D",300,"D",20,"D",260,"D",.,"A",.,"A"
"20153","03192301",30,0,"1",1690,"D",260,"D",.,"A",650,"D",0,"D",.,"A",.,"A",1430,"D",0,"D",.,"A",.,"A",.,"A",.,"A"
"20153","03192323",17,0,"1",910,"D",195,"D",260,"D",520,"D",60,"D",.,"A",.,"A",715,"D",60,"D",8,"D",104,"D",.,"A",.,"A"
"20153","03192351",22,0,"1",2080,"D",650,"D",.,"A",650,"D",0,"D",.,"A",.,"A",1430,"D",0,"D",.,"A",.,"A",.,"A",.,"A"
"20153","03192361",6,0,"1",1561,"F",.,"A",.,"A",757,"F",0,"D",.,"A",.,"A",1315,"F",0,"D",.,"A",.,"A",.,"A",.,"A"
"20153","03192395",19,0,"1",455,"D",65,"D",.,"A",260,"D",300,"D",.,"A",.,"A",390,"D",90,"D",.,"A",.,"A",.,"A",.,"A"
"20153","03192401",20,0,"1",1170,"D",130,"D",.,"A",780,"D",0,"D",.,"A",.,"A",1040,"D",60,"D",.,"A",.,"A",.,"A",.,"A"
"20153","03192421",42,0,"1",1300,"D",260,"D",.,"A",130,"D",0,"D",.,"A",60,"D",1040,"D",0,"D",.,"A",.,"A",.,"A",.,"A"
"20153","03192441",43,0,"1",1092,"D",117,"D",.,"A",2080,"D",0,"D",.,"A",.,"A",975,"D",0,"D",.,"A",.,"A",.,"A",.,"A"
"20153","03192481",49,0,"1",1950,"D",130,"D",.,"A",260,"D",300,"D",.,"A",.,"A",1820,"D",450,"D",.,"A",.,"A",.,"A",.,"A"
"20153","03192501",53,0,"1",1300,"D",0,"D",.,"A",390,"D",0,"D",.,"A",.,"A",1300,"D",30,"D",.,"A",.,"A",.,"A",.,"A"
"20153","03192521",23,0,"1",650,"D",130,"D",130,"D",260,"D",24,"D",.,"A",.,"A",520,"D",165,"D",.,"A",.,"A",.,"A",.,"A"
"20153","03192541",14,0,"1",650,"D",130,"D",260,"D",2600,"D",60,"D",.,"A",.,"A",520,"D",0,"D",.,"A",.,"A",.,"A",.,"A"
"20153","03192551",15,0,"1",780,"D",260,"D",.,"A",0,"D",0,"D",.,"A",.,"A",520,"D",0,"D",50,"D",650,"D",.,"A",.,"A"
"20153","03192561",17,0,"1",2210,"D",520,"D",.,"A",390,"D",90,"D",.,"A",.,"A",1690,"D",120,"D",.,"A",.,"A",130,"D",10,"D"
"20153","03192591",23,0,"1",1820,"D",65,"D",.,"A",156,"D",0,"D",.,"A",.,"A",1755,"D",0,"D",.,"A",.,"A",.,"A",.,"A"
"20153","03192615",48,0,"1",1300,"D",325,"D",.,"A",390,"D",0,"D",.,"A",.,"A",975,"D",0,"D",.,"A",.,"A",.,"A",.,"A"
"20153","03192621",25,0,"1",2600,"D",260,"D",.,"A",1300,"D",0,"D",.,"A",.,"A",2340,"D",0,"D",.,"A",.,"A",.,"A",.,"A"
"20153","03192643",20,0,"1",1300,"D",195,"D",.,"A",520,"D",0,"D",.,"A",.,"A",1105,"D",0,"D",.,"A",.,"A",.,"A",.,"A"
"20153","03192661",18,0,"1",1950,"D",650,"D",.,"A",650,"D",0,"D",.,"A",.,"A",1300,"D",0,"D",75,"D",975,"D",.,"A",.,"A"
"20153","03192671",38,0,"1",1950,"D",13,"D",260,"D",1300,"D",0,"D",.,"A",.,"A",1937,"D",180,"D",.,"A",.,"A",.,"A",.,"A"
"20153","03192701",17,0,"1",325,"D",0,"D",.,"A",0,"D",0,"D",.,"A",.,"A",325,"D",0,"D",.,"A",.,"A",.,"A",.,"A"
"20153","03192731",47,0,"1",1300,"D",260,"D",.,"A",650,"D",150,"D",.,"A",.,"A",1040,"D",600,"D",.,"A",.,"A",.,"A",.,"A"
"20153","03192741",52,0,"1",2522,"D",195,"D",.,"A",1300,"D",120,"D",.,"A",.,"A",2327,"D",60,"D",.,"A",.,"A",.,"A",.,"A"
"20153","03192761",15,0,"1",1300,"D",260,"D",.,"A",780,"D",0,"D",.,"A",.,"A",1040,"D",60,"D",.,"A",.,"A",.,"A",.,"A"
"20153","03192791",28,0,"1",650,"D",0,"D",.,"A",520,"D",0,"D",.,"A",.,"A",650,"D",0,"D",.,"A",.,"A",.,"A",.,"A"
"20153","03192801",15,0,"1",1625,"D",260,"D",.,"A",1950,"D",0,"D",.,"A",.,"A",1365,"D",0,"D",.,"A",.,"A",.,"A",.,"A"
"20153","03192814",29,0,"1",1300,"D",130,"D",.,"A",169,"D",0,"D",.,"A",450,"D",1170,"D",0,"D",40,"D",520,"D",.,"A",.,"A"
"20153","03192821",48,0,"1",975,"D",0,"D",.,"A",0,"D",0,"D",.,"A",.,"A",975,"D",0,"D",.,"A",.,"A",.,"A",.,"A"
"20153","03192841",32,0,"1",650,"D",0,"D",390,"D",390,"D",60,"D",.,"A",.,"A",650,"D",0,"D",36,"D",468,"D",.,"A",.,"A"
"20153","03192851",20,0,"1",130,"D",130,"D",.,"A",910,"D",0,"D",.,"A",.,"A",0,"D",0,"D",18,"D",234,"D",.,"A",.,"A"
"20153","03192861",26,0,"1",1300,"D",325,"D",.,"A",1300,"D",225,"D",.,"A",.,"A",975,"D",75,"D",.,"A",.,"A",.,"A",.,"A"
"20153","03192881",48,0,"1",4550,"D",516,"F",130,"D",650,"D",0,"D",.,"A",320,"D",2357,"F",0,"D",.,"A",.,"A",.,"A",.,"A"
"20153","03192901",18,0,"1",1040,"D",390,"D",.,"A",130,"D",0,"D",.,"A",48,"D",650,"D",0,"D",.,"A",.,"A",.,"A",.,"A"
"20153","03192911",49,0,"1",1300,"D",195,"D",520,"D",195,"D",0,"D",.,"A",.,"A",1105,"D",0,"D",.,"A",.,"A",.,"A",.,"A"
"20153","03192931",16,0,"1",650,"D",130,"D",65,"D",0,"D",0,"D",.,"A",.,"A",520,"D",0,"D",10,"D",130,"D",.,"A",.,"A"
"20153","03193041",43,0,"1",2600,"D",445,"F",.,"A",0,"D",0,"D",.,"A",.,"A",1438,"F",0,"D",.,"A",.,"A",.,"A",.,"A"
"20153","03193051",29,0,"1",650,"D",130,"D",.,"A",390,"D",0,"D",.,"A",.,"A",520,"D",0,"D",.,"A",.,"A",.,"A",.,"A"
"20153","03193061",22,0,"1",1950,"D",520,"D",.,"A",650,"D",0,"D",.,"A",200,"D",1430,"D",0,"D",.,"A",.,"A",.,"A",.,"A"
"20153","03193071",31,0,"1",975,"D",130,"D",78,"D",325,"D",0,"D",.,"A",.,"A",845,"D",0,"D",.,"A",.,"A",.,"A",.,"A"
"20153","03193091",28,0,"1",1560,"D",195,"D",.,"A",260,"D",0,"D",.,"A",.,"A",1365,"D",15,"D",.,"A",.,"A",.,"A",.,"A"
"20153","03193101",16,0,"1",1560,"D",260,"D",.,"A",260,"D",0,"D",.,"A",.,"A",1300,"D",0,"D",.,"A",.,"A",.,"A",.,"A"
"20153","03193111",31,0,"1",3250,"D",1300,"D",.,"A",520,"D",180,"D",.,"A",.,"A",1950,"D",180,"D",.,"A",.,"A",.,"A",.,"A"
"20153","03193141",21,0,"1",975,"D",130,"D",.,"A",65,"D",0,"D",.,"A",.,"A",845,"D",75,"D",32,"D",416,"D",.,"A",.,"A"
"20153","03193151",16,0,"1",1300,"D",0,"D",.,"A",1300,"D",450,"D",.,"A",.,"A",1300,"D",450,"D",.,"A",.,"A",.,"A",.,"A"
"20153","03193174",8,0,"1",260,"D",39,"D",.,"A",195,"D",6,"D",.,"A",.,"A",221,"D",6,"D",.,"A",.,"A",.,"A",.,"A"
"20153","03193191",13,0,"1",2080,"D",650,"D",.,"A",0,"D",0,"D",.,"A",.,"A",1430,"D",0,"D",.,"A",.,"A",.,"A",.,"A"
"20153","03193211",32,0,"1",975,"D",260,"D",.,"A",130,"D",0,"D",.,"A",.,"A",715,"D",0,"D",.,"A",.,"A",.,"A",.,"A"
"20153","03193234",24,0,"1",3250,"D",650,"D",455,"D",0,"D",30,"D",.,"A",.,"A",2600,"D",30,"D",.,"A",.,"A",.,"A",.,"A"
"20153","03193241",17,0,"1",1300,"D",26,"D",.,"A",130,"D",6,"D",.,"A",.,"A",1274,"D",6,"D",.,"A",.,"A",.,"A",.,"A"
"20153","03193261",24,0,"1",2080,"D",260,"D",91,"D",0,"D",0,"D",.,"A",.,"A",1820,"D",300,"D",.,"A",.,"A",.,"A",.,"A"
"20153","03193274",9,0,"1",975,"D",130,"D",.,"A",130,"D",0,"D",.,"A",.,"A",845,"D",30,"D",.,"A",.,"A",130,"D",10,"D"
"20153","03193291",30,0,"1",1950,"D",195,"D",.,"A",650,"D",0,"D",.,"A",.,"A",1755,"D",0,"D",.,"A",.,"A",.,"A",.,"A"
"20153","03193311",38,0,"1",1625,"D",325,"D",.,"A",520,"D",0,"D",.,"A",.,"A",1300,"D",30,"D",.,"A",.,"A",.,"A",.,"A"
"20153","03193321",32,0,"1",650,"D",325,"D",.,"A",260,"D",180,"D",.,"A",.,"A",325,"D",66,"D",.,"A",.,"A",.,"A",.,"A"
"20153","03193331",19,0,"1",650,"D",65,"D",.,"A",91,"D",0,"D",.,"A",.,"A",585,"D",0,"D",.,"A",.,"A",.,"A",.,"A"
"20153","03193341",50,0,"1",1950,"D",325,"D",.,"A",1300,"D",0,"D",.,"A",.,"A",1625,"D",60,"D",.,"A",.,"A",.,"A",.,"A"
"20153","03193381",8,0,"1",650,"D",0,"D",650,"D",260,"D",0,"D",.,"A",.,"A",650,"D",45,"D",5,"D",65,"D",.,"A",.,"A"
"20153","03193401",53,0,"1",1300,"D",260,"D",520,"D",650,"D",0,"D",.,"A",.,"A",1040,"D",150,"D",.,"A",.,"A",.,"A",.,"A"
"20153","03193421",13,0,"1",2275,"D",455,"D",.,"A",195,"D",0,"D",.,"A",.,"A",1820,"D",0,"D",12,"D",156,"D",.,"A",.,"A"
"20153","03193431",23,0,"1",780,"D",195,"D",.,"A",780,"D",0,"D",.,"A",.,"A",585,"D",0,"D",.,"A",.,"A",.,"A",.,"A"
"20153","03193471",30,0,"1",1950,"D",325,"D",1300,"D",260,"D",0,"D",.,"A",.,"A",1625,"D",45,"D",.,"A",.,"A",.,"A",.,"A"
"20153","03193491",31,0,"1",520,"D",130,"D",104,"D",65,"D",0,"D",.,"A",.,"A",390,"D",42,"D",.,"A",.,"A",.,"A",.,"A"
"20153","03193511",15,0,"1",780,"D",65,"D",.,"A",260,"D",0,"D",.,"A",.,"A",715,"D",0,"D",.,"A",.,"A",.,"A",.,"A"
"20153","03193561",62,0,"1",1625,"D",325,"D",.,"A",325,"D",0,"D",.,"A",.,"A",1300,"D",0,"D",50,"D",650,"D",.,"A",.,"A"
"20153","03193631",25,0,"1",780,"D",130,"D",.,"A",325,"D",0,"D",.,"A",.,"A",650,"D",120,"D",.,"A",.,"A",.,"A",.,"A"
"20153","03193651",27,0,"1",3250,"D",344,"F",.,"A",520,"D",0,"D",.,"A",.,"A",1321,"F",0,"D",.,"A",.,"A",.,"A",.,"A"
"20153","03193671",68,0,"1",975,"D",130,"D",390,"D",520,"D",0,"D",.,"A",.,"A",845,"D",0,"D",.,"A",.,"A",.,"A",.,"A"
"20153","03193691",23,0,"1",325,"D",0,"D",.,"A",0,"D",0,"D",.,"A",.,"A",325,"D",0,"D",.,"A",.,"A",.,"A",.,"A"
"20153","03193701",54,0,"1",1300,"D",650,"D",.,"A",975,"D",0,"D",.,"A",.,"A",650,"D",0,"D",.,"A",.,"A",.,"A",.,"A"
"20153","03193721",16,0,"1",1300,"D",390,"D",.,"A",390,"D",0,"D",.,"A",.,"A",910,"D",0,"D",.,"A",.,"A",.,"A",.,"A"
"20153","03193731",51,0,"1",3250,"D",0,"D",.,"A",1300,"D",0,"D",.,"A",.,"A",3250,"D",0,"D",.,"A",.,"A",.,"A",.,"A"
"20153","03193745",21,0,"1",1561,"F",.,"A",.,"A",325,"D",0,"D",.,"A",.,"A",1315,"F",0,"D",.,"A",.,"A",.,"A",.,"A"
"20153","03193751",20,0,"1",845,"D",260,"D",260,"D",520,"D",0,"D",.,"A",.,"A",585,"D",0,"D",.,"A",.,"A",.,"A",.,"A"
"20153","03193761",31,0,"1",1625,"D",130,"D",.,"A",130,"D",0,"D",.,"A",.,"A",1495,"D",45,"D",100,"D",1300,"D",.,"A",.,"A"
"20153","03193771",30,0,"1",2600,"D",780,"D",.,"A",3900,"D",0,"D",.,"A",198,"D",1820,"D",0,"D",.,"A",.,"A",.,"A",.,"A"
"20153","03193791",21,0,"1",1040,"D",260,"D",.,"A",130,"D",0,"D",.,"A",.,"A",780,"D",0,"D",.,"A",.,"A",.,"A",.,"A"
"20153","03193801",18,0,"1",780,"D",260,"D",.,"A",0,"D",0,"D",.,"A",.,"A",520,"D",0,"D",.,"A",.,"A",.,"A",.,"A"
"20153","03193811",41,0,"1",650,"D",130,"D",65,"D",390,"D",60,"D",.,"A",.,"A",520,"D",60,"D",.,"A",.,"A",.,"A",.,"A"
"20153","03193821",16,0,"1",650,"D",325,"D",390,"D",0,"D",0,"D",.,"A",.,"A",325,"D",300,"D",.,"A",.,"A",.,"A",.,"A"
"20153","03193831",19,0,"1",2600,"D",325,"D",.,"A",975,"D",0,"D",.,"A",.,"A",2275,"D",0,"D",8,"D",104,"D",.,"A",.,"A"
"20153","03193841",11,0,"1",1561,"F",.,"A",.,"A",757,"F",0,"D",.,"A",.,"A",1315,"F",0,"D",.,"A",.,"A",.,"A",.,"A"
"20153","03193891",33,0,"1",2600,"D",585,"D",390,"D",520,"D",60,"D",.,"A",.,"A",2015,"D",75,"D",.,"A",.,"A",.,"A",.,"A"
"20153","03193911",31,0,"1",1560,"D",260,"D",.,"A",780,"D",30,"D",.,"A",.,"A",1300,"D",36,"D",.,"A",.,"A",.,"A",.,"A"
"20153","03193921",19,0,"1",2600,"D",260,"D",.,"A",0,"D",0,"D",.,"A",.,"A",2340,"D",0,"D",.,"A",.,"A",.,"A",.,"A"
"20153","03193961",19,0,"1",1300,"D",130,"D",.,"A",260,"D",0,"D",.,"A",.,"A",1170,"D",0,"D",.,"A",.,"A",455,"D",35,"D"
"20153","03193973",24,0,"1",780,"D",65,"D",.,"A",780,"D",0,"D",.,"A",.,"A",715,"D",0,"D",.,"A",.,"A",.,"A",.,"A"
"20153","03193981",24,0,"1",1625,"D",195,"D",.,"A",650,"D",0,"D",.,"A",.,"A",1430,"D",0,"D",.,"A",.,"A",.,"A",.,"A"
"20153","03194031",29,0,"1",1300,"D",325,"D",.,"A",1560,"D",150,"D",.,"A",.,"A",975,"D",120,"D",.,"A",.,"A",.,"A",.,"A"
"20153","03194041",43,0,"1",2600,"D",650,"D",975,"D",1300,"D",0,"D",.,"A",.,"A",1950,"D",0,"D",.,"A",.,"A",.,"A",.,"A"
"20153","03194061",18,0,"1",3900,"D",650,"D",.,"A",1300,"D",150,"D",.,"A",.,"A",3250,"D",60,"D",.,"A",.,"A",.,"A",.,"A"
"20153","03194101",51,0,"1",650,"D",130,"D",130,"D",260,"D",60,"D",.,"A",.,"A",520,"D",60,"D",.,"A",.,"A",.,"A",.,"A"
"20153","03194111",37,0,"1",520,"D",156,"D",.,"A",1365,"D",0,"D",.,"A",.,"A",364,"D",0,"D",.,"A",.,"A",.,"A",.,"A"
"20153","03194132",27,0,"1",650,"D",39,"D",130,"D",390,"D",150,"D",135,"D",.,"A",611,"D",60,"D",.,"A",.,"A",.,"A",.,"A"
"20153","03194141",26,0,"1",1690,"D",0,"D",.,"A",130,"D",0,"D",.,"A",.,"A",1690,"D",0,"D",25,"D",325,"D",.,"A",.,"A"
"20153","03194201",13,0,"1",520,"D",130,"D",130,"D",130,"D",0,"D",.,"A",.,"A",390,"D",0,"D",.,"A",.,"A",.,"A",.,"A"
"20153","03194215",46,0,"1",1950,"D",0,"D",.,"A",650,"D",36,"D",.,"A",225,"D",1950,"D",0,"D",25,"D",325,"D",.,"A",.,"A"
"20153","03194221",21,0,"1",1950,"D",0,"D",260,"D",195,"D",0,"D",.,"A",.,"A",1950,"D",600,"D",200,"D",2600,"D",.,"A",.,"A"
"20153","03194231",11,0,"1",919,"F",.,"A",.,"A",604,"F",0,"D",.,"A",.,"A",741,"F",0,"D",.,"A",.,"A",.,"A",.,"A"
"20153","03194261",24,0,"1",455,"D",260,"D",.,"A",325,"D",0,"D",.,"A",.,"A",195,"D",300,"D",.,"A",.,"A",.,"A",.,"A"
"20153","03194271",60,0,"1",793,"D",277,"F",.,"A",975,"D",0,"D",.,"A",.,"A",922,"F",0,"D",.,"A",.,"A",.,"A",.,"A"
"20153","03194281",60,0,"1",2600,"D",780,"D",.,"A",0,"D",0,"D",.,"A",.,"A",1820,"D",0,"D",.,"A",.,"A",.,"A",.,"A"
"20153","03194291",19,0,"1",520,"D",65,"D",455,"D",0,"D",0,"D",.,"A",.,"A",455,"D",0,"D",.,"A",.,"A",.,"A",.,"A"
"20153","03194341",22,0,"1",650,"D",130,"D",.,"A",455,"D",0,"D",.,"A",.,"A",520,"D",0,"D",.,"A",.,"A",.,"A",.,"A"
"20153","03194351",14,0,"1",1950,"D",650,"D",.,"A",91,"D",0,"D",.,"A",.,"A",1300,"D",0,"D",35,"D",455,"D",.,"A",.,"A"
"20153","03194361",20,0,"1",1300,"D",130,"D",.,"A",0,"D",0,"D",.,"A",.,"A",1170,"D",0,"D",15,"D",195,"D",.,"A",.,"A"
"20153","03194371",30,0,"1",1950,"D",260,"D",.,"A",260,"D",60,"D",.,"A",.,"A",1690,"D",150,"D",.,"A",.,"A",.,"A",.,"A"
"20153","03194391",21,0,"1",1300,"D",390,"D",260,"D",260,"D",30,"D",.,"A",.,"A",910,"D",120,"D",.,"A",.,"A",.,"A",.,"A"
"20153","03194411",25,0,"1",2600,"D",260,"D",.,"A",650,"D",75,"D",.,"A",.,"A",2340,"D",6,"D",.,"A",.,"A",.,"A",.,"A"
"20153","03194421",13,0,"1",650,"D",325,"D",.,"A",0,"D",0,"D",.,"A",.,"A",325,"D",45,"D",.,"A",.,"A",.,"A",.,"A"
"20153","03194441",19,0,"1",1144,"D",260,"D",.,"A",0,"D",0,"D",.,"A",.,"A",884,"D",0,"D",15,"D",195,"D",.,"A",.,"A"
"20153","03194451",8,0,"1",1300,"D",234,"D",.,"A",195,"D",0,"D",.,"A",.,"A",1066,"D",0,"D",25,"D",325,"D",.,"A",.,"A"
"20153","03194481",12,0,"1",1651,"D",0,"D",260,"D",0,"D",0,"D",.,"A",.,"A",1651,"D",0,"D",.,"A",.,"A",.,"A",.,"A"
"20153","03194491",18,0,"1",780,"D",195,"D",.,"A",0,"D",0,"D",.,"A",.,"A",585,"D",0,"D",15,"D",195,"D",.,"A",.,"A"
"20153","03194521",48,0,"1",2600,"D",260,"D",.,"A",1300,"D",600,"D",.,"A",.,"A",2340,"D",120,"D",.,"A",.,"A",.,"A",.,"A"
"20153","03194541",29,0,"1",1827,"F",.,"A",.,"A",835,"F",127,"F",.,"A",.,"A",1438,"F",194,"F",.,"A",.,"A",.,"A",.,"A"
"20153","03194561",35,0,"1",650,"D",65,"D",.,"A",195,"D",0,"D",.,"A",.,"A",585,"D",0,"D",.,"A",.,"A",.,"A",.,"A"
"20153","03194571",55,0,"1",975,"D",0,"D",.,"A",650,"D",0,"D",.,"A",.,"A",975,"D",30,"D",.,"A",.,"A",.,"A",.,"A"
"20153","03194581",34,0,"1",780,"D",130,"D",.,"A",975,"D",120,"D",.,"A",.,"A",650,"D",90,"D",.,"A",.,"A",.,"A",.,"A"
"20153","03194611",10,0,"1",1950,"D",325,"D",.,"A",0,"D",0,"D",.,"A",.,"A",1625,"D",0,"D",20,"D",260,"D",.,"A",.,"A"
"20153","03194631",21,0,"1",2600,"D",650,"D",.,"A",195,"D",0,"D",.,"A",.,"A",1950,"D",0,"D",.,"A",.,"A",.,"A",.,"A"
"20153","03194701",14,0,"1",1300,"D",780,"D",.,"A",0,"D",0,"D",.,"A",.,"A",520,"D",0,"D",25,"D",325,"D",.,"A",.,"A"
"20153","03194711",7,0,"1",650,"D",130,"D",.,"A",130,"D",0,"D",.,"A",.,"A",520,"D",300,"D",.,"A",.,"A",.,"A",.,"A"
"20153","03194721",30,0,"1",975,"D",26,"D",.,"A",650,"D",0,"D",.,"A",.,"A",949,"D",0,"D",.,"A",.,"A",.,"A",.,"A"
"20153","03194741",31,0,"1",780,"D",0,"D",.,"A",91,"D",0,"D",.,"A",.,"A",780,"D",0,"D",40,"D",520,"D",.,"A",.,"A"
"20153","03194801",15,0,"1",650,"D",260,"D",.,"A",0,"D",0,"D",.,"A",.,"A",390,"D",0,"D",.,"A",.,"A",.,"A",.,"A"
"20153","03194814",16,0,"1",1300,"D",130,"D",845,"D",650,"D",0,"D",.,"A",.,"A",1170,"D",30,"D",40,"D",520,"D",.,"A",.,"A"
"20153","03194831",14,0,"1",715,"D",130,"D",.,"A",0,"D",0,"D",.,"A",.,"A",585,"D",0,"D",.,"A",.,"A",.,"A",.,"A"
"20153","03194861",20,0,"1",975,"D",195,"D",.,"A",780,"D",0,"D",.,"A",.,"A",780,"D",0,"D",.,"A",.,"A",.,"A",.,"A"
"20153","03194871",37,0,"1",1170,"D",52,"D",.,"A",910,"D",0,"D",.,"A",.,"A",1118,"D",0,"D",.,"A",.,"A",.,"A",.,"A"
"20153","03194891",13,0,"1",2275,"D",390,"D",.,"A",325,"D",6,"D",.,"A",300,"D",1885,"D",6,"D",.,"A",.,"A",.,"A",.,"A"
"20153","03194901",36,0,"1",1560,"D",195,"D",.,"A",260,"D",0,"D",.,"A",.,"A",1365,"D",0,"D",.,"A",.,"A",.,"A",.,"A"
"20153","03194921",19,0,"1",910,"D",260,"D",.,"A",260,"D",0,"D",.,"A",.,"A",650,"D",0,"D",.,"A",.,"A",.,"A",.,"A"
"20153","03194951",23,0,"1",1625,"D",455,"D",.,"A",1040,"D",0,"D",.,"A",100,"D",1170,"D",45,"D",.,"A",.,"A",.,"A",.,"A"
"20153","03194961",34,0,"1",1300,"D",260,"D",.,"A",520,"D",0,"D",.,"A",.,"A",1040,"D",0,"D",.,"A",.,"A",.,"A",.,"A"
"20153","03194971",18,0,"1",1560,"D",130,"D",.,"A",0,"D",0,"D",.,"A",.,"A",1430,"D",0,"D",.,"A",.,"A",.,"A",.,"A"
"20153","03194981",62,0,"1",1950,"D",650,"D",.,"A",260,"D",180,"D",.,"A",.,"A",1300,"D",90,"D",90,"D",1170,"D",.,"A",.,"A"
"20153","03195001",14,0,"1",1950,"D",650,"D",.,"A",0,"D",0,"D",.,"A",.,"A",1300,"D",0,"D",50,"D",650,"D",.,"A",.,"A"
"20153","03195021",35,0,"1",1625,"D",325,"D",.,"A",910,"D",0,"D",.,"A",.,"A",1300,"D",0,"D",.,"A",.,"A",.,"A",.,"A"
"20153","03195031",38,0,"1",1625,"D",325,"D",.,"A",650,"D",150,"D",.,"A",.,"A",1300,"D",90,"D",.,"A",.,"A",.,"A",.,"A"
"20153","03195071",39,0,"1",1040,"D",390,"D",.,"A",104,"D",0,"D",.,"A",.,"A",650,"D",0,"D",.,"A",.,"A",.,"A",.,"A"
"20153","03195091",27,0,"1",1625,"D",325,"D",455,"D",650,"D",210,"D",.,"A",.,"A",1300,"D",195,"D",30,"D",390,"D",.,"A",.,"A"
"20153","03195101",41,0,"1",1300,"D",0,"D",.,"A",2600,"D",600,"D",.,"A",.,"A",1300,"D",90,"D",.,"A",.,"A",.,"A",.,"A"
"20153","03195121",18,0,"1",780,"D",390,"D",520,"D",650,"D",0,"D",.,"A",.,"A",390,"D",0,"D",.,"A",.,"A",.,"A",.,"A"
"20153","03195141",28,0,"1",2444,"D",0,"D",260,"D",0,"D",0,"D",.,"A",.,"A",2444,"D",0,"D",20,"D",260,"D",.,"A",.,"A"
"20153","03195151",32,0,"1",4550,"D",417,"F",.,"A",260,"D",30,"D",.,"A",.,"A",1479,"F",0,"D",.,"A",.,"A",.,"A",.,"A"
"20153","03195171",20,0,"1",650,"D",130,"D",.,"A",156,"D",150,"D",.,"A",.,"A",520,"D",24,"D",.,"A",.,"A",.,"A",.,"A"
"20153","03195201",39,0,"1",1300,"D",390,"D",65,"D",325,"D",60,"D",.,"A",.,"A",910,"D",75,"D",.,"A",.,"A",.,"A",.,"A"
"20153","03195221",13,0,"1",845,"D",325,"D",130,"D",0,"D",0,"D",.,"A",.,"A",520,"D",0,"D",.,"A",.,"A",.,"A",.,"A"
"20153","03195231",18,0,"1",2600,"D",650,"D",.,"A",650,"D",0,"D",.,"A",.,"A",1950,"D",0,"D",.,"A",.,"A",.,"A",.,"A"
"20153","03195291",36,0,"1",1625,"D",520,"D",.,"A",390,"D",0,"D",.,"A",.,"A",1105,"D",0,"D",.,"A",.,"A",.,"A",.,"A"
"20153","03195311",13,0,"1",1300,"D",104,"D",.,"A",195,"D",0,"D",.,"A",.,"A",1196,"D",0,"D",.,"A",.,"A",.,"A",.,"A"
"20153","03195321",13,0,"1",715,"D",130,"D",.,"A",0,"D",90,"D",.,"A",.,"A",585,"D",60,"D",.,"A",.,"A",.,"A",.,"A"
"20153","03195331",23,0,"1",1300,"D",0,"D",.,"A",650,"D",0,"D",.,"A",.,"A",1300,"D",0,"D",.,"A",.,"A",.,"A",.,"A"
"20153","03195341",24,0,"1",975,"D",325,"D",.,"A",2600,"D",0,"D",.,"A",135,"D",650,"D",60,"D",.,"A",.,"A",.,"A",.,"A"
"20153","03195351",30,0,"1",1950,"D",195,"D",.,"A",0,"D",0,"D",.,"A",.,"A",1755,"D",0,"D",.,"A",.,"A",.,"A",.,"A"
"20153","03195361",34,0,"1",910,"D",0,"D",.,"A",390,"D",60,"D",.,"A",.,"A",910,"D",0,"D",.,"A",.,"A",.,"A",.,"A"
"20153","03195401",46,0,"1",1300,"D",0,"D",65,"D",0,"D",0,"D",.,"A",.,"A",1300,"D",60,"D",20,"D",260,"D",.,"A",.,"A"
"20153","03195431",32,0,"1",3900,"D",650,"D",.,"A",390,"D",0,"D",.,"A",32,"D",3250,"D",0,"D",.,"A",.,"A",.,"A",.,"A"
"20153","03195441",36,0,"1",650,"D",130,"D",.,"A",1170,"D",3000,"D",.,"A",.,"A",520,"D",300,"D",.,"A",.,"A",.,"A",.,"A"
"20153","03195461",23,0,"1",3900,"D",650,"D",.,"A",520,"D",0,"D",.,"A",.,"A",3250,"D",0,"D",48,"D",624,"D",.,"A",.,"A"
"20153","03195481",22,0,"1",1820,"D",390,"D",.,"A",1560,"D",0,"D",.,"A",.,"A",1430,"D",0,"D",.,"A",.,"A",.,"A",.,"A"
"20153","03195491",17,0,"1",650,"D",65,"D",.,"A",195,"D",0,"D",.,"A",.,"A",585,"D",0,"D",10,"D",130,"D",.,"A",.,"A"
"20153","03195501",47,0,"1",1950,"D",455,"D",.,"A",260,"D",0,"D",.,"A",.,"A",1495,"D",0,"D",.,"A",.,"A",.,"A",.,"A"
"20153","03195521",8,0,"1",650,"D",130,"D",.,"A",195,"D",0,"D",.,"A",.,"A",520,"D",0,"D",.,"A",.,"A",.,"A",.,"A"
"20153","03195531",14,0,"1",650,"D",0,"D",.,"A",390,"D",0,"D",.,"A",.,"A",650,"D",0,"D",.,"A",.,"A",.,"A",.,"A"
"20153","03195541",23,0,"1",1950,"D",650,"D",.,"A",650,"D",0,"D",.,"A",.,"A",1300,"D",30,"D",.,"A",.,"A",.,"A",.,"A"
"20153","03195551",61,0,"1",650,"D",65,"D",260,"D",1300,"D",36,"D",.,"A",.,"A",585,"D",60,"D",.,"A",.,"A",.,"A",.,"A"
"20153","03195561",26,0,"1",520,"D",130,"D",65,"D",130,"D",0,"D",.,"A",.,"A",390,"D",60,"D",.,"A",.,"A",.,"A",.,"A"
"20153","03195591",57,0,"1",2600,"D",650,"D",325,"D",260,"D",0,"D",.,"A",.,"A",1950,"D",60,"D",.,"A",.,"A",91,"D",7,"D"
"20153","03195601",15,0,"1",1625,"D",195,"D",.,"A",520,"D",0,"D",.,"A",.,"A",1430,"D",0,"D",.,"A",.,"A",.,"A",.,"A"
"20153","03195611",36,0,"1",1430,"D",195,"D",130,"D",2600,"D",60,"D",.,"A",.,"A",1235,"D",75,"D",.,"A",.,"A",.,"A",.,"A"
"20153","03206001",46,0,"1",1300,"D",390,"D",.,"A",650,"D",0,"D",.,"A",.,"A",910,"D",0,"D",.,"A",.,"A",.,"A",.,"A"
"20153","03206031",29,0,"1",650,"D",260,"D",130,"D",1950,"D",0,"D",.,"A",.,"A",390,"D",0,"D",.,"A",.,"A",.,"A",.,"A"
"20153","03206051",18,0,"1",3900,"D",1300,"D",390,"D",520,"D",0,"D",.,"A",.,"A",2600,"D",0,"D",.,"A",.,"A",546,"D",42,"D"
"20153","03206061",50,0,"1",1300,"D",0,"D",130,"D",2600,"D",750,"D",.,"A",.,"A",1300,"D",150,"D",.,"A",.,"A",.,"A",.,"A"
"20153","03206071",23,0,"1",2600,"D",650,"D",.,"A",0,"D",0,"D",.,"A",.,"A",1950,"D",0,"D",.,"A",.,"A",.,"A",.,"A"
"20153","03206101",25,0,"1",325,"D",91,"D",91,"D",650,"D",0,"D",.,"A",.,"A",234,"D",0,"D",.,"A",.,"A",.,"A",.,"A"
"20153","03206111",18,0,"1",2600,"D",104,"D",390,"D",0,"D",0,"D",.,"A",.,"A",2496,"D",0,"D",25,"D",325,"D",.,"A",.,"A"
"20153","03206121",18,0,"1",455,"D",195,"D",.,"A",260,"D",150,"D",.,"A",.,"A",260,"D",45,"D",.,"A",.,"A",.,"A",.,"A"
"20153","03206131",27,0,"1",780,"D",390,"D",.,"A",975,"D",300,"D",.,"A",.,"A",390,"D",300,"D",.,"A",.,"A",.,"A",.,"A"
"20153","03206141",7,0,"1",260,"D",0,"D",.,"A",0,"D",0,"D",.,"A",.,"A",260,"D",0,"D",.,"A",.,"A",.,"A",.,"A"
"20153","03206155",39,0,"1",1300,"D",260,"D",.,"A",390,"D",0,"D",.,"A",.,"A",1040,"D",0,"D",.,"A",.,"A",.,"A",.,"A"
"20153","03206161",20,0,"1",780,"D",130,"D",.,"A",195,"D",0,"D",.,"A",.,"A",650,"D",0,"D",.,"A",.,"A",.,"A",.,"A"
"20153","03206171",23,0,"1",975,"D",260,"D",.,"A",0,"D",0,"D",.,"A",.,"A",715,"D",0,"D",.,"A",.,"A",.,"A",.,"A"
"20153","03206201",25,0,"1",780,"D",390,"D",.,"A",260,"D",810,"D",.,"A",.,"A",390,"D",150,"D",.,"A",.,"A",.,"A",.,"A"
"20153","03206211",14,0,"1",390,"D",0,"D",.,"A",260,"D",0,"D",.,"A",.,"A",390,"D",0,"D",.,"A",.,"A",260,"D",20,"D"
"20153","03206261",27,0,"1",2275,"D",390,"D",.,"A",520,"D",150,"D",.,"A",.,"A",1885,"D",150,"D",.,"A",.,"A",.,"A",.,"A"
"20153","03206291",14,0,"1",2600,"D",260,"D",.,"A",910,"D",0,"D",.,"A",.,"A",2340,"D",0,"D",.,"A",.,"A",.,"A",.,"A"
"20153","03206301",21,0,"1",1300,"D",130,"D",.,"A",0,"D",0,"D",.,"A",.,"A",1170,"D",105,"D",.,"A",.,"A",.,"A",.,"A"
"20153","03206331",55,0,"1",1300,"D",390,"D",.,"A",650,"D",0,"D",.,"A",.,"A",910,"D",0,"D",.,"A",.,"A",.,"A",.,"A"
"20153","03206343",15,0,"1",325,"D",0,"D",.,"A",780,"D",0,"D",.,"A",.,"A",325,"D",0,"D",.,"A",.,"A",.,"A",.,"A"
"20153","03206361",61,0,"1",312,"D",0,"D",.,"A",247,"D",15,"D",.,"A",.,"A",312,"D",150,"D",.,"A",.,"A",.,"A",.,"A"
"20153","03206371",57,0,"1",1300,"D",260,"D",.,"A",715,"D",60,"D",.,"A",.,"A",1040,"D",60,"D",.,"A",.,"A",.,"A",.,"A"
"20153","03206391",26,0,"1",1300,"D",173,"F",.,"A",195,"D",30,"D",.,"A",.,"A",623,"F",0,"D",.,"A",.,"A",.,"A",.,"A"
"20153","03206401",8,0,"1",1561,"F",.,"A",.,"A",757,"F",162,"F",.,"A",.,"A",1315,"F",175,"F",.,"A",.,"A",.,"A",.,"A"
"20153","03206471",54,0,"1",2600,"D",520,"D",.,"A",2340,"D",60,"D",.,"A",.,"A",2080,"D",150,"D",.,"A",.,"A",.,"A",.,"A"
"20153","03206481",19,0,"1",2600,"D",325,"D",.,"A",0,"D",0,"D",.,"A",.,"A",2275,"D",0,"D",.,"A",.,"A",.,"A",.,"A"
"20153","03206491",31,0,"1",1625,"D",156,"D",.,"A",1300,"D",0,"D",.,"A",.,"A",1469,"D",0,"D",.,"A",.,"A",.,"A",.,"A"
"20153","03206511",17,0,"1",845,"D",260,"D",.,"A",780,"D",0,"D",.,"A",.,"A",585,"D",0,"D",.,"A",.,"A",.,"A",.,"A"
"20153","03206561",19,0,"1",2600,"D",1300,"D",.,"A",650,"D",0,"D",.,"A",.,"A",1300,"D",0,"D",.,"A",.,"A",.,"A",.,"A"
"20153","03206581",36,0,"1",1755,"D",780,"D",650,"D",1300,"D",0,"D",.,"A",.,"A",975,"D",60,"D",.,"A",.,"A",.,"A",.,"A"
"20153","03206611",54,0,"1",2600,"D",325,"D",130,"D",1300,"D",60,"D",.,"A",.,"A",2275,"D",450,"D",.,"A",.,"A",.,"A",.,"A"
"20153","03206621",20,0,"1",845,"D",130,"D",.,"A",780,"D",0,"D",.,"A",.,"A",715,"D",0,"D",.,"A",.,"A",.,"A",.,"A"
"20153","03206651",18,0,"1",975,"D",260,"D",.,"A",260,"D",0,"D",.,"A",.,"A",715,"D",0,"D",65,"D",845,"D",.,"A",.,"A"
"20153","03206671",20,0,"1",2600,"D",650,"D",.,"A",650,"D",0,"D",.,"A",.,"A",1950,"D",0,"D",35,"D",455,"D",.,"A",.,"A"
"20153","03206681",21,0,"1",1950,"D",0,"D",.,"A",0,"D",0,"D",.,"A",.,"A",1950,"D",0,"D",.,"A",.,"A",.,"A",.,"A"
"20153","03206701",36,0,"1",845,"D",260,"D",.,"A",325,"D",60,"D",.,"A",.,"A",585,"D",180,"D",.,"A",.,"A",.,"A",.,"A"
"20153","03206721",21,0,"1",1300,"D",520,"D",.,"A",0,"D",0,"D",.,"A",.,"A",780,"D",450,"D",.,"A",.,"A",.,"A",.,"A"
"20153","03206731",11,0,"1",1300,"D",260,"D",.,"A",260,"D",0,"D",.,"A",.,"A",1040,"D",0,"D",.,"A",.,"A",.,"A",.,"A"
"20153","03206741",37,0,"1",1625,"D",390,"D",195,"D",325,"D",0,"D",.,"A",.,"A",1235,"D",0,"D",.,"A",.,"A",.,"A",.,"A"
"20153","03206751",22,0,"1",1300,"D",260,"D",.,"A",0,"D",0,"D",.,"A",.,"A",1040,"D",75,"D",.,"A",.,"A",.,"A",.,"A"
"20153","03206764",11,0,"1",1300,"D",130,"D",.,"A",0,"D",0,"D",.,"A",.,"A",1170,"D",0,"D",15,"D",195,"D",.,"A",.,"A"
"20153","03206771",40,0,"1",650,"D",195,"D",.,"A",650,"D",0,"D",.,"A",.,"A",455,"D",0,"D",.,"A",.,"A",.,"A",.,"A"
"20153","03206791",34,0,"1",1950,"D",780,"D",130,"D",260,"D",0,"D",.,"A",.,"A",1170,"D",0,"D",.,"A",.,"A",.,"A",.,"A"
"20153","03206801",40,0,"1",1300,"D",195,"D",.,"A",104,"D",0,"D",.,"A",.,"A",1105,"D",450,"D",.,"A",.,"A",.,"A",.,"A"
"20153","03206821",25,0,"1",1560,"D",130,"D",390,"D",650,"D",0,"D",.,"A",.,"A",1430,"D",0,"D",.,"A",.,"A",.,"A",.,"A"
"20153","03206831",25,0,"1",3250,"D",650,"D",1300,"D",390,"D",0,"D",.,"A",.,"A",2600,"D",0,"D",.,"A",.,"A",.,"A",.,"A"
"20153","03206881",17,0,"1",455,"D",65,"D",.,"A",0,"D",0,"D",.,"A",.,"A",390,"D",0,"D",.,"A",.,"A",.,"A",.,"A"
"20153","03206911",31,0,"1",1950,"D",390,"D",.,"A",520,"D",15,"D",.,"A",50,"D",1560,"D",15,"D",.,"A",.,"A",.,"A",.,"A"
"20153","03206931",28,0,"1",975,"D",130,"D",.,"A",325,"D",0,"D",.,"A",.,"A",845,"D",0,"D",.,"A",.,"A",.,"A",.,"A"
"20153","03206971",20,0,"1",975,"D",313,"F",.,"A",0,"D",0,"D",.,"A",.,"A",1154,"F",150,"D",.,"A",.,"A",.,"A",.,"A"
"20153","03206981",22,0,"1",1300,"D",0,"D",.,"A",260,"D",0,"D",.,"A",.,"A",1300,"D",0,"D",.,"A",.,"A",.,"A",.,"A"
"20153","03207021",42,0,"1",1300,"D",130,"D",260,"D",1300,"D",0,"D",.,"A",.,"A",1170,"D",0,"D",40,"D",520,"D",.,"A",.,"A"
"20153","03207031",22,0,"1",1300,"D",195,"D",1300,"D",1300,"D",0,"D",.,"A",.,"A",1105,"D",0,"D",.,"A",.,"A",.,"A",.,"A"
"20153","03207051",24,0,"1",1430,"D",325,"D",39,"D",65,"D",0,"D",.,"A",.,"A",1105,"D",0,"D",.,"C",504,"F",.,"A",.,"A"
"20153","03207061",11,0,"1",1300,"D",368,"F",.,"A",0,"D",88,"F",.,"A",.,"A",1384,"F",104,"F",.,"A",.,"A",.,"A",.,"A"
"20153","03207071",23,0,"1",520,"D",0,"D",.,"A",1885,"D",0,"D",.,"A",.,"A",520,"D",0,"D",.,"A",.,"A",.,"A",.,"A"
"20153","03207101",19,0,"1",975,"D",130,"D",.,"A",0,"D",0,"D",.,"A",.,"A",845,"D",0,"D",.,"A",.,"A",.,"A",.,"A"
"20153","03207111",20,0,"1",780,"D",65,"D",.,"A",520,"D",0,"D",.,"A",.,"A",715,"D",0,"D",.,"A",.,"A",.,"A",.,"A"
"20153","03207121",28,0,"1",3120,"D",130,"D",.,"A",780,"D",30,"D",.,"A",.,"A",2990,"D",0,"D",.,"A",.,"A",.,"A",.,"A"
"20153","03207141",18,0,"1",2405,"D",0,"D",.,"A",260,"D",0,"D",.,"A",.,"A",2405,"D",0,"D",.,"A",.,"A",.,"A",.,"A"
"20153","03207151",23,0,"1",2080,"D",910,"D",.,"A",1300,"D",420,"D",.,"A",.,"A",1170,"D",420,"D",.,"A",.,"A",.,"A",.,"A"
"20153","03207161",32,0,"1",2600,"D",650,"D",.,"A",1187,"F",0,"D",.,"A",.,"A",1950,"D",360,"D",.,"A",.,"A",.,"A",.,"A"
"20153","03207181",46,0,"1",1625,"D",780,"D",.,"A",520,"D",0,"D",.,"A",.,"A",845,"D",30,"D",.,"A",.,"A",.,"A",.,"A"
"20153","03207191",25,0,"1",1560,"D",520,"D",325,"D",1560,"D",1200,"D",390,"D",.,"A",1040,"D",360,"D",.,"A",.,"A",.,"A",.,"A"
"20153","03207201",16,0,"1",2600,"D",494,"D",.,"A",390,"D",0,"D",.,"A",.,"A",2106,"D",0,"D",.,"A",.,"A",.,"A",.,"A"
"20153","03207211",30,0,"1",1300,"D",0,"D",1300,"D",650,"D",0,"D",.,"A",.,"A",1300,"D",0,"D",.,"A",.,"A",.,"A",.,"A"
"20153","03207241",43,0,"1",1950,"D",434,"F",.,"A",520,"D",0,"D",.,"A",.,"A",1666,"F",120,"D",.,"A",.,"A",.,"A",.,"A"
"20153","03207261",31,0,"1",1950,"D",390,"D",.,"A",650,"D",60,"D",.,"A",.,"A",1560,"D",60,"D",.,"A",.,"A",.,"A",.,"A"
"20153","03207271",21,0,"1",1561,"F",.,"A",.,"A",130,"D",150,"D",.,"A",.,"A",1315,"F",150,"D",.,"C",608,"F",.,"A",.,"A"
"20153","03207301",36,0,"1",3250,"D",520,"D",.,"A",1300,"D",0,"D",.,"A",120,"D",2730,"D",0,"D",100,"D",1300,"D",.,"A",.,"A"
"20153","03207331",17,0,"1",1300,"D",260,"D",104,"D",0,"D",0,"D",.,"A",.,"A",1040,"D",0,"D",.,"A",.,"A",.,"A",.,"A"
"20153","03207361",17,0,"1",1950,"D",260,"D",.,"A",520,"D",0,"D",.,"A",.,"A",1690,"D",0,"D",.,"A",.,"A",.,"A",.,"A"
"20153","03207381",43,0,"1",1950,"D",650,"D",.,"A",1950,"D",0,"D",.,"A",.,"A",1300,"D",0,"D",.,"A",.,"A",.,"A",.,"A"
"20153","03207401",22,0,"1",2600,"D",260,"D",.,"A",3900,"D",60,"D",.,"A",.,"A",2340,"D",300,"D",.,"A",.,"A",.,"A",.,"A"
"20153","03207451",25,0,"1",1300,"D",260,"D",.,"A",1495,"D",0,"D",.,"A",.,"A",1040,"D",0,"D",.,"A",.,"A",.,"A",.,"A"
"20153","03207491",21,0,"1",2730,"D",130,"D",.,"A",390,"D",0,"D",.,"A",.,"A",2600,"D",0,"D",.,"A",.,"A",.,"A",.,"A"
"20153","03207551",19,0,"1",455,"D",325,"D",.,"A",1560,"D",0,"D",.,"A",.,"A",130,"D",0,"D",40,"D",520,"D",.,"A",.,"A"
"20153","03207571",32,0,"1",1950,"D",325,"D",.,"A",650,"D",0,"D",.,"A",.,"A",1625,"D",0,"D",.,"A",.,"A",.,"A",.,"A"
"20153","03207581",27,0,"1",1300,"D",156,"D",.,"A",780,"D",0,"D",.,"A",.,"A",1144,"D",0,"D",5,"D",65,"D",.,"A",.,"A"
"20153","03207591",25,0,"1",975,"D",130,"D",.,"A",195,"D",0,"D",.,"A",.,"A",845,"D",0,"D",.,"A",.,"A",.,"A",.,"A"
"20153","03207611",23,0,"1",1950,"D",445,"F",.,"A",390,"D",0,"D",.,"A",.,"A",1825,"F",60,"D",.,"A",.,"A",.,"A",.,"A"
"20153","03207624",71,0,"1",1950,"D",650,"D",260,"D",455,"D",0,"D",.,"A",47,"D",1300,"D",0,"D",.,"A",.,"A",.,"A",.,"A"
"20153","03207631",14,0,"1",520,"D",0,"D",.,"A",325,"D",0,"D",.,"A",.,"A",520,"D",0,"D",.,"A",.,"A",.,"A",.,"A"
"20153","03207661",17,0,"1",1950,"D",0,"D",650,"D",510,"F",0,"D",.,"A",.,"A",1950,"D",0,"D",.,"A",.,"A",.,"A",.,"A"
"20153","03207681",25,0,"1",975,"D",195,"D",.,"A",260,"D",150,"D",.,"A",.,"A",780,"D",54,"D",.,"A",.,"A",.,"A",.,"A"
"20153","03207691",16,0,"1",650,"D",65,"D",.,"A",390,"D",0,"D",.,"A",.,"A",585,"D",0,"D",.,"A",.,"A",.,"A",.,"A"
"20153","03207711",28,0,"1",1300,"D",390,"D",.,"A",260,"D",30,"D",.,"A",.,"A",910,"D",132,"D",15,"D",195,"D",.,"A",.,"A"
"20153","03207731",18,0,"1",650,"D",104,"D",.,"A",13,"D",0,"D",.,"A",.,"A",546,"D",0,"D",.,"A",.,"A",.,"A",.,"A"
"20153","03207751",29,0,"1",1300,"D",390,"D",390,"D",650,"D",300,"D",.,"A",.,"A",910,"D",90,"D",0,"D",0,"D",.,"A",.,"A"
"20153","03207771",18,0,"1",650,"D",0,"D",.,"A",260,"D",0,"D",.,"A",.,"A",650,"D",0,"D",.,"A",.,"A",13,"D",1,"D"
"20153","03207821",53,0,"1",1300,"D",325,"D",195,"D",650,"D",120,"D",.,"A",.,"A",975,"D",75,"D",.,"A",.,"A",.,"A",.,"A"
"20153","03207831",31,0,"1",780,"D",78,"D",.,"A",195,"D",0,"D",.,"A",.,"A",702,"D",0,"D",.,"A",.,"A",.,"A",.,"A"
"20153","03207841",11,0,"1",6500,"D",412,"F",.,"A",799,"F",0,"D",.,"A",.,"A",1866,"F",0,"D",.,"A",.,"A",.,"A",.,"A"
"20153","03207851",33,0,"1",1300,"D",520,"D",.,"A",520,"D",0,"D",.,"A",.,"A",780,"D",0,"D",.,"A",.,"A",.,"A",.,"A"
"20153","03207861",23,0,"1",780,"D",0,"D",.,"A",520,"D",0,"D",.,"A",.,"A",780,"D",120,"D",.,"A",.,"A",.,"A",.,"A"
"20153","03207871",22,0,"1",390,"D",65,"D",.,"A",65,"D",0,"D",.,"A",.,"A",325,"D",0,"D",.,"A",.,"A",.,"A",.,"A"
"20153","03207891",20,0,"1",3900,"D",260,"D",.,"A",799,"F",0,"D",.,"A",.,"A",3640,"D",60,"D",20,"D",260,"D",.,"A",.,"A"
"20153","03207901",35,0,"1",10400,"D",1300,"D",.,"A",390,"D",0,"D",.,"A",.,"A",9100,"D",0,"D",.,"A",.,"A",.,"A",.,"A"
"20153","03207911",11,0,"1",1300,"D",650,"D",.,"A",650,"D",0,"D",.,"A",.,"A",650,"D",0,"D",.,"A",.,"A",.,"A",.,"A"
"20153","03207921",26,0,"1",650,"D",130,"D",.,"A",1300,"D",0,"D",.,"A",.,"A",520,"D",0,"D",.,"A",.,"A",.,"A",.,"A"
"20153","03207934",14,0,"1",780,"D",260,"D",.,"A",130,"D",30,"D",.,"A",.,"A",520,"D",45,"D",.,"A",.,"A",.,"A",.,"A"
"20153","03207951",41,0,"1",2600,"D",520,"D",260,"D",260,"D",30,"D",.,"A",.,"A",2080,"D",90,"D",.,"A",.,"A",.,"A",.,"A"
"20153","03207961",46,0,"1",2600,"D",975,"D",.,"A",0,"D",0,"D",.,"A",.,"A",1625,"D",0,"D",.,"A",.,"A",.,"A",.,"A"
"20153","03207991",29,0,"1",650,"D",303,"F",.,"A",520,"D",6,"D",.,"A",.,"A",1077,"F",6,"D",.,"A",.,"A",.,"A",.,"A"
"20153","03208021",17,0,"1",650,"D",65,"D",.,"A",39,"D",0,"D",.,"A",.,"A",585,"D",0,"D",.,"A",.,"A",.,"A",.,"A"
"20153","03208033",42,0,"1",2600,"D",650,"D",260,"D",520,"D",0,"D",.,"A",.,"A",1950,"D",0,"D",.,"A",.,"A",.,"A",.,"A"
"20153","03208051",37,0,"1",1404,"D",104,"D",.,"A",520,"D",0,"D",.,"A",.,"A",1300,"D",0,"D",.,"A",.,"A",.,"A",.,"A"
"20153","03208061",28,0,"1",2232,"F",.,"A",.,"A",799,"F",127,"F",.,"A",.,"A",1866,"F",120,"F",.,"A",.,"A",.,"A",.,"A"
"20153","03208081",22,0,"1",975,"D",208,"D",260,"D",1365,"D",0,"D",.,"A",.,"A",767,"D",0,"D",.,"A",.,"A",.,"A",.,"A"
"20153","03208101",49,0,"1",2275,"D",221,"D",520,"D",1300,"D",75,"D",.,"A",.,"A",2054,"D",225,"D",.,"A",.,"A",.,"A",.,"A"
"20153","03208111",32,0,"1",2600,"D",325,"D",.,"A",325,"D",30,"D",.,"A",120,"D",2275,"D",0,"D",.,"A",.,"A",.,"A",.,"A"
"20153","03208121",51,0,"1",2600,"D",1300,"D",.,"A",1950,"D",300,"D",.,"A",.,"A",1300,"D",600,"D",.,"A",.,"A",.,"A",.,"A"
"20153","03208141",24,0,"1",780,"D",104,"D",260,"D",260,"D",0,"D",.,"A",.,"A",676,"D",0,"D",.,"A",.,"A",.,"A",.,"A"
"20153","03208151",20,0,"1",780,"D",78,"D",.,"A",130,"D",0,"D",.,"A",.,"A",702,"D",0,"D",.,"A",.,"A",.,"A",.,"A"
"20153","03208161",30,0,"1",2600,"D",520,"D",.,"A",650,"D",0,"D",.,"A",.,"A",2080,"D",0,"D",.,"A",.,"A",.,"A",.,"A"
"20153","03208171",35,0,"1",1950,"D",455,"D",.,"A",1300,"D",150,"D",.,"A",.,"A",1495,"D",150,"D",.,"A",.,"A",.,"A",.,"A"
"20153","03208213",19,0,"1",650,"D",390,"D",.,"A",650,"D",0,"D",.,"A",.,"A",260,"D",0,"D",.,"A",.,"A",.,"A",.,"A"
"20153","03208221",48,0,"1",3250,"D",650,"D",325,"D",1300,"D",0,"D",.,"A",45,"D",2600,"D",0,"D",.,"A",.,"A",.,"A",.,"A"
"20153","03208232",27,0,"1",2600,"D",260,"D",.,"A",0,"D",0,"D",.,"A",.,"A",2340,"D",0,"D",.,"A",.,"A",.,"A",.,"A"
"20153","03208241",37,0,"1",2600,"D",390,"D",.,"A",650,"D",30,"D",.,"A",.,"A",2210,"D",0,"D",25,"D",325,"D",.,"A",.,"A"
"20153","03208274",12,0,"1",455,"D",0,"D",.,"A",0,"D",0,"D",.,"A",.,"A",455,"D",0,"D",.,"A",.,"A",.,"A",.,"A"
"20153","03208281",22,0,"1",650,"D",65,"D",.,"A",325,"D",0,"D",.,"A",.,"A",585,"D",0,"D",20,"D",260,"D",.,"A",.,"A"
"20153","03208301",29,0,"1",1560,"D",520,"D",650,"D",780,"D",210,"D",.,"A",.,"A",1040,"D",180,"D",.,"A",.,"A",.,"A",.,"A"
"20153","03208321",32,0,"1",2600,"D",390,"D",.,"A",1300,"D",60,"D",.,"A",.,"A",2210,"D",150,"D",50,"D",650,"D",.,"A",.,"A"
"20153","03208361",28,0,"1",1950,"D",650,"D",.,"A",520,"D",6,"D",.,"A",.,"A",1300,"D",6,"D",.,"A",.,"A",.,"A",.,"A"
"20153","03208371",22,0,"1",3900,"D",0,"D",.,"A",260,"D",0,"D",.,"A",.,"A",3900,"D",0,"D",.,"A",.,"A",.,"A",.,"A"
"20153","03208391",21,0,"1",975,"D",65,"D",.,"A",975,"D",0,"D",.,"A",.,"A",910,"D",0,"D",.,"A",.,"A",.,"A",.,"A"
"20153","03208411",14,0,"1",1950,"D",390,"D",.,"A",0,"D",0,"D",.,"A",.,"A",1560,"D",0,"D",.,"A",.,"A",.,"A",.,"A"
"20153","03208461",20,0,"1",741,"D",26,"D",.,"A",0,"D",0,"D",.,"A",.,"A",715,"D",0,"D",.,"A",.,"A",.,"A",.,"A"
"20153","03208471",41,0,"1",975,"D",260,"D",130,"D",650,"D",150,"D",.,"A",.,"A",715,"D",150,"D",.,"A",.,"A",.,"A",.,"A"
"20153","03208481",35,0,"1",2600,"D",650,"D",.,"A",1040,"D",300,"D",.,"A",.,"A",1950,"D",0,"D",.,"A",.,"A",.,"A",.,"A"
"20153","03208491",33,0,"1",4550,"D",650,"D",975,"D",0,"D",0,"D",.,"A",.,"A",3900,"D",450,"D",.,"A",.,"A",.,"A",.,"A"
"20153","03208521",33,0,"1",1950,"D",780,"D",.,"A",325,"D",0,"D",.,"A",58,"D",1170,"D",0,"D",.,"A",.,"A",.,"A",.,"A"
"20153","03208541",20,0,"1",975,"D",0,"D",.,"A",780,"D",0,"D",.,"A",.,"A",975,"D",0,"D",.,"A",.,"A",.,"A",.,"A"
"20153","03208551",39,0,"1",1040,"D",130,"D",.,"A",650,"D",0,"D",.,"A",.,"A",910,"D",105,"D",.,"A",.,"A",.,"A",.,"A"
"20153","03208561",12,0,"1",650,"D",0,"D",.,"A",0,"D",0,"D",.,"A",.,"A",650,"D",0,"D",.,"A",.,"A",.,"A",.,"A"
"20153","03208571",14,0,"1",1950,"D",335,"F",.,"A",757,"F",0,"D",.,"A",.,"A",1315,"F",0,"D",.,"A",.,"A",.,"A",.,"A"
"20153","03208585",30,0,"1",1300,"D",130,"D",.,"A",0,"D",6,"D",.,"A",.,"A",1170,"D",6,"D",.,"A",.,"A",.,"A",.,"A"
"20153","03208591",55,0,"1",1950,"D",260,"D",.,"A",780,"D",0,"D",.,"A",13,"D",1690,"D",360,"D",.,"A",.,"A",.,"A",.,"A"
"20153","03208601",57,0,"1",6500,"D",390,"D",260,"D",260,"D",0,"D",.,"A",.,"A",6110,"D",0,"D",13,"D",169,"D",.,"A",.,"A"
"20153","03208641",17,0,"1",1300,"D",390,"D",260,"D",520,"D",300,"D",.,"A",.,"A",910,"D",0,"D",.,"A",.,"A",.,"A",.,"A"
"20153","03208651",26,0,"1",2600,"D",65,"D",.,"A",650,"D",0,"D",.,"A",.,"A",2535,"D",75,"D",.,"A",.,"A",.,"A",.,"A"
"20153","03208671",35,0,"1",1300,"D",650,"D",260,"D",975,"D",0,"D",.,"A",.,"A",650,"D",0,"D",.,"A",.,"A",.,"A",.,"A"
"20153","03208701",36,0,"1",2275,"D",260,"D",.,"A",130,"D",30,"D",.,"A",.,"A",2015,"D",300,"D",20,"D",260,"D",.,"A",.,"A"
"20153","03208711",59,0,"1",1950,"D",65,"D",.,"A",390,"D",0,"D",.,"A",.,"A",1885,"D",45,"D",.,"A",.,"A",.,"A",.,"A"
"20153","03208724",20,0,"1",975,"D",104,"D",.,"A",650,"D",75,"D",.,"A",.,"A",871,"D",150,"D",.,"A",.,"A",.,"A",.,"A"
"20153","03208741",76,0,"1",2600,"D",0,"D",.,"A",2600,"D",30,"D",.,"A",218,"D",2600,"D",75,"D",.,"A",.,"A",.,"A",.,"A"
"20153","03208751",55,0,"1",1950,"D",520,"D",.,"A",130,"D",6,"D",.,"A",50,"D",1430,"D",6,"D",.,"A",.,"A",.,"A",.,"A"
"20153","03208761",24,0,"1",1300,"D",195,"D",390,"D",195,"D",0,"D",.,"A",.,"A",1105,"D",0,"D",.,"A",.,"A",.,"A",.,"A"
"20153","03208781",40,0,"1",3250,"D",1300,"D",325,"D",780,"D",120,"D",.,"A",.,"A",1950,"D",750,"D",.,"A",.,"A",.,"A",.,"A"
"20153","03208821",24,0,"1",650,"D",195,"D",.,"A",65,"D",0,"D",.,"A",.,"A",455,"D",51,"D",.,"A",.,"A",.,"A",.,"A"
"20153","03208834",28,0,"1",1950,"D",325,"D",130,"D",520,"D",300,"D",.,"A",.,"A",1625,"D",480,"D",.,"A",.,"A",.,"A",.,"A"
"20153","03208841",23,0,"1",780,"D",0,"D",.,"A",390,"D",0,"D",.,"A",.,"A",780,"D",0,"D",.,"A",.,"A",.,"A",.,"A"
"20153","03208861",14,0,"1",1950,"D",260,"D",.,"A",390,"D",0,"D",.,"A",.,"A",1690,"D",90,"D",30,"D",390,"D",.,"A",.,"A"
"20153","03208874",36,0,"1",2600,"D",650,"D",.,"A",2600,"D",600,"D",.,"A",.,"A",1950,"D",75,"D",.,"A",.,"A",.,"A",.,"A"
"20153","03208881",16,0,"1",1560,"D",325,"D",.,"A",130,"D",0,"D",.,"A",.,"A",1235,"D",0,"D",.,"A",.,"A",.,"A",.,"A"
"20153","03208921",15,0,"1",585,"D",130,"D",260,"D",650,"D",0,"D",.,"A",.,"A",455,"D",0,"D",.,"A",.,"A",.,"A",.,"A"
"20153","03208931",44,0,"1",1040,"D",260,"D",.,"A",650,"D",900,"D",.,"A",.,"A",780,"D",150,"D",.,"A",.,"A",.,"A",.,"A"
"20153","03208941",18,0,"1",0,"D",.,"A",.,"A",0,"D",6,"D",.,"A",.,"A",0,"D",6,"D",.,"A",.,"A",.,"A",.,"A"
"20153","03208951",42,0,"1",650,"D",0,"D",26,"D",520,"D",0,"D",.,"A",.,"A",650,"D",0,"D",24,"D",312,"D",.,"A",.,"A"
"20153","03208971",22,0,"1",2600,"D",260,"D",.,"A",390,"D",0,"D",.,"A",.,"A",2340,"D",0,"D",.,"A",.,"A",.,"A",.,"A"
"20153","03209041",39,0,"1",3900,"D",325,"D",520,"D",780,"D",0,"D",.,"A",.,"A",3575,"D",0,"D",.,"A",.,"A",.,"A",.,"A"
"20153","03209051",10,0,"1",520,"D",0,"D",.,"A",0,"D",0,"D",.,"A",.,"A",520,"D",90,"D",16,"D",208,"D",.,"A",.,"A"
"20153","03209081",12,0,"1",1300,"D",780,"D",.,"A",0,"D",0,"D",.,"A",.,"A",520,"D",0,"D",.,"A",.,"A",.,"A",.,"A"
"20153","03209091",28,0,"1",2080,"D",325,"D",.,"A",910,"D",0,"D",.,"A",.,"A",1755,"D",0,"D",.,"A",.,"A",.,"A",.,"A"
"20153","03209101",33,0,"1",2600,"D",650,"D",520,"D",130,"D",0,"D",.,"A",.,"A",1950,"D",0,"D",.,"A",.,"A",.,"A",.,"A"
"20153","03209111",35,0,"1",2340,"D",325,"D",260,"D",520,"D",0,"D",.,"A",.,"A",2015,"D",0,"D",.,"A",.,"A",.,"A",.,"A"
"20153","03209121",37,0,"1",1950,"D",650,"D",325,"D",650,"D",0,"D",.,"A",.,"A",1300,"D",300,"D",60,"D",780,"D",.,"A",.,"A"
"20153","03209142",11,0,"1",585,"D",208,"D",.,"A",0,"D",0,"D",.,"A",.,"A",377,"D",0,"D",0,"D",0,"D",.,"A",.,"A"
"20153","03209161",25,0,"1",1040,"D",195,"D",.,"A",260,"D",0,"D",.,"A",.,"A",845,"D",0,"D",.,"A",.,"A",.,"A",.,"A"
"20153","03209171",41,0,"1",1950,"D",325,"D",.,"A",650,"D",0,"D",.,"A",.,"A",1625,"D",0,"D",25,"D",325,"D",.,"A",.,"A"
"20153","03209181",37,0,"1",1300,"D",335,"F",1300,"D",0,"D",0,"D",.,"A",.,"A",1315,"F",36,"D",.,"A",.,"A",.,"A",.,"A"
"20153","03209191",41,0,"1",1950,"D",0,"D",.,"A",325,"D",0,"D",.,"A",.,"A",1950,"D",0,"D",.,"A",.,"A",.,"A",.,"A"
"20153","03209201",17,0,"1",1430,"D",130,"D",.,"A",0,"D",0,"D",.,"A",.,"A",1300,"D",0,"D",.,"A",.,"A",.,"A",.,"A"
"20153","03209231",29,0,"1",3900,"D",650,"D",65,"D",130,"D",0,"D",.,"A",.,"A",3250,"D",0,"D",.,"A",.,"A",.,"A",.,"A"
"20153","03209281",19,0,"1",650,"D",130,"D",.,"A",390,"D",0,"D",.,"A",.,"A",520,"D",0,"D",.,"A",.,"A",.,"A",.,"A"
"20153","03209291",19,0,"1",1361,"F",.,"A",.,"A",0,"D",0,"D",.,"A",.,"A",1077,"F",0,"D",.,"A",.,"A",.,"A",.,"A"
"20153","03209301",33,0,"1",2925,"D",325,"D",.,"A",650,"D",300,"D",.,"A",.,"A",2600,"D",900,"D",.,"A",.,"A",.,"A",.,"A"
"20153","03209331",13,0,"1",1300,"D",0,"D",650,"D",390,"D",0,"D",.,"A",.,"A",1300,"D",0,"D",.,"A",.,"A",.,"A",.,"A"
"20153","03209341",51,0,"1",754,"D",104,"D",.,"A",130,"D",0,"D",.,"A",.,"A",650,"D",0,"D",.,"A",.,"A",.,"A",.,"A"
"20153","03209391",42,0,"1",780,"D",0,"D",.,"A",1560,"D",480,"D",.,"A",.,"A",780,"D",168,"D",.,"A",.,"A",.,"A",.,"A"
"20153","03209411",26,0,"1",2600,"D",325,"D",.,"A",130,"D",0,"D",.,"A",.,"A",2275,"D",0,"D",.,"A",.,"A",.,"A",.,"A"
"20153","03209432",41,0,"1",780,"D",130,"D",.,"A",260,"D",0,"D",.,"A",.,"A",650,"D",0,"D",.,"A",.,"A",.,"A",.,"A"
"20153","03209451",33,0,"1",1690,"D",390,"D",.,"A",780,"D",0,"D",.,"A",.,"A",1300,"D",0,"D",.,"A",.,"A",.,"A",.,"A"
"20153","03209471",35,0,"1",650,"D",65,"D",.,"A",260,"D",0,"D",.,"A",.,"A",585,"D",0,"D",.,"A",.,"A",52,"D",4,"D"
"20153","03209491",25,0,"1",6500,"D",390,"D",.,"A",2600,"D",0,"D",.,"A",.,"A",6110,"D",0,"D",.,"A",.,"A",.,"A",.,"A"
"20153","03209523",41,0,"1",780,"D",260,"D",.,"A",260,"D",360,"D",.,"A",.,"A",520,"D",75,"D",.,"A",.,"A",52,"D",4,"D"
"20153","03209531",24,0,"1",1768,"D",442,"D",.,"A",1300,"D",0,"D",.,"A",.,"A",1326,"D",90,"D",.,"A",.,"A",.,"A",.,"A"
"20153","03209551",16,0,"1",1360,"F",.,"A",.,"A",650,"D",0,"D",.,"A",.,"A",1097,"F",0,"D",.,"A",.,"A",.,"A",.,"A"
"20153","03209561",8,0,"1",919,"F",.,"A",.,"A",604,"F",121,"F",.,"A",.,"A",741,"F",92,"F",.,"A",.,"A",.,"A",.,"A"
"20153","03209581",9,0,"1",0,"D",.,"A",.,"A",0,"D",6,"D",.,"A",.,"A",0,"D",6,"D",.,"A",.,"A",.,"A",.,"A"
"20153","03209591",56,0,"1",2600,"D",325,"D",.,"A",455,"D",0,"D",.,"A",20,"D",2275,"D",0,"D",.,"A",.,"A",.,"A",.,"A"
"20153","03209611",20,0,"1",260,"D",26,"D",26,"D",0,"D",0,"D",.,"A",.,"A",234,"D",0,"D",.,"A",.,"A",.,"A",.,"A"
"20153","03209621",12,0,"1",1300,"D",130,"D",.,"A",780,"D",0,"D",.,"A",.,"A",1170,"D",0,"D",.,"A",.,"A",.,"A",.,"A"
"20153","03209641",9,0,"1",1300,"D",130,"D",.,"A",0,"D",127,"F",.,"A",.,"A",1170,"D",194,"F",.,"C",511,"F",.,"A",.,"A"
"20153","03209651",17,0,"1",3250,"D",325,"D",.,"A",650,"D",0,"D",.,"A",.,"A",2925,"D",150,"D",.,"A",.,"A",.,"A",.,"A"
"20153","03209661",31,0,"1",2015,"D",0,"D",.,"A",520,"D",150,"D",.,"A",.,"A",2015,"D",360,"D",13,"D",169,"D",.,"A",.,"A"
"20153","03209691",18,0,"1",390,"D",0,"D",.,"A",0,"D",0,"D",.,"A",.,"A",390,"D",0,"D",5,"D",65,"D",.,"A",.,"A"
"20153","03209701",28,0,"1",1560,"D",260,"D",.,"A",0,"D",300,"D",.,"A",.,"A",1300,"D",120,"D",.,"A",.,"A",.,"A",.,"A"
"20153","03209711",49,0,"1",975,"D",65,"D",260,"D",130,"D",0,"D",.,"A",.,"A",910,"D",0,"D",.,"A",.,"A",.,"A",.,"A"
"20153","03209721",85,0,"1",1625,"D",390,"D",390,"D",650,"D",0,"D",.,"A",.,"A",1235,"D",0,"D",.,"A",.,"A",.,"A",.,"A"
"20153","03209731",23,0,"1",975,"D",260,"D",.,"A",260,"D",60,"D",.,"A",.,"A",715,"D",45,"D",.,"A",.,"A",.,"A",.,"A"
"20153","03209751",16,0,"1",0,"D",.,"A",.,"A",0,"D",0,"D",.,"A",.,"A",0,"D",0,"D",.,"A",.,"A",.,"A",.,"A"
"20153","03209761",27,0,"1",3900,"D",1300,"D",.,"A",130,"D",0,"D",.,"A",.,"A",2600,"D",0,"D",15,"D",195,"D",.,"A",.,"A"
"20153","03209771",16,0,"1",780,"D",195,"D",.,"A",390,"D",0,"D",.,"A",.,"A",585,"D",0,"D",.,"A",.,"A",.,"A",.,"A"
"20153","03209781",9,0,"1",520,"D",130,"D",.,"A",0,"D",0,"D",.,"A",.,"A",390,"D",0,"D",20,"D",260,"D",.,"A",.,"A"
"20153","03209791",11,0,"1",104,"D",0,"D",.,"A",0,"D",0,"D",.,"A",.,"A",104,"D",0,"D",.,"A",.,"A",.,"A",.,"A"
"20153","03209801",14,0,"1",1300,"D",130,"D",.,"A",650,"D",0,"D",.,"A",.,"A",1170,"D",0,"D",.,"A",.,"A",.,"A",.,"A"
"20153","03209811",52,0,"1",2600,"D",650,"D",390,"D",650,"D",0,"D",.,"A",.,"A",1950,"D",0,"D",.,"A",.,"A",.,"A",.,"A"
"20153","03209821",33,0,"1",3250,"D",650,"D",.,"A",1300,"D",135,"D",.,"A",260,"D",2600,"D",135,"D",.,"A",.,"A",.,"A",.,"A"
"20153","03209831",54,0,"1",3900,"D",650,"D",.,"A",0,"D",0,"D",.,"A",.,"A",3250,"D",2250,"D",.,"A",.,"A",.,"A",.,"A"
"20153","03209851",55,0,"1",1950,"D",780,"D",130,"D",650,"D",120,"D",.,"A",.,"A",1170,"D",240,"D",.,"A",.,"A",.,"A",.,"A"
"20153","03209881",15,0,"1",910,"D",195,"D",.,"A",130,"D",0,"D",.,"A",.,"A",715,"D",45,"D",.,"A",.,"A",.,"A",.,"A"
"20153","03209911",23,0,"1",650,"D",65,"D",.,"A",91,"D",150,"D",.,"A",.,"A",585,"D",150,"D",40,"D",520,"D",.,"A",.,"A"
"20153","03209921",36,0,"1",2340,"D",390,"D",.,"A",975,"D",300,"D",.,"A",45,"D",1950,"D",120,"D",80,"D",1040,"D",.,"A",.,"A"
"20153","03209941",52,0,"1",650,"D",65,"D",65,"D",260,"D",30,"D",.,"A",.,"A",585,"D",60,"D",.,"A",.,"A",.,"A",.,"A"
"20153","03209951",23,0,"1",877,"F",.,"A",.,"A",0,"D",0,"D",.,"A",.,"A",709,"F",0,"D",.,"A",.,"A",.,"A",.,"A"
"20153","03209971",38,0,"1",780,"D",488,"F",520,"D",780,"D",6,"D",.,"A",.,"A",1762,"F",6,"D",.,"A",.,"A",.,"A",.,"A"
"20153","03209981",41,0,"1",910,"D",130,"D",650,"D",1040,"D",30,"D",.,"A",.,"A",780,"D",81,"D",.,"A",.,"A",260,"D",20,"D"
"20153","03210001",53,0,"1",1625,"D",390,"D",390,"D",520,"D",225,"D",.,"A",.,"A",1235,"D",120,"D",.,"A",.,"A",156,"D",12,"D"
"20153","03210011",32,0,"1",1300,"D",260,"D",.,"A",650,"D",240,"D",.,"A",.,"A",1040,"D",0,"D",6,"D",78,"D",.,"A",.,"A"
"20153","03210031",46,0,"1",1300,"D",260,"D",.,"A",650,"D",60,"D",.,"A",.,"A",1040,"D",60,"D",.,"A",.,"A",.,"A",.,"A"
"20153","03210041",14,0,"1",1950,"D",303,"F",.,"A",601,"F",120,"F",.,"A",.,"A",1077,"F",121,"F",.,"A",.,"A",.,"A",.,"A"
"20153","03210071",39,0,"1",975,"D",260,"D",.,"A",910,"D",0,"D",.,"A",.,"A",715,"D",0,"D",20,"D",260,"D",.,"A",.,"A"
"20153","03210081",31,0,"1",715,"D",156,"D",.,"A",130,"D",0,"D",.,"A",.,"A",559,"D",0,"D",.,"A",.,"A",.,"A",.,"A"
"20153","03210111",56,0,"1",2600,"D",520,"D",260,"D",650,"D",0,"D",.,"A",.,"A",2080,"D",0,"D",.,"A",.,"A",.,"A",.,"A"
"20153","03210125",17,0,"1",1300,"D",520,"D",.,"A",520,"D",0,"D",.,"A",.,"A",780,"D",0,"D",.,"A",.,"A",.,"A",.,"A"
"20153","03210141",20,0,"1",1170,"D",585,"D",.,"A",260,"D",0,"D",.,"A",.,"A",585,"D",120,"D",.,"A",.,"A",.,"A",.,"A"
"20153","03210151",14,0,"1",975,"D",0,"D",.,"A",0,"D",0,"D",.,"A",.,"A",975,"D",0,"D",11,"D",143,"D",.,"A",.,"A"
"20153","03210191",33,0,"1",1560,"D",0,"D",.,"A",780,"D",0,"D",.,"A",.,"A",1560,"D",0,"D",.,"A",.,"A",.,"A",.,"A"
"20153","03210211",19,0,"1",3900,"D",1950,"D",.,"A",650,"D",0,"D",.,"A",.,"A",1950,"D",0,"D",.,"A",.,"A",.,"A",.,"A"
"20153","03210221",21,0,"1",3250,"D",650,"D",520,"D",0,"D",0,"D",.,"A",.,"A",2600,"D",0,"D",150,"D",1950,"D",.,"A",.,"A"
"20153","03210241",18,0,"1",390,"D",65,"D",.,"A",156,"D",0,"D",.,"A",.,"A",325,"D",0,"D",.,"A",.,"A",.,"A",.,"A"
"20153","03210251",19,0,"1",910,"D",325,"D",.,"A",0,"D",0,"D",.,"A",.,"A",585,"D",0,"D",.,"A",.,"A",.,"A",.,"A"
"20153","03210261",11,0,"1",650,"D",130,"D",.,"A",0,"D",0,"D",.,"A",.,"A",520,"D",0,"D",.,"A",.,"A",.,"A",.,"A"
"20153","03210271",20,0,"1",650,"D",195,"D",.,"A",650,"D",0,"D",.,"A",.,"A",455,"D",300,"D",40,"D",520,"D",.,"A",.,"A"
"20153","03210281",24,0,"1",1300,"D",260,"D",390,"D",0,"D",0,"D",.,"A",.,"A",1040,"D",0,"D",50,"D",650,"D",.,"A",.,"A"
"20153","03210305",13,0,"1",2600,"D",0,"D",.,"A",0,"D",0,"D",.,"A",.,"A",2600,"D",0,"D",.,"A",.,"A",.,"A",.,"A"
"20153","03210311",6,0,"1",0,"D",.,"A",.,"A",0,"D",0,"D",.,"A",.,"A",0,"D",0,"D",.,"A",.,"A",.,"A",.,"A"
"20153","03210323",18,0,"1",975,"D",130,"D",.,"A",130,"D",0,"D",.,"A",.,"A",845,"D",0,"D",.,"A",.,"A",.,"A",.,"A"
"20153","03210331",40,0,"1",975,"D",195,"D",.,"A",130,"D",0,"D",.,"A",.,"A",780,"D",0,"D",.,"A",.,"A",.,"A",.,"A"
"20153","03210341",49,0,"1",1300,"D",195,"D",.,"A",780,"D",0,"D",.,"A",.,"A",1105,"D",75,"D",.,"A",.,"A",.,"A",.,"A"
"20153","03210351",17,0,"1",1300,"D",780,"D",.,"A",0,"D",6,"D",.,"A",.,"A",520,"D",6,"D",.,"A",.,"A",.,"A",.,"A"
"20153","03210401",21,0,"1",1040,"D",260,"D",.,"A",1040,"D",0,"D",.,"A",.,"A",780,"D",0,"D",.,"A",.,"A",.,"A",.,"A"
"20153","03210411",21,0,"1",520,"D",130,"D",.,"A",130,"D",0,"D",.,"A",.,"A",390,"D",0,"D",20,"D",260,"D",.,"A",.,"A"
"20153","03210421",18,0,"1",1300,"D",260,"D",.,"A",0,"D",0,"D",.,"A",.,"A",1040,"D",0,"D",.,"A",.,"A",.,"A",.,"A"
"20153","03210441",18,0,"1",650,"D",195,"D",325,"D",0,"D",0,"D",.,"A",.,"A",455,"D",60,"D",30,"D",390,"D",.,"A",.,"A"
"20153","03210461",41,0,"1",975,"D",260,"D",.,"A",650,"D",60,"D",650,"D",.,"A",715,"D",120,"D",.,"A",.,"A",.,"A",.,"A"
"20153","03210471",22,0,"1",1820,"D",390,"D",.,"A",520,"D",0,"D",.,"A",.,"A",1430,"D",150,"D",.,"A",.,"A",.,"A",.,"A"
"20153","03210481",39,0,"1",260,"D",0,"D",195,"D",156,"D",0,"D",.,"A",.,"A",260,"D",0,"D",.,"A",.,"A",.,"A",.,"A"
"20153","03210501",40,0,"1",1430,"D",325,"D",.,"A",390,"D",0,"D",.,"A",.,"A",1105,"D",0,"D",.,"A",.,"A",.,"A",.,"A"
"20153","03210521",30,0,"1",195,"D",0,"D",.,"A",780,"D",150,"D",.,"A",.,"A",195,"D",0,"D",.,"A",.,"A",.,"A",.,"A"
"20153","03210561",42,0,"1",2600,"D",650,"D",.,"A",650,"D",0,"D",.,"A",.,"A",1950,"D",0,"D",.,"A",.,"A",.,"A",.,"A"
"20153","03210581",35,0,"1",1040,"D",260,"D",.,"A",325,"D",90,"D",.,"A",.,"A",780,"D",240,"D",.,"A",.,"A",.,"A",.,"A"
"20153","03210601",53,0,"1",1625,"D",455,"D",130,"D",650,"D",180,"D",195,"D",.,"A",1170,"D",45,"D",.,"A",.,"A",.,"A",.,"A"
"20153","03210611",27,0,"1",715,"D",130,"D",.,"A",520,"D",30,"D",.,"A",.,"A",585,"D",0,"D",.,"A",.,"A",.,"A",.,"A"
"20153","03210621",31,0,"1",2275,"D",195,"D",.,"A",156,"D",0,"D",.,"A",.,"A",2080,"D",0,"D",.,"A",.,"A",.,"A",.,"A"
"20153","03210631",62,0,"1",2600,"D",910,"D",.,"A",1950,"D",600,"D",.,"A",.,"A",1690,"D",360,"D",.,"A",.,"A",.,"A",.,"A"
"20153","03210681",53,0,"1",1300,"D",130,"D",.,"A",650,"D",0,"D",.,"A",176,"D",1170,"D",45,"D",.,"A",.,"A",.,"A",.,"A"
"20153","03210731",15,0,"1",520,"D",130,"D",.,"A",0,"D",0,"D",.,"A",.,"A",390,"D",150,"D",.,"A",.,"A",.,"A",.,"A"
"20153","03210741",25,0,"1",1950,"D",211,"F",.,"A",6500,"D",6,"D",.,"A",.,"A",741,"F",6,"D",.,"A",.,"A",.,"A",.,"A"
"20153","03210751",24,0,"1",1950,"D",650,"D",.,"A",260,"D",0,"D",.,"A",.,"A",1300,"D",15,"D",.,"A",.,"A",.,"A",.,"A"
"20153","03210761",14,0,"1",1862,"F",.,"A",366,"F",1187,"F",232,"F",.,"A",.,"A",1479,"F",248,"F",.,"A",.,"A",.,"A",.,"A"
"20153","03210771",14,0,"1",650,"D",260,"D",260,"D",0,"D",0,"D",.,"A",.,"A",390,"D",0,"D",.,"A",.,"A",.,"A",.,"A"
"20153","03210781",33,0,"1",1300,"D",455,"D",.,"A",1300,"D",0,"D",.,"A",.,"A",845,"D",0,"D",.,"A",.,"A",.,"A",.,"A"
"20153","03210804",11,0,"1",1561,"F",.,"A",.,"A",757,"F",0,"D",.,"A",.,"A",1315,"F",6,"D",.,"A",.,"A",.,"A",.,"A"
"20153","03210821",19,0,"1",2600,"D",0,"D",.,"A",0,"D",0,"D",.,"A",.,"A",2600,"D",0,"D",.,"A",.,"A",.,"A",.,"A"
"20153","03210831",26,0,"1",1300,"D",260,"D",.,"A",0,"D",0,"D",.,"A",.,"A",1040,"D",30,"D",.,"A",.,"A",.,"A",.,"A"
"20153","03210841",38,0,"1",975,"D",65,"D",.,"A",260,"D",60,"D",.,"A",.,"A",910,"D",30,"D",.,"A",.,"A",.,"A",.,"A"
"20153","03210851",25,0,"1",2860,"D",390,"D",.,"A",130,"D",0,"D",.,"A",.,"A",2470,"D",0,"D",9,"D",117,"D",91,"D",7,"D"
"20153","03210861",26,0,"1",1561,"F",.,"A",.,"A",0,"D",0,"D",.,"A",.,"A",1315,"F",0,"D",.,"A",.,"A",.,"A",.,"A"
"20153","03210881",23,0,"1",919,"F",.,"A",313,"F",0,"D",0,"D",.,"A",.,"A",741,"F",0,"D",.,"A",.,"A",.,"A",.,"A"
"20153","03210891",25,0,"1",2600,"D",650,"D",.,"A",130,"D",0,"D",.,"A",.,"A",1950,"D",0,"D",.,"A",.,"A",.,"A",.,"A"
"20153","03210901",18,0,"1",650,"D",65,"D",.,"A",455,"D",0,"D",.,"A",.,"A",585,"D",0,"D",.,"A",.,"A",.,"A",.,"A"
"20153","03210922",36,0,"1",1950,"D",390,"D",650,"D",2600,"D",150,"D",.,"A",.,"A",1560,"D",60,"D",.,"A",.,"A",.,"A",.,"A"
"20153","03210941",19,0,"1",2925,"D",221,"D",.,"A",0,"D",0,"D",.,"A",.,"A",2704,"D",0,"D",.,"A",.,"A",.,"A",.,"A"
"20153","03210961",22,0,"1",1300,"D",767,"D",.,"A",780,"D",0,"D",.,"A",.,"A",533,"D",0,"D",50,"D",650,"D",260,"D",20,"D"
"20153","03210971",45,0,"1",975,"D",104,"D",.,"A",455,"D",0,"D",.,"A",.,"A",871,"D",0,"D",.,"A",.,"A",.,"A",.,"A"
"20153","03210981",13,0,"1",1300,"D",195,"D",.,"A",0,"D",0,"D",.,"A",.,"A",1105,"D",0,"D",30,"D",390,"D",.,"A",.,"A"
"20153","03210991",43,0,"1",780,"D",130,"D",.,"A",780,"D",0,"D",.,"A",.,"A",650,"D",0,"D",.,"A",.,"A",.,"A",.,"A"
"20153","03211021",19,0,"1",1300,"D",390,"D",780,"D",2600,"D",0,"D",.,"A",.,"A",910,"D",0,"D",.,"A",.,"A",.,"A",.,"A"
"20153","03211031",49,0,"1",780,"D",0,"D",260,"D",2600,"D",0,"D",.,"A",.,"A",780,"D",0,"D",.,"A",.,"A",.,"A",.,"A"
"20153","03211045",56,0,"1",2730,"D",650,"D",390,"D",1625,"D",150,"D",.,"A",.,"A",2080,"D",90,"D",.,"A",.,"A",.,"A",.,"A"
"20153","03211061",13,0,"1",1300,"D",0,"D",.,"A",510,"F",102,"F",.,"A",.,"A",1300,"D",89,"F",.,"A",.,"A",.,"A",.,"A"
"20153","03211071",24,0,"1",2600,"D",1300,"D",.,"A",0,"D",0,"D",.,"A",.,"A",1300,"D",180,"D",.,"A",.,"A",.,"A",.,"A"
"20153","03211081",24,0,"1",1170,"D",455,"D",.,"A",130,"D",0,"D",.,"A",.,"A",715,"D",30,"D",.,"A",.,"A",.,"A",.,"A"
"20153","03211091",20,0,"1",1950,"D",390,"D",.,"A",1300,"D",0,"D",.,"A",.,"A",1560,"D",0,"D",.,"A",.,"A",.,"A",.,"A"
"20153","03211111",35,0,"1",780,"D",195,"D",.,"A",325,"D",0,"D",.,"A",.,"A",585,"D",0,"D",.,"A",.,"A",.,"A",.,"A"
"20153","03211121",29,0,"1",1105,"D",260,"D",130,"D",260,"D",0,"D",.,"A",.,"A",845,"D",0,"D",.,"A",.,"A",.,"A",.,"A"
"20153","03211141",72,0,"1",2080,"D",390,"D",260,"D",1950,"D",360,"D",.,"A",.,"A",1690,"D",360,"D",.,"A",.,"A",.,"A",.,"A"
"20153","03211161",22,0,"1",455,"D",104,"D",.,"A",0,"D",0,"D",.,"A",.,"A",351,"D",0,"D",.,"A",.,"A",.,"A",.,"A"
"20153","03211181",25,0,"1",1625,"D",260,"D",.,"A",195,"D",75,"D",.,"A",.,"A",1365,"D",120,"D",30,"D",390,"D",.,"A",.,"A"
"20153","03211201",26,0,"1",1560,"D",650,"D",.,"A",520,"D",0,"D",.,"A",.,"A",910,"D",90,"D",.,"A",.,"A",.,"A",.,"A"
"20153","03211211",29,0,"1",3250,"D",325,"D",.,"A",799,"F",0,"D",.,"A",.,"A",2925,"D",30,"D",.,"A",.,"A",65,"D",5,"D"
"20153","03211221",9,0,"1",780,"D",211,"F",.,"A",604,"F",121,"F",.,"A",.,"A",741,"F",92,"F",.,"A",.,"A",.,"A",.,"A"
"20153","03211251",23,0,"1",2600,"D",650,"D",.,"A",130,"D",0,"D",.,"A",.,"A",1950,"D",0,"D",.,"A",.,"A",.,"A",.,"A"
"20153","03211271",11,0,"1",919,"F",.,"A",313,"F",604,"F",0,"D",.,"A",.,"A",741,"F",0,"D",.,"A",.,"A",.,"A",.,"A"
"20153","03211281",17,0,"1",650,"D",0,"D",.,"A",195,"D",0,"D",.,"A",.,"A",650,"D",0,"D",.,"A",.,"A",.,"A",.,"A"
"20153","03211291",28,0,"1",1950,"D",325,"D",260,"D",260,"D",0,"D",.,"A",.,"A",1625,"D",45,"D",.,"A",.,"A",.,"A",.,"A"
"20153","03211301",15,0,"1",520,"D",130,"D",.,"A",0,"D",0,"D",.,"A",.,"A",390,"D",0,"D",.,"A",.,"A",.,"A",.,"A"
"20153","03211331",28,0,"1",975,"D",195,"D",260,"D",0,"D",30,"D",.,"A",.,"A",780,"D",60,"D",.,"A",.,"A",.,"A",.,"A"
"20153","03211351",25,0,"1",1300,"D",260,"D",130,"D",390,"D",60,"D",.,"A",.,"A",1040,"D",300,"D",.,"A",.,"A",.,"A",.,"A"
"20153","03211361",28,0,"1",650,"D",130,"D",910,"D",2600,"D",300,"D",496,"F",.,"A",520,"D",0,"D",.,"A",.,"A",.,"A",.,"A"
"20153","03211371",23,0,"1",1300,"D",195,"D",.,"A",325,"D",0,"D",.,"A",.,"A",1105,"D",0,"D",24,"D",312,"D",.,"A",.,"A"
"20153","03211381",34,0,"1",650,"D",520,"D",.,"A",195,"D",0,"D",.,"A",.,"A",130,"D",0,"D",.,"A",.,"A",.,"A",.,"A"
"20153","03211401",16,0,"1",910,"D",130,"D",.,"A",0,"D",6,"D",.,"A",.,"A",780,"D",6,"D",.,"A",.,"A",.,"A",.,"A"
"20153","03211421",40,0,"1",1950,"D",260,"D",.,"A",1560,"D",0,"D",.,"A",.,"A",1690,"D",0,"D",.,"A",.,"A",.,"A",.,"A"
"20153","03211441",15,0,"1",481,"D",221,"D",.,"A",39,"D",0,"D",.,"A",.,"A",260,"D",0,"D",.,"A",.,"A",.,"A",.,"A"
"20153","03211451",22,0,"1",2600,"D",650,"D",.,"A",0,"D",30,"D",.,"A",.,"A",1950,"D",30,"D",.,"A",.,"A",.,"A",.,"A"
"20153","03211461",16,0,"1",910,"D",195,"D",.,"A",130,"D",0,"D",.,"A",.,"A",715,"D",0,"D",.,"A",.,"A",.,"A",.,"A"
"20153","03211491",33,0,"1",1690,"D",390,"D",.,"A",325,"D",0,"D",.,"A",.,"A",1300,"D",0,"D",30,"D",390,"D",.,"A",.,"A"
"20153","03211521",21,0,"1",2600,"D",390,"D",.,"A",1300,"D",0,"D",.,"A",.,"A",2210,"D",89,"F",.,"A",.,"A",.,"A",.,"A"
"20153","03211551",61,0,"1",2600,"D",650,"D",.,"A",1950,"D",0,"D",.,"A",.,"A",1950,"D",0,"D",.,"A",.,"A",.,"A",.,"A"
"20153","03211564",9,0,"1",195,"D",0,"D",.,"A",546,"D",0,"D",.,"A",.,"A",195,"D",12,"D",5,"D",65,"D",.,"A",.,"A"
"20153","03211581",17,0,"1",1430,"D",195,"D",130,"D",182,"D",0,"D",.,"A",.,"A",1235,"D",0,"D",20,"D",260,"D",.,"A",.,"A"
"20153","03211591",23,0,"1",1561,"F",.,"A",.,"A",757,"F",0,"D",.,"A",.,"A",1315,"F",0,"D",.,"A",.,"A",.,"A",.,"A"
"20153","03211601",33,0,"1",1300,"D",195,"D",260,"D",2275,"D",300,"D",.,"A",.,"A",1105,"D",150,"D",.,"A",.,"A",.,"A",.,"A"
"20153","03211612",6,0,"1",0,"D",.,"A",325,"D",390,"D",0,"D",.,"A",.,"A",0,"D",0,"D",20,"D",260,"D",.,"A",.,"A"
"20153","03211651",8,0,"1",910,"D",130,"D",.,"A",1300,"D",150,"D",.,"A",.,"A",780,"D",75,"D",.,"A",.,"A",.,"A",.,"A"
"20153","03211681",18,0,"1",3250,"D",520,"D",.,"A",650,"D",0,"D",.,"A",.,"A",2730,"D",0,"D",.,"A",.,"A",.,"A",.,"A"
"20153","03211701",22,0,"1",1300,"D",494,"D",.,"A",975,"D",0,"D",.,"A",.,"A",806,"D",0,"D",.,"A",.,"A",.,"A",.,"A"
"20153","03211711",18,0,"1",260,"D",0,"D",.,"A",390,"D",0,"D",.,"A",.,"A",260,"D",0,"D",.,"A",.,"A",.,"A",.,"A"
"20153","03211721",30,0,"1",919,"F",.,"A",.,"A",604,"F",0,"D",.,"A",.,"A",741,"F",0,"D",.,"A",.,"A",.,"A",.,"A"
"20153","03211761",32,0,"1",650,"D",130,"D",.,"A",2600,"D",75,"D",.,"A",.,"A",520,"D",75,"D",.,"A",.,"A",.,"A",.,"A"
"20153","03211811",35,0,"1",975,"D",325,"D",.,"A",975,"D",0,"D",.,"A",.,"A",650,"D",75,"D",.,"A",.,"A",.,"A",.,"A"
"20153","03211821",19,0,"1",1300,"D",260,"D",.,"A",0,"D",0,"D",.,"A",.,"A",1040,"D",0,"D",50,"D",650,"D",.,"A",.,"A"
"20153","03211841",13,0,"1",1300,"D",260,"D",.,"A",0,"D",0,"D",.,"A",.,"A",1040,"D",0,"D",.,"A",.,"A",.,"A",.,"A"
"20153","03211871",37,0,"1",2600,"D",0,"D",.,"A",2600,"D",300,"D",.,"A",.,"A",2600,"D",375,"D",.,"A",.,"A",.,"A",.,"A"
"20153","03211893",28,0,"1",1950,"D",650,"D",.,"A",975,"D",0,"D",.,"A",.,"A",1300,"D",120,"D",.,"A",.,"A",.,"A",.,"A"
"20153","03211901",39,0,"1",2600,"D",260,"D",.,"A",975,"D",60,"D",.,"A",.,"A",2340,"D",0,"D",.,"A",.,"A",.,"A",.,"A"
"20153","03211911",19,0,"1",650,"D",65,"D",.,"A",0,"D",0,"D",.,"A",.,"A",585,"D",0,"D",.,"A",.,"A",.,"A",.,"A"
"20153","03211921",18,0,"1",910,"D",260,"D",.,"A",260,"D",0,"D",.,"A",.,"A",650,"D",0,"D",22,"D",286,"D",.,"A",.,"A"
"20153","03211931",32,0,"1",1430,"D",130,"D",.,"A",780,"D",0,"D",.,"A",.,"A",1300,"D",0,"D",.,"A",.,"A",.,"A",.,"A"
"20153","03211951",64,0,"1",3250,"D",650,"D",.,"A",390,"D",60,"D",.,"A",160,"D",2600,"D",240,"D",.,"A",.,"A",.,"A",.,"A"
"20153","03212011",51,0,"1",2600,"D",650,"D",910,"D",390,"D",90,"D",.,"A",.,"A",1950,"D",0,"D",.,"A",.,"A",.,"A",.,"A"
"20153","03212041",23,0,"1",3575,"D",325,"D",325,"D",0,"D",0,"D",.,"A",.,"A",3250,"D",75,"D",.,"A",.,"A",.,"A",.,"A"
"20153","03212051",31,0,"1",650,"D",0,"D",.,"A",520,"D",60,"D",.,"A",.,"A",650,"D",300,"D",.,"A",.,"A",.,"A",.,"A"
"20153","03212061",13,0,"1",1430,"D",130,"D",.,"A",1300,"D",0,"D",.,"A",.,"A",1300,"D",92,"F",.,"A",.,"A",.,"A",.,"A"
"20153","03212081",32,0,"1",1950,"D",390,"D",.,"A",650,"D",0,"D",.,"A",.,"A",1560,"D",0,"D",.,"A",.,"A",.,"A",.,"A"
"20153","03212111",15,0,"1",650,"D",390,"D",.,"A",1300,"D",60,"D",.,"A",.,"A",260,"D",0,"D",.,"A",.,"A",.,"A",.,"A"
"20153","03212121",19,0,"1",650,"D",65,"D",.,"A",1040,"D",0,"D",.,"A",.,"A",585,"D",0,"D",.,"A",.,"A",.,"A",.,"A"
"20153","03212151",27,0,"1",780,"D",130,"D",390,"D",1560,"D",0,"D",.,"A",.,"A",650,"D",0,"D",.,"A",.,"A",.,"A",.,"A"
"20153","03212161",41,0,"1",3900,"D",325,"D",.,"A",1040,"D",0,"D",.,"A",.,"A",3575,"D",72,"D",.,"A",.,"A",.,"A",.,"A"
"20153","03212171",52,0,"1",1560,"D",390,"D",325,"D",390,"D",60,"D",.,"A",.,"A",1170,"D",150,"D",.,"A",.,"A",.,"A",.,"A"
"20153","03212181",27,0,"1",975,"D",130,"D",130,"D",130,"D",0,"D",.,"A",.,"A",845,"D",0,"D",15,"D",195,"D",.,"A",.,"A"
"20153","03212191",13,0,"1",1300,"D",0,"D",.,"A",0,"D",0,"D",.,"A",.,"A",1300,"D",0,"D",32,"D",416,"D",.,"A",.,"A"
"20153","03212211",22,0,"1",1040,"D",0,"D",0,"D",520,"D",0,"D",325,"D",.,"A",1040,"D",0,"D",.,"A",.,"A",.,"A",.,"A"
"20153","03212231",20,0,"1",975,"D",65,"D",.,"A",0,"D",0,"D",.,"A",.,"A",910,"D",0,"D",.,"A",.,"A",.,"A",.,"A"
"20153","03212241",23,0,"1",3900,"D",650,"D",.,"A",390,"D",0,"D",.,"A",.,"A",3250,"D",0,"D",.,"A",.,"A",.,"A",.,"A"
"20153","03212251",15,0,"1",2730,"D",325,"D",.,"A",780,"D",0,"D",.,"A",.,"A",2405,"D",90,"D",.,"A",.,"A",.,"A",.,"A"
"20153","03212271",44,0,"1",2600,"D",260,"D",.,"A",260,"D",0,"D",.,"A",.,"A",2340,"D",300,"D",.,"A",.,"A",.,"A",.,"A"
"20153","03212291",47,0,"1",1950,"D",650,"D",130,"D",390,"D",0,"D",.,"A",.,"A",1300,"D",54,"D",.,"A",.,"A",.,"A",.,"A"
"20153","03212301",32,0,"1",3250,"D",520,"D",.,"A",1625,"D",0,"D",.,"A",.,"A",2730,"D",60,"D",.,"A",.,"A",.,"A",.,"A"
"20153","03212311",41,0,"1",1300,"D",325,"D",.,"A",1040,"D",30,"D",.,"A",.,"A",975,"D",30,"D",.,"A",.,"A",.,"A",.,"A"
"20153","03212321",29,0,"1",1040,"D",260,"D",.,"A",650,"D",0,"D",.,"A",.,"A",780,"D",0,"D",.,"A",.,"A",.,"A",.,"A"
"20153","03212331",19,0,"1",1495,"D",520,"D",.,"A",0,"D",0,"D",.,"A",.,"A",975,"D",0,"D",30,"D",390,"D",.,"A",.,"A"
"20153","03212351",24,0,"1",1625,"D",0,"D",.,"A",1950,"D",0,"D",.,"A",.,"A",1625,"D",0,"D",.,"A",.,"A",.,"A",.,"A"
"20153","03212361",11,0,"1",919,"F",.,"A",.,"A",604,"F",0,"D",.,"A",.,"A",741,"F",0,"D",.,"A",.,"A",.,"A",.,"A"
"20153","03212395",20,0,"1",1950,"D",195,"D",.,"A",520,"D",0,"D",.,"A",.,"A",1755,"D",0,"D",120,"D",1560,"D",.,"A",.,"A"
"20153","03212435",11,0,"1",780,"D",130,"D",.,"A",130,"D",0,"D",.,"A",.,"A",650,"D",0,"D",.,"A",.,"A",.,"A",.,"A"
"20153","03212471",28,0,"1",3900,"D",325,"D",.,"A",2600,"D",450,"D",.,"A",.,"A",3575,"D",1500,"D",.,"A",.,"A",.,"A",.,"A"
"20153","03212481",47,0,"1",2600,"D",1300,"D",.,"A",1300,"D",0,"D",.,"A",.,"A",1300,"D",0,"D",.,"A",.,"A",.,"A",.,"A"
"20153","03212494",21,0,"1",650,"D",130,"D",390,"D",0,"D",0,"D",.,"A",.,"A",520,"D",0,"D",.,"A",.,"A",.,"A",.,"A"
"20153","03212501",33,0,"1",2600,"D",520,"D",.,"A",780,"D",0,"D",.,"A",.,"A",2080,"D",0,"D",.,"A",.,"A",.,"A",.,"A"
"20153","03212511",21,0,"1",1300,"D",260,"D",.,"A",351,"D",0,"D",.,"A",.,"A",1040,"D",0,"D",.,"A",.,"A",.,"A",.,"A"
"20153","03212531",27,0,"1",1040,"D",130,"D",130,"D",130,"D",0,"D",.,"A",.,"A",910,"D",0,"D",.,"A",.,"A",.,"A",.,"A"
"20153","03212561",60,0,"1",1625,"D",156,"D",130,"D",1300,"D",0,"D",.,"A",.,"A",1469,"D",0,"D",.,"A",.,"A",.,"A",.,"A"
"20153","03212581",47,0,"1",1430,"D",390,"D",390,"D",390,"D",0,"D",.,"A",.,"A",1040,"D",0,"D",.,"A",.,"A",.,"A",.,"A"
"20153","03212601",66,0,"1",3120,"D",520,"D",195,"D",780,"D",120,"D",.,"A",.,"A",2600,"D",120,"D",.,"A",.,"A",.,"A",.,"A"
"20153","03212611",39,0,"1",2600,"D",390,"D",130,"D",520,"D",120,"D",.,"A",.,"A",2210,"D",240,"D",50,"D",650,"D",.,"A",.,"A"
"20153","03212621",12,0,"1",845,"D",195,"D",.,"A",91,"D",0,"D",.,"A",.,"A",650,"D",0,"D",40,"D",520,"D",.,"A",.,"A"
"20153","03212631",25,0,"1",390,"D",91,"D",195,"D",156,"D",0,"D",.,"A",.,"A",299,"D",0,"D",.,"A",.,"A",.,"A",.,"A"
"20153","03212661",11,0,"1",780,"D",104,"D",.,"A",0,"D",0,"D",.,"A",.,"A",676,"D",0,"D",.,"A",.,"A",.,"A",.,"A"
"20153","03212671",45,0,"1",2600,"D",650,"D",650,"D",5200,"D",450,"D",.,"A",.,"A",1950,"D",450,"D",.,"A",.,"A",.,"A",.,"A"
"20153","03212681",27,0,"1",1300,"D",0,"D",.,"A",65,"D",0,"D",.,"A",16,"D",1300,"D",0,"D",.,"A",.,"A",.,"A",.,"A"
"20153","03212711",33,0,"1",715,"D",65,"D",.,"A",520,"D",0,"D",.,"A",.,"A",650,"D",0,"D",.,"A",.,"A",.,"A",.,"A"
"20153","03212733",15,0,"1",1827,"F",.,"A",.,"A",835,"F",127,"F",.,"A",.,"A",1438,"F",194,"F",.,"A",.,"A",.,"A",.,"A"
"20153","03212751",23,0,"1",1950,"D",390,"D",.,"A",0,"D",75,"D",.,"A",.,"A",1560,"D",0,"D",30,"D",390,"D",.,"A",.,"A"
"20153","03212771",13,0,"1",1950,"D",434,"F",.,"A",559,"F",0,"D",.,"A",.,"A",1666,"F",0,"D",.,"A",.,"A",.,"A",.,"A"
"20153","03212791",26,0,"1",1625,"D",0,"D",.,"A",1950,"D",6,"D",.,"A",.,"A",1625,"D",6,"D",.,"A",.,"A",.,"A",.,"A"
"20153","03212802",21,0,"1",975,"D",130,"D",.,"A",260,"D",75,"D",.,"A",.,"A",845,"D",30,"D",.,"A",.,"A",.,"A",.,"A"
"20153","03212811",43,0,"1",2275,"D",650,"D",260,"D",390,"D",225,"D",.,"A",.,"A",1625,"D",150,"D",.,"A",.,"A",.,"A",.,"A"
"20153","03212841",13,0,"1",325,"D",65,"D",.,"A",0,"D",0,"D",.,"A",.,"A",260,"D",12,"D",11,"D",143,"D",.,"A",.,"A"
"20153","03212851",20,0,"1",650,"D",390,"D",.,"A",0,"D",0,"D",.,"A",.,"A",260,"D",0,"D",420,"D",5460,"D",.,"A",.,"A"
"20153","03212861",34,0,"1",650,"D",65,"D",.,"A",1300,"D",0,"D",.,"A",.,"A",585,"D",120,"D",.,"A",.,"A",.,"A",.,"A"
"20153","03212871",14,0,"1",1300,"D",260,"D",.,"A",0,"D",0,"D",.,"A",.,"A",1040,"D",0,"D",.,"A",.,"A",.,"A",.,"A"
"20153","03212892",35,0,"1",780,"D",195,"D",.,"A",390,"D",0,"D",.,"A",.,"A",585,"D",0,"D",20,"D",260,"D",.,"A",.,"A"
"20153","03212901",23,0,"1",1300,"D",0,"D",.,"A",0,"D",0,"D",.,"A",.,"A",1300,"D",330,"D",.,"A",.,"A",.,"A",.,"A"
"20153","03212913",17,0,"1",520,"D",65,"D",.,"A",650,"D",0,"D",.,"A",.,"A",455,"D",0,"D",.,"A",.,"A",.,"A",.,"A"
"20153","03212942",25,0,"1",1950,"D",390,"D",.,"A",390,"D",0,"D",.,"A",104,"D",1560,"D",45,"D",15,"D",195,"D",.,"A",.,"A"
"20153","03212961",53,0,"1",1417,"D",325,"D",.,"A",975,"D",96,"D",.,"A",.,"A",1092,"D",153,"D",.,"A",.,"A",.,"A",.,"A"
"20153","03212981",36,0,"1",3250,"D",650,"D",.,"A",975,"D",30,"D",.,"A",.,"A",2600,"D",120,"D",.,"A",.,"A",.,"A",.,"A"
"20153","03213001",34,0,"1",975,"D",130,"D",.,"A",650,"D",0,"D",.,"A",.,"A",845,"D",0,"D",.,"A",.,"A",.,"A",.,"A"
"20153","03213035",29,0,"1",3900,"D",650,"D",260,"D",1300,"D",90,"D",.,"A",.,"A",3250,"D",180,"D",.,"A",.,"A",.,"A",.,"A"
"20153","03213041",17,0,"1",390,"D",130,"D",.,"A",0,"D",0,"D",.,"A",.,"A",260,"D",0,"D",50,"D",650,"D",.,"A",.,"A"
"20153","03213051",45,0,"1",1040,"D",130,"D",.,"A",260,"D",0,"D",.,"A",.,"A",910,"D",0,"D",.,"A",.,"A",.,"A",.,"A"
"20153","03213072",6,0,"1",130,"D",13,"D",.,"A",65,"D",0,"D",.,"A",.,"A",117,"D",0,"D",.,"A",.,"A",.,"A",.,"A"
"20153","03213081",20,0,"1",1827,"F",.,"A",.,"A",835,"F",127,"F",.,"A",.,"A",1438,"F",194,"F",.,"A",.,"A",.,"A",.,"A"
"20153","03213091",40,0,"1",1300,"D",195,"D",78,"D",455,"D",0,"D",.,"A",.,"A",1105,"D",0,"D",.,"A",.,"A",.,"A",.,"A"
"20153","03213101",40,0,"1",1950,"D",390,"D",520,"D",520,"D",0,"D",.,"A",.,"A",1560,"D",150,"D",.,"A",.,"A",.,"A",.,"A"
"20153","03213111",64,0,"1",3250,"D",650,"D",.,"A",130,"D",0,"D",.,"A",.,"A",2600,"D",150,"D",.,"A",.,"A",.,"A",.,"A"
"20153","03213151",35,0,"1",3900,"D",650,"D",.,"A",195,"D",0,"D",.,"A",.,"A",3250,"D",0,"D",.,"A",.,"A",65,"D",5,"D"
"20153","03213171",31,0,"1",2600,"D",520,"D",.,"A",0,"D",0,"D",.,"A",.,"A",2080,"D",0,"D",.,"A",.,"A",.,"A",.,"A"
"20153","03213181",28,0,"1",1361,"F",.,"A",260,"D",130,"D",0,"D",.,"A",.,"A",1077,"F",0,"D",.,"A",.,"A",.,"A",.,"A"
"20153","03213201",39,0,"1",1820,"D",130,"D",.,"A",390,"D",0,"D",.,"A",.,"A",1690,"D",180,"D",.,"A",.,"A",.,"A",.,"A"
"20153","03213211",21,0,"1",1950,"D",390,"D",.,"A",78,"D",0,"D",.,"A",100,"D",1560,"D",0,"D",.,"A",.,"A",.,"A",.,"A"
"20153","03213221",14,0,"1",910,"D",130,"D",.,"A",0,"D",0,"D",.,"A",.,"A",780,"D",0,"D",15,"D",195,"D",.,"A",.,"A"
"20153","03213255",58,0,"1",1950,"D",455,"D",.,"A",1300,"D",0,"D",.,"A",.,"A",1495,"D",60,"D",.,"A",.,"A",.,"A",.,"A"
"20153","03213264",16,0,"1",650,"D",130,"D",.,"A",0,"D",30,"D",.,"A",.,"A",520,"D",60,"D",.,"A",.,"A",.,"A",.,"A"
"20153","03213271",102,0,"1",650,"D",325,"D",156,"D",403,"D",0,"D",.,"A",.,"A",325,"D",0,"D",.,"A",.,"A",.,"A",.,"A"
"20153","03213281",18,0,"1",975,"D",195,"D",260,"D",650,"D",0,"D",.,"A",.,"A",780,"D",0,"D",.,"A",.,"A",.,"A",.,"A"
"20153","03213291",28,0,"1",3250,"D",2600,"D",.,"A",975,"D",0,"D",.,"A",.,"A",650,"D",0,"D",.,"A",.,"A",.,"A",.,"A"
"20153","03213301",19,0,"1",260,"D",65,"D",.,"A",390,"D",60,"D",.,"A",.,"A",195,"D",120,"D",.,"A",.,"A",.,"A",.,"A"
"20153","03213321",23,0,"1",1625,"D",130,"D",.,"A",650,"D",75,"D",.,"A",.,"A",1495,"D",0,"D",.,"A",.,"A",.,"A",.,"A"
"20153","03213341",45,0,"1",1040,"D",130,"D",.,"A",1950,"D",45,"D",.,"A",.,"A",910,"D",45,"D",.,"A",.,"A",.,"A",.,"A"
"20153","03213351",37,0,"1",1560,"D",260,"D",455,"D",390,"D",0,"D",.,"A",.,"A",1300,"D",0,"D",.,"A",.,"A",.,"A",.,"A"
"20153","03213361",36,0,"1",4680,"D",344,"F",.,"A",455,"D",75,"D",.,"A",.,"A",1321,"F",75,"D",.,"A",.,"A",.,"A",.,"A"
"20153","03213391",32,0,"1",1300,"D",780,"D",104,"D",65,"D",0,"D",.,"A",.,"A",520,"D",0,"D",.,"A",.,"A",.,"A",.,"A"
"20153","03213411",35,0,"1",1300,"D",130,"D",130,"D",104,"D",0,"D",.,"A",.,"A",1170,"D",60,"D",.,"A",.,"A",.,"A",.,"A"
"20153","03213441",52,0,"1",2340,"D",455,"D",104,"D",520,"D",30,"D",.,"A",.,"A",1885,"D",240,"D",10,"D",130,"D",.,"A",.,"A"
"20153","03213451",35,0,"1",650,"D",0,"D",.,"A",1300,"D",480,"D",.,"A",.,"A",650,"D",0,"D",.,"A",.,"A",.,"A",.,"A"
"20153","03213471",19,0,"1",325,"D",156,"D",.,"A",195,"D",0,"D",.,"A",.,"A",169,"D",0,"D",.,"A",.,"A",.,"A",.,"A"
"20153","03213481",34,0,"1",1300,"D",260,"D",260,"D",650,"D",0,"D",.,"A",.,"A",1040,"D",150,"D",.,"A",.,"A",390,"D",30,"D"
"20153","03213501",20,0,"1",780,"D",130,"D",.,"A",26,"D",0,"D",.,"A",.,"A",650,"D",0,"D",.,"A",.,"A",.,"A",.,"A"
"20153","03213531",38,0,"1",3250,"D",910,"D",195,"D",1560,"D",0,"D",.,"A",.,"A",2340,"D",0,"D",.,"A",.,"A",.,"A",.,"A"
"20153","03213541",9,0,"1",455,"D",65,"D",.,"A",0,"D",0,"D",.,"A",.,"A",390,"D",0,"D",.,"A",.,"A",.,"A",.,"A"
"20153","03213551",39,0,"1",4550,"D",650,"D",.,"A",650,"D",600,"D",.,"A",.,"A",3900,"D",1200,"D",6,"D",78,"D",26,"D",2,"D"
"20153","03213561",17,0,"1",1950,"D",1300,"D",.,"A",260,"D",0,"D",.,"A",.,"A",650,"D",0,"D",.,"A",.,"A",.,"A",.,"A"
"20153","03213571",29,0,"1",1040,"D",260,"D",325,"D",260,"D",0,"D",.,"A",.,"A",780,"D",75,"D",.,"A",.,"A",.,"A",.,"A"
"20153","03213701",7,0,"1",0,"D",.,"A",.,"A",0,"D",0,"D",.,"A",.,"A",0,"D",0,"D",.,"A",.,"A",.,"A",.,"A"
"20153","03213721",8,0,"1",910,"D",156,"D",.,"A",0,"D",0,"D",.,"A",.,"A",754,"D",0,"D",56,"D",728,"D",.,"A",.,"A"
"20153","03213731",23,0,"1",650,"D",0,"D",.,"A",0,"D",0,"D",.,"A",.,"A",650,"D",0,"D",.,"A",.,"A",.,"A",.,"A"
"20153","03213751",54,0,"1",1300,"D",325,"D",.,"A",650,"D",0,"D",.,"A",.,"A",975,"D",0,"D",.,"A",.,"A",.,"A",.,"A"
"20153","03213761",22,0,"1",3250,"D",650,"D",.,"A",520,"D",0,"D",.,"A",.,"A",2600,"D",0,"D",.,"A",.,"A",.,"A",.,"A"
"20153","03213771",39,0,"1",6500,"D",780,"D",.,"A",390,"D",0,"D",.,"A",.,"A",5720,"D",0,"D",.,"A",.,"A",.,"A",.,"A"
"20153","03213781",29,0,"1",3250,"D",975,"D",.,"A",650,"D",90,"D",.,"A",60,"D",2275,"D",0,"D",35,"D",455,"D",455,"D",35,"D"
"20153","03213795",13,0,"1",715,"D",65,"D",.,"A",195,"D",0,"D",.,"A",.,"A",650,"D",0,"D",.,"A",.,"A",.,"A",.,"A"
"20153","03213801",33,0,"1",2600,"D",260,"D",.,"A",650,"D",0,"D",.,"A",.,"A",2340,"D",210,"D",.,"A",.,"A",.,"A",.,"A"
"20153","03213811",22,0,"1",1040,"D",260,"D",.,"A",130,"D",0,"D",.,"A",.,"A",780,"D",0,"D",.,"A",.,"A",.,"A",.,"A"
"20153","03213831",25,0,"1",2600,"D",260,"D",.,"A",520,"D",300,"D",.,"A",.,"A",2340,"D",0,"D",.,"A",.,"A",.,"A",.,"A"
"20153","03213841",37,0,"1",1300,"D",455,"D",.,"A",195,"D",75,"D",.,"A",.,"A",845,"D",150,"D",.,"A",.,"A",.,"A",.,"A"
"20153","03213871",11,0,"1",104,"D",26,"D",.,"A",260,"D",0,"D",.,"A",.,"A",78,"D",0,"D",.,"A",.,"A",.,"A",.,"A"
"20153","03213881",57,0,"1",1950,"D",390,"D",.,"A",1300,"D",120,"D",.,"A",.,"A",1560,"D",60,"D",.,"A",.,"A",.,"A",.,"A"
"20153","03213891",19,0,"1",1950,"D",260,"D",.,"A",260,"D",30,"D",.,"A",.,"A",1690,"D",0,"D",.,"A",.,"A",.,"A",.,"A"
"20153","03213901",16,0,"1",390,"D",130,"D",260,"D",390,"D",90,"D",.,"A",.,"A",260,"D",60,"D",.,"A",.,"A",.,"A",.,"A"
"20153","03213921",49,0,"1",975,"D",104,"D",.,"A",195,"D",0,"D",.,"A",.,"A",871,"D",0,"D",50,"D",650,"D",.,"A",.,"A"
"20153","03213951",30,0,"1",975,"D",260,"D",.,"A",0,"D",0,"D",.,"A",.,"A",715,"D",45,"D",.,"A",.,"A",.,"A",.,"A"
"20153","03213991",11,0,"1",2600,"D",390,"D",.,"A",835,"F",127,"F",.,"A",.,"A",2210,"D",194,"F",.,"A",.,"A",.,"A",.,"A"
"20153","03214001",36,0,"1",1300,"D",390,"D",.,"A",260,"D",0,"D",.,"A",.,"A",910,"D",60,"D",.,"A",.,"A",.,"A",.,"A"
"20153","03214051",9,0,"1",1300,"D",520,"D",130,"D",0,"D",0,"D",.,"A",.,"A",780,"D",0,"D",120,"D",1560,"D",.,"A",.,"A"
"20153","03214061",45,0,"1",1950,"D",260,"D",.,"A",650,"D",0,"D",.,"A",63,"D",1690,"D",30,"D",20,"D",260,"D",.,"A",.,"A"
"20153","03214084",17,0,"1",1300,"D",260,"D",.,"A",325,"D",0,"D",.,"A",.,"A",1040,"D",0,"D",10,"D",130,"D",.,"A",.,"A"
"20153","03214111",56,0,"1",650,"D",130,"D",.,"A",260,"D",0,"D",.,"A",.,"A",520,"D",90,"D",.,"A",.,"A",.,"A",.,"A"
"20153","03214131",53,0,"1",1950,"D",390,"D",.,"A",520,"D",30,"D",.,"A",.,"A",1560,"D",90,"D",25,"D",325,"D",.,"A",.,"A"
"20153","03214161",16,0,"1",390,"D",130,"D",.,"A",130,"D",0,"D",.,"A",.,"A",260,"D",180,"D",20,"D",260,"D",.,"A",.,"A"
"20153","03214171",23,0,"1",650,"D",650,"D",.,"A",2600,"D",0,"D",.,"A",.,"A",0,"D",0,"D",.,"A",.,"A",.,"A",.,"A"
"20153","03214181",12,0,"1",764,"F",.,"A",.,"A",0,"D",0,"D",.,"A",.,"A",623,"F",0,"D",.,"A",.,"A",.,"A",.,"A"
"20153","03214191",28,0,"1",1950,"D",650,"D",.,"A",520,"D",0,"D",.,"A",.,"A",1300,"D",390,"D",.,"A",.,"A",.,"A",.,"A"
"20153","03214201",15,0,"1",1300,"D",173,"F",.,"A",0,"D",0,"D",.,"A",.,"A",623,"F",0,"D",5,"D",65,"D",.,"A",.,"A"
"20153","03214231",11,0,"1",650,"D",130,"D",.,"A",260,"D",0,"D",.,"A",.,"A",520,"D",0,"D",.,"A",.,"A",.,"A",.,"A"
"20153","03214241",27,0,"1",1300,"D",65,"D",.,"A",1300,"D",0,"D",.,"A",.,"A",1235,"D",0,"D",.,"A",.,"A",.,"A",.,"A"
"20153","03214261",69,0,"1",3250,"D",325,"D",.,"A",975,"D",0,"D",.,"A",280,"D",2925,"D",300,"D",.,"A",.,"A",.,"A",.,"A"
"20153","03214271",9,0,"1",1561,"F",.,"A",.,"A",757,"F",162,"F",.,"A",.,"A",1315,"F",175,"F",.,"A",.,"A",.,"A",.,"A"
"20153","03214281",14,0,"1",2600,"D",0,"D",.,"A",0,"D",0,"D",.,"A",.,"A",2600,"D",0,"D",.,"A",.,"A",.,"A",.,"A"
"20153","03214335",24,0,"1",1950,"D",325,"D",.,"A",520,"D",750,"D",.,"A",.,"A",1625,"D",600,"D",42,"D",546,"D",.,"A",.,"A"
"20153","03214371",25,0,"1",3640,"D",390,"D",.,"A",260,"D",0,"D",.,"A",.,"A",3250,"D",0,"D",100,"D",1300,"D",.,"A",.,"A"
"20153","03214391",40,0,"1",1625,"D",520,"D",156,"D",195,"D",120,"D",.,"A",.,"A",1105,"D",300,"D",.,"A",.,"A",.,"A",.,"A"
"20153","03214401",17,0,"1",260,"D",65,"D",65,"D",195,"D",90,"D",.,"A",.,"A",195,"D",30,"D",.,"A",.,"A",.,"A",.,"A"
"20153","03214411",30,0,"1",2600,"D",390,"D",.,"A",1300,"D",225,"D",.,"A",.,"A",2210,"D",450,"D",.,"A",.,"A",.,"A",.,"A"
"20153","03214441",16,0,"1",1300,"D",0,"D",.,"A",650,"D",102,"F",.,"A",.,"A",1300,"D",142,"F",.,"A",.,"A",.,"A",.,"A"
"20153","03214481",8,0,"1",1300,"D",173,"F",.,"A",0,"D",0,"D",.,"A",.,"A",623,"F",0,"D",50,"D",650,"D",.,"A",.,"A"
"20153","03214491",16,0,"1",780,"D",65,"D",.,"A",520,"D",0,"D",.,"A",.,"A",715,"D",0,"D",65,"D",845,"D",.,"A",.,"A"
"20153","03214501",24,0,"1",1950,"D",650,"D",390,"D",650,"D",0,"D",.,"A",.,"A",1300,"D",75,"D",.,"A",.,"A",.,"A",.,"A"
"20153","03214511",27,0,"1",2600,"D",975,"D",.,"A",650,"D",90,"D",.,"A",.,"A",1625,"D",225,"D",.,"A",.,"A",.,"A",.,"A"
"20153","03214541",23,0,"1",650,"D",325,"D",.,"A",390,"D",60,"D",.,"A",.,"A",325,"D",90,"D",.,"A",.,"A",.,"A",.,"A"
"20153","03214551",12,0,"1",2340,"D",390,"D",.,"A",780,"D",0,"D",.,"A",.,"A",1950,"D",240,"D",.,"A",.,"A",.,"A",.,"A"
"20153","03214561",41,0,"1",260,"D",65,"D",.,"A",325,"D",0,"D",.,"A",.,"A",195,"D",0,"D",.,"A",.,"A",.,"A",.,"A"
"20153","03214571",32,0,"1",2600,"D",516,"F",.,"A",390,"D",0,"D",.,"A",.,"A",2357,"F",90,"D",120,"D",1560,"D",.,"A",.,"A"
"20153","03214581",25,0,"1",325,"D",39,"D",260,"D",0,"D",0,"D",.,"A",.,"A",286,"D",60,"D",.,"A",.,"A",.,"A",.,"A"
"20153","03214631",12,0,"1",2600,"D",390,"D",.,"A",520,"D",0,"D",.,"A",.,"A",2210,"D",0,"D",.,"A",.,"A",.,"A",.,"A"
"20153","03214641",55,0,"1",2600,"D",780,"D",.,"A",2600,"D",0,"D",.,"A",.,"A",1820,"D",180,"D",.,"A",.,"A",.,"A",.,"A"
"20153","03214651",12,0,"1",325,"D",130,"D",.,"A",0,"D",0,"D",.,"A",.,"A",195,"D",0,"D",11,"D",143,"D",.,"A",.,"A"
"20153","03214681",43,0,"1",3900,"D",650,"D",650,"D",975,"D",90,"D",.,"A",.,"A",3250,"D",225,"D",.,"A",.,"A",.,"A",.,"A"
"20153","03214691",49,0,"1",1300,"D",130,"D",.,"A",650,"D",120,"D",325,"D",.,"A",1170,"D",60,"D",.,"A",.,"A",.,"A",.,"A"
"20153","03214711",13,0,"1",455,"D",0,"D",.,"A",0,"D",0,"D",.,"A",.,"A",455,"D",0,"D",.,"A",.,"A",.,"A",.,"A"
"20153","03214721",22,0,"1",650,"D",0,"D",.,"A",390,"D",0,"D",.,"A",.,"A",650,"D",0,"D",.,"A",.,"A",.,"A",.,"A"
"20153","03214731",32,0,"1",2600,"D",520,"D",.,"A",0,"D",0,"D",.,"A",.,"A",2080,"D",0,"D",.,"A",.,"A",.,"A",.,"A"
"20153","03214761",18,0,"1",3900,"D",1300,"D",130,"D",520,"D",0,"D",.,"A",.,"A",2600,"D",0,"D",.,"A",.,"A",.,"A",.,"A"
"20153","03214771",44,0,"1",1950,"D",650,"D",.,"A",650,"D",6,"D",.,"A",.,"A",1300,"D",150,"D",.,"A",.,"A",.,"A",.,"A"
"20153","03214791",18,0,"1",1950,"D",260,"D",.,"A",0,"D",0,"D",.,"A",.,"A",1690,"D",0,"D",.,"A",.,"A",.,"A",.,"A"
"20153","03214801",29,0,"1",130,"D",130,"D",.,"A",3900,"D",0,"D",.,"A",.,"A",0,"D",0,"D",.,"A",.,"A",.,"A",.,"A"
"20153","03214811",24,0,"1",650,"D",130,"D",.,"A",455,"D",120,"D",.,"A",.,"A",520,"D",0,"D",.,"A",.,"A",.,"A",.,"A"
"20153","03214821",41,0,"1",3900,"D",1300,"D",.,"A",650,"D",0,"D",.,"A",.,"A",2600,"D",0,"D",.,"A",.,"A",.,"A",.,"A"
"20153","03214831",28,0,"1",1560,"D",195,"D",.,"A",1950,"D",240,"D",.,"A",.,"A",1365,"D",0,"D",.,"A",.,"A",.,"A",.,"A"
"20153","03214841",35,0,"1",1300,"D",325,"D",.,"A",390,"D",0,"D",.,"A",.,"A",975,"D",0,"D",.,"A",.,"A",.,"A",.,"A"
"20153","03214851",24,0,"1",650,"D",130,"D",.,"A",0,"D",105,"D",.,"A",.,"A",520,"D",120,"D",.,"A",.,"A",.,"A",.,"A"
"20153","03214871",29,0,"1",1625,"D",585,"D",195,"D",650,"D",90,"D",.,"A",.,"A",1040,"D",90,"D",.,"A",.,"A",.,"A",.,"A"
"20153","03214881",48,0,"1",2600,"D",650,"D",130,"D",1300,"D",0,"D",.,"A",.,"A",1950,"D",0,"D",.,"A",.,"A",.,"A",.,"A"
"20153","03214901",19,0,"1",3250,"D",325,"D",.,"A",650,"D",0,"D",.,"A",.,"A",2925,"D",0,"D",.,"A",.,"A",.,"A",.,"A"
"20153","03214931",19,0,"1",260,"D",0,"D",.,"A",325,"D",360,"D",.,"A",.,"A",260,"D",27,"D",.,"A",.,"A",.,"A",.,"A"
"20153","03214951",33,0,"1",1300,"D",325,"D",.,"A",325,"D",60,"D",.,"A",.,"A",975,"D",60,"D",42,"D",546,"D",.,"A",.,"A"
"20153","03214981",18,0,"1",650,"D",130,"D",.,"A",0,"D",0,"D",.,"A",.,"A",520,"D",60,"D",16,"D",208,"D",.,"A",.,"A"
"20153","03215001",34,0,"1",2600,"D",325,"D",.,"A",1300,"D",150,"D",.,"A",.,"A",2275,"D",300,"D",.,"A",.,"A",.,"A",.,"A"
"20153","03215011",31,0,"1",1950,"D",390,"D",195,"D",1950,"D",0,"D",.,"A",.,"A",1560,"D",180,"D",.,"A",.,"A",.,"A",.,"A"
"20153","03215031",62,0,"1",2600,"D",650,"D",.,"A",650,"D",0,"D",.,"A",.,"A",1950,"D",270,"D",.,"A",.,"A",.,"A",.,"A"
"20153","03215051",10,0,"1",260,"D",0,"D",.,"A",0,"D",0,"D",.,"A",.,"A",260,"D",0,"D",.,"A",.,"A",.,"A",.,"A"
"20153","03215061",15,0,"1",520,"D",335,"F",391,"F",757,"F",0,"D",.,"A",.,"A",1315,"F",0,"D",.,"A",.,"A",.,"A",.,"A"
"20153","03215074",32,0,"1",1950,"D",390,"D",390,"D",390,"D",360,"D",.,"A",.,"A",1560,"D",120,"D",35,"D",455,"D",.,"A",.,"A"
"20153","03215094",9,0,"1",1040,"D",195,"D",.,"A",650,"D",150,"D",.,"A",.,"A",845,"D",66,"D",.,"A",.,"A",65,"D",5,"D"
"20153","03215101",33,0,"1",1300,"D",325,"D",.,"A",325,"D",0,"D",.,"A",.,"A",975,"D",0,"D",.,"A",.,"A",.,"A",.,"A"
"20153","03215111",58,0,"1",2600,"D",650,"D",.,"A",455,"D",0,"D",.,"A",90,"D",1950,"D",0,"D",.,"A",.,"A",.,"A",.,"A"
"20153","03215124",12,0,"1",650,"D",130,"D",.,"A",195,"D",300,"D",.,"A",.,"A",520,"D",60,"D",.,"A",.,"A",.,"A",.,"A"
"20153","03215131",14,0,"1",975,"D",390,"D",.,"A",650,"D",0,"D",.,"A",.,"A",585,"D",0,"D",10,"D",130,"D",.,"A",.,"A"
"20153","03215141",14,0,"1",3250,"D",650,"D",.,"A",260,"D",0,"D",.,"A",.,"A",2600,"D",0,"D",.,"A",.,"A",.,"A",.,"A"
"20153","03215151",21,0,"1",1300,"D",325,"D",.,"A",455,"D",0,"D",.,"A",.,"A",975,"D",0,"D",.,"A",.,"A",.,"A",.,"A"
"20153","03215163",17,0,"1",975,"D",130,"D",.,"A",1300,"D",0,"D",.,"A",.,"A",845,"D",0,"D",.,"A",.,"A",.,"A",.,"A"
"20153","03215171",6,0,"1",0,"D",.,"A",.,"A",0,"D",0,"D",.,"A",.,"A",0,"D",0,"D",.,"A",.,"A",.,"A",.,"A"
"20153","03215181",18,0,"1",1950,"D",325,"D",.,"A",0,"D",0,"D",.,"A",.,"A",1625,"D",0,"D",.,"A",.,"A",117,"D",9,"D"
"20153","03215201",17,0,"1",919,"F",.,"A",.,"A",604,"F",121,"F",.,"A",.,"A",741,"F",92,"F",.,"A",.,"A",.,"A",.,"A"
"20153","03215251",38,0,"1",6500,"D",650,"D",.,"A",1300,"D",0,"D",.,"A",.,"A",5850,"D",150,"D",.,"A",.,"A",.,"A",.,"A"
"20153","03215271",24,0,"1",650,"D",130,"D",.,"A",0,"D",0,"D",.,"A",.,"A",520,"D",0,"D",15,"D",195,"D",.,"A",.,"A"
"20153","03215281",25,0,"1",975,"D",130,"D",650,"D",390,"D",0,"D",.,"A",.,"A",845,"D",0,"D",.,"A",.,"A",.,"A",.,"A"
"20153","03215291",20,0,"1",1690,"D",390,"D",325,"D",975,"D",0,"D",.,"A",.,"A",1300,"D",0,"D",.,"A",.,"A",.,"A",.,"A"
"20153","03215301",17,0,"1",650,"D",130,"D",.,"A",390,"D",6,"D",.,"A",.,"A",520,"D",6,"D",.,"A",.,"A",.,"A",.,"A"
"20153","03215331",20,0,"1",585,"D",65,"D",.,"A",91,"D",60,"D",.,"A",.,"A",520,"D",0,"D",.,"A",.,"A",.,"A",.,"A"
"20153","03215341",35,0,"1",780,"D",260,"D",.,"A",780,"D",180,"D",.,"A",.,"A",520,"D",60,"D",.,"A",.,"A",.,"A",.,"A"
"20153","03215351",29,0,"1",520,"D",65,"D",.,"A",195,"D",195,"D",.,"A",.,"A",455,"D",75,"D",.,"A",.,"A",.,"A",.,"A"
"20153","03215362",35,0,"1",3250,"D",650,"D",.,"A",520,"D",0,"D",.,"A",.,"A",2600,"D",270,"D",35,"D",455,"D",.,"A",.,"A"
"20153","03215371",39,0,"1",1820,"D",390,"D",.,"A",390,"D",0,"D",.,"A",.,"A",1430,"D",48,"D",.,"A",.,"A",.,"A",.,"A"
"20153","03215391",20,0,"1",2600,"D",260,"D",.,"A",0,"D",0,"D",.,"A",.,"A",2340,"D",0,"D",.,"A",.,"A",.,"A",.,"A"
"20153","03215411",69,0,"1",3250,"D",1300,"D",65,"D",1300,"D",0,"D",.,"A",.,"A",1950,"D",0,"D",.,"A",.,"A",.,"A",.,"A"
"20153","03215431",11,0,"1",260,"D",65,"D",.,"A",1300,"D",300,"D",.,"A",.,"A",195,"D",600,"D",.,"A",.,"A",.,"A",.,"A"
"20153","03215441",23,0,"1",3250,"D",455,"D",.,"A",585,"D",150,"D",.,"A",.,"A",2795,"D",225,"D",.,"A",.,"A",.,"A",.,"A"
"20153","03215461",55,0,"1",1755,"D",715,"D",325,"D",260,"D",45,"D",.,"A",.,"A",1040,"D",120,"D",.,"A",.,"A",.,"A",.,"A"
"20153","03215471",60,0,"1",1300,"D",429,"D",.,"A",260,"D",30,"D",.,"A",.,"A",871,"D",99,"D",.,"A",.,"A",.,"A",.,"A"
"20153","03215481",34,0,"1",2340,"D",455,"D",.,"A",520,"D",0,"D",.,"A",.,"A",1885,"D",0,"D",.,"A",.,"A",.,"A",.,"A"
"20153","03215501",15,0,"1",1300,"D",195,"D",.,"A",260,"D",0,"D",.,"A",.,"A",1105,"D",18,"D",60,"D",780,"D",.,"A",.,"A"
"20153","03215521",34,0,"1",650,"D",195,"D",.,"A",195,"D",0,"D",.,"A",.,"A",455,"D",0,"D",.,"A",.,"A",.,"A",.,"A"
"20153","03215531",19,0,"1",1950,"D",650,"D",.,"A",1950,"D",0,"D",.,"A",.,"A",1300,"D",0,"D",.,"A",.,"A",.,"A",.,"A"
"20153","03215541",31,0,"1",1300,"D",260,"D",130,"D",260,"D",0,"D",.,"A",.,"A",1040,"D",180,"D",.,"A",.,"A",.,"A",.,"A"
"20153","03215551",42,0,"1",1560,"D",260,"D",260,"D",1560,"D",300,"D",.,"A",.,"A",1300,"D",180,"D",.,"A",.,"A",.,"A",.,"A"
"20153","03215591",12,0,"1",650,"D",130,"D",.,"A",520,"D",0,"D",.,"A",.,"A",520,"D",0,"D",.,"A",.,"A",.,"A",.,"A"
"20153","03215601",17,0,"1",845,"D",195,"D",260,"D",455,"D",6,"D",.,"A",.,"A",650,"D",6,"D",.,"A",.,"A",.,"A",.,"A"
"20153","03215621",21,0,"1",1040,"D",325,"D",.,"A",26,"D",0,"D",.,"A",.,"A",715,"D",75,"D",.,"A",.,"A",.,"A",.,"A"
"20153","03215662",47,0,"1",975,"D",0,"D",.,"A",0,"D",0,"D",.,"A",.,"A",975,"D",60,"D",5,"D",65,"D",.,"A",.,"A"
"20153","03215671",52,0,"1",650,"D",130,"D",130,"D",130,"D",0,"D",.,"A",.,"A",520,"D",0,"D",30,"D",390,"D",.,"A",.,"A"
"20153","03215685",23,0,"1",780,"D",65,"D",.,"A",260,"D",0,"D",.,"A",.,"A",715,"D",540,"D",30,"D",390,"D",.,"A",.,"A"
"20153","03215731",22,0,"1",1690,"D",390,"D",78,"D",260,"D",6,"D",.,"A",.,"A",1300,"D",6,"D",.,"A",.,"A",.,"A",.,"A"
"20153","03215751",43,0,"1",1300,"D",130,"D",.,"A",390,"D",0,"D",.,"A",.,"A",1170,"D",54,"D",.,"A",.,"A",325,"D",25,"D"
"20153","03215771",29,0,"1",1300,"D",195,"D",.,"A",260,"D",0,"D",.,"A",.,"A",1105,"D",30,"D",.,"A",.,"A",.,"A",.,"A"
"20153","03215811",52,0,"1",1300,"D",0,"D",130,"D",182,"D",0,"D",.,"A",.,"A",1300,"D",0,"D",.,"A",.,"A",.,"A",.,"A"
"20153","03215831",29,0,"1",3900,"D",0,"D",.,"A",1300,"D",0,"D",.,"A",.,"A",3900,"D",0,"D",.,"A",.,"A",.,"A",.,"A"
"20153","03215901",22,0,"1",1560,"D",260,"D",.,"A",1300,"D",0,"D",.,"A",.,"A",1300,"D",0,"D",.,"A",.,"A",.,"A",.,"A"
"20153","03215911",24,0,"1",1300,"D",390,"D",130,"D",650,"D",0,"D",.,"A",.,"A",910,"D",120,"D",70,"D",910,"D",.,"A",.,"A"
"20153","03215921",18,0,"1",1300,"D",130,"D",130,"D",1300,"D",0,"D",.,"A",.,"A",1170,"D",15,"D",.,"A",.,"A",.,"A",.,"A"
"20153","03215931",14,0,"1",2275,"D",260,"D",.,"A",325,"D",0,"D",.,"A",.,"A",2015,"D",0,"D",.,"A",.,"A",.,"A",.,"A"
"20153","03215951",29,0,"1",1950,"D",195,"D",.,"A",1170,"D",0,"D",.,"A",.,"A",1755,"D",6,"D",.,"A",.,"A",.,"A",.,"A"
"20153","03215961",66,0,"1",910,"D",260,"D",130,"D",130,"D",0,"D",.,"A",.,"A",650,"D",0,"D",.,"A",.,"A",.,"A",.,"A"
"20153","03215971",9,0,"1",1300,"D",650,"D",.,"A",0,"D",0,"D",.,"A",.,"A",650,"D",0,"D",25,"D",325,"D",.,"A",.,"A"
"20153","03215981",44,0,"1",2600,"D",650,"D",.,"A",1625,"D",75,"D",.,"A",.,"A",1950,"D",180,"D",70,"D",910,"D",.,"A",.,"A"
"20153","03216001",9,0,"1",0,"D",.,"A",.,"A",0,"D",0,"D",.,"A",.,"A",0,"D",0,"D",4,"D",52,"D",.,"A",.,"A"
"20153","03216011",20,0,"1",1300,"D",260,"D",.,"A",390,"D",0,"D",.,"A",.,"A",1040,"D",0,"D",.,"A",.,"A",.,"A",.,"A"
"20153","03216021",30,0,"1",1950,"D",975,"D",650,"D",1950,"D",150,"D",.,"A",.,"A",975,"D",120,"D",.,"A",.,"A",.,"A",.,"A"
"20153","03216031",14,0,"1",1625,"D",325,"D",.,"A",0,"D",0,"D",.,"A",.,"A",1300,"D",0,"D",.,"A",.,"A",.,"A",.,"A"
"20153","03216051",12,0,"1",0,"D",.,"A",.,"A",65,"D",0,"D",.,"A",.,"A",0,"D",0,"D",.,"A",.,"A",.,"A",.,"A"
"20153","03216061",30,0,"1",2860,"D",572,"D",.,"A",1300,"D",600,"D",.,"A",.,"A",2288,"D",600,"D",.,"A",.,"A",.,"A",.,"A"
"20153","03216071",47,0,"1",1820,"D",390,"D",195,"D",520,"D",60,"D",.,"A",.,"A",1430,"D",120,"D",.,"A",.,"A",.,"A",.,"A"
"20153","03216081",31,0,"1",455,"D",0,"D",.,"A",0,"D",0,"D",.,"A",.,"A",455,"D",306,"D",90,"D",1170,"D",.,"A",.,"A"
"20153","03216101",68,0,"1",1170,"D",195,"D",.,"A",0,"D",0,"D",.,"A",.,"A",975,"D",60,"D",.,"A",.,"A",.,"A",.,"A"
"20153","03216111",43,0,"1",4550,"D",975,"D",.,"A",975,"D",150,"D",.,"A",.,"A",3575,"D",600,"D",.,"A",.,"A",.,"A",.,"A"
"20153","03216131",52,0,"1",2600,"D",520,"D",.,"A",195,"D",0,"D",.,"A",150,"D",2080,"D",120,"D",.,"A",.,"A",.,"A",.,"A"
"20153","03216141",24,0,"1",975,"D",91,"D",.,"A",0,"D",0,"D",.,"A",.,"A",884,"D",0,"D",.,"A",.,"A",.,"A",.,"A"
"20153","03216151",28,0,"1",1300,"D",325,"D",.,"A",325,"D",150,"D",.,"A",.,"A",975,"D",150,"D",70,"D",910,"D",.,"A",.,"A"
"20153","03216171",56,0,"1",2600,"D",260,"D",650,"D",1950,"D",600,"D",.,"A",.,"A",2340,"D",750,"D",.,"A",.,"A",.,"A",.,"A"
"20153","03216191",47,0,"1",1755,"D",650,"D",.,"A",910,"D",0,"D",.,"A",.,"A",1105,"D",45,"D",.,"A",.,"A",.,"A",.,"A"
"20153","03216211",18,0,"1",1560,"D",585,"D",.,"A",0,"D",0,"D",.,"A",.,"A",975,"D",0,"D",.,"A",.,"A",.,"A",.,"A"
"20153","03216221",20,0,"1",1495,"D",520,"D",.,"A",520,"D",0,"D",.,"A",.,"A",975,"D",0,"D",.,"A",.,"A",.,"A",.,"A"
"20153","03216241",22,0,"1",520,"D",260,"D",.,"A",2340,"D",0,"D",.,"A",.,"A",260,"D",0,"D",.,"A",.,"A",.,"A",.,"A"
"20153","03216251",29,0,"1",650,"D",130,"D",.,"A",260,"D",0,"D",.,"A",.,"A",520,"D",0,"D",.,"A",.,"A",.,"A",.,"A"
"20153","03216271",24,0,"1",520,"D",130,"D",.,"A",0,"D",0,"D",.,"A",.,"A",390,"D",0,"D",.,"A",.,"A",.,"A",.,"A"
"20153","03216281",33,0,"1",1300,"D",390,"D",.,"A",65,"D",0,"D",.,"A",.,"A",910,"D",0,"D",.,"A",.,"A",.,"A",.,"A"
"20153","03216305",8,0,"1",3900,"D",780,"D",.,"A",650,"D",0,"D",.,"A",.,"A",3120,"D",0,"D",.,"A",.,"A",.,"A",.,"A"
"20153","03216311",26,0,"1",2600,"D",516,"F",390,"D",0,"D",0,"D",.,"A",.,"A",2357,"F",435,"D",.,"A",.,"A",.,"A",.,"A"
"20153","03216321",24,0,"1",1300,"D",650,"D",.,"A",1950,"D",0,"D",.,"A",.,"A",650,"D",300,"D",.,"A",.,"A",.,"A",.,"A"
"20153","03216331",41,0,"1",845,"D",195,"D",416,"D",585,"D",75,"D",.,"A",.,"A",650,"D",0,"D",.,"A",.,"A",.,"A",.,"A"
"20153","03216341",21,0,"1",2600,"D",780,"D",.,"A",780,"D",0,"D",.,"A",.,"A",1820,"D",0,"D",.,"A",.,"A",.,"A",.,"A"
"20153","03216361",22,0,"1",2210,"D",520,"D",.,"A",130,"D",0,"D",.,"A",.,"A",1690,"D",0,"D",.,"A",.,"A",.,"A",.,"A"
"20153","03216381",23,0,"1",1950,"D",520,"D",.,"A",390,"D",0,"D",.,"A",.,"A",1430,"D",0,"D",.,"A",.,"A",.,"A",.,"A"
"20153","03216391",57,0,"1",2600,"D",650,"D",.,"A",1625,"D",0,"D",.,"A",.,"A",1950,"D",0,"D",.,"A",.,"A",.,"A",.,"A"
"20153","03216412",17,0,"1",3250,"D",650,"D",.,"A",390,"D",0,"D",.,"A",.,"A",2600,"D",0,"D",.,"A",.,"A",.,"A",.,"A"
"20153","03216421",35,0,"1",5200,"D",390,"D",.,"A",0,"D",0,"D",.,"A",.,"A",4810,"D",36,"D",45,"D",585,"D",.,"A",.,"A"
"20153","03216431",28,0,"1",728,"D",78,"D",65,"D",195,"D",0,"D",.,"A",.,"A",650,"D",0,"D",11,"D",143,"D",.,"A",.,"A"
"20153","03216441",53,0,"1",7800,"D",1950,"D",.,"A",390,"D",0,"D",.,"A",.,"A",5850,"D",90,"D",.,"A",.,"A",.,"A",.,"A"
"20153","03216451",17,0,"1",1950,"D",0,"D",.,"A",455,"D",0,"D",.,"A",.,"A",1950,"D",0,"D",45,"D",585,"D",.,"A",.,"A"
"20153","03216471",20,0,"1",780,"D",0,"D",195,"D",325,"D",0,"D",.,"A",.,"A",780,"D",0,"D",.,"A",.,"A",.,"A",.,"A"
"20153","03216511",18,0,"1",1222,"D",412,"F",.,"A",799,"F",127,"F",.,"A",.,"A",1866,"F",120,"F",.,"A",.,"A",.,"A",.,"A"
"20153","03216551",18,0,"1",1300,"D",211,"F",.,"A",0,"D",0,"D",.,"A",.,"A",741,"F",0,"D",.,"A",.,"A",.,"A",.,"A"
"20153","03216565",38,0,"1",975,"D",65,"D",.,"A",650,"D",60,"D",.,"A",.,"A",910,"D",60,"D",.,"A",.,"A",.,"A",.,"A"
"20153","03216571",33,0,"1",2210,"D",390,"D",.,"A",130,"D",0,"D",.,"A",.,"A",1820,"D",0,"D",.,"A",.,"A",.,"A",.,"A"
"20153","03216581",17,0,"1",1300,"D",390,"D",.,"A",130,"D",0,"D",.,"A",.,"A",910,"D",30,"D",.,"A",.,"A",.,"A",.,"A"
"20153","03216601",18,0,"1",2925,"D",975,"D",.,"A",260,"D",0,"D",.,"A",.,"A",1950,"D",0,"D",73,"D",949,"D",.,"A",.,"A"
"20153","03216611",25,0,"1",1300,"D",390,"D",325,"D",65,"D",0,"D",.,"A",.,"A",910,"D",0,"D",.,"A",.,"A",.,"A",.,"A"
"20153","03216651",43,0,"1",1430,"D",260,"D",.,"A",0,"D",0,"D",.,"A",.,"A",1170,"D",0,"D",.,"A",.,"A",.,"A",.,"A"
"20153","03216691",13,0,"1",919,"F",.,"A",.,"A",604,"F",0,"D",.,"A",.,"A",741,"F",0,"D",.,"A",.,"A",.,"A",.,"A"
"20153","03227131",27,0,"1",1300,"D",260,"D",130,"D",130,"D",30,"D",.,"A",.,"A",1040,"D",30,"D",.,"A",.,"A",.,"A",.,"A"
"20153","03227141",37,0,"1",3250,"D",650,"D",.,"A",130,"D",0,"D",.,"A",.,"A",2600,"D",0,"D",.,"A",.,"A",.,"A",.,"A"
"20153","03227151",34,0,"1",3250,"D",325,"D",.,"A",260,"D",6,"D",.,"A",38,"D",2925,"D",6,"D",.,"A",.,"A",.,"A",.,"A"
"20153","03227161",17,0,"1",650,"D",130,"D",.,"A",1300,"D",30,"D",.,"A",.,"A",520,"D",60,"D",.,"A",.,"A",.,"A",.,"A"
"20153","03227191",30,0,"1",3250,"D",650,"D",.,"A",780,"D",0,"D",.,"A",.,"A",2600,"D",0,"D",.,"A",.,"A",.,"A",.,"A"
"20153","03227211",44,0,"1",1625,"D",325,"D",1040,"D",1950,"D",450,"D",.,"A",.,"A",1300,"D",240,"D",40,"D",520,"D",.,"A",.,"A"
"20153","03227221",14,0,"1",650,"D",130,"D",.,"A",520,"D",0,"D",.,"A",.,"A",520,"D",0,"D",.,"A",.,"A",.,"A",.,"A"
"20153","03227241",26,0,"1",650,"D",195,"D",.,"A",390,"D",0,"D",.,"A",.,"A",455,"D",0,"D",.,"A",.,"A",.,"A",.,"A"
"20153","03227251",37,0,"1",1300,"D",260,"D",.,"A",260,"D",0,"D",.,"A",.,"A",1040,"D",180,"D",15,"D",195,"D",.,"A",.,"A"
"20153","03227291",62,0,"1",2275,"D",0,"D",260,"D",910,"D",240,"D",.,"A",.,"A",2275,"D",180,"D",.,"A",.,"A",.,"A",.,"A"
"20153","03227301",20,0,"1",1300,"D",260,"D",.,"A",0,"D",0,"D",.,"A",.,"A",1040,"D",0,"D",.,"A",.,"A",.,"A",.,"A"
"20153","03227331",13,0,"1",764,"F",.,"A",.,"A",0,"D",0,"D",.,"A",.,"A",623,"F",0,"D",.,"A",.,"A",.,"A",.,"A"
"20153","03227361",18,0,"1",1950,"D",650,"D",.,"A",650,"D",60,"D",.,"A",.,"A",1300,"D",120,"D",.,"A",.,"A",.,"A",.,"A"
"20153","03227391",18,0,"1",2600,"D",650,"D",.,"A",835,"F",127,"F",.,"A",.,"A",1950,"D",300,"D",40,"D",520,"D",.,"A",.,"A"
"20153","03227401",51,0,"1",2275,"D",325,"D",.,"A",260,"D",60,"D",.,"A",10,"D",1950,"D",75,"D",.,"A",.,"A",.,"A",.,"A"
"20153","03227413",15,0,"1",130,"D",0,"D",.,"A",0,"D",0,"D",.,"A",.,"A",130,"D",0,"D",.,"A",.,"A",.,"A",.,"A"
"20153","03227421",29,0,"1",1300,"D",417,"F",.,"A",1300,"D",1200,"D",.,"A",.,"A",1479,"F",240,"D",.,"A",.,"A",.,"A",.,"A"
"20153","03227431",29,0,"1",975,"D",130,"D",.,"A",260,"D",0,"D",.,"A",.,"A",845,"D",150,"D",.,"A",.,"A",.,"A",.,"A"
"20153","03227461",24,0,"1",1300,"D",193,"F",.,"A",130,"D",0,"D",.,"A",.,"A",709,"F",30,"D",.,"A",.,"A",.,"A",.,"A"
"20153","03227471",18,0,"1",1300,"D",260,"D",.,"A",130,"D",0,"D",.,"A",.,"A",1040,"D",0,"D",.,"A",.,"A",.,"A",.,"A"
"20153","03227481",38,0,"1",1950,"D",260,"D",.,"A",520,"D",0,"D",.,"A",30,"D",1690,"D",0,"D",.,"A",.,"A",.,"A",.,"A"
"20153","03227495",20,0,"1",442,"D",52,"D",.,"A",195,"D",0,"D",.,"A",.,"A",390,"D",0,"D",.,"A",.,"A",.,"A",.,"A"
"20153","03227501",14,0,"1",2600,"D",455,"D",.,"A",0,"D",0,"D",.,"A",.,"A",2145,"D",0,"D",.,"A",.,"A",.,"A",.,"A"
"20153","03227511",38,0,"1",3250,"D",650,"D",.,"A",650,"D",0,"D",.,"A",.,"A",2600,"D",60,"D",.,"A",.,"A",.,"A",.,"A"
"20153","03227533",10,0,"1",260,"D",0,"D",.,"A",0,"D",0,"D",.,"A",.,"A",260,"D",0,"D",.,"A",.,"A",.,"A",.,"A"
"20153","03227561",12,0,"1",520,"D",130,"D",.,"A",0,"D",0,"D",.,"A",.,"A",390,"D",0,"D",.,"A",.,"A",.,"A",.,"A"
"20153","03227581",40,0,"1",3250,"D",650,"D",325,"D",1300,"D",0,"D",.,"A",.,"A",2600,"D",450,"D",.,"A",.,"A",.,"A",.,"A"
"20153","03227631",38,0,"1",2145,"D",195,"D",65,"D",0,"D",0,"D",.,"A",.,"A",1950,"D",240,"D",30,"D",390,"D",.,"A",.,"A"
"20153","03227661",48,0,"1",2600,"D",1300,"D",.,"A",1300,"D",480,"D",.,"A",.,"A",1300,"D",360,"D",.,"A",.,"A",.,"A",.,"A"
"20153","03227681",26,0,"1",1300,"D",195,"D",.,"A",260,"D",6,"D",.,"A",.,"A",1105,"D",90,"D",.,"A",.,"A",.,"A",.,"A"
"20153","03227694",15,0,"1",650,"D",130,"D",.,"A",130,"D",90,"D",.,"A",.,"A",520,"D",60,"D",.,"A",.,"A",.,"A",.,"A"
"20153","03227741",15,0,"1",1040,"D",130,"D",.,"A",390,"D",0,"D",.,"A",.,"A",910,"D",0,"D",.,"A",.,"A",.,"A",.,"A"
"20153","03227771",7,0,"1",1560,"D",130,"D",.,"A",0,"D",0,"D",.,"A",.,"A",1430,"D",0,"D",10,"D",130,"D",.,"A",.,"A"
"20153","03227781",45,0,"1",5200,"D",1040,"D",1300,"D",1300,"D",39,"D",.,"A",900,"D",4160,"D",36,"D",10,"D",130,"D",.,"A",.,"A"
"20153","03227792",12,0,"1",1040,"D",390,"D",.,"A",0,"D",0,"D",.,"A",.,"A",650,"D",45,"D",40,"D",520,"D",.,"A",.,"A"
"20153","03227811",24,0,"1",780,"D",130,"D",.,"A",260,"D",0,"D",.,"A",.,"A",650,"D",30,"D",42,"D",546,"D",.,"A",.,"A"
"20153","03227821",54,0,"1",1560,"D",169,"D",.,"A",1300,"D",0,"D",.,"A",.,"A",1391,"D",0,"D",6,"D",78,"D",.,"A",.,"A"
"20153","03227831",34,0,"1",1300,"D",325,"D",325,"D",0,"D",0,"D",.,"A",.,"A",975,"D",360,"D",.,"A",.,"A",.,"A",.,"A"
"20153","03227841",20,0,"1",130,"D",39,"D",.,"A",91,"D",0,"D",.,"A",.,"A",91,"D",0,"D",.,"A",.,"A",.,"A",.,"A"
"20153","03227875",39,0,"1",1950,"D",260,"D",.,"A",2340,"D",0,"D",.,"A",.,"A",1690,"D",60,"D",.,"A",.,"A",.,"A",.,"A"
"20153","03227891",35,0,"1",2600,"D",975,"D",.,"A",325,"D",0,"D",.,"A",.,"A",1625,"D",30,"D",.,"A",.,"A",.,"A",.,"A"
"20153","03227901",26,0,"1",1300,"D",130,"D",.,"A",260,"D",75,"D",.,"A",.,"A",1170,"D",15,"D",.,"A",.,"A",.,"A",.,"A"
"20153","03227911",25,0,"1",3250,"D",260,"D",.,"A",455,"D",300,"D",.,"A",.,"A",2990,"D",300,"D",36,"D",468,"D",.,"A",.,"A"
"20153","03227941",60,0,"1",1300,"D",260,"D",260,"D",1300,"D",150,"D",.,"A",.,"A",1040,"D",150,"D",10,"D",130,"D",.,"A",.,"A"
"20153","03227951",49,0,"1",1950,"D",260,"D",.,"A",1300,"D",0,"D",.,"A",.,"A",1690,"D",90,"D",.,"A",.,"A",.,"A",.,"A"
"20153","03227961",19,0,"1",195,"D",65,"D",.,"A",0,"D",0,"D",.,"A",.,"A",130,"D",45,"D",.,"A",.,"A",.,"A",.,"A"
"20153","03227971",6,0,"1",919,"F",.,"A",.,"A",604,"F",121,"F",.,"A",.,"A",741,"F",92,"F",.,"A",.,"A",.,"A",.,"A"
"20153","03228001",12,0,"1",520,"D",0,"D",.,"A",0,"D",0,"D",.,"A",.,"A",520,"D",0,"D",.,"A",.,"A",.,"A",.,"A"
"20153","03228011",23,0,"1",585,"D",130,"D",.,"A",0,"D",0,"D",.,"A",.,"A",455,"D",0,"D",14,"D",182,"D",.,"A",.,"A"
"20153","03228033",14,0,"1",1040,"D",130,"D",.,"A",0,"D",0,"D",.,"A",.,"A",910,"D",0,"D",.,"A",.,"A",.,"A",.,"A"
"20153","03228085",12,0,"1",1300,"D",260,"D",.,"A",0,"D",0,"D",.,"A",.,"A",1040,"D",0,"D",.,"A",.,"A",.,"A",.,"A"
"20153","03228111",32,0,"1",1950,"D",520,"D",.,"A",1040,"D",0,"D",.,"A",.,"A",1430,"D",0,"D",60,"D",780,"D",.,"A",.,"A"
"20153","03228121",23,0,"1",845,"D",195,"D",.,"A",845,"D",45,"D",.,"A",.,"A",650,"D",0,"D",.,"A",.,"A",.,"A",.,"A"
"20153","03228131",19,0,"1",650,"D",130,"D",.,"A",390,"D",0,"D",.,"A",.,"A",520,"D",30,"D",.,"A",.,"A",.,"A",.,"A"
"20153","03228141",24,0,"1",455,"D",0,"D",.,"A",260,"D",60,"D",.,"A",.,"A",455,"D",60,"D",.,"A",.,"A",.,"A",.,"A"
"20153","03228171",17,0,"1",910,"D",260,"D",.,"A",195,"D",0,"D",.,"A",.,"A",650,"D",0,"D",.,"A",.,"A",.,"A",.,"A"
"20153","03228184",21,0,"1",0,"D",.,"A",130,"D",325,"D",6,"D",.,"A",.,"A",0,"D",6,"D",12,"D",156,"D",.,"A",.,"A"
"20153","03228201",22,0,"1",1300,"D",260,"D",.,"A",650,"D",0,"D",.,"A",.,"A",1040,"D",0,"D",.,"A",.,"A",.,"A",.,"A"
"20153","03228225",22,0,"1",1300,"D",195,"D",.,"A",650,"D",75,"D",.,"A",.,"A",1105,"D",0,"D",.,"A",.,"A",.,"A",.,"A"
"20153","03228241",23,0,"1",650,"D",130,"D",65,"D",65,"D",0,"D",.,"A",.,"A",520,"D",30,"D",42,"D",546,"D",.,"A",.,"A"
"20153","03228251",20,0,"1",1300,"D",130,"D",.,"A",1300,"D",0,"D",.,"A",.,"A",1170,"D",90,"D",.,"A",.,"A",.,"A",.,"A"
"20153","03228261",23,0,"1",260,"D",260,"D",.,"A",520,"D",120,"D",.,"A",.,"A",0,"D",0,"D",.,"A",.,"A",.,"A",.,"A"
"20153","03228271",23,0,"1",780,"D",195,"D",.,"A",780,"D",15,"D",.,"A",.,"A",585,"D",15,"D",.,"A",.,"A",.,"A",.,"A"
"20153","03228281",46,0,"1",1950,"D",780,"D",195,"D",390,"D",150,"D",.,"A",.,"A",1170,"D",30,"D",.,"A",.,"A",.,"A",.,"A"
"20153","03228291",27,0,"1",1300,"D",195,"D",.,"A",975,"D",0,"D",.,"A",.,"A",1105,"D",0,"D",.,"A",.,"A",.,"A",.,"A"
"20153","03228301",39,0,"1",1300,"D",260,"D",.,"A",650,"D",300,"D",.,"A",.,"A",1040,"D",225,"D",.,"A",.,"A",.,"A",.,"A"
"20153","03228313",16,0,"1",520,"D",130,"D",.,"A",0,"D",60,"D",.,"A",.,"A",390,"D",60,"D",.,"A",.,"A",.,"A",.,"A"
"20153","03228343",23,0,"1",1040,"D",130,"D",.,"A",0,"D",0,"D",.,"A",.,"A",910,"D",0,"D",.,"A",.,"A",.,"A",.,"A"
"20153","03228351",35,0,"1",1040,"D",65,"D",130,"D",156,"D",0,"D",.,"A",.,"A",975,"D",54,"D",.,"A",.,"A",.,"A",.,"A"
"20153","03228365",36,0,"1",1300,"D",130,"D",.,"A",520,"D",45,"D",.,"A",.,"A",1170,"D",90,"D",15,"D",195,"D",.,"A",.,"A"
"20153","03228371",7,0,"1",65,"D",0,"D",.,"A",0,"D",0,"D",.,"A",.,"A",65,"D",0,"D",.,"A",.,"A",.,"A",.,"A"
"20153","03228391",50,0,"1",3250,"D",650,"D",.,"A",650,"D",0,"D",.,"A",.,"A",2600,"D",0,"D",.,"A",.,"A",.,"A",.,"A"
"20153","03228401",24,0,"1",1300,"D",65,"D",260,"D",390,"D",0,"D",.,"A",.,"A",1235,"D",0,"D",.,"A",.,"A",.,"A",.,"A"
"20153","03228421",65,0,"1",1690,"D",520,"D",260,"D",650,"D",60,"D",.,"A",.,"A",1170,"D",30,"D",.,"A",.,"A",.,"A",.,"A"
"20153","03228461",23,0,"1",1950,"D",390,"D",.,"A",1300,"D",150,"D",.,"A",.,"A",1560,"D",300,"D",.,"A",.,"A",.,"A",.,"A"
"20153","03228481",30,0,"1",1560,"D",195,"D",.,"A",650,"D",0,"D",.,"A",.,"A",1365,"D",0,"D",.,"A",.,"A",.,"A",.,"A"
"20153","03228511",21,0,"1",2600,"D",650,"D",.,"A",0,"D",0,"D",.,"A",.,"A",1950,"D",0,"D",.,"A",.,"A",.,"A",.,"A"
"20153","03228521",9,0,"1",1040,"D",65,"D",.,"A",0,"D",0,"D",343,"F",.,"A",975,"D",0,"D",.,"A",.,"A",.,"A",.,"A"
"20153","03228531",12,0,"1",975,"D",0,"D",.,"A",390,"D",0,"D",.,"A",.,"A",975,"D",0,"D",.,"A",.,"A",.,"A",.,"A"
"20153","03228541",39,0,"1",2600,"D",845,"D",130,"D",780,"D",600,"D",.,"A",.,"A",1755,"D",90,"D",.,"A",.,"A",.,"A",.,"A"
"20153","03228551",16,0,"1",1300,"D",390,"D",.,"A",676,"D",0,"D",.,"A",.,"A",910,"D",0,"D",.,"A",.,"A",.,"A",.,"A"
"20153","03228591",47,0,"1",1300,"D",975,"D",.,"A",650,"D",120,"D",.,"A",.,"A",325,"D",0,"D",.,"A",.,"A",.,"A",.,"A"
"20153","03228601",45,0,"1",1300,"D",0,"D",.,"A",1300,"D",0,"D",168,"D",30,"D",1300,"D",0,"D",.,"A",.,"A",.,"A",.,"A"
"20153","03228625",11,0,"1",2080,"D",260,"D",.,"A",1300,"D",0,"D",.,"A",.,"A",1820,"D",0,"D",.,"A",.,"A",.,"A",.,"A"
"20153","03228641",17,0,"1",520,"D",0,"D",.,"A",390,"D",90,"D",.,"A",.,"A",520,"D",0,"D",.,"A",.,"A",.,"A",.,"A"
"20153","03228651",23,0,"1",1950,"D",488,"F",.,"A",390,"D",0,"D",.,"A",.,"A",1762,"F",105,"D",20,"D",260,"D",.,"A",.,"A"
"20153","03228661",66,0,"1",3250,"D",650,"D",650,"D",975,"D",30,"D",.,"A",.,"A",2600,"D",75,"D",.,"A",.,"A",.,"A",.,"A"
"20153","03228675",24,0,"1",455,"D",0,"D",.,"A",130,"D",0,"D",.,"A",.,"A",455,"D",0,"D",.,"A",.,"A",.,"A",.,"A"
"20153","03228701",14,0,"1",1300,"D",274,"F",.,"A",0,"D",0,"D",.,"A",.,"A",976,"F",0,"D",.,"A",.,"A",.,"A",.,"A"
"20153","03228721",28,0,"1",1950,"D",390,"D",.,"A",130,"D",0,"D",.,"A",.,"A",1560,"D",36,"D",35,"D",455,"D",156,"D",12,"D"
"20153","03228761",19,0,"1",1361,"F",.,"A",130,"D",780,"D",120,"D",.,"A",.,"A",1077,"F",75,"D",.,"A",.,"A",.,"A",.,"A"
"20153","03228821",37,0,"1",325,"D",0,"D",.,"A",52,"D",0,"D",.,"A",.,"A",325,"D",0,"D",56,"D",728,"D",.,"A",.,"A"
"20153","03228841",26,0,"1",390,"D",0,"D",.,"A",0,"D",0,"D",.,"A",.,"A",390,"D",0,"D",.,"A",.,"A",.,"A",.,"A"
"20153","03228851",17,0,"1",1950,"D",520,"D",.,"A",1300,"D",0,"D",.,"A",.,"A",1430,"D",0,"D",.,"A",.,"A",.,"A",.,"A"
"20153","03228861",23,0,"1",520,"D",130,"D",.,"A",208,"D",0,"D",.,"A",.,"A",390,"D",0,"D",.,"A",.,"A",.,"A",.,"A"
"20153","03228881",22,0,"1",1300,"D",260,"D",.,"A",390,"D",0,"D",.,"A",.,"A",1040,"D",90,"D",.,"A",.,"A",.,"A",.,"A"
"20153","03228921",15,0,"1",325,"D",130,"D",.,"A",0,"D",0,"D",.,"A",.,"A",195,"D",0,"D",.,"A",.,"A",.,"A",.,"A"
"20153","03228934",23,0,"1",3640,"D",260,"D",.,"A",1300,"D",0,"D",.,"A",.,"A",3380,"D",0,"D",.,"A",.,"A",.,"A",.,"A"
"20153","03228941",16,0,"1",1300,"D",260,"D",.,"A",0,"D",0,"D",.,"A",.,"A",1040,"D",0,"D",.,"A",.,"A",195,"D",15,"D"
"20153","03228962",17,0,"1",195,"D",0,"D",.,"A",0,"D",0,"D",.,"A",.,"A",195,"D",0,"D",.,"A",.,"A",.,"A",.,"A"
"20153","03228991",19,0,"1",1040,"D",195,"D",.,"A",0,"D",0,"D",.,"A",.,"A",845,"D",0,"D",60,"D",780,"D",.,"A",.,"A"
"20153","03229001",30,0,"1",390,"D",65,"D",.,"A",325,"D",0,"D",.,"A",.,"A",325,"D",0,"D",.,"A",.,"A",.,"A",.,"A"
"20153","03229021",84,0,"1",1300,"D",325,"D",130,"D",130,"D",30,"D",.,"A",.,"A",975,"D",30,"D",.,"A",.,"A",.,"A",.,"A"
"20153","03229031",22,0,"1",1040,"D",260,"D",.,"A",390,"D",0,"D",.,"A",.,"A",780,"D",0,"D",.,"A",.,"A",.,"A",.,"A"
"20153","03229061",26,0,"1",1040,"D",260,"D",.,"A",780,"D",180,"D",.,"A",.,"A",780,"D",480,"D",40,"D",520,"D",.,"A",.,"A"
"20153","03229081",29,0,"1",1300,"D",130,"D",.,"A",0,"D",0,"D",.,"A",.,"A",1170,"D",0,"D",.,"A",.,"A",.,"A",.,"A"
"20153","03229101",54,0,"1",1950,"D",325,"D",.,"A",260,"D",24,"D",.,"A",.,"A",1625,"D",0,"D",.,"A",.,"A",.,"A",.,"A"
"20153","03229155",15,0,"1",1950,"D",130,"D",.,"A",260,"D",0,"D",.,"A",.,"A",1820,"D",60,"D",150,"D",1950,"D",.,"A",.,"A"
"20153","03229161",20,0,"1",585,"D",260,"D",.,"A",0,"D",0,"D",.,"A",.,"A",325,"D",0,"D",.,"A",.,"A",.,"A",.,"A"
"20153","03229201",68,0,"1",598,"D",78,"D",741,"D",663,"D",0,"D",.,"A",.,"A",520,"D",30,"D",.,"A",.,"A",.,"A",.,"A"
"20153","03229271",30,0,"1",650,"D",195,"D",.,"A",520,"D",0,"D",.,"A",.,"A",455,"D",0,"D",.,"A",.,"A",.,"A",.,"A"
"20153","03229291",41,0,"1",1690,"D",325,"D",.,"A",260,"D",240,"D",.,"A",.,"A",1365,"D",120,"D",.,"A",.,"A",.,"A",.,"A"
"20153","03229303",9,0,"1",650,"D",260,"D",.,"A",130,"D",0,"D",18,"D",.,"A",390,"D",0,"D",.,"A",.,"A",65,"D",5,"D"
"20153","03229311",32,0,"1",1300,"D",130,"D",.,"A",390,"D",45,"D",.,"A",.,"A",1170,"D",0,"D",50,"D",650,"D",650,"D",50,"D"
"20153","03229341",74,0,"1",2600,"D",325,"D",.,"A",1040,"D",127,"F",.,"A",.,"A",2275,"D",120,"F",.,"A",.,"A",.,"A",.,"A"
"20153","03229351",57,0,"1",3250,"D",650,"D",.,"A",6500,"D",300,"D",.,"A",50,"D",2600,"D",180,"D",.,"A",.,"A",.,"A",.,"A"
"20153","03229361",29,0,"1",1300,"D",390,"D",.,"A",455,"D",0,"D",.,"A",.,"A",910,"D",0,"D",.,"A",.,"A",.,"A",.,"A"
"20153","03229391",30,0,"1",1300,"D",130,"D",390,"D",260,"D",0,"D",.,"A",.,"A",1170,"D",0,"D",.,"A",.,"A",.,"A",.,"A"
"20153","03229401",15,0,"1",1300,"D",260,"D",.,"A",845,"D",0,"D",.,"A",.,"A",1040,"D",0,"D",.,"A",.,"A",.,"A",.,"A"
"20153","03229411",32,0,"1",1300,"D",195,"D",.,"A",0,"D",0,"D",.,"A",.,"A",1105,"D",0,"D",.,"A",.,"A",.,"A",.,"A"
"20153","03229421",31,0,"1",1040,"D",260,"D",.,"A",390,"D",0,"D",.,"A",.,"A",780,"D",0,"D",.,"A",.,"A",.,"A",.,"A"
"20153","03229441",23,0,"1",390,"D",65,"D",65,"D",195,"D",0,"D",.,"A",.,"A",325,"D",0,"D",.,"A",.,"A",65,"D",5,"D"
"20153","03229451",30,0,"1",3900,"D",1950,"D",.,"A",650,"D",0,"D",.,"A",.,"A",1950,"D",0,"D",.,"A",.,"A",.,"A",.,"A"
"20153","03229481",14,0,"1",1827,"F",.,"A",.,"A",0,"D",0,"D",.,"A",.,"A",1438,"F",0,"D",.,"A",.,"A",.,"A",.,"A"
"20153","03229521",77,0,"1",1300,"D",390,"D",260,"D",780,"D",90,"D",.,"A",.,"A",910,"D",0,"D",.,"A",.,"A",.,"A",.,"A"
"20153","03229531",17,0,"1",1561,"F",.,"A",.,"A",757,"F",162,"F",.,"A",.,"A",1315,"F",175,"F",.,"A",.,"A",.,"A",.,"A"
"20153","03229541",27,0,"1",1560,"D",455,"D",.,"A",0,"D",0,"D",.,"A",.,"A",1105,"D",0,"D",25,"D",325,"D",.,"A",.,"A"
"20153","03229561",50,0,"1",1950,"D",390,"D",.,"A",1300,"D",225,"D",.,"A",.,"A",1560,"D",75,"D",.,"A",.,"A",.,"A",.,"A"
"20153","03229574",10,0,"1",1625,"D",0,"D",.,"A",130,"D",0,"D",.,"A",.,"A",1625,"D",0,"D",.,"A",.,"A",.,"A",.,"A"
"20153","03229601",41,0,"1",1430,"D",390,"D",.,"A",1560,"D",0,"D",.,"A",.,"A",1040,"D",90,"D",20,"D",260,"D",.,"A",.,"A"
"20153","03229621",24,0,"1",2600,"D",1300,"D",325,"D",325,"D",0,"D",.,"A",.,"A",1300,"D",0,"D",.,"A",.,"A",.,"A",.,"A"
"20153","03229641",31,0,"1",975,"D",65,"D",.,"A",650,"D",120,"D",.,"A",.,"A",910,"D",60,"D",.,"A",.,"A",.,"A",.,"A"
"20153","03229651",40,0,"1",780,"D",260,"D",.,"A",390,"D",240,"D",.,"A",.,"A",520,"D",60,"D",.,"A",.,"A",.,"A",.,"A"
"20153","03229681",24,0,"1",2600,"D",0,"D",.,"A",2600,"D",0,"D",.,"A",.,"A",2600,"D",90,"D",.,"A",.,"A",.,"A",.,"A"
"20153","03229693",15,0,"1",260,"D",65,"D",.,"A",234,"D",0,"D",.,"A",.,"A",195,"D",0,"D",.,"A",.,"A",.,"A",.,"A"
"20153","03229724",26,0,"1",910,"D",130,"D",.,"A",195,"D",0,"D",.,"A",.,"A",780,"D",0,"D",.,"A",.,"A",.,"A",.,"A"
"20153","03229741",45,0,"1",2600,"D",195,"D",260,"D",1300,"D",300,"D",.,"A",.,"A",2405,"D",90,"D",.,"A",.,"A",.,"A",.,"A"
"20153","03229751",10,0,"1",1820,"D",260,"D",.,"A",0,"D",0,"D",.,"A",.,"A",1560,"D",0,"D",.,"A",.,"A",.,"A",.,"A"
"20153","03229762",24,0,"1",325,"D",0,"D",104,"D",0,"D",0,"D",.,"A",.,"A",325,"D",0,"D",.,"A",.,"A",.,"A",.,"A"
"20153","03229771",15,0,"1",3250,"D",650,"D",.,"A",0,"D",0,"D",.,"A",.,"A",2600,"D",0,"D",.,"A",.,"A",.,"A",.,"A"
"20153","03229781",16,0,"1",1625,"D",260,"D",221,"D",0,"D",0,"D",.,"A",.,"A",1365,"D",0,"D",.,"A",.,"A",.,"A",.,"A"
"20153","03229794",14,0,"1",0,"D",.,"A",.,"A",0,"D",0,"D",.,"A",.,"A",0,"D",0,"D",.,"A",.,"A",.,"A",.,"A"
"20153","03229811",21,0,"1",1300,"D",325,"D",.,"A",390,"D",0,"D",.,"A",.,"A",975,"D",0,"D",.,"A",.,"A",.,"A",.,"A"
"20153","03229821",58,0,"1",2600,"D",0,"D",0,"D",0,"D",0,"D",.,"A",.,"A",2600,"D",0,"D",89,"D",1157,"D",91,"D",7,"D"
"20153","03229831",32,0,"1",1950,"D",650,"D",.,"A",195,"D",60,"D",.,"A",.,"A",1300,"D",600,"D",.,"A",.,"A",65,"D",5,"D"
"20153","03229841",20,0,"1",1820,"D",130,"D",.,"A",780,"D",0,"D",.,"A",.,"A",1690,"D",0,"D",.,"A",.,"A",.,"A",.,"A"
"20153","03229861",49,0,"1",1950,"D",390,"D",.,"A",975,"D",75,"D",.,"A",.,"A",1560,"D",60,"D",.,"A",.,"A",.,"A",.,"A"
"20153","03229871",31,0,"1",1755,"D",130,"D",.,"A",390,"D",0,"D",.,"A",.,"A",1625,"D",0,"D",.,"A",.,"A",.,"A",.,"A"
"20153","03229881",17,0,"1",650,"D",260,"D",.,"A",0,"D",0,"D",.,"A",.,"A",390,"D",0,"D",.,"A",.,"A",.,"A",.,"A"
"20153","03229891",15,0,"1",2600,"D",650,"D",.,"A",260,"D",0,"D",.,"A",.,"A",1950,"D",0,"D",.,"A",.,"A",.,"A",.,"A"
"20153","03229901",16,0,"1",1950,"D",520,"D",.,"A",1300,"D",0,"D",.,"A",.,"A",1430,"D",0,"D",.,"A",.,"A",.,"A",.,"A"
"20153","03229911",62,0,"1",1001,"D",130,"D",780,"D",1950,"D",180,"D",.,"A",.,"A",871,"D",45,"D",.,"A",.,"A",.,"A",.,"A"
"20153","03229922",13,0,"1",260,"D",13,"D",13,"D",52,"D",0,"D",.,"A",.,"A",247,"D",0,"D",.,"A",.,"A",.,"A",.,"A"
"20153","03229931",21,0,"1",975,"D",130,"D",.,"A",0,"D",0,"D",.,"A",15,"D",845,"D",6,"D",.,"A",.,"A",.,"A",.,"A"
"20153","03229941",30,0,"1",975,"D",65,"D",.,"A",0,"D",0,"D",.,"A",.,"A",910,"D",0,"D",.,"A",.,"A",.,"A",.,"A"
"20153","03229951",41,0,"1",975,"D",260,"D",195,"D",0,"D",0,"D",.,"A",.,"A",715,"D",135,"D",.,"A",.,"A",.,"A",.,"A"
"20153","03229961",22,0,"1",1703,"D",403,"D",26,"D",0,"D",0,"D",.,"A",.,"A",1300,"D",0,"D",.,"A",.,"A",.,"A",.,"A"
"20153","03229981",27,0,"1",390,"D",0,"D",.,"A",130,"D",0,"D",.,"A",.,"A",390,"D",0,"D",.,"A",.,"A",.,"A",.,"A"
"20153","03229991",17,0,"1",975,"D",195,"D",.,"A",0,"D",0,"D",.,"A",.,"A",780,"D",0,"D",.,"A",.,"A",.,"A",.,"A"
"20153","03230001",13,0,"1",1300,"D",260,"D",.,"A",325,"D",0,"D",.,"A",.,"A",1040,"D",0,"D",.,"A",.,"A",.,"A",.,"A"
"20153","03230031",37,0,"1",1300,"D",260,"D",.,"A",0,"D",0,"D",.,"A",.,"A",1040,"D",90,"D",.,"A",.,"A",260,"D",20,"D"
"20153","03230041",21,0,"1",975,"D",585,"D",.,"A",1820,"D",150,"D",.,"A",.,"A",390,"D",60,"D",.,"A",.,"A",.,"A",.,"A"
"20153","03230051",41,0,"1",910,"D",260,"D",.,"A",1404,"D",0,"D",.,"A",.,"A",650,"D",0,"D",.,"A",.,"A",.,"A",.,"A"
"20153","03230071",52,0,"1",2600,"D",260,"D",.,"A",6500,"D",135,"D",.,"A",.,"A",2340,"D",450,"D",.,"A",.,"A",.,"A",.,"A"
"20153","03230103",12,0,"1",650,"D",260,"D",.,"A",195,"D",0,"D",.,"A",.,"A",390,"D",0,"D",.,"A",.,"A",.,"A",.,"A"
"20153","03230111",21,0,"1",1300,"D",130,"D",130,"D",1300,"D",60,"D",.,"A",.,"A",1170,"D",66,"D",47,"D",611,"D",.,"A",.,"A"
"20153","03230131",26,0,"1",3900,"D",390,"D",130,"D",780,"D",0,"D",.,"A",.,"A",3510,"D",0,"D",70,"D",910,"D",.,"A",.,"A"
"20153","03230141",16,0,"1",1950,"D",260,"D",.,"A",0,"D",0,"D",.,"A",.,"A",1690,"D",0,"D",30,"D",390,"D",.,"A",.,"A"
"20153","03230151",13,0,"1",2080,"D",1040,"D",.,"A",0,"D",0,"D",.,"A",.,"A",1040,"D",0,"D",.,"A",.,"A",.,"A",.,"A"
"20153","03230161",64,0,"1",2665,"D",195,"D",.,"A",390,"D",192,"D",.,"A",.,"A",2470,"D",105,"D",.,"A",.,"A",.,"A",.,"A"
"20153","03230171",33,0,"1",975,"D",260,"D",.,"A",0,"D",0,"D",360,"D",.,"A",715,"D",120,"D",7,"D",91,"D",.,"A",.,"A"
"20153","03230181",13,0,"1",195,"D",211,"F",313,"F",0,"D",0,"D",.,"A",.,"A",741,"F",0,"D",.,"A",.,"A",.,"A",.,"A"
"20153","03230201",25,0,"1",715,"D",65,"D",.,"A",195,"D",0,"D",.,"A",.,"A",650,"D",0,"D",12,"D",156,"D",.,"A",.,"A"
"20153","03230231",22,0,"1",2600,"D",455,"D",.,"A",0,"D",0,"D",.,"A",40,"D",2145,"D",300,"D",.,"A",.,"A",.,"A",.,"A"
"20153","03230241",34,0,"1",1950,"D",520,"D",130,"D",390,"D",300,"D",.,"A",.,"A",1430,"D",600,"D",.,"A",.,"A",1300,"D",100,"D"
"20153","03230252",9,0,"1",1040,"D",65,"D",.,"A",65,"D",0,"D",.,"A",.,"A",975,"D",0,"D",.,"A",.,"A",.,"A",.,"A"
"20153","03230263",7,0,"1",130,"D",52,"D",130,"D",0,"D",0,"D",.,"A",.,"A",78,"D",0,"D",.,"A",.,"A",.,"A",.,"A"
"20153","03230271",16,0,"1",520,"D",130,"D",.,"A",0,"D",0,"D",.,"A",.,"A",390,"D",0,"D",.,"A",.,"A",.,"A",.,"A"
"20153","03230291",20,0,"1",494,"D",0,"D",.,"A",0,"D",0,"D",.,"A",.,"A",494,"D",0,"D",27,"D",351,"D",.,"A",.,"A"
"20153","03230301",26,0,"1",1625,"D",520,"D",.,"A",585,"D",0,"D",.,"A",.,"A",1105,"D",0,"D",.,"A",.,"A",.,"A",.,"A"
"20153","03230341",17,0,"1",2600,"D",260,"D",.,"A",260,"D",0,"D",.,"A",.,"A",2340,"D",0,"D",.,"A",.,"A",.,"A",.,"A"
"20153","03230354",47,0,"1",2275,"D",455,"D",.,"A",169,"D",6,"D",.,"A",.,"A",1820,"D",6,"D",.,"A",.,"A",.,"A",.,"A"
"20153","03230361",29,0,"1",780,"D",130,"D",.,"A",130,"D",90,"D",.,"A",.,"A",650,"D",180,"D",.,"A",.,"A",.,"A",.,"A"
"20153","03230371",23,0,"1",1300,"D",130,"D",.,"A",0,"D",0,"D",.,"A",.,"A",1170,"D",0,"D",.,"A",.,"A",.,"A",.,"A"
"20153","03230382",18,0,"1",1105,"D",650,"D",.,"A",325,"D",300,"D",.,"A",.,"A",455,"D",600,"D",.,"A",.,"A",585,"D",45,"D"
"20153","03230401",41,0,"1",845,"D",195,"D",.,"A",195,"D",0,"D",.,"A",.,"A",650,"D",0,"D",.,"A",.,"A",.,"A",.,"A"
"20153","03230411",31,0,"1",650,"D",260,"D",.,"A",65,"D",0,"D",.,"A",.,"A",390,"D",0,"D",.,"A",.,"A",.,"A",.,"A"
"20153","03230435",44,0,"1",5200,"D",1300,"D",.,"A",1300,"D",0,"D",.,"A",440,"D",3900,"D",0,"D",210,"D",2730,"D",.,"A",.,"A"
"20153","03230451",26,0,"1",650,"D",286,"D",.,"A",0,"D",0,"D",.,"A",.,"A",364,"D",240,"D",20,"D",260,"D",260,"D",20,"D"
"20153","03230471",19,0,"1",1950,"D",412,"F",.,"A",799,"F",0,"D",.,"A",.,"A",1866,"F",0,"D",.,"A",.,"A",.,"A",.,"A"
"20153","03230491",18,0,"1",1300,"D",274,"F",.,"A",0,"D",0,"D",.,"A",.,"A",976,"F",120,"D",8,"D",104,"D",.,"A",.,"A"
"20153","03230511",46,0,"1",1950,"D",455,"D",.,"A",520,"D",0,"D",.,"A",.,"A",1495,"D",0,"D",.,"A",.,"A",195,"D",15,"D"
"20153","03230521",22,0,"1",520,"D",0,"D",.,"A",520,"D",0,"D",.,"A",.,"A",520,"D",0,"D",.,"A",.,"A",.,"A",.,"A"
"20153","03230541",69,0,"1",3575,"D",520,"D",.,"A",325,"D",0,"D",.,"A",40,"D",3055,"D",0,"D",.,"A",.,"A",.,"A",.,"A"
"20153","03230591",14,0,"1",2232,"F",.,"A",.,"A",799,"F",127,"F",.,"A",.,"A",1866,"F",120,"F",.,"A",.,"A",.,"A",.,"A"
"20153","03230631",18,0,"1",975,"D",130,"D",.,"A",520,"D",0,"D",.,"A",.,"A",845,"D",0,"D",.,"A",.,"A",.,"A",.,"A"
"20153","03230641",30,0,"1",1625,"D",390,"D",.,"A",195,"D",0,"D",.,"A",.,"A",1235,"D",75,"D",10,"D",130,"D",.,"A",.,"A"
"20153","03230651",25,0,"1",1950,"D",455,"D",.,"A",130,"D",0,"D",.,"A",.,"A",1495,"D",30,"D",.,"A",.,"A",.,"A",.,"A"
"20153","03230671",47,0,"1",2600,"D",650,"D",.,"A",1300,"D",150,"D",.,"A",.,"A",1950,"D",150,"D",.,"A",.,"A",.,"A",.,"A"
"20153","03230681",13,0,"1",1300,"D",130,"D",.,"A",0,"D",0,"D",.,"A",.,"A",1170,"D",0,"D",50,"D",650,"D",.,"A",.,"A"
"20153","03230691",56,0,"1",1950,"D",260,"D",.,"A",390,"D",0,"D",.,"A",80,"D",1690,"D",0,"D",.,"A",.,"A",.,"A",.,"A"
"20153","03230701",33,0,"1",2600,"D",0,"D",.,"A",390,"D",0,"D",195,"D",.,"A",2600,"D",150,"D",.,"A",.,"A",.,"A",.,"A"
"20153","03230715",37,0,"1",1950,"D",467,"F",.,"A",1300,"D",133,"F",.,"A",.,"A",1785,"F",480,"D",150,"D",1950,"D",.,"A",.,"A"
"20153","03230731",15,0,"1",910,"D",260,"D",.,"A",0,"D",0,"D",.,"A",.,"A",650,"D",0,"D",.,"A",.,"A",.,"A",.,"A"
"20153","03230741",15,0,"1",1300,"D",335,"F",.,"A",757,"F",0,"D",.,"A",.,"A",1315,"F",0,"D",.,"A",.,"A",.,"A",.,"A"
"20153","03230752",42,0,"1",2600,"D",195,"D",.,"A",390,"D",120,"D",.,"A",.,"A",2405,"D",0,"D",.,"A",.,"A",.,"A",.,"A"
"20153","03230761",31,0,"1",2275,"D",260,"D",.,"A",260,"D",0,"D",.,"A",.,"A",2015,"D",0,"D",.,"A",.,"A",.,"A",.,"A"
"20153","03230771",27,0,"1",1300,"D",0,"D",.,"A",0,"D",0,"D",.,"A",.,"A",1300,"D",0,"D",90,"D",1170,"D",.,"A",.,"A"
"20153","03230781",34,0,"1",3250,"D",780,"D",650,"D",1300,"D",60,"D",.,"A",.,"A",2470,"D",60,"D",10,"D",130,"D",.,"A",.,"A"
"20153","03230791",44,0,"1",975,"D",650,"D",.,"A",130,"D",0,"D",.,"A",.,"A",325,"D",78,"D",.,"A",.,"A",.,"A",.,"A"
"20153","03230811",44,0,"1",2600,"D",780,"D",130,"D",975,"D",300,"D",.,"A",30,"D",1820,"D",300,"D",.,"A",.,"A",.,"A",.,"A"
"20153","03230831",30,0,"1",1950,"D",260,"D",.,"A",1300,"D",0,"D",.,"A",.,"A",1690,"D",0,"D",.,"A",.,"A",.,"A",.,"A"
"20153","03230845",37,0,"1",3250,"D",975,"D",.,"A",0,"D",150,"D",.,"A",.,"A",2275,"D",0,"D",.,"A",.,"A",.,"A",.,"A"
"20153","03230871",22,0,"1",2340,"D",260,"D",.,"A",0,"D",0,"D",.,"A",.,"A",2080,"D",0,"D",.,"A",.,"A",.,"A",.,"A"
"20153","03230921",42,0,"1",3250,"D",650,"D",195,"D",1300,"D",0,"D",.,"A",.,"A",2600,"D",120,"D",.,"A",.,"A",.,"A",.,"A"
"20153","03230931",18,0,"1",1300,"D",260,"D",.,"A",156,"D",300,"D",.,"A",.,"A",1040,"D",60,"D",.,"A",.,"A",.,"A",.,"A"
"20153","03230941",17,0,"1",975,"D",335,"F",.,"A",0,"D",6,"D",.,"A",.,"A",1315,"F",6,"D",.,"A",.,"A",.,"A",.,"A"
"20153","03230951",21,0,"1",1950,"D",390,"D",.,"A",650,"D",0,"D",.,"A",.,"A",1560,"D",0,"D",100,"D",1300,"D",.,"A",.,"A"
"20153","03230961",19,0,"1",975,"D",130,"D",.,"A",390,"D",0,"D",.,"A",.,"A",845,"D",0,"D",.,"A",.,"A",.,"A",.,"A"
"20153","03231001",11,0,"1",1561,"F",.,"A",.,"A",130,"D",0,"D",.,"A",.,"A",1315,"F",0,"D",.,"C",608,"F",.,"A",.,"A"
"20153","03231011",24,0,"1",910,"D",130,"D",65,"D",0,"D",15,"D",.,"A",.,"A",780,"D",15,"D",.,"A",.,"A",.,"A",.,"A"
"20153","03231021",29,0,"1",3744,"D",650,"D",.,"A",650,"D",0,"D",.,"A",.,"A",3094,"D",180,"D",.,"A",.,"A",650,"D",50,"D"
"20153","03231051",11,0,"1",650,"D",0,"D",.,"A",0,"D",0,"D",.,"A",.,"A",650,"D",0,"D",.,"A",.,"A",.,"A",.,"A"
"20153","03231061",26,0,"1",3900,"D",390,"D",.,"A",195,"D",0,"D",.,"A",.,"A",3510,"D",90,"D",.,"A",.,"A",.,"A",.,"A"
"20153","03231091",11,0,"1",1300,"D",650,"D",.,"A",2600,"D",0,"D",.,"A",.,"A",650,"D",0,"D",20,"D",260,"D",.,"A",.,"A"
"20153","03231101",29,0,"1",1950,"D",0,"D",325,"D",325,"D",30,"D",.,"A",.,"A",1950,"D",90,"D",.,"A",.,"A",.,"A",.,"A"
"20153","03231111",25,0,"1",1560,"D",325,"D",.,"A",0,"D",0,"D",.,"A",.,"A",1235,"D",0,"D",.,"A",.,"A",.,"A",.,"A"
"20153","03231121",34,0,"1",975,"D",0,"D",.,"A",1300,"D",0,"D",.,"A",.,"A",975,"D",0,"D",.,"A",.,"A",.,"A",.,"A"
"20153","03231131",32,0,"1",2275,"D",780,"D",130,"D",325,"D",15,"D",.,"A",.,"A",1495,"D",60,"D",.,"A",.,"A",.,"A",.,"A"
"20153","03231171",24,0,"1",910,"D",65,"D",.,"A",0,"D",0,"D",.,"A",.,"A",845,"D",75,"D",.,"A",.,"A",.,"A",.,"A"
"20153","03231181",42,0,"1",2600,"D",390,"D",130,"D",520,"D",0,"D",.,"A",.,"A",2210,"D",0,"D",.,"A",.,"A",.,"A",.,"A"
"20153","03231201",17,0,"1",455,"D",65,"D",.,"A",0,"D",0,"D",.,"A",.,"A",390,"D",0,"D",.,"A",.,"A",.,"A",.,"A"
"20153","03231211",39,0,"1",1560,"D",390,"D",.,"A",585,"D",9,"D",.,"A",.,"A",1170,"D",141,"D",.,"A",.,"A",.,"A",.,"A"
"20153","03231224",19,0,"1",520,"D",65,"D",.,"A",65,"D",0,"D",.,"A",.,"A",455,"D",15,"D",.,"A",.,"A",.,"A",.,"A"
"20153","03231231",14,0,"1",1300,"D",390,"D",.,"A",0,"D",0,"D",.,"A",.,"A",910,"D",270,"D",57,"D",741,"D",.,"A",.,"A"
"20153","03231251",55,0,"1",1300,"D",260,"D",260,"D",390,"D",60,"D",.,"A",.,"A",1040,"D",120,"D",.,"A",.,"A",.,"A",.,"A"
"20153","03231311",12,0,"1",0,"D",.,"A",.,"A",0,"D",45,"D",.,"A",.,"A",0,"D",75,"D",.,"A",.,"A",.,"A",.,"A"
"20153","03231331",16,0,"1",650,"D",26,"D",.,"A",260,"D",0,"D",.,"A",.,"A",624,"D",0,"D",.,"A",.,"A",156,"D",12,"D"
"20153","03231351",42,0,"1",780,"D",65,"D",65,"D",195,"D",0,"D",.,"A",.,"A",715,"D",0,"D",.,"A",.,"A",.,"A",.,"A"
"20153","03231371",38,0,"1",325,"D",195,"D",.,"A",1092,"D",0,"D",.,"A",.,"A",130,"D",0,"D",.,"A",.,"A",.,"A",.,"A"
"20153","03231383",20,0,"1",650,"D",130,"D",.,"A",325,"D",30,"D",.,"A",.,"A",520,"D",30,"D",.,"A",.,"A",.,"A",.,"A"
"20153","03231391",22,0,"1",2600,"D",910,"D",325,"D",169,"D",0,"D",.,"A",.,"A",1690,"D",0,"D",.,"A",.,"A",.,"A",.,"A"
"20153","03231401",15,0,"1",650,"D",0,"D",.,"A",0,"D",0,"D",.,"A",.,"A",650,"D",0,"D",.,"A",.,"A",.,"A",.,"A"
"20153","03231421",36,0,"1",1170,"D",65,"D",.,"A",65,"D",0,"D",.,"A",.,"A",1105,"D",0,"D",.,"A",.,"A",.,"A",.,"A"
"20153","03231432",42,0,"1",3120,"D",390,"D",.,"A",390,"D",0,"D",.,"A",.,"A",2730,"D",0,"D",.,"A",.,"A",.,"A",.,"A"
"20153","03231441",14,0,"1",1690,"D",195,"D",.,"A",0,"D",60,"D",.,"A",.,"A",1495,"D",0,"D",50,"D",650,"D",.,"A",.,"A"
"20153","03231451",25,0,"1",650,"D",130,"D",26,"D",520,"D",0,"D",.,"A",.,"A",520,"D",0,"D",.,"A",.,"A",.,"A",.,"A"
"20153","03231491",27,0,"1",910,"D",195,"D",455,"D",260,"D",300,"D",.,"A",.,"A",715,"D",300,"D",.,"A",.,"A",.,"A",.,"A"
"20153","03231501",29,0,"1",1040,"D",260,"D",.,"A",195,"D",0,"D",.,"A",.,"A",780,"D",0,"D",.,"A",.,"A",130,"D",10,"D"
"20153","03231511",31,0,"1",0,"D",.,"A",52,"D",260,"D",300,"D",.,"A",.,"A",0,"D",150,"D",.,"A",.,"A",.,"A",.,"A"
"20153","03231531",33,0,"1",1300,"D",130,"D",195,"D",260,"D",1500,"D",.,"A",.,"A",1170,"D",300,"D",.,"A",.,"A",.,"A",.,"A"
"20153","03231551",47,0,"1",2340,"D",780,"D",2600,"D",0,"D",0,"D",.,"A",.,"A",1560,"D",90,"D",.,"A",.,"A",.,"A",.,"A"
"20153","03231571",34,0,"1",2600,"D",650,"D",.,"A",1300,"D",0,"D",.,"A",.,"A",1950,"D",90,"D",.,"A",.,"A",.,"A",.,"A"
"20153","03231611",34,0,"1",2600,"D",520,"D",.,"A",1300,"D",0,"D",.,"A",100,"D",2080,"D",120,"D",.,"A",.,"A",.,"A",.,"A"
"20153","03231634",19,0,"1",2340,"D",260,"D",.,"A",780,"D",0,"D",.,"A",.,"A",2080,"D",0,"D",.,"A",.,"A",.,"A",.,"A"
"20153","03231651",15,0,"1",1300,"D",260,"D",.,"A",260,"D",0,"D",.,"A",.,"A",1040,"D",0,"D",.,"A",.,"A",.,"A",.,"A"
"20153","03231662",41,0,"1",1300,"D",325,"D",260,"D",1040,"D",0,"D",.,"A",.,"A",975,"D",0,"D",.,"A",.,"A",.,"A",.,"A"
"20153","03231671",44,0,"1",3900,"D",650,"D",.,"A",780,"D",0,"D",.,"A",.,"A",3250,"D",0,"D",.,"A",.,"A",.,"A",.,"A"
"20153","03231681",25,0,"1",845,"D",143,"D",.,"A",650,"D",0,"D",.,"A",.,"A",702,"D",0,"D",.,"A",.,"A",.,"A",.,"A"
"20153","03231711",46,0,"1",1300,"D",130,"D",650,"D",780,"D",60,"D",.,"A",.,"A",1170,"D",60,"D",.,"A",.,"A",.,"A",.,"A"
"20153","03231721",21,0,"1",1950,"D",195,"D",.,"A",455,"D",0,"D",.,"A",.,"A",1755,"D",0,"D",.,"A",.,"A",.,"A",.,"A"
"20153","03231731",21,0,"1",1625,"D",260,"D",.,"A",650,"D",150,"D",.,"A",100,"D",1365,"D",30,"D",.,"A",.,"A",.,"A",.,"A"
"20153","03231741",17,0,"1",650,"D",65,"D",.,"A",195,"D",0,"D",.,"A",.,"A",585,"D",0,"D",.,"A",.,"A",.,"A",.,"A"
"20153","03231761",23,0,"1",780,"D",65,"D",.,"A",0,"D",0,"D",.,"A",.,"A",715,"D",0,"D",.,"A",.,"A",.,"A",.,"A"
"20153","03231771",18,0,"1",780,"D",260,"D",.,"A",0,"D",0,"D",.,"A",.,"A",520,"D",0,"D",.,"A",.,"A",.,"A",.,"A"
"20153","03231791",23,0,"1",845,"D",130,"D",.,"A",780,"D",0,"D",.,"A",.,"A",715,"D",0,"D",.,"A",.,"A",.,"A",.,"A"
"20153","03231801",31,0,"1",1300,"D",130,"D",.,"A",780,"D",0,"D",.,"A",.,"A",1170,"D",120,"D",.,"A",.,"A",.,"A",.,"A"
"20153","03231811",50,0,"1",650,"D",130,"D",130,"D",1300,"D",0,"D",.,"A",.,"A",520,"D",0,"D",.,"A",.,"A",.,"A",.,"A"
"20153","03231821",21,0,"1",390,"D",91,"D",.,"A",130,"D",0,"D",.,"A",.,"A",299,"D",0,"D",.,"A",.,"A",.,"A",.,"A"
"20153","03231833",17,0,"1",780,"D",130,"D",65,"D",65,"D",0,"D",.,"A",.,"A",650,"D",60,"D",.,"A",.,"A",.,"A",.,"A"
"20153","03231841",32,0,"1",1950,"D",650,"D",.,"A",650,"D",0,"D",.,"A",.,"A",1300,"D",30,"D",.,"A",.,"A",.,"A",.,"A"
"20153","03231861",42,0,"1",2275,"D",325,"D",650,"D",390,"D",0,"D",.,"A",.,"A",1950,"D",0,"D",.,"A",.,"A",.,"A",.,"A"
"20153","03231881",21,0,"1",1950,"D",520,"D",.,"A",910,"D",0,"D",.,"A",.,"A",1430,"D",0,"D",.,"A",.,"A",.,"A",.,"A"
"20153","03231901",11,0,"1",0,"D",.,"A",.,"A",1300,"D",0,"D",.,"A",.,"A",0,"D",0,"D",.,"A",.,"A",.,"A",.,"A"
"20153","03231931",40,0,"1",975,"D",0,"D",.,"A",195,"D",0,"D",.,"A",.,"A",975,"D",0,"D",.,"A",.,"A",.,"A",.,"A"
"20153","03231942",10,0,"1",0,"D",.,"A",.,"A",0,"D",0,"D",343,"F",.,"A",0,"D",0,"D",.,"A",.,"A",.,"A",.,"A"
"20153","03231951",25,0,"1",1495,"D",195,"D",.,"A",0,"D",0,"D",.,"A",.,"A",1300,"D",0,"D",15,"D",195,"D",.,"A",.,"A"
"20153","03231961",10,0,"1",4550,"D",1612,"D",.,"A",1300,"D",0,"D",.,"A",.,"A",2938,"D",0,"D",20,"D",260,"D",.,"A",.,"A"
"20153","03231981",22,0,"1",455,"D",0,"D",.,"A",0,"D",0,"D",.,"A",.,"A",455,"D",135,"D",.,"A",.,"A",.,"A",.,"A"
"20153","03232001",21,0,"1",2232,"F",.,"A",.,"A",799,"F",127,"F",.,"A",.,"A",1866,"F",120,"F",.,"A",.,"A",.,"A",.,"A"
"20153","03232011",19,0,"1",650,"D",130,"D",.,"A",260,"D",0,"D",225,"D",.,"A",520,"D",0,"D",.,"A",.,"A",.,"A",.,"A"
"20153","03232021",45,0,"1",2340,"D",650,"D",.,"A",585,"D",0,"D",.,"A",20,"D",1690,"D",0,"D",10,"D",130,"D",325,"D",25,"D"
"20153","03232031",24,0,"1",1300,"D",260,"D",.,"A",650,"D",60,"D",.,"A",.,"A",1040,"D",240,"D",30,"D",390,"D",.,"A",.,"A"
"20153","03232041",23,0,"1",1300,"D",390,"D",.,"A",520,"D",0,"D",.,"A",.,"A",910,"D",75,"D",28,"D",364,"D",65,"D",5,"D"
"20153","03232051",44,0,"1",1690,"D",455,"D",117,"D",26,"D",0,"D",.,"A",.,"A",1235,"D",15,"D",.,"A",.,"A",.,"A",.,"A"
"20153","03232075",14,0,"1",650,"D",260,"D",.,"A",195,"D",90,"D",65,"D",.,"A",390,"D",3,"D",.,"A",.,"A",.,"A",.,"A"
"20153","03232101",35,0,"1",2470,"D",0,"D",.,"A",1560,"D",0,"D",.,"A",24,"D",2470,"D",0,"D",.,"A",.,"A",.,"A",.,"A"
"20153","03232111",15,0,"1",65,"D",65,"D",.,"A",65,"D",0,"D",.,"A",.,"A",0,"D",120,"D",2,"D",26,"D",.,"A",.,"A"
"20153","03232141",19,0,"1",520,"D",0,"D",.,"A",65,"D",0,"D",.,"A",.,"A",520,"D",0,"D",.,"A",.,"A",.,"A",.,"A"
"20153","03232151",53,0,"1",2860,"D",520,"D",.,"A",1300,"D",240,"D",.,"A",.,"A",2340,"D",90,"D",.,"A",.,"A",.,"A",.,"A"
"20153","03232164",27,0,"1",2600,"D",260,"D",.,"A",650,"D",0,"D",.,"A",4,"D",2340,"D",240,"D",.,"A",.,"A",192,"F",.,"C"
"20153","03232171",36,0,"1",975,"D",260,"D",.,"A",325,"D",0,"D",.,"A",.,"A",715,"D",150,"D",15,"D",195,"D",65,"D",5,"D"
"20153","03232191",27,0,"1",1170,"D",260,"D",.,"A",390,"D",0,"D",.,"A",25,"D",910,"D",0,"D",.,"A",.,"A",.,"A",.,"A"
"20153","03232201",20,0,"1",520,"D",211,"F",.,"A",195,"D",121,"F",.,"A",.,"A",741,"F",92,"F",.,"A",.,"A",.,"A",.,"A"
"20153","03232211",15,0,"1",3900,"D",260,"D",.,"A",650,"D",150,"D",.,"A",.,"A",3640,"D",150,"D",50,"D",650,"D",.,"A",.,"A"
"20153","03232221",33,0,"1",1105,"D",325,"D",.,"A",195,"D",0,"D",.,"A",.,"A",780,"D",0,"D",.,"A",.,"A",.,"A",.,"A"
"20153","03232231",52,0,"1",975,"D",325,"D",.,"A",169,"D",30,"D",.,"A",.,"A",650,"D",90,"D",.,"A",.,"A",.,"A",.,"A"
"20153","03232241",26,0,"1",1300,"D",325,"D",650,"D",260,"D",60,"D",.,"A",.,"A",975,"D",120,"D",30,"D",390,"D",.,"A",.,"A"
"20153","03232261",14,0,"1",780,"D",65,"D",.,"A",0,"D",0,"D",.,"A",.,"A",715,"D",0,"D",.,"A",.,"A",.,"A",.,"A"
"20153","03232271",15,0,"1",650,"D",65,"D",.,"A",130,"D",0,"D",.,"A",.,"A",585,"D",0,"D",25,"D",325,"D",0,"D",0,"D"
"20153","03232281",17,0,"1",845,"D",195,"D",65,"D",260,"D",0,"D",.,"A",.,"A",650,"D",0,"D",20,"D",260,"D",.,"A",.,"A"
"20153","03232291",24,0,"1",1300,"D",0,"D",65,"D",390,"D",0,"D",.,"A",.,"A",1300,"D",0,"D",.,"A",.,"A",.,"A",.,"A"
"20153","03232311",42,0,"1",2600,"D",650,"D",.,"A",650,"D",0,"D",.,"A",.,"A",1950,"D",120,"D",.,"A",.,"A",.,"A",.,"A"
"20153","03232321",46,0,"1",1300,"D",325,"D",78,"D",325,"D",0,"D",.,"A",.,"A",975,"D",0,"D",.,"A",.,"A",.,"A",.,"A"
"20153","03232351",20,0,"1",650,"D",91,"D",.,"A",78,"D",0,"D",.,"A",.,"A",559,"D",0,"D",.,"A",.,"A",.,"A",.,"A"
"20153","03232361",22,0,"1",780,"D",130,"D",.,"A",390,"D",105,"D",.,"A",.,"A",650,"D",60,"D",.,"A",.,"A",.,"A",.,"A"
"20153","03232391",19,0,"1",650,"D",195,"D",.,"A",260,"D",0,"D",.,"A",.,"A",455,"D",0,"D",.,"A",.,"A",.,"A",.,"A"
"20153","03232401",19,0,"1",2232,"F",.,"A",.,"A",799,"F",0,"D",.,"A",.,"A",1866,"F",0,"D",.,"A",.,"A",.,"A",.,"A"
"20153","03232411",7,0,"1",764,"F",.,"A",.,"A",313,"F",98,"F",343,"F",.,"A",623,"F",82,"F",.,"A",.,"A",.,"A",.,"A"
"20153","03232421",33,0,"1",1625,"D",455,"D",.,"A",455,"D",0,"D",.,"A",.,"A",1170,"D",75,"D",.,"A",.,"A",.,"A",.,"A"
"20153","03232431",23,0,"1",1950,"D",195,"D",1300,"D",390,"D",0,"D",.,"A",.,"A",1755,"D",300,"D",.,"A",.,"A",.,"A",.,"A"
"20153","03232454",9,0,"1",65,"D",0,"D",.,"A",195,"D",0,"D",.,"A",.,"A",65,"D",0,"D",.,"A",.,"A",.,"A",.,"A"
"20153","03232491",10,0,"1",975,"D",274,"F",.,"A",0,"D",0,"D",.,"A",.,"A",976,"F",300,"D",11,"D",143,"D",.,"A",.,"A"
"20153","03232501",22,0,"1",910,"D",260,"D",195,"D",780,"D",0,"D",.,"A",.,"A",650,"D",0,"D",.,"A",.,"A",.,"A",.,"A"
"20153","03232561",33,0,"1",1950,"D",445,"F",.,"A",325,"D",0,"D",.,"A",.,"A",1825,"F",0,"D",.,"A",.,"A",.,"A",.,"A"
"20153","03232581",15,0,"1",897,"D",0,"D",.,"A",65,"D",0,"D",.,"A",.,"A",897,"D",0,"D",.,"A",.,"A",104,"D",8,"D"
"20153","03232591",22,0,"1",1625,"D",390,"D",.,"A",520,"D",60,"D",.,"A",.,"A",1235,"D",120,"D",.,"A",.,"A",.,"A",.,"A"
"20153","03232621",59,0,"1",1625,"D",260,"D",260,"D",1300,"D",60,"D",.,"A",26,"D",1365,"D",300,"D",.,"A",.,"A",260,"D",20,"D"
"20153","03232631",29,0,"1",1300,"D",65,"D",.,"A",260,"D",0,"D",.,"A",.,"A",1235,"D",0,"D",.,"A",.,"A",.,"A",.,"A"
"20153","03232661",23,0,"1",910,"D",193,"F",.,"A",0,"D",0,"D",.,"A",.,"A",709,"F",0,"D",.,"A",.,"A",.,"A",.,"A"
"20153","03232681",33,0,"1",2232,"F",.,"A",.,"A",799,"F",127,"F",.,"A",.,"A",1866,"F",120,"F",.,"A",.,"A",.,"A",.,"A"
"20153","03232695",29,0,"1",1300,"D",260,"D",390,"D",0,"D",0,"D",.,"A",60,"D",1040,"D",0,"D",.,"A",.,"A",.,"A",.,"A"
"20153","03232701",28,0,"1",1300,"D",390,"D",.,"A",260,"D",90,"D",.,"A",.,"A",910,"D",150,"D",.,"A",.,"A",.,"A",.,"A"
"20153","03232745",16,0,"1",390,"D",0,"D",.,"A",0,"D",0,"D",.,"A",.,"A",390,"D",0,"D",.,"A",.,"A",.,"A",.,"A"
"20153","03232761",27,0,"1",2600,"D",260,"D",260,"D",520,"D",0,"D",.,"A",.,"A",2340,"D",180,"D",.,"A",.,"A",.,"A",.,"A"
"20153","03232771",22,0,"1",1300,"D",260,"D",325,"D",0,"D",0,"D",.,"A",.,"A",1040,"D",300,"D",.,"A",.,"A",.,"A",.,"A"
"20153","03232781",31,0,"1",1300,"D",390,"D",.,"A",0,"D",0,"D",.,"A",.,"A",910,"D",0,"D",.,"A",.,"A",.,"A",.,"A"
"20153","03232791",15,0,"1",455,"D",0,"D",.,"A",0,"D",0,"D",.,"A",.,"A",455,"D",0,"D",.,"A",.,"A",.,"A",.,"A"
"20153","03232801",36,0,"1",2600,"D",325,"D",.,"A",520,"D",0,"D",.,"A",45,"D",2275,"D",27,"D",.,"A",.,"A",.,"A",.,"A"
"20153","03232871",6,0,"1",650,"D",0,"D",.,"A",0,"D",0,"D",.,"A",.,"A",650,"D",150,"D",70,"D",910,"D",.,"A",.,"A"
"20153","03232901",32,0,"1",1950,"D",130,"D",130,"D",910,"D",0,"D",.,"A",.,"A",1820,"D",0,"D",.,"A",.,"A",.,"A",.,"A"
"20153","03232931",51,0,"1",1339,"D",195,"D",325,"D",260,"D",60,"D",.,"A",.,"A",1144,"D",30,"D",.,"A",.,"A",156,"D",12,"D"
"20153","03232954",15,0,"1",650,"D",130,"D",.,"A",195,"D",0,"D",.,"A",.,"A",520,"D",0,"D",.,"A",.,"A",.,"A",.,"A"
"20153","03232965",13,0,"1",2600,"D",260,"D",.,"A",0,"D",0,"D",.,"A",.,"A",2340,"D",0,"D",.,"A",.,"A",.,"A",.,"A"
"20153","03233001",39,0,"1",3900,"D",975,"D",.,"A",9360,"D",0,"D",.,"A",.,"A",2925,"D",0,"D",.,"A",.,"A",.,"A",.,"A"
"20153","03233021",24,0,"1",975,"D",195,"D",.,"A",130,"D",60,"D",.,"A",.,"A",780,"D",36,"D",.,"A",.,"A",.,"A",.,"A"
"20153","03233041",13,0,"1",1625,"D",412,"F",.,"A",0,"D",0,"D",.,"A",.,"A",1866,"F",0,"D",.,"A",.,"A",.,"A",.,"A"
"20153","03233061",8,0,"1",338,"D",13,"D",.,"A",604,"F",0,"D",.,"A",.,"A",325,"D",0,"D",.,"A",.,"A",.,"A",.,"A"
"20153","03233071",21,0,"1",650,"D",130,"D",.,"A",0,"D",0,"D",.,"A",.,"A",520,"D",6,"D",50,"D",650,"D",.,"A",.,"A"
"20153","03233081",21,0,"1",1300,"D",130,"D",.,"A",0,"D",45,"D",.,"A",.,"A",1170,"D",45,"D",.,"A",.,"A",.,"A",.,"A"
"20153","03233091",27,0,"1",1040,"D",0,"D",.,"A",1040,"D",0,"D",.,"A",.,"A",1040,"D",0,"D",.,"A",.,"A",.,"A",.,"A"
"20153","03233111",28,0,"1",780,"D",195,"D",.,"A",650,"D",0,"D",.,"A",.,"A",585,"D",90,"D",.,"A",.,"A",.,"A",.,"A"
"20153","03233121",17,0,"1",390,"D",325,"D",.,"A",52,"D",0,"D",.,"A",.,"A",65,"D",0,"D",.,"A",.,"A",.,"A",.,"A"
"20153","03233151",50,0,"1",2600,"D",455,"D",.,"A",650,"D",0,"D",.,"A",.,"A",2145,"D",0,"D",45,"D",585,"D",.,"A",.,"A"
"20153","03233181",14,0,"1",585,"D",65,"D",.,"A",1170,"D",0,"D",.,"A",.,"A",520,"D",0,"D",.,"A",.,"A",.,"A",.,"A"
"20153","03233201",26,0,"1",650,"D",65,"D",.,"A",260,"D",0,"D",.,"A",.,"A",585,"D",0,"D",.,"A",.,"A",.,"A",.,"A"
"20153","03233241",38,0,"1",650,"D",130,"D",.,"A",260,"D",150,"D",.,"A",.,"A",520,"D",60,"D",15,"D",195,"D",325,"D",25,"D"
"20153","03233251",36,0,"1",975,"D",325,"D",.,"A",1300,"D",0,"D",.,"A",.,"A",650,"D",120,"D",.,"A",.,"A",.,"A",.,"A"
"20153","03233261",43,0,"1",1950,"D",390,"D",.,"A",260,"D",0,"D",.,"A",.,"A",1560,"D",30,"D",.,"A",.,"A",.,"A",.,"A"
"20153","03233291",20,0,"1",1950,"D",325,"D",.,"A",650,"D",0,"D",.,"A",.,"A",1625,"D",0,"D",.,"A",.,"A",.,"A",.,"A"
"20153","03233311",26,0,"1",2600,"D",520,"D",.,"A",325,"D",0,"D",.,"A",.,"A",2080,"D",0,"D",.,"A",.,"A",.,"A",.,"A"
"20153","03233343",8,0,"1",390,"D",0,"D",195,"D",0,"D",0,"D",.,"A",.,"A",390,"D",0,"D",.,"A",.,"A",.,"A",.,"A"
"20153","03233351",23,0,"1",1950,"D",260,"D",195,"D",130,"D",0,"D",.,"A",.,"A",1690,"D",0,"D",.,"A",.,"A",.,"A",.,"A"
"20153","03233362",15,0,"1",195,"D",0,"D",.,"A",0,"D",0,"D",.,"A",.,"A",195,"D",0,"D",.,"A",.,"A",.,"A",.,"A"
"20153","03233371",41,0,"1",1300,"D",130,"D",650,"D",260,"D",0,"D",.,"A",.,"A",1170,"D",600,"D",.,"A",.,"A",.,"A",.,"A"
"20153","03233381",18,0,"1",1300,"D",65,"D",.,"A",0,"D",0,"D",.,"A",.,"A",1235,"D",0,"D",10,"D",130,"D",.,"A",.,"A"
"20153","03233441",26,0,"1",780,"D",260,"D",.,"A",390,"D",0,"D",.,"A",.,"A",520,"D",120,"D",3,"D",39,"D",.,"A",.,"A"
"20153","03233461",16,0,"1",1950,"D",260,"D",.,"A",260,"D",0,"D",343,"F",.,"A",1690,"D",300,"D",.,"A",.,"A",.,"A",.,"A"
"20153","03233531",19,0,"1",1040,"D",0,"D",.,"A",260,"D",150,"D",.,"A",.,"A",1040,"D",45,"D",.,"A",.,"A",.,"A",.,"A"
"20153","03233541",37,0,"1",520,"D",260,"D",.,"A",2600,"D",120,"D",2500,"D",.,"A",260,"D",0,"D",.,"A",.,"A",.,"A",.,"A"
"20153","03233551",37,0,"1",3900,"D",1300,"D",260,"D",650,"D",120,"D",.,"A",.,"A",2600,"D",0,"D",.,"A",.,"A",.,"A",.,"A"
"20153","03233561",27,0,"1",4550,"D",1300,"D",.,"A",1300,"D",150,"D",.,"A",.,"A",3250,"D",1500,"D",.,"A",.,"A",.,"A",.,"A"
"20153","03233602",34,0,"1",975,"D",260,"D",.,"A",520,"D",300,"D",.,"A",.,"A",715,"D",150,"D",.,"A",.,"A",.,"A",.,"A"
"20153","03233621",6,0,"1",650,"D",0,"D",.,"A",0,"D",0,"D",.,"A",.,"A",650,"D",0,"D",.,"A",.,"A",.,"A",.,"A"
"20153","03233641",47,0,"1",1105,"D",0,"D",.,"A",130,"D",0,"D",.,"A",.,"A",1105,"D",0,"D",.,"A",.,"A",.,"A",.,"A"
"20153","03233651",32,0,"1",1950,"D",325,"D",195,"D",260,"D",0,"D",.,"A",.,"A",1625,"D",0,"D",.,"A",.,"A",.,"A",.,"A"
"20153","03233661",42,0,"1",520,"D",193,"F",.,"A",260,"D",21,"D",.,"A",.,"A",709,"F",78,"D",.,"A",.,"A",.,"A",.,"A"
"20153","03233671",11,0,"1",520,"D",0,"D",.,"A",390,"D",0,"D",.,"A",.,"A",520,"D",0,"D",.,"A",.,"A",.,"A",.,"A"
"20153","03233681",43,0,"1",1950,"D",650,"D",.,"A",975,"D",0,"D",.,"A",250,"D",1300,"D",0,"D",.,"A",.,"A",.,"A",.,"A"
"20153","03233701",27,0,"1",3250,"D",2600,"D",260,"D",1300,"D",120,"D",.,"A",.,"A",650,"D",300,"D",.,"A",.,"A",.,"A",.,"A"
"20153","03233711",26,0,"1",910,"D",260,"D",195,"D",1300,"D",60,"D",.,"A",.,"A",650,"D",60,"D",.,"A",.,"A",.,"A",.,"A"
"20153","03233721",36,0,"1",1300,"D",390,"D",.,"A",104,"D",0,"D",.,"A",.,"A",910,"D",0,"D",.,"A",.,"A",520,"D",40,"D"
"20153","03233735",25,0,"1",195,"D",0,"D",.,"A",325,"D",0,"D",.,"A",.,"A",195,"D",0,"D",.,"A",.,"A",.,"A",.,"A"
"20153","03233741",44,0,"1",4550,"D",1430,"D",65,"D",650,"D",60,"D",.,"A",.,"A",3120,"D",75,"D",.,"A",.,"A",.,"A",.,"A"
"20153","03233761",17,0,"1",975,"D",130,"D",.,"A",0,"D",0,"D",.,"A",.,"A",845,"D",360,"D",20,"D",260,"D",195,"D",15,"D"
"20153","03233771",17,0,"1",1300,"D",130,"D",.,"A",260,"D",90,"D",.,"A",.,"A",1170,"D",60,"D",.,"A",.,"A",.,"A",.,"A"
"20153","03233781",39,0,"1",3900,"D",975,"D",0,"D",2600,"D",45,"D",.,"A",.,"A",2925,"D",45,"D",.,"A",.,"A",.,"A",.,"A"
"20153","03233791",27,0,"1",2340,"D",780,"D",.,"A",325,"D",180,"D",.,"A",.,"A",1560,"D",36,"D",.,"A",.,"A",.,"A",.,"A"
"20153","03233811",23,0,"1",1950,"D",260,"D",.,"A",780,"D",0,"D",.,"A",.,"A",1690,"D",0,"D",.,"A",.,"A",.,"A",.,"A"
"20153","03233831",28,0,"1",1105,"D",390,"D",.,"A",0,"D",0,"D",.,"A",.,"A",715,"D",0,"D",.,"A",.,"A",.,"A",.,"A"
"20153","03233841",25,0,"1",780,"D",130,"D",.,"A",130,"D",0,"D",.,"A",.,"A",650,"D",60,"D",.,"A",.,"A",.,"A",.,"A"
"20153","03233851",21,0,"1",1560,"D",260,"D",.,"A",0,"D",0,"D",.,"A",.,"A",1300,"D",0,"D",45,"D",585,"D",.,"A",.,"A"
"20153","03233881",42,0,"1",2600,"D",260,"D",.,"A",130,"D",0,"D",.,"A",.,"A",2340,"D",150,"D",15,"D",195,"D",.,"A",.,"A"
"20153","03233891",10,0,"1",1560,"D",325,"D",.,"A",780,"D",0,"D",.,"A",.,"A",1235,"D",90,"D",.,"A",.,"A",.,"A",.,"A"
"20153","03233915",15,0,"1",520,"D",0,"D",.,"A",130,"D",0,"D",.,"A",.,"A",520,"D",0,"D",.,"A",.,"A",.,"A",.,"A"
"20153","03233931",35,0,"1",780,"D",260,"D",.,"A",0,"D",0,"D",.,"A",15,"D",520,"D",90,"D",.,"A",.,"A",.,"A",.,"A"
"20153","03233941",97,0,"1",1300,"D",325,"D",195,"D",780,"D",0,"D",.,"A",50,"D",975,"D",150,"D",.,"A",.,"A",.,"A",.,"A"
"20153","03233951",43,0,"1",1300,"D",260,"D",.,"A",1560,"D",45,"D",.,"A",.,"A",1040,"D",0,"D",.,"A",.,"A",.,"A",.,"A"
"20153","03233961",18,0,"1",1950,"D",260,"D",.,"A",325,"D",0,"D",.,"A",.,"A",1690,"D",0,"D",.,"A",.,"A",.,"A",.,"A"
"20153","03233981",62,0,"1",1625,"D",390,"D",.,"A",520,"D",0,"D",.,"A",.,"A",1235,"D",0,"D",.,"A",.,"A",.,"A",.,"A"
"20153","03233991",17,0,"1",156,"D",156,"D",.,"A",0,"D",0,"D",.,"A",.,"A",0,"D",0,"D",.,"A",.,"A",.,"A",.,"A"
"20153","03234011",29,0,"1",1560,"D",260,"D",.,"A",0,"D",0,"D",.,"A",.,"A",1300,"D",0,"D",10,"D",130,"D",.,"A",.,"A"
"20153","03234051",26,0,"1",1560,"D",312,"D",325,"D",650,"D",150,"D",.,"A",.,"A",1248,"D",150,"D",15,"D",195,"D",.,"A",.,"A"
"20153","03234121",23,0,"1",1300,"D",325,"D",.,"A",0,"D",6,"D",.,"A",.,"A",975,"D",6,"D",.,"A",.,"A",260,"D",20,"D"
"20153","03234131",53,0,"1",2925,"D",975,"D",.,"A",1950,"D",127,"F",.,"A",.,"A",1950,"D",30,"D",.,"A",.,"A",.,"A",.,"A"
"20153","03234141",33,0,"1",1300,"D",0,"D",.,"A",325,"D",0,"D",.,"A",.,"A",1300,"D",0,"D",.,"A",.,"A",.,"A",.,"A"
"20153","03234151",29,0,"1",3900,"D",1300,"D",.,"A",835,"F",0,"D",.,"A",53,"D",2600,"D",0,"D",.,"A",.,"A",.,"A",.,"A"
"20153","03234161",69,0,"1",3900,"D",1300,"D",325,"D",2600,"D",450,"D",.,"A",.,"A",2600,"D",300,"D",.,"A",.,"A",65,"D",5,"D"
"20153","03234172",30,0,"1",715,"D",195,"D",.,"A",390,"D",0,"D",.,"A",.,"A",520,"D",120,"D",25,"D",325,"D",.,"A",.,"A"
"20153","03234181",18,0,"1",1300,"D",130,"D",.,"A",260,"D",0,"D",.,"A",.,"A",1170,"D",0,"D",.,"A",.,"A",.,"A",.,"A"
"20153","03234191",7,0,"1",1827,"F",.,"A",.,"A",835,"F",127,"F",.,"A",.,"A",1438,"F",194,"F",.,"A",.,"A",.,"A",.,"A"
"20153","03234201",39,0,"1",1300,"D",260,"D",104,"D",936,"D",6,"D",.,"A",.,"A",1040,"D",6,"D",.,"A",.,"A",.,"A",.,"A"
"20153","03234211",15,0,"1",2600,"D",336,"F",.,"A",515,"F",0,"D",.,"A",.,"A",1366,"F",0,"D",.,"A",.,"A",.,"A",.,"A"
"20153","03234221",16,0,"1",975,"D",325,"D",.,"A",0,"D",0,"D",.,"A",.,"A",650,"D",0,"D",.,"A",.,"A",.,"A",.,"A"
"20153","03234231",56,0,"1",520,"D",0,"D",.,"A",13000,"D",0,"D",.,"A",.,"A",520,"D",600,"D",.,"A",.,"A",.,"A",.,"A"
"20153","03234241",33,0,"1",780,"D",0,"D",.,"A",1560,"D",600,"D",.,"A",.,"A",780,"D",210,"D",13,"D",169,"D",.,"A",.,"A"
"20153","03234261",24,0,"1",650,"D",650,"D",.,"A",0,"D",0,"D",.,"A",.,"A",0,"D",240,"D",15,"D",195,"D",.,"A",.,"A"
"20153","03234295",18,0,"1",520,"D",26,"D",.,"A",260,"D",0,"D",.,"A",.,"A",494,"D",0,"D",.,"A",.,"A",.,"A",.,"A"
"20153","03234311",23,0,"1",520,"D",65,"D",.,"A",0,"D",0,"D",.,"A",.,"A",455,"D",0,"D",20,"D",260,"D",.,"A",.,"A"
"20153","03234321",58,0,"1",3575,"D",351,"D",.,"A",3900,"D",30,"D",.,"A",.,"A",3224,"D",0,"D",25,"D",325,"D",.,"A",.,"A"
"20153","03234341",32,0,"1",2730,"D",520,"D",.,"A",1300,"D",0,"D",.,"A",60,"D",2210,"D",0,"D",.,"A",.,"A",.,"A",.,"A"
"20153","03234351",20,0,"1",780,"D",78,"D",.,"A",65,"D",0,"D",.,"A",.,"A",702,"D",0,"D",.,"A",.,"A",.,"A",.,"A"
"20153","03234361",59,0,"1",2275,"D",975,"D",.,"A",650,"D",0,"D",.,"A",.,"A",1300,"D",600,"D",.,"A",.,"A",.,"A",.,"A"
"20153","03234371",21,0,"1",975,"D",211,"F",.,"A",130,"D",0,"D",.,"A",.,"A",741,"F",0,"D",.,"A",.,"A",.,"A",.,"A"
"20153","03234381",54,0,"1",1300,"D",260,"D",325,"D",1560,"D",0,"D",.,"A",.,"A",1040,"D",0,"D",.,"A",.,"A",.,"A",.,"A"
"20153","03234391",14,0,"1",975,"D",195,"D",.,"A",130,"D",6,"D",.,"A",.,"A",780,"D",6,"D",.,"A",.,"A",.,"A",.,"A"
"20153","03234401",34,0,"1",1300,"D",260,"D",.,"A",650,"D",0,"D",.,"A",.,"A",1040,"D",0,"D",.,"A",.,"A",.,"A",.,"A"
"20153","03234414",21,0,"1",2600,"D",520,"D",.,"A",650,"D",0,"D",.,"A",.,"A",2080,"D",0,"D",.,"A",.,"A",.,"A",.,"A"
"20153","03234441",17,0,"1",780,"D",130,"D",.,"A",65,"D",6,"D",.,"A",.,"A",650,"D",6,"D",6,"D",78,"D",.,"A",.,"A"
"20153","03234451",25,0,"1",975,"D",260,"D",.,"A",169,"D",0,"D",.,"A",.,"A",715,"D",135,"D",70,"D",910,"D",.,"A",.,"A"
"20153","03234471",13,0,"1",1950,"D",193,"F",.,"A",260,"D",0,"D",343,"F",.,"A",709,"F",0,"D",.,"A",.,"A",.,"A",.,"A"
"20153","03234501",16,0,"1",1300,"D",195,"D",.,"A",0,"D",0,"D",.,"A",.,"A",1105,"D",0,"D",.,"A",.,"A",.,"A",.,"A"
"20153","03234511",31,0,"1",650,"D",65,"D",.,"A",260,"D",0,"D",.,"A",.,"A",585,"D",0,"D",.,"A",.,"A",.,"A",.,"A"
"20153","03234531",7,0,"1",0,"D",.,"A",.,"A",195,"D",0,"D",.,"A",.,"A",0,"D",0,"D",.,"A",.,"A",.,"A",.,"A"
"20153","03234541",15,0,"1",1300,"D",260,"D",.,"A",650,"D",0,"D",.,"A",.,"A",1040,"D",0,"D",.,"A",.,"A",.,"A",.,"A"
"20153","03234551",19,0,"1",1690,"D",650,"D",1625,"D",975,"D",0,"D",.,"A",.,"A",1040,"D",750,"D",35,"D",455,"D",78,"D",6,"D"
"20153","03234561",35,0,"1",1300,"D",325,"D",260,"D",260,"D",27,"D",.,"A",.,"A",975,"D",300,"D",.,"A",.,"A",.,"A",.,"A"
"20153","03234571",21,0,"1",1040,"D",130,"D",.,"A",0,"D",0,"D",.,"A",.,"A",910,"D",0,"D",.,"A",.,"A",.,"A",.,"A"
"20153","03234583",13,0,"1",1300,"D",325,"D",.,"A",325,"D",75,"D",.,"A",.,"A",975,"D",75,"D",.,"A",.,"A",.,"A",.,"A"
"20153","03234621",23,0,"1",975,"D",325,"D",.,"A",520,"D",0,"D",.,"A",.,"A",650,"D",0,"D",52,"D",676,"D",.,"A",.,"A"
"20153","03234641",20,0,"1",2600,"D",0,"D",.,"A",799,"F",0,"D",.,"A",.,"A",2600,"D",0,"D",.,"A",.,"A",.,"A",.,"A"
"20153","03234651",27,0,"1",650,"D",325,"D",.,"A",1300,"D",180,"D",.,"A",.,"A",325,"D",0,"D",.,"A",.,"A",.,"A",.,"A"
"20153","03234661",25,0,"1",260,"D",65,"D",.,"A",130,"D",0,"D",.,"A",.,"A",195,"D",0,"D",.,"A",.,"A",.,"A",.,"A"
"20153","03234671",19,0,"1",2600,"D",260,"D",.,"A",0,"D",0,"D",.,"A",.,"A",2340,"D",0,"D",.,"A",.,"A",.,"A",.,"A"
"20153","03234701",22,0,"1",1300,"D",260,"D",.,"A",0,"D",0,"D",.,"A",.,"A",1040,"D",0,"D",.,"A",.,"A",.,"A",.,"A"
"20153","03234721",46,0,"1",1300,"D",325,"D",390,"D",130,"D",0,"D",.,"A",.,"A",975,"D",0,"D",.,"A",.,"A",.,"A",.,"A"
"20153","03234731",23,0,"1",780,"D",260,"D",.,"A",260,"D",75,"D",.,"A",.,"A",520,"D",75,"D",.,"A",.,"A",.,"A",.,"A"
"20153","03234741",22,0,"1",1300,"D",130,"D",.,"A",520,"D",141,"F",.,"A",.,"A",1170,"D",140,"F",.,"A",.,"A",.,"A",.,"A"
"20153","03234764",25,0,"1",2600,"D",130,"D",.,"A",390,"D",0,"D",.,"A",.,"A",2470,"D",0,"D",.,"A",.,"A",.,"A",.,"A"
"20153","03234771",20,0,"1",650,"D",130,"D",.,"A",390,"D",0,"D",.,"A",.,"A",520,"D",60,"D",.,"A",.,"A",.,"A",.,"A"
"20153","03234781",23,0,"1",2600,"D",650,"D",520,"D",780,"D",0,"D",.,"A",.,"A",1950,"D",0,"D",.,"A",.,"A",.,"A",.,"A"
"20153","03234791",13,0,"1",975,"D",975,"D",.,"A",799,"F",0,"D",.,"A",.,"A",0,"D",0,"D",.,"A",.,"A",.,"A",.,"A"
"20153","03234821",22,0,"1",975,"D",260,"D",.,"A",390,"D",0,"D",.,"A",.,"A",715,"D",0,"D",.,"A",.,"A",.,"A",.,"A"
"20153","03234831",50,0,"1",3250,"D",650,"D",65,"D",910,"D",30,"D",.,"A",.,"A",2600,"D",600,"D",.,"A",.,"A",.,"A",.,"A"
"20153","03234861",69,0,"1",1950,"D",650,"D",130,"D",260,"D",30,"D",.,"A",.,"A",1300,"D",60,"D",.,"A",.,"A",.,"A",.,"A"
"20153","03234871",37,0,"1",1625,"D",195,"D",.,"A",260,"D",0,"D",.,"A",.,"A",1430,"D",0,"D",.,"A",.,"A",.,"A",.,"A"
"20153","03234885",15,0,"1",442,"D",39,"D",.,"A",286,"D",0,"D",.,"A",.,"A",403,"D",0,"D",.,"A",.,"A",.,"A",.,"A"
"20153","03234891",15,0,"1",975,"D",325,"D",.,"A",325,"D",45,"D",.,"A",.,"A",650,"D",90,"D",.,"A",.,"A",.,"A",.,"A"
"20153","03234901",22,0,"1",520,"D",0,"D",.,"A",260,"D",270,"D",.,"A",.,"A",520,"D",0,"D",.,"A",.,"A",.,"A",.,"A"
"20153","03234911",14,0,"1",1300,"D",260,"D",.,"A",260,"D",0,"D",.,"A",.,"A",1040,"D",0,"D",35,"D",455,"D",.,"A",.,"A"
"20153","03234941",16,0,"1",1625,"D",325,"D",455,"D",325,"D",0,"D",.,"A",.,"A",1300,"D",45,"D",7,"D",91,"D",.,"A",.,"A"
"20153","03234951",48,0,"1",1300,"D",0,"D",.,"A",520,"D",0,"D",.,"A",100,"D",1300,"D",0,"D",.,"A",.,"A",.,"A",.,"A"
"20153","03234985",17,0,"1",520,"D",0,"D",.,"A",520,"D",0,"D",.,"A",.,"A",520,"D",0,"D",.,"A",.,"A",.,"A",.,"A"
"20153","03234995",16,0,"1",650,"D",65,"D",.,"A",130,"D",30,"D",.,"A",.,"A",585,"D",45,"D",.,"A",.,"A",.,"A",.,"A"
"20153","03235001",11,0,"1",1300,"D",130,"D",.,"A",195,"D",0,"D",.,"A",.,"A",1170,"D",0,"D",.,"A",.,"A",.,"A",.,"A"
"20153","03235011",49,0,"1",845,"D",260,"D",.,"A",520,"D",0,"D",.,"A",.,"A",585,"D",0,"D",.,"A",.,"A",.,"A",.,"A"
"20153","03235022",12,0,"1",0,"D",.,"A",65,"D",0,"D",0,"D",.,"A",.,"A",0,"D",0,"D",.,"A",.,"A",.,"A",.,"A"
"20153","03235041",23,0,"1",585,"D",0,"D",325,"D",260,"D",0,"D",.,"A",.,"A",585,"D",420,"D",35,"D",455,"D",.,"A",.,"A"
"20153","03235061",23,0,"1",910,"D",130,"D",.,"A",325,"D",180,"D",.,"A",.,"A",780,"D",90,"D",.,"A",.,"A",.,"A",.,"A"
"20153","03235073",13,0,"1",325,"D",39,"D",.,"A",195,"D",0,"D",.,"A",.,"A",286,"D",0,"D",.,"A",.,"A",.,"A",.,"A"
"20153","03235081",25,0,"1",1040,"D",130,"D",.,"A",0,"D",0,"D",.,"A",.,"A",910,"D",60,"D",.,"A",.,"A",.,"A",.,"A"
"20153","03235105",19,0,"1",390,"D",0,"D",.,"A",260,"D",0,"D",.,"A",.,"A",390,"D",0,"D",.,"A",.,"A",.,"A",.,"A"
"20153","03235121",47,0,"1",2232,"F",.,"A",.,"A",799,"F",127,"F",.,"A",.,"A",1866,"F",120,"F",.,"A",.,"A",.,"A",.,"A"
"20153","03235131",30,0,"1",1170,"D",195,"D",260,"D",780,"D",240,"D",.,"A",.,"A",975,"D",360,"D",10,"D",130,"D",.,"A",.,"A"
"20153","03235141",33,0,"1",780,"D",260,"D",.,"A",260,"D",0,"D",.,"A",.,"A",520,"D",0,"D",.,"A",.,"A",.,"A",.,"A"
"20153","03235151",18,0,"1",1300,"D",130,"D",.,"A",1300,"D",0,"D",.,"A",.,"A",1170,"D",0,"D",15,"D",195,"D",.,"A",.,"A"
"20153","03235181",41,0,"1",2600,"D",650,"D",975,"D",780,"D",0,"D",.,"A",200,"D",1950,"D",0,"D",.,"A",.,"A",.,"A",.,"A"
"20153","03235191",32,0,"1",910,"D",130,"D",.,"A",455,"D",240,"D",.,"A",.,"A",780,"D",240,"D",.,"A",.,"A",.,"A",.,"A"
"20153","03235211",25,0,"1",1950,"D",130,"D",.,"A",520,"D",0,"D",.,"A",.,"A",1820,"D",0,"D",.,"A",.,"A",.,"A",.,"A"
"20153","03235223",24,0,"1",4550,"D",325,"D",.,"A",3900,"D",6,"D",.,"A",.,"A",4225,"D",0,"D",.,"A",.,"A",.,"A",.,"A"
"20153","03235231",29,0,"1",2600,"D",520,"D",.,"A",650,"D",120,"D",.,"A",.,"A",2080,"D",360,"D",.,"A",.,"A",.,"A",.,"A"
"20153","03235264",25,0,"1",1300,"D",260,"D",156,"D",260,"D",0,"D",.,"A",.,"A",1040,"D",0,"D",12,"D",156,"D",.,"A",.,"A"
"20153","03235271",41,0,"1",845,"D",260,"D",.,"A",650,"D",0,"D",.,"A",.,"A",585,"D",195,"D",16,"D",208,"D",.,"A",.,"A"
"20153","03235291",40,0,"1",520,"D",130,"D",325,"D",390,"D",150,"D",.,"A",.,"A",390,"D",51,"D",.,"A",.,"A",91,"D",7,"D"
"20153","03235313",12,0,"1",520,"D",195,"D",.,"A",390,"D",0,"D",.,"A",.,"A",325,"D",90,"D",.,"A",.,"A",.,"A",.,"A"
"20153","03235341",26,0,"1",1625,"D",390,"D",.,"A",260,"D",0,"D",.,"A",.,"A",1235,"D",300,"D",.,"A",.,"A",.,"A",.,"A"
"20153","03235351",11,0,"1",975,"D",195,"D",.,"A",65,"D",0,"D",.,"A",.,"A",780,"D",0,"D",.,"A",.,"A",.,"A",.,"A"
"20153","03235361",36,0,"1",1625,"D",325,"D",.,"A",390,"D",0,"D",.,"A",.,"A",1300,"D",60,"D",.,"A",.,"A",.,"A",.,"A"
"20153","03235381",35,0,"1",780,"D",260,"D",.,"A",260,"D",0,"D",.,"A",.,"A",520,"D",0,"D",.,"A",.,"A",.,"A",.,"A"
"20153","03235391",20,0,"1",2600,"D",325,"D",.,"A",650,"D",0,"D",.,"A",.,"A",2275,"D",0,"D",.,"A",.,"A",.,"A",.,"A"
"20153","03235401",30,0,"1",1300,"D",325,"D",325,"D",1300,"D",0,"D",.,"A",.,"A",975,"D",45,"D",16,"D",208,"D",.,"A",.,"A"
"20153","03235421",23,0,"1",1300,"D",130,"D",.,"A",390,"D",0,"D",.,"A",.,"A",1170,"D",30,"D",.,"A",.,"A",.,"A",.,"A"
"20153","03235431",35,0,"1",2600,"D",0,"D",.,"A",260,"D",0,"D",.,"A",.,"A",2600,"D",0,"D",.,"A",.,"A",.,"A",.,"A"
"20153","03235451",20,0,"1",3900,"D",325,"D",.,"A",1300,"D",0,"D",.,"A",.,"A",3575,"D",150,"D",.,"A",.,"A",.,"A",.,"A"
"20153","03235481",24,0,"1",1300,"D",325,"D",260,"D",1300,"D",60,"D",.,"A",.,"A",975,"D",90,"D",.,"A",.,"A",.,"A",.,"A"
"20153","03235492",20,0,"1",2600,"D",286,"D",.,"A",1560,"D",0,"D",.,"A",.,"A",2314,"D",0,"D",.,"A",.,"A",.,"A",.,"A"
"20153","03235521",15,0,"1",1950,"D",260,"D",.,"A",325,"D",0,"D",.,"A",.,"A",1690,"D",75,"D",.,"A",.,"A",.,"A",.,"A"
"20153","03235541",14,0,"1",1300,"D",325,"D",.,"A",260,"D",0,"D",.,"A",.,"A",975,"D",0,"D",.,"A",.,"A",.,"A",.,"A"
"20153","03235551",47,0,"1",520,"D",65,"D",.,"A",2600,"D",0,"D",.,"A",.,"A",455,"D",0,"D",.,"A",.,"A",.,"A",.,"A"
"20153","03235561",20,0,"1",975,"D",65,"D",.,"A",260,"D",0,"D",.,"A",.,"A",910,"D",0,"D",.,"A",.,"A",.,"A",.,"A"
"20153","03235571",30,0,"1",2600,"D",650,"D",.,"A",1300,"D",150,"D",.,"A",.,"A",1950,"D",150,"D",.,"A",.,"A",.,"A",.,"A"
"20153","03235581",41,0,"1",1430,"D",156,"D",.,"A",975,"D",120,"D",.,"A",.,"A",1274,"D",225,"D",.,"A",.,"A",65,"D",5,"D"
"20153","03235611",23,0,"1",2600,"D",520,"D",.,"A",325,"D",0,"D",.,"A",.,"A",2080,"D",0,"D",15,"D",195,"D",156,"D",12,"D"
"20153","03235621",19,0,"1",910,"D",130,"D",.,"A",195,"D",0,"D",.,"A",.,"A",780,"D",0,"D",.,"A",.,"A",.,"A",.,"A"
"20153","03235651",25,0,"1",2600,"D",520,"D",.,"A",780,"D",0,"D",.,"A",.,"A",2080,"D",0,"D",.,"A",.,"A",.,"A",.,"A"
"20153","03235671",18,0,"1",975,"D",156,"D",.,"A",1300,"D",0,"D",.,"A",.,"A",819,"D",0,"D",.,"A",.,"A",.,"A",.,"A"
"20153","03235691",42,0,"1",6500,"D",195,"D",.,"A",650,"D",15,"D",.,"A",.,"A",6305,"D",45,"D",.,"A",.,"A",.,"A",.,"A"
"20153","03235731",18,0,"1",1300,"D",325,"D",.,"A",650,"D",0,"D",.,"A",.,"A",975,"D",0,"D",15,"D",195,"D",.,"A",.,"A"
"20153","03235751",25,0,"1",65,"D",65,"D",.,"A",26,"D",0,"D",.,"A",.,"A",0,"D",0,"D",.,"A",.,"A",.,"A",.,"A"
"20153","03235764",27,0,"1",1560,"D",195,"D",.,"A",0,"D",0,"D",.,"A",.,"A",1365,"D",0,"D",.,"A",.,"A",.,"A",.,"A"
"20153","03235781",41,0,"1",1300,"D",260,"D",.,"A",1300,"D",150,"D",.,"A",80,"D",1040,"D",150,"D",.,"A",.,"A",.,"A",.,"A"
"20153","03235811",26,0,"1",2826,"F",.,"A",.,"A",1174,"F",164,"F",.,"A",.,"A",2357,"F",189,"F",.,"A",.,"A",.,"A",.,"A"
"20153","03235821",45,0,"1",6500,"D",1625,"D",.,"A",650,"D",30,"D",.,"A",25,"D",4875,"D",0,"D",.,"A",.,"A",.,"A",.,"A"
"20153","03235831",29,0,"1",2600,"D",390,"D",.,"A",1300,"D",0,"D",.,"A",.,"A",2210,"D",0,"D",.,"A",.,"A",.,"A",.,"A"
"20153","03235841",20,0,"1",910,"D",520,"D",910,"D",0,"D",0,"D",.,"A",.,"A",390,"D",0,"D",.,"A",.,"A",.,"A",.,"A"
"20153","03235851",56,0,"1",5200,"D",910,"D",.,"A",1300,"D",450,"D",.,"A",.,"A",4290,"D",450,"D",.,"A",.,"A",.,"A",.,"A"
"20153","03235861",30,0,"1",1950,"D",520,"D",.,"A",975,"D",0,"D",.,"A",.,"A",1430,"D",480,"D",.,"A",.,"A",.,"A",.,"A"
"20153","03235871",12,0,"1",312,"D",52,"D",.,"A",0,"D",0,"D",.,"A",.,"A",260,"D",0,"D",.,"A",.,"A",.,"A",.,"A"
"20153","03235881",41,0,"1",2600,"D",780,"D",.,"A",1196,"D",30,"D",.,"A",.,"A",1820,"D",219,"D",.,"A",.,"A",.,"A",.,"A"
"20153","03235901",28,0,"1",1300,"D",0,"D",.,"A",260,"D",60,"D",.,"A",.,"A",1300,"D",60,"D",.,"A",.,"A",.,"A",.,"A"
"20153","03235911",16,0,"1",2600,"D",337,"F",.,"A",1300,"D",0,"D",.,"A",.,"A",1339,"F",0,"D",.,"A",.,"A",.,"A",.,"A"
"20153","03235921",21,0,"1",975,"D",195,"D",.,"A",325,"D",75,"D",.,"A",.,"A",780,"D",300,"D",.,"A",.,"A",.,"A",.,"A"
"20153","03235931",10,0,"1",650,"D",130,"D",.,"A",1300,"D",0,"D",.,"A",.,"A",520,"D",0,"D",.,"A",.,"A",.,"A",.,"A"
"20153","03235941",24,0,"1",1300,"D",0,"D",.,"A",650,"D",0,"D",.,"A",.,"A",1300,"D",0,"D",60,"D",780,"D",.,"A",.,"A"
"20153","03235961",6,0,"1",624,"D",26,"D",.,"A",0,"D",6,"D",.,"A",.,"A",598,"D",6,"D",5,"D",65,"D",.,"A",.,"A"
"20153","03235981",17,0,"1",975,"D",156,"D",.,"A",195,"D",0,"D",.,"A",.,"A",819,"D",0,"D",.,"A",.,"A",.,"A",.,"A"
"20153","03236001",43,0,"1",650,"D",130,"D",65,"D",1300,"D",15,"D",.,"A",.,"A",520,"D",0,"D",.,"A",.,"A",.,"A",.,"A"
"20153","03236011",65,0,"1",1625,"D",260,"D",.,"A",1560,"D",120,"D",.,"A",.,"A",1365,"D",15,"D",.,"A",.,"A",.,"A",.,"A"
"20153","03236021",23,0,"1",650,"D",260,"D",.,"A",975,"D",108,"D",.,"A",.,"A",390,"D",240,"D",.,"A",.,"A",.,"A",.,"A"
"20153","03236041",17,0,"1",2600,"D",390,"D",.,"A",65,"D",0,"D",.,"A",.,"A",2210,"D",75,"D",.,"A",.,"A",143,"D",11,"D"
"20153","03236051",54,0,"1",1495,"D",650,"D",1495,"D",1495,"D",150,"D",.,"A",.,"A",845,"D",300,"D",.,"A",.,"A",.,"A",.,"A"
"20153","03236071",24,0,"1",1560,"D",260,"D",.,"A",0,"D",0,"D",.,"A",.,"A",1300,"D",90,"D",35,"D",455,"D",.,"A",.,"A"
"20153","03236081",29,0,"1",2600,"D",325,"D",.,"A",325,"D",240,"D",.,"A",.,"A",2275,"D",150,"D",.,"A",.,"A",.,"A",.,"A"
"20153","03236141",15,0,"1",1300,"D",390,"D",.,"A",0,"D",150,"D",.,"A",.,"A",910,"D",150,"D",40,"D",520,"D",.,"A",.,"A"
"20153","03236151",31,0,"1",2600,"D",650,"D",.,"A",1040,"D",0,"D",.,"A",.,"A",1950,"D",0,"D",.,"A",.,"A",230,"F",.,"C"
"20153","03236161",51,0,"1",3900,"D",650,"D",.,"A",6500,"D",3000,"D",.,"A",.,"A",3250,"D",3000,"D",.,"A",.,"A",.,"A",.,"A"
"20153","03236181",16,0,"1",975,"D",193,"F",.,"A",390,"D",0,"D",.,"A",.,"A",709,"F",0,"D",.,"A",.,"A",.,"A",.,"A"
"20153","03236225",18,0,"1",585,"D",0,"D",.,"A",585,"D",0,"D",.,"A",.,"A",585,"D",0,"D",.,"A",.,"A",.,"A",.,"A"
"20153","03236241",23,0,"1",0,"D",.,"A",.,"A",260,"D",300,"D",.,"A",.,"A",0,"D",300,"D",.,"A",.,"A",.,"A",.,"A"
"20153","03236251",48,0,"1",975,"D",325,"D",.,"A",2600,"D",150,"D",.,"A",.,"A",650,"D",150,"D",.,"A",.,"A",.,"A",.,"A"
"20153","03236274",18,0,"1",1361,"F",.,"A",.,"A",601,"F",120,"F",.,"A",.,"A",1077,"F",121,"F",.,"A",.,"A",.,"A",.,"A"
"20153","03236291",15,0,"1",1625,"D",195,"D",.,"A",0,"D",0,"D",.,"A",.,"A",1430,"D",0,"D",.,"A",.,"A",.,"A",.,"A"
"20153","03236301",32,0,"1",2600,"D",0,"D",.,"A",3250,"D",0,"D",.,"A",.,"A",2600,"D",0,"D",.,"A",.,"A",.,"A",.,"A"
"20153","03236331",49,0,"1",6500,"D",1625,"D",.,"A",780,"D",30,"D",.,"A",.,"A",4875,"D",0,"D",.,"A",.,"A",.,"A",.,"A"
"20153","03236351",43,0,"1",1300,"D",260,"D",260,"D",390,"D",30,"D",.,"A",.,"A",1040,"D",150,"D",.,"A",.,"A",.,"A",.,"A"
"20153","03236361",17,0,"1",0,"D",.,"A",.,"A",0,"D",0,"D",.,"A",.,"A",0,"D",3,"D",.,"A",.,"A",.,"A",.,"A"
"20153","03236371",53,0,"1",1560,"D",78,"D",390,"D",2340,"D",600,"D",.,"A",.,"A",1482,"D",240,"D",15,"D",195,"D",.,"A",.,"A"
"20153","03236402",24,0,"1",1300,"D",390,"D",.,"A",390,"D",0,"D",.,"A",20,"D",910,"D",0,"D",.,"A",.,"A",.,"A",.,"A"
"20153","03236421",46,0,"1",2080,"D",650,"D",260,"D",1040,"D",150,"D",.,"A",27,"D",1430,"D",60,"D",.,"A",.,"A",.,"A",.,"A"
"20153","03236441",61,0,"1",1625,"D",65,"D",.,"A",650,"D",0,"D",.,"A",.,"A",1560,"D",0,"D",.,"A",.,"A",.,"A",.,"A"
"20153","03236471",33,0,"1",1300,"D",325,"D",325,"D",520,"D",0,"D",.,"A",.,"A",975,"D",60,"D",.,"A",.,"A",.,"A",.,"A"
"20153","03236501",34,0,"1",2600,"D",520,"D",.,"A",260,"D",0,"D",.,"A",.,"A",2080,"D",0,"D",.,"A",.,"A",.,"A",.,"A"
"20153","03236551",10,0,"1",919,"F",.,"A",.,"A",604,"F",0,"D",.,"A",.,"A",741,"F",0,"D",.,"A",.,"A",.,"A",.,"A"
"20153","03236571",18,0,"1",585,"D",312,"D",.,"A",130,"D",0,"D",.,"A",.,"A",273,"D",60,"D",25,"D",325,"D",.,"A",.,"A"
"20153","03236601",17,0,"1",975,"D",260,"D",.,"A",0,"D",0,"D",.,"A",.,"A",715,"D",0,"D",.,"A",.,"A",.,"A",.,"A"
"20153","03236621",24,0,"1",650,"D",130,"D",.,"A",3250,"D",0,"D",.,"A",.,"A",520,"D",0,"D",.,"A",.,"A",.,"A",.,"A"
"20153","03236651",82,0,"1",2600,"D",650,"D",325,"D",650,"D",540,"D",.,"A",.,"A",1950,"D",270,"D",30,"D",390,"D",.,"A",.,"A"
"20153","03236661",52,0,"1",1950,"D",390,"D",.,"A",650,"D",90,"D",.,"A",.,"A",1560,"D",345,"D",.,"A",.,"A",130,"D",10,"D"
"20153","03236701",20,0,"1",1300,"D",130,"D",.,"A",650,"D",0,"D",.,"A",.,"A",1170,"D",0,"D",.,"A",.,"A",.,"A",.,"A"
"20153","03236731",34,0,"1",1300,"D",260,"D",130,"D",0,"D",0,"D",.,"A",.,"A",1040,"D",39,"D",50,"D",650,"D",.,"A",.,"A"
"20153","03236751",18,0,"1",3250,"D",325,"D",.,"A",260,"D",300,"D",.,"A",60,"D",2925,"D",60,"D",35,"D",455,"D",.,"A",.,"A"
"20153","03236774",28,0,"1",1690,"D",260,"D",.,"A",130,"D",0,"D",.,"A",.,"A",1430,"D",180,"D",20,"D",260,"D",.,"A",.,"A"
"20153","03236781",38,0,"1",1040,"D",195,"D",.,"A",156,"D",0,"D",.,"A",.,"A",845,"D",0,"D",.,"A",.,"A",.,"A",.,"A"
"20153","03236801",29,0,"1",1300,"D",520,"D",.,"A",0,"D",0,"D",.,"A",.,"A",780,"D",30,"D",10,"D",130,"D",.,"A",.,"A"
"20153","03236811",22,0,"1",1040,"D",368,"F",311,"F",0,"D",0,"D",.,"A",.,"A",1384,"F",0,"D",.,"A",.,"A",78,"D",6,"D"
"20153","03236831",33,0,"1",919,"F",.,"A",.,"A",604,"F",121,"F",.,"A",.,"A",741,"F",92,"F",.,"A",.,"A",.,"A",.,"A"
"20153","03236871",27,0,"1",325,"D",156,"D",.,"A",130,"D",0,"D",.,"A",.,"A",169,"D",15,"D",.,"A",.,"A",.,"A",.,"A"
"20153","03236881",14,0,"1",1300,"D",169,"D",.,"A",260,"D",0,"D",.,"A",.,"A",1131,"D",0,"D",.,"A",.,"A",.,"A",.,"A"
"20153","03236901",14,0,"1",1300,"D",211,"F",313,"F",650,"D",121,"F",.,"A",.,"A",741,"F",92,"F",.,"A",.,"A",.,"A",.,"A"
"20153","03236911",8,0,"1",585,"D",195,"D",.,"A",0,"D",0,"D",.,"A",.,"A",390,"D",30,"D",.,"A",.,"A",.,"A",.,"A"
"20153","03236921",38,0,"1",1040,"D",260,"D",.,"A",130,"D",30,"D",.,"A",.,"A",780,"D",60,"D",.,"A",.,"A",.,"A",.,"A"
"20153","03236931",51,0,"1",1300,"D",260,"D",195,"D",1950,"D",0,"D",.,"A",.,"A",1040,"D",0,"D",.,"A",.,"A",.,"A",.,"A"
"20153","03236941",22,0,"1",1170,"D",195,"D",195,"D",0,"D",0,"D",.,"A",.,"A",975,"D",0,"D",.,"A",.,"A",.,"A",.,"A"
"20153","03236961",18,0,"1",650,"D",0,"D",.,"A",0,"D",0,"D",.,"A",.,"A",650,"D",0,"D",.,"A",.,"A",.,"A",.,"A"
"20153","03236981",36,0,"1",1300,"D",173,"F",.,"A",313,"F",0,"D",.,"A",.,"A",623,"F",0,"D",.,"A",.,"A",.,"A",.,"A"
"20153","03237031",19,0,"1",2600,"D",650,"D",407,"F",195,"D",6,"D",.,"A",.,"A",1950,"D",6,"D",.,"A",.,"A",.,"A",.,"A"
"20153","03237044",28,0,"1",390,"D",65,"D",.,"A",65,"D",0,"D",.,"A",.,"A",325,"D",0,"D",.,"A",.,"A",.,"A",.,"A"
"20153","03237051",38,0,"1",689,"D",169,"D",.,"A",780,"D",0,"D",.,"A",51,"D",520,"D",0,"D",.,"A",.,"A",.,"A",.,"A"
"20153","03237061",26,0,"1",1300,"D",234,"D",.,"A",260,"D",0,"D",.,"A",.,"A",1066,"D",60,"D",.,"A",.,"A",.,"A",.,"A"
"20153","03237074",29,0,"1",2080,"D",0,"D",650,"D",1300,"D",0,"D",.,"A",.,"A",2080,"D",600,"D",.,"A",.,"A",.,"A",.,"A"
"20153","03237081",26,0,"1",2600,"D",780,"D",.,"A",1300,"D",24,"D",.,"A",.,"A",1820,"D",24,"D",.,"A",.,"A",.,"A",.,"A"
"20153","03237101",19,0,"1",195,"D",65,"D",.,"A",260,"D",0,"D",.,"A",.,"A",130,"D",0,"D",.,"A",.,"A",.,"A",.,"A"
"20153","03237111",31,0,"1",1300,"D",260,"D",.,"A",2600,"D",120,"D",.,"A",.,"A",1040,"D",60,"D",.,"A",.,"A",.,"A",.,"A"
"20153","03237131",18,0,"1",650,"D",260,"D",.,"A",650,"D",0,"D",.,"A",.,"A",390,"D",135,"D",60,"D",780,"D",.,"A",.,"A"
"20153","03237141",36,0,"1",390,"D",0,"D",260,"D",1300,"D",0,"D",.,"A",.,"A",390,"D",180,"D",.,"A",.,"A",.,"A",.,"A"
"20153","03237151",19,0,"1",260,"D",65,"D",.,"A",390,"D",0,"D",.,"A",.,"A",195,"D",0,"D",.,"A",.,"A",.,"A",.,"A"
"20153","03237161",34,0,"1",1300,"D",390,"D",.,"A",65,"D",0,"D",.,"A",.,"A",910,"D",0,"D",15,"D",195,"D",.,"A",.,"A"
"20153","03237171",21,0,"1",650,"D",130,"D",.,"A",0,"D",0,"D",1300,"D",.,"A",520,"D",0,"D",.,"A",.,"A",.,"A",.,"A"
"20153","03237201",15,0,"1",1950,"D",0,"D",65,"D",0,"D",0,"D",.,"A",.,"A",1950,"D",0,"D",.,"A",.,"A",.,"A",.,"A"
"20153","03237211",25,0,"1",1625,"D",325,"D",.,"A",975,"D",150,"D",.,"A",.,"A",1300,"D",90,"D",.,"A",.,"A",.,"A",.,"A"
"20153","03237221",22,0,"1",1625,"D",325,"D",520,"D",0,"D",0,"D",.,"A",.,"A",1300,"D",0,"D",.,"A",.,"A",.,"A",.,"A"
"20153","03237241",16,0,"1",520,"D",260,"D",.,"A",260,"D",0,"D",.,"A",.,"A",260,"D",0,"D",.,"A",.,"A",.,"A",.,"A"
"20153","03237251",26,0,"1",1561,"F",.,"A",.,"A",65,"D",0,"D",.,"A",.,"A",1315,"F",0,"D",.,"A",.,"A",.,"A",.,"A"
"20153","03237261",23,0,"1",1361,"F",.,"A",.,"A",601,"F",0,"D",.,"A",.,"A",1077,"F",0,"D",.,"A",.,"A",.,"A",.,"A"
"20153","03237271",21,0,"1",1690,"D",325,"D",.,"A",0,"D",0,"D",.,"A",.,"A",1365,"D",0,"D",.,"A",.,"A",.,"A",.,"A"
"20153","03237281",28,0,"1",1950,"D",650,"D",.,"A",650,"D",60,"D",.,"A",.,"A",1300,"D",300,"D",.,"A",.,"A",.,"A",.,"A"
"20153","03237311",19,0,"1",650,"D",0,"D",.,"A",0,"D",0,"D",.,"A",.,"A",650,"D",0,"D",.,"A",.,"A",.,"A",.,"A"
"20153","03237321",14,0,"1",1950,"D",130,"D",.,"A",409,"F",0,"D",.,"A",.,"A",1820,"D",0,"D",.,"A",.,"A",.,"A",.,"A"
"20153","03237331",49,0,"1",1300,"D",390,"D",260,"D",221,"D",30,"D",.,"A",.,"A",910,"D",0,"D",.,"A",.,"A",.,"A",.,"A"
"20153","03237341",27,0,"1",1950,"D",390,"D",130,"D",780,"D",150,"D",.,"A",.,"A",1560,"D",60,"D",.,"A",.,"A",.,"A",.,"A"
"20153","03237351",14,0,"1",520,"D",0,"D",.,"A",390,"D",0,"D",.,"A",.,"A",520,"D",0,"D",.,"A",.,"A",.,"A",.,"A"
"20153","03237384",18,0,"1",429,"D",130,"D",.,"A",0,"D",0,"D",.,"A",.,"A",299,"D",0,"D",20,"D",260,"D",.,"A",.,"A"
"20153","03237391",21,0,"1",1560,"D",520,"D",.,"A",650,"D",0,"D",.,"A",.,"A",1040,"D",240,"D",.,"A",.,"A",.,"A",.,"A"
"20153","03237401",24,0,"1",1170,"D",130,"D",.,"A",260,"D",0,"D",.,"A",.,"A",1040,"D",60,"D",.,"A",.,"A",.,"A",.,"A"
"20153","03237421",38,0,"1",1300,"D",325,"D",.,"A",845,"D",0,"D",.,"A",.,"A",975,"D",30,"D",.,"A",.,"A",.,"A",.,"A"
"20153","03237441",24,0,"1",1300,"D",260,"D",.,"A",325,"D",90,"D",.,"A",.,"A",1040,"D",90,"D",11,"D",143,"D",.,"A",.,"A"
"20153","03237471",14,0,"1",1300,"D",260,"D",.,"A",325,"D",0,"D",.,"A",.,"A",1040,"D",0,"D",.,"A",.,"A",.,"A",.,"A"
"20153","03237481",41,0,"1",1300,"D",0,"D",.,"A",1300,"D",60,"D",.,"A",.,"A",1300,"D",45,"D",.,"A",.,"A",.,"A",.,"A"
"20153","03237501",33,0,"1",1300,"D",325,"D",.,"A",650,"D",0,"D",.,"A",.,"A",975,"D",0,"D",.,"A",.,"A",.,"A",.,"A"
"20153","03237511",15,0,"1",1625,"D",390,"D",.,"A",845,"D",0,"D",.,"A",.,"A",1235,"D",90,"D",.,"A",.,"A",.,"A",.,"A"
"20153","03237521",20,0,"1",520,"D",130,"D",.,"A",1820,"D",0,"D",.,"A",.,"A",390,"D",0,"D",.,"A",.,"A",.,"A",.,"A"
"20153","03237541",40,0,"1",1950,"D",0,"D",.,"A",520,"D",0,"D",.,"A",.,"A",1950,"D",0,"D",.,"A",.,"A",.,"A",.,"A"
"20153","03237561",56,0,"1",1950,"D",390,"D",.,"A",650,"D",0,"D",.,"A",.,"A",1560,"D",0,"D",.,"A",.,"A",.,"A",.,"A"
"20153","03237575",41,0,"1",2600,"D",1300,"D",.,"A",1300,"D",300,"D",.,"A",.,"A",1300,"D",60,"D",.,"A",.,"A",.,"A",.,"A"
"20153","03237582",13,0,"1",1625,"D",0,"D",.,"A",130,"D",0,"D",.,"A",0,"D",1625,"D",0,"D",.,"A",.,"A",.,"A",.,"A"
"20153","03237591",38,0,"1",1300,"D",325,"D",.,"A",0,"D",0,"D",.,"A",.,"A",975,"D",0,"D",.,"A",.,"A",.,"A",.,"A"
"20153","03237611",15,0,"1",650,"D",0,"D",.,"A",1300,"D",0,"D",.,"A",.,"A",650,"D",120,"D",.,"A",.,"A",.,"A",.,"A"
"20153","03237621",14,0,"1",650,"D",195,"D",.,"A",1300,"D",60,"D",.,"A",.,"A",455,"D",60,"D",.,"A",.,"A",.,"A",.,"A"
"20153","03237631",27,0,"1",1300,"D",0,"D",.,"A",650,"D",225,"D",.,"A",.,"A",1300,"D",435,"D",25,"D",325,"D",.,"A",.,"A"
"20153","03237641",16,0,"1",520,"D",0,"D",.,"A",260,"D",0,"D",.,"A",.,"A",520,"D",0,"D",.,"A",.,"A",.,"A",.,"A"
"20153","03237651",20,0,"1",1105,"D",260,"D",.,"A",0,"D",0,"D",.,"A",.,"A",845,"D",0,"D",.,"A",.,"A",.,"A",.,"A"
"20153","03237661",27,0,"1",2600,"D",260,"D",.,"A",234,"D",0,"D",.,"A",.,"A",2340,"D",0,"D",.,"A",.,"A",.,"A",.,"A"
"20153","03237671",31,0,"1",1625,"D",650,"D",.,"A",520,"D",0,"D",.,"A",.,"A",975,"D",0,"D",.,"A",.,"A",.,"A",.,"A"
"20153","03237691",36,0,"1",1300,"D",130,"D",390,"D",650,"D",30,"D",.,"A",.,"A",1170,"D",30,"D",.,"A",.,"A",.,"A",.,"A"
"20153","03237711",41,0,"1",1300,"D",390,"D",.,"A",650,"D",0,"D",.,"A",.,"A",910,"D",60,"D",.,"A",.,"A",.,"A",.,"A"
"20153","03237721",32,0,"1",455,"D",195,"D",325,"D",260,"D",120,"D",625,"D",.,"A",260,"D",105,"D",.,"A",.,"A",.,"A",.,"A"
"20153","03237731",32,0,"1",975,"D",52,"D",.,"A",780,"D",0,"D",.,"A",.,"A",923,"D",0,"D",.,"A",.,"A",.,"A",.,"A"
"20153","03237753",10,0,"1",0,"D",.,"A",.,"A",0,"D",0,"D",.,"A",.,"A",0,"D",0,"D",.,"A",.,"A",.,"A",.,"A"
"20153","03237771",53,0,"1",2600,"D",325,"D",.,"A",1300,"D",150,"D",.,"A",.,"A",2275,"D",300,"D",.,"A",.,"A",.,"A",.,"A"
"20153","03237791",44,0,"1",1300,"D",390,"D",390,"D",1300,"D",0,"D",.,"A",.,"A",910,"D",0,"D",.,"A",.,"A",.,"A",.,"A"
"20153","03237801",16,0,"1",780,"D",0,"D",.,"A",0,"D",0,"D",.,"A",.,"A",780,"D",0,"D",.,"A",.,"A",.,"A",.,"A"
"20153","03237811",36,0,"1",910,"D",195,"D",.,"A",2600,"D",150,"D",.,"A",.,"A",715,"D",60,"D",.,"A",.,"A",.,"A",.,"A"
"20153","03237821",27,0,"1",650,"D",130,"D",195,"D",0,"D",0,"D",.,"A",.,"A",520,"D",0,"D",.,"A",.,"A",.,"A",.,"A"
"20153","03237831",17,0,"1",780,"D",260,"D",.,"A",1300,"D",121,"F",.,"A",.,"A",520,"D",92,"F",.,"A",.,"A",.,"A",.,"A"
"20153","03237851",82,0,"1",4030,"D",2340,"D",.,"A",650,"D",0,"D",.,"A",.,"A",1690,"D",0,"D",.,"A",.,"A",.,"A",.,"A"
"20153","03237861",30,0,"1",1950,"D",260,"D",.,"A",650,"D",60,"D",.,"A",.,"A",1690,"D",60,"D",.,"A",.,"A",.,"A",.,"A"
"20153","03237891",13,0,"1",2232,"F",.,"A",.,"A",799,"F",127,"F",.,"A",.,"A",1866,"F",120,"F",.,"A",.,"A",.,"A",.,"A"
"20153","03237911",29,0,"1",650,"D",130,"D",.,"A",650,"D",150,"D",.,"A",.,"A",520,"D",60,"D",.,"A",.,"A",.,"A",.,"A"
"20153","03237931",44,0,"1",2002,"D",299,"D",.,"A",299,"D",0,"D",.,"A",.,"A",1703,"D",0,"D",.,"A",.,"A",.,"A",.,"A"
"20153","03237943",44,0,"1",520,"D",130,"D",.,"A",260,"D",0,"D",.,"A",.,"A",390,"D",0,"D",.,"A",.,"A",.,"A",.,"A"
"20153","03237951",24,0,"1",1300,"D",195,"D",.,"A",975,"D",0,"D",.,"A",.,"A",1105,"D",120,"D",.,"A",.,"A",.,"A",.,"A"
"20153","03237961",15,0,"1",1625,"D",260,"D",.,"A",650,"D",0,"D",.,"A",.,"A",1365,"D",0,"D",.,"A",.,"A",.,"A",.,"A"
"20153","03237971",16,0,"1",919,"F",.,"A",.,"A",390,"D",0,"D",.,"A",.,"A",741,"F",0,"D",40,"D",520,"D",.,"A",.,"A"
"20153","03237982",16,0,"1",130,"D",0,"D",.,"A",13,"D",0,"D",15,"D",.,"A",130,"D",0,"D",.,"A",.,"A",.,"A",.,"A"
"20153","03238011",19,0,"1",1495,"D",585,"D",.,"A",390,"D",0,"D",.,"A",.,"A",910,"D",0,"D",.,"A",.,"A",.,"A",.,"A"
"20153","03238025",19,0,"1",650,"D",0,"D",.,"A",130,"D",0,"D",.,"A",.,"A",650,"D",0,"D",.,"A",.,"A",.,"A",.,"A"
"20153","03238031",37,0,"1",2470,"D",0,"D",.,"A",650,"D",0,"D",.,"A",10,"D",2470,"D",0,"D",.,"A",.,"A",.,"A",.,"A"
"20153","03238051",22,0,"1",1300,"D",260,"D",.,"A",260,"D",0,"D",.,"A",.,"A",1040,"D",105,"D",.,"A",.,"A",.,"A",.,"A"
"20153","03238071",10,0,"1",919,"F",.,"A",.,"A",604,"F",121,"F",.,"A",.,"A",741,"F",92,"F",.,"A",.,"A",.,"A",.,"A"
"20153","03238081",37,0,"1",1300,"D",260,"D",130,"D",390,"D",60,"D",.,"A",.,"A",1040,"D",120,"D",.,"A",.,"A",.,"A",.,"A"
"20153","03238121",46,0,"1",5200,"D",2600,"D",.,"A",1300,"D",0,"D",.,"A",.,"A",2600,"D",900,"D",80,"D",1040,"D",.,"A",.,"A"
"20153","03238131",28,0,"1",975,"D",585,"D",130,"D",0,"D",0,"D",.,"A",.,"A",390,"D",144,"D",.,"A",.,"A",.,"A",.,"A"
"20153","03238151",18,0,"1",1300,"D",260,"D",.,"A",0,"D",0,"D",.,"A",.,"A",1040,"D",0,"D",.,"A",.,"A",.,"A",.,"A"
"20153","03238161",35,0,"1",1300,"D",325,"D",104,"D",845,"D",360,"D",.,"A",.,"A",975,"D",150,"D",10,"D",130,"D",.,"A",.,"A"
"20153","03238181",40,0,"1",1950,"D",325,"D",.,"A",130,"D",30,"D",.,"A",.,"A",1625,"D",0,"D",.,"A",.,"A",.,"A",.,"A"
"20153","03238192",11,0,"1",2275,"D",65,"D",.,"A",585,"D",0,"D",.,"A",.,"A",2210,"D",0,"D",.,"A",.,"A",.,"A",.,"A"
"20153","03238291",24,0,"1",3250,"D",520,"D",.,"A",650,"D",0,"D",.,"A",.,"A",2730,"D",0,"D",42,"D",546,"D",.,"A",.,"A"
"20153","03238301",46,0,"1",975,"D",325,"D",.,"A",0,"D",0,"D",.,"A",.,"A",650,"D",300,"D",.,"A",.,"A",.,"A",.,"A"
"20153","03238321",29,0,"1",1625,"D",195,"D",.,"A",0,"D",0,"D",.,"A",.,"A",1430,"D",60,"D",35,"D",455,"D",.,"A",.,"A"
"20153","03238331",32,0,"1",1950,"D",325,"D",.,"A",1950,"D",0,"D",.,"A",.,"A",1625,"D",120,"D",.,"A",.,"A",.,"A",.,"A"
"20153","03238341",15,0,"1",1105,"D",130,"D",.,"A",260,"D",0,"D",.,"A",.,"A",975,"D",0,"D",.,"A",.,"A",.,"A",.,"A"
"20153","03238351",20,0,"1",1300,"D",325,"D",.,"A",0,"D",0,"D",.,"A",.,"A",975,"D",0,"D",.,"A",.,"A",.,"A",.,"A"
"20154","02966825",57,0,"1",5200,"D",650,"D",.,"A",1950,"D",0,"D",.,"A",135,"D",4550,"D",0,"D",.,"A",.,"A",.,"A",.,"A"
"20154","02966845",35,0,"1",455,"D",0,"D",.,"A",130,"D",30,"D",.,"A",.,"A",455,"D",0,"D",.,"A",.,"A",.,"A",.,"A"
"20154","02966915",39,0,"1",2600,"D",260,"D",.,"A",1300,"D",150,"D",.,"A",.,"A",2340,"D",600,"D",.,"A",.,"A",.,"A",.,"A"
"20154","02966925",31,0,"1",910,"D",325,"D",.,"A",0,"D",0,"D",.,"A",.,"A",585,"D",0,"D",.,"A",.,"A",.,"A",.,"A"
"20154","02966945",29,0,"1",455,"D",26,"D",.,"A",130,"D",0,"D",.,"A",.,"A",429,"D",0,"D",.,"A",.,"A",.,"A",.,"A"
"20154","02966955",46,0,"1",520,"D",195,"D",.,"A",260,"D",0,"D",.,"A",.,"A",325,"D",0,"D",.,"A",.,"A",.,"A",.,"A"
"20154","02966975",51,0,"1",520,"D",0,"D",.,"A",780,"D",6,"D",.,"A",.,"A",520,"D",0,"D",.,"A",.,"A",.,"A",.,"A"
"20154","02966995",95,0,"1",2600,"D",650,"D",325,"D",975,"D",0,"D",.,"A",.,"A",1950,"D",0,"D",.,"A",.,"A",.,"A",.,"A"
"20154","02967015",44,0,"1",1040,"D",260,"D",.,"A",910,"D",0,"D",.,"A",.,"A",780,"D",300,"D",.,"A",.,"A",.,"A",.,"A"
"20154","02967025",28,0,"1",975,"D",0,"D",325,"D",65,"D",0,"D",.,"A",.,"A",975,"D",60,"D",.,"A",.,"A",.,"A",.,"A"
"20154","02967035",74,0,"1",2600,"D",445,"F",.,"A",780,"D",0,"D",.,"A",.,"A",1820,"F",0,"D",.,"A",.,"A",.,"A",.,"A"
"20154","02967055",68,0,"1",2600,"D",650,"D",65,"D",195,"D",0,"D",.,"A",80,"D",1950,"D",0,"D",.,"A",.,"A",.,"A",.,"A"
"20154","02967075",38,0,"1",1430,"D",130,"D",.,"A",650,"D",0,"D",.,"A",.,"A",1300,"D",0,"D",.,"A",.,"A",.,"A",.,"A"
"20154","02967145",47,0,"1",2275,"D",910,"D",390,"D",715,"D",0,"D",.,"A",40,"D",1365,"D",0,"D",.,"A",.,"A",.,"A",.,"A"
"20154","02967235",25,0,"1",2275,"D",520,"D",.,"A",520,"D",75,"D",.,"A",.,"A",1755,"D",180,"D",.,"A",.,"A",.,"A",.,"A"
"20154","02967285",19,0,"1",1430,"D",207,"F",283,"F",416,"F",100,"F",.,"A",.,"A",723,"F",98,"F",.,"A",.,"A",.,"A",.,"A"
"20154","02967295",62,0,"1",1625,"D",195,"D",.,"A",1170,"D",180,"D",.,"A",.,"A",1430,"D",150,"D",.,"A",.,"A",.,"A",.,"A"
"20154","02967415",28,0,"1",1950,"D",520,"D",.,"A",650,"D",300,"D",.,"A",.,"A",1430,"D",60,"D",.,"A",.,"A",650,"D",50,"D"
"20154","02967475",24,0,"1",1300,"D",130,"D",.,"A",0,"D",0,"D",.,"A",.,"A",1170,"D",0,"D",.,"A",.,"A",.,"A",.,"A"
"20154","02967485",7,0,"1",900,"F",.,"A",283,"F",0,"D",0,"D",.,"A",.,"A",723,"F",0,"D",.,"A",.,"A",.,"A",.,"A"
"20154","02967695",47,0,"1",2600,"D",650,"D",.,"A",0,"D",0,"D",.,"A",.,"A",1950,"D",0,"D",28,"D",364,"D",.,"A",.,"A"
"20154","02967705",34,0,"1",325,"D",0,"D",.,"A",325,"D",0,"D",.,"A",.,"A",325,"D",0,"D",.,"A",.,"A",.,"A",.,"A"
"20154","02967735",51,0,"1",1950,"D",390,"D",.,"A",780,"D",90,"D",130,"D",160,"D",1560,"D",60,"D",.,"A",.,"A",.,"A",.,"A"
"20154","02967745",13,0,"1",910,"D",130,"D",.,"A",260,"D",0,"D",.,"A",.,"A",780,"D",0,"D",.,"A",.,"A",.,"A",.,"A"
"20154","02967755",62,0,"1",5200,"D",0,"D",.,"A",650,"D",60,"D",.,"A",.,"A",5200,"D",75,"D",.,"A",.,"A",.,"A",.,"A"
"20154","02967865",23,0,"1",2275,"D",260,"D",.,"A",260,"D",0,"D",.,"A",.,"A",2015,"D",0,"D",.,"A",.,"A",.,"A",.,"A"
"20154","02967875",55,0,"1",1300,"D",130,"D",130,"D",325,"D",45,"D",.,"A",.,"A",1170,"D",30,"D",.,"A",.,"A",.,"A",.,"A"
"20154","02967885",37,0,"1",2600,"D",260,"D",.,"A",1300,"D",150,"D",.,"A",.,"A",2340,"D",0,"D",.,"A",.,"A",.,"A",.,"A"
"20154","02967915",15,0,"1",520,"D",65,"D",.,"A",130,"D",60,"D",.,"A",.,"A",455,"D",60,"D",.,"A",.,"A",.,"A",.,"A"
"20154","02967955",20,0,"1",2600,"D",650,"D",.,"A",0,"D",0,"D",.,"A",.,"A",1950,"D",0,"D",.,"A",.,"A",.,"A",.,"A"
"20154","02967965",53,0,"1",325,"D",52,"D",.,"A",780,"D",120,"D",.,"A",.,"A",273,"D",75,"D",.,"A",.,"A",.,"A",.,"A"
"20154","02967985",16,0,"1",1950,"D",390,"D",.,"A",390,"D",0,"D",.,"A",.,"A",1560,"D",0,"D",.,"A",.,"A",.,"A",.,"A"
"20154","02968055",24,0,"1",3250,"D",650,"D",.,"A",0,"D",0,"D",.,"A",.,"A",2600,"D",180,"D",.,"A",.,"A",.,"A",.,"A"
"20154","02968065",23,0,"1",1560,"D",156,"D",.,"A",0,"D",0,"D",.,"A",0,"D",1404,"D",0,"D",.,"A",.,"A",.,"A",.,"A"
"20154","02968105",60,0,"1",1950,"D",390,"D",.,"A",520,"D",0,"D",.,"A",420,"D",1560,"D",0,"D",.,"A",.,"A",.,"A",.,"A"
"20154","02968115",22,0,"1",1300,"D",195,"D",.,"A",0,"D",0,"D",.,"A",.,"A",1105,"D",0,"D",.,"A",.,"A",.,"A",.,"A"
"20154","02968135",25,0,"1",1300,"D",325,"D",.,"A",260,"D",0,"D",.,"A",.,"A",975,"D",180,"D",40,"D",520,"D",.,"A",.,"A"
"20154","02968165",17,0,"1",1300,"D",260,"D",.,"A",0,"D",0,"D",.,"A",.,"A",1040,"D",0,"D",.,"A",.,"A",.,"A",.,"A"
"20154","02968175",54,0,"1",4550,"D",260,"D",1560,"D",1300,"D",150,"D",.,"A",.,"A",4290,"D",150,"D",.,"A",.,"A",.,"A",.,"A"
"20154","02968195",51,0,"1",1690,"D",455,"D",130,"D",0,"D",0,"D",.,"A",.,"A",1235,"D",114,"D",.,"A",.,"A",195,"D",15,"D"
"20154","02968215",46,0,"1",1300,"D",0,"D",2340,"D",1300,"D",450,"D",.,"A",.,"A",1300,"D",600,"D",.,"A",.,"A",.,"A",.,"A"
"20154","02968235",24,0,"1",650,"D",65,"D",.,"A",0,"D",0,"D",.,"A",.,"A",585,"D",0,"D",.,"A",.,"A",.,"A",.,"A"
"20154","02968265",43,0,"1",3900,"D",520,"D",.,"A",975,"D",0,"D",.,"A",360,"D",3380,"D",0,"D",.,"A",.,"A",.,"A",.,"A"
"20154","02968275",15,0,"1",975,"D",130,"D",.,"A",0,"D",0,"D",.,"A",.,"A",845,"D",0,"D",.,"A",.,"A",.,"A",.,"A"
"20154","02968425",40,0,"1",975,"D",0,"D",260,"D",260,"D",0,"D",.,"A",.,"A",975,"D",0,"D",.,"C",534,"F",.,"A",.,"A"
"20154","02968465",45,0,"1",1300,"D",130,"D",.,"A",130,"D",0,"D",.,"A",.,"A",1170,"D",0,"D",.,"A",.,"A",.,"A",.,"A"
"20154","02968505",71,0,"1",2600,"D",325,"D",.,"A",1300,"D",0,"D",.,"A",.,"A",2275,"D",0,"D",.,"A",.,"A",.,"A",.,"A"
"20154","02968525",22,0,"1",1040,"D",130,"D",.,"A",520,"D",0,"D",.,"A",.,"A",910,"D",0,"D",.,"A",.,"A",.,"A",.,"A"
"20154","02968545",39,0,"1",715,"D",212,"F",.,"A",1326,"D",0,"D",.,"A",.,"A",699,"F",0,"D",.,"A",.,"A",.,"A",.,"A"
"20154","02968675",45,0,"1",975,"D",130,"D",.,"A",520,"D",0,"D",.,"A",.,"A",845,"D",45,"D",.,"A",.,"A",.,"A",.,"A"
"20154","02968765",40,0,"1",1625,"D",130,"D",.,"A",0,"D",0,"D",.,"A",.,"A",1495,"D",0,"D",.,"A",.,"A",.,"A",.,"A"
"20154","02968805",34,0,"1",2600,"D",130,"D",.,"A",1300,"D",75,"D",.,"A",.,"A",2470,"D",180,"D",.,"A",.,"A",.,"A",.,"A"
"20154","02968885",28,0,"1",1625,"D",260,"D",.,"A",130,"D",0,"D",.,"A",100,"D",1365,"D",0,"D",.,"A",.,"A",.,"A",.,"A"
"20154","02968925",38,0,"1",1950,"D",195,"D",.,"A",975,"D",0,"D",.,"A",.,"A",1755,"D",0,"D",.,"A",.,"A",.,"A",.,"A"
"20154","02968945",11,0,"1",1300,"D",130,"D",.,"A",0,"D",0,"D",.,"A",.,"A",1170,"D",0,"D",35,"D",455,"D",.,"A",.,"A"
"20154","02968955",41,0,"1",1300,"D",260,"D",.,"A",390,"D",0,"D",.,"A",.,"A",1040,"D",0,"D",.,"A",.,"A",.,"A",.,"A"
"20154","02968965",78,0,"1",2600,"D",260,"D",.,"A",1690,"D",0,"D",.,"A",99,"D",2340,"D",0,"D",.,"A",.,"A",.,"A",.,"A"
"20154","02968985",26,0,"1",650,"D",0,"D",.,"A",260,"D",0,"D",.,"A",.,"A",650,"D",0,"D",.,"A",.,"A",.,"A",.,"A"
"20154","02969025",29,0,"1",1469,"D",130,"D",.,"A",351,"D",0,"D",.,"A",.,"A",1339,"D",12,"D",.,"A",.,"A",.,"A",.,"A"
"20154","02969065",46,0,"1",1950,"D",260,"D",.,"A",1300,"D",0,"D",.,"A",.,"A",1690,"D",0,"D",.,"A",.,"A",.,"A",.,"A"
"20154","02969085",21,0,"1",5200,"D",390,"D",.,"A",2600,"D",240,"D",.,"A",202,"D",4810,"D",90,"D",.,"A",.,"A",.,"A",.,"A"
"20154","02969105",12,0,"1",1105,"D",324,"F",.,"A",520,"D",0,"D",.,"A",.,"A",1152,"F",0,"D",.,"A",.,"A",.,"A",.,"A"
"20154","02969125",68,0,"1",1950,"D",390,"D",.,"A",520,"D",0,"D",.,"A",.,"A",1560,"D",0,"D",.,"A",.,"A",.,"A",.,"A"
"20154","02969315",14,0,"1",975,"D",0,"D",.,"A",0,"D",0,"D",.,"A",.,"A",975,"D",0,"D",.,"A",.,"A",325,"D",25,"D"
"20154","02969335",56,0,"1",1625,"D",650,"D",.,"A",1300,"D",0,"D",.,"A",60,"D",975,"D",0,"D",.,"A",.,"A",130,"D",10,"D"
"20154","02969375",36,0,"1",650,"D",0,"D",.,"A",2600,"D",0,"D",.,"A",.,"A",650,"D",0,"D",.,"A",.,"A",.,"A",.,"A"
"20154","02969485",44,0,"1",2145,"D",130,"D",.,"A",455,"D",0,"D",.,"A",.,"A",2015,"D",0,"D",.,"A",.,"A",.,"A",.,"A"
"20154","02969665",76,0,"1",2470,"D",741,"D",1560,"D",1950,"D",600,"D",.,"A",.,"A",1729,"D",150,"D",.,"A",.,"A",.,"A",.,"A"
"20154","02969695",38,0,"1",1560,"D",195,"D",.,"A",260,"D",0,"D",.,"A",.,"A",1365,"D",0,"D",.,"A",.,"A",.,"A",.,"A"
"20154","02969715",35,0,"1",2600,"D",650,"D",.,"A",650,"D",0,"D",.,"A",.,"A",1950,"D",0,"D",.,"A",.,"A",.,"A",.,"A"
"20154","02969775",55,0,"1",650,"D",130,"D",.,"A",1625,"D",0,"D",.,"A",.,"A",520,"D",0,"D",14,"D",182,"D",.,"A",.,"A"
"20154","02969795",40,0,"1",1300,"D",260,"D",.,"A",650,"D",0,"D",.,"A",.,"A",1040,"D",90,"D",.,"A",.,"A",.,"A",.,"A"
"20154","02969855",40,0,"1",1040,"D",0,"D",.,"A",390,"D",0,"D",.,"A",.,"A",1040,"D",0,"D",.,"A",.,"A",.,"A",.,"A"
"20154","02969895",35,0,"1",1300,"D",390,"D",.,"A",520,"D",0,"D",.,"A",.,"A",910,"D",0,"D",.,"A",.,"A",.,"A",.,"A"
"20154","02969905",94,0,"1",2275,"D",390,"D",.,"A",1300,"D",300,"D",.,"A",68,"D",1885,"D",150,"D",.,"A",.,"A",.,"A",.,"A"
"20154","02969935",45,0,"1",1950,"D",260,"D",.,"A",0,"D",0,"D",.,"A",.,"A",1690,"D",0,"D",.,"A",.,"A",.,"A",.,"A"
"20154","02969965",37,0,"1",1300,"D",650,"D",.,"A",650,"D",240,"D",.,"A",.,"A",650,"D",30,"D",.,"A",.,"A",.,"A",.,"A"
"20154","02969975",53,0,"1",975,"D",91,"D",.,"A",325,"D",0,"D",.,"A",.,"A",884,"D",0,"D",.,"A",.,"A",.,"A",.,"A"
"20154","02970015",21,0,"1",1300,"D",195,"D",195,"D",156,"D",6,"D",.,"A",.,"A",1105,"D",6,"D",.,"A",.,"A",.,"A",.,"A"
"20154","02970035",68,0,"1",1950,"D",195,"D",.,"A",520,"D",0,"D",.,"A",.,"A",1755,"D",0,"D",25,"D",325,"D",.,"A",.,"A"
"20154","02970055",59,0,"1",975,"D",221,"D",.,"A",130,"D",15,"D",.,"A",.,"A",754,"D",0,"D",.,"A",.,"A",.,"A",.,"A"
"20154","02970105",44,0,"1",1040,"D",0,"D",130,"D",260,"D",0,"D",.,"A",.,"A",1040,"D",450,"D",100,"D",1300,"D",.,"A",.,"A"
"20154","02970125",19,0,"1",1300,"D",0,"D",.,"A",520,"D",0,"D",.,"A",.,"A",1300,"D",120,"D",.,"A",.,"A",.,"A",.,"A"
"20154","02970145",40,0,"1",1300,"D",260,"D",.,"A",520,"D",0,"D",.,"A",.,"A",1040,"D",0,"D",.,"A",.,"A",.,"A",.,"A"
"20154","02970155",48,0,"1",3250,"D",195,"D",.,"A",390,"D",0,"D",.,"A",.,"A",3055,"D",0,"D",.,"A",.,"A",.,"A",.,"A"
"20154","02970175",26,0,"1",780,"D",130,"D",.,"A",260,"D",0,"D",.,"A",.,"A",650,"D",0,"D",98,"D",1274,"D",.,"A",.,"A"
"20154","02970195",20,0,"1",650,"D",0,"D",260,"D",1300,"D",0,"D",.,"A",.,"A",650,"D",0,"D",.,"A",.,"A",.,"A",.,"A"
"20154","02970225",26,0,"1",2271,"F",.,"A",.,"A",744,"F",139,"F",.,"A",.,"A",1879,"F",160,"F",.,"A",.,"A",.,"A",.,"A"
"20154","02970245",27,0,"1",1820,"D",390,"D",780,"D",195,"D",0,"D",.,"A",.,"A",1430,"D",60,"D",.,"A",.,"A",.,"A",.,"A"
"20154","02970255",34,0,"1",1105,"D",104,"D",.,"A",130,"D",0,"D",.,"A",.,"A",1001,"D",72,"D",.,"A",.,"A",.,"A",.,"A"
"20154","02970295",21,0,"1",585,"D",65,"D",.,"A",0,"D",0,"D",.,"A",.,"A",520,"D",0,"D",.,"A",.,"A",.,"A",.,"A"
"20154","02970305",31,0,"1",2275,"D",325,"D",.,"A",0,"D",0,"D",.,"A",.,"A",1950,"D",180,"D",.,"A",.,"A",.,"A",.,"A"
"20154","02970325",52,0,"1",5980,"D",299,"D",.,"A",3900,"D",90,"D",.,"A",.,"A",5681,"D",30,"D",.,"A",.,"A",.,"A",.,"A"
"20154","02970385",27,0,"1",1820,"D",260,"D",.,"A",0,"D",0,"D",.,"A",.,"A",1560,"D",0,"D",.,"A",.,"A",.,"A",.,"A"
"20154","02970395",21,0,"1",845,"D",130,"D",283,"F",650,"D",0,"D",.,"A",.,"A",715,"D",0,"D",.,"A",.,"A",.,"A",.,"A"
"20154","02970405",37,0,"1",2600,"D",650,"D",.,"A",650,"D",0,"D",.,"A",.,"A",1950,"D",90,"D",.,"A",.,"A",.,"A",.,"A"
"20154","02970425",61,0,"1",3185,"D",936,"D",169,"D",1885,"D",30,"D",.,"A",72,"D",2249,"D",120,"D",.,"A",.,"A",.,"A",.,"A"
"20154","02970455",13,0,"1",1549,"F",.,"A",.,"A",0,"D",0,"D",.,"A",.,"A",1261,"F",0,"D",.,"A",.,"A",.,"A",.,"A"
"20154","02970475",54,0,"1",2925,"D",650,"D",130,"D",1300,"D",120,"D",.,"A",.,"A",2275,"D",120,"D",.,"A",.,"A",.,"A",.,"A"
"20154","02970555",30,0,"1",1300,"D",260,"D",.,"A",195,"D",0,"D",.,"A",.,"A",1040,"D",0,"D",.,"A",.,"A",.,"A",.,"A"
"20154","02970575",14,0,"1",1235,"D",260,"D",.,"A",1625,"D",255,"D",.,"A",.,"A",975,"D",0,"D",.,"A",.,"A",.,"A",.,"A"
"20154","02970585",74,0,"1",2600,"D",390,"D",.,"A",780,"D",90,"D",.,"A",.,"A",2210,"D",120,"D",.,"A",.,"A",.,"A",.,"A"
"20154","02970605",27,0,"1",650,"D",65,"D",.,"A",0,"D",0,"D",.,"A",.,"A",585,"D",0,"D",30,"D",390,"D",.,"A",.,"A"
"20154","02970655",31,0,"1",1300,"D",195,"D",.,"A",0,"D",0,"D",.,"A",.,"A",1105,"D",0,"D",42,"D",546,"D",.,"A",.,"A"
"20154","02970685",35,0,"1",1300,"D",260,"D",65,"D",0,"D",0,"D",.,"A",.,"A",1040,"D",0,"D",.,"A",.,"A",.,"A",.,"A"
"20154","02970715",69,0,"1",2405,"D",325,"D",.,"A",260,"D",0,"D",.,"A",.,"A",2080,"D",180,"D",.,"A",.,"A",.,"A",.,"A"
"20154","02970745",64,0,"1",2600,"D",455,"D",.,"A",1040,"D",0,"D",.,"A",.,"A",2145,"D",0,"D",.,"A",.,"A",.,"A",.,"A"
"20154","02970755",42,0,"1",1560,"D",260,"D",.,"A",1300,"D",6,"D",.,"A",.,"A",1300,"D",6,"D",.,"A",.,"A",.,"A",.,"A"
"20154","02970775",31,0,"1",1040,"D",0,"D",.,"A",1300,"D",30,"D",.,"A",.,"A",1040,"D",75,"D",.,"A",.,"A",.,"A",.,"A"
"20154","02970785",46,0,"1",1690,"D",260,"D",.,"A",780,"D",0,"D",.,"A",.,"A",1430,"D",150,"D",.,"A",.,"A",.,"A",.,"A"
"20154","02970825",11,0,"1",780,"D",130,"D",.,"A",0,"D",0,"D",.,"A",.,"A",650,"D",0,"D",.,"A",.,"A",.,"A",.,"A"
"20154","02970865",34,0,"1",455,"D",130,"D",195,"D",520,"D",90,"D",.,"A",.,"A",325,"D",0,"D",.,"A",.,"A",.,"A",.,"A"
"20154","02970875",51,0,"1",1950,"D",650,"D",.,"A",975,"D",240,"D",.,"A",.,"A",1300,"D",90,"D",.,"A",.,"A",.,"A",.,"A"
"20154","02970925",17,0,"1",195,"D",39,"D",.,"A",0,"D",0,"D",.,"A",.,"A",156,"D",0,"D",.,"A",.,"A",.,"A",.,"A"
"20154","02970965",14,0,"1",3250,"D",650,"D",.,"A",1040,"D",0,"D",.,"A",.,"A",2600,"D",0,"D",.,"A",.,"A",.,"A",.,"A"
"20154","02970985",54,0,"1",975,"D",195,"D",.,"A",260,"D",45,"D",.,"A",.,"A",780,"D",0,"D",.,"A",.,"A",.,"A",.,"A"
"20154","02970995",17,0,"1",1300,"D",228,"F",.,"A",390,"D",180,"D",.,"A",.,"A",765,"F",0,"D",.,"A",.,"A",.,"A",.,"A"
"20154","02971015",30,0,"1",2600,"D",650,"D",.,"A",650,"D",150,"D",.,"A",.,"A",1950,"D",150,"D",.,"A",.,"A",.,"A",.,"A"
"20154","02971045",20,0,"1",390,"D",65,"D",.,"A",0,"D",0,"D",.,"A",.,"A",325,"D",0,"D",.,"A",.,"A",.,"A",.,"A"
"20154","02971095",40,0,"1",2600,"D",975,"D",.,"A",390,"D",0,"D",.,"A",.,"A",1625,"D",150,"D",.,"A",.,"A",.,"A",.,"A"
"20154","02971145",31,0,"1",325,"D",39,"D",.,"A",325,"D",0,"D",.,"A",.,"A",286,"D",0,"D",.,"A",.,"A",.,"A",.,"A"
"20154","02971155",54,0,"1",2080,"D",780,"D",.,"A",390,"D",0,"D",.,"A",.,"A",1300,"D",150,"D",.,"A",.,"A",.,"A",.,"A"
"20154","02971215",20,0,"1",871,"D",325,"D",.,"A",260,"D",0,"D",.,"A",.,"A",546,"D",75,"D",.,"A",.,"A",.,"A",.,"A"
"20154","02971235",39,0,"1",2600,"D",390,"D",.,"A",130,"D",0,"D",.,"A",.,"A",2210,"D",0,"D",.,"A",.,"A",.,"A",.,"A"
"20154","02971275",22,0,"1",2340,"D",780,"D",.,"A",780,"D",120,"D",.,"A",.,"A",1560,"D",60,"D",.,"A",.,"A",.,"A",.,"A"
"20154","02971285",59,0,"1",1950,"D",325,"D",260,"D",1300,"D",600,"D",.,"A",.,"A",1625,"D",450,"D",.,"A",.,"A",.,"A",.,"A"
"20154","02971315",45,0,"1",1560,"D",325,"D",.,"A",325,"D",0,"D",.,"A",.,"A",1235,"D",600,"D",.,"A",.,"A",.,"A",.,"A"
"20154","02971335",35,0,"1",3250,"D",650,"D",.,"A",390,"D",0,"D",.,"A",.,"A",2600,"D",0,"D",.,"A",.,"A",.,"A",.,"A"
"20154","02971345",14,0,"1",767,"F",.,"A",.,"A",0,"D",0,"D",.,"A",.,"A",633,"F",0,"D",.,"A",.,"A",.,"A",.,"A"
"20154","02971365",54,0,"1",1625,"D",0,"D",130,"D",520,"D",90,"D",.,"A",.,"A",1625,"D",300,"D",.,"A",.,"A",.,"A",.,"A"
"20154","02971375",20,0,"1",1040,"D",169,"F",.,"A",39,"D",0,"D",.,"A",.,"A",633,"F",0,"D",.,"A",.,"A",.,"A",.,"A"
"20154","02971465",36,0,"1",1560,"D",325,"D",390,"D",520,"D",0,"D",.,"A",.,"A",1235,"D",15,"D",.,"A",.,"A",.,"A",.,"A"
"20154","02971535",18,0,"1",260,"D",0,"D",.,"A",260,"D",0,"D",.,"A",.,"A",260,"D",0,"D",.,"A",.,"A",.,"A",.,"A"
"20154","02971565",54,0,"1",1625,"D",325,"D",195,"D",520,"D",60,"D",.,"A",.,"A",1300,"D",300,"D",40,"D",520,"D",.,"A",.,"A"
"20154","02971595",53,0,"1",4225,"D",975,"D",.,"A",1300,"D",900,"D",.,"A",.,"A",3250,"D",900,"D",.,"A",.,"A",.,"A",.,"A"
"20154","02971605",46,0,"1",1625,"D",650,"D",.,"A",325,"D",0,"D",.,"A",.,"A",975,"D",0,"D",.,"A",.,"A",.,"A",.,"A"
"20154","02971655",36,0,"1",1300,"D",260,"D",.,"A",325,"D",300,"D",.,"A",.,"A",1040,"D",90,"D",10,"D",130,"D",260,"D",20,"D"
"20154","02971795",22,0,"1",780,"D",65,"D",.,"A",390,"D",0,"D",.,"A",.,"A",715,"D",0,"D",.,"A",.,"A",.,"A",.,"A"
"20154","02971815",23,0,"1",1300,"D",390,"D",.,"A",650,"D",0,"D",.,"A",.,"A",910,"D",0,"D",.,"A",.,"A",.,"A",.,"A"
"20154","02971865",34,0,"1",3250,"D",650,"D",.,"A",650,"D",0,"D",.,"A",.,"A",2600,"D",75,"D",.,"A",.,"A",.,"A",.,"A"
"20154","02971875",42,0,"1",1560,"D",260,"D",.,"A",260,"D",0,"D",.,"A",.,"A",1300,"D",21,"D",.,"A",.,"A",.,"A",.,"A"
"20154","02971955",11,0,"1",754,"D",65,"D",.,"A",0,"D",0,"D",.,"A",.,"A",689,"D",0,"D",.,"A",.,"A",.,"A",.,"A"
"20154","02971985",52,0,"1",1950,"D",260,"D",325,"D",260,"D",0,"D",.,"A",.,"A",1690,"D",0,"D",10,"D",130,"D",.,"A",.,"A"
"20154","02971995",20,0,"1",1950,"D",260,"D",.,"A",0,"D",0,"D",.,"A",.,"A",1690,"D",0,"D",.,"A",.,"A",.,"A",.,"A"
"20154","02972005",37,0,"1",650,"D",65,"D",.,"A",260,"D",0,"D",.,"A",.,"A",585,"D",60,"D",.,"A",.,"A",.,"A",.,"A"
"20154","02972015",21,0,"1",1365,"D",169,"F",.,"A",260,"D",100,"F",.,"A",.,"A",633,"F",88,"F",.,"A",.,"A",.,"A",.,"A"
"20154","02972055",17,0,"1",2600,"D",975,"D",.,"A",455,"D",0,"D",.,"A",.,"A",1625,"D",0,"D",.,"A",.,"A",.,"A",.,"A"
"20154","02972075",32,0,"1",1300,"D",0,"D",.,"A",0,"D",0,"D",.,"A",.,"A",1300,"D",0,"D",.,"A",.,"A",.,"A",.,"A"
"20154","02972105",15,0,"1",780,"D",0,"D",.,"A",130,"D",0,"D",.,"A",.,"A",780,"D",600,"D",11,"D",143,"D",.,"A",.,"A"
"20154","02972125",31,0,"1",1950,"D",650,"D",.,"A",780,"D",0,"D",.,"A",.,"A",1300,"D",0,"D",70,"D",910,"D",.,"A",.,"A"
"20154","02972135",37,0,"1",1625,"D",325,"D",.,"A",585,"D",0,"D",.,"A",.,"A",1300,"D",180,"D",.,"A",.,"A",.,"A",.,"A"
"20154","02972165",60,0,"1",1300,"D",260,"D",.,"A",650,"D",0,"D",.,"A",.,"A",1040,"D",0,"D",.,"A",.,"A",.,"A",.,"A"
"20154","02972255",30,0,"1",1300,"D",260,"D",.,"A",650,"D",0,"D",.,"A",.,"A",1040,"D",0,"D",.,"A",.,"A",.,"A",.,"A"
"20154","02972275",39,0,"1",1300,"D",65,"D",.,"A",780,"D",0,"D",.,"A",.,"A",1235,"D",0,"D",.,"A",.,"A",.,"A",.,"A"
"20154","02972285",38,0,"1",650,"D",260,"D",130,"D",260,"D",150,"D",.,"A",.,"A",390,"D",120,"D",.,"A",.,"A",.,"A",.,"A"
"20154","02972295",24,0,"1",910,"D",130,"D",.,"A",325,"D",0,"D",.,"A",.,"A",780,"D",0,"D",.,"A",.,"A",.,"A",.,"A"
"20154","02972325",15,0,"1",1950,"D",401,"F",.,"A",650,"D",300,"D",.,"A",.,"A",1741,"F",133,"F",.,"A",.,"A",.,"A",.,"A"
"20154","02972335",29,0,"1",1625,"D",260,"D",.,"A",975,"D",0,"D",.,"A",.,"A",1365,"D",75,"D",24,"D",312,"D",.,"A",.,"A"
"20154","02972425",26,0,"1",2600,"D",260,"D",.,"A",0,"D",0,"D",.,"A",.,"A",2340,"D",0,"D",.,"A",.,"A",.,"A",.,"A"
"20154","02972435",27,0,"1",1560,"D",260,"D",.,"A",520,"D",0,"D",.,"A",.,"A",1300,"D",0,"D",.,"A",.,"A",.,"A",.,"A"
"20154","02972465",32,0,"1",1950,"D",130,"D",.,"A",0,"D",0,"D",.,"A",.,"A",1820,"D",0,"D",10,"D",130,"D",.,"A",.,"A"
"20154","02972615",15,0,"1",1170,"D",130,"D",65,"D",1300,"D",0,"D",.,"A",.,"A",1040,"D",150,"D",.,"A",.,"A",.,"A",.,"A"
"20154","02972665",27,0,"1",1950,"D",325,"D",.,"A",650,"D",150,"D",.,"A",.,"A",1625,"D",150,"D",40,"D",520,"D",.,"A",.,"A"
"20154","02972685",19,0,"1",325,"D",260,"D",130,"D",130,"D",0,"D",.,"A",.,"A",65,"D",0,"D",.,"A",.,"A",.,"A",.,"A"
"20154","02972725",33,0,"1",650,"D",130,"D",.,"A",520,"D",60,"D",.,"A",.,"A",520,"D",60,"D",.,"A",.,"A",.,"A",.,"A"
"20154","02972785",46,0,"1",3900,"D",520,"D",.,"A",1950,"D",90,"D",.,"A",72,"D",3380,"D",90,"D",.,"A",.,"A",.,"A",.,"A"
"20154","02972795",84,0,"1",3250,"D",0,"D",.,"A",1300,"D",0,"D",.,"A",.,"A",3250,"D",114,"F",.,"A",.,"A",.,"A",.,"A"
"20154","02972805",44,0,"1",1950,"D",975,"D",.,"A",520,"D",120,"D",.,"A",.,"A",975,"D",60,"D",.,"A",.,"A",.,"A",.,"A"
"20154","02972895",43,0,"1",780,"D",65,"D",.,"A",650,"D",0,"D",.,"A",.,"A",715,"D",90,"D",.,"A",.,"A",.,"A",.,"A"
"20154","02973005",88,0,"1",1053,"D",78,"D",221,"D",247,"D",0,"D",.,"A",.,"A",975,"D",0,"D",.,"A",.,"A",.,"A",.,"A"
"20154","02973015",31,0,"1",910,"D",379,"F",393,"F",1495,"D",110,"F",.,"A",.,"A",1421,"F",130,"F",.,"A",.,"A",.,"A",.,"A"
"20154","02973035",14,0,"1",1300,"D",0,"D",.,"A",749,"F",0,"D",.,"A",.,"A",1300,"D",0,"D",.,"A",.,"A",.,"A",.,"A"
"20154","02973185",21,0,"1",520,"D",156,"D",.,"A",91,"D",0,"D",.,"A",.,"A",364,"D",0,"D",35,"D",455,"D",.,"A",.,"A"
"20154","02973245",26,0,"1",1300,"D",260,"D",.,"A",650,"D",187,"F",.,"A",.,"A",1040,"D",114,"F",.,"A",.,"A",.,"A",.,"A"
"20154","02973365",34,0,"1",1950,"D",260,"D",.,"A",260,"D",0,"D",.,"A",.,"A",1690,"D",0,"D",.,"A",.,"A",.,"A",.,"A"
"20154","02973435",28,0,"1",1300,"D",130,"D",130,"D",520,"D",0,"D",.,"A",.,"A",1170,"D",120,"D",40,"D",520,"D",.,"A",.,"A"
"20154","02973485",26,0,"1",1950,"D",156,"D",.,"A",130,"D",0,"D",.,"A",.,"A",1794,"D",30,"D",70,"D",910,"D",.,"A",.,"A"
"20154","02973495",64,0,"1",1495,"D",195,"D",.,"A",260,"D",36,"D",.,"A",.,"A",1300,"D",0,"D",.,"A",.,"A",.,"A",.,"A"
"20154","02973515",15,0,"1",780,"D",212,"F",.,"A",0,"D",0,"D",.,"A",.,"A",699,"F",97,"F",.,"C",373,"F",.,"A",.,"A"
"20154","02973545",22,0,"1",1300,"D",0,"D",.,"A",749,"F",0,"D",.,"A",.,"A",1300,"D",0,"D",.,"A",.,"A",.,"A",.,"A"
"20154","02973595",33,0,"1",1950,"D",390,"D",.,"A",390,"D",90,"D",.,"A",.,"A",1560,"D",90,"D",.,"A",.,"A",.,"A",.,"A"
"20154","02973625",24,0,"1",1950,"D",650,"D",.,"A",650,"D",36,"D",.,"A",.,"A",1300,"D",180,"D",.,"A",.,"A",.,"A",.,"A"
"20154","02973695",44,0,"1",1300,"D",130,"D",.,"A",650,"D",0,"D",.,"A",.,"A",1170,"D",0,"D",.,"A",.,"A",.,"A",.,"A"
"20154","02973765",65,0,"1",3250,"D",650,"D",.,"A",1300,"D",0,"D",.,"A",.,"A",2600,"D",0,"D",.,"A",.,"A",.,"A",.,"A"
"20154","02973795",24,0,"1",1950,"D",260,"D",.,"A",650,"D",0,"D",.,"A",.,"A",1690,"D",0,"D",.,"A",.,"A",.,"A",.,"A"
"20154","02973835",28,0,"1",455,"D",130,"D",.,"A",0,"D",0,"D",350,"D",.,"A",325,"D",0,"D",.,"A",.,"A",.,"A",.,"A"
"20154","02973875",17,0,"1",1300,"D",260,"D",.,"A",0,"D",0,"D",.,"A",50,"D",1040,"D",0,"D",.,"A",.,"A",.,"A",.,"A"
"20154","02973885",53,0,"1",2600,"D",520,"D",.,"A",780,"D",0,"D",.,"A",60,"D",2080,"D",0,"D",.,"A",.,"A",.,"A",.,"A"
"20154","02973895",18,0,"1",910,"D",130,"D",.,"A",1300,"D",0,"D",.,"A",.,"A",780,"D",300,"D",.,"A",.,"A",.,"A",.,"A"
"20154","02973905",75,0,"1",4225,"D",353,"F",1040,"D",6500,"D",0,"D",.,"A",.,"A",1261,"F",0,"D",.,"A",.,"A",.,"A",.,"A"
"20154","02973945",55,0,"1",1690,"D",260,"D",.,"A",780,"D",45,"D",.,"A",.,"A",1430,"D",60,"D",.,"A",.,"A",.,"A",.,"A"
"20154","02973985",16,0,"1",1950,"D",0,"D",.,"A",0,"D",0,"D",.,"A",.,"A",1950,"D",0,"D",.,"A",.,"A",.,"A",.,"A"
"20154","02974015",43,0,"1",325,"D",0,"D",.,"A",260,"D",0,"D",.,"A",.,"A",325,"D",0,"D",.,"A",.,"A",.,"A",.,"A"
"20154","02974025",35,0,"1",975,"D",325,"D",.,"A",417,"F",210,"D",.,"A",.,"A",650,"D",90,"D",.,"A",.,"A",316,"F",.,"C"
"20154","02974035",19,0,"1",1300,"D",260,"D",.,"A",260,"D",0,"D",.,"A",.,"A",1040,"D",150,"D",25,"D",325,"D",.,"A",.,"A"
"20154","02974065",30,0,"1",1950,"D",0,"D",.,"A",195,"D",0,"D",.,"A",.,"A",1950,"D",0,"D",202,"D",2626,"D",.,"A",.,"A"
"20154","02974075",50,0,"1",975,"D",0,"D",.,"A",260,"D",0,"D",.,"A",.,"A",975,"D",0,"D",.,"A",.,"A",.,"A",.,"A"
"20154","02974085",44,0,"1",5200,"D",520,"D",.,"A",156,"D",0,"D",.,"A",.,"A",4680,"D",0,"D",.,"A",.,"A",.,"A",.,"A"
"20154","02974145",60,0,"1",1300,"D",195,"D",.,"A",195,"D",30,"D",.,"A",.,"A",1105,"D",105,"D",.,"A",.,"A",.,"A",.,"A"
"20154","02974185",38,0,"1",2275,"D",1300,"D",.,"A",780,"D",0,"D",.,"A",.,"A",975,"D",0,"D",.,"A",.,"A",.,"A",.,"A"
"20154","02974205",41,0,"1",1430,"D",325,"D",65,"D",325,"D",120,"D",.,"A",.,"A",1105,"D",60,"D",.,"A",.,"A",.,"A",.,"A"
"20154","02974265",29,0,"1",1040,"D",0,"D",.,"A",390,"D",0,"D",.,"A",.,"A",1040,"D",0,"D",.,"A",.,"A",.,"A",.,"A"
"20154","02974275",45,0,"1",455,"D",0,"D",.,"A",325,"D",60,"D",260,"D",.,"A",455,"D",51,"D",7,"D",91,"D",.,"A",.,"A"
"20154","02974285",34,0,"1",975,"D",130,"D",.,"A",390,"D",0,"D",.,"A",.,"A",845,"D",0,"D",.,"A",.,"A",.,"A",.,"A"
"20154","02974375",15,0,"1",650,"D",52,"D",.,"A",0,"D",0,"D",.,"A",.,"A",598,"D",0,"D",.,"A",.,"A",.,"A",.,"A"
"20154","02974395",16,0,"1",1300,"D",65,"D",65,"D",0,"D",0,"D",.,"A",.,"A",1235,"D",0,"D",.,"A",.,"A",.,"A",.,"A"
"20154","02974435",28,0,"1",780,"D",130,"D",.,"A",0,"D",0,"D",.,"A",.,"A",650,"D",0,"D",20,"D",260,"D",.,"A",.,"A"
"20154","02974455",104,0,"1",3250,"D",650,"D",.,"A",3250,"D",0,"D",.,"A",38,"D",2600,"D",240,"D",.,"A",.,"A",.,"A",.,"A"
"20154","02974535",29,0,"1",1503,"F",.,"A",.,"A",500,"F",0,"D",.,"A",.,"A",1164,"F",0,"D",.,"A",.,"A",.,"A",.,"A"
"20154","02974595",60,0,"1",2600,"D",650,"D",.,"A",520,"D",180,"D",325,"D",200,"D",1950,"D",900,"D",.,"A",.,"A",182,"D",14,"D"
"20154","02974665",32,0,"1",910,"D",390,"D",325,"D",104,"D",0,"D",.,"A",.,"A",520,"D",180,"D",.,"A",.,"A",.,"A",.,"A"
"20154","02974795",9,0,"1",650,"D",207,"F",.,"A",0,"D",0,"D",.,"A",.,"A",723,"F",0,"D",.,"A",.,"A",.,"A",.,"A"
"20154","02974845",73,0,"1",1300,"D",520,"D",.,"A",1300,"D",0,"D",.,"A",600,"D",780,"D",300,"D",.,"A",.,"A",.,"A",.,"A"
"20154","02974875",70,0,"1",3250,"D",650,"D",.,"A",390,"D",90,"D",.,"A",.,"A",2600,"D",60,"D",.,"A",.,"A",.,"A",.,"A"
"20154","02974895",35,0,"1",1300,"D",182,"D",.,"A",325,"D",0,"D",.,"A",.,"A",1118,"D",0,"D",50,"D",650,"D",52,"D",4,"D"
"20154","02974915",51,0,"1",1950,"D",195,"D",.,"A",650,"D",30,"D",.,"A",.,"A",1755,"D",90,"D",.,"A",.,"A",.,"A",.,"A"
"20154","02974945",45,0,"1",1300,"D",130,"D",.,"A",390,"D",0,"D",.,"A",.,"A",1170,"D",60,"D",.,"A",.,"A",.,"A",.,"A"
"20154","02974965",13,0,"1",195,"D",26,"D",.,"A",260,"D",0,"D",.,"A",.,"A",169,"D",27,"D",.,"A",.,"A",.,"A",.,"A"
"20154","02974975",32,0,"1",1300,"D",260,"D",.,"A",650,"D",120,"D",.,"A",.,"A",1040,"D",0,"D",.,"A",.,"A",.,"A",.,"A"
"20154","02974985",37,0,"1",2600,"D",520,"D",.,"A",780,"D",0,"D",.,"A",.,"A",2080,"D",675,"D",.,"A",.,"A",.,"A",.,"A"
"20154","02975075",34,0,"1",1625,"D",325,"D",.,"A",325,"D",0,"D",.,"A",.,"A",1300,"D",90,"D",30,"D",390,"D",104,"D",8,"D"
"20154","02975115",46,0,"1",3250,"D",390,"D",390,"D",260,"D",900,"D",.,"A",.,"A",2860,"D",150,"D",20,"D",260,"D",.,"A",.,"A"
"20154","02975125",34,0,"1",975,"D",39,"D",.,"A",0,"D",0,"D",.,"A",.,"A",936,"D",0,"D",.,"A",.,"A",.,"A",.,"A"
"20154","02975165",12,0,"1",1950,"D",325,"D",.,"A",0,"D",0,"D",.,"A",.,"A",1625,"D",0,"D",.,"A",.,"A",.,"A",.,"A"
"20154","02975185",50,0,"1",1690,"D",520,"D",390,"D",1092,"D",0,"D",.,"A",140,"D",1170,"D",0,"D",30,"D",390,"D",.,"A",.,"A"
"20154","02975245",24,0,"1",910,"D",13,"D",.,"A",260,"D",0,"D",.,"A",.,"A",897,"D",0,"D",.,"A",.,"A",.,"A",.,"A"
"20154","02975255",68,0,"1",1950,"D",260,"D",.,"A",1300,"D",150,"D",.,"A",.,"A",1690,"D",450,"D",.,"A",.,"A",.,"A",.,"A"
"20154","02975275",30,0,"1",0,"D",.,"A",434,"F",0,"D",0,"D",.,"A",.,"A",0,"D",160,"F",.,"A",.,"A",.,"A",.,"A"
"20154","02975295",49,0,"1",2600,"D",520,"D",.,"A",260,"D",0,"D",.,"A",.,"A",2080,"D",120,"D",.,"A",.,"A",.,"A",.,"A"
"20154","02975305",26,0,"1",1040,"D",130,"D",.,"A",780,"D",0,"D",.,"A",.,"A",910,"D",0,"D",30,"D",390,"D",.,"A",.,"A"
"20154","02975375",66,0,"1",3250,"D",390,"D",.,"A",650,"D",150,"D",.,"A",.,"A",2860,"D",180,"D",.,"A",.,"A",.,"A",.,"A"
"20154","02975395",38,0,"1",910,"D",325,"D",.,"A",260,"D",60,"D",.,"A",.,"A",585,"D",30,"D",.,"A",.,"A",.,"A",.,"A"
"20154","02975655",54,0,"1",1300,"D",0,"D",.,"A",260,"D",0,"D",.,"A",.,"A",1300,"D",180,"D",.,"A",.,"A",.,"A",.,"A"
"20154","02975675",41,0,"1",1300,"D",130,"D",.,"A",0,"D",94,"F",.,"A",.,"A",1170,"D",114,"F",.,"C",629,"F",.,"A",.,"A"
"20154","02975765",21,0,"1",900,"F",.,"A",.,"A",416,"F",0,"D",.,"A",.,"A",723,"F",0,"D",.,"A",.,"A",.,"A",.,"A"
"20154","02975775",26,0,"1",1430,"D",130,"D",.,"A",520,"D",0,"D",.,"A",.,"A",1300,"D",0,"D",.,"A",.,"A",.,"A",.,"A"
"20154","02975805",23,0,"1",520,"D",130,"D",.,"A",390,"D",360,"D",.,"A",.,"A",390,"D",120,"D",.,"A",.,"A",.,"A",.,"A"
"20154","02975815",33,0,"1",1300,"D",130,"D",.,"A",520,"D",0,"D",.,"A",.,"A",1170,"D",60,"D",70,"D",910,"D",.,"A",.,"A"
"20154","02975865",48,0,"1",975,"D",195,"D",390,"D",260,"D",0,"D",.,"A",.,"A",780,"D",0,"D",.,"A",.,"A",.,"A",.,"A"
"20154","02975875",35,0,"1",2600,"D",260,"D",.,"A",0,"D",0,"D",.,"A",240,"D",2340,"D",0,"D",.,"A",.,"A",.,"A",.,"A"
"20154","02975935",31,0,"1",650,"D",78,"D",.,"A",650,"D",15,"D",.,"A",.,"A",572,"D",60,"D",25,"D",325,"D",.,"A",.,"A"
"20154","02975995",36,0,"1",1300,"D",260,"D",.,"A",260,"D",0,"D",.,"A",.,"A",1040,"D",0,"D",.,"A",.,"A",.,"A",.,"A"
"20154","02976005",29,0,"1",975,"D",130,"D",.,"A",520,"D",0,"D",.,"A",.,"A",845,"D",0,"D",.,"A",.,"A",.,"A",.,"A"
"20154","02976055",53,0,"1",2600,"D",650,"D",.,"A",2600,"D",0,"D",.,"A",.,"A",1950,"D",30,"D",.,"A",.,"A",.,"A",.,"A"
"20154","02976075",48,0,"1",520,"D",65,"D",.,"A",715,"D",0,"D",.,"A",.,"A",455,"D",90,"D",.,"A",.,"A",.,"A",.,"A"
"20154","02976085",30,0,"1",1625,"D",390,"D",.,"A",0,"D",0,"D",.,"A",.,"A",1235,"D",0,"D",.,"A",.,"A",.,"A",.,"A"
"20154","02976135",22,0,"1",1430,"D",260,"D",390,"D",325,"D",0,"D",.,"A",.,"A",1170,"D",0,"D",.,"A",.,"A",.,"A",.,"A"
"20154","02976175",19,0,"1",845,"D",390,"D",.,"A",78,"D",0,"D",.,"A",.,"A",455,"D",0,"D",.,"A",.,"A",.,"A",.,"A"
"20154","02976205",34,0,"1",1950,"D",390,"D",.,"A",780,"D",75,"D",.,"A",.,"A",1560,"D",300,"D",.,"A",.,"A",.,"A",.,"A"
"20154","02976215",18,0,"1",1300,"D",0,"D",.,"A",1300,"D",6,"D",.,"A",.,"A",1300,"D",6,"D",.,"A",.,"A",.,"A",.,"A"
"20154","02976225",42,0,"1",1560,"D",195,"D",.,"A",780,"D",0,"D",.,"A",.,"A",1365,"D",225,"D",.,"A",.,"A",.,"A",.,"A"
"20154","02976235",11,0,"1",3900,"D",3900,"D",.,"A",0,"D",0,"D",.,"A",.,"A",0,"D",0,"D",.,"A",.,"A",.,"A",.,"A"
"20154","02976305",27,0,"1",2600,"D",520,"D",390,"D",780,"D",0,"D",.,"A",120,"D",2080,"D",0,"D",.,"A",.,"A",.,"A",.,"A"
"20154","02976315",51,0,"1",3770,"D",390,"D",.,"A",65,"D",0,"D",.,"A",.,"A",3380,"D",72,"D",.,"A",.,"A",.,"A",.,"A"
"20154","02976325",59,0,"1",845,"D",130,"D",1755,"D",325,"D",0,"D",.,"A",.,"A",715,"D",0,"D",.,"A",.,"A",.,"A",.,"A"
"20154","02976335",24,0,"1",1014,"D",0,"D",.,"A",0,"D",6,"D",.,"A",.,"A",1014,"D",6,"D",6,"D",78,"D",.,"A",.,"A"
"20154","02976365",18,0,"1",1170,"D",0,"D",.,"A",260,"D",0,"D",.,"A",.,"A",1170,"D",0,"D",.,"A",.,"A",.,"A",.,"A"
"20154","02976375",49,0,"1",1560,"D",650,"D",.,"A",520,"D",0,"D",.,"A",.,"A",910,"D",240,"D",.,"A",.,"A",.,"A",.,"A"
"20154","02976425",13,0,"1",1625,"D",650,"D",.,"A",910,"D",0,"D",.,"A",.,"A",975,"D",0,"D",.,"A",.,"A",.,"A",.,"A"
"20154","02976465",31,0,"1",1300,"D",195,"D",.,"A",1950,"D",150,"D",.,"A",.,"A",1105,"D",300,"D",.,"A",.,"A",.,"A",.,"A"
"20154","02976525",15,0,"1",520,"D",195,"D",.,"A",260,"D",0,"D",.,"A",.,"A",325,"D",0,"D",.,"A",.,"A",.,"A",.,"A"
"20154","02976555",33,0,"1",520,"D",130,"D",.,"A",130,"D",0,"D",.,"A",.,"A",390,"D",0,"D",.,"A",.,"A",.,"A",.,"A"
"20154","02976645",18,0,"1",1625,"D",325,"D",.,"A",0,"D",0,"D",.,"A",.,"A",1300,"D",0,"D",.,"A",.,"A",.,"A",.,"A"
"20154","02976725",33,0,"1",1300,"D",325,"D",.,"A",0,"D",0,"D",.,"A",.,"A",975,"D",0,"D",.,"A",.,"A",.,"A",.,"A"
"20154","02976765",24,0,"1",1300,"D",130,"D",.,"A",325,"D",6,"D",.,"A",70,"D",1170,"D",6,"D",.,"A",.,"A",.,"A",.,"A"
"20154","02976825",46,0,"1",975,"D",353,"F",339,"F",870,"F",60,"D",.,"A",.,"A",1261,"F",300,"D",35,"D",455,"D",.,"A",.,"A"
"20154","02976835",44,0,"1",1170,"D",325,"D",.,"A",520,"D",0,"D",.,"A",.,"A",845,"D",0,"D",.,"A",.,"A",.,"A",.,"A"
"20154","02976855",57,0,"1",1690,"D",390,"D",.,"A",650,"D",0,"D",.,"A",.,"A",1300,"D",0,"D",10,"D",130,"D",.,"A",.,"A"
"20154","02976865",28,0,"1",1300,"D",325,"D",.,"A",650,"D",0,"D",.,"A",.,"A",975,"D",0,"D",.,"A",.,"A",.,"A",.,"A"
"20154","02976895",13,0,"1",520,"D",0,"D",.,"A",520,"D",0,"D",.,"A",.,"A",520,"D",120,"D",.,"A",.,"A",.,"A",.,"A"
"20154","02976915",43,0,"1",1560,"D",130,"D",.,"A",650,"D",0,"D",.,"A",.,"A",1430,"D",0,"D",.,"A",.,"A",.,"A",.,"A"
"20154","02976965",38,0,"1",1040,"D",0,"D",.,"A",780,"D",0,"D",.,"A",.,"A",1040,"D",0,"D",.,"A",.,"A",.,"A",.,"A"
"20154","02976975",27,0,"1",1495,"D",390,"D",.,"A",195,"D",0,"D",.,"A",.,"A",1105,"D",60,"D",8,"D",104,"D",.,"A",.,"A"
"20154","02977035",42,0,"1",3900,"D",260,"D",650,"D",520,"D",0,"D",.,"A",.,"A",3640,"D",0,"D",.,"A",.,"A",39,"D",3,"D"
"20154","02977045",28,0,"1",780,"D",65,"D",.,"A",520,"D",0,"D",.,"A",.,"A",715,"D",45,"D",55,"D",715,"D",.,"A",.,"A"
"20154","02977095",22,0,"1",1300,"D",130,"D",.,"A",390,"D",0,"D",.,"A",.,"A",1170,"D",0,"D",.,"A",.,"A",.,"A",.,"A"
"20154","02977145",32,0,"1",2340,"D",390,"D",.,"A",0,"D",0,"D",.,"A",.,"A",1950,"D",90,"D",.,"A",.,"A",.,"A",.,"A"
"20154","02977155",24,0,"1",1300,"D",520,"D",130,"D",260,"D",90,"D",.,"A",.,"A",780,"D",300,"D",.,"A",.,"A",.,"A",.,"A"
"20154","02977165",13,0,"1",7709,"D",650,"D",.,"A",0,"D",0,"D",.,"A",.,"A",7059,"D",0,"D",40,"D",520,"D",.,"A",.,"A"
"20154","02977225",35,0,"1",1300,"D",65,"D",65,"D",260,"D",105,"D",.,"A",.,"A",1235,"D",90,"D",.,"A",.,"A",.,"A",.,"A"
"20154","02977295",43,0,"1",2600,"D",443,"F",.,"A",65,"D",163,"F",.,"A",.,"A",1703,"F",60,"D",.,"A",.,"A",.,"A",.,"A"
"20154","02977315",36,0,"1",1950,"D",455,"D",260,"D",1235,"D",0,"D",.,"A",.,"A",1495,"D",0,"D",.,"A",.,"A",.,"A",.,"A"
"20154","02977345",23,0,"1",1300,"D",39,"D",.,"A",65,"D",0,"D",.,"A",.,"A",1261,"D",0,"D",.,"A",.,"A",.,"A",.,"A"
"20154","02977405",48,0,"1",2275,"D",650,"D",.,"A",650,"D",90,"D",.,"A",.,"A",1625,"D",150,"D",.,"A",.,"A",.,"A",.,"A"
"20154","02977495",32,0,"1",390,"D",65,"D",.,"A",2730,"D",0,"D",.,"A",.,"A",325,"D",0,"D",.,"A",.,"A",.,"A",.,"A"
"20154","02977515",13,0,"1",520,"D",65,"D",65,"D",260,"D",0,"D",.,"A",.,"A",455,"D",0,"D",.,"A",.,"A",.,"A",.,"A"
"20154","02977535",48,0,"1",975,"D",78,"D",195,"D",1625,"D",0,"D",.,"A",.,"A",897,"D",0,"D",.,"A",.,"A",.,"A",.,"A"
"20154","02977545",58,0,"1",1300,"D",325,"D",.,"A",0,"D",0,"D",.,"A",.,"A",975,"D",300,"D",.,"A",.,"A",.,"A",.,"A"
"20154","02977555",11,0,"1",1040,"D",65,"D",195,"D",455,"D",0,"D",.,"A",.,"A",975,"D",0,"D",.,"A",.,"A",.,"A",.,"A"
"20154","02977565",68,0,"1",2080,"D",130,"D",.,"A",1300,"D",0,"D",.,"A",180,"D",1950,"D",0,"D",.,"A",.,"A",.,"A",.,"A"
"20154","02977585",38,0,"1",3250,"D",1040,"D",.,"A",390,"D",0,"D",.,"A",.,"A",2210,"D",0,"D",.,"A",.,"A",.,"A",.,"A"
"20154","02977615",33,0,"1",767,"F",.,"A",.,"A",321,"F",100,"F",.,"A",.,"A",633,"F",88,"F",.,"A",.,"A",.,"A",.,"A"
"20154","02977675",33,0,"1",2600,"D",650,"D",.,"A",585,"D",0,"D",.,"A",.,"A",1950,"D",60,"D",50,"D",650,"D",.,"A",.,"A"
"20154","02977685",16,0,"1",390,"D",65,"D",65,"D",195,"D",0,"D",.,"A",.,"A",325,"D",60,"D",.,"A",.,"A",.,"A",.,"A"
"20154","02977785",22,0,"1",2925,"D",260,"D",.,"A",1300,"D",300,"D",.,"A",.,"A",2665,"D",300,"D",.,"A",.,"A",.,"A",.,"A"
"20154","02977795",47,0,"1",2600,"D",260,"D",.,"A",650,"D",150,"D",.,"A",.,"A",2340,"D",600,"D",.,"A",.,"A",.,"A",.,"A"
"20154","02977855",48,0,"1",780,"D",130,"D",.,"A",195,"D",6,"D",.,"A",.,"A",650,"D",6,"D",.,"A",.,"A",.,"A",.,"A"
"20154","02977865",26,0,"1",650,"D",130,"D",130,"D",65,"D",0,"D",.,"A",.,"A",520,"D",0,"D",.,"A",.,"A",.,"A",.,"A"
"20154","02977885",35,0,"1",1625,"D",325,"D",26,"D",65,"D",0,"D",.,"A",100,"D",1300,"D",0,"D",100,"D",1300,"D",.,"A",.,"A"
"20154","02977895",25,0,"1",650,"D",130,"D",.,"A",0,"D",0,"D",.,"A",.,"A",520,"D",60,"D",10,"D",130,"D",.,"A",.,"A"
"20154","02977905",58,0,"1",1625,"D",325,"D",650,"D",1300,"D",120,"D",.,"A",.,"A",1300,"D",240,"D",.,"A",.,"A",.,"A",.,"A"
"20154","02977975",25,0,"1",2600,"D",260,"D",.,"A",0,"D",0,"D",325,"D",.,"A",2340,"D",0,"D",.,"A",.,"A",.,"A",.,"A"
"20154","02978025",42,0,"1",1300,"D",390,"D",.,"A",650,"D",0,"D",.,"A",.,"A",910,"D",120,"D",.,"A",.,"A",.,"A",.,"A"
"20154","02978045",32,0,"1",1820,"D",390,"D",.,"A",0,"D",0,"D",.,"A",.,"A",1430,"D",0,"D",.,"A",.,"A",.,"A",.,"A"
"20154","02978055",69,0,"1",5200,"D",513,"F",130,"D",1300,"D",0,"D",.,"A",200,"D",2230,"F",30,"D",.,"A",.,"A",.,"A",.,"A"
"20154","02978065",46,0,"1",7800,"D",1300,"D",.,"A",650,"D",0,"D",.,"A",.,"A",6500,"D",240,"D",.,"A",.,"A",.,"A",.,"A"
"20154","02978095",23,0,"1",1950,"D",325,"D",.,"A",0,"D",0,"D",.,"A",.,"A",1625,"D",0,"D",.,"A",.,"A",.,"A",.,"A"
"20154","02978135",45,0,"1",2065,"F",.,"A",.,"A",749,"F",0,"D",.,"A",.,"A",1741,"F",0,"D",.,"A",.,"A",.,"A",.,"A"
"20154","02978225",21,0,"1",416,"D",91,"D",.,"A",195,"D",0,"D",.,"A",.,"A",325,"D",0,"D",.,"A",.,"A",.,"A",.,"A"
"20154","02978275",15,0,"1",26,"D",0,"D",.,"A",0,"D",0,"D",.,"A",.,"A",26,"D",0,"D",.,"A",.,"A",.,"A",.,"A"
"20154","02978305",18,0,"1",390,"D",78,"D",.,"A",260,"D",30,"D",.,"A",.,"A",312,"D",30,"D",.,"A",.,"A",.,"A",.,"A"
"20154","02978395",18,0,"1",2600,"D",1300,"D",.,"A",0,"D",0,"D",.,"A",.,"A",1300,"D",0,"D",.,"A",.,"A",.,"A",.,"A"
"20154","02988835",44,0,"1",1950,"D",650,"D",.,"A",650,"D",0,"D",.,"A",.,"A",1300,"D",0,"D",.,"A",.,"A",.,"A",.,"A"
"20154","02988845",49,0,"1",650,"D",130,"D",.,"A",260,"D",60,"D",.,"A",.,"A",520,"D",30,"D",.,"A",.,"A",.,"A",.,"A"
"20154","02988855",19,0,"1",3250,"D",650,"D",.,"A",1950,"D",0,"D",.,"A",.,"A",2600,"D",0,"D",.,"A",.,"A",.,"A",.,"A"
"20154","02988905",28,0,"1",1757,"F",.,"A",.,"A",723,"F",110,"F",.,"A",.,"A",1421,"F",130,"F",.,"A",.,"A",.,"A",.,"A"
"20154","02988935",26,0,"1",975,"D",195,"D",.,"A",975,"D",0,"D",.,"A",.,"A",780,"D",0,"D",.,"A",.,"A",.,"A",.,"A"
"20154","02988945",31,0,"1",1300,"D",353,"F",.,"A",0,"D",0,"D",.,"A",.,"A",1261,"F",0,"D",.,"A",.,"A",.,"A",.,"A"
"20154","02988995",18,0,"1",520,"D",130,"D",.,"A",325,"D",0,"D",.,"A",.,"A",390,"D",0,"D",.,"A",.,"A",.,"A",.,"A"
"20154","02989035",62,0,"1",2600,"D",650,"D",.,"A",195,"D",0,"D",.,"A",.,"A",1950,"D",0,"D",.,"A",.,"A",.,"A",.,"A"
"20154","02989055",54,0,"1",390,"D",26,"D",.,"A",585,"D",0,"D",.,"A",.,"A",364,"D",0,"D",.,"A",.,"A",.,"A",.,"A"
"20154","02989095",58,0,"1",975,"D",325,"D",.,"A",325,"D",120,"D",.,"A",.,"A",650,"D",30,"D",.,"A",.,"A",.,"A",.,"A"
"20154","02989105",86,0,"1",1560,"D",314,"F",.,"A",520,"D",15,"D",.,"A",.,"A",997,"F",15,"D",.,"A",.,"A",.,"A",.,"A"
"20154","02989135",75,0,"1",1989,"D",379,"F",.,"A",780,"D",240,"D",.,"A",.,"A",1421,"F",498,"D",.,"A",.,"A",.,"A",.,"A"
"20154","02989175",47,0,"1",2340,"D",65,"D",.,"A",130,"D",0,"D",.,"A",.,"A",2275,"D",495,"D",.,"A",.,"A",.,"A",.,"A"
"20154","02989185",20,0,"1",1300,"D",130,"D",.,"A",1300,"D",300,"D",.,"A",.,"A",1170,"D",60,"D",.,"A",.,"A",.,"A",.,"A"
"20154","02989215",39,0,"1",1300,"D",195,"D",195,"D",1300,"D",0,"D",.,"A",.,"A",1105,"D",0,"D",.,"A",.,"A",.,"A",.,"A"
"20154","02989265",60,0,"1",1690,"D",260,"D",.,"A",195,"D",0,"D",.,"A",.,"A",1430,"D",30,"D",.,"A",.,"A",.,"A",.,"A"
"20154","02989295",23,0,"1",1040,"D",325,"D",.,"A",325,"D",0,"D",.,"A",.,"A",715,"D",0,"D",.,"A",.,"A",.,"A",.,"A"
"20154","02989315",30,0,"1",975,"D",0,"D",.,"A",1560,"D",180,"D",.,"A",.,"A",975,"D",0,"D",.,"A",.,"A",.,"A",.,"A"
"20154","02989335",30,0,"1",1040,"D",91,"D",.,"A",130,"D",0,"D",.,"A",.,"A",949,"D",0,"D",.,"A",.,"A",.,"A",.,"A"
"20154","02989375",9,0,"1",3900,"D",520,"D",.,"A",0,"D",0,"D",.,"A",.,"A",3380,"D",0,"D",.,"A",.,"A",.,"A",.,"A"
"20154","02989385",17,0,"1",1560,"D",260,"D",.,"A",0,"D",0,"D",.,"A",.,"A",1300,"D",0,"D",.,"A",.,"A",.,"A",.,"A"
"20154","02989505",27,0,"1",520,"D",0,"D",.,"A",0,"D",0,"D",.,"A",.,"A",520,"D",0,"D",.,"A",.,"A",.,"A",.,"A"
"20154","02989555",27,0,"1",1300,"D",78,"D",.,"A",650,"D",180,"D",980,"D",.,"A",1222,"D",150,"D",36,"D",468,"D",.,"A",.,"A"
"20154","02989575",78,0,"1",2080,"D",0,"D",.,"A",780,"D",30,"D",.,"A",.,"A",2080,"D",75,"D",.,"A",.,"A",.,"A",.,"A"
"20154","02989595",36,0,"1",1300,"D",429,"D",195,"D",260,"D",0,"D",.,"A",.,"A",871,"D",240,"D",.,"A",.,"A",.,"A",.,"A"
"20154","02989655",19,0,"1",650,"D",0,"D",.,"A",0,"D",0,"D",3640,"D",.,"A",650,"D",0,"D",.,"A",.,"A",.,"A",.,"A"
"20154","02989745",19,0,"1",1549,"F",.,"A",339,"F",870,"F",0,"D",.,"A",.,"A",1261,"F",0,"D",.,"A",.,"A",.,"A",.,"A"
"20154","02989755",41,0,"1",1781,"D",221,"D",.,"A",325,"D",0,"D",.,"A",.,"A",1560,"D",0,"D",.,"A",.,"A",.,"A",.,"A"
"20154","02989785",31,0,"1",2600,"D",260,"D",.,"A",780,"D",0,"D",.,"A",.,"A",2340,"D",60,"D",.,"A",.,"A",.,"A",.,"A"
"20154","02989875",21,0,"1",1300,"D",390,"D",.,"A",0,"D",0,"D",.,"A",.,"A",910,"D",0,"D",.,"A",.,"A",.,"A",.,"A"
"20154","02989895",25,0,"1",1300,"D",260,"D",.,"A",780,"D",0,"D",.,"A",.,"A",1040,"D",0,"D",.,"A",.,"A",.,"A",.,"A"
"20154","02989965",63,0,"1",1950,"D",598,"D",195,"D",1079,"D",0,"D",.,"A",.,"A",1352,"D",423,"D",.,"A",.,"A",.,"A",.,"A"
"20154","02989985",23,0,"1",715,"D",65,"D",.,"A",130,"D",6,"D",.,"A",.,"A",650,"D",6,"D",.,"A",.,"A",.,"A",.,"A"
"20154","02990005",64,0,"1",1300,"D",195,"D",.,"A",520,"D",120,"D",.,"A",.,"A",1105,"D",300,"D",.,"A",.,"A",.,"A",.,"A"
"20154","02990025",31,0,"1",1300,"D",325,"D",.,"A",650,"D",0,"D",.,"A",.,"A",975,"D",0,"D",.,"A",.,"A",.,"A",.,"A"
"20154","02990035",26,0,"1",520,"D",52,"D",.,"A",0,"D",0,"D",.,"A",.,"A",468,"D",0,"D",.,"A",.,"A",.,"A",.,"A"
"20154","02990075",49,0,"1",325,"D",0,"D",.,"A",0,"D",0,"D",.,"A",.,"A",325,"D",0,"D",.,"A",.,"A",.,"A",.,"A"
"20154","02990115",62,0,"1",1560,"D",0,"D",.,"A",1690,"D",0,"D",.,"A",.,"A",1560,"D",0,"D",.,"A",.,"A",.,"A",.,"A"
"20154","02990125",33,0,"1",2925,"D",325,"D",.,"A",650,"D",0,"D",.,"A",.,"A",2600,"D",90,"D",.,"A",.,"A",.,"A",.,"A"
"20154","02990175",35,0,"1",611,"D",26,"D",.,"A",117,"D",0,"D",.,"A",.,"A",585,"D",138,"D",.,"A",.,"A",.,"A",.,"A"
"20154","02990195",27,0,"1",1430,"D",260,"D",.,"A",650,"D",60,"D",.,"A",.,"A",1170,"D",30,"D",.,"A",.,"A",130,"D",10,"D"
"20154","02990265",41,0,"1",1300,"D",260,"D",.,"A",650,"D",360,"D",.,"A",.,"A",1040,"D",30,"D",.,"A",.,"A",.,"A",.,"A"
"20154","02990275",27,0,"1",1950,"D",0,"D",.,"A",156,"D",0,"D",.,"A",.,"A",1950,"D",0,"D",10,"D",130,"D",.,"A",.,"A"
"20154","02990285",38,0,"1",1300,"D",130,"D",.,"A",1560,"D",0,"D",.,"A",150,"D",1170,"D",0,"D",.,"A",.,"A",.,"A",.,"A"
"20154","02990375",14,0,"1",1300,"D",260,"D",.,"A",325,"D",0,"D",.,"A",.,"A",1040,"D",0,"D",.,"A",.,"A",.,"A",.,"A"
"20154","02990415",22,0,"1",2271,"F",.,"A",.,"A",910,"D",0,"D",.,"A",.,"A",1879,"F",0,"D",.,"A",.,"A",.,"A",.,"A"
"20154","02990435",15,0,"1",1040,"D",130,"D",.,"A",1300,"D",0,"D",.,"A",.,"A",910,"D",0,"D",.,"A",.,"A",.,"A",.,"A"
"20154","02990475",13,0,"1",1950,"D",130,"D",.,"A",520,"D",0,"D",.,"A",.,"A",1820,"D",0,"D",.,"A",.,"A",.,"A",.,"A"
"20154","02990655",63,0,"1",1300,"D",130,"D",.,"A",520,"D",30,"D",.,"A",.,"A",1170,"D",15,"D",.,"A",.,"A",.,"A",.,"A"
"20154","02990715",19,0,"1",546,"D",26,"D",.,"A",0,"D",0,"D",.,"A",.,"A",520,"D",0,"D",.,"A",.,"A",.,"A",.,"A"
"20154","02990725",26,0,"1",1300,"D",0,"D",.,"A",429,"D",0,"D",.,"A",.,"A",1300,"D",0,"D",.,"A",.,"A",.,"A",.,"A"
"20154","02990785",23,0,"1",975,"D",130,"D",65,"D",975,"D",0,"D",.,"A",.,"A",845,"D",0,"D",.,"A",.,"A",.,"A",.,"A"
"20154","02990805",33,0,"1",650,"D",130,"D",.,"A",520,"D",120,"D",.,"A",.,"A",520,"D",60,"D",.,"A",.,"A",.,"A",.,"A"
"20154","02990815",14,0,"1",1625,"D",0,"D",.,"A",489,"F",0,"D",.,"A",.,"A",1625,"D",0,"D",.,"A",.,"A",.,"A",.,"A"
"20154","02990905",14,0,"1",390,"D",65,"D",.,"A",455,"D",0,"D",.,"A",.,"A",325,"D",0,"D",.,"A",.,"A",.,"A",.,"A"
"20154","02990945",22,0,"1",1300,"D",325,"D",.,"A",0,"D",0,"D",.,"A",.,"A",975,"D",0,"D",.,"A",.,"A",.,"A",.,"A"
"20154","02990965",38,0,"1",975,"D",260,"D",.,"A",910,"D",0,"D",.,"A",.,"A",715,"D",15,"D",.,"A",.,"A",.,"A",.,"A"
"20154","02991025",19,0,"1",1300,"D",650,"D",.,"A",130,"D",0,"D",.,"A",.,"A",650,"D",0,"D",20,"D",260,"D",.,"A",.,"A"
"20154","02991075",60,0,"1",1300,"D",0,"D",.,"A",1300,"D",0,"D",.,"A",.,"A",1300,"D",0,"D",.,"A",.,"A",.,"A",.,"A"
"20154","02991115",29,0,"1",1300,"D",130,"D",.,"A",0,"D",0,"D",.,"A",.,"A",1170,"D",0,"D",.,"A",.,"A",.,"A",.,"A"
"20154","02991155",32,0,"1",2600,"D",385,"F",.,"A",3250,"D",0,"D",.,"A",.,"A",1478,"F",1050,"D",.,"A",.,"A",.,"A",.,"A"
"20154","02991295",28,0,"1",1950,"D",0,"D",.,"A",910,"D",0,"D",.,"A",.,"A",1950,"D",0,"D",.,"A",.,"A",.,"A",.,"A"
"20154","02991395",48,0,"1",910,"D",286,"D",.,"A",65,"D",0,"D",.,"A",.,"A",624,"D",15,"D",.,"A",.,"A",.,"A",.,"A"
"20154","02991415",34,0,"1",1300,"D",260,"D",.,"A",650,"D",0,"D",.,"A",.,"A",1040,"D",0,"D",.,"A",.,"A",.,"A",.,"A"
"20154","02991525",64,0,"1",2600,"D",195,"D",.,"A",936,"D",0,"D",.,"A",.,"A",2405,"D",0,"D",.,"A",.,"A",.,"A",.,"A"
"20154","02991545",82,0,"1",1742,"D",0,"D",.,"A",1508,"D",75,"D",.,"A",.,"A",1742,"D",864,"D",.,"A",.,"A",.,"A",.,"A"
"20154","02991575",58,0,"1",1105,"D",325,"D",65,"D",585,"D",0,"D",.,"A",127,"F",780,"D",0,"D",45,"D",585,"D",.,"A",.,"A"
"20154","02991585",40,0,"1",975,"D",325,"D",.,"A",780,"D",6,"D",.,"A",.,"A",650,"D",6,"D",.,"A",.,"A",.,"A",.,"A"
"20154","02991645",28,0,"1",1549,"F",.,"A",.,"A",870,"F",175,"F",.,"A",.,"A",1261,"F",191,"F",.,"A",.,"A",.,"A",.,"A"
"20154","02991655",53,0,"1",1040,"D",195,"D",.,"A",780,"D",0,"D",.,"A",.,"A",845,"D",210,"D",.,"A",.,"A",.,"A",.,"A"
"20154","02991695",36,0,"1",1300,"D",130,"D",.,"A",650,"D",0,"D",.,"A",.,"A",1170,"D",135,"D",15,"D",195,"D",.,"A",.,"A"
"20154","02991795",37,0,"1",2886,"D",221,"D",.,"A",234,"D",132,"D",.,"A",.,"A",2665,"D",150,"D",.,"A",.,"A",.,"A",.,"A"
"20154","02991825",85,0,"1",2600,"D",520,"D",130,"D",1300,"D",90,"D",.,"A",.,"A",2080,"D",150,"D",.,"A",.,"A",.,"A",.,"A"
"20154","02991875",15,0,"1",3250,"D",325,"D",260,"D",0,"D",0,"D",.,"A",.,"A",2925,"D",60,"D",.,"A",.,"A",.,"A",.,"A"
"20154","02991905",12,0,"1",780,"D",130,"D",.,"A",0,"D",0,"D",.,"A",.,"A",650,"D",0,"D",.,"A",.,"A",.,"A",.,"A"
"20154","02991915",9,0,"1",650,"D",390,"D",520,"D",650,"D",120,"D",.,"A",.,"A",260,"D",120,"D",40,"D",520,"D",.,"A",.,"A"
"20154","02991975",36,0,"1",2600,"D",650,"D",.,"A",0,"D",0,"D",.,"A",.,"A",1950,"D",150,"D",.,"A",.,"A",.,"A",.,"A"
"20154","02992035",33,0,"1",455,"D",130,"D",0,"D",650,"D",60,"D",.,"A",.,"A",325,"D",150,"D",.,"A",.,"A",.,"A",.,"A"
"20154","02992045",48,0,"1",338,"D",39,"D",.,"A",923,"D",0,"D",.,"A",.,"A",299,"D",30,"D",.,"A",.,"A",.,"A",.,"A"
"20154","02992065",61,0,"1",1300,"D",260,"D",.,"A",1040,"D",240,"D",.,"A",.,"A",1040,"D",30,"D",.,"A",.,"A",.,"A",.,"A"
"20154","02992085",66,0,"1",1950,"D",260,"D",.,"A",1300,"D",30,"D",.,"A",.,"A",1690,"D",0,"D",.,"A",.,"A",.,"A",.,"A"
"20154","02992095",31,0,"1",3250,"D",650,"D",.,"A",1950,"D",0,"D",.,"A",.,"A",2600,"D",168,"D",.,"A",.,"A",.,"A",.,"A"
"20154","02992115",65,0,"1",2090,"F",.,"A",.,"A",642,"F",0,"D",.,"A",.,"A",1710,"F",0,"D",20,"D",260,"D",.,"A",.,"A"
"20154","02992165",26,0,"1",975,"D",130,"D",.,"A",650,"D",0,"D",.,"A",.,"A",845,"D",0,"D",.,"A",.,"A",.,"A",.,"A"
"20154","02992185",16,0,"1",1300,"D",260,"D",.,"A",260,"D",0,"D",.,"A",.,"A",1040,"D",0,"D",.,"A",.,"A",.,"A",.,"A"
"20154","02992225",23,0,"1",1300,"D",455,"D",.,"A",0,"D",0,"D",.,"A",.,"A",845,"D",105,"D",.,"A",.,"A",.,"A",.,"A"
"20154","02992285",20,0,"1",2600,"D",520,"D",.,"A",130,"D",0,"D",.,"A",.,"A",2080,"D",0,"D",15,"D",195,"D",.,"A",.,"A"
"20154","02992345",40,0,"1",910,"D",195,"D",.,"A",260,"D",0,"D",.,"A",160,"D",715,"D",0,"D",.,"A",.,"A",.,"A",.,"A"
"20154","02992435",50,0,"1",650,"D",130,"D",.,"A",195,"D",6,"D",.,"A",.,"A",520,"D",6,"D",.,"A",.,"A",.,"A",.,"A"
"20154","02992455",14,0,"1",910,"D",130,"D",.,"A",390,"D",0,"D",.,"A",.,"A",780,"D",0,"D",.,"A",.,"A",.,"A",.,"A"
"20154","02992475",62,0,"1",650,"D",0,"D",.,"A",520,"D",0,"D",.,"A",.,"A",650,"D",0,"D",.,"A",.,"A",.,"A",.,"A"
"20154","02992485",55,0,"1",1300,"D",260,"D",.,"A",325,"D",0,"D",.,"A",.,"A",1040,"D",6,"D",.,"A",.,"A",.,"A",.,"A"
"20154","02992505",16,0,"1",1300,"D",260,"D",.,"A",0,"D",0,"D",.,"A",.,"A",1040,"D",0,"D",.,"A",.,"A",.,"A",.,"A"
"20154","02992555",35,0,"1",1950,"D",195,"D",.,"A",975,"D",0,"D",.,"A",.,"A",1755,"D",0,"D",.,"A",.,"A",.,"A",.,"A"
"20154","02992565",34,0,"1",1300,"D",130,"D",.,"A",780,"D",0,"D",.,"A",.,"A",1170,"D",0,"D",.,"A",.,"A",.,"A",.,"A"
"20154","02992605",32,0,"1",1300,"D",0,"D",.,"A",0,"D",0,"D",.,"A",.,"A",1300,"D",0,"D",.,"A",.,"A",.,"A",.,"A"
"20154","02992635",57,0,"1",910,"D",325,"D",325,"D",156,"D",0,"D",.,"A",.,"A",585,"D",150,"D",.,"A",.,"A",.,"A",.,"A"
"20154","02992665",26,0,"1",1300,"D",195,"D",.,"A",0,"D",0,"D",.,"A",.,"A",1105,"D",0,"D",.,"A",.,"A",.,"A",.,"A"
"20154","02992685",37,0,"1",1950,"D",260,"D",.,"A",650,"D",0,"D",.,"A",.,"A",1690,"D",0,"D",28,"D",364,"D",156,"D",12,"D"
"20154","02992715",47,0,"1",2600,"D",325,"D",130,"D",3250,"D",0,"D",.,"A",.,"A",2275,"D",600,"D",100,"D",1300,"D",.,"A",.,"A"
"20154","02992785",38,0,"1",845,"D",260,"D",195,"D",390,"D",150,"D",.,"A",.,"A",585,"D",150,"D",.,"A",.,"A",.,"A",.,"A"
"20154","02992805",26,0,"1",455,"D",65,"D",.,"A",1300,"D",0,"D",.,"A",.,"A",390,"D",30,"D",12,"D",156,"D",.,"A",.,"A"
"20154","02992815",42,0,"1",1040,"D",260,"D",.,"A",650,"D",0,"D",.,"A",.,"A",780,"D",0,"D",.,"A",.,"A",.,"A",.,"A"
"20154","02992865",27,0,"1",2600,"D",325,"D",.,"A",325,"D",0,"D",.,"A",.,"A",2275,"D",0,"D",.,"A",.,"A",.,"A",.,"A"
"20154","02992875",52,0,"1",1300,"D",130,"D",.,"A",1040,"D",42,"D",.,"A",.,"A",1170,"D",84,"D",.,"A",.,"A",.,"A",.,"A"
"20154","02992895",23,0,"1",1560,"D",0,"D",.,"A",78,"D",0,"D",.,"A",.,"A",1560,"D",0,"D",.,"A",.,"A",.,"A",.,"A"
"20154","02992905",43,0,"1",2600,"D",312,"D",.,"A",1300,"D",0,"D",.,"A",.,"A",2288,"D",120,"D",.,"A",.,"A",.,"A",.,"A"
"20154","02992935",42,0,"1",1690,"D",390,"D",.,"A",1560,"D",0,"D",.,"A",.,"A",1300,"D",0,"D",.,"A",.,"A",.,"A",.,"A"
"20154","02993025",28,0,"1",1300,"D",130,"D",650,"D",650,"D",0,"D",.,"A",.,"A",1170,"D",0,"D",.,"A",.,"A",.,"A",.,"A"
"20154","02993035",41,0,"1",1300,"D",390,"D",325,"D",1300,"D",30,"D",.,"A",.,"A",910,"D",0,"D",55,"D",715,"D",.,"A",.,"A"
"20154","02993085",10,0,"1",0,"D",.,"A",.,"A",0,"D",0,"D",.,"A",.,"A",0,"D",0,"D",.,"A",.,"A",.,"A",.,"A"
"20154","02993115",74,0,"1",780,"D",130,"D",.,"A",1300,"D",0,"D",.,"A",.,"A",650,"D",0,"D",.,"A",.,"A",.,"A",.,"A"
"20154","02993145",31,0,"1",2080,"D",390,"D",.,"A",390,"D",60,"D",.,"A",.,"A",1690,"D",0,"D",.,"A",.,"A",.,"A",.,"A"
"20154","02993165",31,0,"1",3900,"D",1950,"D",.,"A",1300,"D",0,"D",.,"A",.,"A",1950,"D",0,"D",.,"A",.,"A",.,"A",.,"A"
"20154","02993305",13,0,"1",260,"D",26,"D",.,"A",0,"D",0,"D",.,"A",.,"A",234,"D",0,"D",.,"A",.,"A",.,"A",.,"A"
"20154","02993325",38,0,"1",1950,"D",26,"D",.,"A",910,"D",0,"D",420,"D",.,"A",1924,"D",0,"D",.,"A",.,"A",.,"A",.,"A"
"20154","02993335",11,0,"1",325,"D",195,"D",.,"A",0,"D",0,"D",.,"A",.,"A",130,"D",0,"D",.,"A",.,"A",.,"A",.,"A"
"20154","02993355",67,0,"1",1950,"D",650,"D",.,"A",520,"D",45,"D",.,"A",.,"A",1300,"D",60,"D",.,"A",.,"A",.,"A",.,"A"
"20154","02993375",32,0,"1",3250,"D",1300,"D",.,"A",520,"D",0,"D",.,"A",0,"D",1950,"D",900,"D",20,"D",260,"D",.,"A",.,"A"
"20154","02993385",24,0,"1",2925,"D",325,"D",.,"A",2600,"D",0,"D",.,"A",1920,"D",2600,"D",0,"D",.,"A",.,"A",.,"A",.,"A"
"20154","02993435",65,0,"1",3250,"D",260,"D",.,"A",390,"D",0,"D",.,"A",.,"A",2990,"D",450,"D",.,"A",.,"A",.,"A",.,"A"
"20154","02993465",23,0,"1",910,"D",195,"D",.,"A",65,"D",0,"D",.,"A",.,"A",715,"D",0,"D",33,"D",429,"D",.,"A",.,"A"
"20154","02993475",50,0,"1",3250,"D",520,"D",.,"A",1300,"D",150,"D",.,"A",80,"D",2730,"D",450,"D",.,"A",.,"A",.,"A",.,"A"
"20154","02993535",56,0,"1",273,"D",0,"D",.,"A",130,"D",0,"D",.,"A",.,"A",273,"D",0,"D",.,"A",.,"A",.,"A",.,"A"
"20154","02993545",14,0,"1",1430,"D",260,"D",.,"A",0,"D",6,"D",.,"A",.,"A",1170,"D",6,"D",.,"A",.,"A",.,"A",.,"A"
"20154","02993575",30,0,"1",7800,"D",2600,"D",.,"A",780,"D",225,"D",.,"A",.,"A",5200,"D",225,"D",.,"A",.,"A",.,"A",.,"A"
"20154","02993615",18,0,"1",900,"F",.,"A",.,"A",416,"F",0,"D",.,"A",.,"A",723,"F",0,"D",.,"A",.,"A",.,"A",.,"A"
"20154","02993685",18,0,"1",1300,"D",260,"D",.,"A",390,"D",120,"D",.,"A",.,"A",1040,"D",150,"D",.,"A",.,"A",.,"A",.,"A"
"20154","02993755",34,0,"1",3900,"D",2925,"D",.,"A",0,"D",0,"D",.,"A",.,"A",975,"D",66,"D",10,"D",130,"D",.,"A",.,"A"
"20154","02993815",69,0,"1",1950,"D",650,"D",.,"A",1040,"D",0,"D",.,"A",.,"A",1300,"D",0,"D",.,"A",.,"A",.,"A",.,"A"
"20154","02993835",62,0,"1",1040,"D",312,"D",.,"A",195,"D",0,"D",.,"A",.,"A",728,"D",0,"D",.,"A",.,"A",.,"A",.,"A"
"20154","02993875",23,0,"1",3575,"D",910,"D",.,"A",0,"D",0,"D",.,"A",.,"A",2665,"D",405,"D",.,"A",.,"A",.,"A",.,"A"
"20154","02993895",18,0,"1",1300,"D",325,"D",.,"A",650,"D",0,"D",.,"A",.,"A",975,"D",90,"D",36,"D",468,"D",.,"A",.,"A"
"20154","02993945",21,0,"1",2275,"D",650,"D",.,"A",0,"D",0,"D",.,"A",.,"A",1625,"D",0,"D",.,"A",.,"A",.,"A",.,"A"
"20154","02993955",79,0,"1",3250,"D",975,"D",.,"A",1950,"D",180,"D",.,"A",.,"A",2275,"D",90,"D",.,"A",.,"A",.,"A",.,"A"
"20154","02993965",61,0,"1",1625,"D",390,"D",.,"A",520,"D",180,"D",.,"A",.,"A",1235,"D",90,"D",.,"A",.,"A",.,"A",.,"A"
"20154","02993985",20,0,"1",1625,"D",325,"D",260,"D",260,"D",0,"D",.,"A",.,"A",1300,"D",0,"D",.,"A",.,"A",.,"A",.,"A"
"20154","02994005",40,0,"1",1950,"D",130,"D",.,"A",260,"D",0,"D",.,"A",.,"A",1820,"D",0,"D",.,"A",.,"A",390,"D",30,"D"
"20154","02994055",40,0,"1",520,"D",65,"D",.,"A",273,"D",0,"D",.,"A",.,"A",455,"D",24,"D",.,"A",.,"A",.,"A",.,"A"
"20154","02994095",25,0,"1",1300,"D",195,"D",.,"A",390,"D",0,"D",324,"F",.,"A",1105,"D",90,"D",.,"A",.,"A",.,"A",.,"A"
"20154","02994225",30,0,"1",1404,"D",104,"D",130,"D",195,"D",0,"D",.,"A",.,"A",1300,"D",0,"D",5,"D",65,"D",.,"A",.,"A"
"20154","02994245",31,0,"1",1040,"D",195,"D",.,"A",780,"D",120,"D",.,"A",.,"A",845,"D",180,"D",.,"A",.,"A",.,"A",.,"A"
"20154","02994255",12,0,"1",900,"F",.,"A",.,"A",0,"D",0,"D",.,"A",.,"A",723,"F",98,"F",.,"A",.,"A",.,"A",.,"A"
"20154","02994265",43,0,"1",1950,"D",325,"D",780,"D",1300,"D",240,"D",.,"A",120,"D",1625,"D",300,"D",.,"A",.,"A",.,"A",.,"A"
"20154","02994295",20,0,"1",520,"D",130,"D",.,"A",1300,"D",0,"D",.,"A",.,"A",390,"D",0,"D",.,"A",.,"A",.,"A",.,"A"
"20154","02994325",39,0,"1",3250,"D",650,"D",.,"A",650,"D",0,"D",.,"A",.,"A",2600,"D",0,"D",.,"A",.,"A",.,"A",.,"A"
"20154","02994345",16,0,"1",650,"D",0,"D",.,"A",0,"D",0,"D",.,"A",.,"A",650,"D",0,"D",.,"A",.,"A",.,"A",.,"A"
"20154","02994445",38,0,"1",1950,"D",390,"D",.,"A",650,"D",0,"D",.,"A",.,"A",1560,"D",60,"D",.,"A",.,"A",.,"A",.,"A"
"20154","02994465",36,0,"1",780,"D",260,"D",.,"A",429,"D",6,"D",.,"A",.,"A",520,"D",6,"D",.,"A",.,"A",.,"A",.,"A"
"20154","02994505",35,0,"1",1300,"D",390,"D",.,"A",390,"D",0,"D",.,"A",.,"A",910,"D",300,"D",.,"A",.,"A",.,"A",.,"A"
"20154","02994535",49,0,"1",715,"D",130,"D",130,"D",195,"D",0,"D",.,"A",.,"A",585,"D",6,"D",.,"A",.,"A",.,"A",.,"A"
"20154","02994555",38,0,"1",520,"D",65,"D",.,"A",520,"D",600,"D",.,"A",.,"A",455,"D",150,"D",.,"A",.,"A",.,"A",.,"A"
"20154","02994565",37,0,"1",650,"D",130,"D",.,"A",390,"D",6,"D",.,"A",.,"A",520,"D",6,"D",.,"A",.,"A",.,"A",.,"A"
"20154","02994575",18,0,"1",1820,"D",195,"D",.,"A",780,"D",0,"D",.,"A",.,"A",1625,"D",0,"D",.,"A",.,"A",.,"A",.,"A"
"20154","02994735",24,0,"1",1040,"D",325,"D",.,"A",0,"D",0,"D",.,"A",.,"A",715,"D",0,"D",.,"A",.,"A",.,"A",.,"A"
"20154","02994775",19,0,"1",1040,"D",130,"D",.,"A",1560,"D",0,"D",.,"A",.,"A",910,"D",90,"D",.,"A",.,"A",.,"A",.,"A"
"20154","02994825",59,0,"1",4940,"D",1040,"D",.,"A",520,"D",0,"D",.,"A",120,"D",3900,"D",60,"D",.,"A",.,"A",.,"A",.,"A"
"20154","02994865",38,0,"1",780,"D",130,"D",.,"A",1950,"D",0,"D",.,"A",.,"A",650,"D",0,"D",.,"A",.,"A",.,"A",.,"A"
"20154","02994905",16,0,"1",650,"D",130,"D",.,"A",0,"D",0,"D",.,"A",.,"A",520,"D",0,"D",.,"A",.,"A",.,"A",.,"A"
"20154","02994925",34,0,"1",325,"D",195,"D",.,"A",2600,"D",600,"D",.,"A",.,"A",130,"D",60,"D",.,"A",.,"A",.,"A",.,"A"
"20154","02994965",19,0,"1",650,"D",130,"D",.,"A",260,"D",0,"D",.,"A",.,"A",520,"D",0,"D",.,"A",.,"A",.,"A",.,"A"
"20154","02995005",21,0,"1",390,"D",13,"D",.,"A",104,"D",0,"D",.,"A",.,"A",377,"D",0,"D",.,"A",.,"A",.,"A",.,"A"
"20154","02995025",49,0,"1",2600,"D",650,"D",.,"A",3120,"D",0,"D",.,"A",.,"A",1950,"D",0,"D",50,"D",650,"D",650,"D",50,"D"
"20154","02995035",21,0,"1",1950,"D",520,"D",.,"A",0,"D",0,"D",.,"A",.,"A",1430,"D",0,"D",.,"A",.,"A",.,"A",.,"A"
"20154","02995055",38,0,"1",1430,"D",325,"D",.,"A",650,"D",0,"D",.,"A",.,"A",1105,"D",0,"D",.,"A",.,"A",.,"A",.,"A"
"20154","02995065",55,0,"1",1300,"D",260,"D",.,"A",1300,"D",0,"D",.,"A",.,"A",1040,"D",0,"D",.,"A",.,"A",.,"A",.,"A"
"20154","02995125",35,0,"1",1820,"D",520,"D",.,"A",780,"D",120,"D",200,"D",.,"A",1300,"D",90,"D",.,"A",.,"A",.,"A",.,"A"
"20154","02995185",21,0,"1",650,"D",130,"D",.,"A",195,"D",0,"D",.,"A",.,"A",520,"D",0,"D",.,"A",.,"A",.,"A",.,"A"
"20154","02995195",13,0,"1",1300,"D",130,"D",.,"A",260,"D",0,"D",.,"A",.,"A",1170,"D",0,"D",.,"A",.,"A",.,"A",.,"A"
"20154","02995215",49,0,"1",2210,"D",650,"D",.,"A",1248,"D",0,"D",.,"A",.,"A",1560,"D",90,"D",98,"D",1274,"D",.,"A",.,"A"
"20154","02995255",38,0,"1",3250,"D",1950,"D",.,"A",1950,"D",0,"D",.,"A",.,"A",1300,"D",900,"D",50,"D",650,"D",.,"A",.,"A"
"20154","02995285",21,0,"1",520,"D",130,"D",.,"A",650,"D",0,"D",.,"A",.,"A",390,"D",0,"D",.,"A",.,"A",.,"A",.,"A"
"20154","02995315",99,0,"1",3250,"D",650,"D",650,"D",2600,"D",150,"D",.,"A",.,"A",2600,"D",90,"D",.,"A",.,"A",.,"A",.,"A"
"20154","02995365",29,0,"1",1105,"D",353,"F",.,"A",130,"D",0,"D",.,"A",.,"A",1261,"F",0,"D",.,"A",.,"A",.,"A",.,"A"
"20154","02995405",30,0,"1",2600,"D",0,"D",130,"D",780,"D",0,"D",.,"A",.,"A",2600,"D",0,"D",.,"A",.,"A",.,"A",.,"A"
"20154","02995415",24,0,"1",1820,"D",0,"D",.,"A",195,"D",0,"D",.,"A",.,"A",1820,"D",0,"D",.,"A",.,"A",.,"A",.,"A"
"20154","02995435",57,0,"1",1300,"D",520,"D",195,"D",260,"D",0,"D",.,"A",.,"A",780,"D",0,"D",.,"A",.,"A",.,"A",.,"A"
"20154","02995455",65,0,"1",2600,"D",260,"D",.,"A",3250,"D",300,"D",.,"A",.,"A",2340,"D",75,"D",.,"A",.,"A",39,"D",3,"D"
"20154","02995635",44,0,"1",1950,"D",650,"D",.,"A",1040,"D",150,"D",1170,"D",.,"A",1300,"D",0,"D",.,"A",.,"A",.,"A",.,"A"
"20154","02995685",66,0,"1",1625,"D",325,"D",.,"A",2925,"D",600,"D",.,"A",165,"D",1300,"D",120,"D",10,"D",130,"D",.,"A",.,"A"
"20154","02995775",31,0,"1",1755,"D",271,"F",223,"F",65,"D",110,"F",.,"A",.,"A",1046,"F",97,"F",.,"A",.,"A",.,"A",.,"A"
"20154","02995915",27,0,"1",650,"D",0,"D",260,"D",260,"D",48,"D",.,"A",.,"A",650,"D",0,"D",24,"D",312,"D",.,"A",.,"A"
"20154","02995925",24,0,"1",390,"D",65,"D",104,"D",65,"D",0,"D",.,"A",.,"A",325,"D",0,"D",.,"A",.,"A",.,"A",.,"A"
"20154","02995935",33,0,"1",650,"D",130,"D",260,"D",1040,"D",0,"D",.,"A",.,"A",520,"D",0,"D",.,"A",.,"A",.,"A",.,"A"
"20154","02995985",25,0,"1",650,"D",52,"D",.,"A",0,"D",0,"D",.,"A",.,"A",598,"D",180,"D",.,"A",.,"A",.,"A",.,"A"
"20154","02995995",27,0,"1",2925,"D",1300,"D",.,"A",975,"D",0,"D",.,"A",.,"A",1625,"D",60,"D",100,"D",1300,"D",.,"A",.,"A"
"20154","02996015",14,0,"1",1300,"D",0,"D",.,"A",417,"F",0,"D",.,"A",.,"A",1300,"D",0,"D",.,"A",.,"A",.,"A",.,"A"
"20154","02996025",29,0,"1",3250,"D",390,"D",.,"A",1300,"D",0,"D",.,"A",.,"A",2860,"D",0,"D",.,"A",.,"A",.,"A",.,"A"
"20154","02996045",93,0,"1",1950,"D",650,"D",130,"D",650,"D",150,"D",.,"A",.,"A",1300,"D",300,"D",.,"A",.,"A",65,"D",5,"D"
"20154","02996095",39,0,"1",1300,"D",130,"D",.,"A",65,"D",0,"D",.,"A",.,"A",1170,"D",180,"D",.,"A",.,"A",.,"A",.,"A"
"20154","02996105",39,0,"1",2600,"D",0,"D",.,"A",390,"D",0,"D",.,"A",.,"A",2600,"D",0,"D",.,"A",.,"A",.,"A",.,"A"
"20154","02996145",46,0,"1",650,"D",0,"D",.,"A",260,"D",0,"D",.,"A",.,"A",650,"D",0,"D",.,"A",.,"A",.,"A",.,"A"
"20154","02996165",53,0,"1",1950,"D",325,"D",.,"A",325,"D",15,"D",.,"A",.,"A",1625,"D",45,"D",30,"D",390,"D",.,"A",.,"A"
"20154","02996215",65,0,"1",1625,"D",390,"D",195,"D",260,"D",60,"D",.,"A",36,"D",1235,"D",30,"D",.,"A",.,"A",156,"D",12,"D"
"20154","02996265",41,0,"1",1625,"D",325,"D",.,"A",650,"D",0,"D",.,"A",.,"A",1300,"D",90,"D",.,"A",.,"A",.,"A",.,"A"
"20154","02996325",36,0,"1",650,"D",0,"D",130,"D",650,"D",45,"D",.,"A",.,"A",650,"D",510,"D",.,"A",.,"A",65,"D",5,"D"
"20154","02996365",26,0,"1",2015,"D",65,"D",650,"D",0,"D",0,"D",.,"A",.,"A",1950,"D",0,"D",.,"A",.,"A",.,"A",.,"A"
"20154","02996385",18,0,"1",2600,"D",650,"D",.,"A",0,"D",0,"D",.,"A",.,"A",1950,"D",0,"D",.,"A",.,"A",.,"A",.,"A"
"20154","02996395",30,0,"1",650,"D",65,"D",.,"A",2860,"D",0,"D",.,"A",.,"A",585,"D",0,"D",.,"A",.,"A",.,"A",.,"A"
"20154","02996455",27,0,"1",1625,"D",130,"D",.,"A",1300,"D",90,"D",.,"A",.,"A",1495,"D",120,"D",.,"A",.,"A",.,"A",.,"A"
"20154","02996515",45,0,"1",1560,"D",260,"D",.,"A",650,"D",0,"D",.,"A",.,"A",1300,"D",0,"D",50,"D",650,"D",.,"A",.,"A"
"20154","02996545",22,0,"1",4940,"D",390,"D",.,"A",1950,"D",0,"D",.,"A",.,"A",4550,"D",0,"D",.,"A",.,"A",.,"A",.,"A"
"20154","02996555",40,0,"1",1300,"D",0,"D",.,"A",1300,"D",0,"D",.,"A",.,"A",1300,"D",0,"D",.,"A",.,"A",.,"A",.,"A"
"20154","02996565",30,0,"1",2600,"D",1300,"D",.,"A",2600,"D",0,"D",.,"A",.,"A",1300,"D",75,"D",.,"A",.,"A",.,"A",.,"A"
"20154","02996585",58,0,"1",780,"D",0,"D",.,"A",0,"D",0,"D",.,"A",.,"A",780,"D",36,"D",.,"A",.,"A",.,"A",.,"A"
"20154","02996635",49,0,"1",1950,"D",455,"D",130,"D",0,"D",0,"D",.,"A",.,"A",1495,"D",0,"D",.,"A",.,"A",.,"A",.,"A"
"20154","02996705",24,0,"1",1170,"D",130,"D",.,"A",1820,"D",240,"D",.,"A",.,"A",1040,"D",60,"D",.,"A",.,"A",.,"A",.,"A"
"20154","02996815",30,0,"1",1300,"D",156,"D",.,"A",390,"D",0,"D",.,"A",.,"A",1144,"D",0,"D",.,"A",.,"A",.,"A",.,"A"
"20154","02996825",51,0,"1",1300,"D",130,"D",.,"A",1950,"D",0,"D",.,"A",.,"A",1170,"D",120,"D",.,"A",.,"A",.,"A",.,"A"
"20154","02996835",36,0,"1",2600,"D",260,"D",.,"A",3900,"D",0,"D",.,"A",.,"A",2340,"D",150,"D",.,"A",.,"A",.,"A",.,"A"
"20154","02996955",26,0,"1",403,"D",52,"D",.,"A",0,"D",0,"D",.,"A",.,"A",351,"D",0,"D",.,"A",.,"A",.,"A",.,"A"
"20154","02996985",32,0,"1",1105,"D",195,"D",.,"A",0,"D",0,"D",.,"A",.,"A",910,"D",60,"D",.,"A",.,"A",.,"A",.,"A"
"20154","02997075",55,0,"1",3250,"D",260,"D",.,"A",1300,"D",75,"D",.,"A",.,"A",2990,"D",60,"D",.,"A",.,"A",.,"A",.,"A"
"20154","02997085",47,0,"1",1300,"D",325,"D",.,"A",1950,"D",0,"D",.,"A",.,"A",975,"D",6,"D",.,"A",.,"A",.,"A",.,"A"
"20154","02997115",18,0,"1",1950,"D",130,"D",.,"A",260,"D",150,"D",.,"A",.,"A",1820,"D",150,"D",.,"A",.,"A",.,"A",.,"A"
"20154","02997125",82,0,"1",1950,"D",0,"D",260,"D",78,"D",0,"D",.,"A",.,"A",1950,"D",0,"D",.,"A",.,"A",.,"A",.,"A"
"20154","02997155",31,0,"1",1300,"D",585,"D",.,"A",1300,"D",0,"D",.,"A",.,"A",715,"D",0,"D",.,"A",.,"A",.,"A",.,"A"
"20154","02997165",54,0,"1",1560,"D",260,"D",260,"D",260,"D",0,"D",.,"A",.,"A",1300,"D",60,"D",.,"A",.,"A",.,"A",.,"A"
"20154","02997175",8,0,"1",0,"D",.,"A",.,"A",0,"D",0,"D",.,"A",.,"A",0,"D",0,"D",.,"A",.,"A",.,"A",.,"A"
"20154","02997235",57,0,"1",3900,"D",390,"D",.,"A",1300,"D",0,"D",.,"A",.,"A",3510,"D",150,"D",.,"A",.,"A",.,"A",.,"A"
"20154","02997245",37,0,"1",650,"D",156,"D",.,"A",1300,"D",0,"D",.,"A",.,"A",494,"D",0,"D",8,"D",104,"D",.,"A",.,"A"
"20154","02997375",39,0,"1",1950,"D",585,"D",.,"A",1820,"D",0,"D",.,"A",.,"A",1365,"D",0,"D",.,"A",.,"A",.,"A",.,"A"
"20154","02997455",96,0,"1",5200,"D",1300,"D",.,"A",1170,"D",0,"D",.,"A",.,"A",3900,"D",0,"D",.,"A",.,"A",.,"A",.,"A"
"20154","02997475",36,0,"1",3250,"D",0,"D",260,"D",520,"D",0,"D",.,"A",.,"A",3250,"D",0,"D",.,"A",.,"A",.,"A",.,"A"
"20154","02997485",13,0,"1",1560,"D",260,"D",.,"A",0,"D",0,"D",.,"A",.,"A",1300,"D",0,"D",.,"A",.,"A",.,"A",.,"A"
"20154","02997505",24,0,"1",1300,"D",195,"D",.,"A",0,"D",0,"D",.,"A",.,"A",1105,"D",0,"D",.,"A",.,"A",.,"A",.,"A"
"20154","02997515",38,0,"1",1300,"D",271,"F",223,"F",516,"F",110,"F",.,"A",.,"A",1046,"F",97,"F",.,"A",.,"A",.,"A",.,"A"
"20154","02997565",21,0,"1",260,"D",195,"D",.,"A",260,"D",300,"D",.,"A",.,"A",65,"D",150,"D",20,"D",260,"D",.,"A",.,"A"
"20154","02997585",37,0,"1",2080,"D",390,"D",.,"A",1560,"D",180,"D",.,"A",.,"A",1690,"D",0,"D",.,"A",.,"A",.,"A",.,"A"
"20154","02997605",35,0,"1",1040,"D",0,"D",.,"A",1300,"D",0,"D",.,"A",240,"D",1040,"D",0,"D",60,"D",780,"D",26,"D",2,"D"
"20154","02997625",35,0,"1",1430,"D",0,"D",130,"D",520,"D",0,"D",.,"A",.,"A",1430,"D",0,"D",.,"A",.,"A",.,"A",.,"A"
"20154","02997645",14,0,"1",1549,"F",.,"A",.,"A",870,"F",175,"F",.,"A",.,"A",1261,"F",191,"F",.,"A",.,"A",.,"A",.,"A"
"20154","02997655",33,0,"1",715,"D",65,"D",.,"A",325,"D",0,"D",.,"A",.,"A",650,"D",0,"D",.,"A",.,"A",.,"A",.,"A"
"20154","02997665",30,0,"1",650,"D",203,"F",261,"F",130,"D",187,"F",.,"A",.,"A",764,"F",118,"F",.,"A",.,"A",.,"A",.,"A"
"20154","02997675",31,0,"1",1300,"D",0,"D",.,"A",1300,"D",0,"D",.,"A",.,"A",1300,"D",0,"D",50,"D",650,"D",.,"A",.,"A"
"20154","02997695",48,0,"1",910,"D",195,"D",.,"A",260,"D",0,"D",.,"A",.,"A",715,"D",0,"D",.,"A",.,"A",.,"A",.,"A"
"20154","02997705",17,0,"1",975,"D",130,"D",.,"A",325,"D",0,"D",.,"A",.,"A",845,"D",45,"D",.,"A",.,"A",.,"A",.,"A"
"20154","02997715",28,0,"1",1300,"D",260,"D",.,"A",1300,"D",0,"D",.,"A",.,"A",1040,"D",120,"D",.,"A",.,"A",.,"A",.,"A"
"20154","02997725",16,0,"1",910,"D",130,"D",.,"A",260,"D",0,"D",.,"A",.,"A",780,"D",0,"D",.,"A",.,"A",.,"A",.,"A"
"20154","02997765",21,0,"1",2730,"D",0,"D",.,"A",744,"F",139,"F",.,"A",.,"A",2730,"D",160,"F",.,"A",.,"A",.,"A",.,"A"
"20154","02997785",37,0,"1",2600,"D",0,"D",.,"A",650,"D",60,"D",.,"A",70,"D",2600,"D",150,"D",.,"A",.,"A",.,"A",.,"A"
"20154","02997795",41,0,"1",780,"D",39,"D",65,"D",325,"D",0,"D",.,"A",.,"A",741,"D",15,"D",13,"D",169,"D",.,"A",.,"A"
"20154","02997805",22,0,"1",1950,"D",650,"D",.,"A",0,"D",0,"D",.,"A",.,"A",1300,"D",60,"D",.,"A",.,"A",.,"A",.,"A"
"20154","02997815",18,0,"1",1950,"D",260,"D",.,"A",1040,"D",90,"D",.,"A",.,"A",1690,"D",45,"D",.,"A",.,"A",.,"A",.,"A"
"20154","02997855",46,0,"1",1300,"D",260,"D",.,"A",325,"D",0,"D",.,"A",.,"A",1040,"D",132,"D",.,"A",.,"A",.,"A",.,"A"
"20154","02997875",43,0,"1",2271,"F",.,"A",.,"A",744,"F",139,"F",.,"A",.,"A",1879,"F",160,"F",.,"A",.,"A",.,"A",.,"A"
"20154","02997905",18,0,"1",1300,"D",260,"D",.,"A",650,"D",30,"D",.,"A",.,"A",1040,"D",90,"D",.,"A",.,"A",.,"A",.,"A"
"20154","02997925",31,0,"1",2730,"D",260,"D",.,"A",1300,"D",0,"D",.,"A",.,"A",2470,"D",0,"D",.,"A",.,"A",.,"A",.,"A"
"20154","02997985",25,0,"1",2271,"F",.,"A",.,"A",744,"F",139,"F",.,"A",.,"A",1879,"F",160,"F",.,"A",.,"A",.,"A",.,"A"
"20154","02997995",43,0,"1",2080,"D",520,"D",.,"A",390,"D",0,"D",.,"A",.,"A",1560,"D",60,"D",.,"A",.,"A",.,"A",.,"A"
"20154","02998015",30,0,"1",3900,"D",1300,"D",.,"A",390,"D",0,"D",.,"A",.,"A",2600,"D",0,"D",.,"A",.,"A",.,"A",.,"A"
"20154","02998025",38,0,"1",390,"D",0,"D",.,"A",260,"D",0,"D",.,"A",.,"A",390,"D",0,"D",15,"D",195,"D",.,"A",.,"A"
"20154","02998035",62,0,"1",2080,"D",780,"D",650,"D",1300,"D",0,"D",.,"A",.,"A",1300,"D",0,"D",.,"A",.,"A",.,"A",.,"A"
"20154","02998095",56,0,"1",2600,"D",325,"D",325,"D",1300,"D",300,"D",.,"A",.,"A",2275,"D",150,"D",.,"A",.,"A",.,"A",.,"A"
"20154","02998125",25,0,"1",2210,"D",260,"D",.,"A",520,"D",0,"D",.,"A",.,"A",1950,"D",0,"D",.,"A",.,"A",.,"A",.,"A"
"20154","02998205",11,0,"1",325,"D",0,"D",.,"A",0,"D",0,"D",.,"A",.,"A",325,"D",0,"D",.,"A",.,"A",.,"A",.,"A"
"20154","02998245",39,0,"1",2600,"D",520,"D",650,"D",260,"D",0,"D",.,"A",144,"D",2080,"D",0,"D",.,"A",.,"A",.,"A",.,"A"
"20154","02998275",70,0,"1",715,"D",156,"D",.,"A",325,"D",0,"D",.,"A",.,"A",559,"D",0,"D",.,"A",.,"A",.,"A",.,"A"
"20154","02998285",28,0,"1",975,"D",130,"D",260,"D",520,"D",0,"D",.,"A",.,"A",845,"D",120,"D",.,"A",.,"A",.,"A",.,"A"
"20154","02998305",48,0,"1",975,"D",390,"D",.,"A",520,"D",0,"D",.,"A",.,"A",585,"D",0,"D",70,"D",910,"D",.,"A",.,"A"
"20154","02998335",32,0,"1",1300,"D",260,"D",.,"A",390,"D",0,"D",.,"A",90,"D",1040,"D",0,"D",.,"A",.,"A",.,"A",.,"A"
"20154","02998355",9,0,"1",1300,"D",212,"F",.,"A",417,"F",6,"D",.,"A",.,"A",699,"F",6,"D",.,"A",.,"A",.,"A",.,"A"
"20154","02998395",51,0,"1",3900,"D",650,"D",.,"A",910,"D",0,"D",.,"A",.,"A",3250,"D",0,"D",26,"D",338,"D",.,"A",.,"A"
"20154","02998475",12,0,"1",520,"D",0,"D",.,"A",260,"D",0,"D",.,"A",.,"A",520,"D",0,"D",.,"A",.,"A",.,"A",.,"A"
"20154","02998515",36,0,"1",1950,"D",390,"D",.,"A",650,"D",0,"D",.,"A",.,"A",1560,"D",0,"D",.,"A",.,"A",.,"A",.,"A"
"20154","02998545",59,0,"1",1300,"D",429,"D",.,"A",520,"D",300,"D",.,"A",.,"A",871,"D",180,"D",.,"A",.,"A",.,"A",.,"A"
"20154","02998675",29,0,"1",1300,"D",260,"D",.,"A",130,"D",0,"D",.,"A",.,"A",1040,"D",30,"D",30,"D",390,"D",.,"A",.,"A"
"20154","02998685",43,0,"1",975,"D",169,"D",.,"A",650,"D",60,"D",.,"A",.,"A",806,"D",60,"D",.,"A",.,"A",.,"A",.,"A"
"20154","02998725",54,0,"1",1950,"D",650,"D",.,"A",325,"D",0,"D",.,"A",.,"A",1300,"D",30,"D",15,"D",195,"D",.,"A",.,"A"
"20154","02998815",93,0,"1",5200,"D",1300,"D",.,"A",650,"D",0,"D",.,"A",48,"D",3900,"D",75,"D",.,"A",.,"A",.,"A",.,"A"
"20154","02998825",39,0,"1",650,"D",65,"D",.,"A",975,"D",0,"D",.,"A",.,"A",585,"D",0,"D",.,"A",.,"A",.,"A",.,"A"
"20154","02998935",48,0,"1",1560,"D",0,"D",.,"A",1300,"D",0,"D",.,"A",.,"A",1560,"D",0,"D",.,"A",.,"A",.,"A",.,"A"
"20154","02999165",36,0,"1",390,"D",130,"D",.,"A",130,"D",0,"D",.,"A",.,"A",260,"D",6,"D",.,"A",.,"A",.,"A",.,"A"
"20154","02999175",26,0,"1",975,"D",390,"D",.,"A",650,"D",60,"D",.,"A",.,"A",585,"D",0,"D",.,"A",.,"A",.,"A",.,"A"
"20154","02999205",49,0,"1",780,"D",130,"D",65,"D",0,"D",0,"D",.,"A",30,"D",650,"D",0,"D",.,"A",.,"A",.,"A",.,"A"
"20154","02999255",54,0,"1",1300,"D",0,"D",.,"A",260,"D",0,"D",.,"A",.,"A",1300,"D",0,"D",.,"A",.,"A",.,"A",.,"A"
"20154","02999285",10,0,"1",3900,"D",471,"F",2210,"D",1300,"D",0,"D",.,"A",.,"A",1879,"F",0,"D",.,"A",.,"A",.,"A",.,"A"
"20154","02999325",11,0,"1",1300,"D",260,"D",.,"A",780,"D",0,"D",.,"A",.,"A",1040,"D",0,"D",.,"A",.,"A",.,"A",.,"A"
"20154","02999335",64,0,"1",2600,"D",325,"D",.,"A",1950,"D",300,"D",.,"A",.,"A",2275,"D",150,"D",.,"A",.,"A",.,"A",.,"A"
"20154","02999375",13,0,"1",0,"D",.,"A",.,"A",39,"D",0,"D",.,"A",.,"A",0,"D",0,"D",.,"A",.,"A",.,"A",.,"A"
"20154","02999405",31,0,"1",1950,"D",130,"D",.,"A",130,"D",0,"D",.,"A",.,"A",1820,"D",18,"D",.,"A",.,"A",.,"A",.,"A"
"20154","02999415",46,0,"1",1625,"D",130,"D",.,"A",260,"D",0,"D",.,"A",150,"D",1495,"D",180,"D",30,"D",390,"D",.,"A",.,"A"
"20154","02999445",25,0,"1",1300,"D",260,"D",.,"A",780,"D",0,"D",.,"A",.,"A",1040,"D",60,"D",.,"A",.,"A",.,"A",.,"A"
"20154","02999465",34,0,"1",1950,"D",390,"D",.,"A",780,"D",90,"D",.,"A",.,"A",1560,"D",150,"D",.,"A",.,"A",.,"A",.,"A"
"20154","02999475",13,0,"1",1549,"F",.,"A",.,"A",870,"F",0,"D",.,"A",.,"A",1261,"F",0,"D",.,"A",.,"A",.,"A",.,"A"
"20154","02999535",39,0,"1",325,"D",13,"D",.,"A",0,"D",0,"D",.,"A",.,"A",312,"D",0,"D",.,"A",.,"A",.,"A",.,"A"
"20154","02999565",68,0,"1",520,"D",0,"D",.,"A",520,"D",0,"D",.,"A",.,"A",520,"D",0,"D",15,"D",195,"D",.,"A",.,"A"
"20154","02999575",26,0,"1",520,"D",130,"D",.,"A",0,"D",0,"D",.,"A",.,"A",390,"D",0,"D",.,"A",.,"A",.,"A",.,"A"
"20154","02999585",28,0,"1",1105,"D",195,"D",.,"A",325,"D",180,"D",.,"A",.,"A",910,"D",90,"D",.,"A",.,"A",.,"A",.,"A"
"20154","02999665",22,0,"1",910,"D",130,"D",.,"A",260,"D",0,"D",.,"A",.,"A",780,"D",60,"D",20,"D",260,"D",.,"A",.,"A"
"20154","02999745",38,0,"1",1950,"D",419,"F",325,"D",650,"D",0,"D",.,"A",.,"A",1710,"F",45,"D",.,"A",.,"A",.,"A",.,"A"
"20154","02999795",23,0,"1",1235,"D",65,"D",.,"A",0,"D",0,"D",.,"A",.,"A",1170,"D",72,"D",.,"A",.,"A",.,"A",.,"A"
"20154","02999865",46,0,"1",780,"D",130,"D",.,"A",1040,"D",75,"D",.,"A",.,"A",650,"D",75,"D",.,"A",.,"A",.,"A",.,"A"
"20154","02999905",34,0,"1",1820,"D",195,"D",.,"A",1950,"D",0,"D",.,"A",.,"A",1625,"D",180,"D",.,"A",.,"A",.,"A",.,"A"
"20154","02999925",34,0,"1",325,"D",513,"F",.,"A",260,"D",0,"D",.,"A",.,"A",2230,"F",0,"D",.,"A",.,"A",.,"A",.,"A"
"20154","02999935",57,0,"1",1989,"D",195,"D",.,"A",390,"D",0,"D",.,"A",.,"A",1794,"D",183,"D",.,"A",.,"A",.,"A",.,"A"
"20154","02999965",16,0,"1",1300,"D",585,"D",325,"D",325,"D",0,"D",.,"A",.,"A",715,"D",540,"D",20,"D",260,"D",.,"A",.,"A"
"20154","02999995",79,0,"1",910,"D",0,"D",.,"A",1300,"D",0,"D",.,"A",60,"D",910,"D",60,"D",30,"D",390,"D",.,"A",.,"A"
"20154","03000015",33,0,"1",1040,"D",0,"D",260,"D",650,"D",0,"D",.,"A",.,"A",1040,"D",0,"D",53,"D",689,"D",.,"A",.,"A"
"20154","03000035",37,0,"1",780,"D",130,"D",260,"D",910,"D",450,"D",.,"A",.,"A",650,"D",90,"D",.,"A",.,"A",351,"D",27,"D"
"20154","03000075",38,0,"1",1950,"D",260,"D",.,"A",780,"D",0,"D",.,"A",60,"D",1690,"D",0,"D",.,"A",.,"A",.,"A",.,"A"
"20154","03000145",76,0,"1",1300,"D",260,"D",.,"A",650,"D",840,"D",.,"A",.,"A",1040,"D",180,"D",14,"D",182,"D",.,"A",.,"A"
"20154","03000375",41,0,"1",1300,"D",65,"D",.,"A",260,"D",0,"D",.,"A",.,"A",1235,"D",0,"D",.,"A",.,"A",.,"A",.,"A"
"20154","03000405",32,0,"1",1300,"D",260,"D",.,"A",325,"D",30,"D",.,"A",.,"A",1040,"D",36,"D",.,"A",.,"A",.,"A",.,"A"
"20154","03000435",17,0,"1",1950,"D",481,"D",.,"A",0,"D",0,"D",.,"A",.,"A",1469,"D",0,"D",.,"A",.,"A",.,"A",.,"A"
"20154","03000455",26,0,"1",1170,"D",195,"D",130,"D",195,"D",0,"D",.,"A",.,"A",975,"D",60,"D",30,"D",390,"D",.,"A",.,"A"
"20154","03000475",24,0,"1",1625,"D",624,"D",.,"A",0,"D",0,"D",.,"A",.,"A",1001,"D",0,"D",50,"D",650,"D",.,"A",.,"A"
"20154","03000515",20,0,"1",1300,"D",130,"D",.,"A",260,"D",0,"D",.,"A",.,"A",1170,"D",0,"D",.,"A",.,"A",.,"A",.,"A"
"20154","03000535",33,0,"1",975,"D",260,"D",.,"A",0,"D",0,"D",.,"A",.,"A",715,"D",0,"D",.,"A",.,"A",.,"A",.,"A"
"20154","03000575",22,0,"1",1300,"D",0,"D",.,"A",1495,"D",0,"D",.,"A",.,"A",1300,"D",0,"D",.,"A",.,"A",.,"A",.,"A"
"20154","03000615",55,0,"1",2600,"D",325,"D",.,"A",1300,"D",90,"D",.,"A",.,"A",2275,"D",160,"F",.,"A",.,"A",.,"A",.,"A"
"20154","03000665",23,0,"1",1300,"D",260,"D",.,"A",390,"D",0,"D",.,"A",.,"A",1040,"D",0,"D",.,"A",.,"A",.,"A",.,"A"
"20154","03000685",6,0,"1",900,"F",.,"A",.,"A",416,"F",100,"F",.,"A",.,"A",723,"F",98,"F",.,"A",.,"A",.,"A",.,"A"
"20154","03000705",80,0,"1",1300,"D",0,"D",650,"D",1430,"D",0,"D",.,"A",.,"A",1300,"D",0,"D",.,"A",.,"A",.,"A",.,"A"
"20154","03000745",17,0,"1",1040,"D",130,"D",.,"A",1300,"D",0,"D",.,"A",.,"A",910,"D",0,"D",.,"A",.,"A",.,"A",.,"A"
"20154","03000785",63,0,"1",1560,"D",390,"D",195,"D",195,"D",0,"D",.,"A",.,"A",1170,"D",30,"D",.,"A",.,"A",.,"A",.,"A"
"20154","03000825",35,0,"1",1820,"D",780,"D",325,"D",520,"D",0,"D",.,"A",.,"A",1040,"D",0,"D",60,"D",780,"D",.,"A",.,"A"
"20154","03000915",69,0,"1",1209,"D",234,"D",.,"A",780,"D",180,"D",.,"A",.,"A",975,"D",144,"D",42,"D",546,"D",.,"A",.,"A"
"20154","03000985",48,0,"1",2600,"D",1300,"D",.,"A",520,"D",60,"D",.,"A",.,"A",1300,"D",300,"D",.,"A",.,"A",.,"A",.,"A"
"20154","03001035",67,0,"1",975,"D",130,"D",.,"A",650,"D",30,"D",.,"A",.,"A",845,"D",30,"D",.,"A",.,"A",.,"A",.,"A"
"20154","03001045",22,0,"1",1560,"D",260,"D",.,"A",390,"D",0,"D",.,"A",.,"A",1300,"D",0,"D",.,"A",.,"A",.,"A",.,"A"
"20154","03001075",36,0,"1",975,"D",195,"D",.,"A",260,"D",0,"D",.,"A",.,"A",780,"D",0,"D",.,"A",.,"A",.,"A",.,"A"
"20154","03001235",50,0,"1",1816,"F",.,"A",.,"A",1092,"F",0,"D",.,"A",.,"A",1478,"F",0,"D",.,"A",.,"A",.,"A",.,"A"
"20154","03001265",28,0,"1",845,"D",195,"D",.,"A",650,"D",45,"D",.,"A",.,"A",650,"D",60,"D",.,"A",.,"A",.,"A",.,"A"
"20154","03001275",32,0,"1",975,"D",260,"D",.,"A",1300,"D",225,"D",.,"A",.,"A",715,"D",600,"D",.,"A",.,"A",.,"A",.,"A"
"20154","03001335",20,0,"1",325,"D",169,"F",.,"A",260,"D",0,"D",.,"A",.,"A",633,"F",0,"D",.,"A",.,"A",.,"A",.,"A"
"20154","03001355",33,0,"1",975,"D",0,"D",260,"D",780,"D",0,"D",.,"A",.,"A",975,"D",0,"D",.,"A",.,"A",.,"A",.,"A"
"20154","03001365",31,0,"1",3900,"D",650,"D",.,"A",1950,"D",0,"D",.,"A",51,"D",3250,"D",0,"D",.,"A",.,"A",.,"A",.,"A"
"20154","03001375",45,0,"1",1300,"D",130,"D",130,"D",130,"D",1200,"D",.,"A",.,"A",1170,"D",180,"D",.,"A",.,"A",.,"A",.,"A"
"20154","03001565",23,0,"1",1625,"D",325,"D",.,"A",169,"D",6,"D",.,"A",.,"A",1300,"D",6,"D",.,"A",.,"A",.,"A",.,"A"
"20154","03001605",26,0,"1",910,"D",260,"D",.,"A",130,"D",0,"D",.,"A",.,"A",650,"D",0,"D",.,"A",.,"A",.,"A",.,"A"
"20154","03001645",21,0,"1",3900,"D",390,"D",.,"A",416,"D",0,"D",.,"A",104,"D",3510,"D",0,"D",.,"A",.,"A",.,"A",.,"A"
"20154","03001685",16,0,"1",325,"D",0,"D",.,"A",260,"D",0,"D",.,"A",.,"A",325,"D",45,"D",.,"A",.,"A",.,"A",.,"A"
"20154","03001695",18,0,"1",975,"D",130,"D",.,"A",130,"D",0,"D",.,"A",.,"A",845,"D",0,"D",.,"A",.,"A",.,"A",.,"A"
"20154","03001705",27,0,"1",1950,"D",325,"D",.,"A",650,"D",0,"D",.,"A",.,"A",1625,"D",0,"D",.,"A",.,"A",.,"A",.,"A"
"20154","03001725",64,0,"1",1300,"D",260,"D",65,"D",650,"D",225,"D",.,"A",.,"A",1040,"D",150,"D",.,"A",.,"A",.,"A",.,"A"
"20154","03001735",46,0,"1",1560,"D",130,"D",.,"A",1040,"D",0,"D",.,"A",130,"D",1430,"D",0,"D",.,"A",.,"A",.,"A",.,"A"
"20154","03001775",42,0,"1",1300,"D",650,"D",.,"A",325,"D",0,"D",.,"A",.,"A",650,"D",0,"D",60,"D",780,"D",.,"A",.,"A"
"20154","03001825",45,0,"1",1625,"D",455,"D",.,"A",130,"D",0,"D",.,"A",.,"A",1170,"D",240,"D",.,"A",.,"A",.,"A",.,"A"
"20154","03001835",32,0,"1",1300,"D",260,"D",.,"A",0,"D",60,"D",.,"A",.,"A",1040,"D",60,"D",.,"A",.,"A",.,"A",.,"A"
"20154","03001875",37,0,"1",1950,"D",130,"D",.,"A",390,"D",0,"D",.,"A",.,"A",1820,"D",0,"D",.,"A",.,"A",.,"A",.,"A"
"20154","03001895",44,0,"1",2990,"D",212,"F",.,"A",1625,"D",0,"D",.,"A",.,"A",699,"F",150,"D",.,"A",.,"A",.,"A",.,"A"
"20154","03002045",57,0,"1",2275,"D",195,"D",.,"A",260,"D",6,"D",.,"A",.,"A",2080,"D",6,"D",.,"A",.,"A",.,"A",.,"A"
"20154","03002105",103,0,"1",3900,"D",650,"D",.,"A",1300,"D",0,"D",.,"A",.,"A",3250,"D",60,"D",.,"A",.,"A",.,"A",.,"A"
"20154","03002165",50,0,"1",2600,"D",260,"D",.,"A",1950,"D",450,"D",.,"A",.,"A",2340,"D",300,"D",.,"A",.,"A",.,"A",.,"A"
"20154","03002185",14,0,"1",1300,"D",212,"F",.,"A",65,"D",0,"D",.,"A",.,"A",699,"F",97,"F",.,"A",.,"A",.,"A",.,"A"
"20154","03002195",40,0,"1",975,"D",104,"D",65,"D",650,"D",0,"D",.,"A",.,"A",871,"D",120,"D",.,"A",.,"A",.,"A",.,"A"
"20154","03002215",29,0,"1",1300,"D",195,"D",.,"A",390,"D",0,"D",.,"A",.,"A",1105,"D",0,"D",.,"A",.,"A",.,"A",.,"A"
"20154","03002225",72,0,"1",2600,"D",845,"D",.,"A",260,"D",0,"D",.,"A",.,"A",1755,"D",0,"D",.,"A",.,"A",.,"A",.,"A"
"20154","03002255",26,0,"1",1300,"D",195,"D",.,"A",455,"D",0,"D",.,"A",325,"D",1105,"D",0,"D",.,"A",.,"A",.,"A",.,"A"
"20154","03002265",19,0,"1",1950,"D",195,"D",.,"A",1950,"D",300,"D",.,"A",.,"A",1755,"D",150,"D",.,"A",.,"A",.,"A",.,"A"
"20154","03002315",29,0,"1",3900,"D",390,"D",260,"D",130,"D",0,"D",.,"A",240,"D",3510,"D",30,"D",.,"A",.,"A",.,"A",.,"A"
"20154","03002325",48,0,"1",2925,"D",910,"D",.,"A",522,"F",0,"D",.,"A",.,"A",2015,"D",0,"D",.,"A",.,"A",.,"A",.,"A"
"20154","03002335",20,0,"1",2600,"D",650,"D",1300,"D",1300,"D",300,"D",.,"A",.,"A",1950,"D",600,"D",150,"D",1950,"D",.,"A",.,"A"
"20154","03002345",18,0,"1",1300,"D",390,"D",.,"A",390,"D",0,"D",.,"A",.,"A",910,"D",0,"D",.,"A",.,"A",.,"A",.,"A"
"20154","03002415",37,0,"1",1040,"D",363,"F",.,"A",390,"D",0,"D",.,"A",.,"A",1654,"F",0,"D",.,"A",.,"A",39,"D",3,"D"
"20154","03002465",37,0,"1",1560,"D",520,"D",.,"A",650,"D",0,"D",.,"A",.,"A",1040,"D",0,"D",.,"A",.,"A",.,"A",.,"A"
"20154","03002475",28,0,"1",1300,"D",0,"D",.,"A",650,"D",0,"D",.,"A",.,"A",1300,"D",0,"D",.,"A",.,"A",.,"A",.,"A"
"20154","03002515",28,0,"1",780,"D",390,"D",.,"A",650,"D",60,"D",.,"A",.,"A",390,"D",36,"D",.,"A",.,"A",130,"D",10,"D"
"20154","03002525",28,0,"1",1300,"D",195,"D",.,"A",1300,"D",300,"D",.,"A",.,"A",1105,"D",90,"D",.,"A",.,"A",130,"D",10,"D"
"20154","03002535",41,0,"1",650,"D",130,"D",104,"D",390,"D",0,"D",.,"A",.,"A",520,"D",0,"D",.,"A",.,"A",.,"A",.,"A"
"20154","03002575",79,0,"1",1755,"D",260,"D",.,"A",390,"D",0,"D",.,"A",.,"A",1495,"D",180,"D",.,"A",.,"A",.,"A",.,"A"
"20154","03002605",69,0,"1",1300,"D",650,"D",.,"A",1950,"D",75,"D",.,"A",.,"A",650,"D",30,"D",.,"A",.,"A",.,"A",.,"A"
"20154","03002615",30,0,"1",910,"D",650,"D",.,"A",325,"D",150,"D",.,"A",.,"A",260,"D",60,"D",50,"D",650,"D",.,"A",.,"A"
"20154","03002635",26,0,"1",1560,"D",260,"D",650,"D",390,"D",0,"D",.,"A",.,"A",1300,"D",60,"D",.,"A",.,"A",.,"A",.,"A"
"20154","03002645",32,0,"1",650,"D",0,"D",650,"D",260,"D",0,"D",.,"A",.,"A",650,"D",0,"D",75,"D",975,"D",.,"A",.,"A"
"20154","03002695",47,0,"1",1300,"D",195,"D",.,"A",260,"D",0,"D",.,"A",.,"A",1105,"D",0,"D",.,"A",.,"A",.,"A",.,"A"
"20154","03002715",55,0,"1",1417,"D",117,"D",.,"A",611,"D",30,"D",.,"A",.,"A",1300,"D",0,"D",.,"A",.,"A",.,"A",.,"A"
"20154","03002745",48,0,"1",3250,"D",1300,"D",.,"A",0,"D",0,"D",.,"A",.,"A",1950,"D",270,"D",.,"A",.,"A",.,"A",.,"A"
"20154","03002765",20,0,"1",780,"D",260,"D",.,"A",390,"D",90,"D",.,"A",.,"A",520,"D",30,"D",.,"A",.,"A",.,"A",.,"A"
"20154","03002775",23,0,"1",1560,"D",650,"D",.,"A",325,"D",0,"D",.,"A",.,"A",910,"D",30,"D",.,"A",.,"A",.,"A",.,"A"
"20154","03002785",62,0,"1",650,"D",130,"D",.,"A",65,"D",0,"D",.,"A",.,"A",520,"D",0,"D",.,"A",.,"A",.,"A",.,"A"
"20154","03002795",18,0,"1",900,"F",.,"A",.,"A",416,"F",0,"D",.,"A",.,"A",723,"F",0,"D",.,"A",.,"A",.,"A",.,"A"
"20154","03002805",17,0,"1",780,"D",0,"D",.,"A",65,"D",0,"D",.,"A",.,"A",780,"D",0,"D",.,"A",.,"A",.,"A",.,"A"
"20154","03002915",38,0,"1",2340,"D",650,"D",.,"A",3575,"D",0,"D",.,"A",.,"A",1690,"D",120,"D",.,"A",.,"A",.,"A",.,"A"
"20154","03002965",25,0,"1",780,"D",195,"D",.,"A",0,"D",300,"D",.,"A",.,"A",585,"D",0,"D",.,"A",.,"A",.,"A",.,"A"
"20154","03002975",21,0,"1",1300,"D",442,"F",.,"A",554,"F",0,"D",.,"A",.,"A",1464,"F",0,"D",.,"A",.,"A",.,"A",.,"A"
"20154","03002985",48,0,"1",2275,"D",325,"D",.,"A",260,"D",0,"D",.,"A",.,"A",1950,"D",30,"D",35,"D",455,"D",.,"A",.,"A"
"20154","03003005",17,0,"1",520,"D",91,"D",.,"A",0,"D",0,"D",.,"A",.,"A",429,"D",0,"D",0,"D",0,"D",.,"A",.,"A"
"20154","03003015",44,0,"1",3250,"D",520,"D",.,"A",1040,"D",0,"D",.,"A",.,"A",2730,"D",0,"D",.,"A",.,"A",.,"A",.,"A"
"20154","03003065",84,0,"1",650,"D",78,"D",156,"D",260,"D",120,"D",.,"A",.,"A",572,"D",0,"D",.,"A",.,"A",.,"A",.,"A"
"20154","03003095",39,0,"1",1300,"D",130,"D",.,"A",130,"D",60,"D",.,"A",.,"A",1170,"D",60,"D",.,"A",.,"A",.,"A",.,"A"
"20154","03003185",76,0,"1",2600,"D",650,"D",.,"A",1950,"D",158,"F",.,"A",.,"A",1950,"D",182,"F",.,"A",.,"A",.,"A",.,"A"
"20154","03003275",61,0,"1",1170,"D",443,"F",.,"A",3900,"D",150,"D",.,"A",.,"A",1703,"F",30,"D",.,"A",.,"A",.,"A",.,"A"
"20154","03003325",41,0,"1",1950,"D",325,"D",.,"A",195,"D",0,"D",.,"A",.,"A",1625,"D",0,"D",35,"D",455,"D",.,"A",.,"A"
"20154","03003415",18,0,"1",1549,"F",.,"A",.,"A",870,"F",0,"D",.,"A",.,"A",1261,"F",0,"D",.,"A",.,"A",.,"A",.,"A"
"20154","03003555",16,0,"1",520,"D",65,"D",.,"A",0,"D",0,"D",.,"A",.,"A",455,"D",24,"D",.,"A",.,"A",.,"A",.,"A"
"20154","03003635",13,0,"1",0,"D",.,"A",.,"A",0,"D",0,"D",.,"A",.,"A",0,"D",0,"D",.,"A",.,"A",.,"A",.,"A"
"20154","03003655",55,0,"1",1950,"D",195,"D",.,"A",1950,"D",0,"D",1040,"D",.,"A",1755,"D",0,"D",.,"A",.,"A",.,"A",.,"A"
"20154","03003735",55,0,"1",2990,"D",1495,"D",.,"A",299,"D",0,"D",.,"A",.,"A",1495,"D",0,"D",.,"A",.,"A",.,"A",.,"A"
"20154","03003745",16,0,"1",520,"D",65,"D",65,"D",130,"D",15,"D",.,"A",.,"A",455,"D",60,"D",.,"A",.,"A",.,"A",.,"A"
"20154","03003755",35,0,"1",975,"D",260,"D",.,"A",650,"D",0,"D",.,"A",.,"A",715,"D",0,"D",.,"A",.,"A",.,"A",.,"A"
"20154","03003815",13,0,"1",1300,"D",0,"D",650,"D",0,"D",0,"D",.,"A",.,"A",1300,"D",0,"D",10,"D",130,"D",.,"A",.,"A"
"20154","03003845",25,0,"1",1950,"D",260,"D",.,"A",780,"D",0,"D",.,"A",.,"A",1690,"D",0,"D",.,"A",.,"A",.,"A",.,"A"
"20154","03003995",13,0,"1",1549,"F",.,"A",.,"A",870,"F",0,"D",.,"A",.,"A",1261,"F",0,"D",.,"A",.,"A",.,"A",.,"A"
"20154","03004015",33,0,"1",2340,"D",390,"D",.,"A",221,"D",0,"D",.,"A",.,"A",1950,"D",36,"D",.,"A",.,"A",.,"A",.,"A"
"20154","03004035",81,0,"1",2392,"D",260,"D",.,"A",325,"D",0,"D",.,"A",.,"A",2132,"D",0,"D",.,"A",.,"A",.,"A",.,"A"
"20154","03004045",18,0,"1",650,"D",0,"D",.,"A",0,"D",0,"D",.,"A",.,"A",650,"D",0,"D",16,"D",208,"D",.,"A",.,"A"
"20154","03004065",24,0,"1",910,"D",195,"D",.,"A",0,"D",0,"D",.,"A",.,"A",715,"D",0,"D",.,"A",.,"A",.,"A",.,"A"
"20154","03004115",66,0,"1",975,"D",0,"D",325,"D",975,"D",0,"D",.,"A",.,"A",975,"D",0,"D",.,"A",.,"A",221,"F",.,"C"
"20154","03004125",42,0,"1",1300,"D",0,"D",260,"D",195,"D",30,"D",.,"A",.,"A",1300,"D",0,"D",.,"A",.,"A",260,"D",20,"D"
"20154","03004145",38,0,"1",1950,"D",650,"D",.,"A",1625,"D",1050,"D",.,"A",.,"A",1300,"D",600,"D",.,"A",.,"A",.,"A",.,"A"
"20154","03004225",61,0,"1",2210,"D",390,"D",.,"A",780,"D",180,"D",.,"A",.,"A",1820,"D",90,"D",.,"A",.,"A",.,"A",.,"A"
"20154","03004245",55,0,"1",1950,"D",260,"D",.,"A",1300,"D",0,"D",.,"A",150,"D",1690,"D",30,"D",.,"A",.,"A",.,"A",.,"A"
"20154","03004275",22,0,"1",1430,"D",260,"D",65,"D",1950,"D",0,"D",.,"A",.,"A",1170,"D",0,"D",.,"A",.,"A",.,"A",.,"A"
"20154","03004365",25,0,"1",1560,"D",260,"D",.,"A",520,"D",94,"F",.,"A",.,"A",1300,"D",87,"F",.,"A",.,"A",.,"A",.,"A"
"20154","03004385",30,0,"1",1820,"D",325,"D",325,"D",1300,"D",30,"D",.,"A",.,"A",1495,"D",150,"D",.,"A",.,"A",.,"A",.,"A"
"20154","03004415",37,0,"1",2666,"F",.,"A",.,"A",0,"D",0,"D",.,"A",.,"A",2230,"F",0,"D",.,"A",.,"A",.,"A",.,"A"
"20154","03004475",21,0,"1",1625,"D",650,"D",260,"D",650,"D",0,"D",.,"A",.,"A",975,"D",0,"D",.,"A",.,"A",.,"A",.,"A"
"20154","03004485",38,0,"1",1950,"D",0,"D",.,"A",870,"F",175,"F",.,"A",.,"A",1950,"D",191,"F",.,"A",.,"A",.,"A",.,"A"
"20154","03004495",30,0,"1",780,"D",0,"D",.,"A",0,"D",0,"D",.,"A",.,"A",780,"D",0,"D",.,"A",.,"A",.,"A",.,"A"
"20154","03004505",22,0,"1",650,"D",0,"D",.,"A",0,"D",0,"D",.,"A",.,"A",650,"D",0,"D",.,"A",.,"A",.,"A",.,"A"
"20154","03004545",25,0,"1",975,"D",195,"D",.,"A",130,"D",0,"D",.,"A",.,"A",780,"D",0,"D",.,"A",.,"A",.,"A",.,"A"
"20154","03004595",10,0,"1",1560,"D",0,"D",.,"A",0,"D",0,"D",.,"A",.,"A",1560,"D",0,"D",.,"A",.,"A",.,"A",.,"A"
"20154","03004655",33,0,"1",2600,"D",650,"D",.,"A",780,"D",0,"D",.,"A",.,"A",1950,"D",0,"D",.,"A",.,"A",.,"A",.,"A"
"20154","03004685",27,0,"1",975,"D",195,"D",130,"D",0,"D",0,"D",.,"A",163,"D",780,"D",0,"D",.,"A",.,"A",.,"A",.,"A"
"20154","03004715",25,0,"1",2119,"D",130,"D",.,"A",520,"D",0,"D",.,"A",.,"A",1989,"D",120,"D",10,"D",130,"D",.,"A",.,"A"
"20154","03004775",22,0,"1",1950,"D",260,"D",.,"A",780,"D",0,"D",.,"A",221,"F",1690,"D",0,"D",.,"A",.,"A",.,"A",.,"A"
"20154","03004805",16,0,"1",520,"D",52,"D",.,"A",0,"D",0,"D",.,"A",.,"A",468,"D",0,"D",.,"A",.,"A",.,"A",.,"A"
"20154","03004815",57,0,"1",390,"D",0,"D",.,"A",195,"D",0,"D",.,"A",.,"A",390,"D",0,"D",.,"A",.,"A",.,"A",.,"A"
"20154","03004855",44,0,"1",780,"D",130,"D",0,"D",65,"D",0,"D",.,"A",.,"A",650,"D",15,"D",.,"A",.,"A",.,"A",.,"A"
"20154","03004895",20,0,"1",611,"D",91,"D",.,"A",130,"D",0,"D",.,"A",.,"A",520,"D",36,"D",.,"A",.,"A",.,"A",.,"A"
"20154","03004915",63,0,"1",2145,"D",390,"D",325,"D",1820,"D",150,"D",.,"A",150,"D",1755,"D",336,"D",.,"A",.,"A",.,"A",.,"A"
"20154","03004995",69,0,"1",2600,"D",520,"D",156,"D",650,"D",0,"D",.,"A",.,"A",2080,"D",0,"D",.,"A",.,"A",.,"A",.,"A"
"20154","03005015",22,0,"1",1300,"D",780,"D",130,"D",0,"D",0,"D",.,"A",.,"A",520,"D",45,"D",.,"A",.,"A",.,"A",.,"A"
"20154","03005025",17,0,"1",1950,"D",260,"D",.,"A",650,"D",120,"D",.,"A",.,"A",1690,"D",0,"D",.,"A",.,"A",.,"A",.,"A"
"20154","03005095",13,0,"1",1040,"D",65,"D",.,"A",0,"D",0,"D",.,"A",.,"A",975,"D",0,"D",.,"A",.,"A",.,"A",.,"A"
"20154","03005105",48,0,"1",1950,"D",385,"F",.,"A",650,"D",0,"D",.,"A",.,"A",1478,"F",0,"D",.,"A",.,"A",.,"A",.,"A"
"20154","03005115",30,0,"1",1950,"D",0,"D",.,"A",1040,"D",0,"D",.,"A",.,"A",1950,"D",0,"D",.,"A",.,"A",.,"A",.,"A"
"20154","03005135",16,0,"1",650,"D",65,"D",.,"A",390,"D",480,"D",.,"A",.,"A",585,"D",0,"D",.,"A",.,"A",.,"A",.,"A"
"20154","03005155",11,0,"1",650,"D",0,"D",.,"A",0,"D",0,"D",.,"A",.,"A",650,"D",120,"D",.,"A",.,"A",260,"D",20,"D"
"20154","03005325",27,0,"1",1560,"D",260,"D",.,"A",520,"D",0,"D",.,"A",.,"A",1300,"D",0,"D",.,"A",.,"A",.,"A",.,"A"
"20154","03005395",37,0,"1",845,"D",130,"D",.,"A",260,"D",0,"D",.,"A",.,"A",715,"D",0,"D",.,"A",.,"A",.,"A",.,"A"
"20154","03005425",29,0,"1",1300,"D",260,"D",260,"D",650,"D",0,"D",.,"A",.,"A",1040,"D",36,"D",44,"D",572,"D",.,"A",.,"A"
"20154","03005445",15,0,"1",650,"D",0,"D",.,"A",416,"F",0,"D",.,"A",.,"A",650,"D",0,"D",.,"A",.,"A",.,"A",.,"A"
"20154","03005465",52,0,"1",2600,"D",845,"D",.,"A",130,"D",27,"D",.,"A",.,"A",1755,"D",0,"D",.,"A",.,"A",.,"A",.,"A"
"20154","03005565",28,0,"1",1950,"D",650,"D",.,"A",0,"D",0,"D",.,"A",.,"A",1300,"D",0,"D",.,"A",.,"A",.,"A",.,"A"
"20154","03005575",27,0,"1",1950,"D",325,"D",.,"A",520,"D",0,"D",.,"A",.,"A",1625,"D",0,"D",.,"A",.,"A",.,"A",.,"A"
"20154","03005595",18,0,"1",2210,"D",520,"D",390,"D",1950,"D",450,"D",.,"A",.,"A",1690,"D",450,"D",.,"A",.,"A",.,"A",.,"A"
"20154","03005615",27,0,"1",3900,"D",520,"D",325,"D",0,"D",0,"D",.,"A",.,"A",3380,"D",0,"D",.,"A",.,"A",.,"A",.,"A"
"20154","03005675",16,0,"1",650,"D",65,"D",.,"A",0,"D",0,"D",.,"A",.,"A",585,"D",0,"D",.,"A",.,"A",.,"A",.,"A"
"20154","03005715",48,0,"1",1300,"D",260,"D",.,"A",325,"D",180,"D",.,"A",.,"A",1040,"D",129,"D",.,"A",.,"A",.,"A",.,"A"
"20154","03005845",13,0,"1",4056,"D",0,"D",.,"A",483,"F",0,"D",.,"A",.,"A",4056,"D",0,"D",.,"A",.,"A",.,"A",.,"A"
"20154","03005855",23,0,"1",1040,"D",195,"D",.,"A",325,"D",0,"D",.,"A",.,"A",845,"D",0,"D",.,"A",.,"A",.,"A",.,"A"
"20154","03005865",20,0,"1",1950,"D",455,"D",.,"A",260,"D",0,"D",.,"A",.,"A",1495,"D",60,"D",.,"A",.,"A",.,"A",.,"A"
"20154","03005905",35,0,"1",1560,"D",195,"D",.,"A",780,"D",0,"D",.,"A",.,"A",1365,"D",45,"D",.,"A",.,"A",.,"A",.,"A"
"20154","03005915",32,0,"1",780,"D",650,"D",390,"D",650,"D",180,"D",.,"A",.,"A",130,"D",240,"D",.,"A",.,"A",.,"A",.,"A"
"20154","03005945",42,0,"1",1625,"D",195,"D",.,"A",650,"D",0,"D",.,"A",.,"A",1430,"D",0,"D",.,"A",.,"A",.,"A",.,"A"
"20154","03005965",43,0,"1",1300,"D",195,"D",.,"A",650,"D",0,"D",.,"A",.,"A",1105,"D",0,"D",.,"A",.,"A",.,"A",.,"A"
"20154","03006005",42,0,"1",1040,"D",390,"D",.,"A",520,"D",0,"D",.,"A",.,"A",650,"D",0,"D",.,"A",.,"A",.,"A",.,"A"
"20154","03006085",34,0,"1",1950,"D",260,"D",.,"A",1950,"D",0,"D",.,"A",.,"A",1690,"D",0,"D",.,"A",.,"A",.,"A",.,"A"
"20154","03006175",38,0,"1",2600,"D",390,"D",.,"A",390,"D",0,"D",.,"A",.,"A",2210,"D",1200,"D",.,"A",.,"A",.,"A",.,"A"
"20154","03006265",44,0,"1",1950,"D",325,"D",325,"D",260,"D",0,"D",.,"A",.,"A",1625,"D",0,"D",.,"A",.,"A",.,"A",.,"A"
"20154","03006275",44,0,"1",1690,"D",260,"D",.,"A",260,"D",0,"D",.,"A",.,"A",1430,"D",0,"D",.,"A",.,"A",.,"A",.,"A"
"20154","03006355",21,0,"1",1625,"D",390,"D",.,"A",325,"D",0,"D",.,"A",.,"A",1235,"D",0,"D",.,"A",.,"A",.,"A",.,"A"
"20154","03006365",16,0,"1",1690,"D",455,"D",390,"D",390,"D",0,"D",.,"A",.,"A",1235,"D",0,"D",.,"A",.,"A",.,"A",.,"A"
"20154","03006405",20,0,"1",1300,"D",650,"D",.,"A",0,"D",0,"D",.,"A",.,"A",650,"D",0,"D",.,"A",.,"A",.,"A",.,"A"
"20154","03006545",21,0,"1",1950,"D",195,"D",.,"A",650,"D",0,"D",.,"A",.,"A",1755,"D",0,"D",.,"A",.,"A",.,"A",.,"A"
"20154","03006585",35,0,"1",1170,"D",390,"D",.,"A",520,"D",90,"D",.,"A",.,"A",780,"D",60,"D",.,"A",.,"A",.,"A",.,"A"
"20154","03006665",38,0,"1",1625,"D",260,"D",.,"A",780,"D",0,"D",.,"A",.,"A",1365,"D",600,"D",.,"A",.,"A",.,"A",.,"A"
"20154","03006765",43,0,"1",1560,"D",260,"D",.,"A",780,"D",0,"D",.,"A",.,"A",1300,"D",0,"D",.,"A",.,"A",.,"A",.,"A"
"20154","03006775",32,0,"1",1950,"D",195,"D",.,"A",260,"D",6,"D",.,"A",.,"A",1755,"D",6,"D",.,"A",.,"A",.,"A",.,"A"
"20154","03006815",60,0,"1",1300,"D",260,"D",.,"A",325,"D",0,"D",.,"A",.,"A",1040,"D",0,"D",.,"A",.,"A",.,"A",.,"A"
"20154","03006835",35,0,"1",1300,"D",130,"D",.,"A",780,"D",0,"D",.,"A",.,"A",1170,"D",0,"D",.,"A",.,"A",.,"A",.,"A"
"20154","03006855",21,0,"1",1300,"D",130,"D",.,"A",260,"D",0,"D",.,"A",.,"A",1170,"D",0,"D",.,"A",.,"A",.,"A",.,"A"
"20154","03006875",27,0,"1",650,"D",260,"D",.,"A",1300,"D",0,"D",.,"A",.,"A",390,"D",0,"D",.,"A",.,"A",.,"A",.,"A"
"20154","03006965",25,0,"1",390,"D",52,"D",.,"A",104,"D",0,"D",.,"A",.,"A",338,"D",0,"D",.,"A",.,"A",195,"D",15,"D"
"20154","03006975",22,0,"1",1040,"D",130,"D",.,"A",0,"D",0,"D",.,"A",.,"A",910,"D",0,"D",.,"A",.,"A",.,"A",.,"A"
"20154","03006995",46,0,"1",975,"D",325,"D",.,"A",325,"D",60,"D",.,"A",.,"A",650,"D",195,"D",.,"A",.,"A",.,"A",.,"A"
"20154","03007005",69,0,"1",1300,"D",390,"D",.,"A",1365,"D",60,"D",.,"A",.,"A",910,"D",30,"D",.,"A",.,"A",.,"A",.,"A"
"20154","03007045",27,0,"1",585,"D",130,"D",390,"D",130,"D",0,"D",.,"A",120,"D",455,"D",0,"D",.,"A",.,"A",.,"A",.,"A"
"20154","03007065",29,0,"1",1040,"D",130,"D",.,"A",390,"D",0,"D",.,"A",.,"A",910,"D",0,"D",.,"A",.,"A",.,"A",.,"A"
"20154","03007075",61,0,"1",2860,"D",520,"D",.,"A",520,"D",75,"D",.,"A",.,"A",2340,"D",270,"D",40,"D",520,"D",.,"A",.,"A"
"20154","03007195",48,0,"1",650,"D",195,"D",.,"A",650,"D",600,"D",.,"A",.,"A",455,"D",600,"D",.,"A",.,"A",.,"A",.,"A"
"20154","03007315",62,0,"1",2600,"D",520,"D",325,"D",325,"D",0,"D",.,"A",90,"D",2080,"D",0,"D",.,"A",.,"A",.,"A",.,"A"
"20154","03007335",20,0,"1",1365,"D",353,"F",.,"A",870,"F",175,"F",.,"A",.,"A",1261,"F",191,"F",.,"A",.,"A",.,"A",.,"A"
"20154","03007395",24,0,"1",1107,"F",.,"A",.,"A",1950,"D",300,"D",.,"A",.,"A",903,"F",90,"D",.,"A",.,"A",.,"A",.,"A"
"20154","03007405",45,0,"1",5200,"D",195,"D",.,"A",39,"D",0,"D",.,"A",.,"A",5005,"D",0,"D",.,"A",.,"A",.,"A",.,"A"
"20154","03007445",52,0,"1",3250,"D",650,"D",.,"A",650,"D",75,"D",.,"A",195,"D",2600,"D",45,"D",.,"A",.,"A",.,"A",.,"A"
"20154","03007475",31,0,"1",325,"D",156,"D",.,"A",0,"D",0,"D",.,"A",.,"A",169,"D",0,"D",.,"A",.,"A",.,"A",.,"A"
"20154","03007515",36,0,"1",1950,"D",130,"D",.,"A",390,"D",60,"D",.,"A",.,"A",1820,"D",60,"D",.,"A",.,"A",.,"A",.,"A"
"20154","03007535",41,0,"1",1300,"D",390,"D",.,"A",260,"D",0,"D",.,"A",488,"D",910,"D",0,"D",.,"A",.,"A",.,"A",.,"A"
"20154","03007595",50,0,"1",1950,"D",325,"D",.,"A",520,"D",0,"D",60,"D",228,"D",1625,"D",75,"D",.,"A",.,"A",.,"A",.,"A"
"20154","03007615",59,0,"1",2600,"D",260,"D",.,"A",520,"D",0,"D",.,"A",.,"A",2340,"D",0,"D",.,"A",.,"A",.,"A",.,"A"
"20154","03007685",11,0,"1",910,"D",91,"D",.,"A",0,"D",0,"D",.,"A",.,"A",819,"D",0,"D",25,"D",325,"D",.,"A",.,"A"
"20154","03007695",18,0,"1",1950,"D",156,"D",.,"A",260,"D",0,"D",.,"A",.,"A",1794,"D",45,"D",.,"A",.,"A",.,"A",.,"A"
"20154","03007705",56,0,"1",780,"D",0,"D",.,"A",260,"D",0,"D",.,"A",.,"A",780,"D",0,"D",.,"A",.,"A",.,"A",.,"A"
"20154","03007725",26,0,"1",975,"D",130,"D",.,"A",0,"D",0,"D",.,"A",.,"A",845,"D",0,"D",.,"A",.,"A",.,"A",.,"A"
"20154","03007745",49,0,"1",1430,"D",260,"D",.,"A",975,"D",0,"D",.,"A",150,"D",1170,"D",0,"D",.,"A",.,"A",.,"A",.,"A"
"20154","03007755",36,0,"1",650,"D",0,"D",.,"A",585,"D",0,"D",.,"A",.,"A",650,"D",0,"D",.,"A",.,"A",.,"A",.,"A"
"20154","03007795",45,0,"1",1300,"D",0,"D",.,"A",260,"D",0,"D",.,"A",.,"A",1300,"D",0,"D",.,"A",.,"A",.,"A",.,"A"
"20154","03007845",41,0,"1",2600,"D",650,"D",.,"A",1690,"D",300,"D",.,"A",.,"A",1950,"D",450,"D",8,"D",104,"D",.,"A",.,"A"
"20154","03007875",24,0,"1",650,"D",130,"D",.,"A",65,"D",0,"D",.,"A",.,"A",520,"D",0,"D",.,"A",.,"A",.,"A",.,"A"
"20154","03007965",32,0,"1",780,"D",130,"D",.,"A",5200,"D",0,"D",.,"A",.,"A",650,"D",480,"D",.,"A",.,"A",.,"A",.,"A"
"20154","03007975",62,0,"1",3900,"D",0,"D",455,"D",2600,"D",60,"D",195,"D",.,"A",3900,"D",150,"D",.,"A",.,"A",.,"A",.,"A"
"20154","03007985",24,0,"1",1300,"D",195,"D",.,"A",0,"D",0,"D",.,"A",.,"A",1105,"D",0,"D",.,"A",.,"A",.,"A",.,"A"
"20154","03008105",36,0,"1",1300,"D",0,"D",.,"A",0,"D",0,"D",.,"A",.,"A",1300,"D",300,"D",.,"A",.,"A",.,"A",.,"A"
"20154","03008145",22,0,"1",2600,"D",455,"D",.,"A",1560,"D",60,"D",.,"A",.,"A",2145,"D",90,"D",.,"A",.,"A",.,"A",.,"A"
"20154","03008185",48,0,"1",2600,"D",650,"D",.,"A",325,"D",30,"D",.,"A",.,"A",1950,"D",240,"D",.,"A",.,"A",.,"A",.,"A"
"20154","03008255",37,0,"1",2210,"D",260,"D",260,"D",0,"D",0,"D",.,"A",.,"A",1950,"D",45,"D",.,"A",.,"A",.,"A",.,"A"
"20154","03008305",43,0,"1",5200,"D",520,"D",.,"A",1560,"D",0,"D",.,"A",.,"A",4680,"D",0,"D",80,"D",1040,"D",.,"A",.,"A"
"20154","03008335",83,0,"1",325,"D",26,"D",.,"A",1560,"D",0,"D",.,"A",.,"A",299,"D",9,"D",.,"A",.,"A",.,"A",.,"A"
"20154","03008375",84,0,"1",3900,"D",0,"D",.,"A",1300,"D",150,"D",.,"A",240,"D",3900,"D",0,"D",.,"A",.,"A",.,"A",.,"A"
"20154","03008395",150,0,"1",2600,"D",910,"D",.,"A",780,"D",180,"D",.,"A",.,"A",1690,"D",600,"D",10,"D",130,"D",91,"D",7,"D"
"20154","03008405",25,0,"1",1950,"D",390,"D",.,"A",0,"D",0,"D",.,"A",180,"D",1560,"D",0,"D",.,"A",.,"A",.,"A",.,"A"
"20154","03008445",37,0,"1",650,"D",130,"D",.,"A",520,"D",0,"D",.,"A",.,"A",520,"D",0,"D",.,"A",.,"A",.,"A",.,"A"
"20154","03008495",12,0,"1",650,"D",52,"D",.,"A",0,"D",0,"D",.,"A",.,"A",598,"D",0,"D",.,"A",.,"A",.,"A",.,"A"
"20154","03008505",64,0,"1",975,"D",0,"D",169,"D",650,"D",0,"D",.,"A",.,"A",975,"D",60,"D",50,"D",650,"D",.,"A",.,"A"
"20154","03008515",55,0,"1",1300,"D",260,"D",.,"A",325,"D",150,"D",.,"A",.,"A",1040,"D",390,"D",.,"A",.,"A",.,"A",.,"A"
"20154","03008535",36,0,"1",650,"D",130,"D",.,"A",2990,"D",0,"D",.,"A",.,"A",520,"D",0,"D",.,"A",.,"A",.,"A",.,"A"
"20154","03008545",59,0,"1",1430,"D",481,"D",364,"D",390,"D",0,"D",.,"A",.,"A",949,"D",66,"D",.,"A",.,"A",.,"A",.,"A"
"20154","03008565",39,0,"1",520,"D",130,"D",.,"A",130,"D",0,"D",.,"A",.,"A",390,"D",0,"D",.,"A",.,"A",.,"A",.,"A"
"20154","03008575",26,0,"1",533,"D",130,"D",.,"A",0,"D",180,"D",.,"A",.,"A",403,"D",66,"D",36,"D",468,"D",.,"A",.,"A"
"20154","03008585",19,0,"1",780,"D",130,"D",.,"A",0,"D",0,"D",.,"A",.,"A",650,"D",0,"D",.,"A",.,"A",.,"A",.,"A"
"20154","03008615",63,0,"1",3250,"D",325,"D",.,"A",1300,"D",240,"D",.,"A",.,"A",2925,"D",240,"D",.,"A",.,"A",.,"A",.,"A"
"20154","03008635",44,0,"1",1040,"D",335,"F",.,"A",130,"D",0,"D",.,"A",.,"A",1237,"F",0,"D",.,"A",.,"A",.,"A",.,"A"
"20154","03008655",44,0,"1",2600,"D",520,"D",.,"A",0,"D",0,"D",.,"A",.,"A",2080,"D",150,"D",.,"A",.,"A",.,"A",.,"A"
"20154","03008735",33,0,"1",455,"D",260,"D",.,"A",156,"D",0,"D",.,"A",.,"A",195,"D",0,"D",.,"A",.,"A",.,"A",.,"A"
"20154","03008745",18,0,"1",910,"D",260,"D",.,"A",390,"D",6,"D",.,"A",.,"A",650,"D",6,"D",.,"A",.,"A",65,"D",5,"D"
"20154","03008765",37,0,"1",260,"D",65,"D",.,"A",325,"D",150,"D",.,"A",.,"A",195,"D",0,"D",.,"A",.,"A",.,"A",.,"A"
"20154","03008885",76,0,"1",1300,"D",325,"D",.,"A",325,"D",0,"D",.,"A",.,"A",975,"D",30,"D",.,"A",.,"A",.,"A",.,"A"
"20154","03008905",43,0,"1",3250,"D",260,"D",.,"A",1300,"D",150,"D",.,"A",.,"A",2990,"D",150,"D",.,"A",.,"A",.,"A",.,"A"
"20154","03008915",26,0,"1",390,"D",26,"D",.,"A",1950,"D",0,"D",.,"A",.,"A",364,"D",0,"D",.,"A",.,"A",.,"A",.,"A"
"20154","03008935",45,0,"1",1625,"D",0,"D",.,"A",195,"D",0,"D",.,"A",.,"A",1625,"D",0,"D",.,"A",.,"A",.,"A",.,"A"
"20154","03008945",31,0,"1",1300,"D",260,"D",.,"A",390,"D",60,"D",.,"A",.,"A",1040,"D",60,"D",.,"A",.,"A",.,"A",.,"A"
"20154","03008955",48,0,"1",650,"D",65,"D",.,"A",1300,"D",300,"D",.,"A",.,"A",585,"D",60,"D",.,"A",.,"A",.,"A",.,"A"
"20154","03009045",34,0,"1",1300,"D",260,"D",260,"D",390,"D",0,"D",.,"A",.,"A",1040,"D",0,"D",.,"A",.,"A",.,"A",.,"A"
"20154","03009135",33,0,"1",325,"D",65,"D",.,"A",195,"D",0,"D",.,"A",.,"A",260,"D",0,"D",.,"A",.,"A",.,"A",.,"A"
"20154","03009175",46,0,"1",3250,"D",1300,"D",156,"D",0,"D",225,"D",.,"A",.,"A",1950,"D",600,"D",.,"A",.,"A",.,"A",.,"A"
"20154","03009195",13,0,"1",780,"D",0,"D",.,"A",0,"D",0,"D",.,"A",.,"A",780,"D",0,"D",.,"A",.,"A",.,"A",.,"A"
"20154","03009255",39,0,"1",520,"D",130,"D",.,"A",130,"D",30,"D",.,"A",.,"A",390,"D",30,"D",.,"A",.,"A",.,"A",.,"A"
"20154","03009315",41,0,"1",520,"D",130,"D",.,"A",650,"D",0,"D",.,"A",.,"A",390,"D",0,"D",.,"A",.,"A",.,"A",.,"A"
"20154","03009345",31,0,"1",1365,"D",65,"D",.,"A",0,"D",0,"D",.,"A",.,"A",1300,"D",90,"D",.,"A",.,"A",.,"A",.,"A"
"20154","03009475",40,0,"1",1300,"D",390,"D",.,"A",260,"D",0,"D",324,"F",.,"A",910,"D",90,"D",.,"A",.,"A",.,"A",.,"A"
"20154","03009505",12,0,"1",1950,"D",353,"F",.,"A",870,"F",175,"F",.,"A",.,"A",1261,"F",191,"F",.,"A",.,"A",.,"A",.,"A"
"20154","03009535",43,0,"1",3900,"D",1300,"D",.,"A",1950,"D",0,"D",.,"A",.,"A",2600,"D",0,"D",.,"A",.,"A",.,"A",.,"A"
"20154","03009545",29,0,"1",1300,"D",130,"D",.,"A",520,"D",0,"D",.,"A",.,"A",1170,"D",0,"D",.,"A",.,"A",.,"A",.,"A"
"20154","03009595",48,0,"1",910,"D",130,"D",.,"A",520,"D",30,"D",.,"A",.,"A",780,"D",60,"D",.,"A",.,"A",.,"A",.,"A"
"20154","03009685",24,0,"1",455,"D",65,"D",65,"D",780,"D",0,"D",.,"A",.,"A",390,"D",90,"D",.,"A",.,"A",.,"A",.,"A"
"20154","03009695",48,0,"1",5200,"D",1300,"D",.,"A",650,"D",0,"D",.,"A",.,"A",3900,"D",0,"D",.,"A",.,"A",.,"A",.,"A"
"20154","03009735",23,0,"1",2080,"D",471,"F",.,"A",0,"D",0,"D",.,"A",.,"A",1879,"F",0,"D",.,"A",.,"A",.,"A",.,"A"
"20154","03009765",40,0,"1",780,"D",260,"D",260,"D",130,"D",0,"D",.,"A",.,"A",520,"D",60,"D",.,"A",.,"A",.,"A",.,"A"
"20154","03009775",32,0,"1",2600,"D",325,"D",.,"A",0,"D",0,"D",.,"A",50,"D",2275,"D",0,"D",28,"D",364,"D",.,"A",.,"A"
"20154","03009785",66,0,"1",1742,"D",104,"D",.,"A",104,"D",0,"D",.,"A",.,"A",1638,"D",0,"D",.,"A",.,"A",.,"A",.,"A"
"20154","03009795",14,0,"1",780,"D",130,"D",.,"A",520,"D",0,"D",.,"A",.,"A",650,"D",0,"D",.,"A",.,"A",.,"A",.,"A"
"20154","03009845",32,0,"1",3120,"D",1040,"D",.,"A",0,"D",0,"D",.,"A",.,"A",2080,"D",0,"D",.,"A",.,"A",.,"A",.,"A"
"20154","03009885",32,0,"1",2600,"D",650,"D",.,"A",0,"D",0,"D",.,"A",.,"A",1950,"D",0,"D",.,"A",.,"A",.,"A",.,"A"
"20154","03009895",30,0,"1",2340,"D",1040,"D",.,"A",910,"D",0,"D",.,"A",.,"A",1300,"D",0,"D",.,"A",.,"A",.,"A",.,"A"
"20154","03009935",12,0,"1",1300,"D",365,"F",.,"A",500,"F",69,"F",260,"D",.,"A",1164,"F",78,"F",.,"A",.,"A",.,"A",.,"A"
"20154","03009965",28,0,"1",2600,"D",390,"D",.,"A",650,"D",0,"D",.,"A",.,"A",2210,"D",0,"D",.,"A",.,"A",.,"A",.,"A"
"20154","03010055",33,0,"1",1625,"D",650,"D",.,"A",325,"D",0,"D",.,"A",.,"A",975,"D",0,"D",.,"A",.,"A",.,"A",.,"A"
"20154","03010065",41,0,"1",2080,"D",260,"D",.,"A",780,"D",0,"D",.,"A",.,"A",1820,"D",0,"D",.,"A",.,"A",.,"A",.,"A"
"20154","03010125",35,0,"1",1950,"D",650,"D",.,"A",0,"D",0,"D",.,"A",.,"A",1300,"D",0,"D",.,"A",.,"A",.,"A",.,"A"
"20154","03010235",38,0,"1",1950,"D",325,"D",.,"A",1300,"D",0,"D",.,"A",.,"A",1625,"D",0,"D",.,"A",.,"A",.,"A",.,"A"
"20154","03010245",26,0,"1",780,"D",65,"D",.,"A",260,"D",0,"D",.,"A",.,"A",715,"D",0,"D",.,"A",.,"A",.,"A",.,"A"
"20154","03010275",24,0,"1",1560,"D",260,"D",.,"A",1300,"D",30,"D",.,"A",.,"A",1300,"D",45,"D",.,"A",.,"A",.,"A",.,"A"
"20154","03010315",62,0,"1",1300,"D",0,"D",.,"A",6500,"D",0,"D",.,"A",.,"A",1300,"D",0,"D",.,"A",.,"A",.,"A",.,"A"
"20154","03010335",27,0,"1",1300,"D",325,"D",.,"A",390,"D",0,"D",.,"A",.,"A",975,"D",0,"D",35,"D",455,"D",.,"A",.,"A"
"20154","03010545",12,0,"1",910,"D",130,"D",.,"A",130,"D",0,"D",.,"A",.,"A",780,"D",0,"D",.,"A",.,"A",.,"A",.,"A"
"20154","03010555",65,0,"1",2600,"D",520,"D",.,"A",780,"D",360,"D",.,"A",600,"D",2080,"D",150,"D",.,"A",.,"A",.,"A",.,"A"
"20154","03010575",44,0,"1",1560,"D",130,"D",.,"A",390,"D",0,"D",.,"A",.,"A",1430,"D",225,"D",.,"A",.,"A",65,"D",5,"D"
"20154","03010635",53,0,"1",1300,"D",0,"D",.,"A",1300,"D",110,"F",.,"A",.,"A",1300,"D",450,"D",.,"A",.,"A",.,"A",.,"A"
"20154","03010665",30,0,"1",520,"D",260,"D",.,"A",0,"D",0,"D",.,"A",.,"A",260,"D",0,"D",.,"A",.,"A",.,"A",.,"A"
"20154","03010695",22,0,"1",390,"D",65,"D",.,"A",195,"D",0,"D",.,"A",.,"A",325,"D",0,"D",.,"A",.,"A",.,"A",.,"A"
"20154","03010705",14,0,"1",1950,"D",390,"D",.,"A",260,"D",0,"D",.,"A",.,"A",1560,"D",0,"D",.,"A",.,"A",.,"A",.,"A"
"20154","03010745",98,0,"1",1495,"D",195,"D",.,"A",975,"D",225,"D",.,"A",.,"A",1300,"D",420,"D",20,"D",260,"D",104,"D",8,"D"
"20154","03010755",19,0,"1",650,"D",52,"D",.,"A",455,"D",45,"D",.,"A",.,"A",598,"D",60,"D",.,"A",.,"A",.,"A",.,"A"
"20154","03010795",19,0,"1",1196,"D",130,"D",.,"A",0,"D",0,"D",.,"A",.,"A",1066,"D",0,"D",.,"A",.,"A",.,"A",.,"A"
"20154","03010835",76,0,"1",1950,"D",0,"D",.,"A",1300,"D",90,"D",.,"A",214,"F",1950,"D",75,"D",.,"A",.,"A",.,"A",.,"A"
"20154","03010855",27,0,"1",1300,"D",390,"D",.,"A",260,"D",0,"D",.,"A",.,"A",910,"D",0,"D",.,"A",.,"A",.,"A",.,"A"
"20154","03010885",53,0,"1",1950,"D",260,"D",325,"D",390,"D",0,"D",.,"A",.,"A",1690,"D",60,"D",.,"A",.,"A",.,"A",.,"A"
"20154","03010905",41,0,"1",2600,"D",260,"D",.,"A",1300,"D",0,"D",.,"A",.,"A",2340,"D",60,"D",.,"A",.,"A",260,"D",20,"D"
"20154","03010925",34,0,"1",3250,"D",650,"D",195,"D",390,"D",0,"D",.,"A",.,"A",2600,"D",0,"D",.,"A",.,"A",.,"A",.,"A"
"20154","03011015",48,0,"1",1950,"D",325,"D",156,"D",260,"D",30,"D",.,"A",.,"A",1625,"D",75,"D",.,"A",.,"A",.,"A",.,"A"
"20154","03011025",60,0,"1",975,"D",65,"D",.,"A",2600,"D",0,"D",.,"A",.,"A",910,"D",0,"D",.,"A",.,"A",.,"A",.,"A"
"20154","03011055",43,0,"1",3250,"D",325,"D",.,"A",0,"D",0,"D",.,"A",.,"A",2925,"D",300,"D",.,"A",.,"A",.,"A",.,"A"
"20154","03011065",28,0,"1",1300,"D",195,"D",.,"A",455,"D",0,"D",.,"A",.,"A",1105,"D",0,"D",.,"A",.,"A",.,"A",.,"A"
"20154","03011175",50,0,"1",975,"D",390,"D",65,"D",520,"D",90,"D",.,"A",.,"A",585,"D",60,"D",.,"A",.,"A",.,"A",.,"A"
"20154","03011185",30,0,"1",1820,"D",130,"D",.,"A",130,"D",0,"D",.,"A",.,"A",1690,"D",0,"D",.,"A",.,"A",.,"A",.,"A"
"20154","03011215",38,0,"1",1300,"D",130,"D",.,"A",1300,"D",0,"D",.,"A",.,"A",1170,"D",0,"D",.,"A",.,"A",.,"A",.,"A"
"20154","03011225",25,0,"1",650,"D",65,"D",650,"D",0,"D",0,"D",.,"A",.,"A",585,"D",0,"D",.,"A",.,"A",.,"A",.,"A"
"20154","03011255",39,0,"1",975,"D",130,"D",.,"A",650,"D",300,"D",.,"A",.,"A",845,"D",120,"D",.,"A",.,"A",.,"A",.,"A"
"20154","03033565",14,0,"1",780,"D",65,"D",.,"A",260,"D",0,"D",.,"A",.,"A",715,"D",0,"D",.,"A",.,"A",.,"A",.,"A"
"20154","03033825",25,0,"1",3250,"D",780,"D",.,"A",0,"D",0,"D",.,"A",.,"A",2470,"D",0,"D",.,"A",.,"A",.,"A",.,"A"
"20154","03045405",29,0,"1",1300,"D",260,"D",.,"A",520,"D",300,"D",.,"A",.,"A",1040,"D",150,"D",.,"A",.,"A",.,"A",.,"A"
"20154","03045415",25,0,"1",650,"D",130,"D",.,"A",0,"D",0,"D",.,"A",.,"A",520,"D",0,"D",.,"A",.,"A",.,"A",.,"A"
"20154","03045785",54,0,"1",1625,"D",195,"D",.,"A",1170,"D",0,"D",.,"A",.,"A",1430,"D",0,"D",.,"A",.,"A",.,"A",.,"A"
"20154","03045795",29,0,"1",1300,"D",260,"D",.,"A",0,"D",0,"D",.,"A",.,"A",1040,"D",450,"D",.,"A",.,"A",.,"A",.,"A"
"20154","03045935",35,0,"1",1625,"D",325,"D",130,"D",0,"D",0,"D",.,"A",.,"A",1300,"D",0,"D",20,"D",260,"D",.,"A",.,"A"
"20154","03046015",21,0,"1",780,"D",195,"D",.,"A",260,"D",0,"D",312,"D",.,"A",585,"D",0,"D",.,"A",.,"A",.,"A",.,"A"
"20154","03046235",23,0,"1",1040,"D",130,"D",.,"A",0,"D",0,"D",.,"A",.,"A",910,"D",0,"D",10,"D",130,"D",.,"A",.,"A"
"20154","03046995",46,0,"1",715,"D",195,"D",.,"A",650,"D",0,"D",.,"A",.,"A",520,"D",0,"D",.,"A",.,"A",520,"D",40,"D"
"20154","03047194",54,0,"1",1560,"D",195,"D",.,"A",390,"D",0,"D",.,"A",.,"A",1365,"D",0,"D",.,"A",.,"A",.,"A",.,"A"
"20154","03047274",18,0,"1",390,"D",195,"D",.,"A",0,"D",0,"D",.,"A",.,"A",195,"D",0,"D",.,"A",.,"A",.,"A",.,"A"
"20154","03047324",24,0,"1",520,"D",0,"D",.,"A",0,"D",0,"D",.,"A",.,"A",520,"D",0,"D",.,"A",.,"A",.,"A",.,"A"
"20154","03047364",11,0,"1",1040,"D",130,"D",.,"A",0,"D",0,"D",.,"A",.,"A",910,"D",0,"D",.,"A",.,"A",325,"D",25,"D"
"20154","03047414",34,0,"1",2600,"D",650,"D",.,"A",130,"D",30,"D",.,"A",.,"A",1950,"D",60,"D",30,"D",390,"D",.,"A",.,"A"
"20154","03047494",44,0,"1",2109,"F",.,"A",.,"A",910,"D",0,"D",.,"A",.,"A",1703,"F",180,"D",10,"D",130,"D",.,"A",.,"A"
"20154","03047564",23,0,"1",1170,"D",65,"D",.,"A",65,"D",0,"D",585,"D",.,"A",1105,"D",0,"D",22,"D",286,"D",.,"A",.,"A"
"20154","03047664",27,0,"1",325,"D",65,"D",.,"A",0,"D",0,"D",.,"A",.,"A",260,"D",0,"D",.,"A",.,"A",.,"A",.,"A"
"20154","03048044",40,0,"1",1040,"D",195,"D",.,"A",390,"D",0,"D",.,"A",.,"A",845,"D",36,"D",.,"A",.,"A",.,"A",.,"A"
"20154","03048054",37,0,"1",910,"D",39,"D",.,"A",91,"D",0,"D",.,"A",.,"A",871,"D",0,"D",.,"A",.,"A",.,"A",.,"A"
"20154","03048154",54,0,"1",2600,"D",650,"D",1300,"D",0,"D",0,"D",.,"A",.,"A",1950,"D",39,"D",.,"A",.,"A",.,"A",.,"A"
"20154","03048244",18,0,"1",975,"D",65,"D",.,"A",390,"D",0,"D",.,"A",.,"A",910,"D",0,"D",.,"A",.,"A",.,"A",.,"A"
"20154","03048364",38,0,"1",1625,"D",650,"D",.,"A",390,"D",0,"D",.,"A",.,"A",975,"D",0,"D",.,"A",.,"A",.,"A",.,"A"
"20154","03048434",41,0,"1",650,"D",130,"D",.,"A",455,"D",300,"D",.,"A",.,"A",520,"D",75,"D",.,"A",.,"A",.,"A",.,"A"
"20154","03048494",38,0,"1",1300,"D",0,"D",.,"A",260,"D",0,"D",.,"A",.,"A",1300,"D",191,"F",.,"A",.,"A",.,"A",.,"A"
"20154","03048604",50,0,"1",845,"D",286,"D",.,"A",325,"D",0,"D",.,"A",.,"A",559,"D",0,"D",.,"A",.,"A",.,"A",.,"A"
"20154","03048634",38,0,"1",325,"D",65,"D",130,"D",0,"D",0,"D",.,"A",.,"A",260,"D",0,"D",.,"A",.,"A",.,"A",.,"A"
"20154","03048774",36,0,"1",767,"F",.,"A",.,"A",65,"D",0,"D",.,"A",.,"A",633,"F",0,"D",.,"A",.,"A",.,"A",.,"A"
"20154","03049014",34,0,"1",975,"D",325,"D",.,"A",0,"D",0,"D",.,"A",.,"A",650,"D",0,"D",.,"A",.,"A",.,"A",.,"A"
"20154","03049074",27,0,"1",1755,"D",130,"D",.,"A",0,"D",0,"D",.,"A",.,"A",1625,"D",120,"D",45,"D",585,"D",.,"A",.,"A"
"20154","03049164",31,0,"1",585,"D",130,"D",.,"A",0,"D",0,"D",.,"A",.,"A",455,"D",0,"D",.,"A",.,"A",.,"A",.,"A"
"20154","03049184",20,0,"1",650,"D",130,"D",.,"A",455,"D",0,"D",.,"A",.,"A",520,"D",0,"D",.,"A",.,"A",.,"A",.,"A"
"20154","03049334",20,0,"1",650,"D",130,"D",.,"A",520,"D",30,"D",.,"A",.,"A",520,"D",0,"D",.,"A",.,"A",.,"A",.,"A"
"20154","03049604",30,0,"1",520,"D",130,"D",.,"A",91,"D",0,"D",.,"A",.,"A",390,"D",0,"D",.,"A",.,"A",.,"A",.,"A"
"20154","03049614",81,0,"1",2197,"D",156,"D",.,"A",572,"D",0,"D",.,"A",.,"A",2041,"D",0,"D",.,"A",.,"A",.,"A",.,"A"
"20154","03049624",41,0,"1",780,"D",65,"D",.,"A",65,"D",6,"D",.,"A",.,"A",715,"D",6,"D",.,"C",454,"F",.,"A",.,"A"
"20154","03049714",37,0,"1",975,"D",130,"D",.,"A",260,"D",0,"D",.,"A",.,"A",845,"D",0,"D",.,"A",.,"A",.,"A",.,"A"
"20154","03049844",37,0,"1",1274,"D",390,"D",.,"A",65,"D",0,"D",.,"A",.,"A",884,"D",0,"D",.,"A",.,"A",.,"A",.,"A"
"20154","03050144",53,0,"1",1625,"D",650,"D",.,"A",260,"D",0,"D",.,"A",.,"A",975,"D",0,"D",.,"A",.,"A",195,"D",15,"D"
"20154","03050224",51,0,"1",1300,"D",0,"D",.,"A",260,"D",0,"D",.,"A",.,"A",1300,"D",60,"D",.,"A",.,"A",.,"A",.,"A"
"20154","03050314",55,0,"1",975,"D",325,"D",.,"A",520,"D",30,"D",.,"A",.,"A",650,"D",54,"D",.,"A",.,"A",.,"A",.,"A"
"20154","03050394",32,0,"1",1300,"D",195,"D",104,"D",130,"D",150,"D",.,"A",.,"A",1105,"D",150,"D",30,"D",390,"D",.,"A",.,"A"
"20154","03050484",45,0,"1",2600,"D",650,"D",.,"A",780,"D",0,"D",.,"A",15,"D",1950,"D",0,"D",.,"A",.,"A",.,"A",.,"A"
"20154","03050734",20,0,"1",0,"D",.,"A",.,"A",0,"D",0,"D",.,"A",.,"A",0,"D",0,"D",.,"A",.,"A",.,"A",.,"A"
"20154","03050754",30,0,"1",1300,"D",130,"D",.,"A",273,"D",0,"D",.,"A",.,"A",1170,"D",0,"D",21,"D",273,"D",.,"A",.,"A"
"20154","03050804",29,0,"1",1300,"D",130,"D",.,"A",130,"D",0,"D",.,"A",.,"A",1170,"D",150,"D",.,"A",.,"A",.,"A",.,"A"
"20154","03050854",62,0,"1",650,"D",130,"D",.,"A",1625,"D",45,"D",.,"A",.,"A",520,"D",30,"D",.,"A",.,"A",.,"A",.,"A"
"20154","03050864",27,0,"1",1040,"D",104,"D",.,"A",0,"D",0,"D",.,"A",.,"A",936,"D",0,"D",40,"D",520,"D",.,"A",.,"A"
"20154","03050924",43,0,"1",1300,"D",195,"D",.,"A",182,"D",0,"D",.,"A",.,"A",1105,"D",0,"D",.,"A",.,"A",.,"A",.,"A"
"20154","03050994",45,0,"1",1950,"D",390,"D",.,"A",1300,"D",0,"D",.,"A",.,"A",1560,"D",0,"D",.,"A",.,"A",.,"A",.,"A"
"20154","03051234",61,0,"1",2925,"D",650,"D",.,"A",975,"D",90,"D",.,"A",.,"A",2275,"D",60,"D",.,"A",.,"A",.,"A",.,"A"
"20154","03051344",18,0,"1",325,"D",65,"D",.,"A",0,"D",0,"D",.,"A",.,"A",260,"D",0,"D",.,"A",.,"A",.,"A",.,"A"
"20154","03051374",9,0,"1",1300,"D",650,"D",.,"A",0,"D",0,"D",.,"A",.,"A",650,"D",0,"D",.,"A",.,"A",.,"A",.,"A"
"20154","03051414",53,0,"1",1040,"D",65,"D",.,"A",390,"D",0,"D",.,"A",48,"D",975,"D",30,"D",.,"A",.,"A",.,"A",.,"A"
"20154","03051504",27,0,"1",1430,"D",130,"D",.,"A",0,"D",0,"D",.,"A",.,"A",1300,"D",0,"D",.,"A",.,"A",.,"A",.,"A"
"20154","03051664",35,0,"1",1950,"D",650,"D",325,"D",130,"D",0,"D",.,"A",.,"A",1300,"D",0,"D",.,"A",.,"A",520,"D",40,"D"
"20154","03051774",28,0,"1",2340,"D",350,"F",.,"A",514,"F",0,"D",.,"A",.,"A",1506,"F",0,"D",.,"A",.,"A",.,"A",.,"A"
"20154","03052104",25,0,"1",975,"D",325,"D",.,"A",650,"D",600,"D",.,"A",.,"A",650,"D",300,"D",.,"A",.,"A",39,"D",3,"D"
"20154","03052774",34,0,"1",975,"D",260,"D",.,"A",260,"D",0,"D",.,"A",.,"A",715,"D",0,"D",.,"A",.,"A",.,"A",.,"A"
"20154","03052984",15,0,"1",520,"D",65,"D",.,"A",65,"D",0,"D",.,"A",.,"A",455,"D",0,"D",.,"A",.,"A",.,"A",.,"A"
"20154","03053464",63,0,"1",1690,"D",260,"D",455,"D",325,"D",0,"D",.,"A",211,"D",1430,"D",30,"D",.,"A",.,"A",.,"A",.,"A"
"20154","03053484",31,0,"1",650,"D",260,"D",.,"A",0,"D",0,"D",.,"A",.,"A",390,"D",0,"D",.,"A",.,"A",.,"A",.,"A"
"20154","03053574",45,0,"1",650,"D",130,"D",.,"A",325,"D",0,"D",.,"A",.,"A",520,"D",0,"D",20,"D",260,"D",.,"A",.,"A"
"20154","03053754",18,0,"1",0,"D",.,"A",.,"A",0,"D",0,"D",.,"A",.,"A",0,"D",0,"D",.,"A",.,"A",.,"A",.,"A"
"20154","03053774",26,0,"1",3250,"D",325,"D",.,"A",650,"D",0,"D",.,"A",180,"D",2925,"D",0,"D",25,"D",325,"D",.,"A",.,"A"
"20154","03053784",24,0,"1",1560,"D",520,"D",.,"A",65,"D",0,"D",.,"A",.,"A",1040,"D",252,"D",.,"A",.,"A",.,"A",.,"A"
"20154","03053814",32,0,"1",2600,"D",650,"D",.,"A",0,"D",0,"D",.,"A",.,"A",1950,"D",0,"D",.,"A",.,"A",.,"A",.,"A"
"20154","03054134",12,0,"1",650,"D",130,"D",.,"A",325,"D",0,"D",.,"A",.,"A",520,"D",0,"D",.,"A",.,"A",.,"A",.,"A"
"20154","03054394",48,0,"1",260,"D",65,"D",.,"A",455,"D",0,"D",.,"A",.,"A",195,"D",0,"D",.,"A",.,"A",.,"A",.,"A"
"20154","03054484",56,0,"1",1300,"D",260,"D",650,"D",520,"D",0,"D",.,"A",.,"A",1040,"D",0,"D",.,"A",.,"A",.,"A",.,"A"
"20154","03054514",37,0,"1",1560,"D",195,"D",.,"A",0,"D",0,"D",.,"A",.,"A",1365,"D",0,"D",.,"A",.,"A",.,"A",.,"A"
"20154","03054674",19,0,"1",1950,"D",325,"D",.,"A",0,"D",0,"D",.,"A",.,"A",1625,"D",0,"D",.,"A",.,"A",.,"A",.,"A"
"20154","03054684",54,0,"1",1170,"D",130,"D",.,"A",260,"D",0,"D",.,"A",.,"A",1040,"D",240,"D",.,"A",.,"A",.,"A",.,"A"
"20154","03054704",38,0,"1",1300,"D",260,"D",.,"A",0,"D",75,"D",.,"A",.,"A",1040,"D",75,"D",.,"A",.,"A",.,"A",.,"A"
"20154","03054724",26,0,"1",780,"D",212,"F",.,"A",195,"D",0,"D",.,"A",.,"A",699,"F",0,"D",.,"A",.,"A",195,"D",15,"D"
"20154","03054854",36,0,"1",650,"D",212,"F",.,"A",650,"D",0,"D",.,"A",.,"A",699,"F",300,"D",40,"D",520,"D",.,"A",.,"A"
"20154","03055224",43,0,"1",910,"D",130,"D",.,"A",520,"D",0,"D",.,"A",.,"A",780,"D",0,"D",.,"A",.,"A",.,"A",.,"A"
"20154","03055254",36,0,"1",975,"D",195,"D",.,"A",585,"D",60,"D",.,"A",.,"A",780,"D",120,"D",.,"A",.,"A",.,"A",.,"A"
"20154","03055324",19,0,"1",780,"D",130,"D",.,"A",195,"D",0,"D",.,"A",.,"A",650,"D",0,"D",.,"A",.,"A",.,"A",.,"A"
"20154","03055354",30,0,"1",650,"D",65,"D",156,"D",156,"D",0,"D",.,"A",.,"A",585,"D",0,"D",.,"A",.,"A",.,"A",.,"A"
"20154","03055364",15,0,"1",1560,"D",390,"D",.,"A",0,"D",0,"D",.,"A",.,"A",1170,"D",0,"D",.,"A",.,"A",.,"A",.,"A"
"20154","03055664",21,0,"1",780,"D",169,"D",.,"A",0,"D",0,"D",.,"A",.,"A",611,"D",0,"D",35,"D",455,"D",.,"A",.,"A"
"20154","03055704",23,0,"1",650,"D",130,"D",.,"A",0,"D",0,"D",.,"A",.,"A",520,"D",0,"D",.,"A",.,"A",.,"A",.,"A"
"20154","03055764",23,0,"1",3627,"D",325,"D",.,"A",195,"D",18,"D",.,"A",.,"A",3302,"D",60,"D",20,"D",260,"D",.,"A",.,"A"
"20154","03055854",39,0,"1",1300,"D",260,"D",.,"A",260,"D",120,"F",.,"A",.,"A",1040,"D",140,"F",.,"A",.,"A",.,"A",.,"A"
"20154","03056004",30,0,"1",390,"D",0,"D",.,"A",390,"D",0,"D",.,"A",.,"A",390,"D",0,"D",.,"A",.,"A",.,"A",.,"A"
"20154","03056014",45,0,"1",1690,"D",130,"D",260,"D",260,"D",300,"D",.,"A",60,"D",1560,"D",480,"D",50,"D",650,"D",.,"A",.,"A"
"20154","03056234",29,0,"1",1300,"D",390,"D",.,"A",0,"D",0,"D",.,"A",.,"A",910,"D",0,"D",20,"D",260,"D",65,"D",5,"D"
"20154","03056344",61,0,"1",3250,"D",130,"D",.,"A",1040,"D",0,"D",.,"A",160,"D",3120,"D",0,"D",.,"A",.,"A",.,"A",.,"A"
"20154","03056354",35,0,"1",2925,"D",195,"D",.,"A",260,"D",0,"D",.,"A",.,"A",2730,"D",0,"D",.,"A",.,"A",.,"A",.,"A"
"20154","03056504",37,0,"1",1560,"D",260,"D",.,"A",390,"D",0,"D",.,"A",.,"A",1300,"D",75,"D",.,"A",.,"A",.,"A",.,"A"
"20154","03056604",35,0,"1",1625,"D",325,"D",.,"A",91,"D",0,"D",.,"A",.,"A",1300,"D",0,"D",.,"A",.,"A",.,"A",.,"A"
"20154","03056654",30,0,"1",520,"D",130,"D",.,"A",390,"D",0,"D",.,"A",.,"A",390,"D",0,"D",.,"A",.,"A",.,"A",.,"A"
"20154","03056704",54,0,"1",1456,"D",156,"D",.,"A",286,"D",0,"D",.,"A",.,"A",1300,"D",0,"D",14,"D",182,"D",.,"A",.,"A"
"20154","03056934",37,0,"1",390,"D",195,"D",.,"A",390,"D",0,"D",.,"A",.,"A",195,"D",30,"D",.,"A",.,"A",.,"A",.,"A"
"20154","03056944",32,0,"1",1040,"D",130,"D",.,"A",130,"D",0,"D",.,"A",.,"A",910,"D",30,"D",10,"D",130,"D",.,"A",.,"A"
"20154","03057214",42,0,"1",1300,"D",325,"D",.,"A",325,"D",0,"D",.,"A",.,"A",975,"D",90,"D",.,"A",.,"A",.,"A",.,"A"
"20154","03057354",21,0,"1",975,"D",455,"D",.,"A",0,"D",0,"D",.,"A",.,"A",520,"D",0,"D",35,"D",455,"D",.,"A",.,"A"
"20154","03057634",22,0,"1",650,"D",260,"D",.,"A",390,"D",0,"D",.,"A",.,"A",390,"D",240,"D",20,"D",260,"D",.,"A",.,"A"
"20154","03057744",37,0,"1",1300,"D",260,"D",.,"A",130,"D",0,"D",.,"A",.,"A",1040,"D",0,"D",.,"A",.,"A",.,"A",.,"A"
"20154","03057804",25,0,"1",520,"D",91,"D",.,"A",260,"D",0,"D",.,"A",.,"A",429,"D",0,"D",.,"A",.,"A",.,"A",.,"A"
"20154","03057844",32,0,"1",650,"D",289,"F",.,"A",0,"D",6,"D",.,"A",.,"A",1231,"F",6,"D",.,"A",.,"A",.,"A",.,"A"
"20154","03057994",32,0,"1",1885,"D",260,"D",.,"A",642,"F",0,"D",.,"A",.,"A",1625,"D",0,"D",.,"A",.,"A",.,"A",.,"A"
"20154","03058054",24,0,"1",715,"D",195,"D",.,"A",390,"D",90,"D",.,"A",.,"A",520,"D",90,"D",.,"A",.,"A",.,"A",.,"A"
"20154","03058064",38,0,"1",1300,"D",390,"D",.,"A",325,"D",75,"D",.,"A",.,"A",910,"D",75,"D",.,"A",.,"A",.,"A",.,"A"
"20154","03058074",37,0,"1",975,"D",195,"D",.,"A",650,"D",150,"D",.,"A",.,"A",780,"D",90,"D",.,"A",.,"A",.,"A",.,"A"
"20154","03058084",27,0,"1",975,"D",207,"F",.,"A",0,"D",0,"D",.,"A",.,"A",723,"F",0,"D",.,"A",.,"A",.,"A",.,"A"
"20154","03058144",27,0,"1",2600,"D",650,"D",.,"A",455,"D",0,"D",.,"A",.,"A",1950,"D",0,"D",.,"A",.,"A",.,"A",.,"A"
"20154","03058204",28,0,"1",650,"D",260,"D",.,"A",0,"D",0,"D",.,"A",.,"A",390,"D",0,"D",9,"D",117,"D",.,"A",.,"A"
"20154","03058264",26,0,"1",1560,"D",390,"D",.,"A",260,"D",0,"D",.,"A",.,"A",1170,"D",0,"D",.,"A",.,"A",.,"A",.,"A"
"20154","03058474",34,0,"1",1300,"D",390,"D",.,"A",520,"D",0,"D",.,"A",.,"A",910,"D",0,"D",.,"A",.,"A",.,"A",.,"A"
"20154","03058574",20,0,"1",650,"D",78,"D",.,"A",0,"D",0,"D",.,"A",.,"A",572,"D",0,"D",.,"A",.,"A",.,"A",.,"A"
"20154","03058614",26,0,"1",3900,"D",650,"D",.,"A",650,"D",0,"D",.,"A",.,"A",3250,"D",0,"D",.,"A",.,"A",.,"A",.,"A"
"20154","03058674",40,0,"1",1430,"D",130,"D",13,"D",286,"D",0,"D",.,"A",.,"A",1300,"D",0,"D",.,"A",.,"A",.,"A",.,"A"
"20154","03058864",35,0,"1",1300,"D",260,"D",390,"D",0,"D",0,"D",.,"A",.,"A",1040,"D",0,"D",.,"A",.,"A",.,"A",.,"A"
"20154","03059234",28,0,"1",966,"F",.,"A",.,"A",0,"D",0,"D",.,"A",.,"A",765,"F",0,"D",.,"A",.,"A",.,"A",.,"A"
"20154","03059344",55,0,"1",1755,"D",104,"D",.,"A",1612,"D",90,"D",.,"A",.,"A",1651,"D",90,"D",.,"A",.,"A",.,"A",.,"A"
"20154","03059584",33,0,"1",1625,"D",325,"D",520,"D",650,"D",0,"D",.,"A",.,"A",1300,"D",0,"D",40,"D",520,"D",.,"A",.,"A"
"20154","03059704",37,0,"1",975,"D",260,"D",650,"D",260,"D",0,"D",.,"A",.,"A",715,"D",0,"D",.,"A",.,"A",.,"A",.,"A"
"20154","03059754",30,0,"1",1495,"D",195,"D",.,"A",65,"D",0,"D",.,"A",.,"A",1300,"D",0,"D",.,"A",.,"A",.,"A",.,"A"
"20154","03059864",22,0,"1",2600,"D",195,"D",.,"A",325,"D",0,"D",.,"A",.,"A",2405,"D",0,"D",18,"D",234,"D",.,"A",.,"A"
"20154","03059934",30,0,"1",390,"D",0,"D",.,"A",65,"D",0,"D",.,"A",.,"A",390,"D",0,"D",13,"D",169,"D",.,"A",.,"A"
"20154","03060324",18,0,"1",975,"D",130,"D",.,"A",0,"D",0,"D",.,"A",.,"A",845,"D",0,"D",40,"D",520,"D",.,"A",.,"A"
"20154","03060344",25,0,"1",975,"D",195,"D",.,"A",0,"D",0,"D",.,"A",.,"A",780,"D",0,"D",.,"A",.,"A",.,"A",.,"A"
"20154","03060534",16,0,"1",780,"D",195,"D",325,"D",325,"D",0,"D",.,"A",.,"A",585,"D",0,"D",.,"A",.,"A",.,"A",.,"A"
"20154","03060564",39,0,"1",1300,"D",325,"D",.,"A",520,"D",0,"D",.,"A",.,"A",975,"D",240,"D",.,"A",.,"A",.,"A",.,"A"
"20154","03060574",66,0,"1",3900,"D",325,"D",.,"A",1950,"D",0,"D",.,"A",.,"A",3575,"D",0,"D",.,"A",.,"A",.,"A",.,"A"
"20154","03060664",24,0,"1",650,"D",104,"D",.,"A",325,"D",0,"D",.,"A",.,"A",546,"D",0,"D",.,"A",.,"A",.,"A",.,"A"
"20154","03060694",35,0,"1",1625,"D",455,"D",.,"A",0,"D",0,"D",.,"A",.,"A",1170,"D",0,"D",.,"A",.,"A",.,"A",.,"A"
"20154","03060854",88,0,"1",4290,"D",780,"D",65,"D",650,"D",150,"D",.,"A",.,"A",3510,"D",480,"D",.,"A",.,"A",.,"A",.,"A"
"20154","03060914",32,0,"1",3250,"D",0,"D",390,"D",325,"D",0,"D",.,"A",540,"D",3250,"D",0,"D",.,"A",.,"A",.,"A",.,"A"
"20154","03060934",42,0,"1",1430,"D",390,"D",.,"A",260,"D",0,"D",.,"A",.,"A",1040,"D",0,"D",.,"A",.,"A",.,"A",.,"A"
"20154","03060944",25,0,"1",2600,"D",260,"D",.,"A",650,"D",0,"D",.,"A",.,"A",2340,"D",0,"D",25,"D",325,"D",.,"A",.,"A"
"20154","03061084",16,0,"1",2600,"D",390,"D",.,"A",260,"D",0,"D",.,"A",.,"A",2210,"D",0,"D",.,"A",.,"A",.,"A",.,"A"
"20154","03061134",37,0,"1",325,"D",0,"D",.,"A",325,"D",0,"D",.,"A",.,"A",325,"D",0,"D",.,"A",.,"A",.,"A",.,"A"
"20154","03061294",42,0,"1",650,"D",104,"D",.,"A",585,"D",0,"D",.,"A",.,"A",546,"D",0,"D",.,"A",.,"A",.,"A",.,"A"
"20154","03061594",23,0,"1",975,"D",130,"D",130,"D",455,"D",0,"D",.,"A",.,"A",845,"D",0,"D",.,"A",.,"A",.,"A",.,"A"
"20154","03061754",8,0,"1",1300,"D",195,"D",.,"A",0,"D",0,"D",.,"A",.,"A",1105,"D",0,"D",.,"A",.,"A",.,"A",.,"A"
"20154","03061964",42,0,"1",1300,"D",260,"D",.,"A",390,"D",0,"D",.,"A",.,"A",1040,"D",0,"D",.,"A",.,"A",.,"A",.,"A"
"20154","03061974",39,0,"1",1950,"D",325,"D",520,"D",780,"D",0,"D",.,"A",.,"A",1625,"D",0,"D",.,"A",.,"A",.,"A",.,"A"
"20154","03062254",31,0,"1",2600,"D",650,"D",.,"A",650,"D",6,"D",.,"A",.,"A",1950,"D",30,"D",7,"D",91,"D",.,"A",.,"A"
"20154","03062524",15,0,"1",910,"D",130,"D",.,"A",78,"D",0,"D",.,"A",.,"A",780,"D",0,"D",.,"A",.,"A",.,"A",.,"A"
"20154","03062574",34,0,"1",910,"D",260,"D",.,"A",325,"D",0,"D",.,"A",.,"A",650,"D",60,"D",7,"D",91,"D",.,"A",.,"A"
"20154","03062724",45,0,"1",1482,"D",182,"D",.,"A",585,"D",0,"D",.,"A",.,"A",1300,"D",36,"D",.,"A",.,"A",.,"A",.,"A"
"20154","03062744",28,0,"1",390,"D",130,"D",.,"A",0,"D",0,"D",.,"A",.,"A",260,"D",18,"D",.,"A",.,"A",.,"A",.,"A"
"20154","03062834",58,0,"1",1107,"F",.,"A",455,"D",910,"D",60,"D",.,"A",.,"A",903,"F",600,"D",.,"A",.,"A",0,"D",0,"D"
"20154","03062924",25,0,"1",1300,"D",260,"D",.,"A",0,"D",0,"D",.,"A",.,"A",1040,"D",0,"D",.,"A",.,"A",.,"A",.,"A"
"20154","03062964",70,0,"1",6500,"D",325,"D",260,"D",260,"D",0,"D",.,"A",.,"A",6175,"D",600,"D",.,"A",.,"A",.,"A",.,"A"
"20154","03063084",50,0,"1",1950,"D",130,"D",.,"A",130,"D",0,"D",.,"A",60,"D",1820,"D",0,"D",.,"A",.,"A",.,"A",.,"A"
"20154","03063194",43,0,"1",2275,"D",650,"D",.,"A",130,"D",0,"D",.,"A",.,"A",1625,"D",0,"D",.,"A",.,"A",.,"A",.,"A"
"20154","03063204",20,0,"1",1430,"D",650,"D",.,"A",195,"D",0,"D",.,"A",.,"A",780,"D",0,"D",.,"A",.,"A",.,"A",.,"A"
"20154","03063234",15,0,"1",1040,"D",130,"D",.,"A",650,"D",0,"D",.,"A",.,"A",910,"D",0,"D",.,"A",.,"A",.,"A",.,"A"
"20154","03063454",20,0,"1",520,"D",65,"D",.,"A",0,"D",0,"D",.,"A",.,"A",455,"D",0,"D",.,"A",.,"A",.,"A",.,"A"
"20154","03063564",32,0,"1",1300,"D",260,"D",.,"A",260,"D",0,"D",.,"A",.,"A",1040,"D",45,"D",.,"A",.,"A",.,"A",.,"A"
"20154","03063594",56,0,"1",1300,"D",260,"D",.,"A",0,"D",15,"D",.,"A",.,"A",1040,"D",0,"D",.,"A",.,"A",.,"A",.,"A"
"20154","03063944",25,0,"1",2860,"D",1300,"D",.,"A",642,"F",0,"D",.,"A",.,"A",1560,"D",0,"D",.,"A",.,"A",.,"A",.,"A"
"20154","03063994",15,0,"1",1040,"D",130,"D",325,"D",260,"D",0,"D",.,"A",.,"A",910,"D",0,"D",.,"A",.,"A",.,"A",.,"A"
"20154","03064274",28,0,"1",1300,"D",65,"D",.,"A",0,"D",0,"D",.,"A",.,"A",1235,"D",0,"D",.,"A",.,"A",195,"D",15,"D"
"20154","03064464",45,0,"1",1950,"D",325,"D",.,"A",325,"D",0,"D",.,"A",.,"A",1625,"D",0,"D",.,"A",.,"A",.,"A",.,"A"
"20154","03064614",37,0,"1",3900,"D",650,"D",.,"A",1300,"D",0,"D",.,"A",.,"A",3250,"D",0,"D",.,"A",.,"A",.,"A",.,"A"
"20154","03064834",34,0,"1",1300,"D",325,"D",.,"A",260,"D",30,"D",.,"A",.,"A",975,"D",90,"D",.,"A",.,"A",.,"A",.,"A"
"20154","03065034",25,0,"1",2600,"D",520,"D",.,"A",520,"D",0,"D",.,"A",.,"A",2080,"D",120,"D",.,"A",.,"A",.,"A",.,"A"
"20154","03065204",14,0,"1",520,"D",65,"D",195,"D",65,"D",0,"D",.,"A",.,"A",455,"D",0,"D",.,"A",.,"A",.,"A",.,"A"
"20154","03065254",20,0,"1",390,"D",182,"D",260,"D",0,"D",0,"D",.,"A",.,"A",208,"D",0,"D",.,"A",.,"A",.,"A",.,"A"
"20154","03065434",31,0,"1",2275,"D",325,"D",.,"A",780,"D",0,"D",.,"A",.,"A",1950,"D",0,"D",.,"A",.,"A",.,"A",.,"A"
"20154","03065624",27,0,"1",1300,"D",130,"D",.,"A",0,"D",0,"D",.,"A",.,"A",1170,"D",120,"D",20,"D",260,"D",.,"A",.,"A"
"20154","03065704",47,0,"1",1950,"D",325,"D",.,"A",780,"D",60,"D",.,"A",.,"A",1625,"D",90,"D",.,"A",.,"A",.,"A",.,"A"
"20154","03065734",15,0,"1",910,"D",260,"D",.,"A",0,"D",0,"D",.,"A",.,"A",650,"D",60,"D",20,"D",260,"D",.,"A",.,"A"
"20154","03065784",36,0,"1",1300,"D",325,"D",.,"A",260,"D",75,"D",.,"A",.,"A",975,"D",150,"D",.,"A",.,"A",.,"A",.,"A"
"20154","03065804",29,0,"1",975,"D",325,"D",260,"D",325,"D",0,"D",.,"A",.,"A",650,"D",0,"D",.,"A",.,"A",.,"A",.,"A"
"20154","03065894",45,0,"1",3900,"D",390,"D",.,"A",650,"D",0,"D",.,"A",.,"A",3510,"D",0,"D",.,"A",.,"A",.,"A",.,"A"
"20154","03065954",45,0,"1",1300,"D",260,"D",.,"A",910,"D",0,"D",.,"A",.,"A",1040,"D",0,"D",.,"A",.,"A",.,"A",.,"A"
"20154","03066124",52,0,"1",2600,"D",260,"D",.,"A",650,"D",60,"D",.,"A",65,"D",2340,"D",60,"D",.,"A",.,"A",.,"A",.,"A"
"20154","03066324",13,0,"1",1300,"D",260,"D",.,"A",520,"D",0,"D",.,"A",.,"A",1040,"D",0,"D",.,"A",.,"A",.,"A",.,"A"
"20154","03066334",26,0,"1",650,"D",130,"D",.,"A",0,"D",0,"D",.,"A",.,"A",520,"D",0,"D",25,"D",325,"D",65,"D",5,"D"
"20154","03066454",40,0,"1",975,"D",130,"D",65,"D",650,"D",0,"D",.,"A",.,"A",845,"D",150,"D",.,"A",.,"A",.,"A",.,"A"
"20154","03066464",9,0,"1",845,"D",0,"D",.,"A",0,"D",0,"D",.,"A",.,"A",845,"D",0,"D",.,"A",.,"A",.,"A",.,"A"
"20154","03066494",25,0,"1",1300,"D",325,"D",.,"A",975,"D",150,"D",.,"A",.,"A",975,"D",60,"D",20,"D",260,"D",.,"A",.,"A"
"20154","03066534",23,0,"1",1549,"F",.,"A",.,"A",870,"F",0,"D",.,"A",.,"A",1261,"F",0,"D",.,"A",.,"A",.,"A",.,"A"
"20154","03066704",28,0,"1",1300,"D",260,"D",.,"A",520,"D",90,"D",.,"A",.,"A",1040,"D",90,"D",.,"A",.,"A",.,"A",.,"A"
"20154","03066794",30,0,"1",910,"D",260,"D",.,"A",234,"D",60,"D",.,"A",.,"A",650,"D",0,"D",.,"A",.,"A",.,"A",.,"A"
"20154","03066814",51,0,"1",975,"D",130,"D",.,"A",0,"D",0,"D",.,"A",.,"A",845,"D",0,"D",100,"D",1300,"D",.,"A",.,"A"
"20154","03066874",23,0,"1",1170,"D",195,"D",.,"A",0,"D",0,"D",.,"A",.,"A",975,"D",0,"D",6,"D",78,"D",.,"A",.,"A"
"20154","03067044",38,0,"1",1690,"D",455,"D",.,"A",520,"D",0,"D",.,"A",.,"A",1235,"D",0,"D",.,"A",.,"A",.,"A",.,"A"
"20154","03067064",27,0,"1",1950,"D",442,"F",260,"D",156,"D",0,"D",.,"A",.,"A",1464,"F",0,"D",.,"A",.,"A",.,"A",.,"A"
"20154","03067144",62,0,"1",2600,"D",260,"D",650,"D",455,"D",0,"D",.,"A",.,"A",2340,"D",120,"D",.,"A",.,"A",.,"A",.,"A"
"20154","03067154",37,0,"1",1040,"D",0,"D",325,"D",325,"D",30,"D",.,"A",.,"A",1040,"D",0,"D",.,"A",.,"A",.,"A",.,"A"
"20154","03067214",44,0,"1",1950,"D",390,"D",.,"A",325,"D",0,"D",.,"A",.,"A",1560,"D",0,"D",75,"D",975,"D",.,"A",.,"A"
"20154","03067324",70,0,"1",975,"D",0,"D",.,"A",1300,"D",0,"D",.,"A",.,"A",975,"D",0,"D",.,"A",.,"A",.,"A",.,"A"
"20154","03067414",79,0,"1",1326,"D",195,"D",.,"A",416,"D",0,"D",.,"A",.,"A",1131,"D",0,"D",.,"A",.,"A",.,"A",.,"A"
"20154","03067554",58,0,"1",975,"D",260,"D",.,"A",650,"D",0,"D",.,"A",.,"A",715,"D",0,"D",.,"A",.,"A",.,"A",.,"A"
"20154","03067784",36,0,"1",845,"D",195,"D",.,"A",0,"D",0,"D",.,"A",.,"A",650,"D",0,"D",52,"D",676,"D",.,"A",.,"A"
"20154","03068244",23,0,"1",1690,"D",650,"D",.,"A",416,"F",0,"D",.,"A",.,"A",1040,"D",0,"D",.,"A",.,"A",.,"A",.,"A"
"20154","03068424",84,0,"1",1300,"D",0,"D",.,"A",650,"D",120,"D",.,"A",.,"A",1300,"D",120,"D",.,"A",.,"A",.,"A",.,"A"
"20154","03068504",16,0,"1",910,"D",65,"D",.,"A",130,"D",0,"D",.,"A",.,"A",845,"D",0,"D",2,"D",26,"D",.,"A",.,"A"
"20154","03068544",34,0,"1",975,"D",260,"D",.,"A",65,"D",0,"D",.,"A",.,"A",715,"D",0,"D",.,"A",.,"A",.,"A",.,"A"
"20154","03068814",25,0,"1",780,"D",130,"D",.,"A",390,"D",0,"D",.,"A",.,"A",650,"D",0,"D",.,"A",.,"A",.,"A",.,"A"
"20154","03068854",13,0,"1",520,"D",65,"D",.,"A",0,"D",0,"D",.,"A",.,"A",455,"D",0,"D",.,"A",.,"A",.,"A",.,"A"
"20154","03068924",20,0,"1",1950,"D",0,"D",260,"D",650,"D",0,"D",.,"A",.,"A",1950,"D",0,"D",.,"A",.,"A",.,"A",.,"A"
"20154","03069024",13,0,"1",1300,"D",260,"D",.,"A",260,"D",0,"D",.,"A",.,"A",1040,"D",0,"D",.,"A",.,"A",520,"D",40,"D"
"20154","03069174",16,0,"1",1300,"D",325,"D",.,"A",455,"D",0,"D",.,"A",.,"A",975,"D",0,"D",.,"A",.,"A",.,"A",.,"A"
"20154","03069304",110,0,"1",1950,"D",650,"D",.,"A",780,"D",0,"D",.,"A",.,"A",1300,"D",0,"D",.,"A",.,"A",.,"A",.,"A"
"20154","03069324",18,0,"1",1549,"F",.,"A",.,"A",0,"D",0,"D",.,"A",.,"A",1261,"F",0,"D",.,"A",.,"A",.,"A",.,"A"
"20154","03069524",29,0,"1",1040,"D",130,"D",.,"A",325,"D",0,"D",.,"A",.,"A",910,"D",75,"D",.,"A",.,"A",.,"A",.,"A"
"20154","03069654",54,0,"1",975,"D",0,"D",.,"A",650,"D",0,"D",.,"A",.,"A",975,"D",0,"D",.,"A",.,"A",.,"A",.,"A"
"20154","03070104",47,0,"1",2080,"D",650,"D",.,"A",650,"D",0,"D",.,"A",.,"A",1430,"D",90,"D",.,"A",.,"A",.,"A",.,"A"
"20154","03070214",32,0,"1",2600,"D",650,"D",.,"A",130,"D",0,"D",.,"A",.,"A",1950,"D",0,"D",.,"A",.,"A",.,"A",.,"A"
"20154","03070264",45,0,"1",1625,"D",260,"D",650,"D",819,"D",60,"D",.,"A",65,"D",1365,"D",0,"D",.,"A",.,"A",.,"A",.,"A"
"20154","03070324",42,0,"1",1105,"D",130,"D",.,"A",650,"D",75,"D",.,"A",.,"A",975,"D",120,"D",.,"A",.,"A",.,"A",.,"A"
"20154","03070334",48,0,"1",2600,"D",650,"D",.,"A",650,"D",300,"D",.,"A",120,"D",1950,"D",450,"D",.,"A",.,"A",.,"A",.,"A"
"20154","03070344",49,0,"1",780,"D",260,"D",.,"A",870,"F",0,"D",.,"A",.,"A",520,"D",0,"D",.,"A",.,"A",.,"A",.,"A"
"20154","03070364",38,0,"1",1040,"D",130,"D",.,"A",780,"D",0,"D",.,"A",.,"A",910,"D",0,"D",.,"A",.,"A",.,"A",.,"A"
"20154","03070414",12,0,"1",650,"D",0,"D",.,"A",0,"D",0,"D",.,"A",.,"A",650,"D",0,"D",.,"A",.,"A",.,"A",.,"A"
"20154","03070454",47,0,"1",2145,"D",1040,"D",.,"A",650,"D",0,"D",.,"A",.,"A",1105,"D",0,"D",.,"A",.,"A",.,"A",.,"A"
"20154","03070494",21,0,"1",520,"D",130,"D",.,"A",0,"D",0,"D",.,"A",.,"A",390,"D",150,"D",14,"D",182,"D",.,"A",.,"A"
"20154","03070514",31,0,"1",975,"D",419,"F",.,"A",390,"D",0,"D",.,"A",.,"A",1710,"F",120,"D",.,"A",.,"A",.,"A",.,"A"
"20154","03070814",62,0,"1",1560,"D",390,"D",234,"D",286,"D",0,"D",.,"A",.,"A",1170,"D",0,"D",.,"A",.,"A",.,"A",.,"A"
"20154","03070874",16,0,"1",260,"D",0,"D",.,"A",130,"D",0,"D",.,"A",.,"A",260,"D",150,"D",.,"A",.,"A",.,"A",.,"A"
"20154","03070884",19,0,"1",585,"D",130,"D",.,"A",0,"D",0,"D",.,"A",.,"A",455,"D",0,"D",.,"A",.,"A",.,"A",.,"A"
"20154","03070944",15,0,"1",1625,"D",325,"D",.,"A",130,"D",0,"D",.,"A",.,"A",1300,"D",0,"D",.,"A",.,"A",.,"A",.,"A"
"20154","03071224",86,0,"1",2600,"D",650,"D",.,"A",481,"D",30,"D",.,"A",.,"A",1950,"D",75,"D",.,"A",.,"A",.,"A",.,"A"
"20154","03071254",33,0,"1",3900,"D",975,"D",.,"A",910,"D",0,"D",.,"A",.,"A",2925,"D",0,"D",.,"A",.,"A",.,"A",.,"A"
"20154","03071424",20,0,"1",1300,"D",650,"D",.,"A",0,"D",0,"D",.,"A",.,"A",650,"D",180,"D",30,"D",390,"D",.,"A",.,"A"
"20154","03071564",30,0,"1",585,"D",130,"D",.,"A",650,"D",0,"D",.,"A",.,"A",455,"D",0,"D",.,"A",.,"A",.,"A",.,"A"
"20154","03071664",55,0,"1",2600,"D",390,"D",.,"A",1040,"D",45,"D",.,"A",.,"A",2210,"D",150,"D",.,"A",.,"A",.,"A",.,"A"
"20154","03071704",30,0,"1",1950,"D",260,"D",.,"A",1105,"D",0,"D",.,"A",180,"D",1690,"D",0,"D",.,"A",.,"A",364,"D",28,"D"
"20154","03071854",68,0,"1",2600,"D",260,"D",.,"A",390,"D",15,"D",.,"A",.,"A",2340,"D",45,"D",.,"A",.,"A",.,"A",.,"A"
"20154","03071924",78,0,"1",325,"D",130,"D",.,"A",130,"D",0,"D",.,"A",.,"A",195,"D",90,"D",70,"D",910,"D",.,"A",.,"A"
"20154","03072064",56,0,"1",1950,"D",325,"D",.,"A",325,"D",0,"D",.,"A",.,"A",1625,"D",0,"D",.,"A",.,"A",.,"A",.,"A"
"20154","03072204",59,0,"1",4355,"D",585,"D",.,"A",520,"D",0,"D",.,"A",.,"A",3770,"D",0,"D",.,"A",.,"A",.,"A",.,"A"
"20154","03072304",21,0,"1",1560,"D",390,"D",.,"A",585,"D",75,"D",.,"A",.,"A",1170,"D",75,"D",.,"A",.,"A",.,"A",.,"A"
"20154","03072344",31,0,"1",1300,"D",325,"D",.,"A",0,"D",0,"D",.,"A",.,"A",975,"D",0,"D",20,"D",260,"D",.,"A",.,"A"
"20154","03072474",28,0,"1",1950,"D",195,"D",.,"A",0,"D",0,"D",.,"A",.,"A",1755,"D",0,"D",.,"A",.,"A",.,"A",.,"A"
"20154","03072584",19,0,"1",1300,"D",195,"D",.,"A",130,"D",0,"D",.,"A",.,"A",1105,"D",0,"D",.,"A",.,"A",.,"A",.,"A"
"20154","03072834",40,0,"1",1300,"D",325,"D",130,"D",260,"D",0,"D",.,"A",144,"D",975,"D",120,"D",15,"D",195,"D",.,"A",.,"A"
"20154","03073064",26,0,"1",1300,"D",130,"D",.,"A",0,"D",0,"D",.,"A",.,"A",1170,"D",0,"D",.,"A",.,"A",.,"A",.,"A"
"20154","03073084",56,0,"1",1300,"D",390,"D",130,"D",650,"D",0,"D",.,"A",.,"A",910,"D",60,"D",.,"A",.,"A",.,"A",.,"A"
"20154","03073194",24,0,"1",1300,"D",325,"D",.,"A",390,"D",0,"D",.,"A",.,"A",975,"D",0,"D",.,"A",.,"A",.,"A",.,"A"
"20154","03073254",52,0,"1",1300,"D",325,"D",.,"A",130,"D",90,"D",.,"A",.,"A",975,"D",600,"D",.,"A",.,"A",.,"A",.,"A"
"20154","03073384",16,0,"1",2275,"D",325,"D",.,"A",650,"D",0,"D",.,"A",.,"A",1950,"D",0,"D",.,"A",.,"A",.,"A",.,"A"
"20154","03073414",38,0,"1",650,"D",0,"D",325,"D",1625,"D",0,"D",.,"A",.,"A",650,"D",0,"D",42,"D",546,"D",.,"A",.,"A"
"20154","03073564",47,0,"1",897,"D",65,"D",520,"D",0,"D",0,"D",.,"A",.,"A",832,"D",0,"D",.,"A",.,"A",104,"D",8,"D"
"20154","03073584",9,0,"1",975,"D",195,"D",.,"A",0,"D",0,"D",.,"A",.,"A",780,"D",60,"D",20,"D",260,"D",.,"A",.,"A"
"20154","03073734",16,0,"1",2275,"D",325,"D",.,"A",260,"D",0,"D",.,"A",.,"A",1950,"D",0,"D",.,"A",.,"A",.,"A",.,"A"
"20154","03074034",33,0,"1",1625,"D",455,"D",.,"A",520,"D",0,"D",.,"A",.,"A",1170,"D",0,"D",.,"A",.,"A",.,"A",.,"A"
"20154","03074114",34,0,"1",1560,"D",260,"D",.,"A",325,"D",0,"D",.,"A",.,"A",1300,"D",0,"D",.,"A",.,"A",.,"A",.,"A"
"20154","03074264",16,0,"1",1300,"D",507,"D",.,"A",520,"D",0,"D",.,"A",.,"A",793,"D",0,"D",.,"A",.,"A",.,"A",.,"A"
"20154","03074304",24,0,"1",520,"D",65,"D",.,"A",390,"D",0,"D",.,"A",.,"A",455,"D",0,"D",.,"A",.,"A",.,"A",.,"A"
"20154","03074474",41,0,"1",1300,"D",0,"D",.,"A",130,"D",0,"D",.,"A",.,"A",1300,"D",0,"D",.,"A",.,"A",.,"A",.,"A"
"20154","03074534",13,0,"1",650,"D",130,"D",.,"A",0,"D",0,"D",.,"A",.,"A",520,"D",18,"D",10,"D",130,"D",.,"A",.,"A"
"20154","03074774",11,0,"1",975,"D",325,"D",.,"A",0,"D",0,"D",.,"A",.,"A",650,"D",0,"D",20,"D",260,"D",.,"A",.,"A"
"20154","03074814",30,0,"1",1950,"D",390,"D",0,"D",1300,"D",150,"D",.,"A",.,"A",1560,"D",90,"D",.,"A",.,"A",.,"A",.,"A"
"20154","03075014",18,0,"1",1950,"D",130,"D",.,"A",0,"D",0,"D",.,"A",.,"A",1820,"D",0,"D",.,"A",.,"A",.,"A",.,"A"
"20154","03075034",36,0,"1",938,"F",.,"A",.,"A",520,"D",0,"D",.,"A",.,"A",764,"F",24,"D",.,"A",.,"A",.,"A",.,"A"
"20154","03075094",8,0,"1",1300,"D",650,"D",.,"A",0,"D",0,"D",.,"A",.,"A",650,"D",0,"D",20,"D",260,"D",.,"A",.,"A"
"20154","03075184",41,0,"1",1950,"D",195,"D",.,"A",0,"D",0,"D",.,"A",.,"A",1755,"D",0,"D",20,"D",260,"D",.,"A",.,"A"
"20154","03075224",25,0,"1",390,"D",0,"D",.,"A",442,"D",0,"D",.,"A",.,"A",390,"D",0,"D",.,"A",.,"A",.,"A",.,"A"
"20154","03075294",39,0,"1",1300,"D",650,"D",.,"A",1950,"D",60,"D",.,"A",.,"A",650,"D",60,"D",.,"A",.,"A",.,"A",.,"A"
"20154","03075404",18,0,"1",2210,"D",390,"D",.,"A",650,"D",0,"D",.,"A",.,"A",1820,"D",0,"D",.,"A",.,"A",.,"A",.,"A"
"20154","03075454",20,0,"1",650,"D",65,"D",.,"A",0,"D",0,"D",.,"A",.,"A",585,"D",0,"D",.,"A",.,"A",.,"A",.,"A"
"20154","03075614",17,0,"1",650,"D",130,"D",.,"A",0,"D",0,"D",.,"A",.,"A",520,"D",0,"D",.,"A",.,"A",.,"A",.,"A"
"20154","03075664",28,0,"1",650,"D",325,"D",390,"D",520,"D",0,"D",.,"A",.,"A",325,"D",120,"D",.,"A",.,"A",.,"A",.,"A"
"20154","03075744",30,0,"1",1950,"D",650,"D",.,"A",845,"D",90,"D",.,"A",.,"A",1300,"D",600,"D",35,"D",455,"D",.,"A",.,"A"
"20154","03075884",60,0,"1",1625,"D",260,"D",.,"A",325,"D",0,"D",.,"A",.,"A",1365,"D",0,"D",.,"A",.,"A",.,"A",.,"A"
"20154","03075964",36,0,"1",1300,"D",520,"D",.,"A",156,"D",0,"D",.,"A",.,"A",780,"D",0,"D",54,"D",702,"D",.,"A",.,"A"
"20154","03075984",25,0,"1",780,"D",65,"D",.,"A",0,"D",0,"D",.,"A",.,"A",715,"D",0,"D",.,"A",.,"A",.,"A",.,"A"
"20154","03076044",38,0,"1",1300,"D",650,"D",.,"A",260,"D",0,"D",.,"A",.,"A",650,"D",60,"D",.,"A",.,"A",.,"A",.,"A"
"20154","03076154",32,0,"1",1040,"D",195,"D",.,"A",650,"D",0,"D",.,"A",.,"A",845,"D",0,"D",.,"A",.,"A",.,"A",.,"A"
"20154","03076454",44,0,"1",1300,"D",390,"D",.,"A",780,"D",0,"D",.,"A",.,"A",910,"D",0,"D",.,"A",.,"A",283,"F",.,"C"
"20154","03076704",64,0,"1",1482,"D",260,"D",.,"A",1898,"D",0,"D",.,"A",.,"A",1222,"D",0,"D",.,"A",.,"A",.,"A",.,"A"
"20154","03076804",50,0,"1",2080,"D",130,"D",.,"A",260,"D",0,"D",.,"A",.,"A",1950,"D",0,"D",.,"A",.,"A",.,"A",.,"A"
"20154","03076854",23,0,"1",650,"D",650,"D",.,"A",975,"D",0,"D",.,"A",.,"A",0,"D",0,"D",.,"A",.,"A",.,"A",.,"A"
"20154","03076884",30,0,"1",1300,"D",91,"D",.,"A",195,"D",0,"D",.,"A",.,"A",1209,"D",0,"D",60,"D",780,"D",.,"A",.,"A"
"20154","03076934",33,0,"1",2678,"D",520,"D",.,"A",1300,"D",30,"D",.,"A",.,"A",2158,"D",75,"D",.,"A",.,"A",.,"A",.,"A"
"20154","03077094",33,0,"1",6500,"D",650,"D",.,"A",0,"D",0,"D",.,"A",.,"A",5850,"D",0,"D",.,"A",.,"A",130,"D",10,"D"
"20154","03077114",79,0,"1",2990,"D",390,"D",130,"D",2600,"D",206,"F",.,"A",.,"A",2600,"D",213,"F",.,"A",.,"A",.,"A",.,"A"
"20154","03077354",18,0,"1",1950,"D",130,"D",.,"A",0,"D",0,"D",.,"A",.,"A",1820,"D",0,"D",.,"A",.,"A",.,"A",.,"A"
"20154","03077484",15,0,"1",1300,"D",130,"D",.,"A",390,"D",0,"D",.,"A",.,"A",1170,"D",0,"D",73,"D",949,"D",.,"A",.,"A"
"20154","03077554",33,0,"1",975,"D",325,"D",.,"A",390,"D",100,"F",.,"A",.,"A",650,"D",0,"D",.,"A",.,"A",.,"A",.,"A"
"20154","03077634",54,0,"1",1300,"D",195,"D",.,"A",975,"D",225,"D",.,"A",.,"A",1105,"D",375,"D",.,"A",.,"A",.,"A",.,"A"
"20154","03077784",25,0,"1",260,"D",65,"D",.,"A",195,"D",0,"D",.,"A",.,"A",195,"D",0,"D",.,"A",.,"A",.,"A",.,"A"
"20154","03077864",40,0,"1",1105,"D",130,"D",.,"A",0,"D",0,"D",.,"A",.,"A",975,"D",0,"D",.,"A",.,"A",156,"D",12,"D"
"20154","03078094",26,0,"1",1300,"D",520,"D",.,"A",520,"D",0,"D",.,"A",.,"A",780,"D",0,"D",10,"D",130,"D",130,"D",10,"D"
"20154","03078284",26,0,"1",1950,"D",260,"D",.,"A",260,"D",0,"D",.,"A",.,"A",1690,"D",60,"D",.,"A",.,"A",.,"A",.,"A"
"20154","03078484",39,0,"1",1950,"D",780,"D",.,"A",0,"D",0,"D",.,"A",.,"A",1170,"D",0,"D",.,"A",.,"A",.,"A",.,"A"
"20154","03078554",51,0,"1",1209,"D",234,"D",520,"D",260,"D",0,"D",.,"A",.,"A",975,"D",180,"D",2,"D",26,"D",.,"A",.,"A"
"20154","03078614",25,0,"1",1560,"D",260,"D",.,"A",390,"D",0,"D",.,"A",.,"A",1300,"D",150,"D",70,"D",910,"D",.,"A",.,"A"
"20154","03078704",39,0,"1",975,"D",325,"D",.,"A",104,"D",0,"D",.,"A",50,"D",650,"D",0,"D",.,"A",.,"A",.,"A",.,"A"
"20154","03078734",18,0,"1",715,"D",130,"D",.,"A",260,"D",30,"D",.,"A",.,"A",585,"D",30,"D",.,"A",.,"A",.,"A",.,"A"
"20154","03079084",30,0,"1",715,"D",130,"D",.,"A",260,"D",240,"D",.,"A",.,"A",585,"D",45,"D",.,"A",.,"A",.,"A",.,"A"
"20154","03079154",31,0,"1",910,"D",325,"D",65,"D",0,"D",0,"D",.,"A",.,"A",585,"D",0,"D",.,"A",.,"A",.,"A",.,"A"
"20154","03079174",18,0,"1",1300,"D",260,"D",.,"A",650,"D",120,"F",.,"A",.,"A",1040,"D",0,"D",.,"A",.,"A",.,"A",.,"A"
"20154","03079284",21,0,"1",1560,"D",260,"D",.,"A",0,"D",0,"D",.,"A",.,"A",1300,"D",78,"F",50,"D",650,"D",.,"A",.,"A"
"20154","03079504",29,0,"1",650,"D",26,"D",.,"A",650,"D",0,"D",.,"A",.,"A",624,"D",0,"D",.,"A",.,"A",.,"A",.,"A"
"20154","03079574",68,0,"1",3250,"D",975,"D",.,"A",1950,"D",0,"D",.,"A",.,"A",2275,"D",0,"D",.,"A",.,"A",.,"A",.,"A"
"20154","03079974",11,0,"1",1549,"F",.,"A",.,"A",870,"F",175,"F",.,"A",.,"A",1261,"F",191,"F",.,"A",.,"A",.,"A",.,"A"
"20154","03080014",52,0,"1",1495,"D",195,"D",.,"A",325,"D",15,"D",.,"A",.,"A",1300,"D",15,"D",.,"A",.,"A",.,"A",.,"A"
"20154","03080074",55,0,"1",1170,"D",260,"D",.,"A",390,"D",0,"D",.,"A",.,"A",910,"D",0,"D",.,"A",.,"A",.,"A",.,"A"
"20154","03080144",27,0,"1",650,"D",0,"D",.,"A",325,"D",0,"D",.,"A",.,"A",650,"D",0,"D",.,"A",.,"A",.,"A",.,"A"
"20154","03080194",39,0,"1",650,"D",195,"D",.,"A",104,"D",0,"D",.,"A",.,"A",455,"D",0,"D",.,"A",.,"A",.,"A",.,"A"
"20154","03080264",23,0,"1",2925,"D",260,"D",.,"A",1300,"D",0,"D",.,"A",.,"A",2665,"D",0,"D",.,"A",.,"A",.,"A",.,"A"
"20154","03080284",23,0,"1",1625,"D",130,"D",650,"D",650,"D",0,"D",.,"A",40,"D",1495,"D",0,"D",.,"A",.,"A",.,"A",.,"A"
"20154","03080364",23,0,"1",900,"F",.,"A",.,"A",0,"D",100,"F",.,"A",.,"A",723,"F",98,"F",.,"A",.,"A",.,"A",.,"A"
"20154","03080614",52,0,"1",1560,"D",260,"D",130,"D",390,"D",120,"D",.,"A",.,"A",1300,"D",120,"D",.,"A",.,"A",.,"A",.,"A"
"20154","03080624",50,0,"1",936,"D",65,"D",.,"A",0,"D",0,"D",.,"A",.,"A",871,"D",0,"D",.,"A",.,"A",.,"A",.,"A"
"20154","03080674",23,0,"1",1300,"D",260,"D",.,"A",260,"D",0,"D",324,"F",.,"A",1040,"D",0,"D",40,"D",520,"D",.,"A",.,"A"
"20154","03081194",40,0,"1",1625,"D",260,"D",.,"A",0,"D",0,"D",.,"A",.,"A",1365,"D",0,"D",37,"D",481,"D",.,"A",.,"A"
"20154","03081394",40,0,"1",2405,"D",1105,"D",.,"A",0,"D",0,"D",.,"A",.,"A",1300,"D",60,"D",64,"D",832,"D",.,"A",.,"A"
"20154","03081424",33,0,"1",1950,"D",195,"D",.,"A",0,"D",0,"D",.,"A",.,"A",1755,"D",435,"D",.,"A",.,"A",.,"A",.,"A"
"20154","03081434",29,0,"1",1430,"D",260,"D",.,"A",0,"D",0,"D",.,"A",.,"A",1170,"D",60,"D",.,"A",.,"A",.,"A",.,"A"
"20154","03081554",21,0,"1",1300,"D",325,"D",260,"D",520,"D",0,"D",.,"A",.,"A",975,"D",0,"D",.,"A",.,"A",.,"A",.,"A"
"20154","03081734",85,0,"1",1105,"D",455,"D",.,"A",130,"D",90,"D",.,"A",.,"A",650,"D",30,"D",.,"A",.,"A",.,"A",.,"A"
"20154","03081914",64,0,"1",2210,"D",390,"D",130,"D",195,"D",30,"D",.,"A",.,"A",1820,"D",75,"D",40,"D",520,"D",.,"A",.,"A"
"20154","03081974",34,0,"1",975,"D",260,"D",.,"A",260,"D",75,"D",.,"A",.,"A",715,"D",75,"D",10,"D",130,"D",.,"A",.,"A"
"20154","03082094",34,0,"1",650,"D",0,"D",234,"D",520,"D",0,"D",.,"A",.,"A",650,"D",0,"D",.,"A",.,"A",52,"D",4,"D"
"20154","03082214",23,0,"1",455,"D",0,"D",.,"A",520,"D",0,"D",.,"A",.,"A",455,"D",0,"D",.,"A",.,"A",.,"A",.,"A"
"20154","03082244",34,0,"1",2271,"F",.,"A",.,"A",780,"D",0,"D",.,"A",.,"A",1879,"F",0,"D",.,"C",611,"F",.,"A",.,"A"
"20154","03082254",35,0,"1",1950,"D",780,"D",130,"D",325,"D",0,"D",130,"D",.,"A",1170,"D",0,"D",.,"A",.,"A",.,"A",.,"A"
"20154","03082364",26,0,"1",2600,"D",1300,"D",.,"A",650,"D",21,"D",.,"A",.,"A",1300,"D",60,"D",.,"A",.,"A",130,"D",10,"D"
"20154","03082744",26,0,"1",1300,"D",471,"F",.,"A",0,"D",0,"D",.,"A",.,"A",1879,"F",0,"D",.,"A",.,"A",.,"A",.,"A"
"20154","03082814",38,0,"1",2271,"F",.,"A",.,"A",744,"F",6,"D",.,"A",.,"A",1879,"F",6,"D",.,"A",.,"A",.,"A",.,"A"
"20154","03082904",33,0,"1",1300,"D",130,"D",.,"A",1690,"D",0,"D",.,"A",.,"A",1170,"D",0,"D",25,"D",325,"D",.,"A",.,"A"
"20154","03082994",36,0,"1",1560,"D",390,"D",260,"D",325,"D",0,"D",.,"A",300,"D",1170,"D",0,"D",.,"A",.,"A",.,"A",.,"A"
"20154","03083044",25,0,"1",650,"D",65,"D",65,"D",0,"D",0,"D",.,"A",.,"A",585,"D",75,"D",.,"A",.,"A",.,"A",.,"A"
"20154","03083124",22,0,"1",1300,"D",390,"D",.,"A",0,"D",0,"D",.,"A",.,"A",910,"D",0,"D",.,"A",.,"A",.,"A",.,"A"
"20154","03083134",21,0,"1",1950,"D",0,"D",.,"A",520,"D",0,"D",.,"A",.,"A",1950,"D",0,"D",.,"A",.,"A",.,"A",.,"A"
"20154","03083174",9,0,"1",2340,"D",390,"D",.,"A",0,"D",0,"D",.,"A",.,"A",1950,"D",0,"D",.,"A",.,"A",.,"A",.,"A"
"20154","03083204",40,0,"1",715,"D",65,"D",.,"A",260,"D",0,"D",.,"A",45,"D",650,"D",0,"D",.,"A",.,"A",.,"A",.,"A"
"20154","03083244",19,0,"1",325,"D",65,"D",.,"A",0,"D",0,"D",.,"A",.,"A",260,"D",0,"D",.,"A",.,"A",.,"A",.,"A"
"20154","03083334",36,0,"1",1300,"D",390,"D",.,"A",1235,"D",0,"D",.,"A",.,"A",910,"D",0,"D",.,"A",.,"A",130,"D",10,"D"
"20154","03083504",12,0,"1",1300,"D",325,"D",.,"A",780,"D",0,"D",.,"A",240,"D",975,"D",0,"D",.,"A",.,"A",.,"A",.,"A"
"20154","03083584",23,0,"1",2600,"D",650,"D",434,"F",325,"D",139,"F",.,"A",520,"D",1950,"D",160,"F",.,"A",.,"A",.,"A",.,"A"
"20154","03083594",27,0,"1",1300,"D",260,"D",130,"D",130,"D",0,"D",.,"A",42,"D",1040,"D",0,"D",.,"A",.,"A",.,"A",.,"A"
"20154","03083894",32,0,"1",390,"D",195,"D",.,"A",260,"D",0,"D",.,"A",.,"A",195,"D",0,"D",.,"A",.,"A",.,"A",.,"A"
"20154","03083924",29,0,"1",1300,"D",169,"D",.,"A",1950,"D",0,"D",.,"A",.,"A",1131,"D",0,"D",.,"A",.,"A",.,"A",.,"A"
"20154","03084124",46,0,"1",1625,"D",325,"D",.,"A",325,"D",75,"D",.,"A",.,"A",1300,"D",225,"D",42,"D",546,"D",.,"A",.,"A"
"20154","03084174",19,0,"1",650,"D",195,"D",.,"A",0,"D",0,"D",.,"A",.,"A",455,"D",0,"D",.,"A",.,"A",.,"A",.,"A"
"20154","03084324",27,0,"1",1950,"D",650,"D",260,"D",325,"D",0,"D",.,"A",.,"A",1300,"D",90,"D",15,"D",195,"D",.,"A",.,"A"
"20154","03084774",21,0,"1",2600,"D",325,"D",0,"D",130,"D",0,"D",.,"A",.,"A",2275,"D",0,"D",.,"A",.,"A",.,"A",.,"A"
"20154","03084834",17,0,"1",3250,"D",650,"D",.,"A",1300,"D",150,"D",.,"A",.,"A",2600,"D",240,"D",.,"A",.,"A",.,"A",.,"A"
"20154","03085374",44,0,"1",1300,"D",325,"D",.,"A",325,"D",0,"D",.,"A",.,"A",975,"D",0,"D",35,"D",455,"D",.,"A",.,"A"
"20154","03085454",42,0,"1",1300,"D",130,"D",.,"A",390,"D",0,"D",.,"A",.,"A",1170,"D",0,"D",50,"D",650,"D",.,"A",.,"A"
"20154","03085474",26,0,"1",975,"D",195,"D",.,"A",130,"D",0,"D",.,"A",.,"A",780,"D",0,"D",.,"A",.,"A",.,"A",.,"A"
"20154","03085554",13,0,"1",585,"D",0,"D",.,"A",130,"D",0,"D",.,"A",.,"A",585,"D",0,"D",.,"A",.,"A",.,"A",.,"A"
"20154","03085564",17,0,"1",1300,"D",260,"D",260,"D",650,"D",0,"D",.,"A",.,"A",1040,"D",0,"D",.,"A",.,"A",.,"A",.,"A"
"20154","03085574",42,0,"1",325,"D",65,"D",.,"A",650,"D",0,"D",.,"A",198,"D",260,"D",60,"D",.,"A",.,"A",.,"A",.,"A"
"20154","03085924",43,0,"1",1495,"D",650,"D",.,"A",65,"D",0,"D",.,"A",.,"A",845,"D",0,"D",.,"A",.,"A",.,"A",.,"A"
"20154","03086034",42,0,"1",1300,"D",260,"D",.,"A",156,"D",0,"D",.,"A",.,"A",1040,"D",300,"D",.,"A",.,"A",.,"A",.,"A"
"20154","03086124",43,0,"1",1625,"D",195,"D",.,"A",390,"D",0,"D",.,"A",.,"A",1430,"D",120,"D",.,"A",.,"A",.,"A",.,"A"
"20154","03086504",31,0,"1",1950,"D",260,"D",130,"D",260,"D",6,"D",.,"A",.,"A",1690,"D",6,"D",25,"D",325,"D",.,"A",.,"A"
"20154","03086574",44,0,"1",650,"D",65,"D",.,"A",390,"D",60,"D",.,"A",.,"A",585,"D",30,"D",.,"A",.,"A",.,"A",.,"A"
"20154","03086604",14,0,"1",520,"D",390,"D",65,"D",260,"D",0,"D",.,"A",.,"A",130,"D",0,"D",5,"D",65,"D",.,"A",.,"A"
"20154","03086634",16,0,"1",650,"D",130,"D",.,"A",0,"D",0,"D",.,"A",.,"A",520,"D",0,"D",.,"A",.,"A",.,"A",.,"A"
"20154","03086714",19,0,"1",650,"D",130,"D",.,"A",390,"D",0,"D",.,"A",.,"A",520,"D",0,"D",.,"A",.,"A",.,"A",.,"A"
"20154","03086734",60,0,"1",1690,"D",130,"D",.,"A",1300,"D",0,"D",.,"A",.,"A",1560,"D",255,"D",.,"A",.,"A",.,"A",.,"A"
"20154","03086864",61,0,"1",780,"D",130,"D",.,"A",130,"D",15,"D",.,"A",.,"A",650,"D",30,"D",.,"A",.,"A",.,"A",.,"A"
"20154","03086944",42,0,"1",1950,"D",650,"D",.,"A",650,"D",0,"D",.,"A",.,"A",1300,"D",0,"D",.,"A",.,"A",.,"A",.,"A"
"20154","03087064",28,0,"1",1950,"D",455,"D",.,"A",260,"D",0,"D",.,"A",.,"A",1495,"D",30,"D",.,"A",.,"A",.,"A",.,"A"
"20154","03087114",23,0,"1",650,"D",0,"D",.,"A",0,"D",0,"D",.,"A",.,"A",650,"D",0,"D",38,"D",494,"D",.,"A",.,"A"
"20154","03087344",28,0,"1",1300,"D",130,"D",.,"A",1300,"D",0,"D",.,"A",.,"A",1170,"D",0,"D",20,"D",260,"D",.,"A",.,"A"
"20154","03087684",27,0,"1",520,"D",91,"D",.,"A",130,"D",0,"D",.,"A",.,"A",429,"D",0,"D",.,"A",.,"A",.,"A",.,"A"
"20154","03087714",36,0,"1",1950,"D",650,"D",.,"A",650,"D",30,"D",.,"A",.,"A",1300,"D",60,"D",.,"A",.,"A",.,"A",.,"A"
"20154","03087824",25,0,"1",1300,"D",260,"D",.,"A",1300,"D",60,"D",.,"A",.,"A",1040,"D",60,"D",.,"A",.,"A",.,"A",.,"A"
"20154","03087904",20,0,"1",780,"D",130,"D",.,"A",325,"D",0,"D",.,"A",.,"A",650,"D",0,"D",.,"A",.,"A",.,"A",.,"A"
"20154","03087934",22,0,"1",1690,"D",520,"D",.,"A",195,"D",0,"D",.,"A",.,"A",1170,"D",0,"D",16,"D",208,"D",.,"A",.,"A"
"20154","03087964",90,0,"1",2600,"D",455,"D",.,"A",1014,"D",45,"D",.,"A",.,"A",2145,"D",180,"D",.,"A",.,"A",.,"A",.,"A"
"20154","03088014",14,0,"1",975,"D",65,"D",.,"A",0,"D",0,"D",.,"A",.,"A",910,"D",0,"D",.,"A",.,"A",.,"A",.,"A"
"20154","03088294",27,0,"1",2600,"D",780,"D",.,"A",390,"D",0,"D",520,"D",.,"A",1820,"D",0,"D",35,"D",455,"D",.,"A",.,"A"
"20154","03088723",22,0,"1",1300,"D",0,"D",.,"A",1170,"D",0,"D",.,"A",25,"D",1300,"D",60,"D",.,"A",.,"A",390,"D",30,"D"
"20154","03088743",39,0,"1",520,"D",130,"D",325,"D",1300,"D",150,"D",.,"A",.,"A",390,"D",120,"D",.,"A",.,"A",.,"A",.,"A"
"20154","03088783",13,0,"1",1950,"D",390,"D",.,"A",0,"D",0,"D",.,"A",.,"A",1560,"D",0,"D",.,"A",.,"A",.,"A",.,"A"
"20154","03088834",27,0,"1",975,"D",195,"D",.,"A",130,"D",0,"D",.,"A",.,"A",780,"D",0,"D",.,"A",.,"A",.,"A",.,"A"
"20154","03088884",25,0,"1",1534,"F",.,"A",.,"A",733,"F",0,"D",.,"A",.,"A",1237,"F",0,"D",.,"A",.,"A",.,"A",.,"A"
"20154","03088893",42,0,"1",390,"D",130,"D",.,"A",325,"D",75,"D",.,"A",.,"A",260,"D",0,"D",.,"A",.,"A",.,"A",.,"A"
"20154","03088904",38,0,"1",1625,"D",445,"F",.,"A",650,"D",6,"D",.,"A",160,"D",1820,"F",90,"D",.,"A",.,"A",.,"A",.,"A"
"20154","03088913",27,0,"1",1300,"D",260,"D",.,"A",0,"D",0,"D",.,"A",.,"A",1040,"D",0,"D",.,"A",.,"A",.,"A",.,"A"
"20154","03088953",62,0,"1",910,"D",260,"D",.,"A",1300,"D",150,"D",.,"A",.,"A",650,"D",180,"D",15,"D",195,"D",.,"A",.,"A"
"20154","03089004",23,0,"1",1560,"D",260,"D",.,"A",260,"D",0,"D",.,"A",.,"A",1300,"D",0,"D",.,"A",.,"A",.,"A",.,"A"
"20154","03089024",26,0,"1",2275,"D",650,"D",.,"A",1040,"D",0,"D",.,"A",.,"A",1625,"D",0,"D",.,"A",.,"A",.,"A",.,"A"
"20154","03089103",33,0,"1",962,"D",104,"D",.,"A",104,"D",6,"D",.,"A",.,"A",858,"D",6,"D",.,"A",.,"A",.,"A",.,"A"
"20154","03089123",15,0,"1",650,"D",65,"D",325,"D",585,"D",0,"D",.,"A",.,"A",585,"D",0,"D",.,"A",.,"A",.,"A",.,"A"
"20154","03089133",55,0,"1",1495,"D",455,"D",.,"A",546,"D",120,"D",.,"A",.,"A",1040,"D",396,"D",.,"A",.,"A",.,"A",.,"A"
"20154","03089163",104,0,"1",2600,"D",650,"D",1300,"D",260,"D",0,"D",.,"A",25,"D",1950,"D",300,"D",15,"D",195,"D",.,"A",.,"A"
"20154","03089203",116,0,"1",2145,"D",65,"D",.,"A",130,"D",0,"D",.,"A",.,"A",2080,"D",0,"D",.,"A",.,"A",.,"A",.,"A"
"20154","03089223",21,0,"1",1716,"D",195,"D",.,"A",104,"D",0,"D",.,"A",.,"A",1521,"D",0,"D",.,"A",.,"A",.,"A",.,"A"
"20154","03089233",17,0,"1",4550,"D",390,"D",.,"A",650,"D",0,"D",.,"A",.,"A",4160,"D",6,"D",.,"A",.,"A",.,"A",.,"A"
"20154","03089264",32,0,"1",1040,"D",390,"D",.,"A",650,"D",30,"D",.,"A",.,"A",650,"D",30,"D",.,"A",.,"A",.,"A",.,"A"
"20154","03089303",27,0,"1",1040,"D",195,"D",.,"A",0,"D",0,"D",.,"A",.,"A",845,"D",0,"D",.,"A",.,"A",.,"A",.,"A"
"20154","03089403",21,0,"1",624,"D",65,"D",.,"A",130,"D",0,"D",.,"A",.,"A",559,"D",0,"D",.,"A",.,"A",.,"A",.,"A"
"20154","03089434",35,0,"1",1625,"D",260,"D",.,"A",1300,"D",150,"D",.,"A",.,"A",1365,"D",75,"D",.,"A",.,"A",.,"A",.,"A"
"20154","03089443",24,0,"1",650,"D",130,"D",.,"A",130,"D",15,"D",.,"A",.,"A",520,"D",60,"D",.,"A",.,"A",.,"A",.,"A"
"20154","03089473",15,0,"1",260,"D",65,"D",.,"A",0,"D",0,"D",.,"A",.,"A",195,"D",0,"D",.,"A",.,"A",.,"A",.,"A"
"20154","03089484",24,0,"1",1950,"D",195,"D",.,"A",650,"D",0,"D",.,"A",.,"A",1755,"D",0,"D",.,"A",.,"A",.,"A",.,"A"
"20154","03089513",43,0,"1",650,"D",130,"D",.,"A",260,"D",0,"D",.,"A",.,"A",520,"D",0,"D",.,"A",.,"A",.,"A",.,"A"
"20154","03089613",22,0,"1",2600,"D",1170,"D",.,"A",780,"D",6,"D",.,"A",.,"A",1430,"D",6,"D",.,"A",.,"A",.,"A",.,"A"
"20154","03089653",58,0,"1",3250,"D",1820,"D",.,"A",650,"D",60,"D",.,"A",.,"A",1430,"D",90,"D",.,"A",.,"A",.,"A",.,"A"
"20154","03089664",40,0,"1",1495,"D",390,"D",.,"A",650,"D",60,"D",.,"A",68,"D",1105,"D",60,"D",.,"A",.,"A",.,"A",.,"A"
"20154","03089753",27,0,"1",1560,"D",650,"D",260,"D",390,"D",0,"D",.,"A",.,"A",910,"D",60,"D",.,"A",.,"A",.,"A",.,"A"
"20154","03089793",49,0,"1",1950,"D",650,"D",.,"A",0,"D",0,"D",.,"A",20,"D",1300,"D",0,"D",45,"D",585,"D",.,"A",.,"A"
"20154","03089813",27,0,"1",650,"D",65,"D",.,"A",195,"D",0,"D",.,"A",.,"A",585,"D",0,"D",30,"D",390,"D",.,"A",.,"A"
"20154","03089833",24,0,"1",520,"D",156,"D",52,"D",104,"D",0,"D",.,"A",.,"A",364,"D",0,"D",.,"A",.,"A",.,"A",.,"A"
"20154","03089914",53,0,"1",1040,"D",260,"D",.,"A",1365,"D",90,"D",.,"A",.,"A",780,"D",0,"D",.,"A",.,"A",.,"A",.,"A"
"20154","03089963",34,0,"1",3250,"D",650,"D",.,"A",390,"D",120,"D",.,"A",.,"A",2600,"D",120,"D",30,"D",390,"D",.,"A",.,"A"
"20154","03090083",23,0,"1",728,"D",78,"D",.,"A",91,"D",0,"D",.,"A",.,"A",650,"D",0,"D",.,"A",.,"A",.,"A",.,"A"
"20154","03090093",26,0,"1",1950,"D",325,"D",.,"A",650,"D",60,"D",.,"A",.,"A",1625,"D",60,"D",.,"A",.,"A",.,"A",.,"A"
"20154","03090164",10,0,"1",650,"D",65,"D",.,"A",0,"D",0,"D",.,"A",.,"A",585,"D",0,"D",.,"A",.,"A",.,"A",.,"A"
"20154","03090223",30,0,"1",2600,"D",650,"D",130,"D",0,"D",0,"D",.,"A",.,"A",1950,"D",114,"F",.,"C",455,"F",.,"A",.,"A"
"20154","03090233",31,0,"1",1300,"D",390,"D",130,"D",260,"D",120,"D",.,"A",.,"A",910,"D",75,"D",.,"A",.,"A",.,"A",.,"A"
"20154","03090243",49,0,"1",1300,"D",0,"D",195,"D",910,"D",48,"D",.,"A",.,"A",1300,"D",0,"D",.,"A",.,"A",.,"A",.,"A"
"20154","03090254",14,0,"1",390,"D",65,"D",.,"A",260,"D",30,"D",.,"A",.,"A",325,"D",60,"D",.,"A",.,"A",.,"A",.,"A"
"20154","03090273",9,0,"1",1430,"D",260,"D",.,"A",156,"D",0,"D",.,"A",.,"A",1170,"D",0,"D",26,"D",338,"D",.,"A",.,"A"
"20154","03090283",22,0,"1",1040,"D",195,"D",260,"D",520,"D",0,"D",.,"A",.,"A",845,"D",0,"D",.,"A",.,"A",.,"A",.,"A"
"20154","03090293",41,0,"1",2600,"D",195,"D",.,"A",520,"D",0,"D",.,"A",221,"F",2405,"D",0,"D",.,"A",.,"A",.,"A",.,"A"
"20154","03090313",46,0,"1",1300,"D",260,"D",91,"D",286,"D",24,"D",.,"A",.,"A",1040,"D",90,"D",.,"A",.,"A",.,"A",.,"A"
"20154","03090383",28,0,"1",1625,"D",65,"D",.,"A",1950,"D",90,"D",.,"A",.,"A",1560,"D",60,"D",.,"A",.,"A",.,"A",.,"A"
"20154","03090393",38,0,"1",1105,"D",52,"D",65,"D",520,"D",0,"D",.,"A",48,"D",1053,"D",0,"D",.,"A",.,"A",.,"A",.,"A"
"20154","03090423",25,0,"1",2600,"D",0,"D",260,"D",1950,"D",0,"D",.,"A",120,"D",2600,"D",210,"D",.,"A",.,"A",.,"A",.,"A"
"20154","03090444",11,0,"1",520,"D",26,"D",26,"D",65,"D",0,"D",90,"D",.,"A",494,"D",0,"D",.,"A",.,"A",.,"A",.,"A"
"20154","03090464",37,0,"1",2600,"D",260,"D",65,"D",65,"D",150,"D",.,"A",.,"A",2340,"D",150,"D",.,"A",.,"A",.,"A",.,"A"
"20154","03090533",62,0,"1",2795,"D",455,"D",.,"A",715,"D",105,"D",.,"A",40,"D",2340,"D",120,"D",50,"D",650,"D",.,"A",.,"A"
"20154","03090544",60,0,"1",1300,"D",650,"D",195,"D",520,"D",30,"D",.,"A",.,"A",650,"D",0,"D",.,"A",.,"A",.,"A",.,"A"
"20154","03090573",26,0,"1",650,"D",0,"D",.,"A",650,"D",0,"D",.,"A",.,"A",650,"D",165,"D",.,"A",.,"A",.,"A",.,"A"
"20154","03090604",44,0,"1",3250,"D",650,"D",.,"A",910,"D",300,"D",.,"A",.,"A",2600,"D",195,"D",56,"D",728,"D",.,"A",.,"A"
"20154","03090673",33,0,"1",195,"D",65,"D",.,"A",1300,"D",900,"D",.,"A",.,"A",130,"D",300,"D",25,"D",325,"D",.,"A",.,"A"
"20154","03090693",24,0,"1",975,"D",390,"D",.,"A",650,"D",0,"D",.,"A",.,"A",585,"D",0,"D",20,"D",260,"D",.,"A",.,"A"
"20154","03090714",28,0,"1",3900,"D",910,"D",.,"A",780,"D",0,"D",130,"D",.,"A",2990,"D",0,"D",.,"A",.,"A",.,"A",.,"A"
"20154","03090723",41,0,"1",1625,"D",325,"D",.,"A",195,"D",0,"D",.,"A",150,"D",1300,"D",0,"D",.,"A",.,"A",.,"A",.,"A"
"20154","03090754",37,0,"1",520,"D",0,"D",.,"A",455,"D",6,"D",.,"A",.,"A",520,"D",6,"D",.,"A",.,"A",.,"A",.,"A"
"20154","03090804",29,0,"1",1300,"D",520,"D",.,"A",65,"D",0,"D",.,"A",.,"A",780,"D",0,"D",100,"D",1300,"D",.,"A",.,"A"
"20154","03090833",38,0,"1",1300,"D",195,"D",.,"A",650,"D",0,"D",.,"A",.,"A",1105,"D",90,"D",56,"D",728,"D",.,"A",.,"A"
"20154","03090853",35,0,"1",2600,"D",390,"D",.,"A",390,"D",0,"D",.,"A",.,"A",2210,"D",0,"D",.,"A",.,"A",.,"A",.,"A"
"20154","03090863",19,0,"1",390,"D",130,"D",.,"A",0,"D",0,"D",.,"A",.,"A",260,"D",0,"D",.,"A",.,"A",.,"A",.,"A"
"20154","03090913",53,0,"1",2600,"D",650,"D",.,"A",2184,"D",0,"D",.,"A",.,"A",1950,"D",60,"D",.,"A",.,"A",.,"A",.,"A"
"20154","03090933",45,0,"1",780,"D",117,"D",78,"D",650,"D",0,"D",.,"A",.,"A",663,"D",124,"F",.,"A",.,"A",.,"A",.,"A"
"20154","03090944",38,0,"1",1300,"D",195,"D",.,"A",65,"D",0,"D",.,"A",.,"A",1105,"D",0,"D",.,"A",.,"A",.,"A",.,"A"
"20154","03090984",20,0,"1",390,"D",156,"D",.,"A",0,"D",0,"D",.,"A",.,"A",234,"D",0,"D",.,"A",.,"A",.,"A",.,"A"
"20154","03091003",29,0,"1",1300,"D",260,"D",.,"A",0,"D",0,"D",.,"A",.,"A",1040,"D",0,"D",24,"D",312,"D",.,"A",.,"A"
"20154","03091034",31,0,"1",3250,"D",975,"D",.,"A",455,"D",15,"D",.,"A",160,"D",2275,"D",150,"D",.,"A",.,"A",.,"A",.,"A"
"20154","03091053",22,0,"1",1300,"D",260,"D",.,"A",65,"D",0,"D",.,"A",.,"A",1040,"D",0,"D",20,"D",260,"D",.,"A",.,"A"
"20154","03091113",28,0,"1",1950,"D",0,"D",.,"A",91,"D",0,"D",.,"A",.,"A",1950,"D",75,"D",.,"A",.,"A",52,"D",4,"D"
"20154","03091143",74,0,"1",1300,"D",260,"D",.,"A",1300,"D",6,"D",.,"A",131,"D",1040,"D",15,"D",.,"A",.,"A",.,"A",.,"A"
"20154","03091163",14,0,"1",1300,"D",260,"D",1300,"D",156,"D",0,"D",.,"A",.,"A",1040,"D",0,"D",.,"A",.,"A",104,"D",8,"D"
"20154","03091174",13,0,"1",650,"D",650,"D",.,"A",130,"D",30,"D",.,"A",.,"A",0,"D",72,"D",.,"A",.,"A",.,"A",.,"A"
"20154","03091193",21,0,"1",2600,"D",260,"D",.,"A",1040,"D",0,"D",.,"A",.,"A",2340,"D",0,"D",.,"A",.,"A",.,"A",.,"A"
"20154","03091214",20,0,"1",975,"D",325,"D",.,"A",910,"D",0,"D",.,"A",.,"A",650,"D",0,"D",.,"A",.,"A",.,"A",.,"A"
"20154","03091234",14,0,"1",975,"D",91,"D",.,"A",0,"D",0,"D",.,"A",.,"A",884,"D",0,"D",40,"D",520,"D",.,"A",.,"A"
"20154","03091243",61,0,"1",975,"D",0,"D",.,"A",260,"D",0,"D",.,"A",.,"A",975,"D",0,"D",.,"A",.,"A",.,"A",.,"A"
"20154","03091263",28,0,"1",1300,"D",130,"D",.,"A",520,"D",30,"D",.,"A",.,"A",1170,"D",30,"D",29,"D",377,"D",.,"A",.,"A"
"20154","03091295",19,0,"1",2080,"D",520,"D",.,"A",650,"D",6,"D",.,"A",.,"A",1560,"D",6,"D",.,"A",.,"A",.,"A",.,"A"
"20154","03091363",38,0,"1",3250,"D",650,"D",.,"A",650,"D",0,"D",.,"A",.,"A",2600,"D",0,"D",.,"A",.,"A",.,"A",.,"A"
"20154","03091373",23,0,"1",650,"D",130,"D",.,"A",0,"D",6,"D",.,"A",.,"A",520,"D",6,"D",.,"A",.,"A",.,"A",.,"A"
"20154","03091403",28,0,"1",975,"D",130,"D",260,"D",130,"D",0,"D",.,"A",.,"A",845,"D",0,"D",.,"A",.,"A",.,"A",.,"A"
"20154","03091433",69,0,"1",585,"D",0,"D",195,"D",195,"D",45,"D",.,"A",.,"A",585,"D",60,"D",.,"A",.,"A",.,"A",.,"A"
"20154","03091453",28,0,"1",650,"D",130,"D",.,"A",390,"D",0,"D",780,"D",.,"A",520,"D",30,"D",.,"A",.,"A",.,"A",.,"A"
"20154","03091473",52,0,"1",1950,"D",650,"D",130,"D",325,"D",60,"D",.,"A",.,"A",1300,"D",300,"D",.,"A",.,"A",.,"A",.,"A"
"20154","03091533",21,0,"1",2600,"D",650,"D",.,"A",650,"D",0,"D",.,"A",.,"A",1950,"D",0,"D",.,"C",629,"F",.,"A",.,"A"
"20154","03091543",42,0,"1",1560,"D",65,"D",.,"A",481,"D",60,"D",.,"A",.,"A",1495,"D",60,"D",.,"A",.,"A",.,"A",.,"A"
"20154","03091593",59,0,"1",1300,"D",130,"D",.,"A",91,"D",110,"F",.,"A",.,"A",1170,"D",36,"D",.,"A",.,"A",.,"A",.,"A"
"20154","03091613",8,0,"1",325,"D",353,"F",.,"A",0,"D",6,"D",.,"A",.,"A",1261,"F",6,"D",.,"A",.,"A",.,"A",.,"A"
"20154","03091653",27,0,"1",1300,"D",0,"D",.,"A",260,"D",0,"D",.,"A",78,"D",1300,"D",60,"D",.,"A",.,"A",.,"A",.,"A"
"20154","03091693",52,0,"1",1950,"D",325,"D",.,"A",650,"D",0,"D",.,"A",.,"A",1625,"D",120,"D",.,"A",.,"A",.,"A",.,"A"
"20154","03091744",46,0,"1",1950,"D",0,"D",.,"A",780,"D",120,"D",.,"A",.,"A",1950,"D",90,"D",.,"A",.,"A",.,"A",.,"A"
"20154","03091753",68,0,"1",1300,"D",443,"F",.,"A",1300,"D",163,"F",.,"A",.,"A",1703,"F",150,"D",.,"A",.,"A",.,"A",.,"A"
"20154","03091784",40,0,"1",1755,"D",260,"D",.,"A",325,"D",0,"D",.,"A",75,"D",1495,"D",0,"D",.,"A",.,"A",.,"A",.,"A"
"20154","03091823",40,0,"1",1950,"D",260,"D",.,"A",1755,"D",0,"D",.,"A",.,"A",1690,"D",0,"D",.,"A",.,"A",.,"A",.,"A"
"20154","03091833",15,0,"1",520,"D",39,"D",.,"A",195,"D",0,"D",.,"A",.,"A",481,"D",60,"D",25,"D",325,"D",.,"A",.,"A"
"20154","03091863",46,0,"1",1300,"D",130,"D",.,"A",650,"D",0,"D",.,"A",.,"A",1170,"D",0,"D",.,"A",.,"A",.,"A",.,"A"
"20154","03091873",19,0,"1",1040,"D",130,"D",.,"A",390,"D",0,"D",.,"A",.,"A",910,"D",30,"D",50,"D",650,"D",.,"A",.,"A"
"20154","03092043",16,0,"1",1170,"D",130,"D",.,"A",0,"D",0,"D",.,"A",.,"A",1040,"D",0,"D",.,"C",497,"F",.,"A",.,"A"
"20154","03092063",15,0,"1",455,"D",91,"D",.,"A",0,"D",0,"D",.,"A",.,"A",364,"D",0,"D",.,"A",.,"A",.,"A",.,"A"
"20154","03092093",36,0,"1",1300,"D",0,"D",.,"A",390,"D",0,"D",.,"A",.,"A",1300,"D",0,"D",.,"A",.,"A",.,"A",.,"A"
"20154","03092143",29,0,"1",3250,"D",650,"D",.,"A",0,"D",0,"D",.,"A",.,"A",2600,"D",0,"D",.,"A",.,"A",.,"A",.,"A"
"20154","03092253",22,0,"1",1950,"D",390,"D",.,"A",0,"D",6,"D",.,"A",66,"D",1560,"D",6,"D",.,"A",.,"A",.,"A",.,"A"
"20154","03092343",40,0,"1",1625,"D",390,"D",.,"A",390,"D",0,"D",.,"A",.,"A",1235,"D",0,"D",.,"A",.,"A",.,"A",.,"A"
"20154","03092363",23,0,"1",1950,"D",195,"D",.,"A",0,"D",0,"D",.,"A",.,"A",1755,"D",0,"D",25,"D",325,"D",.,"A",.,"A"
"20154","03092393",40,0,"1",650,"D",65,"D",.,"A",65,"D",0,"D",.,"A",.,"A",585,"D",30,"D",.,"A",.,"A",.,"A",.,"A"
"20154","03092403",33,0,"1",1040,"D",271,"F",.,"A",0,"D",0,"D",.,"A",.,"A",1046,"F",0,"D",.,"A",.,"A",.,"A",.,"A"
"20154","03092443",73,0,"1",2600,"D",390,"D",.,"A",0,"D",0,"D",.,"A",.,"A",2210,"D",300,"D",.,"A",.,"A",.,"A",.,"A"
"20154","03092453",30,0,"1",1495,"D",260,"D",.,"A",910,"D",0,"D",.,"A",.,"A",1235,"D",0,"D",.,"A",.,"A",.,"A",.,"A"
"20154","03092473",20,0,"1",1040,"D",0,"D",.,"A",325,"D",0,"D",.,"A",.,"A",1040,"D",0,"D",.,"A",.,"A",.,"A",.,"A"
"20154","03092494",19,0,"1",1549,"F",.,"A",.,"A",870,"F",175,"F",.,"A",.,"A",1261,"F",191,"F",.,"A",.,"A",.,"A",.,"A"
"20154","03092563",52,0,"1",1300,"D",0,"D",.,"A",1560,"D",60,"D",.,"A",.,"A",1300,"D",60,"D",.,"A",.,"A",.,"A",.,"A"
"20154","03092725",12,0,"1",0,"D",.,"A",.,"A",0,"D",0,"D",.,"A",.,"A",0,"D",0,"D",.,"A",.,"A",.,"A",.,"A"
"20154","03092734",24,0,"1",1040,"D",130,"D",.,"A",910,"D",60,"D",.,"A",.,"A",910,"D",60,"D",.,"A",.,"A",.,"A",.,"A"
"20154","03092774",44,0,"1",1300,"D",130,"D",.,"A",650,"D",90,"D",.,"A",225,"D",1170,"D",180,"D",40,"D",520,"D",.,"A",.,"A"
"20154","03092793",26,0,"1",1300,"D",260,"D",.,"A",0,"D",0,"D",.,"A",.,"A",1040,"D",0,"D",25,"D",325,"D",.,"A",.,"A"
"20154","03092844",13,0,"1",1950,"D",455,"D",.,"A",0,"D",0,"D",.,"A",.,"A",1495,"D",0,"D",.,"A",.,"A",.,"A",.,"A"
"20154","03092853",51,0,"1",2340,"D",390,"D",130,"D",325,"D",0,"D",.,"A",.,"A",1950,"D",150,"D",.,"A",.,"A",.,"A",.,"A"
"20154","03092873",28,0,"1",1430,"D",130,"D",.,"A",0,"D",0,"D",.,"A",.,"A",1300,"D",0,"D",.,"A",.,"A",.,"A",.,"A"
"20154","03092923",23,0,"1",585,"D",260,"D",.,"A",0,"D",0,"D",.,"A",.,"A",325,"D",0,"D",.,"A",.,"A",.,"A",.,"A"
"20154","03092953",37,0,"1",650,"D",130,"D",.,"A",312,"D",0,"D",.,"A",.,"A",520,"D",0,"D",.,"A",.,"A",.,"A",.,"A"
"20154","03092983",70,0,"1",3835,"D",260,"D",.,"A",975,"D",0,"D",.,"A",.,"A",3575,"D",0,"D",.,"A",.,"A",.,"A",.,"A"
"20154","03092993",42,0,"1",2925,"D",325,"D",.,"A",520,"D",90,"D",.,"A",.,"A",2600,"D",150,"D",.,"A",.,"A",.,"A",.,"A"
"20154","03093004",35,0,"1",975,"D",325,"D",.,"A",390,"D",0,"D",.,"A",.,"A",650,"D",60,"D",.,"A",.,"A",.,"A",.,"A"
"20154","03093033",40,0,"1",780,"D",260,"D",.,"A",650,"D",0,"D",.,"A",.,"A",520,"D",0,"D",.,"A",.,"A",.,"A",.,"A"
"20154","03093053",19,0,"1",2600,"D",390,"D",65,"D",0,"D",0,"D",.,"A",.,"A",2210,"D",0,"D",.,"A",.,"A",.,"A",.,"A"
"20154","03093073",26,0,"1",650,"D",195,"D",.,"A",455,"D",75,"D",.,"A",.,"A",455,"D",75,"D",.,"A",.,"A",.,"A",.,"A"
"20154","03093084",56,0,"1",975,"D",260,"D",.,"A",325,"D",0,"D",.,"A",.,"A",715,"D",0,"D",.,"A",.,"A",.,"A",.,"A"
"20154","03093113",21,0,"1",2600,"D",0,"D",.,"A",0,"D",0,"D",.,"A",.,"A",2600,"D",0,"D",70,"D",910,"D",.,"A",.,"A"
"20154","03093193",22,0,"1",455,"D",65,"D",.,"A",390,"D",0,"D",.,"A",.,"A",390,"D",42,"D",.,"A",.,"A",.,"A",.,"A"
"20154","03093204",9,0,"1",1430,"D",195,"D",.,"A",0,"D",0,"D",.,"A",.,"A",1235,"D",0,"D",.,"A",.,"A",.,"A",.,"A"
"20154","03093214",15,0,"1",1950,"D",260,"D",.,"A",650,"D",0,"D",.,"A",.,"A",1690,"D",0,"D",.,"A",.,"A",.,"A",.,"A"
"20154","03093223",26,0,"1",260,"D",26,"D",.,"A",130,"D",0,"D",.,"A",.,"A",234,"D",0,"D",.,"A",.,"A",.,"A",.,"A"
"20154","03093293",46,0,"1",1300,"D",325,"D",.,"A",455,"D",30,"D",.,"A",.,"A",975,"D",75,"D",25,"D",325,"D",.,"A",.,"A"
"20154","03093324",47,0,"1",2860,"D",650,"D",650,"D",5200,"D",0,"D",.,"A",.,"A",2210,"D",0,"D",.,"A",.,"A",.,"A",.,"A"
"20154","03093403",47,0,"1",1430,"D",286,"D",.,"A",715,"D",0,"D",.,"A",.,"A",1144,"D",0,"D",.,"A",.,"A",.,"A",.,"A"
"20154","03093423",24,0,"1",650,"D",0,"D",.,"A",130,"D",0,"D",.,"A",.,"A",650,"D",0,"D",60,"D",780,"D",.,"A",.,"A"
"20154","03093444",53,0,"1",910,"D",260,"D",.,"A",390,"D",30,"D",.,"A",.,"A",650,"D",45,"D",.,"A",.,"A",.,"A",.,"A"
"20154","03093473",63,0,"1",1300,"D",325,"D",1430,"D",130,"D",0,"D",.,"A",.,"A",975,"D",0,"D",.,"A",.,"A",.,"A",.,"A"
"20154","03093483",70,0,"1",4199,"D",624,"D",.,"A",650,"D",90,"D",.,"A",.,"A",3575,"D",60,"D",.,"A",.,"A",.,"A",.,"A"
"20154","03093494",42,0,"1",3900,"D",910,"D",.,"A",650,"D",0,"D",.,"A",.,"A",2990,"D",15,"D",.,"A",.,"A",.,"A",.,"A"
"20154","03093563",16,0,"1",1183,"D",117,"D",.,"A",650,"D",30,"D",.,"A",.,"A",1066,"D",0,"D",.,"A",.,"A",.,"A",.,"A"
"20154","03093633",37,0,"1",1300,"D",390,"D",.,"A",2600,"D",60,"D",.,"A",.,"A",910,"D",60,"D",.,"A",.,"A",.,"A",.,"A"
"20154","03093663",37,0,"1",650,"D",130,"D",.,"A",0,"D",0,"D",.,"A",.,"A",520,"D",0,"D",.,"A",.,"A",.,"A",.,"A"
"20154","03093673",38,0,"1",3900,"D",1300,"D",.,"A",0,"D",0,"D",.,"A",.,"A",2600,"D",0,"D",50,"D",650,"D",.,"A",.,"A"
"20154","03093683",41,0,"1",1300,"D",290,"F",.,"A",0,"D",48,"D",.,"A",.,"A",1029,"F",75,"D",.,"A",.,"A",.,"A",.,"A"
"20154","03093753",18,0,"1",2600,"D",325,"D",.,"A",650,"D",300,"D",.,"A",.,"A",2275,"D",0,"D",.,"A",.,"A",.,"A",.,"A"
"20154","03093763",36,0,"1",1950,"D",130,"D",.,"A",585,"D",0,"D",.,"A",.,"A",1820,"D",120,"D",.,"A",.,"A",.,"A",.,"A"
"20154","03093784",39,0,"1",845,"D",260,"D",195,"D",260,"D",9,"D",.,"A",.,"A",585,"D",30,"D",18,"D",234,"D",.,"A",.,"A"
"20154","03093803",86,0,"1",5525,"D",1300,"D",.,"A",975,"D",0,"D",.,"A",80,"D",4225,"D",45,"D",.,"A",.,"A",.,"A",.,"A"
"20154","03093823",48,0,"1",1300,"D",325,"D",520,"D",130,"D",0,"D",.,"A",.,"A",975,"D",75,"D",.,"A",.,"A",.,"A",.,"A"
"20154","03093833",43,0,"1",1300,"D",325,"D",.,"A",520,"D",105,"D",.,"A",.,"A",975,"D",120,"D",.,"A",.,"A",.,"A",.,"A"
"20154","03093863",17,0,"1",390,"D",65,"D",.,"A",0,"D",0,"D",.,"A",.,"A",325,"D",0,"D",.,"A",.,"A",.,"A",.,"A"
"20154","03093873",43,0,"1",3250,"D",390,"D",390,"D",975,"D",300,"D",.,"A",.,"A",2860,"D",300,"D",.,"A",.,"A",.,"A",.,"A"
"20154","03093893",39,0,"1",1300,"D",195,"D",.,"A",1300,"D",0,"D",.,"A",.,"A",1105,"D",0,"D",.,"A",.,"A",.,"A",.,"A"
"20154","03093903",35,0,"1",3900,"D",1300,"D",.,"A",650,"D",0,"D",.,"A",.,"A",2600,"D",0,"D",.,"A",.,"A",.,"A",.,"A"
"20154","03093963",32,0,"1",9100,"D",1300,"D",.,"A",325,"D",0,"D",.,"A",.,"A",7800,"D",0,"D",.,"A",.,"A",.,"A",.,"A"
"20154","03093983",45,0,"1",1300,"D",130,"D",.,"A",260,"D",0,"D",.,"A",.,"A",1170,"D",36,"D",.,"A",.,"A",.,"A",.,"A"
"20154","03094013",33,0,"1",2600,"D",520,"D",.,"A",1300,"D",0,"D",.,"A",40,"D",2080,"D",0,"D",.,"A",.,"A",.,"A",.,"A"
"20154","03094024",30,0,"1",1950,"D",260,"D",520,"D",260,"D",0,"D",.,"A",.,"A",1690,"D",0,"D",.,"A",.,"A",.,"A",.,"A"
"20154","03094033",42,0,"1",1300,"D",156,"D",.,"A",0,"D",0,"D",.,"A",.,"A",1144,"D",0,"D",.,"A",.,"A",.,"A",.,"A"
"20154","03094084",64,0,"1",1950,"D",520,"D",.,"A",1820,"D",0,"D",.,"A",.,"A",1430,"D",0,"D",.,"A",.,"A",.,"A",.,"A"
"20154","03094123",28,0,"1",650,"D",156,"D",.,"A",975,"D",36,"D",.,"A",.,"A",494,"D",0,"D",.,"A",.,"A",.,"A",.,"A"
"20154","03094154",41,0,"1",910,"D",130,"D",.,"A",0,"D",0,"D",.,"A",.,"A",780,"D",240,"D",.,"A",.,"A",.,"A",.,"A"
"20154","03094184",27,0,"1",520,"D",65,"D",.,"A",130,"D",0,"D",.,"A",.,"A",455,"D",105,"D",.,"A",.,"A",.,"A",.,"A"
"20154","03094303",32,0,"1",1300,"D",260,"D",.,"A",0,"D",0,"D",.,"A",.,"A",1040,"D",0,"D",.,"A",.,"A",.,"A",.,"A"
"20154","03094373",24,0,"1",2090,"F",.,"A",.,"A",642,"F",79,"F",.,"A",.,"A",1710,"F",114,"F",.,"A",.,"A",.,"A",.,"A"
"20154","03094523",33,0,"1",1482,"D",390,"D",.,"A",182,"D",0,"D",.,"A",200,"D",1092,"D",45,"D",24,"D",312,"D",.,"A",.,"A"
"20154","03094533",18,0,"1",1560,"D",390,"D",.,"A",0,"D",0,"D",.,"A",.,"A",1170,"D",0,"D",14,"D",182,"D",.,"A",.,"A"
"20154","03094543",45,0,"1",650,"D",0,"D",.,"A",130,"D",0,"D",455,"D",.,"A",650,"D",0,"D",.,"A",.,"A",.,"A",.,"A"
"20154","03094594",19,0,"1",975,"D",260,"D",.,"A",130,"D",0,"D",.,"A",.,"A",715,"D",0,"D",.,"A",.,"A",.,"A",.,"A"
"20154","03094603",15,0,"1",520,"D",104,"D",.,"A",0,"D",0,"D",.,"A",.,"A",416,"D",0,"D",.,"A",.,"A",.,"A",.,"A"
"20154","03094654",22,0,"1",1549,"F",.,"A",.,"A",870,"F",0,"D",.,"A",.,"A",1261,"F",0,"D",.,"C",530,"F",.,"A",.,"A"
"20154","03094663",15,0,"1",377,"D",0,"D",.,"A",0,"D",0,"D",.,"A",.,"A",377,"D",0,"D",.,"A",.,"A",.,"A",.,"A"
"20154","03094673",37,0,"1",2271,"F",.,"A",.,"A",744,"F",139,"F",.,"A",.,"A",1879,"F",160,"F",.,"A",.,"A",.,"A",.,"A"
"20154","03094754",13,0,"1",650,"D",0,"D",.,"A",0,"D",0,"D",.,"A",.,"A",650,"D",6,"D",.,"A",.,"A",.,"A",.,"A"
"20154","03094763",20,0,"1",1300,"D",207,"F",.,"A",0,"D",100,"F",.,"A",.,"A",723,"F",98,"F",.,"A",.,"A",.,"A",.,"A"
"20154","03094814",19,0,"1",390,"D",260,"D",1300,"D",1950,"D",0,"D",.,"A",.,"A",130,"D",0,"D",.,"A",.,"A",.,"A",.,"A"
"20154","03094844",34,0,"1",1040,"D",260,"D",195,"D",520,"D",60,"D",.,"A",120,"D",780,"D",60,"D",.,"A",.,"A",.,"A",.,"A"
"20154","03094934",33,0,"1",975,"D",195,"D",.,"A",0,"D",0,"D",.,"A",.,"A",780,"D",0,"D",.,"A",.,"A",.,"A",.,"A"
"20154","03094983",33,0,"1",1625,"D",195,"D",260,"D",364,"D",0,"D",.,"A",.,"A",1430,"D",0,"D",.,"A",.,"A",.,"A",.,"A"
"20154","03095003",17,0,"1",1274,"D",689,"D",.,"A",0,"D",0,"D",.,"A",.,"A",585,"D",0,"D",.,"A",.,"A",.,"A",.,"A"
"20154","03095063",39,0,"1",910,"D",130,"D",260,"D",455,"D",240,"D",.,"A",.,"A",780,"D",98,"F",.,"A",.,"A",.,"A",.,"A"
"20154","03095073",76,0,"1",3900,"D",1300,"D",91,"D",520,"D",0,"D",.,"A",348,"D",2600,"D",0,"D",.,"A",.,"A",.,"A",.,"A"
"20154","03095103",9,0,"1",520,"D",130,"D",260,"D",520,"D",30,"D",.,"A",.,"A",390,"D",30,"D",.,"A",.,"A",.,"A",.,"A"
"20154","03095233",19,0,"1",2080,"D",650,"D",.,"A",585,"D",0,"D",.,"A",.,"A",1430,"D",0,"D",.,"A",.,"A",.,"A",.,"A"
"20154","03095263",26,0,"1",1950,"D",390,"D",260,"D",169,"D",0,"D",.,"A",.,"A",1560,"D",0,"D",.,"A",.,"A",.,"A",.,"A"
"20154","03095283",36,0,"1",1300,"D",325,"D",.,"A",0,"D",0,"D",.,"A",.,"A",975,"D",0,"D",.,"A",.,"A",.,"A",.,"A"
"20154","03095323",46,0,"1",1430,"D",390,"D",.,"A",325,"D",0,"D",.,"A",.,"A",1040,"D",0,"D",.,"A",.,"A",.,"A",.,"A"
"20154","03095373",48,0,"1",975,"D",0,"D",.,"A",0,"D",0,"D",.,"A",.,"A",975,"D",0,"D",20,"D",260,"D",.,"A",.,"A"
"20154","03095394",37,0,"1",1300,"D",0,"D",.,"A",455,"D",9,"D",.,"A",96,"D",1300,"D",90,"D",20,"D",260,"D",.,"A",.,"A"
"20154","03095563",59,0,"1",2340,"D",390,"D",390,"D",1040,"D",0,"D",.,"A",.,"A",1950,"D",0,"D",.,"A",.,"A",.,"A",.,"A"
"20154","03095593",11,0,"1",845,"D",0,"D",.,"A",0,"D",0,"D",.,"A",.,"A",845,"D",0,"D",.,"A",.,"A",.,"A",.,"A"
"20154","03095613",31,0,"1",520,"D",195,"D",.,"A",0,"D",0,"D",.,"A",.,"A",325,"D",0,"D",15,"D",195,"D",.,"A",.,"A"
"20154","03095644",26,0,"1",2210,"D",650,"D",.,"A",390,"D",0,"D",.,"A",.,"A",1560,"D",0,"D",.,"A",.,"A",.,"A",.,"A"
"20154","03095733",33,0,"1",910,"D",455,"D",.,"A",130,"D",0,"D",.,"A",.,"A",455,"D",30,"D",35,"D",455,"D",.,"A",.,"A"
"20154","03095744",22,0,"1",1300,"D",325,"D",.,"A",130,"D",0,"D",.,"A",.,"A",975,"D",0,"D",.,"A",.,"A",.,"A",.,"A"
"20154","03095783",20,0,"1",520,"D",65,"D",.,"A",260,"D",0,"D",.,"A",.,"A",455,"D",0,"D",.,"A",.,"A",.,"A",.,"A"
"20154","03095803",26,0,"1",3900,"D",650,"D",.,"A",260,"D",0,"D",.,"A",.,"A",3250,"D",0,"D",.,"A",.,"A",.,"A",.,"A"
"20154","03095813",31,0,"1",1495,"D",325,"D",.,"A",260,"D",0,"D",.,"A",.,"A",1170,"D",0,"D",.,"A",.,"A",.,"A",.,"A"
"20154","03095954",24,0,"1",1950,"D",390,"D",195,"D",0,"D",0,"D",.,"A",.,"A",1560,"D",0,"D",25,"D",325,"D",.,"A",.,"A"
"20154","03095973",38,0,"1",1950,"D",325,"D",130,"D",2600,"D",0,"D",.,"A",.,"A",1625,"D",0,"D",.,"A",.,"A",.,"A",.,"A"
"20154","03095983",57,0,"1",1950,"D",325,"D",.,"A",325,"D",0,"D",.,"A",.,"A",1625,"D",150,"D",25,"D",325,"D",.,"A",.,"A"
"20154","03096034",17,0,"1",1300,"D",195,"D",.,"A",0,"D",0,"D",.,"A",.,"A",1105,"D",0,"D",.,"A",.,"A",.,"A",.,"A"
"20154","03096043",19,0,"1",1950,"D",390,"D",.,"A",0,"D",0,"D",.,"A",.,"A",1560,"D",0,"D",40,"D",520,"D",.,"A",.,"A"
"20154","03096084",47,0,"1",1300,"D",130,"D",130,"D",130,"D",45,"D",.,"A",.,"A",1170,"D",240,"D",.,"A",.,"A",.,"A",.,"A"
"20154","03096093",29,0,"1",520,"D",130,"D",.,"A",0,"D",0,"D",.,"A",.,"A",390,"D",0,"D",.,"A",.,"A",.,"A",.,"A"
"20154","03096143",39,0,"1",6500,"D",2600,"D",.,"A",1300,"D",0,"D",.,"A",.,"A",3900,"D",150,"D",.,"A",.,"A",.,"A",.,"A"
"20154","03096183",25,0,"1",1950,"D",0,"D",.,"A",1300,"D",0,"D",.,"A",.,"A",1950,"D",90,"D",.,"A",.,"A",.,"A",.,"A"
"20154","03096194",46,0,"1",3250,"D",1300,"D",.,"A",975,"D",300,"D",.,"A",.,"A",1950,"D",600,"D",.,"A",.,"A",.,"A",.,"A"
"20154","03096233",16,0,"1",780,"D",65,"D",.,"A",0,"D",0,"D",.,"A",.,"A",715,"D",0,"D",10,"D",130,"D",.,"A",.,"A"
"20154","03096333",23,0,"1",390,"D",65,"D",.,"A",260,"D",0,"D",.,"A",.,"A",325,"D",0,"D",.,"A",.,"A",.,"A",.,"A"
"20154","03096343",34,0,"1",1040,"D",130,"D",.,"A",260,"D",0,"D",.,"A",.,"A",910,"D",0,"D",50,"D",650,"D",.,"A",.,"A"
"20154","03096433",13,0,"1",650,"D",390,"D",.,"A",390,"D",0,"D",.,"A",.,"A",260,"D",0,"D",.,"A",.,"A",.,"A",.,"A"
"20154","03096444",22,0,"1",2600,"D",260,"D",.,"A",390,"D",0,"D",.,"A",.,"A",2340,"D",0,"D",50,"D",650,"D",.,"A",.,"A"
"20154","03096493",18,0,"1",0,"D",.,"A",.,"A",0,"D",45,"D",.,"A",.,"A",0,"D",45,"D",20,"D",260,"D",.,"A",.,"A"
"20154","03096513",22,0,"1",1300,"D",130,"D",.,"A",0,"D",0,"D",.,"A",.,"A",1170,"D",0,"D",.,"A",.,"A",.,"A",.,"A"
"20154","03096603",40,0,"1",2275,"D",325,"D",.,"A",1300,"D",0,"D",.,"A",.,"A",1950,"D",0,"D",.,"A",.,"A",.,"A",.,"A"
"20154","03096623",25,0,"1",1040,"D",520,"D",.,"A",0,"D",0,"D",.,"A",.,"A",520,"D",0,"D",.,"A",.,"A",.,"A",.,"A"
"20154","03096694",48,0,"1",1703,"D",520,"D",.,"A",390,"D",0,"D",.,"A",.,"A",1183,"D",0,"D",.,"A",.,"A",.,"A",.,"A"
"20154","03096723",25,0,"1",650,"D",65,"D",195,"D",650,"D",0,"D",.,"A",.,"A",585,"D",0,"D",.,"A",.,"A",.,"A",.,"A"
"20154","03096733",21,0,"1",585,"D",195,"D",.,"A",260,"D",0,"D",.,"A",.,"A",390,"D",0,"D",.,"A",.,"A",.,"A",.,"A"
"20154","03096783",46,0,"1",1040,"D",260,"D",650,"D",390,"D",0,"D",.,"A",.,"A",780,"D",240,"D",80,"D",1040,"D",.,"A",.,"A"
"20154","03096853",53,0,"1",1300,"D",520,"D",.,"A",390,"D",0,"D",.,"A",.,"A",780,"D",36,"D",.,"A",.,"A",.,"A",.,"A"
"20154","03096884",47,0,"1",1040,"D",195,"D",.,"A",390,"D",0,"D",.,"A",.,"A",845,"D",0,"D",.,"A",.,"A",.,"A",.,"A"
"20154","03096923",17,0,"1",1170,"D",520,"D",.,"A",390,"D",0,"D",.,"A",.,"A",650,"D",0,"D",.,"A",.,"A",.,"A",.,"A"
"20154","03096954",44,0,"1",1300,"D",130,"D",.,"A",455,"D",30,"D",.,"A",.,"A",1170,"D",105,"D",.,"A",.,"A",.,"A",.,"A"
"20154","03096984",24,0,"1",975,"D",130,"D",.,"A",650,"D",0,"D",.,"A",.,"A",845,"D",0,"D",.,"A",.,"A",.,"A",.,"A"
"20154","03097014",33,0,"1",1300,"D",260,"D",.,"A",1599,"D",600,"D",.,"A",.,"A",1040,"D",60,"D",.,"A",.,"A",.,"A",.,"A"
"20154","03097033",12,0,"1",650,"D",91,"D",.,"A",650,"D",0,"D",.,"A",.,"A",559,"D",0,"D",.,"A",.,"A",.,"A",.,"A"
"20154","03097053",16,0,"1",910,"D",195,"D",.,"A",260,"D",0,"D",.,"A",.,"A",715,"D",0,"D",.,"A",.,"A",.,"A",.,"A"
"20154","03097093",19,0,"1",156,"D",130,"D",.,"A",0,"D",0,"D",.,"A",.,"A",26,"D",75,"D",.,"A",.,"A",.,"A",.,"A"
"20154","03097123",15,0,"1",1300,"D",325,"D",.,"A",195,"D",0,"D",.,"A",.,"A",975,"D",0,"D",.,"A",.,"A",.,"A",.,"A"
"20154","03097184",26,0,"1",1950,"D",260,"D",.,"A",650,"D",0,"D",.,"A",.,"A",1690,"D",30,"D",.,"A",.,"A",.,"A",.,"A"
"20154","03097193",26,0,"1",1300,"D",130,"D",.,"A",0,"D",0,"D",.,"A",.,"A",1170,"D",0,"D",.,"A",.,"A",.,"A",.,"A"
"20154","03097223",27,0,"1",780,"D",0,"D",.,"A",455,"D",0,"D",.,"A",.,"A",780,"D",0,"D",.,"A",.,"A",.,"A",.,"A"
"20154","03097263",14,0,"1",650,"D",353,"F",.,"A",0,"D",0,"D",.,"A",.,"A",1261,"F",0,"D",.,"A",.,"A",.,"A",.,"A"
"20154","03097334",18,0,"1",0,"D",.,"A",.,"A",130,"D",0,"D",.,"A",.,"A",0,"D",6,"D",.,"A",.,"A",.,"A",.,"A"
"20154","03097364",57,0,"1",5200,"D",520,"D",.,"A",910,"D",90,"D",.,"A",120,"D",4680,"D",0,"D",.,"A",.,"A",.,"A",.,"A"
"20154","03097373",45,0,"1",780,"D",65,"D",.,"A",130,"D",0,"D",.,"A",.,"A",715,"D",0,"D",.,"A",.,"A",.,"A",.,"A"
"20154","03097383",21,0,"1",325,"D",65,"D",.,"A",390,"D",0,"D",.,"A",.,"A",260,"D",30,"D",.,"A",.,"A",.,"A",.,"A"
"20154","03097393",22,0,"1",1300,"D",260,"D",.,"A",0,"D",0,"D",.,"A",.,"A",1040,"D",0,"D",.,"A",.,"A",.,"A",.,"A"
"20154","03097404",39,0,"1",2600,"D",325,"D",.,"A",0,"D",0,"D",.,"A",.,"A",2275,"D",0,"D",150,"D",1950,"D",.,"A",.,"A"
"20154","03097444",18,0,"1",2600,"D",0,"D",.,"A",1300,"D",150,"D",.,"A",20,"D",2600,"D",150,"D",.,"A",.,"A",.,"A",.,"A"
"20154","03097473",105,0,"1",1950,"D",455,"D",91,"D",780,"D",0,"D",.,"A",.,"A",1495,"D",0,"D",.,"A",.,"A",.,"A",.,"A"
"20154","03097533",34,0,"1",1950,"D",650,"D",.,"A",325,"D",0,"D",.,"A",.,"A",1300,"D",0,"D",.,"A",.,"A",.,"A",.,"A"
"20154","03097544",45,0,"1",1040,"D",195,"D",.,"A",390,"D",60,"D",.,"A",160,"D",845,"D",24,"D",.,"A",.,"A",.,"A",.,"A"
"20154","03097633",25,0,"1",650,"D",260,"D",.,"A",195,"D",0,"D",130,"D",.,"A",390,"D",0,"D",.,"A",.,"A",.,"A",.,"A"
"20154","03097643",23,0,"1",650,"D",65,"D",130,"D",260,"D",0,"D",.,"A",.,"A",585,"D",0,"D",.,"A",.,"A",.,"A",.,"A"
"20154","03097654",21,0,"1",845,"D",195,"D",260,"D",325,"D",0,"D",.,"A",140,"D",650,"D",0,"D",.,"A",.,"A",.,"A",.,"A"
"20154","03097803",34,0,"1",1625,"D",130,"D",.,"A",650,"D",0,"D",.,"A",.,"A",1495,"D",0,"D",.,"A",.,"A",.,"A",.,"A"
"20154","03097813",38,0,"1",520,"D",26,"D",.,"A",390,"D",0,"D",.,"A",.,"A",494,"D",45,"D",50,"D",650,"D",.,"A",.,"A"
"20154","03097883",22,0,"1",1105,"D",130,"D",.,"A",520,"D",0,"D",.,"A",.,"A",975,"D",0,"D",.,"A",.,"A",.,"A",.,"A"
"20154","03097903",20,0,"1",650,"D",0,"D",.,"A",0,"D",0,"D",.,"A",.,"A",650,"D",75,"D",.,"A",.,"A",.,"A",.,"A"
"20154","03097954",26,0,"1",1040,"D",260,"D",325,"D",260,"D",0,"D",.,"A",.,"A",780,"D",0,"D",15,"D",195,"D",.,"A",.,"A"
"20154","03097963",41,0,"1",780,"D",130,"D",.,"A",0,"D",0,"D",.,"A",.,"A",650,"D",0,"D",.,"A",.,"A",.,"A",.,"A"
"20154","03097983",32,0,"1",1040,"D",130,"D",.,"A",650,"D",0,"D",.,"A",.,"A",910,"D",0,"D",.,"A",.,"A",.,"A",.,"A"
"20154","03097993",36,0,"1",520,"D",195,"D",.,"A",0,"D",0,"D",.,"A",.,"A",325,"D",15,"D",.,"A",.,"A",.,"A",.,"A"
"20154","03098013",14,0,"1",780,"D",65,"D",.,"A",130,"D",0,"D",.,"A",.,"A",715,"D",30,"D",.,"A",.,"A",.,"A",.,"A"
"20154","03098033",41,0,"1",1300,"D",130,"D",.,"A",0,"D",0,"D",.,"A",.,"A",1170,"D",0,"D",.,"A",.,"A",.,"A",.,"A"
"20154","03098133",31,0,"1",1300,"D",195,"D",.,"A",1170,"D",0,"D",.,"A",.,"A",1105,"D",0,"D",.,"A",.,"A",.,"A",.,"A"
"20154","03098144",35,0,"1",650,"D",65,"D",.,"A",0,"D",0,"D",.,"A",.,"A",585,"D",0,"D",.,"A",.,"A",.,"A",.,"A"
"20154","03098153",26,0,"1",1300,"D",260,"D",.,"A",130,"D",0,"D",.,"A",.,"A",1040,"D",0,"D",20,"D",260,"D",.,"A",.,"A"
"20154","03098185",12,0,"1",520,"D",289,"F",.,"A",0,"D",0,"D",.,"A",.,"A",1231,"F",0,"D",.,"A",.,"A",.,"A",.,"A"
"20154","03098194",27,0,"1",325,"D",325,"D",.,"A",390,"D",0,"D",.,"A",.,"A",0,"D",0,"D",.,"A",.,"A",.,"A",.,"A"
"20154","03098203",25,0,"1",1300,"D",650,"D",195,"D",0,"D",0,"D",.,"A",.,"A",650,"D",0,"D",15,"D",195,"D",.,"A",.,"A"
"20154","03098243",25,0,"1",1300,"D",260,"D",.,"A",975,"D",0,"D",.,"A",.,"A",1040,"D",0,"D",.,"A",.,"A",.,"A",.,"A"
"20154","03098263",54,0,"1",975,"D",130,"D",390,"D",195,"D",0,"D",.,"A",.,"A",845,"D",45,"D",.,"A",.,"A",.,"A",.,"A"
"20154","03098313",12,0,"1",0,"D",.,"A",.,"A",0,"D",0,"D",.,"A",.,"A",0,"D",0,"D",.,"A",.,"A",.,"A",.,"A"
"20154","03098363",23,0,"1",1300,"D",390,"D",339,"F",870,"F",0,"D",.,"A",.,"A",910,"D",0,"D",.,"A",.,"A",.,"A",.,"A"
"20154","03098373",34,0,"1",2600,"D",260,"D",.,"A",0,"D",0,"D",.,"A",.,"A",2340,"D",0,"D",.,"A",.,"A",.,"A",.,"A"
"20154","03098393",25,0,"1",130,"D",26,"D",130,"D",130,"D",0,"D",.,"A",.,"A",104,"D",0,"D",.,"A",.,"A",.,"A",.,"A"
"20154","03098403",26,0,"1",1170,"D",520,"D",650,"D",520,"D",0,"D",.,"A",.,"A",650,"D",0,"D",.,"A",.,"A",.,"A",.,"A"
"20154","03098423",28,0,"1",1300,"D",130,"D",130,"D",130,"D",6,"D",.,"A",.,"A",1170,"D",6,"D",.,"A",.,"A",.,"A",.,"A"
"20154","03098463",13,0,"1",520,"D",130,"D",.,"A",0,"D",0,"D",.,"A",.,"A",390,"D",0,"D",8,"D",104,"D",.,"A",.,"A"
"20154","03098493",18,0,"1",1300,"D",325,"D",.,"A",1300,"D",175,"F",.,"A",.,"A",975,"D",191,"F",.,"A",.,"A",.,"A",.,"A"
"20154","03098563",27,0,"1",1950,"D",260,"D",.,"A",130,"D",0,"D",.,"A",.,"A",1690,"D",0,"D",.,"A",.,"A",.,"A",.,"A"
"20154","03098603",61,0,"1",1625,"D",260,"D",.,"A",650,"D",300,"D",.,"A",.,"A",1365,"D",450,"D",.,"A",.,"A",.,"A",.,"A"
"20154","03098624",20,0,"1",455,"D",26,"D",.,"A",39,"D",0,"D",.,"A",.,"A",429,"D",0,"D",.,"A",.,"A",.,"A",.,"A"
"20154","03098683",23,0,"1",1040,"D",0,"D",.,"A",260,"D",0,"D",.,"A",.,"A",1040,"D",0,"D",.,"A",.,"A",.,"A",.,"A"
"20154","03098713",25,0,"1",2210,"D",0,"D",.,"A",0,"D",0,"D",.,"A",.,"A",2210,"D",90,"D",50,"D",650,"D",.,"A",.,"A"
"20154","03098754",32,0,"1",1950,"D",260,"D",.,"A",325,"D",0,"D",.,"A",.,"A",1690,"D",0,"D",25,"D",325,"D",.,"A",.,"A"
"20154","03098803",12,0,"1",975,"D",260,"D",.,"A",554,"F",94,"F",.,"A",.,"A",715,"D",114,"F",.,"A",.,"A",.,"A",.,"A"
"20154","03098813",17,0,"1",520,"D",0,"D",.,"A",0,"D",0,"D",.,"A",.,"A",520,"D",0,"D",4,"D",52,"D",.,"A",.,"A"
"20154","03098854",31,0,"1",1300,"D",0,"D",.,"A",650,"D",0,"D",.,"A",.,"A",1300,"D",0,"D",50,"D",650,"D",.,"A",.,"A"
"20154","03098873",33,0,"1",1950,"D",325,"D",.,"A",104,"D",0,"D",.,"A",.,"A",1625,"D",900,"D",75,"D",975,"D",.,"A",.,"A"
"20154","03098903",19,0,"1",585,"D",195,"D",65,"D",0,"D",0,"D",.,"A",.,"A",390,"D",0,"D",.,"A",.,"A",.,"A",.,"A"
"20154","03098913",7,0,"1",650,"D",130,"D",.,"A",0,"D",0,"D",.,"A",.,"A",520,"D",0,"D",.,"A",.,"A",.,"A",.,"A"
"20154","03098923",26,0,"1",1300,"D",130,"D",.,"A",650,"D",120,"D",.,"A",.,"A",1170,"D",75,"D",.,"A",.,"A",.,"A",.,"A"
"20154","03098973",17,0,"1",1105,"D",0,"D",.,"A",585,"D",0,"D",.,"A",.,"A",1105,"D",0,"D",.,"A",.,"A",.,"A",.,"A"
"20154","03099003",13,0,"1",910,"D",130,"D",.,"A",195,"D",0,"D",.,"A",.,"A",780,"D",0,"D",.,"A",.,"A",.,"A",.,"A"
"20154","03099043",32,0,"1",1625,"D",130,"D",195,"D",0,"D",0,"D",.,"A",.,"A",1495,"D",0,"D",.,"A",.,"A",.,"A",.,"A"
"20154","03099073",36,0,"1",1950,"D",260,"D",.,"A",650,"D",0,"D",.,"A",.,"A",1690,"D",0,"D",25,"D",325,"D",.,"A",.,"A"
"20154","03099084",79,0,"1",1560,"D",260,"D",.,"A",195,"D",30,"D",.,"A",.,"A",1300,"D",45,"D",.,"A",.,"A",.,"A",.,"A"
"20154","03099103",37,0,"1",1300,"D",353,"F",339,"F",870,"F",175,"F",.,"A",.,"A",1261,"F",0,"D",.,"A",.,"A",390,"D",30,"D"
"20154","03099143",52,0,"1",650,"D",0,"D",65,"D",78,"D",0,"D",.,"A",.,"A",650,"D",480,"D",42,"D",546,"D",.,"A",.,"A"
"20154","03099163",85,0,"1",2600,"D",975,"D",130,"D",650,"D",75,"D",.,"A",.,"A",1625,"D",195,"D",.,"A",.,"A",.,"A",.,"A"
"20154","03099193",47,0,"1",900,"F",.,"A",.,"A",65,"D",0,"D",.,"A",.,"A",723,"F",0,"D",.,"A",.,"A",.,"A",.,"A"
"20154","03099203",25,0,"1",1027,"D",65,"D",.,"A",390,"D",0,"D",.,"A",.,"A",962,"D",0,"D",.,"A",.,"A",.,"A",.,"A"
"20154","03099263",18,0,"1",650,"D",130,"D",260,"D",585,"D",0,"D",.,"A",.,"A",520,"D",0,"D",.,"A",.,"A",.,"A",.,"A"
"20154","03099314",13,0,"1",390,"D",65,"D",325,"D",0,"D",300,"D",1170,"D",.,"A",325,"D",30,"D",.,"A",.,"A",.,"A",.,"A"
"20154","03099324",50,0,"1",1560,"D",195,"D",.,"A",169,"D",90,"D",.,"A",.,"A",1365,"D",225,"D",.,"A",.,"A",.,"A",.,"A"
"20154","03099383",82,0,"1",2015,"D",195,"D",.,"A",325,"D",0,"D",.,"A",4,"D",1820,"D",0,"D",.,"A",.,"A",.,"A",.,"A"
"20154","03099414",17,0,"1",1300,"D",130,"D",.,"A",325,"D",30,"D",.,"A",.,"A",1170,"D",90,"D",.,"A",.,"A",.,"A",.,"A"
"20154","03099423",77,0,"1",2600,"D",390,"D",.,"A",650,"D",0,"D",.,"A",.,"A",2210,"D",90,"D",.,"A",.,"A",.,"A",.,"A"
"20154","03099563",40,0,"1",780,"D",130,"D",.,"A",1950,"D",54,"D",.,"A",.,"A",650,"D",0,"D",.,"A",.,"A",.,"A",.,"A"
"20154","03099574",62,0,"1",1300,"D",650,"D",.,"A",650,"D",0,"D",.,"A",.,"A",650,"D",0,"D",.,"A",.,"A",.,"A",.,"A"
"20154","03099603",11,0,"1",390,"D",65,"D",.,"A",0,"D",0,"D",.,"A",.,"A",325,"D",0,"D",.,"A",.,"A",.,"A",.,"A"
"20154","03099644",50,0,"1",2600,"D",445,"F",.,"A",1040,"D",0,"D",.,"A",188,"D",1820,"F",120,"D",.,"A",.,"A",.,"A",.,"A"
"20154","03099663",23,0,"1",1625,"D",260,"D",.,"A",1300,"D",0,"D",.,"A",.,"A",1365,"D",0,"D",.,"A",.,"A",325,"D",25,"D"
"20154","03099684",27,0,"1",1300,"D",130,"D",.,"A",390,"D",0,"D",.,"A",.,"A",1170,"D",120,"D",.,"A",.,"A",.,"A",.,"A"
"20154","03099704",40,0,"1",2080,"D",260,"D",390,"D",312,"D",0,"D",.,"A",.,"A",1820,"D",480,"D",30,"D",390,"D",.,"A",.,"A"
"20154","03099713",26,0,"1",1300,"D",0,"D",.,"A",520,"D",0,"D",.,"A",.,"A",1300,"D",0,"D",56,"D",728,"D",.,"A",.,"A"
"20154","03099743",45,0,"1",975,"D",130,"D",65,"D",325,"D",30,"D",.,"A",.,"A",845,"D",60,"D",.,"A",.,"A",.,"A",.,"A"
"20154","03099763",22,0,"1",650,"D",260,"D",.,"A",1300,"D",0,"D",.,"A",.,"A",390,"D",0,"D",30,"D",390,"D",468,"D",36,"D"
"20154","03099783",43,0,"1",650,"D",130,"D",.,"A",0,"D",0,"D",.,"A",.,"A",520,"D",0,"D",.,"A",.,"A",.,"A",.,"A"
"20154","03099814",30,0,"1",1300,"D",195,"D",650,"D",260,"D",45,"D",.,"A",.,"A",1105,"D",90,"D",60,"D",780,"D",.,"A",.,"A"
"20154","03099834",29,0,"1",650,"D",325,"D",.,"A",390,"D",21,"D",.,"A",.,"A",325,"D",60,"D",.,"A",.,"A",.,"A",.,"A"
"20154","03099843",57,0,"1",1950,"D",455,"D",65,"D",975,"D",90,"D",.,"A",.,"A",1495,"D",300,"D",.,"A",.,"A",195,"D",15,"D"
"20154","03099903",17,0,"1",260,"D",65,"D",.,"A",0,"D",0,"D",.,"A",.,"A",195,"D",0,"D",.,"A",.,"A",.,"A",.,"A"
"20154","03099924",21,0,"1",1560,"D",260,"D",260,"D",520,"D",0,"D",.,"A",.,"A",1300,"D",0,"D",.,"A",.,"A",.,"A",.,"A"
"20154","03099944",40,0,"1",1040,"D",0,"D",.,"A",260,"D",0,"D",.,"A",.,"A",1040,"D",0,"D",.,"A",.,"A",.,"A",.,"A"
"20154","03099953",19,0,"1",1040,"D",260,"D",260,"D",780,"D",0,"D",.,"A",.,"A",780,"D",0,"D",.,"A",.,"A",.,"A",.,"A"
"20154","03099963",34,0,"1",1300,"D",260,"D",.,"A",325,"D",0,"D",.,"A",.,"A",1040,"D",0,"D",.,"A",.,"A",.,"A",.,"A"
"20154","03100023",21,0,"1",1300,"D",325,"D",.,"A",390,"D",0,"D",.,"A",.,"A",975,"D",0,"D",.,"A",.,"A",.,"A",.,"A"
"20154","03100033",28,0,"1",3250,"D",650,"D",.,"A",0,"D",0,"D",.,"A",.,"A",2600,"D",160,"F",.,"A",.,"A",.,"A",.,"A"
"20154","03100043",26,0,"1",1300,"D",260,"D",.,"A",260,"D",60,"D",.,"A",.,"A",1040,"D",60,"D",.,"A",.,"A",.,"A",.,"A"
"20154","03100053",38,0,"1",1365,"D",520,"D",.,"A",91,"D",0,"D",.,"A",.,"A",845,"D",0,"D",.,"A",.,"A",.,"A",.,"A"
"20154","03100064",6,0,"1",650,"D",65,"D",.,"A",0,"D",0,"D",.,"A",.,"A",585,"D",0,"D",.,"A",.,"A",.,"A",.,"A"
"20154","03100144",18,0,"1",520,"D",130,"D",156,"D",325,"D",30,"D",.,"A",.,"A",390,"D",105,"D",26,"D",338,"D",.,"A",.,"A"
"20154","03100163",31,0,"1",1040,"D",0,"D",.,"A",520,"D",0,"D",.,"A",.,"A",1040,"D",150,"D",35,"D",455,"D",.,"A",.,"A"
"20154","03100173",44,0,"1",1300,"D",130,"D",390,"D",260,"D",0,"D",.,"A",.,"A",1170,"D",480,"D",35,"D",455,"D",.,"A",.,"A"
"20154","03100193",58,0,"1",1560,"D",390,"D",.,"A",650,"D",150,"D",.,"A",.,"A",1170,"D",60,"D",70,"D",910,"D",.,"A",.,"A"
"20154","03100233",21,0,"1",1625,"D",585,"D",130,"D",260,"D",0,"D",.,"A",.,"A",1040,"D",0,"D",50,"D",650,"D",.,"A",.,"A"
"20154","03100253",30,0,"1",845,"D",260,"D",.,"A",0,"D",0,"D",.,"A",.,"A",585,"D",0,"D",.,"A",.,"A",.,"A",.,"A"
"20154","03100273",24,0,"1",650,"D",260,"D",.,"A",260,"D",90,"D",.,"A",.,"A",390,"D",120,"D",.,"A",.,"A",.,"A",.,"A"
"20154","03100283",26,0,"1",1040,"D",390,"D",.,"A",390,"D",0,"D",.,"A",.,"A",650,"D",0,"D",.,"A",.,"A",.,"A",.,"A"
"20154","03100364",36,0,"1",2271,"F",.,"A",.,"A",744,"F",139,"F",.,"A",.,"A",1879,"F",160,"F",.,"C",611,"F",.,"A",.,"A"
"20154","03100403",46,0,"1",1950,"D",260,"D",.,"A",325,"D",0,"D",.,"A",0,"D",1690,"D",0,"D",.,"A",.,"A",.,"A",.,"A"
"20154","03100423",9,0,"1",650,"D",325,"D",.,"A",0,"D",0,"D",.,"A",.,"A",325,"D",0,"D",.,"A",.,"A",.,"A",.,"A"
"20154","03100454",31,0,"1",650,"D",130,"D",.,"A",507,"D",0,"D",.,"A",.,"A",520,"D",0,"D",35,"D",455,"D",.,"A",.,"A"
"20154","03100484",20,0,"1",1950,"D",195,"D",.,"A",520,"D",0,"D",.,"A",.,"A",1755,"D",0,"D",.,"A",.,"A",390,"D",30,"D"
"20154","03100503",25,0,"1",455,"D",130,"D",.,"A",0,"D",0,"D",.,"A",.,"A",325,"D",0,"D",.,"A",.,"A",.,"A",.,"A"
"20154","03100533",21,0,"1",1300,"D",325,"D",.,"A",0,"D",0,"D",.,"A",.,"A",975,"D",0,"D",50,"D",650,"D",.,"A",.,"A"
"20154","03100593",42,0,"1",1950,"D",325,"D",.,"A",0,"D",24,"D",.,"A",.,"A",1625,"D",36,"D",50,"D",650,"D",.,"A",.,"A"
"20154","03100633",19,0,"1",390,"D",0,"D",.,"A",0,"D",0,"D",.,"A",.,"A",390,"D",0,"D",.,"A",.,"A",.,"A",.,"A"
"20154","03100673",28,0,"1",1300,"D",325,"D",.,"A",0,"D",0,"D",.,"A",.,"A",975,"D",0,"D",.,"A",.,"A",.,"A",.,"A"
"20154","03100733",35,0,"1",2340,"D",260,"D",.,"A",455,"D",36,"D",.,"A",.,"A",2080,"D",0,"D",.,"A",.,"A",.,"A",.,"A"
"20154","03100823",22,0,"1",650,"D",169,"D",.,"A",364,"D",0,"D",.,"A",.,"A",481,"D",0,"D",.,"A",.,"A",.,"A",.,"A"
"20154","03100834",30,0,"1",1950,"D",325,"D",.,"A",1300,"D",150,"D",.,"A",.,"A",1625,"D",150,"D",.,"A",.,"A",.,"A",.,"A"
"20154","03100844",43,0,"1",1300,"D",260,"D",195,"D",975,"D",240,"D",.,"A",.,"A",1040,"D",360,"D",.,"A",.,"A",130,"D",10,"D"
"20154","03100873",38,0,"1",910,"D",130,"D",130,"D",520,"D",120,"D",.,"A",.,"A",780,"D",45,"D",.,"A",.,"A",.,"A",.,"A"
"20154","03100915",29,0,"1",1950,"D",650,"D",390,"D",650,"D",120,"D",.,"A",.,"A",1300,"D",300,"D",.,"A",.,"A",.,"A",.,"A"
"20154","03101003",25,0,"1",1459,"F",.,"A",.,"A",535,"F",120,"F",.,"A",.,"A",1152,"F",140,"F",.,"A",.,"A",.,"A",.,"A"
"20154","03101073",15,0,"1",520,"D",169,"F",.,"A",0,"D",0,"D",.,"A",.,"A",633,"F",0,"D",.,"C",297,"F",.,"A",.,"A"
"20154","03101093",52,0,"1",2600,"D",260,"D",.,"A",1300,"D",120,"D",.,"A",42,"D",2340,"D",150,"D",.,"A",.,"A",.,"A",.,"A"
"20154","03101124",37,0,"1",1170,"D",0,"D",52,"D",78,"D",9,"D",.,"A",.,"A",1170,"D",15,"D",.,"A",.,"A",.,"A",.,"A"
"20154","03101153",25,0,"1",1690,"D",325,"D",.,"A",1300,"D",0,"D",.,"A",.,"A",1365,"D",0,"D",.,"A",.,"A",.,"A",.,"A"
"20154","03101203",23,0,"1",520,"D",104,"D",.,"A",520,"D",0,"D",.,"A",.,"A",416,"D",0,"D",.,"A",.,"A",.,"A",.,"A"
"20154","03101233",45,0,"1",1300,"D",130,"D",.,"A",650,"D",6,"D",.,"A",.,"A",1170,"D",6,"D",.,"A",.,"A",.,"A",.,"A"
"20154","03101243",81,0,"1",1950,"D",325,"D",.,"A",0,"D",0,"D",.,"A",.,"A",1625,"D",30,"D",.,"A",.,"A",.,"A",.,"A"
"20154","03101263",24,0,"1",1300,"D",195,"D",.,"A",195,"D",0,"D",.,"A",.,"A",1105,"D",135,"F",.,"C",445,"F",206,"F",.,"C"
"20154","03101273",27,0,"1",2990,"D",195,"D",.,"A",1040,"D",0,"D",.,"A",.,"A",2795,"D",0,"D",.,"A",.,"A",.,"A",.,"A"
"20154","03101303",32,0,"1",1300,"D",130,"D",.,"A",130,"D",0,"D",.,"A",23,"D",1170,"D",0,"D",.,"A",.,"A",.,"A",.,"A"
"20154","03101333",34,0,"1",1300,"D",325,"D",325,"D",130,"D",45,"D",.,"A",.,"A",975,"D",0,"D",.,"A",.,"A",.,"A",.,"A"
"20154","03101364",29,0,"1",2600,"D",513,"F",.,"A",260,"D",0,"D",.,"A",.,"A",2230,"F",300,"D",.,"A",.,"A",130,"D",10,"D"
"20154","03101373",35,0,"1",1300,"D",390,"D",.,"A",650,"D",0,"D",.,"A",.,"A",910,"D",0,"D",.,"A",.,"A",.,"A",.,"A"
"20154","03101383",34,0,"1",2600,"D",325,"D",.,"A",1300,"D",0,"D",.,"A",.,"A",2275,"D",0,"D",.,"A",.,"A",.,"A",.,"A"
"20154","03101393",14,0,"1",2600,"D",650,"D",.,"A",1300,"D",0,"D",.,"A",.,"A",1950,"D",0,"D",.,"A",.,"A",.,"A",.,"A"
"20154","03101465",28,0,"1",1560,"D",520,"D",.,"A",195,"D",0,"D",.,"A",.,"A",1040,"D",90,"D",10,"D",130,"D",.,"A",.,"A"
"20154","03101493",34,0,"1",1625,"D",0,"D",.,"A",325,"D",0,"D",.,"A",.,"A",1625,"D",45,"D",23,"D",299,"D",.,"A",.,"A"
"20154","03101564",30,0,"1",1300,"D",325,"D",.,"A",0,"D",0,"D",.,"A",.,"A",975,"D",0,"D",.,"A",.,"A",.,"A",.,"A"
"20154","03101623",25,0,"1",1170,"D",260,"D",.,"A",130,"D",0,"D",.,"A",.,"A",910,"D",0,"D",63,"D",819,"D",.,"A",.,"A"
"20154","03101693",34,0,"1",7800,"D",1300,"D",.,"A",650,"D",0,"D",.,"A",.,"A",6500,"D",0,"D",.,"A",.,"A",.,"A",.,"A"
"20154","03101713",39,0,"1",975,"D",130,"D",.,"A",2080,"D",480,"D",.,"A",.,"A",845,"D",360,"D",14,"D",182,"D",.,"A",.,"A"
"20154","03101723",25,0,"1",650,"D",130,"D",130,"D",390,"D",0,"D",.,"A",.,"A",520,"D",0,"D",.,"A",.,"A",.,"A",.,"A"
"20154","03101734",33,0,"1",3250,"D",1300,"D",260,"D",0,"D",0,"D",.,"A",.,"A",1950,"D",45,"D",25,"D",325,"D",.,"A",.,"A"
"20154","03101763",75,0,"1",1690,"D",325,"D",.,"A",780,"D",180,"D",.,"A",.,"A",1365,"D",120,"D",.,"A",.,"A",.,"A",.,"A"
"20154","03101773",14,0,"1",325,"D",0,"D",.,"A",0,"D",0,"D",.,"A",120,"D",325,"D",0,"D",.,"A",.,"A",.,"A",.,"A"
"20154","03101783",29,0,"1",1950,"D",390,"D",.,"A",1560,"D",90,"D",.,"A",.,"A",1560,"D",120,"D",.,"A",.,"A",.,"A",.,"A"
"20154","03101834",60,0,"1",1560,"D",130,"D",975,"D",65,"D",0,"D",.,"A",.,"A",1430,"D",0,"D",.,"A",.,"A",.,"A",.,"A"
"20154","03101903",13,0,"1",572,"D",0,"D",.,"A",0,"D",0,"D",.,"A",.,"A",572,"D",0,"D",.,"A",.,"A",.,"A",.,"A"
"20154","03101933",24,0,"1",1040,"D",195,"D",.,"A",780,"D",0,"D",.,"A",.,"A",845,"D",90,"D",.,"A",.,"A",.,"A",.,"A"
"20154","03101943",22,0,"1",520,"D",130,"D",.,"A",0,"D",0,"D",.,"A",.,"A",390,"D",0,"D",.,"A",.,"A",.,"A",.,"A"
"20154","03101973",7,0,"1",390,"D",0,"D",.,"A",0,"D",0,"D",.,"A",.,"A",390,"D",0,"D",.,"A",.,"A",.,"A",.,"A"
"20154","03101983",22,0,"1",130,"D",0,"D",.,"A",0,"D",0,"D",.,"A",.,"A",130,"D",0,"D",.,"A",.,"A",.,"A",.,"A"
"20154","03102063",10,0,"1",1950,"D",650,"D",.,"A",0,"D",0,"D",.,"A",.,"A",1300,"D",0,"D",55,"D",715,"D",.,"A",.,"A"
"20154","03102104",26,0,"1",2002,"D",520,"D",.,"A",0,"D",0,"D",.,"A",200,"D",1482,"D",0,"D",.,"A",.,"A",.,"A",.,"A"
"20154","03102124",10,0,"1",1885,"D",195,"D",130,"D",0,"D",0,"D",.,"A",.,"A",1690,"D",0,"D",20,"D",260,"D",.,"A",.,"A"
"20154","03102134",38,0,"1",2275,"D",0,"D",.,"A",780,"D",0,"D",.,"A",.,"A",2275,"D",0,"D",80,"D",1040,"D",.,"A",.,"A"
"20154","03102174",38,0,"1",455,"D",65,"D",.,"A",234,"D",0,"D",.,"A",.,"A",390,"D",54,"D",.,"A",.,"A",.,"A",.,"A"
"20154","03102183",25,0,"1",1300,"D",130,"D",.,"A",390,"D",0,"D",.,"A",.,"A",1170,"D",0,"D",50,"D",650,"D",.,"A",.,"A"
"20154","03102213",51,0,"1",923,"D",65,"D",.,"A",390,"D",30,"D",.,"A",.,"A",858,"D",0,"D",.,"A",.,"A",.,"A",.,"A"
"20154","03102223",18,0,"1",975,"D",65,"D",.,"A",0,"D",0,"D",.,"A",.,"A",910,"D",0,"D",.,"A",.,"A",.,"A",.,"A"
"20154","03102273",22,0,"1",520,"D",65,"D",.,"A",260,"D",0,"D",.,"A",.,"A",455,"D",0,"D",20,"D",260,"D",.,"A",.,"A"
"20154","03102293",38,0,"1",1300,"D",195,"D",325,"D",325,"D",45,"D",.,"A",.,"A",1105,"D",45,"D",.,"A",.,"A",.,"A",.,"A"
"20154","03102324",11,0,"1",650,"D",104,"D",169,"D",0,"D",0,"D",.,"A",.,"A",546,"D",0,"D",.,"A",.,"A",.,"A",.,"A"
"20154","03102353",33,0,"1",1950,"D",0,"D",.,"A",1105,"D",0,"D",.,"A",180,"D",1950,"D",0,"D",.,"A",.,"A",.,"A",.,"A"
"20154","03102384",56,0,"1",390,"D",130,"D",.,"A",390,"D",75,"D",.,"A",.,"A",260,"D",75,"D",.,"A",.,"A",.,"A",.,"A"
"20154","03102403",35,0,"1",650,"D",195,"D",.,"A",260,"D",0,"D",.,"A",.,"A",455,"D",0,"D",.,"A",.,"A",.,"A",.,"A"
"20154","03102453",33,0,"1",1300,"D",401,"F",.,"A",780,"D",0,"D",.,"A",.,"A",1741,"F",30,"D",.,"A",.,"A",.,"A",.,"A"
"20154","03102474",10,0,"1",390,"D",65,"D",260,"D",260,"D",0,"D",.,"A",.,"A",325,"D",90,"D",35,"D",455,"D",.,"A",.,"A"
"20154","03102483",19,0,"1",1300,"D",260,"D",390,"D",260,"D",0,"D",.,"A",.,"A",1040,"D",0,"D",.,"A",.,"A",.,"A",.,"A"
"20154","03102523",55,0,"1",2600,"D",260,"D",.,"A",2600,"D",120,"D",.,"A",.,"A",2340,"D",45,"D",.,"A",.,"A",.,"A",.,"A"
"20154","03102564",23,0,"1",780,"D",130,"D",.,"A",130,"D",0,"D",.,"A",.,"A",650,"D",0,"D",.,"A",.,"A",.,"A",.,"A"
"20154","03102604",37,0,"1",975,"D",0,"D",.,"A",0,"D",0,"D",.,"A",.,"A",975,"D",0,"D",25,"D",325,"D",.,"A",.,"A"
"20154","03102614",15,0,"1",520,"D",207,"F",.,"A",0,"D",0,"D",.,"A",.,"A",723,"F",0,"D",40,"D",520,"D",.,"A",.,"A"
"20154","03102663",13,0,"1",910,"D",130,"D",.,"A",0,"D",0,"D",.,"A",.,"A",780,"D",0,"D",50,"D",650,"D",65,"D",5,"D"
"20154","03102693",9,0,"1",0,"D",.,"A",.,"A",0,"D",3,"D",.,"A",.,"A",0,"D",0,"D",25,"D",325,"D",.,"A",.,"A"
"20154","03102713",20,0,"1",2600,"D",260,"D",.,"A",1300,"D",0,"D",.,"A",.,"A",2340,"D",0,"D",.,"A",.,"A",.,"A",.,"A"
"20154","03102744",11,0,"1",3250,"D",650,"D",.,"A",780,"D",0,"D",.,"A",.,"A",2600,"D",0,"D",.,"A",.,"A",.,"A",.,"A"
"20154","03102754",35,0,"1",1300,"D",260,"D",.,"A",195,"D",0,"D",.,"A",.,"A",1040,"D",0,"D",.,"A",.,"A",.,"A",.,"A"
"20154","03102774",24,0,"1",780,"D",195,"D",260,"D",0,"D",0,"D",.,"A",.,"A",585,"D",0,"D",.,"A",.,"A",.,"A",.,"A"
"20154","03102823",36,0,"1",2600,"D",130,"D",.,"A",455,"D",0,"D",.,"A",.,"A",2470,"D",300,"D",80,"D",1040,"D",.,"A",.,"A"
"20154","03102844",45,0,"1",1300,"D",325,"D",.,"A",676,"D",0,"D",.,"A",.,"A",975,"D",0,"D",.,"A",.,"A",.,"A",.,"A"
"20154","03102903",45,0,"1",3640,"D",260,"D",.,"A",1170,"D",0,"D",.,"A",.,"A",3380,"D",0,"D",.,"A",.,"A",.,"A",.,"A"
"20154","03102993",55,0,"1",1950,"D",390,"D",260,"D",325,"D",0,"D",.,"A",5,"D",1560,"D",0,"D",.,"A",.,"A",.,"A",.,"A"
"20154","03103043",42,0,"1",650,"D",0,"D",.,"A",260,"D",0,"D",.,"A",.,"A",650,"D",60,"D",.,"C",365,"F",316,"F",.,"C"
"20154","03103054",39,0,"1",1816,"F",.,"A",195,"D",910,"D",180,"D",.,"A",.,"A",1478,"F",213,"F",.,"C",493,"F",.,"A",.,"A"
"20154","03103083",33,0,"1",1530,"F",.,"A",315,"F",622,"F",0,"D",.,"A",.,"A",1223,"F",0,"D",.,"A",.,"A",.,"A",.,"A"
"20154","03103123",77,0,"1",520,"D",0,"D",.,"A",520,"D",0,"D",.,"A",.,"A",520,"D",0,"D",.,"A",.,"A",.,"A",.,"A"
"20154","03103163",21,0,"1",1300,"D",130,"D",.,"A",650,"D",210,"D",.,"A",.,"A",1170,"D",0,"D",.,"A",.,"A",.,"A",.,"A"
"20154","03103183",32,0,"1",1300,"D",0,"D",.,"A",260,"D",0,"D",.,"A",.,"A",1300,"D",0,"D",.,"A",.,"A",.,"A",.,"A"
"20154","03103194",20,0,"1",585,"D",65,"D",.,"A",260,"D",0,"D",.,"A",.,"A",520,"D",0,"D",.,"A",.,"A",.,"A",.,"A"
"20154","03103203",29,0,"1",975,"D",195,"D",.,"A",0,"D",105,"D",.,"A",.,"A",780,"D",150,"D",.,"A",.,"A",.,"A",.,"A"
"20154","03103283",21,0,"1",585,"D",212,"F",259,"F",390,"D",85,"F",.,"A",.,"A",699,"F",97,"F",.,"A",.,"A",.,"A",.,"A"
"20154","03103313",21,0,"1",910,"D",260,"D",.,"A",0,"D",0,"D",.,"A",.,"A",650,"D",0,"D",.,"A",.,"A",.,"A",.,"A"
"20154","03103353",38,0,"1",2275,"D",390,"D",.,"A",195,"D",60,"D",.,"A",.,"A",1885,"D",60,"D",.,"A",.,"A",.,"A",.,"A"
"20154","03103393",17,0,"1",2600,"D",650,"D",.,"A",0,"D",0,"D",.,"A",.,"A",1950,"D",0,"D",.,"A",.,"A",.,"A",.,"A"
"20154","03103453",39,0,"1",1300,"D",260,"D",.,"A",390,"D",0,"D",.,"A",.,"A",1040,"D",144,"D",35,"D",455,"D",.,"A",.,"A"
"20154","03103483",22,0,"1",0,"D",.,"A",.,"A",0,"D",0,"D",.,"A",.,"A",0,"D",0,"D",.,"A",.,"A",.,"A",.,"A"
"20154","03103494",15,0,"1",585,"D",130,"D",325,"D",520,"D",180,"D",.,"A",.,"A",455,"D",180,"D",.,"A",.,"A",.,"A",.,"A"
"20154","03103583",60,0,"1",650,"D",130,"D",65,"D",455,"D",177,"F",.,"A",.,"A",520,"D",0,"D",55,"D",715,"D",.,"A",.,"A"
"20154","03103623",41,0,"1",611,"D",65,"D",.,"A",780,"D",873,"D",.,"A",.,"A",546,"D",45,"D",.,"A",.,"A",.,"A",.,"A"
"20154","03103653",35,0,"1",1625,"D",325,"D",.,"A",0,"D",0,"D",.,"A",.,"A",1300,"D",0,"D",.,"A",.,"A",.,"A",.,"A"
"20154","03103693",13,0,"1",650,"D",169,"F",65,"D",0,"D",0,"D",.,"A",.,"A",633,"F",60,"D",.,"A",.,"A",780,"D",60,"D"
"20154","03103713",40,0,"1",260,"D",0,"D",.,"A",455,"D",0,"D",.,"A",.,"A",260,"D",0,"D",.,"A",.,"A",.,"A",.,"A"
"20154","03103733",87,0,"1",1950,"D",260,"D",.,"A",1300,"D",0,"D",.,"A",.,"A",1690,"D",0,"D",.,"A",.,"A",.,"A",.,"A"
"20154","03103814",28,0,"1",1560,"D",260,"D",.,"A",260,"D",0,"D",.,"A",.,"A",1300,"D",0,"D",.,"A",.,"A",.,"A",.,"A"
"20154","03103833",19,0,"1",520,"D",130,"D",.,"A",0,"D",0,"D",.,"A",.,"A",390,"D",0,"D",.,"A",.,"A",.,"A",.,"A"
"20154","03103853",33,0,"1",1950,"D",260,"D",650,"D",1300,"D",120,"D",.,"A",.,"A",1690,"D",120,"D",.,"A",.,"A",.,"A",.,"A"
"20154","03103884",36,0,"1",1277,"F",.,"A",.,"A",516,"F",0,"D",.,"A",.,"A",1046,"F",0,"D",.,"A",.,"A",.,"A",.,"A"
"20154","03103943",13,0,"1",975,"D",130,"D",130,"D",260,"D",0,"D",.,"A",.,"A",845,"D",0,"D",.,"A",.,"A",.,"A",.,"A"
"20154","03104003",21,0,"1",1950,"D",260,"D",.,"A",0,"D",0,"D",.,"A",.,"A",1690,"D",0,"D",.,"A",.,"A",.,"A",.,"A"
"20154","03104073",22,0,"1",2600,"D",260,"D",.,"A",195,"D",0,"D",.,"A",.,"A",2340,"D",300,"D",49,"D",637,"D",.,"A",.,"A"
"20154","03104103",25,0,"1",1820,"D",260,"D",.,"A",780,"D",0,"D",.,"A",.,"A",1560,"D",0,"D",.,"A",.,"A",.,"A",.,"A"
"20154","03104203",44,0,"1",1560,"D",130,"D",.,"A",390,"D",0,"D",.,"A",.,"A",1430,"D",0,"D",.,"A",.,"A",.,"A",.,"A"
"20154","03104213",43,0,"1",2600,"D",260,"D",.,"A",1170,"D",0,"D",.,"A",120,"D",2340,"D",0,"D",.,"A",.,"A",.,"A",.,"A"
"20154","03104243",40,0,"1",1040,"D",130,"D",260,"D",130,"D",150,"D",.,"A",.,"A",910,"D",90,"D",.,"A",.,"A",.,"A",.,"A"
"20154","03104253",70,0,"1",2600,"D",650,"D",520,"D",1560,"D",150,"D",.,"A",.,"A",1950,"D",150,"D",.,"A",.,"A",.,"A",.,"A"
"20154","03104264",30,0,"1",1040,"D",260,"D",.,"A",130,"D",0,"D",.,"A",.,"A",780,"D",30,"D",.,"A",.,"A",.,"A",.,"A"
"20154","03104303",26,0,"1",1950,"D",260,"D",.,"A",0,"D",0,"D",.,"A",.,"A",1690,"D",0,"D",.,"A",.,"A",.,"A",.,"A"
"20154","03104313",60,0,"1",3250,"D",520,"D",1300,"D",1300,"D",0,"D",.,"A",100,"D",2730,"D",150,"D",.,"A",.,"A",.,"A",.,"A"
"20154","03104324",49,0,"1",975,"D",260,"D",130,"D",130,"D",0,"D",.,"A",.,"A",715,"D",45,"D",.,"A",.,"A",.,"A",.,"A"
"20154","03104333",19,0,"1",650,"D",0,"D",.,"A",0,"D",0,"D",.,"A",.,"A",650,"D",0,"D",.,"A",.,"A",.,"A",.,"A"
"20154","03104343",42,0,"1",1560,"D",260,"D",.,"A",780,"D",0,"D",.,"A",.,"A",1300,"D",60,"D",.,"A",.,"A",.,"A",.,"A"
"20154","03104363",13,0,"1",780,"D",195,"D",.,"A",0,"D",0,"D",.,"A",.,"A",585,"D",0,"D",.,"A",.,"A",.,"A",.,"A"
"20154","03104383",26,0,"1",1625,"D",156,"D",.,"A",1300,"D",375,"D",.,"A",.,"A",1469,"D",180,"D",.,"A",.,"A",.,"A",.,"A"
"20154","03104454",23,0,"1",260,"D",195,"D",.,"A",390,"D",30,"D",.,"A",.,"A",65,"D",75,"D",20,"D",260,"D",.,"A",.,"A"
"20154","03104463",24,0,"1",780,"D",130,"D",.,"A",910,"D",0,"D",.,"A",.,"A",650,"D",0,"D",.,"C",324,"F",.,"A",.,"A"
"20154","03104623",27,0,"1",1549,"F",.,"A",.,"A",870,"F",0,"D",.,"A",.,"A",1261,"F",0,"D",.,"A",.,"A",.,"A",.,"A"
"20154","03104673",49,0,"1",1170,"D",130,"D",.,"A",780,"D",150,"D",.,"A",.,"A",1040,"D",223,"F",20,"D",260,"D",.,"A",.,"A"
"20154","03104703",30,0,"1",1092,"D",65,"D",.,"A",65,"D",0,"D",.,"A",.,"A",1027,"D",0,"D",.,"A",.,"A",.,"A",.,"A"
"20154","03104734",23,0,"1",390,"D",78,"D",.,"A",910,"D",210,"D",.,"A",.,"A",312,"D",135,"D",.,"A",.,"A",.,"A",.,"A"
"20154","03104773",80,0,"1",1950,"D",650,"D",.,"A",1300,"D",0,"D",.,"A",252,"D",1300,"D",0,"D",.,"A",.,"A",.,"A",.,"A"
"20154","03104813",37,0,"1",1300,"D",260,"D",.,"A",0,"D",0,"D",.,"A",.,"A",1040,"D",60,"D",10,"D",130,"D",.,"A",.,"A"
"20154","03104833",21,0,"1",780,"D",130,"D",130,"D",65,"D",0,"D",.,"A",.,"A",650,"D",0,"D",.,"A",.,"A",.,"A",.,"A"
"20154","03104843",25,0,"1",1950,"D",650,"D",.,"A",260,"D",60,"D",.,"A",180,"D",1300,"D",90,"D",.,"A",.,"A",.,"A",.,"A"
"20154","03104853",38,0,"1",2600,"D",390,"D",.,"A",780,"D",0,"D",.,"A",.,"A",2210,"D",60,"D",20,"D",260,"D",.,"A",.,"A"
"20154","03104863",42,0,"1",585,"D",260,"D",.,"A",780,"D",600,"D",.,"A",.,"A",325,"D",375,"D",.,"A",.,"A",.,"A",.,"A"
"20154","03104883",13,0,"1",975,"D",0,"D",.,"A",0,"D",0,"D",.,"A",.,"A",975,"D",0,"D",.,"A",.,"A",.,"A",.,"A"
"20154","03104913",28,0,"1",1300,"D",260,"D",.,"A",390,"D",0,"D",.,"A",.,"A",1040,"D",0,"D",.,"A",.,"A",.,"A",.,"A"
"20154","03104973",28,0,"1",1820,"D",390,"D",315,"F",338,"D",0,"D",.,"A",.,"A",1430,"D",210,"D",35,"D",455,"D",.,"A",.,"A"
"20154","03105033",48,0,"1",2275,"D",455,"D",.,"A",650,"D",90,"D",.,"A",.,"A",1820,"D",204,"D",20,"D",260,"D",.,"A",.,"A"
"20154","03105053",24,0,"1",2145,"D",520,"D",585,"D",1170,"D",240,"D",.,"A",.,"A",1625,"D",360,"D",.,"A",.,"A",.,"A",.,"A"
"20154","03105103",16,0,"1",1950,"D",520,"D",.,"A",0,"D",0,"D",.,"A",.,"A",1430,"D",195,"D",30,"D",390,"D",.,"A",.,"A"
"20154","03105133",37,0,"1",975,"D",130,"D",.,"A",975,"D",0,"D",.,"A",.,"A",845,"D",0,"D",.,"A",.,"A",.,"A",.,"A"
"20154","03105163",40,0,"1",1950,"D",1300,"D",260,"D",325,"D",0,"D",.,"A",30,"D",650,"D",0,"D",.,"A",.,"A",.,"A",.,"A"
"20154","03105194",29,0,"1",1690,"D",419,"F",.,"A",0,"D",0,"D",.,"A",.,"A",1710,"F",0,"D",20,"D",260,"D",195,"D",15,"D"
"20154","03105203",20,0,"1",585,"D",65,"D",.,"A",195,"D",0,"D",.,"A",.,"A",520,"D",0,"D",.,"A",.,"A",.,"A",.,"A"
"20154","03105213",32,0,"1",1690,"D",130,"D",.,"A",390,"D",30,"D",.,"A",.,"A",1560,"D",30,"D",.,"A",.,"A",.,"A",.,"A"
"20154","03105223",40,0,"1",2600,"D",1300,"D",.,"A",650,"D",0,"D",.,"A",.,"A",1300,"D",0,"D",.,"A",.,"A",390,"D",30,"D"
"20154","03105263",6,0,"1",1950,"D",390,"D",.,"A",0,"D",0,"D",.,"A",.,"A",1560,"D",0,"D",.,"A",.,"A",.,"A",.,"A"
"20154","03105283",16,0,"1",650,"D",130,"D",.,"A",65,"D",0,"D",.,"A",.,"A",520,"D",0,"D",25,"D",325,"D",.,"A",.,"A"
"20154","03105313",42,0,"1",975,"D",390,"D",.,"A",325,"D",0,"D",.,"A",.,"A",585,"D",0,"D",.,"A",.,"A",.,"A",.,"A"
"20154","03105323",45,0,"1",1820,"D",385,"F",.,"A",1950,"D",0,"D",.,"A",.,"A",1478,"F",213,"F",.,"A",.,"A",.,"A",.,"A"
"20154","03105343",15,0,"1",1950,"D",520,"D",130,"D",390,"D",0,"D",.,"A",.,"A",1430,"D",0,"D",.,"A",.,"A",.,"A",.,"A"
"20154","03105353",83,0,"1",3614,"D",975,"D",.,"A",975,"D",0,"D",.,"A",.,"A",2639,"D",0,"D",.,"A",.,"A",.,"A",.,"A"
"20154","03105373",31,0,"1",1950,"D",260,"D",.,"A",910,"D",150,"D",.,"A",.,"A",1690,"D",150,"D",20,"D",260,"D",.,"A",.,"A"
"20154","03105393",23,0,"1",1950,"D",260,"D",.,"A",1300,"D",0,"D",.,"A",.,"A",1690,"D",0,"D",.,"A",.,"A",.,"A",.,"A"
"20154","03105404",49,0,"1",1625,"D",390,"D",.,"A",325,"D",0,"D",.,"A",.,"A",1235,"D",150,"D",.,"A",.,"A",.,"A",.,"A"
"20154","03105413",24,0,"1",1950,"D",325,"D",650,"D",975,"D",0,"D",.,"A",.,"A",1625,"D",0,"D",.,"A",.,"A",.,"A",.,"A"
"20154","03105494",28,0,"1",1560,"D",195,"D",.,"A",0,"D",0,"D",.,"A",.,"A",1365,"D",0,"D",.,"A",.,"A",.,"A",.,"A"
"20154","03105533",27,0,"1",390,"D",130,"D",.,"A",260,"D",6,"D",.,"A",.,"A",260,"D",6,"D",.,"A",.,"A",.,"A",.,"A"
"20154","03105573",38,0,"1",975,"D",130,"D",.,"A",455,"D",0,"D",.,"A",.,"A",845,"D",0,"D",.,"A",.,"A",.,"A",.,"A"
"20154","03105583",30,0,"1",1300,"D",26,"D",.,"A",260,"D",300,"D",.,"A",.,"A",1274,"D",0,"D",.,"A",.,"A",.,"A",.,"A"
"20154","03105594",20,0,"1",2600,"D",650,"D",.,"A",650,"D",0,"D",.,"A",.,"A",1950,"D",0,"D",.,"A",.,"A",.,"A",.,"A"
"20154","03105694",37,0,"1",1170,"D",260,"D",.,"A",0,"D",0,"D",.,"A",.,"A",910,"D",0,"D",.,"A",.,"A",.,"A",.,"A"
"20154","03105753",35,0,"1",1950,"D",0,"D",.,"A",0,"D",0,"D",.,"A",.,"A",1950,"D",21,"D",.,"A",.,"A",.,"A",.,"A"
"20154","03105773",41,0,"1",2600,"D",363,"F",293,"F",325,"D",94,"F",.,"A",.,"A",1390,"F",180,"D",22,"D",286,"D",.,"A",.,"A"
"20154","03105793",11,0,"1",975,"D",130,"D",.,"A",195,"D",0,"D",.,"A",.,"A",845,"D",0,"D",.,"A",.,"A",.,"A",.,"A"
"20154","03105804",9,0,"1",650,"D",130,"D",.,"A",0,"D",0,"D",.,"A",.,"A",520,"D",0,"D",36,"D",468,"D",.,"A",.,"A"
"20154","03105853",65,0,"1",1950,"D",390,"D",.,"A",520,"D",90,"D",.,"A",.,"A",1560,"D",150,"D",.,"A",.,"A",.,"A",.,"A"
"20154","03105874",14,0,"1",520,"D",260,"D",.,"A",455,"D",0,"D",.,"A",.,"A",260,"D",0,"D",.,"A",.,"A",.,"A",.,"A"
"20154","03105883",29,0,"1",1300,"D",130,"D",.,"A",325,"D",0,"D",.,"A",.,"A",1170,"D",0,"D",.,"C",445,"F",.,"A",.,"A"
"20154","03105913",24,0,"1",1235,"D",195,"D",.,"A",1105,"D",105,"D",.,"A",.,"A",1040,"D",75,"D",.,"A",.,"A",.,"A",.,"A"
"20154","03105984",37,0,"1",1170,"D",234,"D",.,"A",1950,"D",480,"D",.,"A",.,"A",936,"D",255,"D",.,"A",.,"A",.,"A",.,"A"
"20154","03105993",51,0,"1",1170,"D",0,"D",.,"A",0,"D",0,"D",.,"A",186,"F",1170,"D",0,"D",35,"D",455,"D",.,"A",.,"A"
"20154","03106003",25,0,"1",650,"D",207,"F",283,"F",416,"F",100,"F",.,"A",.,"A",723,"F",98,"F",.,"A",.,"A",.,"A",.,"A"
"20154","03106123",25,0,"1",585,"D",260,"D",.,"A",0,"D",0,"D",.,"A",.,"A",325,"D",0,"D",.,"A",.,"A",.,"A",.,"A"
"20154","03106174",47,0,"1",1950,"D",0,"D",.,"A",650,"D",0,"D",.,"A",60,"D",1950,"D",0,"D",.,"A",.,"A",.,"A",.,"A"
"20154","03106223",85,0,"1",1300,"D",513,"F",.,"A",2600,"D",0,"D",.,"A",.,"A",2230,"F",30,"D",.,"A",.,"A",.,"A",.,"A"
"20154","03106234",13,0,"1",2340,"D",390,"D",.,"A",0,"D",90,"D",.,"A",.,"A",1950,"D",0,"D",5,"D",65,"D",.,"A",.,"A"
"20154","03106274",29,0,"1",1300,"D",325,"D",260,"D",0,"D",0,"D",.,"A",.,"A",975,"D",0,"D",.,"A",.,"A",130,"D",10,"D"
"20154","03106293",29,0,"1",975,"D",650,"D",195,"D",65,"D",0,"D",.,"A",.,"A",325,"D",0,"D",.,"A",.,"A",.,"A",.,"A"
"20154","03106313",15,0,"1",910,"D",260,"D",.,"A",520,"D",0,"D",.,"A",.,"A",650,"D",69,"D",.,"A",.,"A",.,"A",.,"A"
"20154","03106323",48,0,"1",520,"D",130,"D",.,"A",1300,"D",0,"D",.,"A",.,"A",390,"D",30,"D",.,"A",.,"A",.,"A",.,"A"
"20154","03106383",50,0,"1",3900,"D",520,"D",.,"A",780,"D",30,"D",306,"D",105,"D",3380,"D",60,"D",.,"A",.,"A",.,"A",.,"A"
"20154","03106393",30,0,"1",1625,"D",325,"D",.,"A",390,"D",0,"D",.,"A",.,"A",1300,"D",0,"D",.,"A",.,"A",.,"A",.,"A"
"20154","03106443",23,0,"1",2600,"D",0,"D",.,"A",3250,"D",3000,"D",.,"A",.,"A",2600,"D",0,"D",130,"D",1690,"D",520,"D",40,"D"
"20154","03106483",17,0,"1",195,"D",130,"D",.,"A",0,"D",0,"D",.,"A",.,"A",65,"D",0,"D",.,"A",.,"A",.,"A",.,"A"
"20154","03106493",27,0,"1",845,"D",117,"D",.,"A",260,"D",0,"D",.,"A",.,"A",728,"D",0,"D",.,"A",.,"A",.,"A",.,"A"
"20154","03106503",50,0,"1",1560,"D",195,"D",65,"D",260,"D",0,"D",.,"A",.,"A",1365,"D",0,"D",.,"A",.,"A",.,"A",.,"A"
"20154","03106544",84,0,"1",975,"D",130,"D",390,"D",390,"D",0,"D",.,"A",.,"A",845,"D",0,"D",.,"A",.,"A",.,"A",.,"A"
"20154","03106553",14,0,"1",1040,"D",260,"D",.,"A",520,"D",0,"D",.,"A",.,"A",780,"D",42,"D",.,"A",.,"A",.,"A",.,"A"
"20154","03106563",51,0,"1",975,"D",325,"D",130,"D",390,"D",90,"D",.,"A",.,"A",650,"D",75,"D",.,"A",.,"A",.,"A",.,"A"
"20154","03106574",32,0,"1",975,"D",325,"D",.,"A",650,"D",30,"D",.,"A",.,"A",650,"D",0,"D",.,"A",.,"A",.,"A",.,"A"
"20154","03106593",40,0,"1",1950,"D",0,"D",.,"A",325,"D",0,"D",.,"A",.,"A",1950,"D",0,"D",25,"D",325,"D",.,"A",.,"A"
"20154","03106613",26,0,"1",1300,"D",65,"D",.,"A",0,"D",0,"D",.,"A",.,"A",1235,"D",30,"D",.,"A",.,"A",.,"A",.,"A"
"20154","03106663",65,0,"1",975,"D",260,"D",.,"A",195,"D",0,"D",.,"A",.,"A",715,"D",300,"D",.,"A",.,"A",.,"A",.,"A"
"20154","03106683",45,0,"1",1300,"D",260,"D",.,"A",1300,"D",0,"D",.,"A",4,"D",1040,"D",0,"D",.,"A",.,"A",.,"A",.,"A"
"20154","03106693",26,0,"1",3900,"D",390,"D",520,"D",1300,"D",0,"D",.,"A",.,"A",3510,"D",0,"D",.,"A",.,"A",.,"A",.,"A"
"20154","03106713",49,0,"1",1534,"F",.,"A",.,"A",733,"F",177,"F",.,"A",.,"A",1237,"F",162,"F",.,"A",.,"A",.,"A",.,"A"
"20154","03106723",30,0,"1",1040,"D",195,"D",.,"A",650,"D",0,"D",.,"A",.,"A",845,"D",0,"D",.,"A",.,"A",.,"A",.,"A"
"20154","03106733",47,0,"1",585,"D",0,"D",.,"A",39,"D",0,"D",.,"A",.,"A",585,"D",0,"D",.,"A",.,"A",.,"A",.,"A"
"20154","03106753",15,0,"1",585,"D",0,"D",.,"A",0,"D",0,"D",.,"A",.,"A",585,"D",0,"D",.,"A",.,"A",.,"A",.,"A"
"20154","03106813",39,0,"1",6500,"D",0,"D",390,"D",3250,"D",0,"D",.,"A",696,"D",6500,"D",0,"D",.,"A",.,"A",.,"A",.,"A"
"20154","03106863",35,0,"1",1560,"D",325,"D",.,"A",1300,"D",150,"D",.,"A",.,"A",1235,"D",120,"D",.,"A",.,"A",.,"A",.,"A"
"20154","03106984",48,0,"1",1690,"D",780,"D",.,"A",0,"D",0,"D",.,"A",.,"A",910,"D",270,"D",60,"D",780,"D",.,"A",.,"A"
"20154","03107003",54,0,"1",3900,"D",0,"D",1625,"D",130,"D",150,"D",380,"D",405,"D",3900,"D",120,"D",.,"A",.,"A",.,"A",.,"A"
"20154","03107033",38,0,"1",1950,"D",260,"D",.,"A",650,"D",0,"D",.,"A",200,"D",1690,"D",600,"D",.,"A",.,"A",390,"D",30,"D"
"20154","03107063",42,0,"1",650,"D",130,"D",.,"A",650,"D",0,"D",.,"A",.,"A",520,"D",0,"D",.,"A",.,"A",.,"A",.,"A"
"20154","03107074",50,0,"1",1300,"D",0,"D",260,"D",260,"D",0,"D",.,"A",660,"D",1300,"D",0,"D",.,"A",.,"A",.,"A",.,"A"
"20154","03107094",18,0,"1",715,"D",65,"D",130,"D",520,"D",0,"D",.,"A",.,"A",650,"D",0,"D",.,"A",.,"A",.,"A",.,"A"
"20154","03107173",26,0,"1",1300,"D",130,"D",.,"A",780,"D",0,"D",.,"A",80,"D",1170,"D",0,"D",.,"A",.,"A",.,"A",.,"A"
"20154","03107213",45,0,"1",2600,"D",0,"D",.,"A",260,"D",195,"D",.,"A",.,"A",2600,"D",90,"D",.,"A",.,"A",.,"A",.,"A"
"20154","03107224",58,0,"1",6500,"D",390,"D",.,"A",130,"D",0,"D",.,"A",90,"D",6110,"D",30,"D",.,"A",.,"A",.,"A",.,"A"
"20154","03107235",33,0,"1",260,"D",65,"D",.,"A",1300,"D",0,"D",.,"A",.,"A",195,"D",0,"D",.,"A",.,"A",.,"A",.,"A"
"20154","03107264",39,0,"1",780,"D",65,"D",.,"A",1560,"D",240,"D",.,"A",.,"A",715,"D",600,"D",70,"D",910,"D",.,"A",.,"A"
"20154","03107273",23,0,"1",975,"D",195,"D",.,"A",650,"D",0,"D",.,"A",.,"A",780,"D",0,"D",.,"A",.,"A",.,"A",.,"A"
"20154","03107303",36,0,"1",1300,"D",390,"D",.,"A",650,"D",0,"D",.,"A",.,"A",910,"D",0,"D",.,"A",.,"A",.,"A",.,"A"
"20154","03107343",43,0,"1",1560,"D",260,"D",.,"A",325,"D",90,"D",.,"A",.,"A",1300,"D",240,"D",.,"A",.,"A",.,"A",.,"A"
"20154","03107363",35,0,"1",1625,"D",325,"D",.,"A",650,"D",0,"D",.,"A",.,"A",1300,"D",0,"D",.,"A",.,"A",.,"A",.,"A"
"20154","03107383",61,0,"1",2600,"D",0,"D",.,"A",1040,"D",0,"D",.,"A",.,"A",2600,"D",0,"D",.,"A",.,"A",.,"A",.,"A"
"20154","03107433",46,0,"1",1755,"D",455,"D",.,"A",325,"D",45,"D",.,"A",.,"A",1300,"D",120,"D",.,"A",.,"A",.,"A",.,"A"
"20154","03107453",65,0,"1",3250,"D",975,"D",.,"A",650,"D",150,"D",.,"A",.,"A",2275,"D",300,"D",.,"A",.,"A",.,"A",.,"A"
"20154","03107603",92,0,"1",1300,"D",260,"D",.,"A",715,"D",75,"D",.,"A",.,"A",1040,"D",15,"D",18,"D",234,"D",.,"A",.,"A"
"20154","03107623",11,0,"1",900,"F",.,"A",.,"A",416,"F",100,"F",.,"A",.,"A",723,"F",98,"F",.,"A",.,"A",.,"A",.,"A"
"20154","03107633",22,0,"1",1300,"D",0,"D",.,"A",1300,"D",0,"D",.,"A",.,"A",1300,"D",0,"D",.,"A",.,"A",.,"A",.,"A"
"20154","03107663",59,0,"1",520,"D",0,"D",.,"A",650,"D",0,"D",.,"A",.,"A",520,"D",0,"D",.,"A",.,"A",.,"A",.,"A"
"20154","03107694",23,0,"1",2210,"D",0,"D",.,"A",130,"D",0,"D",.,"A",.,"A",2210,"D",0,"D",.,"A",.,"A",.,"A",.,"A"
"20154","03107724",48,0,"1",1950,"D",260,"D",.,"A",130,"D",0,"D",.,"A",.,"A",1690,"D",0,"D",.,"A",.,"A",.,"A",.,"A"
"20154","03107733",18,0,"1",1950,"D",650,"D",.,"A",0,"D",0,"D",.,"A",.,"A",1300,"D",0,"D",.,"A",.,"A",.,"A",.,"A"
"20154","03107744",34,0,"1",3250,"D",650,"D",.,"A",0,"D",0,"D",.,"A",.,"A",2600,"D",120,"D",23,"D",299,"D",.,"A",.,"A"
"20154","03107814",12,0,"1",520,"D",130,"D",.,"A",0,"D",0,"D",.,"A",.,"A",390,"D",0,"D",.,"A",.,"A",.,"A",.,"A"
"20154","03107833",42,0,"1",2600,"D",650,"D",.,"A",260,"D",0,"D",.,"A",.,"A",1950,"D",0,"D",.,"A",.,"A",.,"A",.,"A"
"20154","03107884",27,0,"1",780,"D",260,"D",.,"A",0,"D",0,"D",.,"A",.,"A",520,"D",0,"D",.,"A",.,"A",.,"A",.,"A"
"20154","03107934",39,0,"1",1300,"D",390,"D",.,"A",325,"D",0,"D",.,"A",.,"A",910,"D",6,"D",.,"A",.,"A",.,"A",.,"A"
"20154","03107954",31,0,"1",455,"D",104,"D",.,"A",0,"D",0,"D",.,"A",.,"A",351,"D",0,"D",.,"A",.,"A",.,"A",.,"A"
"20154","03107983",53,0,"1",1560,"D",130,"D",.,"A",910,"D",300,"D",.,"A",.,"A",1430,"D",0,"D",.,"A",.,"A",.,"A",.,"A"
"20154","03108073",44,0,"1",130,"D",0,"D",.,"A",650,"D",0,"D",.,"A",.,"A",130,"D",600,"D",.,"A",.,"A",.,"A",.,"A"
"20154","03108113",47,0,"1",975,"D",195,"D",.,"A",130,"D",6,"D",.,"A",.,"A",780,"D",6,"D",.,"A",.,"A",.,"A",.,"A"
"20154","03108234",30,0,"1",650,"D",195,"D",.,"A",325,"D",0,"D",.,"A",.,"A",455,"D",0,"D",.,"A",.,"A",.,"A",.,"A"
"20154","03108253",12,0,"1",1300,"D",130,"D",.,"A",0,"D",0,"D",.,"A",.,"A",1170,"D",0,"D",.,"A",.,"A",.,"A",.,"A"
"20154","03108293",47,0,"1",910,"D",195,"D",.,"A",780,"D",90,"D",.,"A",.,"A",715,"D",75,"D",.,"A",.,"A",.,"A",.,"A"
"20154","03108303",17,0,"1",1690,"D",260,"D",.,"A",0,"D",0,"D",.,"A",.,"A",1430,"D",0,"D",.,"A",.,"A",.,"A",.,"A"
"20154","03108324",20,0,"1",975,"D",130,"D",.,"A",520,"D",0,"D",.,"A",.,"A",845,"D",0,"D",.,"A",.,"A",.,"A",.,"A"
"20154","03108363",32,0,"1",1560,"D",325,"D",.,"A",0,"D",0,"D",.,"A",.,"A",1235,"D",60,"D",.,"A",.,"A",.,"A",.,"A"
"20154","03108393",32,0,"1",2405,"D",260,"D",260,"D",260,"D",0,"D",.,"A",45,"D",2145,"D",105,"D",.,"A",.,"A",.,"A",.,"A"
"20154","03108423",22,0,"1",2600,"D",401,"F",.,"A",0,"D",0,"D",.,"A",.,"A",1741,"F",0,"D",.,"A",.,"A",.,"A",.,"A"
"20154","03108453",48,0,"1",650,"D",104,"D",585,"D",650,"D",90,"D",.,"A",.,"A",546,"D",0,"D",.,"A",.,"A",.,"A",.,"A"
"20154","03108463",35,0,"1",1430,"D",143,"D",.,"A",260,"D",0,"D",.,"A",.,"A",1287,"D",0,"D",.,"A",.,"A",286,"D",22,"D"
"20154","03108484",22,0,"1",780,"D",195,"D",.,"A",0,"D",6,"D",.,"A",.,"A",585,"D",6,"D",.,"A",.,"A",.,"A",.,"A"
"20154","03108533",34,0,"1",650,"D",390,"D",130,"D",650,"D",0,"D",.,"A",.,"A",260,"D",0,"D",35,"D",455,"D",.,"A",.,"A"
"20154","03108563",42,0,"1",325,"D",39,"D",52,"D",156,"D",0,"D",.,"A",.,"A",286,"D",0,"D",45,"D",585,"D",.,"A",.,"A"
"20154","03108623",33,0,"1",2600,"D",650,"D",.,"A",650,"D",150,"D",.,"A",.,"A",1950,"D",150,"D",.,"A",.,"A",.,"A",.,"A"
"20154","03108654",36,0,"1",910,"D",260,"D",.,"A",390,"D",0,"D",324,"F",.,"A",650,"D",0,"D",.,"A",.,"A",.,"A",.,"A"
"20154","03108745",41,0,"1",1950,"D",520,"D",.,"A",1300,"D",0,"D",.,"A",.,"A",1430,"D",90,"D",.,"A",.,"A",.,"A",.,"A"
"20154","03108753",26,0,"1",1300,"D",260,"D",.,"A",260,"D",0,"D",.,"A",.,"A",1040,"D",240,"D",50,"D",650,"D",.,"A",.,"A"
"20154","03108803",32,0,"1",910,"D",65,"D",.,"A",416,"D",0,"D",.,"A",.,"A",845,"D",0,"D",.,"A",.,"A",.,"A",.,"A"
"20154","03108823",24,0,"1",325,"D",65,"D",.,"A",156,"D",0,"D",.,"A",.,"A",260,"D",0,"D",.,"A",.,"A",.,"A",.,"A"
"20154","03108854",9,0,"1",650,"D",130,"D",.,"A",0,"D",0,"D",.,"A",.,"A",520,"D",0,"D",.,"A",.,"A",78,"D",6,"D"
"20154","03108863",29,0,"1",1950,"D",520,"D",.,"A",1690,"D",0,"D",.,"A",.,"A",1430,"D",0,"D",.,"A",.,"A",.,"A",.,"A"
"20154","03108873",52,0,"1",1170,"D",0,"D",.,"A",650,"D",0,"D",.,"A",.,"A",1170,"D",0,"D",.,"A",.,"A",.,"A",.,"A"
"20154","03108973",20,0,"1",0,"D",.,"A",.,"A",390,"D",6,"D",.,"A",.,"A",0,"D",6,"D",18,"D",234,"D",.,"A",.,"A"
"20154","03108993",13,0,"1",650,"D",156,"D",.,"A",455,"D",0,"D",.,"A",.,"A",494,"D",60,"D",.,"A",.,"A",.,"A",.,"A"
"20154","03109014",16,0,"1",2065,"F",.,"A",.,"A",749,"F",139,"F",.,"A",.,"A",1741,"F",133,"F",.,"C",611,"F",.,"A",.,"A"
"20154","03109023",60,0,"1",3250,"D",130,"D",.,"A",1300,"D",150,"D",.,"A",.,"A",3120,"D",150,"D",.,"A",.,"A",.,"A",.,"A"
"20154","03109093",16,0,"1",2600,"D",260,"D",.,"A",0,"D",0,"D",.,"A",.,"A",2340,"D",15,"D",15,"D",195,"D",.,"A",.,"A"
"20154","03109103",35,0,"1",585,"D",0,"D",65,"D",156,"D",0,"D",.,"A",.,"A",585,"D",0,"D",.,"A",.,"A",.,"A",.,"A"
"20154","03109263",21,0,"1",2080,"D",130,"D",.,"A",1300,"D",0,"D",.,"A",.,"A",1950,"D",90,"D",.,"A",.,"A",.,"A",.,"A"
"20154","03109303",25,0,"1",1105,"D",130,"D",.,"A",1170,"D",0,"D",.,"A",.,"A",975,"D",0,"D",.,"A",.,"A",.,"A",.,"A"
"20154","03109314",31,0,"1",650,"D",260,"D",.,"A",156,"D",0,"D",.,"A",.,"A",390,"D",0,"D",.,"A",.,"A",.,"A",.,"A"
"20154","03109483",31,0,"1",650,"D",65,"D",.,"A",650,"D",0,"D",.,"A",.,"A",585,"D",0,"D",.,"A",.,"A",.,"A",.,"A"
"20154","03109513",16,0,"1",1040,"D",0,"D",.,"A",0,"D",0,"D",.,"A",.,"A",1040,"D",0,"D",20,"D",260,"D",.,"A",.,"A"
"20154","03109523",17,0,"1",1560,"D",260,"D",.,"A",260,"D",0,"D",.,"A",.,"A",1300,"D",0,"D",35,"D",455,"D",.,"A",.,"A"
"20154","03109583",40,0,"1",1300,"D",195,"D",.,"A",195,"D",0,"D",.,"A",.,"A",1105,"D",0,"D",.,"A",.,"A",.,"A",.,"A"
"20154","03109594",27,0,"1",975,"D",0,"D",260,"D",325,"D",0,"D",.,"A",96,"D",975,"D",0,"D",.,"A",.,"A",.,"A",.,"A"
"20154","03109613",24,0,"1",910,"D",130,"D",65,"D",195,"D",0,"D",.,"A",.,"A",780,"D",0,"D",.,"A",.,"A",.,"A",.,"A"
"20154","03109623",19,0,"1",3900,"D",325,"D",130,"D",650,"D",0,"D",.,"A",.,"A",3575,"D",0,"D",.,"A",.,"A",.,"A",.,"A"
"20154","03109644",22,0,"1",1300,"D",195,"D",.,"A",650,"D",0,"D",.,"A",.,"A",1105,"D",0,"D",20,"D",260,"D",.,"A",.,"A"
"20154","03109663",27,0,"1",650,"D",325,"D",.,"A",0,"D",0,"D",.,"A",.,"A",325,"D",0,"D",.,"A",.,"A",.,"A",.,"A"
"20154","03109673",43,0,"1",2925,"D",442,"F",.,"A",0,"D",0,"D",.,"A",.,"A",1464,"F",0,"D",.,"A",.,"A",.,"A",.,"A"
"20154","03109753",42,0,"1",975,"D",130,"D",.,"A",195,"D",0,"D",.,"A",.,"A",845,"D",0,"D",30,"D",390,"D",.,"A",.,"A"
"20154","03109763",48,0,"1",325,"D",130,"D",.,"A",650,"D",30,"D",.,"A",.,"A",195,"D",60,"D",.,"A",.,"A",.,"A",.,"A"
"20154","03109843",11,0,"1",2210,"D",260,"D",260,"D",650,"D",0,"D",.,"A",.,"A",1950,"D",0,"D",.,"A",.,"A",.,"A",.,"A"
"20154","03109853",34,0,"1",5200,"D",419,"F",.,"A",0,"D",0,"D",.,"A",.,"A",1710,"F",0,"D",.,"A",.,"A",.,"A",.,"A"
"20154","03109893",68,0,"1",1040,"D",0,"D",130,"D",325,"D",0,"D",.,"A",.,"A",1040,"D",0,"D",.,"A",.,"A",.,"A",.,"A"
"20154","03109943",24,0,"1",975,"D",325,"D",.,"A",0,"D",0,"D",.,"A",.,"A",650,"D",60,"D",.,"A",.,"A",.,"A",.,"A"
"20154","03110013",58,0,"1",1950,"D",650,"D",.,"A",325,"D",0,"D",.,"A",.,"A",1300,"D",300,"D",.,"A",.,"A",390,"D",30,"D"
"20154","03110033",11,0,"1",650,"D",130,"D",.,"A",0,"D",0,"D",.,"A",.,"A",520,"D",15,"D",.,"A",.,"A",.,"A",.,"A"
"20154","03110043",55,0,"1",2600,"D",390,"D",169,"D",650,"D",150,"D",.,"A",.,"A",2210,"D",225,"D",.,"A",.,"A",.,"A",.,"A"
"20154","03110053",31,0,"1",2600,"D",260,"D",.,"A",975,"D",0,"D",.,"A",.,"A",2340,"D",75,"D",.,"A",.,"A",.,"A",.,"A"
"20154","03110063",51,0,"1",2925,"D",390,"D",.,"A",325,"D",0,"D",.,"A",.,"A",2535,"D",0,"D",.,"A",.,"A",.,"A",.,"A"
"20154","03110103",38,0,"1",1950,"D",390,"D",455,"D",195,"D",0,"D",.,"A",.,"A",1560,"D",0,"D",.,"A",.,"A",.,"A",.,"A"
"20154","03110114",25,0,"1",1300,"D",130,"D",.,"A",520,"D",180,"D",.,"A",.,"A",1170,"D",120,"D",.,"A",.,"A",.,"A",.,"A"
"20154","03110173",51,0,"1",2119,"D",325,"D",.,"A",390,"D",0,"D",.,"A",125,"D",1794,"D",90,"D",.,"A",.,"A",.,"A",.,"A"
"20154","03110193",20,0,"1",650,"D",260,"D",.,"A",1495,"D",0,"D",.,"A",.,"A",390,"D",0,"D",.,"A",.,"A",.,"A",.,"A"
"20154","03110233",20,0,"1",1300,"D",130,"D",.,"A",260,"D",0,"D",.,"A",.,"A",1170,"D",0,"D",.,"A",.,"A",.,"A",.,"A"
"20154","03110254",30,0,"1",1950,"D",910,"D",.,"A",260,"D",0,"D",.,"A",.,"A",1040,"D",0,"D",.,"A",.,"A",.,"A",.,"A"
"20154","03110304",45,0,"1",1950,"D",325,"D",.,"A",325,"D",0,"D",.,"A",.,"A",1625,"D",0,"D",.,"A",.,"A",.,"A",.,"A"
"20154","03110313",36,0,"1",650,"D",0,"D",.,"A",0,"D",0,"D",.,"A",233,"F",650,"D",0,"D",17,"D",221,"D",.,"A",.,"A"
"20154","03110324",35,0,"1",1885,"D",390,"D",65,"D",260,"D",0,"D",.,"A",.,"A",1495,"D",0,"D",.,"A",.,"A",.,"A",.,"A"
"20154","03110414",24,0,"1",520,"D",52,"D",325,"D",1300,"D",0,"D",.,"A",.,"A",468,"D",12,"D",.,"A",.,"A",.,"A",.,"A"
"20154","03110453",39,0,"1",1300,"D",353,"F",.,"A",650,"D",150,"D",.,"A",.,"A",1261,"F",300,"D",15,"D",195,"D",.,"A",.,"A"
"20154","03110463",23,0,"1",715,"D",195,"D",.,"A",520,"D",60,"D",.,"A",.,"A",520,"D",0,"D",.,"A",.,"A",.,"A",.,"A"
"20154","03110473",18,0,"1",780,"D",130,"D",.,"A",78,"D",0,"D",.,"A",.,"A",650,"D",0,"D",8,"D",104,"D",.,"A",.,"A"
"20154","03110503",16,0,"1",2600,"D",325,"D",.,"A",390,"D",0,"D",.,"A",.,"A",2275,"D",0,"D",.,"A",.,"A",.,"A",.,"A"
"20154","03110523",35,0,"1",780,"D",130,"D",.,"A",509,"F",54,"D",.,"A",.,"A",650,"D",240,"D",.,"A",.,"A",.,"A",.,"A"
"20154","03110533",41,0,"1",520,"D",65,"D",78,"D",650,"D",60,"D",.,"A",.,"A",455,"D",150,"D",.,"A",.,"A",.,"A",.,"A"
"20154","03110553",43,0,"1",650,"D",117,"D",.,"A",0,"D",0,"D",.,"A",.,"A",533,"D",0,"D",.,"A",.,"A",.,"A",.,"A"
"20154","03110574",25,0,"1",1300,"D",520,"D",52,"D",650,"D",0,"D",.,"A",274,"F",780,"D",0,"D",.,"A",.,"A",.,"A",.,"A"
"20154","03110583",17,0,"1",2600,"D",325,"D",.,"A",390,"D",0,"D",.,"A",.,"A",2275,"D",0,"D",.,"A",.,"A",.,"A",.,"A"
"20154","03110604",27,0,"1",2340,"D",650,"D",.,"A",870,"F",0,"D",.,"A",.,"A",1690,"D",0,"D",.,"A",.,"A",.,"A",.,"A"
"20154","03110614",57,0,"1",2210,"D",676,"D",.,"A",390,"D",0,"D",.,"A",.,"A",1534,"D",102,"D",.,"A",.,"A",741,"D",57,"D"
"20154","03110683",22,0,"1",2275,"D",325,"D",.,"A",390,"D",6,"D",.,"A",.,"A",1950,"D",30,"D",.,"A",.,"A",.,"A",.,"A"
"20154","03110693",38,0,"1",2340,"D",468,"D",390,"D",2600,"D",0,"D",720,"D",.,"A",1872,"D",0,"D",.,"A",.,"A",.,"A",.,"A"
"20154","03110724",53,0,"1",1430,"D",195,"D",.,"A",390,"D",0,"D",.,"A",.,"A",1235,"D",0,"D",.,"A",.,"A",.,"A",.,"A"
"20154","03110773",30,0,"1",520,"D",130,"D",.,"A",520,"D",60,"D",.,"A",.,"A",390,"D",60,"D",.,"A",.,"A",.,"A",.,"A"
"20154","03110803",18,0,"1",1040,"D",130,"D",.,"A",390,"D",0,"D",.,"A",.,"A",910,"D",0,"D",.,"A",.,"A",.,"A",.,"A"
"20154","03110823",51,0,"1",1950,"D",260,"D",325,"D",2600,"D",75,"D",.,"A",.,"A",1690,"D",525,"D",.,"A",.,"A",.,"A",.,"A"
"20154","03110853",34,0,"1",780,"D",260,"D",130,"D",650,"D",0,"D",.,"A",.,"A",520,"D",0,"D",42,"D",546,"D",.,"A",.,"A"
"20154","03110873",37,0,"1",325,"D",130,"D",.,"A",975,"D",150,"D",.,"A",.,"A",195,"D",180,"D",42,"D",546,"D",.,"A",.,"A"
"20154","03110893",33,0,"1",1950,"D",650,"D",.,"A",650,"D",0,"D",.,"A",.,"A",1300,"D",60,"D",.,"A",.,"A",.,"A",.,"A"
"20154","03110913",50,0,"1",3900,"D",650,"D",.,"A",65,"D",6,"D",.,"A",.,"A",3250,"D",6,"D",.,"A",.,"A",.,"A",.,"A"
"20154","03110923",54,0,"1",3250,"D",650,"D",.,"A",325,"D",0,"D",.,"A",.,"A",2600,"D",60,"D",18,"D",234,"D",.,"A",.,"A"
"20154","03110944",51,0,"1",1300,"D",156,"D",.,"A",1300,"D",0,"D",.,"A",.,"A",1144,"D",30,"D",60,"D",780,"D",.,"A",.,"A"
"20154","03110973",53,0,"1",2080,"D",0,"D",.,"A",260,"D",0,"D",.,"A",.,"A",2080,"D",0,"D",18,"D",234,"D",.,"A",.,"A"
"20154","03110983",24,0,"1",1560,"D",130,"D",.,"A",1040,"D",0,"D",.,"A",120,"D",1430,"D",0,"D",.,"A",.,"A",.,"A",.,"A"
"20154","03111004",17,0,"1",1300,"D",195,"D",.,"A",0,"D",0,"D",.,"A",.,"A",1105,"D",0,"D",.,"A",.,"A",.,"A",.,"A"
"20154","03111013",44,0,"1",325,"D",65,"D",.,"A",65,"D",0,"D",.,"A",.,"A",260,"D",15,"D",.,"A",.,"A",.,"A",.,"A"
"20154","03142103",46,0,"1",2109,"F",.,"A",.,"A",1300,"D",0,"D",.,"A",.,"A",1703,"F",0,"D",100,"D",1300,"D",.,"A",.,"A"
"20154","03142153",41,0,"1",1820,"D",650,"D",.,"A",0,"D",0,"D",.,"A",.,"A",1170,"D",0,"D",8,"D",104,"D",.,"A",.,"A"
"20154","03142163",23,0,"1",1300,"D",130,"D",.,"A",650,"D",0,"D",.,"A",.,"A",1170,"D",0,"D",.,"A",.,"A",.,"A",.,"A"
"20154","03142193",8,0,"1",1300,"D",390,"D",650,"D",260,"D",0,"D",.,"A",.,"A",910,"D",0,"D",.,"A",.,"A",.,"A",.,"A"
"20154","03142213",31,0,"1",1300,"D",325,"D",.,"A",1300,"D",0,"D",.,"A",.,"A",975,"D",0,"D",.,"A",.,"A",.,"A",.,"A"
"20154","03142223",25,0,"1",1625,"D",130,"D",.,"A",650,"D",0,"D",.,"A",.,"A",1495,"D",0,"D",.,"A",.,"A",.,"A",.,"A"
"20154","03142233",24,0,"1",2600,"D",650,"D",650,"D",325,"D",120,"D",.,"A",.,"A",1950,"D",87,"D",20,"D",260,"D",.,"A",.,"A"
"20154","03142243",22,0,"1",975,"D",494,"D",.,"A",0,"D",0,"D",.,"A",.,"A",481,"D",0,"D",.,"A",.,"A",.,"A",.,"A"
"20154","03142283",16,0,"1",1430,"D",130,"D",.,"A",130,"D",0,"D",.,"A",.,"A",1300,"D",0,"D",.,"A",.,"A",.,"A",.,"A"
"20154","03142293",18,0,"1",1950,"D",520,"D",.,"A",390,"D",15,"D",.,"A",.,"A",1430,"D",30,"D",.,"A",.,"A",.,"A",.,"A"
"20154","03142303",53,0,"1",4550,"D",455,"D",.,"A",325,"D",0,"D",.,"A",214,"F",4095,"D",0,"D",.,"A",.,"A",.,"A",.,"A"
"20154","03142313",73,0,"1",1300,"D",0,"D",260,"D",130,"D",150,"D",.,"A",.,"A",1300,"D",600,"D",.,"A",.,"A",.,"A",.,"A"
"20154","03142323",40,0,"1",910,"D",130,"D",65,"D",130,"D",0,"D",.,"A",.,"A",780,"D",0,"D",.,"A",.,"A",.,"A",.,"A"
"20154","03142333",48,0,"1",650,"D",130,"D",.,"A",390,"D",60,"D",.,"A",.,"A",520,"D",90,"D",.,"A",.,"A",195,"D",15,"D"
"20154","03142353",25,0,"1",975,"D",195,"D",.,"A",0,"D",0,"D",.,"A",.,"A",780,"D",0,"D",.,"A",.,"A",.,"A",.,"A"
"20154","03142383",33,0,"1",2600,"D",260,"D",.,"A",520,"D",0,"D",.,"A",.,"A",2340,"D",0,"D",.,"A",.,"A",.,"A",.,"A"
"20154","03142413",56,0,"1",1300,"D",325,"D",.,"A",390,"D",120,"D",.,"A",.,"A",975,"D",120,"D",.,"A",.,"A",.,"A",.,"A"
"20154","03142423",32,0,"1",2275,"D",325,"D",.,"A",1625,"D",0,"D",.,"A",.,"A",1950,"D",0,"D",.,"A",.,"A",.,"A",.,"A"
"20154","03142453",19,0,"1",1300,"D",260,"D",130,"D",260,"D",0,"D",.,"A",.,"A",1040,"D",0,"D",.,"A",.,"A",.,"A",.,"A"
"20154","03142463",38,0,"1",650,"D",130,"D",.,"A",0,"D",0,"D",.,"A",.,"A",520,"D",0,"D",.,"A",.,"A",.,"A",.,"A"
"20154","03142513",21,0,"1",1300,"D",325,"D",.,"A",520,"D",0,"D",.,"A",.,"A",975,"D",0,"D",.,"A",.,"A",.,"A",.,"A"
"20154","03142523",55,0,"1",1950,"D",325,"D",130,"D",325,"D",0,"D",.,"A",.,"A",1625,"D",60,"D",.,"A",.,"A",.,"A",.,"A"
"20154","03142543",66,0,"1",2509,"D",325,"D",.,"A",715,"D",36,"D",.,"A",.,"A",2184,"D",270,"D",.,"A",.,"A",.,"A",.,"A"
"20154","03142553",38,0,"1",975,"D",65,"D",.,"A",390,"D",90,"D",.,"A",.,"A",910,"D",150,"D",.,"A",.,"A",.,"A",.,"A"
"20154","03142573",25,0,"1",520,"D",130,"D",.,"A",130,"D",960,"D",.,"A",.,"A",390,"D",0,"D",11,"D",143,"D",78,"D",6,"D"
"20154","03142583",26,0,"1",1625,"D",130,"D",.,"A",650,"D",0,"D",.,"A",.,"A",1495,"D",0,"D",.,"A",.,"A",.,"A",.,"A"
"20154","03142593",17,0,"1",390,"D",0,"D",.,"A",130,"D",0,"D",.,"A",.,"A",390,"D",0,"D",.,"A",.,"A",.,"A",.,"A"
"20154","03142603",54,0,"1",1950,"D",390,"D",.,"A",1950,"D",150,"D",.,"A",.,"A",1560,"D",150,"D",.,"A",.,"A",.,"A",.,"A"
"20154","03142613",49,0,"1",1300,"D",195,"D",65,"D",390,"D",60,"D",.,"A",.,"A",1105,"D",45,"D",.,"A",.,"A",.,"A",.,"A"
"20154","03142653",48,0,"1",2600,"D",650,"D",.,"A",0,"D",0,"D",.,"A",.,"A",1950,"D",120,"D",.,"A",.,"A",.,"A",.,"A"
"20154","03142693",23,0,"1",520,"D",65,"D",.,"A",0,"D",0,"D",.,"A",.,"A",455,"D",0,"D",.,"A",.,"A",.,"A",.,"A"
"20154","03142713",43,0,"1",3900,"D",1300,"D",.,"A",325,"D",0,"D",.,"A",225,"D",2600,"D",0,"D",.,"A",.,"A",.,"A",.,"A"
"20154","03142733",46,0,"1",1625,"D",325,"D",975,"D",1625,"D",0,"D",.,"A",.,"A",1300,"D",150,"D",.,"A",.,"A",.,"A",.,"A"
"20154","03142743",21,0,"1",585,"D",0,"D",.,"A",390,"D",0,"D",.,"A",.,"A",585,"D",78,"D",.,"A",.,"A",169,"D",13,"D"
"20154","03142753",20,0,"1",1300,"D",195,"D",.,"A",0,"D",120,"D",.,"A",.,"A",1105,"D",120,"D",.,"A",.,"A",.,"A",.,"A"
"20154","03142793",25,0,"1",1560,"D",130,"D",260,"D",0,"D",74,"F",.,"A",.,"A",1430,"D",119,"F",.,"A",.,"A",.,"A",.,"A"
"20154","03142823",40,0,"1",2600,"D",650,"D",520,"D",650,"D",0,"D",.,"A",.,"A",1950,"D",0,"D",.,"A",.,"A",260,"D",20,"D"
"20154","03142833",19,0,"1",1300,"D",260,"D",.,"A",0,"D",60,"D",.,"A",.,"A",1040,"D",60,"D",.,"A",.,"A",.,"A",.,"A"
"20154","03142853",52,0,"1",1950,"D",379,"F",.,"A",195,"D",12,"D",.,"A",180,"D",1421,"F",130,"F",50,"D",650,"D",130,"D",10,"D"
"20154","03142903",33,0,"1",975,"D",260,"D",.,"A",260,"D",0,"D",.,"A",.,"A",715,"D",0,"D",10,"D",130,"D",.,"A",.,"A"
"20154","03142913",32,0,"1",1950,"D",390,"D",.,"A",650,"D",0,"D",.,"A",.,"A",1560,"D",0,"D",.,"A",.,"A",.,"A",.,"A"
"20154","03142923",29,0,"1",975,"D",260,"D",.,"A",390,"D",0,"D",.,"A",.,"A",715,"D",0,"D",.,"A",.,"A",.,"A",.,"A"
"20154","03142973",18,0,"1",975,"D",260,"D",.,"A",390,"D",0,"D",.,"A",.,"A",715,"D",120,"D",25,"D",325,"D",.,"A",.,"A"
"20154","03142983",50,0,"1",1950,"D",520,"D",.,"A",130,"D",0,"D",.,"A",.,"A",1430,"D",0,"D",50,"D",650,"D",.,"A",.,"A"
"20154","03143013",56,0,"1",1300,"D",390,"D",.,"A",1300,"D",150,"D",.,"A",.,"A",910,"D",300,"D",.,"A",.,"A",.,"A",.,"A"
"20154","03143023",63,0,"1",1950,"D",325,"D",.,"A",520,"D",0,"D",.,"A",.,"A",1625,"D",0,"D",.,"A",.,"A",.,"A",.,"A"
"20154","03143033",44,0,"1",1040,"D",520,"D",.,"A",260,"D",0,"D",.,"A",.,"A",520,"D",0,"D",.,"A",.,"A",156,"D",12,"D"
"20154","03143043",36,0,"1",1690,"D",520,"D",.,"A",390,"D",0,"D",.,"A",.,"A",1170,"D",75,"D",.,"A",.,"A",.,"A",.,"A"
"20154","03143063",47,0,"1",2405,"D",650,"D",.,"A",130,"D",0,"D",.,"A",.,"A",1755,"D",0,"D",.,"A",.,"A",253,"F",.,"C"
"20154","03143113",15,0,"1",1625,"D",325,"D",.,"A",1300,"D",0,"D",.,"A",900,"D",1300,"D",0,"D",.,"A",.,"A",.,"A",.,"A"
"20154","03143133",11,0,"1",900,"F",.,"A",.,"A",0,"D",0,"D",.,"A",.,"A",723,"F",0,"D",.,"A",.,"A",.,"A",.,"A"
"20154","03143143",20,0,"1",1560,"D",260,"D",.,"A",975,"D",0,"D",.,"A",.,"A",1300,"D",0,"D",.,"A",.,"A",.,"A",.,"A"
"20154","03143163",43,0,"1",5850,"D",975,"D",390,"D",650,"D",600,"D",.,"A",45,"D",4875,"D",600,"D",.,"A",.,"A",.,"A",.,"A"
"20154","03143173",44,0,"1",1950,"D",0,"D",.,"A",1300,"D",0,"D",.,"A",.,"A",1950,"D",0,"D",.,"A",.,"A",.,"A",.,"A"
"20154","03143183",32,0,"1",1430,"D",390,"D",.,"A",455,"D",30,"D",.,"A",.,"A",1040,"D",0,"D",.,"A",.,"A",.,"A",.,"A"
"20154","03143223",16,0,"1",520,"D",195,"D",.,"A",130,"D",0,"D",.,"A",.,"A",325,"D",0,"D",.,"A",.,"A",.,"A",.,"A"
"20154","03143243",32,0,"1",1625,"D",260,"D",.,"A",260,"D",0,"D",.,"A",.,"A",1365,"D",0,"D",35,"D",455,"D",.,"A",.,"A"
"20154","03143253",29,0,"1",1625,"D",195,"D",.,"A",260,"D",300,"D",.,"A",.,"A",1430,"D",300,"D",.,"A",.,"A",.,"A",.,"A"
"20154","03143293",36,0,"1",975,"D",130,"D",.,"A",130,"D",0,"D",.,"A",.,"A",845,"D",0,"D",.,"A",.,"A",.,"A",.,"A"
"20154","03143353",12,0,"1",1040,"D",195,"D",.,"A",0,"D",0,"D",.,"A",.,"A",845,"D",0,"D",15,"D",195,"D",.,"A",.,"A"
"20154","03143363",47,0,"1",975,"D",325,"D",.,"A",260,"D",0,"D",.,"A",.,"A",650,"D",30,"D",.,"A",.,"A",.,"A",.,"A"
"20154","03143373",39,0,"1",975,"D",0,"D",.,"A",715,"D",0,"D",.,"A",.,"A",975,"D",0,"D",.,"A",.,"A",.,"A",.,"A"
"20154","03143393",36,0,"1",1300,"D",325,"D",.,"A",650,"D",60,"D",.,"A",.,"A",975,"D",120,"D",.,"A",.,"A",.,"A",.,"A"
"20154","03143443",19,0,"1",1950,"D",0,"D",.,"A",780,"D",0,"D",.,"A",.,"A",1950,"D",0,"D",.,"A",.,"A",.,"A",.,"A"
"20154","03143513",33,0,"1",1300,"D",260,"D",315,"F",1300,"D",127,"F",.,"A",.,"A",1040,"D",150,"D",.,"A",.,"A",.,"A",.,"A"
"20154","03143533",61,0,"1",910,"D",325,"D",.,"A",260,"D",0,"D",.,"A",65,"D",585,"D",0,"D",.,"A",.,"A",.,"A",.,"A"
"20154","03143553",23,0,"1",2275,"D",325,"D",.,"A",650,"D",0,"D",68,"D",.,"A",1950,"D",0,"D",.,"A",.,"A",.,"A",.,"A"
"20154","03143573",19,0,"1",1755,"D",130,"D",.,"A",195,"D",0,"D",.,"A",.,"A",1625,"D",0,"D",5,"D",65,"D",65,"D",5,"D"
"20154","03143583",34,0,"1",1300,"D",260,"D",.,"A",260,"D",0,"D",.,"A",.,"A",1040,"D",120,"D",.,"C",611,"F",.,"A",.,"A"
"20154","03143623",38,0,"1",780,"D",130,"D",.,"A",260,"D",30,"D",.,"A",.,"A",650,"D",0,"D",.,"A",.,"A",.,"A",.,"A"
"20154","03143633",46,0,"1",1170,"D",390,"D",.,"A",910,"D",0,"D",.,"A",.,"A",780,"D",0,"D",.,"A",.,"A",.,"A",.,"A"
"20154","03143653",26,0,"1",390,"D",65,"D",.,"A",130,"D",150,"D",.,"A",.,"A",325,"D",60,"D",.,"A",.,"A",.,"A",.,"A"
"20154","03143683",53,0,"1",3250,"D",780,"D",.,"A",780,"D",0,"D",.,"A",.,"A",2470,"D",0,"D",.,"A",.,"A",.,"A",.,"A"
"20154","03143703",50,0,"1",2600,"D",385,"F",.,"A",2600,"D",6,"D",.,"A",.,"A",1478,"F",6,"D",.,"A",.,"A",.,"A",.,"A"
"20154","03143733",24,0,"1",1950,"D",260,"D",130,"D",650,"D",0,"D",.,"A",38,"D",1690,"D",30,"D",.,"A",.,"A",.,"A",.,"A"
"20154","03143743",57,0,"1",1950,"D",325,"D",260,"D",650,"D",60,"D",.,"A",.,"A",1625,"D",0,"D",.,"A",.,"A",.,"A",.,"A"
"20154","03143753",30,0,"1",1560,"D",325,"D",.,"A",650,"D",0,"D",.,"A",.,"A",1235,"D",0,"D",.,"A",.,"A",.,"A",.,"A"
"20154","03143773",31,0,"1",1625,"D",130,"D",.,"A",260,"D",0,"D",.,"A",.,"A",1495,"D",0,"D",.,"A",.,"A",.,"A",.,"A"
"20154","03143873",21,0,"1",2860,"D",390,"D",.,"A",1300,"D",0,"D",.,"A",274,"F",2470,"D",0,"D",50,"D",650,"D",.,"A",.,"A"
"20154","03143944",24,0,"1",715,"D",156,"D",.,"A",455,"D",0,"D",.,"A",.,"A",559,"D",0,"D",.,"A",.,"A",.,"A",.,"A"
"20154","03143955",70,0,"1",1950,"D",650,"D",.,"A",650,"D",0,"D",.,"A",.,"A",1300,"D",450,"D",7,"D",91,"D",.,"A",.,"A"
"20154","03143963",22,0,"1",2860,"D",520,"D",.,"A",0,"D",0,"D",.,"A",.,"A",2340,"D",0,"D",.,"A",.,"A",.,"A",.,"A"
"20154","03143985",35,0,"1",1300,"D",156,"D",.,"A",715,"D",150,"D",.,"A",.,"A",1144,"D",300,"D",5,"D",65,"D",.,"A",.,"A"
"20154","03144003",27,0,"1",2600,"D",650,"D",.,"A",749,"F",0,"D",.,"A",.,"A",1950,"D",0,"D",.,"A",.,"A",.,"A",.,"A"
"20154","03144013",138,0,"1",3250,"D",390,"D",.,"A",910,"D",108,"D",.,"A",64,"D",2860,"D",105,"D",.,"A",.,"A",.,"A",.,"A"
"20154","03144023",25,0,"1",650,"D",65,"D",.,"A",130,"D",0,"D",.,"A",.,"A",585,"D",0,"D",.,"A",.,"A",.,"A",.,"A"
"20154","03144093",43,0,"1",975,"D",195,"D",.,"A",780,"D",45,"D",.,"A",.,"A",780,"D",150,"D",.,"A",.,"A",.,"A",.,"A"
"20154","03144103",30,0,"1",2730,"D",390,"D",.,"A",260,"D",0,"D",.,"A",540,"D",2340,"D",0,"D",50,"D",650,"D",.,"A",.,"A"
"20154","03144113",36,0,"1",1495,"D",195,"D",455,"D",195,"D",0,"D",.,"A",.,"A",1300,"D",0,"D",.,"A",.,"A",.,"A",.,"A"
"20154","03144123",39,0,"1",2145,"D",325,"D",156,"D",650,"D",0,"D",.,"A",.,"A",1820,"D",90,"D",28,"D",364,"D",.,"A",.,"A"
"20154","03144143",39,0,"1",910,"D",65,"D",.,"A",260,"D",0,"D",.,"A",.,"A",845,"D",0,"D",.,"A",.,"A",.,"A",.,"A"
"20154","03144173",18,0,"1",650,"D",195,"D",.,"A",260,"D",0,"D",.,"A",.,"A",455,"D",0,"D",.,"A",.,"A",.,"A",.,"A"
"20154","03144183",30,0,"1",1950,"D",260,"D",.,"A",650,"D",0,"D",.,"A",.,"A",1690,"D",180,"D",.,"A",.,"A",.,"A",.,"A"
"20154","03144193",24,0,"1",1690,"D",390,"D",.,"A",650,"D",75,"D",.,"A",.,"A",1300,"D",225,"D",50,"D",650,"D",.,"A",.,"A"
"20154","03144203",16,0,"1",520,"D",130,"D",.,"A",0,"D",0,"D",.,"A",.,"A",390,"D",0,"D",.,"A",.,"A",.,"A",.,"A"
"20154","03144223",22,0,"1",325,"D",65,"D",.,"A",195,"D",60,"D",.,"A",.,"A",260,"D",60,"D",.,"A",.,"A",.,"A",.,"A"
"20154","03144233",20,0,"1",1170,"D",117,"D",.,"A",0,"D",0,"D",.,"A",.,"A",1053,"D",0,"D",40,"D",520,"D",.,"A",.,"A"
"20154","03144263",24,0,"1",650,"D",130,"D",.,"A",0,"D",0,"D",.,"A",.,"A",520,"D",0,"D",10,"D",130,"D",.,"A",.,"A"
"20154","03144283",19,0,"1",1040,"D",260,"D",.,"A",260,"D",0,"D",.,"A",.,"A",780,"D",0,"D",.,"A",.,"A",.,"A",.,"A"
"20154","03144293",34,0,"1",650,"D",325,"D",260,"D",390,"D",0,"D",.,"A",.,"A",325,"D",0,"D",.,"A",.,"A",.,"A",.,"A"
"20154","03144303",26,0,"1",1040,"D",260,"D",.,"A",260,"D",0,"D",.,"A",.,"A",780,"D",120,"D",.,"C",324,"F",.,"A",.,"A"
"20154","03144313",25,0,"1",975,"D",130,"D",390,"D",520,"D",0,"D",.,"A",.,"A",845,"D",0,"D",.,"A",.,"A",.,"A",.,"A"
"20154","03144333",30,0,"1",1625,"D",195,"D",.,"A",0,"D",0,"D",.,"A",.,"A",1430,"D",0,"D",.,"A",.,"A",.,"A",.,"A"
"20154","03144343",24,0,"1",130,"D",0,"D",.,"A",130,"D",0,"D",45,"D",.,"A",130,"D",0,"D",5,"D",65,"D",.,"A",.,"A"
"20154","03144393",51,0,"1",1625,"D",260,"D",.,"A",260,"D",0,"D",.,"A",.,"A",1365,"D",0,"D",.,"A",.,"A",.,"A",.,"A"
"20154","03144413",26,0,"1",650,"D",260,"D",.,"A",0,"D",0,"D",.,"A",.,"A",390,"D",0,"D",.,"A",.,"A",.,"A",.,"A"
"20154","03144433",53,0,"1",15600,"D",5200,"D",.,"A",0,"D",0,"D",.,"A",850,"D",10400,"D",6,"D",.,"A",.,"A",.,"A",.,"A"
"20154","03144443",43,0,"1",845,"D",130,"D",.,"A",195,"D",60,"D",.,"A",.,"A",715,"D",255,"D",12,"D",156,"D",.,"A",.,"A"
"20154","03144453",30,0,"1",1950,"D",650,"D",.,"A",0,"D",0,"D",.,"A",.,"A",1300,"D",0,"D",.,"C",549,"F",.,"A",.,"A"
"20154","03144483",28,0,"1",2275,"D",221,"D",.,"A",0,"D",0,"D",.,"A",.,"A",2054,"D",0,"D",.,"A",.,"A",260,"D",20,"D"
"20154","03144553",29,0,"1",390,"D",0,"D",.,"A",195,"D",0,"D",.,"A",.,"A",390,"D",0,"D",.,"A",.,"A",.,"A",.,"A"
"20154","03144573",43,0,"1",3900,"D",1950,"D",.,"A",0,"D",0,"D",.,"A",.,"A",1950,"D",150,"D",7,"D",91,"D",.,"A",.,"A"
"20154","03144583",81,0,"1",975,"D",260,"D",78,"D",520,"D",300,"D",.,"A",.,"A",715,"D",39,"D",.,"A",.,"A",390,"D",30,"D"
"20154","03144593",38,0,"1",975,"D",195,"D",.,"A",65,"D",0,"D",.,"A",.,"A",780,"D",0,"D",.,"A",.,"A",.,"A",.,"A"
"20154","03144643",29,0,"1",1300,"D",325,"D",.,"A",325,"D",0,"D",.,"A",.,"A",975,"D",0,"D",.,"A",.,"A",.,"A",.,"A"
"20154","03144663",37,0,"1",1560,"D",260,"D",65,"D",260,"D",30,"D",.,"A",.,"A",1300,"D",0,"D",.,"A",.,"A",.,"A",.,"A"
"20154","03144673",62,0,"1",975,"D",0,"D",.,"A",650,"D",240,"D",.,"A",.,"A",975,"D",27,"D",.,"A",.,"A",.,"A",.,"A"
"20154","03144683",13,0,"1",2271,"F",.,"A",.,"A",744,"F",0,"D",.,"A",.,"A",1879,"F",0,"D",.,"A",.,"A",.,"A",.,"A"
"20154","03144723",23,0,"1",1456,"D",0,"D",1170,"D",780,"D",0,"D",.,"A",.,"A",1456,"D",0,"D",100,"D",1300,"D",.,"A",.,"A"
"20154","03144743",20,0,"1",1300,"D",130,"D",.,"A",325,"D",0,"D",.,"A",.,"A",1170,"D",60,"D",.,"A",.,"A",.,"A",.,"A"
"20154","03144753",16,0,"1",1549,"F",.,"A",.,"A",870,"F",175,"F",.,"A",.,"A",1261,"F",191,"F",.,"A",.,"A",.,"A",.,"A"
"20154","03144763",48,0,"1",2600,"D",650,"D",.,"A",390,"D",0,"D",.,"A",.,"A",1950,"D",0,"D",.,"A",.,"A",.,"A",.,"A"
"20154","03144783",27,0,"1",884,"F",.,"A",.,"A",417,"F",0,"D",.,"A",.,"A",699,"F",0,"D",.,"A",.,"A",.,"A",.,"A"
"20154","03144793",53,0,"1",611,"D",325,"D",.,"A",520,"D",0,"D",.,"A",.,"A",286,"D",0,"D",.,"A",.,"A",.,"A",.,"A"
"20154","03144803",31,0,"1",650,"D",130,"D",.,"A",390,"D",0,"D",.,"A",.,"A",520,"D",0,"D",.,"A",.,"A",.,"A",.,"A"
"20154","03144863",25,0,"1",520,"D",390,"D",.,"A",130,"D",0,"D",.,"A",.,"A",130,"D",0,"D",.,"A",.,"A",.,"A",.,"A"
"20154","03144883",43,0,"1",3900,"D",650,"D",.,"A",1300,"D",0,"D",.,"A",200,"D",3250,"D",75,"D",.,"A",.,"A",.,"A",.,"A"
"20154","03144903",49,0,"1",2080,"D",650,"D",.,"A",740,"F",0,"D",.,"A",208,"D",1430,"D",0,"D",.,"A",.,"A",.,"A",.,"A"
"20154","03144913",43,0,"1",1755,"D",195,"D",195,"D",130,"D",30,"D",.,"A",.,"A",1560,"D",60,"D",.,"A",.,"A",.,"A",.,"A"
"20154","03144963",36,0,"1",1040,"D",130,"D",.,"A",390,"D",0,"D",.,"A",.,"A",910,"D",0,"D",.,"A",.,"A",.,"A",.,"A"
"20154","03144973",39,0,"1",1170,"D",260,"D",.,"A",650,"D",0,"D",.,"A",.,"A",910,"D",90,"D",.,"A",.,"A",.,"A",.,"A"
"20154","03144983",33,0,"1",1560,"D",520,"D",.,"A",1300,"D",300,"D",.,"A",50,"D",1040,"D",300,"D",.,"A",.,"A",.,"A",.,"A"
"20154","03145003",7,0,"1",585,"D",130,"D",283,"F",130,"D",100,"F",.,"A",.,"A",455,"D",98,"F",.,"A",.,"A",.,"A",.,"A"
"20154","03145033",28,0,"1",2340,"D",0,"D",.,"A",520,"D",0,"D",.,"A",.,"A",2340,"D",0,"D",.,"A",.,"A",.,"A",.,"A"
"20154","03145063",47,0,"1",1950,"D",520,"D",325,"D",130,"D",30,"D",.,"A",.,"A",1430,"D",180,"D",.,"A",.,"A",.,"A",.,"A"
"20154","03145073",12,0,"1",1625,"D",390,"D",.,"A",325,"D",0,"D",.,"A",.,"A",1235,"D",0,"D",.,"A",.,"A",.,"A",.,"A"
"20154","03145103",23,0,"1",975,"D",130,"D",520,"D",130,"D",0,"D",.,"A",.,"A",845,"D",0,"D",.,"A",.,"A",.,"A",.,"A"
"20154","03145123",37,0,"1",1950,"D",260,"D",260,"D",390,"D",0,"D",.,"A",.,"A",1690,"D",300,"D",30,"D",390,"D",.,"A",.,"A"
"20154","03145163",13,0,"1",1040,"D",130,"D",65,"D",130,"D",0,"D",.,"A",.,"A",910,"D",0,"D",.,"A",.,"A",.,"A",.,"A"
"20154","03145173",17,0,"1",845,"D",156,"D",260,"D",0,"D",0,"D",.,"A",.,"A",689,"D",0,"D",.,"A",.,"A",.,"A",.,"A"
"20154","03145233",111,0,"1",2587,"D",715,"D",.,"A",1235,"D",72,"D",.,"A",.,"A",1872,"D",450,"D",.,"A",.,"A",.,"A",.,"A"
"20154","03145243",24,0,"1",2600,"D",0,"D",.,"A",1950,"D",120,"D",.,"A",.,"A",2600,"D",120,"D",.,"A",.,"A",.,"A",.,"A"
"20154","03145253",27,0,"1",1950,"D",260,"D",.,"A",195,"D",0,"D",.,"A",200,"D",1690,"D",30,"D",15,"D",195,"D",195,"D",15,"D"
"20154","03145263",73,0,"1",1950,"D",195,"D",130,"D",650,"D",90,"D",.,"A",.,"A",1755,"D",30,"D",.,"A",.,"A",.,"A",.,"A"
"20154","03145303",22,0,"1",650,"D",130,"D",.,"A",650,"D",0,"D",.,"A",.,"A",520,"D",60,"D",.,"A",.,"A",.,"A",.,"A"
"20154","03145313",42,0,"1",1300,"D",260,"D",.,"A",780,"D",150,"D",.,"A",.,"A",1040,"D",60,"D",.,"A",.,"A",130,"D",10,"D"
"20154","03145323",13,0,"1",650,"D",228,"F",.,"A",522,"F",0,"D",.,"A",.,"A",765,"F",0,"D",.,"A",.,"A",.,"A",.,"A"
"20154","03145343",19,0,"1",325,"D",13,"D",.,"A",260,"D",0,"D",.,"A",.,"A",312,"D",0,"D",.,"A",.,"A",.,"A",.,"A"
"20154","03145393",26,0,"1",900,"F",.,"A",.,"A",416,"F",0,"D",.,"A",.,"A",723,"F",0,"D",.,"A",.,"A",.,"A",.,"A"
"20154","03145413",40,0,"1",1820,"D",390,"D",520,"D",390,"D",0,"D",.,"A",.,"A",1430,"D",0,"D",.,"A",.,"A",.,"A",.,"A"
"20154","03145423",40,0,"1",1430,"D",156,"D",.,"A",1950,"D",0,"D",.,"A",.,"A",1274,"D",0,"D",.,"A",.,"A",.,"A",.,"A"
"20154","03145433",44,0,"1",2600,"D",650,"D",325,"D",780,"D",300,"D",.,"A",140,"D",1950,"D",75,"D",80,"D",1040,"D",.,"A",.,"A"
"20154","03145473",44,0,"1",1950,"D",195,"D",260,"D",650,"D",90,"D",.,"A",.,"A",1755,"D",30,"D",.,"A",.,"A",.,"A",.,"A"
"20154","03145483",22,0,"1",910,"D",195,"D",195,"D",260,"D",0,"D",.,"A",.,"A",715,"D",0,"D",50,"D",650,"D",.,"A",.,"A"
"20154","03145493",36,0,"1",3510,"D",390,"D",.,"A",0,"D",0,"D",.,"A",.,"A",3120,"D",0,"D",60,"D",780,"D",.,"A",.,"A"
"20154","03145503",29,0,"1",3900,"D",975,"D",585,"D",325,"D",0,"D",.,"A",.,"A",2925,"D",0,"D",25,"D",325,"D",.,"A",.,"A"
"20154","03145543",33,0,"1",1690,"D",390,"D",.,"A",910,"D",90,"D",.,"A",.,"A",1300,"D",45,"D",.,"A",.,"A",.,"A",.,"A"
"20154","03145563",24,0,"1",2600,"D",325,"D",.,"A",483,"F",96,"F",.,"A",.,"A",2275,"D",30,"D",.,"A",.,"A",.,"A",.,"A"
"20154","03145603",34,0,"1",2145,"D",195,"D",.,"A",1040,"D",0,"D",.,"A",.,"A",1950,"D",180,"D",.,"A",.,"A",.,"A",.,"A"
"20154","03145613",23,0,"1",1300,"D",325,"D",195,"D",520,"D",0,"D",.,"A",.,"A",975,"D",300,"D",.,"A",.,"A",.,"A",.,"A"
"20154","03145643",28,0,"1",1430,"D",260,"D",390,"D",1950,"D",6,"D",.,"A",.,"A",1170,"D",6,"D",.,"A",.,"A",.,"A",.,"A"
"20154","03145653",43,0,"1",975,"D",130,"D",.,"A",650,"D",0,"D",.,"A",.,"A",845,"D",60,"D",.,"A",.,"A",.,"A",.,"A"
"20154","03145693",10,0,"1",0,"D",.,"A",.,"A",0,"D",0,"D",.,"A",.,"A",0,"D",0,"D",.,"A",.,"A",.,"A",.,"A"
"20154","03145733",29,0,"1",1300,"D",260,"D",.,"A",260,"D",0,"D",.,"A",.,"A",1040,"D",60,"D",.,"A",.,"A",.,"A",.,"A"
"20154","03145753",60,0,"1",1300,"D",0,"D",.,"A",260,"D",0,"D",.,"A",.,"A",1300,"D",120,"D",.,"A",.,"A",.,"A",.,"A"
"20154","03145773",23,0,"1",650,"D",0,"D",.,"A",0,"D",0,"D",.,"A",.,"A",650,"D",0,"D",.,"A",.,"A",.,"A",.,"A"
"20154","03145783",22,0,"1",1300,"D",130,"D",65,"D",390,"D",0,"D",.,"A",.,"A",1170,"D",60,"D",.,"A",.,"A",.,"A",.,"A"
"20154","03145813",21,0,"1",2522,"D",363,"F",.,"A",0,"D",0,"D",.,"A",.,"A",1654,"F",0,"D",.,"A",.,"A",.,"A",.,"A"
"20154","03145833",61,0,"1",975,"D",130,"D",.,"A",845,"D",0,"D",.,"A",.,"A",845,"D",0,"D",.,"A",.,"A",.,"A",.,"A"
"20154","03145843",10,0,"1",780,"D",195,"D",.,"A",0,"D",0,"D",.,"A",.,"A",585,"D",0,"D",.,"A",.,"A",.,"A",.,"A"
"20154","03145893",24,0,"1",2925,"D",401,"F",.,"A",749,"F",139,"F",.,"A",.,"A",1741,"F",133,"F",.,"A",.,"A",.,"A",.,"A"
"20154","03145913",26,0,"1",900,"F",.,"A",.,"A",416,"F",0,"D",.,"A",.,"A",723,"F",0,"D",.,"C",324,"F",.,"A",.,"A"
"20154","03145923",22,0,"1",2065,"F",.,"A",.,"A",65,"D",0,"D",.,"A",.,"A",1741,"F",0,"D",.,"A",.,"A",.,"A",.,"A"
"20154","03145935",21,0,"1",1560,"D",520,"D",.,"A",260,"D",0,"D",.,"A",.,"A",1040,"D",0,"D",.,"A",.,"A",.,"A",.,"A"
"20154","03145953",41,0,"1",1690,"D",390,"D",.,"A",650,"D",180,"D",.,"A",.,"A",1300,"D",240,"D",56,"D",728,"D",.,"A",.,"A"
"20154","03145973",17,0,"1",260,"D",130,"D",.,"A",0,"D",0,"D",.,"A",.,"A",130,"D",0,"D",25,"D",325,"D",.,"A",.,"A"
"20154","03145993",16,0,"1",650,"D",260,"D",.,"A",0,"D",0,"D",.,"A",.,"A",390,"D",0,"D",.,"A",.,"A",.,"A",.,"A"
"20154","03146013",9,0,"1",1300,"D",130,"D",.,"A",650,"D",0,"D",.,"A",.,"A",1170,"D",0,"D",.,"A",.,"A",.,"A",.,"A"
"20154","03146033",10,0,"1",520,"D",130,"D",.,"A",416,"F",0,"D",.,"A",.,"A",390,"D",0,"D",.,"A",.,"A",.,"A",.,"A"
"20154","03146053",13,0,"1",910,"D",65,"D",1300,"D",117,"D",0,"D",.,"A",.,"A",845,"D",0,"D",.,"A",.,"A",.,"A",.,"A"
"20154","03146093",33,0,"1",1040,"D",130,"D",.,"A",650,"D",150,"D",.,"A",.,"A",910,"D",180,"D",.,"A",.,"A",.,"A",.,"A"
"20154","03146103",23,0,"1",3250,"D",1300,"D",.,"A",0,"D",0,"D",.,"A",.,"A",1950,"D",0,"D",.,"A",.,"A",.,"A",.,"A"
"20154","03146113",31,0,"1",1300,"D",585,"D",.,"A",650,"D",0,"D",.,"A",.,"A",715,"D",0,"D",.,"C",530,"F",.,"A",.,"A"
"20154","03146123",21,0,"1",1170,"D",78,"D",.,"A",780,"D",30,"D",.,"A",.,"A",1092,"D",30,"D",.,"A",.,"A",.,"A",.,"A"
"20154","03146163",30,0,"1",1300,"D",130,"D",.,"A",1300,"D",0,"D",.,"A",.,"A",1170,"D",0,"D",.,"A",.,"A",.,"A",.,"A"
"20154","03146173",50,0,"1",975,"D",130,"D",.,"A",65,"D",15,"D",.,"A",.,"A",845,"D",72,"D",.,"A",.,"A",.,"A",.,"A"
"20154","03146223",43,0,"1",2600,"D",650,"D",.,"A",1300,"D",90,"D",.,"A",.,"A",1950,"D",0,"D",.,"A",.,"A",.,"A",.,"A"
"20154","03146233",35,0,"1",5200,"D",2600,"D",845,"D",780,"D",0,"D",1300,"D",.,"A",2600,"D",0,"D",6,"D",78,"D",390,"D",30,"D"
"20154","03146243",13,0,"1",910,"D",130,"D",.,"A",780,"D",0,"D",.,"A",.,"A",780,"D",0,"D",.,"A",.,"A",.,"A",.,"A"
"20154","03146253",28,0,"1",2600,"D",260,"D",.,"A",0,"D",0,"D",.,"A",.,"A",2340,"D",0,"D",.,"A",.,"A",.,"A",.,"A"
"20154","03146263",23,0,"1",1300,"D",390,"D",.,"A",780,"D",0,"D",.,"A",.,"A",910,"D",0,"D",.,"A",.,"A",.,"A",.,"A"
"20154","03146343",74,0,"1",975,"D",0,"D",.,"A",2275,"D",120,"D",.,"A",.,"A",975,"D",0,"D",.,"A",.,"A",.,"A",.,"A"
"20154","03146363",36,0,"1",1235,"D",325,"D",.,"A",0,"D",0,"D",.,"A",.,"A",910,"D",0,"D",.,"A",.,"A",.,"A",.,"A"
"20154","03146373",10,0,"1",260,"D",130,"D",.,"A",0,"D",0,"D",.,"A",.,"A",130,"D",0,"D",.,"A",.,"A",.,"A",.,"A"
"20154","03146403",17,0,"1",2730,"D",455,"D",.,"A",0,"D",0,"D",.,"A",.,"A",2275,"D",0,"D",.,"A",.,"A",.,"A",.,"A"
"20154","03146413",26,0,"1",1170,"D",455,"D",.,"A",1300,"D",0,"D",.,"A",.,"A",715,"D",0,"D",19,"D",247,"D",.,"A",.,"A"
"20154","03146423",38,0,"1",1560,"D",260,"D",.,"A",520,"D",0,"D",.,"A",.,"A",1300,"D",0,"D",.,"A",.,"A",.,"A",.,"A"
"20154","03146433",58,0,"1",2600,"D",650,"D",.,"A",455,"D",0,"D",.,"A",.,"A",1950,"D",0,"D",.,"A",.,"A",.,"A",.,"A"
"20154","03146503",37,0,"1",1950,"D",520,"D",.,"A",0,"D",0,"D",.,"A",.,"A",1430,"D",0,"D",.,"A",.,"A",.,"A",.,"A"
"20154","03146523",32,0,"1",2470,"D",585,"D",.,"A",0,"D",195,"D",.,"A",.,"A",1885,"D",0,"D",.,"A",.,"A",.,"A",.,"A"
"20154","03146533",25,0,"1",650,"D",130,"D",.,"A",130,"D",0,"D",.,"A",.,"A",520,"D",15,"D",.,"A",.,"A",.,"A",.,"A"
"20154","03146553",18,0,"1",1300,"D",325,"D",.,"A",1300,"D",0,"D",.,"A",.,"A",975,"D",105,"D",.,"A",.,"A",.,"A",.,"A"
"20154","03146563",11,0,"1",195,"D",0,"D",.,"A",0,"D",0,"D",.,"A",.,"A",195,"D",15,"D",.,"A",.,"A",.,"A",.,"A"
"20154","03146583",25,0,"1",1300,"D",195,"D",260,"D",130,"D",0,"D",.,"A",.,"A",1105,"D",75,"D",10,"D",130,"D",.,"A",.,"A"
"20154","03146593",42,0,"1",2600,"D",325,"D",.,"A",1300,"D",60,"D",.,"A",.,"A",2275,"D",180,"D",.,"A",.,"A",.,"A",.,"A"
"20154","03146643",52,0,"1",1625,"D",260,"D",.,"A",260,"D",0,"D",.,"A",.,"A",1365,"D",300,"D",.,"A",.,"A",.,"A",.,"A"
"20154","03146653",34,0,"1",1560,"D",390,"D",.,"A",910,"D",120,"D",.,"A",.,"A",1170,"D",120,"D",.,"A",.,"A",.,"A",.,"A"
"20154","03146663",18,0,"1",3250,"D",975,"D",.,"A",0,"D",0,"D",.,"A",.,"A",2275,"D",0,"D",.,"A",.,"A",.,"A",.,"A"
"20154","03146683",56,0,"1",1300,"D",130,"D",.,"A",1300,"D",0,"D",.,"A",.,"A",1170,"D",0,"D",.,"A",.,"A",.,"A",.,"A"
"20154","03146693",42,0,"1",1690,"D",130,"D",520,"D",1040,"D",0,"D",.,"A",104,"D",1560,"D",0,"D",.,"A",.,"A",.,"A",.,"A"
"20154","03146743",35,0,"1",1950,"D",455,"D",260,"D",0,"D",0,"D",.,"A",.,"A",1495,"D",0,"D",50,"D",650,"D",91,"D",7,"D"
"20154","03146753",77,0,"1",2340,"D",390,"D",.,"A",780,"D",90,"D",.,"A",.,"A",1950,"D",60,"D",.,"A",.,"A",.,"A",.,"A"
"20154","03146763",63,0,"1",1235,"D",325,"D",195,"D",325,"D",0,"D",.,"A",.,"A",910,"D",210,"D",.,"A",.,"A",.,"A",.,"A"
"20154","03146773",26,0,"1",1105,"D",455,"D",.,"A",260,"D",0,"D",.,"A",.,"A",650,"D",0,"D",.,"A",.,"A",.,"A",.,"A"
"20154","03146783",18,0,"1",1300,"D",0,"D",.,"A",78,"D",0,"D",.,"A",.,"A",1300,"D",0,"D",.,"A",.,"A",.,"A",.,"A"
"20154","03146813",45,0,"1",1040,"D",0,"D",650,"D",455,"D",0,"D",.,"A",.,"A",1040,"D",0,"D",.,"A",.,"A",.,"A",.,"A"
"20154","03146843",51,0,"1",650,"D",455,"D",.,"A",260,"D",0,"D",.,"A",.,"A",195,"D",0,"D",.,"A",.,"A",.,"A",.,"A"
"20154","03146853",17,0,"1",1300,"D",260,"D",.,"A",520,"D",0,"D",.,"A",.,"A",1040,"D",0,"D",.,"A",.,"A",.,"A",.,"A"
"20154","03146863",15,0,"1",390,"D",65,"D",.,"A",0,"D",6,"D",.,"A",.,"A",325,"D",6,"D",.,"A",.,"A",.,"A",.,"A"
"20154","03146883",32,0,"1",1300,"D",130,"D",.,"A",325,"D",0,"D",.,"A",36,"D",1170,"D",120,"D",.,"A",.,"A",.,"A",.,"A"
"20154","03146953",59,0,"1",650,"D",65,"D",.,"A",260,"D",0,"D",.,"A",.,"A",585,"D",0,"D",.,"A",.,"A",.,"A",.,"A"
"20154","03146963",42,0,"1",2600,"D",910,"D",65,"D",1300,"D",60,"D",.,"A",.,"A",1690,"D",60,"D",.,"A",.,"A",.,"A",.,"A"
"20154","03146973",28,0,"1",910,"D",195,"D",65,"D",468,"D",0,"D",.,"A",.,"A",715,"D",45,"D",.,"A",.,"A",.,"A",.,"A"
"20154","03147003",17,0,"1",2600,"D",650,"D",.,"A",650,"D",6,"D",.,"A",.,"A",1950,"D",6,"D",.,"A",.,"A",.,"A",.,"A"
"20154","03147013",18,0,"1",2600,"D",650,"D",.,"A",1300,"D",0,"D",.,"A",.,"A",1950,"D",450,"D",.,"A",.,"A",.,"A",.,"A"
"20154","03147043",113,0,"1",1430,"D",0,"D",260,"D",585,"D",0,"D",.,"A",.,"A",1430,"D",0,"D",.,"A",.,"A",.,"A",.,"A"
"20154","03147053",37,0,"1",1300,"D",195,"D",.,"A",0,"D",0,"D",.,"A",.,"A",1105,"D",0,"D",.,"A",.,"A",.,"A",.,"A"
"20154","03147063",21,0,"1",0,"D",.,"A",325,"D",325,"D",360,"D",.,"A",.,"A",0,"D",600,"D",10,"D",130,"D",.,"A",.,"A"
"20154","03147073",45,0,"1",2535,"D",585,"D",.,"A",2600,"D",0,"D",.,"A",.,"A",1950,"D",45,"D",.,"A",.,"A",.,"A",.,"A"
"20154","03147083",10,0,"1",3900,"D",1300,"D",.,"A",0,"D",0,"D",.,"A",.,"A",2600,"D",0,"D",.,"A",.,"A",.,"A",.,"A"
"20154","03147103",69,0,"1",1625,"D",455,"D",.,"A",650,"D",0,"D",.,"A",.,"A",1170,"D",75,"D",.,"A",.,"A",.,"A",.,"A"
"20154","03147113",17,0,"1",2275,"D",650,"D",.,"A",1040,"D",0,"D",.,"A",.,"A",1625,"D",0,"D",.,"A",.,"A",273,"D",21,"D"
"20154","03147173",29,0,"1",1950,"D",260,"D",260,"D",520,"D",60,"D",.,"A",.,"A",1690,"D",120,"D",55,"D",715,"D",.,"A",.,"A"
"20154","03147183",26,0,"1",650,"D",130,"D",.,"A",520,"D",0,"D",.,"A",.,"A",520,"D",0,"D",.,"A",.,"A",.,"A",.,"A"
"20154","03147213",24,0,"1",2600,"D",442,"F",.,"A",554,"F",0,"D",.,"A",.,"A",1464,"F",0,"D",.,"A",.,"A",.,"A",.,"A"
"20154","03147233",35,0,"1",1820,"D",0,"D",.,"A",1300,"D",0,"D",.,"A",.,"A",1820,"D",0,"D",.,"A",.,"A",.,"A",.,"A"
"20154","03147255",41,0,"1",650,"D",0,"D",.,"A",0,"D",0,"D",.,"A",.,"A",650,"D",0,"D",7,"D",91,"D",.,"A",.,"A"
"20154","03147273",72,0,"1",0,"D",.,"A",234,"D",1300,"D",360,"D",.,"A",.,"A",0,"D",90,"D",.,"A",.,"A",.,"A",.,"A"
"20154","03147283",43,0,"1",1950,"D",260,"D",.,"A",0,"D",0,"D",.,"A",.,"A",1690,"D",0,"D",.,"A",.,"A",.,"A",.,"A"
"20154","03147293",15,0,"1",1040,"D",260,"D",.,"A",0,"D",0,"D",.,"A",.,"A",780,"D",0,"D",.,"A",.,"A",.,"A",.,"A"
"20154","03147303",18,0,"1",650,"D",0,"D",.,"A",0,"D",0,"D",.,"A",.,"A",650,"D",0,"D",.,"A",.,"A",.,"A",.,"A"
"20154","03147333",32,0,"1",1950,"D",325,"D",130,"D",1300,"D",0,"D",.,"A",.,"A",1625,"D",150,"D",70,"D",910,"D",.,"A",.,"A"
"20154","03147343",51,0,"1",1573,"D",117,"D",.,"A",130,"D",45,"D",.,"A",.,"A",1456,"D",0,"D",14,"D",182,"D",.,"A",.,"A"
"20154","03147363",30,0,"1",1625,"D",445,"F",393,"F",325,"D",111,"F",.,"A",.,"A",1820,"F",142,"F",.,"A",.,"A",.,"A",.,"A"
"20154","03147433",46,0,"1",1950,"D",650,"D",65,"D",390,"D",0,"D",.,"A",.,"A",1300,"D",0,"D",20,"D",260,"D",.,"A",.,"A"
"20154","03147453",15,0,"1",130,"D",0,"D",.,"A",0,"D",0,"D",.,"A",.,"A",130,"D",0,"D",.,"A",.,"A",.,"A",.,"A"
"20154","03147503",16,0,"1",390,"D",104,"D",260,"D",780,"D",90,"D",.,"A",.,"A",286,"D",60,"D",.,"A",.,"A",.,"A",.,"A"
"20154","03147563",23,0,"1",975,"D",325,"D",260,"D",325,"D",0,"D",.,"A",.,"A",650,"D",0,"D",.,"A",.,"A",.,"A",.,"A"
"20154","03147583",47,0,"1",1950,"D",455,"D",.,"A",260,"D",0,"D",.,"A",.,"A",1495,"D",90,"D",.,"A",.,"A",.,"A",.,"A"
"20154","03147603",27,0,"1",585,"D",143,"D",.,"A",78,"D",0,"D",.,"A",.,"A",442,"D",0,"D",.,"A",.,"A",.,"A",.,"A"
"20154","03147633",20,0,"1",2275,"D",325,"D",.,"A",325,"D",0,"D",.,"A",.,"A",1950,"D",6,"D",62,"D",806,"D",.,"A",.,"A"
"20154","03147653",47,0,"1",3900,"D",0,"D",.,"A",650,"D",150,"D",.,"A",.,"A",3900,"D",225,"D",.,"A",.,"A",.,"A",.,"A"
"20154","03147673",24,0,"1",2600,"D",390,"D",.,"A",554,"F",0,"D",.,"A",160,"D",2210,"D",0,"D",.,"A",.,"A",.,"A",.,"A"
"20154","03147713",39,0,"1",1430,"D",130,"D",.,"A",0,"D",0,"D",.,"A",.,"A",1300,"D",0,"D",.,"C",341,"F",.,"A",.,"A"
"20154","03147733",30,0,"1",2860,"D",325,"D",.,"A",650,"D",0,"D",.,"A",.,"A",2535,"D",0,"D",.,"A",.,"A",.,"A",.,"A"
"20154","03147743",41,0,"1",975,"D",195,"D",.,"A",260,"D",0,"D",.,"A",.,"A",780,"D",0,"D",.,"A",.,"A",.,"A",.,"A"
"20154","03147753",17,0,"1",1950,"D",390,"D",.,"A",390,"D",0,"D",.,"A",.,"A",1560,"D",0,"D",.,"A",.,"A",.,"A",.,"A"
"20154","03147763",65,0,"1",1300,"D",471,"F",434,"F",744,"F",139,"F",.,"A",.,"A",1879,"F",160,"F",.,"A",.,"A",.,"A",.,"A"
"20154","03147773",23,0,"1",520,"D",195,"D",.,"A",520,"D",0,"D",.,"A",144,"D",325,"D",0,"D",.,"A",.,"A",.,"A",.,"A"
"20154","03147803",32,0,"1",3510,"D",260,"D",0,"D",650,"D",0,"D",.,"A",.,"A",3250,"D",0,"D",.,"A",.,"A",.,"A",.,"A"
"20154","03147813",15,0,"1",520,"D",130,"D",.,"A",78,"D",0,"D",.,"A",.,"A",390,"D",0,"D",.,"A",.,"A",.,"A",.,"A"
"20154","03147853",30,0,"1",1300,"D",156,"D",260,"D",650,"D",0,"D",.,"A",72,"D",1144,"D",0,"D",.,"A",.,"A",.,"A",.,"A"
"20154","03147893",16,0,"1",390,"D",0,"D",.,"A",0,"D",0,"D",.,"A",.,"A",390,"D",0,"D",.,"A",.,"A",.,"A",.,"A"
"20154","03147923",35,0,"1",1625,"D",325,"D",.,"A",1105,"D",0,"D",.,"A",.,"A",1300,"D",45,"D",.,"A",.,"A",.,"A",.,"A"
"20154","03147933",63,0,"1",650,"D",0,"D",.,"A",2275,"D",12,"D",.,"A",.,"A",650,"D",0,"D",75,"D",975,"D",.,"A",.,"A"
"20154","03147943",12,0,"1",1430,"D",260,"D",.,"A",0,"D",0,"D",.,"A",.,"A",1170,"D",0,"D",.,"A",.,"A",.,"A",.,"A"
"20154","03147963",15,0,"1",1300,"D",353,"F",339,"F",870,"F",175,"F",.,"A",.,"A",1261,"F",191,"F",.,"A",.,"A",.,"A",.,"A"
"20154","03147993",31,0,"1",2600,"D",390,"D",.,"A",1073,"F",158,"F",.,"A",.,"A",2210,"D",182,"F",.,"A",.,"A",.,"A",.,"A"
"20154","03148003",44,0,"1",1950,"D",520,"D",260,"D",1300,"D",180,"D",.,"A",5,"D",1430,"D",180,"D",.,"A",.,"A",.,"A",.,"A"
"20154","03148023",32,0,"1",1040,"D",156,"D",.,"A",390,"D",360,"D",.,"A",.,"A",884,"D",360,"D",.,"A",.,"A",.,"A",.,"A"
"20154","03148053",29,0,"1",715,"D",0,"D",.,"A",130,"D",0,"D",.,"A",.,"A",715,"D",0,"D",.,"A",.,"A",.,"A",.,"A"
"20154","03148073",25,0,"1",975,"D",325,"D",.,"A",390,"D",0,"D",.,"A",.,"A",650,"D",60,"D",.,"A",.,"A",.,"A",.,"A"
"20154","03148083",86,0,"1",1950,"D",390,"D",780,"D",1950,"D",120,"D",.,"A",.,"A",1560,"D",90,"D",.,"A",.,"A",.,"A",.,"A"
"20154","03148103",27,0,"1",910,"D",260,"D",195,"D",0,"D",0,"D",.,"A",.,"A",650,"D",0,"D",35,"D",455,"D",.,"A",.,"A"
"20154","03148123",36,0,"1",650,"D",130,"D",390,"D",325,"D",30,"D",.,"A",.,"A",520,"D",30,"D",.,"A",.,"A",.,"A",.,"A"
"20154","03148133",21,0,"1",1560,"D",260,"D",.,"A",325,"D",0,"D",.,"A",.,"A",1300,"D",0,"D",.,"A",.,"A",.,"A",.,"A"
"20154","03148163",48,0,"1",975,"D",0,"D",325,"D",520,"D",0,"D",.,"A",.,"A",975,"D",0,"D",.,"A",.,"A",.,"A",.,"A"
"20154","03148173",31,0,"1",2600,"D",780,"D",.,"A",0,"D",0,"D",.,"A",.,"A",1820,"D",0,"D",103,"D",1339,"D",.,"A",.,"A"
"20154","03148183",49,0,"1",1625,"D",195,"D",.,"A",390,"D",0,"D",.,"A",.,"A",1430,"D",150,"D",35,"D",455,"D",.,"A",.,"A"
"20154","03148203",35,0,"1",1300,"D",260,"D",.,"A",260,"D",0,"D",.,"A",.,"A",1040,"D",0,"D",.,"A",.,"A",.,"A",.,"A"
"20154","03148263",52,0,"1",1430,"D",286,"D",.,"A",650,"D",150,"D",.,"A",.,"A",1144,"D",240,"D",.,"A",.,"A",.,"A",.,"A"
"20154","03148273",112,0,"1",2275,"D",923,"D",.,"A",819,"D",0,"D",.,"A",.,"A",1352,"D",0,"D",.,"A",.,"A",.,"A",.,"A"
"20154","03148283",74,0,"1",1950,"D",975,"D",169,"D",845,"D",0,"D",.,"A",.,"A",975,"D",0,"D",80,"D",1040,"D",156,"D",12,"D"
"20154","03148293",14,0,"1",650,"D",195,"D",.,"A",195,"D",0,"D",.,"A",.,"A",455,"D",0,"D",.,"A",.,"A",.,"A",.,"A"
"20154","03148303",25,0,"1",650,"D",0,"D",.,"A",260,"D",0,"D",.,"A",.,"A",650,"D",60,"D",.,"A",.,"A",.,"A",.,"A"
"20154","03148323",35,0,"1",1560,"D",260,"D",.,"A",0,"D",0,"D",.,"A",.,"A",1300,"D",0,"D",.,"A",.,"A",.,"A",.,"A"
"20154","03148333",12,0,"1",1755,"D",0,"D",.,"A",0,"D",0,"D",.,"A",.,"A",1755,"D",0,"D",.,"A",.,"A",.,"A",.,"A"
"20154","03148353",27,0,"1",1300,"D",260,"D",.,"A",390,"D",0,"D",.,"A",.,"A",1040,"D",0,"D",.,"A",.,"A",.,"A",.,"A"
"20154","03148363",16,0,"1",2271,"F",.,"A",.,"A",744,"F",139,"F",.,"A",.,"A",1879,"F",160,"F",.,"A",.,"A",.,"A",.,"A"
"20154","03148383",26,0,"1",1950,"D",650,"D",.,"A",260,"D",0,"D",.,"A",.,"A",1300,"D",0,"D",.,"A",.,"A",.,"A",.,"A"
"20154","03148403",30,0,"1",1430,"D",130,"D",.,"A",195,"D",0,"D",.,"A",.,"A",1300,"D",0,"D",.,"A",.,"A",.,"A",.,"A"
"20154","03148433",43,0,"1",1300,"D",325,"D",1040,"D",0,"D",0,"D",.,"A",.,"A",975,"D",180,"D",.,"A",.,"A",.,"A",.,"A"
"20154","03148483",60,0,"1",2600,"D",390,"D",260,"D",1300,"D",210,"D",.,"A",.,"A",2210,"D",60,"D",.,"A",.,"A",.,"A",.,"A"
"20154","03148513",43,0,"1",1755,"D",455,"D",520,"D",780,"D",0,"D",.,"A",.,"A",1300,"D",360,"D",.,"A",.,"A",.,"A",.,"A"
"20154","03148523",20,0,"1",1549,"F",.,"A",.,"A",870,"F",175,"F",.,"A",.,"A",1261,"F",191,"F",.,"A",.,"A",.,"A",.,"A"
"20154","03148543",24,0,"1",2600,"D",650,"D",.,"A",0,"D",0,"D",.,"A",.,"A",1950,"D",60,"D",.,"A",.,"A",.,"A",.,"A"
"20154","03148563",22,0,"1",650,"D",325,"D",.,"A",0,"D",0,"D",.,"A",.,"A",325,"D",120,"D",.,"A",.,"A",.,"A",.,"A"
"20154","03148603",34,0,"1",1300,"D",390,"D",.,"A",650,"D",0,"D",.,"A",.,"A",910,"D",0,"D",.,"A",.,"A",.,"A",.,"A"
"20154","03148653",29,0,"1",195,"D",52,"D",.,"A",104,"D",0,"D",.,"A",.,"A",143,"D",0,"D",.,"A",.,"A",.,"A",.,"A"
"20154","03148663",10,0,"1",1170,"D",195,"D",.,"A",1300,"D",0,"D",.,"A",.,"A",975,"D",0,"D",.,"A",.,"A",.,"A",.,"A"
"20154","03148683",28,0,"1",2275,"D",169,"D",260,"D",325,"D",0,"D",.,"A",.,"A",2106,"D",0,"D",30,"D",390,"D",.,"A",.,"A"
"20154","03148693",27,0,"1",1300,"D",195,"D",.,"A",1625,"D",0,"D",.,"A",.,"A",1105,"D",0,"D",.,"A",.,"A",.,"A",.,"A"
"20154","03148703",36,0,"1",975,"D",325,"D",.,"A",1950,"D",0,"D",.,"A",.,"A",650,"D",0,"D",.,"A",.,"A",.,"A",.,"A"
"20154","03148723",61,0,"1",1300,"D",65,"D",390,"D",780,"D",180,"D",.,"A",.,"A",1235,"D",96,"D",.,"A",.,"A",.,"A",.,"A"
"20154","03148733",17,0,"1",780,"D",65,"D",.,"A",520,"D",0,"D",.,"A",.,"A",715,"D",15,"D",.,"A",.,"A",.,"A",.,"A"
"20154","03148743",31,0,"1",1950,"D",650,"D",.,"A",2925,"D",0,"D",.,"A",.,"A",1300,"D",0,"D",.,"A",.,"A",.,"A",.,"A"
"20154","03148753",43,0,"1",1950,"D",260,"D",.,"A",650,"D",0,"D",.,"A",.,"A",1690,"D",0,"D",.,"A",.,"A",.,"A",.,"A"
"20154","03148775",10,0,"1",650,"D",130,"D",.,"A",0,"D",0,"D",.,"A",.,"A",520,"D",0,"D",.,"A",.,"A",.,"A",.,"A"
"20154","03148793",36,0,"1",1560,"D",195,"D",.,"A",325,"D",75,"D",.,"A",.,"A",1365,"D",45,"D",.,"A",.,"A",.,"A",.,"A"
"20154","03148803",19,0,"1",1950,"D",364,"D",325,"D",195,"D",225,"D",.,"A",.,"A",1586,"D",60,"D",50,"D",650,"D",.,"A",.,"A"
"20154","03148833",5,0,"1",195,"D",78,"D",.,"A",65,"D",0,"D",.,"A",.,"A",117,"D",0,"D",.,"A",.,"A",.,"A",.,"A"
"20154","03148853",41,0,"1",1040,"D",130,"D",1040,"D",156,"D",0,"D",130,"D",.,"A",910,"D",0,"D",.,"A",.,"A",390,"D",30,"D"
"20154","03148883",22,0,"1",975,"D",195,"D",.,"A",325,"D",0,"D",.,"A",.,"A",780,"D",0,"D",.,"A",.,"A",.,"A",.,"A"
"20154","03148893",33,0,"1",2600,"D",650,"D",.,"A",975,"D",45,"D",.,"A",.,"A",1950,"D",75,"D",.,"A",.,"A",.,"A",.,"A"
"20154","03148933",20,0,"1",1300,"D",325,"D",650,"D",325,"D",0,"D",.,"A",.,"A",975,"D",0,"D",.,"A",.,"A",.,"A",.,"A"
"20154","03148963",31,0,"1",1549,"F",.,"A",.,"A",870,"F",175,"F",.,"A",.,"A",1261,"F",191,"F",.,"A",.,"A",.,"A",.,"A"
"20154","03148973",45,0,"1",2600,"D",390,"D",.,"A",1950,"D",15,"D",.,"A",.,"A",2210,"D",0,"D",.,"A",.,"A",.,"A",.,"A"
"20154","03148983",67,0,"1",1300,"D",385,"F",.,"A",9100,"D",900,"D",.,"A",.,"A",1478,"F",2100,"D",.,"A",.,"A",.,"A",.,"A"
"20154","03148993",31,0,"1",1300,"D",260,"D",.,"A",870,"F",6,"D",.,"A",.,"A",1040,"D",6,"D",.,"A",.,"A",.,"A",.,"A"
"20154","03149003",59,0,"1",2600,"D",520,"D",91,"D",1040,"D",0,"D",.,"A",.,"A",2080,"D",0,"D",.,"A",.,"A",.,"A",.,"A"
"20154","03149013",31,0,"1",910,"D",312,"D",.,"A",0,"D",0,"D",.,"A",.,"A",598,"D",0,"D",.,"A",.,"A",.,"A",.,"A"
"20154","03149023",21,0,"1",338,"D",169,"D",.,"A",0,"D",0,"D",.,"A",.,"A",169,"D",0,"D",.,"A",.,"A",.,"A",.,"A"
"20154","03149033",43,0,"1",1950,"D",650,"D",390,"D",975,"D",0,"D",.,"A",.,"A",1300,"D",0,"D",25,"D",325,"D",.,"A",.,"A"
"20154","03149053",33,0,"1",650,"D",325,"D",195,"D",650,"D",15,"D",125,"D",.,"A",325,"D",60,"D",40,"D",520,"D",.,"A",.,"A"
"20154","03149073",24,0,"1",2210,"D",0,"D",.,"A",0,"D",0,"D",.,"A",.,"A",2210,"D",0,"D",.,"A",.,"A",.,"A",.,"A"
"20154","03149113",33,0,"1",1560,"D",260,"D",.,"A",130,"D",0,"D",.,"A",.,"A",1300,"D",0,"D",50,"D",650,"D",.,"A",.,"A"
"20154","03149123",38,0,"1",2600,"D",390,"D",.,"A",520,"D",0,"D",.,"A",45,"D",2210,"D",30,"D",10,"D",130,"D",.,"A",.,"A"
"20154","03149133",15,0,"1",2600,"D",1300,"D",.,"A",325,"D",0,"D",.,"A",.,"A",1300,"D",150,"D",.,"A",.,"A",.,"A",.,"A"
"20154","03149163",45,0,"1",1430,"D",390,"D",.,"A",520,"D",0,"D",.,"A",96,"D",1040,"D",0,"D",.,"A",.,"A",.,"A",.,"A"
"20154","03149173",32,0,"1",1300,"D",260,"D",.,"A",390,"D",0,"D",.,"A",.,"A",1040,"D",0,"D",.,"A",.,"A",.,"A",.,"A"
"20154","03149183",32,0,"1",1300,"D",260,"D",130,"D",650,"D",0,"D",.,"A",.,"A",1040,"D",60,"D",.,"A",.,"A",.,"A",.,"A"
"20154","03149193",27,0,"1",780,"D",130,"D",.,"A",520,"D",0,"D",.,"A",.,"A",650,"D",45,"D",.,"A",.,"A",.,"A",.,"A"
"20154","03149213",65,0,"1",3445,"D",52,"D",.,"A",325,"D",60,"D",.,"A",.,"A",3393,"D",327,"D",.,"A",.,"A",.,"A",.,"A"
"20154","03149233",38,0,"1",1690,"D",130,"D",390,"D",0,"D",0,"D",.,"A",.,"A",1560,"D",0,"D",.,"A",.,"A",.,"A",.,"A"
"20154","03149243",18,0,"1",1300,"D",260,"D",.,"A",325,"D",0,"D",.,"A",.,"A",1040,"D",0,"D",.,"A",.,"A",.,"A",.,"A"
"20154","03149253",49,0,"1",3900,"D",650,"D",.,"A",1170,"D",0,"D",.,"A",180,"D",3250,"D",0,"D",.,"A",.,"A",.,"A",.,"A"
"20154","03149263",20,0,"1",1300,"D",325,"D",.,"A",1040,"D",60,"D",.,"A",.,"A",975,"D",360,"D",14,"D",182,"D",221,"F",.,"C"
"20154","03149273",39,0,"1",1950,"D",195,"D",.,"A",0,"D",0,"D",.,"A",.,"A",1755,"D",60,"D",.,"A",.,"A",.,"A",.,"A"
"20154","03149313",51,0,"1",1950,"D",780,"D",.,"A",1300,"D",0,"D",.,"A",.,"A",1170,"D",30,"D",.,"A",.,"A",.,"A",.,"A"
"20154","03149325",32,0,"1",1625,"D",325,"D",.,"A",390,"D",75,"D",.,"A",.,"A",1300,"D",150,"D",.,"A",.,"A",.,"A",.,"A"
"20154","03149333",13,0,"1",650,"D",0,"D",.,"A",0,"D",0,"D",.,"A",.,"A",650,"D",0,"D",.,"A",.,"A",.,"A",.,"A"
"20154","03149343",31,0,"1",650,"D",130,"D",.,"A",0,"D",0,"D",.,"A",.,"A",520,"D",0,"D",.,"A",.,"A",.,"A",.,"A"
"20154","03149383",36,0,"1",1950,"D",0,"D",.,"A",0,"D",27,"D",.,"A",.,"A",1950,"D",0,"D",.,"A",.,"A",.,"A",.,"A"
"20154","03149403",28,0,"1",1300,"D",390,"D",208,"D",1040,"D",90,"D",.,"A",.,"A",910,"D",120,"D",14,"D",182,"D",.,"A",.,"A"
"20154","03149423",27,0,"1",1300,"D",455,"D",.,"A",130,"D",0,"D",.,"A",.,"A",845,"D",300,"D",.,"A",.,"A",260,"D",20,"D"
"20154","03149433",22,0,"1",2600,"D",780,"D",.,"A",0,"D",0,"D",.,"A",.,"A",1820,"D",0,"D",.,"A",.,"A",.,"A",.,"A"
"20154","03149454",6,0,"1",325,"D",0,"D",.,"A",0,"D",0,"D",.,"A",.,"A",325,"D",0,"D",.,"A",.,"A",.,"A",.,"A"
"20154","03149463",38,0,"1",1950,"D",650,"D",.,"A",0,"D",0,"D",.,"A",.,"A",1300,"D",0,"D",.,"A",.,"A",.,"A",.,"A"
"20154","03149473",25,0,"1",1950,"D",130,"D",.,"A",780,"D",0,"D",.,"A",.,"A",1820,"D",0,"D",.,"A",.,"A",.,"A",.,"A"
"20154","03149493",41,0,"1",1495,"D",130,"D",.,"A",390,"D",45,"D",.,"A",.,"A",1365,"D",150,"D",.,"A",.,"A",.,"A",.,"A"
"20154","03149513",29,0,"1",1300,"D",130,"D",.,"A",260,"D",0,"D",.,"A",.,"A",1170,"D",60,"D",.,"A",.,"A",.,"A",.,"A"
"20154","03149523",27,0,"1",3250,"D",585,"D",.,"A",260,"D",75,"D",.,"A",.,"A",2665,"D",300,"D",60,"D",780,"D",.,"A",.,"A"
"20154","03149533",30,0,"1",520,"D",130,"D",.,"A",0,"D",0,"D",.,"A",.,"A",390,"D",0,"D",.,"A",.,"A",.,"A",.,"A"
"20154","03149543",50,0,"1",2340,"D",650,"D",.,"A",520,"D",0,"D",.,"A",110,"D",1690,"D",0,"D",.,"A",.,"A",.,"A",.,"A"
"20154","03149553",26,0,"1",975,"D",0,"D",.,"A",325,"D",0,"D",.,"A",.,"A",975,"D",0,"D",.,"A",.,"A",.,"A",.,"A"
"20154","03149583",32,0,"1",650,"D",260,"D",.,"A",0,"D",0,"D",.,"A",.,"A",390,"D",45,"D",.,"A",.,"A",.,"A",.,"A"
"20154","03149593",29,0,"1",1300,"D",130,"D",.,"A",390,"D",0,"D",.,"A",.,"A",1170,"D",0,"D",.,"A",.,"A",.,"A",.,"A"
"20154","03149633",58,0,"1",1300,"D",130,"D",.,"A",1170,"D",0,"D",108,"D",.,"A",1170,"D",0,"D",.,"A",.,"A",.,"A",.,"A"
"20154","03149643",41,0,"1",3250,"D",650,"D",.,"A",1300,"D",0,"D",63,"D",.,"A",2600,"D",0,"D",30,"D",390,"D",.,"A",.,"A"
"20154","03149653",18,0,"1",845,"D",130,"D",260,"D",520,"D",120,"D",.,"A",.,"A",715,"D",120,"D",.,"A",.,"A",.,"A",.,"A"
"20154","03149663",61,0,"1",1820,"D",520,"D",.,"A",390,"D",150,"D",.,"A",.,"A",1300,"D",300,"D",.,"A",.,"A",.,"A",.,"A"
"20154","03149683",33,0,"1",1950,"D",390,"D",.,"A",0,"D",0,"D",.,"A",70,"D",1560,"D",180,"D",50,"D",650,"D",.,"A",.,"A"
"20154","03149703",11,0,"1",2340,"D",390,"D",.,"A",260,"D",0,"D",.,"A",.,"A",1950,"D",0,"D",.,"A",.,"A",.,"A",.,"A"
"20154","03149773",34,0,"1",1950,"D",419,"F",.,"A",325,"D",0,"D",412,"F",.,"A",1710,"F",180,"D",.,"A",.,"A",.,"A",.,"A"
"20154","03149793",18,0,"1",130,"D",0,"D",65,"D",260,"D",0,"D",.,"A",.,"A",130,"D",0,"D",.,"A",.,"A",.,"A",.,"A"
"20154","03149823",49,0,"1",2080,"D",26,"D",.,"A",325,"D",24,"D",.,"A",.,"A",2054,"D",75,"D",.,"A",.,"A",.,"A",.,"A"
"20154","03149873",38,0,"1",910,"D",130,"D",.,"A",1040,"D",0,"D",.,"A",.,"A",780,"D",0,"D",.,"A",.,"A",.,"A",.,"A"
"20154","03149883",20,0,"1",1300,"D",390,"D",.,"A",0,"D",0,"D",.,"A",.,"A",910,"D",0,"D",.,"A",.,"A",.,"A",.,"A"
"20154","03149923",26,0,"1",884,"F",.,"A",.,"A",417,"F",0,"D",.,"A",.,"A",699,"F",0,"D",.,"A",.,"A",.,"A",.,"A"
"20154","03149943",36,0,"1",910,"D",65,"D",.,"A",260,"D",30,"D",.,"A",.,"A",845,"D",0,"D",.,"A",.,"A",.,"A",.,"A"
"20154","03149953",18,0,"1",130,"D",0,"D",.,"A",0,"D",0,"D",.,"A",.,"A",130,"D",0,"D",.,"A",.,"A",.,"A",.,"A"
"20154","03149963",53,0,"1",1300,"D",195,"D",.,"A",455,"D",0,"D",.,"A",144,"D",1105,"D",30,"D",.,"A",.,"A",.,"A",.,"A"
"20154","03149973",16,0,"1",910,"D",260,"D",.,"A",520,"D",0,"D",.,"A",.,"A",650,"D",0,"D",.,"A",.,"A",.,"A",.,"A"
"20154","03150003",22,0,"1",650,"D",156,"D",.,"A",260,"D",0,"D",.,"A",.,"A",494,"D",0,"D",.,"A",.,"A",.,"A",.,"A"
"20154","03150013",47,0,"1",3900,"D",975,"D",.,"A",390,"D",0,"D",.,"A",.,"A",2925,"D",30,"D",.,"A",.,"A",.,"A",.,"A"
"20154","03150023",20,0,"1",1300,"D",156,"D",.,"A",650,"D",0,"D",.,"A",.,"A",1144,"D",0,"D",.,"A",.,"A",.,"A",.,"A"
"20154","03150043",7,0,"1",0,"D",.,"A",.,"A",260,"D",0,"D",.,"A",.,"A",0,"D",0,"D",.,"A",.,"A",.,"A",.,"A"
"20154","03150083",29,0,"1",780,"D",390,"D",.,"A",780,"D",0,"D",.,"A",.,"A",390,"D",0,"D",35,"D",455,"D",.,"A",.,"A"
"20154","03150093",14,0,"1",390,"D",65,"D",.,"A",0,"D",0,"D",.,"A",.,"A",325,"D",0,"D",.,"A",.,"A",.,"A",.,"A"
"20154","03150103",39,0,"1",3900,"D",390,"D",.,"A",1300,"D",600,"D",.,"A",.,"A",3510,"D",30,"D",.,"A",.,"A",.,"A",.,"A"
"20154","03150133",44,0,"1",3250,"D",325,"D",.,"A",520,"D",0,"D",.,"A",.,"A",2925,"D",180,"D",.,"A",.,"A",.,"A",.,"A"
"20154","03150193",64,0,"1",975,"D",351,"D",.,"A",650,"D",0,"D",.,"A",.,"A",624,"D",0,"D",.,"A",.,"A",.,"A",.,"A"
"20154","03150203",15,0,"1",650,"D",0,"D",.,"A",321,"F",0,"D",.,"A",.,"A",650,"D",0,"D",.,"A",.,"A",.,"A",.,"A"
"20154","03150223",40,0,"1",1300,"D",0,"D",.,"A",1300,"D",0,"D",.,"A",.,"A",1300,"D",0,"D",.,"A",.,"A",.,"A",.,"A"
"20154","03150233",23,0,"1",845,"D",207,"F",.,"A",416,"F",0,"D",.,"A",.,"A",723,"F",0,"D",.,"A",.,"A",.,"A",.,"A"
"20154","03150243",29,0,"1",1950,"D",390,"D",.,"A",0,"D",0,"D",.,"A",.,"A",1560,"D",0,"D",40,"D",520,"D",.,"A",.,"A"
"20154","03150253",44,0,"1",2600,"D",325,"D",.,"A",650,"D",120,"D",.,"A",240,"D",2275,"D",180,"D",70,"D",910,"D",.,"A",.,"A"
"20154","03150263",49,0,"1",1742,"D",312,"D",.,"A",0,"D",0,"D",.,"A",.,"A",1430,"D",0,"D",.,"A",.,"A",.,"A",.,"A"
"20154","03150283",40,0,"1",1690,"D",325,"D",.,"A",195,"D",0,"D",.,"A",.,"A",1365,"D",81,"D",5,"D",65,"D",.,"A",.,"A"
"20154","03150305",22,0,"1",3250,"D",390,"D",.,"A",2600,"D",240,"D",.,"A",.,"A",2860,"D",450,"D",.,"A",.,"A",.,"A",.,"A"
"20154","03150333",23,0,"1",1300,"D",195,"D",.,"A",650,"D",0,"D",.,"A",.,"A",1105,"D",0,"D",.,"A",.,"A",.,"A",.,"A"
"20154","03150343",23,0,"1",520,"D",130,"D",.,"A",0,"D",0,"D",.,"A",.,"A",390,"D",0,"D",50,"D",650,"D",.,"A",.,"A"
"20154","03150353",13,0,"1",910,"D",130,"D",.,"A",0,"D",0,"D",.,"A",.,"A",780,"D",60,"D",.,"A",.,"A",.,"A",.,"A"
"20154","03150363",52,0,"1",3341,"D",260,"D",.,"A",767,"D",0,"D",.,"A",.,"A",3081,"D",0,"D",.,"A",.,"A",.,"A",.,"A"
"20154","03150373",27,0,"1",1040,"D",39,"D",.,"A",0,"D",0,"D",.,"A",.,"A",1001,"D",45,"D",.,"A",.,"A",.,"A",.,"A"
"20154","03150383",58,0,"1",1170,"D",65,"D",.,"A",1365,"D",120,"D",.,"A",.,"A",1105,"D",285,"D",.,"A",.,"A",.,"A",.,"A"
"20154","03150403",42,0,"1",1950,"D",390,"D",.,"A",325,"D",0,"D",.,"A",.,"A",1560,"D",0,"D",.,"A",.,"A",.,"A",.,"A"
"20154","03150413",30,0,"1",2600,"D",650,"D",.,"A",390,"D",0,"D",.,"A",.,"A",1950,"D",0,"D",.,"A",.,"A",.,"A",.,"A"
"20154","03150423",44,0,"1",2600,"D",1560,"D",.,"A",1950,"D",0,"D",.,"A",.,"A",1040,"D",120,"D",.,"A",.,"A",.,"A",.,"A"
"20154","03150433",50,0,"1",1300,"D",260,"D",65,"D",650,"D",150,"D",.,"A",.,"A",1040,"D",60,"D",.,"A",.,"A",.,"A",.,"A"
"20154","03150443",50,0,"1",1560,"D",195,"D",.,"A",520,"D",0,"D",.,"A",10,"D",1365,"D",0,"D",.,"A",.,"A",.,"A",.,"A"
"20154","03150475",14,0,"1",2600,"D",390,"D",.,"A",0,"D",0,"D",.,"A",.,"A",2210,"D",0,"D",5,"D",65,"D",.,"A",.,"A"
"20154","03150503",26,0,"1",975,"D",0,"D",.,"A",520,"D",0,"D",.,"A",.,"A",975,"D",150,"D",.,"A",.,"A",.,"A",.,"A"
"20154","03150533",26,0,"1",520,"D",130,"D",.,"A",650,"D",300,"D",.,"A",.,"A",390,"D",120,"D",.,"A",.,"A",.,"A",.,"A"
"20154","03150563",23,0,"1",910,"D",195,"D",.,"A",0,"D",0,"D",.,"A",.,"A",715,"D",0,"D",.,"A",.,"A",.,"A",.,"A"
"20154","03150583",19,0,"1",130,"D",26,"D",.,"A",65,"D",0,"D",.,"A",.,"A",104,"D",0,"D",.,"A",.,"A",.,"A",.,"A"
"20154","03150613",31,0,"1",2210,"D",1040,"D",260,"D",260,"D",0,"D",.,"A",.,"A",1170,"D",0,"D",.,"A",.,"A",.,"A",.,"A"
"20154","03150633",28,0,"1",1300,"D",0,"D",.,"A",780,"D",300,"D",.,"A",.,"A",1300,"D",240,"D",.,"A",.,"A",.,"A",.,"A"
"20154","03150653",11,0,"1",650,"D",0,"D",.,"A",0,"D",0,"D",.,"A",.,"A",650,"D",0,"D",.,"A",.,"A",.,"A",.,"A"
"20154","03150673",39,0,"1",520,"D",130,"D",.,"A",455,"D",0,"D",.,"A",.,"A",390,"D",0,"D",.,"A",.,"A",.,"A",.,"A"
"20154","03150683",53,0,"1",2600,"D",390,"D",.,"A",1300,"D",75,"D",.,"A",.,"A",2210,"D",75,"D",100,"D",1300,"D",.,"A",.,"A"
"20154","03150713",47,0,"1",2600,"D",1300,"D",.,"A",0,"D",0,"D",.,"A",.,"A",1300,"D",27,"D",45,"D",585,"D",.,"A",.,"A"
"20154","03150753",13,0,"1",1950,"D",650,"D",.,"A",0,"D",0,"D",.,"A",.,"A",1300,"D",0,"D",.,"A",.,"A",.,"A",.,"A"
"20154","03150763",10,0,"1",975,"D",65,"D",.,"A",130,"D",6,"D",.,"A",.,"A",910,"D",6,"D",.,"A",.,"A",.,"A",.,"A"
"20154","03150793",47,0,"1",780,"D",0,"D",910,"D",780,"D",0,"D",.,"A",360,"D",780,"D",0,"D",.,"A",.,"A",.,"A",.,"A"
"20154","03150813",11,0,"1",520,"D",130,"D",.,"A",0,"D",0,"D",.,"A",.,"A",390,"D",0,"D",10,"D",130,"D",.,"A",.,"A"
"20154","03150823",21,0,"1",975,"D",65,"D",.,"A",520,"D",0,"D",.,"A",.,"A",910,"D",0,"D",.,"A",.,"A",.,"A",.,"A"
"20154","03150833",33,0,"1",1040,"D",130,"D",.,"A",260,"D",60,"D",.,"A",.,"A",910,"D",150,"D",.,"A",.,"A",.,"A",.,"A"
"20154","03150843",45,0,"1",1300,"D",260,"D",.,"A",650,"D",0,"D",.,"A",.,"A",1040,"D",0,"D",.,"A",.,"A",.,"A",.,"A"
"20154","03150853",36,0,"1",2860,"D",130,"D",.,"A",3380,"D",360,"D",.,"A",.,"A",2730,"D",90,"D",24,"D",312,"D",.,"A",.,"A"
"20154","03150923",61,0,"1",910,"D",203,"F",.,"A",260,"D",187,"F",.,"A",.,"A",764,"F",118,"F",.,"A",.,"A",.,"A",.,"A"
"20154","03150943",76,0,"1",1625,"D",585,"D",.,"A",975,"D",180,"D",.,"A",.,"A",1040,"D",0,"D",.,"A",.,"A",.,"A",.,"A"
"20154","03150963",33,0,"1",1495,"D",0,"D",.,"A",650,"D",0,"D",.,"A",.,"A",1495,"D",0,"D",.,"A",.,"A",.,"A",.,"A"
"20154","03150973",42,0,"1",1950,"D",975,"D",.,"A",520,"D",0,"D",.,"A",.,"A",975,"D",0,"D",.,"A",.,"A",.,"A",.,"A"
"20154","03151003",6,0,"1",0,"D",.,"A",.,"A",0,"D",0,"D",.,"A",.,"A",0,"D",120,"D",20,"D",260,"D",.,"A",.,"A"
"20154","03151013",30,0,"1",325,"D",39,"D",.,"A",0,"D",0,"D",.,"A",.,"A",286,"D",0,"D",.,"A",.,"A",.,"A",.,"A"
"20154","03151053",33,0,"1",780,"D",130,"D",.,"A",975,"D",0,"D",.,"A",.,"A",650,"D",0,"D",.,"A",.,"A",.,"A",.,"A"
"20154","03151063",45,0,"1",1300,"D",325,"D",.,"A",650,"D",0,"D",.,"A",.,"A",975,"D",0,"D",.,"A",.,"A",.,"A",.,"A"
"20154","03151073",43,0,"1",1950,"D",0,"D",.,"A",520,"D",0,"D",.,"A",.,"A",1950,"D",0,"D",.,"A",.,"A",.,"A",.,"A"
"20154","03151083",42,0,"1",1690,"D",390,"D",.,"A",260,"D",0,"D",.,"A",.,"A",1300,"D",0,"D",.,"A",.,"A",.,"A",.,"A"
"20154","03151093",39,0,"1",780,"D",195,"D",.,"A",1430,"D",0,"D",.,"A",.,"A",585,"D",0,"D",.,"A",.,"A",.,"A",.,"A"
"20154","03151113",18,0,"1",3575,"D",325,"D",.,"A",975,"D",0,"D",.,"A",.,"A",3250,"D",0,"D",.,"A",.,"A",.,"A",.,"A"
"20154","03151123",23,0,"1",1300,"D",0,"D",.,"A",520,"D",0,"D",.,"A",.,"A",1300,"D",0,"D",.,"A",.,"A",.,"A",.,"A"
"20154","03151133",22,0,"1",975,"D",0,"D",.,"A",260,"D",0,"D",.,"A",.,"A",975,"D",0,"D",.,"A",.,"A",.,"A",.,"A"
"20154","03151183",39,0,"1",975,"D",0,"D",650,"D",0,"D",6,"D",.,"A",.,"A",975,"D",6,"D",.,"A",.,"A",.,"A",.,"A"
"20154","03151243",29,0,"1",325,"D",0,"D",.,"A",0,"D",0,"D",.,"A",.,"A",325,"D",0,"D",.,"A",.,"A",.,"A",.,"A"
"20154","03151263",36,0,"1",2600,"D",353,"F",.,"A",650,"D",0,"D",.,"A",.,"A",1261,"F",0,"D",.,"A",.,"A",.,"A",.,"A"
"20154","03151273",27,0,"1",780,"D",195,"D",.,"A",0,"D",0,"D",.,"A",.,"A",585,"D",0,"D",.,"A",.,"A",.,"A",.,"A"
"20154","03151293",32,0,"1",2080,"D",325,"D",130,"D",455,"D",0,"D",.,"A",.,"A",1755,"D",120,"D",.,"A",.,"A",.,"A",.,"A"
"20154","03151323",22,0,"1",650,"D",65,"D",.,"A",390,"D",187,"F",.,"A",.,"A",585,"D",0,"D",.,"A",.,"A",.,"A",.,"A"
"20154","03151333",27,0,"1",1300,"D",65,"D",.,"A",0,"D",0,"D",.,"A",.,"A",1235,"D",0,"D",.,"A",.,"A",.,"A",.,"A"
"20154","03151373",11,0,"1",520,"D",130,"D",.,"A",195,"D",0,"D",.,"A",.,"A",390,"D",0,"D",.,"A",.,"A",.,"A",.,"A"
"20154","03151383",17,0,"1",1300,"D",260,"D",.,"A",130,"D",0,"D",.,"A",.,"A",1040,"D",0,"D",.,"A",.,"A",.,"A",.,"A"
"20154","03151393",52,0,"1",1950,"D",0,"D",.,"A",845,"D",0,"D",.,"A",.,"A",1950,"D",120,"D",.,"A",.,"A",.,"A",.,"A"
"20154","03151423",38,0,"1",3900,"D",520,"D",.,"A",650,"D",144,"D",.,"A",.,"A",3380,"D",120,"D",40,"D",520,"D",.,"A",.,"A"
"20154","03151463",28,0,"1",650,"D",65,"D",.,"A",0,"D",0,"D",.,"A",.,"A",585,"D",0,"D",.,"A",.,"A",.,"A",.,"A"
"20154","03151493",26,0,"1",2600,"D",0,"D",.,"A",0,"D",0,"D",.,"A",.,"A",2600,"D",0,"D",.,"A",.,"A",.,"A",.,"A"
"20154","03151503",43,0,"1",1300,"D",260,"D",.,"A",0,"D",6,"D",.,"A",.,"A",1040,"D",6,"D",.,"A",.,"A",.,"A",.,"A"
"20154","03151533",25,0,"1",1040,"D",260,"D",.,"A",780,"D",90,"D",.,"A",.,"A",780,"D",90,"D",.,"A",.,"A",.,"A",.,"A"
"20154","03151543",39,0,"1",1950,"D",260,"D",.,"A",780,"D",0,"D",.,"A",45,"D",1690,"D",0,"D",.,"A",.,"A",.,"A",.,"A"
"20154","03151553",30,0,"1",4550,"D",1300,"D",.,"A",650,"D",0,"D",.,"A",.,"A",3250,"D",0,"D",.,"A",.,"A",.,"A",.,"A"
"20154","03151593",27,0,"1",1040,"D",130,"D",.,"A",0,"D",0,"D",.,"A",.,"A",910,"D",0,"D",.,"A",.,"A",.,"A",.,"A"
"20154","03151613",30,0,"1",1950,"D",390,"D",325,"D",650,"D",0,"D",.,"A",.,"A",1560,"D",0,"D",.,"A",.,"A",.,"A",.,"A"
"20154","03151683",16,0,"1",624,"D",260,"D",.,"A",0,"D",0,"D",.,"A",.,"A",364,"D",0,"D",.,"A",.,"A",.,"A",.,"A"
"20154","03151693",62,0,"1",2275,"D",390,"D",.,"A",1040,"D",180,"D",.,"A",160,"D",1885,"D",60,"D",.,"A",.,"A",.,"A",.,"A"
"20154","03151723",54,0,"1",2145,"D",260,"D",455,"D",975,"D",0,"D",.,"A",150,"D",1885,"D",0,"D",.,"A",.,"A",.,"A",.,"A"
"20154","03151743",10,0,"1",325,"D",0,"D",.,"A",260,"D",0,"D",.,"A",.,"A",325,"D",0,"D",.,"A",.,"A",.,"A",.,"A"
"20154","03151763",21,0,"1",585,"D",52,"D",.,"A",130,"D",0,"D",.,"A",.,"A",533,"D",0,"D",.,"A",.,"A",.,"A",.,"A"
"20154","03151773",44,0,"1",3900,"D",390,"D",.,"A",780,"D",0,"D",.,"A",.,"A",3510,"D",525,"D",75,"D",975,"D",.,"A",.,"A"
"20154","03151803",14,0,"1",780,"D",130,"D",.,"A",65,"D",0,"D",.,"A",.,"A",650,"D",0,"D",.,"A",.,"A",.,"A",.,"A"
"20154","03151843",24,0,"1",65,"D",39,"D",.,"A",0,"D",0,"D",.,"A",.,"A",26,"D",0,"D",.,"A",.,"A",.,"A",.,"A"
"20154","03151903",23,0,"1",1625,"D",260,"D",.,"A",0,"D",0,"D",.,"A",.,"A",1365,"D",0,"D",.,"A",.,"A",.,"A",.,"A"
"20154","03151933",52,0,"1",3380,"D",260,"D",.,"A",260,"D",0,"D",.,"A",.,"A",3120,"D",0,"D",.,"A",.,"A",.,"A",.,"A"
"20154","03151973",29,0,"1",650,"D",325,"D",.,"A",520,"D",0,"D",.,"A",.,"A",325,"D",0,"D",.,"A",.,"A",.,"A",.,"A"
"20154","03151983",25,0,"1",1040,"D",130,"D",.,"A",260,"D",0,"D",.,"A",.,"A",910,"D",0,"D",.,"A",.,"A",.,"A",.,"A"
"20154","03151993",44,0,"1",2015,"D",650,"D",676,"D",0,"D",0,"D",.,"A",180,"D",1365,"D",51,"D",.,"A",.,"A",.,"A",.,"A"
"20154","03152003",52,0,"1",2600,"D",975,"D",.,"A",325,"D",0,"D",.,"A",.,"A",1625,"D",0,"D",.,"A",.,"A",.,"A",.,"A"
"20154","03152013",18,0,"1",1170,"D",260,"D",.,"A",390,"D",75,"D",.,"A",.,"A",910,"D",0,"D",18,"D",234,"D",.,"A",.,"A"
"20154","03152033",29,0,"1",2600,"D",325,"D",.,"A",520,"D",0,"D",.,"A",.,"A",2275,"D",90,"D",.,"A",.,"A",.,"A",.,"A"
"20154","03152043",42,0,"1",1300,"D",260,"D",.,"A",104,"D",0,"D",.,"A",.,"A",1040,"D",30,"D",.,"A",.,"A",.,"A",.,"A"
"20154","03152053",19,0,"1",1560,"D",390,"D",.,"A",455,"D",0,"D",.,"A",.,"A",1170,"D",0,"D",.,"A",.,"A",.,"A",.,"A"
"20154","03152073",46,0,"1",910,"D",130,"D",130,"D",390,"D",0,"D",.,"A",.,"A",780,"D",90,"D",.,"A",.,"A",.,"A",.,"A"
"20154","03152103",30,0,"1",1950,"D",650,"D",.,"A",325,"D",150,"D",.,"A",.,"A",1300,"D",0,"D",.,"A",.,"A",.,"A",.,"A"
"20154","03152133",57,0,"1",1300,"D",325,"D",.,"A",130,"D",0,"D",.,"A",.,"A",975,"D",0,"D",.,"A",.,"A",.,"A",.,"A"
"20154","03152143",20,0,"1",455,"D",65,"D",.,"A",0,"D",0,"D",.,"A",.,"A",390,"D",0,"D",.,"A",.,"A",.,"A",.,"A"
"20154","03152165",19,0,"1",975,"D",65,"D",.,"A",0,"D",0,"D",.,"A",.,"A",910,"D",0,"D",.,"A",.,"A",.,"A",.,"A"
"20154","03152173",42,0,"1",1950,"D",0,"D",260,"D",650,"D",60,"D",.,"A",.,"A",1950,"D",60,"D",.,"A",.,"A",.,"A",.,"A"
"20154","03152183",19,0,"1",650,"D",0,"D",.,"A",650,"D",600,"D",.,"A",.,"A",650,"D",180,"D",.,"A",.,"A",.,"A",.,"A"
"20154","03152193",14,0,"1",390,"D",65,"D",.,"A",0,"D",0,"D",.,"A",.,"A",325,"D",45,"D",.,"A",.,"A",.,"A",.,"A"
"20154","03152213",23,0,"1",845,"D",130,"D",.,"A",0,"D",0,"D",.,"A",.,"A",715,"D",0,"D",.,"A",.,"A",.,"A",.,"A"
"20154","03152243",19,0,"1",1170,"D",260,"D",.,"A",0,"D",0,"D",.,"A",.,"A",910,"D",0,"D",3,"D",39,"D",.,"A",.,"A"
"20154","03152263",25,0,"1",1300,"D",325,"D",.,"A",0,"D",0,"D",.,"A",.,"A",975,"D",0,"D",.,"A",.,"A",.,"A",.,"A"
"20154","03152283",40,0,"1",1950,"D",975,"D",195,"D",13,"D",135,"D",.,"A",.,"A",975,"D",360,"D",.,"A",.,"A",.,"A",.,"A"
"20154","03152293",32,0,"1",650,"D",390,"D",.,"A",1040,"D",60,"D",.,"A",.,"A",260,"D",0,"D",.,"A",.,"A",.,"A",.,"A"
"20154","03152333",73,0,"1",2275,"D",325,"D",.,"A",650,"D",0,"D",.,"A",.,"A",1950,"D",60,"D",.,"A",.,"A",.,"A",.,"A"
"20154","03152343",25,0,"1",715,"D",195,"D",.,"A",39,"D",0,"D",.,"A",.,"A",520,"D",0,"D",.,"A",.,"A",.,"A",.,"A"
"20154","03152353",22,0,"1",975,"D",130,"D",.,"A",325,"D",0,"D",.,"A",.,"A",845,"D",0,"D",.,"A",.,"A",.,"A",.,"A"
"20154","03152383",32,0,"1",4160,"D",650,"D",.,"A",780,"D",0,"D",.,"A",.,"A",3510,"D",0,"D",.,"A",.,"A",.,"A",.,"A"
"20154","03152393",56,0,"1",1040,"D",130,"D",520,"D",1300,"D",75,"D",.,"A",300,"D",910,"D",75,"D",.,"A",.,"A",.,"A",.,"A"
"20154","03152403",13,0,"1",520,"D",130,"D",195,"D",390,"D",0,"D",.,"A",.,"A",390,"D",0,"D",50,"D",650,"D",.,"A",.,"A"
"20154","03152413",42,0,"1",1300,"D",0,"D",195,"D",1300,"D",0,"D",.,"A",.,"A",1300,"D",0,"D",10,"D",130,"D",.,"A",.,"A"
"20154","03152423",51,0,"1",520,"D",156,"D",.,"A",0,"D",0,"D",.,"A",.,"A",364,"D",120,"D",.,"A",.,"A",.,"A",.,"A"
"20154","03152453",50,0,"1",1950,"D",325,"D",325,"D",520,"D",60,"D",.,"A",.,"A",1625,"D",450,"D",.,"A",.,"A",.,"A",.,"A"
"20154","03152463",51,0,"1",1300,"D",325,"D",.,"A",1300,"D",0,"D",.,"A",.,"A",975,"D",0,"D",.,"A",.,"A",.,"A",.,"A"
"20154","03152503",69,0,"1",910,"D",130,"D",.,"A",455,"D",0,"D",.,"A",.,"A",780,"D",0,"D",35,"D",455,"D",.,"A",.,"A"
"20154","03152513",42,0,"1",1950,"D",650,"D",390,"D",0,"D",0,"D",.,"A",.,"A",1300,"D",0,"D",60,"D",780,"D",.,"A",.,"A"
"20154","03152523",33,0,"1",1950,"D",455,"D",.,"A",195,"D",0,"D",.,"A",.,"A",1495,"D",120,"D",.,"A",.,"A",.,"A",.,"A"
"20154","03152573",41,0,"1",3250,"D",975,"D",.,"A",780,"D",0,"D",.,"A",.,"A",2275,"D",0,"D",.,"A",.,"A",.,"A",.,"A"
"20154","03152633",12,0,"1",1950,"D",325,"D",.,"A",0,"D",0,"D",.,"A",.,"A",1625,"D",0,"D",.,"A",.,"A",.,"A",.,"A"
"20154","03152653",19,0,"1",2271,"F",.,"A",434,"F",0,"D",6,"D",.,"A",.,"A",1879,"F",6,"D",.,"A",.,"A",.,"A",.,"A"
"20154","03152663",33,0,"1",520,"D",130,"D",0,"D",325,"D",0,"D",.,"A",.,"A",390,"D",0,"D",.,"A",.,"A",.,"A",.,"A"
"20154","03152673",52,0,"1",1430,"D",390,"D",.,"A",65,"D",0,"D",.,"A",.,"A",1040,"D",24,"D",.,"A",.,"A",.,"A",.,"A"
"20154","03152703",42,0,"1",1950,"D",650,"D",130,"D",0,"D",0,"D",.,"A",.,"A",1300,"D",300,"D",.,"A",.,"A",.,"A",.,"A"
"20154","03152713",41,0,"1",2600,"D",260,"D",195,"D",455,"D",30,"D",.,"A",.,"A",2340,"D",90,"D",.,"A",.,"A",.,"A",.,"A"
"20154","03152723",39,0,"1",520,"D",65,"D",260,"D",0,"D",0,"D",.,"A",.,"A",455,"D",0,"D",55,"D",715,"D",.,"A",.,"A"
"20154","03152753",49,0,"1",1040,"D",130,"D",.,"A",650,"D",240,"D",.,"A",.,"A",910,"D",300,"D",30,"D",390,"D",260,"D",20,"D"
"20154","03152773",36,0,"1",1625,"D",130,"D",.,"A",1040,"D",0,"D",.,"A",.,"A",1495,"D",120,"D",.,"A",.,"A",.,"A",.,"A"
"20154","03152793",26,0,"1",650,"D",130,"D",.,"A",0,"D",0,"D",.,"A",.,"A",520,"D",0,"D",.,"A",.,"A",.,"A",.,"A"
"20154","03152803",32,0,"1",260,"D",260,"D",.,"A",260,"D",75,"D",.,"A",.,"A",0,"D",75,"D",.,"A",.,"A",78,"D",6,"D"
"20154","03163283",59,0,"1",1625,"D",260,"D",.,"A",975,"D",0,"D",.,"A",.,"A",1365,"D",30,"D",.,"A",.,"A",.,"A",.,"A"
"20154","03163293",34,0,"1",1430,"D",260,"D",195,"D",455,"D",0,"D",.,"A",.,"A",1170,"D",0,"D",.,"A",.,"A",.,"A",.,"A"
"20154","03163353",21,0,"1",975,"D",260,"D",.,"A",585,"D",450,"D",.,"A",.,"A",715,"D",120,"D",.,"A",.,"A",.,"A",.,"A"
"20154","03163403",12,0,"1",2271,"F",.,"A",434,"F",0,"D",0,"D",.,"A",.,"A",1879,"F",0,"D",.,"A",.,"A",.,"A",.,"A"
"20154","03163423",16,0,"1",1300,"D",325,"D",.,"A",260,"D",0,"D",.,"A",.,"A",975,"D",150,"D",30,"D",390,"D",.,"A",.,"A"
"20154","03163443",28,0,"1",1300,"D",195,"D",.,"A",650,"D",90,"D",.,"A",.,"A",1105,"D",120,"D",.,"A",.,"A",.,"A",.,"A"
"20154","03163463",43,0,"1",2600,"D",390,"D",.,"A",975,"D",30,"D",.,"A",30,"D",2210,"D",45,"D",.,"A",.,"A",.,"A",.,"A"
"20154","03163483",21,0,"1",650,"D",65,"D",.,"A",0,"D",0,"D",.,"A",.,"A",585,"D",0,"D",8,"D",104,"D",.,"A",.,"A"
"20154","03163513",28,0,"1",1625,"D",325,"D",.,"A",650,"D",0,"D",.,"A",.,"A",1300,"D",0,"D",.,"A",.,"A",.,"A",.,"A"
"20154","03163553",22,0,"1",1950,"D",260,"D",.,"A",0,"D",0,"D",.,"A",.,"A",1690,"D",0,"D",30,"D",390,"D",.,"A",.,"A"
"20154","03163583",43,0,"1",1950,"D",260,"D",.,"A",2600,"D",150,"D",.,"A",.,"A",1690,"D",90,"D",.,"A",.,"A",.,"A",.,"A"
"20154","03163623",40,0,"1",1300,"D",390,"D",.,"A",650,"D",0,"D",.,"A",.,"A",910,"D",120,"D",.,"A",.,"A",.,"A",.,"A"
"20154","03163633",15,0,"1",780,"D",260,"D",.,"A",0,"D",0,"D",.,"A",.,"A",520,"D",0,"D",.,"A",.,"A",.,"A",.,"A"
"20154","03163643",108,0,"1",1300,"D",260,"D",130,"D",1300,"D",300,"D",.,"A",.,"A",1040,"D",60,"D",.,"A",.,"A",.,"A",.,"A"
"20154","03163663",22,0,"1",1549,"F",.,"A",.,"A",870,"F",175,"F",.,"A",.,"A",1261,"F",191,"F",.,"A",.,"A",.,"A",.,"A"
"20154","03163683",40,0,"1",3900,"D",585,"D",.,"A",0,"D",0,"D",.,"A",.,"A",3315,"D",30,"D",100,"D",1300,"D",.,"A",.,"A"
"20154","03163693",60,0,"1",1430,"D",0,"D",.,"A",871,"D",0,"D",.,"A",.,"A",1430,"D",300,"D",.,"A",.,"A",.,"A",.,"A"
"20154","03163723",16,0,"1",650,"D",260,"D",.,"A",0,"D",6,"D",.,"A",.,"A",390,"D",6,"D",.,"A",.,"A",.,"A",.,"A"
"20154","03163743",58,0,"1",1040,"D",195,"D",.,"A",325,"D",45,"D",.,"A",.,"A",845,"D",60,"D",.,"A",.,"A",.,"A",.,"A"
"20154","03163753",39,0,"1",910,"D",78,"D",.,"A",0,"D",0,"D",.,"A",.,"A",832,"D",30,"D",0,"D",0,"D",.,"A",.,"A"
"20154","03163763",28,0,"1",1469,"D",325,"D",260,"D",780,"D",0,"D",.,"A",.,"A",1144,"D",0,"D",.,"A",.,"A",.,"A",.,"A"
"20154","03163773",31,0,"1",1300,"D",260,"D",195,"D",390,"D",75,"D",.,"A",.,"A",1040,"D",300,"D",.,"A",.,"A",.,"A",.,"A"
"20154","03163783",34,0,"1",390,"D",0,"D",.,"A",260,"D",0,"D",.,"A",.,"A",390,"D",240,"D",.,"A",.,"A",585,"D",45,"D"
"20154","03163803",32,0,"1",3250,"D",780,"D",.,"A",0,"D",0,"D",.,"A",260,"D",2470,"D",0,"D",40,"D",520,"D",.,"A",.,"A"
"20154","03163823",41,0,"1",1300,"D",130,"D",.,"A",325,"D",0,"D",.,"A",.,"A",1170,"D",60,"D",.,"A",.,"A",.,"A",.,"A"
"20154","03163863",34,0,"1",1950,"D",195,"D",.,"A",780,"D",0,"D",.,"A",.,"A",1755,"D",0,"D",.,"A",.,"A",.,"A",.,"A"
"20154","03163873",16,0,"1",975,"D",130,"D",.,"A",0,"D",0,"D",.,"A",.,"A",845,"D",0,"D",.,"A",.,"A",.,"A",.,"A"
"20154","03163893",22,0,"1",1300,"D",195,"D",.,"A",130,"D",0,"D",.,"A",.,"A",1105,"D",0,"D",.,"A",.,"A",.,"A",.,"A"
"20154","03163923",19,0,"1",3900,"D",1950,"D",.,"A",1170,"D",0,"D",.,"A",.,"A",1950,"D",0,"D",.,"A",.,"A",.,"A",.,"A"
"20154","03163983",29,0,"1",780,"D",0,"D",.,"A",1300,"D",0,"D",.,"A",.,"A",780,"D",0,"D",.,"A",.,"A",.,"A",.,"A"
"20154","03163993",28,0,"1",1300,"D",260,"D",.,"A",0,"D",60,"D",.,"A",.,"A",1040,"D",60,"D",.,"A",.,"A",.,"A",.,"A"
"20154","03164023",66,0,"1",3250,"D",455,"D",.,"A",1040,"D",240,"D",.,"A",.,"A",2795,"D",600,"D",.,"A",.,"A",.,"A",.,"A"
"20154","03164063",66,0,"1",1560,"D",0,"D",.,"A",2600,"D",0,"D",.,"A",.,"A",1560,"D",0,"D",.,"A",.,"A",.,"A",.,"A"
"20154","03164073",36,0,"1",650,"D",65,"D",.,"A",325,"D",180,"D",.,"A",.,"A",585,"D",105,"D",.,"A",.,"A",.,"A",.,"A"
"20154","03164103",15,0,"1",975,"D",260,"D",.,"A",650,"D",0,"D",.,"A",.,"A",715,"D",0,"D",.,"A",.,"A",.,"A",.,"A"
"20154","03164153",26,0,"1",780,"D",195,"D",.,"A",195,"D",0,"D",.,"A",.,"A",585,"D",90,"D",.,"A",.,"A",.,"A",.,"A"
"20154","03164173",33,0,"1",910,"D",0,"D",.,"A",390,"D",0,"D",.,"A",.,"A",910,"D",0,"D",.,"A",.,"A",.,"A",.,"A"
"20154","03164215",15,0,"1",1300,"D",195,"D",.,"A",0,"D",0,"D",260,"D",.,"A",1105,"D",0,"D",.,"A",.,"A",.,"A",.,"A"
"20154","03164273",45,0,"1",1950,"D",325,"D",.,"A",780,"D",0,"D",.,"A",180,"D",1625,"D",0,"D",30,"D",390,"D",.,"A",.,"A"
"20154","03164283",24,0,"1",1300,"D",195,"D",.,"A",260,"D",0,"D",.,"A",.,"A",1105,"D",0,"D",.,"A",.,"A",.,"A",.,"A"
"20154","03164313",34,0,"1",1950,"D",390,"D",.,"A",0,"D",0,"D",.,"A",.,"A",1560,"D",36,"D",.,"A",.,"A",.,"A",.,"A"
"20154","03164323",23,0,"1",1300,"D",325,"D",.,"A",650,"D",6,"D",.,"A",.,"A",975,"D",6,"D",.,"A",.,"A",.,"A",.,"A"
"20154","03164363",29,0,"1",1300,"D",130,"D",.,"A",520,"D",0,"D",.,"A",.,"A",1170,"D",0,"D",.,"A",.,"A",.,"A",.,"A"
"20154","03164393",14,0,"1",65,"D",65,"D",.,"A",0,"D",0,"D",.,"A",.,"A",0,"D",0,"D",.,"A",.,"A",.,"A",.,"A"
"20154","03164473",26,0,"1",1300,"D",0,"D",.,"A",650,"D",0,"D",.,"A",.,"A",1300,"D",0,"D",.,"A",.,"A",.,"A",.,"A"
"20154","03164483",29,0,"1",1582,"F",.,"A",.,"A",650,"D",0,"D",.,"A",.,"A",1311,"F",0,"D",.,"A",.,"A",.,"A",.,"A"
"20154","03164513",39,0,"1",520,"D",130,"D",104,"D",0,"D",0,"D",.,"A",.,"A",390,"D",0,"D",.,"A",.,"A",.,"A",.,"A"
"20154","03164523",39,0,"1",325,"D",65,"D",.,"A",260,"D",30,"D",.,"A",.,"A",260,"D",150,"D",.,"A",.,"A",.,"A",.,"A"
"20154","03164533",85,0,"1",1950,"D",650,"D",.,"A",1040,"D",15,"D",.,"A",.,"A",1300,"D",15,"D",.,"A",.,"A",.,"A",.,"A"
"20154","03164543",31,0,"1",1950,"D",0,"D",.,"A",650,"D",74,"F",.,"A",.,"A",1950,"D",119,"F",.,"A",.,"A",.,"A",.,"A"
"20154","03164555",9,0,"1",130,"D",65,"D",.,"A",0,"D",0,"D",.,"A",.,"A",65,"D",0,"D",.,"A",.,"A",.,"A",.,"A"
"20154","03164573",21,0,"1",520,"D",130,"D",.,"A",260,"D",0,"D",.,"A",.,"A",390,"D",0,"D",.,"A",.,"A",.,"A",.,"A"
"20154","03164583",33,0,"1",3575,"D",130,"D",.,"A",650,"D",150,"D",.,"A",.,"A",3445,"D",120,"D",.,"A",.,"A",.,"A",.,"A"
"20154","03164593",66,0,"1",910,"D",0,"D",.,"A",910,"D",60,"D",.,"A",.,"A",910,"D",204,"D",.,"A",.,"A",.,"A",.,"A"
"20154","03164613",23,0,"1",585,"D",290,"F",.,"A",0,"D",0,"D",.,"A",.,"A",1029,"F",0,"D",.,"A",.,"A",.,"A",.,"A"
"20154","03164633",18,0,"1",390,"D",65,"D",.,"A",0,"D",0,"D",.,"A",.,"A",325,"D",0,"D",.,"A",.,"A",.,"A",.,"A"
"20154","03164643",29,0,"1",910,"D",130,"D",.,"A",0,"D",0,"D",.,"A",.,"A",780,"D",45,"D",.,"A",.,"A",.,"A",.,"A"
"20154","03164673",22,0,"1",1950,"D",260,"D",.,"A",0,"D",0,"D",.,"A",.,"A",1690,"D",0,"D",.,"A",.,"A",130,"D",10,"D"
"20154","03164693",20,0,"1",2600,"D",260,"D",.,"A",780,"D",0,"D",.,"A",.,"A",2340,"D",0,"D",.,"A",.,"A",.,"A",.,"A"
"20154","03164703",44,0,"1",1950,"D",390,"D",.,"A",390,"D",0,"D",.,"A",.,"A",1560,"D",0,"D",70,"D",910,"D",.,"A",.,"A"
"20154","03164713",25,0,"1",2925,"D",260,"D",.,"A",3900,"D",300,"D",.,"A",.,"A",2665,"D",360,"D",.,"A",.,"A",.,"A",.,"A"
"20154","03164723",32,0,"1",1300,"D",130,"D",.,"A",1300,"D",0,"D",.,"A",.,"A",1170,"D",0,"D",.,"A",.,"A",.,"A",.,"A"
"20154","03164733",71,0,"1",1300,"D",325,"D",208,"D",650,"D",150,"D",.,"A",84,"D",975,"D",90,"D",.,"A",.,"A",.,"A",.,"A"
"20154","03164753",22,0,"1",975,"D",260,"D",.,"A",390,"D",0,"D",.,"A",.,"A",715,"D",0,"D",.,"C",549,"F",.,"A",.,"A"
"20154","03164773",40,0,"1",1300,"D",325,"D",.,"A",0,"D",0,"D",.,"A",.,"A",975,"D",0,"D",.,"A",.,"A",.,"A",.,"A"
"20154","03164783",23,0,"1",910,"D",260,"D",.,"A",195,"D",0,"D",.,"A",.,"A",650,"D",60,"D",30,"D",390,"D",.,"A",.,"A"
"20154","03164793",25,0,"1",1950,"D",650,"D",.,"A",260,"D",0,"D",.,"A",.,"A",1300,"D",150,"D",30,"D",390,"D",260,"D",20,"D"
"20154","03164833",9,0,"1",1560,"D",401,"F",357,"F",749,"F",139,"F",.,"A",.,"A",1741,"F",133,"F",.,"A",.,"A",.,"A",.,"A"
"20154","03164843",70,0,"1",3900,"D",1300,"D",520,"D",0,"D",0,"D",.,"A",.,"A",2600,"D",300,"D",140,"D",1820,"D",.,"A",.,"A"
"20154","03164853",20,0,"1",1755,"D",0,"D",.,"A",0,"D",0,"D",.,"A",.,"A",1755,"D",0,"D",.,"A",.,"A",.,"A",.,"A"
"20154","03164873",50,0,"1",1950,"D",1170,"D",.,"A",2600,"D",300,"D",.,"A",180,"D",780,"D",225,"D",.,"A",.,"A",.,"A",.,"A"
"20154","03164883",24,0,"1",0,"D",.,"A",130,"D",130,"D",0,"D",.,"A",.,"A",0,"D",0,"D",.,"A",.,"A",.,"A",.,"A"
"20154","03164933",57,0,"1",585,"D",585,"D",.,"A",910,"D",90,"D",42,"D",.,"A",0,"D",120,"D",.,"A",.,"A",.,"A",.,"A"
"20154","03164983",59,0,"1",715,"D",65,"D",.,"A",1430,"D",0,"D",.,"A",.,"A",650,"D",36,"D",14,"D",182,"D",.,"A",.,"A"
"20154","03164993",19,0,"1",780,"D",130,"D",.,"A",0,"D",0,"D",.,"A",.,"A",650,"D",0,"D",.,"A",.,"A",.,"A",.,"A"
"20154","03165043",63,0,"1",1950,"D",104,"D",.,"A",1196,"D",0,"D",.,"A",.,"A",1846,"D",6,"D",.,"A",.,"A",.,"A",.,"A"
"20154","03165063",55,0,"1",1300,"D",0,"D",.,"A",325,"D",90,"D",897,"D",.,"A",1300,"D",30,"D",.,"A",.,"A",.,"A",.,"A"
"20154","03165083",14,0,"1",1300,"D",260,"D",.,"A",1300,"D",0,"D",.,"A",.,"A",1040,"D",0,"D",.,"A",.,"A",.,"A",.,"A"
"20154","03165103",26,0,"1",715,"D",65,"D",.,"A",0,"D",0,"D",.,"A",.,"A",650,"D",0,"D",15,"D",195,"D",.,"A",.,"A"
"20154","03165113",11,0,"1",1300,"D",130,"D",.,"A",1040,"D",94,"F",.,"A",.,"A",1170,"D",114,"F",.,"A",.,"A",.,"A",.,"A"
"20154","03165123",26,0,"1",3250,"D",260,"D",.,"A",1300,"D",150,"D",.,"A",.,"A",2990,"D",240,"D",.,"A",.,"A",.,"A",.,"A"
"20154","03165133",48,0,"1",1950,"D",130,"D",.,"A",650,"D",0,"D",.,"A",.,"A",1820,"D",0,"D",.,"A",.,"A",.,"A",.,"A"
"20154","03165143",39,0,"1",1300,"D",390,"D",260,"D",260,"D",60,"D",.,"A",.,"A",910,"D",0,"D",.,"A",.,"A",.,"A",.,"A"
"20154","03165153",57,0,"1",1300,"D",260,"D",.,"A",520,"D",120,"D",.,"A",.,"A",1040,"D",300,"D",.,"A",.,"A",.,"A",.,"A"
"20154","03165163",93,0,"1",3900,"D",455,"D",1300,"D",455,"D",600,"D",.,"A",630,"D",3445,"D",300,"D",140,"D",1820,"D",.,"A",.,"A"
"20154","03165213",39,0,"1",1300,"D",260,"D",.,"A",325,"D",0,"D",.,"A",.,"A",1040,"D",0,"D",.,"A",.,"A",.,"A",.,"A"
"20154","03165243",31,0,"1",6500,"D",1300,"D",.,"A",1040,"D",0,"D",.,"A",.,"A",5200,"D",0,"D",30,"D",390,"D",.,"A",.,"A"
"20154","03165263",24,0,"1",1300,"D",195,"D",.,"A",910,"D",0,"D",.,"A",.,"A",1105,"D",90,"D",.,"A",.,"A",.,"A",.,"A"
"20154","03165273",9,0,"1",2522,"D",0,"D",.,"A",0,"D",0,"D",.,"A",.,"A",2522,"D",0,"D",6,"D",78,"D",.,"A",.,"A"
"20154","03165283",36,0,"1",1300,"D",650,"D",.,"A",1300,"D",0,"D",.,"A",.,"A",650,"D",0,"D",.,"A",.,"A",253,"F",.,"C"
"20154","03165293",59,0,"1",1729,"D",260,"D",.,"A",832,"D",0,"D",.,"A",.,"A",1469,"D",198,"D",.,"A",.,"A",.,"A",.,"A"
"20154","03165303",32,0,"1",2600,"D",130,"D",325,"D",520,"D",0,"D",.,"A",.,"A",2470,"D",0,"D",.,"A",.,"A",.,"A",.,"A"
"20154","03165313",23,0,"1",1300,"D",260,"D",.,"A",0,"D",0,"D",.,"A",.,"A",1040,"D",0,"D",.,"A",.,"A",.,"A",.,"A"
"20154","03165343",24,0,"1",1300,"D",325,"D",260,"D",260,"D",0,"D",.,"A",600,"D",975,"D",60,"D",40,"D",520,"D",.,"A",.,"A"
"20154","03165353",31,0,"1",1300,"D",260,"D",.,"A",780,"D",0,"D",.,"A",.,"A",1040,"D",0,"D",.,"A",.,"A",.,"A",.,"A"
"20154","03165363",27,0,"1",455,"D",0,"D",3120,"D",650,"D",1800,"D",.,"A",.,"A",455,"D",120,"D",.,"A",.,"A",.,"A",.,"A"
"20154","03165383",14,0,"1",975,"D",130,"D",.,"A",780,"D",0,"D",.,"A",.,"A",845,"D",0,"D",.,"A",.,"A",.,"A",.,"A"
"20154","03165393",23,0,"1",1300,"D",130,"D",.,"A",1300,"D",0,"D",.,"A",.,"A",1170,"D",0,"D",.,"A",.,"A",.,"A",.,"A"
"20154","03165403",57,0,"1",1300,"D",130,"D",130,"D",195,"D",0,"D",.,"A",.,"A",1170,"D",0,"D",.,"A",.,"A",.,"A",.,"A"
"20154","03165413",61,0,"1",520,"D",0,"D",195,"D",1365,"D",450,"D",470,"D",.,"A",520,"D",450,"D",10,"D",130,"D",.,"A",.,"A"
"20154","03165433",52,0,"1",1820,"D",520,"D",.,"A",780,"D",60,"D",.,"A",.,"A",1300,"D",150,"D",.,"A",.,"A",.,"A",.,"A"
"20154","03165445",12,0,"1",845,"D",130,"D",.,"A",455,"D",0,"D",.,"A",.,"A",715,"D",0,"D",.,"A",.,"A",.,"A",.,"A"
"20154","03165463",23,0,"1",0,"D",.,"A",.,"A",1690,"D",0,"D",.,"A",.,"A",0,"D",0,"D",.,"A",.,"A",.,"A",.,"A"
"20154","03165473",29,0,"1",780,"D",260,"D",.,"A",325,"D",0,"D",.,"A",.,"A",520,"D",36,"D",.,"A",.,"A",.,"A",.,"A"
"20154","03165633",32,0,"1",3250,"D",325,"D",.,"A",0,"D",0,"D",.,"A",.,"A",2925,"D",0,"D",.,"A",.,"A",.,"A",.,"A"
"20154","03165663",36,0,"1",1950,"D",260,"D",.,"A",195,"D",0,"D",.,"A",.,"A",1690,"D",36,"D",.,"A",.,"A",.,"A",.,"A"
"20154","03165703",15,0,"1",1300,"D",130,"D",.,"A",0,"D",0,"D",.,"A",.,"A",1170,"D",0,"D",.,"A",.,"A",.,"A",.,"A"
"20154","03165713",24,0,"1",1300,"D",390,"D",.,"A",780,"D",0,"D",.,"A",.,"A",910,"D",0,"D",.,"A",.,"A",.,"A",.,"A"
"20154","03165743",38,0,"1",1430,"D",195,"D",.,"A",845,"D",0,"D",.,"A",.,"A",1235,"D",0,"D",.,"A",.,"A",.,"A",.,"A"
"20154","03165753",54,0,"1",975,"D",494,"D",.,"A",9100,"D",3000,"D",.,"A",.,"A",481,"D",150,"D",.,"A",.,"A",.,"A",.,"A"
"20154","03165763",29,0,"1",975,"D",195,"D",.,"A",0,"D",0,"D",.,"A",.,"A",780,"D",0,"D",30,"D",390,"D",.,"A",.,"A"
"20154","03165813",23,0,"1",1625,"D",325,"D",.,"A",260,"D",0,"D",.,"A",.,"A",1300,"D",0,"D",.,"A",.,"A",.,"A",.,"A"
"20154","03165823",12,0,"1",780,"D",130,"D",.,"A",1300,"D",0,"D",.,"A",.,"A",650,"D",0,"D",.,"A",.,"A",.,"A",.,"A"
"20154","03165833",29,0,"1",1300,"D",260,"D",.,"A",1300,"D",0,"D",.,"A",.,"A",1040,"D",0,"D",.,"A",.,"A",.,"A",.,"A"
"20154","03165843",18,0,"1",325,"D",130,"D",.,"A",0,"D",0,"D",.,"A",.,"A",195,"D",0,"D",30,"D",390,"D",.,"A",.,"A"
"20154","03165853",37,0,"1",1300,"D",260,"D",65,"D",455,"D",0,"D",.,"A",75,"D",1040,"D",15,"D",.,"A",.,"A",.,"A",.,"A"
"20154","03165873",29,0,"1",1040,"D",260,"D",.,"A",0,"D",0,"D",.,"A",.,"A",780,"D",0,"D",.,"A",.,"A",.,"A",.,"A"
"20154","03165883",7,0,"1",650,"D",195,"D",.,"A",0,"D",0,"D",.,"A",.,"A",455,"D",0,"D",.,"A",.,"A",.,"A",.,"A"
"20154","03165903",35,0,"1",3900,"D",585,"D",.,"A",260,"D",0,"D",.,"A",.,"A",3315,"D",360,"D",50,"D",650,"D",.,"A",.,"A"
"20154","03165913",40,0,"1",650,"D",130,"D",.,"A",520,"D",75,"D",.,"A",.,"A",520,"D",30,"D",.,"A",.,"A",.,"A",.,"A"
"20154","03165923",34,0,"1",520,"D",130,"D",.,"A",0,"D",0,"D",.,"A",.,"A",390,"D",0,"D",8,"D",104,"D",.,"A",.,"A"
"20154","03165933",21,0,"1",1300,"D",390,"D",.,"A",130,"D",60,"D",.,"A",.,"A",910,"D",60,"D",.,"A",.,"A",.,"A",.,"A"
"20154","03165953",12,0,"1",1300,"D",0,"D",.,"A",0,"D",0,"D",.,"A",.,"A",1300,"D",0,"D",.,"A",.,"A",.,"A",.,"A"
"20154","03165963",42,0,"1",1040,"D",130,"D",.,"A",325,"D",0,"D",.,"A",.,"A",910,"D",0,"D",10,"D",130,"D",.,"A",.,"A"
"20154","03166033",33,0,"1",780,"D",130,"D",.,"A",260,"D",0,"D",.,"A",.,"A",650,"D",0,"D",.,"A",.,"A",.,"A",.,"A"
"20154","03166043",21,0,"1",1950,"D",390,"D",.,"A",0,"D",0,"D",.,"A",.,"A",1560,"D",60,"D",70,"D",910,"D",.,"A",.,"A"
"20154","03166093",45,0,"1",585,"D",65,"D",.,"A",520,"D",6,"D",.,"A",.,"A",520,"D",6,"D",.,"A",.,"A",.,"A",.,"A"
"20154","03166123",42,0,"1",1508,"D",286,"D",.,"A",845,"D",360,"D",.,"A",.,"A",1222,"D",480,"D",.,"A",.,"A",.,"A",.,"A"
"20154","03166133",24,0,"1",1950,"D",650,"D",.,"A",520,"D",0,"D",.,"A",.,"A",1300,"D",0,"D",.,"A",.,"A",.,"A",.,"A"
"20154","03166143",28,0,"1",1950,"D",390,"D",.,"A",390,"D",150,"D",.,"A",.,"A",1560,"D",90,"D",.,"A",.,"A",.,"A",.,"A"
"20154","03166193",32,0,"1",1300,"D",286,"D",.,"A",0,"D",0,"D",.,"A",.,"A",1014,"D",0,"D",13,"D",169,"D",.,"A",.,"A"
"20154","03166263",44,0,"1",1300,"D",390,"D",.,"A",572,"D",0,"D",.,"A",.,"A",910,"D",0,"D",.,"A",.,"A",.,"A",.,"A"
"20154","03166283",41,0,"1",780,"D",130,"D",.,"A",780,"D",0,"D",.,"A",.,"A",650,"D",0,"D",.,"A",.,"A",.,"A",.,"A"
"20154","03166313",36,0,"1",585,"D",130,"D",.,"A",0,"D",0,"D",.,"A",.,"A",455,"D",0,"D",.,"A",.,"A",.,"A",.,"A"
"20154","03166323",31,0,"1",2600,"D",650,"D",.,"A",1300,"D",0,"D",.,"A",.,"A",1950,"D",0,"D",100,"D",1300,"D",.,"A",.,"A"
"20154","03166355",33,0,"1",1300,"D",260,"D",.,"A",325,"D",6,"D",.,"A",.,"A",1040,"D",6,"D",.,"A",.,"A",.,"A",.,"A"
"20154","03166363",21,0,"1",650,"D",195,"D",.,"A",520,"D",0,"D",.,"A",.,"A",455,"D",120,"D",.,"A",.,"A",.,"A",.,"A"
"20154","03166373",48,0,"1",1300,"D",1040,"D",325,"D",1560,"D",180,"D",.,"A",.,"A",260,"D",300,"D",.,"A",.,"A",.,"A",.,"A"
"20154","03166383",29,0,"1",1950,"D",520,"D",.,"A",520,"D",0,"D",.,"A",.,"A",1430,"D",0,"D",40,"D",520,"D",.,"A",.,"A"
"20154","03166403",106,0,"1",2470,"D",910,"D",130,"D",1300,"D",210,"D",.,"A",.,"A",1560,"D",270,"D",.,"A",.,"A",.,"A",.,"A"
"20154","03166423",26,0,"1",3250,"D",975,"D",390,"D",650,"D",150,"D",.,"A",.,"A",2275,"D",300,"D",.,"A",.,"A",252,"F",.,"C"
"20154","03166443",27,0,"1",2275,"D",260,"D",.,"A",650,"D",0,"D",.,"A",.,"A",2015,"D",0,"D",.,"A",.,"A",.,"A",.,"A"
"20154","03166453",37,0,"1",2600,"D",324,"F",585,"D",1950,"D",120,"F",.,"A",.,"A",1152,"F",300,"D",.,"A",.,"A",.,"A",.,"A"
"20154","03166463",34,0,"1",1300,"D",65,"D",.,"A",520,"D",0,"D",.,"A",.,"A",1235,"D",0,"D",.,"A",.,"A",.,"A",.,"A"
"20154","03166473",32,0,"1",884,"F",.,"A",.,"A",520,"D",0,"D",.,"A",.,"A",699,"F",0,"D",.,"A",.,"A",.,"A",.,"A"
"20154","03166483",44,0,"1",3900,"D",650,"D",.,"A",390,"D",0,"D",.,"A",.,"A",3250,"D",0,"D",.,"A",.,"A",.,"A",.,"A"
"20154","03166543",20,0,"1",390,"D",78,"D",.,"A",0,"D",0,"D",.,"A",.,"A",312,"D",0,"D",.,"A",.,"A",.,"A",.,"A"
"20154","03166555",24,0,"1",2600,"D",650,"D",.,"A",195,"D",0,"D",.,"A",.,"A",1950,"D",0,"D",.,"A",.,"A",.,"A",.,"A"
"20154","03166563",31,0,"1",1300,"D",0,"D",.,"A",390,"D",0,"D",.,"A",.,"A",1300,"D",0,"D",.,"A",.,"A",.,"A",.,"A"
"20154","03166583",34,0,"1",1950,"D",650,"D",.,"A",455,"D",0,"D",.,"A",.,"A",1300,"D",0,"D",.,"C",549,"F",.,"A",.,"A"
"20154","03166593",16,0,"1",1950,"D",650,"D",.,"A",0,"D",0,"D",.,"A",.,"A",1300,"D",0,"D",.,"A",.,"A",.,"A",.,"A"
"20154","03166603",16,0,"1",156,"D",26,"D",.,"A",390,"D",0,"D",.,"A",.,"A",130,"D",0,"D",45,"D",585,"D",.,"A",.,"A"
"20154","03166613",62,0,"1",3900,"D",195,"D",195,"D",520,"D",0,"D",.,"A",.,"A",3705,"D",90,"D",.,"A",.,"A",.,"A",.,"A"
"20154","03166623",29,0,"1",1040,"D",195,"D",.,"A",0,"D",0,"D",.,"A",.,"A",845,"D",0,"D",.,"A",.,"A",.,"A",.,"A"
"20154","03166673",13,0,"1",0,"D",.,"A",.,"A",0,"D",0,"D",.,"A",.,"A",0,"D",0,"D",.,"A",.,"A",.,"A",.,"A"
"20154","03166693",35,0,"1",1300,"D",260,"D",.,"A",1300,"D",150,"D",.,"A",.,"A",1040,"D",150,"D",.,"A",.,"A",.,"A",.,"A"
"20154","03166713",27,0,"1",390,"D",65,"D",.,"A",910,"D",0,"D",.,"A",.,"A",325,"D",0,"D",.,"A",.,"A",.,"A",.,"A"
"20154","03166723",44,0,"1",1300,"D",130,"D",65,"D",0,"D",0,"D",.,"A",.,"A",1170,"D",120,"D",.,"A",.,"A",.,"A",.,"A"
"20154","03166753",22,0,"1",1300,"D",195,"D",.,"A",390,"D",0,"D",.,"A",.,"A",1105,"D",0,"D",.,"A",.,"A",.,"A",.,"A"
"20154","03166763",24,0,"1",1170,"D",520,"D",.,"A",650,"D",0,"D",.,"A",.,"A",650,"D",0,"D",.,"A",.,"A",.,"A",.,"A"
"20154","03166793",32,0,"1",2600,"D",520,"D",.,"A",260,"D",0,"D",.,"A",65,"D",2080,"D",0,"D",.,"A",.,"A",.,"A",.,"A"
"20154","03166813",44,0,"1",715,"D",195,"D",.,"A",156,"D",0,"D",.,"A",.,"A",520,"D",0,"D",.,"C",534,"F",.,"A",.,"A"
"20154","03166823",20,0,"1",2600,"D",325,"D",.,"A",0,"D",0,"D",.,"A",.,"A",2275,"D",0,"D",.,"A",.,"A",.,"A",.,"A"
"20154","03166833",34,0,"1",1300,"D",195,"D",.,"A",1690,"D",0,"D",.,"A",.,"A",1105,"D",0,"D",.,"A",.,"A",.,"A",.,"A"
"20154","03166853",51,0,"1",1300,"D",325,"D",.,"A",780,"D",0,"D",.,"A",.,"A",975,"D",90,"D",.,"A",.,"A",.,"A",.,"A"
"20154","03166863",41,0,"1",780,"D",65,"D",.,"A",0,"D",0,"D",.,"A",.,"A",715,"D",0,"D",100,"D",1300,"D",.,"A",.,"A"
"20154","03166953",29,0,"1",2275,"D",221,"D",.,"A",0,"D",120,"D",.,"A",.,"A",2054,"D",240,"D",.,"A",.,"A",.,"A",.,"A"
"20154","03167003",43,0,"1",650,"D",260,"D",.,"A",390,"D",90,"D",.,"A",.,"A",390,"D",300,"D",.,"A",.,"A",260,"D",20,"D"
"20154","03167013",59,0,"1",1300,"D",260,"D",.,"A",1300,"D",150,"D",.,"A",.,"A",1040,"D",60,"D",.,"A",.,"A",.,"A",.,"A"
"20154","03167043",33,0,"1",2340,"D",390,"D",.,"A",260,"D",180,"D",.,"A",.,"A",1950,"D",120,"D",.,"A",.,"A",.,"A",.,"A"
"20154","03167053",23,0,"1",910,"D",65,"D",.,"A",416,"D",60,"D",.,"A",.,"A",845,"D",69,"D",24,"D",312,"D",.,"A",.,"A"
"20154","03167085",14,0,"1",0,"D",.,"A",.,"A",130,"D",0,"D",.,"A",.,"A",0,"D",0,"D",.,"A",.,"A",.,"A",.,"A"
"20154","03167123",42,0,"1",1950,"D",455,"D",.,"A",195,"D",0,"D",.,"A",.,"A",1495,"D",0,"D",.,"A",.,"A",.,"A",.,"A"
"20154","03167143",22,0,"1",1560,"D",520,"D",.,"A",585,"D",0,"D",.,"A",.,"A",1040,"D",0,"D",.,"A",.,"A",.,"A",.,"A"
"20154","03167153",35,0,"1",3250,"D",1300,"D",.,"A",325,"D",0,"D",.,"A",233,"F",1950,"D",0,"D",.,"A",.,"A",.,"A",.,"A"
"20154","03167163",42,0,"1",1040,"D",195,"D",520,"D",1300,"D",120,"D",.,"A",.,"A",845,"D",60,"D",.,"A",.,"A",.,"A",.,"A"
"20154","03167173",11,0,"1",2600,"D",1950,"D",.,"A",0,"D",0,"D",.,"A",.,"A",650,"D",120,"D",17,"D",221,"D",.,"A",.,"A"
"20154","03167183",45,0,"1",975,"D",390,"D",.,"A",260,"D",0,"D",.,"A",.,"A",585,"D",0,"D",.,"A",.,"A",.,"A",.,"A"
"20154","03167203",27,0,"1",780,"D",260,"D",.,"A",1040,"D",0,"D",.,"A",.,"A",520,"D",0,"D",10,"D",130,"D",.,"A",.,"A"
"20154","03167235",25,0,"1",195,"D",0,"D",.,"A",260,"D",0,"D",.,"A",.,"A",195,"D",0,"D",.,"A",.,"A",.,"A",.,"A"
"20154","03167263",62,0,"1",3250,"D",1079,"D",.,"A",650,"D",90,"D",.,"A",.,"A",2171,"D",90,"D",.,"A",.,"A",.,"A",.,"A"
"20154","03167273",66,0,"1",650,"D",130,"D",.,"A",910,"D",0,"D",.,"A",.,"A",520,"D",0,"D",.,"A",.,"A",.,"A",.,"A"
"20154","03167293",27,0,"1",325,"D",26,"D",130,"D",260,"D",0,"D",.,"A",.,"A",299,"D",60,"D",20,"D",260,"D",.,"A",.,"A"
"20154","03167303",49,0,"1",1950,"D",455,"D",.,"A",195,"D",0,"D",.,"A",.,"A",1495,"D",105,"D",.,"A",.,"A",195,"D",15,"D"
"20154","03167313",18,0,"1",520,"D",390,"D",.,"A",0,"D",0,"D",.,"A",.,"A",130,"D",0,"D",.,"A",.,"A",.,"A",.,"A"
"20154","03167323",8,0,"1",520,"D",65,"D",.,"A",0,"D",0,"D",.,"A",.,"A",455,"D",0,"D",22,"D",286,"D",.,"A",.,"A"
"20154","03167353",12,0,"1",715,"D",325,"D",.,"A",0,"D",0,"D",.,"A",.,"A",390,"D",0,"D",.,"A",.,"A",.,"A",.,"A"
"20154","03167393",18,0,"1",650,"D",52,"D",.,"A",260,"D",0,"D",.,"A",.,"A",598,"D",0,"D",.,"A",.,"A",.,"A",.,"A"
"20154","03167403",10,0,"1",260,"D",26,"D",.,"A",975,"D",0,"D",.,"A",.,"A",234,"D",0,"D",.,"A",.,"A",.,"A",.,"A"
"20154","03167413",16,0,"1",975,"D",207,"F",.,"A",416,"F",100,"F",.,"A",.,"A",723,"F",98,"F",.,"A",.,"A",.,"A",.,"A"
"20154","03167423",38,0,"1",1820,"D",260,"D",.,"A",0,"D",0,"D",.,"A",.,"A",1560,"D",0,"D",.,"A",.,"A",.,"A",.,"A"
"20154","03167433",41,0,"1",520,"D",0,"D",.,"A",0,"D",0,"D",.,"A",.,"A",520,"D",0,"D",25,"D",325,"D",.,"A",.,"A"
"20154","03167443",37,0,"1",1300,"D",325,"D",390,"D",650,"D",90,"D",.,"A",.,"A",975,"D",150,"D",.,"A",.,"A",.,"A",.,"A"
"20154","03167453",32,0,"1",1300,"D",156,"D",.,"A",260,"D",90,"D",98,"D",.,"A",1144,"D",150,"D",35,"D",455,"D",.,"A",.,"A"
"20154","03167473",26,0,"1",2340,"D",260,"D",0,"D",780,"D",0,"D",.,"A",.,"A",2080,"D",0,"D",.,"A",.,"A",.,"A",.,"A"
"20154","03167493",16,0,"1",1560,"D",260,"D",.,"A",0,"D",0,"D",.,"A",.,"A",1300,"D",0,"D",.,"A",.,"A",.,"A",.,"A"
"20154","03167503",21,0,"1",1300,"D",130,"D",.,"A",780,"D",0,"D",.,"A",.,"A",1170,"D",0,"D",.,"A",.,"A",.,"A",.,"A"
"20154","03167523",15,0,"1",1300,"D",325,"F",.,"A",1170,"D",127,"F",.,"A",.,"A",1223,"F",124,"F",.,"A",.,"A",.,"A",.,"A"
"20154","03167543",22,0,"1",1625,"D",390,"D",.,"A",0,"D",0,"D",.,"A",.,"A",1235,"D",0,"D",.,"A",.,"A",.,"A",.,"A"
"20154","03167553",30,0,"1",845,"D",195,"D",.,"A",195,"D",0,"D",.,"A",.,"A",650,"D",0,"D",.,"A",.,"A",.,"A",.,"A"
"20154","03167573",29,0,"1",1277,"F",.,"A",.,"A",516,"F",110,"F",500,"D",.,"A",1046,"F",97,"F",.,"A",.,"A",.,"A",.,"A"
"20154","03167593",48,0,"1",2340,"D",260,"D",390,"D",455,"D",0,"D",.,"A",.,"A",2080,"D",90,"D",.,"A",.,"A",.,"A",.,"A"
"20154","03167603",50,0,"1",1625,"D",325,"D",.,"A",325,"D",0,"D",.,"A",.,"A",1300,"D",60,"D",.,"A",.,"A",.,"A",.,"A"
"20154","03167633",38,0,"1",650,"D",65,"D",.,"A",260,"D",45,"D",.,"A",.,"A",585,"D",30,"D",.,"A",.,"A",.,"A",.,"A"
"20154","03167663",28,0,"1",2600,"D",260,"D",.,"A",1300,"D",0,"D",.,"A",.,"A",2340,"D",0,"D",.,"A",.,"A",.,"A",.,"A"
"20154","03167683",44,0,"1",3250,"D",0,"D",.,"A",0,"D",0,"D",.,"A",.,"A",3250,"D",120,"D",.,"A",.,"A",.,"A",.,"A"
"20154","03167693",25,0,"1",2271,"F",.,"A",.,"A",0,"D",0,"D",.,"A",.,"A",1879,"F",0,"D",.,"A",.,"A",.,"A",.,"A"
"20154","03167703",25,0,"1",2522,"D",975,"D",.,"A",130,"D",60,"D",.,"A",.,"A",1547,"D",60,"D",.,"A",.,"A",.,"A",.,"A"
"20154","03167713",17,0,"1",767,"F",.,"A",.,"A",321,"F",0,"D",.,"A",.,"A",633,"F",0,"D",.,"A",.,"A",.,"A",.,"A"
"20154","03167723",22,0,"1",520,"D",130,"D",.,"A",0,"D",0,"D",.,"A",.,"A",390,"D",0,"D",.,"A",.,"A",.,"A",.,"A"
"20154","03167753",37,0,"1",2600,"D",390,"D",.,"A",0,"D",0,"D",.,"A",.,"A",2210,"D",75,"D",.,"A",.,"A",130,"D",10,"D"
"20154","03167783",43,0,"1",650,"D",385,"F",.,"A",1300,"D",180,"D",.,"A",.,"A",1478,"F",213,"F",.,"A",.,"A",.,"A",.,"A"
"20154","03167803",25,0,"1",1950,"D",520,"D",.,"A",0,"D",75,"D",.,"A",.,"A",1430,"D",36,"D",.,"A",.,"A",.,"A",.,"A"
"20154","03167813",42,0,"1",1300,"D",325,"D",.,"A",2600,"D",0,"D",.,"A",.,"A",975,"D",0,"D",.,"A",.,"A",.,"A",.,"A"
"20154","03167833",65,0,"1",1560,"D",260,"D",.,"A",455,"D",0,"D",.,"A",48,"D",1300,"D",45,"D",.,"A",.,"A",.,"A",.,"A"
"20154","03167853",34,0,"1",650,"D",0,"D",.,"A",0,"D",120,"D",.,"A",.,"A",650,"D",30,"D",.,"A",.,"A",.,"A",.,"A"
"20154","03167883",17,0,"1",1040,"D",325,"D",.,"A",130,"D",0,"D",.,"A",.,"A",715,"D",0,"D",.,"A",.,"A",.,"A",.,"A"
"20154","03167905",29,0,"1",1560,"D",130,"D",.,"A",0,"D",0,"D",.,"A",0,"D",1430,"D",0,"D",.,"A",.,"A",.,"A",.,"A"
"20154","03167923",7,0,"1",0,"D",.,"A",.,"A",0,"D",0,"D",.,"A",.,"A",0,"D",0,"D",.,"A",.,"A",.,"A",.,"A"
"20154","03167933",38,0,"1",1300,"D",130,"D",390,"D",780,"D",60,"D",.,"A",.,"A",1170,"D",60,"D",.,"A",.,"A",.,"A",.,"A"
"20154","03167963",24,0,"1",286,"D",65,"D",.,"A",130,"D",0,"D",.,"A",.,"A",221,"D",0,"D",.,"A",.,"A",.,"A",.,"A"
"20154","03167973",43,0,"1",1300,"D",260,"D",.,"A",1300,"D",0,"D",.,"A",.,"A",1040,"D",0,"D",61,"D",793,"D",.,"A",.,"A"
"20154","03167983",49,0,"1",1820,"D",260,"D",.,"A",390,"D",0,"D",.,"A",.,"A",1560,"D",0,"D",.,"A",.,"A",.,"A",.,"A"
"20154","03168013",11,0,"1",975,"D",520,"D",.,"A",0,"D",0,"D",.,"A",.,"A",455,"D",0,"D",.,"A",.,"A",.,"A",.,"A"
"20154","03168043",18,0,"1",1430,"D",130,"D",.,"A",0,"D",0,"D",.,"A",.,"A",1300,"D",75,"D",.,"A",.,"A",.,"A",.,"A"
"20154","03168053",45,0,"1",3250,"D",650,"D",.,"A",650,"D",0,"D",.,"A",.,"A",2600,"D",0,"D",.,"A",.,"A",.,"A",.,"A"
"20154","03168093",10,0,"1",650,"D",91,"D",.,"A",104,"D",0,"D",.,"A",.,"A",559,"D",0,"D",6,"D",78,"D",.,"A",.,"A"
"20154","03168103",14,0,"1",3250,"D",390,"D",.,"A",0,"D",0,"D",.,"A",.,"A",2860,"D",30,"D",.,"A",.,"A",.,"A",.,"A"
"20154","03168123",27,0,"1",1820,"D",650,"D",.,"A",2600,"D",0,"D",.,"A",.,"A",1170,"D",0,"D",.,"A",.,"A",.,"A",.,"A"
"20154","03168143",24,0,"1",1950,"D",325,"D",0,"D",0,"D",0,"D",.,"A",.,"A",1625,"D",150,"D",70,"D",910,"D",.,"A",.,"A"
"20154","03168153",63,0,"1",1300,"D",195,"D",.,"A",0,"D",0,"D",.,"A",.,"A",1105,"D",0,"D",.,"A",.,"A",.,"A",.,"A"
"20154","03168183",29,0,"1",2600,"D",390,"D",.,"A",1950,"D",150,"D",.,"A",.,"A",2210,"D",300,"D",.,"A",.,"A",.,"A",.,"A"
"20154","03168203",38,0,"1",1625,"D",390,"D",.,"A",0,"D",0,"D",.,"A",195,"D",1235,"D",0,"D",.,"A",.,"A",262,"F",.,"C"
"20154","03168253",46,0,"1",390,"D",0,"D",.,"A",260,"D",0,"D",.,"A",.,"A",390,"D",0,"D",.,"A",.,"A",.,"A",.,"A"
"20154","03168293",32,0,"1",715,"D",65,"D",.,"A",78,"D",0,"D",.,"A",.,"A",650,"D",0,"D",.,"A",.,"A",.,"A",.,"A"
"20154","03168313",34,0,"1",1300,"D",390,"D",.,"A",780,"D",0,"D",.,"A",.,"A",910,"D",60,"D",.,"A",.,"A",.,"A",.,"A"
"20154","03168373",53,0,"1",780,"D",130,"D",65,"D",130,"D",0,"D",.,"A",.,"A",650,"D",150,"D",20,"D",260,"D",.,"A",.,"A"
"20154","03168383",51,0,"1",1950,"D",325,"D",.,"A",650,"D",180,"D",.,"A",156,"D",1625,"D",120,"D",.,"A",.,"A",390,"D",30,"D"
"20154","03168393",62,0,"1",520,"D",0,"D",.,"A",1040,"D",0,"D",.,"A",.,"A",520,"D",0,"D",.,"A",.,"A",.,"A",.,"A"
"20154","03168403",7,0,"1",900,"F",.,"A",.,"A",416,"F",0,"D",.,"A",.,"A",723,"F",0,"D",.,"A",.,"A",.,"A",.,"A"
"20154","03168413",33,0,"1",1625,"D",325,"D",.,"A",260,"D",0,"D",.,"A",.,"A",1300,"D",0,"D",.,"A",.,"A",.,"A",.,"A"
"20154","03168423",51,0,"1",390,"D",130,"D",.,"A",780,"D",0,"D",.,"A",.,"A",260,"D",0,"D",.,"A",.,"A",.,"A",.,"A"
"20154","03168473",35,0,"1",910,"D",0,"D",260,"D",0,"D",60,"D",.,"A",34,"D",910,"D",60,"D",.,"A",.,"A",.,"A",.,"A"
"20154","03168513",88,0,"1",1560,"D",156,"D",.,"A",1040,"D",60,"D",.,"A",.,"A",1404,"D",90,"D",.,"A",.,"A",.,"A",.,"A"
"20154","03168573",27,0,"1",650,"D",325,"D",.,"A",1365,"D",0,"D",.,"A",.,"A",325,"D",27,"D",35,"D",455,"D",.,"A",.,"A"
"20154","03168603",17,0,"1",1950,"D",260,"D",.,"A",260,"D",0,"D",.,"A",.,"A",1690,"D",30,"D",.,"A",.,"A",.,"A",.,"A"
"20154","03168613",26,0,"1",260,"D",65,"D",.,"A",130,"D",0,"D",.,"A",.,"A",195,"D",0,"D",.,"A",.,"A",.,"A",.,"A"
"20154","03168623",9,0,"1",780,"D",130,"D",.,"A",0,"D",0,"D",.,"A",.,"A",650,"D",0,"D",.,"A",.,"A",.,"A",.,"A"
"20154","03168633",30,0,"1",1001,"D",0,"D",468,"D",65,"D",0,"D",.,"A",.,"A",1001,"D",0,"D",.,"A",.,"A",.,"A",.,"A"
"20154","03168653",22,0,"1",650,"D",0,"D",.,"A",0,"D",0,"D",.,"A",.,"A",650,"D",60,"D",13,"D",169,"D",.,"A",.,"A"
"20154","03168663",16,0,"1",1950,"D",650,"D",.,"A",585,"D",0,"D",.,"A",.,"A",1300,"D",0,"D",.,"A",.,"A",.,"A",.,"A"
"20154","03168673",26,0,"1",650,"D",130,"D",.,"A",65,"D",240,"D",.,"A",.,"A",520,"D",0,"D",.,"A",.,"A",.,"A",.,"A"
"20154","03168683",28,0,"1",845,"D",78,"D",65,"D",845,"D",0,"D",.,"A",.,"A",767,"D",45,"D",.,"A",.,"A",.,"A",.,"A"
"20154","03168693",20,0,"1",845,"D",325,"D",.,"A",390,"D",0,"D",.,"A",.,"A",520,"D",0,"D",.,"A",.,"A",.,"A",.,"A"
"20154","03168703",50,0,"1",650,"D",65,"D",.,"A",130,"D",0,"D",.,"A",.,"A",585,"D",0,"D",.,"A",.,"A",.,"A",.,"A"
"20154","03168763",83,0,"1",3900,"D",455,"D",520,"D",1300,"D",450,"D",.,"A",.,"A",3445,"D",900,"D",.,"A",.,"A",.,"A",.,"A"
"20154","03168773",64,0,"1",1300,"D",325,"D",.,"A",195,"D",60,"D",.,"A",.,"A",975,"D",180,"D",.,"A",.,"A",.,"A",.,"A"
"20154","03168783",74,0,"1",2080,"D",650,"D",.,"A",780,"D",0,"D",.,"A",240,"D",1430,"D",90,"D",.,"A",.,"A",.,"A",.,"A"
"20154","03168793",46,0,"1",1950,"D",0,"D",.,"A",520,"D",163,"F",.,"A",.,"A",1950,"D",150,"D",.,"A",.,"A",.,"A",.,"A"
"20154","03168833",11,0,"1",520,"D",52,"D",.,"A",0,"D",0,"D",.,"A",.,"A",468,"D",0,"D",52,"D",676,"D",.,"A",.,"A"
"20154","03168843",85,0,"1",1755,"D",195,"D",156,"D",585,"D",150,"D",.,"A",.,"A",1560,"D",450,"D",.,"A",.,"A",.,"A",.,"A"
"20154","03168853",30,0,"1",1560,"D",390,"D",.,"A",0,"D",0,"D",.,"A",.,"A",1170,"D",0,"D",.,"A",.,"A",.,"A",.,"A"
"20154","03168863",28,0,"1",1300,"D",325,"D",.,"A",260,"D",0,"D",.,"A",.,"A",975,"D",0,"D",.,"A",.,"A",.,"A",.,"A"
"20154","03168873",47,0,"1",3900,"D",650,"D",.,"A",1300,"D",60,"D",.,"A",.,"A",3250,"D",60,"D",.,"A",.,"A",.,"A",.,"A"
"20154","03168883",32,0,"1",1560,"D",260,"D",.,"A",520,"D",0,"D",.,"A",.,"A",1300,"D",0,"D",.,"A",.,"A",.,"A",.,"A"
"20154","03168913",22,0,"1",1625,"D",325,"D",.,"A",0,"D",0,"D",.,"A",.,"A",1300,"D",0,"D",.,"A",.,"A",.,"A",.,"A"
"20154","03168923",34,0,"1",650,"D",0,"D",130,"D",65,"D",0,"D",.,"A",.,"A",650,"D",0,"D",.,"A",.,"A",.,"A",.,"A"
"20154","03168953",33,0,"1",1040,"D",390,"D",.,"A",260,"D",0,"D",.,"A",.,"A",650,"D",0,"D",.,"A",.,"A",.,"A",.,"A"
"20154","03168963",39,0,"1",520,"D",130,"D",.,"A",390,"D",0,"D",.,"A",.,"A",390,"D",0,"D",.,"A",.,"A",.,"A",.,"A"
"20154","03168973",39,0,"1",780,"D",130,"D",.,"A",325,"D",75,"D",.,"A",.,"A",650,"D",90,"D",.,"A",.,"A",.,"A",.,"A"
"20154","03169003",24,0,"1",520,"D",195,"D",.,"A",2600,"D",0,"D",.,"A",.,"A",325,"D",0,"D",40,"D",520,"D",.,"A",.,"A"
"20154","03169023",37,0,"1",1300,"D",325,"D",.,"A",0,"D",0,"D",.,"A",.,"A",975,"D",0,"D",30,"D",390,"D",.,"A",.,"A"
"20154","03169033",20,0,"1",1625,"D",130,"D",.,"A",0,"D",0,"D",.,"A",.,"A",1495,"D",0,"D",.,"A",.,"A",.,"A",.,"A"
"20154","03169053",44,0,"1",975,"D",325,"D",.,"A",390,"D",60,"D",.,"A",.,"A",650,"D",90,"D",.,"A",.,"A",.,"A",.,"A"
"20154","03169063",42,0,"1",1950,"D",390,"D",.,"A",325,"D",0,"D",.,"A",.,"A",1560,"D",0,"D",.,"A",.,"A",.,"A",.,"A"
"20154","03169083",84,0,"1",3120,"D",260,"D",1690,"D",2275,"D",135,"D",1125,"D",242,"D",2860,"D",360,"D",.,"A",.,"A",.,"A",.,"A"
"20154","03169103",50,0,"1",1625,"D",650,"D",.,"A",390,"D",0,"D",.,"A",.,"A",975,"D",0,"D",.,"A",.,"A",.,"A",.,"A"
"20154","03169133",12,0,"1",650,"D",0,"D",.,"A",0,"D",0,"D",.,"A",.,"A",650,"D",0,"D",20,"D",260,"D",.,"A",.,"A"
"20154","03169153",33,0,"1",325,"D",65,"D",.,"A",182,"D",6,"D",.,"A",.,"A",260,"D",0,"D",.,"A",.,"A",.,"A",.,"A"
"20154","03169173",34,0,"1",1300,"D",260,"D",.,"A",260,"D",0,"D",.,"A",.,"A",1040,"D",0,"D",.,"A",.,"A",.,"A",.,"A"
"20154","03169193",41,0,"1",1300,"D",0,"D",.,"A",1781,"D",0,"D",.,"A",.,"A",1300,"D",0,"D",.,"A",.,"A",.,"A",.,"A"
"20154","03169233",41,0,"1",1950,"D",390,"D",650,"D",130,"D",0,"D",.,"A",.,"A",1560,"D",0,"D",.,"A",.,"A",.,"A",.,"A"
"20154","03169263",61,0,"1",2600,"D",650,"D",.,"A",1300,"D",0,"D",.,"A",195,"D",1950,"D",0,"D",.,"A",.,"A",.,"A",.,"A"
"20154","03169283",66,0,"1",1300,"D",0,"D",.,"A",0,"D",0,"D",.,"A",.,"A",1300,"D",0,"D",.,"A",.,"A",.,"A",.,"A"
"20154","03169303",20,0,"1",845,"D",130,"D",.,"A",0,"D",0,"D",.,"A",.,"A",715,"D",0,"D",.,"A",.,"A",.,"A",.,"A"
"20154","03169343",34,0,"1",390,"D",130,"D",.,"A",260,"D",0,"D",.,"A",.,"A",260,"D",0,"D",.,"A",.,"A",.,"A",.,"A"
"20154","03169413",43,0,"1",650,"D",130,"D",.,"A",260,"D",0,"D",.,"A",.,"A",520,"D",60,"D",.,"A",.,"A",.,"A",.,"A"
"20154","03169483",18,0,"1",0,"D",.,"A",.,"A",0,"D",6,"D",.,"A",.,"A",0,"D",6,"D",.,"A",.,"A",.,"A",.,"A"
"20154","03169493",30,0,"1",1950,"D",910,"D",.,"A",520,"D",90,"D",.,"A",.,"A",1040,"D",45,"D",.,"A",.,"A",.,"A",.,"A"
"20154","03169543",28,0,"1",845,"D",325,"D",.,"A",195,"D",0,"D",.,"A",.,"A",520,"D",0,"D",.,"A",.,"A",.,"A",.,"A"
"20154","03169583",18,0,"1",260,"D",52,"D",.,"A",390,"D",45,"D",.,"A",.,"A",208,"D",45,"D",.,"A",.,"A",.,"A",.,"A"
"20154","03169603",29,0,"1",650,"D",130,"D",.,"A",910,"D",0,"D",.,"A",.,"A",520,"D",0,"D",.,"A",.,"A",.,"A",.,"A"
"20154","03169613",13,0,"1",65,"D",52,"D",.,"A",0,"D",0,"D",.,"A",.,"A",13,"D",0,"D",16,"D",208,"D",.,"A",.,"A"
"20154","03169623",17,0,"1",1755,"D",325,"D",.,"A",910,"D",60,"D",.,"A",.,"A",1430,"D",60,"D",.,"A",.,"A",.,"A",.,"A"
"20154","03169643",14,0,"1",650,"D",260,"D",.,"A",975,"D",0,"D",.,"A",.,"A",390,"D",60,"D",.,"A",.,"A",.,"A",.,"A"
"20154","03169653",19,0,"1",2080,"D",520,"D",.,"A",0,"D",0,"D",.,"A",.,"A",1560,"D",0,"D",.,"A",.,"A",.,"A",.,"A"
"20154","03169663",38,0,"1",1560,"D",0,"D",.,"A",1560,"D",0,"D",.,"A",.,"A",1560,"D",30,"D",.,"A",.,"A",.,"A",.,"A"
"20154","03169703",21,0,"1",1950,"D",260,"D",.,"A",0,"D",0,"D",.,"A",.,"A",1690,"D",0,"D",.,"A",.,"A",.,"A",.,"A"
"20154","03169753",54,0,"1",3575,"D",650,"D",.,"A",130,"D",0,"D",.,"A",24,"D",2925,"D",75,"D",.,"A",.,"A",325,"D",25,"D"
"20154","03169773",51,0,"1",7800,"D",1300,"D",.,"A",1300,"D",150,"D",.,"A",.,"A",6500,"D",150,"D",.,"A",.,"A",.,"A",.,"A"
"20154","03169793",37,0,"1",1300,"D",260,"D",.,"A",260,"D",6,"D",.,"A",.,"A",1040,"D",6,"D",.,"A",.,"A",.,"A",.,"A"
"20154","03169803",45,0,"1",2600,"D",130,"D",130,"D",650,"D",0,"D",.,"A",.,"A",2470,"D",0,"D",.,"A",.,"A",.,"A",.,"A"
"20154","03169833",18,0,"1",1950,"D",520,"D",.,"A",65,"D",0,"D",.,"A",.,"A",1430,"D",0,"D",.,"A",.,"A",.,"A",.,"A"
"20154","03169853",35,0,"1",650,"D",104,"D",.,"A",390,"D",0,"D",.,"A",.,"A",546,"D",0,"D",.,"A",.,"A",.,"A",.,"A"
"20154","03169863",24,0,"1",1040,"D",195,"D",.,"A",390,"D",0,"D",.,"A",.,"A",845,"D",0,"D",.,"A",.,"A",.,"A",.,"A"
"20154","03169903",28,0,"1",1625,"D",390,"D",.,"A",52,"D",0,"D",.,"A",.,"A",1235,"D",0,"D",40,"D",520,"D",.,"A",.,"A"
"20154","03169973",35,0,"1",3250,"D",650,"D",.,"A",1950,"D",0,"D",.,"A",.,"A",2600,"D",0,"D",.,"A",.,"A",.,"A",.,"A"
"20154","03169993",30,0,"1",1300,"D",650,"D",.,"A",1300,"D",0,"D",.,"A",.,"A",650,"D",0,"D",.,"A",.,"A",.,"A",.,"A"
"20154","03170043",40,0,"1",650,"D",130,"D",195,"D",195,"D",0,"D",.,"A",.,"A",520,"D",24,"D",.,"A",.,"A",.,"A",.,"A"
"20154","03170063",16,0,"1",900,"F",.,"A",.,"A",0,"D",0,"D",.,"A",.,"A",723,"F",0,"D",.,"A",.,"A",.,"A",.,"A"
"20154","03170153",38,0,"1",1300,"D",260,"D",.,"A",780,"D",6,"D",.,"A",.,"A",1040,"D",90,"D",.,"A",.,"A",.,"A",.,"A"
"20154","03170173",14,0,"1",1300,"D",195,"D",.,"A",325,"D",0,"D",.,"A",.,"A",1105,"D",0,"D",.,"A",.,"A",.,"A",.,"A"
"20154","03170183",14,0,"1",520,"D",195,"D",.,"A",1040,"D",0,"D",.,"A",.,"A",325,"D",0,"D",.,"A",.,"A",.,"A",.,"A"
"20154","03170193",40,0,"1",650,"D",130,"D",.,"A",195,"D",0,"D",.,"A",.,"A",520,"D",75,"D",.,"A",.,"A",.,"A",.,"A"
"20154","03170203",19,0,"1",650,"D",130,"D",.,"A",325,"D",60,"D",.,"A",.,"A",520,"D",0,"D",.,"A",.,"A",.,"A",.,"A"
"20154","03170233",30,0,"1",520,"D",130,"D",.,"A",260,"D",0,"D",.,"A",.,"A",390,"D",84,"D",.,"A",.,"A",260,"D",20,"D"
"20154","03170243",34,0,"1",2600,"D",130,"D",.,"A",0,"D",0,"D",.,"A",.,"A",2470,"D",0,"D",.,"A",.,"A",.,"A",.,"A"
"20154","03170293",41,0,"1",1300,"D",325,"D",.,"A",0,"D",0,"D",.,"A",.,"A",975,"D",0,"D",.,"A",.,"A",.,"A",.,"A"
"20154","03170303",27,0,"1",3250,"D",975,"D",.,"A",650,"D",0,"D",.,"A",.,"A",2275,"D",180,"D",.,"A",.,"A",.,"A",.,"A"
"20154","03170313",38,0,"1",2600,"D",650,"D",.,"A",1950,"D",0,"D",.,"A",.,"A",1950,"D",0,"D",.,"A",.,"A",.,"A",.,"A"
"20154","03170343",28,0,"1",1300,"D",325,"D",520,"D",819,"D",0,"D",.,"A",.,"A",975,"D",60,"D",.,"A",.,"A",.,"A",.,"A"
"20154","03170363",30,0,"1",975,"D",0,"D",.,"A",520,"D",0,"D",.,"A",.,"A",975,"D",0,"D",14,"D",182,"D",.,"A",.,"A"
"20154","03170373",16,0,"1",3250,"D",260,"D",.,"A",650,"D",0,"D",.,"A",.,"A",2990,"D",150,"D",.,"A",.,"A",.,"A",.,"A"
"20154","03170383",27,0,"1",520,"D",39,"D",.,"A",0,"D",0,"D",.,"A",.,"A",481,"D",0,"D",.,"A",.,"A",.,"A",.,"A"
"20154","03170393",34,0,"1",1300,"D",271,"F",.,"A",390,"D",0,"D",.,"A",.,"A",1046,"F",0,"D",.,"A",.,"A",.,"A",.,"A"
"20154","03170403",24,0,"1",650,"D",65,"D",130,"D",195,"D",60,"D",.,"A",.,"A",585,"D",90,"D",5,"D",65,"D",390,"D",30,"D"
"20154","03170413",10,0,"1",910,"D",260,"D",.,"A",390,"D",0,"D",.,"A",.,"A",650,"D",0,"D",30,"D",390,"D",.,"A",.,"A"
"20154","03170423",33,0,"1",2600,"D",390,"D",325,"D",260,"D",0,"D",.,"A",.,"A",2210,"D",15,"D",.,"A",.,"A",.,"A",.,"A"
"20154","03170433",49,0,"1",1534,"F",.,"A",.,"A",733,"F",177,"F",5,"D",.,"A",1237,"F",162,"F",.,"A",.,"A",.,"A",.,"A"
"20154","03170453",39,0,"1",2600,"D",650,"D",260,"D",1300,"D",0,"D",.,"A",.,"A",1950,"D",0,"D",.,"A",.,"A",.,"A",.,"A"
"20154","03170463",19,0,"1",1040,"D",130,"D",91,"D",390,"D",0,"D",.,"A",.,"A",910,"D",0,"D",25,"D",325,"D",.,"A",.,"A"
"20154","03170493",45,0,"1",3250,"D",650,"D",650,"D",650,"D",0,"D",.,"A",.,"A",2600,"D",0,"D",.,"A",.,"A",.,"A",.,"A"
"20154","03170503",34,0,"1",780,"D",130,"D",.,"A",390,"D",0,"D",.,"A",120,"D",650,"D",0,"D",.,"A",.,"A",.,"A",.,"A"
"20154","03170533",28,0,"1",1950,"D",260,"D",260,"D",0,"D",0,"D",.,"A",.,"A",1690,"D",0,"D",.,"A",.,"A",.,"A",.,"A"
"20154","03170543",52,0,"1",1950,"D",520,"D",1300,"D",1040,"D",0,"D",.,"A",.,"A",1430,"D",90,"D",.,"A",.,"A",.,"A",.,"A"
"20154","03170553",20,0,"1",845,"D",65,"D",.,"A",0,"D",0,"D",.,"A",.,"A",780,"D",0,"D",.,"A",.,"A",.,"A",.,"A"
"20154","03170573",28,0,"1",715,"D",0,"D",.,"A",325,"D",0,"D",.,"A",.,"A",715,"D",0,"D",.,"A",.,"A",.,"A",.,"A"
"20154","03170593",27,0,"1",650,"D",130,"D",.,"A",650,"D",0,"D",.,"A",.,"A",520,"D",0,"D",.,"A",.,"A",.,"A",.,"A"
"20154","03170613",26,0,"1",1300,"D",260,"D",.,"A",390,"D",0,"D",.,"A",.,"A",1040,"D",0,"D",.,"A",.,"A",.,"A",.,"A"
"20154","03170633",15,0,"1",2600,"D",520,"D",1040,"D",1950,"D",300,"D",.,"A",.,"A",2080,"D",480,"D",.,"A",.,"A",.,"A",.,"A"
"20154","03170683",14,0,"1",1549,"F",.,"A",.,"A",870,"F",0,"D",.,"A",.,"A",1261,"F",0,"D",.,"A",.,"A",.,"A",.,"A"
"20154","03170693",68,0,"1",1196,"D",195,"D",.,"A",1560,"D",0,"D",.,"A",.,"A",1001,"D",0,"D",.,"A",.,"A",.,"A",.,"A"
"20154","03170703",19,0,"1",3250,"D",325,"F",315,"F",2600,"D",127,"F",.,"A",.,"A",1223,"F",124,"F",.,"A",.,"A",.,"A",.,"A"
"20154","03170733",29,0,"1",1235,"D",403,"D",.,"A",520,"D",0,"D",.,"A",.,"A",832,"D",0,"D",.,"A",.,"A",.,"A",.,"A"
"20154","03170743",36,0,"1",1690,"D",130,"D",.,"A",520,"D",0,"D",.,"A",.,"A",1560,"D",60,"D",.,"A",.,"A",.,"A",.,"A"
"20154","03170783",12,0,"1",910,"D",0,"D",.,"A",0,"D",0,"D",.,"A",.,"A",910,"D",0,"D",.,"A",.,"A",.,"A",.,"A"
"20154","03170843",11,0,"1",650,"D",130,"D",.,"A",0,"D",0,"D",.,"A",.,"A",520,"D",0,"D",.,"A",.,"A",.,"A",.,"A"
"20154","03170853",27,0,"1",975,"D",520,"D",.,"A",0,"D",0,"D",.,"A",.,"A",455,"D",0,"D",.,"A",.,"A",.,"A",.,"A"
"20154","03170923",21,0,"1",650,"D",65,"D",.,"A",0,"D",0,"D",.,"A",.,"A",585,"D",0,"D",.,"A",.,"A",.,"A",.,"A"
"20154","03170933",18,0,"1",650,"D",130,"D",.,"A",0,"D",0,"D",.,"A",.,"A",520,"D",0,"D",.,"A",.,"A",.,"A",.,"A"
"20154","03170963",7,0,"1",0,"D",.,"A",.,"A",0,"D",0,"D",.,"A",.,"A",0,"D",0,"D",.,"A",.,"A",.,"A",.,"A"
"20154","03170973",22,0,"1",2253,"F",.,"A",.,"A",0,"D",0,"D",.,"A",.,"A",1820,"F",0,"D",35,"D",455,"D",.,"A",.,"A"
"20154","03171013",13,0,"1",325,"D",195,"D",.,"A",0,"D",0,"D",.,"A",.,"A",130,"D",0,"D",.,"A",.,"A",.,"A",.,"A"
"20154","03171023",30,0,"1",1300,"D",0,"D",650,"D",325,"D",30,"D",.,"A",.,"A",1300,"D",0,"D",.,"A",.,"A",.,"A",.,"A"
"20154","03171033",27,0,"1",1300,"D",390,"D",.,"A",91,"D",0,"D",.,"A",.,"A",910,"D",0,"D",70,"D",910,"D",.,"A",.,"A"
"20154","03171063",22,0,"1",650,"D",0,"D",65,"D",78,"D",0,"D",.,"A",.,"A",650,"D",0,"D",.,"A",.,"A",.,"A",.,"A"
"20154","03171103",32,0,"1",2600,"D",260,"D",.,"A",650,"D",0,"D",.,"A",240,"D",2340,"D",0,"D",.,"A",.,"A",.,"A",.,"A"
"20154","03171133",58,0,"1",4030,"D",1040,"D",.,"A",1625,"D",240,"D",.,"A",.,"A",2990,"D",75,"D",.,"A",.,"A",.,"A",.,"A"
"20154","03171153",63,0,"1",1625,"D",650,"D",.,"A",1040,"D",0,"D",545,"F",.,"A",975,"D",60,"D",.,"A",.,"A",.,"A",.,"A"
"20154","03171163",68,0,"1",1300,"D",260,"D",.,"A",780,"D",240,"D",.,"A",.,"A",1040,"D",300,"D",.,"A",.,"A",.,"A",.,"A"
"20154","03171233",48,0,"1",1300,"D",0,"D",.,"A",260,"D",150,"D",.,"A",.,"A",1300,"D",300,"D",.,"A",.,"A",.,"A",.,"A"
"20154","03171243",12,0,"1",520,"D",0,"D",.,"A",0,"D",0,"D",.,"A",.,"A",520,"D",0,"D",.,"A",.,"A",.,"A",.,"A"
"20154","03171253",22,0,"1",780,"D",130,"D",.,"A",2990,"D",360,"D",.,"A",.,"A",650,"D",30,"D",.,"A",.,"A",.,"A",.,"A"
"20154","03171263",24,0,"1",598,"D",203,"F",.,"A",65,"D",0,"D",.,"A",.,"A",764,"F",0,"D",.,"A",.,"A",.,"A",.,"A"
"20154","03171273",37,0,"1",2600,"D",260,"D",.,"A",923,"D",0,"D",.,"A",.,"A",2340,"D",0,"D",.,"A",.,"A",.,"A",.,"A"
"20154","03171293",53,0,"1",1950,"D",325,"D",390,"D",0,"D",0,"D",.,"A",.,"A",1625,"D",0,"D",8,"D",104,"D",.,"A",.,"A"
"20154","03171303",64,0,"1",1872,"D",195,"D",.,"A",325,"D",0,"D",.,"A",.,"A",1677,"D",240,"D",.,"A",.,"A",.,"A",.,"A"
"20154","03171343",21,0,"1",1300,"D",0,"D",.,"A",325,"D",0,"D",.,"A",.,"A",1300,"D",21,"D",.,"A",.,"A",.,"A",.,"A"
"20154","03171353",19,0,"1",2275,"D",325,"D",.,"A",130,"D",0,"D",.,"A",.,"A",1950,"D",0,"D",.,"A",.,"A",.,"A",.,"A"
"20154","03171383",57,0,"1",1950,"D",260,"D",.,"A",650,"D",45,"D",.,"A",.,"A",1690,"D",75,"D",.,"A",.,"A",.,"A",.,"A"
"20154","03171403",26,0,"1",1549,"F",.,"A",.,"A",0,"D",0,"D",.,"A",.,"A",1261,"F",0,"D",.,"A",.,"A",.,"A",.,"A"
"20154","03171413",77,0,"1",1170,"D",0,"D",.,"A",390,"D",0,"D",.,"A",.,"A",1170,"D",0,"D",.,"A",.,"A",195,"D",15,"D"
"20154","03171453",22,0,"1",1459,"F",.,"A",.,"A",535,"F",0,"D",.,"A",.,"A",1152,"F",0,"D",.,"A",.,"A",.,"A",.,"A"
"20154","03171474",35,0,"1",1950,"D",390,"D",.,"A",1040,"D",120,"D",163,"D",.,"A",1560,"D",180,"D",.,"A",.,"A",.,"A",.,"A"
"20154","03171503",28,0,"1",650,"D",130,"D",.,"A",260,"D",0,"D",.,"A",.,"A",520,"D",0,"D",.,"A",.,"A",.,"A",.,"A"
"20154","03171513",16,0,"1",650,"D",0,"D",.,"A",0,"D",0,"D",.,"A",.,"A",650,"D",0,"D",.,"A",.,"A",.,"A",.,"A"
"20154","03171523",55,0,"1",1950,"D",0,"D",.,"A",0,"D",30,"D",.,"A",.,"A",1950,"D",180,"D",.,"A",.,"A",.,"A",.,"A"
"20154","03171533",30,0,"1",1300,"D",520,"D",.,"A",520,"D",0,"D",.,"A",.,"A",780,"D",0,"D",.,"A",.,"A",.,"A",.,"A"
"20154","03171543",38,0,"1",2600,"D",0,"D",263,"F",483,"F",0,"D",.,"A",.,"A",2600,"D",0,"D",9,"D",117,"D",.,"A",.,"A"
"20154","03171553",60,0,"1",1625,"D",650,"D",.,"A",650,"D",150,"D",.,"A",.,"A",975,"D",600,"D",.,"A",.,"A",.,"A",.,"A"
"20154","03171573",19,0,"1",650,"D",325,"D",.,"A",0,"D",0,"D",.,"A",.,"A",325,"D",0,"D",.,"A",.,"A",.,"A",.,"A"
"20154","03171623",15,0,"1",806,"D",143,"D",.,"A",325,"D",0,"D",.,"A",.,"A",663,"D",0,"D",15,"D",195,"D",.,"A",.,"A"
"20154","03171633",41,0,"1",1950,"D",325,"D",.,"A",520,"D",0,"D",.,"A",.,"A",1625,"D",60,"D",.,"A",.,"A",.,"A",.,"A"
"20154","03171643",32,0,"1",1040,"D",390,"D",65,"D",520,"D",0,"D",.,"A",.,"A",650,"D",60,"D",.,"A",.,"A",.,"A",.,"A"
"20154","03171723",46,0,"1",1625,"D",260,"D",650,"D",975,"D",0,"D",.,"A",.,"A",1365,"D",0,"D",.,"A",.,"A",.,"A",.,"A"
"20154","03171743",25,0,"1",3250,"D",650,"D",.,"A",1073,"F",158,"F",.,"A",.,"A",2600,"D",182,"F",.,"A",.,"A",.,"A",.,"A"
"20154","03171753",14,0,"1",3250,"D",260,"D",.,"A",910,"D",60,"D",.,"A",.,"A",2990,"D",0,"D",.,"A",.,"A",.,"A",.,"A"
"20154","03171823",34,0,"1",1300,"D",325,"D",.,"A",1300,"D",0,"D",.,"A",.,"A",975,"D",0,"D",.,"A",.,"A",.,"A",.,"A"
"20154","03171833",43,0,"1",975,"D",0,"D",.,"A",325,"D",0,"D",.,"A",.,"A",975,"D",0,"D",.,"A",.,"A",.,"A",.,"A"
"20154","03171843",38,0,"1",2340,"D",195,"D",.,"A",1040,"D",0,"D",.,"A",.,"A",2145,"D",0,"D",.,"A",.,"A",.,"A",.,"A"
"20154","03171853",26,0,"1",3250,"D",390,"D",.,"A",260,"D",0,"D",.,"A",.,"A",2860,"D",75,"D",20,"D",260,"D",.,"A",.,"A"
"20154","03171873",34,0,"1",520,"D",65,"D",.,"A",130,"D",0,"D",.,"A",.,"A",455,"D",0,"D",.,"A",.,"A",.,"A",.,"A"
"20154","03171893",23,0,"1",1300,"D",0,"D",.,"A",0,"D",0,"D",.,"A",.,"A",1300,"D",120,"D",40,"D",520,"D",.,"A",.,"A"
"20154","03171963",34,0,"1",1300,"D",260,"D",.,"A",650,"D",0,"D",.,"A",.,"A",1040,"D",0,"D",.,"A",.,"A",.,"A",.,"A"
"20154","03171983",25,0,"1",325,"D",65,"D",.,"A",260,"D",0,"D",.,"A",.,"A",260,"D",0,"D",.,"A",.,"A",.,"A",.,"A"
"20154","03171993",50,0,"1",2340,"D",520,"D",.,"A",520,"D",0,"D",.,"A",480,"D",1820,"D",0,"D",.,"A",.,"A",.,"A",.,"A"
"20154","03172013",61,0,"1",1300,"D",130,"D",.,"A",1300,"D",0,"D",.,"A",.,"A",1170,"D",0,"D",.,"A",.,"A",.,"A",.,"A"
"20154","03172023",20,0,"1",1300,"D",260,"D",.,"A",195,"D",139,"F",.,"A",900,"D",1040,"D",160,"F",.,"A",.,"A",.,"A",.,"A"
"20154","03172033",23,0,"1",650,"D",65,"D",.,"A",260,"D",0,"D",.,"A",.,"A",585,"D",30,"D",.,"A",.,"A",.,"A",.,"A"
"20154","03172053",23,0,"1",325,"D",65,"D",.,"A",260,"D",0,"D",.,"A",.,"A",260,"D",0,"D",.,"A",.,"A",.,"A",.,"A"
"20154","03172063",16,0,"1",2860,"D",260,"D",.,"A",0,"D",0,"D",.,"A",.,"A",2600,"D",0,"D",.,"A",.,"A",.,"A",.,"A"
"20154","03172073",23,0,"1",1300,"D",130,"D",.,"A",520,"D",0,"D",.,"A",120,"D",1170,"D",0,"D",.,"A",.,"A",.,"A",.,"A"
"20154","03172133",24,0,"1",1261,"F",.,"A",.,"A",455,"F",0,"D",.,"A",.,"A",1029,"F",0,"D",.,"A",.,"A",.,"A",.,"A"
"20154","03172143",33,0,"1",1300,"D",130,"D",.,"A",260,"D",0,"D",.,"A",.,"A",1170,"D",30,"D",.,"A",.,"A",.,"A",.,"A"
"20154","03172193",37,0,"1",1625,"D",260,"D",.,"A",130,"D",0,"D",.,"A",.,"A",1365,"D",0,"D",.,"A",.,"A",.,"A",.,"A"
"20154","03172203",88,0,"1",1560,"D",260,"D",.,"A",2275,"D",252,"D",.,"A",.,"A",1300,"D",390,"D",.,"A",.,"A",.,"A",.,"A"
"20154","03172243",12,0,"1",325,"D",65,"D",.,"A",0,"D",0,"D",.,"A",.,"A",260,"D",0,"D",.,"A",.,"A",.,"A",.,"A"
"20154","03172253",28,0,"1",1300,"D",221,"D",.,"A",0,"D",0,"D",.,"A",.,"A",1079,"D",30,"D",.,"A",.,"A",130,"D",10,"D"
"20154","03172263",30,0,"1",520,"D",65,"D",.,"A",195,"D",0,"D",.,"A",.,"A",455,"D",0,"D",12,"D",156,"D",.,"A",.,"A"
"20154","03172283",31,0,"1",1300,"D",260,"D",260,"D",1716,"D",180,"D",.,"A",.,"A",1040,"D",240,"D",.,"A",.,"A",260,"D",20,"D"
"20154","03172313",47,0,"1",975,"D",0,"D",.,"A",325,"D",0,"D",.,"A",.,"A",975,"D",0,"D",.,"B",441,"F",.,"A",.,"A"
"20154","03172323",12,0,"1",1971,"F",.,"A",.,"A",483,"F",96,"F",.,"A",.,"A",1654,"F",68,"F",.,"A",.,"A",.,"A",.,"A"
"20154","03172383",21,0,"1",975,"D",130,"D",.,"A",0,"D",0,"D",.,"A",.,"A",845,"D",0,"D",.,"A",.,"A",.,"A",.,"A"
"20154","03172393",16,0,"1",455,"D",78,"D",.,"A",195,"D",0,"D",.,"A",.,"A",377,"D",0,"D",.,"A",.,"A",.,"A",.,"A"
"20154","03172413",31,0,"1",1950,"D",325,"D",.,"A",520,"D",0,"D",.,"A",.,"A",1625,"D",90,"D",15,"D",195,"D",.,"A",.,"A"
"20154","03172433",36,0,"1",845,"D",325,"D",.,"A",390,"D",0,"D",.,"A",.,"A",520,"D",60,"D",.,"A",.,"A",.,"A",.,"A"
"20154","03172473",66,0,"1",2600,"D",260,"D",.,"A",1040,"D",0,"D",.,"A",.,"A",2340,"D",0,"D",.,"A",.,"A",.,"A",.,"A"
"20154","03172493",43,0,"1",2340,"D",520,"D",.,"A",1300,"D",0,"D",.,"A",240,"D",1820,"D",180,"D",40,"D",520,"D",156,"D",12,"D"
"20154","03172533",34,0,"1",585,"D",0,"D",.,"A",390,"D",0,"D",.,"A",.,"A",585,"D",0,"D",.,"A",.,"A",.,"A",.,"A"
"20154","03172545",68,0,"1",2600,"D",455,"D",.,"A",650,"D",120,"D",.,"A",.,"A",2145,"D",240,"D",28,"D",364,"D",.,"A",.,"A"
"20154","03172603",14,0,"1",1300,"D",130,"D",.,"A",260,"D",0,"D",.,"A",.,"A",1170,"D",0,"D",.,"A",.,"A",.,"A",.,"A"
"20154","03172623",39,0,"1",1300,"D",325,"D",.,"A",0,"D",0,"D",.,"A",.,"A",975,"D",36,"D",50,"D",650,"D",.,"A",.,"A"
"20154","03172633",17,0,"1",1040,"D",130,"D",.,"A",0,"D",0,"D",.,"A",.,"A",910,"D",0,"D",.,"A",.,"A",.,"A",.,"A"
"20154","03172643",27,0,"1",1971,"F",.,"A",.,"A",483,"F",0,"D",.,"A",.,"A",1654,"F",0,"D",.,"A",.,"A",.,"A",.,"A"
"20154","03172663",12,0,"1",650,"D",0,"D",.,"A",0,"D",0,"D",.,"A",.,"A",650,"D",0,"D",.,"A",.,"A",.,"A",.,"A"
"20154","03172683",31,0,"1",845,"D",195,"D",.,"A",325,"D",0,"D",.,"A",.,"A",650,"D",0,"D",.,"A",.,"A",.,"A",.,"A"
"20154","03172763",15,0,"1",1300,"D",0,"D",.,"A",0,"D",0,"D",.,"A",.,"A",1300,"D",0,"D",11,"D",143,"D",.,"A",.,"A"
"20154","03172773",63,0,"1",1300,"D",260,"D",.,"A",728,"D",120,"D",.,"A",.,"A",1040,"D",240,"D",.,"A",.,"A",.,"A",.,"A"
"20154","03172783",41,0,"1",1300,"D",390,"D",130,"D",130,"D",0,"D",.,"A",.,"A",910,"D",60,"D",.,"A",.,"A",.,"A",.,"A"
"20154","03172793",34,0,"1",2600,"D",390,"D",.,"A",780,"D",0,"D",.,"A",.,"A",2210,"D",0,"D",.,"A",.,"A",.,"A",.,"A"
"20154","03172823",26,0,"1",910,"D",130,"D",.,"A",195,"D",0,"D",.,"A",.,"A",780,"D",0,"D",.,"A",.,"A",.,"A",.,"A"
"20154","03172833",16,0,"1",650,"D",130,"D",.,"A",0,"D",0,"D",.,"A",.,"A",520,"D",0,"D",20,"D",260,"D",.,"A",.,"A"
"20154","03172853",15,0,"1",455,"D",0,"D",.,"A",0,"D",0,"D",.,"A",.,"A",455,"D",0,"D",.,"A",.,"A",.,"A",.,"A"
"20154","03172863",26,0,"1",2271,"F",.,"A",.,"A",744,"F",0,"D",.,"A",.,"A",1879,"F",600,"D",.,"A",.,"A",.,"A",.,"A"
"20154","03172873",28,0,"1",910,"D",65,"D",.,"A",260,"D",0,"D",.,"A",.,"A",845,"D",0,"D",.,"A",.,"A",.,"A",.,"A"
"20154","03172943",18,0,"1",780,"D",91,"D",.,"A",0,"D",0,"D",.,"A",.,"A",689,"D",30,"D",10,"D",130,"D",.,"A",.,"A"
"20154","03172973",56,0,"1",900,"F",.,"A",283,"F",650,"D",0,"D",.,"A",.,"A",723,"F",0,"D",.,"A",.,"A",.,"A",.,"A"
"20154","03172983",44,0,"1",3900,"D",780,"D",.,"A",585,"D",0,"D",.,"A",.,"A",3120,"D",0,"D",100,"D",1300,"D",260,"D",20,"D"
"20154","03172993",32,0,"1",1300,"D",195,"D",.,"A",780,"D",0,"D",.,"A",.,"A",1105,"D",0,"D",.,"A",.,"A",.,"A",.,"A"
"20154","03173005",44,0,"1",130,"D",0,"D",.,"A",0,"D",0,"D",.,"A",.,"A",130,"D",0,"D",.,"A",.,"A",.,"A",.,"A"
"20154","03173013",38,0,"1",1950,"D",195,"D",.,"A",845,"D",0,"D",.,"A",.,"A",1755,"D",0,"D",.,"A",.,"A",.,"A",.,"A"
"20154","03173043",19,0,"1",1300,"D",65,"D",.,"A",130,"D",90,"D",.,"A",.,"A",1235,"D",60,"D",.,"A",.,"A",.,"A",.,"A"
"20154","03173063",18,0,"1",1950,"D",195,"D",.,"A",325,"D",0,"D",.,"A",.,"A",1755,"D",0,"D",.,"A",.,"A",.,"A",.,"A"
"20154","03173083",34,0,"1",1560,"D",130,"D",.,"A",650,"D",150,"D",.,"A",.,"A",1430,"D",150,"D",.,"A",.,"A",.,"A",.,"A"
"20154","03173133",15,0,"1",585,"D",65,"D",.,"A",0,"D",0,"D",.,"A",.,"A",520,"D",0,"D",.,"A",.,"A",.,"A",.,"A"
"20154","03173143",25,0,"1",2600,"D",390,"D",.,"A",520,"D",0,"D",.,"A",.,"A",2210,"D",0,"D",.,"A",.,"A",.,"A",.,"A"
"20154","03173153",21,0,"1",1235,"D",0,"D",.,"A",0,"D",0,"D",.,"A",.,"A",1235,"D",0,"D",.,"A",.,"A",.,"A",.,"A"
"20154","03173183",91,0,"1",1950,"D",455,"D",325,"D",1105,"D",45,"D",.,"A",.,"A",1495,"D",135,"D",.,"A",.,"A",.,"A",.,"A"
"20154","03173223",24,0,"1",1170,"D",520,"D",260,"D",0,"D",180,"D",.,"A",.,"A",650,"D",90,"D",35,"D",455,"D",.,"A",.,"A"
"20154","03173243",44,0,"1",1885,"D",260,"D",.,"A",520,"D",0,"D",.,"A",.,"A",1625,"D",0,"D",.,"A",.,"A",.,"A",.,"A"
"20154","03173263",66,0,"1",2600,"D",335,"F",.,"A",0,"D",0,"D",.,"A",.,"A",1237,"F",360,"D",.,"A",.,"A",.,"A",.,"A"
"20154","03173283",22,0,"1",3120,"D",325,"D",.,"A",1430,"D",0,"D",.,"A",.,"A",2795,"D",0,"D",.,"A",.,"A",.,"A",.,"A"
"20154","03173293",18,0,"1",1040,"D",130,"D",.,"A",0,"D",6,"D",.,"A",.,"A",910,"D",6,"D",.,"A",.,"A",.,"A",.,"A"
"20154","03173303",29,0,"1",2080,"D",260,"D",.,"A",975,"D",225,"D",.,"A",336,"D",1820,"D",450,"D",.,"A",.,"A",.,"A",.,"A"
"20154","03173333",74,0,"1",2860,"D",390,"D",.,"A",1040,"D",0,"D",.,"A",618,"D",2470,"D",90,"D",.,"A",.,"A",.,"A",.,"A"
"20154","03173343",33,0,"1",780,"D",0,"D",.,"A",520,"D",0,"D",.,"A",.,"A",780,"D",45,"D",.,"A",.,"A",.,"A",.,"A"
"20154","03173363",36,0,"1",1040,"D",130,"D",.,"A",585,"D",0,"D",.,"A",.,"A",910,"D",60,"D",.,"A",.,"A",.,"A",.,"A"
"20154","03173373",19,0,"1",2210,"D",353,"F",.,"A",870,"F",175,"F",.,"A",.,"A",1261,"F",191,"F",.,"A",.,"A",.,"A",.,"A"
"20154","03173393",18,0,"1",13,"D",0,"D",.,"A",13,"D",0,"D",.,"A",.,"A",13,"D",0,"D",.,"A",.,"A",.,"A",.,"A"
"20154","03173413",31,0,"1",650,"D",325,"D",.,"A",312,"D",0,"D",.,"A",.,"A",325,"D",0,"D",.,"A",.,"A",.,"A",.,"A"
"20154","03173423",73,0,"1",1300,"D",325,"D",65,"D",650,"D",0,"D",.,"A",.,"A",975,"D",120,"D",.,"A",.,"A",325,"D",25,"D"
"20154","03173433",38,0,"1",1625,"D",728,"D",.,"A",1950,"D",0,"D",.,"A",27,"D",897,"D",0,"D",.,"A",.,"A",.,"A",.,"A"
"20154","03173443",44,0,"1",2600,"D",325,"D",.,"A",325,"D",0,"D",325,"D",.,"A",2275,"D",0,"D",.,"A",.,"A",.,"A",.,"A"
"20154","03173473",22,0,"1",1300,"D",650,"D",.,"A",390,"D",0,"D",.,"A",.,"A",650,"D",15,"D",.,"A",.,"A",.,"A",.,"A"
"20154","03173503",37,0,"1",1300,"D",130,"D",130,"D",780,"D",0,"D",.,"A",.,"A",1170,"D",0,"D",.,"A",.,"A",.,"A",.,"A"
"20154","03173513",15,0,"1",650,"D",0,"D",.,"A",260,"D",0,"D",.,"A",.,"A",650,"D",0,"D",.,"A",.,"A",.,"A",.,"A"
"20154","03173523",55,0,"1",1040,"D",195,"D",195,"D",325,"D",0,"D",.,"A",.,"A",845,"D",0,"D",.,"A",.,"A",.,"A",.,"A"
"20154","03173553",28,0,"1",1300,"D",195,"D",.,"A",1300,"D",0,"D",.,"A",.,"A",1105,"D",0,"D",.,"A",.,"A",.,"A",.,"A"
"20154","03173563",41,0,"1",1300,"D",195,"D",.,"A",260,"D",300,"D",.,"A",.,"A",1105,"D",360,"D",.,"A",.,"A",.,"A",.,"A"
"20154","03173573",40,0,"1",2600,"D",975,"D",.,"A",780,"D",0,"D",.,"A",244,"D",1625,"D",0,"D",65,"D",845,"D",.,"A",.,"A"
"20154","03173603",31,0,"1",2600,"D",325,"D",.,"A",325,"D",0,"D",.,"A",.,"A",2275,"D",0,"D",.,"A",.,"A",.,"A",.,"A"
"20154","03173643",35,0,"1",780,"D",260,"D",.,"A",130,"D",0,"D",.,"A",.,"A",520,"D",0,"D",.,"A",.,"A",.,"A",.,"A"
"20154","03173663",62,0,"1",2600,"D",130,"D",.,"A",1300,"D",60,"D",.,"A",.,"A",2470,"D",30,"D",.,"A",.,"A",.,"A",.,"A"
"20154","03173675",29,0,"1",780,"D",130,"D",.,"A",1820,"D",120,"D",.,"A",.,"A",650,"D",60,"D",.,"A",.,"A",.,"A",.,"A"
"20154","03173685",22,0,"1",390,"D",65,"D",.,"A",650,"D",21,"D",.,"A",.,"A",325,"D",0,"D",.,"A",.,"A",.,"A",.,"A"
"20154","03173723",18,0,"1",325,"D",0,"D",.,"A",0,"D",0,"D",.,"A",.,"A",325,"D",0,"D",20,"D",260,"D",.,"A",.,"A"
"20154","03173753",37,0,"1",1105,"D",130,"D",.,"A",650,"D",120,"D",.,"A",.,"A",975,"D",60,"D",.,"A",.,"A",.,"A",.,"A"
"20154","03173773",19,0,"1",910,"D",130,"D",130,"D",0,"D",0,"D",.,"A",.,"A",780,"D",45,"D",20,"D",260,"D",.,"A",.,"A"
"20154","03173783",55,0,"1",1300,"D",130,"D",65,"D",1300,"D",600,"D",.,"A",.,"A",1170,"D",600,"D",.,"A",.,"A",.,"A",.,"A"
"20154","03173793",33,0,"1",1430,"D",195,"D",.,"A",325,"D",0,"D",.,"A",.,"A",1235,"D",0,"D",.,"A",.,"A",.,"A",.,"A"
"20154","03173813",16,0,"1",2600,"D",363,"F",.,"A",483,"F",0,"D",.,"A",.,"A",1654,"F",0,"D",50,"D",650,"D",.,"A",.,"A"
"20154","03173833",25,0,"1",1625,"D",520,"D",.,"A",455,"D",0,"D",.,"A",.,"A",1105,"D",0,"D",.,"A",.,"A",.,"A",.,"A"
"20154","03173873",99,0,"1",1950,"D",325,"D",.,"A",520,"D",0,"D",.,"A",.,"A",1625,"D",0,"D",.,"A",.,"A",.,"A",.,"A"
"20154","03173883",24,0,"1",1625,"D",260,"D",.,"A",1040,"D",0,"D",.,"A",.,"A",1365,"D",0,"D",.,"A",.,"A",.,"A",.,"A"
"20154","03173963",19,0,"1",715,"D",65,"D",.,"A",65,"D",0,"D",.,"A",.,"A",650,"D",0,"D",.,"A",.,"A",.,"A",.,"A"
"20154","03173973",35,0,"1",780,"D",65,"D",.,"A",260,"D",0,"D",.,"A",.,"A",715,"D",60,"D",.,"A",.,"A",.,"A",.,"A"
"20154","03173983",12,0,"1",650,"D",65,"D",.,"A",0,"D",0,"D",.,"A",.,"A",585,"D",0,"D",.,"A",.,"A",.,"A",.,"A"
"20154","03174033",57,0,"1",1690,"D",585,"D",325,"D",390,"D",24,"D",.,"A",.,"A",1105,"D",0,"D",.,"A",.,"A",.,"A",.,"A"
"20154","03174063",50,0,"1",1625,"D",0,"D",780,"D",325,"D",0,"D",.,"A",.,"A",1625,"D",0,"D",110,"D",1430,"D",.,"A",.,"A"
"20154","03174073",42,0,"1",2600,"D",650,"D",.,"A",0,"D",0,"D",.,"A",.,"A",1950,"D",0,"D",.,"A",.,"A",.,"A",.,"A"
"20154","03184642",56,0,"1",780,"D",78,"D",.,"A",260,"D",0,"D",.,"A",.,"A",702,"D",0,"D",.,"A",.,"A",.,"A",.,"A"
"20154","03184662",46,0,"1",1950,"D",390,"D",.,"A",520,"D",30,"D",.,"A",.,"A",1560,"D",0,"D",10,"D",130,"D",.,"A",.,"A"
"20154","03184672",19,0,"1",520,"D",195,"D",.,"A",78,"D",0,"D",.,"A",.,"A",325,"D",0,"D",.,"A",.,"A",.,"A",.,"A"
"20154","03184682",72,0,"1",1950,"D",520,"D",195,"D",2145,"D",300,"D",.,"A",.,"A",1430,"D",120,"D",.,"A",.,"A",.,"A",.,"A"
"20154","03184702",30,0,"1",1300,"D",260,"D",.,"A",390,"D",0,"D",.,"A",.,"A",1040,"D",0,"D",.,"A",.,"A",.,"A",.,"A"
"20154","03184722",43,0,"1",975,"D",325,"D",.,"A",650,"D",0,"D",.,"A",.,"A",650,"D",0,"D",.,"A",.,"A",.,"A",.,"A"
"20154","03184732",32,0,"1",975,"D",325,"D",.,"A",130,"D",6,"D",.,"A",.,"A",650,"D",6,"D",.,"A",.,"A",.,"A",.,"A"
"20154","03184752",26,0,"1",1300,"D",260,"D",455,"D",585,"D",75,"D",.,"A",.,"A",1040,"D",75,"D",.,"A",.,"A",.,"A",.,"A"
"20154","03184772",29,0,"1",1300,"D",390,"D",195,"D",520,"D",210,"D",225,"D",.,"A",910,"D",300,"D",.,"A",.,"A",.,"A",.,"A"
"20154","03184782",47,0,"1",1300,"D",390,"D",.,"A",650,"D",90,"D",.,"A",.,"A",910,"D",90,"D",.,"A",.,"A",.,"A",.,"A"
"20154","03184802",28,0,"1",1300,"D",228,"F",.,"A",0,"D",90,"D",.,"A",.,"A",765,"F",0,"D",.,"A",.,"A",.,"A",.,"A"
"20154","03184812",36,0,"1",520,"D",52,"D",65,"D",195,"D",0,"D",.,"A",.,"A",468,"D",0,"D",.,"A",.,"A",.,"A",.,"A"
"20154","03184832",30,0,"1",1170,"D",195,"D",325,"D",0,"D",0,"D",.,"A",.,"A",975,"D",60,"D",.,"A",.,"A",.,"A",.,"A"
"20154","03184852",39,0,"1",1300,"D",130,"D",.,"A",156,"D",0,"D",.,"A",.,"A",1170,"D",90,"D",30,"D",390,"D",.,"A",.,"A"
"20154","03184862",71,0,"1",1950,"D",325,"D",.,"A",390,"D",6,"D",.,"A",.,"A",1625,"D",6,"D",.,"A",.,"A",.,"A",.,"A"
"20154","03184872",34,0,"1",845,"D",260,"D",.,"A",260,"D",45,"D",.,"A",.,"A",585,"D",180,"D",.,"A",.,"A",.,"A",.,"A"
"20154","03184882",14,0,"1",975,"D",130,"D",.,"A",0,"D",0,"D",.,"A",.,"A",845,"D",0,"D",15,"D",195,"D",.,"A",.,"A"
"20154","03184892",17,0,"1",390,"D",65,"D",26,"D",260,"D",0,"D",.,"A",.,"A",325,"D",0,"D",.,"A",.,"A",260,"D",20,"D"
"20154","03184902",12,0,"1",260,"D",65,"D",.,"A",0,"D",0,"D",.,"A",.,"A",195,"D",0,"D",.,"A",.,"A",.,"A",.,"A"
"20154","03184922",49,0,"1",1040,"D",130,"D",325,"D",715,"D",30,"D",.,"A",38,"D",910,"D",30,"D",.,"A",.,"A",.,"A",.,"A"
"20154","03184942",23,0,"1",1300,"D",390,"D",195,"D",195,"D",90,"D",.,"A",.,"A",910,"D",120,"D",.,"A",.,"A",.,"A",.,"A"
"20154","03184964",18,0,"1",975,"D",195,"D",325,"D",520,"D",180,"D",.,"A",.,"A",780,"D",240,"D",.,"A",.,"A",.,"A",.,"A"
"20154","03184982",51,0,"1",1950,"D",650,"D",325,"D",1300,"D",0,"D",.,"A",.,"A",1300,"D",45,"D",.,"A",.,"A",.,"A",.,"A"
"20154","03185002",45,0,"1",1625,"D",325,"D",.,"A",0,"D",0,"D",.,"A",.,"A",1300,"D",195,"D",.,"A",.,"A",.,"A",.,"A"
"20154","03185012",45,0,"1",1625,"D",0,"D",585,"D",1625,"D",0,"D",.,"A",.,"A",1625,"D",0,"D",.,"A",.,"A",.,"A",.,"A"
"20154","03185032",40,0,"1",780,"D",156,"D",.,"A",130,"D",0,"D",.,"A",.,"A",624,"D",18,"D",.,"A",.,"A",.,"A",.,"A"
"20154","03185042",36,0,"1",845,"D",130,"D",.,"A",0,"D",0,"D",.,"A",.,"A",715,"D",21,"D",.,"A",.,"A",.,"A",.,"A"
"20154","03185052",43,0,"1",4875,"D",1300,"D",.,"A",0,"D",0,"D",.,"A",.,"A",3575,"D",90,"D",.,"A",.,"A",.,"A",.,"A"
"20154","03185092",46,0,"1",1625,"D",195,"D",.,"A",1950,"D",120,"D",.,"A",.,"A",1430,"D",90,"D",.,"A",.,"A",.,"A",.,"A"
"20154","03185132",25,0,"1",1690,"D",260,"D",.,"A",845,"D",0,"D",.,"A",.,"A",1430,"D",0,"D",.,"A",.,"A",.,"A",.,"A"
"20154","03185142",40,0,"1",2210,"D",260,"D",.,"A",195,"D",0,"D",.,"A",.,"A",1950,"D",60,"D",.,"A",.,"A",.,"A",.,"A"
"20154","03185152",34,0,"1",1950,"D",260,"D",.,"A",622,"F",127,"F",.,"A",.,"A",1690,"D",124,"F",.,"A",.,"A",.,"A",.,"A"
"20154","03185182",29,0,"1",1040,"D",130,"D",.,"A",650,"D",0,"D",.,"A",.,"A",910,"D",0,"D",.,"A",.,"A",.,"A",.,"A"
"20154","03185202",32,0,"1",975,"D",130,"D",.,"A",130,"D",0,"D",.,"A",.,"A",845,"D",60,"D",.,"A",.,"A",.,"A",.,"A"
"20154","03185222",16,0,"1",1300,"D",260,"D",.,"A",650,"D",600,"D",.,"A",.,"A",1040,"D",600,"D",.,"A",.,"A",.,"A",.,"A"
"20154","03185232",42,0,"1",2600,"D",520,"D",.,"A",325,"D",60,"D",.,"A",.,"A",2080,"D",0,"D",.,"A",.,"A",.,"A",.,"A"
"20154","03185292",40,0,"1",1625,"D",0,"D",650,"D",91,"D",0,"D",.,"A",.,"A",1625,"D",9,"D",54,"D",702,"D",.,"A",.,"A"
"20154","03185302",51,0,"1",1950,"D",390,"D",260,"D",325,"D",450,"D",.,"A",.,"A",1560,"D",135,"D",.,"A",.,"A",.,"A",.,"A"
"20154","03185342",20,0,"1",1950,"D",260,"D",.,"A",0,"D",0,"D",.,"A",.,"A",1690,"D",0,"D",.,"A",.,"A",.,"A",.,"A"
"20154","03185352",35,0,"1",780,"D",195,"D",130,"D",624,"D",0,"D",.,"A",.,"A",585,"D",180,"D",10,"D",130,"D",.,"A",.,"A"
"20154","03185362",20,0,"1",1300,"D",260,"D",.,"A",130,"D",6,"D",.,"A",.,"A",1040,"D",6,"D",.,"A",.,"A",.,"A",.,"A"
"20154","03185372",11,0,"1",325,"D",65,"D",.,"A",321,"F",0,"D",.,"A",.,"A",260,"D",0,"D",.,"C",297,"F",.,"A",.,"A"
"20154","03185392",46,0,"1",1300,"D",650,"D",.,"A",0,"D",0,"D",.,"A",.,"A",650,"D",0,"D",.,"A",.,"A",.,"A",.,"A"
"20154","03185422",37,0,"1",1300,"D",325,"D",.,"A",130,"D",0,"D",.,"A",.,"A",975,"D",30,"D",.,"A",.,"A",.,"A",.,"A"
"20154","03185452",27,0,"1",1560,"D",156,"D",.,"A",455,"D",0,"D",.,"A",.,"A",1404,"D",0,"D",.,"A",.,"A",.,"A",.,"A"
"20154","03185472",21,0,"1",1300,"D",0,"D",323,"F",514,"F",0,"D",.,"A",.,"A",1300,"D",0,"D",.,"A",.,"A",262,"F",.,"C"
"20154","03185482",40,0,"1",1950,"D",390,"D",.,"A",260,"D",0,"D",.,"A",.,"A",1560,"D",0,"D",.,"A",.,"A",.,"A",.,"A"
"20154","03185492",15,0,"1",1300,"D",0,"D",.,"A",870,"F",0,"D",.,"A",.,"A",1300,"D",0,"D",.,"A",.,"A",.,"A",.,"A"
"20154","03185502",43,0,"1",650,"D",195,"D",.,"A",195,"D",0,"D",.,"A",.,"A",455,"D",30,"D",.,"A",.,"A",.,"A",.,"A"
"20154","03185512",37,0,"1",650,"D",130,"D",.,"A",455,"D",0,"D",.,"A",.,"A",520,"D",0,"D",.,"A",.,"A",.,"A",.,"A"
"20154","03185522",22,0,"1",1625,"D",195,"D",.,"A",650,"D",0,"D",.,"A",100,"D",1430,"D",0,"D",.,"A",.,"A",.,"A",.,"A"
"20154","03185532",20,0,"1",975,"D",39,"D",.,"A",0,"D",0,"D",.,"A",.,"A",936,"D",72,"D",6,"D",78,"D",.,"A",.,"A"
"20154","03185542",39,0,"1",1625,"D",325,"D",.,"A",1040,"D",150,"D",.,"A",.,"A",1300,"D",150,"D",.,"A",.,"A",.,"A",.,"A"
"20154","03185552",17,0,"1",845,"D",130,"D",.,"A",390,"D",0,"D",.,"A",.,"A",715,"D",0,"D",.,"A",.,"A",.,"A",.,"A"
"20154","03185572",10,0,"1",845,"D",195,"D",.,"A",195,"D",0,"D",.,"A",.,"A",650,"D",0,"D",.,"A",.,"A",.,"A",.,"A"
"20154","03185592",29,0,"1",1560,"D",260,"D",.,"A",0,"D",0,"D",.,"A",.,"A",1300,"D",45,"D",.,"A",.,"A",.,"A",.,"A"
"20154","03185602",25,0,"1",780,"D",195,"D",.,"A",130,"D",0,"D",.,"A",.,"A",585,"D",0,"D",.,"A",.,"A",.,"A",.,"A"
"20154","03185612",28,0,"1",2600,"D",650,"D",130,"D",260,"D",60,"D",.,"A",.,"A",1950,"D",60,"D",.,"A",.,"A",.,"A",.,"A"
"20154","03185622",25,0,"1",1950,"D",520,"D",.,"A",975,"D",60,"D",.,"A",.,"A",1430,"D",0,"D",.,"A",.,"A",.,"A",.,"A"
"20154","03185632",23,0,"1",780,"D",26,"D",260,"D",195,"D",45,"D",.,"A",.,"A",754,"D",0,"D",.,"A",.,"A",.,"A",.,"A"
"20154","03185642",58,0,"1",650,"D",65,"D",65,"D",1950,"D",150,"D",.,"A",.,"A",585,"D",270,"D",.,"A",.,"A",.,"A",.,"A"
"20154","03185652",19,0,"1",260,"D",65,"D",130,"D",130,"D",51,"D",.,"A",.,"A",195,"D",6,"D",.,"A",.,"A",.,"A",.,"A"
"20154","03185662",30,0,"1",1300,"D",520,"D",.,"A",650,"D",0,"D",.,"A",.,"A",780,"D",0,"D",.,"A",.,"A",.,"A",.,"A"
"20154","03185703",46,0,"1",1170,"D",195,"D",.,"A",650,"D",450,"D",.,"A",.,"A",975,"D",150,"D",.,"A",.,"A",.,"A",.,"A"
"20154","03185722",20,0,"1",3575,"D",325,"D",.,"A",650,"D",0,"D",.,"A",.,"A",3250,"D",75,"D",.,"A",.,"A",.,"A",.,"A"
"20154","03185742",32,0,"1",1950,"D",260,"D",.,"A",0,"D",0,"D",.,"A",.,"A",1690,"D",0,"D",.,"A",.,"A",.,"A",.,"A"
"20154","03185762",37,0,"1",1625,"D",260,"D",.,"A",780,"D",0,"D",.,"A",.,"A",1365,"D",0,"D",.,"A",.,"A",.,"A",.,"A"
"20154","03185792",43,0,"1",2600,"D",260,"D",.,"A",390,"D",90,"D",.,"A",.,"A",2340,"D",600,"D",.,"A",.,"A",.,"A",.,"A"
"20154","03185842",16,0,"1",1300,"D",390,"D",.,"A",260,"D",0,"D",.,"A",.,"A",910,"D",0,"D",.,"A",.,"A",.,"A",.,"A"
"20154","03185892",30,0,"1",2275,"D",260,"D",.,"A",975,"D",0,"D",.,"A",.,"A",2015,"D",120,"D",.,"A",.,"A",.,"A",.,"A"
"20154","03185925",25,0,"1",650,"D",0,"D",.,"A",650,"D",0,"D",.,"A",.,"A",650,"D",0,"D",.,"A",.,"A",.,"A",.,"A"
"20154","03185972",38,0,"1",390,"D",0,"D",780,"D",130,"D",0,"D",.,"A",.,"A",390,"D",30,"D",.,"A",.,"A",.,"A",.,"A"
"20154","03185982",12,0,"1",1300,"D",0,"D",390,"D",0,"D",0,"D",.,"A",.,"A",1300,"D",0,"D",.,"A",.,"A",.,"A",.,"A"
"20154","03186012",20,0,"1",1040,"D",0,"D",.,"A",325,"D",120,"D",.,"A",.,"A",1040,"D",180,"D",60,"D",780,"D",.,"A",.,"A"
"20154","03186022",50,0,"1",1040,"D",260,"D",65,"D",1820,"D",120,"D",.,"A",.,"A",780,"D",120,"D",.,"A",.,"A",26,"D",2,"D"
"20154","03186042",27,0,"1",1300,"D",195,"D",.,"A",0,"D",0,"D",.,"A",10,"D",1105,"D",60,"D",12,"D",156,"D",.,"A",.,"A"
"20154","03186052",23,0,"1",1950,"D",520,"D",.,"A",1300,"D",0,"D",.,"A",.,"A",1430,"D",0,"D",.,"A",.,"A",.,"A",.,"A"
"20154","03186063",52,0,"1",1300,"D",260,"D",325,"D",650,"D",0,"D",.,"A",.,"A",1040,"D",0,"D",.,"A",.,"A",.,"A",.,"A"
"20154","03186092",73,0,"1",1950,"D",260,"D",.,"A",3250,"D",1800,"D",.,"A",.,"A",1690,"D",213,"F",.,"C",493,"F",252,"F",.,"C"
"20154","03186102",21,0,"1",1300,"D",130,"D",325,"D",325,"D",0,"D",.,"A",.,"A",1170,"D",60,"D",48,"D",624,"D",.,"A",.,"A"
"20154","03186112",34,0,"1",4550,"D",260,"D",260,"D",260,"D",6,"D",.,"A",.,"A",4290,"D",6,"D",42,"D",546,"D",.,"A",.,"A"
"20154","03186122",37,0,"1",3900,"D",650,"D",.,"A",1300,"D",0,"D",.,"A",.,"A",3250,"D",0,"D",.,"A",.,"A",.,"A",.,"A"
"20154","03186192",12,0,"1",1300,"D",325,"D",.,"A",0,"D",0,"D",.,"A",.,"A",975,"D",0,"D",.,"A",.,"A",.,"A",.,"A"
"20154","03186212",35,0,"1",2600,"D",650,"D",.,"A",780,"D",0,"D",.,"A",120,"D",1950,"D",0,"D",.,"C",810,"F",252,"F",.,"C"
"20154","03186232",55,0,"1",1820,"D",520,"D",156,"D",0,"D",0,"D",.,"A",.,"A",1300,"D",240,"D",.,"A",.,"A",.,"A",.,"A"
"20154","03186242",21,0,"1",325,"D",39,"D",.,"A",0,"D",0,"D",.,"A",.,"A",286,"D",0,"D",.,"A",.,"A",.,"A",.,"A"
"20154","03186252",20,0,"1",1549,"F",.,"A",.,"A",1040,"D",240,"D",.,"A",.,"A",1261,"F",0,"D",.,"A",.,"A",.,"A",.,"A"
"20154","03186292",69,0,"1",1365,"D",0,"D",.,"A",520,"D",0,"D",.,"A",.,"A",1365,"D",0,"D",.,"A",.,"A",.,"A",.,"A"
"20154","03186312",47,0,"1",650,"D",130,"D",.,"A",195,"D",0,"D",.,"A",.,"A",520,"D",0,"D",40,"D",520,"D",.,"A",.,"A"
"20154","03186342",24,0,"1",1690,"D",390,"D",.,"A",390,"D",0,"D",.,"A",.,"A",1300,"D",0,"D",.,"A",.,"A",.,"A",.,"A"
"20154","03186352",26,0,"1",650,"D",195,"D",.,"A",520,"D",0,"D",.,"A",.,"A",455,"D",0,"D",.,"A",.,"A",.,"A",.,"A"
"20154","03186362",18,0,"1",325,"D",65,"D",.,"A",0,"D",0,"D",.,"A",.,"A",260,"D",0,"D",.,"A",.,"A",.,"A",.,"A"
"20154","03186392",20,0,"1",1950,"D",130,"D",263,"F",390,"D",0,"D",.,"A",.,"A",1820,"D",0,"D",.,"A",.,"A",.,"A",.,"A"
"20154","03186412",25,0,"1",1300,"D",260,"D",.,"A",0,"D",0,"D",.,"A",.,"A",1040,"D",0,"D",.,"A",.,"A",.,"A",.,"A"
"20154","03186442",32,0,"1",1170,"D",104,"D",.,"A",910,"D",0,"D",.,"A",.,"A",1066,"D",0,"D",.,"A",.,"A",.,"A",.,"A"
"20154","03186472",30,0,"1",520,"D",104,"D",.,"A",0,"D",0,"D",.,"A",.,"A",416,"D",0,"D",.,"A",.,"A",.,"A",.,"A"
"20154","03186502",36,0,"1",1300,"D",260,"D",.,"A",390,"D",90,"D",.,"A",.,"A",1040,"D",0,"D",58,"D",754,"D",.,"A",.,"A"
"20154","03186512",54,0,"1",3250,"D",780,"D",260,"D",260,"D",30,"D",.,"A",64,"D",2470,"D",0,"D",.,"A",.,"A",.,"A",.,"A"
"20154","03186522",37,0,"1",1365,"D",455,"D",.,"A",650,"D",0,"D",.,"A",.,"A",910,"D",42,"D",7,"D",91,"D",.,"A",.,"A"
"20154","03186532",15,0,"1",325,"D",130,"D",.,"A",195,"D",0,"D",.,"A",.,"A",195,"D",0,"D",.,"A",.,"A",.,"A",.,"A"
"20154","03186542",16,0,"1",650,"D",130,"D",.,"A",0,"D",0,"D",.,"A",.,"A",520,"D",0,"D",25,"D",325,"D",.,"A",.,"A"
"20154","03186562",10,0,"1",1625,"D",325,"D",.,"A",0,"D",0,"D",.,"A",.,"A",1300,"D",0,"D",.,"A",.,"A",.,"A",.,"A"
"20154","03186575",78,0,"1",2600,"D",260,"D",.,"A",1300,"D",0,"D",.,"A",24,"D",2340,"D",0,"D",.,"A",.,"A",.,"A",.,"A"
"20154","03186582",42,0,"1",1105,"D",208,"D",.,"A",26,"D",0,"D",.,"A",.,"A",897,"D",0,"D",12,"D",156,"D",.,"A",.,"A"
"20154","03186592",42,0,"1",1950,"D",650,"D",.,"A",0,"D",0,"D",.,"A",.,"A",1300,"D",120,"D",.,"A",.,"A",.,"A",.,"A"
"20154","03186612",10,0,"1",1950,"D",520,"D",.,"A",0,"D",0,"D",.,"A",.,"A",1430,"D",0,"D",.,"A",.,"A",.,"A",.,"A"
"20154","03186702",10,0,"1",1300,"D",130,"D",.,"A",0,"D",0,"D",.,"A",.,"A",1170,"D",0,"D",.,"A",.,"A",.,"A",.,"A"
"20154","03186712",55,0,"1",1755,"D",520,"D",.,"A",1300,"D",0,"D",.,"A",.,"A",1235,"D",120,"D",.,"A",.,"A",.,"A",.,"A"
"20154","03186722",16,0,"1",260,"D",65,"D",.,"A",520,"D",90,"D",.,"A",.,"A",195,"D",60,"D",.,"A",.,"A",.,"A",.,"A"
"20154","03186755",38,0,"1",650,"D",0,"D",.,"A",520,"D",0,"D",.,"A",.,"A",650,"D",0,"D",.,"A",.,"A",.,"A",.,"A"
"20154","03186772",63,0,"1",728,"D",130,"D",.,"A",325,"D",0,"D",.,"A",5,"D",598,"D",0,"D",.,"A",.,"A",.,"A",.,"A"
"20154","03186832",25,0,"1",1625,"D",195,"D",.,"A",325,"D",0,"D",.,"A",.,"A",1430,"D",0,"D",20,"D",260,"D",.,"A",.,"A"
"20154","03186842",32,0,"1",1300,"D",195,"D",.,"A",520,"D",0,"D",.,"A",.,"A",1105,"D",0,"D",.,"A",.,"A",.,"A",.,"A"
"20154","03186852",22,0,"1",390,"D",65,"D",.,"A",260,"D",0,"D",.,"A",.,"A",325,"D",0,"D",.,"A",.,"A",.,"A",.,"A"
"20154","03186865",34,0,"1",2600,"D",780,"D",.,"A",650,"D",120,"D",.,"A",.,"A",1820,"D",120,"D",.,"A",.,"A",.,"A",.,"A"
"20154","03186892",17,0,"1",0,"D",.,"A",.,"A",0,"D",0,"D",.,"A",.,"A",0,"D",0,"D",.,"A",.,"A",.,"A",.,"A"
"20154","03186902",36,0,"1",910,"D",195,"D",.,"A",195,"D",0,"D",.,"A",.,"A",715,"D",45,"D",.,"A",.,"A",.,"A",.,"A"
"20154","03186912",73,0,"1",7800,"D",1950,"D",.,"A",1300,"D",45,"D",.,"A",.,"A",5850,"D",45,"D",.,"A",.,"A",.,"A",.,"A"
"20154","03186922",32,0,"1",1170,"D",130,"D",650,"D",1950,"D",0,"D",.,"A",.,"A",1040,"D",0,"D",.,"A",.,"A",.,"A",.,"A"
"20154","03186932",30,0,"1",1625,"D",260,"D",.,"A",0,"D",0,"D",.,"A",.,"A",1365,"D",0,"D",.,"A",.,"A",.,"A",.,"A"
"20154","03186942",45,0,"1",689,"D",104,"D",.,"A",325,"D",0,"D",.,"A",.,"A",585,"D",0,"D",.,"A",.,"A",.,"A",.,"A"
"20154","03186952",63,0,"1",1300,"D",260,"D",.,"A",1144,"D",0,"D",.,"A",.,"A",1040,"D",0,"D",.,"A",.,"A",.,"A",.,"A"
"20154","03186972",31,0,"1",390,"D",65,"D",.,"A",0,"D",0,"D",.,"A",.,"A",325,"D",0,"D",.,"A",.,"A",.,"A",.,"A"
"20154","03186992",22,0,"1",195,"D",0,"D",.,"A",104,"D",0,"D",.,"A",.,"A",195,"D",0,"D",.,"A",.,"A",.,"A",.,"A"
"20154","03187002",72,0,"1",2080,"D",0,"D",.,"A",1950,"D",300,"D",.,"A",.,"A",2080,"D",900,"D",.,"A",.,"A",.,"A",.,"A"
"20154","03187012",41,0,"1",975,"D",260,"D",156,"D",650,"D",0,"D",.,"A",.,"A",715,"D",60,"D",.,"A",.,"A",.,"A",.,"A"
"20154","03187022",25,0,"1",1300,"D",130,"D",.,"A",975,"D",0,"D",.,"A",.,"A",1170,"D",0,"D",.,"A",.,"A",.,"A",.,"A"
"20154","03187042",49,0,"1",1300,"D",260,"D",.,"A",260,"D",0,"D",.,"A",.,"A",1040,"D",60,"D",.,"A",.,"A",.,"A",.,"A"
"20154","03187062",42,0,"1",1300,"D",520,"D",.,"A",2600,"D",600,"D",.,"A",.,"A",780,"D",900,"D",.,"A",.,"A",325,"D",25,"D"
"20154","03187072",31,0,"1",780,"D",130,"D",.,"A",520,"D",60,"D",.,"A",.,"A",650,"D",120,"D",.,"A",.,"A",.,"A",.,"A"
"20154","03187082",40,0,"1",1820,"D",390,"D",650,"D",1300,"D",0,"D",.,"A",.,"A",1430,"D",0,"D",.,"A",.,"A",.,"A",.,"A"
"20154","03187102",51,0,"1",2271,"F",.,"A",.,"A",325,"D",0,"D",.,"A",40,"D",1879,"F",0,"D",.,"A",.,"A",.,"A",.,"A"
"20154","03187142",35,0,"1",975,"D",325,"D",.,"A",117,"D",0,"D",.,"A",.,"A",650,"D",0,"D",.,"A",.,"A",.,"A",.,"A"
"20154","03187162",19,0,"1",780,"D",260,"D",.,"A",0,"D",0,"D",.,"A",.,"A",520,"D",150,"D",30,"D",390,"D",.,"A",.,"A"
"20154","03187172",36,0,"1",1196,"D",156,"D",13,"D",91,"D",0,"D",.,"A",.,"A",1040,"D",105,"D",.,"A",.,"A",.,"A",.,"A"
"20154","03187192",27,0,"1",13000,"D",0,"D",.,"A",780,"D",0,"D",.,"A",.,"A",13000,"D",1440,"D",50,"D",650,"D",364,"D",28,"D"
"20154","03187232",44,0,"1",1625,"D",390,"D",.,"A",988,"D",74,"F",.,"A",.,"A",1235,"D",480,"D",.,"A",.,"A",.,"A",.,"A"
"20154","03187244",38,0,"1",845,"D",520,"D",.,"A",0,"D",0,"D",.,"A",.,"A",325,"D",300,"D",.,"A",.,"A",.,"A",.,"A"
"20154","03187272",27,0,"1",1300,"D",650,"D",260,"D",65,"D",15,"D",.,"A",.,"A",650,"D",360,"D",70,"D",910,"D",.,"A",.,"A"
"20154","03187302",24,0,"1",520,"D",65,"D",.,"A",195,"D",0,"D",.,"A",.,"A",455,"D",51,"D",.,"A",.,"A",91,"D",7,"D"
"20154","03187312",10,0,"1",780,"D",130,"D",130,"D",195,"D",0,"D",.,"A",.,"A",650,"D",0,"D",.,"A",.,"A",.,"A",.,"A"
"20154","03187362",20,0,"1",585,"D",0,"D",.,"A",0,"D",0,"D",.,"A",.,"A",585,"D",600,"D",.,"A",.,"A",.,"A",.,"A"
"20154","03187372",31,0,"1",1430,"D",65,"D",.,"A",0,"D",0,"D",.,"A",.,"A",1365,"D",33,"D",.,"A",.,"A",.,"A",.,"A"
"20154","03187392",21,0,"1",585,"D",0,"D",.,"A",0,"D",0,"D",.,"A",.,"A",585,"D",0,"D",.,"A",.,"A",.,"A",.,"A"
"20154","03187402",17,0,"1",780,"D",195,"D",.,"A",195,"D",0,"D",.,"A",.,"A",585,"D",0,"D",.,"A",.,"A",.,"A",.,"A"
"20154","03187432",24,0,"1",1300,"D",130,"D",.,"A",260,"D",15,"D",.,"A",.,"A",1170,"D",15,"D",.,"A",.,"A",.,"A",.,"A"
"20154","03187442",55,0,"1",2210,"D",260,"D",.,"A",910,"D",30,"D",.,"A",91,"D",1950,"D",96,"D",.,"A",.,"A",.,"A",.,"A"
"20154","03187452",26,0,"1",1950,"D",195,"D",.,"A",520,"D",0,"D",.,"A",.,"A",1755,"D",45,"D",.,"A",.,"A",.,"A",.,"A"
"20154","03187462",21,0,"1",780,"D",130,"D",.,"A",0,"D",0,"D",.,"A",.,"A",650,"D",0,"D",40,"D",520,"D",.,"A",.,"A"
"20154","03187522",26,0,"1",1950,"D",650,"D",.,"A",520,"D",0,"D",.,"A",.,"A",1300,"D",480,"D",30,"D",390,"D",390,"D",30,"D"
"20154","03187532",30,0,"1",767,"F",.,"A",.,"A",321,"F",100,"F",.,"A",.,"A",633,"F",88,"F",.,"A",.,"A",.,"A",.,"A"
"20154","03187552",53,0,"1",2275,"D",260,"D",130,"D",650,"D",0,"D",.,"A",.,"A",2015,"D",0,"D",.,"A",.,"A",.,"A",.,"A"
"20154","03187562",29,0,"1",2600,"D",650,"D",.,"A",650,"D",0,"D",.,"A",.,"A",1950,"D",0,"D",.,"A",.,"A",.,"A",.,"A"
"20154","03187572",16,0,"1",1040,"D",130,"D",.,"A",0,"D",0,"D",.,"A",.,"A",910,"D",45,"D",15,"D",195,"D",.,"A",.,"A"
"20154","03187602",34,0,"1",1300,"D",260,"D",.,"A",0,"D",15,"D",.,"A",.,"A",1040,"D",150,"D",.,"A",.,"A",.,"A",.,"A"
"20154","03187622",24,0,"1",975,"D",130,"D",.,"A",0,"D",0,"D",.,"A",.,"A",845,"D",60,"D",.,"C",582,"F",.,"A",.,"A"
"20154","03187642",36,0,"1",1300,"D",195,"D",.,"A",0,"D",0,"D",.,"A",.,"A",1105,"D",0,"D",.,"A",.,"A",.,"A",.,"A"
"20154","03187672",30,0,"1",975,"D",325,"D",.,"A",0,"D",0,"D",.,"A",.,"A",650,"D",88,"F",.,"A",.,"A",78,"D",6,"D"
"20154","03187682",14,0,"1",1300,"D",520,"D",.,"A",1300,"D",0,"D",.,"A",.,"A",780,"D",0,"D",.,"A",.,"A",.,"A",.,"A"
"20154","03187702",24,0,"1",1300,"D",390,"D",.,"A",260,"D",0,"D",.,"A",.,"A",910,"D",120,"D",140,"D",1820,"D",.,"A",.,"A"
"20154","03187782",37,0,"1",1300,"D",260,"D",.,"A",520,"D",0,"D",.,"A",.,"A",1040,"D",0,"D",.,"A",.,"A",.,"A",.,"A"
"20154","03187802",18,0,"1",650,"D",130,"D",130,"D",0,"D",0,"D",.,"A",.,"A",520,"D",0,"D",7,"D",91,"D",.,"A",.,"A"
"20154","03187812",31,0,"1",910,"D",195,"D",.,"A",455,"D",0,"D",.,"A",.,"A",715,"D",0,"D",40,"D",520,"D",.,"A",.,"A"
"20154","03187842",42,0,"1",3250,"D",650,"D",130,"D",260,"D",0,"D",.,"A",.,"A",2600,"D",0,"D",.,"A",.,"A",.,"A",.,"A"
"20154","03187872",42,0,"1",1300,"D",195,"D",.,"A",780,"D",30,"D",.,"A",.,"A",1105,"D",150,"D",42,"D",546,"D",.,"A",.,"A"
"20154","03187902",50,0,"1",1950,"D",0,"D",.,"A",1300,"D",120,"D",.,"A",.,"A",1950,"D",120,"D",.,"A",.,"A",.,"A",.,"A"
"20154","03187922",50,0,"1",1950,"D",260,"D",.,"A",390,"D",0,"D",.,"A",.,"A",1690,"D",30,"D",.,"A",.,"A",.,"A",.,"A"
"20154","03187942",17,0,"1",130,"D",0,"D",.,"A",65,"D",0,"D",.,"A",.,"A",130,"D",0,"D",.,"A",.,"A",.,"A",.,"A"
"20154","03187952",56,0,"1",1300,"D",325,"D",.,"A",325,"D",6,"D",.,"A",.,"A",975,"D",6,"D",69,"D",897,"D",.,"A",.,"A"
"20154","03187962",10,0,"1",1560,"D",260,"D",.,"A",0,"D",0,"D",.,"A",.,"A",1300,"D",0,"D",20,"D",260,"D",.,"A",.,"A"
"20154","03187972",50,0,"1",1300,"D",195,"D",.,"A",1300,"D",0,"D",.,"A",.,"A",1105,"D",45,"D",.,"A",.,"A",.,"A",.,"A"
"20154","03187992",31,0,"1",4225,"D",520,"D",390,"D",520,"D",6,"D",.,"A",.,"A",3705,"D",6,"D",.,"A",.,"A",.,"A",.,"A"
"20154","03188002",30,0,"1",1430,"D",195,"D",195,"D",0,"D",0,"D",.,"A",.,"A",1235,"D",0,"D",.,"A",.,"A",.,"A",.,"A"
"20154","03188012",26,0,"1",1300,"D",325,"D",.,"A",2600,"D",450,"D",.,"A",.,"A",975,"D",150,"D",.,"A",.,"A",.,"A",.,"A"
"20154","03188032",25,0,"1",975,"D",195,"D",.,"A",325,"D",60,"D",.,"A",.,"A",780,"D",30,"D",.,"A",.,"A",.,"A",.,"A"
"20154","03188062",73,0,"1",1196,"D",156,"D",.,"A",1950,"D",210,"D",.,"A",.,"A",1040,"D",450,"D",13,"D",169,"D",.,"A",.,"A"
"20154","03188072",48,0,"1",3250,"D",0,"D",.,"A",650,"D",0,"D",.,"A",.,"A",3250,"D",30,"D",.,"A",.,"A",.,"A",.,"A"
"20154","03188102",25,0,"1",3250,"D",0,"D",.,"A",650,"D",45,"D",.,"A",.,"A",3250,"D",0,"D",.,"A",.,"A",.,"A",.,"A"
"20154","03188112",53,0,"1",1950,"D",650,"D",195,"D",650,"D",0,"D",.,"A",240,"D",1300,"D",0,"D",.,"A",.,"A",.,"A",.,"A"
"20154","03188132",16,0,"1",780,"D",130,"D",.,"A",0,"D",0,"D",.,"A",.,"A",650,"D",0,"D",.,"A",.,"A",.,"A",.,"A"
"20154","03188152",47,0,"1",1040,"D",0,"D",.,"A",1950,"D",30,"D",.,"A",.,"A",1040,"D",18,"D",.,"A",.,"A",.,"A",.,"A"
"20154","03188162",24,0,"1",1820,"D",520,"D",.,"A",622,"F",0,"D",.,"A",.,"A",1300,"D",0,"D",.,"C",534,"F",.,"A",.,"A"
"20154","03188212",25,0,"1",1820,"D",715,"D",.,"A",715,"D",450,"D",.,"A",.,"A",1105,"D",150,"D",.,"A",.,"A",.,"A",.,"A"
"20154","03188222",9,0,"1",780,"D",65,"D",176,"F",260,"D",0,"D",.,"A",.,"A",715,"D",0,"D",15,"D",195,"D",.,"A",.,"A"
"20154","03188232",23,0,"1",845,"D",195,"D",.,"A",0,"D",0,"D",.,"A",.,"A",650,"D",0,"D",.,"A",.,"A",.,"A",.,"A"
"20154","03188262",17,0,"1",650,"D",0,"D",.,"A",0,"D",0,"D",.,"A",.,"A",650,"D",0,"D",.,"A",.,"A",.,"A",.,"A"
"20154","03188272",42,0,"1",2271,"F",.,"A",.,"A",744,"F",139,"F",.,"A",.,"A",1879,"F",160,"F",.,"A",.,"A",.,"A",.,"A"
"20154","03188282",34,0,"1",2600,"D",1170,"D",.,"A",1300,"D",780,"D",.,"A",.,"A",1430,"D",150,"D",60,"D",780,"D",.,"A",.,"A"
"20154","03188292",47,0,"1",2600,"D",260,"D",.,"A",390,"D",0,"D",.,"A",.,"A",2340,"D",0,"D",60,"D",780,"D",.,"A",.,"A"
"20154","03188322",24,0,"1",650,"D",65,"D",.,"A",0,"D",0,"D",.,"A",.,"A",585,"D",0,"D",16,"D",208,"D",.,"A",.,"A"
"20154","03188332",37,0,"1",2600,"D",1300,"D",260,"D",0,"D",75,"D",.,"A",.,"A",1300,"D",225,"D",.,"A",.,"A",.,"A",.,"A"
"20154","03188362",51,0,"1",650,"D",0,"D",.,"A",390,"D",90,"D",.,"A",.,"A",650,"D",180,"D",.,"A",.,"A",.,"A",.,"A"
"20154","03188382",22,0,"1",2600,"D",520,"D",130,"D",0,"D",0,"D",.,"A",.,"A",2080,"D",0,"D",.,"A",.,"A",.,"A",.,"A"
"20154","03188392",28,0,"1",910,"D",212,"F",.,"A",0,"D",0,"D",.,"A",.,"A",699,"F",0,"D",.,"A",.,"A",260,"D",20,"D"
"20154","03188402",30,0,"1",1300,"D",130,"D",.,"A",0,"D",0,"D",.,"A",150,"D",1170,"D",60,"D",.,"A",.,"A",.,"A",.,"A"
"20154","03188422",24,0,"1",845,"D",130,"D",.,"A",325,"D",0,"D",.,"A",.,"A",715,"D",0,"D",.,"A",.,"A",.,"A",.,"A"
"20154","03188432",22,0,"1",936,"D",130,"D",.,"A",0,"D",0,"D",.,"A",.,"A",806,"D",0,"D",.,"A",.,"A",.,"A",.,"A"
"20154","03188475",14,0,"1",1950,"D",650,"D",.,"A",260,"D",0,"D",.,"A",.,"A",1300,"D",210,"D",.,"A",.,"A",.,"A",.,"A"
"20154","03188482",30,0,"1",780,"D",130,"D",.,"A",520,"D",0,"D",.,"A",.,"A",650,"D",0,"D",.,"A",.,"A",.,"A",.,"A"
"20154","03188492",23,0,"1",455,"D",130,"D",.,"A",260,"D",0,"D",.,"A",.,"A",325,"D",30,"D",.,"A",.,"A",.,"A",.,"A"
"20154","03188502",33,0,"1",1950,"D",910,"D",.,"A",390,"D",0,"D",.,"A",.,"A",1040,"D",0,"D",.,"A",.,"A",.,"A",.,"A"
"20154","03188512",34,0,"1",793,"D",117,"D",.,"A",208,"D",159,"D",.,"A",.,"A",676,"D",0,"D",.,"A",.,"A",.,"A",.,"A"
"20154","03188542",69,0,"1",1950,"D",65,"D",.,"A",1300,"D",0,"D",.,"A",.,"A",1885,"D",300,"D",.,"A",.,"A",325,"D",25,"D"
"20154","03188562",32,0,"1",780,"D",390,"D",.,"A",780,"D",84,"D",.,"A",.,"A",390,"D",54,"D",.,"A",.,"A",.,"A",.,"A"
"20154","03188582",59,0,"1",1950,"D",0,"D",.,"A",1300,"D",0,"D",.,"A",.,"A",1950,"D",0,"D",.,"A",.,"A",.,"A",.,"A"
"20154","03188602",35,0,"1",1950,"D",650,"D",130,"D",182,"D",75,"D",.,"A",.,"A",1300,"D",180,"D",.,"A",.,"A",.,"A",.,"A"
"20154","03188612",74,0,"1",2431,"D",156,"D",39,"D",130,"D",0,"D",.,"A",18,"D",2275,"D",0,"D",.,"A",.,"A",.,"A",.,"A"
"20154","03188632",16,0,"1",520,"D",260,"D",.,"A",0,"D",0,"D",.,"A",.,"A",260,"D",0,"D",5,"D",65,"D",.,"A",.,"A"
"20154","03188662",67,0,"1",2600,"D",260,"D",.,"A",650,"D",0,"D",.,"A",.,"A",2340,"D",60,"D",.,"A",.,"A",.,"A",.,"A"
"20154","03188682",25,0,"1",780,"D",195,"D",.,"A",0,"D",0,"D",.,"A",.,"A",585,"D",6,"D",.,"A",.,"A",.,"A",.,"A"
"20154","03188702",46,0,"1",1300,"D",130,"D",65,"D",650,"D",150,"D",.,"A",.,"A",1170,"D",45,"D",.,"A",.,"A",.,"A",.,"A"
"20154","03188752",38,0,"1",1950,"D",325,"D",260,"D",182,"D",0,"D",.,"A",.,"A",1625,"D",0,"D",.,"A",.,"A",.,"A",.,"A"
"20154","03188764",26,0,"1",390,"D",130,"D",.,"A",585,"D",300,"D",.,"A",.,"A",260,"D",60,"D",.,"A",.,"A",.,"A",.,"A"
"20154","03188782",44,0,"1",1560,"D",260,"D",.,"A",0,"D",0,"D",.,"A",.,"A",1300,"D",45,"D",.,"A",.,"A",.,"A",.,"A"
"20154","03188792",45,0,"1",650,"D",325,"D",130,"D",130,"D",0,"D",.,"A",.,"A",325,"D",0,"D",.,"A",.,"A",.,"A",.,"A"
"20154","03188812",12,0,"1",741,"D",91,"D",.,"A",0,"D",0,"D",.,"A",.,"A",650,"D",0,"D",.,"A",.,"A",.,"A",.,"A"
"20154","03188822",22,0,"1",0,"D",.,"A",.,"A",260,"D",0,"D",.,"A",.,"A",0,"D",0,"D",.,"A",.,"A",.,"A",.,"A"
"20154","03188862",43,0,"1",1560,"D",130,"D",.,"A",390,"D",0,"D",.,"A",.,"A",1430,"D",0,"D",60,"D",780,"D",.,"A",.,"A"
"20154","03188872",39,0,"1",2600,"D",650,"D",780,"D",650,"D",0,"D",.,"A",.,"A",1950,"D",90,"D",.,"A",.,"A",.,"A",.,"A"
"20154","03188882",32,0,"1",1300,"D",390,"D",.,"A",455,"D",0,"D",.,"A",.,"A",910,"D",0,"D",.,"A",.,"A",.,"A",.,"A"
"20154","03188902",30,0,"1",2925,"D",520,"D",.,"A",325,"D",0,"D",.,"A",.,"A",2405,"D",0,"D",.,"A",.,"A",.,"A",.,"A"
"20154","03188912",26,0,"1",1820,"D",260,"D",260,"D",0,"D",0,"D",.,"A",15,"D",1560,"D",0,"D",5,"D",65,"D",.,"A",.,"A"
"20154","03188922",23,0,"1",2275,"D",195,"D",.,"A",260,"D",150,"D",.,"A",.,"A",2080,"D",90,"D",.,"A",.,"A",.,"A",.,"A"
"20154","03188962",18,0,"1",1820,"D",325,"D",.,"A",0,"D",0,"D",.,"A",.,"A",1495,"D",0,"D",.,"A",.,"A",.,"A",.,"A"
"20154","03189012",21,0,"1",390,"D",195,"D",.,"A",0,"D",6,"D",.,"A",.,"A",195,"D",6,"D",.,"A",.,"A",.,"A",.,"A"
"20154","03189032",71,0,"1",1690,"D",390,"D",260,"D",260,"D",60,"D",.,"A",50,"D",1300,"D",30,"D",.,"A",.,"A",.,"A",.,"A"
"20154","03189042",43,0,"1",975,"D",195,"D",.,"A",130,"D",0,"D",.,"A",.,"A",780,"D",0,"D",.,"A",.,"A",.,"A",.,"A"
"20154","03189052",17,0,"1",2210,"D",260,"D",.,"A",780,"D",0,"D",.,"A",.,"A",1950,"D",0,"D",.,"A",.,"A",.,"A",.,"A"
"20154","03189062",21,0,"1",325,"D",0,"D",.,"A",65,"D",0,"D",.,"A",.,"A",325,"D",0,"D",.,"A",.,"A",.,"A",.,"A"
"20154","03189072",48,0,"1",2600,"D",0,"D",390,"D",520,"D",0,"D",.,"A",.,"A",2600,"D",120,"D",.,"A",.,"A",.,"A",.,"A"
"20154","03189092",18,0,"1",2210,"D",260,"D",.,"A",520,"D",0,"D",.,"A",60,"D",1950,"D",0,"D",50,"D",650,"D",.,"A",.,"A"
"20154","03189102",23,0,"1",1950,"D",650,"D",.,"A",0,"D",0,"D",.,"A",.,"A",1300,"D",0,"D",100,"D",1300,"D",.,"A",.,"A"
"20154","03189132",61,0,"1",1690,"D",390,"D",260,"D",260,"D",120,"D",.,"A",.,"A",1300,"D",72,"D",.,"A",.,"A",.,"A",.,"A"
"20154","03189142",28,0,"1",1820,"D",585,"D",.,"A",0,"D",0,"D",.,"A",.,"A",1235,"D",36,"D",35,"D",455,"D",.,"A",.,"A"
"20154","03189152",95,0,"1",5200,"D",1950,"D",.,"A",3900,"D",300,"D",.,"A",.,"A",3250,"D",180,"D",.,"A",.,"A",.,"A",.,"A"
"20154","03189172",40,0,"1",1820,"D",390,"D",.,"A",390,"D",0,"D",195,"D",.,"A",1430,"D",0,"D",.,"A",.,"A",.,"A",.,"A"
"20154","03189192",61,0,"1",3250,"D",650,"D",520,"D",650,"D",0,"D",.,"A",.,"A",2600,"D",300,"D",40,"D",520,"D",455,"D",35,"D"
"20154","03189212",20,0,"1",1300,"D",130,"D",.,"A",0,"D",0,"D",.,"A",.,"A",1170,"D",0,"D",.,"A",.,"A",.,"A",.,"A"
"20154","03189232",42,0,"1",1040,"D",130,"D",.,"A",0,"D",0,"D",.,"A",.,"A",910,"D",15,"D",.,"A",.,"A",.,"A",.,"A"
"20154","03189262",63,0,"1",1625,"D",390,"D",130,"D",975,"D",60,"D",.,"A",.,"A",1235,"D",150,"D",.,"A",.,"A",.,"A",.,"A"
"20154","03189272",22,0,"1",2600,"D",195,"D",.,"A",1950,"D",0,"D",.,"A",.,"A",2405,"D",0,"D",.,"A",.,"A",.,"A",.,"A"
"20154","03189282",8,0,"1",650,"D",0,"D",260,"D",130,"D",0,"D",.,"A",.,"A",650,"D",0,"D",.,"A",.,"A",.,"A",.,"A"
"20154","03189292",30,0,"1",3900,"D",520,"D",.,"A",195,"D",0,"D",.,"A",.,"A",3380,"D",54,"D",.,"A",.,"A",.,"A",.,"A"
"20154","03189302",18,0,"1",325,"D",0,"D",.,"A",585,"D",0,"D",.,"A",.,"A",325,"D",0,"D",.,"A",.,"A",.,"A",.,"A"
"20154","03189312",21,0,"1",975,"D",130,"D",.,"A",130,"D",0,"D",.,"A",.,"A",845,"D",0,"D",.,"A",.,"A",.,"A",.,"A"
"20154","03189332",16,0,"1",845,"D",130,"D",325,"D",585,"D",0,"D",.,"A",.,"A",715,"D",0,"D",.,"A",.,"A",.,"A",.,"A"
"20154","03189342",21,0,"1",780,"D",130,"D",.,"A",195,"D",0,"D",.,"A",.,"A",650,"D",180,"D",.,"A",.,"A",.,"A",.,"A"
"20154","03189372",28,0,"1",1950,"D",650,"D",.,"A",325,"D",0,"D",.,"A",.,"A",1300,"D",60,"D",40,"D",520,"D",.,"A",.,"A"
"20154","03189392",65,0,"1",1300,"D",260,"D",.,"A",975,"D",0,"D",.,"A",.,"A",1040,"D",105,"D",.,"A",.,"A",.,"A",.,"A"
"20154","03189402",53,0,"1",650,"D",0,"D",.,"A",325,"D",127,"F",.,"A",.,"A",650,"D",124,"F",.,"A",.,"A",.,"A",.,"A"
"20154","03189422",50,0,"1",910,"D",0,"D",.,"A",130,"D",0,"D",.,"A",.,"A",910,"D",0,"D",.,"A",.,"A",.,"A",.,"A"
"20154","03189432",24,0,"1",1560,"D",156,"D",.,"A",65,"D",0,"D",.,"A",.,"A",1404,"D",0,"D",.,"A",.,"A",208,"D",16,"D"
"20154","03189442",20,0,"1",910,"D",130,"D",.,"A",650,"D",0,"D",650,"D",560,"D",780,"D",0,"D",.,"A",.,"A",.,"A",.,"A"
"20154","03189502",23,0,"1",780,"D",0,"D",260,"D",0,"D",0,"D",.,"A",.,"A",780,"D",60,"D",.,"A",.,"A",.,"A",.,"A"
"20154","03189552",65,0,"1",1300,"D",325,"D",.,"A",975,"D",0,"D",.,"A",.,"A",975,"D",0,"D",.,"A",.,"A",.,"A",.,"A"
"20154","03189562",52,0,"1",5200,"D",1300,"D",.,"A",1300,"D",120,"D",.,"A",.,"A",3900,"D",90,"D",.,"A",.,"A",.,"A",.,"A"
"20154","03189582",35,0,"1",1560,"D",0,"D",.,"A",1040,"D",0,"D",.,"A",.,"A",1560,"D",60,"D",.,"A",.,"A",195,"D",15,"D"
"20154","03189622",39,0,"1",1950,"D",260,"D",.,"A",910,"D",0,"D",.,"A",.,"A",1690,"D",0,"D",.,"A",.,"A",.,"A",.,"A"
"20154","03189632",46,0,"1",1950,"D",260,"D",.,"A",650,"D",0,"D",.,"A",.,"A",1690,"D",0,"D",.,"A",.,"A",.,"A",.,"A"
"20154","03189672",14,0,"1",780,"D",65,"D",78,"D",156,"D",0,"D",.,"A",.,"A",715,"D",0,"D",.,"A",.,"A",91,"D",7,"D"
"20154","03189692",96,0,"1",1625,"D",130,"D",.,"A",650,"D",75,"D",.,"A",.,"A",1495,"D",600,"D",.,"A",.,"A",.,"A",.,"A"
"20154","03189712",30,0,"1",455,"D",65,"D",.,"A",1300,"D",150,"D",.,"A",.,"A",390,"D",0,"D",.,"A",.,"A",.,"A",.,"A"
"20154","03189762",23,0,"1",975,"D",195,"D",.,"A",260,"D",0,"D",.,"A",.,"A",780,"D",0,"D",.,"A",.,"A",.,"A",.,"A"
"20154","03189772",47,0,"1",650,"D",260,"D",455,"D",585,"D",0,"D",.,"A",.,"A",390,"D",0,"D",.,"A",.,"A",.,"A",.,"A"
"20154","03189792",21,0,"1",650,"D",130,"D",130,"D",0,"D",0,"D",.,"A",.,"A",520,"D",0,"D",5,"D",65,"D",.,"A",.,"A"
"20154","03189812",46,0,"1",975,"D",0,"D",.,"A",0,"D",0,"D",.,"A",.,"A",975,"D",0,"D",.,"A",.,"A",.,"A",.,"A"
"20154","03189823",24,0,"1",2470,"D",130,"D",.,"A",650,"D",0,"D",.,"A",24,"D",2340,"D",0,"D",.,"A",.,"A",.,"A",.,"A"
"20154","03189832",32,0,"1",2600,"D",0,"D",.,"A",0,"D",0,"D",.,"A",.,"A",2600,"D",360,"D",168,"D",2184,"D",.,"A",.,"A"
"20154","03189842",17,0,"1",1625,"D",520,"D",.,"A",744,"F",0,"D",.,"A",.,"A",1105,"D",0,"D",.,"A",.,"A",.,"A",.,"A"
"20154","03189852",20,0,"1",1549,"F",.,"A",.,"A",0,"D",0,"D",.,"A",.,"A",1261,"F",0,"D",.,"A",.,"A",.,"A",.,"A"
"20154","03189872",33,0,"1",975,"D",325,"D",156,"D",0,"D",150,"D",.,"A",.,"A",650,"D",300,"D",2,"D",26,"D",.,"A",.,"A"
"20154","03189892",14,0,"1",780,"D",195,"D",.,"A",0,"D",0,"D",.,"A",.,"A",585,"D",30,"D",30,"D",390,"D",.,"A",.,"A"
"20154","03189922",47,0,"1",1625,"D",650,"D",650,"D",390,"D",0,"D",.,"A",60,"D",975,"D",0,"D",.,"A",.,"A",.,"A",.,"A"
"20154","03189932",26,0,"1",845,"D",156,"D",.,"A",0,"D",0,"D",.,"A",.,"A",689,"D",0,"D",.,"A",.,"A",.,"A",.,"A"
"20154","03189952",37,0,"1",2600,"D",325,"D",.,"A",0,"D",0,"D",.,"A",120,"D",2275,"D",90,"D",.,"A",.,"A",.,"A",.,"A"
"20154","03189962",34,0,"1",1950,"D",390,"D",.,"A",520,"D",90,"D",.,"A",.,"A",1560,"D",75,"D",.,"A",.,"A",.,"A",.,"A"
"20154","03190022",26,0,"1",1560,"D",260,"D",.,"A",390,"D",0,"D",.,"A",.,"A",1300,"D",60,"D",.,"A",.,"A",.,"A",.,"A"
"20154","03190062",42,0,"1",780,"D",195,"D",.,"A",0,"D",0,"D",.,"A",.,"A",585,"D",0,"D",.,"A",.,"A",.,"A",.,"A"
"20154","03190072",16,0,"1",2600,"D",260,"D",.,"A",1300,"D",0,"D",.,"A",.,"A",2340,"D",0,"D",.,"A",.,"A",.,"A",.,"A"
"20154","03190083",19,0,"1",390,"D",65,"D",.,"A",390,"D",0,"D",.,"A",.,"A",325,"D",0,"D",.,"A",.,"A",.,"A",.,"A"
"20154","03190102",38,0,"1",975,"D",260,"D",.,"A",650,"D",0,"D",.,"A",.,"A",715,"D",0,"D",10,"D",130,"D",.,"A",.,"A"
"20154","03190122",33,0,"1",1703,"D",195,"D",.,"A",130,"D",0,"D",.,"A",.,"A",1508,"D",27,"D",.,"A",.,"A",.,"A",.,"A"
"20154","03190152",31,0,"1",1690,"D",65,"D",.,"A",780,"D",0,"D",.,"A",.,"A",1625,"D",0,"D",.,"A",.,"A",.,"A",.,"A"
"20154","03190162",39,0,"1",2600,"D",650,"D",26,"D",325,"D",0,"D",.,"A",.,"A",1950,"D",0,"D",.,"A",.,"A",.,"A",.,"A"
"20154","03190182",43,0,"1",1300,"D",260,"D",.,"A",195,"D",60,"D",.,"A",80,"D",1040,"D",90,"D",.,"A",.,"A",.,"A",.,"A"
"20154","03190192",13,0,"1",2600,"D",325,"D",.,"A",0,"D",0,"D",.,"A",.,"A",2275,"D",0,"D",.,"A",.,"A",.,"A",.,"A"
"20154","03190212",36,0,"1",1560,"D",325,"D",65,"D",1300,"D",150,"D",.,"A",.,"A",1235,"D",150,"D",.,"A",.,"A",.,"A",.,"A"
"20154","03190232",21,0,"1",325,"D",65,"D",.,"A",650,"D",0,"D",.,"A",.,"A",260,"D",0,"D",.,"A",.,"A",.,"A",.,"A"
"20154","03190242",34,0,"1",650,"D",130,"D",130,"D",260,"D",0,"D",.,"A",.,"A",520,"D",0,"D",35,"D",455,"D",.,"A",.,"A"
"20154","03190252",38,0,"1",1755,"D",0,"D",.,"A",975,"D",120,"D",.,"A",.,"A",1755,"D",300,"D",36,"D",468,"D",.,"A",.,"A"
"20154","03190282",29,0,"1",2275,"D",520,"D",.,"A",650,"D",0,"D",.,"A",.,"A",1755,"D",60,"D",.,"A",.,"A",.,"A",.,"A"
"20154","03190332",26,0,"1",910,"D",195,"D",.,"A",390,"D",150,"D",.,"A",.,"A",715,"D",30,"D",.,"A",.,"A",.,"A",.,"A"
"20154","03190352",52,0,"1",1430,"D",0,"D",.,"A",260,"D",0,"D",.,"A",150,"D",1430,"D",0,"D",70,"D",910,"D",.,"A",.,"A"
"20154","03190372",12,0,"1",780,"D",65,"D",.,"A",650,"D",0,"D",.,"A",.,"A",715,"D",0,"D",.,"A",.,"A",104,"D",8,"D"
"20154","03190392",21,0,"1",1560,"D",390,"D",.,"A",0,"D",0,"D",.,"A",.,"A",1170,"D",0,"D",.,"A",.,"A",.,"A",.,"A"
"20154","03190412",45,0,"1",325,"D",212,"F",.,"A",780,"D",0,"D",.,"A",.,"A",699,"F",0,"D",.,"A",.,"A",.,"A",.,"A"
"20154","03190432",24,0,"1",520,"D",195,"D",.,"A",0,"D",0,"D",.,"A",.,"A",325,"D",0,"D",10,"D",130,"D",.,"A",.,"A"
"20154","03190442",110,0,"1",1066,"D",65,"D",.,"A",390,"D",0,"D",.,"A",104,"D",1001,"D",60,"D",.,"A",.,"A",.,"A",.,"A"
"20154","03190452",31,0,"1",1040,"D",130,"D",.,"A",0,"D",0,"D",.,"A",.,"A",910,"D",0,"D",.,"A",.,"A",.,"A",.,"A"
"20154","03190472",21,0,"1",1300,"D",260,"D",.,"A",650,"D",0,"D",.,"A",.,"A",1040,"D",0,"D",.,"A",.,"A",.,"A",.,"A"
"20154","03190502",36,0,"1",715,"D",130,"D",.,"A",195,"D",0,"D",.,"A",.,"A",585,"D",0,"D",.,"A",.,"A",.,"A",.,"A"
"20154","03190512",19,0,"1",1625,"D",195,"D",.,"A",975,"D",0,"D",.,"A",.,"A",1430,"D",0,"D",.,"A",.,"A",.,"A",.,"A"
"20154","03190522",21,0,"1",975,"D",195,"D",.,"A",390,"D",0,"D",.,"A",.,"A",780,"D",0,"D",.,"A",.,"A",.,"A",.,"A"
"20154","03190532",21,0,"1",1950,"D",494,"D",.,"A",3900,"D",0,"D",.,"A",.,"A",1456,"D",0,"D",.,"A",.,"A",.,"A",.,"A"
"20154","03190552",44,0,"1",2600,"D",130,"D",650,"D",1300,"D",0,"D",.,"A",200,"D",2470,"D",30,"D",.,"A",.,"A",.,"A",.,"A"
"20154","03190592",67,0,"1",1235,"D",390,"D",.,"A",1170,"D",0,"D",.,"A",214,"F",845,"D",150,"D",25,"D",325,"D",.,"A",.,"A"
"20154","03190602",75,0,"1",7800,"D",2600,"D",.,"A",390,"D",0,"D",.,"A",.,"A",5200,"D",0,"D",.,"A",.,"A",.,"A",.,"A"
"20154","03190672",54,0,"1",1625,"D",195,"D",.,"A",650,"D",36,"D",.,"A",.,"A",1430,"D",30,"D",.,"A",.,"A",65,"D",5,"D"
"20154","03190683",20,0,"1",780,"D",260,"D",.,"A",260,"D",75,"D",.,"A",.,"A",520,"D",15,"D",.,"A",.,"A",.,"A",.,"A"
"20154","03190702",38,0,"1",1950,"D",130,"D",.,"A",975,"D",0,"D",.,"A",.,"A",1820,"D",360,"D",.,"A",.,"A",.,"A",.,"A"
"20154","03190712",41,0,"1",2600,"D",1300,"D",.,"A",234,"D",0,"D",.,"A",.,"A",1300,"D",0,"D",.,"A",.,"A",.,"A",.,"A"
"20154","03190762",28,0,"1",1625,"D",325,"D",.,"A",390,"D",0,"D",.,"A",70,"D",1300,"D",0,"D",.,"A",.,"A",.,"A",.,"A"
"20154","03190772",48,0,"1",2600,"D",520,"D",.,"A",650,"D",0,"D",.,"A",.,"A",2080,"D",180,"D",.,"A",.,"A",.,"A",.,"A"
"20154","03190782",33,0,"1",2080,"D",689,"D",.,"A",1950,"D",0,"D",.,"A",.,"A",1391,"D",0,"D",30,"D",390,"D",.,"A",.,"A"
"20154","03190822",23,0,"1",2600,"D",650,"D",.,"A",390,"D",0,"D",.,"A",225,"D",1950,"D",0,"D",.,"A",.,"A",.,"A",.,"A"
"20154","03190842",43,0,"1",390,"D",156,"D",130,"D",650,"D",180,"D",.,"A",.,"A",234,"D",180,"D",.,"A",.,"A",.,"A",.,"A"
"20154","03190852",22,0,"1",975,"D",195,"D",.,"A",650,"D",6,"D",.,"A",.,"A",780,"D",6,"D",.,"A",.,"A",.,"A",.,"A"
"20154","03190865",26,0,"1",1300,"D",455,"D",650,"D",169,"D",0,"D",.,"A",.,"A",845,"D",0,"D",.,"A",.,"A",.,"A",.,"A"
"20154","03190872",68,0,"1",2600,"D",650,"D",130,"D",1300,"D",0,"D",.,"A",.,"A",1950,"D",0,"D",.,"A",.,"A",.,"A",.,"A"
"20154","03190882",17,0,"1",1300,"D",260,"D",.,"A",0,"D",0,"D",.,"A",.,"A",1040,"D",0,"D",.,"A",.,"A",.,"A",.,"A"
"20154","03190892",40,0,"1",650,"D",65,"D",.,"A",130,"D",0,"D",.,"A",.,"A",585,"D",0,"D",.,"A",.,"A",.,"A",.,"A"
"20154","03190922",37,0,"1",390,"D",130,"D",.,"A",1300,"D",0,"D",.,"A",.,"A",260,"D",0,"D",.,"A",.,"A",.,"A",.,"A"
"20154","03190932",18,0,"1",650,"D",65,"D",.,"A",650,"D",0,"D",.,"A",.,"A",585,"D",0,"D",.,"A",.,"A",.,"A",.,"A"
"20154","03190942",30,0,"1",2210,"D",325,"D",.,"A",650,"D",300,"D",.,"A",.,"A",1885,"D",480,"D",15,"D",195,"D",.,"A",.,"A"
"20154","03190962",22,0,"1",260,"D",195,"D",260,"D",130,"D",0,"D",.,"A",.,"A",65,"D",0,"D",.,"A",.,"A",.,"A",.,"A"
"20154","03190972",46,0,"1",325,"D",0,"D",.,"A",364,"D",18,"D",.,"A",.,"A",325,"D",45,"D",.,"A",.,"A",.,"A",.,"A"
"20154","03191002",23,0,"1",1040,"D",156,"D",.,"A",585,"D",0,"D",.,"A",.,"A",884,"D",0,"D",.,"A",.,"A",.,"A",.,"A"
"20154","03191042",59,0,"1",1300,"D",130,"D",.,"A",585,"D",60,"D",163,"D",.,"A",1170,"D",75,"D",.,"A",.,"A",.,"A",.,"A"
"20154","03191062",39,0,"1",1300,"D",325,"D",.,"A",260,"D",0,"D",.,"A",.,"A",975,"D",0,"D",.,"A",.,"A",.,"A",.,"A"
"20154","03191072",26,0,"1",2600,"D",325,"D",.,"A",390,"D",0,"D",.,"A",.,"A",2275,"D",0,"D",.,"A",.,"A",.,"A",.,"A"
"20154","03191082",31,0,"1",520,"D",0,"D",.,"A",390,"D",45,"D",.,"A",.,"A",520,"D",90,"D",.,"A",.,"A",.,"A",.,"A"
"20154","03191092",47,0,"1",2275,"D",325,"D",.,"A",650,"D",135,"D",.,"A",.,"A",1950,"D",135,"D",61,"D",793,"D",65,"D",5,"D"
"20154","03191112",36,0,"1",1950,"D",325,"D",.,"A",650,"D",0,"D",.,"A",.,"A",1625,"D",150,"D",.,"A",.,"A",.,"A",.,"A"
"20154","03191132",61,0,"1",2600,"D",1300,"D",325,"D",325,"D",0,"D",.,"A",240,"D",1300,"D",0,"D",.,"A",.,"A",.,"A",.,"A"
"20154","03191142",23,0,"1",1560,"D",195,"D",.,"A",390,"D",0,"D",.,"A",.,"A",1365,"D",0,"D",.,"A",.,"A",.,"A",.,"A"
"20154","03191172",25,0,"1",910,"D",195,"D",.,"A",325,"D",0,"D",.,"A",.,"A",715,"D",0,"D",.,"A",.,"A",.,"A",.,"A"
"20154","03191182",14,0,"1",845,"D",52,"D",.,"A",0,"D",6,"D",.,"A",.,"A",793,"D",6,"D",.,"A",.,"A",.,"A",.,"A"
"20154","03191192",23,0,"1",325,"D",65,"D",.,"A",1300,"D",90,"D",.,"A",.,"A",260,"D",60,"D",.,"A",.,"A",.,"A",.,"A"
"20154","03191214",21,0,"1",1625,"D",130,"D",.,"A",910,"D",210,"D",.,"A",.,"A",1495,"D",210,"D",.,"A",.,"A",.,"A",.,"A"
"20154","03191222",21,0,"1",1040,"D",104,"D",.,"A",390,"D",0,"D",.,"A",.,"A",936,"D",0,"D",.,"A",.,"A",.,"A",.,"A"
"20154","03191242",13,0,"1",650,"D",130,"D",.,"A",130,"D",0,"D",.,"A",.,"A",520,"D",30,"D",50,"D",650,"D",.,"A",.,"A"
"20154","03191262",50,0,"1",2925,"D",260,"D",.,"A",520,"D",0,"D",.,"A",.,"A",2665,"D",0,"D",.,"A",.,"A",.,"A",.,"A"
"20154","03191282",25,0,"1",650,"D",130,"D",.,"A",0,"D",30,"D",.,"A",.,"A",520,"D",30,"D",35,"D",455,"D",.,"A",.,"A"
"20154","03191302",17,0,"1",975,"D",117,"D",.,"A",156,"D",0,"D",.,"A",.,"A",858,"D",60,"D",.,"A",.,"A",.,"A",.,"A"
"20154","03191332",15,0,"1",1530,"F",.,"A",130,"D",130,"D",127,"F",.,"A",.,"A",1223,"F",124,"F",0,"D",0,"D",.,"A",.,"A"
"20154","03191382",36,0,"1",1768,"D",650,"D",.,"A",130,"D",0,"D",.,"A",.,"A",1118,"D",0,"D",.,"A",.,"A",.,"A",.,"A"
"20154","03191392",33,0,"1",1950,"D",260,"D",.,"A",1170,"D",0,"D",.,"A",.,"A",1690,"D",0,"D",.,"A",.,"A",195,"D",15,"D"
"20154","03191402",44,0,"1",1261,"D",156,"D",.,"A",390,"D",90,"D",.,"A",.,"A",1105,"D",0,"D",.,"A",.,"A",.,"A",.,"A"
"20154","03191412",27,0,"1",1300,"D",650,"D",.,"A",0,"D",0,"D",.,"A",.,"A",650,"D",0,"D",.,"A",.,"A",.,"A",.,"A"
"20154","03191422",42,0,"1",1560,"D",195,"D",.,"A",1300,"D",0,"D",.,"A",5,"D",1365,"D",0,"D",.,"A",.,"A",.,"A",.,"A"
"20154","03191442",19,0,"1",390,"D",195,"D",.,"A",65,"D",0,"D",.,"A",.,"A",195,"D",0,"D",.,"A",.,"A",.,"A",.,"A"
"20154","03191462",51,0,"1",1040,"D",314,"F",91,"D",1950,"D",250,"F",.,"A",.,"A",997,"F",1200,"D",.,"A",.,"A",.,"A",.,"A"
"20154","03191502",26,0,"1",1549,"F",.,"A",.,"A",260,"D",0,"D",.,"A",.,"A",1261,"F",0,"D",.,"A",.,"A",.,"A",.,"A"
"20154","03191512",33,0,"1",260,"D",65,"D",.,"A",1040,"D",42,"D",.,"A",.,"A",195,"D",0,"D",35,"D",455,"D",.,"A",.,"A"
"20154","03191532",11,0,"1",1950,"D",650,"D",.,"A",130,"D",0,"D",.,"A",.,"A",1300,"D",0,"D",.,"A",.,"A",.,"A",.,"A"
"20154","03191542",19,0,"1",195,"D",0,"D",.,"A",0,"D",0,"D",.,"A",.,"A",195,"D",0,"D",.,"A",.,"A",.,"A",.,"A"
"20154","03191552",19,0,"1",1170,"D",104,"D",.,"A",650,"D",120,"D",.,"A",.,"A",1066,"D",360,"D",.,"A",.,"A",.,"A",.,"A"
"20154","03191562",16,0,"1",1300,"D",260,"D",260,"D",520,"D",0,"D",.,"A",.,"A",1040,"D",0,"D",.,"A",.,"A",.,"A",.,"A"
"20154","03191572",20,0,"1",650,"D",130,"D",.,"A",520,"D",0,"D",.,"A",.,"A",520,"D",0,"D",35,"D",455,"D",.,"A",.,"A"
"20154","03191612",10,0,"1",650,"D",26,"D",.,"A",0,"D",0,"D",.,"A",.,"A",624,"D",30,"D",.,"A",.,"A",78,"D",6,"D"
"20154","03191632",25,0,"1",1971,"F",.,"A",.,"A",483,"F",96,"F",.,"A",.,"A",1654,"F",68,"F",.,"C",549,"F",.,"A",.,"A"
"20154","03191642",34,0,"1",2210,"D",390,"D",.,"A",650,"D",0,"D",.,"A",.,"A",1820,"D",0,"D",.,"A",.,"A",.,"A",.,"A"
"20154","03191652",20,0,"1",1170,"D",156,"D",.,"A",0,"D",0,"D",.,"A",.,"A",1014,"D",0,"D",.,"A",.,"A",.,"A",.,"A"
"20154","03191662",33,0,"1",1950,"D",353,"F",.,"A",520,"D",30,"D",.,"A",.,"A",1261,"F",0,"D",.,"A",.,"A",.,"A",.,"A"
"20154","03191682",17,0,"1",1300,"D",289,"F",.,"A",0,"D",0,"D",.,"A",.,"A",1231,"F",0,"D",.,"A",.,"A",.,"A",.,"A"
"20154","03191692",7,0,"1",0,"D",.,"A",130,"D",0,"D",0,"D",.,"A",.,"A",0,"D",0,"D",.,"A",.,"A",.,"A",.,"A"
"20154","03191702",45,0,"1",780,"D",130,"D",375,"F",780,"D",0,"D",.,"A",.,"A",650,"D",0,"D",.,"A",.,"A",.,"A",.,"A"
"20154","03191712",46,0,"1",1300,"D",195,"D",.,"A",195,"D",0,"D",.,"A",.,"A",1105,"D",0,"D",.,"A",.,"A",.,"A",.,"A"
"20154","03191732",12,0,"1",0,"D",.,"A",.,"A",0,"D",0,"D",.,"A",.,"A",0,"D",0,"D",.,"A",.,"A",.,"A",.,"A"
"20154","03191742",29,0,"1",2600,"D",390,"D",.,"A",975,"D",0,"D",.,"A",.,"A",2210,"D",0,"D",.,"A",.,"A",.,"A",.,"A"
"20154","03191762",27,0,"1",975,"D",260,"D",130,"D",130,"D",0,"D",.,"A",.,"A",715,"D",0,"D",.,"A",.,"A",.,"A",.,"A"
"20154","03191772",46,0,"1",1625,"D",260,"D",.,"A",520,"D",0,"D",.,"A",.,"A",1365,"D",0,"D",.,"A",.,"A",.,"A",.,"A"
"20154","03191792",29,0,"1",1690,"D",0,"D",.,"A",390,"D",0,"D",.,"A",.,"A",1690,"D",36,"D",.,"A",.,"A",.,"A",.,"A"
"20154","03191842",46,0,"1",1625,"D",325,"D",.,"A",715,"D",0,"D",.,"A",.,"A",1300,"D",0,"D",.,"A",.,"A",.,"A",.,"A"
"20154","03191852",24,0,"1",1300,"D",520,"D",.,"A",390,"D",0,"D",.,"A",.,"A",780,"D",0,"D",.,"A",.,"A",325,"D",25,"D"
"20154","03191872",68,0,"1",2340,"D",390,"D",260,"D",650,"D",60,"D",.,"A",.,"A",1950,"D",240,"D",.,"A",.,"A",.,"A",.,"A"
"20154","03191882",33,0,"1",1105,"D",325,"D",.,"A",585,"D",0,"D",.,"A",.,"A",780,"D",0,"D",.,"A",.,"A",.,"A",.,"A"
"20154","03191892",32,0,"1",650,"D",130,"D",.,"A",0,"D",0,"D",.,"A",.,"A",520,"D",0,"D",.,"A",.,"A",.,"A",.,"A"
"20154","03191912",67,0,"1",2600,"D",390,"D",.,"A",1040,"D",105,"D",.,"A",.,"A",2210,"D",105,"D",.,"A",.,"A",.,"A",.,"A"
"20154","03191942",71,0,"1",3900,"D",455,"D",.,"A",1625,"D",0,"D",.,"A",360,"D",3445,"D",60,"D",.,"A",.,"A",.,"A",.,"A"
"20154","03191952",39,0,"1",1950,"D",390,"D",.,"A",780,"D",90,"D",.,"A",.,"A",1560,"D",240,"D",.,"A",.,"A",.,"A",.,"A"
"20154","03192002",58,0,"1",1625,"D",325,"D",.,"A",390,"D",0,"D",.,"A",.,"A",1300,"D",150,"D",.,"A",.,"A",.,"A",.,"A"
"20154","03192022",26,0,"1",1300,"D",130,"D",.,"A",325,"D",0,"D",.,"A",.,"A",1170,"D",0,"D",.,"A",.,"A",.,"A",.,"A"
"20154","03192032",24,0,"1",1950,"D",325,"D",.,"A",325,"D",0,"D",.,"A",.,"A",1625,"D",0,"D",.,"A",.,"A",.,"A",.,"A"
"20154","03192072",46,0,"1",1300,"D",325,"D",.,"A",195,"D",0,"D",.,"A",.,"A",975,"D",0,"D",.,"A",.,"A",.,"A",.,"A"
"20154","03192112",29,0,"1",520,"D",195,"D",.,"A",260,"D",0,"D",.,"A",.,"A",325,"D",0,"D",.,"A",.,"A",.,"A",.,"A"
"20154","03192122",21,0,"1",2600,"D",325,"D",650,"D",520,"D",0,"D",.,"A",139,"F",2275,"D",0,"D",.,"A",.,"A",.,"A",.,"A"
"20154","03192142",53,0,"1",2600,"D",650,"D",.,"A",260,"D",0,"D",.,"A",.,"A",1950,"D",0,"D",50,"D",650,"D",.,"A",.,"A"
"20154","03192162",22,0,"1",910,"D",130,"D",65,"D",1105,"D",150,"D",.,"A",.,"A",780,"D",150,"D",10,"D",130,"D",.,"A",.,"A"
"20154","03192222",14,0,"1",715,"D",130,"D",.,"A",585,"D",0,"D",.,"A",.,"A",585,"D",0,"D",.,"A",.,"A",.,"A",.,"A"
"20154","03192232",8,0,"1",650,"D",130,"D",.,"A",1040,"D",240,"D",.,"A",.,"A",520,"D",240,"D",.,"A",.,"A",.,"A",.,"A"
"20154","03192242",9,0,"1",2925,"D",325,"D",.,"A",0,"D",0,"D",.,"A",.,"A",2600,"D",60,"D",19,"D",247,"D",.,"A",.,"A"
"20154","03192262",25,0,"1",650,"D",207,"F",283,"F",0,"D",0,"D",.,"A",.,"A",723,"F",0,"D",.,"A",.,"A",.,"A",.,"A"
"20154","03192272",63,0,"1",3250,"D",0,"D",.,"A",1430,"D",0,"D",.,"A",.,"A",3250,"D",0,"D",15,"D",195,"D",.,"A",.,"A"
"20154","03192282",42,0,"1",1950,"D",325,"D",.,"A",0,"D",0,"D",.,"A",.,"A",1625,"D",0,"D",.,"A",.,"A",.,"A",.,"A"
"20154","03192292",50,0,"1",1300,"D",130,"D",.,"A",520,"D",150,"D",.,"A",.,"A",1170,"D",192,"D",35,"D",455,"D",.,"A",.,"A"
"20154","03192302",34,0,"1",2080,"D",520,"D",.,"A",650,"D",0,"D",.,"A",.,"A",1560,"D",0,"D",.,"A",.,"A",.,"A",.,"A"
"20154","03192324",31,0,"1",1300,"D",650,"D",325,"D",195,"D",0,"D",.,"A",.,"A",650,"D",90,"D",8,"D",104,"D",.,"A",.,"A"
"20154","03192352",26,0,"1",1950,"D",650,"D",.,"A",390,"D",0,"D",.,"A",.,"A",1300,"D",0,"D",.,"A",.,"A",.,"A",.,"A"
"20154","03192402",32,0,"1",1170,"D",130,"D",.,"A",1040,"D",120,"D",.,"A",.,"A",1040,"D",0,"D",.,"A",.,"A",.,"A",.,"A"
"20154","03192422",51,0,"1",1300,"D",65,"D",.,"A",130,"D",0,"D",.,"A",70,"D",1235,"D",0,"D",.,"A",.,"A",.,"A",.,"A"
"20154","03192442",65,0,"1",1014,"D",104,"D",.,"A",1625,"D",0,"D",.,"A",.,"A",910,"D",0,"D",10,"D",130,"D",.,"A",.,"A"
"20154","03192482",52,0,"1",1950,"D",260,"D",1300,"D",1300,"D",300,"D",.,"A",.,"A",1690,"D",300,"D",.,"A",.,"A",.,"A",.,"A"
"20154","03192502",43,0,"1",1300,"D",195,"D",.,"A",260,"D",0,"D",.,"A",.,"A",1105,"D",21,"D",.,"A",.,"A",.,"A",.,"A"
"20154","03192522",31,0,"1",1625,"D",325,"D",.,"A",325,"D",0,"D",.,"A",.,"A",1300,"D",0,"D",.,"A",.,"A",.,"A",.,"A"
"20154","03192542",24,0,"1",845,"D",260,"D",.,"A",975,"D",105,"D",.,"A",.,"A",585,"D",105,"D",.,"A",.,"A",.,"A",.,"A"
"20154","03192552",19,0,"1",1521,"D",520,"D",.,"A",0,"D",0,"D",.,"A",.,"A",1001,"D",60,"D",20,"D",260,"D",.,"A",.,"A"
"20154","03192572",17,0,"1",1950,"D",260,"D",2600,"D",0,"D",0,"D",.,"A",.,"A",1690,"D",223,"F",.,"A",.,"A",.,"A",.,"A"
"20154","03192592",46,0,"1",780,"D",26,"D",.,"A",650,"D",0,"D",.,"A",.,"A",754,"D",0,"D",.,"A",.,"A",.,"A",.,"A"
"20154","03192622",32,0,"1",1950,"D",260,"D",.,"A",1300,"D",0,"D",.,"A",.,"A",1690,"D",0,"D",.,"A",.,"A",.,"A",.,"A"
"20154","03192644",15,0,"1",1300,"D",130,"D",.,"A",260,"D",0,"D",.,"A",.,"A",1170,"D",0,"D",.,"A",.,"A",.,"A",.,"A"
"20154","03192672",43,0,"1",2080,"D",130,"D",.,"A",1300,"D",600,"D",.,"A",.,"A",1950,"D",300,"D",.,"A",.,"A",.,"A",.,"A"
"20154","03192692",26,0,"1",2600,"D",325,"D",325,"D",325,"D",150,"D",.,"A",.,"A",2275,"D",150,"D",.,"A",.,"A",.,"A",.,"A"
"20154","03192722",31,0,"1",650,"D",130,"D",.,"A",910,"D",0,"D",.,"A",.,"A",520,"D",0,"D",.,"A",.,"A",.,"A",.,"A"
"20154","03192742",59,0,"1",2275,"D",0,"D",.,"A",520,"D",0,"D",.,"A",.,"A",2275,"D",0,"D",.,"A",.,"A",.,"A",.,"A"
"20154","03192792",39,0,"1",650,"D",130,"D",.,"A",195,"D",0,"D",.,"A",.,"A",520,"D",6,"D",.,"A",.,"A",.,"A",.,"A"
"20154","03192802",20,0,"1",1625,"D",325,"D",.,"A",260,"D",0,"D",.,"A",.,"A",1300,"D",0,"D",50,"D",650,"D",.,"A",.,"A"
"20154","03192822",47,0,"1",975,"D",0,"D",.,"A",78,"D",0,"D",.,"A",.,"A",975,"D",0,"D",.,"A",.,"A",.,"A",.,"A"
"20154","03192832",38,0,"1",2600,"D",650,"D",.,"A",1300,"D",0,"D",.,"A",.,"A",1950,"D",0,"D",.,"A",.,"A",.,"A",.,"A"
"20154","03192862",32,0,"1",1625,"D",260,"D",.,"A",1300,"D",150,"D",.,"A",.,"A",1365,"D",75,"D",.,"A",.,"A",.,"A",.,"A"
"20154","03192882",61,0,"1",4550,"D",0,"D",.,"A",650,"D",0,"D",.,"A",200,"D",4550,"D",0,"D",.,"A",.,"A",.,"A",.,"A"
"20154","03192902",21,0,"1",780,"D",0,"D",.,"A",130,"D",0,"D",.,"A",25,"D",780,"D",0,"D",.,"A",.,"A",.,"A",.,"A"
"20154","03192912",52,0,"1",520,"D",130,"D",260,"D",195,"D",0,"D",.,"A",.,"A",390,"D",0,"D",.,"A",.,"A",.,"A",.,"A"
"20154","03192932",11,0,"1",390,"D",130,"D",130,"D",0,"D",0,"D",.,"A",.,"A",260,"D",0,"D",5,"D",65,"D",.,"A",.,"A"
"20154","03192972",44,0,"1",1950,"D",260,"D",.,"A",26,"D",0,"D",.,"A",.,"A",1690,"D",60,"D",.,"A",.,"A",.,"A",.,"A"
"20154","03193002",17,0,"1",3900,"D",390,"D",.,"A",0,"D",0,"D",.,"A",.,"A",3510,"D",0,"D",.,"A",.,"A",.,"A",.,"A"
"20154","03193042",42,0,"1",1560,"D",260,"D",.,"A",1040,"D",0,"D",.,"A",.,"A",1300,"D",0,"D",.,"A",.,"A",.,"A",.,"A"
"20154","03193052",36,0,"1",1040,"D",260,"D",.,"A",260,"D",0,"D",.,"A",.,"A",780,"D",0,"D",.,"A",.,"A",.,"A",.,"A"
"20154","03193072",29,0,"1",975,"D",130,"D",.,"A",455,"D",0,"D",.,"A",.,"A",845,"D",0,"D",.,"A",.,"A",.,"A",.,"A"
"20154","03193082",16,0,"1",650,"D",130,"D",.,"A",1040,"D",0,"D",.,"A",.,"A",520,"D",0,"D",50,"D",650,"D",.,"A",.,"A"
"20154","03193092",37,0,"1",1950,"D",260,"D",.,"A",260,"D",0,"D",.,"A",.,"A",1690,"D",0,"D",.,"A",.,"A",.,"A",.,"A"
"20154","03193102",19,0,"1",975,"D",260,"D",.,"A",260,"D",0,"D",.,"A",.,"A",715,"D",0,"D",.,"A",.,"A",.,"A",.,"A"
"20154","03193112",35,0,"1",2600,"D",1300,"D",.,"A",260,"D",0,"D",.,"A",.,"A",1300,"D",120,"D",.,"A",.,"A",.,"A",.,"A"
"20154","03193132",32,0,"1",1300,"D",325,"D",.,"A",0,"D",0,"D",210,"D",.,"A",975,"D",0,"D",.,"A",.,"A",.,"A",.,"A"
"20154","03193152",22,0,"1",975,"D",0,"D",.,"A",1300,"D",300,"D",.,"A",.,"A",975,"D",300,"D",.,"A",.,"A",.,"A",.,"A"
"20154","03193175",8,0,"1",260,"D",39,"D",.,"A",130,"D",0,"D",.,"A",.,"A",221,"D",0,"D",.,"A",.,"A",.,"A",.,"A"
"20154","03193192",17,0,"1",1950,"D",260,"D",.,"A",0,"D",0,"D",.,"A",.,"A",1690,"D",0,"D",.,"A",.,"A",.,"A",.,"A"
"20154","03193212",39,0,"1",1300,"D",195,"D",.,"A",65,"D",0,"D",.,"A",.,"A",1105,"D",0,"D",.,"A",.,"A",.,"A",.,"A"
"20154","03193222",46,0,"1",1560,"D",0,"D",.,"A",1300,"D",300,"D",.,"A",126,"D",1560,"D",150,"D",.,"A",.,"A",.,"A",.,"A"
"20154","03193235",24,0,"1",3250,"D",390,"D",650,"D",0,"D",0,"D",.,"A",.,"A",2860,"D",0,"D",.,"A",.,"A",.,"A",.,"A"
"20154","03193242",27,0,"1",1300,"D",65,"D",.,"A",130,"D",0,"D",.,"A",.,"A",1235,"D",0,"D",.,"A",.,"A",.,"A",.,"A"
"20154","03193262",48,0,"1",1950,"D",325,"D",.,"A",0,"D",0,"D",.,"A",.,"A",1625,"D",0,"D",.,"A",.,"A",.,"A",.,"A"
"20154","03193292",43,0,"1",1950,"D",0,"D",780,"D",390,"D",0,"D",.,"A",.,"A",1950,"D",0,"D",.,"A",.,"A",.,"A",.,"A"
"20154","03193312",47,0,"1",1950,"D",650,"D",.,"A",325,"D",15,"D",.,"A",.,"A",1300,"D",60,"D",.,"A",.,"A",.,"A",.,"A"
"20154","03193322",45,0,"1",390,"D",0,"D",78,"D",0,"D",0,"D",.,"A",.,"A",390,"D",60,"D",.,"A",.,"A",.,"A",.,"A"
"20154","03193332",15,0,"1",780,"D",260,"D",39,"D",52,"D",0,"D",.,"A",.,"A",520,"D",36,"D",.,"A",.,"A",.,"A",.,"A"
"20154","03193342",49,0,"1",2600,"D",325,"D",.,"A",650,"D",0,"D",.,"A",.,"A",2275,"D",30,"D",.,"A",.,"A",.,"A",.,"A"
"20154","03193382",9,0,"1",0,"D",.,"A",.,"A",0,"D",0,"D",.,"A",.,"A",0,"D",0,"D",20,"D",260,"D",.,"A",.,"A"
"20154","03193402",49,0,"1",2600,"D",325,"D",260,"D",1950,"D",150,"D",.,"A",.,"A",2275,"D",150,"D",.,"A",.,"A",.,"A",.,"A"
"20154","03193422",11,0,"1",3250,"D",325,"D",.,"A",0,"D",0,"D",.,"A",.,"A",2925,"D",0,"D",.,"A",.,"A",.,"A",.,"A"
"20154","03193432",30,0,"1",1300,"D",130,"D",.,"A",650,"D",0,"D",.,"A",.,"A",1170,"D",0,"D",.,"A",.,"A",.,"A",.,"A"
"20154","03193452",18,0,"1",325,"D",91,"D",.,"A",0,"D",0,"D",.,"A",.,"A",234,"D",0,"D",20,"D",260,"D",520,"D",40,"D"
"20154","03193472",31,0,"1",2600,"D",520,"D",.,"A",390,"D",45,"D",.,"A",.,"A",2080,"D",90,"D",.,"A",.,"A",.,"A",.,"A"
"20154","03193512",15,0,"1",975,"D",65,"D",.,"A",325,"D",0,"D",.,"A",.,"A",910,"D",0,"D",.,"A",.,"A",.,"A",.,"A"
"20154","03193522",17,0,"1",3250,"D",520,"D",.,"A",1625,"D",0,"D",.,"A",.,"A",2730,"D",0,"D",.,"A",.,"A",.,"A",.,"A"
"20154","03193572",40,0,"1",2600,"D",455,"D",.,"A",195,"D",75,"D",.,"A",.,"A",2145,"D",90,"D",.,"A",.,"A",.,"A",.,"A"
"20154","03193592",29,0,"1",650,"D",65,"D",.,"A",975,"D",0,"D",.,"A",.,"A",585,"D",0,"D",.,"A",.,"A",.,"A",.,"A"
"20154","03193632",28,0,"1",845,"D",195,"D",.,"A",195,"D",0,"D",.,"A",.,"A",650,"D",30,"D",.,"A",.,"A",.,"A",.,"A"
"20154","03193642",20,0,"1",0,"D",.,"A",195,"D",130,"D",0,"D",.,"A",.,"A",0,"D",0,"D",.,"A",.,"A",.,"A",.,"A"
"20154","03193652",40,0,"1",819,"D",335,"F",.,"A",130,"D",0,"D",.,"A",.,"A",1237,"F",0,"D",.,"A",.,"A",.,"A",.,"A"
"20154","03193672",63,0,"1",845,"D",130,"D",.,"A",520,"D",0,"D",.,"A",.,"A",715,"D",0,"D",.,"A",.,"A",.,"A",.,"A"
"20154","03193702",52,0,"1",975,"D",390,"D",.,"A",1300,"D",0,"D",.,"A",.,"A",585,"D",0,"D",.,"A",.,"A",.,"A",.,"A"
"20154","03193722",22,0,"1",1495,"D",195,"D",.,"A",455,"D",0,"D",.,"A",.,"A",1300,"D",0,"D",.,"A",.,"A",.,"A",.,"A"
"20154","03193732",72,0,"1",2704,"D",0,"D",117,"D",260,"D",0,"D",.,"A",.,"A",2704,"D",0,"D",.,"A",.,"A",.,"A",.,"A"
"20154","03193752",22,0,"1",845,"D",130,"D",260,"D",585,"D",0,"D",.,"A",.,"A",715,"D",0,"D",.,"A",.,"A",.,"A",.,"A"
"20154","03193772",46,0,"1",3250,"D",520,"D",.,"A",650,"D",0,"D",.,"A",100,"D",2730,"D",0,"D",.,"A",.,"A",.,"A",.,"A"
"20154","03193802",40,0,"1",1300,"D",130,"D",.,"A",0,"D",0,"D",.,"A",.,"A",1170,"D",0,"D",.,"A",.,"A",.,"A",.,"A"
"20154","03193812",48,0,"1",650,"D",130,"D",130,"D",260,"D",60,"D",.,"A",.,"A",520,"D",120,"D",.,"A",.,"A",.,"A",.,"A"
"20154","03193822",13,0,"1",1755,"D",455,"D",390,"D",390,"D",0,"D",.,"A",.,"A",1300,"D",0,"D",.,"A",.,"A",.,"A",.,"A"
"20154","03193832",28,0,"1",1170,"D",390,"D",.,"A",520,"D",60,"D",.,"A",.,"A",780,"D",0,"D",.,"A",.,"A",.,"A",.,"A"
"20154","03193892",59,0,"1",2600,"D",390,"D",520,"D",520,"D",120,"F",.,"A",.,"A",2210,"D",140,"F",.,"A",.,"A",.,"A",.,"A"
"20154","03193912",40,0,"1",910,"D",195,"D",.,"A",0,"D",0,"D",.,"A",.,"A",715,"D",15,"D",.,"A",.,"A",.,"A",.,"A"
"20154","03193962",27,0,"1",1300,"D",130,"D",.,"A",65,"D",0,"D",.,"A",.,"A",1170,"D",0,"D",.,"A",.,"A",364,"D",28,"D"
"20154","03193974",32,0,"1",1950,"D",520,"D",.,"A",650,"D",0,"D",.,"A",.,"A",1430,"D",60,"D",.,"A",.,"A",.,"A",.,"A"
"20154","03193982",33,0,"1",780,"D",0,"D",.,"A",650,"D",0,"D",.,"A",.,"A",780,"D",0,"D",.,"A",.,"A",.,"A",.,"A"
"20154","03193992",26,0,"1",1651,"D",351,"D",.,"A",741,"D",90,"D",.,"A",.,"A",1300,"D",60,"D",.,"A",.,"A",.,"A",.,"A"
"20154","03194002",42,0,"1",1950,"D",650,"D",.,"A",650,"D",300,"D",.,"A",.,"A",1300,"D",360,"D",.,"A",.,"A",.,"A",.,"A"
"20154","03194032",36,0,"1",1040,"D",390,"D",.,"A",650,"D",60,"D",.,"A",.,"A",650,"D",120,"D",.,"A",.,"A",.,"A",.,"A"
"20154","03194042",49,0,"1",975,"D",325,"D",.,"A",520,"D",0,"D",.,"A",.,"A",650,"D",0,"D",.,"A",.,"A",.,"A",.,"A"
"20154","03194102",38,0,"1",780,"D",195,"D",.,"A",650,"D",150,"D",.,"A",.,"A",585,"D",90,"D",.,"A",.,"A",.,"A",.,"A"
"20154","03194112",30,0,"1",650,"D",130,"D",.,"A",195,"D",0,"D",.,"A",.,"A",520,"D",0,"D",.,"A",.,"A",.,"A",.,"A"
"20154","03194142",27,0,"1",3900,"D",0,"D",.,"A",0,"D",0,"D",.,"A",.,"A",3900,"D",0,"D",35,"D",455,"D",.,"A",.,"A"
"20154","03194172",13,0,"1",2080,"D",260,"D",.,"A",260,"D",0,"D",.,"A",.,"A",1820,"D",0,"D",.,"A",.,"A",.,"A",.,"A"
"20154","03194202",17,0,"1",650,"D",65,"D",65,"D",130,"D",0,"D",.,"A",.,"A",585,"D",0,"D",.,"A",.,"A",.,"A",.,"A"
"20154","03194222",29,0,"1",3250,"D",0,"D",.,"A",650,"D",0,"D",.,"A",.,"A",3250,"D",0,"D",200,"D",2600,"D",.,"A",.,"A"
"20154","03194262",30,0,"1",975,"D",260,"D",.,"A",195,"D",45,"D",.,"A",.,"A",715,"D",195,"D",.,"A",.,"A",.,"A",.,"A"
"20154","03194272",67,0,"1",949,"D",65,"D",.,"A",286,"D",0,"D",.,"A",.,"A",884,"D",0,"D",.,"A",.,"A",.,"A",.,"A"
"20154","03194282",80,0,"1",2600,"D",0,"D",195,"D",195,"D",0,"D",.,"A",.,"A",2600,"D",0,"D",.,"A",.,"A",.,"A",.,"A"
"20154","03194292",24,0,"1",390,"D",65,"D",.,"A",260,"D",0,"D",.,"A",.,"A",325,"D",0,"D",.,"A",.,"A",.,"A",.,"A"
"20154","03194342",26,0,"1",650,"D",65,"D",.,"A",520,"D",0,"D",.,"A",.,"A",585,"D",0,"D",.,"A",.,"A",.,"A",.,"A"
"20154","03194352",21,0,"1",1625,"D",650,"D",.,"A",520,"D",0,"D",.,"A",.,"A",975,"D",0,"D",42,"D",546,"D",.,"A",.,"A"
"20154","03194362",8,0,"1",975,"D",325,"D",.,"A",0,"D",0,"D",.,"A",.,"A",650,"D",0,"D",43,"D",559,"D",.,"A",.,"A"
"20154","03194372",29,0,"1",1950,"D",650,"D",.,"A",390,"D",0,"D",.,"A",.,"A",1300,"D",60,"D",.,"A",.,"A",.,"A",.,"A"
"20154","03194392",31,0,"1",650,"D",0,"D",260,"D",260,"D",90,"D",.,"A",.,"A",650,"D",150,"D",.,"A",.,"A",.,"A",.,"A"
"20154","03194422",15,0,"1",1040,"D",390,"D",.,"A",0,"D",0,"D",.,"A",.,"A",650,"D",60,"D",.,"A",.,"A",.,"A",.,"A"
"20154","03194432",16,0,"1",1560,"D",520,"D",.,"A",520,"D",0,"D",.,"A",.,"A",1040,"D",0,"D",.,"A",.,"A",.,"A",.,"A"
"20154","03194442",22,0,"1",975,"D",195,"D",.,"A",130,"D",0,"D",.,"A",.,"A",780,"D",0,"D",.,"A",.,"A",.,"A",.,"A"
"20154","03194452",16,0,"1",780,"D",195,"D",.,"A",0,"D",0,"D",.,"A",.,"A",585,"D",0,"D",.,"A",.,"A",.,"A",.,"A"
"20154","03194482",16,0,"1",1690,"D",195,"D",.,"A",0,"D",0,"D",.,"A",.,"A",1495,"D",0,"D",.,"A",.,"A",.,"A",.,"A"
"20154","03194492",36,0,"1",910,"D",0,"D",.,"A",0,"D",0,"D",.,"A",.,"A",910,"D",0,"D",36,"D",468,"D",.,"A",.,"A"
"20154","03194522",57,0,"1",1950,"D",325,"D",.,"A",390,"D",30,"D",.,"A",.,"A",1625,"D",75,"D",.,"A",.,"A",.,"A",.,"A"
"20154","03194542",44,0,"1",975,"D",0,"D",.,"A",650,"D",0,"D",.,"A",.,"A",975,"D",75,"D",.,"A",.,"A",.,"A",.,"A"
"20154","03194552",32,0,"1",1040,"D",130,"D",.,"A",1300,"D",300,"D",.,"A",.,"A",910,"D",300,"D",.,"A",.,"A",.,"A",.,"A"
"20154","03194562",31,0,"1",1040,"D",130,"D",.,"A",0,"D",0,"D",.,"A",.,"A",910,"D",0,"D",.,"A",.,"A",.,"A",.,"A"
"20154","03194572",81,0,"1",1157,"D",104,"D",.,"A",650,"D",0,"D",.,"A",.,"A",1053,"D",90,"D",.,"A",.,"A",.,"A",.,"A"
"20154","03194612",12,0,"1",975,"D",130,"D",.,"A",26,"D",0,"D",.,"A",.,"A",845,"D",0,"D",15,"D",195,"D",.,"A",.,"A"
"20154","03194622",20,0,"1",3250,"D",195,"D",.,"A",1040,"D",0,"D",.,"A",.,"A",3055,"D",0,"D",.,"A",.,"A",.,"A",.,"A"
"20154","03194632",23,0,"1",780,"D",0,"D",.,"A",325,"D",0,"D",.,"A",.,"A",780,"D",0,"D",.,"A",.,"A",.,"A",.,"A"
"20154","03194672",18,0,"1",650,"D",130,"D",.,"A",0,"D",0,"D",.,"A",.,"A",520,"D",0,"D",.,"A",.,"A",.,"A",.,"A"
"20154","03194702",35,0,"1",2275,"D",195,"D",.,"A",0,"D",0,"D",.,"A",.,"A",2080,"D",0,"D",14,"D",182,"D",.,"A",.,"A"
"20154","03194712",9,0,"1",1300,"D",130,"D",.,"A",260,"D",0,"D",.,"A",.,"A",1170,"D",60,"D",.,"A",.,"A",.,"A",.,"A"
"20154","03194722",38,0,"1",1300,"D",130,"D",.,"A",520,"D",30,"D",.,"A",.,"A",1170,"D",21,"D",.,"A",.,"A",.,"A",.,"A"
"20154","03194742",32,0,"1",650,"D",0,"D",.,"A",0,"D",0,"D",.,"A",.,"A",650,"D",0,"D",10,"D",130,"D",.,"A",.,"A"
"20154","03194802",16,0,"1",637,"D",260,"D",.,"A",0,"D",0,"D",.,"A",.,"A",377,"D",0,"D",.,"A",.,"A",.,"A",.,"A"
"20154","03194815",17,0,"1",1560,"D",260,"D",195,"D",130,"D",0,"D",.,"A",.,"A",1300,"D",225,"D",35,"D",455,"D",.,"A",.,"A"
"20154","03194832",16,0,"1",585,"D",130,"D",.,"A",0,"D",0,"D",.,"A",.,"A",455,"D",0,"D",.,"A",.,"A",.,"A",.,"A"
"20154","03194862",26,0,"1",1950,"D",195,"D",.,"A",2600,"D",0,"D",.,"A",.,"A",1755,"D",0,"D",.,"A",.,"A",.,"A",.,"A"
"20154","03194872",47,0,"1",975,"D",104,"D",.,"A",650,"D",6,"D",.,"A",.,"A",871,"D",45,"D",.,"A",.,"A",.,"A",.,"A"
"20154","03194892",16,0,"1",1950,"D",260,"D",130,"D",260,"D",6,"D",.,"A",233,"F",1690,"D",6,"D",.,"A",.,"A",.,"A",.,"A"
"20154","03194902",48,0,"1",1950,"D",260,"D",.,"A",325,"D",6,"D",.,"A",.,"A",1690,"D",6,"D",.,"A",.,"A",.,"A",.,"A"
"20154","03194922",39,0,"1",780,"D",260,"D",.,"A",130,"D",0,"D",.,"A",184,"F",520,"D",60,"D",.,"A",.,"A",.,"A",.,"A"
"20154","03194952",43,0,"1",1131,"D",325,"D",.,"A",130,"D",0,"D",.,"A",.,"A",806,"D",24,"D",.,"A",.,"A",.,"A",.,"A"
"20154","03194972",17,0,"1",1040,"D",0,"D",.,"A",0,"D",0,"D",.,"A",.,"A",1040,"D",0,"D",.,"A",.,"A",.,"A",.,"A"
"20154","03194982",65,0,"1",1950,"D",650,"D",.,"A",390,"D",90,"D",.,"A",.,"A",1300,"D",90,"D",195,"D",2535,"D",.,"A",.,"A"
"20154","03194992",30,0,"1",4160,"D",650,"D",.,"A",0,"D",0,"D",.,"A",.,"A",3510,"D",0,"D",.,"A",.,"A",.,"A",.,"A"
"20154","03195002",18,0,"1",2470,"D",260,"D",.,"A",0,"D",6,"D",.,"A",.,"A",2210,"D",0,"D",.,"A",.,"A",.,"A",.,"A"
"20154","03195022",49,0,"1",1300,"D",260,"D",195,"D",780,"D",0,"D",.,"A",.,"A",1040,"D",0,"D",.,"A",.,"A",.,"A",.,"A"
"20154","03195032",39,0,"1",1300,"D",260,"D",.,"A",585,"D",150,"D",.,"A",.,"A",1040,"D",240,"D",.,"A",.,"A",.,"A",.,"A"
"20154","03195072",44,0,"1",650,"D",260,"D",.,"A",195,"D",0,"D",.,"A",.,"A",390,"D",0,"D",.,"A",.,"A",.,"A",.,"A"
"20154","03195092",33,0,"1",1300,"D",260,"D",13,"D",650,"D",60,"D",.,"A",.,"A",1040,"D",210,"D",40,"D",520,"D",.,"A",.,"A"
"20154","03195122",40,0,"1",1950,"D",650,"D",.,"A",390,"D",0,"D",.,"A",.,"A",1300,"D",0,"D",.,"A",.,"A",.,"A",.,"A"
"20154","03195142",30,0,"1",1300,"D",325,"D",.,"A",0,"D",0,"D",.,"A",.,"A",975,"D",0,"D",30,"D",390,"D",.,"A",.,"A"
"20154","03195152",41,0,"1",4550,"D",650,"D",.,"A",195,"D",0,"D",.,"A",.,"A",3900,"D",0,"D",.,"A",.,"A",.,"A",.,"A"
"20154","03195202",48,0,"1",1950,"D",325,"D",.,"A",390,"D",0,"D",.,"A",.,"A",1625,"D",60,"D",.,"A",.,"A",.,"A",.,"A"
"20154","03195232",26,0,"1",1625,"D",195,"D",.,"A",325,"D",0,"D",.,"A",.,"A",1430,"D",150,"D",.,"A",.,"A",.,"A",.,"A"
"20154","03195292",40,0,"1",1300,"D",260,"D",.,"A",1300,"D",0,"D",.,"A",.,"A",1040,"D",0,"D",.,"A",.,"A",.,"A",.,"A"
"20154","03195312",20,0,"1",1300,"D",117,"D",.,"A",390,"D",0,"D",.,"A",.,"A",1183,"D",0,"D",.,"A",.,"A",.,"A",.,"A"
"20154","03195332",21,0,"1",5850,"D",1950,"D",.,"A",0,"D",0,"D",.,"A",.,"A",3900,"D",0,"D",.,"A",.,"A",.,"A",.,"A"
"20154","03195342",30,0,"1",1950,"D",650,"D",.,"A",2600,"D",0,"D",.,"A",.,"A",1300,"D",60,"D",.,"A",.,"A",.,"A",.,"A"
"20154","03195352",28,0,"1",1300,"D",195,"D",.,"A",130,"D",0,"D",.,"A",.,"A",1105,"D",0,"D",.,"A",.,"A",.,"A",.,"A"
"20154","03195362",48,0,"1",1027,"D",130,"D",.,"A",273,"D",0,"D",.,"A",.,"A",897,"D",0,"D",.,"A",.,"A",.,"A",.,"A"
"20154","03195402",40,0,"1",1300,"D",325,"D",325,"D",0,"D",0,"D",.,"A",.,"A",975,"D",75,"D",40,"D",520,"D",.,"A",.,"A"
"20154","03195432",45,0,"1",1625,"D",260,"D",.,"A",1040,"D",0,"D",.,"A",100,"D",1365,"D",0,"D",.,"A",.,"A",.,"A",.,"A"
"20154","03195442",30,0,"1",1300,"D",130,"D",.,"A",1560,"D",450,"D",.,"A",.,"A",1170,"D",150,"D",.,"A",.,"A",.,"A",.,"A"
"20154","03195462",22,0,"1",3250,"D",650,"D",.,"A",715,"D",0,"D",.,"A",.,"A",2600,"D",0,"D",80,"D",1040,"D",.,"A",.,"A"
"20154","03195482",22,0,"1",1105,"D",0,"D",.,"A",1950,"D",0,"D",.,"A",.,"A",1105,"D",0,"D",.,"A",.,"A",.,"A",.,"A"
"20154","03195502",59,0,"1",1950,"D",585,"D",.,"A",325,"D",0,"D",.,"A",.,"A",1365,"D",0,"D",.,"A",.,"A",.,"A",.,"A"
"20154","03195522",12,0,"1",390,"D",65,"D",325,"D",65,"D",0,"D",.,"A",.,"A",325,"D",75,"D",.,"A",.,"A",.,"A",.,"A"
"20154","03195542",36,0,"1",1950,"D",260,"D",.,"A",520,"D",0,"D",.,"A",.,"A",1690,"D",0,"D",.,"A",.,"A",.,"A",.,"A"
"20154","03195592",79,0,"1",2600,"D",520,"D",.,"A",260,"D",0,"D",.,"A",.,"A",2080,"D",60,"D",.,"A",.,"A",78,"D",6,"D"
"20154","03195612",40,0,"1",1950,"D",325,"D",.,"A",780,"D",60,"D",.,"A",.,"A",1625,"D",75,"D",.,"A",.,"A",.,"A",.,"A"
"20154","03195622",45,0,"1",7800,"D",2340,"D",.,"A",1950,"D",0,"D",.,"A",.,"A",5460,"D",225,"D",.,"A",.,"A",.,"A",.,"A"
"20154","03206002",70,0,"1",3250,"D",650,"D",.,"A",325,"D",0,"D",.,"A",.,"A",2600,"D",0,"D",.,"A",.,"A",.,"A",.,"A"
"20154","03206012",24,0,"1",650,"D",195,"D",130,"D",0,"D",0,"D",.,"A",.,"A",455,"D",0,"D",.,"A",.,"A",.,"A",.,"A"
"20154","03206022",30,0,"1",1300,"D",130,"D",650,"D",260,"D",45,"D",.,"A",.,"A",1170,"D",150,"D",91,"D",1183,"D",.,"A",.,"A"
"20154","03206032",46,0,"1",650,"D",260,"D",.,"A",975,"D",0,"D",.,"A",.,"A",390,"D",0,"D",.,"A",.,"A",.,"A",.,"A"
"20154","03206052",25,0,"1",2600,"D",650,"D",195,"D",130,"D",0,"D",.,"A",.,"A",1950,"D",0,"D",.,"A",.,"A",.,"A",.,"A"
"20154","03206062",67,0,"1",1300,"D",0,"D",195,"D",1950,"D",150,"D",.,"A",.,"A",1300,"D",90,"D",.,"A",.,"A",.,"A",.,"A"
"20154","03206092",48,0,"1",1625,"D",325,"D",.,"A",520,"D",0,"D",.,"A",.,"A",1300,"D",60,"D",.,"A",.,"A",.,"A",.,"A"
"20154","03206102",26,0,"1",975,"D",195,"D",.,"A",195,"D",0,"D",.,"A",.,"A",780,"D",0,"D",.,"A",.,"A",.,"A",.,"A"
"20154","03206112",30,0,"1",1300,"D",353,"F",650,"D",0,"D",0,"D",.,"A",.,"A",1261,"F",0,"D",25,"D",325,"D",233,"F",.,"C"
"20154","03206122",20,0,"1",390,"D",65,"D",.,"A",520,"D",150,"D",.,"A",.,"A",325,"D",45,"D",.,"A",.,"A",.,"A",.,"A"
"20154","03206132",37,0,"1",650,"D",260,"D",.,"A",520,"D",60,"D",.,"A",.,"A",390,"D",450,"D",.,"A",.,"A",.,"A",.,"A"
"20154","03206142",12,0,"1",650,"D",0,"D",.,"A",0,"D",0,"D",.,"A",.,"A",650,"D",0,"D",22,"D",286,"D",.,"A",.,"A"
"20154","03206162",24,0,"1",1235,"D",156,"D",.,"A",299,"D",0,"D",.,"A",.,"A",1079,"D",0,"D",.,"A",.,"A",.,"A",.,"A"
"20154","03206172",30,0,"1",1300,"D",325,"D",.,"A",0,"D",0,"D",.,"A",.,"A",975,"D",0,"D",.,"A",.,"A",.,"A",.,"A"
"20154","03206192",16,0,"1",1300,"D",0,"D",.,"A",650,"D",150,"D",.,"A",.,"A",1300,"D",60,"D",.,"A",.,"A",.,"A",.,"A"
"20154","03206202",34,0,"1",1209,"D",130,"D",.,"A",325,"D",120,"D",.,"A",.,"A",1079,"D",120,"D",.,"A",.,"A",.,"A",.,"A"
"20154","03206212",21,0,"1",650,"D",0,"D",.,"A",325,"D",0,"D",.,"A",.,"A",650,"D",0,"D",.,"A",.,"A",260,"D",20,"D"
"20154","03206262",41,0,"1",2275,"D",520,"D",.,"A",1300,"D",15,"D",.,"A",.,"A",1755,"D",375,"D",.,"A",.,"A",.,"A",.,"A"
"20154","03206292",21,0,"1",1950,"D",0,"D",.,"A",1040,"D",0,"D",.,"A",.,"A",1950,"D",0,"D",.,"A",.,"A",.,"A",.,"A"
"20154","03206344",15,0,"1",325,"D",0,"D",.,"A",0,"D",0,"D",.,"A",.,"A",325,"D",0,"D",.,"A",.,"A",.,"A",.,"A"
"20154","03206362",52,0,"1",585,"D",0,"D",.,"A",260,"D",30,"D",.,"A",.,"A",585,"D",144,"D",.,"A",.,"A",.,"A",.,"A"
"20154","03206372",61,0,"1",1300,"D",325,"D",325,"D",650,"D",75,"D",.,"A",.,"A",975,"D",60,"D",.,"A",.,"A",.,"A",.,"A"
"20154","03206452",11,0,"1",715,"D",65,"D",130,"D",390,"D",600,"D",.,"A",.,"A",650,"D",180,"D",.,"A",.,"A",.,"A",.,"A"
"20154","03206472",61,0,"1",3250,"D",1300,"D",.,"A",1950,"D",150,"D",.,"A",.,"A",1950,"D",300,"D",.,"A",.,"A",.,"A",.,"A"
"20154","03206502",16,0,"1",1625,"D",325,"D",.,"A",0,"D",0,"D",.,"A",325,"D",1300,"D",0,"D",12,"D",156,"D",.,"A",.,"A"
"20154","03206512",37,0,"1",845,"D",260,"D",.,"A",845,"D",0,"D",.,"A",.,"A",585,"D",0,"D",.,"A",.,"A",.,"A",.,"A"
"20154","03206562",26,0,"1",1950,"D",419,"F",.,"A",0,"D",0,"D",.,"A",.,"A",1710,"F",0,"D",.,"A",.,"A",.,"A",.,"A"
"20154","03206652",32,0,"1",1950,"D",650,"D",.,"A",260,"D",0,"D",.,"A",.,"A",1300,"D",150,"D",45,"D",585,"D",.,"A",.,"A"
"20154","03206672",22,0,"1",1950,"D",325,"D",.,"A",1300,"D",0,"D",.,"A",.,"A",1625,"D",0,"D",40,"D",520,"D",.,"A",.,"A"
"20154","03206682",17,0,"1",1950,"D",325,"D",.,"A",130,"D",0,"D",.,"A",.,"A",1625,"D",0,"D",.,"A",.,"A",.,"A",.,"A"
"20154","03206702",44,0,"1",1300,"D",260,"D",260,"D",910,"D",90,"D",.,"A",.,"A",1040,"D",240,"D",.,"A",.,"A",.,"A",.,"A"
"20154","03206722",34,0,"1",1300,"D",260,"D",.,"A",0,"D",0,"D",.,"A",.,"A",1040,"D",0,"D",.,"A",.,"A",.,"A",.,"A"
"20154","03206732",15,0,"1",1300,"D",260,"D",.,"A",260,"D",0,"D",.,"A",.,"A",1040,"D",0,"D",.,"A",.,"A",.,"A",.,"A"
"20154","03206742",43,0,"1",1300,"D",260,"D",130,"D",325,"D",0,"D",.,"A",.,"A",1040,"D",0,"D",.,"A",.,"A",.,"A",.,"A"
"20154","03206752",32,0,"1",1040,"D",195,"D",.,"A",0,"D",0,"D",.,"A",120,"D",845,"D",60,"D",.,"A",.,"A",.,"A",.,"A"
"20154","03206772",36,0,"1",1950,"D",650,"D",.,"A",195,"D",75,"D",.,"A",.,"A",1300,"D",150,"D",.,"A",.,"A",.,"A",.,"A"
"20154","03206792",57,0,"1",2925,"D",975,"D",65,"D",520,"D",0,"D",.,"A",.,"A",1950,"D",0,"D",.,"A",.,"A",.,"A",.,"A"
"20154","03206802",44,0,"1",1950,"D",325,"D",.,"A",0,"D",0,"D",.,"A",.,"A",1625,"D",450,"D",.,"A",.,"A",.,"A",.,"A"
"20154","03206822",33,0,"1",1560,"D",130,"D",.,"A",650,"D",0,"D",.,"A",.,"A",1430,"D",0,"D",.,"A",.,"A",.,"A",.,"A"
"20154","03206832",37,0,"1",5200,"D",520,"D",.,"A",1300,"D",0,"D",.,"A",.,"A",4680,"D",0,"D",.,"A",.,"A",.,"A",.,"A"
"20154","03206872",21,0,"1",1950,"D",195,"D",.,"A",130,"D",0,"D",.,"A",.,"A",1755,"D",0,"D",.,"C",582,"F",.,"A",.,"A"
"20154","03206882",17,0,"1",390,"D",0,"D",.,"A",0,"D",0,"D",.,"A",.,"A",390,"D",0,"D",.,"A",.,"A",.,"A",.,"A"
"20154","03206892",44,0,"1",6500,"D",650,"D",.,"A",2600,"D",0,"D",.,"A",.,"A",5850,"D",0,"D",.,"A",.,"A",.,"A",.,"A"
"20154","03206912",39,0,"1",1950,"D",325,"D",.,"A",390,"D",60,"D",.,"A",120,"D",1625,"D",60,"D",.,"A",.,"A",.,"A",.,"A"
"20154","03206932",32,0,"1",1300,"D",65,"D",.,"A",325,"D",0,"D",.,"A",.,"A",1235,"D",0,"D",.,"A",.,"A",.,"A",.,"A"
"20154","03206982",28,0,"1",1300,"D",0,"D",.,"A",260,"D",0,"D",.,"A",.,"A",1300,"D",0,"D",.,"A",.,"A",.,"A",.,"A"
"20154","03207002",16,0,"1",1300,"D",130,"D",.,"A",325,"D",0,"D",.,"A",.,"A",1170,"D",6,"D",.,"A",.,"A",.,"A",.,"A"
"20154","03207022",52,0,"1",1560,"D",195,"D",65,"D",260,"D",0,"D",.,"A",.,"A",1365,"D",0,"D",47,"D",611,"D",.,"A",.,"A"
"20154","03207032",26,0,"1",2600,"D",260,"D",.,"A",1300,"D",0,"D",.,"A",.,"A",2340,"D",0,"D",.,"A",.,"A",.,"A",.,"A"
"20154","03207052",41,0,"1",2145,"D",195,"D",.,"A",169,"D",0,"D",.,"A",.,"A",1950,"D",0,"D",.,"C",629,"F",.,"A",.,"A"
"20154","03207062",21,0,"1",2600,"D",260,"D",.,"A",130,"D",0,"D",.,"A",0,"D",2340,"D",0,"D",.,"A",.,"A",.,"A",.,"A"
"20154","03207072",21,0,"1",650,"D",65,"D",.,"A",2600,"D",150,"D",.,"A",.,"A",585,"D",0,"D",.,"A",.,"A",.,"A",.,"A"
"20154","03207102",23,0,"1",1105,"D",130,"D",.,"A",0,"D",0,"D",.,"A",.,"A",975,"D",0,"D",.,"A",.,"A",.,"A",.,"A"
"20154","03207112",19,0,"1",520,"D",65,"D",.,"A",0,"D",0,"D",.,"A",.,"A",455,"D",0,"D",.,"A",.,"A",.,"A",.,"A"
"20154","03207122",34,0,"1",975,"D",195,"D",.,"A",130,"D",0,"D",.,"A",.,"A",780,"D",0,"D",.,"A",.,"A",.,"A",.,"A"
"20154","03207142",23,0,"1",1625,"D",0,"D",.,"A",0,"D",0,"D",.,"A",.,"A",1625,"D",60,"D",.,"A",.,"A",.,"A",.,"A"
"20154","03207162",35,0,"1",2600,"D",520,"D",.,"A",520,"D",120,"D",.,"A",.,"A",2080,"D",240,"D",.,"A",.,"A",.,"A",.,"A"
"20154","03207182",27,0,"1",1300,"D",260,"D",65,"D",975,"D",0,"D",.,"A",.,"A",1040,"D",0,"D",.,"A",.,"A",.,"A",.,"A"
"20154","03207192",19,0,"1",975,"D",260,"D",390,"D",520,"D",600,"D",390,"D",.,"A",715,"D",300,"D",15,"D",195,"D",.,"A",.,"A"
"20154","03207202",38,0,"1",1950,"D",520,"D",.,"A",286,"D",0,"D",.,"A",.,"A",1430,"D",0,"D",.,"A",.,"A",.,"A",.,"A"
"20154","03207212",32,0,"1",1300,"D",260,"D",.,"A",457,"F",0,"D",.,"A",.,"A",1040,"D",0,"D",.,"A",.,"A",.,"A",.,"A"
"20154","03207222",18,0,"1",910,"D",207,"F",.,"A",0,"D",0,"D",.,"A",.,"A",723,"F",0,"D",.,"A",.,"A",.,"A",.,"A"
"20154","03207232",21,0,"1",650,"D",0,"D",.,"A",0,"D",0,"D",.,"A",.,"A",650,"D",0,"D",.,"A",.,"A",.,"A",.,"A"
"20154","03207242",39,0,"1",1560,"D",351,"D",325,"D",507,"D",60,"D",.,"A",.,"A",1209,"D",150,"D",.,"A",.,"A",.,"A",.,"A"
"20154","03207262",39,0,"1",1950,"D",390,"D",.,"A",650,"D",60,"D",.,"A",.,"A",1560,"D",0,"D",.,"A",.,"A",.,"A",.,"A"
"20154","03207272",33,0,"1",1040,"D",290,"F",.,"A",0,"D",0,"D",.,"A",.,"A",1029,"F",120,"D",50,"D",650,"D",.,"A",.,"A"
"20154","03207302",44,0,"1",975,"D",130,"D",.,"A",650,"D",0,"D",.,"A",225,"D",845,"D",0,"D",150,"D",1950,"D",.,"A",.,"A"
"20154","03207332",15,0,"1",728,"D",195,"D",.,"A",0,"D",0,"D",.,"A",.,"A",533,"D",0,"D",.,"A",.,"A",.,"A",.,"A"
"20154","03207362",25,0,"1",3250,"D",390,"D",.,"A",325,"D",0,"D",.,"A",300,"D",2860,"D",0,"D",.,"A",.,"A",.,"A",.,"A"
"20154","03207382",68,0,"1",1950,"D",650,"D",.,"A",1820,"D",0,"D",.,"A",.,"A",1300,"D",0,"D",.,"A",.,"A",.,"A",.,"A"
"20154","03207402",36,0,"1",2600,"D",390,"D",.,"A",2600,"D",0,"D",.,"A",60,"D",2210,"D",300,"D",.,"A",.,"A",.,"A",.,"A"
"20154","03207442",16,0,"1",975,"D",260,"D",.,"A",0,"D",0,"D",.,"A",.,"A",715,"D",0,"D",.,"A",.,"A",.,"A",.,"A"
"20154","03207452",29,0,"1",1560,"D",260,"D",.,"A",520,"D",0,"D",.,"A",.,"A",1300,"D",0,"D",.,"A",.,"A",.,"A",.,"A"
"20154","03207492",27,0,"1",975,"D",260,"D",.,"A",0,"D",6,"D",.,"A",.,"A",715,"D",6,"D",.,"A",.,"A",.,"A",.,"A"
"20154","03207514",22,0,"1",1170,"D",390,"D",.,"A",104,"D",0,"D",.,"A",.,"A",780,"D",75,"D",8,"D",104,"D",.,"A",.,"A"
"20154","03207572",40,0,"1",1950,"D",260,"D",.,"A",650,"D",0,"D",.,"A",.,"A",1690,"D",0,"D",.,"A",.,"A",.,"A",.,"A"
"20154","03207592",21,0,"1",2054,"D",65,"D",.,"A",0,"D",0,"D",.,"A",.,"A",1989,"D",0,"D",.,"A",.,"A",.,"A",.,"A"
"20154","03207612",33,0,"1",1950,"D",260,"D",.,"A",650,"D",0,"D",.,"A",2000,"D",1690,"D",60,"D",.,"A",.,"A",.,"A",.,"A"
"20154","03207692",22,0,"1",650,"D",130,"D",.,"A",1300,"D",0,"D",.,"A",.,"A",520,"D",0,"D",.,"A",.,"A",.,"A",.,"A"
"20154","03207712",28,0,"1",1495,"D",195,"D",.,"A",195,"D",0,"D",.,"A",.,"A",1300,"D",30,"D",20,"D",260,"D",.,"A",.,"A"
"20154","03207732",23,0,"1",520,"D",91,"D",130,"D",260,"D",0,"D",.,"A",.,"A",429,"D",0,"D",.,"A",.,"A",.,"A",.,"A"
"20154","03207742",15,0,"1",1300,"D",260,"D",.,"A",260,"D",0,"D",.,"A",.,"A",1040,"D",0,"D",30,"D",390,"D",.,"A",.,"A"
"20154","03207752",33,0,"1",1040,"D",260,"D",.,"A",650,"D",600,"D",.,"A",.,"A",780,"D",180,"D",.,"A",.,"A",.,"A",.,"A"
"20154","03207822",56,0,"1",1300,"D",520,"D",.,"A",650,"D",240,"D",.,"A",.,"A",780,"D",120,"D",.,"A",.,"A",.,"A",.,"A"
"20154","03207832",23,0,"1",884,"D",156,"D",78,"D",0,"D",0,"D",.,"A",.,"A",728,"D",0,"D",.,"A",.,"A",.,"A",.,"A"
"20154","03207842",13,0,"1",2600,"D",471,"F",.,"A",744,"F",0,"D",.,"A",.,"A",1879,"F",0,"D",.,"A",.,"A",.,"A",.,"A"
"20154","03207862",30,0,"1",689,"D",39,"D",.,"A",0,"D",0,"D",.,"A",.,"A",650,"D",0,"D",.,"A",.,"A",.,"A",.,"A"
"20154","03207872",23,0,"1",429,"D",39,"D",.,"A",0,"D",0,"D",.,"A",.,"A",390,"D",0,"D",.,"A",.,"A",.,"A",.,"A"
"20154","03207892",24,0,"1",3900,"D",0,"D",.,"A",650,"D",0,"D",.,"A",.,"A",3900,"D",0,"D",20,"D",260,"D",.,"A",.,"A"
"20154","03207922",28,0,"1",650,"D",130,"D",65,"D",650,"D",0,"D",.,"A",.,"A",520,"D",150,"D",.,"A",.,"A",.,"A",.,"A"
"20154","03207935",21,0,"1",780,"D",260,"D",.,"A",130,"D",60,"D",.,"A",.,"A",520,"D",60,"D",.,"A",.,"A",.,"A",.,"A"
"20154","03207952",52,0,"1",2600,"D",390,"D",.,"A",65,"D",0,"D",.,"A",250,"D",2210,"D",120,"D",.,"A",.,"A",.,"A",.,"A"
"20154","03207962",59,0,"1",1950,"D",260,"D",.,"A",130,"D",0,"D",.,"A",.,"A",1690,"D",60,"D",.,"A",.,"A",.,"A",.,"A"
"20154","03207992",32,0,"1",650,"D",0,"D",.,"A",650,"D",6,"D",.,"A",.,"A",650,"D",6,"D",.,"A",.,"A",.,"A",.,"A"
"20154","03208034",62,0,"1",1950,"D",975,"D",39,"D",195,"D",0,"D",.,"A",72,"D",975,"D",0,"D",.,"A",.,"A",.,"A",.,"A"
"20154","03208052",35,0,"1",1560,"D",780,"D",.,"A",2210,"D",0,"D",.,"A",.,"A",780,"D",0,"D",.,"A",.,"A",.,"A",.,"A"
"20154","03208062",45,0,"1",2271,"F",.,"A",.,"A",744,"F",139,"F",.,"A",.,"A",1879,"F",160,"F",.,"A",.,"A",.,"A",.,"A"
"20154","03208082",28,0,"1",1560,"D",195,"D",195,"D",1300,"D",0,"D",.,"A",30,"D",1365,"D",600,"D",.,"A",.,"A",65,"D",5,"D"
"20154","03208102",38,0,"1",1950,"D",390,"D",.,"A",1105,"D",0,"D",.,"A",.,"A",1560,"D",210,"D",.,"A",.,"A",.,"A",.,"A"
"20154","03208112",39,0,"1",2340,"D",325,"D",.,"A",650,"D",0,"D",.,"A",214,"F",2015,"D",0,"D",.,"A",.,"A",.,"A",.,"A"
"20154","03208122",39,0,"1",3900,"D",975,"D",.,"A",0,"D",0,"D",.,"A",.,"A",2925,"D",300,"D",.,"A",.,"A",.,"A",.,"A"
"20154","03208142",24,0,"1",910,"D",130,"D",.,"A",0,"D",0,"D",.,"A",.,"A",780,"D",0,"D",.,"A",.,"A",.,"A",.,"A"
"20154","03208152",21,0,"1",767,"F",.,"A",.,"A",0,"D",0,"D",.,"A",.,"A",633,"F",0,"D",.,"A",.,"A",.,"A",.,"A"
"20154","03208162",48,0,"1",1625,"D",169,"D",65,"D",650,"D",0,"D",.,"A",.,"A",1456,"D",0,"D",.,"A",.,"A",.,"A",.,"A"
"20154","03208172",42,0,"1",1950,"D",520,"D",.,"A",1300,"D",300,"D",.,"A",.,"A",1430,"D",300,"D",.,"A",.,"A",.,"A",.,"A"
"20154","03208214",25,0,"1",2065,"F",.,"A",.,"A",749,"F",139,"F",.,"A",274,"F",1741,"F",0,"D",.,"A",.,"A",.,"A",.,"A"
"20154","03208222",71,0,"1",1950,"D",260,"D",260,"D",520,"D",0,"D",.,"A",175,"D",1690,"D",0,"D",.,"A",.,"A",.,"A",.,"A"
"20154","03208233",32,0,"1",1503,"F",.,"A",.,"A",0,"D",0,"D",.,"A",.,"A",1164,"F",0,"D",.,"A",.,"A",.,"A",.,"A"
"20154","03208242",47,0,"1",1690,"D",325,"D",.,"A",520,"D",0,"D",.,"A",.,"A",1365,"D",15,"D",25,"D",325,"D",.,"A",.,"A"
"20154","03208282",30,0,"1",650,"D",13,"D",.,"A",260,"D",0,"D",.,"A",.,"A",637,"D",0,"D",15,"D",195,"D",.,"A",.,"A"
"20154","03208302",39,0,"1",1560,"D",260,"D",.,"A",1300,"D",360,"D",.,"A",.,"A",1300,"D",180,"D",.,"A",.,"A",.,"A",.,"A"
"20154","03208362",46,0,"1",2600,"D",390,"D",.,"A",546,"D",0,"D",.,"A",.,"A",2210,"D",0,"D",.,"A",.,"A",.,"A",.,"A"
"20154","03208392",20,0,"1",845,"D",65,"D",.,"A",0,"D",0,"D",.,"A",.,"A",780,"D",12,"D",.,"A",.,"A",.,"A",.,"A"
"20154","03208422",29,0,"1",1950,"D",390,"D",.,"A",260,"D",0,"D",.,"A",.,"A",1560,"D",0,"D",.,"A",.,"A",.,"A",.,"A"
"20154","03208492",40,0,"1",3250,"D",650,"D",1300,"D",1300,"D",0,"D",.,"A",.,"A",2600,"D",600,"D",.,"A",.,"A",.,"A",.,"A"
"20154","03208522",43,0,"1",1950,"D",390,"D",.,"A",260,"D",0,"D",.,"A",174,"D",1560,"D",0,"D",.,"A",.,"A",.,"A",.,"A"
"20154","03208532",11,0,"1",2340,"D",0,"D",.,"A",0,"D",0,"D",.,"A",.,"A",2340,"D",0,"D",.,"A",.,"A",.,"A",.,"A"
"20154","03208542",22,0,"1",1040,"D",130,"D",.,"A",910,"D",0,"D",.,"A",.,"A",910,"D",0,"D",.,"A",.,"A",.,"A",.,"A"
"20154","03208552",37,0,"1",1560,"D",195,"D",.,"A",780,"D",0,"D",.,"A",.,"A",1365,"D",60,"D",.,"A",.,"A",.,"A",.,"A"
"20154","03208562",16,0,"1",780,"D",0,"D",.,"A",0,"D",0,"D",.,"A",.,"A",780,"D",0,"D",.,"A",.,"A",.,"A",.,"A"
"20154","03208572",17,0,"1",3250,"D",353,"F",.,"A",870,"F",0,"D",.,"A",.,"A",1261,"F",0,"D",.,"A",.,"A",.,"A",.,"A"
"20154","03208592",58,0,"1",2600,"D",195,"D",.,"A",2600,"D",60,"D",.,"A",.,"A",2405,"D",60,"D",.,"A",.,"A",.,"A",.,"A"
"20154","03208622",23,0,"1",3250,"D",390,"D",.,"A",0,"D",0,"D",.,"A",.,"A",2860,"D",90,"D",.,"A",.,"A",.,"A",.,"A"
"20154","03208652",38,0,"1",1300,"D",325,"D",.,"A",780,"D",0,"D",.,"A",.,"A",975,"D",120,"D",.,"A",.,"A",.,"A",.,"A"
"20154","03208672",37,0,"1",1300,"D",520,"D",260,"D",650,"D",0,"D",.,"A",.,"A",780,"D",0,"D",.,"A",.,"A",.,"A",.,"A"
"20154","03208702",34,0,"1",1950,"D",260,"D",.,"A",455,"D",15,"D",.,"A",240,"D",1690,"D",180,"D",15,"D",195,"D",.,"A",.,"A"
"20154","03208712",57,0,"1",2873,"D",130,"D",.,"A",624,"D",0,"D",.,"A",.,"A",2743,"D",45,"D",.,"A",.,"A",.,"A",.,"A"
"20154","03208732",40,0,"1",1950,"D",390,"D",.,"A",1040,"D",0,"D",.,"A",450,"D",1560,"D",135,"D",.,"A",.,"A",.,"A",.,"A"
"20154","03208742",73,0,"1",1300,"D",65,"D",.,"A",520,"D",60,"D",.,"A",180,"D",1235,"D",60,"D",.,"A",.,"A",.,"A",.,"A"
"20154","03208752",77,0,"1",2600,"D",260,"D",.,"A",156,"D",120,"D",.,"A",100,"D",2340,"D",45,"D",.,"A",.,"A",.,"A",.,"A"
"20154","03208762",27,0,"1",975,"D",260,"D",.,"A",195,"D",0,"D",.,"A",.,"A",715,"D",0,"D",.,"A",.,"A",.,"A",.,"A"
"20154","03208782",42,0,"1",3250,"D",325,"D",.,"A",455,"D",90,"D",.,"A",.,"A",2925,"D",600,"D",.,"A",.,"A",.,"A",.,"A"
"20154","03208812",28,0,"1",1300,"D",513,"F",.,"A",780,"D",75,"D",.,"A",.,"A",2230,"F",150,"D",.,"A",.,"A",.,"A",.,"A"
"20154","03208835",31,0,"1",1950,"D",260,"D",.,"A",975,"D",60,"D",.,"A",.,"A",1690,"D",450,"D",.,"A",.,"A",.,"A",.,"A"
"20154","03208842",21,0,"1",325,"D",39,"D",.,"A",325,"D",12,"D",.,"A",.,"A",286,"D",0,"D",.,"A",.,"A",.,"A",.,"A"
"20154","03208862",18,0,"1",2600,"D",520,"D",.,"A",520,"D",150,"D",.,"A",.,"A",2080,"D",240,"D",42,"D",546,"D",.,"A",.,"A"
"20154","03208882",23,0,"1",1040,"D",130,"D",.,"A",390,"D",0,"D",.,"A",.,"A",910,"D",0,"D",.,"A",.,"A",.,"A",.,"A"
"20154","03208892",6,0,"1",390,"D",39,"D",39,"D",0,"D",0,"D",.,"A",.,"A",351,"D",0,"D",.,"A",.,"A",.,"A",.,"A"
"20154","03208922",19,0,"1",715,"D",195,"D",325,"D",650,"D",0,"D",.,"A",.,"A",520,"D",0,"D",.,"A",.,"A",.,"A",.,"A"
"20154","03208932",50,0,"1",1300,"D",390,"D",.,"A",650,"D",600,"D",.,"A",.,"A",910,"D",300,"D",.,"A",.,"A",.,"A",.,"A"
"20154","03208942",23,0,"1",26,"D",13,"D",.,"A",13,"D",0,"D",.,"A",.,"A",13,"D",0,"D",.,"A",.,"A",.,"A",.,"A"
"20154","03208952",41,0,"1",390,"D",0,"D",.,"A",325,"D",0,"D",.,"A",.,"A",390,"D",0,"D",24,"D",312,"D",.,"A",.,"A"
"20154","03208972",26,0,"1",1560,"D",520,"D",.,"A",0,"D",0,"D",.,"A",.,"A",1040,"D",0,"D",.,"A",.,"A",.,"A",.,"A"
"20154","03208992",15,0,"1",1625,"D",1040,"D",.,"A",195,"D",0,"D",.,"A",.,"A",585,"D",0,"D",.,"A",.,"A",.,"A",.,"A"
"20154","03209042",42,0,"1",2600,"D",0,"D",.,"A",520,"D",0,"D",.,"A",48,"D",2600,"D",0,"D",.,"A",.,"A",.,"A",.,"A"
"20154","03209072",23,0,"1",975,"D",130,"D",195,"D",260,"D",0,"D",.,"A",.,"A",845,"D",240,"D",100,"D",1300,"D",130,"D",10,"D"
"20154","03209082",20,0,"1",1300,"D",65,"D",.,"A",0,"D",0,"D",.,"A",.,"A",1235,"D",0,"D",.,"A",.,"A",.,"A",.,"A"
"20154","03209092",54,0,"1",2119,"D",650,"D",.,"A",715,"D",27,"D",.,"A",.,"A",1469,"D",0,"D",.,"A",.,"A",.,"A",.,"A"
"20154","03209102",38,0,"1",3250,"D",650,"D",520,"D",130,"D",0,"D",.,"A",259,"D",2600,"D",0,"D",.,"A",.,"A",.,"A",.,"A"
"20154","03209112",53,0,"1",2600,"D",260,"D",260,"D",325,"D",12,"D",.,"A",.,"A",2340,"D",0,"D",.,"A",.,"A",.,"A",.,"A"
"20154","03209122",81,0,"1",1625,"D",585,"D",325,"D",650,"D",90,"D",.,"A",.,"A",1040,"D",150,"D",42,"D",546,"D",39,"D",3,"D"
"20154","03209143",11,0,"1",286,"D",65,"D",.,"A",0,"D",0,"D",.,"A",.,"A",221,"D",0,"D",.,"C",297,"F",.,"A",.,"A"
"20154","03209162",30,0,"1",2925,"D",325,"D",.,"A",520,"D",0,"D",.,"A",520,"D",2600,"D",0,"D",.,"A",.,"A",.,"A",.,"A"
"20154","03209172",40,0,"1",1300,"D",650,"D",.,"A",650,"D",0,"D",.,"A",.,"A",650,"D",0,"D",.,"A",.,"A",.,"A",.,"A"
"20154","03209182",28,0,"1",1560,"D",353,"F",339,"F",0,"D",0,"D",.,"A",.,"A",1261,"F",42,"D",.,"A",.,"A",.,"A",.,"A"
"20154","03209192",54,0,"1",1625,"D",520,"D",.,"A",650,"D",0,"D",.,"A",660,"D",1105,"D",0,"D",.,"A",.,"A",.,"A",.,"A"
"20154","03209202",17,0,"1",650,"D",130,"D",.,"A",0,"D",0,"D",.,"A",.,"A",520,"D",30,"D",.,"A",.,"A",.,"A",.,"A"
"20154","03209222",23,0,"1",975,"D",325,"D",.,"A",0,"D",0,"D",.,"A",.,"A",650,"D",0,"D",.,"A",.,"A",.,"A",.,"A"
"20154","03209232",26,0,"1",1869,"F",.,"A",.,"A",0,"D",0,"D",.,"A",.,"A",1464,"F",0,"D",.,"A",.,"A",.,"A",.,"A"
"20154","03209242",28,0,"1",1456,"D",520,"D",325,"D",0,"D",0,"D",.,"A",90,"D",936,"D",60,"D",75,"D",975,"D",.,"A",.,"A"
"20154","03209282",31,0,"1",780,"D",130,"D",.,"A",260,"D",0,"D",.,"A",.,"A",650,"D",0,"D",.,"A",.,"A",.,"A",.,"A"
"20154","03209292",23,0,"1",650,"D",130,"D",.,"A",650,"D",0,"D",.,"A",.,"A",520,"D",0,"D",.,"A",.,"A",.,"A",.,"A"
"20154","03209332",17,0,"1",1950,"D",195,"D",.,"A",0,"D",0,"D",.,"A",200,"D",1755,"D",0,"D",.,"A",.,"A",.,"A",.,"A"
"20154","03209342",63,0,"1",1222,"D",0,"D",.,"A",143,"D",0,"D",.,"A",.,"A",1222,"D",0,"D",.,"A",.,"A",.,"A",.,"A"
"20154","03209352",27,0,"1",130,"D",0,"D",276,"F",780,"D",30,"D",.,"A",.,"A",130,"D",6,"D",.,"A",.,"A",.,"A",.,"A"
"20154","03209392",55,0,"1",780,"D",65,"D",.,"A",1950,"D",360,"D",.,"A",.,"A",715,"D",90,"D",.,"A",.,"A",.,"A",.,"A"
"20154","03209433",46,0,"1",1950,"D",650,"D",.,"A",520,"D",15,"D",.,"A",.,"A",1300,"D",0,"D",.,"A",.,"A",.,"A",.,"A"
"20154","03209452",38,0,"1",1690,"D",390,"D",.,"A",845,"D",0,"D",.,"A",.,"A",1300,"D",0,"D",.,"A",.,"A",.,"A",.,"A"
"20154","03209472",31,0,"1",975,"D",65,"D",.,"A",260,"D",0,"D",.,"A",.,"A",910,"D",0,"D",.,"A",.,"A",130,"D",10,"D"
"20154","03209492",31,0,"1",3250,"D",520,"D",.,"A",2600,"D",0,"D",.,"A",.,"A",2730,"D",0,"D",.,"A",.,"A",.,"A",.,"A"
"20154","03209524",45,0,"1",1040,"D",325,"D",.,"A",325,"D",180,"D",.,"A",.,"A",715,"D",120,"D",.,"A",.,"A",.,"A",.,"A"
"20154","03209532",32,0,"1",2340,"D",455,"D",.,"A",1300,"D",0,"D",.,"A",.,"A",1885,"D",90,"D",.,"A",.,"A",.,"A",.,"A"
"20154","03209552",17,0,"1",520,"D",130,"D",.,"A",516,"F",110,"F",.,"A",.,"A",390,"D",97,"F",.,"A",.,"A",.,"A",.,"A"
"20154","03209582",14,0,"1",585,"D",65,"D",.,"A",0,"D",0,"D",.,"A",.,"A",520,"D",0,"D",.,"A",.,"A",.,"A",.,"A"
"20154","03209592",49,0,"1",2600,"D",325,"D",.,"A",325,"D",0,"D",.,"A",20,"D",2275,"D",0,"D",.,"A",.,"A",.,"A",.,"A"
"20154","03209612",28,0,"1",325,"D",26,"D",.,"A",0,"D",0,"D",.,"A",.,"A",299,"D",0,"D",.,"A",.,"A",.,"A",.,"A"
"20154","03209622",15,0,"1",1300,"D",26,"D",.,"A",780,"D",0,"D",.,"A",.,"A",1274,"D",0,"D",.,"A",.,"A",.,"A",.,"A"
"20154","03209652",28,0,"1",2600,"D",260,"D",.,"A",455,"D",0,"D",.,"A",.,"A",2340,"D",150,"D",.,"A",.,"A",.,"A",.,"A"
"20154","03209692",26,0,"1",390,"D",195,"D",.,"A",390,"D",0,"D",.,"A",.,"A",195,"D",0,"D",5,"D",65,"D",.,"A",.,"A"
"20154","03209702",41,0,"1",1300,"D",260,"D",.,"A",520,"D",300,"D",.,"A",.,"A",1040,"D",120,"D",.,"A",.,"A",.,"A",.,"A"
"20154","03209712",43,0,"1",650,"D",65,"D",130,"D",65,"D",0,"D",.,"A",.,"A",585,"D",0,"D",.,"A",.,"A",.,"A",.,"A"
"20154","03209722",61,0,"1",13000,"D",2600,"D",.,"A",390,"D",0,"D",.,"A",.,"A",10400,"D",0,"D",.,"A",.,"A",.,"A",.,"A"
"20154","03209752",15,0,"1",0,"D",.,"A",.,"A",0,"D",0,"D",.,"A",.,"A",0,"D",0,"D",.,"A",.,"A",.,"A",.,"A"
"20154","03209762",41,0,"1",2275,"D",260,"D",.,"A",0,"D",0,"D",.,"A",.,"A",2015,"D",0,"D",15,"D",195,"D",.,"A",.,"A"
"20154","03209772",18,0,"1",910,"D",195,"D",.,"A",390,"D",0,"D",.,"A",.,"A",715,"D",0,"D",.,"A",.,"A",.,"A",.,"A"
"20154","03209792",15,0,"1",130,"D",0,"D",.,"A",0,"D",0,"D",.,"A",.,"A",130,"D",150,"D",.,"A",.,"A",.,"A",.,"A"
"20154","03209802",22,0,"1",1430,"D",130,"D",.,"A",260,"D",0,"D",.,"A",.,"A",1300,"D",0,"D",.,"A",.,"A",.,"A",.,"A"
"20154","03209812",72,0,"1",2275,"D",325,"D",.,"A",1040,"D",0,"D",.,"A",.,"A",1950,"D",0,"D",.,"A",.,"A",.,"A",.,"A"
"20154","03209822",38,0,"1",1040,"D",520,"D",.,"A",650,"D",60,"D",.,"A",240,"D",520,"D",0,"D",.,"A",.,"A",.,"A",.,"A"
"20154","03209832",74,0,"1",2600,"D",0,"D",.,"A",0,"D",0,"D",.,"A",.,"A",2600,"D",600,"D",.,"A",.,"A",.,"A",.,"A"
"20154","03209872",51,0,"1",2925,"D",975,"D",.,"A",1950,"D",0,"D",.,"A",.,"A",1950,"D",600,"D",65,"D",845,"D",.,"A",.,"A"
"20154","03209882",21,0,"1",975,"D",195,"D",.,"A",195,"D",0,"D",.,"A",.,"A",780,"D",45,"D",.,"A",.,"A",.,"A",.,"A"
"20154","03209905",27,0,"1",1950,"D",390,"D",.,"A",1300,"D",0,"D",.,"A",.,"A",1560,"D",150,"D",50,"D",650,"D",.,"A",.,"A"
"20154","03209912",28,0,"1",754,"D",195,"D",.,"A",520,"D",90,"D",.,"A",.,"A",559,"D",285,"D",25,"D",325,"D",.,"A",.,"A"
"20154","03209952",35,0,"1",1560,"D",260,"D",.,"A",520,"D",0,"D",.,"A",.,"A",1300,"D",0,"D",.,"A",.,"A",.,"A",.,"A"
"20154","03209982",53,0,"1",650,"D",0,"D",.,"A",1560,"D",210,"D",.,"A",.,"A",650,"D",105,"D",.,"A",.,"A",910,"D",70,"D"
"20154","03210002",66,0,"1",1820,"D",260,"D",.,"A",520,"D",180,"D",.,"A",.,"A",1560,"D",75,"D",.,"A",.,"A",91,"D",7,"D"
"20154","03210012",46,0,"1",1300,"D",260,"D",.,"A",650,"D",0,"D",.,"A",.,"A",1040,"D",0,"D",.,"A",.,"A",.,"A",.,"A"
"20154","03210022",11,0,"1",1300,"D",390,"D",1300,"D",0,"D",60,"D",.,"A",.,"A",910,"D",90,"D",.,"A",.,"A",.,"A",.,"A"
"20154","03210032",58,0,"1",1300,"D",130,"D",.,"A",650,"D",75,"D",.,"A",.,"A",1170,"D",60,"D",.,"A",.,"A",.,"A",.,"A"
"20154","03210042",18,0,"1",1950,"D",324,"F",.,"A",535,"F",0,"D",.,"A",.,"A",1152,"F",0,"D",.,"A",.,"A",.,"A",.,"A"
"20154","03210072",44,0,"1",780,"D",65,"D",.,"A",650,"D",0,"D",.,"A",.,"A",715,"D",0,"D",.,"A",.,"A",.,"A",.,"A"
"20154","03210082",35,0,"1",780,"D",130,"D",.,"A",390,"D",0,"D",.,"A",.,"A",650,"D",0,"D",.,"A",.,"A",.,"A",.,"A"
"20154","03210092",47,0,"1",6500,"D",1950,"D",650,"D",3250,"D",0,"D",.,"A",.,"A",4550,"D",0,"D",.,"A",.,"A",.,"A",.,"A"
"20154","03210102",19,0,"1",780,"D",260,"D",.,"A",260,"D",0,"D",.,"A",.,"A",520,"D",0,"D",25,"D",325,"D",.,"A",.,"A"
"20154","03210112",46,0,"1",1950,"D",260,"D",.,"A",390,"D",0,"D",.,"A",.,"A",1690,"D",0,"D",.,"A",.,"A",.,"A",.,"A"
"20154","03210152",25,0,"1",650,"D",0,"D",.,"A",0,"D",0,"D",.,"A",.,"A",650,"D",0,"D",30,"D",390,"D",.,"A",.,"A"
"20154","03210172",14,0,"1",520,"D",65,"D",.,"A",0,"D",0,"D",.,"A",.,"A",455,"D",0,"D",.,"A",.,"A",.,"A",.,"A"
"20154","03210212",36,0,"1",1950,"D",650,"D",.,"A",650,"D",0,"D",.,"A",.,"A",1300,"D",0,"D",.,"A",.,"A",.,"A",.,"A"
"20154","03210222",40,0,"1",3900,"D",650,"D",650,"D",650,"D",0,"D",.,"A",.,"A",3250,"D",0,"D",.,"A",.,"A",.,"A",.,"A"
"20154","03210242",15,0,"1",390,"D",65,"D",.,"A",195,"D",0,"D",.,"A",.,"A",325,"D",0,"D",.,"A",.,"A",.,"A",.,"A"
"20154","03210252",26,0,"1",975,"D",325,"D",.,"A",325,"D",0,"D",.,"A",.,"A",650,"D",0,"D",.,"A",.,"A",.,"A",.,"A"
"20154","03210272",31,0,"1",780,"D",195,"D",.,"A",845,"D",0,"D",.,"A",.,"A",585,"D",120,"D",60,"D",780,"D",.,"A",.,"A"
"20154","03210282",50,0,"1",975,"D",260,"D",.,"A",0,"D",0,"D",.,"A",234,"D",715,"D",0,"D",50,"D",650,"D",.,"A",.,"A"
"20154","03210292",29,0,"1",2065,"F",.,"A",.,"A",749,"F",139,"F",.,"A",.,"A",1741,"F",133,"F",.,"A",.,"A",.,"A",.,"A"
"20154","03210312",7,0,"1",0,"D",.,"A",.,"A",0,"D",6,"D",.,"A",.,"A",0,"D",6,"D",.,"A",.,"A",.,"A",.,"A"
"20154","03210324",23,0,"1",650,"D",130,"D",.,"A",104,"D",30,"D",.,"A",.,"A",520,"D",0,"D",.,"A",.,"A",.,"A",.,"A"
"20154","03210332",52,0,"1",390,"D",0,"D",.,"A",260,"D",0,"D",.,"A",.,"A",390,"D",0,"D",.,"A",.,"A",.,"A",.,"A"
"20154","03210342",74,0,"1",1690,"D",390,"D",.,"A",1144,"D",0,"D",.,"A",.,"A",1300,"D",90,"D",.,"A",.,"A",.,"A",.,"A"
"20154","03210352",17,0,"1",2600,"D",325,"D",.,"A",260,"D",0,"D",.,"A",.,"A",2275,"D",0,"D",.,"A",.,"A",.,"A",.,"A"
"20154","03210402",24,0,"1",780,"D",260,"D",.,"A",286,"D",0,"D",.,"A",.,"A",520,"D",0,"D",.,"A",.,"A",.,"A",.,"A"
"20154","03210412",25,0,"1",455,"D",130,"D",.,"A",195,"D",0,"D",.,"A",.,"A",325,"D",0,"D",35,"D",455,"D",.,"A",.,"A"
"20154","03210422",23,0,"1",2600,"D",390,"D",.,"A",390,"D",0,"D",.,"A",.,"A",2210,"D",0,"D",.,"A",.,"A",.,"A",.,"A"
"20154","03210462",43,0,"1",1300,"D",260,"D",130,"D",65,"D",0,"D",650,"D",.,"A",1040,"D",60,"D",.,"A",.,"A",.,"A",.,"A"
"20154","03210472",26,0,"1",1040,"D",195,"D",.,"A",260,"D",0,"D",.,"A",.,"A",845,"D",120,"D",.,"A",.,"A",.,"A",.,"A"
"20154","03210482",40,0,"1",325,"D",65,"D",156,"D",260,"D",0,"D",.,"A",.,"A",260,"D",0,"D",.,"A",.,"A",.,"A",.,"A"
"20154","03210492",16,0,"1",780,"D",130,"D",.,"A",325,"D",0,"D",.,"A",.,"A",650,"D",0,"D",.,"A",.,"A",.,"A",.,"A"
"20154","03210502",46,0,"1",1573,"D",195,"D",.,"A",325,"D",0,"D",.,"A",.,"A",1378,"D",0,"D",.,"A",.,"A",.,"A",.,"A"
"20154","03210512",26,0,"1",390,"D",130,"D",339,"F",0,"D",0,"D",.,"A",.,"A",260,"D",0,"D",.,"A",.,"A",.,"A",.,"A"
"20154","03210592",25,0,"1",2600,"D",650,"D",.,"A",1950,"D",150,"D",.,"A",.,"A",1950,"D",0,"D",.,"A",.,"A",.,"A",.,"A"
"20154","03210602",49,0,"1",1300,"D",325,"D",.,"A",780,"D",180,"D",195,"D",.,"A",975,"D",60,"D",.,"A",.,"A",.,"A",.,"A"
"20154","03210612",35,0,"1",910,"D",130,"D",.,"A",650,"D",0,"D",.,"A",.,"A",780,"D",0,"D",.,"A",.,"A",.,"A",.,"A"
"20154","03210622",47,0,"1",2275,"D",325,"D",130,"D",104,"D",0,"D",.,"A",.,"A",1950,"D",0,"D",.,"A",.,"A",.,"A",.,"A"
"20154","03210632",66,0,"1",1950,"D",650,"D",650,"D",910,"D",300,"D",.,"A",90,"D",1300,"D",120,"D",.,"A",.,"A",.,"A",.,"A"
"20154","03210662",15,0,"1",1300,"D",260,"D",260,"D",260,"D",0,"D",.,"A",.,"A",1040,"D",0,"D",.,"A",.,"A",.,"A",.,"A"
"20154","03210682",70,0,"1",1300,"D",195,"D",.,"A",650,"D",0,"D",.,"A",176,"D",1105,"D",30,"D",.,"A",.,"A",.,"A",.,"A"
"20154","03210712",41,0,"1",2600,"D",260,"D",.,"A",325,"D",0,"D",.,"A",.,"A",2340,"D",90,"D",.,"A",.,"A",.,"A",.,"A"
"20154","03210732",16,0,"1",494,"D",117,"D",.,"A",260,"D",0,"D",.,"A",.,"A",377,"D",75,"D",.,"A",.,"A",.,"A",.,"A"
"20154","03210752",36,0,"1",2080,"D",130,"D",130,"D",260,"D",0,"D",.,"A",.,"A",1950,"D",75,"D",.,"A",.,"A",.,"A",.,"A"
"20154","03210772",17,0,"1",845,"D",260,"D",.,"A",0,"D",0,"D",.,"A",.,"A",585,"D",45,"D",.,"A",.,"A",.,"A",.,"A"
"20154","03210782",36,0,"1",1300,"D",390,"D",.,"A",975,"D",0,"D",.,"A",.,"A",910,"D",0,"D",.,"A",.,"A",.,"A",.,"A"
"20154","03210792",54,0,"1",2600,"D",260,"D",.,"A",1300,"D",30,"D",.,"A",.,"A",2340,"D",120,"D",.,"A",.,"A",.,"A",.,"A"
"20154","03210805",15,0,"1",1625,"D",195,"D",260,"D",780,"D",6,"D",.,"A",.,"A",1430,"D",6,"D",.,"A",.,"A",.,"A",.,"A"
"20154","03210822",15,0,"1",1950,"D",0,"D",.,"A",520,"D",0,"D",.,"A",.,"A",1950,"D",0,"D",.,"A",.,"A",.,"A",.,"A"
"20154","03210832",35,0,"1",1625,"D",260,"D",.,"A",0,"D",0,"D",.,"A",.,"A",1365,"D",0,"D",.,"A",.,"A",.,"A",.,"A"
"20154","03210842",50,0,"1",780,"D",130,"D",.,"A",0,"D",60,"D",.,"A",.,"A",650,"D",60,"D",.,"A",.,"A",.,"A",.,"A"
"20154","03210852",35,0,"1",1300,"D",260,"D",.,"A",780,"D",0,"D",.,"A",.,"A",1040,"D",0,"D",8,"D",104,"D",78,"D",6,"D"
"20154","03210862",42,0,"1",2600,"D",650,"D",.,"A",325,"D",0,"D",.,"A",.,"A",1950,"D",0,"D",.,"A",.,"A",.,"A",.,"A"
"20154","03210892",29,0,"1",2600,"D",455,"D",.,"A",325,"D",0,"D",.,"A",.,"A",2145,"D",0,"D",.,"A",.,"A",.,"A",.,"A"
"20154","03210902",21,0,"1",910,"D",260,"D",.,"A",520,"D",0,"D",.,"A",.,"A",650,"D",30,"D",.,"A",.,"A",.,"A",.,"A"
"20154","03210962",27,0,"1",780,"D",260,"D",.,"A",650,"D",0,"D",.,"A",.,"A",520,"D",0,"D",.,"A",.,"A",.,"A",.,"A"
"20154","03210972",59,0,"1",1625,"D",0,"D",.,"A",1040,"D",0,"D",.,"A",.,"A",1625,"D",0,"D",.,"A",.,"A",.,"A",.,"A"
"20154","03210982",13,0,"1",1300,"D",65,"D",.,"A",0,"D",0,"D",.,"A",.,"A",1235,"D",0,"D",20,"D",260,"D",.,"A",.,"A"
"20154","03210992",46,0,"1",780,"D",0,"D",.,"A",1040,"D",0,"D",.,"A",.,"A",780,"D",0,"D",.,"A",.,"A",.,"A",.,"A"
"20154","03211032",73,0,"1",2184,"D",130,"D",.,"A",1300,"D",0,"D",.,"A",.,"A",2054,"D",0,"D",.,"A",.,"A",.,"A",.,"A"
"20154","03211052",12,0,"1",910,"D",325,"D",.,"A",520,"D",0,"D",.,"A",.,"A",585,"D",0,"D",.,"A",.,"A",.,"A",.,"A"
"20154","03211062",17,0,"1",780,"D",0,"D",.,"A",0,"D",0,"D",.,"A",.,"A",780,"D",0,"D",.,"A",.,"A",.,"A",.,"A"
"20154","03211072",23,0,"1",975,"D",325,"D",.,"A",0,"D",0,"D",.,"A",.,"A",650,"D",0,"D",.,"A",.,"A",.,"A",.,"A"
"20154","03211082",13,0,"1",1300,"D",91,"D",.,"A",0,"D",0,"D",.,"A",.,"A",1209,"D",0,"D",.,"A",.,"A",.,"A",.,"A"
"20154","03211092",31,0,"1",1820,"D",260,"D",.,"A",390,"D",0,"D",.,"A",.,"A",1560,"D",0,"D",.,"A",.,"A",.,"A",.,"A"
"20154","03211122",38,0,"1",1300,"D",260,"D",221,"D",0,"D",0,"D",.,"A",.,"A",1040,"D",0,"D",.,"A",.,"A",.,"A",.,"A"
"20154","03211142",80,0,"1",2444,"D",520,"D",.,"A",8125,"D",3000,"D",.,"A",.,"A",1924,"D",360,"D",.,"A",.,"A",.,"A",.,"A"
"20154","03211162",22,0,"1",650,"D",91,"D",.,"A",260,"D",0,"D",.,"A",.,"A",559,"D",0,"D",.,"A",.,"A",.,"A",.,"A"
"20154","03211172",19,0,"1",1300,"D",65,"D",.,"A",455,"D",0,"D",.,"A",.,"A",1235,"D",60,"D",.,"A",.,"A",.,"A",.,"A"
"20154","03211182",37,0,"1",1300,"D",260,"D",.,"A",0,"D",0,"D",.,"A",.,"A",1040,"D",300,"D",30,"D",390,"D",.,"A",.,"A"
"20154","03211202",32,0,"1",2600,"D",260,"D",.,"A",3250,"D",300,"D",.,"A",30,"D",2340,"D",600,"D",.,"A",.,"A",.,"A",.,"A"
"20154","03211222",9,0,"1",650,"D",207,"F",283,"F",416,"F",100,"F",.,"A",.,"A",723,"F",98,"F",.,"A",.,"A",.,"A",.,"A"
"20154","03211252",40,0,"1",1950,"D",650,"D",390,"D",0,"D",0,"D",.,"A",130,"D",1300,"D",0,"D",.,"A",.,"A",.,"A",.,"A"
"20154","03211272",14,0,"1",585,"D",52,"D",.,"A",117,"D",0,"D",.,"A",.,"A",533,"D",0,"D",.,"A",.,"A",.,"A",.,"A"
"20154","03211282",17,0,"1",325,"D",65,"D",.,"A",130,"D",0,"D",.,"A",.,"A",260,"D",0,"D",.,"A",.,"A",.,"A",.,"A"
"20154","03211292",31,0,"1",1950,"D",325,"D",.,"A",0,"D",0,"D",.,"A",.,"A",1625,"D",0,"D",.,"A",.,"A",.,"A",.,"A"
"20154","03211302",16,0,"1",1560,"D",390,"D",.,"A",0,"D",0,"D",.,"A",.,"A",1170,"D",0,"D",.,"A",.,"A",.,"A",.,"A"
"20154","03211312",16,0,"1",650,"D",65,"D",.,"A",26,"D",0,"D",.,"A",.,"A",585,"D",120,"D",5,"D",65,"D",.,"A",.,"A"
"20154","03211352",36,0,"1",1300,"D",260,"D",130,"D",390,"D",150,"D",.,"A",.,"A",1040,"D",300,"D",.,"A",.,"A",.,"A",.,"A"
"20154","03211362",26,0,"1",1300,"D",314,"F",.,"A",1300,"D",300,"D",545,"F",.,"A",997,"F",0,"D",.,"A",.,"A",.,"A",.,"A"
"20154","03211372",26,0,"1",390,"D",104,"D",.,"A",910,"D",0,"D",.,"A",.,"A",286,"D",0,"D",24,"D",312,"D",.,"A",.,"A"
"20154","03211392",49,0,"1",1560,"D",156,"D",650,"D",650,"D",150,"D",.,"A",.,"A",1404,"D",150,"D",.,"A",.,"A",.,"A",.,"A"
"20154","03211422",59,0,"1",1300,"D",195,"D",.,"A",1820,"D",0,"D",.,"A",.,"A",1105,"D",0,"D",.,"A",.,"A",.,"A",.,"A"
"20154","03211442",12,0,"1",494,"D",104,"D",.,"A",65,"D",0,"D",.,"A",.,"A",390,"D",0,"D",.,"A",.,"A",.,"A",.,"A"
"20154","03211452",31,0,"1",650,"D",260,"D",.,"A",260,"D",0,"D",.,"A",.,"A",390,"D",24,"D",.,"A",.,"A",.,"A",.,"A"
"20154","03211462",22,0,"1",1300,"D",195,"D",.,"A",195,"D",0,"D",.,"A",.,"A",1105,"D",0,"D",.,"A",.,"A",.,"A",.,"A"
"20154","03211472",13,0,"1",1950,"D",1300,"D",.,"A",390,"D",240,"D",.,"A",.,"A",650,"D",60,"D",.,"A",.,"A",.,"A",.,"A"
"20154","03211492",27,0,"1",1300,"D",260,"D",.,"A",195,"D",0,"D",.,"A",.,"A",1040,"D",0,"D",30,"D",390,"D",.,"A",.,"A"
"20154","03211502",32,0,"1",1560,"D",130,"D",.,"A",1040,"D",0,"D",.,"A",.,"A",1430,"D",0,"D",.,"A",.,"A",.,"A",.,"A"
"20154","03211512",29,0,"1",1300,"D",260,"D",.,"A",260,"D",0,"D",.,"A",.,"A",1040,"D",0,"D",.,"A",.,"A",.,"A",.,"A"
"20154","03211522",38,0,"1",1560,"D",260,"D",104,"D",260,"D",0,"D",.,"A",113,"D",1300,"D",12,"D",.,"A",.,"A",.,"A",.,"A"
"20154","03211552",68,0,"1",2600,"D",650,"D",.,"A",1950,"D",0,"D",.,"A",.,"A",1950,"D",0,"D",.,"A",.,"A",.,"A",.,"A"
"20154","03211565",10,0,"1",195,"D",0,"D",.,"A",130,"D",0,"D",.,"A",.,"A",195,"D",0,"D",5,"D",65,"D",.,"A",.,"A"
"20154","03211602",45,0,"1",1950,"D",325,"D",.,"A",975,"D",375,"D",.,"A",.,"A",1625,"D",105,"D",.,"A",.,"A",.,"A",.,"A"
"20154","03211622",10,0,"1",3250,"D",650,"D",.,"A",0,"D",0,"D",.,"A",.,"A",2600,"D",0,"D",.,"A",.,"A",.,"A",.,"A"
"20154","03211652",12,0,"1",1300,"D",260,"D",.,"A",1950,"D",150,"D",.,"A",.,"A",1040,"D",300,"D",.,"A",.,"A",.,"A",.,"A"
"20154","03211682",25,0,"1",1950,"D",520,"D",650,"D",390,"D",0,"D",.,"A",.,"A",1430,"D",0,"D",.,"A",.,"A",.,"A",.,"A"
"20154","03211702",36,0,"1",1300,"D",260,"D",.,"A",1560,"D",0,"D",.,"A",.,"A",1040,"D",0,"D",.,"A",.,"A",.,"A",.,"A"
"20154","03211712",25,0,"1",325,"D",65,"D",.,"A",65,"D",0,"D",.,"A",.,"A",260,"D",0,"D",.,"A",.,"A",.,"A",.,"A"
"20154","03211722",43,0,"1",900,"F",.,"A",.,"A",520,"D",0,"D",.,"A",.,"A",723,"F",0,"D",.,"A",.,"A",.,"A",.,"A"
"20154","03211732",26,0,"1",1300,"D",390,"D",.,"A",260,"D",0,"D",.,"A",.,"A",910,"D",0,"D",.,"A",.,"A",.,"A",.,"A"
"20154","03211812",36,0,"1",1300,"D",195,"D",.,"A",325,"D",0,"D",.,"A",.,"A",1105,"D",0,"D",.,"A",.,"A",.,"A",.,"A"
"20154","03211822",24,0,"1",1300,"D",195,"D",.,"A",0,"D",0,"D",.,"A",.,"A",1105,"D",0,"D",50,"D",650,"D",.,"A",.,"A"
"20154","03211832",34,0,"1",1950,"D",650,"D",650,"D",650,"D",0,"D",.,"A",.,"A",1300,"D",0,"D",.,"A",.,"A",.,"A",.,"A"
"20154","03211842",15,0,"1",520,"D",0,"D",.,"A",650,"D",0,"D",.,"A",.,"A",520,"D",0,"D",.,"A",.,"A",.,"A",.,"A"
"20154","03211894",45,0,"1",1950,"D",260,"D",.,"A",650,"D",150,"D",.,"A",80,"D",1690,"D",60,"D",.,"A",.,"A",.,"A",.,"A"
"20154","03211912",17,0,"1",780,"D",130,"D",.,"A",260,"D",0,"D",.,"A",.,"A",650,"D",0,"D",.,"A",.,"A",.,"A",.,"A"
"20154","03211922",20,0,"1",1040,"D",260,"D",.,"A",260,"D",0,"D",.,"A",.,"A",780,"D",0,"D",20,"D",260,"D",.,"A",.,"A"
"20154","03211932",40,0,"1",1430,"D",130,"D",.,"A",780,"D",0,"D",.,"A",.,"A",1300,"D",0,"D",.,"A",.,"A",.,"A",.,"A"
"20154","03211942",43,0,"1",2275,"D",325,"D",390,"D",780,"D",150,"D",.,"A",.,"A",1950,"D",75,"D",.,"A",.,"A",.,"A",.,"A"
"20154","03211952",68,0,"1",3250,"D",130,"D",.,"A",325,"D",60,"D",.,"A",120,"D",3120,"D",180,"D",.,"A",.,"A",.,"A",.,"A"
"20154","03211982",29,0,"1",1300,"D",520,"D",.,"A",780,"D",0,"D",.,"A",.,"A",780,"D",0,"D",.,"A",.,"A",.,"A",.,"A"
"20154","03211992",17,0,"1",1950,"D",195,"D",.,"A",130,"D",0,"D",.,"A",.,"A",1755,"D",0,"D",.,"A",.,"A",.,"A",.,"A"
"20154","03212012",61,0,"1",1950,"D",390,"D",910,"D",1300,"D",0,"D",.,"A",.,"A",1560,"D",0,"D",.,"A",.,"A",.,"A",.,"A"
"20154","03212042",50,0,"1",3900,"D",1300,"D",.,"A",520,"D",60,"D",.,"A",105,"D",2600,"D",150,"D",.,"A",.,"A",.,"A",.,"A"
"20154","03212052",39,0,"1",845,"D",0,"D",.,"A",845,"D",270,"D",.,"A",.,"A",845,"D",600,"D",.,"A",.,"A",.,"A",.,"A"
"20154","03212062",15,0,"1",1300,"D",130,"D",.,"A",1300,"D",0,"D",.,"A",.,"A",1170,"D",0,"D",.,"A",.,"A",.,"A",.,"A"
"20154","03212082",43,0,"1",1846,"D",442,"D",0,"D",650,"D",0,"D",.,"A",.,"A",1404,"D",0,"D",.,"A",.,"A",.,"A",.,"A"
"20154","03212112",25,0,"1",910,"D",325,"D",.,"A",650,"D",0,"D",.,"A",.,"A",585,"D",0,"D",.,"A",.,"A",.,"A",.,"A"
"20154","03212122",32,0,"1",1950,"D",130,"D",.,"A",650,"D",0,"D",.,"A",.,"A",1820,"D",0,"D",.,"A",.,"A",.,"A",.,"A"
"20154","03212132",33,0,"1",2600,"D",260,"D",.,"A",1300,"D",30,"D",.,"A",50,"D",2340,"D",45,"D",.,"A",.,"A",.,"A",.,"A"
"20154","03212152",35,0,"1",1300,"D",130,"D",390,"D",650,"D",60,"D",.,"A",.,"A",1170,"D",60,"D",.,"A",.,"A",.,"A",.,"A"
"20154","03212162",65,0,"1",3250,"D",455,"D",.,"A",936,"D",0,"D",.,"A",.,"A",2795,"D",72,"D",.,"A",.,"A",.,"A",.,"A"
"20154","03212172",41,0,"1",1625,"D",325,"D",325,"D",650,"D",60,"D",.,"A",.,"A",1300,"D",150,"D",.,"A",.,"A",.,"A",.,"A"
"20154","03212182",31,0,"1",975,"D",130,"D",130,"D",130,"D",0,"D",.,"A",.,"A",845,"D",0,"D",.,"A",.,"A",.,"A",.,"A"
"20154","03212192",15,0,"1",1560,"D",207,"F",.,"A",390,"D",0,"D",.,"A",.,"A",723,"F",0,"D",.,"A",.,"A",.,"A",.,"A"
"20154","03212232",24,0,"1",975,"D",212,"F",.,"A",0,"D",6,"D",.,"A",.,"A",699,"F",6,"D",.,"A",.,"A",.,"A",.,"A"
"20154","03212242",32,0,"1",1300,"D",260,"D",.,"A",260,"D",0,"D",.,"A",.,"A",1040,"D",0,"D",.,"A",.,"A",.,"A",.,"A"
"20154","03212252",24,0,"1",2340,"D",0,"D",.,"A",0,"D",0,"D",.,"A",.,"A",2340,"D",60,"D",.,"A",.,"A",.,"A",.,"A"
"20154","03212292",51,0,"1",1950,"D",325,"D",.,"A",260,"D",0,"D",.,"A",.,"A",1625,"D",90,"D",.,"A",.,"A",.,"A",.,"A"
"20154","03212302",49,0,"1",3120,"D",520,"D",.,"A",1300,"D",0,"D",.,"A",.,"A",2600,"D",60,"D",.,"A",.,"A",.,"A",.,"A"
"20154","03212312",61,0,"1",1300,"D",390,"D",.,"A",1300,"D",0,"D",.,"A",186,"F",910,"D",0,"D",.,"A",.,"A",.,"A",.,"A"
"20154","03212322",43,0,"1",1300,"D",390,"D",.,"A",1560,"D",0,"D",.,"A",.,"A",910,"D",0,"D",.,"A",.,"A",.,"A",.,"A"
"20154","03212332",30,0,"1",975,"D",325,"D",.,"A",0,"D",0,"D",.,"A",.,"A",650,"D",0,"D",.,"A",.,"A",.,"A",.,"A"
"20154","03212342",17,0,"1",2340,"D",1040,"D",780,"D",390,"D",0,"D",.,"A",.,"A",1300,"D",15,"D",.,"A",.,"A",.,"A",.,"A"
"20154","03212352",35,0,"1",1560,"D",520,"D",.,"A",780,"D",0,"D",.,"A",.,"A",1040,"D",0,"D",.,"A",.,"A",.,"A",.,"A"
"20154","03212452",9,0,"1",650,"D",0,"D",.,"A",0,"D",0,"D",.,"A",.,"A",650,"D",0,"D",.,"A",.,"A",.,"A",.,"A"
"20154","03212482",34,0,"1",2600,"D",1040,"D",.,"A",975,"D",0,"D",.,"A",.,"A",1560,"D",0,"D",.,"A",.,"A",.,"A",.,"A"
"20154","03212502",43,0,"1",1950,"D",443,"F",.,"A",1300,"D",0,"D",.,"A",300,"D",1703,"F",0,"D",.,"A",.,"A",.,"A",.,"A"
"20154","03212512",34,0,"1",1625,"D",650,"D",.,"A",650,"D",0,"D",.,"A",.,"A",975,"D",0,"D",.,"A",.,"A",.,"A",.,"A"
"20154","03212562",94,0,"1",1560,"D",260,"D",130,"D",650,"D",0,"D",.,"A",.,"A",1300,"D",0,"D",.,"A",.,"A",.,"A",.,"A"
"20154","03212582",44,0,"1",975,"D",195,"D",130,"D",260,"D",0,"D",.,"A",.,"A",780,"D",0,"D",.,"A",.,"A",.,"A",.,"A"
"20154","03212602",54,0,"1",3250,"D",650,"D",.,"A",780,"D",300,"D",.,"A",60,"D",2600,"D",180,"D",.,"A",.,"A",.,"A",.,"A"
"20154","03212612",63,0,"1",3250,"D",650,"D",260,"D",975,"D",135,"D",.,"A",110,"D",2600,"D",60,"D",20,"D",260,"D",.,"A",.,"A"
"20154","03212622",26,0,"1",1820,"D",650,"D",195,"D",195,"D",0,"D",.,"A",.,"A",1170,"D",0,"D",50,"D",650,"D",.,"A",.,"A"
"20154","03212632",33,0,"1",520,"D",65,"D",.,"A",65,"D",0,"D",.,"A",.,"A",455,"D",0,"D",.,"A",.,"A",.,"A",.,"A"
"20154","03212672",36,0,"1",1950,"D",650,"D",.,"A",1950,"D",150,"D",.,"A",.,"A",1300,"D",150,"D",.,"A",.,"A",.,"A",.,"A"
"20154","03212682",46,0,"1",1625,"D",260,"D",.,"A",104,"D",0,"D",.,"A",48,"D",1365,"D",0,"D",.,"A",.,"A",.,"A",.,"A"
"20154","03212712",29,0,"1",325,"D",65,"D",.,"A",260,"D",0,"D",.,"A",.,"A",260,"D",0,"D",.,"A",.,"A",.,"A",.,"A"
"20154","03212752",38,0,"1",1300,"D",195,"D",.,"A",325,"D",0,"D",.,"A",.,"A",1105,"D",0,"D",50,"D",650,"D",.,"A",.,"A"
"20154","03212772",17,0,"1",1950,"D",442,"F",.,"A",554,"F",0,"D",.,"A",.,"A",1464,"F",0,"D",.,"A",.,"A",.,"A",.,"A"
"20154","03212792",26,0,"1",390,"D",0,"D",.,"A",780,"D",0,"D",.,"A",.,"A",390,"D",0,"D",.,"A",.,"A",.,"A",.,"A"
"20154","03212803",23,0,"1",1300,"D",130,"D",.,"A",520,"D",150,"D",.,"A",.,"A",1170,"D",15,"D",.,"A",.,"A",.,"A",.,"A"
"20154","03212812",55,0,"1",2340,"D",195,"D",.,"A",650,"D",180,"D",.,"A",.,"A",2145,"D",300,"D",.,"A",.,"A",.,"A",.,"A"
"20154","03212822",18,0,"1",780,"D",65,"D",.,"A",0,"D",0,"D",.,"A",.,"A",715,"D",0,"D",.,"A",.,"A",.,"A",.,"A"
"20154","03212842",23,0,"1",260,"D",65,"D",.,"A",0,"D",0,"D",.,"A",.,"A",195,"D",0,"D",12,"D",156,"D",.,"A",.,"A"
"20154","03212852",27,0,"1",195,"D",39,"D",.,"A",0,"D",0,"D",.,"A",.,"A",156,"D",0,"D",43,"D",559,"D",.,"A",.,"A"
"20154","03212862",41,0,"1",390,"D",0,"D",130,"D",650,"D",0,"D",.,"A",.,"A",390,"D",120,"D",.,"A",.,"A",.,"A",.,"A"
"20154","03212882",33,0,"1",1950,"D",520,"D",260,"D",1040,"D",0,"D",.,"A",.,"A",1430,"D",0,"D",.,"A",.,"A",.,"A",.,"A"
"20154","03212902",35,0,"1",1300,"D",195,"D",.,"A",0,"D",0,"D",.,"A",.,"A",1105,"D",60,"D",.,"A",.,"A",.,"A",.,"A"
"20154","03212962",62,0,"1",949,"D",260,"D",.,"A",208,"D",21,"D",.,"A",.,"A",689,"D",180,"D",.,"A",.,"A",.,"A",.,"A"
"20154","03212982",58,0,"1",2600,"D",650,"D",.,"A",1300,"D",60,"D",.,"A",.,"A",1950,"D",240,"D",.,"A",.,"A",.,"A",.,"A"
"20154","03213002",37,0,"1",975,"D",195,"D",.,"A",520,"D",0,"D",.,"A",.,"A",780,"D",0,"D",.,"A",.,"A",.,"A",.,"A"
"20154","03213012",19,0,"1",650,"D",130,"D",.,"A",321,"F",0,"D",.,"A",.,"A",520,"D",0,"D",.,"A",.,"A",.,"A",.,"A"
"20154","03213042",23,0,"1",975,"D",65,"D",.,"A",0,"D",0,"D",.,"A",.,"A",910,"D",0,"D",.,"A",.,"A",.,"A",.,"A"
"20154","03213052",47,0,"1",1456,"D",130,"D",.,"A",156,"D",0,"D",.,"A",.,"A",1326,"D",0,"D",.,"A",.,"A",.,"A",.,"A"
"20154","03213073",6,0,"1",520,"D",260,"D",.,"A",65,"D",0,"D",.,"A",.,"A",260,"D",120,"D",5,"D",65,"D",.,"A",.,"A"
"20154","03213092",34,0,"1",1300,"D",325,"D",.,"A",312,"D",0,"D",.,"A",.,"A",975,"D",0,"D",.,"A",.,"A",.,"A",.,"A"
"20154","03213112",71,0,"1",2340,"D",260,"D",975,"D",390,"D",0,"D",.,"A",.,"A",2080,"D",105,"D",.,"A",.,"A",.,"A",.,"A"
"20154","03213122",19,0,"1",390,"D",39,"D",.,"A",455,"D",0,"D",.,"A",.,"A",351,"D",0,"D",.,"A",.,"A",.,"A",.,"A"
"20154","03213152",47,0,"1",975,"D",260,"D",169,"D",390,"D",0,"D",.,"A",84,"D",715,"D",0,"D",.,"A",.,"A",.,"A",.,"A"
"20154","03213172",64,0,"1",3250,"D",650,"D",.,"A",130,"D",0,"D",.,"A",.,"A",2600,"D",0,"D",.,"A",.,"A",65,"D",5,"D"
"20154","03213182",41,0,"1",1459,"F",.,"A",.,"A",650,"D",0,"D",.,"A",.,"A",1152,"F",0,"D",.,"A",.,"A",.,"A",.,"A"
"20154","03213202",54,0,"1",1950,"D",260,"D",.,"A",390,"D",0,"D",.,"A",.,"A",1690,"D",90,"D",.,"A",.,"A",.,"A",.,"A"
"20154","03213272",117,0,"1",4225,"D",1040,"D",325,"D",260,"D",0,"D",.,"A",.,"A",3185,"D",0,"D",.,"A",.,"A",.,"A",.,"A"
"20154","03213292",40,0,"1",3250,"D",260,"D",.,"A",260,"D",0,"D",.,"A",.,"A",2990,"D",0,"D",.,"A",.,"A",.,"A",.,"A"
"20154","03213322",35,0,"1",1040,"D",325,"D",.,"A",650,"D",0,"D",.,"A",.,"A",715,"D",0,"D",.,"A",.,"A",.,"A",.,"A"
"20154","03213342",48,0,"1",650,"D",130,"D",130,"D",1300,"D",45,"D",.,"A",.,"A",520,"D",36,"D",.,"A",.,"A",.,"A",.,"A"
"20154","03213352",47,0,"1",1950,"D",455,"D",325,"D",650,"D",0,"D",.,"A",.,"A",1495,"D",0,"D",.,"A",.,"A",.,"A",.,"A"
"20154","03213362",33,0,"1",1170,"D",379,"F",.,"A",520,"D",110,"F",.,"A",.,"A",1421,"F",75,"D",.,"A",.,"A",.,"A",.,"A"
"20154","03213392",32,0,"1",2080,"D",650,"D",.,"A",260,"D",0,"D",.,"A",.,"A",1430,"D",0,"D",.,"A",.,"A",.,"A",.,"A"
"20154","03213412",31,0,"1",1040,"D",130,"D",260,"D",0,"D",0,"D",.,"A",.,"A",910,"D",0,"D",.,"A",.,"A",.,"A",.,"A"
"20154","03213442",68,0,"1",2340,"D",455,"D",104,"D",520,"D",30,"D",.,"A",15,"D",1885,"D",180,"D",10,"D",130,"D",.,"A",.,"A"
"20154","03213452",43,0,"1",520,"D",0,"D",.,"A",650,"D",450,"D",.,"A",.,"A",520,"D",75,"D",.,"A",.,"A",.,"A",.,"A"
"20154","03213462",7,0,"1",0,"D",.,"A",.,"A",0,"D",0,"D",.,"A",.,"A",0,"D",0,"D",.,"A",.,"A",.,"A",.,"A"
"20154","03213472",18,0,"1",1300,"D",195,"D",.,"A",0,"D",0,"D",.,"A",.,"A",1105,"D",0,"D",.,"A",.,"A",.,"A",.,"A"
"20154","03213482",39,0,"1",1300,"D",260,"D",.,"A",1300,"D",0,"D",.,"A",.,"A",1040,"D",90,"D",.,"A",.,"A",260,"D",20,"D"
"20154","03213502",21,0,"1",1950,"D",390,"D",.,"A",260,"D",0,"D",.,"A",.,"A",1560,"D",0,"D",5,"D",65,"D",.,"A",.,"A"
"20154","03213532",53,0,"1",3900,"D",1300,"D",.,"A",1235,"D",0,"D",.,"A",.,"A",2600,"D",0,"D",.,"A",.,"A",.,"A",.,"A"
"20154","03213542",9,0,"1",650,"D",130,"D",.,"A",0,"D",0,"D",.,"A",.,"A",520,"D",0,"D",15,"D",195,"D",.,"A",.,"A"
"20154","03213552",41,0,"1",4550,"D",650,"D",.,"A",0,"D",0,"D",.,"A",.,"A",3900,"D",150,"D",.,"A",.,"A",.,"A",.,"A"
"20154","03213572",34,0,"1",1300,"D",325,"D",325,"D",650,"D",60,"D",.,"A",.,"A",975,"D",60,"D",.,"A",.,"A",.,"A",.,"A"
"20154","03213652",13,0,"1",1950,"D",455,"D",.,"A",260,"D",0,"D",.,"A",.,"A",1495,"D",0,"D",.,"A",.,"A",.,"A",.,"A"
"20154","03213692",38,0,"1",1300,"D",260,"D",.,"A",650,"D",45,"D",.,"A",.,"A",1040,"D",150,"D",.,"A",.,"A",.,"A",.,"A"
"20154","03213712",18,0,"1",975,"D",65,"D",.,"A",0,"D",0,"D",.,"A",.,"A",910,"D",0,"D",.,"A",.,"A",455,"D",35,"D"
"20154","03213722",8,0,"1",325,"D",65,"D",.,"A",0,"D",240,"D",.,"A",.,"A",260,"D",240,"D",36,"D",468,"D",.,"A",.,"A"
"20154","03213752",63,0,"1",988,"D",104,"D",.,"A",455,"D",0,"D",.,"A",.,"A",884,"D",0,"D",.,"A",.,"A",.,"A",.,"A"
"20154","03213772",70,0,"1",650,"D",353,"F",.,"A",1625,"D",0,"D",.,"A",.,"A",1261,"F",0,"D",.,"A",.,"A",.,"A",.,"A"
"20154","03213802",48,0,"1",1690,"D",513,"F",526,"F",650,"D",0,"D",.,"A",.,"A",2230,"F",180,"D",.,"A",.,"A",.,"A",.,"A"
"20154","03213812",31,0,"1",1040,"D",130,"D",.,"A",195,"D",90,"D",.,"A",.,"A",910,"D",75,"D",.,"A",.,"A",.,"A",.,"A"
"20154","03213842",47,0,"1",1521,"D",455,"D",.,"A",208,"D",90,"D",.,"A",202,"D",1066,"D",75,"D",.,"A",.,"A",.,"A",.,"A"
"20154","03213852",45,0,"1",650,"D",65,"D",.,"A",260,"D",0,"D",.,"A",.,"A",585,"D",0,"D",.,"A",.,"A",.,"A",.,"A"
"20154","03213872",13,0,"1",0,"D",.,"A",.,"A",321,"F",0,"D",.,"A",.,"A",0,"D",0,"D",.,"A",.,"A",.,"A",.,"A"
"20154","03213882",38,0,"1",2600,"D",1300,"D",.,"A",1560,"D",60,"D",.,"A",.,"A",1300,"D",60,"D",0,"D",0,"D",.,"A",.,"A"
"20154","03213902",22,0,"1",390,"D",130,"D",.,"A",650,"D",0,"D",.,"A",.,"A",260,"D",0,"D",.,"A",.,"A",.,"A",.,"A"
"20154","03213922",52,0,"1",1040,"D",195,"D",.,"A",156,"D",0,"D",.,"A",.,"A",845,"D",0,"D",40,"D",520,"D",.,"A",.,"A"
"20154","03213992",12,0,"1",2065,"F",.,"A",.,"A",749,"F",139,"F",.,"A",.,"A",1741,"F",133,"F",.,"A",.,"A",.,"A",.,"A"
"20154","03214002",35,0,"1",1300,"D",195,"D",.,"A",520,"D",0,"D",.,"A",.,"A",1105,"D",36,"D",.,"A",.,"A",.,"A",.,"A"
"20154","03214042",21,0,"1",1690,"D",390,"D",.,"A",650,"D",0,"D",.,"A",.,"A",1300,"D",0,"D",.,"A",.,"A",.,"A",.,"A"
"20154","03214062",58,0,"1",1950,"D",260,"D",.,"A",1300,"D",0,"D",.,"A",.,"A",1690,"D",0,"D",.,"A",.,"A",.,"A",.,"A"
"20154","03214085",19,0,"1",1560,"D",195,"D",.,"A",260,"D",0,"D",.,"A",.,"A",1365,"D",0,"D",.,"A",.,"A",.,"A",.,"A"
"20154","03214112",70,0,"1",1378,"D",260,"D",.,"A",260,"D",0,"D",.,"A",.,"A",1118,"D",30,"D",.,"A",.,"A",.,"A",.,"A"
"20154","03214172",30,0,"1",260,"D",260,"D",.,"A",1950,"D",0,"D",.,"A",.,"A",0,"D",0,"D",.,"A",.,"A",.,"A",.,"A"
"20154","03214182",13,0,"1",767,"F",.,"A",.,"A",0,"D",0,"D",.,"A",.,"A",633,"F",0,"D",.,"A",.,"A",.,"A",.,"A"
"20154","03214192",34,0,"1",1300,"D",325,"D",.,"A",650,"D",0,"D",.,"A",.,"A",975,"D",300,"D",.,"A",.,"A",.,"A",.,"A"
"20154","03214202",23,0,"1",325,"D",130,"D",.,"A",0,"D",0,"D",.,"A",.,"A",195,"D",0,"D",5,"D",65,"D",.,"A",.,"A"
"20154","03214232",10,0,"1",650,"D",195,"D",.,"A",390,"D",0,"D",.,"A",.,"A",455,"D",0,"D",.,"A",.,"A",.,"A",.,"A"
"20154","03214262",83,0,"1",1950,"D",325,"D",260,"D",260,"D",0,"D",.,"A",390,"D",1625,"D",600,"D",.,"A",.,"A",.,"A",.,"A"
"20154","03214282",17,0,"1",650,"D",0,"D",.,"A",0,"D",0,"D",.,"A",.,"A",650,"D",0,"D",.,"A",.,"A",.,"A",.,"A"
"20154","03214292",39,0,"1",1950,"D",260,"D",.,"A",650,"D",0,"D",.,"A",144,"D",1690,"D",0,"D",.,"A",.,"A",.,"A",.,"A"
"20154","03214302",10,0,"1",2600,"D",260,"D",.,"A",0,"D",0,"D",.,"A",.,"A",2340,"D",0,"D",.,"A",.,"A",.,"A",.,"A"
"20154","03214322",24,0,"1",1560,"D",325,"F",.,"A",65,"D",0,"D",.,"A",.,"A",1223,"F",90,"D",.,"A",.,"A",.,"A",.,"A"
"20154","03214372",24,0,"1",3900,"D",0,"D",.,"A",0,"D",0,"D",.,"A",.,"A",3900,"D",0,"D",25,"D",325,"D",.,"A",.,"A"
"20154","03214392",44,0,"1",1300,"D",390,"D",325,"D",1300,"D",150,"D",.,"A",.,"A",910,"D",360,"D",.,"A",.,"A",.,"A",.,"A"
"20154","03214412",36,0,"1",1738,"F",.,"A",.,"A",537,"F",94,"F",.,"A",.,"A",1390,"F",135,"F",.,"A",.,"A",.,"A",.,"A"
"20154","03214482",7,0,"1",910,"D",39,"D",.,"A",0,"D",0,"D",.,"A",.,"A",871,"D",0,"D",40,"D",520,"D",.,"A",.,"A"
"20154","03214492",18,0,"1",780,"D",65,"D",.,"A",130,"D",0,"D",.,"A",.,"A",715,"D",0,"D",60,"D",780,"D",.,"A",.,"A"
"20154","03214542",33,0,"1",1040,"D",260,"D",.,"A",522,"F",0,"D",.,"A",.,"A",780,"D",0,"D",.,"A",.,"A",.,"A",.,"A"
"20154","03214552",19,0,"1",2600,"D",780,"D",.,"A",390,"D",0,"D",.,"A",.,"A",1820,"D",0,"D",.,"A",.,"A",.,"A",.,"A"
"20154","03214562",38,0,"1",975,"D",130,"D",.,"A",260,"D",0,"D",.,"A",.,"A",845,"D",0,"D",.,"A",.,"A",.,"A",.,"A"
"20154","03214582",21,0,"1",325,"D",39,"D",130,"D",0,"D",0,"D",.,"A",.,"A",286,"D",60,"D",.,"A",.,"A",.,"A",.,"A"
"20154","03214632",16,0,"1",1300,"D",325,"D",260,"D",650,"D",0,"D",.,"A",.,"A",975,"D",0,"D",.,"A",.,"A",.,"A",.,"A"
"20154","03214642",58,0,"1",2925,"D",598,"D",325,"D",1040,"D",0,"D",.,"A",.,"A",2327,"D",90,"D",.,"A",.,"A",.,"A",.,"A"
"20154","03214652",13,0,"1",260,"D",0,"D",.,"A",0,"D",0,"D",.,"A",.,"A",260,"D",0,"D",.,"A",.,"A",.,"A",.,"A"
"20154","03214662",16,0,"1",975,"D",130,"D",975,"D",1560,"D",90,"D",.,"A",.,"A",845,"D",6,"D",30,"D",390,"D",.,"A",.,"A"
"20154","03214692",57,0,"1",1300,"D",195,"D",.,"A",520,"D",150,"D",325,"D",.,"A",1105,"D",60,"D",.,"A",.,"A",.,"A",.,"A"
"20154","03214712",21,0,"1",1040,"D",520,"D",.,"A",0,"D",0,"D",.,"A",.,"A",520,"D",0,"D",.,"A",.,"A",.,"A",.,"A"
"20154","03214722",35,0,"1",910,"D",39,"D",39,"D",520,"D",0,"D",.,"A",.,"A",871,"D",60,"D",4,"D",52,"D",.,"A",.,"A"
"20154","03214732",36,0,"1",1300,"D",156,"D",.,"A",0,"D",0,"D",.,"A",.,"A",1144,"D",0,"D",.,"A",.,"A",.,"A",.,"A"
"20154","03214762",18,0,"1",650,"D",130,"D",65,"D",130,"D",0,"D",.,"A",.,"A",520,"D",0,"D",.,"A",.,"A",.,"A",.,"A"
"20154","03214772",65,0,"1",1040,"D",65,"D",.,"A",780,"D",600,"D",.,"A",.,"A",975,"D",180,"D",.,"A",.,"A",.,"A",.,"A"
"20154","03214792",22,0,"1",1950,"D",0,"D",.,"A",0,"D",0,"D",.,"A",.,"A",1950,"D",0,"D",.,"A",.,"A",.,"A",.,"A"
"20154","03214802",40,0,"1",390,"D",130,"D",.,"A",1300,"D",0,"D",.,"A",.,"A",260,"D",0,"D",.,"A",.,"A",.,"A",.,"A"
"20154","03214822",44,0,"1",3900,"D",1300,"D",650,"D",650,"D",0,"D",.,"A",.,"A",2600,"D",0,"D",.,"A",.,"A",.,"A",.,"A"
"20154","03214842",46,0,"1",1300,"D",324,"F",.,"A",780,"D",0,"D",.,"A",.,"A",1152,"F",0,"D",.,"A",.,"A",.,"A",.,"A"
"20154","03214852",39,0,"1",650,"D",325,"D",.,"A",130,"D",0,"D",.,"A",.,"A",325,"D",90,"D",.,"A",.,"A",.,"A",.,"A"
"20154","03214872",27,0,"1",1495,"D",195,"D",195,"D",195,"D",206,"F",.,"A",.,"A",1300,"D",120,"D",.,"A",.,"A",.,"A",.,"A"
"20154","03214882",84,0,"1",1625,"D",0,"D",.,"A",975,"D",0,"D",.,"A",.,"A",1625,"D",60,"D",.,"A",.,"A",.,"A",.,"A"
"20154","03214902",21,0,"1",3250,"D",390,"D",.,"A",650,"D",0,"D",.,"A",.,"A",2860,"D",0,"D",.,"A",.,"A",.,"A",.,"A"
"20154","03214932",26,0,"1",585,"D",130,"D",.,"A",117,"D",120,"D",.,"A",.,"A",455,"D",0,"D",.,"A",.,"A",.,"A",.,"A"
"20154","03214952",45,0,"1",1300,"D",325,"D",.,"A",520,"D",300,"D",.,"A",.,"A",975,"D",30,"D",16,"D",208,"D",.,"A",.,"A"
"20154","03214962",10,0,"1",520,"D",26,"D",.,"A",325,"D",0,"D",.,"A",.,"A",494,"D",0,"D",.,"A",.,"A",.,"A",.,"A"
"20154","03214982",25,0,"1",1300,"D",325,"D",.,"A",650,"D",0,"D",.,"A",.,"A",975,"D",60,"D",30,"D",390,"D",.,"A",.,"A"
"20154","03215002",43,0,"1",1625,"D",325,"D",.,"A",520,"D",0,"D",.,"A",.,"A",1300,"D",60,"D",.,"A",.,"A",.,"A",.,"A"
"20154","03215012",55,0,"1",3250,"D",1300,"D",260,"D",1950,"D",90,"D",.,"A",.,"A",1950,"D",120,"D",.,"A",.,"A",.,"A",.,"A"
"20154","03215022",34,0,"1",1950,"D",325,"D",390,"D",520,"D",0,"D",.,"A",.,"A",1625,"D",0,"D",.,"A",.,"A",.,"A",.,"A"
"20154","03215052",8,0,"1",910,"D",0,"D",176,"F",0,"D",0,"D",.,"A",.,"A",910,"D",0,"D",.,"A",.,"A",.,"A",.,"A"
"20154","03215102",40,0,"1",1625,"D",325,"D",325,"D",195,"D",0,"D",.,"A",.,"A",1300,"D",0,"D",.,"A",.,"A",.,"A",.,"A"
"20154","03215112",63,0,"1",2600,"D",650,"D",.,"A",650,"D",6,"D",.,"A",.,"A",1950,"D",6,"D",.,"A",.,"A",.,"A",.,"A"
"20154","03215152",22,0,"1",1105,"D",91,"D",.,"A",195,"D",0,"D",.,"A",.,"A",1014,"D",0,"D",.,"A",.,"A",.,"A",.,"A"
"20154","03215164",21,0,"1",1040,"D",390,"D",.,"A",156,"D",0,"D",.,"A",.,"A",650,"D",0,"D",.,"A",.,"A",.,"A",.,"A"
"20154","03215182",37,0,"1",1950,"D",390,"D",.,"A",0,"D",0,"D",.,"A",.,"A",1560,"D",0,"D",.,"A",.,"A",156,"D",12,"D"
"20154","03215202",17,0,"1",900,"F",.,"A",.,"A",416,"F",100,"F",.,"A",.,"A",723,"F",98,"F",.,"A",.,"A",.,"A",.,"A"
"20154","03215232",19,0,"1",2600,"D",260,"D",.,"A",650,"D",120,"D",.,"A",.,"A",2340,"D",600,"D",.,"A",.,"A",.,"A",.,"A"
"20154","03215252",62,0,"1",2925,"D",650,"D",.,"A",1820,"D",30,"D",.,"A",.,"A",2275,"D",45,"D",.,"A",.,"A",.,"A",.,"A"
"20154","03215262",25,0,"1",1040,"D",260,"D",.,"A",520,"D",30,"D",.,"A",.,"A",780,"D",120,"D",.,"A",.,"A",.,"A",.,"A"
"20154","03215302",24,0,"1",1040,"D",195,"D",.,"A",520,"D",0,"D",.,"A",.,"A",845,"D",0,"D",.,"A",.,"A",.,"A",.,"A"
"20154","03215322",22,0,"1",520,"D",52,"D",.,"A",0,"D",0,"D",.,"A",.,"A",468,"D",45,"D",.,"A",.,"A",.,"A",.,"A"
"20154","03215332",32,0,"1",780,"D",260,"D",.,"A",325,"D",0,"D",.,"A",.,"A",520,"D",45,"D",.,"A",.,"A",.,"A",.,"A"
"20154","03215342",34,0,"1",780,"D",130,"D",.,"A",1040,"D",180,"D",.,"A",.,"A",650,"D",60,"D",.,"A",.,"A",.,"A",.,"A"
"20154","03215363",32,0,"1",2275,"D",324,"F",.,"A",0,"D",6,"D",.,"A",.,"A",1152,"F",90,"D",35,"D",455,"D",.,"A",.,"A"
"20154","03215392",38,0,"1",650,"D",130,"D",.,"A",0,"D",0,"D",.,"A",.,"A",520,"D",0,"D",.,"A",.,"A",.,"A",.,"A"
"20154","03215412",54,0,"1",1040,"D",520,"D",390,"D",1560,"D",0,"D",.,"A",.,"A",520,"D",60,"D",.,"A",.,"A",.,"A",.,"A"
"20154","03215422",12,0,"1",325,"D",65,"D",.,"A",0,"D",0,"D",.,"A",.,"A",260,"D",0,"D",.,"A",.,"A",.,"A",.,"A"
"20154","03215432",21,0,"1",390,"D",0,"D",.,"A",1950,"D",45,"D",.,"A",.,"A",390,"D",75,"D",.,"A",.,"A",.,"A",.,"A"
"20154","03215452",12,0,"1",390,"D",0,"D",130,"D",260,"D",0,"D",.,"A",.,"A",390,"D",0,"D",.,"A",.,"A",.,"A",.,"A"
"20154","03215462",48,0,"1",1690,"D",455,"D",325,"D",494,"D",0,"D",.,"A",.,"A",1235,"D",0,"D",.,"A",.,"A",.,"A",.,"A"
"20154","03215472",73,0,"1",1300,"D",429,"D",.,"A",260,"D",30,"D",.,"A",.,"A",871,"D",21,"D",.,"A",.,"A",.,"A",.,"A"
"20154","03215482",43,0,"1",2600,"D",0,"D",130,"D",260,"D",0,"D",.,"A",.,"A",2600,"D",27,"D",.,"A",.,"A",.,"A",.,"A"
"20154","03215492",26,0,"1",2600,"D",520,"D",.,"A",1300,"D",0,"D",.,"A",.,"A",2080,"D",0,"D",.,"A",.,"A",.,"A",.,"A"
"20154","03215502",19,0,"1",1625,"D",325,"D",.,"A",260,"D",0,"D",.,"A",.,"A",1300,"D",21,"D",30,"D",390,"D",.,"A",.,"A"
"20154","03215522",41,0,"1",520,"D",65,"D",.,"A",325,"D",0,"D",.,"A",.,"A",455,"D",0,"D",.,"A",.,"A",.,"A",.,"A"
"20154","03215532",26,0,"1",1950,"D",260,"D",.,"A",1950,"D",0,"D",.,"A",.,"A",1690,"D",0,"D",.,"A",.,"A",.,"A",.,"A"
"20154","03215542",39,0,"1",1950,"D",260,"D",.,"A",0,"D",0,"D",.,"A",.,"A",1690,"D",0,"D",.,"A",.,"A",.,"A",.,"A"
"20154","03215552",59,0,"1",2600,"D",520,"D",.,"A",780,"D",0,"D",.,"A",.,"A",2080,"D",750,"D",.,"A",.,"A",390,"D",30,"D"
"20154","03215592",20,0,"1",520,"D",65,"D",.,"A",390,"D",0,"D",.,"A",.,"A",455,"D",0,"D",.,"A",.,"A",.,"A",.,"A"
"20154","03215602",32,0,"1",650,"D",130,"D",.,"A",0,"D",0,"D",.,"A",.,"A",520,"D",0,"D",.,"A",.,"A",.,"A",.,"A"
"20154","03215622",24,0,"1",1040,"D",130,"D",.,"A",26,"D",0,"D",.,"A",.,"A",910,"D",300,"D",.,"A",.,"A",.,"A",.,"A"
"20154","03215672",47,0,"1",650,"D",65,"D",130,"D",195,"D",0,"D",.,"A",.,"A",585,"D",0,"D",40,"D",520,"D",.,"A",.,"A"
"20154","03215732",39,0,"1",1300,"D",130,"D",.,"A",390,"D",0,"D",.,"A",.,"A",1170,"D",0,"D",.,"A",.,"A",130,"D",10,"D"
"20154","03215752",49,0,"1",1950,"D",455,"D",.,"A",1300,"D",150,"D",.,"A",.,"A",1495,"D",90,"D",.,"A",.,"A",364,"D",28,"D"
"20154","03215762",16,0,"1",2600,"D",650,"D",.,"A",260,"D",0,"D",.,"A",.,"A",1950,"D",0,"D",.,"A",.,"A",.,"A",.,"A"
"20154","03215812",30,0,"1",1300,"D",390,"D",260,"D",260,"D",0,"D",.,"A",.,"A",910,"D",0,"D",.,"A",.,"A",.,"A",.,"A"
"20154","03215832",33,0,"1",1950,"D",0,"D",.,"A",455,"D",6,"D",.,"A",.,"A",1950,"D",6,"D",.,"A",.,"A",.,"A",.,"A"
"20154","03215872",40,0,"1",1560,"D",0,"D",.,"A",195,"D",0,"D",.,"A",.,"A",1560,"D",0,"D",.,"A",.,"A",.,"A",.,"A"
"20154","03215902",23,0,"1",1625,"D",260,"D",.,"A",520,"D",0,"D",.,"A",.,"A",1365,"D",0,"D",.,"A",.,"A",.,"A",.,"A"
"20154","03215912",31,0,"1",650,"D",0,"D",260,"D",260,"D",0,"D",.,"A",.,"A",650,"D",60,"D",60,"D",780,"D",.,"A",.,"A"
"20154","03215922",26,0,"1",1950,"D",260,"D",.,"A",2600,"D",0,"D",.,"A",.,"A",1690,"D",30,"D",.,"A",.,"A",.,"A",.,"A"
"20154","03215932",18,0,"1",1300,"D",130,"D",.,"A",260,"D",0,"D",.,"A",.,"A",1170,"D",0,"D",.,"A",.,"A",.,"A",.,"A"
"20154","03215952",29,0,"1",2600,"D",195,"D",325,"D",520,"D",0,"D",.,"A",.,"A",2405,"D",0,"D",.,"A",.,"A",.,"A",.,"A"
"20154","03215962",73,0,"1",975,"D",130,"D",.,"A",325,"D",0,"D",.,"A",.,"A",845,"D",0,"D",.,"A",.,"A",.,"A",.,"A"
"20154","03215972",11,0,"1",1300,"D",650,"D",.,"A",0,"D",0,"D",.,"A",.,"A",650,"D",0,"D",40,"D",520,"D",.,"A",.,"A"
"20154","03216012",30,0,"1",520,"D",130,"D",.,"A",1430,"D",0,"D",.,"A",.,"A",390,"D",0,"D",.,"A",.,"A",.,"A",.,"A"
"20154","03216022",33,0,"1",1300,"D",260,"D",130,"D",650,"D",30,"D",.,"A",.,"A",1040,"D",15,"D",.,"A",.,"A",.,"A",.,"A"
"20154","03216032",25,0,"1",1950,"D",325,"D",.,"A",0,"D",0,"D",.,"A",.,"A",1625,"D",0,"D",.,"A",.,"A",.,"A",.,"A"
"20154","03216052",24,0,"1",260,"D",65,"D",.,"A",0,"D",0,"D",.,"A",.,"A",195,"D",0,"D",10,"D",130,"D",.,"A",.,"A"
"20154","03216062",34,0,"1",1950,"D",260,"D",.,"A",1300,"D",6,"D",.,"A",.,"A",1690,"D",60,"D",.,"A",.,"A",.,"A",.,"A"
"20154","03216072",66,0,"1",1950,"D",520,"D",260,"D",260,"D",15,"D",.,"A",30,"D",1430,"D",60,"D",.,"A",.,"A",.,"A",.,"A"
"20154","03216082",46,0,"1",884,"D",130,"D",.,"A",0,"D",0,"D",.,"A",.,"A",754,"D",345,"D",64,"D",832,"D",.,"A",.,"A"
"20154","03216092",20,0,"1",1950,"D",390,"D",650,"D",520,"D",0,"D",.,"A",.,"A",1560,"D",600,"D",12,"D",156,"D",.,"A",.,"A"
"20154","03216102",72,0,"1",1495,"D",195,"D",.,"A",195,"D",0,"D",.,"A",.,"A",1300,"D",54,"D",.,"A",.,"A",.,"A",.,"A"
"20154","03216112",52,0,"1",4550,"D",650,"D",.,"A",780,"D",180,"D",.,"A",.,"A",3900,"D",300,"D",.,"A",.,"A",.,"A",.,"A"
"20154","03216122",19,0,"1",2600,"D",650,"D",.,"A",390,"D",60,"D",.,"A",.,"A",1950,"D",150,"D",.,"A",.,"A",.,"A",.,"A"
"20154","03216142",31,0,"1",975,"D",130,"D",.,"A",0,"D",0,"D",.,"A",.,"A",845,"D",0,"D",.,"A",.,"A",.,"A",.,"A"
"20154","03216152",17,0,"1",1430,"D",130,"D",.,"A",325,"D",175,"F",.,"A",.,"A",1300,"D",191,"F",40,"D",520,"D",.,"A",.,"A"
"20154","03216172",71,0,"1",3900,"D",1300,"D",.,"A",3900,"D",900,"D",.,"A",.,"A",2600,"D",900,"D",.,"A",.,"A",.,"A",.,"A"
"20154","03216192",33,0,"1",1690,"D",650,"D",.,"A",1300,"D",0,"D",.,"A",.,"A",1040,"D",0,"D",.,"A",.,"A",.,"A",.,"A"
"20154","03216212",23,0,"1",0,"D",.,"A",.,"A",0,"D",0,"D",.,"A",.,"A",0,"D",0,"D",.,"A",.,"A",.,"A",.,"A"
"20154","03216222",20,0,"1",845,"D",156,"D",.,"A",520,"D",0,"D",.,"A",.,"A",689,"D",0,"D",.,"A",.,"A",.,"A",.,"A"
"20154","03216232",60,0,"1",1300,"D",650,"D",260,"D",650,"D",0,"D",.,"A",450,"D",650,"D",1500,"D",80,"D",1040,"D",130,"D",10,"D"
"20154","03216252",38,0,"1",650,"D",130,"D",650,"D",195,"D",0,"D",.,"A",.,"A",520,"D",0,"D",.,"A",.,"A",.,"A",.,"A"
"20154","03216272",26,0,"1",650,"D",65,"D",.,"A",0,"D",0,"D",.,"A",.,"A",585,"D",0,"D",.,"A",.,"A",.,"A",.,"A"
"20154","03216282",41,0,"1",1300,"D",260,"D",.,"A",130,"D",0,"D",.,"A",.,"A",1040,"D",0,"D",.,"A",.,"A",.,"A",.,"A"
"20154","03216292",25,0,"1",1300,"D",195,"D",.,"A",650,"D",60,"D",.,"A",.,"A",1105,"D",60,"D",.,"A",.,"A",206,"F",.,"C"
"20154","03216312",35,0,"1",1950,"D",390,"D",.,"A",1300,"D",0,"D",.,"A",.,"A",1560,"D",300,"D",.,"A",.,"A",.,"A",.,"A"
"20154","03216322",32,0,"1",1950,"D",390,"D",.,"A",1170,"D",0,"D",.,"A",.,"A",1560,"D",900,"D",.,"A",.,"A",.,"A",.,"A"
"20154","03216332",49,0,"1",1300,"D",260,"D",.,"A",1300,"D",30,"D",.,"A",.,"A",1040,"D",0,"D",.,"A",.,"A",.,"A",.,"A"
"20154","03216342",27,0,"1",2600,"D",520,"D",.,"A",0,"D",0,"D",.,"A",.,"A",2080,"D",0,"D",.,"A",.,"A",.,"A",.,"A"
"20154","03216362",39,0,"1",1300,"D",208,"D",.,"A",0,"D",6,"D",.,"A",.,"A",1092,"D",36,"D",6,"D",78,"D",.,"A",.,"A"
"20154","03216382",25,0,"1",1950,"D",520,"D",.,"A",390,"D",0,"D",.,"A",.,"A",1430,"D",0,"D",.,"A",.,"A",.,"A",.,"A"
"20154","03216392",63,0,"1",2080,"D",520,"D",.,"A",1430,"D",300,"D",.,"A",150,"D",1560,"D",30,"D",.,"A",.,"A",.,"A",.,"A"
"20154","03216422",41,0,"1",1950,"D",325,"D",.,"A",0,"D",0,"D",.,"A",.,"A",1625,"D",180,"D",40,"D",520,"D",.,"A",.,"A"
"20154","03216432",29,0,"1",390,"D",0,"D",130,"D",156,"D",0,"D",.,"A",.,"A",390,"D",0,"D",.,"A",.,"A",.,"A",.,"A"
"20154","03216442",80,0,"1",1690,"D",195,"D",104,"D",390,"D",0,"D",.,"A",.,"A",1495,"D",150,"D",.,"A",.,"A",.,"A",.,"A"
"20154","03216452",15,0,"1",1300,"D",0,"D",.,"A",0,"D",0,"D",.,"A",.,"A",1300,"D",0,"D",10,"D",130,"D",.,"A",.,"A"
"20154","03216502",23,0,"1",3900,"D",0,"D",.,"A",650,"D",150,"D",.,"A",.,"A",3900,"D",0,"D",.,"A",.,"A",.,"A",.,"A"
"20154","03216512",25,0,"1",3900,"D",1950,"D",.,"A",650,"D",0,"D",.,"A",200,"D",1950,"D",0,"D",50,"D",650,"D",.,"A",.,"A"
"20154","03216522",13,0,"1",1300,"D",520,"D",.,"A",156,"D",0,"D",.,"A",.,"A",780,"D",0,"D",.,"A",.,"A",.,"A",.,"A"
"20154","03216552",24,0,"1",520,"D",130,"D",.,"A",0,"D",0,"D",.,"A",.,"A",390,"D",0,"D",.,"A",.,"A",.,"A",.,"A"
"20154","03216572",35,0,"1",1625,"D",325,"D",65,"D",65,"D",0,"D",.,"A",.,"A",1300,"D",0,"D",.,"A",.,"A",.,"A",.,"A"
"20154","03216582",15,0,"1",1300,"D",325,"D",65,"D",130,"D",15,"D",.,"A",.,"A",975,"D",60,"D",.,"A",.,"A",.,"A",.,"A"
"20154","03216602",25,0,"1",1300,"D",390,"D",.,"A",260,"D",0,"D",.,"A",.,"A",910,"D",0,"D",50,"D",650,"D",.,"A",.,"A"
"20154","03216612",36,0,"1",975,"D",130,"D",.,"A",130,"D",0,"D",.,"A",.,"A",845,"D",0,"D",.,"A",.,"A",.,"A",.,"A"
"20154","03216632",57,0,"1",1300,"D",0,"D",.,"A",1300,"D",900,"D",.,"A",.,"A",1300,"D",120,"D",.,"A",.,"A",.,"A",.,"A"
"20154","03216652",44,0,"1",1300,"D",130,"D",.,"A",169,"D",0,"D",.,"A",.,"A",1170,"D",57,"D",.,"A",.,"A",.,"A",.,"A"
"20154","03216662",27,0,"1",1300,"D",130,"D",.,"A",1950,"D",6,"D",.,"A",.,"A",1170,"D",6,"D",.,"A",.,"A",.,"A",.,"A"
"20154","03227093",10,0,"1",1560,"D",130,"D",.,"A",520,"D",177,"F",.,"A",.,"A",1430,"D",162,"F",.,"A",.,"A",.,"A",.,"A"
"20154","03227132",32,0,"1",650,"D",0,"D",520,"D",91,"D",30,"D",.,"A",.,"A",650,"D",60,"D",.,"A",.,"A",.,"A",.,"A"
"20154","03227142",47,0,"1",1378,"D",65,"D",.,"A",130,"D",0,"D",.,"A",.,"A",1313,"D",6,"D",.,"A",.,"A",.,"A",.,"A"
"20154","03227162",19,0,"1",325,"D",130,"D",.,"A",1300,"D",30,"D",.,"A",.,"A",195,"D",120,"D",.,"A",.,"A",.,"A",.,"A"
"20154","03227192",30,0,"1",2600,"D",520,"D",.,"A",520,"D",0,"D",.,"A",.,"A",2080,"D",0,"D",.,"A",.,"A",.,"A",.,"A"
"20154","03227212",26,0,"1",2600,"D",650,"D",1300,"D",1560,"D",450,"D",.,"A",.,"A",1950,"D",300,"D",14,"D",182,"D",.,"A",.,"A"
"20154","03227252",46,0,"1",1560,"D",260,"D",.,"A",325,"D",0,"D",.,"A",.,"A",1300,"D",0,"D",.,"A",.,"A",.,"A",.,"A"
"20154","03227292",45,0,"1",1950,"D",325,"D",.,"A",650,"D",120,"D",.,"A",80,"D",1625,"D",180,"D",.,"A",.,"A",.,"A",.,"A"
"20154","03227302",25,0,"1",650,"D",130,"D",.,"A",260,"D",0,"D",.,"A",.,"A",520,"D",0,"D",.,"A",.,"A",.,"A",.,"A"
"20154","03227332",24,0,"1",1625,"D",585,"D",.,"A",325,"D",0,"D",.,"A",.,"A",1040,"D",0,"D",.,"A",.,"A",.,"A",.,"A"
"20154","03227362",34,0,"1",1950,"D",325,"D",.,"A",325,"D",30,"D",.,"A",10,"D",1625,"D",120,"D",.,"A",.,"A",.,"A",.,"A"
"20154","03227392",27,0,"1",650,"D",130,"D",130,"D",260,"D",0,"D",.,"A",.,"A",520,"D",60,"D",.,"A",.,"A",.,"A",.,"A"
"20154","03227402",57,0,"1",3900,"D",780,"D",650,"D",780,"D",0,"D",.,"A",30,"D",3120,"D",240,"D",.,"A",.,"A",.,"A",.,"A"
"20154","03227414",13,0,"1",130,"D",130,"D",.,"A",0,"D",0,"D",.,"A",.,"A",0,"D",0,"D",.,"A",.,"A",.,"A",.,"A"
"20154","03227422",32,0,"1",1300,"D",260,"D",.,"A",1300,"D",0,"D",.,"A",.,"A",1040,"D",0,"D",.,"A",.,"A",.,"A",.,"A"
"20154","03227432",36,0,"1",650,"D",65,"D",.,"A",260,"D",0,"D",.,"A",.,"A",585,"D",180,"D",.,"A",.,"A",.,"A",.,"A"
"20154","03227442",26,0,"1",1950,"D",520,"D",.,"A",1300,"D",120,"D",.,"A",.,"A",1430,"D",96,"D",.,"A",.,"A",.,"A",.,"A"
"20154","03227462",28,0,"1",325,"D",0,"D",.,"A",417,"F",0,"D",.,"A",.,"A",325,"D",0,"D",.,"A",.,"A",.,"A",.,"A"
"20154","03227472",22,0,"1",780,"D",130,"D",.,"A",130,"D",0,"D",.,"A",.,"A",650,"D",0,"D",.,"A",.,"A",.,"A",.,"A"
"20154","03227482",47,0,"1",3250,"D",650,"D",.,"A",1300,"D",9,"D",.,"A",455,"D",2600,"D",9,"D",.,"A",.,"A",.,"A",.,"A"
"20154","03227502",16,0,"1",2600,"D",520,"D",650,"D",0,"D",60,"D",.,"A",.,"A",2080,"D",0,"D",.,"A",.,"A",.,"A",.,"A"
"20154","03227562",14,0,"1",0,"D",.,"A",.,"A",0,"D",0,"D",.,"A",.,"A",0,"D",0,"D",2,"D",26,"D",.,"A",.,"A"
"20154","03227582",50,0,"1",1950,"D",390,"D",650,"D",1300,"D",30,"D",.,"A",120,"D",1560,"D",300,"D",.,"A",.,"A",.,"A",.,"A"
"20154","03227622",25,0,"1",1950,"D",390,"D",.,"A",260,"D",0,"D",.,"A",.,"A",1560,"D",0,"D",100,"D",1300,"D",.,"A",.,"A"
"20154","03227632",56,0,"1",2925,"D",975,"D",.,"A",455,"D",0,"D",.,"A",.,"A",1950,"D",60,"D",.,"A",.,"A",.,"A",.,"A"
"20154","03227662",49,0,"1",975,"D",260,"D",130,"D",1300,"D",360,"D",.,"A",.,"A",715,"D",150,"D",.,"A",.,"A",.,"A",.,"A"
"20154","03227672",26,0,"1",1170,"D",520,"D",390,"D",910,"D",150,"D",.,"A",.,"A",650,"D",60,"D",.,"A",.,"A",.,"A",.,"A"
"20154","03227682",27,0,"1",650,"D",130,"D",.,"A",130,"D",30,"D",.,"A",.,"A",520,"D",60,"D",.,"A",.,"A",.,"A",.,"A"
"20154","03227712",40,0,"1",1300,"D",260,"D",.,"A",260,"D",0,"D",.,"A",.,"A",1040,"D",0,"D",.,"A",.,"A",.,"A",.,"A"
"20154","03227762",6,0,"1",1625,"D",207,"F",.,"A",416,"F",100,"F",.,"A",.,"A",723,"F",98,"F",.,"A",.,"A",.,"A",.,"A"
"20154","03227772",7,0,"1",2600,"D",325,"D",.,"A",0,"D",0,"D",.,"A",.,"A",2275,"D",0,"D",.,"A",.,"A",.,"A",.,"A"
"20154","03227782",37,0,"1",1625,"D",520,"D",780,"D",780,"D",150,"D",.,"A",600,"D",1105,"D",90,"D",10,"D",130,"D",.,"A",.,"A"
"20154","03227793",15,0,"1",975,"D",325,"D",.,"A",156,"D",0,"D",.,"A",.,"A",650,"D",60,"D",40,"D",520,"D",.,"A",.,"A"
"20154","03227812",29,0,"1",390,"D",260,"D",.,"A",780,"D",0,"D",.,"A",.,"A",130,"D",6,"D",70,"D",910,"D",.,"A",.,"A"
"20154","03227822",80,0,"1",1625,"D",390,"D",.,"A",650,"D",0,"D",.,"A",.,"A",1235,"D",0,"D",20,"D",260,"D",.,"A",.,"A"
"20154","03227832",32,0,"1",780,"D",130,"D",195,"D",0,"D",0,"D",.,"A",.,"A",650,"D",180,"D",.,"A",.,"A",.,"A",.,"A"
"20154","03227852",17,0,"1",780,"D",325,"D",.,"A",0,"D",0,"D",.,"A",.,"A",455,"D",0,"D",25,"D",325,"D",.,"A",.,"A"
"20154","03227892",54,0,"1",1300,"D",195,"D",130,"D",195,"D",0,"D",.,"A",.,"A",1105,"D",0,"D",.,"A",.,"A",.,"A",.,"A"
"20154","03227912",28,0,"1",2600,"D",650,"D",.,"A",975,"D",0,"D",.,"A",.,"A",1950,"D",240,"D",80,"D",1040,"D",.,"A",.,"A"
"20154","03227942",70,0,"1",1950,"D",676,"D",195,"D",1300,"D",150,"D",.,"A",.,"A",1274,"D",180,"D",7,"D",91,"D",.,"A",.,"A"
"20154","03227952",56,0,"1",2600,"D",325,"D",.,"A",1820,"D",0,"D",.,"A",.,"A",2275,"D",120,"D",.,"A",.,"A",.,"A",.,"A"
"20154","03227962",34,0,"1",455,"D",130,"D",.,"A",78,"D",60,"D",.,"A",.,"A",325,"D",45,"D",.,"A",.,"A",.,"A",.,"A"
"20154","03227972",20,0,"1",780,"D",207,"F",.,"A",416,"F",0,"D",.,"A",.,"A",723,"F",0,"D",.,"A",.,"A",.,"A",.,"A"
"20154","03227992",20,0,"1",900,"F",.,"A",.,"A",0,"D",0,"D",.,"A",.,"A",723,"F",0,"D",.,"A",.,"A",.,"A",.,"A"
"20154","03228002",18,0,"1",520,"D",0,"D",.,"A",0,"D",0,"D",.,"A",.,"A",520,"D",0,"D",.,"A",.,"A",.,"A",.,"A"
"20154","03228012",28,0,"1",1040,"D",338,"D",.,"A",0,"D",0,"D",.,"A",.,"A",702,"D",0,"D",20,"D",260,"D",.,"A",.,"A"
"20154","03228122",20,0,"1",585,"D",195,"D",.,"A",1040,"D",0,"D",.,"A",.,"A",390,"D",45,"D",.,"A",.,"A",.,"A",.,"A"
"20154","03228132",19,0,"1",650,"D",130,"D",.,"A",260,"D",0,"D",.,"A",.,"A",520,"D",30,"D",.,"A",.,"A",.,"A",.,"A"
"20154","03228202",31,0,"1",1300,"D",130,"D",130,"D",780,"D",0,"D",.,"A",.,"A",1170,"D",0,"D",.,"A",.,"A",.,"A",.,"A"
"20154","03228233",13,0,"1",390,"D",130,"D",.,"A",195,"D",30,"D",.,"A",.,"A",260,"D",60,"D",.,"A",.,"A",.,"A",.,"A"
"20154","03228242",20,0,"1",650,"D",65,"D",39,"D",65,"D",0,"D",.,"A",.,"A",585,"D",30,"D",30,"D",390,"D",.,"A",.,"A"
"20154","03228262",23,0,"1",520,"D",260,"D",.,"A",390,"D",0,"D",.,"A",.,"A",260,"D",0,"D",.,"A",.,"A",.,"A",.,"A"
"20154","03228272",34,0,"1",910,"D",195,"D",.,"A",650,"D",0,"D",.,"A",.,"A",715,"D",15,"D",.,"A",.,"A",.,"A",.,"A"
"20154","03228282",62,0,"1",1911,"D",520,"D",1040,"D",1040,"D",150,"D",.,"A",.,"A",1391,"D",60,"D",.,"A",.,"A",.,"A",.,"A"
"20154","03228292",21,0,"1",1300,"D",195,"D",.,"A",650,"D",0,"D",.,"A",.,"A",1105,"D",0,"D",.,"A",.,"A",.,"A",.,"A"
"20154","03228302",63,0,"1",2769,"D",650,"D",.,"A",1950,"D",225,"D",.,"A",.,"A",2119,"D",195,"D",.,"A",.,"A",.,"A",.,"A"
"20154","03228314",14,0,"1",650,"D",39,"D",.,"A",130,"D",45,"D",.,"A",.,"A",611,"D",45,"D",.,"A",.,"A",.,"A",.,"A"
"20154","03228344",30,0,"1",650,"D",260,"D",.,"A",0,"D",0,"D",.,"A",.,"A",390,"D",0,"D",.,"A",.,"A",.,"A",.,"A"
"20154","03228352",33,0,"1",715,"D",65,"D",.,"A",195,"D",0,"D",.,"A",.,"A",650,"D",54,"D",.,"A",.,"A",.,"A",.,"A"
"20154","03228392",46,0,"1",2600,"D",650,"D",.,"A",1300,"D",0,"D",.,"A",.,"A",1950,"D",0,"D",.,"A",.,"A",.,"A",.,"A"
"20154","03228422",55,0,"1",1950,"D",325,"D",.,"A",650,"D",60,"D",.,"A",.,"A",1625,"D",45,"D",.,"A",.,"A",.,"A",.,"A"
"20154","03228442",26,0,"1",1950,"D",910,"D",260,"D",1625,"D",60,"D",.,"A",.,"A",1040,"D",150,"D",.,"A",.,"A",.,"A",.,"A"
"20154","03228462",29,0,"1",1300,"D",0,"D",.,"A",1300,"D",60,"D",.,"A",.,"A",1300,"D",120,"D",.,"A",.,"A",.,"A",.,"A"
"20154","03228472",15,0,"1",650,"D",130,"D",.,"A",260,"D",450,"D",.,"A",.,"A",520,"D",300,"D",.,"A",.,"A",.,"A",.,"A"
"20154","03228482",28,0,"1",1950,"D",325,"D",.,"A",1560,"D",0,"D",.,"A",.,"A",1625,"D",0,"D",.,"A",.,"A",.,"A",.,"A"
"20154","03228512",33,0,"1",3250,"D",1300,"D",260,"D",260,"D",0,"D",.,"A",0,"D",1950,"D",15,"D",.,"A",.,"A",.,"A",.,"A"
"20154","03228522",10,0,"1",1950,"D",365,"F",.,"A",500,"F",0,"D",324,"F",.,"A",1164,"F",0,"D",.,"A",.,"A",.,"A",.,"A"
"20154","03228542",37,0,"1",1105,"D",325,"D",.,"A",975,"D",0,"D",.,"A",.,"A",780,"D",0,"D",.,"A",.,"A",.,"A",.,"A"
"20154","03228562",29,0,"1",975,"D",130,"D",.,"A",1625,"D",150,"D",.,"A",.,"A",845,"D",150,"D",.,"A",.,"A",.,"A",.,"A"
"20154","03228582",19,0,"1",975,"D",195,"D",156,"D",390,"D",0,"D",.,"A",.,"A",780,"D",0,"D",.,"A",.,"A",.,"A",.,"A"
"20154","03228592",62,0,"1",2275,"D",390,"D",.,"A",650,"D",120,"D",.,"A",.,"A",1885,"D",0,"D",.,"A",.,"A",.,"A",.,"A"
"20154","03228602",37,0,"1",1950,"D",0,"D",.,"A",1300,"D",0,"D",168,"D",.,"A",1950,"D",0,"D",.,"A",.,"A",.,"A",.,"A"
"20154","03228642",21,0,"1",910,"D",0,"D",.,"A",520,"D",0,"D",.,"A",.,"A",910,"D",0,"D",.,"A",.,"A",.,"A",.,"A"
"20154","03228652",33,0,"1",1950,"D",390,"D",.,"A",0,"D",30,"D",.,"A",.,"A",1560,"D",75,"D",20,"D",260,"D",.,"A",.,"A"
"20154","03228662",55,0,"1",2600,"D",260,"D",390,"D",650,"D",75,"D",.,"A",.,"A",2340,"D",150,"D",.,"A",.,"A",.,"A",.,"A"
"20154","03228702",19,0,"1",1300,"D",260,"D",.,"A",0,"D",0,"D",.,"A",.,"A",1040,"D",0,"D",.,"A",.,"A",.,"A",.,"A"
"20154","03228712",27,0,"1",1625,"D",845,"D",650,"D",260,"D",0,"D",.,"A",.,"A",780,"D",0,"D",.,"A",.,"A",.,"A",.,"A"
"20154","03228722",52,0,"1",1300,"D",390,"D",.,"A",260,"D",0,"D",.,"A",.,"A",910,"D",0,"D",40,"D",520,"D",143,"D",11,"D"
"20154","03228732",9,0,"1",975,"D",130,"D",.,"A",130,"D",0,"D",.,"A",.,"A",845,"D",0,"D",.,"A",.,"A",.,"A",.,"A"
"20154","03228812",17,0,"1",2600,"D",260,"D",.,"A",0,"D",0,"D",.,"A",.,"A",2340,"D",0,"D",.,"A",.,"A",.,"A",.,"A"
"20154","03228822",36,0,"1",1690,"D",65,"D",.,"A",208,"D",0,"D",.,"A",.,"A",1625,"D",0,"D",118,"D",1534,"D",.,"A",.,"A"
"20154","03228842",37,0,"1",975,"D",312,"D",.,"A",0,"D",0,"D",.,"A",.,"A",663,"D",0,"D",.,"A",.,"A",.,"A",.,"A"
"20154","03228852",22,0,"1",1950,"D",260,"D",.,"A",260,"D",0,"D",.,"A",.,"A",1690,"D",0,"D",.,"A",.,"A",.,"A",.,"A"
"20154","03228862",23,0,"1",494,"D",130,"D",.,"A",325,"D",0,"D",.,"A",.,"A",364,"D",0,"D",.,"A",.,"A",.,"A",.,"A"
"20154","03228882",26,0,"1",1690,"D",520,"D",.,"A",390,"D",0,"D",.,"A",.,"A",1170,"D",75,"D",.,"A",.,"A",.,"A",.,"A"
"20154","03228895",19,0,"1",1560,"D",260,"D",.,"A",390,"D",0,"D",.,"A",.,"A",1300,"D",0,"D",.,"A",.,"A",.,"A",.,"A"
"20154","03228902",28,0,"1",1040,"D",975,"D",.,"A",455,"D",120,"D",.,"A",.,"A",65,"D",0,"D",.,"A",.,"A",.,"A",.,"A"
"20154","03228922",20,0,"1",195,"D",0,"D",.,"A",0,"D",0,"D",.,"A",.,"A",195,"D",0,"D",.,"A",.,"A",.,"A",.,"A"
"20154","03228935",23,0,"1",5200,"D",260,"D",.,"A",0,"D",0,"D",.,"A",.,"A",4940,"D",60,"D",.,"A",.,"A",.,"A",.,"A"
"20154","03228963",21,0,"1",195,"D",26,"D",.,"A",26,"D",0,"D",.,"A",.,"A",169,"D",0,"D",.,"A",.,"A",.,"A",.,"A"
"20154","03228982",15,0,"1",650,"D",65,"D",.,"A",195,"D",0,"D",.,"A",.,"A",585,"D",0,"D",.,"A",.,"A",.,"A",.,"A"
"20154","03228992",24,0,"1",845,"D",260,"D",.,"A",260,"D",0,"D",.,"A",.,"A",585,"D",0,"D",50,"D",650,"D",233,"F",.,"C"
"20154","03229002",33,0,"1",390,"D",65,"D",.,"A",260,"D",0,"D",.,"A",.,"A",325,"D",0,"D",.,"A",.,"A",.,"A",.,"A"
"20154","03229032",38,0,"1",2600,"D",650,"D",.,"A",390,"D",0,"D",.,"A",.,"A",1950,"D",0,"D",.,"A",.,"A",.,"A",.,"A"
"20154","03229062",25,0,"1",1300,"D",195,"D",.,"A",520,"D",0,"D",.,"A",.,"A",1105,"D",300,"D",28,"D",364,"D",.,"A",.,"A"
"20154","03229082",26,0,"1",1560,"D",520,"D",.,"A",390,"D",0,"D",.,"A",.,"A",1040,"D",0,"D",.,"A",.,"A",.,"A",.,"A"
"20154","03229102",77,0,"1",1560,"D",260,"D",195,"D",130,"D",0,"D",.,"A",.,"A",1300,"D",0,"D",.,"A",.,"A",.,"A",.,"A"
"20154","03229142",8,0,"1",520,"D",207,"F",.,"A",416,"F",100,"F",.,"A",.,"A",723,"F",98,"F",.,"A",.,"A",.,"A",.,"A"
"20154","03229162",33,0,"1",845,"D",260,"D",.,"A",0,"D",0,"D",.,"A",.,"A",585,"D",0,"D",.,"A",.,"A",.,"A",.,"A"
"20154","03229202",75,0,"1",1638,"D",130,"D",.,"A",715,"D",90,"D",.,"A",.,"A",1508,"D",0,"D",.,"A",.,"A",.,"A",.,"A"
"20154","03229272",48,0,"1",2015,"D",455,"D",.,"A",1300,"D",0,"D",.,"A",.,"A",1560,"D",0,"D",.,"A",.,"A",.,"A",.,"A"
"20154","03229292",52,0,"1",1950,"D",520,"D",.,"A",1040,"D",120,"D",.,"A",.,"A",1430,"D",300,"D",120,"D",1560,"D",0,"D",0,"D"
"20154","03229312",43,0,"1",1300,"D",260,"D",390,"D",455,"D",300,"D",.,"A",.,"A",1040,"D",90,"D",50,"D",650,"D",182,"D",14,"D"
"20154","03229362",30,0,"1",1459,"F",.,"A",.,"A",535,"F",0,"D",.,"A",.,"A",1152,"F",0,"D",.,"A",.,"A",.,"A",.,"A"
"20154","03229384",18,0,"1",325,"D",0,"D",.,"A",260,"D",0,"D",.,"A",.,"A",325,"D",0,"D",.,"A",.,"A",26,"D",2,"D"
"20154","03229392",41,0,"1",1625,"D",650,"D",.,"A",0,"D",0,"D",.,"A",.,"A",975,"D",0,"D",.,"A",.,"A",.,"A",.,"A"
"20154","03229412",38,0,"1",1950,"D",363,"F",.,"A",65,"D",0,"D",.,"A",.,"A",1654,"F",0,"D",10,"D",130,"D",.,"A",.,"A"
"20154","03229422",38,0,"1",520,"D",104,"D",.,"A",650,"D",300,"D",.,"A",.,"A",416,"D",300,"D",15,"D",195,"D",.,"A",.,"A"
"20154","03229452",39,0,"1",1950,"D",650,"D",.,"A",260,"D",0,"D",.,"A",.,"A",1300,"D",0,"D",.,"A",.,"A",.,"A",.,"A"
"20154","03229482",12,0,"1",2065,"F",.,"A",.,"A",650,"D",0,"D",.,"A",.,"A",1741,"F",0,"D",.,"A",.,"A",.,"A",.,"A"
"20154","03229492",29,0,"1",1950,"D",260,"D",260,"D",780,"D",0,"D",.,"A",.,"A",1690,"D",0,"D",.,"A",.,"A",.,"A",.,"A"
"20154","03229522",94,0,"1",1560,"D",520,"D",.,"A",650,"D",0,"D",.,"A",.,"A",1040,"D",72,"D",.,"A",.,"A",.,"A",.,"A"
"20154","03229532",48,0,"1",1549,"F",.,"A",339,"F",870,"F",175,"F",.,"A",.,"A",1261,"F",191,"F",.,"A",.,"A",.,"A",.,"A"
"20154","03229552",54,0,"1",1950,"D",325,"D",.,"A",975,"D",0,"D",.,"A",275,"D",1625,"D",0,"D",.,"A",.,"A",.,"A",.,"A"
"20154","03229575",11,0,"1",650,"D",65,"D",.,"A",650,"D",0,"D",.,"A",.,"A",585,"D",0,"D",.,"A",.,"A",.,"A",.,"A"
"20154","03229592",38,0,"1",1560,"D",325,"D",.,"A",1040,"D",0,"D",.,"A",.,"A",1235,"D",0,"D",.,"A",.,"A",.,"A",.,"A"
"20154","03229602",27,0,"1",2379,"D",390,"D",.,"A",0,"D",0,"D",.,"A",20,"D",1989,"D",75,"D",56,"D",728,"D",.,"A",.,"A"
"20154","03229612",25,0,"1",1300,"D",130,"D",.,"A",1300,"D",300,"D",.,"A",.,"A",1170,"D",300,"D",100,"D",1300,"D",.,"A",.,"A"
"20154","03229622",32,0,"1",1625,"D",260,"D",260,"D",650,"D",0,"D",.,"A",.,"A",1365,"D",0,"D",.,"A",.,"A",.,"A",.,"A"
"20154","03229642",43,0,"1",1300,"D",260,"D",.,"A",650,"D",45,"D",.,"A",.,"A",1040,"D",120,"D",.,"A",.,"A",.,"A",.,"A"
"20154","03229652",52,0,"1",780,"D",260,"D",.,"A",650,"D",150,"D",.,"A",.,"A",520,"D",0,"D",.,"A",.,"A",.,"A",.,"A"
"20154","03229682",28,0,"1",1300,"D",650,"D",520,"D",650,"D",0,"D",.,"A",.,"A",650,"D",225,"D",.,"A",.,"A",.,"A",.,"A"
"20154","03229694",24,0,"1",520,"D",91,"D",.,"A",1625,"D",0,"D",.,"A",.,"A",429,"D",0,"D",.,"A",.,"A",.,"A",.,"A"
"20154","03229712",17,0,"1",2600,"D",390,"D",.,"A",2600,"D",300,"D",.,"A",.,"A",2210,"D",300,"D",.,"A",.,"A",.,"A",.,"A"
"20154","03229725",57,0,"1",1040,"D",65,"D",.,"A",91,"D",0,"D",.,"A",.,"A",975,"D",0,"D",.,"A",.,"A",.,"A",.,"A"
"20154","03229742",53,0,"1",1950,"D",195,"D",.,"A",1300,"D",180,"D",.,"A",.,"A",1755,"D",90,"D",.,"A",.,"A",.,"A",.,"A"
"20154","03229763",13,0,"1",260,"D",26,"D",.,"A",39,"D",0,"D",.,"A",.,"A",234,"D",0,"D",.,"A",.,"A",.,"A",.,"A"
"20154","03229795",14,0,"1",0,"D",.,"A",.,"A",130,"D",0,"D",.,"A",.,"A",0,"D",0,"D",.,"A",.,"A",.,"A",.,"A"
"20154","03229832",40,0,"1",1950,"D",650,"D",.,"A",325,"D",60,"D",.,"A",.,"A",1300,"D",900,"D",.,"A",.,"A",78,"D",6,"D"
"20154","03229842",29,0,"1",1820,"D",65,"D",.,"A",0,"D",0,"D",.,"A",240,"D",1755,"D",0,"D",.,"A",.,"A",.,"A",.,"A"
"20154","03229862",54,0,"1",1625,"D",325,"D",.,"A",650,"D",0,"D",.,"A",.,"A",1300,"D",0,"D",.,"A",.,"A",.,"A",.,"A"
"20154","03229872",40,0,"1",1755,"D",130,"D",.,"A",390,"D",0,"D",.,"A",.,"A",1625,"D",0,"D",.,"A",.,"A",.,"A",.,"A"
"20154","03229882",16,0,"1",650,"D",260,"D",.,"A",0,"D",0,"D",.,"A",.,"A",390,"D",0,"D",.,"A",.,"A",.,"A",.,"A"
"20154","03229902",28,0,"1",1950,"D",325,"D",.,"A",845,"D",150,"D",.,"A",.,"A",1625,"D",150,"D",.,"A",.,"A",.,"A",.,"A"
"20154","03229912",55,0,"1",689,"D",385,"F",.,"A",1235,"D",180,"D",.,"A",.,"A",1478,"F",90,"D",.,"A",.,"A",.,"A",.,"A"
"20154","03229923",20,0,"1",299,"D",13,"D",52,"D",13,"D",0,"D",.,"A",.,"A",286,"D",0,"D",.,"A",.,"A",.,"A",.,"A"
"20154","03229932",16,0,"1",1300,"D",260,"D",.,"A",0,"D",0,"D",.,"A",.,"A",1040,"D",0,"D",.,"A",.,"A",.,"A",.,"A"
"20154","03229942",29,0,"1",650,"D",325,"D",.,"A",39,"D",0,"D",.,"A",.,"A",325,"D",0,"D",.,"A",.,"A",.,"A",.,"A"
"20154","03229952",42,0,"1",1768,"D",78,"D",.,"A",325,"D",0,"D",.,"A",.,"A",1690,"D",90,"D",.,"A",.,"A",.,"A",.,"A"
"20154","03229962",18,0,"1",923,"D",130,"D",26,"D",130,"D",0,"D",.,"A",.,"A",793,"D",0,"D",.,"A",.,"A",.,"A",.,"A"
"20154","03229982",26,0,"1",260,"D",26,"D",.,"A",195,"D",0,"D",.,"A",.,"A",234,"D",0,"D",.,"A",.,"A",.,"A",.,"A"
"20154","03230002",8,0,"1",520,"D",260,"D",.,"A",260,"D",0,"D",.,"A",.,"A",260,"D",0,"D",.,"A",.,"A",.,"A",.,"A"
"20154","03230032",39,0,"1",1300,"D",260,"D",.,"A",195,"D",120,"D",.,"A",.,"A",1040,"D",150,"D",.,"A",.,"A",260,"D",20,"D"
"20154","03230052",59,0,"1",1001,"D",130,"D",.,"A",2249,"D",0,"D",.,"A",.,"A",871,"D",0,"D",.,"A",.,"A",.,"A",.,"A"
"20154","03230072",60,0,"1",2600,"D",1300,"D",.,"A",1950,"D",0,"D",.,"A",.,"A",1300,"D",300,"D",.,"A",.,"A",.,"A",.,"A"
"20154","03230104",14,0,"1",910,"D",91,"D",.,"A",260,"D",0,"D",.,"A",.,"A",819,"D",0,"D",.,"A",.,"A",.,"A",.,"A"
"20154","03230112",25,0,"1",1300,"D",260,"D",260,"D",1040,"D",0,"D",.,"A",.,"A",1040,"D",90,"D",42,"D",546,"D",.,"A",.,"A"
"20154","03230132",54,0,"1",2600,"D",455,"D",.,"A",325,"D",0,"D",.,"A",.,"A",2145,"D",0,"D",70,"D",910,"D",.,"A",.,"A"
"20154","03230142",17,0,"1",1950,"D",520,"D",.,"A",390,"D",0,"D",.,"A",.,"A",1430,"D",0,"D",30,"D",390,"D",.,"A",.,"A"
"20154","03230152",11,0,"1",1459,"F",.,"A",.,"A",535,"F",120,"F",.,"A",.,"A",1152,"F",140,"F",.,"A",.,"A",.,"A",.,"A"
"20154","03230162",89,0,"1",3380,"D",130,"D",.,"A",0,"D",192,"D",.,"A",.,"A",3250,"D",105,"D",.,"A",.,"A",.,"A",.,"A"
"20154","03230182",17,0,"1",1300,"D",401,"F",.,"A",0,"D",0,"D",.,"A",.,"A",1741,"F",0,"D",.,"A",.,"A",.,"A",.,"A"
"20154","03230192",18,0,"1",2065,"F",.,"A",.,"A",749,"F",139,"F",.,"A",.,"A",1741,"F",133,"F",.,"A",.,"A",.,"A",.,"A"
"20154","03230202",27,0,"1",585,"D",0,"D",.,"A",260,"D",0,"D",.,"A",.,"A",585,"D",0,"D",10,"D",130,"D",.,"A",.,"A"
"20154","03230272",22,0,"1",260,"D",65,"D",.,"A",0,"D",0,"D",.,"A",.,"A",195,"D",0,"D",.,"A",.,"A",.,"A",.,"A"
"20154","03230302",37,0,"1",3900,"D",650,"D",.,"A",520,"D",0,"D",.,"A",.,"A",3250,"D",0,"D",.,"A",.,"A",.,"A",.,"A"
"20154","03230342",21,0,"1",1300,"D",260,"D",.,"A",0,"D",0,"D",.,"A",.,"A",1040,"D",0,"D",.,"A",.,"A",.,"A",.,"A"
"20154","03230355",42,0,"1",1950,"D",195,"D",.,"A",65,"D",0,"D",.,"A",.,"A",1755,"D",0,"D",.,"A",.,"A",.,"A",.,"A"
"20154","03230362",31,0,"1",1950,"D",260,"D",.,"A",312,"D",45,"D",.,"A",60,"D",1690,"D",30,"D",.,"A",.,"A",.,"A",.,"A"
"20154","03230372",34,0,"1",975,"D",130,"D",.,"A",650,"D",0,"D",.,"A",.,"A",845,"D",0,"D",.,"A",.,"A",.,"A",.,"A"
"20154","03230383",25,0,"1",1105,"D",650,"D",.,"A",390,"D",300,"D",.,"A",.,"A",455,"D",600,"D",.,"A",.,"A",585,"D",45,"D"
"20154","03230402",43,0,"1",455,"D",65,"D",.,"A",195,"D",0,"D",.,"A",.,"A",390,"D",0,"D",.,"A",.,"A",.,"A",.,"A"
"20154","03230452",41,0,"1",975,"D",0,"D",.,"A",0,"D",0,"D",.,"A",.,"A",975,"D",300,"D",31,"D",403,"D",.,"A",.,"A"
"20154","03230472",20,0,"1",1820,"D",471,"F",.,"A",1300,"D",0,"D",.,"A",.,"A",1879,"F",0,"D",.,"A",.,"A",.,"A",.,"A"
"20154","03230492",26,0,"1",1300,"D",260,"D",.,"A",650,"D",0,"D",.,"A",.,"A",1040,"D",0,"D",.,"A",.,"A",91,"D",7,"D"
"20154","03230512",36,0,"1",1300,"D",0,"D",.,"A",650,"D",0,"D",.,"A",.,"A",1300,"D",0,"D",.,"A",.,"A",195,"D",15,"D"
"20154","03230522",18,0,"1",1040,"D",117,"D",.,"A",650,"D",0,"D",.,"A",.,"A",923,"D",0,"D",.,"A",.,"A",.,"A",.,"A"
"20154","03230542",63,0,"1",3055,"D",455,"D",.,"A",156,"D",0,"D",.,"A",160,"D",2600,"D",0,"D",.,"A",.,"A",.,"A",.,"A"
"20154","03230592",34,0,"1",1950,"D",471,"F",.,"A",260,"D",60,"D",.,"A",.,"A",1879,"F",60,"D",.,"A",.,"A",.,"A",.,"A"
"20154","03230632",23,0,"1",975,"D",130,"D",.,"A",390,"D",0,"D",.,"A",.,"A",845,"D",0,"D",.,"A",.,"A",.,"A",.,"A"
"20154","03230652",33,0,"1",2925,"D",975,"D",.,"A",130,"D",0,"D",.,"A",.,"A",1950,"D",30,"D",.,"A",.,"A",.,"A",.,"A"
"20154","03230672",59,0,"1",2600,"D",650,"D",.,"A",1560,"D",30,"D",.,"A",300,"D",1950,"D",90,"D",.,"A",.,"A",.,"A",.,"A"
"20154","03230682",17,0,"1",1950,"D",390,"D",.,"A",0,"D",0,"D",.,"A",.,"A",1560,"D",0,"D",60,"D",780,"D",.,"A",.,"A"
"20154","03230702",32,0,"1",2015,"D",0,"D",325,"D",260,"D",0,"D",195,"D",.,"A",2015,"D",450,"D",.,"A",.,"A",.,"A",.,"A"
"20154","03230722",6,0,"1",2271,"F",.,"A",.,"A",744,"F",139,"F",.,"A",.,"A",1879,"F",160,"F",.,"A",.,"A",.,"A",.,"A"
"20154","03230742",16,0,"1",1300,"D",353,"F",339,"F",870,"F",0,"D",.,"A",.,"A",1261,"F",0,"D",.,"A",.,"A",.,"A",.,"A"
"20154","03230772",22,0,"1",1300,"D",65,"D",.,"A",0,"D",0,"D",.,"A",.,"A",1235,"D",0,"D",25,"D",325,"D",.,"A",.,"A"
"20154","03230782",37,0,"1",3900,"D",975,"D",.,"A",2600,"D",150,"D",.,"A",120,"D",2925,"D",300,"D",.,"A",.,"A",.,"A",.,"A"
"20154","03230792",60,0,"1",975,"D",325,"D",.,"A",390,"D",15,"D",.,"A",104,"D",650,"D",150,"D",.,"A",.,"A",.,"A",.,"A"
"20154","03230832",29,0,"1",1950,"D",325,"D",.,"A",1300,"D",0,"D",.,"A",.,"A",1625,"D",0,"D",.,"A",.,"A",.,"A",.,"A"
"20154","03230872",23,0,"1",1950,"D",650,"D",.,"A",0,"D",0,"D",.,"A",.,"A",1300,"D",60,"D",.,"A",.,"A",.,"A",.,"A"
"20154","03230922",30,0,"1",3250,"D",780,"D",156,"D",1300,"D",0,"D",.,"A",.,"A",2470,"D",180,"D",.,"A",.,"A",.,"A",.,"A"
"20154","03230932",24,0,"1",975,"D",260,"D",.,"A",130,"D",150,"D",.,"A",.,"A",715,"D",120,"D",.,"A",.,"A",.,"A",.,"A"
"20154","03230942",24,0,"1",1950,"D",0,"D",.,"A",0,"D",0,"D",.,"A",.,"A",1950,"D",0,"D",.,"A",.,"A",.,"A",.,"A"
"20154","03230952",40,0,"1",1820,"D",260,"D",.,"A",520,"D",0,"D",.,"A",.,"A",1560,"D",0,"D",150,"D",1950,"D",.,"A",.,"A"
"20154","03230962",24,0,"1",650,"D",130,"D",390,"D",520,"D",30,"D",.,"A",.,"A",520,"D",30,"D",.,"A",.,"A",.,"A",.,"A"
"20154","03230972",7,0,"1",0,"D",.,"A",.,"A",0,"D",0,"D",.,"A",.,"A",0,"D",0,"D",.,"A",.,"A",.,"A",.,"A"
"20154","03231002",15,0,"1",910,"D",353,"F",.,"A",0,"D",0,"D",.,"A",.,"A",1261,"F",0,"D",.,"A",.,"A",.,"A",.,"A"
"20154","03231012",34,0,"1",910,"D",130,"D",.,"A",0,"D",0,"D",.,"A",.,"A",780,"D",0,"D",.,"A",.,"A",.,"A",.,"A"
"20154","03231022",40,0,"1",3094,"D",650,"D",.,"A",0,"D",0,"D",.,"A",.,"A",2444,"D",0,"D",.,"A",.,"A",.,"A",.,"A"
"20154","03231052",12,0,"1",845,"D",0,"D",.,"A",130,"D",0,"D",.,"A",.,"A",845,"D",0,"D",40,"D",520,"D",.,"A",.,"A"
"20154","03231062",30,0,"1",3900,"D",650,"D",.,"A",195,"D",0,"D",.,"A",.,"A",3250,"D",108,"D",.,"A",.,"A",.,"A",.,"A"
"20154","03231112",20,0,"1",1495,"D",455,"D",.,"A",325,"D",0,"D",.,"A",.,"A",1040,"D",0,"D",.,"A",.,"A",.,"A",.,"A"
"20154","03231122",39,0,"1",650,"D",130,"D",.,"A",650,"D",0,"D",.,"A",.,"A",520,"D",0,"D",.,"A",.,"A",.,"A",.,"A"
"20154","03231132",57,0,"1",2080,"D",260,"D",.,"A",390,"D",30,"D",.,"A",.,"A",1820,"D",60,"D",.,"A",.,"A",.,"A",.,"A"
"20154","03231182",61,0,"1",2600,"D",195,"D",65,"D",650,"D",0,"D",.,"A",.,"A",2405,"D",0,"D",.,"A",.,"A",.,"A",.,"A"
"20154","03231212",41,0,"1",3185,"D",780,"D",.,"A",78,"D",0,"D",.,"A",.,"A",2405,"D",33,"D",.,"A",.,"A",.,"A",.,"A"
"20154","03231232",17,0,"1",1040,"D",104,"D",.,"A",0,"D",0,"D",.,"A",.,"A",936,"D",0,"D",.,"A",.,"A",.,"A",.,"A"
"20154","03231252",85,0,"1",5200,"D",780,"D",.,"A",650,"D",75,"D",.,"A",.,"A",4420,"D",90,"D",.,"A",.,"A",.,"A",.,"A"
"20154","03231272",21,0,"1",390,"D",325,"D",.,"A",650,"D",0,"D",.,"A",.,"A",65,"D",0,"D",.,"A",.,"A",.,"A",.,"A"
"20154","03231312",12,0,"1",0,"D",.,"A",.,"A",130,"D",0,"D",.,"A",.,"A",0,"D",45,"D",.,"A",.,"A",.,"A",.,"A"
"20154","03231332",37,0,"1",1300,"D",65,"D",.,"A",1300,"D",0,"D",.,"A",.,"A",1235,"D",0,"D",25,"D",325,"D",.,"A",.,"A"
"20154","03231352",43,0,"1",975,"D",195,"D",.,"A",195,"D",0,"D",.,"A",.,"A",780,"D",0,"D",.,"A",.,"A",.,"A",.,"A"
"20154","03231372",50,0,"1",650,"D",455,"D",.,"A",3250,"D",0,"D",.,"A",.,"A",195,"D",0,"D",.,"A",.,"A",.,"A",.,"A"
"20154","03231422",29,0,"1",975,"D",195,"D",.,"A",260,"D",0,"D",.,"A",.,"A",780,"D",0,"D",.,"A",.,"A",.,"A",.,"A"
"20154","03231433",42,0,"1",3276,"D",455,"D",.,"A",1144,"D",0,"D",.,"A",141,"D",2821,"D",9,"D",.,"A",.,"A",.,"A",.,"A"
"20154","03231452",36,0,"1",975,"D",130,"D",.,"A",130,"D",0,"D",.,"A",.,"A",845,"D",0,"D",.,"A",.,"A",.,"A",.,"A"
"20154","03231492",29,0,"1",1040,"D",130,"D",.,"A",260,"D",180,"D",.,"A",.,"A",910,"D",600,"D",.,"A",.,"A",.,"A",.,"A"
"20154","03231532",37,0,"1",1560,"D",260,"D",130,"D",390,"D",1500,"D",.,"A",.,"A",1300,"D",300,"D",.,"A",.,"A",.,"A",.,"A"
"20154","03231562",16,0,"1",975,"D",195,"D",.,"A",650,"D",60,"D",.,"A",.,"A",780,"D",150,"D",.,"A",.,"A",.,"A",.,"A"
"20154","03231572",44,0,"1",715,"D",195,"D",390,"D",520,"D",0,"D",.,"A",42,"D",520,"D",90,"D",.,"A",.,"A",.,"A",.,"A"
"20154","03231592",45,0,"1",1105,"D",130,"D",.,"A",195,"D",0,"D",.,"A",.,"A",975,"D",0,"D",.,"A",.,"A",.,"A",.,"A"
"20154","03231602",29,0,"1",715,"D",130,"D",.,"A",1040,"D",90,"D",.,"A",.,"A",585,"D",90,"D",.,"A",.,"A",.,"A",.,"A"
"20154","03231612",48,0,"1",2600,"D",650,"D",.,"A",0,"D",0,"D",.,"A",.,"A",1950,"D",150,"D",.,"A",.,"A",.,"A",.,"A"
"20154","03231635",15,0,"1",2600,"D",1040,"D",.,"A",130,"D",0,"D",.,"A",.,"A",1560,"D",90,"D",42,"D",546,"D",.,"A",.,"A"
"20154","03231652",18,0,"1",1300,"D",0,"D",.,"A",650,"D",0,"D",.,"A",.,"A",1300,"D",0,"D",.,"A",.,"A",.,"A",.,"A"
"20154","03231663",68,0,"1",1560,"D",650,"D",.,"A",650,"D",0,"D",.,"A",.,"A",910,"D",0,"D",.,"A",.,"A",.,"A",.,"A"
"20154","03231672",56,0,"1",3900,"D",325,"D",.,"A",910,"D",0,"D",.,"A",.,"A",3575,"D",0,"D",.,"A",.,"A",.,"A",.,"A"
"20154","03231682",30,0,"1",975,"D",143,"D",.,"A",650,"D",0,"D",.,"A",.,"A",832,"D",0,"D",.,"A",.,"A",.,"A",.,"A"
"20154","03231692",32,0,"1",4680,"D",1625,"D",.,"A",910,"D",0,"D",.,"A",432,"D",3055,"D",840,"D",.,"A",.,"A",.,"A",.,"A"
"20154","03231722",29,0,"1",1950,"D",195,"D",.,"A",325,"D",0,"D",.,"A",.,"A",1755,"D",0,"D",.,"A",.,"A",.,"A",.,"A"
"20154","03231732",29,0,"1",975,"D",130,"D",.,"A",390,"D",150,"D",.,"A",240,"D",845,"D",75,"D",.,"A",.,"A",.,"A",.,"A"
"20154","03231742",26,0,"1",650,"D",130,"D",.,"A",130,"D",60,"D",.,"A",.,"A",520,"D",75,"D",.,"A",.,"A",.,"A",.,"A"
"20154","03231762",28,0,"1",1040,"D",78,"D",.,"A",39,"D",0,"D",.,"A",.,"A",962,"D",0,"D",.,"A",.,"A",.,"A",.,"A"
"20154","03231772",18,0,"1",1300,"D",390,"D",325,"D",0,"D",0,"D",.,"A",.,"A",910,"D",0,"D",.,"A",.,"A",.,"A",.,"A"
"20154","03231782",22,0,"1",520,"D",130,"D",.,"A",130,"D",0,"D",.,"A",.,"A",390,"D",90,"D",20,"D",260,"D",.,"A",.,"A"
"20154","03231792",32,0,"1",1170,"D",65,"D",.,"A",585,"D",0,"D",.,"A",.,"A",1105,"D",0,"D",.,"A",.,"A",.,"A",.,"A"
"20154","03231822",22,0,"1",325,"D",65,"D",.,"A",260,"D",0,"D",.,"A",.,"A",260,"D",0,"D",.,"A",.,"A",.,"A",.,"A"
"20154","03231834",13,0,"1",780,"D",104,"D",.,"A",260,"D",0,"D",.,"A",.,"A",676,"D",0,"D",.,"A",.,"A",.,"A",.,"A"
"20154","03231842",46,0,"1",3900,"D",1300,"D",.,"A",0,"D",0,"D",.,"A",80,"D",2600,"D",90,"D",.,"A",.,"A",.,"A",.,"A"
"20154","03231862",48,0,"1",2457,"D",507,"D",.,"A",260,"D",0,"D",.,"A",.,"A",1950,"D",0,"D",.,"A",.,"A",.,"A",.,"A"
"20154","03231882",15,0,"1",1040,"D",390,"D",.,"A",260,"D",0,"D",.,"A",.,"A",650,"D",0,"D",.,"A",.,"A",.,"A",.,"A"
"20154","03231902",11,0,"1",0,"D",.,"A",.,"A",390,"D",0,"D",.,"A",.,"A",0,"D",0,"D",.,"A",.,"A",.,"A",.,"A"
"20154","03231943",13,0,"1",520,"D",0,"D",.,"A",0,"D",6,"D",324,"F",.,"A",520,"D",6,"D",.,"A",.,"A",.,"A",.,"A"
"20154","03231952",30,0,"1",1560,"D",195,"D",.,"A",0,"D",0,"D",.,"A",.,"A",1365,"D",0,"D",25,"D",325,"D",.,"A",.,"A"
"20154","03231962",15,0,"1",1495,"D",130,"D",.,"A",0,"D",0,"D",.,"A",.,"A",1365,"D",0,"D",.,"A",.,"A",.,"A",.,"A"
"20154","03231982",28,0,"1",260,"D",0,"D",.,"A",0,"D",0,"D",.,"A",.,"A",260,"D",60,"D",.,"A",.,"A",.,"A",.,"A"
"20154","03231992",13,0,"1",3900,"D",1300,"D",.,"A",416,"F",6,"D",.,"A",.,"A",2600,"D",6,"D",.,"A",.,"A",.,"A",.,"A"
"20154","03232002",31,0,"1",3250,"D",650,"D",1300,"D",650,"D",150,"D",.,"A",390,"D",2600,"D",90,"D",.,"A",.,"A",.,"A",.,"A"
"20154","03232012",24,0,"1",650,"D",195,"D",.,"A",65,"D",0,"D",225,"D",.,"A",455,"D",0,"D",.,"A",.,"A",.,"A",.,"A"
"20154","03232022",53,0,"1",1755,"D",195,"D",.,"A",390,"D",0,"D",.,"A",120,"D",1560,"D",0,"D",10,"D",130,"D",.,"A",.,"A"
"20154","03232032",33,0,"1",1300,"D",260,"D",.,"A",520,"D",0,"D",.,"A",.,"A",1040,"D",63,"D",30,"D",390,"D",.,"A",.,"A"
"20154","03232052",48,0,"1",1040,"D",195,"D",65,"D",0,"D",0,"D",.,"A",.,"A",845,"D",21,"D",.,"A",.,"A",.,"A",.,"A"
"20154","03232102",66,0,"1",1625,"D",0,"D",.,"A",1040,"D",0,"D",.,"A",88,"D",1625,"D",0,"D",.,"A",.,"A",.,"A",.,"A"
"20154","03232152",75,0,"1",1300,"D",130,"D",.,"A",910,"D",0,"D",.,"A",.,"A",1170,"D",240,"D",.,"A",.,"A",.,"A",.,"A"
"20154","03232165",29,0,"1",2600,"D",650,"D",.,"A",650,"D",0,"D",.,"A",.,"A",1950,"D",225,"D",.,"A",.,"A",260,"D",20,"D"
"20154","03232172",47,0,"1",1625,"D",65,"D",.,"A",260,"D",0,"D",.,"A",.,"A",1560,"D",150,"D",20,"D",260,"D",260,"D",20,"D"
"20154","03232182",53,0,"1",2405,"D",455,"D",315,"F",1300,"D",240,"D",.,"A",180,"D",1950,"D",240,"D",.,"A",.,"A",.,"A",.,"A"
"20154","03232192",36,0,"1",2600,"D",1300,"D",.,"A",650,"D",0,"D",.,"A",.,"A",1300,"D",75,"D",.,"A",.,"A",.,"A",.,"A"
"20154","03232202",21,0,"1",520,"D",212,"F",.,"A",195,"D",85,"F",.,"A",.,"A",699,"F",97,"F",.,"A",.,"A",.,"A",.,"A"
"20154","03232212",23,0,"1",1950,"D",130,"D",.,"A",0,"D",0,"D",.,"A",.,"A",1820,"D",60,"D",65,"D",845,"D",.,"A",.,"A"
"20154","03232222",34,0,"1",650,"D",130,"D",.,"A",0,"D",0,"D",.,"A",144,"D",520,"D",0,"D",.,"A",.,"A",.,"A",.,"A"
"20154","03232242",23,0,"1",1495,"D",260,"D",260,"D",130,"D",120,"D",.,"A",.,"A",1235,"D",120,"D",40,"D",520,"D",.,"A",.,"A"
"20154","03232262",16,0,"1",780,"D",65,"D",.,"A",0,"D",0,"D",.,"A",.,"A",715,"D",0,"D",.,"A",.,"A",.,"A",.,"A"
"20154","03232272",18,0,"1",1170,"D",130,"D",.,"A",0,"D",0,"D",.,"A",.,"A",1040,"D",0,"D",28,"D",364,"D",.,"A",.,"A"
"20154","03232282",23,0,"1",1449,"F",.,"A",195,"D",0,"D",0,"D",.,"A",.,"A",1231,"F",0,"D",19,"D",247,"D",.,"A",.,"A"
"20154","03232292",38,0,"1",1300,"D",325,"D",.,"A",260,"D",675,"D",.,"A",.,"A",975,"D",300,"D",.,"A",.,"A",.,"A",.,"A"
"20154","03232312",56,0,"1",2600,"D",325,"D",195,"D",195,"D",0,"D",.,"A",.,"A",2275,"D",300,"D",.,"A",.,"A",.,"A",.,"A"
"20154","03232322",51,0,"1",1625,"D",325,"D",.,"A",520,"D",0,"D",.,"A",.,"A",1300,"D",0,"D",.,"A",.,"A",.,"A",.,"A"
"20154","03232352",26,0,"1",650,"D",130,"D",.,"A",130,"D",0,"D",.,"A",.,"A",520,"D",0,"D",.,"A",.,"A",.,"A",.,"A"
"20154","03232362",19,0,"1",1040,"D",390,"D",.,"A",325,"D",30,"D",.,"A",.,"A",650,"D",45,"D",.,"A",.,"A",.,"A",.,"A"
"20154","03232432",42,0,"1",1300,"D",130,"D",.,"A",910,"D",210,"D",.,"A",.,"A",1170,"D",300,"D",.,"A",.,"A",.,"A",.,"A"
"20154","03232455",17,0,"1",130,"D",26,"D",.,"A",130,"D",0,"D",.,"A",.,"A",104,"D",0,"D",.,"A",.,"A",.,"A",.,"A"
"20154","03232492",9,0,"1",585,"D",290,"F",276,"F",0,"D",0,"D",.,"A",.,"A",1029,"F",119,"F",.,"C",341,"F",262,"F",.,"C"
"20154","03232562",56,0,"1",2090,"F",.,"A",.,"A",195,"D",0,"D",.,"A",.,"A",1710,"F",0,"D",.,"A",.,"A",.,"A",.,"A"
"20154","03232592",33,0,"1",1950,"D",520,"D",.,"A",520,"D",120,"D",.,"A",.,"A",1430,"D",60,"D",.,"A",.,"A",.,"A",.,"A"
"20154","03232602",24,0,"1",390,"D",353,"F",.,"A",0,"D",0,"D",.,"A",.,"A",1261,"F",0,"D",.,"A",.,"A",.,"A",.,"A"
"20154","03232622",48,0,"1",1040,"D",0,"D",130,"D",650,"D",0,"D",.,"A",250,"D",1040,"D",60,"D",.,"A",.,"A",260,"D",20,"D"
"20154","03232632",39,0,"1",1300,"D",471,"F",.,"A",715,"D",6,"D",.,"A",.,"A",1879,"F",6,"D",.,"A",.,"A",.,"A",.,"A"
"20154","03232662",28,0,"1",650,"D",65,"D",.,"A",0,"D",0,"D",.,"A",.,"A",585,"D",0,"D",.,"A",.,"A",.,"A",.,"A"
"20154","03232672",24,0,"1",1040,"D",260,"D",.,"A",2340,"D",300,"D",.,"A",.,"A",780,"D",300,"D",70,"D",910,"D",.,"A",.,"A"
"20154","03232702",40,0,"1",975,"D",260,"D",78,"D",325,"D",45,"D",.,"A",.,"A",715,"D",60,"D",.,"A",.,"A",.,"A",.,"A"
"20154","03232762",37,0,"1",1430,"D",650,"D",.,"A",494,"D",0,"D",.,"A",.,"A",780,"D",180,"D",.,"A",.,"A",.,"A",.,"A"
"20154","03232772",36,0,"1",1300,"D",195,"D",325,"D",260,"D",0,"D",.,"A",.,"A",1105,"D",180,"D",.,"A",.,"A",.,"A",.,"A"
"20154","03232782",30,0,"1",1300,"D",260,"D",.,"A",0,"D",0,"D",.,"A",.,"A",1040,"D",0,"D",.,"A",.,"A",.,"A",.,"A"
"20154","03232792",14,0,"1",650,"D",130,"D",650,"D",0,"D",0,"D",.,"A",.,"A",520,"D",0,"D",.,"A",.,"A",.,"A",.,"A"
"20154","03232802",37,0,"1",1690,"D",260,"D",.,"A",325,"D",0,"D",.,"A",.,"A",1430,"D",60,"D",.,"A",.,"A",.,"A",.,"A"
"20154","03232842",28,0,"1",1950,"D",650,"D",.,"A",0,"D",0,"D",.,"A",.,"A",1300,"D",210,"D",50,"D",650,"D",.,"A",.,"A"
"20154","03232852",7,0,"1",1549,"F",.,"A",.,"A",870,"F",175,"F",.,"A",.,"A",1261,"F",191,"F",.,"A",.,"A",.,"A",.,"A"
"20154","03232902",42,0,"1",1950,"D",130,"D",325,"D",1040,"D",0,"D",.,"A",48,"D",1820,"D",0,"D",.,"A",.,"A",.,"A",.,"A"
"20154","03232932",52,0,"1",1469,"D",195,"D",.,"A",260,"D",60,"D",.,"A",.,"A",1274,"D",30,"D",.,"A",.,"A",156,"D",12,"D"
"20154","03232982",30,0,"1",975,"D",260,"D",260,"D",1950,"D",180,"D",.,"A",.,"A",715,"D",90,"D",.,"A",.,"A",.,"A",.,"A"
"20154","03232992",30,0,"1",1300,"D",650,"D",260,"D",715,"D",0,"D",.,"A",.,"A",650,"D",180,"D",70,"D",910,"D",.,"A",.,"A"
"20154","03233002",55,0,"1",5200,"D",1300,"D",.,"A",3042,"D",0,"D",.,"A",.,"A",3900,"D",0,"D",.,"A",.,"A",.,"A",.,"A"
"20154","03233022",26,0,"1",780,"D",78,"D",.,"A",0,"D",300,"D",.,"A",.,"A",702,"D",60,"D",.,"A",.,"A",.,"A",.,"A"
"20154","03233032",32,0,"1",1170,"D",130,"D",.,"A",325,"D",163,"F",.,"A",.,"A",1040,"D",30,"D",.,"A",.,"A",.,"A",.,"A"
"20154","03233042",11,0,"1",2600,"D",0,"D",.,"A",0,"D",0,"D",.,"A",.,"A",2600,"D",0,"D",.,"A",.,"A",.,"A",.,"A"
"20154","03233072",15,0,"1",1560,"D",455,"D",.,"A",195,"D",0,"D",.,"A",.,"A",1105,"D",0,"D",35,"D",455,"D",.,"A",.,"A"
"20154","03233082",28,0,"1",520,"D",130,"D",.,"A",0,"D",0,"D",.,"A",.,"A",390,"D",0,"D",.,"A",.,"A",.,"A",.,"A"
"20154","03233092",39,0,"1",2340,"D",260,"D",65,"D",520,"D",0,"D",.,"A",.,"A",2080,"D",0,"D",.,"A",.,"A",.,"A",.,"A"
"20154","03233112",31,0,"1",650,"D",156,"D",260,"D",260,"D",0,"D",.,"A",.,"A",494,"D",0,"D",.,"A",.,"A",.,"A",.,"A"
"20154","03233122",25,0,"1",754,"D",78,"D",.,"A",52,"D",0,"D",.,"A",.,"A",676,"D",0,"D",.,"A",.,"A",.,"A",.,"A"
"20154","03233152",50,0,"1",2600,"D",650,"D",65,"D",260,"D",0,"D",.,"A",.,"A",1950,"D",0,"D",50,"D",650,"D",.,"A",.,"A"
"20154","03233192",36,0,"1",1690,"D",0,"D",.,"A",260,"D",0,"D",.,"A",.,"A",1690,"D",0,"D",.,"A",.,"A",.,"A",.,"A"
"20154","03233202",28,0,"1",1170,"D",65,"D",.,"A",845,"D",0,"D",.,"A",.,"A",1105,"D",0,"D",.,"A",.,"A",.,"A",.,"A"
"20154","03233242",25,0,"1",1040,"D",260,"D",.,"A",390,"D",0,"D",.,"A",.,"A",780,"D",0,"D",30,"D",390,"D",325,"D",25,"D"
"20154","03233262",44,0,"1",1950,"D",325,"D",.,"A",325,"D",0,"D",.,"A",.,"A",1625,"D",60,"D",.,"A",.,"A",.,"A",.,"A"
"20154","03233272",25,0,"1",1950,"D",390,"D",.,"A",1300,"D",0,"D",.,"A",221,"F",1560,"D",0,"D",.,"A",.,"A",.,"A",.,"A"
"20154","03233292",26,0,"1",1300,"D",520,"D",.,"A",325,"D",0,"D",.,"A",.,"A",780,"D",0,"D",.,"A",.,"A",.,"A",.,"A"
"20154","03233312",29,0,"1",2600,"D",975,"D",.,"A",260,"D",0,"D",.,"A",.,"A",1625,"D",0,"D",.,"A",.,"A",.,"A",.,"A"
"20154","03233363",25,0,"1",195,"D",26,"D",39,"D",13,"D",0,"D",.,"A",.,"A",169,"D",0,"D",.,"A",.,"A",.,"A",.,"A"
"20154","03233372",40,0,"1",1300,"D",260,"D",.,"A",520,"D",0,"D",.,"A",.,"A",1040,"D",300,"D",.,"A",.,"A",.,"A",.,"A"
"20154","03233382",18,0,"1",1300,"D",195,"D",.,"A",0,"D",0,"D",.,"A",.,"A",1105,"D",0,"D",6,"D",78,"D",.,"A",.,"A"
"20154","03233442",33,0,"1",1105,"D",325,"D",.,"A",195,"D",30,"D",.,"A",.,"A",780,"D",90,"D",25,"D",325,"D",.,"A",.,"A"
"20154","03233462",22,0,"1",1430,"D",260,"D",.,"A",260,"D",30,"D",324,"F",.,"A",1170,"D",60,"D",.,"A",.,"A",.,"A",.,"A"
"20154","03233472",14,0,"1",3029,"D",585,"D",.,"A",130,"D",0,"D",.,"A",.,"A",2444,"D",0,"D",.,"A",.,"A",.,"A",.,"A"
"20154","03233482",20,0,"1",2340,"D",130,"D",.,"A",195,"D",0,"D",.,"A",.,"A",2210,"D",0,"D",.,"A",.,"A",.,"A",.,"A"
"20154","03233532",28,0,"1",1170,"D",221,"D",65,"D",585,"D",150,"D",.,"A",.,"A",949,"D",36,"D",.,"A",.,"A",.,"A",.,"A"
"20154","03233552",55,0,"1",3900,"D",975,"D",325,"D",390,"D",30,"D",.,"A",.,"A",2925,"D",0,"D",.,"A",.,"A",.,"A",.,"A"
"20154","03233562",37,0,"1",3250,"D",0,"D",.,"A",1300,"D",150,"D",.,"A",.,"A",3250,"D",1500,"D",.,"A",.,"A",.,"A",.,"A"
"20154","03233603",30,0,"1",910,"D",130,"D",.,"A",390,"D",60,"D",.,"A",.,"A",780,"D",90,"D",.,"A",.,"A",.,"A",.,"A"
"20154","03233612",46,0,"1",1300,"D",260,"D",.,"A",0,"D",0,"D",.,"A",.,"A",1040,"D",0,"D",.,"A",.,"A",.,"A",.,"A"
"20154","03233642",43,0,"1",1040,"D",0,"D",.,"A",65,"D",0,"D",.,"A",6,"D",1040,"D",0,"D",.,"A",.,"A",.,"A",.,"A"
"20154","03233652",40,0,"1",1300,"D",130,"D",.,"A",260,"D",0,"D",.,"A",.,"A",1170,"D",0,"D",.,"A",.,"A",.,"A",.,"A"
"20154","03233662",40,0,"1",1300,"D",325,"D",.,"A",65,"D",21,"D",.,"A",.,"A",975,"D",75,"D",.,"A",.,"A",.,"A",.,"A"
"20154","03233682",35,0,"1",2600,"D",650,"D",.,"A",1300,"D",0,"D",.,"A",.,"A",1950,"D",0,"D",.,"A",.,"A",.,"A",.,"A"
"20154","03233712",27,0,"1",715,"D",195,"D",195,"D",520,"D",60,"D",.,"A",.,"A",520,"D",60,"D",.,"A",.,"A",.,"A",.,"A"
"20154","03233722",20,0,"1",650,"D",169,"D",195,"D",0,"D",0,"D",.,"A",.,"A",481,"D",0,"D",.,"A",.,"A",.,"A",.,"A"
"20154","03233742",41,0,"1",5200,"D",1040,"D",.,"A",390,"D",90,"D",.,"A",.,"A",4160,"D",75,"D",.,"A",.,"A",.,"A",.,"A"
"20154","03233762",26,0,"1",2275,"D",650,"D",.,"A",260,"D",0,"D",.,"A",.,"A",1625,"D",0,"D",44,"D",572,"D",.,"A",.,"A"
"20154","03233772",20,0,"1",1300,"D",130,"D",.,"A",260,"D",90,"D",.,"A",.,"A",1170,"D",6,"D",.,"A",.,"A",.,"A",.,"A"
"20154","03233782",48,0,"1",6500,"D",2600,"D",1170,"D",2600,"D",60,"D",.,"A",.,"A",3900,"D",120,"D",.,"A",.,"A",.,"A",.,"A"
"20154","03233792",30,0,"1",1950,"D",325,"D",.,"A",520,"D",0,"D",.,"A",.,"A",1625,"D",36,"D",.,"A",.,"A",.,"A",.,"A"
"20154","03233812",29,0,"1",1820,"D",260,"D",.,"A",910,"D",0,"D",.,"A",.,"A",1560,"D",0,"D",.,"A",.,"A",.,"A",.,"A"
"20154","03233832",34,0,"1",1300,"D",65,"D",.,"A",65,"D",0,"D",.,"A",.,"A",1235,"D",0,"D",.,"A",.,"A",.,"A",.,"A"
"20154","03233852",32,0,"1",1625,"D",182,"D",.,"A",260,"D",0,"D",.,"A",.,"A",1443,"D",0,"D",.,"A",.,"A",.,"A",.,"A"
"20154","03233862",23,0,"1",1300,"D",260,"D",.,"A",780,"D",0,"D",.,"A",.,"A",1040,"D",0,"D",.,"A",.,"A",.,"A",.,"A"
"20154","03233872",10,0,"1",1560,"D",260,"D",.,"A",0,"D",0,"D",.,"A",.,"A",1300,"D",0,"D",.,"A",.,"A",.,"A",.,"A"
"20154","03233882",51,0,"1",2600,"D",390,"D",.,"A",65,"D",0,"D",.,"A",.,"A",2210,"D",0,"D",7,"D",91,"D",.,"A",.,"A"
"20154","03233892",9,0,"1",1625,"D",325,"D",.,"A",650,"D",0,"D",.,"A",.,"A",1300,"D",120,"D",.,"A",.,"A",.,"A",.,"A"
"20154","03233932",45,0,"1",520,"D",130,"D",.,"A",0,"D",0,"D",.,"A",.,"A",390,"D",0,"D",.,"A",.,"A",.,"A",.,"A"
"20154","03233942",68,0,"1",1950,"D",520,"D",130,"D",1040,"D",0,"D",.,"A",.,"A",1430,"D",600,"D",.,"A",.,"A",.,"A",.,"A"
"20154","03233952",44,0,"1",1950,"D",390,"D",.,"A",1950,"D",24,"D",.,"A",.,"A",1560,"D",24,"D",.,"A",.,"A",.,"A",.,"A"
"20154","03233972",18,0,"1",650,"D",0,"D",.,"A",260,"D",0,"D",.,"A",.,"A",650,"D",0,"D",26,"D",338,"D",.,"A",.,"A"
"20154","03233982",100,0,"1",1950,"D",325,"D",0,"D",1300,"D",0,"D",.,"A",.,"A",1625,"D",120,"D",.,"A",.,"A",.,"A",.,"A"
"20154","03234012",27,0,"1",1625,"D",130,"D",.,"A",325,"D",0,"D",.,"A",.,"A",1495,"D",0,"D",5,"D",65,"D",.,"A",.,"A"
"20154","03234034",15,0,"1",650,"D",65,"D",.,"A",260,"D",0,"D",.,"A",.,"A",585,"D",0,"D",.,"A",.,"A",.,"A",.,"A"
"20154","03234072",33,0,"1",2600,"D",0,"D",.,"A",780,"D",0,"D",.,"A",.,"A",2600,"D",0,"D",.,"A",.,"A",.,"A",.,"A"
"20154","03234122",33,0,"1",650,"D",0,"D",.,"A",0,"D",0,"D",.,"A",.,"A",650,"D",0,"D",.,"A",.,"A",455,"D",35,"D"
"20154","03234142",41,0,"1",1040,"D",0,"D",.,"A",325,"D",0,"D",.,"A",110,"D",1040,"D",0,"D",.,"A",.,"A",.,"A",.,"A"
"20154","03234162",100,0,"1",1560,"D",260,"D",390,"D",650,"D",150,"D",.,"A",.,"A",1300,"D",300,"D",.,"A",.,"A",.,"A",.,"A"
"20154","03234173",28,0,"1",845,"D",325,"D",.,"A",260,"D",0,"D",.,"A",.,"A",520,"D",0,"D",8,"D",104,"D",.,"A",.,"A"
"20154","03234202",46,0,"1",1300,"D",325,"D",.,"A",390,"D",0,"D",.,"A",.,"A",975,"D",0,"D",.,"A",.,"A",.,"A",.,"A"
"20154","03234212",11,0,"1",2600,"D",350,"F",.,"A",514,"F",0,"D",.,"A",.,"A",1506,"F",0,"D",.,"A",.,"A",.,"A",.,"A"
"20154","03234222",21,0,"1",650,"D",0,"D",.,"A",0,"D",0,"D",.,"A",.,"A",650,"D",0,"D",.,"A",.,"A",.,"A",.,"A"
"20154","03234232",73,0,"1",520,"D",0,"D",.,"A",3900,"D",150,"D",.,"A",.,"A",520,"D",180,"D",.,"A",.,"A",.,"A",.,"A"
"20154","03234242",24,0,"1",910,"D",39,"D",.,"A",780,"D",600,"D",.,"A",.,"A",871,"D",270,"D",6,"D",78,"D",.,"A",.,"A"
"20154","03234252",38,0,"1",819,"D",317,"F",.,"A",0,"D",0,"D",.,"A",139,"F",1311,"F",0,"D",.,"A",.,"A",.,"A",.,"A"
"20154","03234262",26,0,"1",975,"D",390,"D",.,"A",650,"D",0,"D",.,"A",.,"A",585,"D",0,"D",.,"A",.,"A",.,"A",.,"A"
"20154","03234312",27,0,"1",975,"D",130,"D",.,"A",520,"D",0,"D",.,"A",.,"A",845,"D",0,"D",.,"A",.,"A",.,"A",.,"A"
"20154","03234322",61,0,"1",3250,"D",481,"D",.,"A",1950,"D",120,"D",.,"A",.,"A",2769,"D",0,"D",.,"A",.,"A",.,"A",.,"A"
"20154","03234332",22,0,"1",1950,"D",520,"D",260,"D",0,"D",0,"D",.,"A",.,"A",1430,"D",0,"D",.,"A",.,"A",.,"A",.,"A"
"20154","03234342",44,0,"1",1625,"D",325,"D",221,"D",1040,"D",0,"D",.,"A",300,"D",1300,"D",0,"D",.,"A",.,"A",.,"A",.,"A"
"20154","03234352",25,0,"1",845,"D",65,"D",.,"A",130,"D",0,"D",.,"A",.,"A",780,"D",240,"D",.,"A",.,"A",.,"A",.,"A"
"20154","03234362",85,0,"1",1950,"D",650,"D",.,"A",975,"D",60,"D",.,"A",.,"A",1300,"D",450,"D",.,"A",.,"A",.,"A",.,"A"
"20154","03234372",27,0,"1",650,"D",207,"F",.,"A",78,"D",0,"D",.,"A",.,"A",723,"F",0,"D",.,"A",.,"A",.,"A",.,"A"
"20154","03234402",36,0,"1",975,"D",260,"D",78,"D",260,"D",0,"D",.,"A",.,"A",715,"D",0,"D",.,"A",.,"A",.,"A",.,"A"
"20154","03234472",22,0,"1",975,"D",325,"D",.,"A",0,"D",0,"D",324,"F",.,"A",650,"D",0,"D",.,"A",.,"A",.,"A",.,"A"
"20154","03234482",6,0,"1",900,"F",.,"A",.,"A",416,"F",100,"F",.,"A",.,"A",723,"F",98,"F",.,"A",.,"A",.,"A",.,"A"
"20154","03234512",40,0,"1",650,"D",65,"D",.,"A",195,"D",0,"D",.,"A",.,"A",585,"D",0,"D",.,"A",.,"A",.,"A",.,"A"
"20154","03234542",16,0,"1",780,"D",65,"D",.,"A",0,"D",0,"D",.,"A",.,"A",715,"D",0,"D",.,"A",.,"A",.,"A",.,"A"
"20154","03234552",19,0,"1",1950,"D",0,"D",.,"A",260,"D",0,"D",.,"A",.,"A",1950,"D",180,"D",35,"D",455,"D",78,"D",6,"D"
"20154","03234562",23,0,"1",520,"D",130,"D",260,"D",0,"D",0,"D",.,"A",.,"A",390,"D",120,"D",.,"A",.,"A",.,"A",.,"A"
"20154","03234584",17,0,"1",650,"D",0,"D",.,"A",260,"D",0,"D",.,"A",.,"A",650,"D",0,"D",.,"A",.,"A",.,"A",.,"A"
"20154","03234622",36,0,"1",780,"D",130,"D",.,"A",130,"D",0,"D",.,"A",.,"A",650,"D",0,"D",55,"D",715,"D",.,"A",.,"A"
"20154","03234642",22,0,"1",2600,"D",0,"D",.,"A",650,"D",0,"D",.,"A",.,"A",2600,"D",0,"D",.,"A",.,"A",.,"A",.,"A"
"20154","03234652",23,0,"1",650,"D",130,"D",325,"D",4550,"D",120,"D",.,"A",.,"A",520,"D",60,"D",.,"A",.,"A",.,"A",.,"A"
"20154","03234662",24,0,"1",390,"D",65,"D",.,"A",390,"D",0,"D",.,"A",.,"A",325,"D",0,"D",.,"A",.,"A",.,"A",.,"A"
"20154","03234702",30,0,"1",975,"D",325,"D",.,"A",0,"D",0,"D",.,"A",.,"A",650,"D",0,"D",.,"A",.,"A",.,"A",.,"A"
"20154","03234722",46,0,"1",780,"D",156,"D",.,"A",195,"D",0,"D",.,"A",.,"A",624,"D",0,"D",.,"A",.,"A",.,"A",.,"A"
"20154","03234732",26,0,"1",325,"D",65,"D",.,"A",195,"D",60,"D",.,"A",.,"A",260,"D",60,"D",.,"A",.,"A",.,"A",.,"A"
"20154","03234765",23,0,"1",2860,"D",260,"D",.,"A",390,"D",0,"D",.,"A",.,"A",2600,"D",0,"D",.,"A",.,"A",.,"A",.,"A"
"20154","03234782",30,0,"1",975,"D",260,"D",.,"A",325,"D",0,"D",.,"A",.,"A",715,"D",150,"D",.,"A",.,"A",.,"A",.,"A"
"20154","03234802",37,0,"1",975,"D",195,"D",.,"A",325,"D",0,"D",.,"A",.,"A",780,"D",0,"D",.,"A",.,"A",.,"A",.,"A"
"20154","03234822",35,0,"1",975,"D",260,"D",.,"A",390,"D",0,"D",.,"A",.,"A",715,"D",0,"D",.,"A",.,"A",.,"A",.,"A"
"20154","03234832",65,0,"1",4550,"D",520,"D",.,"A",650,"D",0,"D",.,"A",.,"A",4030,"D",480,"D",.,"A",.,"A",.,"A",.,"A"
"20154","03234862",68,0,"1",3250,"D",650,"D",.,"A",260,"D",120,"D",.,"A",300,"D",2600,"D",60,"D",.,"A",.,"A",.,"A",.,"A"
"20154","03234872",53,0,"1",1950,"D",780,"D",.,"A",260,"D",0,"D",.,"A",.,"A",1170,"D",0,"D",.,"A",.,"A",.,"A",.,"A"
"20154","03234892",17,0,"1",1459,"F",.,"A",.,"A",535,"F",120,"F",.,"A",.,"A",1152,"F",140,"F",.,"A",.,"A",.,"A",.,"A"
"20154","03234902",30,0,"1",1105,"D",130,"D",.,"A",260,"D",180,"D",.,"A",.,"A",975,"D",60,"D",.,"A",.,"A",.,"A",.,"A"
"20154","03234912",15,0,"1",520,"D",260,"D",260,"D",325,"D",0,"D",.,"A",.,"A",260,"D",120,"D",84,"D",1092,"D",.,"A",.,"A"
"20154","03234942",27,0,"1",1040,"D",390,"D",260,"D",325,"D",0,"D",.,"A",.,"A",650,"D",90,"D",7,"D",91,"D",.,"A",.,"A"
"20154","03234952",35,0,"1",1625,"D",195,"D",.,"A",325,"D",0,"D",.,"A",163,"D",1430,"D",0,"D",.,"A",.,"A",.,"A",.,"A"
"20154","03234962",13,0,"1",1300,"D",390,"D",.,"A",65,"D",0,"D",.,"A",.,"A",910,"D",0,"D",.,"A",.,"A",.,"A",.,"A"
"20154","03235012",65,0,"1",2860,"D",390,"D",.,"A",780,"D",0,"D",.,"A",.,"A",2470,"D",0,"D",.,"A",.,"A",.,"A",.,"A"
"20154","03235042",22,0,"1",1040,"D",520,"D",260,"D",260,"D",0,"D",.,"A",.,"A",520,"D",450,"D",42,"D",546,"D",.,"A",.,"A"
"20154","03235062",32,0,"1",780,"D",195,"D",195,"D",325,"D",120,"D",.,"A",.,"A",585,"D",60,"D",.,"A",.,"A",.,"A",.,"A"
"20154","03235082",37,0,"1",910,"D",130,"D",.,"A",0,"D",0,"D",.,"A",.,"A",780,"D",90,"D",.,"A",.,"A",.,"A",.,"A"
"20154","03235092",22,0,"1",2600,"D",780,"D",.,"A",780,"D",0,"D",.,"A",.,"A",1820,"D",36,"D",.,"A",.,"A",.,"A",.,"A"
"20154","03235122",40,0,"1",2666,"F",.,"A",.,"A",1073,"F",158,"F",.,"A",.,"A",2230,"F",182,"F",.,"A",.,"A",.,"A",.,"A"
"20154","03235132",38,0,"1",1950,"D",780,"D",156,"D",910,"D",300,"D",.,"A",.,"A",1170,"D",360,"D",.,"A",.,"A",.,"A",.,"A"
"20154","03235142",24,0,"1",585,"D",0,"D",.,"A",520,"D",0,"D",.,"A",.,"A",585,"D",0,"D",.,"A",.,"A",.,"A",.,"A"
"20154","03235152",21,0,"1",1300,"D",260,"D",.,"A",650,"D",60,"D",.,"A",.,"A",1040,"D",0,"D",.,"A",.,"A",.,"A",.,"A"
"20154","03235172",27,0,"1",1300,"D",390,"D",.,"A",390,"D",0,"D",.,"A",.,"A",910,"D",0,"D",7,"D",91,"D",.,"A",.,"A"
"20154","03235182",42,0,"1",2271,"F",.,"A",.,"A",744,"F",0,"D",.,"A",120,"D",1879,"F",0,"D",.,"A",.,"A",.,"A",.,"A"
"20154","03235212",33,0,"1",1300,"D",65,"D",.,"A",650,"D",0,"D",.,"A",.,"A",1235,"D",60,"D",.,"A",.,"A",.,"A",.,"A"
"20154","03235232",28,0,"1",2275,"D",520,"D",.,"A",910,"D",120,"D",.,"A",.,"A",1755,"D",180,"D",.,"A",.,"A",.,"A",.,"A"
"20154","03235272",22,0,"1",650,"D",130,"D",.,"A",130,"D",0,"D",.,"A",.,"A",520,"D",0,"D",.,"A",.,"A",.,"A",.,"A"
"20154","03235332",15,0,"1",2600,"D",0,"D",.,"A",0,"D",0,"D",.,"A",.,"A",2600,"D",0,"D",.,"A",.,"A",.,"A",.,"A"
"20154","03235342",39,0,"1",650,"D",130,"D",.,"A",260,"D",0,"D",.,"A",.,"A",520,"D",180,"D",.,"A",.,"A",.,"A",.,"A"
"20154","03235352",9,0,"1",325,"D",195,"D",.,"A",0,"D",0,"D",.,"A",.,"A",130,"D",0,"D",.,"A",.,"A",.,"A",.,"A"
"20154","03235362",58,0,"1",1625,"D",169,"D",.,"A",390,"D",0,"D",.,"A",.,"A",1456,"D",0,"D",.,"A",.,"A",.,"A",.,"A"
"20154","03235372",14,0,"1",156,"D",39,"D",.,"A",221,"D",0,"D",.,"A",.,"A",117,"D",0,"D",.,"A",.,"A",.,"A",.,"A"
"20154","03235392",26,0,"1",2275,"D",325,"D",.,"A",1625,"D",165,"D",.,"A",.,"A",1950,"D",120,"D",.,"A",.,"A",.,"A",.,"A"
"20154","03235402",32,0,"1",1300,"D",260,"D",.,"A",1300,"D",0,"D",.,"A",.,"A",1040,"D",75,"D",15,"D",195,"D",.,"A",.,"A"
"20154","03235412",15,0,"1",780,"D",260,"D",65,"D",325,"D",0,"D",.,"A",.,"A",520,"D",0,"D",.,"A",.,"A",.,"A",.,"A"
"20154","03235452",26,0,"1",3575,"D",325,"D",.,"A",2600,"D",150,"D",.,"A",.,"A",3250,"D",150,"D",.,"A",.,"A",.,"A",.,"A"
"20154","03235462",40,0,"1",1300,"D",0,"D",.,"A",650,"D",79,"F",.,"A",.,"A",1300,"D",90,"D",30,"D",390,"D",.,"A",.,"A"
"20154","03235482",30,0,"1",1300,"D",260,"D",.,"A",260,"D",0,"D",.,"A",.,"A",1040,"D",0,"D",.,"A",.,"A",.,"A",.,"A"
"20154","03235493",30,0,"1",1950,"D",260,"D",.,"A",1235,"D",0,"D",.,"A",.,"A",1690,"D",0,"D",.,"A",.,"A",.,"A",.,"A"
"20154","03235552",47,0,"1",650,"D",0,"D",.,"A",650,"D",0,"D",.,"A",.,"A",650,"D",0,"D",.,"A",.,"A",.,"A",.,"A"
"20154","03235572",37,0,"1",2275,"D",650,"D",0,"D",650,"D",60,"D",.,"A",.,"A",1625,"D",300,"D",.,"A",.,"A",.,"A",.,"A"
"20154","03235582",55,0,"1",1456,"D",260,"D",.,"A",780,"D",225,"D",.,"A",.,"A",1196,"D",150,"D",.,"A",.,"A",.,"A",.,"A"
"20154","03235612",20,0,"1",2600,"D",650,"D",325,"D",455,"D",0,"D",.,"A",.,"A",1950,"D",0,"D",20,"D",260,"D",156,"D",12,"D"
"20154","03235632",46,0,"1",780,"D",0,"D",.,"A",0,"D",0,"D",.,"A",.,"A",780,"D",450,"D",20,"D",260,"D",.,"A",.,"A"
"20154","03235652",22,0,"1",1300,"D",130,"D",.,"A",0,"D",0,"D",.,"A",.,"A",1170,"D",0,"D",.,"A",.,"A",.,"A",.,"A"
"20154","03235672",21,0,"1",1300,"D",156,"D",.,"A",1300,"D",0,"D",.,"A",.,"A",1144,"D",0,"D",.,"A",.,"A",.,"A",.,"A"
"20154","03235682",27,0,"1",1300,"D",325,"D",.,"A",325,"D",0,"D",.,"A",.,"A",975,"D",0,"D",.,"A",.,"A",.,"A",.,"A"
"20154","03235692",43,0,"1",6500,"D",650,"D",.,"A",0,"D",15,"D",.,"A",.,"A",5850,"D",0,"D",.,"A",.,"A",.,"A",.,"A"
"20154","03235732",31,0,"1",1300,"D",325,"D",1300,"D",650,"D",6,"D",.,"A",.,"A",975,"D",6,"D",.,"A",.,"A",.,"A",.,"A"
"20154","03235752",24,0,"1",260,"D",130,"D",.,"A",91,"D",0,"D",.,"A",.,"A",130,"D",0,"D",.,"A",.,"A",.,"A",.,"A"
"20154","03235765",37,0,"1",1560,"D",520,"D",1560,"D",130,"D",0,"D",.,"A",.,"A",1040,"D",0,"D",.,"A",.,"A",.,"A",.,"A"
"20154","03235782",58,0,"1",1950,"D",1300,"D",.,"A",1300,"D",150,"D",.,"A",81,"D",650,"D",300,"D",.,"A",.,"A",.,"A",.,"A"
"20154","03235822",49,0,"1",3900,"D",650,"D",.,"A",390,"D",45,"D",.,"A",.,"A",3250,"D",36,"D",.,"A",.,"A",.,"A",.,"A"
"20154","03235832",29,0,"1",2253,"F",.,"A",.,"A",1300,"D",0,"D",.,"A",.,"A",1820,"F",0,"D",.,"A",.,"A",.,"A",.,"A"
"20154","03235852",44,0,"1",3250,"D",520,"D",.,"A",1950,"D",0,"D",.,"A",.,"A",2730,"D",0,"D",.,"A",.,"A",.,"A",.,"A"
"20154","03235862",42,0,"1",1300,"D",260,"D",.,"A",1040,"D",150,"D",.,"A",.,"A",1040,"D",180,"D",.,"A",.,"A",.,"A",.,"A"
"20154","03235882",53,0,"1",2340,"D",390,"D",.,"A",1170,"D",120,"D",.,"A",.,"A",1950,"D",75,"D",.,"A",.,"A",.,"A",.,"A"
"20154","03235912",26,0,"1",1950,"D",390,"D",.,"A",520,"D",0,"D",.,"A",.,"A",1560,"D",0,"D",6,"D",78,"D",.,"A",.,"A"
"20154","03235922",23,0,"1",1300,"D",390,"D",.,"A",1300,"D",48,"D",.,"A",.,"A",910,"D",90,"D",.,"A",.,"A",.,"A",.,"A"
"20154","03235932",15,0,"1",975,"D",130,"D",.,"A",260,"D",0,"D",.,"A",.,"A",845,"D",0,"D",.,"A",.,"A",.,"A",.,"A"
"20154","03235942",30,0,"1",1300,"D",353,"F",.,"A",650,"D",0,"D",.,"A",.,"A",1261,"F",0,"D",50,"D",650,"D",.,"A",.,"A"
"20154","03235982",22,0,"1",650,"D",130,"D",.,"A",0,"D",0,"D",.,"A",.,"A",520,"D",0,"D",.,"A",.,"A",.,"A",.,"A"
"20154","03236002",54,0,"1",1040,"D",0,"D",.,"A",975,"D",0,"D",.,"A",.,"A",1040,"D",0,"D",.,"A",.,"A",.,"A",.,"A"
"20154","03236012",76,0,"1",1300,"D",130,"D",.,"A",780,"D",60,"D",.,"A",.,"A",1170,"D",30,"D",.,"A",.,"A",.,"A",.,"A"
"20154","03236022",29,0,"1",715,"D",286,"D",.,"A",1300,"D",150,"D",.,"A",.,"A",429,"D",225,"D",.,"A",.,"A",.,"A",.,"A"
"20154","03236052",61,0,"1",1300,"D",650,"D",.,"A",1625,"D",225,"D",.,"A",.,"A",650,"D",450,"D",.,"A",.,"A",.,"A",.,"A"
"20154","03236072",27,0,"1",1950,"D",390,"D",.,"A",650,"D",0,"D",.,"A",.,"A",1560,"D",60,"D",35,"D",455,"D",.,"A",.,"A"
"20154","03236082",44,0,"1",1950,"D",390,"D",.,"A",0,"D",15,"D",.,"A",.,"A",1560,"D",142,"F",.,"A",.,"A",.,"A",.,"A"
"20154","03236092",23,0,"1",767,"F",.,"A",.,"A",0,"D",0,"D",.,"A",.,"A",633,"F",96,"D",.,"A",.,"A",.,"A",.,"A"
"20154","03236142",22,0,"1",1300,"D",390,"D",.,"A",650,"D",0,"D",.,"A",.,"A",910,"D",0,"D",.,"A",.,"A",.,"A",.,"A"
"20154","03236152",37,0,"1",2600,"D",325,"D",.,"A",520,"D",0,"D",.,"A",.,"A",2275,"D",0,"D",.,"A",.,"A",.,"A",.,"A"
"20154","03236182",16,0,"1",780,"D",0,"D",130,"D",0,"D",0,"D",.,"A",.,"A",780,"D",0,"D",.,"A",.,"A",.,"A",.,"A"
"20154","03236242",17,0,"1",0,"D",.,"A",.,"A",0,"D",0,"D",.,"A",.,"A",0,"D",0,"D",.,"A",.,"A",.,"A",.,"A"
"20154","03236275",23,0,"1",1300,"D",0,"D",.,"A",1300,"D",0,"D",.,"A",.,"A",1300,"D",0,"D",.,"A",.,"A",.,"A",.,"A"
"20154","03236292",20,0,"1",2080,"D",780,"D",.,"A",0,"D",0,"D",.,"A",.,"A",1300,"D",0,"D",.,"A",.,"A",.,"A",.,"A"
"20154","03236302",34,0,"1",2925,"D",325,"D",.,"A",2600,"D",206,"F",.,"A",.,"A",2600,"D",213,"F",.,"A",.,"A",.,"A",.,"A"
"20154","03236352",40,0,"1",1625,"D",325,"D",.,"A",390,"D",0,"D",.,"A",.,"A",1300,"D",300,"D",.,"A",.,"A",.,"A",.,"A"
"20154","03236362",32,0,"1",260,"D",130,"D",.,"A",0,"D",0,"D",.,"A",.,"A",130,"D",0,"D",.,"A",.,"A",.,"A",.,"A"
"20154","03236372",46,0,"1",1170,"D",0,"D",.,"A",1040,"D",60,"D",.,"A",.,"A",1170,"D",90,"D",5,"D",65,"D",.,"A",.,"A"
"20154","03236382",17,0,"1",2600,"D",260,"D",.,"A",0,"D",0,"D",.,"A",200,"D",2340,"D",0,"D",50,"D",650,"D",.,"A",.,"A"
"20154","03236392",44,0,"1",910,"D",0,"D",.,"A",520,"D",0,"D",.,"A",.,"A",910,"D",0,"D",.,"A",.,"A",.,"A",.,"A"
"20154","03236403",29,0,"1",1625,"D",325,"D",.,"A",130,"D",0,"D",.,"A",.,"A",1300,"D",0,"D",.,"A",.,"A",.,"A",.,"A"
"20154","03236422",49,0,"1",1950,"D",650,"D",.,"A",780,"D",120,"D",.,"A",.,"A",1300,"D",90,"D",.,"A",.,"A",.,"A",.,"A"
"20154","03236442",56,0,"1",1625,"D",195,"D",.,"A",325,"D",6,"D",.,"A",.,"A",1430,"D",6,"D",.,"A",.,"A",.,"A",.,"A"
"20154","03236472",41,0,"1",1820,"D",520,"D",195,"D",325,"D",75,"D",.,"A",.,"A",1300,"D",75,"D",.,"A",.,"A",.,"A",.,"A"
"20154","03236502",47,0,"1",2600,"D",520,"D",.,"A",650,"D",0,"D",.,"A",20,"D",2080,"D",0,"D",.,"A",.,"A",.,"A",.,"A"
"20154","03236552",18,0,"1",260,"D",130,"D",.,"A",65,"D",0,"D",.,"A",.,"A",130,"D",0,"D",50,"D",650,"D",.,"A",.,"A"
"20154","03236572",23,0,"1",520,"D",26,"D",.,"A",0,"D",0,"D",.,"A",.,"A",494,"D",0,"D",50,"D",650,"D",.,"A",.,"A"
"20154","03236622",33,0,"1",1300,"D",260,"D",.,"A",260,"D",0,"D",.,"A",.,"A",1040,"D",0,"D",.,"A",.,"A",.,"A",.,"A"
"20154","03236752",21,0,"1",1950,"D",260,"D",.,"A",260,"D",1500,"D",.,"A",.,"A",1690,"D",0,"D",45,"D",585,"D",.,"A",.,"A"
"20154","03236762",13,0,"1",2184,"D",390,"D",.,"A",0,"D",0,"D",.,"A",.,"A",1794,"D",0,"D",.,"A",.,"A",.,"A",.,"A"
"20154","03236782",47,0,"1",650,"D",130,"D",.,"A",78,"D",0,"D",.,"A",.,"A",520,"D",0,"D",.,"A",.,"A",.,"A",.,"A"
"20154","03236812",22,0,"1",1040,"D",317,"F",333,"F",0,"D",94,"F",.,"A",.,"A",1311,"F",87,"F",.,"A",.,"A",78,"D",6,"D"
"20154","03236872",26,0,"1",1560,"D",130,"D",.,"A",130,"D",0,"D",.,"A",.,"A",1430,"D",0,"D",.,"A",.,"A",65,"D",5,"D"
"20154","03236882",17,0,"1",1560,"D",52,"D",.,"A",260,"D",0,"D",.,"A",.,"A",1508,"D",0,"D",.,"A",.,"A",.,"A",.,"A"
"20154","03236902",24,0,"1",1300,"D",207,"F",283,"F",325,"D",100,"F",.,"A",.,"A",723,"F",98,"F",.,"A",.,"A",.,"A",.,"A"
"20154","03236922",60,0,"1",910,"D",130,"D",.,"A",130,"D",0,"D",.,"A",.,"A",780,"D",150,"D",.,"A",.,"A",.,"A",.,"A"
"20154","03236932",58,0,"1",2600,"D",520,"D",.,"A",975,"D",0,"D",.,"A",.,"A",2080,"D",120,"D",.,"A",.,"A",.,"A",.,"A"
"20154","03236942",31,0,"1",1170,"D",195,"D",.,"A",0,"D",0,"D",.,"A",117,"D",975,"D",0,"D",.,"A",.,"A",.,"A",.,"A"
"20154","03236982",45,0,"1",910,"D",169,"F",.,"A",156,"D",0,"D",.,"A",.,"A",633,"F",0,"D",.,"A",.,"A",.,"A",.,"A"
"20154","03237002",21,0,"1",650,"D",0,"D",.,"A",0,"D",0,"D",.,"A",.,"A",650,"D",0,"D",.,"C",534,"F",.,"A",.,"A"
"20154","03237032",34,0,"1",2600,"D",401,"F",357,"F",195,"D",139,"F",.,"A",.,"A",1741,"F",133,"F",.,"A",.,"A",.,"A",.,"A"
"20154","03237045",40,0,"1",910,"D",260,"D",.,"A",52,"D",0,"D",.,"A",.,"A",650,"D",0,"D",.,"A",.,"A",.,"A",.,"A"
"20154","03237052",31,0,"1",1300,"D",260,"D",.,"A",520,"D",0,"D",.,"A",.,"A",1040,"D",0,"D",.,"A",.,"A",.,"A",.,"A"
"20154","03237062",33,0,"1",1300,"D",260,"D",.,"A",650,"D",0,"D",.,"A",.,"A",1040,"D",0,"D",.,"A",.,"A",.,"A",.,"A"
"20154","03237075",33,0,"1",2600,"D",455,"D",.,"A",975,"D",150,"D",.,"A",.,"A",2145,"D",450,"D",.,"A",.,"A",.,"A",.,"A"
"20154","03237082",33,0,"1",1300,"D",0,"D",.,"A",910,"D",30,"D",.,"A",.,"A",1300,"D",60,"D",.,"A",.,"A",.,"A",.,"A"
"20154","03237102",21,0,"1",169,"D",52,"D",.,"A",65,"D",0,"D",.,"A",.,"A",117,"D",0,"D",.,"A",.,"A",.,"A",.,"A"
"20154","03237132",23,0,"1",1170,"D",130,"D",.,"A",650,"D",100,"F",.,"A",.,"A",1040,"D",98,"F",.,"C",324,"F",.,"A",.,"A"
"20154","03237142",39,0,"1",1040,"D",390,"D",260,"D",910,"D",120,"D",.,"A",.,"A",650,"D",210,"D",.,"A",.,"A",.,"A",.,"A"
"20154","03237162",35,0,"1",2080,"D",260,"D",.,"A",130,"D",0,"D",.,"A",.,"A",1820,"D",0,"D",12,"D",156,"D",.,"A",.,"A"
"20154","03237202",23,0,"1",1950,"D",0,"D",.,"A",156,"D",0,"D",.,"A",.,"A",1950,"D",24,"D",.,"A",.,"A",117,"D",9,"D"
"20154","03237212",23,0,"1",975,"D",195,"D",.,"A",325,"D",75,"D",.,"A",.,"A",780,"D",0,"D",.,"A",.,"A",.,"A",.,"A"
"20154","03237222",35,0,"1",2600,"D",650,"D",.,"A",0,"D",0,"D",.,"A",.,"A",1950,"D",0,"D",.,"A",.,"A",.,"A",.,"A"
"20154","03237262",33,0,"1",1459,"F",.,"A",.,"A",535,"F",0,"D",.,"A",.,"A",1152,"F",0,"D",.,"A",.,"A",.,"A",.,"A"
"20154","03237272",31,0,"1",2600,"D",520,"D",.,"A",650,"D",0,"D",.,"A",.,"A",2080,"D",6,"D",.,"A",.,"A",.,"A",.,"A"
"20154","03237282",30,0,"1",1300,"D",325,"D",.,"A",650,"D",150,"D",.,"A",.,"A",975,"D",150,"D",.,"A",.,"A",.,"A",.,"A"
"20154","03237322",16,0,"1",2600,"D",212,"F",.,"A",780,"D",0,"D",.,"A",.,"A",699,"F",0,"D",.,"A",.,"A",.,"A",.,"A"
"20154","03237332",57,0,"1",975,"D",195,"D",.,"A",325,"D",30,"D",.,"A",.,"A",780,"D",30,"D",.,"A",.,"A",.,"A",.,"A"
"20154","03237342",56,0,"1",1300,"D",260,"D",.,"A",390,"D",150,"D",.,"A",.,"A",1040,"D",90,"D",.,"A",.,"A",.,"A",.,"A"
"20154","03237352",22,0,"1",520,"D",0,"D",.,"A",260,"D",0,"D",.,"A",.,"A",520,"D",0,"D",.,"A",.,"A",.,"A",.,"A"
"20154","03237392",24,0,"1",1950,"D",195,"D",.,"A",0,"D",0,"D",.,"A",.,"A",1755,"D",60,"D",.,"A",.,"A",.,"A",.,"A"
"20154","03237402",24,0,"1",1300,"D",260,"D",.,"A",260,"D",0,"D",.,"A",.,"A",1040,"D",75,"D",.,"A",.,"A",.,"A",.,"A"
"20154","03237442",29,0,"1",975,"D",195,"D",260,"D",0,"D",0,"D",.,"A",.,"A",780,"D",60,"D",20,"D",260,"D",.,"A",.,"A"
"20154","03237472",19,0,"1",1820,"D",130,"D",.,"A",325,"D",0,"D",.,"A",.,"A",1690,"D",60,"D",.,"A",.,"A",.,"A",.,"A"
"20154","03237482",39,0,"1",1300,"D",0,"D",.,"A",650,"D",180,"D",.,"A",.,"A",1300,"D",120,"D",.,"A",.,"A",.,"A",.,"A"
"20154","03237502",40,0,"1",1300,"D",195,"D",.,"A",650,"D",0,"D",.,"A",.,"A",1105,"D",0,"D",.,"A",.,"A",.,"A",.,"A"
"20154","03237512",22,0,"1",1690,"D",520,"D",.,"A",780,"D",60,"D",.,"A",.,"A",1170,"D",24,"D",.,"A",.,"A",.,"A",.,"A"
"20154","03237522",27,0,"1",650,"D",130,"D",.,"A",1950,"D",0,"D",.,"A",.,"A",520,"D",0,"D",.,"A",.,"A",.,"A",.,"A"
"20154","03237542",51,0,"1",1560,"D",0,"D",1560,"D",650,"D",0,"D",.,"A",.,"A",1560,"D",0,"D",.,"A",.,"A",.,"A",.,"A"
"20154","03237552",32,0,"1",1950,"D",975,"D",.,"A",1300,"D",240,"D",.,"A",.,"A",975,"D",60,"D",.,"A",.,"A",.,"A",.,"A"
"20154","03237583",16,0,"1",1300,"D",0,"D",.,"A",260,"D",0,"D",.,"A",.,"A",1300,"D",0,"D",.,"A",.,"A",.,"A",.,"A"
"20154","03237592",39,0,"1",1300,"D",390,"D",.,"A",0,"D",0,"D",.,"A",.,"A",910,"D",0,"D",.,"A",.,"A",.,"A",.,"A"
"20154","03237602",23,0,"1",260,"D",0,"D",130,"D",156,"D",0,"D",.,"A",.,"A",260,"D",0,"D",.,"A",.,"A",.,"A",.,"A"
"20154","03237612",21,0,"1",1300,"D",260,"D",1040,"D",260,"D",0,"D",.,"A",.,"A",1040,"D",0,"D",.,"A",.,"A",.,"A",.,"A"
"20154","03237632",33,0,"1",2600,"D",650,"D",.,"A",494,"D",0,"D",.,"A",.,"A",1950,"D",525,"D",35,"D",455,"D",.,"A",.,"A"
"20154","03237642",32,0,"1",520,"D",0,"D",.,"A",260,"D",0,"D",.,"A",.,"A",520,"D",0,"D",.,"A",.,"A",.,"A",.,"A"
"20154","03237652",21,0,"1",975,"D",260,"D",.,"A",0,"D",0,"D",.,"A",.,"A",715,"D",0,"D",.,"A",.,"A",.,"A",.,"A"
"20154","03237672",38,0,"1",1924,"D",130,"D",.,"A",260,"D",0,"D",.,"A",.,"A",1794,"D",0,"D",.,"A",.,"A",.,"A",.,"A"
"20154","03237692",46,0,"1",1300,"D",455,"D",130,"D",650,"D",0,"D",.,"A",.,"A",845,"D",45,"D",.,"A",.,"A",.,"A",.,"A"
"20154","03237712",41,0,"1",1300,"D",260,"D",390,"D",130,"D",0,"D",.,"A",.,"A",1040,"D",0,"D",.,"A",.,"A",.,"A",.,"A"
"20154","03237732",35,0,"1",900,"F",.,"A",.,"A",416,"F",100,"F",.,"A",.,"A",723,"F",98,"F",.,"A",.,"A",.,"A",.,"A"
"20154","03237792",45,0,"1",650,"D",130,"D",.,"A",1300,"D",0,"D",.,"A",.,"A",520,"D",0,"D",.,"A",.,"A",.,"A",.,"A"
"20154","03237802",22,0,"1",780,"D",130,"D",.,"A",0,"D",0,"D",.,"A",.,"A",650,"D",0,"D",.,"A",.,"A",.,"A",.,"A"
"20154","03237812",37,0,"1",1105,"D",325,"D",.,"A",7800,"D",360,"D",.,"A",.,"A",780,"D",180,"D",.,"A",.,"A",.,"A",.,"A"
"20154","03237822",31,0,"1",1300,"D",325,"D",325,"D",0,"D",0,"D",.,"A",.,"A",975,"D",0,"D",.,"A",.,"A",.,"A",.,"A"
"20154","03237852",77,0,"1",1625,"D",325,"D",.,"A",780,"D",0,"D",.,"A",.,"A",1300,"D",0,"D",.,"A",.,"A",.,"A",.,"A"
"20154","03237872",20,0,"1",1950,"D",390,"D",.,"A",2600,"D",0,"D",.,"A",.,"A",1560,"D",0,"D",.,"A",.,"A",.,"A",.,"A"
"20154","03237902",12,0,"1",845,"D",260,"D",.,"A",0,"D",0,"D",.,"A",.,"A",585,"D",0,"D",.,"A",.,"A",.,"A",.,"A"
"20154","03237932",46,0,"1",1378,"D",416,"D",.,"A",234,"D",0,"D",.,"A",.,"A",962,"D",0,"D",.,"A",.,"A",.,"A",.,"A"
"20154","03237944",27,0,"1",390,"D",65,"D",.,"A",260,"D",0,"D",.,"A",.,"A",325,"D",0,"D",.,"A",.,"A",.,"A",.,"A"
"20154","03237952",31,0,"1",1625,"D",130,"D",.,"A",325,"D",0,"D",.,"A",.,"A",1495,"D",0,"D",.,"A",.,"A",.,"A",.,"A"
"20154","03237962",22,0,"1",1300,"D",650,"D",.,"A",390,"D",0,"D",.,"A",.,"A",650,"D",0,"D",.,"A",.,"A",.,"A",.,"A"
"20154","03237972",24,0,"1",650,"D",130,"D",.,"A",650,"D",0,"D",.,"A",.,"A",520,"D",0,"D",.,"C",324,"F",.,"A",.,"A"
"20154","03237983",14,0,"1",169,"D",0,"D",.,"A",13,"D",0,"D",15,"D",.,"A",169,"D",0,"D",.,"A",.,"A",.,"A",.,"A"
"20154","03238002",18,0,"1",780,"D",0,"D",650,"D",0,"D",0,"D",585,"D",.,"A",780,"D",0,"D",.,"A",.,"A",.,"A",.,"A"
"20154","03238012",20,0,"1",715,"D",65,"D",.,"A",455,"D",0,"D",.,"A",.,"A",650,"D",0,"D",.,"A",.,"A",.,"A",.,"A"
"20154","03238032",52,0,"1",1300,"D",0,"D",.,"A",520,"D",0,"D",.,"A",77,"D",1300,"D",0,"D",.,"A",.,"A",.,"A",.,"A"
"20154","03238045",22,0,"1",2600,"D",130,"D",.,"A",2600,"D",0,"D",.,"A",.,"A",2470,"D",0,"D",.,"A",.,"A",.,"A",.,"A"
"20154","03238052",27,0,"1",1300,"D",260,"D",.,"A",130,"D",0,"D",.,"A",.,"A",1040,"D",150,"D",.,"A",.,"A",.,"A",.,"A"
"20154","03238072",26,0,"1",520,"D",207,"F",.,"A",65,"D",0,"D",.,"A",.,"A",723,"F",0,"D",.,"A",.,"A",.,"A",.,"A"
"20154","03238082",53,0,"1",1300,"D",325,"D",390,"D",325,"D",75,"D",.,"A",.,"A",975,"D",150,"D",.,"A",.,"A",.,"A",.,"A"
"20154","03238122",48,0,"1",1950,"D",520,"D",.,"A",260,"D",0,"D",.,"A",.,"A",1430,"D",120,"D",50,"D",650,"D",.,"A",.,"A"
"20154","03238132",38,0,"1",650,"D",260,"D",130,"D",0,"D",0,"D",.,"A",.,"A",390,"D",60,"D",.,"A",.,"A",.,"A",.,"A"
"20154","03238152",24,0,"1",975,"D",130,"D",.,"A",390,"D",0,"D",.,"A",.,"A",845,"D",0,"D",.,"A",.,"A",.,"A",.,"A"
"20154","03238162",25,0,"1",3250,"D",650,"D",325,"D",975,"D",720,"D",.,"A",.,"A",2600,"D",300,"D",20,"D",260,"D",.,"A",.,"A"
"20154","03238182",47,0,"1",2600,"D",0,"D",.,"A",130,"D",30,"D",.,"A",.,"A",2600,"D",0,"D",.,"A",.,"A",.,"A",.,"A"
"20154","03238212",25,0,"1",520,"D",39,"D",.,"A",195,"D",0,"D",.,"A",.,"A",481,"D",0,"D",.,"A",.,"A",26,"D",2,"D"
"20154","03238282",12,0,"1",650,"D",65,"D",.,"A",416,"F",100,"F",.,"A",.,"A",585,"D",98,"F",.,"A",.,"A",.,"A",.,"A"
"20154","03238292",19,0,"1",2600,"D",260,"D",.,"A",520,"D",0,"D",.,"A",.,"A",2340,"D",0,"D",50,"D",650,"D",.,"A",.,"A"
"20154","03238302",35,0,"1",975,"D",325,"D",.,"A",0,"D",0,"D",.,"A",.,"A",650,"D",300,"D",.,"A",.,"A",.,"A",.,"A"
"20154","03238322",41,0,"1",1625,"D",195,"D",.,"A",260,"D",0,"D",.,"A",.,"A",1430,"D",120,"D",35,"D",455,"D",.,"A",.,"A"
"20154","03238332",31,0,"1",2600,"D",390,"D",.,"A",780,"D",0,"D",.,"A",.,"A",2210,"D",120,"D",.,"A",.,"A",.,"A",.,"A"
"20154","03238342",20,0,"1",975,"D",130,"D",.,"A",780,"D",60,"D",.,"A",.,"A",845,"D",90,"D",.,"A",.,"A",.,"A",.,"A"
"20154","03238352",24,0,"1",1625,"D",325,"D",.,"A",260,"D",0,"D",.,"A",.,"A",1300,"D",0,"D",.,"A",.,"A",.,"A",.,"A"
"20154","03248841",38,0,"1",1950,"D",260,"D",.,"A",0,"D",0,"D",.,"A",.,"A",1690,"D",0,"D",.,"A",.,"A",.,"A",.,"A"
"20154","03248861",29,0,"1",1300,"D",260,"D",.,"A",650,"D",0,"D",.,"A",.,"A",1040,"D",0,"D",.,"A",.,"A",.,"A",.,"A"
"20154","03248881",51,0,"1",1950,"D",650,"D",.,"A",1300,"D",6,"D",.,"A",.,"A",1300,"D",6,"D",.,"A",.,"A",.,"A",.,"A"
"20154","03248891",24,0,"1",650,"D",65,"D",.,"A",0,"D",0,"D",.,"A",.,"A",585,"D",0,"D",.,"A",.,"A",.,"A",.,"A"
"20154","03248921",30,0,"1",1625,"D",260,"D",.,"A",1560,"D",60,"D",.,"A",.,"A",1365,"D",0,"D",.,"A",.,"A",.,"A",.,"A"
"20154","03248931",46,0,"1",975,"D",130,"D",.,"A",975,"D",225,"D",.,"A",.,"A",845,"D",450,"D",.,"A",.,"A",.,"A",.,"A"
"20154","03248951",20,0,"1",195,"D",65,"D",.,"A",0,"D",0,"D",.,"A",.,"A",130,"D",0,"D",.,"A",.,"A",.,"A",.,"A"
"20154","03248981",25,0,"1",1300,"D",0,"D",.,"A",260,"D",0,"D",.,"A",.,"A",1300,"D",0,"D",.,"A",.,"A",.,"A",.,"A"
"20154","03249011",23,0,"1",520,"D",0,"D",.,"A",0,"D",0,"D",.,"A",.,"A",520,"D",75,"D",.,"A",.,"A",.,"A",.,"A"
"20154","03249021",13,0,"1",520,"D",260,"D",.,"A",520,"D",0,"D",.,"A",.,"A",260,"D",0,"D",12,"D",156,"D",.,"A",.,"A"
"20154","03249035",57,0,"1",1625,"D",260,"D",.,"A",585,"D",150,"D",.,"A",.,"A",1365,"D",105,"D",.,"A",.,"A",.,"A",.,"A"
"20154","03249051",31,0,"1",325,"D",0,"D",65,"D",0,"D",0,"D",.,"A",.,"A",325,"D",450,"D",30,"D",390,"D",65,"D",5,"D"
"20154","03249091",38,0,"1",1625,"D",260,"D",.,"A",2600,"D",0,"D",.,"A",.,"A",1365,"D",0,"D",.,"A",.,"A",.,"A",.,"A"
"20154","03249101",36,0,"1",2080,"D",260,"D",.,"A",0,"D",0,"D",.,"A",.,"A",1820,"D",0,"D",.,"A",.,"A",.,"A",.,"A"
"20154","03249111",29,0,"1",650,"D",65,"D",.,"A",195,"D",150,"D",.,"A",.,"A",585,"D",75,"D",.,"A",.,"A",.,"A",.,"A"
"20154","03249121",29,0,"1",975,"D",65,"D",.,"A",1950,"D",0,"D",.,"A",.,"A",910,"D",0,"D",.,"A",.,"A",.,"A",.,"A"
"20154","03249131",30,0,"1",650,"D",65,"D",.,"A",325,"D",60,"D",.,"A",.,"A",585,"D",60,"D",.,"A",.,"A",.,"A",.,"A"
"20154","03249141",32,0,"1",2600,"D",520,"D",.,"A",260,"D",0,"D",6,"D",.,"A",2080,"D",300,"D",.,"A",.,"A",.,"A",.,"A"
"20154","03249151",31,0,"1",975,"D",325,"D",260,"D",65,"D",0,"D",.,"A",.,"A",650,"D",12,"D",.,"A",.,"A",.,"A",.,"A"
"20154","03249161",45,0,"1",1040,"D",390,"D",.,"A",1300,"D",0,"D",.,"A",.,"A",650,"D",0,"D",.,"A",.,"A",.,"A",.,"A"
"20154","03249171",33,0,"1",650,"D",130,"D",.,"A",195,"D",0,"D",.,"A",.,"A",520,"D",0,"D",.,"A",.,"A",.,"A",.,"A"
"20154","03249191",24,0,"1",1950,"D",260,"D",.,"A",1300,"D",300,"D",.,"A",.,"A",1690,"D",300,"D",.,"A",.,"A",.,"A",.,"A"
"20154","03249201",32,0,"1",1950,"D",520,"D",195,"D",975,"D",240,"D",.,"A",.,"A",1430,"D",240,"D",.,"A",.,"A",.,"A",.,"A"
"20154","03249225",21,0,"1",4550,"D",1950,"D",.,"A",1300,"D",0,"D",.,"A",.,"A",2600,"D",0,"D",.,"A",.,"A",.,"A",.,"A"
"20154","03249241",28,0,"1",1755,"D",325,"D",.,"A",650,"D",0,"D",.,"A",.,"A",1430,"D",0,"D",.,"A",.,"A",.,"A",.,"A"
"20154","03249251",15,0,"1",1549,"F",.,"A",.,"A",870,"F",0,"D",.,"A",.,"A",1261,"F",0,"D",.,"A",.,"A",.,"A",.,"A"
"20154","03249281",13,0,"1",1300,"D",0,"D",.,"A",390,"D",0,"D",.,"A",.,"A",1300,"D",0,"D",50,"D",650,"D",52,"D",4,"D"
"20154","03249291",31,0,"1",2600,"D",1300,"D",.,"A",715,"D",0,"D",.,"A",.,"A",1300,"D",0,"D",.,"A",.,"A",.,"A",.,"A"
"20154","03249311",31,0,"1",650,"D",0,"D",.,"A",195,"D",90,"D",.,"A",.,"A",650,"D",180,"D",.,"A",.,"A",.,"A",.,"A"
"20154","03249321",19,0,"1",2600,"D",260,"D",.,"A",650,"D",0,"D",.,"A",30,"D",2340,"D",0,"D",.,"A",.,"A",.,"A",.,"A"
"20154","03249331",20,0,"1",455,"D",0,"D",.,"A",780,"D",0,"D",.,"A",.,"A",455,"D",0,"D",.,"A",.,"A",.,"A",.,"A"
"20154","03249351",42,0,"1",1950,"D",0,"D",.,"A",1950,"D",0,"D",.,"A",.,"A",1950,"D",0,"D",.,"A",.,"A",.,"A",.,"A"
"20154","03249361",31,0,"1",1300,"D",325,"D",.,"A",0,"D",0,"D",.,"A",.,"A",975,"D",0,"D",.,"A",.,"A",.,"A",.,"A"
"20154","03249381",21,0,"1",923,"D",325,"D",.,"A",0,"D",0,"D",.,"A",.,"A",598,"D",0,"D",.,"A",.,"A",.,"A",.,"A"
"20154","03249411",21,0,"1",650,"D",130,"D",.,"A",195,"D",0,"D",.,"A",40,"D",520,"D",0,"D",.,"A",.,"A",.,"A",.,"A"
"20154","03249421",11,0,"1",1549,"F",.,"A",.,"A",870,"F",175,"F",.,"A",.,"A",1261,"F",191,"F",.,"A",.,"A",.,"A",.,"A"
"20154","03249431",21,0,"1",1549,"F",.,"A",.,"A",870,"F",175,"F",.,"A",.,"A",1261,"F",191,"F",.,"A",.,"A",.,"A",.,"A"
"20154","03249461",26,0,"1",1170,"D",195,"D",.,"A",520,"D",18,"D",.,"A",.,"A",975,"D",39,"D",.,"A",.,"A",.,"A",.,"A"
"20154","03249471",36,0,"1",1300,"D",325,"D",.,"A",0,"D",0,"D",.,"A",.,"A",975,"D",150,"D",.,"A",.,"A",.,"A",.,"A"
"20154","03249491",56,0,"1",975,"D",325,"D",260,"D",1300,"D",180,"D",.,"A",.,"A",650,"D",150,"D",.,"A",.,"A",.,"A",.,"A"
"20154","03249511",27,0,"1",975,"D",325,"D",.,"A",130,"D",0,"D",.,"A",.,"A",650,"D",132,"D",.,"A",.,"A",.,"A",.,"A"
"20154","03249521",16,0,"1",1300,"D",520,"D",.,"A",195,"D",0,"D",.,"A",.,"A",780,"D",0,"D",15,"D",195,"D",.,"A",.,"A"
"20154","03249531",10,0,"1",910,"D",65,"D",.,"A",0,"D",0,"D",.,"A",.,"A",845,"D",0,"D",.,"A",.,"A",.,"A",.,"A"
"20154","03249541",45,0,"1",1300,"D",0,"D",.,"A",0,"D",0,"D",.,"A",.,"A",1300,"D",0,"D",.,"A",.,"A",.,"A",.,"A"
"20154","03249571",30,0,"1",260,"D",65,"D",.,"A",130,"D",0,"D",.,"A",.,"A",195,"D",0,"D",.,"A",.,"A",.,"A",.,"A"
"20154","03249591",17,0,"1",910,"D",195,"D",.,"A",390,"D",60,"D",.,"A",.,"A",715,"D",45,"D",.,"A",.,"A",.,"A",.,"A"
"20154","03249611",41,0,"1",1950,"D",0,"D",325,"D",1690,"D",300,"D",130,"D",.,"A",1950,"D",150,"D",.,"A",.,"A",.,"A",.,"A"
"20154","03249621",9,0,"1",325,"D",0,"D",.,"A",325,"D",0,"D",.,"A",.,"A",325,"D",0,"D",.,"A",.,"A",.,"A",.,"A"
"20154","03249641",9,0,"1",325,"D",0,"D",.,"A",325,"D",0,"D",.,"A",.,"A",325,"D",0,"D",.,"A",.,"A",.,"A",.,"A"
"20154","03249651",31,0,"1",1625,"D",0,"D",.,"A",0,"D",0,"D",.,"A",.,"A",1625,"D",0,"D",.,"A",.,"A",.,"A",.,"A"
"20154","03249661",49,0,"1",1625,"D",260,"D",.,"A",455,"D",0,"D",.,"A",.,"A",1365,"D",0,"D",.,"A",.,"A",.,"A",.,"A"
"20154","03249671",32,0,"1",1950,"D",390,"D",.,"A",390,"D",0,"D",.,"A",.,"A",1560,"D",0,"D",50,"D",650,"D",.,"A",.,"A"
"20154","03249681",21,0,"1",3250,"D",130,"D",.,"A",0,"D",0,"D",.,"A",.,"A",3120,"D",0,"D",.,"A",.,"A",143,"D",11,"D"
"20154","03249691",21,0,"1",1040,"D",325,"D",325,"D",130,"D",0,"D",.,"A",.,"A",715,"D",0,"D",35,"D",455,"D",.,"A",.,"A"
"20154","03249701",19,0,"1",1300,"D",650,"D",.,"A",650,"D",0,"D",.,"A",.,"A",650,"D",0,"D",.,"A",.,"A",.,"A",.,"A"
"20154","03249711",20,0,"1",975,"D",65,"D",.,"A",0,"D",0,"D",.,"A",.,"A",910,"D",90,"D",.,"A",.,"A",.,"A",.,"A"
"20154","03249741",19,0,"1",650,"D",0,"D",.,"A",321,"F",0,"D",.,"A",.,"A",650,"D",0,"D",.,"A",.,"A",.,"A",.,"A"
"20154","03249751",88,0,"1",1625,"D",624,"D",130,"D",1300,"D",75,"D",.,"A",.,"A",1001,"D",60,"D",.,"A",.,"A",.,"A",.,"A"
"20154","03249761",41,0,"1",1300,"D",195,"D",.,"A",650,"D",0,"D",.,"A",.,"A",1105,"D",150,"D",.,"A",.,"A",.,"A",.,"A"
"20154","03249781",36,0,"1",650,"D",650,"D",.,"A",650,"D",30,"D",.,"A",.,"A",0,"D",30,"D",.,"A",.,"A",.,"A",.,"A"
"20154","03249811",27,0,"1",2990,"D",325,"D",.,"A",0,"D",0,"D",.,"A",.,"A",2665,"D",0,"D",15,"D",195,"D",.,"A",.,"A"
"20154","03249851",27,0,"1",780,"D",130,"D",.,"A",325,"D",0,"D",.,"A",.,"A",650,"D",0,"D",.,"A",.,"A",.,"A",.,"A"
"20154","03249861",16,0,"1",1300,"D",130,"D",.,"A",520,"D",0,"D",.,"A",.,"A",1170,"D",0,"D",.,"A",.,"A",.,"A",.,"A"
"20154","03249871",44,0,"1",975,"D",130,"D",.,"A",156,"D",0,"D",.,"A",.,"A",845,"D",0,"D",.,"A",.,"A",.,"A",.,"A"
"20154","03249921",22,0,"1",5200,"D",650,"D",1300,"D",2600,"D",79,"F",.,"A",.,"A",4550,"D",0,"D",10,"D",130,"D",.,"A",.,"A"
"20154","03249931",22,0,"1",780,"D",195,"D",.,"A",0,"D",0,"D",.,"A",.,"A",585,"D",0,"D",.,"A",.,"A",.,"A",.,"A"
"20154","03249941",24,0,"1",650,"D",65,"D",.,"A",390,"D",0,"D",.,"A",.,"A",585,"D",0,"D",.,"A",.,"A",.,"A",.,"A"
"20154","03249951",41,0,"1",1625,"D",325,"D",.,"A",325,"D",0,"D",.,"A",25,"D",1300,"D",0,"D",.,"A",.,"A",.,"A",.,"A"
"20154","03249965",41,0,"1",1950,"D",325,"D",.,"A",650,"D",150,"D",.,"A",.,"A",1625,"D",90,"D",.,"A",.,"A",.,"A",.,"A"
"20154","03249971",35,0,"1",650,"D",260,"D",.,"A",195,"D",30,"D",.,"A",.,"A",390,"D",75,"D",30,"D",390,"D",.,"A",.,"A"
"20154","03249991",32,0,"1",910,"D",260,"D",.,"A",1105,"D",30,"D",.,"A",.,"A",650,"D",0,"D",.,"A",.,"A",.,"A",.,"A"
"20154","03250011",69,0,"1",1950,"D",260,"D",.,"A",1300,"D",360,"D",.,"A",.,"A",1690,"D",60,"D",.,"A",.,"A",.,"A",.,"A"
"20154","03250021",15,0,"1",1300,"D",390,"D",.,"A",390,"D",0,"D",.,"A",.,"A",910,"D",0,"D",77,"D",1001,"D",.,"A",.,"A"
"20154","03250044",28,0,"1",1300,"D",520,"D",390,"D",520,"D",90,"D",.,"A",.,"A",780,"D",150,"D",.,"A",.,"A",.,"A",.,"A"
"20154","03250051",6,0,"1",0,"D",.,"A",.,"A",0,"D",0,"D",.,"A",.,"A",0,"D",0,"D",.,"A",.,"A",.,"A",.,"A"
"20154","03250061",24,0,"1",2080,"D",520,"D",.,"A",0,"D",0,"D",.,"A",.,"A",1560,"D",0,"D",.,"A",.,"A",.,"A",.,"A"
"20154","03250101",37,0,"1",650,"D",195,"D",195,"D",780,"D",0,"D",.,"A",.,"A",455,"D",0,"D",.,"A",.,"A",.,"A",.,"A"
"20154","03250113",26,0,"1",650,"D",52,"D",.,"A",520,"D",0,"D",.,"A",.,"A",598,"D",0,"D",.,"A",.,"A",.,"A",.,"A"
"20154","03250141",27,0,"1",1503,"F",.,"A",.,"A",0,"D",0,"D",.,"A",.,"A",1164,"F",6,"D",.,"A",.,"A",.,"A",.,"A"
"20154","03250153",11,0,"1",1950,"D",130,"D",.,"A",0,"D",0,"D",.,"A",.,"A",1820,"D",0,"D",.,"A",.,"A",.,"A",.,"A"
"20154","03250171",29,0,"1",650,"D",65,"D",390,"D",0,"D",0,"D",.,"A",.,"A",585,"D",0,"D",.,"A",.,"A",.,"A",.,"A"
"20154","03250181",37,0,"1",2080,"D",0,"D",.,"A",1105,"D",0,"D",.,"A",.,"A",2080,"D",90,"D",.,"A",.,"A",.,"A",.,"A"
"20154","03250191",29,0,"1",1040,"D",260,"D",1300,"D",0,"D",0,"D",.,"A",.,"A",780,"D",0,"D",.,"A",.,"A",.,"A",.,"A"
"20154","03250201",19,0,"1",1950,"D",390,"D",.,"A",455,"D",0,"D",.,"A",.,"A",1560,"D",0,"D",.,"A",.,"A",.,"A",.,"A"
"20154","03250241",43,0,"1",1300,"D",130,"D",.,"A",1300,"D",300,"D",.,"A",.,"A",1170,"D",60,"D",.,"A",.,"A",.,"A",.,"A"
"20154","03250251",18,0,"1",2860,"D",390,"D",.,"A",1300,"D",0,"D",.,"A",.,"A",2470,"D",0,"D",.,"A",.,"A",.,"A",.,"A"
"20154","03250281",21,0,"1",2600,"D",455,"D",.,"A",65,"D",0,"D",.,"A",.,"A",2145,"D",0,"D",.,"A",.,"A",.,"A",.,"A"
"20154","03250291",44,0,"1",2600,"D",390,"D",.,"A",650,"D",150,"D",.,"A",.,"A",2210,"D",90,"D",.,"A",.,"A",.,"A",.,"A"
"20154","03250341",20,0,"1",1300,"D",260,"D",.,"A",1300,"D",150,"D",.,"A",.,"A",1040,"D",150,"D",.,"A",.,"A",.,"A",.,"A"
"20154","03250381",35,0,"1",520,"D",65,"D",.,"A",130,"D",0,"D",.,"A",198,"D",455,"D",150,"D",.,"A",.,"A",.,"A",.,"A"
"20154","03250392",44,0,"1",1300,"D",260,"D",.,"A",390,"D",0,"D",.,"A",.,"A",1040,"D",0,"D",10,"D",130,"D",.,"A",.,"A"
"20154","03250401",29,0,"1",1300,"D",195,"D",.,"A",650,"D",0,"D",938,"D",.,"A",1105,"D",0,"D",.,"A",.,"A",.,"A",.,"A"
"20154","03250411",19,0,"1",2600,"D",585,"D",195,"D",650,"D",0,"D",.,"A",.,"A",2015,"D",0,"D",85,"D",1105,"D",.,"A",.,"A"
"20154","03250423",29,0,"1",650,"D",195,"D",.,"A",0,"D",0,"D",.,"A",75,"D",455,"D",45,"D",7,"D",91,"D",.,"A",.,"A"
"20154","03250471",24,0,"1",650,"D",130,"D",.,"A",390,"D",0,"D",.,"A",.,"A",520,"D",0,"D",.,"A",.,"A",.,"A",.,"A"
"20154","03250481",19,0,"1",260,"D",65,"D",.,"A",130,"D",0,"D",.,"A",.,"A",195,"D",0,"D",.,"A",.,"A",.,"A",.,"A"
"20154","03250491",39,0,"1",975,"D",195,"D",260,"D",650,"D",75,"D",.,"A",.,"A",780,"D",60,"D",20,"D",260,"D",.,"A",.,"A"
"20154","03250501",19,0,"1",1625,"D",1170,"D",1170,"D",78,"D",0,"D",.,"A",.,"A",455,"D",0,"D",.,"A",.,"A",.,"A",.,"A"
"20154","03250511",34,0,"1",2275,"D",0,"D",936,"D",2600,"D",0,"D",.,"A",180,"D",2275,"D",750,"D",.,"A",.,"A",.,"A",.,"A"
"20154","03250535",23,0,"1",390,"D",130,"D",.,"A",65,"D",0,"D",.,"A",.,"A",260,"D",36,"D",25,"D",325,"D",.,"A",.,"A"
"20154","03250541",27,0,"1",910,"D",0,"D",.,"A",650,"D",360,"D",.,"A",.,"A",910,"D",360,"D",.,"A",.,"A",.,"A",.,"A"
"20154","03250551",52,0,"1",910,"D",130,"D",13,"D",260,"D",0,"D",.,"A",.,"A",780,"D",0,"D",.,"A",.,"A",.,"A",.,"A"
"20154","03250581",19,0,"1",260,"D",39,"D",.,"A",130,"D",0,"D",.,"A",.,"A",221,"D",60,"D",.,"A",.,"A",.,"A",.,"A"
"20154","03250601",17,0,"1",650,"D",130,"D",.,"A",260,"D",0,"D",.,"A",.,"A",520,"D",0,"D",15,"D",195,"D",.,"A",.,"A"
"20154","03250611",27,0,"1",1040,"D",520,"D",.,"A",1300,"D",0,"D",.,"A",.,"A",520,"D",0,"D",.,"A",.,"A",.,"A",.,"A"
"20154","03250621",42,0,"1",2080,"D",260,"D",.,"A",650,"D",0,"D",.,"A",810,"D",1820,"D",0,"D",.,"A",.,"A",.,"A",.,"A"
"20154","03250671",13,0,"1",975,"D",91,"D",.,"A",0,"D",0,"D",.,"A",.,"A",884,"D",0,"D",.,"A",.,"A",.,"A",.,"A"
"20154","03250711",19,0,"1",1300,"D",325,"D",.,"A",0,"D",0,"D",.,"A",.,"A",975,"D",150,"D",.,"A",.,"A",.,"A",.,"A"
"20154","03250721",37,0,"1",2275,"D",520,"D",.,"A",975,"D",24,"D",.,"A",120,"D",1755,"D",24,"D",.,"A",.,"A",.,"A",.,"A"
"20154","03250731",9,0,"1",0,"D",.,"A",.,"A",0,"D",0,"D",.,"A",.,"A",0,"D",0,"D",.,"A",.,"A",.,"A",.,"A"
"20154","03250791",36,0,"1",1300,"D",442,"F",.,"A",845,"D",0,"D",.,"A",.,"A",1464,"F",0,"D",2,"D",26,"D",.,"A",.,"A"
"20154","03250801",12,0,"1",1950,"D",0,"D",.,"A",0,"D",0,"D",.,"A",.,"A",1950,"D",0,"D",80,"D",1040,"D",.,"A",.,"A"
"20154","03250811",42,0,"1",3250,"D",1300,"D",.,"A",650,"D",0,"D",.,"A",.,"A",1950,"D",180,"D",.,"A",.,"A",.,"A",.,"A"
"20154","03250881",34,0,"1",1040,"D",0,"D",260,"D",650,"D",150,"D",.,"A",274,"F",1040,"D",120,"D",.,"A",.,"A",.,"A",.,"A"
"20154","03250901",25,0,"1",715,"D",65,"D",.,"A",312,"D",0,"D",.,"A",.,"A",650,"D",0,"D",.,"A",.,"A",.,"A",.,"A"
"20154","03250911",22,0,"1",1950,"D",65,"D",.,"A",260,"D",0,"D",.,"A",.,"A",1885,"D",0,"D",.,"A",.,"A",.,"A",.,"A"
"20154","03250931",27,0,"1",5850,"D",650,"D",.,"A",6500,"D",0,"D",.,"A",.,"A",5200,"D",0,"D",.,"A",.,"A",.,"A",.,"A"
"20154","03250971",34,0,"1",520,"D",65,"D",.,"A",975,"D",150,"D",.,"A",.,"A",455,"D",60,"D",.,"A",.,"A",.,"A",.,"A"
"20154","03250981",32,0,"1",780,"D",65,"D",650,"D",260,"D",45,"D",.,"A",.,"A",715,"D",120,"D",.,"A",.,"A",.,"A",.,"A"
"20154","03251002",38,0,"1",650,"D",130,"D",.,"A",520,"D",30,"D",.,"A",.,"A",520,"D",90,"D",.,"A",.,"A",.,"A",.,"A"
"20154","03251021",19,0,"1",975,"D",130,"D",.,"A",0,"D",0,"D",500,"D",.,"A",845,"D",12,"D",15,"D",195,"D",.,"A",.,"A"
"20154","03251031",42,0,"1",2600,"D",260,"D",780,"D",390,"D",300,"D",545,"F",.,"A",2340,"D",300,"D",.,"A",.,"A",.,"A",.,"A"
"20154","03251053",33,0,"1",650,"D",0,"D",260,"D",650,"D",0,"D",.,"A",.,"A",650,"D",150,"D",.,"A",.,"A",.,"A",.,"A"
"20154","03251061",9,0,"1",0,"D",.,"A",.,"A",321,"F",0,"D",.,"A",.,"A",0,"D",0,"D",.,"A",.,"A",.,"A",.,"A"
"20154","03251081",11,0,"1",2340,"D",520,"D",.,"A",1040,"D",30,"D",.,"A",.,"A",1820,"D",120,"D",.,"A",.,"A",.,"A",.,"A"
"20154","03251101",14,0,"1",1261,"F",.,"A",.,"A",390,"D",150,"D",.,"A",.,"A",1029,"F",90,"D",20,"D",260,"D",.,"A",.,"A"
"20154","03251131",33,0,"1",2600,"D",0,"D",.,"A",325,"D",0,"D",.,"A",221,"F",2600,"D",0,"D",.,"A",.,"A",.,"A",.,"A"
"20154","03251141",18,0,"1",455,"D",65,"D",.,"A",130,"D",0,"D",.,"A",.,"A",390,"D",0,"D",.,"A",.,"A",.,"A",.,"A"
"20154","03251151",43,0,"1",2275,"D",0,"D",.,"A",65,"D",30,"D",.,"A",.,"A",2275,"D",0,"D",.,"A",.,"A",.,"A",.,"A"
"20154","03251171",29,0,"1",650,"D",0,"D",.,"A",195,"D",0,"D",.,"A",.,"A",650,"D",0,"D",.,"A",.,"A",.,"A",.,"A"
"20154","03251191",15,0,"1",975,"D",65,"D",.,"A",325,"D",0,"D",.,"A",.,"A",910,"D",0,"D",.,"A",.,"A",.,"A",.,"A"
"20154","03251205",23,0,"1",1560,"D",260,"D",.,"A",780,"D",60,"D",.,"A",.,"A",1300,"D",60,"D",25,"D",325,"D",.,"A",.,"A"
"20154","03251251",12,0,"1",1300,"D",325,"D",.,"A",260,"D",0,"D",.,"A",.,"A",975,"D",0,"D",.,"A",.,"A",.,"A",.,"A"
"20154","03251261",26,0,"1",3250,"D",260,"D",325,"D",0,"D",0,"D",.,"A",.,"A",2990,"D",150,"D",.,"A",.,"A",.,"A",.,"A"
"20154","03251271",28,0,"1",2470,"D",260,"D",.,"A",390,"D",0,"D",.,"A",210,"D",2210,"D",0,"D",.,"A",.,"A",.,"A",.,"A"
"20154","03251281",35,0,"1",2600,"D",195,"D",2600,"D",1300,"D",900,"D",.,"A",.,"A",2405,"D",75,"D",.,"A",.,"A",.,"A",.,"A"
"20154","03251291",26,0,"1",1625,"D",650,"D",.,"A",325,"D",0,"D",.,"A",.,"A",975,"D",300,"D",45,"D",585,"D",.,"A",.,"A"
"20154","03251301",17,0,"1",1625,"D",195,"D",.,"A",650,"D",0,"D",.,"A",.,"A",1430,"D",450,"D",.,"A",.,"A",.,"A",.,"A"
"20154","03251311",16,0,"1",0,"D",.,"A",.,"A",0,"D",0,"D",.,"A",.,"A",0,"D",0,"D",.,"A",.,"A",.,"A",.,"A"
"20154","03251331",16,0,"1",780,"D",0,"D",.,"A",650,"D",0,"D",.,"A",.,"A",780,"D",0,"D",.,"A",.,"A",.,"A",.,"A"
"20154","03251341",19,0,"1",910,"D",0,"D",260,"D",520,"D",0,"D",.,"A",.,"A",910,"D",0,"D",27,"D",351,"D",.,"A",.,"A"
"20154","03251351",28,0,"1",1300,"D",0,"D",.,"A",520,"D",0,"D",.,"A",.,"A",1300,"D",0,"D",.,"A",.,"A",.,"A",.,"A"
"20154","03251361",19,0,"1",2600,"D",390,"D",.,"A",1170,"D",0,"D",780,"D",.,"A",2210,"D",0,"D",.,"A",.,"A",.,"A",.,"A"
"20154","03251371",27,0,"1",1950,"D",325,"D",.,"A",0,"D",0,"D",.,"A",.,"A",1625,"D",0,"D",8,"D",104,"D",.,"A",.,"A"
"20154","03251391",17,0,"1",2600,"D",650,"D",.,"A",0,"D",0,"D",.,"A",.,"A",1950,"D",0,"D",.,"A",.,"A",.,"A",.,"A"
"20154","03251451",27,0,"1",910,"D",195,"D",.,"A",520,"D",0,"D",.,"A",.,"A",715,"D",0,"D",.,"A",.,"A",.,"A",.,"A"
"20154","03251471",22,0,"1",2431,"D",481,"D",.,"A",0,"D",0,"D",.,"A",.,"A",1950,"D",0,"D",.,"A",.,"A",.,"A",.,"A"
"20154","03251481",41,0,"1",1300,"D",260,"D",.,"A",455,"D",0,"D",.,"A",.,"A",1040,"D",105,"D",.,"A",.,"A",.,"A",.,"A"
"20154","03251501",55,0,"1",780,"D",260,"D",195,"D",325,"D",120,"D",.,"A",53,"D",520,"D",60,"D",.,"A",.,"A",.,"A",.,"A"
"20154","03251511",20,0,"1",780,"D",130,"D",.,"A",0,"D",0,"D",.,"A",.,"A",650,"D",0,"D",.,"A",.,"A",.,"A",.,"A"
"20154","03251531",21,0,"1",650,"D",130,"D",.,"A",130,"D",0,"D",.,"A",.,"A",520,"D",0,"D",.,"A",.,"A",.,"A",.,"A"
"20154","03251545",40,0,"1",520,"D",0,"D",156,"D",650,"D",300,"D",.,"A",.,"A",520,"D",300,"D",.,"A",.,"A",.,"A",.,"A"
"20154","03251561",32,0,"1",1950,"D",520,"D",.,"A",650,"D",0,"D",.,"A",.,"A",1430,"D",0,"D",.,"A",.,"A",.,"A",.,"A"
"20154","03251614",60,0,"1",1040,"D",520,"D",260,"D",520,"D",90,"D",.,"A",.,"A",520,"D",240,"D",.,"A",.,"A",.,"A",.,"A"
"20154","03251625",7,0,"1",325,"D",65,"D",.,"A",130,"D",0,"D",.,"A",.,"A",260,"D",0,"D",.,"A",.,"A",.,"A",.,"A"
"20154","03251631",17,0,"1",2600,"D",1300,"D",.,"A",0,"D",0,"D",.,"A",.,"A",1300,"D",0,"D",.,"A",.,"A",65,"D",5,"D"
"20154","03251651",36,0,"1",3432,"D",130,"D",39,"D",1560,"D",408,"D",.,"A",.,"A",3302,"D",120,"D",.,"A",.,"A",.,"A",.,"A"
"20154","03251661",40,0,"1",390,"D",130,"D",.,"A",468,"D",0,"D",.,"A",.,"A",260,"D",0,"D",.,"A",.,"A",.,"A",.,"A"
"20154","03251691",64,0,"1",2600,"D",130,"D",.,"A",585,"D",0,"D",.,"A",.,"A",2470,"D",0,"D",.,"A",.,"A",.,"A",.,"A"
"20154","03251705",22,0,"1",390,"D",0,"D",.,"A",130,"D",60,"D",.,"A",.,"A",390,"D",60,"D",.,"A",.,"A",.,"A",.,"A"
"20154","03251721",18,0,"1",780,"D",65,"D",.,"A",130,"D",0,"D",.,"A",.,"A",715,"D",0,"D",.,"A",.,"A",.,"A",.,"A"
"20154","03251761",20,0,"1",1820,"D",325,"D",.,"A",1300,"D",177,"F",.,"A",.,"A",1495,"D",162,"F",.,"A",.,"A",.,"A",.,"A"
"20154","03251791",16,0,"1",1300,"D",520,"D",.,"A",130,"D",0,"D",.,"A",.,"A",780,"D",0,"D",.,"A",.,"A",.,"A",.,"A"
"20154","03251821",50,0,"1",1300,"D",195,"D",260,"D",650,"D",60,"D",324,"F",.,"A",1105,"D",60,"D",.,"A",.,"A",.,"A",.,"A"
"20154","03251831",40,0,"1",2275,"D",741,"D",.,"A",780,"D",0,"D",.,"A",.,"A",1534,"D",0,"D",.,"A",.,"A",.,"A",.,"A"
"20154","03251841",14,0,"1",2600,"D",650,"D",260,"D",364,"D",60,"D",.,"A",.,"A",1950,"D",0,"D",.,"A",.,"A",130,"D",10,"D"
"20154","03251861",71,0,"1",1144,"D",0,"D",.,"A",819,"D",0,"D",.,"A",.,"A",1144,"D",0,"D",.,"A",.,"A",.,"A",.,"A"
"20154","03251881",39,0,"1",1300,"D",260,"D",130,"D",130,"D",0,"D",50,"D",.,"A",1040,"D",60,"D",.,"A",.,"A",65,"D",5,"D"
"20154","03251894",10,0,"1",325,"D",104,"D",.,"A",260,"D",0,"D",.,"A",.,"A",221,"D",0,"D",.,"A",.,"A",.,"A",.,"A"
"20154","03251901",41,0,"1",1300,"D",353,"F",.,"A",3900,"D",600,"D",.,"A",.,"A",1261,"F",300,"D",.,"A",.,"A",.,"A",.,"A"
"20154","03251911",27,0,"1",3900,"D",260,"D",.,"A",780,"D",0,"D",.,"A",.,"A",3640,"D",0,"D",.,"A",.,"A",.,"A",.,"A"
"20154","03251931",19,0,"1",130,"D",0,"D",.,"A",0,"D",120,"D",250,"D",.,"A",130,"D",150,"D",65,"D",845,"D",.,"A",.,"A"
"20154","03251941",17,0,"1",455,"D",65,"D",.,"A",0,"D",0,"D",.,"A",.,"A",390,"D",0,"D",.,"A",.,"A",.,"A",.,"A"
"20154","03251961",20,0,"1",2600,"D",650,"D",715,"D",156,"D",0,"D",.,"A",48,"D",1950,"D",225,"D",55,"D",715,"D",.,"A",.,"A"
"20154","03251981",15,0,"1",650,"D",65,"D",.,"A",130,"D",30,"D",.,"A",.,"A",585,"D",30,"D",.,"A",.,"A",.,"A",.,"A"
"20154","03251991",103,0,"1",2340,"D",650,"D",.,"A",1040,"D",0,"D",.,"A",.,"A",1690,"D",0,"D",.,"A",.,"A",.,"A",.,"A"
"20154","03252021",56,0,"1",2600,"D",650,"D",.,"A",520,"D",0,"D",.,"A",40,"D",1950,"D",45,"D",40,"D",520,"D",.,"A",.,"A"
"20154","03252031",9,0,"1",845,"D",260,"D",.,"A",0,"D",0,"D",.,"A",.,"A",585,"D",0,"D",.,"A",.,"A",.,"A",.,"A"
"20154","03252043",30,0,"1",520,"D",0,"D",.,"A",0,"D",0,"D",.,"A",.,"A",520,"D",0,"D",.,"A",.,"A",.,"A",.,"A"
"20154","03252061",49,0,"1",2340,"D",780,"D",130,"D",0,"D",0,"D",.,"A",.,"A",1560,"D",0,"D",21,"D",273,"D",.,"A",.,"A"
"20154","03252071",46,0,"1",5200,"D",0,"D",.,"A",5200,"D",90,"D",.,"A",.,"A",5200,"D",300,"D",.,"A",.,"A",.,"A",.,"A"
"20154","03252081",36,0,"1",1950,"D",650,"D",65,"D",650,"D",90,"D",.,"A",.,"A",1300,"D",150,"D",.,"A",.,"A",.,"A",.,"A"
"20154","03252141",18,0,"1",975,"D",260,"D",.,"A",650,"D",120,"D",.,"A",.,"A",715,"D",120,"D",7,"D",91,"D",.,"A",.,"A"
"20154","03252161",55,0,"1",1300,"D",325,"D",.,"A",130,"D",75,"D",.,"A",.,"A",975,"D",120,"D",.,"A",.,"A",.,"A",.,"A"
"20154","03252201",30,0,"1",2666,"F",.,"A",.,"A",1300,"D",30,"D",.,"A",.,"A",2230,"F",150,"D",.,"A",.,"A",.,"A",.,"A"
"20154","03252211",65,0,"1",1459,"F",.,"A",.,"A",910,"D",0,"D",.,"A",.,"A",1152,"F",0,"D",.,"A",.,"A",.,"A",.,"A"
"20154","03252231",39,0,"1",2600,"D",650,"D",650,"D",6500,"D",150,"D",.,"A",.,"A",1950,"D",600,"D",.,"A",.,"A",.,"A",.,"A"
"20154","03252251",10,0,"1",1625,"D",260,"D",.,"A",0,"D",0,"D",.,"A",.,"A",1365,"D",60,"D",7,"D",91,"D",.,"A",.,"A"
"20154","03252263",32,0,"1",1690,"D",650,"D",.,"A",650,"D",0,"D",.,"A",.,"A",1040,"D",0,"D",10,"D",130,"D",.,"A",.,"A"
"20154","03252301",29,0,"1",975,"D",325,"D",.,"A",130,"D",0,"D",.,"A",.,"A",650,"D",225,"D",13,"D",169,"D",.,"A",.,"A"
"20154","03252311",39,0,"1",1300,"D",390,"D",325,"D",650,"D",0,"D",.,"A",.,"A",910,"D",0,"D",.,"A",.,"A",.,"A",.,"A"
"20154","03252381",14,0,"1",1549,"F",.,"A",260,"D",0,"D",0,"D",.,"A",.,"A",1261,"F",0,"D",.,"A",.,"A",.,"A",.,"A"
"20154","03252401",25,0,"1",1300,"D",650,"D",.,"A",325,"D",30,"D",.,"A",.,"A",650,"D",120,"D",.,"A",.,"A",.,"A",.,"A"
"20154","03252411",23,0,"1",1300,"D",271,"F",.,"A",325,"D",0,"D",.,"A",.,"A",1046,"F",0,"D",.,"A",.,"A",.,"A",.,"A"
"20154","03252431",27,0,"1",845,"D",195,"D",.,"A",0,"D",0,"D",.,"A",.,"A",650,"D",240,"D",.,"A",.,"A",.,"A",.,"A"
"20154","03252451",29,0,"1",1300,"D",260,"D",.,"A",780,"D",0,"D",.,"A",.,"A",1040,"D",150,"D",.,"A",.,"A",.,"A",.,"A"
"20154","03252471",20,0,"1",1300,"D",0,"D",.,"A",520,"D",0,"D",.,"A",.,"A",1300,"D",0,"D",.,"A",.,"A",.,"A",.,"A"
"20154","03252491",43,0,"1",1300,"D",390,"D",.,"A",650,"D",90,"D",.,"A",.,"A",910,"D",360,"D",.,"A",.,"A",.,"A",.,"A"
"20154","03252521",39,0,"1",1300,"D",325,"D",.,"A",650,"D",30,"D",.,"A",.,"A",975,"D",0,"D",30,"D",390,"D",.,"A",.,"A"
"20154","03252531",22,0,"1",1950,"D",260,"D",.,"A",1300,"D",300,"D",.,"A",.,"A",1690,"D",75,"D",.,"A",.,"A",.,"A",.,"A"
"20154","03252541",50,0,"1",1950,"D",650,"D",.,"A",2600,"D",45,"D",.,"A",.,"A",1300,"D",0,"D",.,"A",.,"A",.,"A",.,"A"
"20154","03252571",46,0,"1",3900,"D",390,"D",.,"A",13000,"D",600,"D",.,"A",.,"A",3510,"D",1680,"D",.,"A",.,"A",.,"A",.,"A"
"20154","03252612",19,0,"1",481,"D",65,"D",130,"D",260,"D",45,"D",.,"A",.,"A",416,"D",0,"D",.,"A",.,"A",.,"A",.,"A"
"20154","03252621",20,0,"1",2600,"D",0,"D",.,"A",845,"D",0,"D",.,"A",.,"A",2600,"D",0,"D",10,"D",130,"D",.,"A",.,"A"
"20154","03252645",18,0,"1",650,"D",65,"D",.,"A",520,"D",0,"D",.,"A",.,"A",585,"D",0,"D",.,"A",.,"A",.,"A",.,"A"
"20154","03252661",25,0,"1",325,"D",156,"D",130,"D",975,"D",45,"D",.,"A",.,"A",169,"D",300,"D",.,"A",.,"A",.,"A",.,"A"
"20154","03252691",36,0,"1",2275,"D",260,"D",.,"A",650,"D",225,"D",.,"A",180,"D",2015,"D",150,"D",.,"A",.,"A",.,"A",.,"A"
"20154","03252701",8,0,"1",650,"D",130,"D",.,"A",260,"D",0,"D",.,"A",.,"A",520,"D",0,"D",.,"A",.,"A",.,"A",.,"A"
"20154","03252721",63,0,"1",1950,"D",650,"D",.,"A",910,"D",0,"D",.,"A",.,"A",1300,"D",0,"D",.,"A",.,"A",.,"A",.,"A"
"20154","03252751",42,0,"1",3250,"D",650,"D",.,"A",234,"D",0,"D",.,"A",13,"D",2600,"D",0,"D",.,"A",.,"A",.,"A",.,"A"
"20154","03252761",28,0,"1",650,"D",130,"D",.,"A",520,"D",0,"D",.,"A",.,"A",520,"D",0,"D",.,"A",.,"A",.,"A",.,"A"
"20154","03252781",29,0,"1",1560,"D",260,"D",260,"D",780,"D",60,"D",.,"A",.,"A",1300,"D",30,"D",.,"A",.,"A",325,"D",25,"D"
"20154","03252791",26,0,"1",975,"D",0,"D",.,"A",260,"D",0,"D",.,"A",.,"A",975,"D",0,"D",.,"A",.,"A",.,"A",.,"A"
"20154","03252801",71,0,"1",1560,"D",260,"D",.,"A",273,"D",0,"D",.,"A",221,"F",1300,"D",0,"D",20,"D",260,"D",.,"A",.,"A"
"20154","03252841",21,0,"1",520,"D",104,"D",.,"A",520,"D",300,"D",1140,"D",.,"A",416,"D",90,"D",12,"D",156,"D",.,"A",.,"A"
"20154","03252861",27,0,"1",2600,"D",130,"D",.,"A",3900,"D",0,"D",.,"A",.,"A",2470,"D",600,"D",.,"A",.,"A",.,"A",.,"A"
"20154","03252881",43,0,"1",1820,"D",975,"D",.,"A",390,"D",0,"D",.,"A",.,"A",845,"D",60,"D",.,"A",.,"A",455,"D",35,"D"
"20154","03252891",27,0,"1",780,"D",260,"D",325,"D",0,"D",105,"D",.,"A",.,"A",520,"D",75,"D",.,"A",.,"A",.,"A",.,"A"
"20154","03252911",47,0,"1",975,"D",0,"D",390,"D",390,"D",60,"D",.,"A",.,"A",975,"D",150,"D",.,"A",.,"A",.,"A",.,"A"
"20154","03252931",10,0,"1",325,"D",65,"D",.,"A",0,"D",0,"D",.,"A",.,"A",260,"D",0,"D",10,"D",130,"D",.,"A",.,"A"
"20154","03252951",21,0,"1",650,"D",260,"D",260,"D",520,"D",60,"D",.,"A",.,"A",390,"D",90,"D",.,"A",.,"A",.,"A",.,"A"
"20154","03252971",15,0,"1",1690,"D",130,"D",.,"A",0,"D",0,"D",.,"A",.,"A",1560,"D",0,"D",.,"A",.,"A",.,"A",.,"A"
"20154","03252981",30,0,"1",1300,"D",325,"D",325,"D",325,"D",0,"D",.,"A",.,"A",975,"D",150,"D",.,"A",.,"A",.,"A",.,"A"
"20154","03253011",32,0,"1",1625,"D",0,"D",.,"A",390,"D",0,"D",.,"A",.,"A",1625,"D",0,"D",110,"D",1430,"D",.,"A",.,"A"
"20154","03253021",17,0,"1",650,"D",0,"D",.,"A",0,"D",100,"F",.,"A",.,"A",650,"D",98,"F",.,"C",324,"F",.,"A",.,"A"
"20154","03253031",25,0,"1",1040,"D",0,"D",.,"A",260,"D",0,"D",.,"A",.,"A",1040,"D",0,"D",.,"A",.,"A",.,"A",.,"A"
"20154","03253041",23,0,"1",1300,"D",260,"D",.,"A",650,"D",0,"D",.,"A",.,"A",1040,"D",0,"D",.,"A",.,"A",.,"A",.,"A"
"20154","03253071",9,0,"1",1300,"D",91,"D",.,"A",130,"D",0,"D",.,"A",.,"A",1209,"D",0,"D",.,"A",.,"A",.,"A",.,"A"
"20154","03253081",88,0,"1",650,"D",130,"D",.,"A",1300,"D",60,"D",.,"A",.,"A",520,"D",30,"D",.,"A",.,"A",.,"A",.,"A"
"20154","03253131",13,0,"1",650,"D",0,"D",.,"A",0,"D",0,"D",.,"A",.,"A",650,"D",0,"D",.,"A",.,"A",.,"A",.,"A"
"20154","03253141",27,0,"1",1300,"D",130,"D",.,"A",0,"D",0,"D",.,"A",.,"A",1170,"D",0,"D",.,"A",.,"A",.,"A",.,"A"
"20154","03253151",21,0,"1",2275,"D",975,"D",.,"A",650,"D",0,"D",.,"A",.,"A",1300,"D",0,"D",36,"D",468,"D",.,"A",.,"A"
"20154","03253191",35,0,"1",1300,"D",260,"D",.,"A",520,"D",180,"D",.,"A",.,"A",1040,"D",180,"D",.,"A",.,"A",26,"D",2,"D"
"20154","03253201",29,0,"1",1300,"D",325,"D",.,"A",260,"D",0,"D",.,"A",.,"A",975,"D",180,"D",.,"A",.,"A",.,"A",.,"A"
"20154","03253213",23,0,"1",390,"D",0,"D",.,"A",130,"D",0,"D",.,"A",.,"A",390,"D",0,"D",.,"A",.,"A",260,"D",20,"D"
"20154","03253231",27,0,"1",2271,"F",.,"A",.,"A",744,"F",60,"D",.,"A",274,"F",1879,"F",60,"D",.,"A",.,"A",.,"A",.,"A"
"20154","03253241",18,0,"1",1625,"D",0,"D",.,"A",325,"D",158,"F",.,"A",.,"A",1625,"D",182,"F",.,"A",.,"A",.,"A",.,"A"
"20154","03253251",28,0,"1",6500,"D",1950,"D",520,"D",780,"D",120,"D",.,"A",.,"A",4550,"D",450,"D",.,"A",.,"A",.,"A",.,"A"
"20154","03253261",8,0,"1",1300,"D",353,"F",.,"A",870,"F",0,"D",.,"A",.,"A",1261,"F",0,"D",.,"A",.,"A",.,"A",.,"A"
"20154","03253271",27,0,"1",650,"D",130,"D",.,"A",260,"D",0,"D",.,"A",.,"A",520,"D",0,"D",.,"A",.,"A",.,"A",.,"A"
"20154","03253281",33,0,"1",1820,"D",390,"D",.,"A",390,"D",0,"D",.,"A",.,"A",1430,"D",0,"D",.,"A",.,"A",.,"A",.,"A"
"20154","03253291",19,0,"1",1300,"D",520,"D",208,"D",0,"D",0,"D",.,"A",.,"A",780,"D",0,"D",.,"A",.,"A",.,"A",.,"A"
"20154","03253315",19,0,"1",650,"D",419,"F",780,"D",520,"D",0,"D",.,"A",250,"D",1710,"F",0,"D",.,"A",.,"A",.,"A",.,"A"
"20154","03253321",15,0,"1",1950,"D",130,"D",.,"A",520,"D",0,"D",.,"A",.,"A",1820,"D",0,"D",21,"D",273,"D",.,"A",.,"A"
"20154","03253331",49,0,"1",1690,"D",390,"D",195,"D",325,"D",120,"D",.,"A",.,"A",1300,"D",120,"D",.,"A",.,"A",.,"A",.,"A"
"20154","03253351",26,0,"1",2600,"D",130,"D",.,"A",2600,"D",0,"D",.,"A",.,"A",2470,"D",0,"D",.,"A",.,"A",.,"A",.,"A"
"20154","03253363",25,0,"1",2600,"D",1040,"D",260,"D",1300,"D",300,"D",.,"A",.,"A",1560,"D",300,"D",1,"D",13,"D",286,"D",22,"D"
"20154","03253371",25,0,"1",975,"D",325,"D",.,"A",260,"D",0,"D",.,"A",.,"A",650,"D",0,"D",25,"D",325,"D",.,"A",.,"A"
"20154","03253381",74,0,"1",1300,"D",455,"D",.,"A",650,"D",90,"D",.,"A",.,"A",845,"D",75,"D",.,"A",.,"A",.,"A",.,"A"
"20154","03253391",25,0,"1",1560,"D",390,"D",.,"A",585,"D",0,"D",.,"A",50,"D",1170,"D",0,"D",.,"A",.,"A",.,"A",.,"A"
"20154","03253401",28,0,"1",260,"D",91,"D",39,"D",0,"D",0,"D",.,"A",.,"A",169,"D",0,"D",65,"D",845,"D",.,"A",.,"A"
"20154","03253413",26,0,"1",325,"D",65,"D",.,"A",156,"D",0,"D",.,"A",.,"A",260,"D",0,"D",.,"A",.,"A",.,"A",.,"A"
"20154","03253431",25,0,"1",1560,"D",260,"D",.,"A",650,"D",45,"D",.,"A",.,"A",1300,"D",45,"D",.,"A",.,"A",.,"A",.,"A"
"20154","03253471",38,0,"1",1300,"D",0,"D",1300,"D",455,"D",0,"D",.,"A",.,"A",1300,"D",0,"D",.,"A",.,"A",.,"A",.,"A"
"20154","03253491",14,0,"1",715,"D",271,"F",.,"A",0,"D",0,"D",.,"A",.,"A",1046,"F",0,"D",50,"D",650,"D",.,"A",.,"A"
"20154","03253501",11,0,"1",1625,"D",195,"D",.,"A",0,"D",0,"D",.,"A",.,"A",1430,"D",0,"D",.,"A",.,"A",.,"A",.,"A"
"20154","03253511",42,0,"1",1950,"D",390,"D",65,"D",780,"D",36,"D",.,"A",.,"A",1560,"D",90,"D",.,"A",.,"A",.,"A",.,"A"
"20154","03253521",53,0,"1",650,"D",65,"D",260,"D",260,"D",15,"D",.,"A",.,"A",585,"D",0,"D",.,"A",.,"A",.,"A",.,"A"
"20154","03253531",19,0,"1",1040,"D",260,"D",.,"A",1040,"D",60,"D",.,"A",.,"A",780,"D",75,"D",.,"A",.,"A",.,"A",.,"A"
"20154","03253541",39,0,"1",3900,"D",1300,"D",.,"A",195,"D",0,"D",.,"A",.,"A",2600,"D",0,"D",.,"A",.,"A",.,"A",.,"A"
"20154","03253551",12,0,"1",780,"D",130,"D",.,"A",390,"D",0,"D",.,"A",.,"A",650,"D",0,"D",.,"A",.,"A",.,"A",.,"A"
"20154","03253571",36,0,"1",585,"D",260,"D",130,"D",520,"D",0,"D",.,"A",.,"A",325,"D",0,"D",.,"A",.,"A",.,"A",.,"A"
"20154","03253601",14,0,"1",650,"D",130,"D",.,"A",260,"D",0,"D",.,"A",.,"A",520,"D",240,"D",.,"A",.,"A",.,"A",.,"A"
"20154","03253621",13,0,"1",884,"F",.,"A",65,"D",0,"D",0,"D",.,"A",.,"A",699,"F",0,"D",.,"A",.,"A",.,"A",.,"A"
"20154","03253631",15,0,"1",1040,"D",130,"D",.,"A",1300,"D",0,"D",.,"A",.,"A",910,"D",0,"D",.,"A",.,"A",.,"A",.,"A"
"20154","03253651",34,0,"1",650,"D",52,"D",.,"A",260,"D",60,"D",.,"A",.,"A",598,"D",60,"D",.,"A",.,"A",260,"D",20,"D"
"20154","03253671",22,0,"1",260,"D",39,"D",.,"A",0,"D",0,"D",.,"A",.,"A",221,"D",0,"D",8,"D",104,"D",.,"A",.,"A"
"20154","03253711",16,0,"1",975,"D",130,"D",.,"A",390,"D",0,"D",.,"A",.,"A",845,"D",0,"D",.,"A",.,"A",.,"A",.,"A"
"20154","03253721",38,0,"1",1950,"D",520,"D",.,"A",455,"D",0,"D",.,"A",.,"A",1430,"D",150,"D",50,"D",650,"D",.,"A",.,"A"
"20154","03253781",12,0,"1",1690,"D",390,"D",.,"A",0,"D",0,"D",.,"A",.,"A",1300,"D",0,"D",.,"A",.,"A",.,"A",.,"A"
"20154","03253821",8,0,"1",78,"D",78,"D",.,"A",104,"D",0,"D",.,"A",.,"A",0,"D",0,"D",.,"A",.,"A",.,"A",.,"A"
"20154","03253841",15,0,"1",585,"D",65,"D",.,"A",0,"D",0,"D",.,"A",.,"A",520,"D",0,"D",10,"D",130,"D",.,"A",.,"A"
"20154","03253861",57,0,"1",650,"D",130,"D",390,"D",3250,"D",525,"D",.,"A",.,"A",520,"D",150,"D",.,"A",.,"A",.,"A",.,"A"
"20154","03253901",26,0,"1",975,"D",260,"D",.,"A",975,"D",240,"D",.,"A",.,"A",715,"D",300,"D",.,"A",.,"A",.,"A",.,"A"
"20154","03253915",48,0,"1",1560,"D",260,"D",.,"A",780,"D",0,"D",.,"A",.,"A",1300,"D",0,"D",.,"A",.,"A",.,"A",.,"A"
"20154","03253921",19,0,"1",780,"D",195,"D",.,"A",390,"D",0,"D",.,"A",.,"A",585,"D",30,"D",.,"A",.,"A",.,"A",.,"A"
"20154","03253943",17,0,"1",1040,"D",650,"D",.,"A",260,"D",30,"D",.,"A",.,"A",390,"D",150,"D",.,"A",.,"A",.,"A",.,"A"
"20154","03253965",18,0,"1",390,"D",65,"D",.,"A",0,"D",45,"D",.,"A",.,"A",325,"D",30,"D",.,"A",.,"A",.,"A",.,"A"
"20154","03253981",33,0,"1",1300,"D",260,"D",.,"A",325,"D",0,"D",.,"A",.,"A",1040,"D",75,"D",.,"A",.,"A",.,"A",.,"A"
"20154","03253991",26,0,"1",1300,"D",104,"D",104,"D",390,"D",75,"D",.,"A",.,"A",1196,"D",60,"D",.,"A",.,"A",.,"A",.,"A"
"20154","03254011",25,0,"1",1560,"D",390,"D",.,"A",780,"D",0,"D",.,"A",.,"A",1170,"D",120,"D",.,"A",.,"A",.,"A",.,"A"
"20154","03254021",46,0,"1",3250,"D",650,"D",195,"D",520,"D",30,"D",.,"A",64,"D",2600,"D",150,"D",.,"A",.,"A",.,"A",.,"A"
"20154","03254041",9,0,"1",65,"D",65,"D",.,"A",104,"D",0,"D",.,"A",.,"A",0,"D",0,"D",5,"D",65,"D",.,"A",.,"A"
"20154","03254081",22,0,"1",1040,"D",130,"D",.,"A",390,"D",60,"D",.,"A",.,"A",910,"D",60,"D",.,"A",.,"A",.,"A",.,"A"
"20154","03254101",15,0,"1",1040,"D",130,"D",117,"D",390,"D",90,"D",.,"A",.,"A",910,"D",120,"D",.,"A",.,"A",.,"A",.,"A"
"20154","03254131",35,0,"1",3640,"D",650,"D",.,"A",1950,"D",30,"D",.,"A",.,"A",2990,"D",300,"D",30,"D",390,"D",130,"D",10,"D"
"20154","03254141",21,0,"1",1560,"D",65,"D",.,"A",650,"D",0,"D",.,"A",.,"A",1495,"D",0,"D",.,"A",.,"A",.,"A",.,"A"
"20154","03254151",28,0,"1",2600,"D",1300,"D",.,"A",650,"D",0,"D",.,"A",.,"A",1300,"D",0,"D",.,"A",.,"A",.,"A",.,"A"
"20154","03254171",30,0,"1",975,"D",0,"D",156,"D",325,"D",0,"D",.,"A",.,"A",975,"D",0,"D",.,"A",.,"A",.,"A",.,"A"
"20154","03254191",51,0,"1",1560,"D",65,"D",.,"A",0,"D",0,"D",.,"A",.,"A",1495,"D",0,"D",.,"A",.,"A",.,"A",.,"A"
"20154","03254221",20,0,"1",1300,"D",325,"D",.,"A",0,"D",0,"D",.,"A",.,"A",975,"D",42,"D",30,"D",390,"D",.,"A",.,"A"
"20154","03254231",32,0,"1",2600,"D",650,"D",650,"D",1040,"D",0,"D",.,"A",.,"A",1950,"D",0,"D",.,"A",.,"A",.,"A",.,"A"
"20154","03254241",37,0,"1",1625,"D",975,"D",130,"D",390,"D",0,"D",.,"A",.,"A",650,"D",0,"D",.,"A",.,"A",.,"A",.,"A"
"20154","03254251",15,0,"1",130,"D",130,"D",65,"D",1560,"D",187,"F",.,"A",.,"A",0,"D",118,"F",60,"D",780,"D",.,"A",.,"A"
"20154","03254281",52,0,"1",2600,"D",650,"D",.,"A",1300,"D",60,"D",.,"A",221,"F",1950,"D",30,"D",10,"D",130,"D",.,"A",.,"A"
"20154","03254291",8,0,"1",0,"D",.,"A",.,"A",0,"D",0,"D",.,"A",.,"A",0,"D",0,"D",.,"A",.,"A",.,"A",.,"A"
"20154","03254321",46,0,"1",1950,"D",455,"D",130,"D",1300,"D",0,"D",.,"A",.,"A",1495,"D",0,"D",.,"A",.,"A",.,"A",.,"A"
"20154","03254371",17,0,"1",1950,"D",419,"F",.,"A",520,"D",79,"F",.,"A",.,"A",1710,"F",114,"F",.,"A",.,"A",.,"A",.,"A"
"20154","03254385",28,0,"1",2925,"D",1300,"D",.,"A",260,"D",0,"D",.,"A",.,"A",1625,"D",0,"D",.,"A",.,"A",.,"A",.,"A"
"20154","03254411",25,0,"1",1040,"D",260,"D",130,"D",130,"D",0,"D",.,"A",.,"A",780,"D",0,"D",.,"A",.,"A",.,"A",.,"A"
"20154","03254421",9,0,"1",715,"D",0,"D",.,"A",0,"D",0,"D",.,"A",.,"A",715,"D",0,"D",2,"D",26,"D",.,"A",.,"A"
"20154","03254441",15,0,"1",390,"D",65,"D",.,"A",0,"D",0,"D",.,"A",.,"A",325,"D",0,"D",.,"A",.,"A",.,"A",.,"A"
"20154","03254464",8,0,"1",325,"D",130,"D",.,"A",260,"D",0,"D",.,"A",.,"A",195,"D",0,"D",.,"A",.,"A",.,"A",.,"A"
"20154","03254471",18,0,"1",390,"D",130,"D",.,"A",260,"D",0,"D",.,"A",.,"A",260,"D",0,"D",.,"A",.,"A",.,"A",.,"A"
"20154","03254491",20,0,"1",3120,"D",520,"D",.,"A",390,"D",0,"D",.,"A",.,"A",2600,"D",0,"D",.,"A",.,"A",.,"A",.,"A"
"20154","03254511",19,0,"1",1560,"D",0,"D",.,"A",0,"D",0,"D",.,"A",.,"A",1560,"D",0,"D",35,"D",455,"D",.,"A",.,"A"
"20154","03254521",33,0,"1",2080,"D",780,"D",26,"D",286,"D",0,"D",.,"A",.,"A",1300,"D",240,"D",.,"A",.,"A",.,"A",.,"A"
"20154","03254531",24,0,"1",2600,"D",975,"D",390,"D",195,"D",300,"D",.,"A",.,"A",1625,"D",360,"D",.,"A",.,"A",.,"A",.,"A"
"20154","03254561",20,0,"1",1300,"D",130,"D",.,"A",910,"D",0,"D",.,"A",.,"A",1170,"D",0,"D",.,"A",.,"A",.,"A",.,"A"
"20154","03254571",27,0,"1",1625,"D",195,"D",.,"A",483,"F",0,"D",.,"A",.,"A",1430,"D",0,"D",.,"A",.,"A",.,"A",.,"A"
"20154","03254581",55,0,"1",910,"D",260,"D",130,"D",260,"D",0,"D",84,"D",.,"A",650,"D",0,"D",.,"A",.,"A",182,"D",14,"D"
"20154","03254591",30,0,"1",520,"D",65,"D",65,"D",195,"D",60,"D",.,"A",.,"A",455,"D",0,"D",.,"A",.,"A",.,"A",.,"A"
"20154","03254641",42,0,"1",1040,"D",260,"D",.,"A",910,"D",240,"D",.,"A",.,"A",780,"D",90,"D",.,"A",.,"A",.,"A",.,"A"
"20154","03254651",39,0,"1",1950,"D",650,"D",.,"A",650,"D",0,"D",520,"D",.,"A",1300,"D",225,"D",65,"D",845,"D",.,"A",.,"A"
"20154","03254671",26,0,"1",780,"D",260,"D",.,"A",1170,"D",0,"D",.,"A",.,"A",520,"D",0,"D",.,"A",.,"A",.,"A",.,"A"
"20154","03254681",31,0,"1",1300,"D",650,"D",.,"A",325,"D",0,"D",.,"A",.,"A",650,"D",0,"D",70,"D",910,"D",.,"A",.,"A"
"20154","03254711",55,0,"1",1950,"D",260,"D",520,"D",520,"D",150,"D",780,"D",.,"A",1690,"D",120,"D",.,"A",.,"A",.,"A",.,"A"
"20154","03254752",6,0,"1",0,"D",.,"A",.,"A",0,"D",0,"D",.,"A",.,"A",0,"D",0,"D",.,"A",.,"A",.,"A",.,"A"
"20154","03254781",26,0,"1",780,"D",260,"D",.,"A",0,"D",0,"D",.,"A",.,"A",520,"D",0,"D",.,"A",.,"A",.,"A",.,"A"
"20154","03254791",15,0,"1",910,"D",130,"D",78,"D",0,"D",0,"D",.,"A",.,"A",780,"D",90,"D",.,"A",.,"A",.,"A",.,"A"
"20154","03254821",22,0,"1",1950,"D",271,"F",.,"A",26,"D",0,"D",.,"A",.,"A",1046,"F",0,"D",.,"A",.,"A",.,"A",.,"A"
"20154","03254831",20,0,"1",1300,"D",195,"D",.,"A",0,"D",0,"D",.,"A",.,"A",1105,"D",0,"D",.,"A",.,"A",.,"A",.,"A"
"20154","03254841",20,0,"1",650,"D",130,"D",.,"A",260,"D",0,"D",.,"A",.,"A",520,"D",0,"D",.,"A",.,"A",.,"A",.,"A"
"20154","03254853",12,0,"1",1625,"D",390,"D",130,"D",0,"D",0,"D",.,"A",.,"A",1235,"D",0,"D",.,"A",.,"A",.,"A",.,"A"
"20154","03254865",25,0,"1",0,"D",.,"A",.,"A",0,"D",0,"D",.,"A",.,"A",0,"D",60,"D",.,"A",.,"A",.,"A",.,"A"
"20154","03254891",42,0,"1",1300,"D",260,"D",.,"A",1300,"D",45,"D",.,"A",80,"D",1040,"D",15,"D",.,"A",.,"A",.,"A",.,"A"
"20154","03254901",13,0,"1",780,"D",260,"D",.,"A",390,"D",0,"D",.,"A",.,"A",520,"D",300,"D",.,"A",.,"A",.,"A",.,"A"
"20154","03254951",26,0,"1",416,"D",39,"D",.,"A",130,"D",0,"D",.,"A",.,"A",377,"D",30,"D",.,"A",.,"A",.,"A",.,"A"
"20154","03254961",21,0,"1",1950,"D",325,"D",.,"A",650,"D",0,"D",.,"A",.,"A",1625,"D",30,"D",.,"A",.,"A",.,"A",.,"A"
"20154","03254981",14,0,"1",1300,"D",130,"D",.,"A",130,"D",0,"D",.,"A",.,"A",1170,"D",0,"D",.,"A",.,"A",.,"A",.,"A"
"20154","03254991",22,0,"1",754,"D",104,"D",.,"A",0,"D",0,"D",.,"A",.,"A",650,"D",0,"D",.,"A",.,"A",.,"A",.,"A"
"20154","03255001",38,0,"1",2600,"D",513,"F",.,"A",1300,"D",0,"D",.,"A",.,"A",2230,"F",240,"D",.,"A",.,"A",.,"A",.,"A"
"20154","03255051",39,0,"1",1950,"D",390,"D",.,"A",260,"D",0,"D",.,"A",.,"A",1560,"D",0,"D",.,"A",.,"A",.,"A",.,"A"
"20154","03255061",30,0,"1",650,"D",0,"D",.,"A",1950,"D",0,"D",.,"A",.,"A",650,"D",0,"D",.,"A",.,"A",.,"A",.,"A"
"20154","03255081",32,0,"1",1040,"D",390,"D",260,"D",364,"D",15,"D",.,"A",.,"A",650,"D",0,"D",30,"D",390,"D",.,"A",.,"A"
"20154","03255101",17,0,"1",2080,"D",390,"D",.,"A",0,"D",0,"D",.,"A",.,"A",1690,"D",0,"D",.,"A",.,"A",.,"A",.,"A"
"20154","03255111",19,0,"1",1300,"D",260,"D",.,"A",130,"D",0,"D",.,"A",.,"A",1040,"D",0,"D",.,"A",.,"A",.,"A",.,"A"
"20154","03255121",23,0,"1",1950,"D",390,"D",.,"A",455,"D",150,"D",.,"A",.,"A",1560,"D",360,"D",.,"A",.,"A",.,"A",.,"A"
"20154","03255141",31,0,"1",780,"D",130,"D",.,"A",65,"D",0,"D",.,"A",.,"A",650,"D",0,"D",.,"A",.,"A",.,"A",.,"A"
"20154","03255163",15,0,"1",390,"D",130,"D",91,"D",0,"D",0,"D",.,"A",.,"A",260,"D",0,"D",.,"A",.,"A",.,"A",.,"A"
"20154","03255171",21,0,"1",429,"D",117,"D",.,"A",0,"D",0,"D",.,"A",.,"A",312,"D",0,"D",.,"A",.,"A",.,"A",.,"A"
"20154","03255181",20,0,"1",1300,"D",260,"D",.,"A",0,"D",0,"D",.,"A",.,"A",1040,"D",250,"F",25,"D",325,"D",.,"A",.,"A"
"20154","03255211",28,0,"1",650,"D",0,"D",.,"A",0,"D",0,"D",.,"A",.,"A",650,"D",0,"D",.,"A",.,"A",650,"D",50,"D"
"20154","03255221",33,0,"1",455,"D",0,"D",.,"A",260,"D",0,"D",.,"A",.,"A",455,"D",0,"D",.,"A",.,"A",.,"A",.,"A"
"20154","03255231",22,0,"1",910,"D",260,"D",.,"A",650,"D",300,"D",.,"A",.,"A",650,"D",180,"D",.,"A",.,"A",.,"A",.,"A"
"20154","03255251",31,0,"1",3900,"D",975,"D",.,"A",0,"D",0,"D",.,"A",.,"A",2925,"D",0,"D",100,"D",1300,"D",1300,"D",100,"D"
"20154","03255291",24,0,"1",494,"D",104,"D",130,"D",325,"D",45,"D",.,"A",.,"A",390,"D",45,"D",.,"A",.,"A",.,"A",.,"A"
"20154","03255301",32,0,"1",910,"D",130,"D",.,"A",650,"D",0,"D",.,"A",.,"A",780,"D",0,"D",.,"A",.,"A",.,"A",.,"A"
"20154","03255313",14,0,"1",1300,"D",390,"D",.,"A",260,"D",60,"D",.,"A",.,"A",910,"D",30,"D",3,"D",39,"D",13,"D",1,"D"
"20154","03255321",45,0,"1",975,"D",260,"D",.,"A",260,"D",0,"D",.,"A",.,"A",715,"D",180,"D",25,"D",325,"D",.,"A",.,"A"
"20154","03255341",26,0,"1",3575,"D",325,"D",.,"A",260,"D",0,"D",.,"A",.,"A",3250,"D",0,"D",.,"A",.,"A",.,"A",.,"A"
"20154","03255382",37,0,"1",1625,"D",195,"D",.,"A",390,"D",30,"D",.,"A",.,"A",1430,"D",96,"D",.,"A",.,"A",.,"A",.,"A"
"20154","03255391",51,0,"1",1625,"D",780,"D",130,"D",1300,"D",450,"D",.,"A",.,"A",845,"D",180,"D",5,"D",65,"D",.,"A",.,"A"
"20154","03255421",36,0,"1",1950,"D",650,"D",.,"A",910,"D",0,"D",.,"A",.,"A",1300,"D",0,"D",.,"A",.,"A",.,"A",.,"A"
"20154","03255451",26,0,"1",975,"D",195,"D",.,"A",520,"D",0,"D",.,"A",.,"A",780,"D",0,"D",.,"A",.,"A",.,"A",.,"A"
"20154","03255481",36,0,"1",2860,"D",91,"D",.,"A",780,"D",0,"D",.,"A",.,"A",2769,"D",0,"D",32,"D",416,"D",.,"A",.,"A"
"20154","03255491",8,0,"1",900,"F",.,"A",.,"A",416,"F",100,"F",.,"A",.,"A",723,"F",98,"F",.,"A",.,"A",.,"A",.,"A"
"20154","03255501",20,0,"1",195,"D",65,"D",.,"A",65,"D",0,"D",.,"A",.,"A",130,"D",0,"D",.,"A",.,"A",.,"A",.,"A"
"20154","03255511",21,0,"1",780,"D",130,"D",.,"A",260,"D",60,"D",.,"A",.,"A",650,"D",60,"D",.,"A",.,"A",.,"A",.,"A"
"20154","03255541",34,0,"1",1300,"D",65,"D",.,"A",0,"D",0,"D",.,"A",.,"A",1235,"D",0,"D",.,"A",.,"A",.,"A",.,"A"
"20154","03255551",31,0,"1",2600,"D",650,"D",.,"A",650,"D",0,"D",.,"A",.,"A",1950,"D",0,"D",.,"A",.,"A",.,"A",.,"A"
"20154","03255561",21,0,"1",650,"D",195,"D",.,"A",195,"D",60,"D",.,"A",.,"A",455,"D",60,"D",.,"A",.,"A",.,"A",.,"A"
"20154","03255571",18,0,"1",1040,"D",520,"D",.,"A",520,"D",0,"D",.,"A",.,"A",520,"D",90,"D",.,"A",.,"A",.,"A",.,"A"
"20154","03255581",36,0,"1",1950,"D",650,"D",.,"A",390,"D",0,"D",.,"A",.,"A",1300,"D",120,"D",.,"A",.,"A",.,"A",.,"A"
"20154","03255591",18,0,"1",1040,"D",65,"D",.,"A",650,"D",0,"D",.,"A",.,"A",975,"D",0,"D",.,"A",.,"A",.,"A",.,"A"
"20154","03255601",13,0,"1",1950,"D",0,"D",.,"A",0,"D",94,"F",.,"A",184,"F",1950,"D",135,"F",.,"A",.,"A",.,"A",.,"A"
"20154","03255611",19,0,"1",3250,"D",650,"D",.,"A",260,"D",0,"D",.,"A",.,"A",2600,"D",60,"D",20,"D",260,"D",.,"A",.,"A"
"20154","03255621",19,0,"1",1300,"D",260,"D",.,"A",780,"D",0,"D",.,"A",.,"A",1040,"D",0,"D",.,"A",.,"A",.,"A",.,"A"
"20154","03255651",18,0,"1",2600,"D",207,"F",.,"A",0,"D",0,"D",.,"A",.,"A",723,"F",0,"D",20,"D",260,"D",.,"A",.,"A"
"20154","03255681",23,0,"1",0,"D",.,"A",.,"A",1300,"D",600,"D",840,"D",.,"A",0,"D",0,"D",.,"A",.,"A",.,"A",.,"A"
"20154","03255701",28,0,"1",1235,"D",212,"F",.,"A",325,"D",0,"D",.,"A",.,"A",699,"F",0,"D",.,"A",.,"A",.,"A",.,"A"
"20154","03255711",25,0,"1",1560,"D",195,"D",.,"A",715,"D",0,"D",.,"A",.,"A",1365,"D",0,"D",.,"A",.,"A",.,"A",.,"A"
"20154","03255731",22,0,"1",1300,"D",0,"D",.,"A",390,"D",0,"D",.,"A",.,"A",1300,"D",30,"D",.,"A",.,"A",.,"A",.,"A"
"20154","03255741",22,0,"1",1560,"D",0,"D",.,"A",780,"D",0,"D",.,"A",.,"A",1560,"D",0,"D",9,"D",117,"D",.,"A",.,"A"
"20154","03255751",25,0,"1",390,"D",130,"D",.,"A",130,"D",0,"D",.,"A",.,"A",260,"D",75,"D",.,"A",.,"A",.,"A",.,"A"
"20154","03255761",29,0,"1",650,"D",260,"D",.,"A",2600,"D",0,"D",.,"A",.,"A",390,"D",0,"D",.,"A",.,"A",.,"A",.,"A"
"20154","03255771",16,0,"1",260,"D",0,"D",.,"A",390,"D",600,"D",.,"A",.,"A",260,"D",120,"D",30,"D",390,"D",.,"A",.,"A"
"20154","03255781",26,0,"1",0,"D",.,"A",.,"A",2730,"D",0,"D",.,"A",.,"A",0,"D",0,"D",.,"A",.,"A",.,"A",.,"A"
"20154","03255791",27,0,"1",1950,"D",260,"D",.,"A",520,"D",0,"D",.,"A",80,"D",1690,"D",0,"D",.,"A",.,"A",.,"A",.,"A"
"20154","03255831",15,0,"1",1950,"D",325,"D",.,"A",3900,"D",120,"D",.,"A",.,"A",1625,"D",120,"D",.,"A",.,"A",.,"A",.,"A"
"20154","03255841",21,0,"1",715,"D",195,"D",.,"A",195,"D",90,"D",.,"A",.,"A",520,"D",45,"D",.,"A",.,"A",.,"A",.,"A"
"20154","03255851",20,0,"1",520,"D",0,"D",.,"A",195,"D",0,"D",324,"F",.,"A",520,"D",0,"D",.,"A",.,"A",.,"A",.,"A"
"20154","03255871",35,0,"1",2600,"D",650,"D",.,"A",0,"D",0,"D",.,"A",.,"A",1950,"D",300,"D",.,"A",.,"A",.,"A",.,"A"
"20154","03255885",20,0,"1",1300,"D",0,"D",.,"A",0,"D",0,"D",.,"A",.,"A",1300,"D",0,"D",.,"A",.,"A",.,"A",.,"A"
"20154","03255911",29,0,"1",975,"D",650,"D",.,"A",0,"D",45,"D",.,"A",.,"A",325,"D",225,"D",.,"A",.,"A",.,"A",.,"A"
"20154","03255923",19,0,"1",559,"D",26,"D",.,"A",65,"D",0,"D",.,"A",.,"A",533,"D",0,"D",10,"D",130,"D",.,"A",.,"A"
"20154","03255931",48,0,"1",1300,"D",0,"D",260,"D",1300,"D",300,"D",.,"A",75,"D",1300,"D",120,"D",21,"D",273,"D",.,"A",.,"A"
"20154","03255941",14,0,"1",1300,"D",520,"D",.,"A",1300,"D",175,"F",.,"A",.,"A",780,"D",191,"F",.,"A",.,"A",.,"A",.,"A"
"20154","03255951",52,0,"1",2600,"D",1300,"D",.,"A",325,"D",0,"D",.,"A",.,"A",1300,"D",45,"D",35,"D",455,"D",130,"D",10,"D"
"20154","03255991",35,0,"1",1950,"D",0,"D",.,"A",260,"D",60,"D",.,"A",274,"F",1950,"D",150,"D",100,"D",1300,"D",.,"A",.,"A"
"20154","03256001",23,0,"1",1300,"D",260,"D",.,"A",650,"D",6,"D",.,"A",.,"A",1040,"D",0,"D",.,"A",.,"A",.,"A",.,"A"
"20154","03256033",29,0,"1",806,"D",325,"D",.,"A",650,"D",0,"D",.,"A",.,"A",481,"D",0,"D",.,"A",.,"A",.,"A",.,"A"
"20154","03256071",22,0,"1",2600,"D",650,"D",.,"A",390,"D",0,"D",.,"A",.,"A",1950,"D",0,"D",6,"D",78,"D",.,"A",.,"A"
"20154","03256091",20,0,"1",1300,"D",325,"D",.,"A",91,"D",0,"D",.,"A",.,"A",975,"D",0,"D",.,"A",.,"A",.,"A",.,"A"
"20154","03256101",30,0,"1",1690,"D",325,"D",.,"A",455,"D",0,"D",.,"A",.,"A",1365,"D",240,"D",.,"A",.,"A",.,"A",.,"A"
"20154","03256111",26,0,"1",1300,"D",260,"D",.,"A",65,"D",0,"D",.,"A",.,"A",1040,"D",0,"D",.,"A",.,"A",260,"D",20,"D"
"20154","03256131",28,0,"1",715,"D",0,"D",130,"D",130,"D",0,"D",.,"A",.,"A",715,"D",0,"D",.,"A",.,"A",.,"A",.,"A"
"20154","03256151",14,0,"1",325,"D",65,"D",.,"A",0,"D",0,"D",.,"A",.,"A",260,"D",0,"D",.,"A",.,"A",.,"A",.,"A"
"20154","03256171",19,0,"1",169,"D",0,"D",39,"D",0,"D",0,"D",.,"A",.,"A",169,"D",0,"D",.,"A",.,"A",.,"A",.,"A"
"20154","03256181",35,0,"1",1950,"D",650,"D",650,"D",1040,"D",0,"D",.,"A",.,"A",1300,"D",0,"D",.,"A",.,"A",.,"A",.,"A"
"20154","03256201",23,0,"1",585,"D",130,"D",.,"A",390,"D",0,"D",.,"A",.,"A",455,"D",0,"D",.,"A",.,"A",.,"A",.,"A"
"20154","03256213",28,0,"1",650,"D",104,"D",104,"D",195,"D",0,"D",.,"A",.,"A",546,"D",0,"D",.,"A",.,"A",.,"A",.,"A"
"20154","03256224",43,0,"1",6500,"D",3250,"D",.,"A",3250,"D",60,"D",.,"A",.,"A",3250,"D",1500,"D",.,"A",.,"A",.,"A",.,"A"
"20154","03256231",27,0,"1",494,"D",169,"D",65,"D",520,"D",0,"D",.,"A",.,"A",325,"D",0,"D",.,"A",.,"A",.,"A",.,"A"
"20154","03256241",38,0,"1",1950,"D",390,"D",.,"A",975,"D",0,"D",.,"A",.,"A",1560,"D",0,"D",.,"A",.,"A",.,"A",.,"A"
"20154","03256251",20,0,"1",585,"D",169,"F",.,"A",325,"D",0,"D",.,"A",.,"A",633,"F",0,"D",.,"A",.,"A",.,"A",.,"A"
"20154","03256261",34,0,"1",1300,"D",0,"D",.,"A",520,"D",0,"D",.,"A",.,"A",1300,"D",0,"D",.,"A",.,"A",.,"A",.,"A"
"20154","03256272",44,0,"1",1300,"D",520,"D",195,"D",520,"D",0,"D",.,"A",.,"A",780,"D",0,"D",.,"A",.,"A",.,"A",.,"A"
"20154","03256281",22,0,"1",520,"D",65,"D",.,"A",260,"D",0,"D",.,"A",.,"A",455,"D",0,"D",.,"A",.,"A",.,"A",.,"A"
"20154","03256291",24,0,"1",1170,"D",195,"D",.,"A",390,"D",0,"D",.,"A",.,"A",975,"D",0,"D",.,"A",.,"A",130,"D",10,"D"
"20154","03256321",10,0,"1",1300,"D",130,"D",65,"D",1040,"D",375,"D",.,"A",.,"A",1170,"D",75,"D",.,"A",.,"A",.,"A",.,"A"
"20154","03256331",49,0,"1",1040,"D",325,"D",.,"A",390,"D",48,"D",.,"A",.,"A",715,"D",60,"D",40,"D",520,"D",.,"A",.,"A"
"20154","03256341",25,0,"1",325,"D",260,"D",.,"A",39,"D",0,"D",.,"A",.,"A",65,"D",30,"D",.,"A",.,"A",.,"A",.,"A"
"20154","03256351",27,0,"1",1300,"D",975,"D",325,"D",1950,"D",60,"D",.,"A",.,"A",325,"D",240,"D",50,"D",650,"D",.,"A",.,"A"
"20154","03256401",18,0,"1",1170,"D",104,"D",585,"D",1300,"D",0,"D",.,"A",.,"A",1066,"D",0,"D",.,"A",.,"A",.,"A",.,"A"
"20154","03256421",70,0,"1",3016,"D",520,"D",78,"D",0,"D",0,"D",.,"A",.,"A",2496,"D",0,"D",.,"A",.,"A",468,"D",36,"D"
"20154","03256431",37,0,"1",1300,"D",130,"D",.,"A",1560,"D",60,"D",.,"A",.,"A",1170,"D",60,"D",.,"A",.,"A",.,"A",.,"A"
"20154","03256445",34,0,"1",780,"D",0,"D",.,"A",650,"D",0,"D",.,"A",.,"A",780,"D",0,"D",.,"A",.,"A",.,"A",.,"A"
"20154","03256471",5,0,"1",650,"D",65,"D",.,"A",130,"D",0,"D",.,"A",.,"A",585,"D",0,"D",.,"A",.,"A",.,"A",.,"A"
"20154","03256501",47,0,"1",845,"D",91,"D",.,"A",221,"D",30,"D",.,"A",.,"A",754,"D",225,"D",.,"A",.,"A",.,"A",.,"A"
"20154","03256511",52,0,"1",1690,"D",0,"D",390,"D",520,"D",0,"D",.,"A",25,"D",1690,"D",0,"D",.,"A",.,"A",.,"A",.,"A"
"20154","03256535",12,0,"1",1300,"D",130,"D",.,"A",1300,"D",0,"D",.,"A",.,"A",1170,"D",0,"D",20,"D",260,"D",.,"A",.,"A"
"20154","03256561",37,0,"1",1300,"D",91,"D",.,"A",520,"D",0,"D",.,"A",.,"A",1209,"D",0,"D",.,"A",.,"A",.,"A",.,"A"
"20154","03256585",25,0,"1",390,"D",0,"D",.,"A",130,"D",90,"D",.,"A",.,"A",390,"D",240,"D",30,"D",390,"D",.,"A",.,"A"
"20154","03256591",24,0,"1",780,"D",260,"D",.,"A",1040,"D",0,"D",.,"A",.,"A",520,"D",60,"D",.,"A",.,"A",.,"A",.,"A"
"20154","03256601",40,0,"1",2600,"D",390,"D",.,"A",585,"D",60,"D",.,"A",.,"A",2210,"D",120,"D",.,"A",.,"A",.,"A",.,"A"
"20154","03256633",31,0,"1",1625,"D",260,"D",.,"A",650,"D",0,"D",.,"A",.,"A",1365,"D",0,"D",.,"A",.,"A",.,"A",.,"A"
"20154","03256643",16,0,"1",390,"D",130,"D",.,"A",650,"D",0,"D",.,"A",.,"A",260,"D",0,"D",.,"A",.,"A",.,"A",.,"A"
"20154","03256651",27,0,"1",520,"D",130,"D",.,"A",0,"D",0,"D",.,"A",.,"A",390,"D",0,"D",.,"A",.,"A",.,"A",.,"A"
"20154","03256671",25,0,"1",1950,"D",975,"D",.,"A",1950,"D",450,"D",.,"A",325,"D",975,"D",150,"D",.,"A",.,"A",.,"A",.,"A"
"20154","03256681",9,0,"1",650,"D",130,"D",.,"A",260,"D",0,"D",.,"A",.,"A",520,"D",0,"D",.,"A",.,"A",.,"A",.,"A"
"20154","03256691",42,0,"1",1300,"D",390,"D",.,"A",520,"D",0,"D",.,"A",.,"A",910,"D",120,"D",.,"A",.,"A",.,"A",.,"A"
"20154","03256731",87,0,"1",2301,"D",572,"D",520,"D",325,"D",60,"D",.,"A",.,"A",1729,"D",300,"D",.,"A",.,"A",.,"A",.,"A"
"20154","03256753",5,0,"1",0,"D",.,"A",.,"A",0,"D",0,"D",.,"A",.,"A",0,"D",0,"D",.,"A",.,"A",.,"A",.,"A"
"20154","03256761",24,0,"1",1560,"D",65,"D",.,"A",585,"D",30,"D",.,"A",.,"A",1495,"D",120,"D",.,"A",.,"A",.,"A",.,"A"
"20154","03256775",13,0,"1",2600,"D",260,"D",2600,"D",0,"D",0,"D",.,"A",.,"A",2340,"D",0,"D",.,"A",.,"A",.,"A",.,"A"
"20154","03256781",6,0,"1",0,"D",.,"A",.,"A",0,"D",0,"D",.,"A",.,"A",0,"D",0,"D",.,"A",.,"A",.,"A",.,"A"
"20154","03256831",16,0,"1",1430,"D",26,"D",.,"A",195,"D",0,"D",.,"A",.,"A",1404,"D",0,"D",.,"A",.,"A",.,"A",.,"A"
"20154","03256851",31,0,"1",1950,"D",130,"D",.,"A",975,"D",0,"D",.,"A",.,"A",1820,"D",0,"D",.,"A",.,"A",.,"A",.,"A"
"20154","03256865",22,0,"1",390,"D",130,"D",65,"D",260,"D",60,"D",.,"A",.,"A",260,"D",45,"D",.,"A",.,"A",.,"A",.,"A"
"20154","03256871",73,0,"1",1560,"D",65,"D",78,"D",520,"D",0,"D",.,"A",.,"A",1495,"D",0,"D",.,"A",.,"A",.,"A",.,"A"
"20154","03256881",51,0,"1",4225,"D",325,"D",.,"A",1300,"D",600,"D",.,"A",.,"A",3900,"D",1200,"D",.,"A",.,"A",.,"A",.,"A"
"20154","03256911",14,0,"1",780,"D",260,"D",.,"A",130,"D",0,"D",.,"A",.,"A",520,"D",0,"D",.,"A",.,"A",.,"A",.,"A"
"20154","03256921",19,0,"1",2925,"D",975,"D",.,"A",130,"D",0,"D",.,"A",.,"A",1950,"D",90,"D",6,"D",78,"D",.,"A",.,"A"
"20154","03256941",17,0,"1",1040,"D",130,"D",.,"A",195,"D",0,"D",.,"A",.,"A",910,"D",0,"D",.,"A",.,"A",.,"A",.,"A"
"20154","03256951",14,0,"1",767,"F",.,"A",130,"D",130,"D",0,"D",.,"A",.,"A",633,"F",0,"D",.,"A",.,"A",.,"A",.,"A"
"20154","03256964",50,0,"1",975,"D",130,"D",.,"A",1950,"D",60,"D",.,"A",.,"A",845,"D",0,"D",.,"A",.,"A",.,"A",.,"A"
"20154","03256971",8,0,"1",0,"D",.,"A",.,"A",0,"D",0,"D",.,"A",.,"A",0,"D",0,"D",.,"A",.,"A",.,"A",.,"A"
"20154","03257011",37,0,"1",5200,"D",520,"D",.,"A",650,"D",6,"D",.,"A",.,"A",4680,"D",6,"D",.,"A",.,"A",.,"A",.,"A"
"20154","03257041",11,0,"1",520,"D",0,"D",.,"A",522,"F",0,"D",.,"A",.,"A",520,"D",0,"D",.,"A",.,"A",.,"A",.,"A"
"20154","03257052",48,0,"1",2210,"D",663,"D",.,"A",260,"D",0,"D",.,"A",.,"A",1547,"D",0,"D",.,"A",.,"A",.,"A",.,"A"
"20154","03257061",16,0,"1",780,"D",0,"D",390,"D",0,"D",0,"D",.,"A",.,"A",780,"D",15,"D",.,"A",.,"A",.,"A",.,"A"
"20154","03257071",19,0,"1",260,"D",0,"D",.,"A",416,"F",6,"D",.,"A",.,"A",260,"D",98,"F",.,"A",.,"A",.,"A",.,"A"
"20154","03257095",13,0,"1",1300,"D",130,"D",.,"A",390,"D",0,"D",.,"A",.,"A",1170,"D",0,"D",.,"A",.,"A",.,"A",.,"A"
"20154","03257101",32,0,"1",3900,"D",390,"D",.,"A",2600,"D",240,"D",.,"A",.,"A",3510,"D",120,"D",.,"A",.,"A",.,"A",.,"A"
"20154","03257111",28,0,"1",1690,"D",390,"D",260,"D",260,"D",0,"D",.,"A",.,"A",1300,"D",30,"D",.,"A",.,"A",.,"A",.,"A"
"20154","03257131",42,0,"1",1495,"D",351,"D",.,"A",0,"D",0,"D",.,"A",.,"A",1144,"D",0,"D",.,"A",.,"A",.,"A",.,"A"
"20154","03257181",28,0,"1",1950,"D",975,"D",.,"A",0,"D",0,"D",.,"A",.,"A",975,"D",0,"D",55,"D",715,"D",.,"A",.,"A"
"20154","03257191",38,0,"1",2795,"D",910,"D",195,"D",0,"D",60,"D",.,"A",.,"A",1885,"D",150,"D",.,"A",.,"A",.,"A",.,"A"
"20154","03257201",30,0,"1",1365,"D",325,"D",.,"A",0,"D",0,"D",.,"A",.,"A",1040,"D",0,"D",.,"A",.,"A",78,"D",6,"D"
"20154","03257221",39,0,"1",2600,"D",910,"D",195,"D",390,"D",90,"D",.,"A",.,"A",1690,"D",120,"D",.,"A",.,"A",.,"A",.,"A"
"20154","03257231",30,0,"1",1950,"D",0,"D",.,"A",650,"D",150,"D",.,"A",50,"D",1950,"D",60,"D",.,"A",.,"A",.,"A",.,"A"
"20154","03257241",29,0,"1",1625,"D",390,"D",.,"A",1040,"D",0,"D",.,"A",.,"A",1235,"D",0,"D",20,"D",260,"D",.,"A",.,"A"
"20154","03257251",19,0,"1",1625,"D",260,"D",.,"A",650,"D",0,"D",.,"A",.,"A",1365,"D",0,"D",.,"A",.,"A",.,"A",.,"A"
"20154","03257261",26,0,"1",1300,"D",325,"D",.,"A",455,"D",0,"D",.,"A",.,"A",975,"D",0,"D",.,"A",.,"A",.,"A",.,"A"
"20154","03257281",20,0,"1",1300,"D",195,"D",.,"A",195,"D",0,"D",.,"A",.,"A",1105,"D",90,"D",10,"D",130,"D",.,"A",.,"A"
"20154","03257301",14,0,"1",1300,"D",260,"D",.,"A",0,"D",0,"D",.,"A",.,"A",1040,"D",0,"D",.,"A",.,"A",1170,"D",90,"D"
"20154","03257312",22,0,"1",65,"D",0,"D",.,"A",910,"D",360,"D",.,"A",.,"A",65,"D",0,"D",.,"A",.,"A",.,"A",.,"A"
"20154","03257331",18,0,"1",780,"D",130,"D",.,"A",195,"D",0,"D",.,"A",.,"A",650,"D",0,"D",.,"A",.,"A",.,"A",.,"A"
"20154","03257351",33,0,"1",650,"D",130,"D",.,"A",455,"D",0,"D",.,"A",.,"A",520,"D",0,"D",.,"A",.,"A",.,"A",.,"A"
"20154","03257361",14,0,"1",1300,"D",325,"D",650,"D",260,"D",0,"D",.,"A",.,"A",975,"D",0,"D",40,"D",520,"D",.,"A",.,"A"
"20154","03257381",41,0,"1",4680,"D",1430,"D",.,"A",1300,"D",0,"D",.,"A",.,"A",3250,"D",0,"D",.,"A",.,"A",.,"A",.,"A"
"20154","03257391",56,0,"1",3250,"D",650,"D",130,"D",260,"D",0,"D",.,"A",.,"A",2600,"D",60,"D",70,"D",910,"D",.,"A",.,"A"
"20154","03257421",12,0,"1",585,"D",130,"D",.,"A",260,"D",120,"D",.,"A",.,"A",455,"D",120,"D",20,"D",260,"D",.,"A",.,"A"
"20154","03257451",13,0,"1",1690,"D",260,"D",.,"A",0,"D",0,"D",.,"A",.,"A",1430,"D",0,"D",.,"A",.,"A",.,"A",.,"A"
"20154","03257461",62,0,"1",1950,"D",650,"D",130,"D",650,"D",0,"D",.,"A",.,"A",1300,"D",0,"D",.,"A",.,"A",.,"A",.,"A"
"20154","03257495",34,0,"1",130,"D",65,"D",65,"D",780,"D",0,"D",.,"A",.,"A",65,"D",0,"D",.,"A",.,"A",.,"A",.,"A"
"20154","03257501",37,0,"1",1950,"D",130,"D",.,"A",975,"D",90,"D",.,"A",.,"A",1820,"D",120,"D",.,"A",.,"A",.,"A",.,"A"
"20154","03257511",72,0,"1",1300,"D",390,"D",65,"D",2600,"D",900,"D",.,"A",.,"A",910,"D",180,"D",.,"A",.,"A",.,"A",.,"A"
"20154","03257521",13,0,"1",1950,"D",390,"D",.,"A",520,"D",0,"D",.,"A",.,"A",1560,"D",0,"D",.,"A",.,"A",.,"A",.,"A"
"20154","03257531",17,0,"1",1235,"D",325,"D",.,"A",0,"D",0,"D",.,"A",.,"A",910,"D",0,"D",45,"D",585,"D",.,"A",.,"A"
"20154","03257571",21,0,"1",1300,"D",260,"D",.,"A",130,"D",0,"D",.,"A",.,"A",1040,"D",6,"D",.,"A",.,"A",.,"A",.,"A"
"20154","03257584",18,0,"1",221,"D",39,"D",.,"A",65,"D",0,"D",.,"A",.,"A",182,"D",0,"D",.,"A",.,"A",.,"A",.,"A"
"20154","03257601",30,0,"1",1300,"D",390,"D",.,"A",260,"D",0,"D",.,"A",.,"A",910,"D",0,"D",.,"A",.,"A",.,"A",.,"A"
"20154","03257611",36,0,"1",2210,"D",260,"D",.,"A",975,"D",0,"D",.,"A",.,"A",1950,"D",0,"D",.,"A",.,"A",.,"A",.,"A"
"20154","03257621",25,0,"1",780,"D",130,"D",.,"A",390,"D",0,"D",.,"A",.,"A",650,"D",0,"D",5,"D",65,"D",.,"A",.,"A"
"20154","03257631",31,0,"1",819,"D",65,"D",.,"A",52,"D",0,"D",.,"A",.,"A",754,"D",0,"D",.,"A",.,"A",.,"A",.,"A"
"20154","03257671",28,0,"1",1820,"D",286,"D",.,"A",260,"D",36,"D",.,"A",.,"A",1534,"D",45,"D",.,"A",.,"A",.,"A",.,"A"
"20154","03257681",36,0,"1",3900,"D",390,"D",.,"A",0,"D",0,"D",.,"A",.,"A",3510,"D",0,"D",.,"A",.,"A",.,"A",.,"A"
"20154","03257691",26,0,"1",520,"D",195,"D",104,"D",455,"D",0,"D",.,"A",.,"A",325,"D",0,"D",.,"A",.,"A",.,"A",.,"A"
"20154","03257711",19,0,"1",1300,"D",390,"D",.,"A",130,"D",0,"D",.,"A",.,"A",910,"D",0,"D",.,"A",.,"A",.,"A",.,"A"
"20154","03257761",25,0,"1",1092,"D",260,"D",130,"D",455,"D",0,"D",.,"A",.,"A",832,"D",0,"D",.,"A",.,"A",.,"A",.,"A"
"20154","03257771",28,0,"1",780,"D",260,"D",.,"A",780,"D",90,"D",.,"A",.,"A",520,"D",45,"D",.,"A",.,"A",.,"A",.,"A"
"20154","03257791",42,0,"1",1495,"D",390,"D",.,"A",520,"D",0,"D",.,"A",42,"D",1105,"D",15,"D",.,"A",.,"A",.,"A",.,"A"
"20154","03257801",47,0,"1",1300,"D",260,"D",390,"D",325,"D",0,"D",.,"A",.,"A",1040,"D",240,"D",.,"A",.,"A",.,"A",.,"A"
"20154","03257811",34,0,"1",1950,"D",260,"D",.,"A",650,"D",60,"D",.,"A",.,"A",1690,"D",90,"D",.,"A",.,"A",.,"A",.,"A"
"20154","03257821",18,0,"1",1560,"D",260,"D",.,"A",0,"D",60,"D",.,"A",.,"A",1300,"D",600,"D",.,"A",.,"A",.,"A",.,"A"
"20154","03257841",36,0,"1",910,"D",0,"D",455,"D",0,"D",0,"D",.,"A",.,"A",910,"D",135,"D",100,"D",1300,"D",.,"A",.,"A"
"20154","03257865",17,0,"1",520,"D",65,"D",.,"A",520,"D",0,"D",.,"A",.,"A",455,"D",0,"D",.,"A",.,"A",.,"A",.,"A"
"20154","03257871",33,0,"1",2600,"D",650,"D",.,"A",650,"D",0,"D",.,"A",.,"A",1950,"D",0,"D",18,"D",234,"D",.,"A",.,"A"
"20154","03257891",15,0,"1",975,"D",260,"D",.,"A",1300,"D",0,"D",.,"A",.,"A",715,"D",240,"D",.,"A",.,"A",.,"A",.,"A"
"20154","03257901",28,0,"1",1300,"D",260,"D",.,"A",0,"D",0,"D",.,"A",.,"A",1040,"D",0,"D",.,"A",.,"A",.,"A",.,"A"
"20154","03257911",8,0,"1",1300,"D",195,"D",.,"A",0,"D",0,"D",.,"A",.,"A",1105,"D",0,"D",.,"A",.,"A",.,"A",.,"A"
"20154","03257931",29,0,"1",1950,"D",455,"D",.,"A",650,"D",0,"D",.,"A",.,"A",1495,"D",0,"D",.,"A",.,"A",.,"A",.,"A"
"20154","03257971",36,0,"1",1560,"D",130,"D",.,"A",0,"D",0,"D",.,"A",.,"A",1430,"D",0,"D",.,"A",.,"A",.,"A",.,"A"
"20154","03257981",13,0,"1",1040,"D",260,"D",.,"A",0,"D",0,"D",.,"A",.,"A",780,"D",0,"D",40,"D",520,"D",.,"A",.,"A"
"20154","03257991",38,0,"1",5200,"D",2600,"D",.,"A",0,"D",0,"D",.,"A",.,"A",2600,"D",0,"D",50,"D",650,"D",.,"A",.,"A"
"20154","03258001",45,0,"1",1950,"D",130,"D",.,"A",260,"D",0,"D",.,"A",.,"A",1820,"D",0,"D",.,"A",.,"A",.,"A",.,"A"
"20154","03258021",13,0,"1",910,"D",390,"D",78,"D",0,"D",0,"D",.,"A",.,"A",520,"D",60,"D",10,"D",130,"D",.,"A",.,"A"
"20154","03258031",15,0,"1",1300,"D",325,"D",.,"A",0,"D",0,"D",.,"A",.,"A",975,"D",0,"D",50,"D",650,"D",.,"A",.,"A"
"20154","03258051",26,0,"1",1560,"D",390,"D",130,"D",65,"D",0,"D",.,"A",.,"A",1170,"D",0,"D",.,"A",.,"A",.,"A",.,"A"
"20154","03258061",47,0,"1",1277,"F",.,"A",.,"A",1300,"D",0,"D",.,"A",.,"A",1046,"F",60,"D",36,"D",468,"D",585,"D",45,"D"
"20154","03258081",29,0,"1",1560,"D",650,"D",.,"A",0,"D",0,"D",.,"A",.,"A",910,"D",0,"D",.,"A",.,"A",.,"A",.,"A"
"20154","03258101",36,0,"1",650,"D",78,"D",.,"A",1300,"D",210,"D",.,"A",.,"A",572,"D",90,"D",.,"A",.,"A",.,"A",.,"A"
"20154","03258111",24,0,"1",2600,"D",520,"D",.,"A",325,"D",0,"D",.,"A",.,"A",2080,"D",0,"D",.,"A",.,"A",.,"A",.,"A"
"20154","03258121",38,0,"1",1690,"D",390,"D",.,"A",130,"D",0,"D",.,"A",.,"A",1300,"D",0,"D",.,"A",.,"A",.,"A",.,"A"
"20154","03258131",81,0,"1",3250,"D",130,"D",130,"D",325,"D",150,"D",.,"A",.,"A",3120,"D",60,"D",.,"A",.,"A",.,"A",.,"A"
"20154","03258151",24,0,"1",1300,"D",650,"D",.,"A",520,"D",60,"D",.,"A",.,"A",650,"D",3,"D",.,"A",.,"A",.,"A",.,"A"
"20154","03258191",30,0,"1",1950,"D",130,"D",.,"A",975,"D",0,"D",.,"A",.,"A",1820,"D",0,"D",50,"D",650,"D",.,"A",.,"A"
"20154","03258201",42,0,"1",780,"D",78,"D",.,"A",130,"D",0,"D",.,"A",.,"A",702,"D",9,"D",.,"A",.,"A",.,"A",.,"A"
"20154","03258231",22,0,"1",1560,"D",0,"D",.,"A",780,"D",0,"D",.,"A",.,"A",1560,"D",0,"D",.,"A",.,"A",.,"A",.,"A"
"20154","03258251",31,0,"1",520,"D",65,"D",195,"D",130,"D",30,"D",.,"A",.,"A",455,"D",15,"D",.,"A",.,"A",.,"A",.,"A"
"20154","03258281",21,0,"1",650,"D",130,"D",.,"A",650,"D",60,"D",.,"A",.,"A",520,"D",0,"D",.,"A",.,"A",.,"A",.,"A"
"20154","03258291",24,0,"1",429,"D",169,"F",.,"A",91,"D",0,"D",.,"A",.,"A",633,"F",0,"D",.,"A",.,"A",.,"A",.,"A"
"20154","03258301",31,0,"1",1300,"D",455,"D",.,"A",195,"D",0,"D",.,"A",.,"A",845,"D",600,"D",.,"A",.,"A",.,"A",.,"A"
"20154","03258311",17,0,"1",910,"D",130,"D",.,"A",260,"D",0,"D",.,"A",.,"A",780,"D",0,"D",.,"A",.,"A",.,"A",.,"A"
"20154","03258333",14,0,"1",1560,"D",520,"D",.,"A",130,"D",0,"D",.,"A",.,"A",1040,"D",0,"D",.,"A",.,"A",.,"A",.,"A"
"20154","03258341",31,0,"1",975,"D",325,"D",.,"A",0,"D",0,"D",.,"A",.,"A",650,"D",0,"D",.,"A",.,"A",.,"A",.,"A"
"20154","03258351",16,0,"1",900,"F",.,"A",.,"A",416,"F",100,"F",.,"A",.,"A",723,"F",98,"F",.,"A",.,"A",.,"A",.,"A"
"20154","03258361",23,0,"1",2600,"D",325,"D",.,"A",65,"D",0,"D",.,"A",.,"A",2275,"D",150,"D",.,"A",.,"A",.,"A",.,"A"
"20154","03258371",18,0,"1",1950,"D",130,"D",.,"A",1092,"F",0,"D",.,"A",.,"A",1820,"D",213,"F",.,"A",.,"A",.,"A",.,"A"
"20154","03258383",35,0,"1",650,"D",195,"D",.,"A",260,"D",45,"D",.,"A",.,"A",455,"D",24,"D",.,"A",.,"A",.,"A",.,"A"
"20154","03258401",25,0,"1",3250,"D",650,"D",.,"A",195,"D",0,"D",.,"A",.,"A",2600,"D",0,"D",60,"D",780,"D",.,"A",.,"A"
"20154","03258431",12,0,"1",325,"D",65,"D",.,"A",0,"D",0,"D",.,"A",.,"A",260,"D",0,"D",3,"D",39,"D",.,"A",.,"A"
"20154","03258441",10,0,"1",520,"D",130,"D",.,"A",0,"D",0,"D",.,"A",.,"A",390,"D",6,"D",48,"D",624,"D",.,"A",.,"A"
"20154","03258451",35,0,"1",6500,"D",1300,"D",.,"A",0,"D",0,"D",.,"A",.,"A",5200,"D",0,"D",.,"A",.,"A",.,"A",.,"A"
"20154","03258471",11,0,"1",845,"D",143,"D",.,"A",455,"F",0,"D",.,"A",.,"A",702,"D",0,"D",.,"A",.,"A",.,"A",.,"A"
"20154","03258491",50,0,"1",1365,"D",455,"D",130,"D",325,"D",0,"D",.,"A",.,"A",910,"D",0,"D",.,"A",.,"A",.,"A",.,"A"
"20154","03258501",105,0,"1",1885,"D",260,"D",.,"A",130,"D",0,"D",.,"A",70,"D",1625,"D",0,"D",.,"A",.,"A",.,"A",.,"A"
"20154","03258551",20,0,"1",1300,"D",195,"D",.,"A",260,"D",6,"D",.,"A",.,"A",1105,"D",6,"D",.,"A",.,"A",.,"A",.,"A"
"20154","03258571",41,0,"1",6500,"D",1300,"D",.,"A",1625,"D",0,"D",.,"A",.,"A",5200,"D",150,"D",.,"A",.,"A",.,"A",.,"A"
"20154","03258601",52,0,"1",1950,"D",650,"D",.,"A",260,"D",360,"D",.,"A",.,"A",1300,"D",0,"D",.,"A",.,"A",.,"A",.,"A"
"20154","03258631",17,0,"1",650,"D",65,"D",.,"A",780,"D",0,"D",.,"A",.,"A",585,"D",21,"D",5,"D",65,"D",.,"A",.,"A"
"20154","03258651",31,0,"1",5200,"D",975,"D",.,"A",0,"D",0,"D",.,"A",.,"A",4225,"D",0,"D",.,"A",.,"A",.,"A",.,"A"
"20154","03258681",15,0,"1",611,"D",0,"D",.,"A",130,"D",6,"D",.,"A",.,"A",611,"D",6,"D",.,"A",.,"A",.,"A",.,"A"
"20154","03258691",34,0,"1",1300,"D",325,"D",.,"A",1300,"D",60,"D",.,"A",.,"A",975,"D",60,"D",.,"A",.,"A",.,"A",.,"A"
"20154","03258701",18,0,"1",2600,"D",260,"D",130,"D",650,"D",0,"D",.,"A",.,"A",2340,"D",60,"D",.,"A",.,"A",.,"A",.,"A"
"20154","03258711",54,0,"1",1040,"D",335,"F",.,"A",390,"D",177,"F",.,"A",.,"A",1237,"F",360,"D",.,"A",.,"A",.,"A",.,"A"
"20154","03258731",44,0,"1",1950,"D",195,"D",.,"A",2600,"D",0,"D",.,"A",.,"A",1755,"D",0,"D",.,"A",.,"A",.,"A",.,"A"
"20154","03258741",33,0,"1",1625,"D",130,"D",975,"D",1950,"D",0,"D",.,"A",.,"A",1495,"D",225,"D",.,"A",.,"A",.,"A",.,"A"
"20154","03258751",41,0,"1",1950,"D",650,"D",.,"A",780,"D",0,"D",.,"A",.,"A",1300,"D",90,"D",.,"A",.,"A",.,"A",.,"A"
"20154","03258781",30,0,"1",2275,"D",975,"D",.,"A",1300,"D",150,"D",.,"A",.,"A",1300,"D",300,"D",.,"A",.,"A",.,"A",.,"A"
"20154","03258791",34,0,"1",455,"D",130,"D",.,"A",260,"D",120,"D",.,"A",.,"A",325,"D",120,"D",.,"A",.,"A",.,"A",.,"A"
"20154","03258801",27,0,"1",1950,"D",195,"D",.,"A",390,"D",600,"D",.,"A",.,"A",1755,"D",300,"D",.,"A",.,"A",.,"A",.,"A"
"20154","03258833",23,0,"1",390,"D",156,"D",.,"A",260,"D",30,"D",.,"A",.,"A",234,"D",45,"D",.,"A",.,"A",.,"A",.,"A"
"20154","03258841",11,0,"1",2275,"D",260,"D",.,"A",91,"D",0,"D",.,"A",.,"A",2015,"D",75,"D",.,"A",.,"A",.,"A",.,"A"
"20154","03258851",30,0,"1",2600,"D",780,"D",650,"D",1560,"D",600,"D",.,"A",.,"A",1820,"D",1200,"D",24,"D",312,"D",.,"A",.,"A"
"20154","03258861",16,0,"1",1950,"D",650,"D",.,"A",1300,"D",0,"D",.,"A",.,"A",1300,"D",0,"D",.,"A",.,"A",.,"A",.,"A"
"20154","03258881",27,0,"1",1300,"D",130,"D",.,"A",0,"D",0,"D",.,"A",.,"A",1170,"D",150,"D",20,"D",260,"D",.,"A",.,"A"
"20154","03258921",26,0,"1",975,"D",260,"D",.,"A",130,"D",0,"D",.,"A",.,"A",715,"D",0,"D",.,"A",.,"A",195,"D",15,"D"
"20154","03258931",6,0,"1",0,"D",.,"A",.,"A",0,"D",0,"D",.,"A",.,"A",0,"D",0,"D",.,"A",.,"A",.,"A",.,"A"
"20154","03258941",60,0,"1",2275,"D",234,"D",.,"A",1300,"D",0,"D",.,"A",50,"D",2041,"D",225,"D",.,"A",.,"A",.,"A",.,"A"
"20154","03258951",13,0,"1",650,"D",26,"D",.,"A",870,"F",175,"F",.,"A",.,"A",624,"D",191,"F",.,"A",.,"A",.,"A",.,"A"
"20154","03258981",25,0,"1",1300,"D",390,"D",.,"A",260,"D",300,"D",.,"A",.,"A",910,"D",180,"D",25,"D",325,"D",.,"A",.,"A"
"20154","03258995",27,0,"1",650,"D",130,"D",.,"A",91,"D",0,"D",.,"A",.,"A",520,"D",0,"D",.,"A",.,"A",.,"A",.,"A"
"20154","03259001",39,0,"1",1625,"D",520,"D",.,"A",0,"D",0,"D",.,"A",.,"A",1105,"D",0,"D",35,"D",455,"D",.,"A",.,"A"
"20154","03259021",17,0,"1",975,"D",455,"D",.,"A",975,"D",0,"D",.,"A",.,"A",520,"D",0,"D",.,"A",.,"A",.,"A",.,"A"
"20154","03259061",31,0,"1",1950,"D",650,"D",325,"D",650,"D",150,"D",.,"A",675,"D",1300,"D",150,"D",.,"A",.,"A",.,"A",.,"A"
"20154","03259071",28,0,"1",520,"D",260,"D",.,"A",390,"D",90,"D",.,"A",.,"A",260,"D",60,"D",.,"A",.,"A",.,"A",.,"A"
"20154","03259081",28,0,"1",1300,"D",195,"D",.,"A",390,"D",180,"D",.,"A",.,"A",1105,"D",180,"D",.,"A",.,"A",.,"A",.,"A"
"20154","03259091",55,0,"1",1300,"D",390,"D",195,"D",390,"D",45,"D",.,"A",.,"A",910,"D",0,"D",.,"A",.,"A",.,"A",.,"A"
"20154","03259131",19,0,"1",650,"D",325,"D",.,"A",0,"D",0,"D",.,"A",.,"A",325,"D",0,"D",.,"A",.,"A",.,"A",.,"A"
"20154","03259151",72,0,"1",3900,"D",390,"D",.,"A",650,"D",150,"D",.,"A",.,"A",3510,"D",300,"D",.,"A",.,"A",.,"A",.,"A"
"20154","03259161",27,0,"1",1300,"D",260,"D",.,"A",325,"D",0,"D",.,"A",.,"A",1040,"D",90,"D",.,"A",.,"A",.,"A",.,"A"
"20154","03259171",9,0,"1",1300,"D",260,"D",390,"D",650,"D",0,"D",.,"A",.,"A",1040,"D",0,"D",.,"A",.,"A",.,"A",.,"A"
"20154","03259201",26,0,"1",1950,"D",325,"D",.,"A",975,"D",0,"D",.,"A",.,"A",1625,"D",0,"D",.,"A",.,"A",.,"A",.,"A"
"20154","03259221",15,0,"1",780,"D",65,"D",.,"A",0,"D",0,"D",.,"A",.,"A",715,"D",0,"D",.,"A",.,"A",.,"A",.,"A"
"20154","03259231",22,0,"1",1300,"D",260,"D",.,"A",520,"D",0,"D",.,"A",.,"A",1040,"D",0,"D",.,"A",.,"A",.,"A",.,"A"
"20154","03259241",43,0,"1",2600,"D",130,"D",.,"A",650,"D",0,"D",.,"A",90,"D",2470,"D",360,"D",70,"D",910,"D",390,"D",30,"D"
"20154","03259261",20,0,"1",650,"D",130,"D",.,"A",390,"D",0,"D",.,"A",.,"A",520,"D",0,"D",.,"A",.,"A",.,"A",.,"A"
"20154","03259281",69,0,"1",1170,"D",585,"D",260,"D",650,"D",150,"D",.,"A",.,"A",585,"D",300,"D",.,"A",.,"A",.,"A",.,"A"
"20154","03259292",26,0,"1",975,"D",195,"D",.,"A",1040,"D",0,"D",.,"A",.,"A",780,"D",0,"D",.,"A",.,"A",.,"A",.,"A"
"20154","03259301",20,0,"1",910,"D",26,"D",.,"A",65,"D",0,"D",.,"A",.,"A",884,"D",0,"D",.,"A",.,"A",.,"A",.,"A"
"20154","03259311",55,0,"1",650,"D",130,"D",.,"A",195,"D",150,"D",.,"A",.,"A",520,"D",60,"D",.,"A",.,"A",.,"A",.,"A"
"20154","03259323",20,0,"1",0,"D",.,"A",.,"A",1300,"D",90,"D",.,"A",.,"A",0,"D",90,"D",18,"D",234,"D",.,"A",.,"A"
"20154","03259331",48,0,"1",1170,"D",195,"D",.,"A",390,"D",0,"D",.,"A",.,"A",975,"D",150,"D",.,"A",.,"A",65,"D",5,"D"
"20154","03259371",15,0,"1",1560,"D",260,"D",.,"A",390,"D",0,"D",.,"A",.,"A",1300,"D",0,"D",.,"A",.,"A",.,"A",.,"A"
"20154","03259401",29,0,"1",1300,"D",390,"D",1300,"D",910,"D",300,"D",.,"A",.,"A",910,"D",150,"D",.,"A",.,"A",.,"A",.,"A"
"20154","03259411",67,0,"1",3250,"D",650,"D",.,"A",1300,"D",0,"D",.,"A",390,"D",2600,"D",150,"D",.,"A",.,"A",.,"A",.,"A"
"20154","03259421",24,0,"1",845,"D",0,"D",.,"A",0,"D",0,"D",.,"A",.,"A",845,"D",0,"D",.,"A",.,"A",.,"A",.,"A"
"20154","03259441",10,0,"1",2271,"F",.,"A",.,"A",744,"F",139,"F",.,"A",.,"A",1879,"F",160,"F",.,"A",.,"A",.,"A",.,"A"
"20154","03259461",25,0,"1",1040,"D",260,"D",.,"A",260,"D",0,"D",.,"A",.,"A",780,"D",0,"D",.,"A",.,"A",.,"A",.,"A"
"20154","03259471",40,0,"1",1950,"D",325,"D",650,"D",1300,"D",30,"D",.,"A",320,"D",1625,"D",120,"D",.,"A",.,"A",.,"A",.,"A"
"20154","03259481",59,0,"1",1950,"D",325,"D",.,"A",520,"D",36,"D",.,"A",.,"A",1625,"D",240,"D",120,"D",1560,"D",.,"A",.,"A"
"20154","03259491",24,0,"1",260,"D",65,"D",260,"D",130,"D",0,"D",.,"A",.,"A",195,"D",0,"D",.,"A",.,"A",.,"A",.,"A"
"20154","03259511",11,0,"1",1300,"D",325,"D",.,"A",325,"D",0,"D",.,"A",.,"A",975,"D",0,"D",.,"A",.,"A",.,"A",.,"A"
"20154","03259521",31,0,"1",1950,"D",0,"D",.,"A",0,"D",0,"D",.,"A",.,"A",1950,"D",0,"D",.,"A",.,"A",.,"A",.,"A"
"20154","03259541",31,0,"1",1040,"D",195,"D",.,"A",390,"D",0,"D",.,"A",.,"A",845,"D",0,"D",.,"A",.,"A",.,"A",.,"A"
"20154","03259551",43,0,"1",1430,"D",26,"D",.,"A",325,"D",0,"D",.,"A",.,"A",1404,"D",0,"D",.,"A",.,"A",.,"A",.,"A"
"20154","03259581",10,0,"1",520,"D",130,"D",.,"A",520,"D",0,"D",.,"A",.,"A",390,"D",0,"D",70,"D",910,"D",.,"A",.,"A"
"20154","03259591",13,0,"1",1300,"D",0,"D",.,"A",390,"D",6,"D",.,"A",.,"A",1300,"D",6,"D",.,"A",.,"A",.,"A",.,"A"
"20154","03259601",36,0,"1",3900,"D",650,"D",650,"D",780,"D",225,"D",.,"A",.,"A",3250,"D",600,"D",.,"A",.,"A",.,"A",.,"A"
"20154","03259621",19,0,"1",1300,"D",260,"D",650,"D",650,"D",0,"D",.,"A",.,"A",1040,"D",0,"D",.,"A",.,"A",.,"A",.,"A"
"20154","03259631",40,0,"1",2080,"D",130,"D",.,"A",260,"D",0,"D",.,"A",50,"D",1950,"D",0,"D",.,"A",.,"A",.,"A",.,"A"
"20154","03259651",35,0,"1",2600,"D",650,"D",.,"A",390,"D",0,"D",.,"A",.,"A",1950,"D",0,"D",.,"A",.,"A",.,"A",.,"A"
"20154","03259661",27,0,"1",650,"D",130,"D",.,"A",91,"D",0,"D",.,"A",.,"A",520,"D",105,"D",.,"A",.,"A",.,"A",.,"A"
"20154","03259671",12,0,"1",1300,"D",130,"D",.,"A",0,"D",0,"D",.,"A",.,"A",1170,"D",0,"D",.,"C",398,"F",234,"D",18,"D"
"20154","03259683",12,0,"1",260,"D",65,"D",.,"A",390,"D",60,"D",.,"A",.,"A",195,"D",60,"D",.,"A",.,"A",.,"A",.,"A"
"20154","03259691",20,0,"1",1950,"D",520,"D",.,"A",650,"D",60,"D",.,"A",.,"A",1430,"D",180,"D",.,"A",.,"A",.,"A",.,"A"
"20154","03259733",21,0,"1",390,"D",65,"D",.,"A",520,"D",0,"D",.,"A",.,"A",325,"D",0,"D",.,"A",.,"A",.,"A",.,"A"
"20154","03259771",34,0,"1",910,"D",91,"D",.,"A",130,"D",0,"D",.,"A",180,"D",819,"D",0,"D",.,"A",.,"A",.,"A",.,"A"
"20154","03259781",34,0,"1",1040,"D",379,"F",.,"A",650,"D",0,"D",.,"A",.,"A",1421,"F",300,"D",.,"A",.,"A",.,"A",.,"A"
"20154","03259791",15,0,"1",910,"D",0,"D",.,"A",650,"D",0,"D",.,"A",.,"A",910,"D",0,"D",30,"D",390,"D",.,"A",.,"A"
"20154","03259811",25,0,"1",1950,"D",520,"D",.,"A",0,"D",0,"D",.,"A",.,"A",1430,"D",0,"D",.,"A",.,"A",.,"A",.,"A"
"20154","03259871",12,0,"1",2600,"D",1755,"D",.,"A",0,"D",0,"D",.,"A",.,"A",845,"D",0,"D",.,"A",.,"A",.,"A",.,"A"
"20154","03259885",21,0,"1",845,"D",195,"D",1040,"D",0,"D",0,"D",.,"A",.,"A",650,"D",0,"D",.,"A",.,"A",.,"A",.,"A"
"20154","03259901",47,0,"1",2600,"D",0,"D",130,"D",2600,"D",150,"D",.,"A",214,"F",2600,"D",300,"D",.,"A",.,"A",.,"A",.,"A"
"20154","03270021",43,0,"1",2600,"D",650,"D",455,"D",260,"D",60,"D",.,"A",.,"A",1950,"D",42,"D",.,"A",.,"A",.,"A",.,"A"
"20154","03270031",25,0,"1",715,"D",65,"D",.,"A",0,"D",0,"D",.,"A",.,"A",650,"D",300,"D",.,"A",.,"A",.,"A",.,"A"
"20154","03270064",46,0,"1",650,"D",91,"D",.,"A",65,"D",0,"D",.,"A",.,"A",559,"D",0,"D",.,"A",.,"A",.,"A",.,"A"
"20154","03270081",19,0,"1",3900,"D",390,"D",.,"A",1950,"D",0,"D",.,"A",.,"A",3510,"D",150,"D",.,"A",.,"A",.,"A",.,"A"
"20154","03270091",9,0,"1",1549,"F",.,"A",.,"A",870,"F",175,"F",.,"A",.,"A",1261,"F",191,"F",.,"A",.,"A",.,"A",.,"A"
"20154","03270101",32,0,"1",3380,"D",0,"D",.,"A",1235,"D",180,"D",.,"A",.,"A",3380,"D",120,"D",.,"A",.,"A",.,"A",.,"A"
"20154","03270111",33,0,"1",2275,"D",195,"D",.,"A",390,"D",0,"D",.,"A",.,"A",2080,"D",0,"D",.,"A",.,"A",.,"A",.,"A"
"20154","03270121",35,0,"1",390,"D",0,"D",260,"D",2600,"D",60,"D",.,"A",.,"A",390,"D",90,"D",.,"A",.,"A",.,"A",.,"A"
"20154","03270133",6,0,"1",0,"D",.,"A",.,"A",1040,"D",135,"D",.,"A",.,"A",0,"D",60,"D",.,"A",.,"A",.,"A",.,"A"
"20154","03270151",19,0,"1",2080,"D",1040,"D",.,"A",0,"D",0,"D",.,"A",.,"A",1040,"D",18,"D",.,"A",.,"A",.,"A",.,"A"
"20154","03270161",17,0,"1",1950,"D",260,"D",.,"A",1300,"D",0,"D",.,"A",.,"A",1690,"D",0,"D",.,"A",.,"A",.,"A",.,"A"
"20154","03270201",24,0,"1",1950,"D",130,"D",.,"A",650,"D",120,"D",.,"A",.,"A",1820,"D",120,"D",.,"A",.,"A",65,"D",5,"D"
"20154","03270221",16,0,"1",0,"D",.,"A",.,"A",65,"D",0,"D",.,"A",.,"A",0,"D",0,"D",.,"A",.,"A",.,"A",.,"A"
"20154","03270231",17,0,"1",325,"D",195,"D",.,"A",39,"D",0,"D",.,"A",.,"A",130,"D",0,"D",.,"A",.,"A",.,"A",.,"A"
"20154","03270241",28,0,"1",5200,"D",650,"D",.,"A",1300,"D",0,"D",.,"A",.,"A",4550,"D",0,"D",.,"A",.,"A",.,"A",.,"A"
"20154","03270271",41,0,"1",1235,"D",455,"D",.,"A",0,"D",0,"D",.,"A",.,"A",780,"D",0,"D",.,"A",.,"A",.,"A",.,"A"
"20154","03270281",24,0,"1",780,"D",195,"D",.,"A",325,"D",0,"D",.,"A",.,"A",585,"D",0,"D",.,"A",.,"A",.,"A",.,"A"
"20154","03270301",32,0,"1",2860,"D",325,"F",.,"A",325,"D",0,"D",.,"A",.,"A",1223,"F",90,"D",.,"A",.,"A",.,"A",.,"A"
"20154","03270321",60,0,"1",1300,"D",260,"D",.,"A",130,"D",0,"D",.,"A",330,"D",1040,"D",75,"D",.,"A",.,"A",52,"D",4,"D"
"20154","03270331",20,0,"1",780,"D",0,"D",.,"A",0,"D",175,"F",.,"A",.,"A",780,"D",191,"F",.,"A",.,"A",.,"A",.,"A"
"20154","03270344",10,0,"1",1950,"D",325,"D",.,"A",0,"D",0,"D",.,"A",.,"A",1625,"D",0,"D",.,"A",.,"A",.,"A",.,"A"
"20154","03270374",39,0,"1",650,"D",65,"D",.,"A",520,"D",0,"D",.,"A",.,"A",585,"D",120,"D",5,"D",65,"D",.,"A",.,"A"
"20154","03270401",34,0,"1",2600,"D",520,"D",375,"F",1092,"F",206,"F",.,"A",.,"A",2080,"D",300,"D",.,"A",.,"A",.,"A",.,"A"
"20154","03270411",25,0,"1",1950,"D",390,"D",.,"A",130,"D",0,"D",.,"A",.,"A",1560,"D",0,"D",.,"A",.,"A",.,"A",.,"A"
"20154","03270431",21,0,"1",2600,"D",390,"D",.,"A",1300,"D",0,"D",.,"A",.,"A",2210,"D",0,"D",.,"A",.,"A",.,"A",.,"A"
"20154","03270441",30,0,"1",650,"D",65,"D",.,"A",1950,"D",0,"D",.,"A",.,"A",585,"D",0,"D",.,"A",.,"A",.,"A",.,"A"
"20154","03270451",26,0,"1",1300,"D",0,"D",.,"A",65,"D",0,"D",.,"A",.,"A",1300,"D",0,"D",.,"A",.,"A",.,"A",.,"A"
"20154","03270463",6,0,"1",1040,"D",260,"D",283,"F",416,"F",100,"F",.,"A",.,"A",780,"D",98,"F",.,"A",.,"A",.,"A",.,"A"
"20154","03270471",23,0,"1",2340,"D",650,"D",.,"A",0,"D",0,"D",.,"A",.,"A",1690,"D",0,"D",.,"A",.,"A",.,"A",.,"A"
"20154","03270481",50,0,"1",1170,"D",130,"D",.,"A",390,"D",0,"D",.,"A",.,"A",1040,"D",90,"D",.,"A",.,"A",.,"A",.,"A"
"20154","03270511",17,0,"1",845,"D",390,"D",.,"A",0,"D",0,"D",.,"A",.,"A",455,"D",0,"D",.,"A",.,"A",.,"A",.,"A"
"20154","03270541",25,0,"1",650,"D",195,"D",.,"A",325,"D",120,"D",.,"A",.,"A",455,"D",90,"D",.,"A",.,"A",.,"A",.,"A"
"20154","03270561",35,0,"1",780,"D",65,"D",.,"A",390,"D",90,"D",5,"D",.,"A",715,"D",90,"D",.,"A",.,"A",.,"A",.,"A"
"20154","03270571",22,0,"1",1950,"D",390,"D",.,"A",585,"D",105,"D",.,"A",.,"A",1560,"D",36,"D",.,"A",.,"A",.,"A",.,"A"
"20154","03270581",16,0,"1",1300,"D",260,"D",.,"A",0,"D",0,"D",.,"A",.,"A",1040,"D",0,"D",.,"A",.,"A",.,"A",.,"A"
"20154","03270591",14,0,"1",1300,"D",195,"D",.,"A",0,"D",0,"D",.,"A",.,"A",1105,"D",0,"D",.,"A",.,"A",.,"A",.,"A"
"20154","03270604",15,0,"1",650,"D",130,"D",.,"A",195,"D",0,"D",.,"A",.,"A",520,"D",0,"D",.,"A",.,"A",.,"A",.,"A"
"20154","03270641",45,0,"1",1950,"D",260,"D",.,"A",0,"D",300,"D",.,"A",390,"D",1690,"D",0,"D",.,"A",.,"A",.,"A",.,"A"
"20154","03270651",39,0,"1",1300,"D",130,"D",.,"A",975,"D",75,"D",.,"A",.,"A",1170,"D",105,"D",.,"A",.,"A",.,"A",.,"A"
"20154","03270661",34,0,"1",2340,"D",260,"D",.,"A",780,"D",0,"D",.,"A",1320,"D",2080,"D",0,"D",.,"A",.,"A",.,"A",.,"A"
"20154","03270711",28,0,"1",2925,"D",325,"D",260,"D",260,"D",0,"D",.,"A",.,"A",2600,"D",600,"D",.,"A",.,"A",.,"A",.,"A"
"20154","03270741",41,0,"1",1950,"D",650,"D",.,"A",650,"D",0,"D",.,"A",.,"A",1300,"D",240,"D",25,"D",325,"D",.,"A",.,"A"
"20154","03270751",64,0,"1",3900,"D",1300,"D",.,"A",1300,"D",0,"D",.,"A",.,"A",2600,"D",0,"D",.,"A",.,"A",.,"A",.,"A"
"20154","03270761",10,0,"1",2065,"F",.,"A",.,"A",0,"D",0,"D",.,"A",.,"A",1741,"F",18,"D",.,"A",.,"A",.,"A",.,"A"
"20154","03270782",15,0,"1",650,"D",130,"D",.,"A",195,"D",0,"D",.,"A",.,"A",520,"D",0,"D",.,"A",.,"A",.,"A",.,"A"
"20154","03270801",21,0,"1",1950,"D",325,"D",.,"A",390,"D",0,"D",.,"A",.,"A",1625,"D",0,"D",.,"A",.,"A",.,"A",.,"A"
"20154","03270841",14,0,"1",2600,"D",471,"F",.,"A",0,"D",0,"D",.,"A",.,"A",1879,"F",0,"D",.,"A",.,"A",.,"A",.,"A"
"20154","03270863",14,0,"1",3900,"D",1300,"D",.,"A",0,"D",0,"D",.,"A",186,"F",2600,"D",6,"D",.,"A",.,"A",.,"A",.,"A"
"20154","03270891",15,0,"1",650,"D",65,"D",.,"A",130,"D",0,"D",.,"A",.,"A",585,"D",0,"D",.,"A",.,"A",.,"A",.,"A"
"20154","03270921",21,0,"1",715,"D",195,"D",.,"A",0,"D",0,"D",.,"A",.,"A",520,"D",0,"D",.,"A",.,"A",.,"A",.,"A"
"20154","03270941",30,0,"1",1300,"D",325,"D",260,"D",520,"D",0,"D",.,"A",.,"A",975,"D",0,"D",.,"A",.,"A",.,"A",.,"A"
"20154","03270961",35,0,"1",325,"D",104,"D",130,"D",65,"D",0,"D",645,"D",.,"A",221,"D",150,"D",.,"A",.,"A",.,"A",.,"A"
"20154","03270971",55,0,"1",650,"D",0,"D",.,"A",260,"D",0,"D",.,"A",.,"A",650,"D",180,"D",.,"A",.,"A",.,"A",.,"A"
"20154","03271001",23,0,"1",2600,"D",234,"D",.,"A",260,"D",60,"D",.,"A",150,"D",2366,"D",0,"D",50,"D",650,"D",.,"A",.,"A"
"20154","03271021",38,0,"1",1300,"D",130,"D",.,"A",910,"D",0,"D",.,"A",.,"A",1170,"D",0,"D",.,"A",.,"A",.,"A",.,"A"
"20154","03271031",25,0,"1",780,"D",0,"D",.,"A",65,"D",0,"D",.,"A",.,"A",780,"D",0,"D",.,"A",.,"A",.,"A",.,"A"
"20154","03271041",43,0,"1",1560,"D",130,"D",260,"D",325,"D",0,"D",.,"A",.,"A",1430,"D",15,"D",126,"D",1638,"D",364,"D",28,"D"
"20154","03271051",38,0,"1",650,"D",195,"D",.,"A",650,"D",30,"D",.,"A",.,"A",455,"D",30,"D",.,"A",.,"A",.,"A",.,"A"
"20154","03271061",24,0,"1",1950,"D",325,"D",.,"A",0,"D",0,"D",.,"A",.,"A",1625,"D",60,"D",.,"A",.,"A",.,"A",.,"A"
"20154","03271085",15,0,"1",650,"D",65,"D",.,"A",390,"D",15,"D",.,"A",.,"A",585,"D",45,"D",.,"A",.,"A",.,"A",.,"A"
"20154","03271103",8,0,"1",0,"D",.,"A",.,"A",416,"F",135,"D",.,"A",.,"A",0,"D",60,"D",.,"A",.,"A",.,"A",.,"A"
"20154","03271111",27,0,"1",325,"D",0,"D",.,"A",325,"D",108,"D",.,"A",.,"A",325,"D",120,"D",.,"A",.,"A",.,"A",.,"A"
"20154","03271161",52,0,"1",1950,"D",363,"F",130,"D",650,"D",0,"D",.,"A",.,"A",1390,"F",240,"D",6,"D",78,"D",78,"D",6,"D"
"20154","03271191",40,0,"1",1950,"D",260,"D",.,"A",2080,"D",0,"D",.,"A",.,"A",1690,"D",90,"D",.,"A",.,"A",.,"A",.,"A"
"20154","03271201",9,0,"1",650,"D",195,"D",.,"A",0,"D",0,"D",.,"A",.,"A",455,"D",0,"D",20,"D",260,"D",.,"A",.,"A"
"20154","03271211",11,0,"1",1300,"D",650,"D",130,"D",520,"D",120,"D",.,"A",.,"A",650,"D",180,"D",80,"D",1040,"D",.,"A",.,"A"
"20154","03271221",20,0,"1",1300,"D",650,"D",.,"A",130,"D",90,"D",.,"A",2400,"D",650,"D",3,"D",.,"A",.,"A",.,"A",.,"A"
"20154","03271231",37,0,"1",1300,"D",130,"D",.,"A",845,"D",0,"D",.,"A",.,"A",1170,"D",0,"D",.,"A",.,"A",.,"A",.,"A"
"20154","03271251",13,0,"1",1300,"D",260,"D",520,"D",1300,"D",6,"D",.,"A",.,"A",1040,"D",6,"D",.,"A",.,"A",.,"A",.,"A"
"20154","03271261",21,0,"1",520,"D",212,"F",.,"A",130,"D",0,"D",.,"A",.,"A",699,"F",0,"D",.,"A",.,"A",.,"A",.,"A"
"20154","03271281",40,0,"1",1950,"D",520,"D",.,"A",325,"D",15,"D",.,"A",.,"A",1430,"D",75,"D",.,"A",.,"A",.,"A",.,"A"
"20154","03271301",34,0,"1",2600,"D",650,"D",.,"A",390,"D",0,"D",.,"A",.,"A",1950,"D",0,"D",.,"A",.,"A",.,"A",.,"A"
"20154","03271322",26,0,"1",325,"D",26,"D",130,"D",130,"D",0,"D",.,"A",.,"A",299,"D",0,"D",.,"A",.,"A",.,"A",.,"A"
"20154","03271361",26,0,"1",910,"D",195,"D",.,"A",195,"D",0,"D",.,"A",90,"D",715,"D",0,"D",.,"A",.,"A",.,"A",.,"A"
"20154","03271401",89,0,"1",1755,"D",91,"D",.,"A",169,"D",0,"D",.,"A",.,"A",1664,"D",204,"D",.,"A",.,"A",.,"A",.,"A"
"20154","03271411",16,0,"1",390,"D",130,"D",.,"A",260,"D",0,"D",.,"A",.,"A",260,"D",0,"D",50,"D",650,"D",.,"A",.,"A"
"20154","03271421",35,0,"1",1040,"D",260,"D",520,"D",0,"D",0,"D",.,"A",.,"A",780,"D",0,"D",.,"A",.,"A",.,"A",.,"A"
"20154","03271431",26,0,"1",2275,"D",520,"D",.,"A",650,"D",0,"D",.,"A",.,"A",1755,"D",0,"D",.,"A",.,"A",.,"A",.,"A"
"20154","03271441",23,0,"1",1430,"D",390,"D",.,"A",260,"D",0,"D",.,"A",.,"A",1040,"D",30,"D",.,"A",.,"A",.,"A",.,"A"
"20154","03271501",21,0,"1",780,"D",130,"D",65,"D",260,"D",0,"D",.,"A",.,"A",650,"D",0,"D",.,"A",.,"A",.,"A",.,"A"
"20154","03271511",24,0,"1",3250,"D",650,"D",.,"A",2600,"D",0,"D",.,"A",.,"A",2600,"D",150,"D",.,"A",.,"A",.,"A",.,"A"
"20154","03271541",32,0,"1",455,"D",26,"D",.,"A",455,"D",6,"D",.,"A",.,"A",429,"D",0,"D",.,"A",.,"A",.,"A",.,"A"
"20154","03271561",17,0,"1",845,"D",260,"D",.,"A",429,"D",0,"D",.,"A",.,"A",585,"D",0,"D",.,"A",.,"A",.,"A",.,"A"
"20154","03271581",30,0,"1",1300,"D",260,"D",.,"A",325,"D",0,"D",.,"A",.,"A",1040,"D",0,"D",.,"A",.,"A",.,"A",.,"A"
"20154","03271641",33,0,"1",975,"D",325,"D",260,"D",650,"D",360,"D",.,"A",.,"A",650,"D",210,"D",.,"A",.,"A",.,"A",.,"A"
"20154","03271672",14,0,"1",130,"D",26,"D",260,"D",260,"D",0,"D",.,"A",.,"A",104,"D",15,"D",20,"D",260,"D",.,"A",.,"A"
"20154","03271691",33,0,"1",1950,"D",390,"D",.,"A",520,"D",90,"D",.,"A",.,"A",1560,"D",90,"D",.,"A",.,"A",.,"A",.,"A"
"20154","03271701",33,0,"1",2080,"D",520,"D",.,"A",390,"D",0,"D",.,"A",114,"D",1560,"D",0,"D",.,"A",.,"A",.,"A",.,"A"
"20154","03271711",20,0,"1",390,"D",65,"D",.,"A",0,"D",0,"D",.,"A",.,"A",325,"D",0,"D",.,"A",.,"A",.,"A",.,"A"
"20154","03271731",14,0,"1",5200,"D",520,"D",.,"A",0,"D",0,"D",.,"A",.,"A",4680,"D",0,"D",.,"A",.,"A",.,"A",.,"A"
"20154","03271741",18,0,"1",1300,"D",325,"D",.,"A",195,"D",0,"D",.,"A",.,"A",975,"D",0,"D",.,"A",.,"A",.,"A",.,"A"
"20154","03271751",29,0,"1",2600,"D",520,"D",.,"A",0,"D",0,"D",.,"A",.,"A",2080,"D",0,"D",.,"A",.,"A",.,"A",.,"A"
"20154","03271771",15,0,"1",1300,"D",325,"D",.,"A",390,"D",0,"D",.,"A",.,"A",975,"D",0,"D",50,"D",650,"D",.,"A",.,"A"
"20154","03271781",31,0,"1",3250,"D",650,"D",.,"A",650,"D",0,"D",.,"A",.,"A",2600,"D",45,"D",.,"A",.,"A",.,"A",.,"A"
"20154","03271791",22,0,"1",1430,"D",390,"D",.,"A",0,"D",0,"D",.,"A",.,"A",1040,"D",0,"D",.,"A",.,"A",.,"A",.,"A"
"20154","03271801",46,0,"1",1300,"D",325,"D",.,"A",0,"D",0,"D",.,"A",.,"A",975,"D",0,"D",.,"A",.,"A",.,"A",.,"A"
"20154","03271851",38,0,"1",1950,"D",650,"D",130,"D",0,"D",0,"D",.,"A",.,"A",1300,"D",240,"D",.,"A",.,"A",.,"A",.,"A"
"20154","03271861",15,0,"1",1950,"D",650,"D",.,"A",0,"D",0,"D",.,"A",.,"A",1300,"D",120,"D",.,"A",.,"A",.,"A",.,"A"
"20154","03271891",88,0,"1",3250,"D",325,"D",2275,"D",520,"D",30,"D",.,"A",.,"A",2925,"D",123,"D",.,"A",.,"A",.,"A",.,"A"
"20154","03271901",27,0,"1",975,"D",130,"D",195,"D",0,"D",0,"D",.,"A",.,"A",845,"D",0,"D",42,"D",546,"D",.,"A",.,"A"
"20154","03271931",26,0,"1",2600,"D",325,"D",.,"A",650,"D",0,"D",.,"A",.,"A",2275,"D",0,"D",.,"A",.,"A",.,"A",.,"A"
"20154","03271951",30,0,"1",1560,"D",390,"D",.,"A",195,"D",0,"D",.,"A",.,"A",1170,"D",120,"D",.,"A",.,"A",.,"A",.,"A"
"20154","03271971",17,0,"1",650,"D",260,"D",.,"A",390,"D",0,"D",.,"A",.,"A",390,"D",0,"D",.,"A",.,"A",.,"A",.,"A"
"20154","03271981",36,0,"1",1560,"D",260,"D",.,"A",1040,"D",0,"D",.,"A",.,"A",1300,"D",0,"D",.,"A",.,"A",.,"A",.,"A"
"20154","03272001",20,0,"1",455,"D",104,"D",.,"A",0,"D",0,"D",.,"A",.,"A",351,"D",0,"D",.,"A",.,"A",.,"A",.,"A"
"20154","03272011",24,0,"1",1560,"D",195,"D",.,"A",260,"D",300,"D",.,"A",.,"A",1365,"D",0,"D",.,"A",.,"A",.,"A",.,"A"
"20154","03272041",20,0,"1",650,"D",130,"D",130,"D",650,"D",0,"D",.,"A",.,"A",520,"D",0,"D",.,"A",.,"A",.,"A",.,"A"
"20154","03272081",22,0,"1",1950,"D",650,"D",.,"A",650,"D",0,"D",.,"A",.,"A",1300,"D",0,"D",.,"A",.,"A",.,"A",.,"A"
"20154","03272111",27,0,"1",1549,"F",.,"A",.,"A",870,"F",175,"F",.,"A",.,"A",1261,"F",191,"F",.,"A",.,"A",.,"A",.,"A"
"20154","03272131",17,0,"1",221,"D",0,"D",260,"D",0,"D",0,"D",.,"A",.,"A",221,"D",0,"D",.,"A",.,"A",.,"A",.,"A"
"20154","03272161",16,0,"1",650,"D",130,"D",.,"A",520,"D",0,"D",.,"A",.,"A",520,"D",450,"D",.,"A",.,"A",.,"A",.,"A"
"20154","03272173",13,0,"1",65,"D",0,"D",.,"A",0,"D",0,"D",120,"D",.,"A",65,"D",0,"D",.,"A",.,"A",.,"A",.,"A"
"20154","03272181",31,0,"1",1560,"D",260,"D",.,"A",390,"D",0,"D",.,"A",.,"A",1300,"D",6,"D",.,"A",.,"A",.,"A",.,"A"
"20154","03272211",19,0,"1",2275,"D",0,"D",.,"A",780,"D",0,"D",.,"A",.,"A",2275,"D",0,"D",.,"A",.,"A",.,"A",.,"A"
"20154","03272221",29,0,"1",1820,"D",325,"D",.,"A",325,"D",75,"D",.,"A",.,"A",1495,"D",120,"D",.,"A",.,"A",.,"A",.,"A"
"20154","03272251",29,0,"1",1690,"D",130,"D",130,"D",455,"D",0,"D",.,"A",.,"A",1560,"D",180,"D",.,"A",.,"A",.,"A",.,"A"
"20154","03272271",31,0,"1",585,"D",130,"D",.,"A",39,"D",6,"D",.,"A",.,"A",455,"D",6,"D",.,"A",.,"A",.,"A",.,"A"
"20154","03272291",14,0,"1",325,"D",0,"D",.,"A",1625,"D",0,"D",.,"A",.,"A",325,"D",0,"D",.,"A",.,"A",.,"A",.,"A"
"20154","03272321",44,0,"1",2080,"D",0,"D",.,"A",910,"D",0,"D",.,"A",.,"A",2080,"D",30,"D",.,"A",.,"A",.,"A",.,"A"
"20154","03272341",38,0,"1",1950,"D",390,"D",.,"A",780,"D",0,"D",.,"A",.,"A",1560,"D",0,"D",.,"A",.,"A",.,"A",.,"A"
"20154","03272361",21,0,"1",1950,"D",520,"D",.,"A",390,"D",0,"D",.,"A",.,"A",1430,"D",0,"D",30,"D",390,"D",26,"D",2,"D"
"20154","03272391",33,0,"1",1300,"D",325,"D",.,"A",78,"D",0,"D",.,"A",.,"A",975,"D",0,"D",25,"D",325,"D",.,"A",.,"A"
"20154","03272401",39,0,"1",2080,"D",780,"D",1300,"D",650,"D",0,"D",.,"A",.,"A",1300,"D",0,"D",.,"A",.,"A",.,"A",.,"A"
"20154","03272441",15,0,"1",2271,"F",.,"A",434,"F",744,"F",139,"F",.,"A",.,"A",1879,"F",160,"F",.,"A",.,"A",.,"A",.,"A"
"20154","03272461",13,0,"1",1105,"D",325,"D",.,"A",195,"D",0,"D",.,"A",.,"A",780,"D",0,"D",.,"A",.,"A",.,"A",.,"A"
"20154","03272471",28,0,"1",1300,"D",325,"D",.,"A",780,"D",150,"D",.,"A",.,"A",975,"D",108,"D",.,"A",.,"A",.,"A",.,"A"
"20154","03272481",38,0,"1",650,"D",65,"D",.,"A",130,"D",24,"D",.,"A",.,"A",585,"D",15,"D",.,"A",.,"A",.,"A",.,"A"
"20154","03272491",15,0,"1",1690,"D",0,"D",.,"A",650,"D",0,"D",.,"A",.,"A",1690,"D",0,"D",.,"A",.,"A",195,"D",15,"D"
"20154","03272501",19,0,"1",1625,"D",520,"D",390,"D",650,"D",0,"D",.,"A",.,"A",1105,"D",0,"D",.,"A",.,"A",.,"A",.,"A"
"20154","03272551",26,0,"1",1625,"D",325,"D",325,"D",0,"D",0,"D",.,"A",.,"A",1300,"D",0,"D",.,"A",.,"A",.,"A",.,"A"
"20154","03272561",16,0,"1",1300,"D",260,"D",.,"A",260,"D",0,"D",.,"A",.,"A",1040,"D",0,"D",.,"A",.,"A",.,"A",.,"A"
"20154","03272591",61,0,"1",3900,"D",0,"D",.,"A",260,"D",0,"D",.,"A",.,"A",3900,"D",24,"D",35,"D",455,"D",442,"D",34,"D"
"20154","03272602",11,0,"1",910,"D",650,"D",.,"A",780,"D",24,"D",.,"A",.,"A",260,"D",24,"D",.,"A",.,"A",.,"A",.,"A"
"20154","03272611",27,0,"1",780,"D",78,"D",130,"D",390,"D",0,"D",.,"A",240,"D",702,"D",0,"D",.,"A",.,"A",.,"A",.,"A"
"20154","03272631",23,0,"1",1300,"D",260,"D",.,"A",780,"D",600,"D",.,"A",.,"A",1040,"D",120,"D",.,"A",.,"A",.,"A",.,"A"
"20154","03272651",29,0,"1",2275,"D",650,"D",.,"A",845,"D",0,"D",.,"A",.,"A",1625,"D",0,"D",.,"A",.,"A",.,"A",.,"A"
"20154","03272671",32,0,"1",2600,"D",260,"D",.,"A",0,"D",0,"D",.,"A",.,"A",2340,"D",300,"D",.,"A",.,"A",.,"A",.,"A"
"20154","03272681",42,0,"1",2080,"D",0,"D",.,"A",520,"D",0,"D",.,"A",.,"A",2080,"D",30,"D",.,"A",.,"A",.,"A",.,"A"
"20154","03272701",15,0,"1",390,"D",130,"D",.,"A",0,"D",0,"D",.,"A",.,"A",260,"D",0,"D",.,"A",.,"A",.,"A",.,"A"
"20154","03272721",28,0,"1",1950,"D",260,"D",.,"A",650,"D",0,"D",.,"A",.,"A",1690,"D",0,"D",100,"D",1300,"D",.,"A",.,"A"
"20154","03272731",7,0,"1",0,"D",.,"A",.,"A",0,"D",0,"D",.,"A",.,"A",0,"D",0,"D",.,"A",.,"A",.,"A",.,"A"
"20154","03272765",20,0,"1",2210,"D",260,"D",.,"A",26,"D",0,"D",.,"A",.,"A",1950,"D",0,"D",.,"A",.,"A",.,"A",.,"A"
"20154","03272785",8,0,"1",975,"D",325,"F",.,"A",622,"F",0,"D",.,"A",.,"A",1223,"F",0,"D",.,"A",.,"A",.,"A",.,"A"
"20154","03272821",31,0,"1",1625,"D",260,"D",.,"A",1625,"D",300,"D",.,"A",.,"A",1365,"D",300,"D",25,"D",325,"D",.,"A",.,"A"
"20154","03272831",33,0,"1",1170,"D",0,"D",.,"A",1300,"D",90,"D",.,"A",.,"A",1170,"D",105,"D",.,"A",.,"A",.,"A",.,"A"
"20154","03272871",15,0,"1",975,"D",195,"D",.,"A",715,"D",0,"D",.,"A",.,"A",780,"D",0,"D",.,"A",.,"A",.,"A",.,"A"
"20154","03272891",28,0,"1",1300,"D",390,"D",.,"A",260,"D",0,"D",.,"A",.,"A",910,"D",120,"D",40,"D",520,"D",.,"A",.,"A"
"20154","03272915",11,0,"1",5200,"D",520,"D",.,"A",0,"D",0,"D",.,"A",.,"A",4680,"D",0,"D",12,"D",156,"D",.,"A",.,"A"
"20154","03272965",24,0,"1",1950,"D",325,"D",.,"A",195,"D",60,"D",.,"A",.,"A",1625,"D",60,"D",.,"A",.,"A",.,"A",.,"A"
"20154","03273021",26,0,"1",1530,"F",.,"A",.,"A",0,"D",600,"D",.,"A",.,"A",1223,"F",300,"D",35,"D",455,"D",.,"A",.,"A"
"20154","03273031",21,0,"1",1625,"D",325,"D",.,"A",130,"D",0,"D",.,"A",.,"A",1300,"D",0,"D",.,"A",.,"A",.,"A",.,"A"
"20154","03273071",17,0,"1",1040,"D",130,"D",.,"A",0,"D",0,"D",.,"A",.,"A",910,"D",0,"D",.,"A",.,"A",.,"A",.,"A"
"20154","03273081",21,0,"1",1625,"D",520,"D",.,"A",520,"D",0,"D",.,"A",.,"A",1105,"D",90,"D",.,"A",.,"A",.,"A",.,"A"
"20154","03273091",25,0,"1",1950,"D",390,"D",.,"A",650,"D",0,"D",.,"A",.,"A",1560,"D",120,"D",21,"D",273,"D",.,"A",.,"A"
"20154","03273122",11,0,"1",520,"D",130,"D",.,"A",0,"D",0,"D",.,"A",.,"A",390,"D",0,"D",.,"A",.,"A",.,"A",.,"A"
"20154","03273161",27,0,"1",325,"D",0,"D",.,"A",130,"D",0,"D",.,"A",.,"A",325,"D",0,"D",.,"A",.,"A",.,"A",.,"A"
"20154","03273171",35,0,"1",2275,"D",455,"D",156,"D",520,"D",30,"D",.,"A",.,"A",1820,"D",30,"D",.,"A",.,"A",.,"A",.,"A"
"20154","03273181",26,0,"1",1950,"D",325,"D",.,"A",650,"D",60,"D",.,"A",.,"A",1625,"D",60,"D",.,"A",.,"A",.,"A",.,"A"
"20154","03273191",15,0,"1",1300,"D",130,"D",.,"A",260,"D",0,"D",.,"A",.,"A",1170,"D",0,"D",30,"D",390,"D",.,"A",.,"A"
"20154","03273211",29,0,"1",1300,"D",260,"D",.,"A",2600,"D",150,"D",.,"A",.,"A",1040,"D",150,"D",.,"A",.,"A",.,"A",.,"A"
"20154","03273232",29,0,"1",975,"D",195,"D",.,"A",325,"D",0,"D",.,"A",.,"A",780,"D",0,"D",.,"A",.,"A",.,"A",.,"A"
"20154","03273271",25,0,"1",585,"D",130,"D",78,"D",195,"D",0,"D",.,"A",.,"A",455,"D",48,"D",.,"A",.,"A",.,"A",.,"A"
"20154","03273281",15,0,"1",1560,"D",325,"D",390,"D",0,"D",0,"D",.,"A",.,"A",1235,"D",0,"D",.,"A",.,"A",.,"A",.,"A"
"20154","03273341",31,0,"1",650,"D",195,"D",.,"A",104,"D",0,"D",.,"A",.,"A",455,"D",90,"D",.,"A",.,"A",.,"A",.,"A"
"20154","03273355",15,0,"1",1300,"D",260,"D",.,"A",0,"D",0,"D",.,"A",.,"A",1040,"D",0,"D",.,"A",.,"A",.,"A",.,"A"
"20154","03273372",43,0,"1",2600,"D",520,"D",.,"A",520,"D",0,"D",.,"A",45,"D",2080,"D",0,"D",.,"A",.,"A",.,"A",.,"A"
"20154","03273403",6,0,"1",390,"D",130,"D",.,"A",195,"D",100,"F",.,"A",.,"A",260,"D",98,"F",.,"A",.,"A",.,"A",.,"A"
"20154","03273431",17,0,"1",975,"D",130,"D",.,"A",325,"D",0,"D",.,"A",.,"A",845,"D",150,"D",.,"A",.,"A",.,"A",.,"A"
"20154","03273451",28,0,"1",1040,"D",195,"D",.,"A",130,"D",30,"D",.,"A",.,"A",845,"D",120,"D",.,"A",.,"A",.,"A",.,"A"
"20154","03273463",23,0,"1",3900,"D",195,"D",.,"A",0,"D",0,"D",.,"A",.,"A",3705,"D",0,"D",.,"A",.,"A",312,"D",24,"D"
"20154","03273491",20,0,"1",1300,"D",195,"D",.,"A",0,"D",0,"D",.,"A",.,"A",1105,"D",0,"D",.,"A",.,"A",.,"A",.,"A"
"20154","03273501",12,0,"1",1950,"D",650,"D",.,"A",195,"D",0,"D",.,"A",.,"A",1300,"D",60,"D",40,"D",520,"D",.,"A",.,"A"
"20154","03273522",26,0,"1",1105,"D",104,"D",.,"A",325,"D",0,"D",.,"A",.,"A",1001,"D",0,"D",.,"A",.,"A",.,"A",.,"A"
"20154","03273545",20,0,"1",650,"D",130,"D",.,"A",1300,"D",150,"D",.,"A",.,"A",520,"D",0,"D",.,"A",.,"A",.,"A",.,"A"
"20154","03273551",17,0,"1",520,"D",65,"D",.,"A",0,"D",6,"D",.,"A",.,"A",455,"D",6,"D",.,"A",.,"A",.,"A",.,"A"
"20154","03273561",11,0,"1",1625,"D",325,"D",.,"A",520,"D",60,"D",.,"A",.,"A",1300,"D",180,"D",.,"A",.,"A",.,"A",.,"A"
"20154","03273583",31,0,"1",1950,"D",325,"D",.,"A",650,"D",0,"D",.,"A",.,"A",1625,"D",0,"D",.,"A",.,"A",.,"A",.,"A"
"20154","03273591",40,0,"1",2600,"D",260,"D",650,"D",260,"D",0,"D",.,"A",.,"A",2340,"D",240,"D",.,"A",.,"A",.,"A",.,"A"
"20154","03273603",39,0,"1",910,"D",260,"D",260,"D",520,"D",0,"D",.,"A",.,"A",650,"D",0,"D",.,"A",.,"A",.,"A",.,"A"
"20154","03273621",12,0,"1",1950,"D",325,"D",.,"A",0,"D",0,"D",.,"A",.,"A",1625,"D",0,"D",.,"A",.,"A",.,"A",.,"A"
"20154","03273631",45,0,"1",1459,"F",.,"A",.,"A",535,"F",24,"D",.,"A",.,"A",1152,"F",15,"D",.,"A",.,"A",.,"A",.,"A"
"20154","03273641",25,0,"1",3900,"D",650,"D",.,"A",1300,"D",0,"D",.,"A",180,"D",3250,"D",0,"D",.,"A",.,"A",.,"A",.,"A"
"20154","03273651",27,0,"1",1040,"D",325,"D",.,"A",520,"D",75,"D",.,"A",.,"A",715,"D",300,"D",.,"A",.,"A",.,"A",.,"A"
"20154","03273671",16,0,"1",585,"D",65,"D",.,"A",0,"D",0,"D",.,"A",.,"A",520,"D",0,"D",.,"A",.,"A",.,"A",.,"A"
"20154","03273681",49,0,"1",2080,"D",390,"D",.,"A",780,"D",0,"D",.,"A",300,"D",1690,"D",0,"D",.,"A",.,"A",.,"A",.,"A"
"20154","03273741",32,0,"1",1300,"D",130,"D",.,"A",0,"D",0,"D",.,"A",.,"A",1170,"D",90,"D",50,"D",650,"D",.,"A",.,"A"
"20154","03273761",15,0,"1",650,"D",104,"D",.,"A",0,"D",0,"D",.,"A",.,"A",546,"D",0,"D",.,"A",.,"A",.,"A",.,"A"
"20154","03273781",15,0,"1",1300,"D",335,"F",280,"F",130,"D",300,"D",.,"A",.,"A",1237,"F",180,"D",20,"D",260,"D",.,"A",.,"A"
"20154","03273791",27,0,"1",2600,"D",650,"D",.,"A",0,"D",0,"D",.,"A",.,"A",1950,"D",90,"D",.,"A",.,"A",130,"D",10,"D"
"20154","03273851",11,0,"1",1950,"D",650,"D",390,"D",0,"D",0,"D",.,"A",.,"A",1300,"D",60,"D",.,"A",.,"A",.,"A",.,"A"
"20154","03273883",12,0,"1",325,"D",65,"D",.,"A",260,"D",0,"D",.,"A",.,"A",260,"D",0,"D",6,"D",78,"D",.,"A",.,"A"
"20154","03273893",8,0,"1",1300,"D",325,"D",.,"A",1300,"D",0,"D",.,"A",.,"A",975,"D",0,"D",.,"A",.,"A",.,"A",.,"A"
"20154","03273901",30,0,"1",1560,"D",0,"D",.,"A",130,"D",0,"D",.,"A",150,"D",1560,"D",0,"D",.,"A",.,"A",.,"A",.,"A"
"20154","03273921",23,0,"1",650,"D",0,"D",.,"A",1300,"D",120,"D",.,"A",.,"A",650,"D",45,"D",15,"D",195,"D",.,"A",.,"A"
"20154","03273951",29,0,"1",1820,"D",260,"D",390,"D",1300,"D",90,"D",.,"A",.,"A",1560,"D",150,"D",.,"A",.,"A",.,"A",.,"A"
"20154","03273961",38,0,"1",2340,"D",1222,"D",195,"D",1859,"D",0,"D",.,"A",.,"A",1118,"D",0,"D",.,"A",.,"A",.,"A",.,"A"
"20154","03273971",36,0,"1",1950,"D",650,"D",.,"A",325,"D",0,"D",.,"A",.,"A",1300,"D",0,"D",.,"A",.,"A",.,"A",.,"A"
"20154","03273991",25,0,"1",1040,"D",260,"D",.,"A",130,"D",0,"D",.,"A",.,"A",780,"D",0,"D",.,"A",.,"A",52,"D",4,"D"
"20154","03274001",37,0,"1",3900,"D",1300,"D",.,"A",325,"D",0,"D",.,"A",.,"A",2600,"D",0,"D",.,"A",.,"A",.,"A",.,"A"
"20154","03274021",26,0,"1",3380,"D",650,"D",.,"A",0,"D",0,"D",.,"A",.,"A",2730,"D",0,"D",.,"A",.,"A",.,"A",.,"A"
"20154","03274051",20,0,"1",780,"D",130,"D",.,"A",780,"D",0,"D",.,"A",.,"A",650,"D",0,"D",.,"A",.,"A",.,"A",.,"A"
"20154","03274061",33,0,"1",1430,"D",650,"D",195,"D",195,"D",0,"D",.,"A",.,"A",780,"D",75,"D",.,"A",.,"A",.,"A",.,"A"
"20154","03274071",37,0,"1",2600,"D",1222,"D",.,"A",130,"D",0,"D",.,"A",.,"A",1378,"D",0,"D",.,"A",.,"A",.,"A",.,"A"
"20154","03274081",18,0,"1",4875,"D",975,"D",.,"A",0,"D",0,"D",.,"A",.,"A",3900,"D",0,"D",.,"A",.,"A",.,"A",.,"A"
"20154","03274093",21,0,"1",780,"D",195,"D",.,"A",260,"D",45,"D",.,"A",.,"A",585,"D",0,"D",.,"A",.,"A",.,"A",.,"A"
"20154","03274131",63,0,"1",2600,"D",260,"D",130,"D",1560,"D",150,"D",.,"A",.,"A",2340,"D",300,"D",.,"A",.,"A",.,"A",.,"A"
"20154","03274151",21,0,"1",650,"D",260,"D",.,"A",0,"D",0,"D",.,"A",.,"A",390,"D",0,"D",52,"D",676,"D",.,"A",.,"A"
"20154","03274171",34,0,"1",2340,"D",520,"D",130,"D",520,"D",60,"D",.,"A",221,"F",1820,"D",120,"D",10,"D",130,"D",.,"A",.,"A"
"20154","03274231",14,0,"1",1950,"D",379,"F",.,"A",723,"F",110,"F",.,"A",.,"A",1421,"F",130,"F",.,"A",.,"A",.,"A",.,"A"
"20154","03274241",9,0,"1",975,"D",260,"D",.,"A",0,"D",0,"D",.,"A",.,"A",715,"D",0,"D",15,"D",195,"D",.,"A",.,"A"
"20154","03274251",27,0,"1",975,"D",0,"D",.,"A",65,"D",0,"D",.,"A",.,"A",975,"D",360,"D",26,"D",338,"D",.,"A",.,"A"
"20154","03274261",6,0,"1",975,"D",353,"F",.,"A",870,"F",175,"F",.,"A",.,"A",1261,"F",191,"F",.,"A",.,"A",.,"A",.,"A"
"20154","03274271",35,0,"1",1950,"D",325,"D",260,"D",520,"D",0,"D",.,"A",.,"A",1625,"D",0,"D",.,"A",.,"A",.,"A",.,"A"
"20154","03274281",35,0,"1",1950,"D",650,"D",.,"A",650,"D",0,"D",.,"A",.,"A",1300,"D",0,"D",.,"A",.,"A",.,"A",.,"A"
"20154","03274311",15,0,"1",1300,"D",271,"F",.,"A",650,"D",0,"D",.,"A",.,"A",1046,"F",30,"D",.,"A",.,"A",.,"A",.,"A"
"20154","03274321",35,0,"1",2275,"D",520,"D",.,"A",520,"D",0,"D",.,"A",.,"A",1755,"D",0,"D",.,"A",.,"A",.,"A",.,"A"
"20154","03274331",55,0,"1",5200,"D",325,"D",0,"D",260,"D",0,"D",.,"A",.,"A",4875,"D",0,"D",.,"A",.,"A",.,"A",.,"A"
"20154","03274341",60,0,"1",1950,"D",130,"D",.,"A",0,"D",0,"D",.,"A",.,"A",1820,"D",0,"D",42,"D",546,"D",.,"A",.,"A"
"20154","03274361",21,0,"1",1300,"D",260,"D",.,"A",390,"D",30,"D",.,"A",.,"A",1040,"D",30,"D",.,"A",.,"A",.,"A",.,"A"
"20154","03274371",30,0,"1",1560,"D",390,"D",.,"A",520,"D",0,"D",.,"A",.,"A",1170,"D",0,"D",.,"A",.,"A",.,"A",.,"A"
"20154","03274381",10,0,"1",910,"D",260,"D",.,"A",0,"D",0,"D",.,"A",.,"A",650,"D",0,"D",.,"A",.,"A",.,"A",.,"A"
"20154","03274391",49,0,"1",2275,"D",260,"D",.,"A",780,"D",120,"D",.,"A",.,"A",2015,"D",210,"D",.,"A",.,"A",.,"A",.,"A"
"20154","03274401",16,0,"1",1950,"D",260,"D",.,"A",260,"D",0,"D",.,"A",.,"A",1690,"D",0,"D",.,"A",.,"A",.,"A",.,"A"
"20154","03274421",19,0,"1",1690,"D",390,"D",130,"D",0,"D",0,"D",.,"A",80,"D",1300,"D",0,"D",.,"A",.,"A",.,"A",.,"A"
"20154","03274431",24,0,"1",520,"D",91,"D",.,"A",65,"D",0,"D",.,"A",.,"A",429,"D",0,"D",.,"A",.,"A",.,"A",.,"A"
"20154","03274441",40,0,"1",1560,"D",260,"D",.,"A",520,"D",94,"F",.,"A",.,"A",1300,"D",135,"F",.,"C",445,"F",.,"A",.,"A"
"20154","03274461",14,0,"1",650,"D",130,"D",.,"A",0,"D",6,"D",.,"A",.,"A",520,"D",6,"D",.,"A",.,"A",.,"A",.,"A"
"20154","03274471",32,0,"1",3250,"D",650,"D",117,"D",1300,"D",0,"D",.,"A",.,"A",2600,"D",0,"D",.,"A",.,"A",.,"A",.,"A"
"20154","03274491",66,0,"1",2860,"D",0,"D",.,"A",3900,"D",900,"D",.,"A",.,"A",2860,"D",900,"D",.,"A",.,"A",.,"A",.,"A"
"20154","03274501",11,0,"1",1300,"D",260,"D",.,"A",0,"D",0,"D",.,"A",.,"A",1040,"D",0,"D",.,"A",.,"A",.,"A",.,"A"
"20154","03274531",23,0,"1",520,"D",0,"D",.,"A",260,"D",0,"D",.,"A",.,"A",520,"D",0,"D",.,"A",.,"A",.,"A",.,"A"
"20154","03274541",19,0,"1",1040,"D",130,"D",.,"A",325,"D",0,"D",.,"A",.,"A",910,"D",0,"D",.,"A",.,"A",.,"A",.,"A"
"20154","03274551",40,0,"1",650,"D",65,"D",.,"A",325,"D",60,"D",.,"A",.,"A",585,"D",90,"D",.,"A",.,"A",.,"A",.,"A"
"20154","03274621",17,0,"1",1503,"F",.,"A",.,"A",0,"D",0,"D",.,"A",.,"A",1164,"F",0,"D",.,"A",.,"A",.,"A",.,"A"
"20154","03274661",10,0,"1",1690,"D",260,"D",.,"A",2600,"D",300,"D",.,"A",.,"A",1430,"D",0,"D",.,"A",.,"A",.,"A",.,"A"
"20154","03274671",23,0,"1",1040,"D",350,"F",1040,"D",0,"D",0,"D",.,"A",34,"D",1506,"F",0,"D",.,"A",.,"A",.,"A",.,"A"
"20154","03274681",34,0,"1",2600,"D",650,"D",.,"A",1300,"D",0,"D",.,"A",.,"A",1950,"D",0,"D",.,"A",.,"A",.,"A",.,"A"
"20154","03274691",40,0,"1",1950,"D",195,"D",130,"D",260,"D",0,"D",.,"A",.,"A",1755,"D",0,"D",.,"A",.,"A",169,"D",13,"D"
"20154","03274711",27,0,"1",1560,"D",195,"D",.,"A",520,"D",0,"D",.,"A",.,"A",1365,"D",45,"D",25,"D",325,"D",.,"A",.,"A"
"20154","03274761",21,0,"1",455,"D",130,"D",.,"A",0,"D",0,"D",.,"A",.,"A",325,"D",0,"D",.,"A",.,"A",.,"A",.,"A"
"20154","03274771",14,0,"1",650,"D",130,"D",.,"A",325,"D",0,"D",.,"A",.,"A",520,"D",0,"D",.,"A",.,"A",.,"A",.,"A"
"20154","03274781",23,0,"1",2600,"D",390,"D",.,"A",0,"D",0,"D",.,"A",.,"A",2210,"D",0,"D",.,"A",.,"A",.,"A",.,"A"
"20154","03274791",15,0,"1",780,"D",130,"D",.,"A",260,"D",120,"D",.,"A",.,"A",650,"D",60,"D",.,"A",.,"A",.,"A",.,"A"
"20154","03274801",22,0,"1",260,"D",65,"D",.,"A",130,"D",0,"D",.,"A",.,"A",195,"D",0,"D",7,"D",91,"D",.,"A",.,"A"
"20154","03274811",14,0,"1",3250,"D",325,"D",.,"A",325,"D",0,"D",.,"A",.,"A",2925,"D",0,"D",.,"A",.,"A",.,"A",.,"A"
"20154","03274821",51,0,"1",2600,"D",650,"D",.,"A",195,"D",0,"D",.,"A",.,"A",1950,"D",75,"D",.,"A",.,"A",.,"A",.,"A"
"20154","03274841",8,0,"1",1625,"D",130,"D",.,"A",0,"D",0,"D",.,"A",.,"A",1495,"D",0,"D",50,"D",650,"D",.,"A",.,"A"
"20154","03274871",9,0,"1",910,"D",91,"D",.,"A",0,"D",0,"D",.,"A",.,"A",819,"D",0,"D",.,"A",.,"A",.,"A",.,"A"
"20154","03274881",48,0,"1",2639,"D",585,"D",.,"A",130,"D",150,"D",.,"A",.,"A",2054,"D",360,"D",.,"A",.,"A",.,"A",.,"A"
"20154","03274891",21,0,"1",650,"D",130,"D",.,"A",130,"D",0,"D",.,"A",.,"A",520,"D",0,"D",.,"A",.,"A",.,"A",.,"A"
"20154","03274913",30,0,"1",5200,"D",1560,"D",.,"A",1105,"D",0,"D",.,"A",146,"D",3640,"D",0,"D",.,"A",.,"A",.,"A",.,"A"
"20154","03274941",11,0,"1",1040,"D",130,"D",.,"A",0,"D",0,"D",.,"A",.,"A",910,"D",0,"D",.,"A",.,"A",.,"A",.,"A"
"20154","03274951",26,0,"1",585,"D",0,"D",.,"A",0,"D",0,"D",.,"A",.,"A",585,"D",0,"D",.,"A",.,"A",.,"A",.,"A"
"20154","03274971",7,0,"1",650,"D",325,"D",650,"D",0,"D",0,"D",60,"D",.,"A",325,"D",0,"D",6,"D",78,"D",.,"A",.,"A"
"20154","03274991",33,0,"1",1560,"D",520,"D",52,"D",325,"D",0,"D",.,"A",.,"A",1040,"D",60,"D",.,"A",.,"A",.,"A",.,"A"
"20154","03275001",17,0,"1",1300,"D",271,"F",223,"F",845,"D",110,"F",.,"A",.,"A",1046,"F",97,"F",.,"A",.,"A",.,"A",.,"A"
"20154","03275021",27,0,"1",1105,"D",195,"D",65,"D",260,"D",0,"D",.,"A",.,"A",910,"D",120,"D",.,"A",.,"A",.,"A",.,"A"
"20154","03275031",43,0,"1",2600,"D",260,"D",.,"A",650,"D",0,"D",.,"A",.,"A",2340,"D",60,"D",.,"A",.,"A",.,"A",.,"A"
"20154","03275041",12,0,"1",1300,"D",350,"F",.,"A",0,"D",0,"D",.,"A",.,"A",1506,"F",0,"D",.,"A",.,"A",.,"A",.,"A"
"20154","03275051",47,0,"1",975,"D",195,"D",130,"D",780,"D",0,"D",.,"A",.,"A",780,"D",156,"D",45,"D",585,"D",.,"A",.,"A"
"20154","03275071",19,0,"1",2600,"D",260,"D",.,"A",0,"D",0,"D",.,"A",.,"A",2340,"D",0,"D",.,"A",.,"A",.,"A",.,"A"
"20154","03275091",19,0,"1",1300,"D",650,"D",.,"A",0,"D",0,"D",.,"A",.,"A",650,"D",0,"D",.,"A",.,"A",.,"A",.,"A"
"20154","03275103",14,0,"1",520,"D",0,"D",.,"A",0,"D",0,"D",.,"A",.,"A",520,"D",0,"D",.,"A",.,"A",.,"A",.,"A"
"20154","03275154",46,0,"1",1950,"D",325,"D",.,"A",1690,"D",30,"D",.,"A",.,"A",1625,"D",75,"D",.,"A",.,"A",.,"A",.,"A"
"20154","03275201",35,0,"1",702,"D",65,"D",.,"A",130,"D",30,"D",.,"A",.,"A",637,"D",60,"D",.,"A",.,"A",.,"A",.,"A"
"20154","03275221",32,0,"1",520,"D",65,"D",390,"D",195,"D",0,"D",.,"A",.,"A",455,"D",0,"D",.,"A",.,"A",.,"A",.,"A"
"20154","03275301",10,0,"1",0,"D",.,"A",.,"A",0,"D",0,"D",.,"A",.,"A",0,"D",0,"D",.,"A",.,"A",.,"A",.,"A"
"20154","03275311",19,0,"1",650,"D",130,"D",.,"A",780,"D",0,"D",.,"A",.,"A",520,"D",0,"D",.,"A",.,"A",.,"A",.,"A"
"20154","03275322",21,0,"1",975,"D",195,"D",.,"A",260,"D",0,"D",.,"A",.,"A",780,"D",0,"D",.,"A",.,"A",.,"A",.,"A"
"20154","03275341",15,0,"1",650,"D",0,"D",.,"A",468,"D",0,"D",.,"A",.,"A",650,"D",90,"D",5,"D",65,"D",.,"A",.,"A"
"20154","03275371",11,0,"1",2275,"D",390,"D",.,"A",260,"D",0,"D",.,"A",160,"D",1885,"D",0,"D",.,"A",.,"A",.,"A",.,"A"
"20154","03275381",47,0,"1",650,"D",130,"D",65,"D",1560,"D",150,"D",.,"A",180,"D",520,"D",60,"D",.,"A",.,"A",.,"A",.,"A"
"20154","03275391",52,0,"1",1950,"D",650,"D",.,"A",2600,"D",240,"D",.,"A",60,"D",1300,"D",150,"D",.,"A",.,"A",.,"A",.,"A"
"20154","03275421",34,0,"1",1300,"D",260,"D",260,"D",1300,"D",0,"D",.,"A",.,"A",1040,"D",0,"D",.,"A",.,"A",.,"A",.,"A"
"20154","03275431",20,0,"1",715,"D",299,"D",.,"A",0,"D",0,"D",.,"A",.,"A",416,"D",0,"D",.,"A",.,"A",.,"A",.,"A"
"20154","03275443",50,0,"1",975,"D",91,"D",.,"A",780,"D",45,"D",.,"A",.,"A",884,"D",30,"D",.,"A",.,"A",.,"A",.,"A"
"20154","03275461",41,0,"1",1040,"D",390,"D",.,"A",1820,"D",210,"D",.,"A",.,"A",650,"D",45,"D",.,"A",.,"A",.,"A",.,"A"
"20154","03275471",33,0,"1",2925,"D",401,"F",.,"A",749,"F",139,"F",.,"A",.,"A",1741,"F",133,"F",.,"A",.,"A",.,"A",.,"A"
"20154","03275491",32,0,"1",1300,"D",390,"D",.,"A",4550,"D",90,"D",.,"A",.,"A",910,"D",0,"D",.,"A",.,"A",260,"D",20,"D"
"20154","03275511",27,0,"1",1950,"D",325,"D",.,"A",0,"D",0,"D",.,"A",.,"A",1625,"D",240,"D",20,"D",260,"D",.,"A",.,"A"
"20154","03275521",20,0,"1",910,"D",0,"D",.,"A",650,"D",0,"D",.,"A",.,"A",910,"D",0,"D",.,"A",.,"A",.,"A",.,"A"
"20154","03275531",27,0,"1",455,"D",65,"D",130,"D",325,"D",0,"D",.,"A",.,"A",390,"D",0,"D",.,"A",.,"A",.,"A",.,"A"
"20154","03275545",32,0,"1",260,"D",65,"D",65,"D",130,"D",0,"D",.,"A",.,"A",195,"D",0,"D",.,"A",.,"A",.,"A",.,"A"
"20154","03275551",22,0,"1",1950,"D",195,"D",260,"D",780,"D",163,"F",.,"A",120,"D",1755,"D",120,"D",.,"A",.,"A",.,"A",.,"A"
"20154","03275571",10,0,"1",2271,"F",.,"A",434,"F",744,"F",139,"F",.,"A",.,"A",1879,"F",160,"F",.,"A",.,"A",.,"A",.,"A"
"20154","03275583",27,0,"1",1300,"D",650,"D",.,"A",65,"D",0,"D",.,"A",.,"A",650,"D",0,"D",.,"A",.,"A",.,"A",.,"A"
"20154","03275601",68,0,"1",1430,"D",650,"D",390,"D",2080,"D",600,"D",.,"A",.,"A",780,"D",120,"D",30,"D",390,"D",.,"A",.,"A"
"20154","03275651",20,0,"1",1530,"F",.,"A",.,"A",520,"D",0,"D",.,"A",.,"A",1223,"F",0,"D",.,"A",.,"A",.,"A",.,"A"
"20154","03275661",20,0,"1",2600,"D",0,"D",.,"A",260,"D",0,"D",.,"A",120,"D",2600,"D",0,"D",.,"A",.,"A",.,"A",.,"A"
"20154","03275681",26,0,"1",390,"D",0,"D",130,"D",130,"D",0,"D",.,"A",.,"A",390,"D",0,"D",.,"A",.,"A",.,"A",.,"A"
"20154","03275691",11,0,"1",2065,"F",.,"A",.,"A",749,"F",139,"F",.,"A",.,"A",1741,"F",133,"F",.,"A",.,"A",.,"A",.,"A"
"20154","03275701",13,0,"1",130,"D",26,"D",.,"A",0,"D",0,"D",.,"A",.,"A",104,"D",330,"D",25,"D",325,"D",.,"A",.,"A"
"20154","03275711",19,0,"1",1950,"D",260,"D",650,"D",0,"D",0,"D",.,"A",.,"A",1690,"D",0,"D",.,"A",.,"A",.,"A",.,"A"
"20154","03275721",27,0,"1",1950,"D",260,"D",130,"D",520,"D",0,"D",.,"A",240,"D",1690,"D",180,"D",.,"A",.,"A",.,"A",.,"A"
"20154","03275731",21,0,"1",3900,"D",1300,"D",390,"D",520,"D",0,"D",.,"A",.,"A",2600,"D",0,"D",20,"D",260,"D",.,"A",.,"A"
"20154","03275741",24,0,"1",1300,"D",650,"D",.,"A",390,"D",0,"D",.,"A",.,"A",650,"D",0,"D",.,"A",.,"A",.,"A",.,"A"
"20154","03275751",41,0,"1",1625,"D",182,"D",.,"A",325,"D",30,"D",.,"A",.,"A",1443,"D",21,"D",.,"A",.,"A",.,"A",.,"A"
"20154","03275771",37,0,"1",1300,"D",1300,"D",.,"A",1300,"D",0,"D",.,"A",.,"A",0,"D",0,"D",30,"D",390,"D",.,"A",.,"A"
"20154","03275781",21,0,"1",728,"D",338,"D",.,"A",650,"D",0,"D",.,"A",.,"A",390,"D",0,"D",.,"A",.,"A",.,"A",.,"A"
"20154","03275811",38,0,"1",1105,"D",104,"D",.,"A",130,"D",0,"D",.,"A",.,"A",1001,"D",0,"D",30,"D",390,"D",.,"A",.,"A"
"20154","03275831",24,0,"1",520,"D",130,"D",.,"A",260,"D",9,"D",.,"A",.,"A",390,"D",21,"D",35,"D",455,"D",.,"A",.,"A"
"20154","03275851",29,0,"1",1300,"D",559,"D",1300,"D",650,"D",0,"D",.,"A",.,"A",741,"D",0,"D",.,"A",.,"A",.,"A",.,"A"
"20154","03275861",14,0,"1",1300,"D",195,"D",.,"A",195,"D",45,"D",.,"A",.,"A",1105,"D",0,"D",.,"A",.,"A",.,"A",.,"A"
"20154","03275911",43,0,"1",2600,"D",260,"D",.,"A",1300,"D",0,"D",.,"A",.,"A",2340,"D",0,"D",.,"A",.,"A",.,"A",.,"A"
"20154","03275961",43,0,"1",780,"D",130,"D",.,"A",780,"D",0,"D",.,"A",.,"A",650,"D",30,"D",.,"A",.,"A",.,"A",.,"A"
"20154","03275981",60,0,"1",1430,"D",520,"D",130,"D",780,"D",48,"D",.,"A",.,"A",910,"D",0,"D",.,"A",.,"A",.,"A",.,"A"
"20154","03276011",11,0,"1",1549,"F",.,"A",.,"A",870,"F",175,"F",.,"A",.,"A",1261,"F",191,"F",.,"A",.,"A",.,"A",.,"A"
"20154","03276021",25,0,"1",1950,"D",325,"D",.,"A",1300,"D",0,"D",.,"A",.,"A",1625,"D",0,"D",.,"A",.,"A",.,"A",.,"A"
"20154","03276031",51,0,"1",910,"D",130,"D",.,"A",325,"D",60,"D",.,"A",.,"A",780,"D",60,"D",.,"A",.,"A",.,"A",.,"A"
"20154","03276041",24,0,"1",1560,"D",390,"D",.,"A",780,"D",360,"D",.,"A",.,"A",1170,"D",210,"D",.,"A",.,"A",.,"A",.,"A"
"20154","03276053",21,0,"1",1300,"D",390,"D",.,"A",0,"D",0,"D",.,"A",.,"A",910,"D",0,"D",.,"A",.,"A",.,"A",.,"A"
"20154","03276091",17,0,"1",2600,"D",260,"D",.,"A",0,"D",0,"D",.,"A",.,"A",2340,"D",0,"D",40,"D",520,"D",.,"A",.,"A"
"20154","03276101",48,0,"1",6500,"D",260,"D",.,"A",1300,"D",0,"D",625,"D",.,"A",6240,"D",0,"D",.,"A",.,"A",.,"A",.,"A"
"20154","03276111",22,0,"1",1300,"D",260,"D",.,"A",0,"D",0,"D",.,"A",.,"A",1040,"D",0,"D",.,"A",.,"A",.,"A",.,"A"
"20154","03276151",28,0,"1",975,"D",260,"D",.,"A",520,"D",0,"D",.,"A",.,"A",715,"D",75,"D",.,"A",.,"A",.,"A",.,"A"
"20154","03276181",35,0,"1",975,"D",0,"D",.,"A",1300,"D",0,"D",.,"A",.,"A",975,"D",0,"D",.,"A",.,"A",.,"A",.,"A"
"20154","03276191",15,0,"1",780,"D",65,"D",.,"A",325,"D",0,"D",.,"A",.,"A",715,"D",0,"D",.,"A",.,"A",.,"A",.,"A"
"20154","03276212",9,0,"1",65,"D",26,"D",78,"D",260,"D",60,"D",.,"A",.,"A",39,"D",15,"D",20,"D",260,"D",.,"A",.,"A"
"20154","03276231",16,0,"1",260,"D",65,"D",.,"A",26,"D",0,"D",.,"A",.,"A",195,"D",0,"D",.,"A",.,"A",.,"A",.,"A"
"20154","03276251",17,0,"1",1820,"D",520,"D",.,"A",650,"D",0,"D",.,"A",.,"A",1300,"D",60,"D",65,"D",845,"D",.,"A",.,"A"
"20154","03276295",15,0,"1",260,"D",65,"D",.,"A",520,"D",0,"D",.,"A",.,"A",195,"D",0,"D",.,"A",.,"A",.,"A",.,"A"
"20154","03276301",20,0,"1",1300,"D",335,"F",.,"A",260,"D",0,"D",.,"A",.,"A",1237,"F",0,"D",.,"A",.,"A",.,"A",.,"A"
"20154","03276311",25,0,"1",390,"D",0,"D",.,"A",520,"D",180,"D",.,"A",.,"A",390,"D",45,"D",.,"A",.,"A",.,"A",.,"A"
"20154","03276321",30,0,"1",1625,"D",325,"D",.,"A",0,"D",0,"D",.,"A",.,"A",1300,"D",75,"D",.,"A",.,"A",.,"A",.,"A"
"20154","03276331",22,0,"1",1950,"D",390,"D",.,"A",65,"D",0,"D",.,"A",.,"A",1560,"D",36,"D",.,"A",.,"A",.,"A",.,"A"
"20154","03276341",22,0,"1",390,"D",65,"D",.,"A",260,"D",0,"D",.,"A",.,"A",325,"D",0,"D",.,"A",.,"A",.,"A",.,"A"
"20154","03276395",27,0,"1",1300,"D",338,"D",.,"A",390,"D",60,"D",.,"A",.,"A",962,"D",150,"D",.,"A",.,"A",.,"A",.,"A"
"20154","03276401",14,0,"1",900,"F",.,"A",.,"A",0,"D",0,"D",.,"A",.,"A",723,"F",0,"D",.,"A",.,"A",.,"A",.,"A"
"20154","03276421",20,0,"1",1300,"D",195,"D",.,"A",0,"D",0,"D",.,"A",.,"A",1105,"D",0,"D",.,"A",.,"A",.,"A",.,"A"
"20154","03276431",27,0,"1",3900,"D",650,"D",.,"A",1430,"D",0,"D",.,"A",.,"A",3250,"D",30,"D",.,"A",.,"A",.,"A",.,"A"
"20154","03276441",13,0,"1",390,"D",130,"D",.,"A",130,"D",6,"D",.,"A",.,"A",260,"D",6,"D",.,"A",.,"A",.,"A",.,"A"
"20154","03276481",9,0,"1",1300,"D",130,"D",.,"A",390,"D",0,"D",.,"A",.,"A",1170,"D",60,"D",.,"A",.,"A",.,"A",.,"A"
"20154","03276491",40,0,"1",2600,"D",455,"D",.,"A",260,"D",240,"D",.,"A",.,"A",2145,"D",300,"D",.,"A",.,"A",.,"A",.,"A"
"20154","03276521",25,0,"1",2600,"D",260,"D",.,"A",3900,"D",300,"D",.,"A",.,"A",2340,"D",600,"D",.,"A",.,"A",.,"A",.,"A"
"20154","03276542",20,0,"1",325,"D",26,"D",.,"A",429,"D",0,"D",.,"A",.,"A",299,"D",0,"D",.,"A",.,"A",.,"A",.,"A"
"20154","03276562",12,0,"1",1300,"D",260,"D",.,"A",650,"D",0,"D",.,"A",.,"A",1040,"D",0,"D",10,"D",130,"D",.,"A",.,"A"
"20154","03276571",26,0,"1",1300,"D",130,"D",.,"A",520,"D",0,"D",.,"A",.,"A",1170,"D",0,"D",.,"A",.,"A",299,"D",23,"D"
"20154","03276581",32,0,"1",1703,"D",260,"D",.,"A",65,"D",0,"D",.,"A",.,"A",1443,"D",90,"D",.,"A",.,"A",.,"A",.,"A"
"20154","03276591",28,0,"1",2600,"D",325,"D",.,"A",650,"D",0,"D",.,"A",702,"D",2275,"D",0,"D",.,"A",.,"A",.,"A",.,"A"
"20154","03276623",18,0,"1",1300,"D",130,"D",1300,"D",0,"D",0,"D",.,"A",.,"A",1170,"D",0,"D",.,"A",.,"A",.,"A",.,"A"
"20154","03276632",12,0,"1",2600,"D",260,"D",390,"D",1300,"D",30,"D",.,"A",.,"A",2340,"D",90,"D",.,"A",.,"A",.,"A",.,"A"
"20154","03276641",43,0,"1",1625,"D",195,"D",.,"A",650,"D",0,"D",.,"A",.,"A",1430,"D",0,"D",.,"A",.,"A",.,"A",.,"A"
"20154","03276651",31,0,"1",1300,"D",260,"D",.,"A",1287,"D",0,"D",.,"A",.,"A",1040,"D",60,"D",.,"A",.,"A",.,"A",.,"A"
"20154","03276661",18,0,"1",900,"F",.,"A",.,"A",416,"F",0,"D",.,"A",.,"A",723,"F",0,"D",.,"A",.,"A",.,"A",.,"A"
"20154","03276681",22,0,"1",1170,"D",260,"D",.,"A",650,"D",0,"D",.,"A",274,"F",910,"D",0,"D",.,"A",.,"A",.,"A",.,"A"
"20154","03276691",21,0,"1",520,"D",260,"D",.,"A",325,"D",0,"D",.,"A",.,"A",260,"D",0,"D",.,"A",.,"A",.,"A",.,"A"
"20154","03276701",25,0,"1",1950,"D",65,"D",650,"D",195,"D",0,"D",.,"A",.,"A",1885,"D",0,"D",.,"A",.,"A",.,"A",.,"A"
"20154","03276721",33,0,"1",3575,"D",650,"D",1300,"D",0,"D",0,"D",.,"A",.,"A",2925,"D",120,"D",.,"A",.,"A",.,"A",.,"A"
"20154","03276731",42,0,"1",3250,"D",650,"D",520,"D",1300,"D",0,"D",.,"A",.,"A",2600,"D",600,"D",.,"A",.,"A",.,"A",.,"A"
"20154","03276741",21,0,"1",650,"D",0,"D",.,"A",260,"D",0,"D",.,"A",.,"A",650,"D",0,"D",.,"A",.,"A",.,"A",.,"A"
"20154","03276761",6,0,"1",900,"F",.,"A",.,"A",416,"F",100,"F",.,"A",.,"A",723,"F",98,"F",.,"A",.,"A",.,"A",.,"A"
"20154","03276801",58,0,"1",1105,"D",325,"D",.,"A",910,"D",45,"D",.,"A",.,"A",780,"D",0,"D",.,"A",.,"A",.,"A",.,"A"
"20154","03276811",24,0,"1",260,"D",0,"D",.,"A",65,"D",0,"D",.,"A",.,"A",260,"D",0,"D",.,"A",.,"A",.,"A",.,"A"
"20154","03276821",11,0,"1",650,"D",130,"D",.,"A",0,"D",0,"D",.,"A",.,"A",520,"D",0,"D",20,"D",260,"D",.,"A",.,"A"
"20154","03276831",30,0,"1",2106,"D",234,"D",.,"A",455,"D",6,"D",.,"A",.,"A",1872,"D",6,"D",.,"A",.,"A",.,"A",.,"A"
"20154","03276841",10,0,"1",650,"D",0,"D",.,"A",390,"D",0,"D",.,"A",.,"A",650,"D",0,"D",.,"A",.,"A",.,"A",.,"A"
"20154","03276851",24,0,"1",585,"D",130,"D",130,"D",130,"D",0,"D",.,"A",.,"A",455,"D",150,"D",.,"A",.,"A",.,"A",.,"A"
"20154","03276861",19,0,"1",1430,"D",130,"D",.,"A",520,"D",0,"D",.,"A",.,"A",1300,"D",0,"D",.,"A",.,"A",.,"A",.,"A"
"20154","03276881",23,0,"1",1300,"D",260,"D",390,"D",325,"D",30,"D",.,"A",.,"A",1040,"D",150,"D",.,"A",.,"A",.,"A",.,"A"
"20154","03276911",41,0,"1",3250,"D",325,"D",195,"D",260,"D",0,"D",.,"A",.,"A",2925,"D",0,"D",.,"A",.,"A",.,"A",.,"A"
"20154","03276923",11,0,"1",1300,"D",195,"D",650,"D",0,"D",0,"D",.,"A",.,"A",1105,"D",0,"D",.,"A",.,"A",.,"A",.,"A"
"20154","03276931",63,0,"1",1625,"D",130,"D",.,"A",390,"D",30,"D",.,"A",.,"A",1495,"D",60,"D",10,"D",130,"D",.,"A",.,"A"
"20154","03276951",26,0,"1",2600,"D",780,"D",.,"A",0,"D",0,"D",.,"A",.,"A",1820,"D",60,"D",.,"A",.,"A",.,"A",.,"A"
"20154","03276961",46,0,"1",1430,"D",260,"D",65,"D",715,"D",135,"D",.,"A",.,"A",1170,"D",90,"D",.,"A",.,"A",.,"A",.,"A"
"20154","03276984",22,0,"1",455,"D",0,"D",195,"D",0,"D",0,"D",.,"A",.,"A",455,"D",60,"D",.,"A",.,"A",65,"D",5,"D"
"20154","03276991",26,0,"1",2600,"D",520,"D",.,"A",0,"D",0,"D",.,"A",.,"A",2080,"D",150,"D",24,"D",312,"D",.,"A",.,"A"
"20154","03277001",21,0,"1",780,"D",0,"D",.,"A",260,"D",0,"D",.,"A",.,"A",780,"D",0,"D",.,"A",.,"A",.,"A",.,"A"
"20154","03277021",24,0,"1",3900,"D",445,"F",393,"F",740,"F",111,"F",.,"A",.,"A",1820,"F",60,"D",.,"A",.,"A",.,"A",.,"A"
"20154","03277033",18,0,"1",1950,"D",260,"D",.,"A",2600,"D",0,"D",.,"A",.,"A",1690,"D",150,"D",20,"D",260,"D",.,"A",.,"A"
"20154","03277051",17,0,"1",650,"D",130,"D",130,"D",130,"D",0,"D",.,"A",.,"A",520,"D",0,"D",.,"A",.,"A",260,"D",20,"D"
"20154","03277061",30,0,"1",1040,"D",455,"D",.,"A",1950,"D",1200,"D",.,"A",.,"A",585,"D",150,"D",.,"A",.,"A",.,"A",.,"A"
"20154","03277081",29,0,"1",1950,"D",1300,"D",91,"D",65,"D",0,"D",.,"A",.,"A",650,"D",0,"D",.,"A",.,"A",.,"A",.,"A"
"20154","03277091",13,0,"1",1040,"D",195,"D",.,"A",169,"D",0,"D",.,"A",.,"A",845,"D",0,"D",.,"A",.,"A",.,"A",.,"A"
"20154","03277101",51,0,"1",650,"D",91,"D",.,"A",650,"D",0,"D",.,"A",.,"A",559,"D",30,"D",.,"A",.,"A",.,"A",.,"A"
"20154","03277111",49,0,"1",2275,"D",520,"D",.,"A",585,"D",0,"D",.,"A",.,"A",1755,"D",0,"D",45,"D",585,"D",.,"A",.,"A"
"20154","03277131",45,0,"1",1950,"D",260,"D",260,"D",520,"D",0,"D",.,"A",20,"D",1690,"D",0,"D",35,"D",455,"D",.,"A",.,"A"
"20154","03277151",21,0,"1",1625,"D",0,"D",.,"A",0,"D",0,"D",.,"A",.,"A",1625,"D",0,"D",18,"D",234,"D",.,"A",.,"A"
"20154","03277161",15,0,"1",2275,"D",325,"D",.,"A",455,"F",74,"F",.,"A",.,"A",1950,"D",119,"F",.,"A",.,"A",.,"A",.,"A"
"20154","03277221",48,0,"1",1950,"D",650,"D",.,"A",2041,"D",30,"D",.,"A",.,"A",1300,"D",0,"D",.,"A",.,"A",.,"A",.,"A"
"20154","03277231",32,0,"1",2600,"D",975,"D",.,"A",0,"D",75,"D",.,"A",25,"D",1625,"D",240,"D",.,"A",.,"A",.,"A",.,"A"
"20154","03277241",35,0,"1",1300,"D",0,"D",91,"D",1300,"D",0,"D",.,"A",.,"A",1300,"D",0,"D",.,"A",.,"A",.,"A",.,"A"
"20154","03277261",41,0,"1",1300,"D",130,"D",26,"D",650,"D",30,"D",.,"A",.,"A",1170,"D",60,"D",.,"A",.,"A",.,"A",.,"A"
"20154","03277291",15,0,"1",2271,"F",.,"A",.,"A",744,"F",139,"F",.,"A",.,"A",1879,"F",160,"F",.,"A",.,"A",.,"A",.,"A"
"20154","03277302",24,0,"1",1300,"D",0,"D",.,"A",520,"D",0,"D",.,"A",.,"A",1300,"D",0,"D",.,"A",.,"A",.,"A",.,"A"
"20154","03277331",38,0,"1",975,"D",169,"D",.,"A",1170,"D",420,"D",.,"A",.,"A",806,"D",0,"D",.,"A",.,"A",.,"A",.,"A"
"20154","03277341",41,0,"1",1625,"D",325,"D",130,"D",260,"D",15,"D",27,"D",.,"A",1300,"D",15,"D",.,"A",.,"A",.,"A",.,"A"
"20154","03277353",24,0,"1",1950,"D",390,"D",.,"A",520,"D",0,"D",.,"A",.,"A",1560,"D",0,"D",.,"A",.,"A",.,"A",.,"A"
"20154","03277361",12,0,"1",975,"D",130,"D",130,"D",520,"D",0,"D",.,"A",.,"A",845,"D",90,"D",.,"A",.,"A",.,"A",.,"A"
"20154","03277391",31,0,"1",1950,"D",390,"D",.,"A",0,"D",0,"D",.,"A",.,"A",1560,"D",0,"D",.,"A",.,"A",.,"A",.,"A"
"20154","03277401",19,0,"1",1560,"D",390,"D",.,"A",130,"D",0,"D",.,"A",.,"A",1170,"D",0,"D",.,"A",.,"A",.,"A",.,"A"
"20154","03277421",18,0,"1",1105,"D",520,"D",.,"A",65,"D",0,"D",.,"A",.,"A",585,"D",0,"D",.,"A",.,"A",.,"A",.,"A"
"20154","03277431",33,0,"1",1950,"D",650,"D",325,"D",390,"D",0,"D",.,"A",.,"A",1300,"D",0,"D",.,"A",.,"A",.,"A",.,"A"
"20154","03277451",16,0,"1",1950,"D",325,"D",.,"A",975,"D",300,"D",.,"A",.,"A",1625,"D",150,"D",.,"A",.,"A",.,"A",.,"A"
"20154","03277471",46,0,"1",1690,"D",390,"D",260,"D",260,"D",120,"D",.,"A",.,"A",1300,"D",180,"D",.,"A",.,"A",.,"A",.,"A"
"20154","03277481",68,0,"1",1950,"D",325,"D",.,"A",325,"D",0,"D",.,"A",.,"A",1625,"D",0,"D",.,"A",.,"A",.,"A",.,"A"
"20154","03277551",28,0,"1",1560,"D",130,"D",.,"A",650,"D",30,"D",.,"A",.,"A",1430,"D",30,"D",.,"A",.,"A",.,"A",.,"A"
"20154","03277571",13,0,"1",1820,"D",520,"D",.,"A",520,"D",6,"D",.,"A",.,"A",1300,"D",6,"D",.,"A",.,"A",.,"A",.,"A"
"20154","03277581",13,0,"1",650,"D",65,"D",.,"A",0,"D",0,"D",.,"A",.,"A",585,"D",0,"D",.,"A",.,"A",.,"A",.,"A"
"20154","03277591",54,0,"1",1950,"D",390,"D",.,"A",2600,"D",60,"D",.,"A",.,"A",1560,"D",60,"D",.,"A",.,"A",.,"A",.,"A"
"20154","03277601",15,0,"1",1300,"D",650,"D",.,"A",0,"D",0,"D",.,"A",.,"A",650,"D",30,"D",35,"D",455,"D",260,"D",20,"D"
"20154","03277631",38,0,"1",1950,"D",650,"D",.,"A",650,"D",0,"D",.,"A",.,"A",1300,"D",240,"D",.,"A",.,"A",.,"A",.,"A"
"20154","03277641",19,0,"1",1300,"D",335,"F",.,"A",260,"D",0,"D",.,"A",.,"A",1237,"F",0,"D",.,"A",.,"A",.,"A",.,"A"
"20154","03277661",14,0,"1",900,"F",.,"A",.,"A",0,"D",0,"D",.,"A",.,"A",723,"F",0,"D",.,"A",.,"A",.,"A",.,"A"
"20154","03277711",47,0,"1",1950,"D",353,"F",390,"D",1300,"D",300,"D",.,"A",.,"A",1261,"F",300,"D",.,"A",.,"A",.,"A",.,"A"
"20154","03277721",25,0,"1",1300,"D",130,"D",.,"A",390,"D",0,"D",.,"A",.,"A",1170,"D",0,"D",.,"A",.,"A",.,"A",.,"A"
"20154","03277741",17,0,"1",1300,"D",195,"D",.,"A",520,"D",150,"D",.,"A",.,"A",1105,"D",75,"D",.,"A",.,"A",.,"A",.,"A"
"20154","03277761",12,0,"1",3900,"D",650,"D",.,"A",1300,"D",0,"D",.,"A",.,"A",3250,"D",0,"D",.,"A",.,"A",.,"A",.,"A"
"20154","03277771",26,0,"1",975,"D",195,"D",.,"A",650,"D",0,"D",.,"A",.,"A",780,"D",0,"D",.,"A",.,"A",.,"A",.,"A"
"20154","03277831",15,0,"1",325,"D",65,"D",195,"D",325,"D",21,"D",.,"A",.,"A",260,"D",60,"D",40,"D",520,"D",.,"A",.,"A"
"20154","03277892",16,0,"1",1300,"D",260,"D",.,"A",1950,"D",0,"D",.,"A",.,"A",1040,"D",0,"D",50,"D",650,"D",.,"A",.,"A"
"20154","03277921",14,0,"1",1950,"D",650,"D",.,"A",0,"D",0,"D",.,"A",.,"A",1300,"D",0,"D",.,"A",.,"A",.,"A",.,"A"
"20154","03277931",26,0,"1",1690,"D",390,"D",.,"A",390,"D",0,"D",.,"A",.,"A",1300,"D",0,"D",49,"D",637,"D",.,"A",.,"A"
"20154","03277943",25,0,"1",1300,"D",130,"D",.,"A",520,"D",0,"D",.,"A",.,"A",1170,"D",0,"D",.,"A",.,"A",.,"A",.,"A"
"20154","03277961",56,0,"1",3250,"D",650,"D",1300,"D",130,"D",0,"D",.,"A",.,"A",2600,"D",900,"D",.,"A",.,"A",.,"A",.,"A"
"20154","03277972",60,0,"1",1950,"D",260,"D",.,"A",650,"D",0,"D",.,"A",36,"D",1690,"D",60,"D",.,"A",.,"A",.,"A",.,"A"
"20154","03277995",11,0,"1",975,"D",195,"D",.,"A",975,"D",0,"D",.,"A",.,"A",780,"D",0,"D",.,"A",.,"A",.,"A",.,"A"
"20154","03278013",17,0,"1",390,"D",130,"D",.,"A",0,"D",0,"D",.,"A",.,"A",260,"D",0,"D",.,"A",.,"A",.,"A",.,"A"
"20154","03278021",44,0,"1",1040,"D",130,"D",78,"D",520,"D",180,"D",.,"A",.,"A",910,"D",0,"D",.,"A",.,"A",1300,"D",100,"D"
"20154","03278031",36,0,"1",650,"D",260,"D",195,"D",260,"D",0,"D",.,"A",.,"A",390,"D",0,"D",.,"A",.,"A",2340,"D",180,"D"
"20154","03278051",16,0,"1",2340,"D",0,"D",.,"A",0,"D",0,"D",.,"A",.,"A",2340,"D",0,"D",70,"D",910,"D",.,"A",.,"A"
"20154","03278061",39,0,"1",1950,"D",130,"D",.,"A",325,"D",0,"D",.,"A",.,"A",1820,"D",0,"D",.,"A",.,"A",.,"A",.,"A"
"20154","03278072",16,0,"1",2600,"D",520,"D",325,"D",650,"D",0,"D",.,"A",.,"A",2080,"D",60,"D",.,"A",.,"A",.,"A",.,"A"
"20154","03278081",38,0,"1",1757,"F",.,"A",.,"A",723,"F",0,"D",.,"A",.,"A",1421,"F",0,"D",.,"A",.,"A",.,"A",.,"A"
"20154","03278091",7,0,"1",650,"D",39,"D",.,"A",0,"D",0,"D",.,"A",.,"A",611,"D",0,"D",.,"A",.,"A",.,"A",.,"A"
"20154","03278103",17,0,"1",65,"D",0,"D",65,"D",390,"D",0,"D",.,"A",.,"A",65,"D",0,"D",.,"A",.,"A",.,"A",.,"A"
"20154","03278111",18,0,"1",650,"D",130,"D",.,"A",0,"D",0,"D",.,"A",.,"A",520,"D",36,"D",.,"A",.,"A",.,"A",.,"A"
"20154","03278161",18,0,"1",1040,"D",390,"D",.,"A",780,"D",6,"D",.,"A",.,"A",650,"D",6,"D",.,"A",.,"A",.,"A",.,"A"
"20154","03278171",19,0,"1",1300,"D",203,"F",.,"A",0,"D",0,"D",.,"A",.,"A",764,"F",0,"D",.,"A",.,"A",.,"A",.,"A"
"20154","03278181",20,0,"1",3900,"D",1300,"D",.,"A",715,"D",0,"D",.,"A",.,"A",2600,"D",0,"D",.,"A",.,"A",.,"A",.,"A"
"20154","03278191",33,0,"1",1690,"D",390,"D",.,"A",650,"D",0,"D",.,"A",.,"A",1300,"D",90,"D",.,"A",.,"A",.,"A",.,"A"
"20154","03278211",41,0,"1",1300,"D",260,"D",.,"A",1300,"D",0,"D",.,"A",.,"A",1040,"D",360,"D",.,"A",.,"A",.,"A",.,"A"
"20154","03278231",27,0,"1",2600,"D",1040,"D",.,"A",520,"D",0,"D",.,"A",.,"A",1560,"D",30,"D",.,"A",.,"A",.,"A",.,"A"
"20154","03278241",54,0,"1",2600,"D",650,"D",.,"A",2600,"D",60,"D",.,"A",.,"A",1950,"D",90,"D",.,"A",.,"A",.,"A",.,"A"
"20154","03278251",13,0,"1",1950,"D",471,"F",.,"A",744,"F",0,"D",.,"A",.,"A",1879,"F",0,"D",.,"A",.,"A",.,"A",.,"A"
"20154","03278301",15,0,"1",390,"D",0,"D",.,"A",390,"D",60,"D",.,"A",.,"A",390,"D",90,"D",.,"A",.,"A",.,"A",.,"A"
"20154","03278331",36,0,"1",910,"D",130,"D",.,"A",130,"D",0,"D",.,"A",.,"A",780,"D",0,"D",.,"A",.,"A",.,"A",.,"A"
"20154","03278352",15,0,"1",2717,"D",455,"D",.,"A",0,"D",0,"D",.,"A",.,"A",2262,"D",0,"D",.,"A",.,"A",.,"A",.,"A"
"20154","03278371",23,0,"1",1560,"D",520,"D",.,"A",65,"D",0,"D",.,"A",143,"D",1040,"D",0,"D",32,"D",416,"D",.,"A",.,"A"
"20154","03278395",12,0,"1",900,"F",.,"A",.,"A",416,"F",0,"D",.,"A",.,"A",723,"F",0,"D",.,"A",.,"A",.,"A",.,"A"
"20154","03278411",42,0,"1",3900,"D",1300,"D",.,"A",1300,"D",0,"D",.,"A",.,"A",2600,"D",75,"D",.,"A",.,"A",.,"A",.,"A"
"20154","03278423",27,0,"1",1300,"D",130,"D",.,"A",520,"D",0,"D",.,"A",240,"D",1170,"D",0,"D",.,"A",.,"A",.,"A",.,"A"
"20154","03278441",33,0,"1",520,"D",130,"D",.,"A",260,"D",0,"D",.,"A",.,"A",390,"D",21,"D",.,"A",.,"A",.,"A",.,"A"
"20154","03278471",19,0,"1",650,"D",65,"D",.,"A",325,"D",0,"D",.,"A",.,"A",585,"D",0,"D",.,"A",.,"A",.,"A",.,"A"
"20154","03278481",24,0,"1",650,"D",65,"D",.,"A",26,"D",0,"D",.,"A",.,"A",585,"D",0,"D",.,"A",.,"A",.,"A",.,"A"
"20154","03278531",22,0,"1",1950,"D",260,"D",.,"A",195,"D",0,"D",.,"A",.,"A",1690,"D",0,"D",.,"A",.,"A",.,"A",.,"A"
"20154","03278541",19,0,"1",520,"D",0,"D",.,"A",0,"D",0,"D",.,"A",.,"A",520,"D",0,"D",30,"D",390,"D",.,"A",.,"A"
"20154","03278554",30,0,"1",585,"D",130,"D",91,"D",520,"D",0,"D",.,"A",.,"A",455,"D",0,"D",.,"A",.,"A",.,"A",.,"A"
"20154","03278571",18,0,"1",2600,"D",195,"D",.,"A",0,"D",0,"D",.,"A",.,"A",2405,"D",0,"D",.,"A",.,"A",.,"A",.,"A"
"20154","03278601",13,0,"1",1950,"D",0,"D",.,"A",260,"D",0,"D",.,"A",.,"A",1950,"D",0,"D",.,"A",.,"A",.,"A",.,"A"
"20154","03278611",12,0,"1",2600,"D",130,"D",.,"A",780,"D",0,"D",.,"A",0,"D",2470,"D",0,"D",.,"A",.,"A",.,"A",.,"A"
"20154","03278631",36,0,"1",1950,"D",0,"D",650,"D",780,"D",600,"D",.,"A",.,"A",1950,"D",450,"D",70,"D",910,"D",.,"A",.,"A"
"20154","03278641",52,0,"1",3900,"D",650,"D",.,"A",195,"D",0,"D",.,"A",.,"A",3250,"D",60,"D",.,"A",.,"A",.,"A",.,"A"
"20154","03278673",40,0,"1",1235,"D",325,"D",.,"A",325,"D",0,"D",.,"A",.,"A",910,"D",30,"D",.,"A",.,"A",.,"A",.,"A"
"20154","03278691",22,0,"1",1950,"D",260,"D",.,"A",520,"D",0,"D",.,"A",.,"A",1690,"D",0,"D",.,"A",.,"A",390,"D",30,"D"
"20154","03278721",59,0,"1",650,"D",130,"D",.,"A",390,"D",0,"D",.,"A",.,"A",520,"D",0,"D",.,"A",.,"A",.,"A",.,"A"
"20154","03278731",18,0,"1",2600,"D",260,"D",.,"A",1300,"D",0,"D",.,"A",.,"A",2340,"D",600,"D",.,"A",.,"A",.,"A",.,"A"
"20154","03278741",26,0,"1",1950,"D",325,"D",520,"D",260,"D",0,"D",.,"A",.,"A",1625,"D",60,"D",.,"A",.,"A",.,"A",.,"A"
"20154","03278751",35,0,"1",3900,"D",445,"F",715,"D",1950,"D",0,"D",.,"A",.,"A",1820,"F",0,"D",.,"A",.,"A",.,"A",.,"A"
"20154","03278771",11,0,"1",962,"D",0,"D",.,"A",65,"D",0,"D",.,"A",.,"A",962,"D",0,"D",20,"D",260,"D",.,"A",.,"A"
"20154","03278791",35,0,"1",650,"D",130,"D",260,"D",390,"D",30,"D",.,"A",.,"A",520,"D",60,"D",.,"A",.,"A",.,"A",.,"A"
"20154","03278811",21,0,"1",1040,"D",130,"D",.,"A",325,"D",0,"D",.,"A",.,"A",910,"D",0,"D",20,"D",260,"D",.,"A",.,"A"
"20154","03278821",27,0,"1",2600,"D",182,"D",.,"A",650,"D",0,"D",.,"A",.,"A",2418,"D",150,"D",.,"A",.,"A",.,"A",.,"A"
"20154","03278831",22,0,"1",780,"D",130,"D",.,"A",78,"D",0,"D",.,"A",.,"A",650,"D",30,"D",.,"A",.,"A",.,"A",.,"A"
"20154","03278841",15,0,"1",1300,"D",0,"D",.,"A",650,"D",0,"D",.,"A",.,"A",1300,"D",0,"D",.,"A",.,"A",.,"A",.,"A"
"20154","03278851",25,0,"1",1300,"D",195,"D",.,"A",260,"D",0,"D",.,"A",.,"A",1105,"D",60,"D",.,"A",.,"A",.,"A",.,"A"
"20154","03278861",28,0,"1",3250,"D",0,"D",.,"A",650,"D",0,"D",.,"A",.,"A",3250,"D",0,"D",.,"A",.,"A",.,"A",.,"A"
"20154","03278901",16,0,"1",2600,"D",650,"D",.,"A",975,"D",0,"D",.,"A",.,"A",1950,"D",30,"D",.,"A",.,"A",.,"A",.,"A"
"20154","03278923",21,0,"1",1430,"D",130,"D",.,"A",455,"D",0,"D",.,"A",.,"A",1300,"D",60,"D",.,"A",.,"A",.,"A",.,"A"
"20154","03278941",16,0,"1",3250,"D",325,"D",.,"A",1300,"D",0,"D",.,"A",.,"A",2925,"D",0,"D",.,"A",.,"A",.,"A",.,"A"
"20154","03278951",23,0,"1",390,"D",65,"D",260,"D",780,"D",0,"D",.,"A",.,"A",325,"D",0,"D",.,"A",.,"A",.,"A",.,"A"
"20154","03278963",22,0,"1",650,"D",65,"D",130,"D",650,"D",0,"D",.,"A",.,"A",585,"D",0,"D",.,"A",.,"A",.,"A",.,"A"
"20154","03278971",53,0,"1",520,"D",130,"D",260,"D",260,"D",90,"D",.,"A",.,"A",390,"D",60,"D",.,"A",.,"A",.,"A",.,"A"
"20154","03278991",28,0,"1",2340,"D",234,"D",.,"A",130,"D",0,"D",.,"A",.,"A",2106,"D",0,"D",.,"A",.,"A",.,"A",.,"A"
"20154","03279021",43,0,"1",3250,"D",1625,"D",.,"A",520,"D",0,"D",.,"A",.,"A",1625,"D",0,"D",30,"D",390,"D",.,"A",.,"A"
"20154","03279051",28,0,"1",1300,"D",130,"D",.,"A",520,"D",0,"D",.,"A",.,"A",1170,"D",0,"D",.,"A",.,"A",.,"A",.,"A"
"20154","03279063",18,0,"1",650,"D",130,"D",.,"A",0,"D",0,"D",.,"A",.,"A",520,"D",0,"D",.,"A",.,"A",.,"A",.,"A"
"20154","03279081",29,0,"1",0,"D",.,"A",1755,"D",260,"D",0,"D",.,"A",252,"D",0,"D",0,"D",15,"D",195,"D",.,"A",.,"A"
"20154","03279121",15,0,"1",585,"D",65,"D",195,"D",65,"D",0,"D",.,"A",.,"A",520,"D",144,"D",2,"D",26,"D",.,"A",.,"A"
"20154","03279134",14,0,"1",1690,"D",325,"D",.,"A",260,"D",0,"D",.,"A",.,"A",1365,"D",0,"D",.,"A",.,"A",.,"A",.,"A"
"20154","03279141",28,0,"1",1755,"D",455,"D",.,"A",0,"D",0,"D",.,"A",.,"A",1300,"D",0,"D",.,"A",.,"A",.,"A",.,"A"
"20154","03279161",18,0,"1",1950,"D",650,"D",260,"D",0,"D",0,"D",.,"A",.,"A",1300,"D",0,"D",.,"A",.,"A",.,"A",.,"A"
"20154","03279181",52,0,"1",1560,"D",260,"D",.,"A",325,"D",0,"D",.,"A",.,"A",1300,"D",0,"D",.,"A",.,"A",.,"A",.,"A"
"20154","03279205",36,0,"1",2080,"D",520,"D",455,"D",390,"D",0,"D",.,"A",.,"A",1560,"D",0,"D",45,"D",585,"D",.,"A",.,"A"
"20154","03279221",14,0,"1",1625,"D",143,"D",.,"A",0,"D",0,"D",.,"A",.,"A",1482,"D",0,"D",12,"D",156,"D",.,"A",.,"A"
"20154","03279231",24,0,"1",975,"D",195,"D",.,"A",130,"D",6,"D",.,"A",.,"A",780,"D",6,"D",.,"A",.,"A",.,"A",.,"A"
"20154","03279241",30,0,"1",3120,"D",1040,"D",.,"A",1560,"D",120,"D",.,"A",.,"A",2080,"D",0,"D",.,"A",.,"A",.,"A",.,"A"
"20154","03279251",17,0,"1",1625,"D",325,"D",.,"A",130,"D",0,"D",.,"A",.,"A",1300,"D",0,"D",7,"D",91,"D",.,"A",.,"A"
"20154","03279261",41,0,"1",2925,"D",494,"D",78,"D",325,"D",0,"D",.,"A",.,"A",2431,"D",30,"D",60,"D",780,"D",.,"A",.,"A"
"20154","03279271",24,0,"1",1300,"D",520,"D",.,"A",1300,"D",0,"D",.,"A",.,"A",780,"D",0,"D",.,"A",.,"A",.,"A",.,"A"
"20154","03279281",36,0,"1",1625,"D",325,"D",.,"A",325,"D",0,"D",.,"A",360,"D",1300,"D",0,"D",.,"A",.,"A",.,"A",.,"A"
"20154","03279301",21,0,"1",975,"D",325,"D",.,"A",260,"D",0,"D",.,"A",.,"A",650,"D",0,"D",.,"A",.,"A",.,"A",.,"A"
"20154","03279311",17,0,"1",2860,"D",260,"D",.,"A",1560,"D",0,"D",.,"A",.,"A",2600,"D",0,"D",.,"A",.,"A",.,"A",.,"A"
"20154","03279331",20,0,"1",1755,"D",130,"D",260,"D",0,"D",0,"D",.,"A",168,"D",1625,"D",0,"D",.,"A",.,"A",.,"A",.,"A"
"20154","03279401",19,0,"1",780,"D",130,"D",.,"A",130,"D",0,"D",.,"A",.,"A",650,"D",0,"D",.,"A",.,"A",.,"A",.,"A"
"20154","03279412",17,0,"1",650,"D",325,"D",.,"A",130,"D",0,"D",.,"A",.,"A",325,"D",0,"D",.,"A",.,"A",.,"A",.,"A"
"20154","03279421",24,0,"1",1300,"D",260,"D",.,"A",390,"D",0,"D",.,"A",.,"A",1040,"D",0,"D",.,"A",.,"A",.,"A",.,"A"
"20154","03279431",14,0,"1",1549,"F",.,"A",.,"A",870,"F",175,"F",.,"A",.,"A",1261,"F",191,"F",.,"A",.,"A",.,"A",.,"A"
"20154","03279441",48,0,"1",1300,"D",195,"D",.,"A",1040,"D",0,"D",.,"A",.,"A",1105,"D",75,"D",.,"A",.,"A",.,"A",.,"A"
"20154","03279453",25,0,"1",1300,"D",260,"D",65,"D",650,"D",60,"D",.,"A",.,"A",1040,"D",300,"D",.,"A",.,"A",.,"A",.,"A"
"20154","03279471",43,0,"1",1625,"D",390,"D",.,"A",0,"D",0,"D",.,"A",.,"A",1235,"D",300,"D",.,"A",.,"A",.,"A",.,"A"
"20154","03279491",53,0,"1",2600,"D",260,"D",.,"A",650,"D",0,"D",.,"A",.,"A",2340,"D",0,"D",.,"A",.,"A",.,"A",.,"A"
"20154","03279501",34,0,"1",3250,"D",650,"D",1300,"D",3900,"D",0,"D",.,"A",.,"A",2600,"D",120,"D",.,"A",.,"A",.,"A",.,"A"
"20154","03279531",38,0,"1",390,"D",65,"D",.,"A",0,"D",0,"D",.,"A",.,"A",325,"D",0,"D",.,"A",.,"A",78,"D",6,"D"
"20154","03279543",15,0,"1",650,"D",325,"D",.,"A",260,"D",45,"D",.,"A",.,"A",325,"D",30,"D",.,"A",.,"A",.,"A",.,"A"
"20154","03279561",19,0,"1",650,"D",650,"D",.,"A",0,"D",0,"D",.,"A",.,"A",0,"D",60,"D",.,"A",.,"A",.,"A",.,"A"
"20154","03279571",14,0,"1",455,"D",0,"D",.,"A",321,"F",0,"D",.,"A",.,"A",455,"D",0,"D",.,"A",.,"A",130,"D",10,"D"
"20154","03279581",27,0,"1",1300,"D",182,"D",.,"A",260,"D",0,"D",.,"A",.,"A",1118,"D",0,"D",.,"A",.,"A",.,"A",.,"A"
"20154","03279611",47,0,"1",975,"D",325,"D",325,"D",1300,"D",120,"D",.,"A",.,"A",650,"D",300,"D",5,"D",65,"D",.,"A",.,"A"
"20154","03279631",8,0,"1",585,"D",0,"D",.,"A",0,"D",0,"D",.,"A",.,"A",585,"D",0,"D",3,"D",39,"D",.,"A",.,"A"
"20154","03279651",34,0,"1",2600,"D",260,"D",650,"D",65,"D",0,"D",.,"A",.,"A",2340,"D",180,"D",.,"A",.,"A",.,"A",.,"A"
"20154","03279661",37,0,"1",1560,"D",260,"D",78,"D",780,"D",120,"D",.,"A",.,"A",1300,"D",90,"D",.,"A",.,"A",.,"A",.,"A"
"20154","03279673",6,0,"1",884,"F",.,"A",.,"A",390,"D",135,"D",.,"A",.,"A",699,"F",60,"D",25,"D",325,"D",.,"A",.,"A"
"20154","03279701",45,0,"1",1950,"D",390,"D",.,"A",1040,"D",0,"D",.,"A",.,"A",1560,"D",0,"D",.,"A",.,"A",.,"A",.,"A"
"20154","03279721",31,0,"1",650,"D",130,"D",195,"D",0,"D",0,"D",.,"A",.,"A",520,"D",0,"D",.,"A",.,"A",.,"A",.,"A"
"20154","03279751",27,0,"1",455,"D",0,"D",.,"A",325,"D",0,"D",.,"A",.,"A",455,"D",0,"D",.,"A",.,"A",.,"A",.,"A"
"20154","03279763",10,0,"1",910,"D",260,"D",.,"A",455,"D",0,"D",.,"A",.,"A",650,"D",0,"D",10,"D",130,"D",.,"A",.,"A"
"20154","03279771",26,0,"1",1430,"D",390,"D",.,"A",520,"D",0,"D",.,"A",.,"A",1040,"D",48,"D",.,"A",.,"A",.,"A",.,"A"
"20154","03279781",30,0,"1",1690,"D",130,"D",195,"D",1300,"D",450,"D",.,"A",.,"A",1560,"D",300,"D",.,"A",.,"A",.,"A",.,"A"
"20154","03279801",20,0,"1",455,"D",0,"D",130,"D",195,"D",0,"D",.,"A",.,"A",455,"D",0,"D",.,"A",.,"A",.,"A",.,"A"
"20154","03279823",9,0,"1",650,"D",207,"F",.,"A",416,"F",6,"D",.,"A",.,"A",723,"F",6,"D",.,"A",.,"A",.,"A",.,"A"
"20154","03279831",24,0,"1",780,"D",130,"D",.,"A",650,"D",60,"D",.,"A",.,"A",650,"D",102,"D",15,"D",195,"D",130,"D",10,"D"
"20154","03279841",26,0,"1",3250,"D",390,"D",.,"A",2600,"D",0,"D",.,"A",.,"A",2860,"D",0,"D",.,"A",.,"A",.,"A",.,"A"
"20154","03279854",15,0,"1",650,"D",195,"D",.,"A",650,"D",0,"D",.,"A",.,"A",455,"D",0,"D",.,"A",.,"A",.,"A",.,"A"
"20154","03279881",17,0,"1",650,"D",130,"D",.,"A",0,"D",0,"D",.,"A",.,"A",520,"D",0,"D",.,"A",.,"A",.,"A",.,"A"
"20154","03279891",56,0,"1",520,"D",130,"D",39,"D",195,"D",0,"D",.,"A",36,"D",390,"D",0,"D",.,"A",.,"A",.,"A",.,"A"
"20154","03279901",13,0,"1",1549,"F",.,"A",.,"A",870,"F",175,"F",.,"A",.,"A",1261,"F",191,"F",.,"A",.,"A",.,"A",.,"A"
"20154","03279911",24,0,"1",1040,"D",260,"D",.,"A",0,"D",0,"D",.,"A",.,"A",780,"D",60,"D",.,"A",.,"A",.,"A",.,"A"
"20154","03279931",47,0,"1",1625,"D",130,"D",.,"A",130,"D",0,"D",.,"A",.,"A",1495,"D",96,"D",.,"A",.,"A",.,"A",.,"A"
"20154","03279941",26,0,"1",1625,"D",260,"D",.,"A",390,"D",0,"D",.,"A",.,"A",1365,"D",0,"D",.,"A",.,"A",.,"A",.,"A"
"20154","03279971",30,0,"1",3250,"D",0,"D",.,"A",1300,"D",0,"D",.,"A",.,"A",3250,"D",0,"D",100,"D",1300,"D",.,"A",.,"A"
"20154","03279981",20,0,"1",910,"D",260,"D",.,"A",520,"D",120,"D",.,"A",.,"A",650,"D",120,"D",.,"A",.,"A",.,"A",.,"A"
"20154","03280001",23,0,"1",650,"D",130,"D",.,"A",650,"D",30,"D",.,"A",.,"A",520,"D",150,"D",.,"A",.,"A",.,"A",.,"A"
"20154","03280061",34,0,"1",3900,"D",650,"D",.,"A",1300,"D",0,"D",.,"A",.,"A",3250,"D",0,"D",.,"A",.,"A",.,"A",.,"A"
"20154","03280073",8,0,"1",0,"D",.,"A",.,"A",325,"D",135,"D",.,"A",.,"A",0,"D",60,"D",.,"A",.,"A",.,"A",.,"A"
"20154","03280131",21,0,"1",650,"D",130,"D",.,"A",0,"D",0,"D",.,"A",.,"A",520,"D",0,"D",16,"D",208,"D",.,"A",.,"A"
"20154","03280165",23,0,"1",1300,"D",520,"D",.,"A",0,"D",0,"D",.,"A",.,"A",780,"D",120,"D",.,"A",.,"A",.,"A",.,"A"
"20154","03280171",26,0,"1",780,"D",0,"D",.,"A",0,"D",6,"D",.,"A",.,"A",780,"D",6,"D",.,"A",.,"A",.,"A",.,"A"
"20154","03280181",29,0,"1",2275,"D",260,"D",260,"D",260,"D",0,"D",.,"A",.,"A",2015,"D",90,"D",.,"A",.,"A",.,"A",.,"A"
"20154","03280201",24,0,"1",1300,"D",325,"D",.,"A",156,"D",0,"D",.,"A",.,"A",975,"D",0,"D",.,"A",.,"A",.,"A",.,"A"
"20154","03280251",32,0,"1",650,"D",195,"D",65,"D",65,"D",0,"D",.,"A",.,"A",455,"D",180,"D",10,"D",130,"D",.,"A",.,"A"
"20154","03280271",39,0,"1",1690,"D",390,"D",.,"A",0,"D",0,"D",.,"A",.,"A",1300,"D",120,"D",.,"A",.,"A",.,"A",.,"A"
"20154","03280291",13,0,"1",650,"D",65,"D",.,"A",390,"D",0,"D",.,"A",.,"A",585,"D",30,"D",7,"D",91,"D",.,"A",.,"A"
"20154","03280301",48,0,"1",1300,"D",325,"D",.,"A",975,"D",75,"D",.,"A",.,"A",975,"D",9,"D",.,"A",.,"A",.,"A",.,"A"
"20154","03280321",20,0,"1",966,"F",.,"A",307,"F",522,"F",187,"F",.,"A",.,"A",765,"F",114,"F",.,"A",.,"A",.,"A",.,"A"
"20154","03280351",15,0,"1",390,"D",0,"D",.,"A",0,"D",0,"D",.,"A",.,"A",390,"D",75,"D",.,"A",.,"A",.,"A",.,"A"
"20154","03280361",33,0,"1",1950,"D",650,"D",.,"A",2600,"D",0,"D",.,"A",200,"D",1300,"D",0,"D",.,"A",.,"A",.,"A",.,"A"
"20154","03280371",27,0,"1",1950,"D",650,"D",.,"A",1950,"D",60,"D",.,"A",.,"A",1300,"D",150,"D",50,"D",650,"D",.,"A",.,"A"
"20154","03280391",35,0,"1",936,"D",445,"F",.,"A",598,"D",0,"D",.,"A",.,"A",1820,"F",0,"D",.,"A",.,"A",.,"A",.,"A"
"20154","03280401",19,0,"1",650,"D",0,"D",.,"A",0,"D",0,"D",.,"A",.,"A",650,"D",0,"D",.,"A",.,"A",.,"A",.,"A"
"20154","03280431",55,0,"1",3250,"D",975,"D",.,"A",1300,"D",150,"D",.,"A",.,"A",2275,"D",150,"D",.,"A",.,"A",.,"A",.,"A"
"20154","03280453",32,0,"1",1950,"D",520,"D",.,"A",520,"D",0,"D",.,"A",.,"A",1430,"D",0,"D",30,"D",390,"D",.,"A",.,"A"
"20154","03280461",25,0,"1",1495,"D",520,"D",.,"A",0,"D",0,"D",.,"A",.,"A",975,"D",0,"D",.,"A",.,"A",.,"A",.,"A"
"20154","03280473",7,0,"1",650,"D",130,"D",.,"A",0,"D",0,"D",.,"A",.,"A",520,"D",0,"D",12,"D",156,"D",.,"A",.,"A"
"20154","03280481",50,0,"1",1300,"D",195,"D",650,"D",1300,"D",120,"D",.,"A",.,"A",1105,"D",150,"D",.,"A",.,"A",325,"D",25,"D"
"20154","03280511",32,0,"1",650,"D",195,"D",.,"A",520,"D",450,"D",.,"A",.,"A",455,"D",150,"D",3,"D",39,"D",0,"D",0,"D"
"20154","03280531",27,0,"1",1430,"D",260,"D",.,"A",390,"D",0,"D",.,"A",.,"A",1170,"D",0,"D",.,"A",.,"A",.,"A",.,"A"
"20154","03280551",15,0,"1",780,"D",130,"D",65,"D",325,"D",60,"D",.,"A",.,"A",650,"D",0,"D",.,"A",.,"A",.,"A",.,"A"
"20154","03280571",24,0,"1",650,"D",390,"D",.,"A",1040,"D",600,"D",.,"A",.,"A",260,"D",300,"D",.,"A",.,"A",.,"A",.,"A"
"20154","03280601",28,0,"1",1625,"D",325,"D",.,"A",260,"D",15,"D",.,"A",.,"A",1300,"D",0,"D",.,"A",.,"A",.,"A",.,"A"
"20154","03280621",36,0,"1",1950,"D",520,"D",260,"D",1560,"D",60,"D",.,"A",.,"A",1430,"D",120,"D",.,"A",.,"A",.,"A",.,"A"
"20154","03280661",32,0,"1",3900,"D",1300,"D",.,"A",780,"D",0,"D",.,"A",60,"D",2600,"D",0,"D",.,"A",.,"A",.,"A",.,"A"
"20154","03280671",15,0,"1",1040,"D",65,"D",.,"A",260,"D",0,"D",.,"A",.,"A",975,"D",0,"D",.,"A",.,"A",.,"A",.,"A"
"20154","03280701",20,0,"1",2271,"F",.,"A",.,"A",744,"F",139,"F",.,"A",.,"A",1879,"F",160,"F",.,"A",.,"A",.,"A",.,"A"
"20154","03280731",30,0,"1",3900,"D",0,"D",.,"A",2600,"D",139,"F",.,"A",.,"A",3900,"D",160,"F",.,"A",.,"A",.,"A",.,"A"
"20154","03280741",23,0,"1",650,"D",130,"D",260,"D",0,"D",0,"D",.,"A",.,"A",520,"D",0,"D",.,"A",.,"A",.,"A",.,"A"
"20154","03280761",18,0,"1",1625,"D",91,"D",.,"A",0,"D",0,"D",.,"A",.,"A",1534,"D",0,"D",.,"A",.,"A",.,"A",.,"A"
"20154","03280781",40,0,"1",1950,"D",780,"D",.,"A",650,"D",600,"D",1300,"D",.,"A",1170,"D",600,"D",20,"D",260,"D",.,"A",.,"A"
"20154","03280792",16,0,"1",325,"D",65,"D",.,"A",130,"D",0,"D",.,"A",.,"A",260,"D",0,"D",.,"A",.,"A",.,"A",.,"A"
"20154","03280801",22,0,"1",2275,"D",390,"D",.,"A",975,"D",0,"D",.,"A",.,"A",1885,"D",0,"D",.,"A",.,"A",.,"A",.,"A"
"20154","03280821",31,0,"1",260,"D",0,"D",.,"A",650,"D",0,"D",.,"A",.,"A",260,"D",0,"D",.,"A",.,"A",.,"A",.,"A"
"20154","03280841",46,0,"1",1040,"D",195,"D",.,"A",390,"D",450,"D",.,"A",.,"A",845,"D",60,"D",.,"A",.,"A",.,"A",.,"A"
"20154","03280851",25,0,"1",2145,"D",325,"D",.,"A",1300,"D",2700,"D",.,"A",.,"A",1820,"D",90,"D",.,"A",.,"A",.,"A",.,"A"
"20154","03280861",24,0,"1",1625,"D",455,"D",.,"A",260,"D",0,"D",.,"A",.,"A",1170,"D",0,"D",.,"A",.,"A",.,"A",.,"A"
"20154","03280883",17,0,"1",455,"D",130,"D",65,"D",0,"D",0,"D",.,"A",.,"A",325,"D",0,"D",4,"D",52,"D",.,"A",.,"A"
"20154","03280901",53,0,"1",3900,"D",390,"D",.,"A",1300,"D",24,"D",.,"A",250,"D",3510,"D",0,"D",.,"A",.,"A",.,"A",.,"A"
"20154","03280931",52,0,"1",975,"D",0,"D",.,"A",715,"D",0,"D",.,"A",.,"A",975,"D",90,"D",20,"D",260,"D",.,"A",.,"A"
"20154","03280941",40,0,"1",780,"D",195,"D",.,"A",520,"D",0,"D",.,"A",.,"A",585,"D",15,"D",.,"A",.,"A",.,"A",.,"A"
"20154","03280951",11,0,"1",390,"D",130,"D",26,"D",0,"D",0,"D",.,"A",.,"A",260,"D",60,"D",11,"D",143,"D",.,"A",.,"A"
"20154","03280971",23,0,"1",1459,"F",.,"A",.,"A",0,"D",0,"D",.,"A",.,"A",1152,"F",90,"D",20,"D",260,"D",.,"A",.,"A"
"20154","03280981",25,0,"1",910,"D",130,"D",390,"D",325,"D",60,"D",.,"A",.,"A",780,"D",30,"D",.,"A",.,"A",.,"A",.,"A"
"20154","03280991",20,0,"1",2600,"D",130,"D",.,"A",0,"D",0,"D",.,"A",.,"A",2470,"D",0,"D",.,"A",.,"A",39,"D",3,"D"
"20154","03281011",13,0,"1",845,"D",65,"D",.,"A",0,"D",0,"D",.,"A",.,"A",780,"D",0,"D",5,"D",65,"D",.,"A",.,"A"
"20154","03281021",24,0,"1",1625,"D",325,"D",.,"A",0,"D",0,"D",.,"A",.,"A",1300,"D",150,"D",.,"A",.,"A",.,"A",.,"A"
"20154","03281031",21,0,"1",2080,"D",195,"D",.,"A",780,"D",0,"D",.,"A",.,"A",1885,"D",0,"D",.,"A",.,"A",.,"A",.,"A"
"20154","03281051",43,0,"1",1560,"D",260,"D",.,"A",650,"D",0,"D",.,"A",.,"A",1300,"D",480,"D",35,"D",455,"D",.,"A",.,"A"
"20154","03281071",37,0,"1",1144,"D",286,"D",403,"D",0,"D",0,"D",.,"A",.,"A",858,"D",0,"D",.,"A",.,"A",.,"A",.,"A"
"20154","03281081",33,0,"1",1300,"D",203,"F",.,"A",260,"D",0,"D",.,"A",.,"A",764,"F",0,"D",.,"A",.,"A",.,"A",.,"A"
"20154","03281103",20,0,"1",260,"D",52,"D",.,"A",65,"D",0,"D",.,"A",.,"A",208,"D",0,"D",.,"A",.,"A",.,"A",.,"A"
"20154","03281111",23,0,"1",1300,"D",975,"D",.,"A",1300,"D",0,"D",.,"A",.,"A",325,"D",0,"D",.,"A",.,"A",.,"A",.,"A"
"20154","03281161",16,0,"1",1950,"D",260,"D",.,"A",0,"D",0,"D",.,"A",.,"A",1690,"D",0,"D",10,"D",130,"D",.,"A",.,"A"
"20154","03281191",32,0,"1",1300,"D",260,"D",.,"A",1300,"D",0,"D",.,"A",.,"A",1040,"D",0,"D",.,"A",.,"A",.,"A",.,"A"
"20154","03281231",10,0,"1",650,"D",65,"D",.,"A",0,"D",0,"D",.,"A",.,"A",585,"D",0,"D",.,"A",.,"A",.,"A",.,"A"
"20154","03281251",24,0,"1",1560,"D",390,"D",.,"A",390,"D",0,"D",.,"A",.,"A",1170,"D",45,"D",.,"A",.,"A",.,"A",.,"A"
"20154","03281291",37,0,"1",1560,"D",65,"D",.,"A",0,"D",0,"D",.,"A",.,"A",1495,"D",0,"D",.,"A",.,"A",.,"A",.,"A"
"20154","03281304",42,0,"1",1300,"D",130,"D",.,"A",585,"D",126,"D",.,"A",.,"A",1170,"D",72,"D",.,"A",.,"A",.,"A",.,"A"
"20154","03281311",39,0,"1",390,"D",0,"D",.,"A",390,"D",0,"D",.,"A",.,"A",390,"D",0,"D",.,"A",.,"A",.,"A",.,"A"
"20154","03281331",19,0,"1",1300,"D",325,"D",130,"D",0,"D",0,"D",.,"A",.,"A",975,"D",0,"D",.,"A",.,"A",.,"A",.,"A"
"20154","03281341",37,0,"1",1300,"D",130,"D",.,"A",650,"D",240,"D",.,"A",.,"A",1170,"D",30,"D",.,"A",.,"A",.,"A",.,"A"
"20154","03281371",34,0,"1",975,"D",130,"D",.,"A",260,"D",0,"D",.,"A",.,"A",845,"D",0,"D",.,"A",.,"A",.,"A",.,"A"
"20154","03281384",15,0,"1",1950,"D",520,"D",.,"A",260,"D",0,"D",.,"A",.,"A",1430,"D",0,"D",20,"D",260,"D",.,"A",.,"A"
"20154","03281411",87,0,"1",2600,"D",650,"D",260,"D",650,"D",180,"D",5,"D",.,"A",1950,"D",240,"D",.,"A",.,"A",.,"A",.,"A"
"20154","03281421",9,0,"1",2470,"D",401,"F",.,"A",0,"D",0,"D",.,"A",.,"A",1741,"F",0,"D",.,"A",.,"A",.,"A",.,"A"
"20154","03281441",33,0,"1",1300,"D",130,"D",260,"D",650,"D",0,"D",.,"A",.,"A",1170,"D",300,"D",66,"D",858,"D",.,"A",.,"A"
"20154","03281451",24,0,"1",1950,"D",325,"D",.,"A",390,"D",0,"D",.,"A",.,"A",1625,"D",0,"D",.,"A",.,"A",.,"A",.,"A"
"20154","03281471",31,0,"1",3250,"D",325,"D",1300,"D",650,"D",0,"D",.,"A",.,"A",2925,"D",900,"D",.,"A",.,"A",.,"A",.,"A"
"20154","03281481",10,0,"1",650,"D",130,"D",.,"A",0,"D",0,"D",.,"A",.,"A",520,"D",75,"D",12,"D",156,"D",65,"D",5,"D"
"20154","03281501",42,0,"1",2600,"D",650,"D",650,"D",260,"D",6,"D",.,"A",.,"A",1950,"D",6,"D",.,"A",.,"A",.,"A",.,"A"
"20154","03292201",55,0,"1",650,"D",130,"D",2795,"D",130,"D",24,"D",.,"A",.,"A",520,"D",600,"D",.,"A",.,"A",.,"A",.,"A"
"20154","03292211",42,0,"1",2275,"D",260,"D",.,"A",1690,"D",0,"D",.,"A",.,"A",2015,"D",105,"D",.,"A",.,"A",.,"A",.,"A"
"20154","03292221",58,0,"1",1950,"D",325,"D",.,"A",1235,"D",90,"D",.,"A",.,"A",1625,"D",0,"D",.,"A",.,"A",.,"A",.,"A"
"20154","03292261",23,0,"1",1690,"D",390,"D",195,"D",130,"D",30,"D",.,"A",.,"A",1300,"D",90,"D",.,"A",.,"A",.,"A",.,"A"
"20154","03292291",13,0,"1",325,"D",0,"D",.,"A",0,"D",0,"D",.,"A",.,"A",325,"D",0,"D",.,"A",.,"A",.,"A",.,"A"
"20154","03292325",5,0,"1",0,"D",.,"A",.,"A",0,"D",100,"F",.,"A",.,"A",0,"D",6,"D",.,"A",.,"A",.,"A",.,"A"
"20154","03292351",95,0,"1",1300,"D",0,"D",.,"A",260,"D",0,"D",.,"A",240,"D",1300,"D",0,"D",.,"A",.,"A",.,"A",.,"A"
"20154","03292363",12,0,"1",1300,"D",260,"D",.,"A",260,"D",0,"D",.,"A",.,"A",1040,"D",0,"D",.,"A",.,"A",.,"A",.,"A"
"20154","03292381",31,0,"1",1430,"D",0,"D",.,"A",260,"D",0,"D",.,"A",18,"D",1430,"D",60,"D",.,"A",.,"A",.,"A",.,"A"
"20154","03292391",34,0,"1",1950,"D",455,"D",.,"A",390,"D",0,"D",.,"A",.,"A",1495,"D",0,"D",.,"A",.,"A",.,"A",.,"A"
"20154","03292401",13,0,"1",1300,"D",130,"D",.,"A",2600,"D",0,"D",.,"A",.,"A",1170,"D",0,"D",.,"A",.,"A",.,"A",.,"A"
"20154","03292411",46,0,"1",1625,"D",390,"D",.,"A",0,"D",0,"D",585,"D",.,"A",1235,"D",0,"D",30,"D",390,"D",.,"A",.,"A"
"20154","03292421",18,0,"1",1300,"D",207,"F",.,"A",416,"F",100,"F",.,"A",.,"A",723,"F",98,"F",.,"A",.,"A",.,"A",.,"A"
"20154","03292431",11,0,"1",650,"D",130,"D",.,"A",650,"D",0,"D",.,"A",.,"A",520,"D",0,"D",.,"A",.,"A",.,"A",.,"A"
"20154","03292441",26,0,"1",650,"D",0,"D",325,"D",390,"D",0,"D",.,"A",.,"A",650,"D",0,"D",.,"A",.,"A",.,"A",.,"A"
"20154","03292453",9,0,"1",390,"D",130,"D",.,"A",0,"D",0,"D",.,"A",.,"A",260,"D",90,"D",15,"D",195,"D",130,"D",10,"D"
"20154","03292502",20,0,"1",520,"D",0,"D",.,"A",260,"D",0,"D",.,"A",.,"A",520,"D",0,"D",.,"A",.,"A",.,"A",.,"A"
"20154","03292511",13,0,"1",1560,"D",650,"D",.,"A",0,"D",0,"D",.,"A",.,"A",910,"D",0,"D",15,"D",195,"D",.,"A",.,"A"
"20154","03292521",11,0,"1",975,"D",325,"D",.,"A",585,"D",0,"D",.,"A",.,"A",650,"D",0,"D",.,"A",.,"A",.,"A",.,"A"
"20154","03292561",23,0,"1",2600,"D",130,"D",.,"A",1040,"D",0,"D",.,"A",.,"A",2470,"D",0,"D",.,"A",.,"A",.,"A",.,"A"
"20154","03292581",14,0,"1",1300,"D",353,"F",339,"F",390,"D",175,"F",324,"F",.,"A",1261,"F",105,"D",.,"A",.,"A",.,"A",.,"A"
"20154","03292641",40,0,"1",2080,"D",325,"D",.,"A",390,"D",75,"D",.,"A",130,"D",1755,"D",135,"D",.,"A",.,"A",.,"A",.,"A"
"20154","03292651",35,0,"1",2600,"D",379,"F",.,"A",1820,"D",0,"D",.,"A",.,"A",1421,"F",0,"D",.,"A",.,"A",390,"D",30,"D"
"20154","03292661",29,0,"1",1625,"D",195,"D",.,"A",234,"D",0,"D",.,"A",.,"A",1430,"D",60,"D",.,"A",.,"A",.,"A",.,"A"
"20154","03292701",32,0,"1",2860,"D",260,"D",.,"A",650,"D",150,"D",.,"A",.,"A",2600,"D",120,"D",10,"D",130,"D",.,"A",.,"A"
"20154","03292731",20,0,"1",650,"D",130,"D",.,"A",260,"D",0,"D",.,"A",.,"A",520,"D",0,"D",.,"A",.,"A",.,"A",.,"A"
"20154","03292751",28,0,"1",390,"D",0,"D",.,"A",104,"D",0,"D",.,"A",.,"A",390,"D",0,"D",.,"A",.,"A",.,"A",.,"A"
"20154","03292771",35,0,"1",1300,"D",325,"D",.,"A",195,"D",0,"D",.,"A",.,"A",975,"D",45,"D",.,"A",.,"A",.,"A",.,"A"
"20154","03292791",23,0,"1",1625,"D",325,"D",195,"D",390,"D",0,"D",.,"A",.,"A",1300,"D",0,"D",.,"A",.,"A",.,"A",.,"A"
"20154","03292801",41,0,"1",1300,"D",260,"D",.,"A",650,"D",0,"D",.,"A",.,"A",1040,"D",0,"D",.,"A",.,"A",.,"A",.,"A"
"20154","03292811",17,0,"1",1300,"D",130,"D",.,"A",650,"D",0,"D",.,"A",.,"A",1170,"D",0,"D",.,"A",.,"A",.,"A",.,"A"
"20154","03292821",9,0,"1",2065,"F",.,"A",.,"A",749,"F",139,"F",.,"A",.,"A",1741,"F",133,"F",.,"A",.,"A",.,"A",.,"A"
"20154","03292851",23,0,"1",3900,"D",650,"D",.,"A",1950,"D",0,"D",.,"A",120,"D",3250,"D",0,"D",.,"A",.,"A",.,"A",.,"A"
"20154","03292861",43,0,"1",1950,"D",975,"D",.,"A",1950,"D",60,"D",.,"A",.,"A",975,"D",75,"D",.,"A",.,"A",.,"A",.,"A"
"20154","03292871",19,0,"1",1625,"D",325,"D",260,"D",260,"D",0,"D",.,"A",.,"A",1300,"D",0,"D",.,"A",.,"A",.,"A",.,"A"
"20154","03292901",33,0,"1",780,"D",130,"D",520,"D",0,"D",0,"D",.,"A",.,"A",650,"D",45,"D",.,"A",.,"A",.,"A",.,"A"
"20154","03292921",26,0,"1",2600,"D",325,"D",.,"A",0,"D",0,"D",.,"A",.,"A",2275,"D",60,"D",60,"D",780,"D",.,"A",.,"A"
"20154","03292933",8,0,"1",520,"D",130,"D",130,"D",260,"D",60,"D",.,"A",.,"A",390,"D",3,"D",.,"A",.,"A",.,"A",.,"A"
"20154","03292941",20,0,"1",650,"D",0,"D",.,"A",520,"D",0,"D",.,"A",.,"A",650,"D",0,"D",.,"A",.,"A",.,"A",.,"A"
"20154","03292951",26,0,"1",3900,"D",1300,"D",.,"A",390,"D",0,"D",.,"A",.,"A",2600,"D",0,"D",.,"A",.,"A",.,"A",.,"A"
"20154","03292971",30,0,"1",1560,"D",650,"D",.,"A",1300,"D",0,"D",.,"A",.,"A",910,"D",0,"D",.,"A",.,"A",.,"A",.,"A"
"20154","03292991",33,0,"1",1690,"D",520,"D",.,"A",520,"D",0,"D",.,"A",180,"D",1170,"D",0,"D",.,"A",.,"A",.,"A",.,"A"
"20154","03293001",57,0,"1",1950,"D",650,"D",.,"A",1560,"D",0,"D",.,"A",.,"A",1300,"D",0,"D",.,"A",.,"A",.,"A",.,"A"
"20154","03293021",14,0,"1",650,"D",207,"F",.,"A",26,"D",0,"D",.,"A",.,"A",723,"F",0,"D",.,"A",.,"A",.,"A",.,"A"
"20154","03293031",34,0,"1",1950,"D",0,"D",.,"A",260,"D",0,"D",.,"A",.,"A",1950,"D",0,"D",.,"A",.,"A",.,"A",.,"A"
"20154","03293045",13,0,"1",900,"F",.,"A",.,"A",416,"F",100,"F",.,"A",.,"A",723,"F",98,"F",.,"A",.,"A",.,"A",.,"A"
"20154","03293051",34,0,"1",975,"D",325,"D",260,"D",195,"D",0,"D",.,"A",.,"A",650,"D",360,"D",80,"D",1040,"D",.,"A",.,"A"
"20154","03293074",48,0,"1",1443,"D",676,"D",.,"A",1677,"D",0,"D",.,"A",.,"A",767,"D",0,"D",.,"A",.,"A",.,"A",.,"A"
"20154","03293091",26,0,"1",650,"D",130,"D",.,"A",520,"D",0,"D",.,"A",.,"A",520,"D",0,"D",.,"A",.,"A",.,"A",.,"A"
"20154","03293111",54,0,"1",2600,"D",650,"D",.,"A",455,"D",0,"D",.,"A",40,"D",1950,"D",150,"D",.,"A",.,"A",.,"A",.,"A"
"20154","03293161",22,0,"1",1950,"D",650,"D",.,"A",260,"D",0,"D",.,"A",.,"A",1300,"D",0,"D",.,"A",.,"A",.,"A",.,"A"
"20154","03293171",44,0,"1",1950,"D",325,"D",325,"D",650,"D",0,"D",.,"A",.,"A",1625,"D",105,"D",.,"A",.,"A",.,"A",.,"A"
"20154","03293191",35,0,"1",1300,"D",390,"D",.,"A",650,"D",0,"D",.,"A",.,"A",910,"D",150,"D",.,"A",.,"A",.,"A",.,"A"
"20154","03293201",19,0,"1",650,"D",0,"D",.,"A",325,"D",30,"D",.,"A",.,"A",650,"D",30,"D",.,"A",.,"A",.,"A",.,"A"
"20154","03293221",25,0,"1",2600,"D",650,"D",.,"A",65,"D",0,"D",.,"A",360,"D",1950,"D",300,"D",32,"D",416,"D",.,"A",.,"A"
"20154","03293231",22,0,"1",2600,"D",260,"D",.,"A",520,"D",0,"D",.,"A",.,"A",2340,"D",75,"D",80,"D",1040,"D",.,"A",.,"A"
"20154","03293241",35,0,"1",1560,"D",0,"D",.,"A",780,"D",0,"D",.,"A",.,"A",1560,"D",0,"D",20,"D",260,"D",.,"A",.,"A"
"20154","03293271",15,0,"1",650,"D",130,"D",390,"D",520,"D",60,"D",.,"A",.,"A",520,"D",75,"D",.,"A",.,"A",.,"A",.,"A"
"20154","03293301",39,0,"1",2275,"D",390,"D",.,"A",325,"D",0,"D",.,"A",270,"D",1885,"D",36,"D",.,"A",.,"A",.,"A",.,"A"
"20154","03293311",12,0,"1",1300,"D",130,"D",.,"A",260,"D",0,"D",.,"A",.,"A",1170,"D",30,"D",.,"A",.,"A",.,"A",.,"A"
"20154","03293321",25,0,"1",1885,"D",0,"D",.,"A",260,"D",0,"D",104,"D",.,"A",1885,"D",0,"D",.,"A",.,"A",.,"A",.,"A"
"20154","03293341",14,0,"1",1950,"D",325,"D",.,"A",0,"D",0,"D",.,"A",.,"A",1625,"D",0,"D",.,"A",.,"A",.,"A",.,"A"
"20154","03293381",11,0,"1",900,"F",.,"A",.,"A",0,"D",0,"D",.,"A",.,"A",723,"F",0,"D",.,"A",.,"A",.,"A",.,"A"
"20154","03293401",31,0,"1",2600,"D",650,"D",.,"A",1625,"D",206,"F",.,"A",.,"A",1950,"D",213,"F",.,"A",.,"A",.,"A",.,"A"
"20154","03293411",41,0,"1",1950,"D",520,"D",.,"A",780,"D",30,"D",.,"A",.,"A",1430,"D",150,"D",25,"D",325,"D",.,"A",.,"A"
"20154","03293441",37,0,"1",1950,"D",325,"D",.,"A",1300,"D",300,"D",.,"A",.,"A",1625,"D",180,"D",20,"D",260,"D",.,"A",.,"A"
"20154","03293461",30,0,"1",2600,"D",650,"D",.,"A",1950,"D",75,"D",.,"A",.,"A",1950,"D",150,"D",.,"A",.,"A",.,"A",.,"A"
"20154","03293471",11,0,"1",845,"D",260,"D",.,"A",0,"D",0,"D",.,"A",.,"A",585,"D",0,"D",40,"D",520,"D",.,"A",.,"A"
"20154","03293481",12,0,"1",0,"D",.,"A",130,"D",260,"D",0,"D",.,"A",.,"A",0,"D",0,"D",.,"A",.,"A",.,"A",.,"A"
"20154","03293501",27,0,"1",910,"D",130,"D",.,"A",325,"D",0,"D",.,"A",.,"A",780,"D",0,"D",.,"A",.,"A",.,"A",.,"A"
"20154","03293521",19,0,"1",650,"D",0,"D",65,"D",0,"D",0,"D",.,"A",.,"A",650,"D",0,"D",25,"D",325,"D",.,"A",.,"A"
"20154","03293531",15,0,"1",650,"D",65,"D",.,"A",195,"D",0,"D",.,"A",.,"A",585,"D",0,"D",.,"A",.,"A",.,"A",.,"A"
"20154","03293571",12,0,"1",2535,"D",0,"D",52,"D",0,"D",0,"D",.,"A",.,"A",2535,"D",0,"D",8,"D",104,"D",.,"A",.,"A"
"20154","03293581",39,0,"1",1040,"D",0,"D",1690,"D",260,"D",0,"D",.,"A",.,"A",1040,"D",0,"D",.,"A",.,"A",.,"A",.,"A"
"20154","03293601",51,0,"1",1560,"D",260,"D",.,"A",260,"D",45,"D",.,"A",.,"A",1300,"D",45,"D",.,"A",.,"A",.,"A",.,"A"
"20154","03293611",49,0,"1",2600,"D",0,"D",.,"A",1300,"D",0,"D",.,"A",214,"F",2600,"D",0,"D",.,"A",.,"A",.,"A",.,"A"
"20154","03293661",20,0,"1",1950,"D",650,"D",.,"A",195,"D",0,"D",.,"A",360,"D",1300,"D",0,"D",50,"D",650,"D",.,"A",.,"A"
"20154","03293681",37,0,"1",2600,"D",650,"D",65,"D",1300,"D",60,"D",.,"A",.,"A",1950,"D",900,"D",.,"A",.,"A",.,"A",.,"A"
"20154","03293691",17,0,"1",3900,"D",975,"D",.,"A",7800,"D",0,"D",.,"A",.,"A",2925,"D",0,"D",.,"A",.,"A",.,"A",.,"A"
"20154","03293721",50,0,"1",390,"D",130,"D",156,"D",195,"D",0,"D",.,"A",.,"A",260,"D",0,"D",.,"A",.,"A",.,"A",.,"A"
"20154","03293731",39,0,"1",780,"D",260,"D",.,"A",260,"D",0,"D",.,"A",144,"D",520,"D",0,"D",.,"A",.,"A",.,"A",.,"A"
"20154","03293743",38,0,"1",1950,"D",975,"D",.,"A",1560,"D",120,"D",.,"A",.,"A",975,"D",105,"D",40,"D",520,"D",.,"A",.,"A"
"20154","03293751",23,0,"1",975,"D",65,"D",.,"A",325,"D",30,"D",.,"A",.,"A",910,"D",30,"D",.,"A",.,"A",.,"A",.,"A"
"20154","03293761",21,0,"1",1625,"D",156,"D",.,"A",975,"D",0,"D",.,"A",.,"A",1469,"D",0,"D",25,"D",325,"D",.,"A",.,"A"
"20154","03293801",26,0,"1",1417,"D",195,"D",26,"D",325,"D",0,"D",.,"A",.,"A",1222,"D",15,"D",.,"A",.,"A",.,"A",.,"A"
"20154","03293821",17,0,"1",650,"D",130,"D",195,"D",520,"D",0,"D",.,"A",.,"A",520,"D",0,"D",.,"A",.,"A",.,"A",.,"A"
"20154","03293851",41,0,"1",1950,"D",975,"D",.,"A",260,"D",0,"D",.,"A",.,"A",975,"D",0,"D",.,"A",.,"A",.,"A",.,"A"
"20154","03293861",30,0,"1",1950,"D",975,"D",.,"A",325,"D",0,"D",.,"A",.,"A",975,"D",150,"D",.,"A",.,"A",.,"A",.,"A"
"20154","03293881",43,0,"1",3250,"D",260,"D",.,"A",0,"D",0,"D",.,"A",.,"A",2990,"D",300,"D",.,"A",.,"A",.,"A",.,"A"
"20154","03293891",10,0,"1",650,"D",169,"F",.,"A",0,"D",0,"D",.,"A",.,"A",633,"F",0,"D",.,"A",.,"A",.,"A",.,"A"
"20154","03293901",36,0,"1",1300,"D",390,"D",.,"A",910,"D",0,"D",.,"A",.,"A",910,"D",90,"D",.,"A",.,"A",.,"A",.,"A"
"20154","03293913",6,0,"1",1950,"D",207,"F",.,"A",416,"F",100,"F",.,"A",.,"A",723,"F",98,"F",.,"A",.,"A",.,"A",.,"A"
"20154","03293923",8,0,"1",0,"D",.,"A",.,"A",0,"D",0,"D",.,"A",.,"A",0,"D",0,"D",.,"A",.,"A",.,"A",.,"A"
"20154","03293941",26,0,"1",5200,"D",0,"D",.,"A",1950,"D",0,"D",.,"A",.,"A",5200,"D",0,"D",.,"A",.,"A",.,"A",.,"A"
"20154","03293951",22,0,"1",1300,"D",130,"D",130,"D",130,"D",0,"D",.,"A",.,"A",1170,"D",0,"D",40,"D",520,"D",.,"A",.,"A"
"20154","03293971",16,0,"1",910,"D",260,"D",.,"A",260,"D",0,"D",.,"A",.,"A",650,"D",0,"D",.,"A",.,"A",.,"A",.,"A"
"20154","03293981",21,0,"1",2275,"D",325,"D",.,"A",520,"D",0,"D",.,"A",.,"A",1950,"D",90,"D",.,"A",.,"A",.,"A",.,"A"
"20154","03293991",17,0,"1",910,"D",130,"D",.,"A",260,"D",90,"D",.,"A",.,"A",780,"D",90,"D",10,"D",130,"D",.,"A",.,"A"
"20154","03294012",21,0,"1",1820,"D",325,"D",.,"A",260,"D",0,"D",.,"A",.,"A",1495,"D",0,"D",.,"A",.,"A",.,"A",.,"A"
"20154","03294021",16,0,"1",715,"D",0,"D",.,"A",325,"D",0,"D",.,"A",.,"A",715,"D",0,"D",100,"D",1300,"D",.,"A",.,"A"
"20154","03294031",33,0,"1",650,"D",130,"D",176,"F",0,"D",0,"D",.,"A",.,"A",520,"D",0,"D",.,"A",.,"A",.,"A",.,"A"
"20154","03294051",12,0,"1",975,"D",260,"D",325,"D",0,"D",60,"D",.,"A",.,"A",715,"D",60,"D",.,"A",.,"A",.,"A",.,"A"
"20154","03294071",41,0,"1",650,"D",130,"D",.,"A",260,"D",90,"D",.,"A",.,"A",520,"D",90,"D",.,"A",.,"A",.,"A",.,"A"
"20154","03294091",36,0,"1",910,"D",130,"D",.,"A",1300,"D",300,"D",.,"A",.,"A",780,"D",120,"D",.,"A",.,"A",.,"A",.,"A"
"20154","03294111",27,0,"1",1625,"D",260,"D",.,"A",650,"D",0,"D",.,"A",.,"A",1365,"D",0,"D",.,"A",.,"A",.,"A",.,"A"
"20154","03294141",17,0,"1",416,"D",208,"D",.,"A",195,"D",0,"D",.,"A",.,"A",208,"D",45,"D",.,"A",.,"A",.,"A",.,"A"
"20154","03294151",19,0,"1",1549,"F",.,"A",.,"A",0,"D",0,"D",.,"A",.,"A",1261,"F",0,"D",.,"A",.,"A",.,"A",.,"A"
"20154","03294161",22,0,"1",1690,"D",260,"D",.,"A",260,"D",0,"D",.,"A",.,"A",1430,"D",21,"D",.,"A",.,"A",.,"A",.,"A"
"20154","03294171",15,0,"1",260,"D",65,"D",.,"A",0,"D",0,"D",.,"A",.,"A",195,"D",240,"D",15,"D",195,"D",.,"A",.,"A"
"20154","03294191",23,0,"1",3250,"D",650,"D",.,"A",0,"D",0,"D",.,"A",.,"A",2600,"D",60,"D",.,"A",.,"A",.,"A",.,"A"
"20154","03294201",35,0,"1",2600,"D",260,"D",.,"A",2600,"D",0,"D",325,"D",260,"D",2340,"D",150,"D",.,"A",.,"A",.,"A",.,"A"
"20154","03294221",27,0,"1",1300,"D",130,"D",.,"A",650,"D",0,"D",.,"A",.,"A",1170,"D",0,"D",.,"A",.,"A",.,"A",.,"A"
"20154","03294231",19,0,"1",1300,"D",780,"D",130,"D",91,"D",0,"D",.,"A",.,"A",520,"D",0,"D",.,"A",.,"A",.,"A",.,"A"
"20154","03294261",24,0,"1",1950,"D",390,"D",195,"D",390,"D",0,"D",.,"A",.,"A",1560,"D",60,"D",.,"A",.,"A",.,"A",.,"A"
"20154","03294273",32,0,"1",1040,"D",260,"D",.,"A",1170,"D",90,"D",.,"A",.,"A",780,"D",60,"D",.,"A",.,"A",.,"A",.,"A"
"20154","03294291",59,0,"1",520,"D",130,"D",130,"D",0,"D",0,"D",.,"A",.,"A",390,"D",0,"D",.,"A",.,"A",.,"A",.,"A"
"20154","03294311",34,0,"1",1625,"D",325,"D",.,"A",260,"D",0,"D",.,"A",.,"A",1300,"D",0,"D",.,"A",.,"A",.,"A",.,"A"
"20154","03294331",13,0,"1",780,"D",130,"D",.,"A",0,"D",0,"D",.,"A",.,"A",650,"D",60,"D",.,"A",.,"A",.,"A",.,"A"
"20154","03294341",44,0,"1",1300,"D",260,"D",390,"D",1300,"D",300,"D",.,"A",.,"A",1040,"D",90,"D",.,"A",.,"A",.,"A",.,"A"
"20154","03294351",42,0,"1",2600,"D",260,"D",.,"A",2600,"D",90,"D",.,"A",.,"A",2340,"D",0,"D",.,"A",.,"A",.,"A",.,"A"
"20154","03294411",17,0,"1",1300,"D",260,"D",.,"A",0,"D",0,"D",.,"A",.,"A",1040,"D",30,"D",.,"A",.,"A",.,"A",.,"A"
"20154","03294441",24,0,"1",2275,"D",260,"D",.,"A",260,"D",0,"D",.,"A",.,"A",2015,"D",0,"D",.,"A",.,"A",195,"D",15,"D"
"20154","03294451",32,0,"1",715,"D",0,"D",195,"D",520,"D",0,"D",.,"A",.,"A",715,"D",45,"D",.,"A",.,"A",.,"A",.,"A"
"20154","03294481",48,0,"1",2275,"D",390,"D",.,"A",520,"D",0,"D",.,"A",.,"A",1885,"D",0,"D",.,"A",.,"A",260,"D",20,"D"
"20154","03294511",11,0,"1",650,"D",130,"D",.,"A",325,"D",0,"D",.,"A",.,"A",520,"D",0,"D",.,"A",.,"A",.,"A",.,"A"
"20154","03294531",37,0,"1",2756,"D",390,"D",.,"A",0,"D",0,"D",.,"A",.,"A",2366,"D",15,"D",.,"A",.,"A",.,"A",.,"A"
"20154","03294541",13,0,"1",130,"D",65,"D",.,"A",1300,"D",0,"D",.,"A",.,"A",65,"D",0,"D",.,"A",.,"A",.,"A",.,"A"
"20154","03294551",38,0,"1",1690,"D",195,"D",.,"A",780,"D",0,"D",.,"A",.,"A",1495,"D",30,"D",42,"D",546,"D",.,"A",.,"A"
"20154","03294561",23,0,"1",1690,"D",390,"D",.,"A",1300,"D",600,"D",.,"A",.,"A",1300,"D",90,"D",.,"A",.,"A",.,"A",.,"A"
"20154","03294601",18,0,"1",650,"D",65,"D",650,"D",260,"D",0,"D",.,"A",.,"A",585,"D",0,"D",70,"D",910,"D",.,"A",.,"A"
"20154","03294611",25,0,"1",1105,"D",325,"D",.,"A",520,"D",0,"D",.,"A",.,"A",780,"D",255,"D",21,"D",273,"D",.,"A",.,"A"
"20154","03294631",23,0,"1",1950,"D",130,"D",.,"A",260,"D",0,"D",.,"A",.,"A",1820,"D",0,"D",.,"A",.,"A",.,"A",.,"A"
"20154","03294661",20,0,"1",325,"D",39,"D",130,"D",0,"D",0,"D",.,"A",.,"A",286,"D",0,"D",40,"D",520,"D",.,"A",.,"A"
"20154","03294671",9,0,"1",1040,"D",104,"D",.,"A",0,"D",0,"D",.,"A",.,"A",936,"D",0,"D",.,"A",.,"A",.,"A",.,"A"
"20154","03294681",13,0,"1",1625,"D",353,"F",.,"A",870,"F",175,"F",.,"A",.,"A",1261,"F",191,"F",.,"A",.,"A",.,"A",.,"A"
"20154","03294691",30,0,"1",1300,"D",130,"D",.,"A",195,"D",0,"D",.,"A",.,"A",1170,"D",0,"D",40,"D",520,"D",.,"A",.,"A"
"20154","03294701",21,0,"1",1300,"D",975,"D",.,"A",650,"D",0,"D",.,"A",.,"A",325,"D",0,"D",.,"A",.,"A",.,"A",.,"A"
"20154","03294751",34,0,"1",5200,"D",650,"D",.,"A",975,"D",0,"D",.,"A",.,"A",4550,"D",90,"D",.,"A",.,"A",.,"A",.,"A"
"20154","03294811",41,0,"1",910,"D",260,"D",.,"A",260,"D",0,"D",.,"A",.,"A",650,"D",0,"D",.,"A",.,"A",.,"A",.,"A"
"20154","03294842",40,0,"1",1300,"D",260,"D",260,"D",3900,"D",30,"D",.,"A",.,"A",1040,"D",45,"D",.,"A",.,"A",.,"A",.,"A"
"20154","03294853",23,0,"1",910,"D",260,"D",.,"A",390,"D",0,"D",.,"A",.,"A",650,"D",0,"D",.,"A",.,"A",260,"D",20,"D"
"20154","03294881",26,0,"1",0,"D",.,"A",.,"A",65,"D",0,"D",.,"A",.,"A",0,"D",0,"D",.,"A",.,"A",.,"A",.,"A"
"20154","03294901",40,0,"1",5200,"D",975,"D",.,"A",520,"D",0,"D",.,"A",.,"A",4225,"D",54,"D",.,"A",.,"A",.,"A",.,"A"
"20154","03294941",16,0,"1",2236,"D",0,"D",.,"A",0,"D",0,"D",.,"A",.,"A",2236,"D",0,"D",.,"A",.,"A",.,"A",.,"A"
"20154","03294954",28,0,"1",1950,"D",325,"D",.,"A",325,"D",0,"D",.,"A",.,"A",1625,"D",0,"D",.,"A",.,"A",.,"A",.,"A"
"20154","03294971",20,0,"1",1625,"D",353,"F",339,"F",870,"F",0,"D",.,"A",.,"A",1261,"F",300,"D",.,"A",.,"A",.,"A",.,"A"
"20154","03294993",22,0,"1",1549,"F",.,"A",.,"A",870,"F",175,"F",.,"A",.,"A",1261,"F",191,"F",.,"A",.,"A",.,"A",.,"A"
"20154","03295001",51,0,"1",2925,"D",585,"D",.,"A",520,"D",75,"D",.,"A",.,"A",2340,"D",150,"D",.,"A",.,"A",.,"A",.,"A"
"20154","03295021",52,0,"1",390,"D",0,"D",130,"D",2925,"D",300,"D",.,"A",.,"A",390,"D",60,"D",.,"A",.,"A",.,"A",.,"A"
"20154","03295061",20,0,"1",1300,"D",390,"D",.,"A",780,"D",6,"D",.,"A",.,"A",910,"D",60,"D",.,"A",.,"A",.,"A",.,"A"
"20154","03295071",12,0,"1",2340,"D",325,"D",.,"A",0,"D",0,"D",.,"A",.,"A",2015,"D",0,"D",.,"A",.,"A",.,"A",.,"A"
"20154","03295091",28,0,"1",1300,"D",130,"D",.,"A",0,"D",0,"D",.,"A",.,"A",1170,"D",0,"D",.,"A",.,"A",.,"A",.,"A"
"20154","03295101",42,0,"1",1300,"D",260,"D",78,"D",0,"D",0,"D",.,"A",240,"D",1040,"D",0,"D",.,"A",.,"A",.,"A",.,"A"
"20154","03295131",35,0,"1",1820,"D",520,"D",.,"A",650,"D",0,"D",.,"A",.,"A",1300,"D",0,"D",.,"A",.,"A",.,"A",.,"A"
"20154","03295171",41,0,"1",1300,"D",0,"D",.,"A",417,"F",85,"F",.,"A",.,"A",1300,"D",97,"F",.,"A",.,"A",.,"A",.,"A"
"20154","03295191",25,0,"1",1950,"D",260,"D",.,"A",0,"D",0,"D",.,"A",.,"A",1690,"D",0,"D",.,"A",.,"A",.,"A",.,"A"
"20154","03295224",37,0,"1",3900,"D",260,"D",.,"A",1300,"D",0,"D",.,"A",150,"D",3640,"D",15,"D",.,"A",.,"A",.,"A",.,"A"
"20154","03295241",29,0,"1",1950,"D",325,"D",260,"D",733,"F",177,"F",.,"A",.,"A",1625,"D",150,"D",.,"A",.,"A",.,"A",.,"A"
"20154","03295271",11,0,"1",520,"D",130,"D",.,"A",91,"D",0,"D",.,"A",.,"A",390,"D",0,"D",.,"A",.,"A",.,"A",.,"A"
"20154","03295281",26,0,"1",4550,"D",0,"D",.,"A",1300,"D",0,"D",.,"A",.,"A",4550,"D",0,"D",.,"A",.,"A",.,"A",.,"A"
"20154","03295291",19,0,"1",975,"D",260,"D",.,"A",520,"D",180,"D",.,"A",.,"A",715,"D",150,"D",.,"A",.,"A",.,"A",.,"A"
"20154","03295314",33,0,"1",2340,"D",260,"D",.,"A",520,"D",120,"D",.,"A",.,"A",2080,"D",225,"D",.,"A",.,"A",.,"A",.,"A"
"20154","03295331",9,0,"1",0,"D",.,"A",.,"A",0,"D",0,"D",.,"A",.,"A",0,"D",0,"D",.,"A",.,"A",.,"A",.,"A"
"20154","03295343",24,0,"1",650,"D",0,"D",130,"D",0,"D",0,"D",.,"A",.,"A",650,"D",225,"D",.,"A",.,"A",.,"A",.,"A"
"20154","03295361",39,0,"1",1300,"D",260,"D",390,"D",0,"D",0,"D",.,"A",.,"A",1040,"D",195,"D",.,"A",.,"A",.,"A",.,"A"
"20154","03295381",20,0,"1",325,"D",0,"D",.,"A",0,"D",0,"D",.,"A",.,"A",325,"D",0,"D",.,"A",.,"A",.,"A",.,"A"
"20154","03295421",32,0,"1",975,"D",0,"D",.,"A",0,"D",0,"D",.,"A",.,"A",975,"D",0,"D",60,"D",780,"D",.,"A",.,"A"
"20154","03295461",16,0,"1",2600,"D",650,"D",.,"A",0,"D",0,"D",.,"A",.,"A",1950,"D",0,"D",20,"D",260,"D",.,"A",.,"A"
"20154","03295491",43,0,"1",1755,"D",260,"D",.,"A",0,"D",0,"D",.,"A",.,"A",1495,"D",0,"D",.,"A",.,"A",.,"A",.,"A"
"20154","03295503",15,0,"1",1625,"D",91,"D",.,"A",260,"D",0,"D",.,"A",.,"A",1534,"D",0,"D",.,"A",.,"A",.,"A",.,"A"
"20154","03295511",70,0,"1",2600,"D",0,"D",.,"A",1300,"D",150,"D",.,"A",.,"A",2600,"D",0,"D",.,"A",.,"A",.,"A",.,"A"
"20154","03295522",9,0,"1",2600,"D",0,"D",.,"A",0,"D",0,"D",.,"A",.,"A",2600,"D",0,"D",.,"A",.,"A",.,"A",.,"A"
"20154","03295551",29,0,"1",1950,"D",650,"D",.,"A",2600,"D",300,"D",.,"A",.,"A",1300,"D",450,"D",.,"A",.,"A",.,"A",.,"A"
"20154","03295584",38,0,"1",780,"D",156,"D",130,"D",325,"D",0,"D",.,"A",.,"A",624,"D",0,"D",.,"A",.,"A",.,"A",.,"A"
"20154","03295601",46,0,"1",1950,"D",195,"D",.,"A",585,"D",0,"D",.,"A",.,"A",1755,"D",150,"D",.,"A",.,"A",.,"A",.,"A"
"20154","03295621",28,0,"1",910,"D",260,"D",.,"A",260,"D",0,"D",.,"A",.,"A",650,"D",15,"D",.,"A",.,"A",.,"A",.,"A"
"20154","03295641",29,0,"1",2210,"D",520,"D",455,"D",325,"D",0,"D",.,"A",.,"A",1690,"D",60,"D",.,"A",.,"A",.,"A",.,"A"
"20154","03295651",31,0,"1",1690,"D",195,"D",.,"A",390,"D",0,"D",.,"A",.,"A",1495,"D",90,"D",.,"A",.,"A",.,"A",.,"A"
"20154","03295671",15,0,"1",1040,"D",260,"D",.,"A",650,"D",0,"D",.,"A",.,"A",780,"D",0,"D",.,"A",.,"A",.,"A",.,"A"
"20154","03295681",11,0,"1",1300,"D",260,"D",130,"D",130,"D",0,"D",.,"A",.,"A",1040,"D",0,"D",.,"A",.,"A",.,"A",.,"A"
"20154","03295691",69,0,"1",1950,"D",0,"D",.,"A",1560,"D",420,"D",.,"A",.,"A",1950,"D",300,"D",.,"A",.,"A",.,"A",.,"A"
"20154","03295701",16,0,"1",1300,"D",195,"D",.,"A",0,"D",0,"D",.,"A",.,"A",1105,"D",0,"D",.,"A",.,"A",.,"A",.,"A"
"20154","03295712",11,0,"1",2600,"D",390,"D",.,"A",749,"F",0,"D",.,"A",.,"A",2210,"D",0,"D",.,"A",.,"A",.,"A",.,"A"
"20154","03295731",44,0,"1",1950,"D",325,"D",.,"A",1560,"D",300,"D",.,"A",.,"A",1625,"D",90,"D",.,"A",.,"A",65,"D",5,"D"
"20154","03295741",53,0,"1",650,"D",130,"D",.,"A",520,"D",90,"D",.,"A",.,"A",520,"D",24,"D",.,"A",.,"A",.,"A",.,"A"
"20154","03295751",27,0,"1",1300,"D",325,"D",.,"A",312,"D",0,"D",.,"A",.,"A",975,"D",0,"D",.,"A",.,"A",.,"A",.,"A"
"20154","03295761",16,0,"1",520,"D",0,"D",195,"D",260,"D",0,"D",.,"A",.,"A",520,"D",0,"D",15,"D",195,"D",.,"A",.,"A"
"20154","03295771",19,0,"1",312,"D",207,"F",.,"A",0,"D",0,"D",.,"A",.,"A",723,"F",0,"D",.,"A",.,"A",.,"A",.,"A"
"20154","03295781",20,0,"1",1105,"D",271,"F",.,"A",0,"D",0,"D",.,"A",.,"A",1046,"F",60,"D",.,"A",.,"A",.,"A",.,"A"
"20154","03295811",15,0,"1",520,"D",212,"F",259,"F",0,"D",85,"F",.,"A",.,"A",699,"F",97,"F",.,"A",.,"A",.,"A",.,"A"
"20154","03295831",34,0,"1",3250,"D",650,"D",.,"A",65,"D",0,"D",.,"A",.,"A",2600,"D",300,"D",20,"D",260,"D",.,"A",.,"A"
"20154","03295842",16,0,"1",390,"D",130,"D",.,"A",247,"D",0,"D",.,"A",.,"A",260,"D",0,"D",.,"A",.,"A",.,"A",.,"A"
"20154","03295871",15,0,"1",1820,"D",195,"D",.,"A",0,"D",0,"D",.,"A",.,"A",1625,"D",0,"D",.,"A",.,"A",.,"A",.,"A"
"20154","03295881",18,0,"1",390,"D",130,"D",.,"A",260,"D",300,"D",.,"A",.,"A",260,"D",120,"D",.,"A",.,"A",.,"A",.,"A"
"20154","03295891",32,0,"1",1950,"D",130,"D",390,"D",390,"D",0,"D",.,"A",.,"A",1820,"D",0,"D",84,"D",1092,"D",.,"A",.,"A"
"20154","03295901",13,0,"1",1625,"D",353,"F",.,"A",0,"D",0,"D",.,"A",.,"A",1261,"F",0,"D",.,"A",.,"A",.,"A",.,"A"
"20154","03295921",28,0,"1",1300,"D",455,"D",.,"A",650,"D",0,"D",.,"A",.,"A",845,"D",0,"D",.,"A",.,"A",.,"A",.,"A"
"20154","03295931",13,0,"1",715,"D",0,"D",.,"A",321,"F",0,"D",.,"A",.,"A",715,"D",0,"D",.,"A",.,"A",.,"A",.,"A"
"20154","03295941",16,0,"1",650,"D",130,"D",91,"D",195,"D",0,"D",.,"A",.,"A",520,"D",0,"D",.,"A",.,"A",.,"A",.,"A"
"20154","03295951",12,0,"1",1950,"D",650,"D",.,"A",650,"D",0,"D",.,"A",.,"A",1300,"D",0,"D",.,"A",.,"A",.,"A",.,"A"
"20154","03295961",43,0,"1",1300,"D",520,"D",130,"D",325,"D",150,"D",.,"A",.,"A",780,"D",180,"D",10,"D",130,"D",.,"A",.,"A"
"20154","03295971",10,0,"1",1950,"D",0,"D",.,"A",0,"D",0,"D",.,"A",.,"A",1950,"D",0,"D",.,"A",.,"A",.,"A",.,"A"
"20154","03296001",46,0,"1",1950,"D",325,"D",1300,"D",780,"D",0,"D",.,"A",.,"A",1625,"D",45,"D",.,"A",.,"A",.,"A",.,"A"
"20154","03296051",36,0,"1",3250,"D",650,"D",.,"A",1300,"D",150,"D",.,"A",.,"A",2600,"D",90,"D",.,"A",.,"A",.,"A",.,"A"
"20154","03296071",25,0,"1",1277,"F",.,"A",.,"A",130,"D",0,"D",.,"A",.,"A",1046,"F",60,"D",.,"A",.,"A",.,"A",.,"A"
"20154","03296111",21,0,"1",2600,"D",260,"D",.,"A",325,"D",15,"D",.,"A",.,"A",2340,"D",150,"D",.,"A",.,"A",.,"A",.,"A"
"20154","03296131",10,0,"1",325,"D",0,"D",176,"F",130,"D",0,"D",.,"A",.,"A",325,"D",120,"D",.,"A",.,"A",13,"D",1,"D"
"20154","03296141",11,0,"1",1560,"D",520,"D",.,"A",0,"D",0,"D",.,"A",.,"A",1040,"D",0,"D",.,"A",.,"A",.,"A",.,"A"
"20154","03296181",14,0,"1",845,"D",390,"D",.,"A",390,"D",0,"D",.,"A",.,"A",455,"D",0,"D",.,"A",.,"A",.,"A",.,"A"
"20154","03296201",36,0,"1",1950,"D",325,"D",.,"A",325,"D",0,"D",.,"A",504,"D",1625,"D",120,"D",.,"A",.,"A",.,"A",.,"A"
"20154","03296253",6,0,"1",900,"F",.,"A",.,"A",416,"F",0,"D",.,"A",.,"A",723,"F",0,"D",.,"A",.,"A",.,"A",.,"A"
"20154","03296262",19,0,"1",1300,"D",650,"D",1300,"D",650,"D",60,"D",.,"A",450,"D",650,"D",60,"D",.,"A",.,"A",.,"A",.,"A"
"20154","03296281",42,0,"1",975,"D",260,"D",.,"A",130,"D",0,"D",.,"A",.,"A",715,"D",39,"D",10,"D",130,"D",.,"A",.,"A"
"20154","03296291",18,0,"1",1625,"D",130,"D",.,"A",0,"D",0,"D",.,"A",.,"A",1495,"D",60,"D",.,"A",.,"A",.,"A",.,"A"
"20154","03296301",24,0,"1",1560,"D",195,"D",1300,"D",2600,"D",30,"D",.,"A",.,"A",1365,"D",0,"D",.,"A",.,"A",.,"A",.,"A"
"20154","03296311",16,0,"1",1300,"D",260,"D",.,"A",130,"D",0,"D",.,"A",.,"A",1040,"D",30,"D",.,"A",.,"A",.,"A",.,"A"
"20154","03296331",12,0,"1",975,"D",260,"D",325,"D",520,"D",0,"D",.,"A",.,"A",715,"D",0,"D",.,"A",.,"A",130,"D",10,"D"
"20154","03296351",50,0,"1",1300,"D",130,"D",.,"A",260,"D",300,"D",.,"A",.,"A",1170,"D",150,"D",12,"D",156,"D",.,"A",.,"A"
"20154","03296361",22,0,"1",390,"D",65,"D",.,"A",260,"D",0,"D",650,"D",.,"A",325,"D",0,"D",.,"A",.,"A",.,"A",.,"A"
"20154","03296371",24,0,"1",845,"D",195,"D",.,"A",0,"D",0,"D",.,"A",.,"A",650,"D",0,"D",.,"A",.,"A",.,"A",.,"A"
"20154","03296381",37,0,"1",1300,"D",260,"D",.,"A",260,"D",0,"D",.,"A",.,"A",1040,"D",0,"D",.,"A",.,"A",.,"A",.,"A"
"20154","03296411",22,0,"1",1170,"D",195,"D",.,"A",260,"D",0,"D",.,"A",.,"A",975,"D",15,"D",.,"A",.,"A",.,"A",.,"A"
"20154","03296431",21,0,"1",900,"F",.,"A",.,"A",416,"F",0,"D",.,"A",.,"A",723,"F",0,"D",.,"A",.,"A",.,"A",.,"A"
"20154","03296451",20,0,"1",1300,"D",650,"D",260,"D",650,"D",0,"D",.,"A",.,"A",650,"D",60,"D",.,"A",.,"A",.,"A",.,"A"
"20154","03296461",35,0,"1",650,"D",130,"D",.,"A",0,"D",0,"D",.,"A",.,"A",520,"D",0,"D",.,"A",.,"A",.,"A",.,"A"
"20154","03296471",10,0,"1",900,"F",.,"A",.,"A",416,"F",0,"D",.,"A",.,"A",723,"F",0,"D",.,"A",.,"A",.,"A",.,"A"
"20154","03296491",11,0,"1",1300,"D",390,"D",975,"D",0,"D",6,"D",.,"A",.,"A",910,"D",6,"D",.,"A",.,"A",.,"A",.,"A"
"20154","03296511",18,0,"1",1300,"D",130,"D",.,"A",390,"D",0,"D",.,"A",.,"A",1170,"D",0,"D",.,"A",.,"A",.,"A",.,"A"
"20154","03296531",9,0,"1",1300,"D",650,"D",325,"D",1300,"D",0,"D",.,"A",.,"A",650,"D",0,"D",.,"A",.,"A",.,"A",.,"A"
"20154","03296541",12,0,"1",0,"D",.,"A",.,"A",0,"D",0,"D",.,"A",.,"A",0,"D",0,"D",.,"A",.,"A",.,"A",.,"A"
"20154","03296561",23,0,"1",650,"D",0,"D",.,"A",3900,"D",0,"D",.,"A",.,"A",650,"D",0,"D",.,"A",.,"A",.,"A",.,"A"
"20154","03296571",30,0,"1",650,"D",0,"D",.,"A",325,"D",0,"D",.,"A",.,"A",650,"D",0,"D",.,"A",.,"A",.,"A",.,"A"
"20154","03296581",38,0,"1",2275,"D",0,"D",650,"D",130,"D",0,"D",.,"A",120,"D",2275,"D",0,"D",.,"A",.,"A",.,"A",.,"A"
"20154","03296601",26,0,"1",1820,"D",260,"D",.,"A",65,"D",0,"D",65,"D",40,"D",1560,"D",0,"D",.,"A",.,"A",.,"A",.,"A"
"20154","03296621",15,0,"1",975,"D",195,"D",.,"A",650,"D",30,"D",.,"A",.,"A",780,"D",90,"D",.,"A",.,"A",.,"A",.,"A"
"20154","03296631",21,0,"1",520,"D",130,"D",65,"D",260,"D",0,"D",.,"A",.,"A",390,"D",60,"D",.,"A",.,"A",.,"A",.,"A"
"20154","03296661",38,0,"1",1950,"D",325,"D",.,"A",650,"D",0,"D",.,"A",.,"A",1625,"D",0,"D",.,"A",.,"A",.,"A",.,"A"
"20154","03296681",21,0,"1",1430,"D",260,"D",.,"A",325,"D",0,"D",.,"A",.,"A",1170,"D",0,"D",.,"A",.,"A",.,"A",.,"A"
"20154","03296711",25,0,"1",520,"D",130,"D",260,"D",975,"D",300,"D",.,"A",.,"A",390,"D",0,"D",.,"A",.,"A",.,"A",.,"A"
"20154","03296731",20,0,"1",390,"D",130,"D",.,"A",195,"D",30,"D",.,"A",.,"A",260,"D",60,"D",.,"A",.,"A",.,"A",.,"A"
"20154","03296801",34,0,"1",1625,"D",325,"D",.,"A",650,"D",0,"D",.,"A",.,"A",1300,"D",300,"D",.,"C",629,"F",.,"A",.,"A"
"20154","03296811",42,0,"1",390,"D",65,"D",130,"D",260,"D",0,"D",.,"A",.,"A",325,"D",0,"D",.,"A",.,"A",.,"A",.,"A"
"20154","03296821",33,0,"1",1560,"D",390,"D",.,"A",1170,"D",0,"D",.,"A",.,"A",1170,"D",180,"D",.,"A",.,"A",.,"A",.,"A"
"20154","03296851",32,0,"1",1300,"D",0,"D",.,"A",130,"D",0,"D",.,"A",.,"A",1300,"D",225,"D",.,"A",.,"A",.,"A",.,"A"
"20154","03296871",35,0,"1",1950,"D",130,"D",.,"A",260,"D",30,"D",.,"A",.,"A",1820,"D",0,"D",.,"A",.,"A",.,"A",.,"A"
"20154","03296881",20,0,"1",3250,"D",471,"F",.,"A",650,"D",0,"D",.,"A",180,"D",1879,"F",90,"D",.,"A",.,"A",.,"A",.,"A"
"20154","03296891",19,0,"1",1300,"D",390,"D",.,"A",0,"D",0,"D",.,"A",.,"A",910,"D",0,"D",.,"A",.,"A",.,"A",.,"A"
"20154","03296901",22,0,"1",975,"D",104,"D",.,"A",1950,"D",0,"D",.,"A",.,"A",871,"D",0,"D",.,"A",.,"A",.,"A",.,"A"
"20154","03296921",25,0,"1",1950,"D",390,"D",260,"D",0,"D",0,"D",.,"A",.,"A",1560,"D",0,"D",75,"D",975,"D",65,"D",5,"D"
"20154","03296931",28,0,"1",520,"D",195,"D",.,"A",130,"D",0,"D",313,"D",.,"A",325,"D",30,"D",.,"A",.,"A",.,"A",.,"A"
"20154","03296961",20,0,"1",1950,"D",325,"D",.,"A",0,"D",0,"D",.,"A",.,"A",1625,"D",240,"D",.,"A",.,"A",.,"A",.,"A"
"20154","03296971",25,0,"1",975,"D",325,"D",.,"A",0,"D",0,"D",.,"A",.,"A",650,"D",45,"D",14,"D",182,"D",.,"A",.,"A"
"20154","03296981",10,0,"1",650,"D",650,"D",260,"D",0,"D",0,"D",.,"A",.,"A",0,"D",90,"D",30,"D",390,"D",390,"D",30,"D"
"20154","03296991",16,0,"1",520,"D",195,"D",65,"D",130,"D",0,"D",.,"A",.,"A",325,"D",0,"D",.,"A",.,"A",.,"A",.,"A"
"20154","03297003",28,0,"1",1950,"D",325,"D",.,"A",650,"D",0,"D",.,"A",.,"A",1625,"D",36,"D",.,"A",.,"A",.,"A",.,"A"
"20154","03297031",29,0,"1",5200,"D",260,"D",.,"A",0,"D",0,"D",.,"A",100,"D",4940,"D",90,"D",.,"A",.,"A",.,"A",.,"A"
"20154","03297041",10,0,"1",2847,"D",390,"D",.,"A",0,"D",0,"D",.,"A",.,"A",2457,"D",0,"D",.,"A",.,"A",.,"A",.,"A"
"20154","03297081",28,0,"1",520,"D",130,"D",195,"D",195,"D",0,"D",.,"A",.,"A",390,"D",0,"D",.,"A",.,"A",.,"A",.,"A"
"20154","03297091",19,0,"1",1300,"D",260,"D",.,"A",325,"D",6,"D",.,"A",.,"A",1040,"D",6,"D",.,"A",.,"A",.,"A",.,"A"
"20154","03297101",21,0,"1",650,"D",0,"D",.,"A",260,"D",0,"D",.,"A",.,"A",650,"D",120,"D",40,"D",520,"D",.,"A",.,"A"
"20154","03297111",28,0,"1",3250,"D",471,"F",.,"A",0,"D",139,"F",.,"A",.,"A",1879,"F",160,"F",.,"A",.,"A",.,"A",.,"A"
"20154","03297151",20,0,"1",195,"D",26,"D",195,"D",130,"D",0,"D",65,"D",.,"A",169,"D",0,"D",30,"D",390,"D",.,"A",.,"A"
"20154","03297204",21,0,"1",845,"D",169,"D",.,"A",260,"D",0,"D",.,"A",.,"A",676,"D",0,"D",.,"A",.,"A",.,"A",.,"A"
"20154","03297241",15,0,"1",1300,"D",780,"D",.,"A",0,"D",0,"D",.,"A",.,"A",520,"D",0,"D",.,"A",.,"A",.,"A",.,"A"
"20154","03297271",18,0,"1",1300,"D",650,"D",.,"A",455,"D",60,"D",.,"A",.,"A",650,"D",30,"D",.,"A",.,"A",.,"A",.,"A"
"20154","03297281",35,0,"1",975,"D",0,"D",.,"A",650,"D",0,"D",.,"A",.,"A",975,"D",0,"D",.,"A",.,"A",.,"A",.,"A"
"20154","03297291",29,0,"1",2795,"D",130,"D",.,"A",390,"D",0,"D",.,"A",.,"A",2665,"D",0,"D",.,"A",.,"A",.,"A",.,"A"
"20154","03297321",21,0,"1",1625,"D",325,"D",65,"D",0,"D",0,"D",.,"A",.,"A",1300,"D",0,"D",40,"D",520,"D",.,"A",.,"A"
"20154","03297344",42,0,"1",1625,"D",377,"D",78,"D",0,"D",0,"D",.,"A",.,"A",1248,"D",0,"D",.,"A",.,"A",.,"A",.,"A"
"20154","03297351",25,0,"1",975,"D",0,"D",.,"A",520,"D",600,"D",.,"A",.,"A",975,"D",120,"D",.,"A",.,"A",.,"A",.,"A"
"20154","03297401",25,0,"1",260,"D",0,"D",.,"A",546,"D",0,"D",.,"A",.,"A",260,"D",0,"D",.,"A",.,"A",.,"A",.,"A"
"20154","03297421",36,0,"1",2600,"D",650,"D",.,"A",975,"D",0,"D",.,"A",.,"A",1950,"D",0,"D",.,"A",.,"A",.,"A",.,"A"
"20154","03297471",12,0,"1",650,"D",78,"D",.,"A",130,"D",0,"D",.,"A",.,"A",572,"D",0,"D",.,"A",.,"A",.,"A",.,"A"
"20154","03297481",20,0,"1",1040,"D",130,"D",.,"A",0,"D",6,"D",.,"A",0,"D",910,"D",6,"D",.,"A",.,"A",.,"A",.,"A"
"20154","03297491",14,0,"1",2600,"D",0,"D",.,"A",642,"F",0,"D",.,"A",.,"A",2600,"D",0,"D",.,"A",.,"A",.,"A",.,"A"
"20154","03297511",22,0,"1",975,"D",130,"D",.,"A",390,"D",0,"D",.,"A",.,"A",845,"D",0,"D",.,"A",.,"A",.,"A",.,"A"
"20154","03297522",36,0,"1",1300,"D",260,"D",.,"A",650,"D",0,"D",.,"A",.,"A",1040,"D",0,"D",.,"A",.,"A",.,"A",.,"A"
"20154","03297531",15,0,"1",650,"D",130,"D",.,"A",0,"D",0,"D",.,"A",.,"A",520,"D",0,"D",.,"A",.,"A",.,"A",.,"A"
"20154","03297541",19,0,"1",1300,"D",130,"D",.,"A",780,"D",0,"D",.,"A",.,"A",1170,"D",0,"D",.,"A",.,"A",.,"A",.,"A"
"20154","03297551",73,0,"1",1300,"D",314,"F",455,"D",169,"D",15,"D",.,"A",.,"A",997,"F",30,"D",.,"A",.,"A",.,"A",.,"A"
"20154","03297631",16,0,"1",650,"D",0,"D",650,"D",260,"D",0,"D",.,"A",.,"A",650,"D",0,"D",.,"A",.,"A",.,"A",.,"A"
"20154","03297641",77,0,"1",3250,"D",1040,"D",130,"D",1300,"D",300,"D",.,"A",.,"A",2210,"D",240,"D",.,"A",.,"A",.,"A",.,"A"
"20154","03297661",24,0,"1",650,"D",325,"D",.,"A",156,"D",0,"D",.,"A",.,"A",325,"D",0,"D",.,"A",.,"A",.,"A",.,"A"
"20154","03297671",11,0,"1",1950,"D",325,"D",.,"A",325,"D",0,"D",.,"A",.,"A",1625,"D",0,"D",.,"A",.,"A",.,"A",.,"A"
"20154","03297701",13,0,"1",1560,"D",130,"D",.,"A",0,"D",0,"D",.,"A",.,"A",1430,"D",0,"D",.,"A",.,"A",.,"A",.,"A"
"20154","03297721",24,0,"1",1625,"D",325,"D",.,"A",650,"D",60,"D",.,"A",.,"A",1300,"D",30,"D",.,"A",.,"A",.,"A",.,"A"
"20154","03297731",30,0,"1",1300,"D",385,"F",.,"A",1300,"D",0,"D",.,"A",.,"A",1478,"F",0,"D",.,"A",.,"A",.,"A",.,"A"
"20154","03297741",20,0,"1",1690,"D",353,"F",.,"A",0,"D",0,"D",.,"A",.,"A",1261,"F",0,"D",.,"A",.,"A",.,"A",.,"A"
"20154","03297751",58,0,"1",1300,"D",130,"D",.,"A",780,"D",0,"D",.,"A",165,"D",1170,"D",0,"D",.,"A",.,"A",.,"A",.,"A"
"20154","03297771",22,0,"1",260,"D",65,"D",.,"A",130,"D",60,"D",.,"A",.,"A",195,"D",90,"D",15,"D",195,"D",.,"A",.,"A"
"20154","03297801",34,0,"1",5200,"D",390,"D",.,"A",650,"D",0,"D",.,"A",.,"A",4810,"D",0,"D",.,"A",.,"A",.,"A",.,"A"
"20154","03297821",60,0,"1",1300,"D",325,"D",.,"A",650,"D",0,"D",.,"A",240,"D",975,"D",30,"D",.,"A",.,"A",.,"A",.,"A"
"20154","03297831",48,0,"1",6500,"D",445,"F",1300,"D",260,"D",0,"D",.,"A",.,"A",1820,"F",120,"D",.,"A",.,"A",.,"A",.,"A"
"20154","03297871",6,0,"1",900,"F",.,"A",.,"A",416,"F",100,"F",.,"A",.,"A",723,"F",98,"F",.,"A",.,"A",.,"A",.,"A"
"20154","03297893",13,0,"1",1950,"D",353,"F",.,"A",870,"F",175,"F",.,"A",.,"A",1261,"F",191,"F",.,"A",.,"A",.,"A",.,"A"
"20154","03297901",35,0,"1",975,"D",130,"D",.,"A",0,"D",60,"D",.,"A",.,"A",845,"D",90,"D",.,"A",.,"A",.,"A",.,"A"
"20154","03297911",45,0,"1",1950,"D",325,"D",.,"A",1300,"D",0,"D",.,"A",.,"A",1625,"D",0,"D",.,"A",.,"A",.,"A",.,"A"
"20154","03297921",13,0,"1",325,"D",207,"F",.,"A",195,"D",0,"D",.,"A",.,"A",723,"F",98,"F",.,"A",.,"A",.,"A",.,"A"
"20154","03297931",27,0,"1",1300,"D",390,"D",.,"A",0,"D",0,"D",.,"A",360,"D",910,"D",0,"D",10,"D",130,"D",.,"A",.,"A"
"20154","03297961",15,0,"1",1300,"D",0,"D",.,"A",325,"D",0,"D",.,"A",.,"A",1300,"D",0,"D",.,"A",.,"A",.,"A",.,"A"
"20154","03297971",12,0,"1",1300,"D",130,"D",.,"A",260,"D",0,"D",.,"A",.,"A",1170,"D",0,"D",50,"D",650,"D",.,"A",.,"A"
"20154","03297981",23,0,"1",650,"D",130,"D",.,"A",260,"D",0,"D",.,"A",.,"A",520,"D",504,"D",.,"A",.,"A",.,"A",.,"A"
"20154","03298011",24,0,"1",1755,"D",325,"D",.,"A",325,"D",0,"D",.,"A",.,"A",1430,"D",0,"D",.,"A",.,"A",.,"A",.,"A"
"20154","03298041",51,0,"1",650,"D",0,"D",195,"D",910,"D",300,"D",.,"A",.,"A",650,"D",150,"D",.,"A",.,"A",.,"A",.,"A"
"20154","03298055",15,0,"1",260,"D",13,"D",.,"A",0,"D",0,"D",.,"A",.,"A",247,"D",0,"D",.,"A",.,"A",.,"A",.,"A"
"20154","03298061",39,0,"1",1040,"D",0,"D",.,"A",520,"D",0,"D",.,"A",.,"A",1040,"D",0,"D",.,"A",.,"A",.,"A",.,"A"
"20154","03298072",15,0,"1",1105,"D",0,"D",.,"A",195,"D",0,"D",.,"A",.,"A",1105,"D",0,"D",.,"A",.,"A",.,"A",.,"A"
"20154","03298081",24,0,"1",975,"D",0,"D",.,"A",650,"D",0,"D",.,"A",.,"A",975,"D",0,"D",.,"A",.,"A",.,"A",.,"A"
"20154","03298101",26,0,"1",520,"D",65,"D",.,"A",195,"D",0,"D",.,"A",.,"A",455,"D",0,"D",.,"A",.,"A",.,"A",.,"A"
"20154","03298131",13,0,"1",3250,"D",390,"D",.,"A",260,"D",0,"D",.,"A",.,"A",2860,"D",0,"D",12,"D",156,"D",260,"D",20,"D"
"20154","03298151",23,0,"1",1300,"D",0,"D",.,"A",325,"D",0,"D",.,"A",600,"D",1300,"D",150,"D",.,"A",.,"A",.,"A",.,"A"
"20154","03298162",37,0,"1",1300,"D",325,"D",.,"A",975,"D",600,"D",2275,"D",.,"A",975,"D",150,"D",.,"A",.,"A",.,"A",.,"A"
"20154","03298182",16,0,"1",975,"D",325,"D",.,"A",0,"D",0,"D",.,"A",.,"A",650,"D",0,"D",30,"D",390,"D",.,"A",.,"A"
"20154","03298191",55,0,"1",650,"D",130,"D",.,"A",325,"D",0,"D",.,"A",.,"A",520,"D",180,"D",.,"A",.,"A",.,"A",.,"A"
"20154","03298231",15,0,"1",975,"D",130,"D",.,"A",0,"D",0,"D",.,"A",.,"A",845,"D",0,"D",15,"D",195,"D",.,"A",.,"A"
"20154","03298251",17,0,"1",1300,"D",0,"D",975,"D",195,"D",6,"D",.,"A",.,"A",1300,"D",6,"D",.,"A",.,"A",.,"A",.,"A"
"20154","03298261",46,0,"1",1300,"D",195,"D",.,"A",1300,"D",90,"D",.,"A",.,"A",1105,"D",120,"D",.,"A",.,"A",.,"A",.,"A"
"20154","03298291",28,0,"1",4225,"D",1495,"D",.,"A",1300,"D",0,"D",.,"A",260,"D",2730,"D",0,"D",.,"A",.,"A",.,"A",.,"A"
"20154","03298301",30,0,"1",1300,"D",0,"D",.,"A",650,"D",60,"D",.,"A",.,"A",1300,"D",0,"D",.,"A",.,"A",.,"A",.,"A"
"20154","03298311",15,0,"1",1950,"D",195,"D",.,"A",520,"D",0,"D",.,"A",.,"A",1755,"D",0,"D",.,"A",.,"A",.,"A",.,"A"
"20154","03298341",36,0,"1",520,"D",78,"D",.,"A",130,"D",0,"D",.,"A",.,"A",442,"D",0,"D",.,"A",.,"A",.,"A",.,"A"
"20154","03298361",53,0,"1",1950,"D",325,"D",156,"D",650,"D",180,"D",.,"A",.,"A",1625,"D",75,"D",.,"A",.,"A",.,"A",.,"A"
"20154","03298411",27,0,"1",2600,"D",845,"D",780,"D",325,"D",0,"D",325,"D",.,"A",1755,"D",0,"D",.,"A",.,"A",.,"A",.,"A"
"20154","03298431",25,0,"1",2600,"D",390,"D",130,"D",260,"D",0,"D",.,"A",.,"A",2210,"D",0,"D",30,"D",390,"D",.,"A",.,"A"
"20154","03298441",31,0,"1",975,"D",260,"D",.,"A",780,"D",450,"D",.,"A",.,"A",715,"D",120,"D",.,"A",.,"A",.,"A",.,"A"
"20154","03298461",51,0,"1",1625,"D",260,"D",.,"A",260,"D",0,"D",.,"A",780,"D",1365,"D",240,"D",.,"A",.,"A",.,"A",.,"A"
"20154","03298521",18,0,"1",780,"D",0,"D",.,"A",0,"D",0,"D",.,"A",.,"A",780,"D",0,"D",60,"D",780,"D",.,"A",.,"A"
"20154","03298551",9,0,"1",0,"D",.,"A",.,"A",0,"D",0,"D",.,"A",.,"A",0,"D",0,"D",6,"D",78,"D",.,"A",.,"A"
"20154","03298561",20,0,"1",1300,"D",325,"D",.,"A",0,"D",0,"D",.,"A",.,"A",975,"D",0,"D",.,"A",.,"A",.,"A",.,"A"
"20154","03298591",14,0,"1",1040,"D",228,"F",.,"A",1040,"D",0,"D",.,"A",.,"A",765,"F",0,"D",.,"A",.,"A",.,"A",.,"A"
"20154","03298611",22,0,"1",1625,"D",390,"D",0,"D",1625,"D",0,"D",.,"A",.,"A",1235,"D",0,"D",.,"A",.,"A",.,"A",.,"A"
"20154","03298651",27,0,"1",1950,"D",650,"D",.,"A",260,"D",139,"F",.,"A",.,"A",1300,"D",150,"D",50,"D",650,"D",.,"A",.,"A"
"20154","03298671",31,0,"1",1950,"D",130,"D",.,"A",325,"D",0,"D",.,"A",.,"A",1820,"D",0,"D",.,"A",.,"A",.,"A",.,"A"
"20154","03298703",13,0,"1",1040,"D",0,"D",.,"A",0,"D",0,"D",.,"A",.,"A",1040,"D",0,"D",.,"A",.,"A",.,"A",.,"A"
"20154","03298711",23,0,"1",1300,"D",130,"D",.,"A",325,"D",0,"D",.,"A",.,"A",1170,"D",0,"D",.,"A",.,"A",.,"A",.,"A"
"20154","03298761",26,0,"1",1040,"D",195,"D",.,"A",0,"D",0,"D",.,"A",.,"A",845,"D",90,"D",.,"A",.,"A",.,"A",.,"A"
"20154","03298801",19,0,"1",390,"D",169,"F",.,"A",0,"D",0,"D",.,"A",.,"A",633,"F",0,"D",.,"A",.,"A",.,"A",.,"A"
"20154","03298811",17,0,"1",1300,"D",520,"D",.,"A",260,"D",0,"D",.,"A",.,"A",780,"D",0,"D",150,"D",1950,"D",130,"D",10,"D"
"20154","03298821",17,0,"1",650,"D",130,"D",.,"A",0,"D",0,"D",.,"A",.,"A",520,"D",0,"D",.,"A",.,"A",.,"A",.,"A"
"20154","03298851",27,0,"1",1950,"D",390,"D",.,"A",0,"D",0,"D",.,"A",.,"A",1560,"D",0,"D",.,"A",.,"A",.,"A",.,"A"
"20154","03298861",40,0,"1",1300,"D",325,"D",13,"D",1300,"D",0,"D",.,"A",.,"A",975,"D",0,"D",75,"D",975,"D",.,"A",.,"A"
"20154","03298881",12,0,"1",650,"D",195,"D",.,"A",0,"D",0,"D",325,"D",.,"A",455,"D",0,"D",.,"A",.,"A",.,"A",.,"A"
"20154","03298891",40,0,"1",1300,"D",65,"D",.,"A",130,"D",0,"D",.,"A",.,"A",1235,"D",75,"D",.,"A",.,"A",.,"A",.,"A"
"20154","03298901",53,0,"1",2275,"D",260,"D",.,"A",780,"D",0,"D",.,"A",.,"A",2015,"D",240,"D",.,"A",.,"A",.,"A",.,"A"
"20154","03298921",25,0,"1",910,"D",130,"D",.,"A",390,"D",600,"D",.,"A",.,"A",780,"D",450,"D",.,"A",.,"A",.,"A",.,"A"
"20154","03298931",12,0,"1",910,"D",0,"D",.,"A",870,"F",0,"D",.,"A",.,"A",910,"D",0,"D",.,"A",.,"A",.,"A",.,"A"
"20154","03298961",39,0,"1",1365,"D",390,"D",.,"A",520,"D",120,"D",.,"A",.,"A",975,"D",150,"D",.,"A",.,"A",.,"A",.,"A"
"20154","03298971",34,0,"1",1170,"D",390,"D",.,"A",260,"D",60,"D",.,"A",.,"A",780,"D",60,"D",.,"A",.,"A",.,"A",.,"A"
"20154","03298985",15,0,"1",1950,"D",1300,"D",.,"A",1300,"D",0,"D",.,"A",.,"A",650,"D",0,"D",.,"A",.,"A",.,"A",.,"A"
"20154","03299021",41,0,"1",1300,"D",325,"D",325,"D",1300,"D",450,"D",.,"A",.,"A",975,"D",375,"D",.,"A",.,"A",.,"A",.,"A"
"20154","03299053",12,0,"1",1040,"D",260,"D",.,"A",195,"D",0,"D",.,"A",120,"D",780,"D",18,"D",.,"A",.,"A",.,"A",.,"A"
"20154","03299071",25,0,"1",650,"D",130,"D",.,"A",780,"D",0,"D",.,"A",.,"A",520,"D",39,"D",60,"D",780,"D",.,"A",.,"A"
"20154","03299091",10,0,"1",910,"D",401,"F",.,"A",260,"D",139,"F",.,"A",.,"A",1741,"F",133,"F",.,"C",611,"F",.,"A",.,"A"
"20154","03299101",19,0,"1",1170,"D",260,"D",.,"A",1300,"D",0,"D",.,"A",.,"A",910,"D",0,"D",.,"A",.,"A",.,"A",.,"A"
"20154","03299111",30,0,"1",1300,"D",585,"D",.,"A",0,"D",0,"D",.,"A",.,"A",715,"D",0,"D",.,"A",.,"A",104,"D",8,"D"
"20154","03299131",18,0,"1",780,"D",39,"D",.,"A",130,"D",0,"D",.,"A",.,"A",741,"D",0,"D",.,"A",.,"A",.,"A",.,"A"
"20154","03299141",18,0,"1",1300,"D",260,"D",.,"A",650,"D",0,"D",.,"A",.,"A",1040,"D",0,"D",.,"A",.,"A",.,"A",.,"A"
"20154","03299151",28,0,"1",1300,"D",260,"D",.,"A",975,"D",30,"D",.,"A",.,"A",1040,"D",45,"D",.,"A",.,"A",.,"A",.,"A"
"20154","03299161",22,0,"1",1625,"D",195,"D",.,"A",0,"D",0,"D",.,"A",.,"A",1430,"D",45,"D",.,"A",.,"A",.,"A",.,"A"
"20154","03299171",28,0,"1",455,"D",0,"D",.,"A",390,"D",0,"D",.,"A",.,"A",455,"D",0,"D",.,"A",.,"A",.,"A",.,"A"
"20154","03299181",29,0,"1",1820,"D",390,"D",.,"A",650,"D",45,"D",.,"A",120,"D",1430,"D",180,"D",70,"D",910,"D",.,"A",.,"A"
"20154","03299191",18,0,"1",1950,"D",390,"D",.,"A",325,"D",0,"D",.,"A",.,"A",1560,"D",0,"D",.,"A",.,"A",.,"A",.,"A"
"20154","03299201",50,0,"1",1300,"D",260,"D",.,"A",1300,"D",0,"D",.,"A",.,"A",1040,"D",0,"D",.,"A",.,"A",.,"A",.,"A"
"20154","03299211",12,0,"1",1430,"D",130,"D",.,"A",260,"D",0,"D",.,"A",.,"A",1300,"D",0,"D",.,"A",.,"A",.,"A",.,"A"
"20154","03299231",36,0,"1",1300,"D",0,"D",.,"A",1300,"D",0,"D",.,"A",300,"D",1300,"D",150,"D",.,"A",.,"A",.,"A",.,"A"
"20154","03299241",10,0,"1",975,"D",0,"D",.,"A",870,"F",175,"F",.,"A",.,"A",975,"D",191,"F",.,"A",.,"A",.,"A",.,"A"
"20154","03299261",16,0,"1",2600,"D",471,"F",.,"A",744,"F",139,"F",.,"A",.,"A",1879,"F",160,"F",.,"A",.,"A",.,"A",.,"A"
"20154","03299271",19,0,"1",1300,"D",390,"D",.,"A",1300,"D",0,"D",.,"A",.,"A",910,"D",0,"D",.,"A",.,"A",.,"A",.,"A"
"20154","03299291",31,0,"1",975,"D",130,"D",.,"A",585,"D",0,"D",.,"A",.,"A",845,"D",0,"D",.,"A",.,"A",.,"A",.,"A"
"20154","03299311",8,0,"1",2065,"F",.,"A",.,"A",749,"F",139,"F",.,"A",.,"A",1741,"F",133,"F",.,"A",.,"A",.,"A",.,"A"
"20154","03299391",35,0,"1",1300,"D",130,"D",.,"A",2600,"D",300,"D",.,"A",.,"A",1170,"D",0,"D",.,"A",.,"A",.,"A",.,"A"
"20154","03299411",19,0,"1",650,"D",130,"D",.,"A",1300,"D",0,"D",.,"A",.,"A",520,"D",0,"D",.,"A",.,"A",.,"A",.,"A"
"20154","03299431",27,0,"1",1300,"D",325,"D",.,"A",65,"D",0,"D",.,"A",.,"A",975,"D",0,"D",.,"A",.,"A",.,"A",.,"A"
"20154","03299441",57,0,"1",1560,"D",260,"D",.,"A",1430,"D",240,"D",.,"A",.,"A",1300,"D",90,"D",.,"A",.,"A",.,"A",.,"A"
"20154","03299451",32,0,"1",1300,"D",260,"D",26,"D",2600,"D",1800,"D",.,"A",.,"A",1040,"D",0,"D",.,"A",.,"A",.,"A",.,"A"
"20154","03299461",70,0,"1",2275,"D",390,"D",.,"A",2925,"D",0,"D",.,"A",.,"A",1885,"D",0,"D",.,"A",.,"A",.,"A",.,"A"
"20154","03299481",24,0,"1",1950,"D",390,"D",.,"A",520,"D",0,"D",.,"A",.,"A",1560,"D",0,"D",.,"A",.,"A",104,"D",8,"D"
"20154","03299501",25,0,"1",1170,"D",325,"D",.,"A",104,"D",0,"D",.,"A",.,"A",845,"D",120,"D",.,"A",.,"A",.,"A",.,"A"
"20154","03299511",12,0,"1",975,"D",65,"D",.,"A",0,"D",0,"D",.,"A",.,"A",910,"D",0,"D",.,"A",.,"A",.,"A",.,"A"
"20154","03299521",51,0,"1",3250,"D",650,"D",.,"A",780,"D",0,"D",.,"A",90,"D",2600,"D",90,"D",50,"D",650,"D",.,"A",.,"A"
"20154","03299561",47,0,"1",975,"D",130,"D",.,"A",130,"D",0,"D",.,"A",.,"A",845,"D",0,"D",.,"A",.,"A",.,"A",.,"A"
"20154","03299571",27,0,"1",1040,"D",130,"D",78,"D",247,"D",0,"D",.,"A",.,"A",910,"D",0,"D",.,"A",.,"A",.,"A",.,"A"
"20154","03299581",12,0,"1",2600,"D",650,"D",.,"A",780,"D",0,"D",.,"A",.,"A",1950,"D",30,"D",.,"A",.,"A",.,"A",.,"A"
"20154","03299601",35,0,"1",3250,"D",260,"D",.,"A",325,"D",0,"D",.,"A",240,"D",2990,"D",0,"D",.,"A",.,"A",.,"A",.,"A"
"20154","03299611",23,0,"1",390,"D",65,"D",.,"A",650,"D",0,"D",.,"A",.,"A",325,"D",60,"D",5,"D",65,"D",.,"A",.,"A"
"20154","03299621",12,0,"1",1300,"D",650,"D",.,"A",520,"D",60,"D",.,"A",.,"A",650,"D",60,"D",.,"A",.,"A",.,"A",.,"A"
"20154","03299631",18,0,"1",1560,"D",260,"D",.,"A",650,"D",0,"D",.,"A",.,"A",1300,"D",0,"D",.,"A",.,"A",.,"A",.,"A"
"20154","03299651",23,0,"1",520,"D",65,"D",.,"A",0,"D",6,"D",.,"A",.,"A",455,"D",6,"D",.,"A",.,"A",.,"A",.,"A"
"20154","03299701",55,0,"1",3900,"D",195,"D",.,"A",1950,"D",120,"D",.,"A",.,"A",3705,"D",120,"D",.,"A",.,"A",.,"A",.,"A"
"20154","03299731",22,0,"1",2600,"D",650,"D",.,"A",0,"D",0,"D",.,"A",.,"A",1950,"D",0,"D",.,"A",.,"A",.,"A",.,"A"
"20154","03299771",27,0,"1",780,"D",0,"D",.,"A",611,"D",0,"D",.,"A",.,"A",780,"D",0,"D",25,"D",325,"D",.,"A",.,"A"
"20154","03299781",16,0,"1",900,"F",.,"A",.,"A",0,"D",0,"D",.,"A",.,"A",723,"F",0,"D",.,"A",.,"A",.,"A",.,"A"
"20154","03299811",22,0,"1",780,"D",325,"D",.,"A",0,"D",0,"D",.,"A",.,"A",455,"D",0,"D",16,"D",208,"D",.,"A",.,"A"
"20154","03299821",15,0,"1",2600,"D",0,"D",.,"A",0,"D",0,"D",.,"A",.,"A",2600,"D",0,"D",.,"A",.,"A",.,"A",.,"A"
"20154","03299831",35,0,"1",7150,"D",2925,"D",.,"A",7800,"D",0,"D",.,"A",360,"D",4225,"D",1500,"D",.,"A",.,"A",.,"A",.,"A"
"20154","03299841",14,0,"1",975,"D",260,"D",260,"D",0,"D",0,"D",.,"A",.,"A",715,"D",0,"D",.,"A",.,"A",.,"A",.,"A"
"20154","03299851",23,0,"1",3250,"D",650,"D",.,"A",130,"D",0,"D",.,"A",.,"A",2600,"D",0,"D",.,"A",.,"A",.,"A",.,"A"
"20154","03299861",31,0,"1",325,"D",65,"D",455,"D",1170,"D",45,"D",.,"A",.,"A",260,"D",0,"D",.,"A",.,"A",.,"A",.,"A"
"20154","03299901",22,0,"1",3250,"D",195,"D",.,"A",1300,"D",0,"D",.,"A",.,"A",3055,"D",0,"D",.,"A",.,"A",.,"A",.,"A"
"20154","03299913",10,0,"1",975,"D",390,"D",195,"D",156,"D",0,"D",.,"A",.,"A",585,"D",0,"D",.,"A",.,"A",.,"A",.,"A"
"20154","03299931",32,0,"1",1950,"D",195,"D",390,"D",740,"F",0,"D",.,"A",.,"A",1755,"D",300,"D",50,"D",650,"D",.,"A",.,"A"
"20154","03299951",30,0,"1",1625,"D",325,"D",.,"A",260,"D",0,"D",.,"A",.,"A",1300,"D",0,"D",.,"A",.,"A",.,"A",.,"A"
"20154","03299961",28,0,"1",2600,"D",780,"D",.,"A",1300,"D",60,"D",.,"A",.,"A",1820,"D",150,"D",.,"A",.,"A",.,"A",.,"A"
"20154","03299973",6,0,"1",520,"D",260,"D",.,"A",0,"D",0,"D",.,"A",.,"A",260,"D",0,"D",.,"A",.,"A",.,"A",.,"A"
"20154","03299991",18,0,"1",650,"D",65,"D",.,"A",260,"D",30,"D",.,"A",.,"A",585,"D",30,"D",10,"D",130,"D",.,"A",.,"A"
"20154","03300001",29,0,"1",2600,"D",975,"D",.,"A",520,"D",0,"D",.,"A",.,"A",1625,"D",0,"D",.,"A",.,"A",.,"A",.,"A"
"20154","03300021",33,0,"1",3900,"D",650,"D",.,"A",650,"D",30,"D",.,"A",120,"D",3250,"D",120,"D",.,"A",.,"A",.,"A",.,"A"
"20154","03300031",19,0,"1",520,"D",195,"D",.,"A",0,"D",0,"D",.,"A",.,"A",325,"D",0,"D",.,"A",.,"A",.,"A",.,"A"
"20154","03300041",8,0,"1",0,"D",.,"A",390,"D",195,"D",0,"D",.,"A",.,"A",0,"D",0,"D",.,"A",.,"A",.,"A",.,"A"
"20154","03300071",58,0,"1",195,"D",130,"D",.,"A",780,"D",0,"D",.,"A",.,"A",65,"D",0,"D",.,"A",.,"A",.,"A",.,"A"
"20154","03300091",41,0,"1",1300,"D",0,"D",.,"A",0,"D",0,"D",.,"A",.,"A",1300,"D",0,"D",.,"A",.,"A",.,"A",.,"A"
"20154","03300111",21,0,"1",1560,"D",130,"D",.,"A",650,"D",0,"D",.,"A",.,"A",1430,"D",0,"D",.,"A",.,"A",.,"A",.,"A"
"20154","03300121",29,0,"1",650,"D",130,"D",715,"D",0,"D",0,"D",.,"A",.,"A",520,"D",42,"D",.,"A",.,"A",.,"A",.,"A"
"20154","03300141",57,0,"1",3250,"D",195,"D",390,"D",390,"D",0,"D",.,"A",.,"A",3055,"D",0,"D",.,"A",.,"A",.,"A",.,"A"
"20154","03300151",26,0,"1",1300,"D",130,"D",.,"A",260,"D",0,"D",.,"A",.,"A",1170,"D",0,"D",.,"A",.,"A",.,"A",.,"A"
"20154","03300161",19,0,"1",1625,"D",442,"F",.,"A",554,"F",0,"D",.,"A",.,"A",1464,"F",0,"D",.,"A",.,"A",.,"A",.,"A"
"20154","03300173",11,0,"1",0,"D",.,"A",.,"A",0,"D",0,"D",.,"A",.,"A",0,"D",0,"D",.,"A",.,"A",.,"A",.,"A"
"20154","03300191",44,0,"1",5200,"D",650,"D",.,"A",2275,"D",0,"D",.,"A",320,"D",4550,"D",0,"D",.,"A",.,"A",.,"A",.,"A"
"20154","03300201",19,0,"1",1300,"D",260,"D",.,"A",0,"D",0,"D",.,"A",.,"A",1040,"D",0,"D",.,"A",.,"A",.,"A",.,"A"
"20154","03300211",29,0,"1",1495,"D",130,"D",.,"A",2600,"D",1200,"D",.,"A",.,"A",1365,"D",300,"D",.,"A",.,"A",.,"A",.,"A"
"20154","03300241",27,0,"1",975,"D",260,"D",.,"A",455,"D",0,"D",.,"A",.,"A",715,"D",0,"D",.,"A",.,"A",.,"A",.,"A"
"20154","03300261",22,0,"1",1300,"D",260,"D",.,"A",0,"D",0,"D",.,"A",.,"A",1040,"D",0,"D",6,"D",78,"D",.,"A",.,"A"
"20154","03300271",29,0,"1",1625,"D",546,"D",520,"D",130,"D",0,"D",.,"A",.,"A",1079,"D",0,"D",52,"D",676,"D",.,"A",.,"A"
"20154","03300301",19,0,"1",1300,"D",130,"D",.,"A",325,"D",0,"D",.,"A",.,"A",1170,"D",0,"D",.,"A",.,"A",.,"A",.,"A"
"20154","03300313",17,0,"1",2275,"D",0,"D",.,"A",390,"D",0,"D",.,"A",.,"A",2275,"D",0,"D",.,"A",.,"A",.,"A",.,"A"
"20154","03300331",52,0,"1",650,"D",130,"D",195,"D",1300,"D",150,"D",.,"A",.,"A",520,"D",60,"D",.,"A",.,"A",.,"A",.,"A"
"20154","03300341",16,0,"1",1300,"D",260,"D",.,"A",26,"D",0,"D",.,"A",.,"A",1040,"D",0,"D",.,"A",.,"A",.,"A",.,"A"
"20154","03300363",10,0,"1",1300,"D",130,"D",.,"A",325,"D",0,"D",.,"A",.,"A",1170,"D",0,"D",.,"A",.,"A",.,"A",.,"A"
"20154","03300381",35,0,"1",1625,"D",195,"D",.,"A",650,"D",150,"D",.,"A",.,"A",1430,"D",0,"D",.,"A",.,"A",.,"A",.,"A"
"20154","03300391",29,0,"1",1040,"D",130,"D",.,"A",260,"D",6,"D",.,"A",.,"A",910,"D",6,"D",.,"A",.,"A",.,"A",.,"A"
"20154","03300401",19,0,"1",3640,"D",650,"D",.,"A",0,"D",0,"D",.,"A",.,"A",2990,"D",0,"D",.,"A",.,"A",.,"A",.,"A"
"20154","03300411",31,0,"1",780,"D",65,"D",.,"A",1040,"D",120,"D",.,"A",.,"A",715,"D",60,"D",.,"A",.,"A",.,"A",.,"A"
"20154","03300421",32,0,"1",3900,"D",325,"D",.,"A",1950,"D",0,"D",.,"A",325,"D",3575,"D",0,"D",.,"A",.,"A",.,"A",.,"A"
"20154","03300431",34,0,"1",3250,"D",650,"D",.,"A",975,"D",6,"D",.,"A",.,"A",2600,"D",6,"D",.,"A",.,"A",.,"A",.,"A"
"20154","03300451",25,0,"1",1170,"D",195,"D",.,"A",1300,"D",150,"D",.,"A",.,"A",975,"D",60,"D",14,"D",182,"D",.,"A",.,"A"
"20154","03300471",36,0,"1",1950,"D",780,"D",.,"A",650,"D",0,"D",.,"A",.,"A",1170,"D",90,"D",.,"A",.,"A",.,"A",.,"A"
"20154","03300491",10,0,"1",650,"D",130,"D",.,"A",0,"D",0,"D",.,"A",.,"A",520,"D",0,"D",.,"A",.,"A",.,"A",.,"A"
"20154","03300501",26,0,"1",1625,"D",260,"D",.,"A",520,"D",60,"D",.,"A",.,"A",1365,"D",60,"D",.,"A",.,"A",.,"A",.,"A"
"20154","03300521",11,0,"1",1690,"D",130,"D",.,"A",0,"D",0,"D",.,"A",.,"A",1560,"D",0,"D",.,"A",.,"A",.,"A",.,"A"
"20154","03300541",18,0,"1",1549,"F",.,"A",.,"A",870,"F",175,"F",.,"A",.,"A",1261,"F",191,"F",.,"A",.,"A",.,"A",.,"A"
"20154","03300551",26,0,"1",1300,"D",650,"D",.,"A",1300,"D",0,"D",.,"A",.,"A",650,"D",0,"D",.,"A",.,"A",.,"A",.,"A"
"20154","03300581",18,0,"1",3250,"D",650,"D",.,"A",325,"D",0,"D",.,"A",180,"D",2600,"D",0,"D",80,"D",1040,"D",.,"A",.,"A"
"20154","03300621",30,0,"1",1040,"D",195,"D",.,"A",65,"D",30,"D",.,"A",.,"A",845,"D",180,"D",.,"A",.,"A",.,"A",.,"A"
"20154","03300631",13,0,"1",299,"D",0,"D",.,"A",0,"D",0,"D",.,"A",.,"A",299,"D",0,"D",.,"A",.,"A",.,"A",.,"A"
"20154","03300681",21,0,"1",650,"D",0,"D",.,"A",390,"D",0,"D",.,"A",.,"A",650,"D",0,"D",.,"A",.,"A",.,"A",.,"A"
"20154","03300701",22,0,"1",1300,"D",195,"D",.,"A",780,"D",90,"D",.,"A",.,"A",1105,"D",600,"D",.,"A",.,"A",.,"A",.,"A"
"20154","03300711",80,0,"1",4875,"D",650,"D",325,"D",1300,"D",150,"D",.,"A",.,"A",4225,"D",300,"D",50,"D",650,"D",.,"A",.,"A"
"20154","03300721",17,0,"1",3250,"D",650,"D",.,"A",0,"D",0,"D",.,"A",52,"D",2600,"D",240,"D",.,"A",.,"A",.,"A",.,"A"
"20154","03300731",15,0,"1",1534,"F",.,"A",.,"A",0,"D",177,"F",.,"A",.,"A",1237,"F",162,"F",.,"A",.,"A",.,"A",.,"A"
"20154","03300741",19,0,"1",1950,"D",390,"D",.,"A",390,"D",0,"D",.,"A",.,"A",1560,"D",0,"D",.,"A",.,"A",.,"A",.,"A"
"20154","03300761",22,0,"1",1950,"D",260,"D",.,"A",1300,"D",0,"D",.,"A",.,"A",1690,"D",0,"D",.,"A",.,"A",.,"A",.,"A"
"20154","03300791",34,0,"1",1950,"D",325,"D",.,"A",1300,"D",300,"D",.,"A",.,"A",1625,"D",120,"D",.,"A",.,"A",.,"A",.,"A"
"20154","03300801",15,0,"1",3900,"D",1300,"D",780,"D",1300,"D",0,"D",.,"A",.,"A",2600,"D",0,"D",15,"D",195,"D",.,"A",.,"A"
"20154","03300821",63,0,"1",975,"D",130,"D",.,"A",260,"D",150,"D",.,"A",.,"A",845,"D",300,"D",.,"A",.,"A",.,"A",.,"A"
"20154","03300831",14,0,"1",585,"D",65,"D",.,"A",130,"D",0,"D",.,"A",.,"A",520,"D",0,"D",.,"A",.,"A",.,"A",.,"A"
"20154","03300841",21,0,"1",1300,"D",260,"D",.,"A",260,"D",0,"D",.,"A",60,"D",1040,"D",60,"D",.,"A",.,"A",.,"A",.,"A"
"20154","03300851",21,0,"1",1300,"D",130,"D",.,"A",650,"D",30,"D",.,"A",.,"A",1170,"D",0,"D",.,"A",.,"A",.,"A",.,"A"
"20154","03300871",15,0,"1",1625,"D",130,"D",.,"A",130,"D",0,"D",.,"A",.,"A",1495,"D",0,"D",.,"A",.,"A",.,"A",.,"A"
"20154","03300881",27,0,"1",1300,"D",260,"D",.,"A",260,"D",0,"D",.,"A",.,"A",1040,"D",0,"D",.,"A",.,"A",.,"A",.,"A"
"20154","03300901",24,0,"1",390,"D",0,"D",.,"A",1300,"D",0,"D",.,"A",.,"A",390,"D",0,"D",.,"C",324,"F",.,"A",.,"A"
"20154","03300921",28,0,"1",1300,"D",253,"F",.,"A",1625,"D",211,"F",.,"A",.,"A",903,"F",120,"D",.,"A",.,"A",39,"D",3,"D"
"20154","03300961",30,0,"1",1495,"D",130,"D",.,"A",0,"D",0,"D",.,"A",.,"A",1365,"D",150,"D",.,"A",.,"A",.,"A",.,"A"
"20154","03301001",34,0,"1",1950,"D",0,"D",.,"A",650,"D",0,"D",.,"A",.,"A",1950,"D",0,"D",.,"A",.,"A",.,"A",.,"A"
"20154","03301011",41,0,"1",1300,"D",203,"F",.,"A",234,"D",0,"D",.,"A",.,"A",764,"F",0,"D",.,"A",.,"A",.,"A",.,"A"
"20154","03301051",28,0,"1",1560,"D",390,"D",.,"A",156,"D",0,"D",.,"A",.,"A",1170,"D",600,"D",30,"D",390,"D",.,"A",.,"A"
"20154","03301121",14,0,"1",390,"D",26,"D",.,"A",130,"D",0,"D",.,"A",.,"A",364,"D",0,"D",28,"D",364,"D",.,"A",.,"A"
"20154","03301141",37,0,"1",780,"D",156,"D",.,"A",1040,"D",0,"D",.,"A",.,"A",624,"D",0,"D",.,"A",.,"A",.,"A",.,"A"
"20154","03301161",65,0,"1",1755,"D",520,"D",.,"A",2080,"D",180,"D",.,"A",.,"A",1235,"D",120,"D",.,"A",.,"A",.,"A",.,"A"
"20154","03301191",36,0,"1",975,"D",195,"D",.,"A",260,"D",60,"D",.,"A",.,"A",780,"D",60,"D",.,"A",.,"A",.,"A",.,"A"
"20154","03301201",61,0,"1",3250,"D",650,"D",.,"A",1300,"D",60,"D",.,"A",.,"A",2600,"D",60,"D",.,"A",.,"A",.,"A",.,"A"
"20154","03301211",40,0,"1",1040,"D",260,"D",1040,"D",650,"D",150,"D",.,"A",.,"A",780,"D",30,"D",.,"A",.,"A",.,"A",.,"A"
"20154","03301231",30,0,"1",260,"D",65,"D",.,"A",0,"D",0,"D",.,"A",.,"A",195,"D",0,"D",.,"A",.,"A",.,"A",.,"A"
"20154","03301261",21,0,"1",975,"D",130,"D",.,"A",2600,"D",300,"D",.,"A",.,"A",845,"D",75,"D",.,"A",.,"A",.,"A",.,"A"
"20154","03301271",20,0,"1",1300,"D",390,"D",65,"D",325,"D",0,"D",.,"A",.,"A",910,"D",0,"D",.,"A",.,"A",.,"A",.,"A"
"20154","03301291",40,0,"1",390,"D",0,"D",.,"A",390,"D",6,"D",.,"A",.,"A",390,"D",6,"D",.,"A",.,"A",.,"A",.,"A"
"20154","03301311",12,0,"1",520,"D",130,"D",.,"A",0,"D",0,"D",.,"A",.,"A",390,"D",0,"D",.,"A",.,"A",.,"A",.,"A"
"20154","03301331",62,0,"1",2600,"D",130,"D",260,"D",975,"D",0,"D",.,"A",644,"D",2470,"D",0,"D",.,"A",.,"A",728,"D",56,"D"
"20154","03301361",47,0,"1",1300,"D",130,"D",.,"A",390,"D",0,"D",.,"A",.,"A",1170,"D",60,"D",.,"A",.,"A",.,"A",.,"A"
"20154","03301381",28,0,"1",1820,"D",520,"D",.,"A",260,"D",60,"D",.,"A",.,"A",1300,"D",300,"D",20,"D",260,"D",.,"A",.,"A"
"20154","03301411",37,0,"1",3250,"D",975,"D",.,"A",1820,"D",300,"D",.,"A",.,"A",2275,"D",300,"D",100,"D",1300,"D",.,"A",.,"A"
"20154","03301431",34,0,"1",2990,"D",1690,"D",.,"A",0,"D",0,"D",.,"A",.,"A",1300,"D",60,"D",.,"A",.,"A",.,"A",.,"A"
"20154","03301451",35,0,"1",2600,"D",0,"D",.,"A",390,"D",60,"D",.,"A",.,"A",2600,"D",0,"D",70,"D",910,"D",.,"A",.,"A"
"20154","03301461",44,0,"1",1625,"D",325,"D",1625,"D",975,"D",0,"D",.,"A",156,"D",1300,"D",0,"D",.,"A",.,"A",.,"A",.,"A"
"20154","03301491",15,0,"1",1950,"D",455,"D",.,"A",0,"D",0,"D",.,"A",.,"A",1495,"D",0,"D",.,"A",.,"A",.,"A",.,"A"
"20154","03301501",45,0,"1",2600,"D",1300,"D",.,"A",260,"D",60,"D",.,"A",.,"A",1300,"D",84,"D",.,"A",.,"A",.,"A",.,"A"
"20154","03301521",23,0,"1",1560,"D",325,"D",195,"D",0,"D",0,"D",.,"A",.,"A",1235,"D",0,"D",.,"A",.,"A",.,"A",.,"A"
"20154","03301541",11,0,"1",3900,"D",390,"D",.,"A",390,"D",0,"D",.,"A",.,"A",3510,"D",0,"D",.,"A",.,"A",.,"A",.,"A"
"20154","03301551",27,0,"1",1950,"D",325,"D",.,"A",195,"D",0,"D",.,"A",.,"A",1625,"D",0,"D",.,"A",.,"A",.,"A",.,"A"
"20154","03301571",27,0,"1",2600,"D",260,"D",.,"A",195,"D",0,"D",.,"A",.,"A",2340,"D",300,"D",.,"A",.,"A",.,"A",.,"A"
"20154","03301591",32,0,"1",1560,"D",260,"D",.,"A",325,"D",0,"D",.,"A",.,"A",1300,"D",0,"D",.,"A",.,"A",.,"A",.,"A"
"20154","03301643",49,0,"1",1950,"D",455,"D",.,"A",1950,"D",45,"D",30,"D",.,"A",1495,"D",45,"D",.,"A",.,"A",.,"A",.,"A"
"20154","03301661",17,0,"1",2275,"D",650,"D",260,"D",390,"D",0,"D",.,"A",.,"A",1625,"D",300,"D",.,"A",.,"A",130,"D",10,"D"
"20154","03301681",22,0,"1",1300,"D",130,"D",.,"A",260,"D",0,"D",324,"F",.,"A",1170,"D",0,"D",20,"D",260,"D",.,"A",.,"A"
"20154","03301703",9,0,"1",650,"D",260,"D",.,"A",260,"D",0,"D",.,"A",.,"A",390,"D",0,"D",.,"A",.,"A",.,"A",.,"A"
"20154","03301791",17,0,"1",1300,"D",390,"D",.,"A",0,"D",0,"D",.,"A",.,"A",910,"D",0,"D",.,"A",.,"A",.,"A",.,"A"
"20154","03301811",29,0,"1",1170,"D",390,"D",.,"A",3575,"D",0,"D",.,"A",.,"A",780,"D",0,"D",.,"A",.,"A",.,"A",.,"A"
"20154","03301831",40,0,"1",975,"D",65,"D",.,"A",1300,"D",0,"D",.,"A",.,"A",910,"D",0,"D",15,"D",195,"D",.,"A",.,"A"
"20154","03301841",45,0,"1",910,"D",130,"D",.,"A",650,"D",30,"D",.,"A",.,"A",780,"D",36,"D",.,"A",.,"A",.,"A",.,"A"
"20154","03301861",26,0,"1",2275,"D",0,"D",.,"A",0,"D",0,"D",.,"A",.,"A",2275,"D",0,"D",.,"A",.,"A",.,"A",.,"A"
"20154","03301871",17,0,"1",390,"D",65,"D",.,"A",520,"D",0,"D",.,"A",.,"A",325,"D",0,"D",.,"A",.,"A",.,"A",.,"A"
"20154","03301881",21,0,"1",1950,"D",390,"D",.,"A",520,"D",75,"D",.,"A",.,"A",1560,"D",360,"D",25,"D",325,"D",.,"A",.,"A"
"20154","03301901",16,0,"1",949,"D",130,"D",.,"A",0,"D",0,"D",.,"A",.,"A",819,"D",0,"D",.,"A",.,"A",.,"A",.,"A"
"20154","03301911",15,0,"1",2600,"D",195,"D",.,"A",0,"D",0,"D",.,"A",.,"A",2405,"D",45,"D",.,"A",.,"A",.,"A",.,"A"
"20154","03301931",56,0,"1",1430,"D",390,"D",.,"A",390,"D",60,"D",.,"A",.,"A",1040,"D",30,"D",.,"A",.,"A",.,"A",.,"A"
"20154","03301951",36,0,"1",390,"D",195,"D",.,"A",65,"D",36,"D",.,"A",.,"A",195,"D",3,"D",.,"A",.,"A",.,"A",.,"A"
"20154","03301961",32,0,"1",1625,"D",390,"D",.,"A",1625,"D",60,"D",.,"A",.,"A",1235,"D",120,"D",.,"A",.,"A",.,"A",.,"A"
"20154","03301971",18,0,"1",650,"D",0,"D",.,"A",0,"D",0,"D",.,"A",.,"A",650,"D",0,"D",.,"A",.,"A",.,"A",.,"A"
"20154","03301991",11,0,"1",3900,"D",1300,"D",.,"A",390,"D",0,"D",.,"A",.,"A",2600,"D",0,"D",.,"A",.,"A",.,"A",.,"A"
"20154","03302001",37,0,"1",1300,"D",325,"D",.,"A",650,"D",0,"D",.,"A",.,"A",975,"D",150,"D",.,"A",.,"A",.,"A",.,"A"
"20154","03302011",31,0,"1",2600,"D",650,"D",195,"D",260,"D",0,"D",.,"A",.,"A",1950,"D",150,"D",.,"A",.,"A",.,"A",.,"A"
"20154","03302022",24,0,"1",1950,"D",585,"D",.,"A",975,"D",90,"D",.,"A",.,"A",1365,"D",60,"D",.,"A",.,"A",.,"A",.,"A"
"20154","03302041",16,0,"1",650,"D",65,"D",.,"A",1170,"D",360,"D",.,"A",.,"A",585,"D",180,"D",.,"A",.,"A",.,"A",.,"A"
"20154","03302051",24,0,"1",2080,"D",260,"D",.,"A",0,"D",0,"D",.,"A",.,"A",1820,"D",0,"D",.,"A",.,"A",.,"A",.,"A"
"20154","03302061",36,0,"1",1040,"D",260,"D",.,"A",1820,"D",240,"D",.,"A",.,"A",780,"D",120,"D",.,"A",.,"A",.,"A",.,"A"
"20154","03302071",22,0,"1",1950,"D",130,"D",.,"A",650,"D",0,"D",.,"A",.,"A",1820,"D",300,"D",.,"A",.,"A",.,"A",.,"A"
"20154","03302081",26,0,"1",910,"D",325,"D",.,"A",130,"D",0,"D",.,"A",.,"A",585,"D",0,"D",.,"A",.,"A",.,"A",.,"A"
"20154","03302091",12,0,"1",3900,"D",1300,"D",.,"A",0,"D",0,"D",.,"A",.,"A",2600,"D",0,"D",.,"A",.,"A",.,"A",.,"A"
"20154","03302101",27,0,"1",1040,"D",0,"D",.,"A",325,"D",0,"D",.,"A",.,"A",1040,"D",0,"D",.,"A",.,"A",.,"A",.,"A"
"20154","03302111",18,0,"1",975,"D",271,"F",.,"A",3900,"D",0,"D",.,"A",.,"A",1046,"F",150,"D",.,"A",.,"A",.,"A",.,"A"
"20154","03302131",27,0,"1",1560,"D",0,"D",.,"A",325,"D",0,"D",.,"A",.,"A",1560,"D",0,"D",.,"A",.,"A",.,"A",.,"A"
"20154","03302141",37,0,"1",2080,"D",260,"D",.,"A",650,"D",30,"D",.,"A",.,"A",1820,"D",60,"D",.,"A",.,"A",.,"A",.,"A"
"20154","03302151",27,0,"1",780,"D",130,"D",.,"A",130,"D",0,"D",.,"A",.,"A",650,"D",120,"D",.,"A",.,"A",.,"A",.,"A"
"20154","03302161",13,0,"1",234,"D",78,"D",.,"A",0,"D",0,"D",.,"A",.,"A",156,"D",0,"D",.,"A",.,"A",.,"A",.,"A"
"20154","03302171",38,0,"1",2275,"D",390,"D",.,"A",0,"D",0,"D",.,"A",360,"D",1885,"D",0,"D",.,"A",.,"A",.,"A",.,"A"
"20154","03302201",15,0,"1",900,"F",.,"A",.,"A",416,"F",100,"F",.,"A",.,"A",723,"F",98,"F",.,"A",.,"A",.,"A",.,"A"
"20154","03302211",36,0,"1",1300,"D",325,"D",.,"A",1300,"D",60,"D",.,"A",.,"A",975,"D",240,"D",.,"A",.,"A",.,"A",.,"A"
"20154","03302221",34,0,"1",1300,"D",0,"D",.,"A",2600,"D",300,"D",.,"A",.,"A",1300,"D",150,"D",.,"A",.,"A",.,"A",.,"A"
"20154","03302241",34,0,"1",1300,"D",260,"D",.,"A",975,"D",300,"D",.,"A",300,"D",1040,"D",90,"D",.,"A",.,"A",.,"A",.,"A"
"20154","03302281",22,0,"1",1950,"D",260,"D",434,"F",650,"D",300,"D",.,"A",.,"A",1690,"D",160,"F",.,"A",.,"A",.,"A",.,"A"
"20154","03302311",12,0,"1",0,"D",.,"A",.,"A",0,"D",0,"D",.,"A",.,"A",0,"D",0,"D",.,"A",.,"A",.,"A",.,"A"
"20154","03302321",23,0,"1",1950,"D",260,"D",.,"A",260,"D",0,"D",.,"A",.,"A",1690,"D",240,"D",.,"A",.,"A",.,"A",.,"A"
"20154","03302331",17,0,"1",650,"D",130,"D",.,"A",130,"D",0,"D",.,"A",.,"A",520,"D",0,"D",.,"A",.,"A",.,"A",.,"A"
"20154","03302365",17,0,"1",1950,"D",650,"D",195,"D",0,"D",450,"D",.,"A",.,"A",1300,"D",600,"D",60,"D",780,"D",.,"A",.,"A"
"20154","03302381",19,0,"1",1040,"D",0,"D",.,"A",0,"D",0,"D",.,"A",.,"A",1040,"D",150,"D",.,"A",.,"A",.,"A",.,"A"
"20154","03302391",27,0,"1",1300,"D",0,"D",.,"A",520,"D",90,"D",.,"A",.,"A",1300,"D",360,"D",.,"A",.,"A",.,"A",.,"A"
"20154","03302421",82,0,"1",2860,"D",650,"D",325,"D",1820,"D",105,"D",.,"A",.,"A",2210,"D",0,"D",.,"A",.,"A",.,"A",.,"A"
"20154","03302451",60,0,"1",1950,"D",0,"D",260,"D",514,"F",0,"D",.,"A",.,"A",1950,"D",24,"D",.,"A",.,"A",.,"A",.,"A"
"20154","03302491",40,0,"1",2925,"D",975,"D",.,"A",520,"D",15,"D",.,"A",.,"A",1950,"D",30,"D",.,"A",.,"A",.,"A",.,"A"
"20154","03302501",10,0,"1",2210,"D",260,"D",130,"D",65,"D",0,"D",.,"A",.,"A",1950,"D",0,"D",.,"A",.,"A",.,"A",.,"A"
"20154","03302521",15,0,"1",975,"D",130,"D",.,"A",325,"D",0,"D",.,"A",.,"A",845,"D",6,"D",.,"A",.,"A",.,"A",.,"A"
"20154","03302543",22,0,"1",1300,"D",260,"D",.,"A",1560,"D",0,"D",.,"A",.,"A",1040,"D",0,"D",.,"A",.,"A",.,"A",.,"A"
"20154","03302551",17,0,"1",520,"D",0,"D",.,"A",715,"D",0,"D",.,"A",.,"A",520,"D",0,"D",.,"A",.,"A",.,"A",.,"A"
"20154","03302564",16,0,"1",1430,"D",390,"D",.,"A",0,"D",0,"D",.,"A",.,"A",1040,"D",0,"D",.,"A",.,"A",.,"A",.,"A"
"20154","03302571",31,0,"1",390,"D",65,"D",.,"A",1625,"D",60,"D",.,"A",.,"A",325,"D",135,"D",.,"A",.,"A",.,"A",.,"A"
"20154","03302581",31,0,"1",1950,"D",520,"D",65,"D",520,"D",0,"D",.,"A",.,"A",1430,"D",0,"D",.,"A",.,"A",.,"A",.,"A"
"20154","03302611",33,0,"1",650,"D",130,"D",.,"A",130,"D",0,"D",.,"A",108,"D",520,"D",0,"D",.,"A",.,"A",.,"A",.,"A"
"20154","03302641",37,0,"1",1950,"D",455,"D",260,"D",650,"D",0,"D",.,"A",.,"A",1495,"D",90,"D",.,"A",.,"A",.,"A",.,"A"
"20154","03302651",13,0,"1",1560,"D",390,"D",.,"A",1300,"D",150,"D",.,"A",.,"A",1170,"D",450,"D",.,"A",.,"A",.,"A",.,"A"
"20154","03302661",15,0,"1",520,"D",156,"D",.,"A",0,"D",0,"D",.,"A",.,"A",364,"D",0,"D",.,"A",.,"A",.,"A",.,"A"
"20154","03302691",48,0,"1",0,"D",.,"A",195,"D",650,"D",360,"D",.,"A",.,"A",0,"D",0,"D",90,"D",1170,"D",.,"A",.,"A"
"20154","03302701",25,0,"1",1950,"D",260,"D",.,"A",0,"D",0,"D",.,"A",.,"A",1690,"D",0,"D",.,"A",.,"A",.,"A",.,"A"
"20154","03302711",24,0,"1",780,"D",208,"D",.,"A",195,"D",0,"D",.,"A",.,"A",572,"D",33,"D",22,"D",286,"D",.,"A",.,"A"
"20154","03302721",40,0,"1",2080,"D",0,"D",.,"A",1300,"D",0,"D",.,"A",.,"A",2080,"D",0,"D",.,"A",.,"A",.,"A",.,"A"
"20154","03302731",22,0,"1",1170,"D",325,"D",.,"A",130,"D",30,"D",.,"A",.,"A",845,"D",120,"D",46,"D",598,"D",.,"A",.,"A"
"20154","03302751",13,0,"1",780,"D",0,"D",.,"A",650,"D",0,"D",.,"A",.,"A",780,"D",0,"D",.,"A",.,"A",.,"A",.,"A"
"20154","03302761",48,0,"1",3900,"D",1300,"D",.,"A",1560,"D",0,"D",.,"A",420,"D",2600,"D",0,"D",.,"A",.,"A",.,"A",.,"A"
"20154","03302791",26,0,"1",520,"D",130,"D",.,"A",130,"D",30,"D",15,"D",.,"A",390,"D",60,"D",.,"A",.,"A",.,"A",.,"A"
"20154","03302801",16,0,"1",650,"D",130,"D",.,"A",1950,"D",0,"D",.,"A",.,"A",520,"D",0,"D",.,"A",.,"A",.,"A",.,"A"
"20154","03302854",56,0,"1",650,"D",156,"D",.,"A",2730,"D",0,"D",.,"A",.,"A",494,"D",0,"D",.,"A",.,"A",.,"A",.,"A"
"20154","03302861",37,0,"1",2210,"D",650,"D",130,"D",975,"D",39,"D",.,"A",.,"A",1560,"D",45,"D",.,"A",.,"A",.,"A",.,"A"
"20154","03302871",22,0,"1",2405,"D",0,"D",260,"D",325,"D",0,"D",.,"A",.,"A",2405,"D",30,"D",.,"A",.,"A",.,"A",.,"A"
"20154","03302891",10,0,"1",5200,"D",2600,"D",.,"A",0,"D",0,"D",.,"A",.,"A",2600,"D",600,"D",50,"D",650,"D",.,"A",.,"A"
"20154","03302901",25,0,"1",650,"D",65,"D",130,"D",65,"D",0,"D",.,"A",.,"A",585,"D",0,"D",.,"A",.,"A",.,"A",.,"A"
"20154","03302911",64,0,"1",2860,"D",1300,"D",65,"D",1300,"D",90,"D",325,"D",.,"A",1560,"D",210,"D",.,"A",.,"A",.,"A",.,"A"
"20154","03302931",34,0,"1",1300,"D",325,"D",.,"A",845,"D",0,"D",.,"A",.,"A",975,"D",0,"D",10,"D",130,"D",.,"A",.,"A"
"20154","03302951",18,0,"1",1300,"D",390,"D",.,"A",0,"D",0,"D",.,"A",.,"A",910,"D",0,"D",.,"A",.,"A",.,"A",.,"A"
"20154","03302971",30,0,"1",1950,"D",455,"D",.,"A",520,"D",15,"D",.,"A",120,"D",1495,"D",15,"D",50,"D",650,"D",.,"A",.,"A"
"20154","03303001",26,0,"1",2600,"D",520,"D",.,"A",0,"D",0,"D",.,"A",450,"D",2080,"D",0,"D",150,"D",1950,"D",.,"A",.,"A"
"20154","03303011",21,0,"1",1170,"D",208,"D",325,"D",0,"D",6,"D",.,"A",.,"A",962,"D",6,"D",.,"A",.,"A",.,"A",.,"A"
"20154","03303031",84,0,"1",910,"D",65,"D",130,"D",260,"D",0,"D",.,"A",.,"A",845,"D",120,"D",.,"A",.,"A",117,"D",9,"D"
"20154","03303041",20,0,"1",1625,"D",260,"D",.,"A",2600,"D",150,"D",.,"A",.,"A",1365,"D",300,"D",.,"A",.,"A",.,"A",.,"A"
"20154","03303051",10,0,"1",1300,"D",520,"D",.,"A",0,"D",0,"D",.,"A",.,"A",780,"D",0,"D",6,"D",78,"D",.,"A",.,"A"
"20154","03303081",15,0,"1",650,"D",65,"D",.,"A",0,"D",0,"D",.,"A",.,"A",585,"D",0,"D",.,"A",.,"A",.,"A",.,"A"
"20154","03303091",48,0,"1",650,"D",39,"D",104,"D",0,"D",0,"D",.,"A",.,"A",611,"D",225,"D",.,"A",.,"A",.,"A",.,"A"
"20154","03303111",28,0,"1",1950,"D",325,"D",.,"A",1300,"D",300,"D",.,"A",.,"A",1625,"D",60,"D",.,"A",.,"A",.,"A",.,"A"
"20154","03303165",27,0,"1",1950,"D",650,"D",.,"A",3900,"D",300,"D",.,"A",.,"A",1300,"D",300,"D",.,"A",.,"A",.,"A",.,"A"
"20154","03303171",26,0,"1",4550,"D",650,"D",.,"A",0,"D",0,"D",.,"A",1560,"D",3900,"D",0,"D",.,"A",.,"A",.,"A",.,"A"
"20154","03303181",15,0,"1",1300,"D",65,"D",.,"A",325,"D",0,"D",.,"A",.,"A",1235,"D",0,"D",.,"A",.,"A",.,"A",.,"A"
"20154","03303191",37,0,"1",3900,"D",0,"D",.,"A",1040,"D",0,"D",625,"D",286,"D",3900,"D",0,"D",.,"A",.,"A",.,"A",.,"A"
"20154","03303205",11,0,"1",1274,"D",377,"D",390,"D",321,"F",0,"D",.,"A",.,"A",897,"D",0,"D",.,"A",.,"A",.,"A",.,"A"
"20154","03303211",31,0,"1",1950,"D",260,"D",.,"A",455,"D",0,"D",.,"A",.,"A",1690,"D",0,"D",.,"A",.,"A",.,"A",.,"A"
"20154","03303221",8,0,"1",1950,"D",0,"D",.,"A",0,"D",0,"D",.,"A",.,"A",1950,"D",0,"D",20,"D",260,"D",.,"A",.,"A"
"20154","03303252",16,0,"1",195,"D",0,"D",.,"A",195,"D",0,"D",.,"A",.,"A",195,"D",0,"D",.,"A",.,"A",.,"A",.,"A"
"20154","03303261",18,0,"1",3250,"D",455,"D",.,"A",195,"D",0,"D",.,"A",.,"A",2795,"D",0,"D",50,"D",650,"D",.,"A",.,"A"
"20154","03303271",23,0,"1",3250,"D",650,"D",.,"A",1300,"D",0,"D",.,"A",.,"A",2600,"D",0,"D",.,"A",.,"A",.,"A",.,"A"
"20161","03088724",22,0,"1",1300,"D",650,"D",.,"A",650,"D",0,"D",.,"A",180,"D",650,"D",30,"D",.,"A",.,"A",195,"D",15,"D"
"20161","03088744",35,0,"1",1040,"D",260,"D",.,"A",1040,"D",120,"D",.,"A",.,"A",780,"D",180,"D",.,"A",.,"A",.,"A",.,"A"
"20161","03088784",13,0,"1",2080,"D",325,"D",.,"A",0,"D",0,"D",.,"A",.,"A",1755,"D",0,"D",.,"A",.,"A",.,"A",.,"A"
"20161","03088894",50,0,"1",754,"D",195,"D",.,"A",390,"D",75,"D",.,"A",.,"A",559,"D",0,"D",5,"D",65,"D",.,"A",.,"A"
"20161","03088914",21,0,"1",1560,"D",260,"D",.,"A",0,"D",0,"D",.,"A",.,"A",1300,"D",0,"D",.,"A",.,"A",.,"A",.,"A"
"20161","03088954",59,0,"1",1300,"D",0,"D",260,"D",1300,"D",120,"D",.,"A",.,"A",1300,"D",240,"D",5,"D",65,"D",.,"A",.,"A"
"20161","03089104",36,0,"1",3796,"D",390,"D",.,"A",624,"D",6,"D",.,"A",.,"A",3406,"D",6,"D",.,"A",.,"A",.,"A",.,"A"
"20161","03089124",15,0,"1",650,"D",130,"D",325,"D",650,"D",0,"D",.,"A",.,"A",520,"D",0,"D",.,"A",.,"A",.,"A",.,"A"
"20161","03089134",75,0,"1",1352,"D",0,"D",65,"D",390,"D",150,"D",.,"A",.,"A",1352,"D",267,"D",.,"A",.,"A",.,"A",.,"A"
"20161","03089164",93,0,"1",845,"D",0,"D",1495,"D",468,"D",0,"D",.,"A",65,"D",845,"D",219,"D",14,"D",182,"D",.,"A",.,"A"
"20161","03089204",158,0,"1",2145,"D",130,"D",.,"A",195,"D",0,"D",.,"A",.,"A",2015,"D",150,"D",.,"A",.,"A",.,"A",.,"A"
"20161","03089224",26,0,"1",390,"D",65,"D",260,"D",0,"D",0,"D",.,"A",.,"A",325,"D",0,"D",.,"A",.,"A",.,"A",.,"A"
"20161","03089234",14,0,"1",2600,"D",260,"D",.,"A",0,"D",0,"D",.,"A",.,"A",2340,"D",0,"D",.,"A",.,"A",.,"A",.,"A"
"20161","03089304",26,0,"1",1105,"D",325,"D",.,"A",0,"D",0,"D",.,"A",.,"A",780,"D",0,"D",.,"A",.,"A",.,"A",.,"A"
"20161","03089394",9,0,"1",4680,"D",780,"D",.,"A",0,"D",0,"D",.,"A",.,"A",3900,"D",0,"D",.,"A",.,"A",.,"A",.,"A"
"20161","03089404",20,0,"1",585,"D",65,"D",.,"A",0,"D",0,"D",.,"A",.,"A",520,"D",0,"D",.,"A",.,"A",.,"A",.,"A"
"20161","03089444",27,0,"1",650,"D",130,"D",.,"A",130,"D",0,"D",.,"A",.,"A",520,"D",60,"D",.,"A",.,"A",.,"A",.,"A"
"20161","03089474",15,0,"1",286,"D",52,"D",39,"D",0,"D",0,"D",.,"A",.,"A",234,"D",0,"D",.,"A",.,"A",.,"A",.,"A"
"20161","03089514",40,0,"1",1950,"D",195,"D",.,"A",0,"D",0,"D",.,"A",.,"A",1755,"D",0,"D",.,"A",.,"A",.,"A",.,"A"
"20161","03089614",28,0,"1",2600,"D",650,"D",.,"A",650,"D",6,"D",.,"A",.,"A",1950,"D",6,"D",.,"A",.,"A",.,"A",.,"A"
"20161","03089654",57,0,"1",3250,"D",1040,"D",.,"A",780,"D",45,"D",.,"A",.,"A",2210,"D",60,"D",.,"A",.,"A",.,"A",.,"A"
"20161","03089754",19,0,"1",1300,"D",650,"D",195,"D",325,"D",0,"D",.,"A",.,"A",650,"D",12,"D",.,"A",.,"A",.,"A",.,"A"
"20161","03089794",51,0,"1",2600,"D",520,"D",.,"A",0,"D",0,"D",.,"A",240,"D",2080,"D",0,"D",42,"D",546,"D",.,"A",.,"A"
"20161","03089814",28,0,"1",715,"D",65,"D",.,"A",195,"D",0,"D",.,"A",.,"A",650,"D",0,"D",30,"D",390,"D",.,"A",.,"A"
"20161","03089834",20,0,"1",520,"D",130,"D",.,"A",260,"D",30,"D",.,"A",.,"A",390,"D",15,"D",.,"A",.,"A",13,"D",1,"D"
"20161","03089964",29,0,"1",1300,"D",260,"D",.,"A",260,"D",0,"D",.,"A",.,"A",1040,"D",120,"D",30,"D",390,"D",.,"A",.,"A"
"20161","03090084",18,0,"1",572,"D",182,"D",.,"A",65,"D",0,"D",.,"A",.,"A",390,"D",0,"D",.,"A",.,"A",.,"A",.,"A"
"20161","03090094",39,0,"1",2340,"D",520,"D",.,"A",260,"D",0,"D",.,"A",.,"A",1820,"D",180,"D",.,"A",.,"A",.,"A",.,"A"
"20161","03090134",20,0,"1",1300,"D",390,"D",.,"A",0,"D",0,"D",.,"A",.,"A",910,"D",150,"D",.,"A",.,"A",.,"A",.,"A"
"20161","03090224",45,0,"1",1300,"D",260,"D",.,"A",0,"D",67,"F",.,"A",15,"D",1040,"D",100,"F",.,"C",670,"F",.,"A",.,"A"
"20161","03090234",22,0,"1",780,"D",130,"D",.,"A",260,"D",30,"D",.,"A",.,"A",650,"D",60,"D",.,"A",.,"A",.,"A",.,"A"
"20161","03090244",72,0,"1",1066,"D",195,"D",.,"A",1157,"D",60,"D",.,"A",.,"A",871,"D",36,"D",.,"A",.,"A",.,"A",.,"A"
"20161","03090274",10,0,"1",650,"D",0,"D",.,"A",65,"D",0,"D",.,"A",.,"A",650,"D",75,"D",15,"D",195,"D",.,"A",.,"A"
"20161","03090284",28,0,"1",975,"D",195,"D",325,"D",650,"D",0,"D",.,"A",.,"A",780,"D",0,"D",.,"A",.,"A",.,"A",.,"A"
"20161","03090294",42,0,"1",1300,"D",260,"D",.,"A",650,"D",0,"D",.,"A",.,"A",1040,"D",0,"D",.,"A",.,"A",.,"A",.,"A"
"20161","03090314",47,0,"1",975,"D",0,"D",.,"A",520,"D",96,"D",.,"A",.,"A",975,"D",180,"D",.,"A",.,"A",.,"A",.,"A"
"20161","03090384",28,0,"1",1950,"D",328,"F",.,"A",818,"F",0,"D",.,"A",.,"A",1330,"F",0,"D",.,"A",.,"A",.,"A",.,"A"
"20161","03090394",40,0,"1",1625,"D",104,"D",52,"D",780,"D",0,"D",.,"A",.,"A",1521,"D",0,"D",.,"A",.,"A",.,"A",.,"A"
"20161","03090424",25,0,"1",1300,"D",0,"D",.,"A",1300,"D",0,"D",.,"A",.,"A",1300,"D",0,"D",.,"A",.,"A",.,"A",.,"A"
"20161","03090494",32,0,"1",6500,"D",260,"D",.,"A",0,"D",0,"D",.,"A",.,"A",6240,"D",150,"D",.,"A",.,"A",.,"A",.,"A"
"20161","03090534",63,0,"1",2028,"D",325,"D",130,"D",1014,"D",240,"D",.,"A",29,"D",1703,"D",141,"D",30,"D",390,"D",.,"A",.,"A"
"20161","03090574",34,0,"1",780,"D",0,"D",.,"A",780,"D",150,"D",.,"A",.,"A",780,"D",300,"D",.,"A",.,"A",.,"A",.,"A"
"20161","03090624",21,0,"1",975,"D",585,"D",.,"A",520,"D",60,"D",.,"A",.,"A",390,"D",360,"D",7,"D",91,"D",.,"A",.,"A"
"20161","03090674",26,0,"1",1300,"D",130,"D",.,"A",1300,"D",0,"D",.,"A",.,"A",1170,"D",900,"D",20,"D",260,"D",.,"A",.,"A"
"20161","03090694",22,0,"1",1300,"D",325,"D",.,"A",390,"D",0,"D",.,"A",.,"A",975,"D",0,"D",.,"A",.,"A",.,"A",.,"A"
"20161","03090724",45,0,"1",1300,"D",260,"D",.,"A",520,"D",0,"D",.,"A",.,"A",1040,"D",0,"D",.,"A",.,"A",.,"A",.,"A"
"20161","03090834",42,0,"1",1560,"D",260,"D",.,"A",260,"D",0,"D",.,"A",.,"A",1300,"D",0,"D",.,"A",.,"A",.,"A",.,"A"
"20161","03090854",35,0,"1",2600,"D",650,"D",.,"A",520,"D",0,"D",.,"A",.,"A",1950,"D",0,"D",.,"A",.,"A",.,"A",.,"A"
"20161","03090864",22,0,"1",1812,"F",.,"A",.,"A",648,"F",144,"F",.,"A",.,"A",1569,"F",183,"F",.,"A",.,"A",.,"A",.,"A"
"20161","03090914",52,0,"1",3250,"D",910,"D",130,"D",520,"D",60,"D",.,"A",.,"A",2340,"D",30,"D",.,"A",.,"A",.,"A",.,"A"
"20161","03090934",47,0,"1",1235,"D",195,"D",.,"A",910,"D",0,"D",.,"A",.,"A",1040,"D",90,"D",.,"A",.,"A",.,"A",.,"A"
"20161","03091004",22,0,"1",1300,"D",325,"D",.,"A",0,"D",0,"D",.,"A",180,"D",975,"D",30,"D",21,"D",273,"D",.,"A",.,"A"
"20161","03091054",25,0,"1",130,"D",26,"D",.,"A",130,"D",0,"D",.,"A",.,"A",104,"D",0,"D",15,"D",195,"D",.,"A",.,"A"
"20161","03091114",28,0,"1",1950,"D",260,"D",.,"A",0,"D",0,"D",.,"A",.,"A",1690,"D",60,"D",.,"A",.,"A",.,"A",.,"A"
"20161","03091144",89,0,"1",1300,"D",130,"D",325,"D",1300,"D",15,"D",.,"A",180,"D",1170,"D",15,"D",.,"A",.,"A",.,"A",.,"A"
"20161","03091164",23,0,"1",975,"D",130,"D",.,"A",0,"D",0,"D",.,"A",.,"A",845,"D",0,"D",0,"D",0,"D",78,"D",6,"D"
"20161","03091194",24,0,"1",2600,"D",650,"D",.,"A",780,"D",0,"D",.,"A",.,"A",1950,"D",0,"D",.,"A",.,"A",.,"A",.,"A"
"20161","03091244",63,0,"1",1040,"D",0,"D",.,"A",0,"D",0,"D",.,"A",.,"A",1040,"D",0,"D",.,"A",.,"A",.,"A",.,"A"
"20161","03091264",33,0,"1",1300,"D",260,"D",.,"A",780,"D",0,"D",.,"A",.,"A",1040,"D",0,"D",.,"A",.,"A",.,"A",.,"A"
"20161","03091364",37,0,"1",2600,"D",325,"D",650,"D",650,"D",0,"D",.,"A",.,"A",2275,"D",0,"D",.,"A",.,"A",.,"A",.,"A"
"20161","03091374",21,0,"1",910,"D",260,"D",.,"A",0,"D",0,"D",.,"A",.,"A",650,"D",0,"D",.,"A",.,"A",.,"A",.,"A"
"20161","03091404",29,0,"1",520,"D",130,"D",260,"D",0,"D",0,"D",.,"A",.,"A",390,"D",0,"D",.,"A",.,"A",.,"A",.,"A"
"20161","03091434",67,0,"1",806,"D",0,"D",.,"A",325,"D",60,"D",.,"A",.,"A",806,"D",30,"D",.,"A",.,"A",.,"A",.,"A"
"20161","03091454",30,0,"1",975,"D",325,"D",325,"D",325,"D",0,"D",780,"D",.,"A",650,"D",60,"D",.,"A",.,"A",.,"A",.,"A"
"20161","03091474",55,0,"1",1950,"D",520,"D",.,"A",130,"D",60,"D",.,"A",.,"A",1430,"D",210,"D",.,"A",.,"A",104,"D",8,"D"
"20161","03091534",26,0,"1",1300,"D",390,"D",.,"A",650,"D",0,"D",.,"A",.,"A",910,"D",0,"D",.,"C",532,"F",.,"A",.,"A"
"20161","03091544",49,0,"1",1950,"D",130,"D",.,"A",520,"D",30,"D",.,"A",.,"A",1820,"D",210,"D",.,"A",.,"A",.,"A",.,"A"
"20161","03091594",63,0,"1",1300,"D",39,"D",.,"A",130,"D",0,"D",.,"A",.,"A",1261,"D",30,"D",.,"A",.,"A",.,"A",.,"A"
"20161","03091654",24,0,"1",1040,"D",0,"D",.,"A",520,"D",0,"D",.,"A",.,"A",1040,"D",75,"D",.,"A",.,"A",.,"A",.,"A"
"20161","03091824",48,0,"1",1560,"D",130,"D",.,"A",1300,"D",0,"D",.,"A",.,"A",1430,"D",0,"D",.,"A",.,"A",.,"A",.,"A"
"20161","03091834",21,0,"1",325,"D",65,"D",.,"A",260,"D",0,"D",.,"A",.,"A",260,"D",60,"D",35,"D",455,"D",.,"A",.,"A"
"20161","03091864",51,0,"1",1300,"D",390,"D",.,"A",975,"D",0,"D",.,"A",.,"A",910,"D",0,"D",.,"A",.,"A",.,"A",.,"A"
"20161","03091874",18,0,"1",975,"D",0,"D",.,"A",195,"D",30,"D",.,"A",.,"A",975,"D",60,"D",50,"D",650,"D",.,"A",.,"A"
"20161","03092044",15,0,"1",1300,"D",130,"D",.,"A",0,"D",0,"D",.,"A",.,"A",1170,"D",0,"D",.,"A",.,"A",.,"A",.,"A"
"20161","03092064",16,0,"1",390,"D",91,"D",.,"A",130,"D",0,"D",.,"A",.,"A",299,"D",0,"D",.,"A",.,"A",.,"A",.,"A"
"20161","03092094",33,0,"1",1300,"D",0,"D",.,"A",260,"D",6,"D",.,"A",.,"A",1300,"D",6,"D",.,"A",.,"A",.,"A",.,"A"
"20161","03092144",40,0,"1",3250,"D",650,"D",.,"A",0,"D",0,"D",.,"A",.,"A",2600,"D",0,"D",.,"A",.,"A",.,"A",.,"A"
"20161","03092334",14,0,"1",1300,"D",260,"D",.,"A",0,"D",0,"D",.,"A",.,"A",1040,"D",0,"D",.,"A",.,"A",.,"A",.,"A"
"20161","03092344",43,0,"1",1625,"D",520,"D",130,"D",520,"D",0,"D",.,"A",.,"A",1105,"D",300,"D",.,"A",.,"A",.,"A",.,"A"
"20161","03092364",27,0,"1",975,"D",65,"D",325,"D",0,"D",0,"D",.,"A",.,"A",910,"D",0,"D",50,"D",650,"D",.,"A",.,"A"
"20161","03092394",39,0,"1",650,"D",65,"D",.,"A",0,"D",0,"D",.,"A",.,"A",585,"D",0,"D",.,"A",.,"A",.,"A",.,"A"
"20161","03092404",33,0,"1",1040,"D",156,"D",.,"A",0,"D",0,"D",.,"A",.,"A",884,"D",0,"D",.,"A",.,"A",.,"A",.,"A"
"20161","03092444",61,0,"1",3900,"D",0,"D",.,"A",0,"D",0,"D",.,"A",.,"A",3900,"D",240,"D",.,"A",.,"A",.,"A",.,"A"
"20161","03092454",30,0,"1",1430,"D",156,"D",.,"A",650,"D",0,"D",.,"A",.,"A",1274,"D",0,"D",.,"A",.,"A",.,"A",.,"A"
"20161","03092474",18,0,"1",780,"D",65,"D",.,"A",390,"D",0,"D",.,"A",.,"A",715,"D",0,"D",.,"A",.,"A",.,"A",.,"A"
"20161","03092564",64,0,"1",1235,"D",0,"D",.,"A",780,"D",84,"D",.,"A",.,"A",1235,"D",30,"D",.,"A",.,"A",.,"A",.,"A"
"20161","03092574",15,0,"1",1300,"D",195,"D",.,"A",130,"D",0,"D",.,"A",.,"A",1105,"D",0,"D",.,"A",.,"A",.,"A",.,"A"
"20161","03092794",27,0,"1",1300,"D",260,"D",.,"A",0,"D",0,"D",.,"A",.,"A",1040,"D",0,"D",20,"D",260,"D",.,"A",.,"A"
"20161","03092854",54,0,"1",1950,"D",650,"D",.,"A",325,"D",0,"D",.,"A",.,"A",1300,"D",180,"D",.,"A",.,"A",.,"A",.,"A"
"20161","03092874",27,0,"1",650,"D",260,"D",.,"A",0,"D",0,"D",.,"A",.,"A",390,"D",0,"D",.,"A",.,"A",.,"A",.,"A"
"20161","03092924",23,0,"1",780,"D",325,"D",.,"A",390,"D",0,"D",.,"A",.,"A",455,"D",0,"D",.,"A",.,"A",.,"A",.,"A"
"20161","03092954",49,0,"1",650,"D",130,"D",.,"A",390,"D",0,"D",.,"A",.,"A",520,"D",0,"D",.,"A",.,"A",.,"A",.,"A"
"20161","03092984",85,0,"1",3705,"D",0,"D",.,"A",585,"D",0,"D",.,"A",.,"A",3705,"D",0,"D",.,"A",.,"A",.,"A",.,"A"
"20161","03092994",49,0,"1",2860,"D",390,"D",.,"A",1300,"D",180,"D",.,"A",.,"A",2470,"D",150,"D",.,"A",.,"A",.,"A",.,"A"
"20161","03093034",36,0,"1",520,"D",130,"D",.,"A",650,"D",0,"D",.,"A",.,"A",390,"D",0,"D",.,"A",.,"A",.,"A",.,"A"
"20161","03093074",25,0,"1",455,"D",130,"D",195,"D",390,"D",0,"D",.,"A",.,"A",325,"D",0,"D",.,"A",.,"A",.,"A",.,"A"
"20161","03093114",20,0,"1",1040,"D",260,"D",.,"A",0,"D",0,"D",.,"A",.,"A",780,"D",0,"D",15,"D",195,"D",.,"A",.,"A"
"20161","03093194",22,0,"1",390,"D",65,"D",.,"A",520,"D",0,"D",.,"A",.,"A",325,"D",0,"D",.,"A",.,"A",.,"A",.,"A"
"20161","03093224",26,0,"1",260,"D",26,"D",.,"A",130,"D",0,"D",.,"A",.,"A",234,"D",0,"D",.,"A",.,"A",.,"A",.,"A"
"20161","03093284",28,0,"1",910,"D",182,"D",.,"A",650,"D",0,"D",.,"A",.,"A",728,"D",60,"D",.,"A",.,"A",.,"A",.,"A"
"20161","03093294",51,0,"1",1625,"D",195,"D",.,"A",1300,"D",0,"D",.,"A",.,"A",1430,"D",60,"D",30,"D",390,"D",.,"A",.,"A"
"20161","03093384",41,0,"1",3250,"D",585,"D",.,"A",845,"D",0,"D",.,"A",.,"A",2665,"D",0,"D",.,"A",.,"A",.,"A",.,"A"
"20161","03093404",52,0,"1",1885,"D",650,"D",.,"A",585,"D",75,"D",.,"A",.,"A",1235,"D",105,"D",.,"A",.,"A",.,"A",.,"A"
"20161","03093424",24,0,"1",650,"D",0,"D",.,"A",0,"D",0,"D",.,"A",.,"A",650,"D",130,"F",.,"C",500,"F",.,"A",.,"A"
"20161","03093474",65,0,"1",1118,"D",624,"D",767,"D",0,"D",0,"D",.,"A",.,"A",494,"D",0,"D",.,"A",.,"A",.,"A",.,"A"
"20161","03093484",76,0,"1",3900,"D",1300,"D",.,"A",390,"D",30,"D",.,"A",.,"A",2600,"D",180,"D",.,"A",.,"A",.,"A",.,"A"
"20161","03093564",21,0,"1",780,"D",260,"D",.,"A",390,"D",0,"D",.,"A",.,"A",520,"D",0,"D",.,"A",.,"A",.,"A",.,"A"
"20161","03093624",30,0,"1",2600,"D",325,"D",.,"A",2600,"D",0,"D",.,"A",.,"A",2275,"D",0,"D",.,"A",.,"A",.,"A",.,"A"
"20161","03093634",34,0,"1",1300,"D",130,"D",.,"A",1300,"D",30,"D",.,"A",.,"A",1170,"D",30,"D",.,"A",.,"A",.,"A",.,"A"
"20161","03093654",11,0,"1",1560,"D",325,"D",.,"A",520,"D",0,"D",.,"A",.,"A",1235,"D",75,"D",30,"D",390,"D",.,"A",.,"A"
"20161","03093664",18,0,"1",1456,"D",0,"D",.,"A",208,"D",0,"D",.,"A",.,"A",1456,"D",21,"D",.,"A",.,"A",.,"A",.,"A"
"20161","03093674",60,0,"1",2600,"D",650,"D",.,"A",169,"D",0,"D",.,"A",.,"A",1950,"D",0,"D",50,"D",650,"D",.,"A",.,"A"
"20161","03093684",42,0,"1",1300,"D",130,"D",.,"A",0,"D",30,"D",.,"A",.,"A",1170,"D",30,"D",.,"A",.,"A",.,"A",.,"A"
"20161","03093754",18,0,"1",1690,"D",650,"D",.,"A",260,"D",0,"D",.,"A",.,"A",1040,"D",0,"D",.,"A",.,"A",.,"A",.,"A"
"20161","03093804",64,0,"1",6500,"D",650,"D",.,"A",325,"D",30,"D",.,"A",.,"A",5850,"D",60,"D",.,"A",.,"A",.,"A",.,"A"
"20161","03093824",45,0,"1",1950,"D",975,"D",975,"D",390,"D",300,"D",.,"A",.,"A",975,"D",300,"D",.,"A",.,"A",.,"A",.,"A"
"20161","03093834",50,0,"1",1300,"D",260,"D",.,"A",975,"D",0,"D",.,"A",.,"A",1040,"D",0,"D",.,"A",.,"A",.,"A",.,"A"
"20161","03093874",44,0,"1",3250,"D",260,"D",.,"A",975,"D",600,"D",.,"A",.,"A",2990,"D",450,"D",.,"A",.,"A",.,"A",.,"A"
"20161","03093894",30,0,"1",2600,"D",585,"D",.,"A",650,"D",0,"D",.,"A",.,"A",2015,"D",0,"D",.,"A",.,"A",.,"A",.,"A"
"20161","03093904",34,0,"1",2600,"D",1300,"D",.,"A",390,"D",0,"D",.,"A",.,"A",1300,"D",0,"D",.,"A",.,"A",.,"A",.,"A"
"20161","03093964",39,0,"1",3900,"D",455,"D",.,"A",260,"D",6,"D",.,"A",.,"A",3445,"D",6,"D",.,"A",.,"A",.,"A",.,"A"
"20161","03093984",40,0,"1",650,"D",0,"D",.,"A",390,"D",0,"D",.,"A",.,"A",650,"D",0,"D",.,"A",.,"A",.,"A",.,"A"
"20161","03094004",17,0,"1",1645,"F",.,"A",.,"A",818,"F",134,"F",.,"A",.,"A",1330,"F",130,"F",.,"A",.,"A",.,"A",.,"A"
"20161","03094014",42,0,"1",2600,"D",260,"D",.,"A",1040,"D",0,"D",.,"A",50,"D",2340,"D",0,"D",.,"A",.,"A",.,"A",.,"A"
"20161","03094034",38,0,"1",1560,"D",325,"D",.,"A",0,"D",0,"D",.,"A",.,"A",1235,"D",0,"D",.,"A",.,"A",.,"A",.,"A"
"20161","03094124",30,0,"1",1300,"D",325,"D",.,"A",780,"D",0,"D",.,"A",.,"A",975,"D",0,"D",.,"A",.,"A",.,"A",.,"A"
"20161","03094304",32,0,"1",1950,"D",390,"D",.,"A",1300,"D",0,"D",.,"A",.,"A",1560,"D",0,"D",.,"A",.,"A",.,"A",.,"A"
"20161","03094374",31,0,"1",2226,"F",.,"A",.,"A",650,"D",0,"D",.,"A",.,"A",1817,"F",0,"D",.,"A",.,"A",.,"A",.,"A"
"20161","03094524",31,0,"1",2171,"D",0,"D",.,"A",195,"D",0,"D",.,"A",180,"D",2171,"D",144,"D",260,"D",3380,"D",.,"A",.,"A"
"20161","03094534",18,0,"1",1560,"D",260,"D",.,"A",0,"D",0,"D",.,"A",20,"D",1300,"D",0,"D",20,"D",260,"D",.,"A",.,"A"
"20161","03094544",42,0,"1",650,"D",0,"D",.,"A",0,"D",0,"D",455,"D",.,"A",650,"D",0,"D",.,"A",.,"A",.,"A",.,"A"
"20161","03094604",13,0,"1",260,"D",260,"D",.,"A",195,"D",0,"D",.,"A",.,"A",0,"D",0,"D",.,"A",.,"A",.,"A",.,"A"
"20161","03094664",15,0,"1",520,"D",52,"D",.,"A",0,"D",0,"D",.,"A",.,"A",468,"D",0,"D",.,"A",.,"A",.,"A",.,"A"
"20161","03094764",20,0,"1",1300,"D",192,"F",.,"A",534,"F",0,"D",.,"A",.,"A",721,"F",0,"D",.,"A",.,"A",.,"A",.,"A"
"20161","03095004",19,0,"1",650,"D",585,"D",.,"A",0,"D",0,"D",.,"A",.,"A",65,"D",0,"D",.,"A",.,"A",.,"A",.,"A"
"20161","03095064",37,0,"1",975,"D",130,"D",325,"D",1950,"D",30,"D",.,"A",.,"A",845,"D",30,"D",.,"A",.,"A",.,"A",.,"A"
"20161","03095074",85,0,"1",3900,"D",1300,"D",.,"A",390,"D",0,"D",.,"A",450,"D",2600,"D",0,"D",.,"A",.,"A",.,"A",.,"A"
"20161","03095234",24,0,"1",2600,"D",117,"D",.,"A",585,"D",0,"D",.,"A",.,"A",2483,"D",0,"D",.,"A",.,"A",.,"A",.,"A"
"20161","03095264",20,0,"1",4875,"D",988,"D",.,"A",715,"D",0,"D",.,"A",.,"A",3887,"D",0,"D",.,"A",.,"A",.,"A",.,"A"
"20161","03095284",36,0,"1",1300,"D",260,"D",.,"A",0,"D",0,"D",.,"A",.,"A",1040,"D",0,"D",.,"A",.,"A",.,"A",.,"A"
"20161","03095324",43,0,"1",1300,"D",195,"D",390,"D",390,"D",0,"D",.,"A",.,"A",1105,"D",0,"D",.,"A",.,"A",.,"A",.,"A"
"20161","03095344",14,0,"1",715,"D",260,"D",.,"A",0,"D",0,"D",.,"A",.,"A",455,"D",0,"D",.,"A",.,"A",.,"A",.,"A"
"20161","03095374",54,0,"1",1209,"D",0,"D",0,"D",0,"D",0,"D",.,"A",.,"A",1209,"D",0,"D",13,"D",169,"D",.,"A",.,"A"
"20161","03095564",55,0,"1",2080,"D",520,"D",.,"A",520,"D",105,"D",.,"A",.,"A",1560,"D",450,"D",.,"A",.,"A",.,"A",.,"A"
"20161","03095584",27,0,"1",1625,"D",0,"D",.,"A",520,"D",0,"D",.,"A",.,"A",1625,"D",0,"D",.,"A",.,"A",.,"A",.,"A"
"20161","03095594",11,0,"1",910,"D",0,"D",.,"A",0,"D",0,"D",.,"A",.,"A",910,"D",0,"D",.,"A",.,"A",.,"A",.,"A"
"20161","03095614",52,0,"1",520,"D",195,"D",.,"A",390,"D",0,"D",.,"A",.,"A",325,"D",0,"D",15,"D",195,"D",.,"A",.,"A"
"20161","03095734",34,0,"1",1586,"D",936,"D",.,"A",0,"D",0,"D",.,"A",.,"A",650,"D",60,"D",40,"D",520,"D",.,"A",.,"A"
"20161","03095804",24,0,"1",2600,"D",650,"D",.,"A",824,"F",0,"D",.,"A",341,"F",1950,"D",0,"D",80,"D",1040,"D",.,"A",.,"A"
"20161","03095974",40,0,"1",1625,"D",650,"D",195,"D",520,"D",0,"D",.,"A",40,"D",975,"D",0,"D",.,"A",.,"A",.,"A",.,"A"
"20161","03095984",40,0,"1",2226,"F",.,"A",.,"A",857,"F",0,"D",.,"A",.,"A",1817,"F",0,"D",.,"A",.,"A",.,"A",.,"A"
"20161","03096044",20,0,"1",1950,"D",325,"D",.,"A",390,"D",30,"D",.,"A",.,"A",1625,"D",30,"D",25,"D",325,"D",.,"A",.,"A"
"20161","03096094",27,0,"1",325,"D",65,"D",.,"A",0,"D",0,"D",.,"A",.,"A",260,"D",0,"D",.,"A",.,"A",.,"A",.,"A"
"20161","03096144",23,0,"1",3250,"D",650,"D",585,"D",1300,"D",0,"D",.,"A",.,"A",2600,"D",0,"D",.,"A",.,"A",.,"A",.,"A"
"20161","03096184",44,0,"1",2275,"D",0,"D",455,"D",780,"D",0,"D",.,"A",.,"A",2275,"D",150,"D",.,"A",.,"A",.,"A",.,"A"
"20161","03096234",13,0,"1",780,"D",130,"D",.,"A",0,"D",0,"D",.,"A",.,"A",650,"D",0,"D",.,"A",.,"A",.,"A",.,"A"
"20161","03096344",29,0,"1",1625,"D",325,"D",.,"A",130,"D",0,"D",.,"A",.,"A",1300,"D",0,"D",20,"D",260,"D",.,"A",.,"A"
"20161","03096434",21,0,"1",650,"D",260,"D",.,"A",260,"D",0,"D",.,"A",.,"A",390,"D",0,"D",.,"A",.,"A",.,"A",.,"A"
"20161","03096494",14,0,"1",2145,"D",260,"D",.,"A",0,"D",0,"D",.,"A",.,"A",1885,"D",45,"D",.,"A",.,"A",.,"A",.,"A"
"20161","03096514",23,0,"1",1300,"D",130,"D",.,"A",0,"D",0,"D",.,"A",.,"A",1170,"D",0,"D",.,"A",.,"A",.,"A",.,"A"
"20161","03096604",39,0,"1",2600,"D",260,"D",.,"A",650,"D",0,"D",.,"A",.,"A",2340,"D",75,"D",.,"A",.,"A",.,"A",.,"A"
"20161","03096624",34,0,"1",3900,"D",845,"D",.,"A",0,"D",0,"D",.,"A",.,"A",3055,"D",0,"D",.,"A",.,"A",.,"A",.,"A"
"20161","03096724",23,0,"1",520,"D",65,"D",390,"D",390,"D",0,"D",.,"A",.,"A",455,"D",0,"D",.,"A",.,"A",.,"A",.,"A"
"20161","03096734",20,0,"1",520,"D",130,"D",.,"A",325,"D",0,"D",.,"A",.,"A",390,"D",0,"D",.,"A",.,"A",.,"A",.,"A"
"20161","03096784",43,0,"1",1170,"D",325,"D",.,"A",0,"D",0,"D",.,"A",.,"A",845,"D",300,"D",70,"D",910,"D",.,"A",.,"A"
"20161","03096854",50,0,"1",2145,"D",520,"D",.,"A",455,"D",0,"D",.,"A",.,"A",1625,"D",0,"D",.,"A",.,"A",.,"A",.,"A"
"20161","03096924",12,0,"1",2226,"F",.,"A",.,"A",857,"F",144,"F",.,"A",.,"A",1817,"F",128,"F",.,"A",.,"A",.,"A",.,"A"
"20161","03097034",20,0,"1",585,"D",65,"D",.,"A",364,"D",0,"D",.,"A",.,"A",520,"D",0,"D",26,"D",338,"D",.,"A",.,"A"
"20161","03097054",19,0,"1",1040,"D",195,"D",.,"A",455,"D",0,"D",.,"A",.,"A",845,"D",0,"D",.,"A",.,"A",.,"A",.,"A"
"20161","03097094",25,0,"1",650,"D",130,"D",.,"A",0,"D",0,"D",.,"A",.,"A",520,"D",6,"D",.,"A",.,"A",.,"A",.,"A"
"20161","03097144",11,0,"1",1625,"D",0,"D",.,"A",0,"D",0,"D",.,"A",.,"A",1625,"D",0,"D",.,"A",.,"A",.,"A",.,"A"
"20161","03097174",55,0,"1",0,"D",.,"A",.,"A",650,"D",300,"D",.,"A",.,"A",0,"D",900,"D",60,"D",780,"D",.,"A",.,"A"
"20161","03097194",19,0,"1",1300,"D",130,"D",.,"A",130,"D",0,"D",.,"A",.,"A",1170,"D",120,"D",.,"A",.,"A",.,"A",.,"A"
"20161","03097224",30,0,"1",845,"D",195,"D",.,"A",325,"D",0,"D",.,"A",.,"A",650,"D",0,"D",.,"A",.,"A",.,"A",.,"A"
"20161","03097264",12,0,"1",2275,"D",328,"F",.,"A",818,"F",0,"D",.,"A",.,"A",1330,"F",0,"D",.,"A",.,"A",.,"A",.,"A"
"20161","03097374",46,0,"1",780,"D",130,"D",.,"A",0,"D",0,"D",.,"A",.,"A",650,"D",0,"D",.,"A",.,"A",.,"A",.,"A"
"20161","03097384",20,0,"1",650,"D",130,"D",.,"A",260,"D",0,"D",.,"A",.,"A",520,"D",60,"D",.,"A",.,"A",.,"A",.,"A"
"20161","03097394",25,0,"1",1560,"D",260,"D",.,"A",0,"D",6,"D",.,"A",.,"A",1300,"D",6,"D",.,"A",.,"A",.,"A",.,"A"
"20161","03097454",47,0,"1",1950,"D",130,"D",.,"A",325,"D",0,"D",.,"A",.,"A",1820,"D",0,"D",50,"D",650,"D",.,"A",.,"A"
"20161","03097474",104,0,"1",1950,"D",585,"D",130,"D",650,"D",0,"D",.,"A",.,"A",1365,"D",0,"D",.,"A",.,"A",.,"A",.,"A"
"20161","03097524",24,0,"1",2080,"D",130,"D",.,"A",455,"D",0,"D",.,"A",.,"A",1950,"D",90,"D",.,"A",.,"A",.,"A",.,"A"
"20161","03097534",40,0,"1",1300,"D",520,"D",.,"A",325,"D",0,"D",.,"A",.,"A",780,"D",0,"D",.,"A",.,"A",.,"A",.,"A"
"20161","03097634",24,0,"1",650,"D",130,"D",.,"A",260,"D",0,"D",130,"D",.,"A",520,"D",0,"D",.,"A",.,"A",.,"A",.,"A"
"20161","03097644",28,0,"1",780,"D",65,"D",130,"D",130,"D",0,"D",.,"A",.,"A",715,"D",0,"D",.,"A",.,"A",.,"A",.,"A"
"20161","03097694",24,0,"1",1950,"D",260,"D",.,"A",520,"D",0,"D",.,"A",.,"A",1690,"D",0,"D",.,"A",.,"A",.,"A",.,"A"
"20161","03097804",46,0,"1",1950,"D",260,"D",.,"A",780,"D",0,"D",.,"A",.,"A",1690,"D",0,"D",.,"A",.,"A",.,"A",.,"A"
"20161","03097814",30,0,"1",1300,"D",650,"D",.,"A",260,"D",0,"D",.,"A",.,"A",650,"D",105,"D",50,"D",650,"D",.,"A",.,"A"
"20161","03097834",76,0,"1",1950,"D",0,"D",1300,"D",455,"D",0,"D",.,"A",.,"A",1950,"D",120,"D",.,"A",.,"A",.,"A",.,"A"
"20161","03097884",28,0,"1",1105,"D",130,"D",.,"A",650,"D",60,"D",.,"A",.,"A",975,"D",0,"D",.,"A",.,"A",.,"A",.,"A"
"20161","03097964",39,0,"1",520,"D",130,"D",.,"A",65,"D",0,"D",.,"A",.,"A",390,"D",0,"D",.,"A",.,"A",.,"A",.,"A"
"20161","03097984",27,0,"1",975,"D",260,"D",.,"A",455,"D",0,"D",.,"A",.,"A",715,"D",0,"D",.,"A",.,"A",.,"A",.,"A"
"20161","03097994",34,0,"1",325,"D",65,"D",.,"A",130,"D",0,"D",.,"A",.,"A",260,"D",0,"D",8,"D",104,"D",65,"D",5,"D"
"20161","03098014",14,0,"1",650,"D",65,"D",.,"A",0,"D",0,"D",.,"A",.,"A",585,"D",30,"D",.,"A",.,"A",.,"A",.,"A"
"20161","03098034",44,0,"1",975,"D",328,"F",.,"A",0,"D",0,"D",.,"A",.,"A",1330,"F",0,"D",.,"A",.,"A",.,"A",.,"A"
"20161","03098104",18,0,"1",2600,"D",0,"D",.,"A",0,"D",0,"D",.,"A",.,"A",2600,"D",0,"D",.,"A",.,"A",.,"A",.,"A"
"20161","03098114",41,0,"1",2600,"D",494,"D",.,"A",975,"D",0,"D",.,"A",.,"A",2106,"D",0,"D",.,"A",.,"A",.,"A",.,"A"
"20161","03098134",25,0,"1",1560,"D",130,"D",.,"A",650,"D",0,"D",.,"A",.,"A",1430,"D",0,"D",.,"A",.,"A",.,"A",.,"A"
"20161","03098204",23,0,"1",0,"D",.,"A",.,"A",0,"D",0,"D",.,"A",.,"A",0,"D",0,"D",7,"D",91,"D",.,"A",.,"A"
"20161","03098244",26,0,"1",1300,"D",195,"D",.,"A",780,"D",0,"D",.,"A",.,"A",1105,"D",0,"D",.,"A",.,"A",.,"A",.,"A"
"20161","03098254",33,0,"1",1560,"D",520,"D",.,"A",650,"D",0,"D",.,"A",.,"A",1040,"D",0,"D",.,"A",.,"A",.,"A",.,"A"
"20161","03098264",75,0,"1",1313,"D",65,"D",260,"D",65,"D",0,"D",.,"A",.,"A",1248,"D",48,"D",.,"A",.,"A",.,"A",.,"A"
"20161","03098314",11,0,"1",0,"D",.,"A",.,"A",0,"D",0,"D",.,"A",.,"A",0,"D",0,"D",.,"A",.,"A",.,"A",.,"A"
"20161","03098364",25,0,"1",1645,"F",.,"A",.,"A",818,"F",6,"D",.,"A",.,"A",1330,"F",6,"D",.,"A",.,"A",.,"A",.,"A"
"20161","03098374",43,0,"1",1625,"D",451,"F",.,"A",650,"D",0,"D",.,"A",.,"A",1755,"F",0,"D",.,"A",.,"A",.,"A",.,"A"
"20161","03098394",23,0,"1",650,"D",130,"D",.,"A",325,"D",0,"D",.,"A",.,"A",520,"D",0,"D",.,"A",.,"A",.,"A",.,"A"
"20161","03098404",19,0,"1",1300,"D",260,"D",.,"A",818,"F",0,"D",.,"A",.,"A",1040,"D",0,"D",.,"A",.,"A",.,"A",.,"A"
"20161","03098424",33,0,"1",975,"D",325,"D",.,"A",260,"D",6,"D",.,"A",.,"A",650,"D",6,"D",.,"A",.,"A",.,"A",.,"A"
"20161","03098564",33,0,"1",1235,"D",195,"D",65,"D",260,"D",0,"D",.,"A",.,"A",1040,"D",0,"D",.,"C",453,"F",.,"A",.,"A"
"20161","03098604",55,0,"1",1950,"D",325,"D",.,"A",650,"D",45,"D",.,"A",.,"A",1625,"D",150,"D",.,"A",.,"A",.,"A",.,"A"
"20161","03098684",30,0,"1",975,"D",0,"D",.,"A",260,"D",0,"D",.,"A",.,"A",975,"D",0,"D",.,"A",.,"A",.,"A",.,"A"
"20161","03098714",27,0,"1",1950,"D",390,"D",.,"A",0,"D",0,"D",.,"A",.,"A",1560,"D",60,"D",45,"D",585,"D",.,"A",.,"A"
"20161","03098764",49,0,"1",2860,"D",523,"F",1950,"D",780,"D",90,"D",.,"A",.,"A",2210,"F",0,"D",.,"A",.,"A",.,"A",.,"A"
"20161","03098874",39,0,"1",2600,"D",650,"D",.,"A",0,"D",0,"D",.,"A",.,"A",1950,"D",300,"D",75,"D",975,"D",.,"A",.,"A"
"20161","03098904",17,0,"1",650,"D",0,"D",.,"A",0,"D",0,"D",.,"A",.,"A",650,"D",0,"D",.,"A",.,"A",.,"A",.,"A"
"20161","03098914",6,0,"1",390,"D",65,"D",.,"A",390,"D",0,"D",.,"A",.,"A",325,"D",0,"D",.,"A",.,"A",.,"A",.,"A"
"20161","03098924",24,0,"1",1300,"D",260,"D",.,"A",260,"D",90,"D",.,"A",.,"A",1040,"D",90,"D",.,"A",.,"A",.,"A",.,"A"
"20161","03098974",17,0,"1",1105,"D",0,"D",.,"A",585,"D",0,"D",.,"A",.,"A",1105,"D",0,"D",.,"A",.,"A",.,"A",.,"A"
"20161","03099004",12,0,"1",585,"D",65,"D",.,"A",0,"D",0,"D",.,"A",.,"A",520,"D",0,"D",.,"A",.,"A",.,"A",.,"A"
"20161","03099044",36,0,"1",1300,"D",195,"D",.,"A",0,"D",0,"D",.,"A",.,"A",1105,"D",0,"D",.,"A",.,"A",.,"A",.,"A"
"20161","03099074",29,0,"1",1950,"D",650,"D",390,"D",650,"D",6,"D",.,"A",.,"A",1300,"D",6,"D",50,"D",650,"D",.,"A",.,"A"
"20161","03099104",29,0,"1",1645,"F",.,"A",.,"A",818,"F",134,"F",.,"A",.,"A",1330,"F",130,"F",.,"A",.,"A",.,"A",.,"A"
"20161","03099144",55,0,"1",1690,"D",390,"D",130,"D",910,"D",0,"D",.,"A",.,"A",1300,"D",255,"D",30,"D",390,"D",.,"A",.,"A"
"20161","03099164",56,0,"1",2210,"D",520,"D",.,"A",1300,"D",75,"D",.,"A",.,"A",1690,"D",360,"D",.,"A",.,"A",.,"A",.,"A"
"20161","03099194",38,0,"1",325,"D",0,"D",.,"A",0,"D",0,"D",.,"A",.,"A",325,"D",0,"D",.,"A",.,"A",.,"A",.,"A"
"20161","03099264",17,0,"1",650,"D",65,"D",.,"A",260,"D",0,"D",.,"A",.,"A",585,"D",0,"D",.,"A",.,"A",.,"A",.,"A"
"20161","03099304",15,0,"1",325,"D",65,"D",.,"A",546,"D",0,"D",.,"A",.,"A",260,"D",0,"D",.,"A",.,"A",.,"A",.,"A"
"20161","03099384",93,0,"1",2028,"D",0,"D",.,"A",325,"D",6,"D",.,"A",10,"D",2028,"D",6,"D",.,"A",.,"A",.,"A",.,"A"
"20161","03099424",77,0,"1",1300,"D",0,"D",.,"A",975,"D",45,"D",.,"A",.,"A",1300,"D",60,"D",.,"A",.,"A",.,"A",.,"A"
"20161","03099564",34,0,"1",650,"D",130,"D",.,"A",1950,"D",0,"D",.,"A",.,"A",520,"D",0,"D",.,"A",.,"A",.,"A",.,"A"
"20161","03099604",12,0,"1",390,"D",65,"D",.,"A",0,"D",0,"D",.,"A",.,"A",325,"D",0,"D",.,"A",.,"A",.,"A",.,"A"
"20161","03099664",24,0,"1",975,"D",523,"F",.,"A",1950,"D",0,"D",.,"A",440,"D",2210,"F",0,"D",.,"A",.,"A",390,"D",30,"D"
"20161","03099714",28,0,"1",650,"D",0,"D",.,"A",780,"D",0,"D",.,"A",.,"A",650,"D",0,"D",60,"D",780,"D",.,"A",.,"A"
"20161","03099784",41,0,"1",650,"D",65,"D",.,"A",0,"D",0,"D",.,"A",.,"A",585,"D",0,"D",.,"A",.,"A",.,"A",.,"A"
"20161","03099844",106,0,"1",1950,"D",195,"D",.,"A",260,"D",0,"D",.,"A",.,"A",1755,"D",300,"D",.,"A",.,"A",260,"D",20,"D"
"20161","03099904",20,0,"1",1300,"D",325,"D",.,"A",0,"D",0,"D",.,"A",.,"A",975,"D",0,"D",.,"A",.,"A",.,"A",.,"A"
"20161","03099954",28,0,"1",1625,"D",325,"D",195,"D",975,"D",120,"D",.,"A",.,"A",1300,"D",180,"D",.,"A",.,"A",.,"A",.,"A"
"20161","03099964",33,0,"1",1625,"D",390,"D",.,"A",650,"D",0,"D",.,"A",.,"A",1235,"D",0,"D",.,"A",.,"A",.,"A",.,"A"
"20161","03100034",31,0,"1",1729,"D",273,"D",.,"A",857,"F",144,"F",.,"A",.,"A",1456,"D",128,"F",.,"A",.,"A",.,"A",.,"A"
"20161","03100044",39,0,"1",1300,"D",325,"D",.,"A",260,"D",30,"D",.,"A",.,"A",975,"D",60,"D",.,"A",.,"A",.,"A",.,"A"
"20161","03100054",44,0,"1",1300,"D",195,"D",.,"A",325,"D",0,"D",.,"A",.,"A",1105,"D",24,"D",.,"A",.,"A",.,"A",.,"A"
"20161","03100174",53,0,"1",1040,"D",260,"D",520,"D",910,"D",150,"D",.,"A",.,"A",780,"D",450,"D",30,"D",390,"D",.,"A",.,"A"
"20161","03100194",60,0,"1",1560,"D",390,"D",130,"D",650,"D",150,"D",.,"A",.,"A",1170,"D",150,"D",75,"D",975,"D",.,"A",.,"A"
"20161","03100254",31,0,"1",2925,"D",130,"D",.,"A",0,"D",0,"D",.,"A",.,"A",2795,"D",0,"D",.,"A",.,"A",.,"A",.,"A"
"20161","03100274",30,0,"1",520,"D",195,"D",.,"A",325,"D",150,"D",.,"A",.,"A",325,"D",150,"D",.,"A",.,"A",.,"A",.,"A"
"20161","03100404",43,0,"1",1950,"D",130,"D",.,"A",390,"D",0,"D",.,"A",.,"A",1820,"D",0,"D",.,"A",.,"A",.,"A",.,"A"
"20161","03100424",8,0,"1",650,"D",195,"D",.,"A",0,"D",0,"D",.,"A",.,"A",455,"D",0,"D",.,"A",.,"A",.,"A",.,"A"
"20161","03100504",22,0,"1",325,"D",0,"D",.,"A",0,"D",0,"D",.,"A",.,"A",325,"D",0,"D",.,"A",.,"A",.,"A",.,"A"
"20161","03100534",18,0,"1",910,"D",260,"D",.,"A",0,"D",0,"D",.,"A",.,"A",650,"D",0,"D",45,"D",585,"D",.,"A",.,"A"
"20161","03100594",40,0,"1",1950,"D",520,"D",.,"A",0,"D",0,"D",.,"A",.,"A",1430,"D",30,"D",125,"D",1625,"D",.,"A",.,"A"
"20161","03100634",22,0,"1",1040,"D",195,"D",.,"A",455,"D",60,"D",.,"A",.,"A",845,"D",60,"D",.,"A",.,"A",.,"A",.,"A"
"20161","03100674",30,0,"1",2210,"D",910,"D",.,"A",130,"D",0,"D",.,"A",.,"A",1300,"D",0,"D",.,"A",.,"A",.,"A",.,"A"
"20161","03100734",41,0,"1",2470,"D",390,"D",455,"D",780,"D",72,"D",.,"A",.,"A",2080,"D",0,"D",.,"A",.,"A",.,"A",.,"A"
"20161","03100824",21,0,"1",650,"D",130,"D",130,"D",130,"D",0,"D",.,"A",.,"A",520,"D",0,"D",.,"A",.,"A",.,"A",.,"A"
"20161","03100874",37,0,"1",1040,"D",0,"D",.,"A",390,"D",60,"D",.,"A",.,"A",1040,"D",90,"D",.,"A",.,"A",.,"A",.,"A"
"20161","03101004",23,0,"1",1388,"F",.,"A",.,"A",1300,"D",116,"F",.,"A",.,"A",1110,"F",121,"F",.,"A",.,"A",.,"A",.,"A"
"20161","03101094",55,0,"1",1625,"D",195,"D",.,"A",1300,"D",150,"D",.,"A",52,"D",1430,"D",300,"D",.,"A",.,"A",.,"A",.,"A"
"20161","03101154",22,0,"1",1690,"D",130,"D",.,"A",1300,"D",0,"D",.,"A",.,"A",1560,"D",100,"F",.,"A",.,"A",.,"A",.,"A"
"20161","03101204",25,0,"1",325,"D",65,"D",.,"A",780,"D",0,"D",.,"A",.,"A",260,"D",0,"D",.,"A",.,"A",.,"A",.,"A"
"20161","03101234",64,0,"1",650,"D",195,"D",390,"D",975,"D",120,"D",.,"A",.,"A",455,"D",75,"D",.,"A",.,"A",.,"A",.,"A"
"20161","03101244",80,0,"1",1292,"F",.,"A",.,"A",524,"F",86,"F",.,"A",.,"A",1051,"F",102,"F",.,"A",.,"A",.,"A",.,"A"
"20161","03101264",22,0,"1",910,"D",195,"D",.,"A",130,"D",127,"F",.,"A",.,"A",715,"D",124,"F",.,"A",.,"A",.,"A",.,"A"
"20161","03101274",25,0,"1",2600,"D",195,"D",.,"A",0,"D",0,"D",.,"A",.,"A",2405,"D",45,"D",.,"A",.,"A",.,"A",.,"A"
"20161","03101304",28,0,"1",1300,"D",195,"D",.,"A",0,"D",0,"D",.,"A",105,"D",1105,"D",0,"D",.,"A",.,"A",.,"A",.,"A"
"20161","03101334",26,0,"1",1300,"D",390,"D",195,"D",0,"D",0,"D",.,"A",.,"A",910,"D",0,"D",.,"A",.,"A",.,"A",.,"A"
"20161","03101374",35,0,"1",1950,"D",325,"D",.,"A",845,"D",0,"D",.,"A",.,"A",1625,"D",60,"D",.,"A",.,"A",.,"A",.,"A"
"20161","03101384",29,0,"1",2600,"D",195,"D",.,"A",2600,"D",0,"D",.,"A",60,"D",2405,"D",0,"D",.,"A",.,"A",.,"A",.,"A"
"20161","03101434",31,0,"1",1300,"D",195,"D",.,"A",0,"D",6,"D",.,"A",.,"A",1105,"D",6,"D",20,"D",260,"D",.,"A",.,"A"
"20161","03101494",32,0,"1",1300,"D",325,"D",.,"A",520,"D",60,"D",.,"A",.,"A",975,"D",150,"D",25,"D",325,"D",.,"A",.,"A"
"20161","03101604",32,0,"1",1831,"F",.,"A",.,"A",1131,"F",198,"F",.,"A",.,"A",1478,"F",209,"F",.,"A",.,"A",.,"A",.,"A"
"20161","03101624",19,0,"1",845,"D",130,"D",.,"A",0,"D",0,"D",.,"A",.,"A",715,"D",0,"D",28,"D",364,"D",.,"A",.,"A"
"20161","03101694",37,0,"1",5200,"D",650,"D",.,"A",650,"D",0,"D",.,"A",.,"A",4550,"D",0,"D",.,"A",.,"A",.,"A",.,"A"
"20161","03101714",47,0,"1",1300,"D",130,"D",.,"A",2080,"D",120,"D",.,"A",.,"A",1170,"D",240,"D",15,"D",195,"D",325,"D",25,"D"
"20161","03101724",29,0,"1",2314,"D",455,"D",.,"A",390,"D",0,"D",.,"A",.,"A",1859,"D",0,"D",.,"A",.,"A",.,"A",.,"A"
"20161","03101764",97,0,"1",1820,"D",130,"D",.,"A",650,"D",120,"D",.,"A",.,"A",1690,"D",90,"D",.,"A",.,"A",.,"A",.,"A"
"20161","03101884",11,0,"1",325,"D",65,"D",.,"A",0,"D",0,"D",.,"A",.,"A",260,"D",0,"D",.,"A",.,"A",.,"A",.,"A"
"20161","03101904",22,0,"1",1300,"D",325,"D",.,"A",0,"D",0,"D",.,"A",.,"A",975,"D",0,"D",.,"A",.,"A",.,"A",.,"A"
"20161","03101944",22,0,"1",650,"D",130,"D",.,"A",0,"D",0,"D",.,"A",.,"A",520,"D",0,"D",.,"A",.,"A",.,"A",.,"A"
"20161","03102064",9,0,"1",1300,"D",0,"D",.,"A",0,"D",0,"D",.,"A",.,"A",1300,"D",0,"D",41,"D",533,"D",.,"A",.,"A"
"20161","03102214",54,0,"1",1313,"D",221,"D",.,"A",325,"D",30,"D",.,"A",.,"A",1092,"D",15,"D",.,"A",.,"A",.,"A",.,"A"
"20161","03102224",19,0,"1",650,"D",65,"D",.,"A",130,"D",0,"D",.,"A",.,"A",585,"D",0,"D",.,"A",.,"A",.,"A",.,"A"
"20161","03102274",22,0,"1",585,"D",65,"D",.,"A",65,"D",0,"D",.,"A",.,"A",520,"D",0,"D",12,"D",156,"D",.,"A",.,"A"
"20161","03102294",36,0,"1",1560,"D",260,"D",1040,"D",390,"D",0,"D",.,"A",.,"A",1300,"D",0,"D",.,"A",.,"A",.,"A",.,"A"
"20161","03102334",21,0,"1",1300,"D",260,"D",.,"A",260,"D",0,"D",.,"A",.,"A",1040,"D",0,"D",.,"A",.,"A",.,"A",.,"A"
"20161","03102354",29,0,"1",2275,"D",260,"D",.,"A",1950,"D",0,"D",.,"A",.,"A",2015,"D",0,"D",.,"A",.,"A",.,"A",.,"A"
"20161","03102404",39,0,"1",585,"D",130,"D",.,"A",130,"D",0,"D",.,"A",.,"A",455,"D",0,"D",.,"A",.,"A",.,"A",.,"A"
"20161","03102454",36,0,"1",780,"D",130,"D",.,"A",260,"D",0,"D",.,"A",.,"A",650,"D",0,"D",.,"A",.,"A",.,"A",.,"A"
"20161","03102484",20,0,"1",1950,"D",455,"D",.,"A",520,"D",0,"D",.,"A",.,"A",1495,"D",0,"D",.,"A",.,"A",.,"A",.,"A"
"20161","03102524",41,0,"1",2600,"D",650,"D",.,"A",520,"D",240,"D",.,"A",.,"A",1950,"D",60,"D",.,"A",.,"A",.,"A",.,"A"
"20161","03102664",17,0,"1",650,"D",0,"D",260,"D",260,"D",0,"D",.,"A",.,"A",650,"D",0,"D",40,"D",520,"D",.,"A",.,"A"
"20161","03102694",9,0,"1",585,"D",65,"D",.,"A",65,"D",0,"D",.,"A",.,"A",520,"D",0,"D",10,"D",130,"D",.,"A",.,"A"
"20161","03102804",20,0,"1",910,"D",260,"D",.,"A",260,"D",0,"D",.,"A",.,"A",650,"D",0,"D",.,"A",.,"A",.,"A",.,"A"
"20161","03102824",39,0,"1",3250,"D",2600,"D",.,"A",910,"D",0,"D",.,"A",.,"A",650,"D",1200,"D",90,"D",1170,"D",.,"A",.,"A"
"20161","03102904",29,0,"1",1560,"D",0,"D",.,"A",3900,"D",0,"D",.,"A",.,"A",1560,"D",0,"D",.,"A",.,"A",.,"A",.,"A"
"20161","03103044",32,0,"1",1950,"D",975,"D",.,"A",650,"D",0,"D",.,"A",.,"A",975,"D",0,"D",.,"A",.,"A",.,"A",.,"A"
"20161","03103124",83,0,"1",520,"D",0,"D",.,"A",520,"D",0,"D",.,"A",.,"A",520,"D",0,"D",.,"A",.,"A",.,"A",.,"A"
"20161","03103164",22,0,"1",1300,"D",130,"D",.,"A",520,"D",0,"D",.,"A",.,"A",1170,"D",0,"D",.,"A",.,"A",.,"A",.,"A"
"20161","03103184",34,0,"1",1625,"D",260,"D",130,"D",260,"D",0,"D",.,"A",.,"A",1365,"D",75,"D",.,"A",.,"A",.,"A",.,"A"
"20161","03103204",33,0,"1",650,"D",195,"D",.,"A",0,"D",0,"D",.,"A",.,"A",455,"D",0,"D",.,"A",.,"A",.,"A",.,"A"
"20161","03103274",14,0,"1",585,"D",65,"D",.,"A",0,"D",0,"D",.,"A",.,"A",520,"D",0,"D",.,"A",.,"A",.,"A",.,"A"
"20161","03103284",21,0,"1",1950,"D",203,"F",207,"F",390,"D",6,"D",.,"A",.,"A",708,"F",6,"D",.,"A",.,"A",.,"A",.,"A"
"20161","03103314",20,0,"1",1300,"D",390,"D",.,"A",195,"D",0,"D",.,"A",.,"A",910,"D",0,"D",.,"A",.,"A",.,"A",.,"A"
"20161","03103354",33,0,"1",2600,"D",780,"D",.,"A",260,"D",90,"D",.,"A",.,"A",1820,"D",60,"D",.,"A",.,"A",.,"A",.,"A"
"20161","03103394",16,0,"1",2600,"D",650,"D",.,"A",0,"D",0,"D",.,"A",.,"A",1950,"D",0,"D",.,"A",.,"A",.,"A",.,"A"
"20161","03103454",34,0,"1",1820,"D",325,"D",.,"A",390,"D",0,"D",.,"A",.,"A",1495,"D",120,"D",50,"D",650,"D",.,"A",.,"A"
"20161","03103484",24,0,"1",0,"D",.,"A",.,"A",0,"D",0,"D",.,"A",.,"A",0,"D",0,"D",.,"A",.,"A",.,"A",.,"A"
"20161","03103584",59,0,"1",1040,"D",130,"D",.,"A",390,"D",0,"D",.,"A",.,"A",910,"D",0,"D",55,"D",715,"D",.,"A",.,"A"
"20161","03103624",33,0,"1",546,"D",26,"D",39,"D",962,"D",465,"D",.,"A",.,"A",520,"D",78,"D",.,"A",.,"A",.,"A",.,"A"
"20161","03103654",34,0,"1",1625,"D",325,"D",.,"A",0,"D",0,"D",.,"A",.,"A",1300,"D",0,"D",.,"A",.,"A",.,"A",.,"A"
"20161","03103694",19,0,"1",650,"D",39,"D",650,"D",65,"D",0,"D",.,"A",.,"A",611,"D",60,"D",.,"A",.,"A",455,"D",35,"D"
"20161","03103714",33,0,"1",390,"D",260,"D",.,"A",390,"D",0,"D",.,"A",.,"A",130,"D",0,"D",.,"A",.,"A",.,"A",.,"A"
"20161","03103734",75,0,"1",1950,"D",325,"D",.,"A",1950,"D",0,"D",.,"A",.,"A",1625,"D",0,"D",.,"A",.,"A",.,"A",.,"A"
"20161","03103834",16,0,"1",325,"D",52,"D",.,"A",0,"D",0,"D",.,"A",.,"A",273,"D",0,"D",.,"A",.,"A",.,"A",.,"A"
"20161","03103854",33,0,"1",1950,"D",260,"D",325,"D",0,"D",0,"D",.,"A",.,"A",1690,"D",0,"D",.,"A",.,"A",.,"A",.,"A"
"20161","03103944",20,0,"1",910,"D",260,"D",195,"D",390,"D",0,"D",.,"A",.,"A",650,"D",0,"D",.,"A",.,"A",.,"A",.,"A"
"20161","03104004",23,0,"1",1170,"D",130,"D",650,"D",260,"D",0,"D",.,"A",.,"A",1040,"D",0,"D",.,"A",.,"A",.,"A",.,"A"
"20161","03104014",16,0,"1",2600,"D",650,"D",520,"D",650,"D",0,"D",.,"A",.,"A",1950,"D",120,"D",.,"A",.,"A",.,"A",.,"A"
"20161","03104074",27,0,"1",1625,"D",260,"D",390,"D",130,"D",0,"D",.,"A",.,"A",1365,"D",30,"D",14,"D",182,"D",.,"A",.,"A"
"20161","03104104",31,0,"1",1690,"D",260,"D",.,"A",0,"D",0,"D",.,"A",0,"D",1430,"D",0,"D",.,"A",.,"A",.,"A",.,"A"
"20161","03104204",45,0,"1",1300,"D",156,"D",.,"A",182,"D",0,"D",.,"A",.,"A",1144,"D",0,"D",.,"A",.,"A",.,"A",.,"A"
"20161","03104214",60,0,"1",2600,"D",130,"D",.,"A",325,"D",0,"D",.,"A",70,"D",2470,"D",0,"D",.,"A",.,"A",.,"A",.,"A"
"20161","03104244",46,0,"1",1950,"D",650,"D",.,"A",260,"D",300,"D",.,"A",.,"A",1300,"D",150,"D",.,"A",.,"A",.,"A",.,"A"
"20161","03104254",73,0,"1",2925,"D",325,"D",286,"D",1300,"D",300,"D",.,"A",.,"A",2600,"D",120,"D",.,"A",.,"A",.,"A",.,"A"
"20161","03104304",25,0,"1",1300,"D",130,"D",.,"A",0,"D",0,"D",.,"A",.,"A",1170,"D",0,"D",.,"A",.,"A",.,"A",.,"A"
"20161","03104314",49,0,"1",3900,"D",650,"D",.,"A",1300,"D",0,"D",.,"A",.,"A",3250,"D",300,"D",.,"A",.,"A",.,"A",.,"A"
"20161","03104334",17,0,"1",650,"D",0,"D",.,"A",325,"D",30,"D",.,"A",.,"A",650,"D",0,"D",40,"D",520,"D",.,"A",.,"A"
"20161","03104344",33,0,"1",1300,"D",260,"D",.,"A",650,"D",0,"D",.,"A",.,"A",1040,"D",0,"D",.,"A",.,"A",.,"A",.,"A"
"20161","03104364",13,0,"1",1300,"D",390,"D",.,"A",0,"D",0,"D",.,"A",.,"A",910,"D",0,"D",.,"A",.,"A",.,"A",.,"A"
"20161","03104384",16,0,"1",2600,"D",273,"D",.,"A",3900,"D",336,"D",.,"A",.,"A",2327,"D",180,"D",.,"A",.,"A",.,"A",.,"A"
"20161","03104464",24,0,"1",910,"D",130,"D",.,"A",910,"D",0,"D",.,"A",.,"A",780,"D",0,"D",10,"D",130,"D",.,"A",.,"A"
"20161","03104554",25,0,"1",4420,"D",1300,"D",.,"A",1300,"D",115,"F",.,"A",.,"A",3120,"D",300,"D",150,"D",1950,"D",.,"A",.,"A"
"20161","03104604",25,0,"1",1950,"D",0,"D",975,"D",0,"D",0,"D",.,"A",.,"A",1950,"D",0,"D",.,"A",.,"A",.,"A",.,"A"
"20161","03104624",27,0,"1",1645,"F",.,"A",.,"A",818,"F",0,"D",.,"A",.,"A",1330,"F",0,"D",.,"A",.,"A",.,"A",.,"A"
"20161","03104674",71,0,"1",910,"D",195,"D",.,"A",650,"D",90,"D",.,"A",.,"A",715,"D",150,"D",.,"C",453,"F",.,"A",.,"A"
"20161","03104694",33,0,"1",845,"D",325,"D",.,"A",0,"D",0,"D",.,"A",.,"A",520,"D",0,"D",.,"A",.,"A",.,"A",.,"A"
"20161","03104774",73,0,"1",2600,"D",650,"D",.,"A",1300,"D",0,"D",.,"A",696,"D",1950,"D",0,"D",.,"A",.,"A",.,"A",.,"A"
"20161","03104784",21,0,"1",650,"D",260,"D",65,"D",260,"D",0,"D",.,"A",.,"A",390,"D",42,"D",5,"D",65,"D",.,"A",.,"A"
"20161","03104814",39,0,"1",1690,"D",260,"D",.,"A",0,"D",0,"D",.,"A",.,"A",1430,"D",30,"D",10,"D",130,"D",.,"A",.,"A"
"20161","03104834",23,0,"1",650,"D",130,"D",.,"A",260,"D",0,"D",.,"A",.,"A",520,"D",0,"D",.,"A",.,"A",.,"A",.,"A"
"20161","03104844",27,0,"1",1950,"D",390,"D",.,"A",260,"D",90,"D",.,"A",120,"D",1560,"D",90,"D",.,"A",.,"A",.,"A",.,"A"
"20161","03104854",29,0,"1",2925,"D",975,"D",.,"A",585,"D",0,"D",.,"A",.,"A",1950,"D",69,"D",68,"D",884,"D",.,"A",.,"A"
"20161","03104864",35,0,"1",780,"D",130,"D",.,"A",1300,"D",750,"D",.,"A",.,"A",650,"D",300,"D",.,"A",.,"A",.,"A",.,"A"
"20161","03104884",30,0,"1",975,"D",91,"D",.,"A",260,"D",3,"D",.,"A",.,"A",884,"D",15,"D",.,"A",.,"A",.,"A",.,"A"
"20161","03104914",39,0,"1",1950,"D",104,"D",1300,"D",650,"D",0,"D",.,"A",.,"A",1846,"D",150,"D",.,"A",.,"A",.,"A",.,"A"
"20161","03104974",26,0,"1",1820,"D",325,"F",.,"A",390,"D",0,"D",.,"A",.,"A",1197,"F",840,"D",35,"D",455,"D",.,"A",.,"A"
"20161","03105034",53,0,"1",1560,"D",390,"D",.,"A",585,"D",0,"D",.,"A",.,"A",1170,"D",120,"D",20,"D",260,"D",.,"A",.,"A"
"20161","03105054",27,0,"1",2275,"D",455,"D",520,"D",1300,"D",225,"D",.,"A",.,"A",1820,"D",300,"D",.,"A",.,"A",.,"A",.,"A"
"20161","03105104",17,0,"1",1950,"D",650,"D",.,"A",0,"D",0,"D",.,"A",.,"A",1300,"D",240,"D",30,"D",390,"D",.,"A",.,"A"
"20161","03105134",39,0,"1",975,"D",130,"D",130,"D",975,"D",105,"D",.,"A",.,"A",845,"D",60,"D",.,"A",.,"A",.,"A",.,"A"
"20161","03105164",43,0,"1",1950,"D",520,"D",260,"D",260,"D",0,"D",.,"A",.,"A",1430,"D",0,"D",.,"A",.,"A",.,"A",.,"A"
"20161","03105204",20,0,"1",1560,"D",260,"D",.,"A",390,"D",0,"D",.,"A",.,"A",1300,"D",0,"D",.,"A",.,"A",.,"A",.,"A"
"20161","03105214",27,0,"1",1495,"D",130,"D",.,"A",195,"D",0,"D",.,"A",.,"A",1365,"D",0,"D",.,"A",.,"A",.,"A",.,"A"
"20161","03105224",54,0,"1",1950,"D",520,"D",.,"A",1300,"D",60,"D",.,"A",.,"A",1430,"D",0,"D",.,"A",.,"A",260,"D",20,"D"
"20161","03105284",18,0,"1",650,"D",0,"D",.,"A",260,"D",0,"D",.,"A",.,"A",650,"D",0,"D",20,"D",260,"D",.,"A",.,"A"
"20161","03105314",43,0,"1",1300,"D",130,"D",.,"A",325,"D",0,"D",.,"A",.,"A",1170,"D",0,"D",.,"A",.,"A",.,"A",.,"A"
"20161","03105324",45,0,"1",1950,"D",650,"D",318,"F",1300,"D",134,"F",.,"A",.,"A",1300,"D",150,"D",.,"A",.,"A",.,"A",.,"A"
"20161","03105344",17,0,"1",1625,"D",156,"D",260,"D",650,"D",0,"D",.,"A",.,"A",1469,"D",0,"D",.,"A",.,"A",.,"A",.,"A"
"20161","03105354",106,0,"1",3900,"D",390,"D",.,"A",3900,"D",60,"D",.,"A",.,"A",3510,"D",90,"D",.,"A",.,"A",.,"A",.,"A"
"20161","03105394",33,0,"1",1950,"D",260,"D",.,"A",1300,"D",0,"D",.,"A",.,"A",1690,"D",0,"D",.,"A",.,"A",.,"A",.,"A"
"20161","03105534",27,0,"1",1347,"F",.,"A",.,"A",0,"D",0,"D",.,"A",.,"A",1079,"F",0,"D",.,"A",.,"A",.,"A",.,"A"
"20161","03105564",24,0,"1",650,"D",260,"D",.,"A",0,"D",0,"D",.,"A",.,"A",390,"D",0,"D",.,"A",.,"A",.,"A",.,"A"
"20161","03105574",36,0,"1",1040,"D",130,"D",.,"A",455,"D",0,"D",.,"A",.,"A",910,"D",0,"D",.,"A",.,"A",.,"A",.,"A"
"20161","03105754",36,0,"1",1950,"D",0,"D",.,"A",130,"D",0,"D",.,"A",.,"A",1950,"D",0,"D",.,"A",.,"A",.,"A",.,"A"
"20161","03105764",34,0,"1",3250,"D",260,"D",.,"A",1300,"D",0,"D",.,"A",.,"A",2990,"D",60,"D",.,"A",.,"A",.,"A",.,"A"
"20161","03105794",10,0,"1",975,"D",195,"D",.,"A",195,"D",0,"D",.,"A",.,"A",780,"D",0,"D",.,"A",.,"A",.,"A",.,"A"
"20161","03105854",66,0,"1",1950,"D",390,"D",.,"A",650,"D",90,"D",.,"A",.,"A",1560,"D",120,"D",.,"A",.,"A",.,"A",.,"A"
"20161","03105884",33,0,"1",1950,"D",195,"D",260,"D",650,"D",0,"D",.,"A",.,"A",1755,"D",0,"D",.,"C",505,"F",.,"A",.,"A"
"20161","03105914",32,0,"1",1300,"D",260,"D",.,"A",1755,"D",75,"D",.,"A",.,"A",1040,"D",90,"D",.,"A",.,"A",.,"A",.,"A"
"20161","03105994",55,0,"1",1690,"D",130,"D",.,"A",585,"D",0,"D",.,"A",.,"A",1560,"D",0,"D",35,"D",455,"D",.,"A",.,"A"
"20161","03106004",22,0,"1",650,"D",185,"F",327,"F",344,"F",86,"F",.,"A",.,"A",674,"F",114,"F",.,"A",.,"A",.,"A",.,"A"
"20161","03106074",84,0,"1",1625,"D",455,"D",.,"A",1625,"D",120,"D",.,"A",.,"A",1170,"D",45,"D",35,"D",455,"D",.,"A",.,"A"
"20161","03106124",29,0,"1",975,"D",325,"D",.,"A",0,"D",0,"D",.,"A",.,"A",650,"D",0,"D",.,"A",.,"A",.,"A",.,"A"
"20161","03106204",21,0,"1",910,"D",0,"D",.,"A",260,"D",0,"D",.,"A",.,"A",910,"D",0,"D",.,"A",.,"A",.,"A",.,"A"
"20161","03106224",74,0,"1",1950,"D",523,"F",.,"A",1300,"D",0,"D",.,"A",100,"D",2210,"F",0,"D",.,"A",.,"A",.,"A",.,"A"
"20161","03106294",28,0,"1",780,"D",0,"D",.,"A",104,"D",0,"D",.,"A",.,"A",780,"D",0,"D",.,"A",.,"A",.,"A",.,"A"
"20161","03106314",15,0,"1",845,"D",0,"D",390,"D",650,"D",30,"D",.,"A",.,"A",845,"D",180,"D",.,"A",.,"A",.,"A",.,"A"
"20161","03106324",52,0,"1",975,"D",130,"D",.,"A",1300,"D",0,"D",.,"A",.,"A",845,"D",45,"D",.,"A",.,"A",.,"A",.,"A"
"20161","03106354",34,0,"1",962,"D",130,"D",.,"A",520,"D",0,"D",.,"A",.,"A",832,"D",30,"D",.,"A",.,"A",.,"A",.,"A"
"20161","03106384",51,0,"1",3900,"D",650,"D",.,"A",650,"D",0,"D",306,"D",330,"D",3250,"D",60,"D",.,"A",.,"A",130,"D",10,"D"
"20161","03106394",35,0,"1",1235,"D",130,"D",.,"A",156,"D",0,"D",.,"A",.,"A",1105,"D",0,"D",.,"A",.,"A",206,"F",.,"C"
"20161","03106444",21,0,"1",2600,"D",195,"D",1300,"D",1950,"D",0,"D",.,"A",.,"A",2405,"D",0,"D",80,"D",1040,"D",.,"A",.,"A"
"20161","03106484",20,0,"1",650,"D",325,"D",.,"A",0,"D",0,"D",.,"A",.,"A",325,"D",0,"D",25,"D",325,"D",.,"A",.,"A"
"20161","03106494",26,0,"1",1170,"D",65,"D",.,"A",260,"D",0,"D",.,"A",.,"A",1105,"D",0,"D",.,"A",.,"A",.,"A",.,"A"
"20161","03106504",51,0,"1",1300,"D",130,"D",.,"A",455,"D",0,"D",.,"A",.,"A",1170,"D",0,"D",.,"A",.,"A",.,"A",.,"A"
"20161","03106564",53,0,"1",975,"D",390,"D",1898,"D",845,"D",105,"D",.,"A",.,"A",585,"D",60,"D",.,"A",.,"A",.,"A",.,"A"
"20161","03106594",41,0,"1",6500,"D",2600,"D",.,"A",780,"D",0,"D",.,"A",.,"A",3900,"D",0,"D",36,"D",468,"D",.,"A",.,"A"
"20161","03106614",25,0,"1",1950,"D",195,"D",.,"A",0,"D",0,"D",.,"A",.,"A",1755,"D",0,"D",.,"A",.,"A",.,"A",.,"A"
"20161","03106664",95,0,"1",780,"D",130,"D",.,"A",130,"D",30,"D",.,"A",.,"A",650,"D",90,"D",.,"A",.,"A",.,"A",.,"A"
"20161","03106684",50,0,"1",1950,"D",390,"D",.,"A",1300,"D",0,"D",.,"A",240,"D",1560,"D",0,"D",.,"A",.,"A",.,"A",.,"A"
"20161","03106694",32,0,"1",3900,"D",520,"D",780,"D",1300,"D",0,"D",.,"A",.,"A",3380,"D",0,"D",.,"A",.,"A",.,"A",.,"A"
"20161","03106714",56,0,"1",975,"D",325,"D",.,"A",1950,"D",150,"D",.,"A",.,"A",650,"D",150,"D",.,"A",.,"A",.,"A",.,"A"
"20161","03106724",27,0,"1",780,"D",195,"D",.,"A",1300,"D",0,"D",.,"A",.,"A",585,"D",0,"D",.,"A",.,"A",.,"A",.,"A"
"20161","03106754",16,0,"1",780,"D",195,"D",.,"A",0,"D",0,"D",.,"A",.,"A",585,"D",0,"D",.,"A",.,"A",.,"A",.,"A"
"20161","03106764",6,0,"1",883,"F",.,"A",.,"A",534,"F",158,"F",.,"A",.,"A",721,"F",124,"F",.,"A",.,"A",.,"A",.,"A"
"20161","03106794",35,0,"1",1950,"D",650,"D",.,"A",325,"D",75,"D",.,"A",.,"A",1300,"D",60,"D",.,"A",.,"A",.,"A",.,"A"
"20161","03106814",44,0,"1",5200,"D",1300,"D",.,"A",1560,"D",0,"D",.,"A",525,"D",3900,"D",0,"D",.,"A",.,"A",.,"A",.,"A"
"20161","03106864",51,0,"1",845,"D",130,"D",104,"D",910,"D",30,"D",.,"A",.,"A",715,"D",30,"D",.,"A",.,"A",.,"A",.,"A"
"20161","03107004",55,0,"1",3250,"D",975,"D",.,"A",325,"D",0,"D",380,"D",250,"D",2275,"D",180,"D",.,"A",.,"A",.,"A",.,"A"
"20161","03107024",31,0,"1",1950,"D",409,"F",.,"A",0,"D",60,"D",.,"A",360,"D",1817,"F",60,"D",.,"A",.,"A",.,"A",.,"A"
"20161","03107034",40,0,"1",1495,"D",130,"D",.,"A",910,"D",0,"D",.,"A",.,"A",1365,"D",300,"D",.,"A",.,"A",325,"D",25,"D"
"20161","03107064",44,0,"1",1820,"D",325,"D",.,"A",520,"D",0,"D",.,"A",.,"A",1495,"D",0,"D",.,"A",.,"A",.,"A",.,"A"
"20161","03107174",28,0,"1",1560,"D",195,"D",.,"A",650,"D",0,"D",.,"A",200,"D",1365,"D",0,"D",.,"A",.,"A",.,"A",.,"A"
"20161","03107214",39,0,"1",520,"D",0,"D",.,"A",390,"D",150,"D",.,"A",.,"A",520,"D",0,"D",.,"A",.,"A",.,"A",.,"A"
"20161","03107274",23,0,"1",975,"D",195,"D",.,"A",650,"D",0,"D",.,"A",.,"A",780,"D",0,"D",.,"A",.,"A",.,"A",.,"A"
"20161","03107304",34,0,"1",650,"D",130,"D",.,"A",1300,"D",0,"D",.,"A",.,"A",520,"D",0,"D",.,"A",.,"A",.,"A",.,"A"
"20161","03107344",42,0,"1",1300,"D",260,"D",.,"A",0,"D",0,"D",.,"A",.,"A",1040,"D",300,"D",.,"A",.,"A",.,"A",.,"A"
"20161","03107364",40,0,"1",5200,"D",2600,"D",.,"A",520,"D",0,"D",.,"A",.,"A",2600,"D",300,"D",.,"A",.,"A",.,"A",.,"A"
"20161","03107374",32,0,"1",1311,"F",.,"A",.,"A",1157,"F",264,"F",.,"A",.,"A",1049,"F",338,"F",.,"A",.,"A",.,"A",.,"A"
"20161","03107384",71,0,"1",2925,"D",0,"D",.,"A",1300,"D",0,"D",.,"A",.,"A",2925,"D",0,"D",.,"A",.,"A",.,"A",.,"A"
"20161","03107434",50,0,"1",2210,"D",455,"D",.,"A",455,"D",0,"D",.,"A",.,"A",1755,"D",180,"D",.,"A",.,"A",.,"A",.,"A"
"20161","03107454",63,0,"1",2600,"D",455,"D",.,"A",650,"D",60,"D",.,"A",.,"A",2145,"D",300,"D",.,"A",.,"A",.,"A",.,"A"
"20161","03107604",116,0,"1",2275,"D",390,"D",.,"A",520,"D",0,"D",.,"A",.,"A",1885,"D",0,"D",7,"D",91,"D",.,"A",.,"A"
"20161","03107624",11,0,"1",0,"D",.,"A",.,"A",0,"D",158,"F",.,"A",.,"A",0,"D",124,"F",.,"A",.,"A",.,"A",.,"A"
"20161","03107634",23,0,"1",1300,"D",0,"D",.,"A",1300,"D",0,"D",.,"A",.,"A",1300,"D",0,"D",.,"A",.,"A",.,"A",.,"A"
"20161","03107664",54,0,"1",650,"D",0,"D",.,"A",260,"D",0,"D",.,"A",.,"A",650,"D",0,"D",.,"A",.,"A",.,"A",.,"A"
"20161","03107674",15,0,"1",1645,"F",.,"A",.,"A",818,"F",0,"D",.,"A",.,"A",1330,"F",0,"D",.,"A",.,"A",.,"A",.,"A"
"20161","03107714",32,0,"1",260,"D",0,"D",.,"A",130,"D",0,"D",.,"A",.,"A",260,"D",0,"D",.,"A",.,"A",.,"A",.,"A"
"20161","03107734",18,0,"1",910,"D",390,"D",.,"A",0,"D",0,"D",.,"A",.,"A",520,"D",0,"D",.,"A",.,"A",.,"A",.,"A"
"20161","03107834",31,0,"1",1950,"D",390,"D",.,"A",260,"D",0,"D",.,"A",.,"A",1560,"D",0,"D",.,"A",.,"A",.,"A",.,"A"
"20161","03107984",48,0,"1",1690,"D",130,"D",130,"D",0,"D",300,"D",.,"A",.,"A",1560,"D",0,"D",.,"A",.,"A",.,"A",.,"A"
"20161","03107994",27,0,"1",2194,"F",.,"A",.,"A",0,"D",0,"D",.,"A",.,"A",1755,"F",300,"D",.,"A",.,"A",.,"A",.,"A"
"20161","03108074",61,0,"1",130,"D",0,"D",.,"A",650,"D",54,"D",.,"A",.,"A",130,"D",600,"D",.,"A",.,"A",.,"A",.,"A"
"20161","03108114",43,0,"1",975,"D",195,"D",.,"A",650,"D",0,"D",.,"A",.,"A",780,"D",0,"D",.,"A",.,"A",.,"A",.,"A"
"20161","03108254",19,0,"1",1300,"D",156,"D",.,"A",130,"D",0,"D",.,"A",.,"A",1144,"D",0,"D",.,"A",.,"A",.,"A",.,"A"
"20161","03108294",46,0,"1",910,"D",130,"D",.,"A",325,"D",75,"D",.,"A",.,"A",780,"D",90,"D",.,"A",.,"A",.,"A",.,"A"
"20161","03108304",16,0,"1",520,"D",65,"D",.,"A",0,"D",0,"D",.,"A",.,"A",455,"D",0,"D",.,"A",.,"A",.,"A",.,"A"
"20161","03108354",11,0,"1",1812,"F",.,"A",.,"A",648,"F",144,"F",.,"A",.,"A",1569,"F",183,"F",.,"A",.,"A",.,"A",.,"A"
"20161","03108364",33,0,"1",585,"D",65,"D",.,"A",0,"D",0,"D",.,"A",.,"A",520,"D",90,"D",.,"A",.,"A",.,"A",.,"A"
"20161","03108394",28,0,"1",2405,"D",130,"D",260,"D",130,"D",0,"D",.,"A",.,"A",2275,"D",30,"D",.,"A",.,"A",.,"A",.,"A"
"20161","03108454",80,0,"1",1300,"D",195,"D",.,"A",2600,"D",60,"D",.,"A",.,"A",1105,"D",0,"D",.,"A",.,"A",.,"A",.,"A"
"20161","03108464",36,0,"1",1625,"D",169,"D",.,"A",130,"D",0,"D",.,"A",.,"A",1456,"D",0,"D",.,"A",.,"A",585,"D",45,"D"
"20161","03108564",39,0,"1",364,"D",104,"D",.,"A",130,"D",0,"D",.,"A",.,"A",260,"D",0,"D",60,"D",780,"D",.,"A",.,"A"
"20161","03108754",30,0,"1",780,"D",130,"D",.,"A",0,"D",0,"D",.,"A",.,"A",650,"D",300,"D",54,"D",702,"D",.,"A",.,"A"
"20161","03108764",17,0,"1",975,"D",130,"D",.,"A",0,"D",0,"D",.,"A",.,"A",845,"D",0,"D",.,"A",.,"A",.,"A",.,"A"
"20161","03108774",18,0,"1",2600,"D",975,"D",.,"A",0,"D",0,"D",.,"A",.,"A",1625,"D",0,"D",.,"A",.,"A",.,"A",.,"A"
"20161","03108804",37,0,"1",1950,"D",650,"D",.,"A",91,"D",0,"D",.,"A",.,"A",1300,"D",0,"D",.,"A",.,"A",.,"A",.,"A"
"20161","03108824",28,0,"1",390,"D",65,"D",.,"A",65,"D",0,"D",.,"A",.,"A",325,"D",0,"D",.,"A",.,"A",.,"A",.,"A"
"20161","03108864",36,0,"1",1430,"D",130,"D",.,"A",130,"D",0,"D",.,"A",.,"A",1300,"D",0,"D",.,"A",.,"A",.,"A",.,"A"
"20161","03108874",54,0,"1",975,"D",195,"D",.,"A",520,"D",0,"D",.,"A",.,"A",780,"D",0,"D",.,"A",.,"A",.,"A",.,"A"
"20161","03108974",30,0,"1",585,"D",325,"D",390,"D",650,"D",0,"D",.,"A",.,"A",260,"D",0,"D",18,"D",234,"D",.,"A",.,"A"
"20161","03108994",46,0,"1",156,"D",26,"D",.,"A",494,"D",0,"D",.,"A",.,"A",130,"D",105,"D",.,"A",.,"A",.,"A",.,"A"
"20161","03109094",17,0,"1",2730,"D",845,"D",.,"A",0,"D",0,"D",.,"A",.,"A",1885,"D",15,"D",.,"A",.,"A",.,"A",.,"A"
"20161","03109104",33,0,"1",650,"D",0,"D",.,"A",0,"D",0,"D",.,"A",.,"A",650,"D",0,"D",.,"A",.,"A",.,"A",.,"A"
"20161","03109214",17,0,"1",650,"D",130,"D",.,"A",0,"D",0,"D",.,"A",.,"A",520,"D",0,"D",10,"D",130,"D",.,"A",.,"A"
"20161","03109264",29,0,"1",2600,"D",325,"D",.,"A",910,"D",60,"D",.,"A",.,"A",2275,"D",60,"D",.,"A",.,"A",.,"A",.,"A"
"20161","03109304",27,0,"1",1300,"D",65,"D",.,"A",780,"D",0,"D",.,"A",.,"A",1235,"D",0,"D",.,"A",.,"A",.,"A",.,"A"
"20161","03109484",29,0,"1",520,"D",65,"D",.,"A",390,"D",0,"D",.,"A",.,"A",455,"D",0,"D",.,"A",.,"A",.,"A",.,"A"
"20161","03109514",13,0,"1",1001,"D",0,"D",.,"A",0,"D",0,"D",.,"A",.,"A",1001,"D",0,"D",15,"D",195,"D",.,"A",.,"A"
"20161","03109524",15,0,"1",1300,"D",650,"D",.,"A",195,"D",0,"D",.,"A",.,"A",650,"D",0,"D",90,"D",1170,"D",.,"A",.,"A"
"20161","03109584",40,0,"1",1300,"D",195,"D",.,"A",195,"D",0,"D",.,"A",.,"A",1105,"D",0,"D",.,"A",.,"A",.,"A",.,"A"
"20161","03109614",17,0,"1",780,"D",130,"D",.,"A",195,"D",0,"D",.,"A",.,"A",650,"D",0,"D",.,"A",.,"A",.,"A",.,"A"
"20161","03109624",18,0,"1",3900,"D",325,"D",130,"D",975,"D",0,"D",.,"A",.,"A",3575,"D",0,"D",.,"A",.,"A",.,"A",.,"A"
"20161","03109634",36,0,"1",1300,"D",0,"D",.,"A",26,"D",0,"D",.,"A",.,"A",1300,"D",6,"D",.,"A",.,"A",.,"A",.,"A"
"20161","03109664",27,0,"1",650,"D",325,"D",.,"A",0,"D",0,"D",.,"A",.,"A",325,"D",0,"D",.,"A",.,"A",.,"A",.,"A"
"20161","03109674",29,0,"1",2600,"D",346,"F",.,"A",390,"D",0,"D",.,"A",.,"A",1615,"F",0,"D",.,"A",.,"A",.,"A",.,"A"
"20161","03109754",40,0,"1",1950,"D",390,"D",.,"A",390,"D",0,"D",.,"A",.,"A",1560,"D",0,"D",25,"D",325,"D",.,"A",.,"A"
"20161","03109764",49,0,"1",520,"D",130,"D",.,"A",390,"D",0,"D",.,"A",.,"A",390,"D",60,"D",.,"A",.,"A",.,"A",.,"A"
"20161","03109774",59,0,"1",4550,"D",975,"D",.,"A",650,"D",0,"D",.,"A",.,"A",3575,"D",0,"D",.,"A",.,"A",.,"A",.,"A"
"20161","03109844",26,0,"1",1300,"D",0,"D",390,"D",390,"D",0,"D",.,"A",.,"A",1300,"D",0,"D",.,"A",.,"A",.,"A",.,"A"
"20161","03109854",29,0,"1",1915,"F",.,"A",.,"A",1300,"D",0,"D",.,"A",.,"A",1615,"F",60,"D",.,"A",.,"A",.,"A",.,"A"
"20161","03109884",46,0,"1",1040,"D",130,"D",130,"D",260,"D",0,"D",.,"A",.,"A",910,"D",0,"D",.,"A",.,"A",.,"A",.,"A"
"20161","03109894",73,0,"1",1040,"D",455,"D",260,"D",390,"D",0,"D",.,"A",.,"A",585,"D",0,"D",.,"A",.,"A",.,"A",.,"A"
"20161","03109944",29,0,"1",910,"D",195,"D",.,"A",195,"D",0,"D",.,"A",.,"A",715,"D",75,"D",15,"D",195,"D",.,"A",.,"A"
"20161","03110034",11,0,"1",1300,"D",130,"D",.,"A",0,"D",0,"D",.,"A",.,"A",1170,"D",0,"D",.,"A",.,"A",.,"A",.,"A"
"20161","03110044",49,0,"1",2600,"D",390,"D",.,"A",975,"D",150,"D",.,"A",130,"D",2210,"D",120,"D",.,"A",.,"A",.,"A",.,"A"
"20161","03110054",29,0,"1",2925,"D",325,"D",.,"A",1170,"D",0,"D",.,"A",.,"A",2600,"D",150,"D",.,"A",.,"A",.,"A",.,"A"
"20161","03110064",53,0,"1",1950,"D",325,"D",.,"A",650,"D",0,"D",.,"A",.,"A",1625,"D",0,"D",.,"A",.,"A",.,"A",.,"A"
"20161","03110174",62,0,"1",1625,"D",0,"D",.,"A",650,"D",0,"D",.,"A",300,"D",1625,"D",0,"D",.,"A",.,"A",.,"A",.,"A"
"20161","03110194",16,0,"1",780,"D",130,"D",130,"D",975,"D",0,"D",.,"A",.,"A",650,"D",0,"D",.,"A",.,"A",.,"A",.,"A"
"20161","03110234",21,0,"1",650,"D",65,"D",260,"D",390,"D",0,"D",.,"A",.,"A",585,"D",0,"D",.,"A",.,"A",.,"A",.,"A"
"20161","03110244",25,0,"1",2600,"D",228,"F",.,"A",1300,"D",0,"D",.,"A",.,"A",750,"F",111,"D",50,"D",650,"D",.,"A",.,"A"
"20161","03110314",33,0,"1",650,"D",65,"D",.,"A",39,"D",0,"D",.,"A",.,"A",585,"D",0,"D",15,"D",195,"D",.,"A",.,"A"
"20161","03110364",37,0,"1",780,"D",325,"D",390,"D",390,"D",0,"D",.,"A",.,"A",455,"D",0,"D",.,"A",.,"A",.,"A",.,"A"
"20161","03110454",36,0,"1",975,"D",0,"D",.,"A",0,"D",6,"D",.,"A",.,"A",975,"D",6,"D",.,"A",.,"A",.,"A",.,"A"
"20161","03110464",22,0,"1",650,"D",130,"D",.,"A",260,"D",0,"D",.,"A",.,"A",520,"D",0,"D",.,"A",.,"A",.,"A",.,"A"
"20161","03110474",18,0,"1",780,"D",260,"D",.,"A",0,"D",0,"D",.,"A",.,"A",520,"D",0,"D",.,"A",.,"A",.,"A",.,"A"
"20161","03110504",17,0,"1",3250,"D",325,"D",.,"A",910,"D",0,"D",.,"A",.,"A",2925,"D",0,"D",.,"A",.,"A",.,"A",.,"A"
"20161","03110534",45,0,"1",455,"D",52,"D",.,"A",1300,"D",60,"D",.,"A",.,"A",403,"D",120,"D",.,"A",.,"A",.,"A",.,"A"
"20161","03110554",36,0,"1",390,"D",0,"D",.,"A",0,"D",0,"D",.,"A",.,"A",390,"D",0,"D",.,"A",.,"A",.,"A",.,"A"
"20161","03110584",17,0,"1",2925,"D",325,"D",.,"A",325,"D",0,"D",.,"A",.,"A",2600,"D",0,"D",.,"A",.,"A",.,"A",.,"A"
"20161","03110684",24,0,"1",1690,"D",260,"D",.,"A",195,"D",0,"D",.,"A",.,"A",1430,"D",30,"D",.,"A",.,"A",.,"A",.,"A"
"20161","03110694",57,0,"1",1651,"D",260,"D",390,"D",2990,"D",0,"D",720,"D",.,"A",1391,"D",0,"D",.,"A",.,"A",.,"A",.,"A"
"20161","03110774",28,0,"1",650,"D",65,"D",.,"A",1040,"D",30,"D",.,"A",.,"A",585,"D",120,"D",.,"A",.,"A",.,"A",.,"A"
"20161","03110804",18,0,"1",650,"D",65,"D",.,"A",0,"D",0,"D",.,"A",.,"A",585,"D",0,"D",.,"A",.,"A",.,"A",.,"A"
"20161","03110824",56,0,"1",1950,"D",325,"D",650,"D",975,"D",90,"D",.,"A",.,"A",1625,"D",300,"D",.,"A",.,"A",.,"A",.,"A"
"20161","03110874",38,0,"1",0,"D",.,"A",.,"A",2600,"D",116,"F",.,"A",.,"A",0,"D",60,"D",35,"D",455,"D",.,"A",.,"A"
"20161","03110894",36,0,"1",650,"D",130,"D",.,"A",130,"D",0,"D",.,"A",.,"A",520,"D",0,"D",.,"A",.,"A",.,"A",.,"A"
"20161","03110914",42,0,"1",3900,"D",780,"D",.,"A",0,"D",6,"D",.,"A",.,"A",3120,"D",6,"D",.,"A",.,"A",.,"A",.,"A"
"20161","03110924",49,0,"1",3250,"D",650,"D",.,"A",650,"D",0,"D",.,"A",.,"A",2600,"D",30,"D",70,"D",910,"D",.,"A",.,"A"
"20161","03110974",48,0,"1",1690,"D",0,"D",.,"A",650,"D",0,"D",.,"A",.,"A",1690,"D",0,"D",35,"D",455,"D",.,"A",.,"A"
"20161","03110984",23,0,"1",1950,"D",130,"D",.,"A",520,"D",0,"D",.,"A",.,"A",1820,"D",0,"D",.,"A",.,"A",.,"A",.,"A"
"20161","03111014",42,0,"1",390,"D",0,"D",.,"A",0,"D",0,"D",.,"A",.,"A",390,"D",0,"D",.,"A",.,"A",.,"A",.,"A"
"20161","03142104",59,0,"1",1560,"D",260,"D",.,"A",910,"D",0,"D",.,"A",.,"A",1300,"D",0,"D",112,"D",1456,"D",.,"A",.,"A"
"20161","03142154",38,0,"1",780,"D",260,"D",.,"A",0,"D",0,"D",.,"A",.,"A",520,"D",0,"D",22,"D",286,"D",.,"A",.,"A"
"20161","03142164",38,0,"1",1625,"D",325,"D",.,"A",650,"D",0,"D",.,"A",.,"A",1300,"D",0,"D",.,"A",.,"A",.,"A",.,"A"
"20161","03142184",28,0,"1",910,"D",195,"D",390,"D",0,"D",0,"D",.,"A",.,"A",715,"D",0,"D",.,"A",.,"A",.,"A",.,"A"
"20161","03142194",9,0,"1",1950,"D",325,"D",.,"A",0,"D",0,"D",.,"A",.,"A",1625,"D",0,"D",.,"A",.,"A",.,"A",.,"A"
"20161","03142214",31,0,"1",1300,"D",130,"D",.,"A",1300,"D",0,"D",.,"A",.,"A",1170,"D",0,"D",.,"A",.,"A",.,"A",.,"A"
"20161","03142224",23,0,"1",1300,"D",390,"D",.,"A",325,"D",0,"D",.,"A",.,"A",910,"D",0,"D",.,"A",.,"A",.,"A",.,"A"
"20161","03142234",34,0,"1",1105,"D",455,"D",.,"A",780,"D",60,"D",.,"A",.,"A",650,"D",84,"D",12,"D",156,"D",.,"A",.,"A"
"20161","03142244",26,0,"1",1071,"F",.,"A",.,"A",528,"F",6,"D",.,"A",.,"A",834,"F",6,"D",.,"A",.,"A",.,"A",.,"A"
"20161","03142284",20,0,"1",1300,"D",130,"D",.,"A",130,"D",0,"D",.,"A",.,"A",1170,"D",0,"D",.,"A",.,"A",.,"A",.,"A"
"20161","03142304",48,0,"1",5200,"D",650,"D",.,"A",520,"D",0,"D",.,"A",90,"D",4550,"D",0,"D",.,"A",.,"A",.,"A",.,"A"
"20161","03142314",81,0,"1",2717,"D",910,"D",.,"A",650,"D",120,"D",.,"A",.,"A",1807,"D",180,"D",.,"A",.,"A",.,"A",.,"A"
"20161","03142334",55,0,"1",975,"D",130,"D",.,"A",390,"D",150,"D",.,"A",.,"A",845,"D",120,"D",.,"A",.,"A",390,"D",30,"D"
"20161","03142354",25,0,"1",1040,"D",260,"D",.,"A",0,"D",0,"D",.,"A",.,"A",780,"D",0,"D",.,"A",.,"A",.,"A",.,"A"
"20161","03142374",22,0,"1",1560,"D",260,"D",.,"A",0,"D",0,"D",.,"A",.,"A",1300,"D",0,"D",.,"A",.,"A",.,"A",.,"A"
"20161","03142384",32,0,"1",2860,"D",325,"D",.,"A",650,"D",0,"D",.,"A",.,"A",2535,"D",0,"D",.,"A",.,"A",.,"A",.,"A"
"20161","03142414",57,0,"1",1300,"D",390,"D",.,"A",390,"D",180,"D",.,"A",.,"A",910,"D",240,"D",.,"A",.,"A",.,"A",.,"A"
"20161","03142424",31,0,"1",2275,"D",325,"D",.,"A",1625,"D",0,"D",.,"A",.,"A",1950,"D",0,"D",.,"A",.,"A",.,"A",.,"A"
"20161","03142454",24,0,"1",2860,"D",520,"D",0,"D",520,"D",0,"D",.,"A",159,"D",2340,"D",0,"D",.,"A",.,"A",.,"A",.,"A"
"20161","03142464",47,0,"1",650,"D",260,"D",.,"A",390,"D",60,"D",.,"A",.,"A",390,"D",45,"D",.,"A",.,"A",.,"A",.,"A"
"20161","03142524",62,0,"1",1625,"D",91,"D",.,"A",910,"D",0,"D",.,"A",.,"A",1534,"D",21,"D",.,"A",.,"A",.,"A",.,"A"
"20161","03142544",39,0,"1",2226,"F",.,"A",.,"A",857,"F",0,"D",.,"A",.,"A",1817,"F",0,"D",.,"A",.,"A",.,"A",.,"A"
"20161","03142554",36,0,"1",1300,"D",130,"D",520,"D",520,"D",60,"D",.,"A",.,"A",1170,"D",0,"D",.,"A",.,"A",.,"A",.,"A"
"20161","03142574",24,0,"1",455,"D",130,"D",.,"A",195,"D",450,"D",.,"A",.,"A",325,"D",18,"D",10,"D",130,"D",104,"D",8,"D"
"20161","03142584",31,0,"1",1625,"D",130,"D",.,"A",520,"D",0,"D",.,"A",.,"A",1495,"D",0,"D",.,"A",.,"A",.,"A",.,"A"
"20161","03142604",44,0,"1",1950,"D",585,"D",.,"A",1300,"D",300,"D",.,"A",.,"A",1365,"D",300,"D",.,"A",.,"A",.,"A",.,"A"
"20161","03142614",56,0,"1",1300,"D",260,"D",.,"A",650,"D",90,"D",.,"A",.,"A",1040,"D",90,"D",.,"A",.,"A",.,"A",.,"A"
"20161","03142654",42,0,"1",2600,"D",650,"D",.,"A",0,"D",0,"D",.,"A",.,"A",1950,"D",120,"D",.,"A",.,"A",.,"A",.,"A"
"20161","03142694",20,0,"1",390,"D",65,"D",.,"A",0,"D",0,"D",.,"A",.,"A",325,"D",0,"D",.,"A",.,"A",.,"A",.,"A"
"20161","03142714",58,0,"1",3900,"D",975,"D",.,"A",390,"D",0,"D",.,"A",180,"D",2925,"D",0,"D",.,"A",.,"A",.,"A",.,"A"
"20161","03142744",20,0,"1",390,"D",130,"D",130,"D",520,"D",0,"D",.,"A",.,"A",260,"D",60,"D",.,"A",.,"A",104,"D",8,"D"
"20161","03142754",21,0,"1",1300,"D",130,"D",.,"A",260,"D",0,"D",.,"A",.,"A",1170,"D",240,"D",.,"A",.,"A",.,"A",.,"A"
"20161","03142794",32,0,"1",585,"D",0,"D",.,"A",0,"D",0,"D",.,"A",.,"A",585,"D",0,"D",.,"A",.,"A",.,"A",.,"A"
"20161","03142854",45,0,"1",4160,"D",406,"F",.,"A",0,"D",0,"D",.,"A",50,"D",1715,"F",120,"D",60,"D",780,"D",104,"D",8,"D"
"20161","03142864",79,0,"1",1950,"D",260,"D",.,"A",910,"D",300,"D",.,"A",.,"A",1690,"D",120,"D",.,"A",.,"A",.,"A",.,"A"
"20161","03142904",34,0,"1",650,"D",195,"D",.,"A",650,"D",0,"D",.,"A",.,"A",455,"D",0,"D",7,"D",91,"D",.,"A",.,"A"
"20161","03142914",27,0,"1",1950,"D",325,"D",.,"A",260,"D",0,"D",.,"A",.,"A",1625,"D",0,"D",.,"A",.,"A",.,"A",.,"A"
"20161","03142924",28,0,"1",3250,"D",429,"D",.,"A",325,"D",0,"D",.,"A",.,"A",2821,"D",75,"D",.,"A",.,"A",.,"A",.,"A"
"20161","03142974",21,0,"1",1300,"D",390,"D",.,"A",260,"D",0,"D",.,"A",0,"D",910,"D",240,"D",20,"D",260,"D",.,"A",.,"A"
"20161","03142984",54,0,"1",1625,"D",390,"D",.,"A",260,"D",15,"D",.,"A",.,"A",1235,"D",60,"D",50,"D",650,"D",.,"A",.,"A"
"20161","03143014",64,0,"1",1300,"D",195,"D",.,"A",1625,"D",150,"D",.,"A",.,"A",1105,"D",180,"D",.,"A",.,"A",.,"A",.,"A"
"20161","03143024",66,0,"1",1950,"D",455,"D",.,"A",325,"D",0,"D",.,"A",.,"A",1495,"D",0,"D",.,"A",.,"A",.,"A",.,"A"
"20161","03143034",52,0,"1",1300,"D",195,"D",.,"A",390,"D",0,"D",.,"A",.,"A",1105,"D",0,"D",.,"A",.,"A",260,"D",20,"D"
"20161","03143044",35,0,"1",1690,"D",520,"D",.,"A",0,"D",0,"D",.,"A",.,"A",1170,"D",90,"D",.,"A",.,"A",.,"A",.,"A"
"20161","03143064",33,0,"1",1950,"D",260,"D",.,"A",130,"D",0,"D",.,"A",.,"A",1690,"D",0,"D",40,"D",520,"D",.,"A",.,"A"
"20161","03143104",9,0,"1",650,"D",0,"D",260,"D",0,"D",0,"D",.,"A",.,"A",650,"D",0,"D",.,"A",.,"A",.,"A",.,"A"
"20161","03143134",12,0,"1",585,"D",65,"D",.,"A",0,"D",0,"D",.,"A",.,"A",520,"D",0,"D",.,"A",.,"A",.,"A",.,"A"
"20161","03143144",23,0,"1",1950,"D",260,"D",.,"A",390,"D",0,"D",.,"A",.,"A",1690,"D",30,"D",.,"A",.,"A",.,"A",.,"A"
"20161","03143164",38,0,"1",2600,"D",325,"D",390,"D",650,"D",300,"D",.,"A",10,"D",2275,"D",150,"D",.,"A",.,"A",.,"A",.,"A"
"20161","03143174",48,0,"1",1950,"D",0,"D",.,"A",1300,"D",0,"D",.,"A",.,"A",1950,"D",0,"D",.,"A",.,"A",.,"A",.,"A"
"20161","03143184",41,0,"1",1365,"D",195,"D",.,"A",585,"D",0,"D",.,"A",.,"A",1170,"D",45,"D",.,"A",.,"A",.,"A",.,"A"
"20161","03143214",15,0,"1",1300,"D",328,"F",260,"D",520,"D",0,"D",.,"A",.,"A",1330,"F",300,"D",.,"A",.,"A",.,"A",.,"A"
"20161","03143294",40,0,"1",1040,"D",130,"D",.,"A",0,"D",0,"D",.,"A",.,"A",910,"D",0,"D",.,"A",.,"A",.,"A",.,"A"
"20161","03143354",12,0,"1",1105,"D",195,"D",.,"A",0,"D",0,"D",.,"A",.,"A",910,"D",0,"D",.,"A",.,"A",.,"A",.,"A"
"20161","03143364",51,0,"1",975,"D",195,"D",.,"A",390,"D",0,"D",.,"A",.,"A",780,"D",0,"D",.,"A",.,"A",.,"A",.,"A"
"20161","03143374",43,0,"1",1300,"D",0,"D",.,"A",650,"D",0,"D",.,"A",.,"A",1300,"D",60,"D",.,"A",.,"A",.,"A",.,"A"
"20161","03143384",14,0,"1",1625,"D",130,"D",.,"A",0,"D",0,"D",.,"A",.,"A",1495,"D",0,"D",.,"A",.,"A",.,"A",.,"A"
"20161","03143394",33,0,"1",1950,"D",455,"D",.,"A",650,"D",0,"D",.,"A",.,"A",1495,"D",150,"D",.,"A",.,"A",.,"A",.,"A"
"20161","03143434",20,0,"1",975,"D",65,"D",.,"A",169,"D",90,"D",.,"A",.,"A",910,"D",120,"D",.,"A",.,"A",.,"A",.,"A"
"20161","03143444",27,0,"1",2600,"D",390,"D",.,"A",1300,"D",0,"D",.,"A",.,"A",2210,"D",0,"D",.,"A",.,"A",.,"A",.,"A"
"20161","03143504",33,0,"1",2600,"D",325,"D",.,"A",650,"D",90,"D",.,"A",.,"A",2275,"D",0,"D",.,"A",.,"A",.,"A",.,"A"
"20161","03143514",38,0,"1",1300,"D",260,"D",318,"F",818,"F",150,"D",.,"A",.,"A",1040,"D",150,"D",.,"A",.,"A",.,"A",.,"A"
"20161","03143534",86,0,"1",780,"D",195,"D",.,"A",325,"D",0,"D",.,"A",45,"D",585,"D",0,"D",.,"A",.,"A",.,"A",.,"A"
"20161","03143574",26,0,"1",1950,"D",260,"D",.,"A",65,"D",0,"D",.,"A",.,"A",1690,"D",30,"D",10,"D",130,"D",130,"D",10,"D"
"20161","03143584",36,0,"1",2600,"D",325,"D",260,"D",0,"D",0,"D",.,"A",.,"A",2275,"D",60,"D",.,"A",.,"A",.,"A",.,"A"
"20161","03143624",39,0,"1",520,"D",130,"D",260,"D",195,"D",45,"D",.,"A",.,"A",390,"D",0,"D",.,"A",.,"A",.,"A",.,"A"
"20161","03143634",33,0,"1",1560,"D",260,"D",.,"A",520,"D",24,"D",.,"A",.,"A",1300,"D",240,"D",.,"A",.,"A",.,"A",.,"A"
"20161","03143654",22,0,"1",520,"D",130,"D",.,"A",195,"D",90,"D",.,"A",.,"A",390,"D",90,"D",.,"A",.,"A",.,"A",.,"A"
"20161","03143684",51,0,"1",858,"D",0,"D",130,"D",689,"D",0,"D",.,"A",.,"A",858,"D",0,"D",.,"A",.,"A",.,"A",.,"A"
"20161","03143704",50,0,"1",1645,"F",.,"A",.,"A",818,"F",134,"F",.,"A",.,"A",1330,"F",130,"F",.,"A",.,"A",.,"A",.,"A"
"20161","03143714",17,0,"1",1560,"D",390,"D",.,"A",390,"D",0,"D",.,"A",.,"A",1170,"D",0,"D",20,"D",260,"D",.,"A",.,"A"
"20161","03143734",32,0,"1",1950,"D",390,"D",.,"A",650,"D",0,"D",.,"A",.,"A",1560,"D",0,"D",.,"A",.,"A",.,"A",.,"A"
"20161","03143744",75,0,"1",1950,"D",650,"D",.,"A",1300,"D",60,"D",.,"A",.,"A",1300,"D",0,"D",.,"A",.,"A",.,"A",.,"A"
"20161","03143754",28,0,"1",1300,"D",325,"D",.,"A",650,"D",0,"D",.,"A",.,"A",975,"D",0,"D",.,"A",.,"A",.,"A",.,"A"
"20161","03143774",40,0,"1",1625,"D",130,"D",.,"A",0,"D",0,"D",.,"A",.,"A",1495,"D",0,"D",.,"A",.,"A",.,"A",.,"A"
"20161","03143854",26,0,"1",520,"D",65,"D",.,"A",195,"D",0,"D",.,"A",.,"A",455,"D",0,"D",.,"A",.,"A",.,"A",.,"A"
"20161","03143864",17,0,"1",780,"D",0,"D",.,"A",1300,"D",0,"D",.,"A",.,"A",780,"D",60,"D",.,"A",.,"A",.,"A",.,"A"
"20161","03143904",6,0,"1",883,"F",.,"A",.,"A",534,"F",158,"F",.,"A",.,"A",721,"F",124,"F",.,"A",.,"A",.,"A",.,"A"
"20161","03143964",27,0,"1",2600,"D",325,"D",.,"A",0,"D",0,"D",.,"A",.,"A",2275,"D",0,"D",.,"A",.,"A",.,"A",.,"A"
"20161","03144004",24,0,"1",1950,"D",390,"D",356,"F",0,"D",0,"D",.,"A",.,"A",1560,"D",0,"D",.,"A",.,"A",.,"A",.,"A"
"20161","03144014",100,0,"1",3900,"D",325,"D",.,"A",1300,"D",144,"F",.,"A",117,"D",3575,"D",0,"D",.,"A",.,"A",.,"A",.,"A"
"20161","03144024",21,0,"1",650,"D",65,"D",.,"A",534,"F",158,"F",.,"A",.,"A",585,"D",0,"D",.,"A",.,"A",.,"A",.,"A"
"20161","03144064",48,0,"1",3250,"D",130,"D",.,"A",1560,"D",360,"D",.,"A",.,"A",3120,"D",90,"D",.,"A",.,"A",.,"A",.,"A"
"20161","03144094",48,0,"1",650,"D",130,"D",.,"A",780,"D",0,"D",.,"A",.,"A",520,"D",75,"D",.,"A",.,"A",.,"A",.,"A"
"20161","03144104",34,0,"1",2275,"D",650,"D",.,"A",780,"D",0,"D",.,"A",399,"D",1625,"D",60,"D",50,"D",650,"D",.,"A",.,"A"
"20161","03144124",33,0,"1",3250,"D",780,"D",.,"A",1300,"D",0,"D",.,"A",.,"A",2470,"D",90,"D",30,"D",390,"D",.,"A",.,"A"
"20161","03144144",45,0,"1",1300,"D",130,"D",.,"A",325,"D",0,"D",.,"A",.,"A",1170,"D",0,"D",.,"A",.,"A",.,"A",.,"A"
"20161","03144164",70,0,"1",650,"D",130,"D",.,"A",1300,"D",0,"D",.,"A",.,"A",520,"D",0,"D",.,"A",.,"A",.,"A",.,"A"
"20161","03144174",15,0,"1",520,"D",65,"D",.,"A",0,"D",0,"D",.,"A",.,"A",455,"D",0,"D",.,"A",.,"A",.,"A",.,"A"
"20161","03144184",24,0,"1",1560,"D",260,"D",.,"A",1300,"D",90,"D",.,"A",.,"A",1300,"D",180,"D",.,"A",.,"A",.,"A",.,"A"
"20161","03144204",16,0,"1",325,"D",0,"D",.,"A",0,"D",0,"D",.,"A",.,"A",325,"D",0,"D",.,"A",.,"A",.,"A",.,"A"
"20161","03144224",22,0,"1",260,"D",65,"D",65,"D",130,"D",60,"D",.,"A",.,"A",195,"D",60,"D",.,"A",.,"A",.,"A",.,"A"
"20161","03144234",21,0,"1",975,"D",104,"D",.,"A",0,"D",0,"D",.,"A",.,"A",871,"D",0,"D",15,"D",195,"D",.,"A",.,"A"
"20161","03144254",48,0,"1",1950,"D",0,"D",.,"A",2600,"D",300,"D",.,"A",.,"A",1950,"D",90,"D",.,"A",.,"A",.,"A",.,"A"
"20161","03144264",26,0,"1",780,"D",78,"D",.,"A",0,"D",0,"D",.,"A",.,"A",702,"D",0,"D",5,"D",65,"D",.,"A",.,"A"
"20161","03144284",16,0,"1",910,"D",185,"F",.,"A",344,"F",0,"D",.,"A",.,"A",674,"F",0,"D",.,"A",.,"A",.,"A",.,"A"
"20161","03144294",51,0,"1",1300,"D",390,"D",.,"A",260,"D",0,"D",.,"A",.,"A",910,"D",180,"D",.,"A",.,"A",.,"A",.,"A"
"20161","03144304",19,0,"1",910,"D",130,"D",.,"A",156,"D",0,"D",.,"A",.,"A",780,"D",75,"D",20,"D",260,"D",.,"A",.,"A"
"20161","03144314",26,0,"1",1300,"D",195,"D",260,"D",520,"D",0,"D",.,"A",.,"A",1105,"D",0,"D",.,"A",.,"A",.,"A",.,"A"
"20161","03144334",33,0,"1",1300,"D",260,"D",1040,"D",0,"D",0,"D",.,"A",.,"A",1040,"D",0,"D",.,"A",.,"A",.,"A",.,"A"
"20161","03144384",20,0,"1",1950,"D",325,"D",.,"A",0,"D",0,"D",.,"A",.,"A",1625,"D",0,"D",.,"A",.,"A",.,"A",.,"A"
"20161","03144394",49,0,"1",1950,"D",195,"D",.,"A",325,"D",0,"D",.,"A",.,"A",1755,"D",0,"D",.,"A",.,"A",.,"A",.,"A"
"20161","03144414",26,0,"1",975,"D",260,"D",.,"A",0,"D",0,"D",.,"A",.,"A",715,"D",0,"D",.,"A",.,"A",.,"A",.,"A"
"20161","03144434",50,0,"1",3900,"D",325,"D",.,"A",1300,"D",0,"D",.,"A",.,"A",3575,"D",60,"D",.,"A",.,"A",.,"A",.,"A"
"20161","03144444",41,0,"1",845,"D",130,"D",325,"D",130,"D",60,"D",.,"A",.,"A",715,"D",240,"D",20,"D",260,"D",.,"A",.,"A"
"20161","03144454",39,0,"1",1040,"D",520,"D",.,"A",0,"D",0,"D",.,"A",.,"A",520,"D",0,"D",140,"D",1820,"D",.,"A",.,"A"
"20161","03144484",28,0,"1",1950,"D",234,"D",.,"A",0,"D",0,"D",.,"A",.,"A",1716,"D",0,"D",30,"D",390,"D",260,"D",20,"D"
"20161","03144524",15,0,"1",260,"D",0,"D",.,"A",0,"D",0,"D",.,"A",.,"A",260,"D",0,"D",.,"A",.,"A",.,"A",.,"A"
"20161","03144554",25,0,"1",650,"D",130,"D",.,"A",0,"D",0,"D",.,"A",.,"A",520,"D",0,"D",.,"A",.,"A",.,"A",.,"A"
"20161","03144574",49,0,"1",2925,"D",1625,"D",.,"A",260,"D",0,"D",.,"A",.,"A",1300,"D",150,"D",3,"D",39,"D",.,"A",.,"A"
"20161","03144584",95,0,"1",1300,"D",260,"D",1300,"D",2327,"D",240,"D",.,"A",.,"A",1040,"D",210,"D",.,"A",.,"A",390,"D",30,"D"
"20161","03144644",27,0,"1",1625,"D",390,"D",.,"A",0,"D",0,"D",.,"A",.,"A",1235,"D",0,"D",.,"A",.,"A",.,"A",.,"A"
"20161","03144664",49,0,"1",1300,"D",0,"D",390,"D",325,"D",15,"D",.,"A",.,"A",1300,"D",30,"D",.,"A",.,"A",.,"A",.,"A"
"20161","03144674",81,0,"1",910,"D",130,"D",325,"D",1040,"D",300,"D",.,"A",.,"A",780,"D",30,"D",.,"A",.,"A",.,"A",.,"A"
"20161","03144684",13,0,"1",2226,"F",.,"A",.,"A",0,"D",0,"D",.,"A",.,"A",1817,"F",0,"D",.,"A",.,"A",.,"A",.,"A"
"20161","03144724",28,0,"1",2600,"D",520,"D",.,"A",39,"D",0,"D",.,"A",.,"A",2080,"D",0,"D",50,"D",650,"D",.,"A",.,"A"
"20161","03144744",33,0,"1",1300,"D",195,"D",.,"A",520,"D",0,"D",.,"A",.,"A",1105,"D",75,"D",.,"A",.,"A",.,"A",.,"A"
"20161","03144754",20,0,"1",910,"D",130,"D",318,"F",0,"D",0,"D",.,"A",.,"A",780,"D",0,"D",.,"A",.,"A",.,"A",.,"A"
"20161","03144764",47,0,"1",2600,"D",650,"D",.,"A",1300,"D",0,"D",.,"A",600,"D",1950,"D",0,"D",.,"A",.,"A",.,"A",.,"A"
"20161","03144774",12,0,"1",650,"D",260,"D",.,"A",0,"D",0,"D",.,"A",.,"A",390,"D",0,"D",.,"A",.,"A",.,"A",.,"A"
"20161","03144784",27,0,"1",883,"F",.,"A",.,"A",410,"F",0,"D",.,"A",.,"A",708,"F",0,"D",.,"A",.,"A",.,"A",.,"A"
"20161","03144794",70,0,"1",1339,"D",0,"D",.,"A",442,"D",0,"D",.,"A",.,"A",1339,"D",0,"D",.,"A",.,"A",.,"A",.,"A"
"20161","03144804",32,0,"1",845,"D",130,"D",130,"D",130,"D",0,"D",.,"A",.,"A",715,"D",0,"D",.,"A",.,"A",.,"A",.,"A"
"20161","03144814",9,0,"1",0,"D",.,"A",.,"A",0,"D",6,"D",.,"A",.,"A",0,"D",6,"D",.,"A",.,"A",.,"A",.,"A"
"20161","03144904",46,0,"1",3250,"D",523,"F",.,"A",910,"D",0,"D",.,"A",.,"A",2210,"F",0,"D",.,"A",.,"A",.,"A",.,"A"
"20161","03144914",47,0,"1",1300,"D",195,"D",130,"D",65,"D",30,"D",.,"A",.,"A",1105,"D",75,"D",.,"A",.,"A",.,"A",.,"A"
"20161","03144954",13,0,"1",1812,"F",.,"A",.,"A",648,"F",144,"F",.,"A",.,"A",1569,"F",183,"F",.,"A",.,"A",.,"A",.,"A"
"20161","03144964",31,0,"1",975,"D",130,"D",.,"A",390,"D",0,"D",.,"A",.,"A",845,"D",0,"D",.,"A",.,"A",.,"A",.,"A"
"20161","03144974",43,0,"1",1430,"D",260,"D",.,"A",780,"D",0,"D",.,"A",.,"A",1170,"D",120,"D",.,"A",.,"A",.,"A",.,"A"
"20161","03144984",38,0,"1",1625,"D",325,"D",.,"A",1300,"D",300,"D",.,"A",100,"D",1300,"D",300,"D",.,"A",.,"A",.,"A",.,"A"
"20161","03145044",68,0,"1",3900,"D",0,"D",.,"A",1950,"D",120,"D",441,"F",175,"D",3900,"D",300,"D",.,"A",.,"A",.,"A",.,"A"
"20161","03145064",58,0,"1",3016,"D",910,"D",.,"A",520,"D",60,"D",.,"A",.,"A",2106,"D",456,"D",.,"A",.,"A",.,"A",.,"A"
"20161","03145074",23,0,"1",1560,"D",260,"D",.,"A",585,"D",0,"D",.,"A",.,"A",1300,"D",0,"D",.,"A",.,"A",.,"A",.,"A"
"20161","03145104",23,0,"1",1300,"D",130,"D",.,"A",260,"D",0,"D",.,"A",.,"A",1170,"D",0,"D",.,"A",.,"A",.,"A",.,"A"
"20161","03145124",33,0,"1",2080,"D",260,"D",.,"A",260,"D",0,"D",.,"A",.,"A",1820,"D",75,"D",25,"D",325,"D",.,"A",.,"A"
"20161","03145164",13,0,"1",1040,"D",130,"D",65,"D",0,"D",0,"D",.,"A",.,"A",910,"D",0,"D",.,"A",.,"A",.,"A",.,"A"
"20161","03145174",24,0,"1",585,"D",65,"D",169,"D",39,"D",0,"D",.,"A",.,"A",520,"D",0,"D",.,"A",.,"A",.,"A",.,"A"
"20161","03145214",23,0,"1",1300,"D",195,"D",195,"D",650,"D",60,"D",.,"A",.,"A",1105,"D",60,"D",.,"A",.,"A",.,"A",.,"A"
"20161","03145234",116,0,"1",2743,"D",585,"D",.,"A",1027,"D",0,"D",.,"A",.,"A",2158,"D",300,"D",.,"A",.,"A",.,"A",.,"A"
"20161","03145244",31,0,"1",2600,"D",401,"F",.,"A",975,"D",240,"D",.,"A",.,"A",1478,"F",300,"D",.,"A",.,"A",.,"A",.,"A"
"20161","03145254",31,0,"1",3380,"D",780,"D",.,"A",130,"D",30,"D",.,"A",.,"A",2600,"D",15,"D",12,"D",156,"D",195,"D",15,"D"
"20161","03145264",72,0,"1",2080,"D",780,"D",.,"A",650,"D",0,"D",.,"A",.,"A",1300,"D",0,"D",.,"A",.,"A",.,"A",.,"A"
"20161","03145304",28,0,"1",650,"D",65,"D",.,"A",1950,"D",0,"D",.,"A",.,"A",585,"D",0,"D",.,"A",.,"A",.,"A",.,"A"
"20161","03145314",41,0,"1",975,"D",260,"D",260,"D",650,"D",120,"D",.,"A",.,"A",715,"D",240,"D",.,"A",.,"A",.,"A",.,"A"
"20161","03145384",31,0,"1",1950,"D",260,"D",.,"A",910,"D",6,"D",.,"A",.,"A",1690,"D",6,"D",.,"A",.,"A",.,"A",.,"A"
"20161","03145414",46,0,"1",650,"D",260,"D",.,"A",325,"D",6,"D",.,"A",.,"A",390,"D",6,"D",.,"A",.,"A",.,"A",.,"A"
"20161","03145424",40,0,"1",1105,"D",130,"D",.,"A",520,"D",0,"D",.,"A",.,"A",975,"D",0,"D",.,"A",.,"A",.,"A",.,"A"
"20161","03145434",39,0,"1",1950,"D",390,"D",195,"D",650,"D",0,"D",.,"A",384,"D",1560,"D",150,"D",60,"D",780,"D",.,"A",.,"A"
"20161","03145474",55,0,"1",1560,"D",130,"D",390,"D",650,"D",90,"D",.,"A",.,"A",1430,"D",30,"D",35,"D",455,"D",.,"A",.,"A"
"20161","03145484",24,0,"1",1950,"D",650,"D",130,"D",130,"D",0,"D",.,"A",.,"A",1300,"D",0,"D",10,"D",130,"D",.,"A",.,"A"
"20161","03145494",38,0,"1",845,"D",130,"D",715,"D",0,"D",0,"D",.,"A",.,"A",715,"D",0,"D",48,"D",624,"D",.,"A",.,"A"
"20161","03145504",20,0,"1",4550,"D",1950,"D",.,"A",0,"D",0,"D",.,"A",.,"A",2600,"D",0,"D",35,"D",455,"D",.,"A",.,"A"
"20161","03145544",39,0,"1",1950,"D",650,"D",.,"A",1300,"D",30,"D",.,"A",.,"A",1300,"D",60,"D",.,"A",.,"A",.,"A",.,"A"
"20161","03145564",23,0,"1",2600,"D",650,"D",.,"A",650,"D",0,"D",.,"A",.,"A",1950,"D",0,"D",.,"A",.,"A",.,"A",.,"A"
"20161","03145604",35,0,"1",2145,"D",195,"D",.,"A",1040,"D",0,"D",.,"A",.,"A",1950,"D",180,"D",.,"A",.,"A",.,"A",.,"A"
"20161","03145614",21,0,"1",1300,"D",325,"D",195,"D",390,"D",0,"D",.,"A",.,"A",975,"D",300,"D",.,"A",.,"A",.,"A",.,"A"
"20161","03145644",31,0,"1",1300,"D",650,"D",.,"A",390,"D",6,"D",.,"A",.,"A",650,"D",6,"D",.,"A",.,"A",.,"A",.,"A"
"20161","03145654",55,0,"1",1300,"D",260,"D",.,"A",650,"D",0,"D",.,"A",.,"A",1040,"D",150,"D",.,"A",.,"A",.,"A",.,"A"
"20161","03145684",57,0,"1",2600,"D",390,"D",.,"A",1300,"D",0,"D",.,"A",.,"A",2210,"D",60,"D",.,"A",.,"A",.,"A",.,"A"
"20161","03145734",35,0,"1",975,"D",195,"D",.,"A",260,"D",0,"D",.,"A",.,"A",780,"D",45,"D",.,"A",.,"A",.,"A",.,"A"
"20161","03145754",57,0,"1",1300,"D",260,"D",.,"A",520,"D",45,"D",.,"A",.,"A",1040,"D",45,"D",.,"A",.,"A",.,"A",.,"A"
"20161","03145774",21,0,"1",1645,"F",.,"A",.,"A",818,"F",134,"F",.,"A",.,"A",1330,"F",130,"F",.,"A",.,"A",.,"A",.,"A"
"20161","03145784",22,0,"1",1950,"D",260,"D",.,"A",0,"D",0,"D",.,"A",.,"A",1690,"D",0,"D",.,"A",.,"A",.,"A",.,"A"
"20161","03145814",24,0,"1",2600,"D",520,"D",.,"A",195,"D",0,"D",.,"A",.,"A",2080,"D",0,"D",.,"A",.,"A",.,"A",.,"A"
"20161","03145834",37,0,"1",975,"D",65,"D",.,"A",1105,"D",180,"D",.,"A",.,"A",910,"D",210,"D",.,"A",.,"A",.,"A",.,"A"
"20161","03145844",10,0,"1",1040,"D",260,"D",.,"A",0,"D",0,"D",.,"A",.,"A",780,"D",0,"D",.,"A",.,"A",.,"A",.,"A"
"20161","03145894",24,0,"1",2600,"D",336,"F",.,"A",648,"F",144,"F",.,"A",.,"A",1569,"F",183,"F",.,"A",.,"A",.,"A",.,"A"
"20161","03145954",43,0,"1",1300,"D",650,"D",.,"A",520,"D",0,"D",.,"A",.,"A",650,"D",0,"D",27,"D",351,"D",.,"A",.,"A"
"20161","03145974",18,0,"1",520,"D",130,"D",.,"A",0,"D",0,"D",.,"A",.,"A",390,"D",0,"D",.,"A",.,"A",.,"A",.,"A"
"20161","03146014",16,0,"1",1950,"D",260,"D",.,"A",390,"D",60,"D",.,"A",.,"A",1690,"D",0,"D",.,"A",.,"A",.,"A",.,"A"
"20161","03146094",37,0,"1",1300,"D",0,"D",520,"D",520,"D",0,"D",.,"A",.,"A",1300,"D",300,"D",.,"A",.,"A",.,"A",.,"A"
"20161","03146104",21,0,"1",2340,"D",260,"D",.,"A",0,"D",0,"D",.,"A",.,"A",2080,"D",51,"D",.,"A",.,"A",.,"A",.,"A"
"20161","03146124",19,0,"1",975,"D",260,"D",.,"A",0,"D",0,"D",.,"A",.,"A",715,"D",75,"D",.,"A",.,"A",.,"A",.,"A"
"20161","03146164",30,0,"1",1300,"D",130,"D",.,"A",520,"D",0,"D",.,"A",.,"A",1170,"D",0,"D",.,"B",500,"F",.,"A",.,"A"
"20161","03146174",59,0,"1",975,"D",65,"D",.,"A",325,"D",0,"D",.,"A",.,"A",910,"D",60,"D",.,"A",.,"A",.,"A",.,"A"
"20161","03146224",50,0,"1",2600,"D",650,"D",.,"A",975,"D",60,"D",.,"A",30,"D",1950,"D",60,"D",.,"A",.,"A",.,"A",.,"A"
"20161","03146234",50,0,"1",4550,"D",1625,"D",1040,"D",1300,"D",60,"D",1300,"D",.,"A",2925,"D",0,"D",10,"D",130,"D",.,"A",.,"A"
"20161","03146244",17,0,"1",780,"D",65,"D",.,"A",780,"D",0,"D",.,"A",.,"A",715,"D",0,"D",.,"A",.,"A",.,"A",.,"A"
"20161","03146254",28,0,"1",1950,"D",260,"D",.,"A",0,"D",0,"D",.,"A",.,"A",1690,"D",0,"D",.,"A",.,"A",.,"A",.,"A"
"20161","03146264",25,0,"1",1820,"D",910,"D",.,"A",1300,"D",0,"D",.,"A",.,"A",910,"D",0,"D",.,"A",.,"A",.,"A",.,"A"
"20161","03146314",20,0,"1",1300,"D",0,"D",.,"A",1950,"D",134,"F",.,"A",.,"A",1300,"D",130,"F",.,"A",.,"A",.,"A",.,"A"
"20161","03146364",35,0,"1",1040,"D",260,"D",65,"D",0,"D",0,"D",.,"A",.,"A",780,"D",0,"D",.,"A",.,"A",.,"A",.,"A"
"20161","03146394",14,0,"1",650,"D",0,"D",.,"A",0,"D",0,"D",.,"A",.,"A",650,"D",0,"D",.,"A",.,"A",.,"A",.,"A"
"20161","03146404",18,0,"1",1300,"D",260,"D",.,"A",0,"D",0,"D",.,"A",.,"A",1040,"D",0,"D",.,"A",.,"A",.,"A",.,"A"
"20161","03146414",26,0,"1",975,"D",390,"D",.,"A",845,"D",0,"D",.,"A",.,"A",585,"D",0,"D",14,"D",182,"D",.,"A",.,"A"
"20161","03146424",33,0,"1",650,"D",325,"D",.,"A",520,"D",0,"D",.,"A",.,"A",325,"D",0,"D",.,"A",.,"A",.,"A",.,"A"
"20161","03146444",16,0,"1",975,"D",195,"D",.,"A",390,"D",0,"D",.,"A",.,"A",780,"D",90,"D",.,"A",.,"A",.,"A",.,"A"
"20161","03146504",39,0,"1",1560,"D",520,"D",.,"A",0,"D",0,"D",.,"A",.,"A",1040,"D",0,"D",.,"A",.,"A",.,"A",.,"A"
"20161","03146514",20,0,"1",1950,"D",390,"D",260,"D",260,"D",0,"D",.,"A",.,"A",1560,"D",0,"D",30,"D",390,"D",.,"A",.,"A"
"20161","03146524",32,0,"1",2405,"D",520,"D",.,"A",0,"D",210,"D",.,"A",.,"A",1885,"D",0,"D",.,"A",.,"A",.,"A",.,"A"
"20161","03146554",17,0,"1",1625,"D",260,"D",130,"D",1300,"D",0,"D",.,"A",.,"A",1365,"D",90,"D",.,"A",.,"A",.,"A",.,"A"
"20161","03146564",10,0,"1",585,"D",260,"D",.,"A",0,"D",0,"D",.,"A",.,"A",325,"D",0,"D",.,"A",.,"A",.,"A",.,"A"
"20161","03146574",34,0,"1",390,"D",0,"D",65,"D",260,"D",0,"D",258,"F",.,"A",390,"D",45,"D",.,"A",.,"A",.,"A",.,"A"
"20161","03146584",18,0,"1",845,"D",195,"D",130,"D",65,"D",0,"D",.,"A",.,"A",650,"D",120,"D",20,"D",260,"D",.,"A",.,"A"
"20161","03146594",42,0,"1",2600,"D",260,"D",.,"A",1300,"D",60,"D",.,"A",.,"A",2340,"D",150,"D",.,"A",.,"A",.,"A",.,"A"
"20161","03146644",49,0,"1",3250,"D",325,"D",.,"A",0,"D",0,"D",.,"A",.,"A",2925,"D",90,"D",.,"A",.,"A",.,"A",.,"A"
"20161","03146654",27,0,"1",1950,"D",260,"D",130,"D",780,"D",120,"D",.,"A",.,"A",1690,"D",120,"D",.,"A",.,"A",.,"A",.,"A"
"20161","03146664",27,0,"1",1950,"D",520,"D",.,"A",0,"D",0,"D",.,"A",.,"A",1430,"D",0,"D",.,"A",.,"A",.,"A",.,"A"
"20161","03146684",58,0,"1",1950,"D",130,"D",.,"A",1300,"D",0,"D",.,"A",.,"A",1820,"D",0,"D",.,"A",.,"A",.,"A",.,"A"
"20161","03146694",41,0,"1",1950,"D",130,"D",.,"A",520,"D",0,"D",.,"A",.,"A",1820,"D",0,"D",.,"A",.,"A",.,"A",.,"A"
"20161","03146744",52,0,"1",3900,"D",650,"D",650,"D",0,"D",0,"D",.,"A",.,"A",3250,"D",0,"D",55,"D",715,"D",.,"A",.,"A"
"20161","03146754",91,0,"1",2340,"D",520,"D",.,"A",1040,"D",240,"D",.,"A",120,"D",1820,"D",360,"D",.,"A",.,"A",.,"A",.,"A"
"20161","03146764",68,0,"1",1625,"D",585,"D",195,"D",455,"D",0,"D",.,"A",.,"A",1040,"D",165,"D",.,"A",.,"A",.,"A",.,"A"
"20161","03146774",27,0,"1",1040,"D",130,"D",.,"A",260,"D",0,"D",.,"A",.,"A",910,"D",0,"D",.,"A",.,"A",.,"A",.,"A"
"20161","03146784",16,0,"1",780,"D",0,"D",.,"A",26,"D",0,"D",.,"A",.,"A",780,"D",0,"D",.,"A",.,"A",.,"A",.,"A"
"20161","03146814",39,0,"1",1560,"D",260,"D",650,"D",780,"D",0,"D",.,"A",.,"A",1300,"D",0,"D",.,"A",.,"A",.,"A",.,"A"
"20161","03146844",54,0,"1",520,"D",0,"D",.,"A",195,"D",0,"D",.,"A",.,"A",520,"D",0,"D",.,"A",.,"A",.,"A",.,"A"
"20161","03146854",23,0,"1",1950,"D",390,"D",.,"A",390,"D",0,"D",.,"A",.,"A",1560,"D",0,"D",.,"A",.,"A",.,"A",.,"A"
"20161","03146864",16,0,"1",650,"D",26,"D",.,"A",0,"D",0,"D",.,"A",.,"A",624,"D",0,"D",.,"A",.,"A",.,"A",.,"A"
"20161","03146874",27,0,"1",650,"D",130,"D",.,"A",0,"D",0,"D",.,"A",.,"A",520,"D",0,"D",45,"D",585,"D",.,"A",.,"A"
"20161","03146884",35,0,"1",910,"D",406,"F",.,"A",390,"D",30,"D",.,"A",100,"D",1715,"F",180,"D",.,"A",.,"A",.,"A",.,"A"
"20161","03146914",14,0,"1",975,"D",195,"D",.,"A",0,"D",75,"D",.,"A",.,"A",780,"D",0,"D",.,"A",.,"A",.,"A",.,"A"
"20161","03146954",58,0,"1",780,"D",65,"D",.,"A",195,"D",0,"D",.,"A",.,"A",715,"D",0,"D",.,"A",.,"A",.,"A",.,"A"
"20161","03146964",39,0,"1",2600,"D",975,"D",.,"A",325,"D",0,"D",.,"A",.,"A",1625,"D",75,"D",.,"A",.,"A",.,"A",.,"A"
"20161","03146974",33,0,"1",910,"D",195,"D",.,"A",1040,"D",0,"D",.,"A",.,"A",715,"D",0,"D",.,"A",.,"A",.,"A",.,"A"
"20161","03147004",19,0,"1",1950,"D",260,"D",.,"A",195,"D",0,"D",.,"A",.,"A",1690,"D",0,"D",.,"A",.,"A",.,"A",.,"A"
"20161","03147044",121,0,"1",1300,"D",0,"D",0,"D",650,"D",0,"D",.,"A",.,"A",1300,"D",0,"D",.,"A",.,"A",.,"A",.,"A"
"20161","03147054",32,0,"1",1625,"D",260,"D",.,"A",650,"D",0,"D",.,"A",.,"A",1365,"D",0,"D",.,"A",.,"A",.,"A",.,"A"
"20161","03147064",20,0,"1",0,"D",.,"A",.,"A",260,"D",180,"D",.,"A",.,"A",0,"D",300,"D",7,"D",91,"D",.,"A",.,"A"
"20161","03147074",58,0,"1",2756,"D",390,"D",.,"A",1755,"D",0,"D",.,"A",.,"A",2366,"D",300,"D",.,"A",.,"A",.,"A",.,"A"
"20161","03147104",71,0,"1",1625,"D",390,"D",.,"A",455,"D",0,"D",.,"A",.,"A",1235,"D",120,"D",.,"A",.,"A",.,"A",.,"A"
"20161","03147114",18,0,"1",3250,"D",1300,"D",.,"A",0,"D",0,"D",.,"A",.,"A",1950,"D",0,"D",.,"A",.,"A",546,"D",42,"D"
"20161","03147174",24,0,"1",1950,"D",195,"D",.,"A",650,"D",0,"D",.,"A",.,"A",1755,"D",60,"D",30,"D",390,"D",.,"A",.,"A"
"20161","03147184",34,0,"1",910,"D",260,"D",.,"A",650,"D",0,"D",.,"A",.,"A",650,"D",75,"D",.,"A",.,"A",.,"A",.,"A"
"20161","03147214",25,0,"1",2600,"D",451,"F",.,"A",0,"D",0,"D",.,"A",.,"A",1755,"F",0,"D",.,"A",.,"A",.,"A",.,"A"
"20161","03147234",35,0,"1",2600,"D",1040,"D",.,"A",0,"D",0,"D",.,"A",.,"A",1560,"D",105,"D",40,"D",520,"D",.,"A",.,"A"
"20161","03147294",18,0,"1",975,"D",130,"D",.,"A",0,"D",0,"D",.,"A",.,"A",845,"D",0,"D",.,"A",.,"A",.,"A",.,"A"
"20161","03147304",14,0,"1",1300,"D",260,"D",.,"A",0,"D",0,"D",.,"A",.,"A",1040,"D",0,"D",.,"A",.,"A",.,"A",.,"A"
"20161","03147334",35,0,"1",2600,"D",455,"D",.,"A",1950,"D",120,"D",.,"A",.,"A",2145,"D",300,"D",60,"D",780,"D",.,"A",.,"A"
"20161","03147344",46,0,"1",1768,"D",325,"D",26,"D",598,"D",0,"D",.,"A",.,"A",1443,"D",45,"D",.,"A",.,"A",.,"A",.,"A"
"20161","03147364",28,0,"1",6500,"D",406,"F",317,"F",13,"D",6,"D",.,"A",.,"A",1649,"F",6,"D",.,"A",.,"A",.,"A",.,"A"
"20161","03147454",16,0,"1",0,"D",.,"A",.,"A",195,"D",0,"D",.,"A",.,"A",0,"D",0,"D",.,"A",.,"A",130,"D",10,"D"
"20161","03147564",25,0,"1",650,"D",130,"D",260,"D",260,"D",0,"D",.,"A",.,"A",520,"D",0,"D",.,"A",.,"A",.,"A",.,"A"
"20161","03147584",50,0,"1",1300,"D",325,"D",.,"A",650,"D",0,"D",.,"A",.,"A",975,"D",75,"D",.,"A",.,"A",.,"A",.,"A"
"20161","03147604",23,0,"1",650,"D",195,"D",.,"A",0,"D",6,"D",.,"A",.,"A",455,"D",6,"D",.,"A",.,"A",.,"A",.,"A"
"20161","03147634",22,0,"1",1950,"D",650,"D",.,"A",260,"D",0,"D",.,"A",.,"A",1300,"D",0,"D",100,"D",1300,"D",.,"A",.,"A"
"20161","03147654",37,0,"1",2600,"D",260,"D",.,"A",0,"D",75,"D",.,"A",.,"A",2340,"D",225,"D",.,"A",.,"A",.,"A",.,"A"
"20161","03147674",26,0,"1",2600,"D",260,"D",.,"A",325,"D",0,"D",.,"A",.,"A",2340,"D",0,"D",.,"A",.,"A",.,"A",.,"A"
"20161","03147704",37,0,"1",1625,"D",325,"D",.,"A",390,"D",0,"D",.,"A",.,"A",1300,"D",0,"D",.,"A",.,"A",.,"A",.,"A"
"20161","03147714",35,0,"1",1495,"D",195,"D",.,"A",0,"D",0,"D",.,"A",.,"A",1300,"D",0,"D",.,"A",.,"A",.,"A",.,"A"
"20161","03147734",36,0,"1",2925,"D",260,"D",.,"A",1300,"D",0,"D",.,"A",.,"A",2665,"D",60,"D",.,"A",.,"A",.,"A",.,"A"
"20161","03147744",37,0,"1",650,"D",130,"D",65,"D",390,"D",15,"D",.,"A",.,"A",520,"D",0,"D",.,"A",.,"A",.,"A",.,"A"
"20161","03147754",28,0,"1",1586,"D",286,"D",.,"A",260,"D",0,"D",.,"A",.,"A",1300,"D",0,"D",6,"D",78,"D",.,"A",.,"A"
"20161","03147764",66,0,"1",3250,"D",425,"F",415,"F",1950,"D",115,"F",.,"A",.,"A",1676,"F",107,"F",.,"A",.,"A",.,"A",.,"A"
"20161","03147774",35,0,"1",520,"D",65,"D",65,"D",520,"D",0,"D",.,"A",240,"D",455,"D",0,"D",.,"A",.,"A",.,"A",.,"A"
"20161","03147814",16,0,"1",1300,"D",130,"D",.,"A",520,"D",0,"D",.,"A",.,"A",1170,"D",0,"D",.,"A",.,"A",.,"A",.,"A"
"20161","03147854",26,0,"1",1300,"D",0,"D",.,"A",650,"D",0,"D",.,"A",495,"D",1300,"D",0,"D",.,"A",.,"A",.,"A",.,"A"
"20161","03147894",17,0,"1",260,"D",0,"D",.,"A",0,"D",0,"D",.,"A",.,"A",260,"D",0,"D",.,"A",.,"A",.,"A",.,"A"
"20161","03147904",45,0,"1",520,"D",0,"D",.,"A",208,"D",6,"D",.,"A",.,"A",520,"D",6,"D",.,"A",.,"A",.,"A",.,"A"
"20161","03147924",51,0,"1",2600,"D",650,"D",.,"A",520,"D",0,"D",.,"A",.,"A",1950,"D",60,"D",.,"A",.,"A",.,"A",.,"A"
"20161","03147934",57,0,"1",1170,"D",0,"D",.,"A",1560,"D",0,"D",.,"A",.,"A",1170,"D",0,"D",84,"D",1092,"D",.,"A",.,"A"
"20161","03147944",10,0,"1",2730,"D",455,"D",.,"A",0,"D",0,"D",.,"A",.,"A",2275,"D",0,"D",.,"A",.,"A",.,"A",.,"A"
"20161","03147964",20,0,"1",1300,"D",328,"F",318,"F",818,"F",134,"F",.,"A",.,"A",1330,"F",130,"F",.,"A",.,"A",.,"A",.,"A"
"20161","03148004",49,0,"1",1950,"D",650,"D",390,"D",1040,"D",180,"D",.,"A",1,"D",1300,"D",150,"D",.,"A",.,"A",.,"A",.,"A"
"20161","03148024",33,0,"1",1625,"D",260,"D",.,"A",325,"D",90,"D",.,"A",.,"A",1365,"D",75,"D",.,"A",.,"A",.,"A",.,"A"
"20161","03148034",20,0,"1",1300,"D",260,"D",.,"A",1300,"D",0,"D",.,"A",.,"A",1040,"D",60,"D",.,"A",.,"A",.,"A",.,"A"
"20161","03148084",82,0,"1",1950,"D",520,"D",390,"D",1560,"D",120,"D",.,"A",.,"A",1430,"D",225,"D",.,"A",.,"A",.,"A",.,"A"
"20161","03148104",18,0,"1",390,"D",65,"D",.,"A",390,"D",0,"D",.,"A",.,"A",325,"D",0,"D",30,"D",390,"D",.,"A",.,"A"
"20161","03148124",44,0,"1",325,"D",78,"D",.,"A",130,"D",30,"D",.,"A",.,"A",247,"D",30,"D",.,"A",.,"A",.,"A",.,"A"
"20161","03148164",48,0,"1",780,"D",0,"D",.,"A",520,"D",0,"D",.,"A",.,"A",780,"D",15,"D",.,"A",.,"A",.,"A",.,"A"
"20161","03148174",30,0,"1",3250,"D",455,"D",.,"A",1300,"D",0,"D",.,"A",.,"A",2795,"D",180,"D",150,"D",1950,"D",.,"A",.,"A"
"20161","03148184",57,0,"1",3250,"D",650,"D",.,"A",390,"D",0,"D",.,"A",.,"A",2600,"D",145,"F",20,"D",260,"D",.,"A",.,"A"
"20161","03148204",40,0,"1",1625,"D",325,"D",.,"A",78,"D",18,"D",.,"A",.,"A",1300,"D",0,"D",.,"A",.,"A",.,"A",.,"A"
"20161","03148214",14,0,"1",1950,"D",650,"D",.,"A",650,"D",0,"D",.,"A",.,"A",1300,"D",0,"D",.,"A",.,"A",.,"A",.,"A"
"20161","03148264",63,0,"1",1300,"D",65,"D",.,"A",520,"D",600,"D",.,"A",.,"A",1235,"D",60,"D",.,"A",.,"A",.,"A",.,"A"
"20161","03148274",145,0,"1",2899,"D",1391,"D",.,"A",1027,"D",0,"D",.,"A",.,"A",1508,"D",0,"D",.,"A",.,"A",.,"A",.,"A"
"20161","03148284",66,0,"1",1300,"D",650,"D",130,"D",650,"D",0,"D",.,"A",.,"A",650,"D",0,"D",20,"D",260,"D",.,"A",.,"A"
"20161","03148304",29,0,"1",1040,"D",130,"D",.,"A",650,"D",0,"D",.,"A",.,"A",910,"D",90,"D",.,"A",.,"A",.,"A",.,"A"
"20161","03148324",38,0,"1",2600,"D",195,"D",.,"A",648,"F",0,"D",.,"A",.,"A",2405,"D",0,"D",.,"A",.,"A",.,"A",.,"A"
"20161","03148334",12,0,"1",2275,"D",279,"F",.,"A",0,"D",0,"D",.,"A",.,"A",1079,"F",0,"D",.,"A",.,"A",.,"A",.,"A"
"20161","03148354",24,0,"1",845,"D",130,"D",.,"A",260,"D",0,"D",.,"A",.,"A",715,"D",0,"D",.,"A",.,"A",.,"A",.,"A"
"20161","03148384",29,0,"1",2194,"F",.,"A",.,"A",390,"D",0,"D",.,"A",.,"A",1755,"F",60,"D",.,"A",.,"A",.,"A",.,"A"
"20161","03148394",32,0,"1",1300,"D",130,"D",.,"A",325,"D",0,"D",.,"A",.,"A",1170,"D",0,"D",.,"A",.,"A",.,"A",.,"A"
"20161","03148404",33,0,"1",1040,"D",130,"D",.,"A",195,"D",0,"D",.,"A",.,"A",910,"D",0,"D",.,"A",.,"A",.,"A",.,"A"
"20161","03148434",52,0,"1",1430,"D",260,"D",.,"A",260,"D",60,"D",.,"A",.,"A",1170,"D",240,"D",.,"A",.,"A",.,"A",.,"A"
"20161","03148484",73,0,"1",2275,"D",390,"D",.,"A",1950,"D",150,"D",.,"A",.,"A",1885,"D",90,"D",.,"A",.,"A",.,"A",.,"A"
"20161","03148514",48,0,"1",1430,"D",429,"D",325,"D",195,"D",0,"D",.,"A",.,"A",1001,"D",300,"D",.,"A",.,"A",.,"A",.,"A"
"20161","03148524",20,0,"1",1300,"D",325,"D",.,"A",650,"D",0,"D",.,"A",.,"A",975,"D",0,"D",.,"A",.,"A",.,"A",.,"A"
"20161","03148544",21,0,"1",650,"D",130,"D",.,"A",0,"D",0,"D",.,"A",.,"A",520,"D",0,"D",.,"A",.,"A",.,"A",.,"A"
"20161","03148564",35,0,"1",1300,"D",390,"D",.,"A",0,"D",0,"D",.,"A",114,"F",910,"D",30,"D",7,"D",91,"D",.,"A",.,"A"
"20161","03148604",40,0,"1",1300,"D",260,"D",.,"A",260,"D",0,"D",.,"A",.,"A",1040,"D",0,"D",.,"A",.,"A",.,"A",.,"A"
"20161","03148634",35,0,"1",2600,"D",325,"D",260,"D",0,"D",0,"D",.,"A",.,"A",2275,"D",45,"D",90,"D",1170,"D",.,"A",.,"A"
"20161","03148654",34,0,"1",455,"D",130,"D",.,"A",91,"D",0,"D",.,"A",.,"A",325,"D",0,"D",.,"A",.,"A",.,"A",.,"A"
"20161","03148664",9,0,"1",1170,"D",195,"D",.,"A",0,"D",0,"D",.,"A",.,"A",975,"D",0,"D",.,"A",.,"A",.,"A",.,"A"
"20161","03148684",31,0,"1",1950,"D",650,"D",.,"A",0,"D",0,"D",.,"A",.,"A",1300,"D",0,"D",40,"D",520,"D",.,"A",.,"A"
"20161","03148694",34,0,"1",1300,"D",390,"D",.,"A",1950,"D",0,"D",.,"A",.,"A",910,"D",0,"D",.,"A",.,"A",.,"A",.,"A"
"20161","03148704",40,0,"1",1300,"D",130,"D",.,"A",1300,"D",0,"D",.,"A",.,"A",1170,"D",75,"D",.,"A",.,"A",.,"A",.,"A"
"20161","03148724",47,0,"1",1950,"D",130,"D",.,"A",1950,"D",0,"D",.,"A",.,"A",1820,"D",30,"D",.,"A",.,"A",.,"A",.,"A"
"20161","03148744",33,0,"1",1560,"D",130,"D",.,"A",2600,"D",0,"D",.,"A",.,"A",1430,"D",0,"D",.,"A",.,"A",.,"A",.,"A"
"20161","03148754",43,0,"1",1560,"D",130,"D",325,"D",0,"D",0,"D",.,"A",.,"A",1430,"D",60,"D",.,"A",.,"A",.,"A",.,"A"
"20161","03148794",39,0,"1",1300,"D",416,"F",.,"A",260,"D",75,"D",.,"A",.,"A",1449,"F",75,"D",.,"A",.,"A",.,"A",.,"A"
"20161","03148804",24,0,"1",1950,"D",455,"D",.,"A",0,"D",360,"D",.,"A",.,"A",1495,"D",180,"D",18,"D",234,"D",.,"A",.,"A"
"20161","03148854",52,0,"1",1300,"D",390,"D",780,"D",0,"D",0,"D",130,"D",.,"A",910,"D",0,"D",.,"A",.,"A",520,"D",40,"D"
"20161","03148874",20,0,"1",3250,"D",390,"D",.,"A",260,"D",0,"D",.,"A",.,"A",2860,"D",0,"D",.,"A",.,"A",.,"A",.,"A"
"20161","03148884",21,0,"1",975,"D",130,"D",.,"A",325,"D",0,"D",.,"A",.,"A",845,"D",0,"D",.,"A",.,"A",.,"A",.,"A"
"20161","03148894",33,0,"1",1950,"D",650,"D",.,"A",780,"D",120,"D",.,"A",.,"A",1300,"D",90,"D",.,"A",.,"A",.,"A",.,"A"
"20161","03148934",30,0,"1",975,"D",325,"D",.,"A",195,"D",0,"D",.,"A",.,"A",650,"D",0,"D",.,"A",.,"A",.,"A",.,"A"
"20161","03148944",59,0,"1",1040,"D",390,"D",.,"A",1040,"D",0,"D",.,"A",240,"D",650,"D",0,"D",.,"A",.,"A",.,"A",.,"A"
"20161","03148974",35,0,"1",1950,"D",130,"D",.,"A",2600,"D",0,"D",.,"A",.,"A",1820,"D",45,"D",.,"A",.,"A",.,"A",.,"A"
"20161","03149004",81,0,"1",1560,"D",715,"D",390,"D",975,"D",0,"D",.,"A",.,"A",845,"D",30,"D",.,"A",.,"A",.,"A",.,"A"
"20161","03149014",21,0,"1",390,"D",0,"D",.,"A",65,"D",0,"D",.,"A",.,"A",390,"D",0,"D",.,"A",.,"A",.,"A",.,"A"
"20161","03149034",37,0,"1",2600,"D",260,"D",.,"A",650,"D",0,"D",.,"A",.,"A",2340,"D",0,"D",.,"A",.,"A",.,"A",.,"A"
"20161","03149044",21,0,"1",2340,"D",390,"D",.,"A",0,"D",0,"D",.,"A",.,"A",1950,"D",0,"D",.,"A",.,"A",.,"A",.,"A"
"20161","03149054",46,0,"1",650,"D",376,"F",.,"A",650,"D",0,"D",125,"D",.,"A",1293,"F",0,"D",40,"D",520,"D",.,"A",.,"A"
"20161","03149074",29,0,"1",0,"D",.,"A",.,"A",0,"D",6,"D",.,"A",.,"A",0,"D",6,"D",.,"A",.,"A",.,"A",.,"A"
"20161","03149114",33,0,"1",975,"D",260,"D",.,"A",130,"D",0,"D",.,"A",.,"A",715,"D",0,"D",20,"D",260,"D",.,"A",.,"A"
"20161","03149124",32,0,"1",2600,"D",195,"D",.,"A",520,"D",0,"D",.,"A",.,"A",2405,"D",0,"D",15,"D",195,"D",.,"A",.,"A"
"20161","03149134",17,0,"1",819,"D",169,"D",.,"A",0,"D",0,"D",.,"A",.,"A",650,"D",60,"D",.,"A",.,"A",.,"A",.,"A"
"20161","03149144",27,0,"1",2226,"F",.,"A",.,"A",857,"F",144,"F",.,"A",.,"A",1817,"F",128,"F",.,"A",.,"A",.,"A",.,"A"
"20161","03149164",40,0,"1",1560,"D",520,"D",.,"A",780,"D",0,"D",.,"A",50,"D",1040,"D",0,"D",.,"A",.,"A",.,"A",.,"A"
"20161","03149174",30,0,"1",2080,"D",455,"D",.,"A",520,"D",0,"D",.,"A",.,"A",1625,"D",0,"D",.,"A",.,"A",.,"A",.,"A"
"20161","03149184",33,0,"1",1300,"D",65,"D",156,"D",325,"D",0,"D",.,"A",.,"A",1235,"D",60,"D",.,"A",.,"A",.,"A",.,"A"
"20161","03149214",68,0,"1",2834,"D",468,"D",.,"A",130,"D",0,"D",.,"A",.,"A",2366,"D",213,"D",.,"A",.,"A",.,"A",.,"A"
"20161","03149234",42,0,"1",1820,"D",130,"D",.,"A",390,"D",0,"D",.,"A",.,"A",1690,"D",0,"D",.,"A",.,"A",.,"A",.,"A"
"20161","03149244",24,0,"1",1300,"D",195,"D",.,"A",780,"D",0,"D",.,"A",.,"A",1105,"D",0,"D",.,"A",.,"A",.,"A",.,"A"
"20161","03149254",61,0,"1",3250,"D",650,"D",.,"A",520,"D",0,"D",.,"A",200,"D",2600,"D",0,"D",.,"A",.,"A",.,"A",.,"A"
"20161","03149274",35,0,"1",1625,"D",325,"D",.,"A",0,"D",0,"D",.,"A",.,"A",1300,"D",60,"D",.,"A",.,"A",.,"A",.,"A"
"20161","03149284",18,0,"1",650,"D",192,"F",.,"A",0,"D",0,"D",.,"A",.,"A",721,"F",0,"D",.,"A",.,"A",.,"A",.,"A"
"20161","03149314",57,0,"1",1326,"D",390,"D",.,"A",936,"D",0,"D",.,"A",.,"A",936,"D",45,"D",.,"A",.,"A",.,"A",.,"A"
"20161","03149334",13,0,"1",650,"D",0,"D",.,"A",0,"D",0,"D",.,"A",.,"A",650,"D",0,"D",.,"A",.,"A",.,"A",.,"A"
"20161","03149344",34,0,"1",2080,"D",260,"D",.,"A",0,"D",0,"D",.,"A",.,"A",1820,"D",0,"D",.,"A",.,"A",.,"A",.,"A"
"20161","03149384",40,0,"1",1690,"D",390,"D",.,"A",195,"D",0,"D",.,"A",.,"A",1300,"D",0,"D",.,"A",.,"A",.,"A",.,"A"
"20161","03149404",28,0,"1",1300,"D",520,"D",.,"A",1950,"D",1200,"D",.,"A",.,"A",780,"D",450,"D",40,"D",520,"D",.,"A",.,"A"
"20161","03149414",34,0,"1",2600,"D",1300,"D",.,"A",6500,"D",1500,"D",.,"A",.,"A",1300,"D",900,"D",.,"A",.,"A",.,"A",.,"A"
"20161","03149424",28,0,"1",1300,"D",455,"D",.,"A",130,"D",0,"D",.,"A",.,"A",845,"D",300,"D",.,"A",.,"A",260,"D",20,"D"
"20161","03149434",25,0,"1",1365,"D",325,"D",.,"A",0,"D",0,"D",.,"A",.,"A",1040,"D",0,"D",.,"A",.,"A",.,"A",.,"A"
"20161","03149464",38,0,"1",1625,"D",325,"D",.,"A",520,"D",0,"D",.,"A",.,"A",1300,"D",0,"D",.,"A",.,"A",.,"A",.,"A"
"20161","03149474",25,0,"1",1300,"D",260,"D",.,"A",910,"D",0,"D",.,"A",.,"A",1040,"D",0,"D",.,"A",.,"A",.,"A",.,"A"
"20161","03149494",59,0,"1",1755,"D",195,"D",130,"D",260,"D",0,"D",.,"A",.,"A",1560,"D",150,"D",.,"A",.,"A",.,"A",.,"A"
"20161","03149514",28,0,"1",1812,"F",.,"A",.,"A",648,"F",144,"F",.,"A",.,"A",1569,"F",183,"F",.,"A",.,"A",.,"A",.,"A"
"20161","03149524",24,0,"1",3250,"D",390,"D",.,"A",325,"D",75,"D",.,"A",.,"A",2860,"D",360,"D",50,"D",650,"D",.,"A",.,"A"
"20161","03149534",32,0,"1",390,"D",65,"D",.,"A",0,"D",0,"D",.,"A",.,"A",325,"D",0,"D",.,"A",.,"A",.,"A",.,"A"
"20161","03149544",65,0,"1",1950,"D",520,"D",390,"D",1300,"D",0,"D",.,"A",50,"D",1430,"D",0,"D",.,"A",.,"A",.,"A",.,"A"
"20161","03149554",25,0,"1",650,"D",0,"D",.,"A",260,"D",0,"D",.,"A",.,"A",650,"D",0,"D",.,"A",.,"A",.,"A",.,"A"
"20161","03149584",31,0,"1",390,"D",0,"D",.,"A",260,"D",0,"D",.,"A",.,"A",390,"D",105,"D",10,"D",130,"D",.,"A",.,"A"
"20161","03149614",23,0,"1",1625,"D",650,"D",.,"A",0,"D",0,"D",.,"A",.,"A",975,"D",0,"D",.,"A",.,"A",.,"A",.,"A"
"20161","03149634",46,0,"1",1300,"D",130,"D",.,"A",650,"D",0,"D",108,"D",.,"A",1170,"D",0,"D",.,"A",.,"A",.,"A",.,"A"
"20161","03149644",37,0,"1",3250,"D",390,"D",.,"A",650,"D",0,"D",63,"D",.,"A",2860,"D",0,"D",35,"D",455,"D",.,"A",.,"A"
"20161","03149654",17,0,"1",780,"D",130,"D",325,"D",650,"D",150,"D",.,"A",.,"A",650,"D",120,"D",.,"A",.,"A",.,"A",.,"A"
"20161","03149664",51,0,"1",1300,"D",325,"D",.,"A",390,"D",60,"D",.,"A",.,"A",975,"D",300,"D",.,"A",.,"A",.,"A",.,"A"
"20161","03149684",33,0,"1",1950,"D",260,"D",.,"A",0,"D",0,"D",.,"A",.,"A",1690,"D",150,"D",48,"D",624,"D",.,"A",.,"A"
"20161","03149704",10,0,"1",1131,"D",130,"D",.,"A",260,"D",0,"D",.,"A",.,"A",1001,"D",60,"D",12,"D",156,"D",.,"A",.,"A"
"20161","03149774",31,0,"1",2925,"D",325,"D",.,"A",325,"D",0,"D",258,"F",.,"A",2600,"D",180,"D",.,"A",.,"A",.,"A",.,"A"
"20161","03149814",6,0,"1",883,"F",.,"A",.,"A",534,"F",158,"F",.,"A",.,"A",721,"F",124,"F",.,"A",.,"A",.,"A",.,"A"
"20161","03149824",54,0,"1",1950,"D",195,"D",.,"A",195,"D",42,"D",.,"A",.,"A",1755,"D",54,"D",.,"A",.,"A",.,"A",.,"A"
"20161","03149874",43,0,"1",1040,"D",260,"D",.,"A",325,"D",0,"D",.,"A",.,"A",780,"D",0,"D",.,"A",.,"A",.,"A",.,"A"
"20161","03149884",21,0,"1",1560,"D",260,"D",.,"A",260,"D",0,"D",.,"A",.,"A",1300,"D",0,"D",.,"A",.,"A",.,"A",.,"A"
"20161","03149904",49,0,"1",1430,"D",260,"D",260,"D",1040,"D",0,"D",.,"A",.,"A",1170,"D",0,"D",.,"A",.,"A",.,"A",.,"A"
"20161","03149924",27,0,"1",883,"F",.,"A",.,"A",534,"F",158,"F",.,"A",.,"A",721,"F",124,"F",.,"A",.,"A",.,"A",.,"A"
"20161","03149954",22,0,"1",78,"D",0,"D",.,"A",0,"D",0,"D",.,"A",.,"A",78,"D",0,"D",.,"A",.,"A",.,"A",.,"A"
"20161","03149964",44,0,"1",1430,"D",260,"D",.,"A",520,"D",6,"D",.,"A",.,"A",1170,"D",6,"D",.,"A",.,"A",.,"A",.,"A"
"20161","03149974",20,0,"1",520,"D",26,"D",.,"A",520,"D",0,"D",.,"A",.,"A",494,"D",0,"D",.,"A",.,"A",.,"A",.,"A"
"20161","03150004",28,0,"1",780,"D",91,"D",.,"A",260,"D",0,"D",.,"A",.,"A",689,"D",30,"D",.,"A",.,"A",.,"A",.,"A"
"20161","03150014",48,0,"1",650,"D",195,"D",.,"A",325,"D",0,"D",.,"A",.,"A",455,"D",0,"D",.,"A",.,"A",.,"A",.,"A"
"20161","03150084",45,0,"1",1300,"D",325,"D",390,"D",1040,"D",0,"D",.,"A",.,"A",975,"D",0,"D",100,"D",1300,"D",.,"A",.,"A"
"20161","03150094",14,0,"1",416,"D",0,"D",.,"A",0,"D",0,"D",.,"A",.,"A",416,"D",0,"D",.,"A",.,"A",.,"A",.,"A"
"20161","03150104",39,0,"1",3900,"D",975,"D",.,"A",1300,"D",90,"D",.,"A",.,"A",2925,"D",144,"D",.,"A",.,"A",.,"A",.,"A"
"20161","03150114",27,0,"1",975,"D",143,"D",.,"A",520,"D",0,"D",.,"A",.,"A",832,"D",0,"D",.,"A",.,"A",.,"A",.,"A"
"20161","03150134",35,0,"1",2600,"D",390,"D",.,"A",0,"D",0,"D",.,"A",.,"A",2210,"D",36,"D",.,"A",.,"A",.,"A",.,"A"
"20161","03150184",44,0,"1",1040,"D",104,"D",.,"A",780,"D",0,"D",.,"A",.,"A",936,"D",0,"D",.,"A",.,"A",.,"A",.,"A"
"20161","03150194",73,0,"1",1300,"D",325,"D",130,"D",520,"D",0,"D",.,"A",.,"A",975,"D",0,"D",.,"A",.,"A",.,"A",.,"A"
"20161","03150204",18,0,"1",650,"D",0,"D",.,"A",650,"D",0,"D",.,"A",.,"A",650,"D",0,"D",.,"A",.,"A",.,"A",.,"A"
"20161","03150214",24,0,"1",1300,"D",325,"D",.,"A",650,"D",0,"D",.,"A",90,"D",975,"D",0,"D",.,"A",.,"A",.,"A",.,"A"
"20161","03150224",76,0,"1",650,"D",0,"D",.,"A",650,"D",0,"D",.,"A",.,"A",650,"D",0,"D",.,"A",.,"A",.,"A",.,"A"
"20161","03150244",33,0,"1",1040,"D",104,"D",.,"A",130,"D",0,"D",.,"A",.,"A",936,"D",0,"D",35,"D",455,"D",.,"A",.,"A"
"20161","03150254",47,0,"1",1950,"D",650,"D",325,"D",650,"D",150,"D",.,"A",240,"D",1300,"D",150,"D",.,"A",.,"A",.,"A",.,"A"
"20161","03150264",47,0,"1",1079,"D",299,"D",.,"A",65,"D",0,"D",.,"A",.,"A",780,"D",0,"D",.,"A",.,"A",.,"A",.,"A"
"20161","03150284",41,0,"1",1690,"D",195,"D",.,"A",325,"D",0,"D",.,"A",.,"A",1495,"D",0,"D",8,"D",104,"D",.,"A",.,"A"
"20161","03150334",21,0,"1",1300,"D",325,"D",.,"A",0,"D",0,"D",.,"A",.,"A",975,"D",0,"D",.,"A",.,"A",.,"A",.,"A"
"20161","03150344",26,0,"1",650,"D",130,"D",.,"A",0,"D",0,"D",.,"A",.,"A",520,"D",0,"D",48,"D",624,"D",.,"A",.,"A"
"20161","03150354",14,0,"1",910,"D",130,"D",.,"A",0,"D",0,"D",.,"A",.,"A",780,"D",60,"D",.,"A",.,"A",.,"A",.,"A"
"20161","03150364",65,0,"1",1872,"D",182,"D",.,"A",1040,"D",0,"D",.,"A",.,"A",1690,"D",0,"D",.,"A",.,"A",.,"A",.,"A"
"20161","03150374",19,0,"1",1170,"D",26,"D",.,"A",2873,"D",209,"F",.,"A",.,"A",1144,"D",0,"D",.,"A",.,"A",.,"A",.,"A"
"20161","03150384",59,0,"1",1040,"D",260,"D",65,"D",1300,"D",600,"D",.,"A",.,"A",780,"D",270,"D",.,"A",.,"A",.,"A",.,"A"
"20161","03150414",31,0,"1",3250,"D",390,"D",.,"A",455,"D",0,"D",.,"A",.,"A",2860,"D",0,"D",.,"A",.,"A",.,"A",.,"A"
"20161","03150434",63,0,"1",1300,"D",0,"D",.,"A",975,"D",135,"D",.,"A",.,"A",1300,"D",30,"D",.,"A",.,"A",.,"A",.,"A"
"20161","03150444",36,0,"1",1625,"D",520,"D",.,"A",1560,"D",0,"D",.,"A",10,"D",1105,"D",0,"D",.,"A",.,"A",.,"A",.,"A"
"20161","03150464",15,0,"1",520,"D",130,"D",390,"D",1040,"D",180,"D",.,"A",.,"A",390,"D",120,"D",.,"A",.,"A",.,"A",.,"A"
"20161","03150504",47,0,"1",975,"D",195,"D",520,"D",520,"D",0,"D",.,"A",.,"A",780,"D",60,"D",.,"A",.,"A",.,"A",.,"A"
"20161","03150544",16,0,"1",1625,"D",260,"D",.,"A",520,"D",0,"D",.,"A",.,"A",1365,"D",90,"D",.,"A",.,"A",.,"A",.,"A"
"20161","03150564",24,0,"1",780,"D",0,"D",.,"A",0,"D",0,"D",.,"A",.,"A",780,"D",0,"D",.,"A",.,"A",.,"A",.,"A"
"20161","03150584",18,0,"1",195,"D",0,"D",.,"A",130,"D",0,"D",.,"A",.,"A",195,"D",0,"D",.,"A",.,"A",.,"A",.,"A"
"20161","03150614",23,0,"1",1950,"D",0,"D",325,"D",325,"D",0,"D",.,"A",.,"A",1950,"D",0,"D",.,"A",.,"A",.,"A",.,"A"
"20161","03150634",23,0,"1",1300,"D",0,"D",.,"A",650,"D",90,"D",.,"A",.,"A",1300,"D",90,"D",.,"A",.,"A",.,"A",.,"A"
"20161","03150654",14,0,"1",650,"D",0,"D",.,"A",0,"D",0,"D",.,"A",.,"A",650,"D",60,"D",.,"A",.,"A",.,"A",.,"A"
"20161","03150674",38,0,"1",585,"D",260,"D",.,"A",1040,"D",0,"D",.,"A",.,"A",325,"D",0,"D",.,"A",.,"A",.,"A",.,"A"
"20161","03150684",57,0,"1",2600,"D",650,"D",.,"A",130,"D",30,"D",.,"A",.,"A",1950,"D",30,"D",.,"A",.,"A",.,"A",.,"A"
"20161","03150714",48,0,"1",2860,"D",325,"D",.,"A",0,"D",0,"D",.,"A",.,"A",2535,"D",30,"D",41,"D",533,"D",.,"A",.,"A"
"20161","03150744",54,0,"1",2600,"D",260,"D",195,"D",1300,"D",300,"D",.,"A",.,"A",2340,"D",300,"D",.,"A",.,"A",.,"A",.,"A"
"20161","03150764",11,0,"1",975,"D",130,"D",.,"A",534,"F",0,"D",.,"A",.,"A",845,"D",0,"D",.,"A",.,"A",.,"A",.,"A"
"20161","03150794",46,0,"1",1690,"D",390,"D",650,"D",520,"D",0,"D",.,"A",.,"A",1300,"D",0,"D",.,"A",.,"A",.,"A",.,"A"
"20161","03150814",14,0,"1",520,"D",65,"D",.,"A",0,"D",0,"D",.,"A",.,"A",455,"D",0,"D",12,"D",156,"D",.,"A",.,"A"
"20161","03150824",22,0,"1",520,"D",65,"D",260,"D",260,"D",0,"D",.,"A",.,"A",455,"D",0,"D",.,"A",.,"A",.,"A",.,"A"
"20161","03150844",43,0,"1",1625,"D",260,"D",.,"A",650,"D",0,"D",.,"A",.,"A",1365,"D",0,"D",.,"A",.,"A",.,"A",.,"A"
"20161","03150854",30,0,"1",1040,"D",260,"D",.,"A",390,"D",60,"D",.,"A",.,"A",780,"D",60,"D",30,"D",390,"D",.,"A",.,"A"
"20161","03150884",29,0,"1",2039,"F",.,"A",.,"A",2600,"D",0,"D",.,"A",.,"A",1649,"F",60,"D",100,"D",1300,"D",.,"A",.,"A"
"20161","03150914",16,0,"1",650,"D",130,"D",.,"A",260,"D",158,"F",.,"A",.,"A",520,"D",124,"F",.,"A",.,"A",.,"A",.,"A"
"20161","03150924",61,0,"1",520,"D",260,"D",.,"A",0,"D",0,"D",.,"A",.,"A",260,"D",0,"D",.,"A",.,"A",.,"A",.,"A"
"20161","03150944",90,0,"1",1300,"D",0,"D",.,"A",1300,"D",240,"D",.,"A",.,"A",1300,"D",0,"D",.,"A",.,"A",.,"A",.,"A"
"20161","03150954",38,0,"1",1430,"D",130,"D",910,"D",325,"D",30,"D",.,"A",.,"A",1300,"D",450,"D",.,"A",.,"A",.,"A",.,"A"
"20161","03150964",30,0,"1",1950,"D",390,"D",.,"A",650,"D",0,"D",.,"A",.,"A",1560,"D",0,"D",.,"A",.,"A",.,"A",.,"A"
"20161","03150974",61,0,"1",1950,"D",325,"D",.,"A",130,"D",0,"D",.,"A",.,"A",1625,"D",0,"D",.,"A",.,"A",.,"A",.,"A"
"20161","03151004",7,0,"1",130,"D",0,"D",.,"A",130,"D",0,"D",.,"A",.,"A",130,"D",30,"D",15,"D",195,"D",.,"A",.,"A"
"20161","03151014",27,0,"1",273,"D",39,"D",.,"A",104,"D",0,"D",.,"A",.,"A",234,"D",0,"D",.,"A",.,"A",.,"A",.,"A"
"20161","03151024",20,0,"1",1473,"F",.,"A",.,"A",13,"D",0,"D",.,"A",.,"A",1208,"F",6,"D",.,"A",.,"A",.,"A",.,"A"
"20161","03151054",27,0,"1",1300,"D",195,"D",.,"A",1300,"D",0,"D",.,"A",.,"A",1105,"D",0,"D",.,"A",.,"A",.,"A",.,"A"
"20161","03151064",53,0,"1",1300,"D",260,"D",.,"A",650,"D",0,"D",.,"A",.,"A",1040,"D",0,"D",.,"A",.,"A",.,"A",.,"A"
"20161","03151074",45,0,"1",2600,"D",195,"D",.,"A",91,"D",0,"D",.,"A",.,"A",2405,"D",0,"D",.,"A",.,"A",.,"A",.,"A"
"20161","03151084",23,0,"1",1040,"D",195,"D",.,"A",0,"D",0,"D",.,"A",.,"A",845,"D",0,"D",.,"A",.,"A",.,"A",.,"A"
"20161","03151094",42,0,"1",520,"D",0,"D",.,"A",1300,"D",0,"D",.,"A",.,"A",520,"D",0,"D",.,"A",.,"A",.,"A",.,"A"
"20161","03151114",20,0,"1",3250,"D",260,"D",.,"A",1040,"D",0,"D",.,"A",.,"A",2990,"D",0,"D",.,"A",.,"A",.,"A",.,"A"
"20161","03151124",26,0,"1",1300,"D",0,"D",.,"A",455,"D",0,"D",.,"A",.,"A",1300,"D",0,"D",.,"A",.,"A",.,"A",.,"A"
"20161","03151134",28,0,"1",650,"D",0,"D",.,"A",325,"D",0,"D",.,"A",.,"A",650,"D",0,"D",.,"A",.,"A",.,"A",.,"A"
"20161","03151164",16,0,"1",975,"D",0,"D",.,"A",390,"D",0,"D",.,"A",.,"A",975,"D",0,"D",.,"A",.,"A",.,"A",.,"A"
"20161","03151184",44,0,"1",2600,"D",0,"D",975,"D",650,"D",0,"D",.,"A",.,"A",2600,"D",0,"D",.,"A",.,"A",.,"A",.,"A"
"20161","03151234",21,0,"1",585,"D",0,"D",.,"A",0,"D",0,"D",.,"A",.,"A",585,"D",0,"D",.,"A",.,"A",.,"A",.,"A"
"20161","03151244",29,0,"1",195,"D",26,"D",.,"A",0,"D",0,"D",.,"A",.,"A",169,"D",0,"D",.,"A",.,"A",.,"A",.,"A"
"20161","03151264",36,0,"1",2600,"D",260,"D",.,"A",130,"D",0,"D",.,"A",.,"A",2340,"D",150,"D",.,"A",.,"A",.,"A",.,"A"
"20161","03151274",30,0,"1",1300,"D",260,"D",156,"D",0,"D",0,"D",.,"A",.,"A",1040,"D",0,"D",.,"A",.,"A",.,"A",.,"A"
"20161","03151284",13,0,"1",2990,"D",780,"D",.,"A",0,"D",0,"D",.,"A",.,"A",2210,"D",0,"D",16,"D",208,"D",.,"A",.,"A"
"20161","03151294",38,0,"1",1430,"D",130,"D",.,"A",1040,"D",0,"D",.,"A",.,"A",1300,"D",60,"D",.,"A",.,"A",.,"A",.,"A"
"20161","03151314",24,0,"1",1300,"D",130,"D",.,"A",650,"D",30,"D",.,"A",.,"A",1170,"D",90,"D",.,"A",.,"A",.,"A",.,"A"
"20161","03151324",22,0,"1",910,"D",0,"D",.,"A",520,"D",0,"D",.,"A",.,"A",910,"D",0,"D",.,"A",.,"A",.,"A",.,"A"
"20161","03151334",32,0,"1",1625,"D",325,"D",.,"A",260,"D",0,"D",.,"A",.,"A",1300,"D",90,"D",.,"A",.,"A",.,"A",.,"A"
"20161","03151374",12,0,"1",650,"D",65,"D",.,"A",390,"D",0,"D",.,"A",.,"A",585,"D",0,"D",.,"A",.,"A",.,"A",.,"A"
"20161","03151384",12,0,"1",1300,"D",260,"D",.,"A",260,"D",0,"D",.,"A",.,"A",1040,"D",0,"D",.,"A",.,"A",.,"A",.,"A"
"20161","03151394",52,0,"1",1300,"D",0,"D",.,"A",1950,"D",0,"D",.,"A",.,"A",1300,"D",60,"D",.,"A",.,"A",.,"A",.,"A"
"20161","03151404",36,0,"1",1235,"D",182,"D",260,"D",260,"D",134,"F",.,"A",.,"A",1053,"D",130,"F",.,"A",.,"A",.,"A",.,"A"
"20161","03151424",37,0,"1",1040,"D",260,"D",.,"A",390,"D",120,"D",.,"A",.,"A",780,"D",120,"D",40,"D",520,"D",.,"A",.,"A"
"20161","03151464",24,0,"1",975,"D",65,"D",.,"A",0,"D",0,"D",.,"A",.,"A",910,"D",0,"D",.,"A",.,"A",.,"A",.,"A"
"20161","03151494",25,0,"1",2226,"F",.,"A",.,"A",857,"F",0,"D",.,"A",.,"A",1817,"F",0,"D",.,"A",.,"A",.,"A",.,"A"
"20161","03151504",55,0,"1",1040,"D",260,"D",.,"A",325,"D",0,"D",.,"A",.,"A",780,"D",0,"D",.,"A",.,"A",.,"A",.,"A"
"20161","03151534",26,0,"1",780,"D",260,"D",.,"A",650,"D",150,"D",.,"A",.,"A",520,"D",150,"D",.,"A",.,"A",.,"A",.,"A"
"20161","03151544",52,0,"1",1625,"D",195,"D",.,"A",1300,"D",0,"D",.,"A",180,"D",1430,"D",0,"D",.,"A",.,"A",546,"D",42,"D"
"20161","03151564",25,0,"1",975,"D",260,"D",130,"D",325,"D",0,"D",.,"A",.,"A",715,"D",0,"D",.,"A",.,"A",.,"A",.,"A"
"20161","03151594",27,0,"1",780,"D",130,"D",.,"A",0,"D",0,"D",.,"A",.,"A",650,"D",0,"D",10,"D",130,"D",.,"A",.,"A"
"20161","03151614",48,0,"1",1950,"D",390,"D",.,"A",650,"D",0,"D",.,"A",.,"A",1560,"D",0,"D",.,"A",.,"A",.,"A",.,"A"
"20161","03151684",17,0,"1",845,"D",260,"D",.,"A",0,"D",0,"D",.,"A",.,"A",585,"D",0,"D",.,"A",.,"A",.,"A",.,"A"
"20161","03151694",60,0,"1",2600,"D",325,"D",.,"A",910,"D",0,"D",.,"A",120,"D",2275,"D",0,"D",.,"A",.,"A",.,"A",.,"A"
"20161","03151714",12,0,"1",975,"D",260,"D",.,"A",650,"D",0,"D",.,"A",.,"A",715,"D",0,"D",.,"A",.,"A",.,"A",.,"A"
"20161","03151724",52,0,"1",1950,"D",195,"D",351,"D",1300,"D",0,"D",.,"A",341,"F",1755,"D",0,"D",.,"A",.,"A",.,"A",.,"A"
"20161","03151764",23,0,"1",1300,"D",130,"D",.,"A",299,"D",0,"D",.,"A",.,"A",1170,"D",0,"D",.,"A",.,"A",.,"A",.,"A"
"20161","03151774",43,0,"1",2600,"D",520,"D",.,"A",1625,"D",0,"D",.,"A",.,"A",2080,"D",300,"D",100,"D",1300,"D",.,"A",.,"A"
"20161","03151804",18,0,"1",650,"D",0,"D",.,"A",130,"D",0,"D",.,"A",.,"A",650,"D",0,"D",.,"A",.,"A",.,"A",.,"A"
"20161","03151844",48,0,"1",455,"D",117,"D",.,"A",0,"D",0,"D",.,"A",.,"A",338,"D",0,"D",.,"A",.,"A",.,"A",.,"A"
"20161","03151904",26,0,"1",1625,"D",585,"D",.,"A",0,"D",0,"D",.,"A",.,"A",1040,"D",0,"D",.,"A",.,"A",.,"A",.,"A"
"20161","03151934",46,0,"1",4420,"D",520,"D",.,"A",260,"D",0,"D",.,"A",.,"A",3900,"D",0,"D",.,"A",.,"A",.,"A",.,"A"
"20161","03151974",31,0,"1",650,"D",130,"D",.,"A",0,"D",0,"D",.,"A",.,"A",520,"D",0,"D",.,"A",.,"A",.,"A",.,"A"
"20161","03151994",49,0,"1",3250,"D",910,"D",.,"A",1300,"D",0,"D",.,"A",240,"D",2340,"D",105,"D",.,"A",.,"A",.,"A",.,"A"
"20161","03152004",51,0,"1",2600,"D",650,"D",.,"A",650,"D",0,"D",.,"A",.,"A",1950,"D",0,"D",.,"A",.,"A",.,"A",.,"A"
"20161","03152014",26,0,"1",1625,"D",325,"D",.,"A",325,"D",0,"D",.,"A",.,"A",1300,"D",0,"D",37,"D",481,"D",.,"A",.,"A"
"20161","03152044",47,0,"1",975,"D",325,"D",.,"A",65,"D",0,"D",.,"A",.,"A",650,"D",15,"D",.,"A",.,"A",.,"A",.,"A"
"20161","03152054",21,0,"1",1560,"D",390,"D",.,"A",325,"D",0,"D",.,"A",.,"A",1170,"D",0,"D",.,"A",.,"A",.,"A",.,"A"
"20161","03152074",39,0,"1",910,"D",130,"D",.,"A",520,"D",0,"D",.,"A",.,"A",780,"D",240,"D",.,"A",.,"A",.,"A",.,"A"
"20161","03152084",34,0,"1",2600,"D",260,"D",.,"A",130,"D",0,"D",.,"A",.,"A",2340,"D",0,"D",.,"A",.,"A",.,"A",.,"A"
"20161","03152104",42,0,"1",1300,"D",325,"D",.,"A",650,"D",0,"D",.,"A",.,"A",975,"D",0,"D",.,"A",.,"A",.,"A",.,"A"
"20161","03152134",65,0,"1",1313,"D",325,"D",.,"A",130,"D",0,"D",.,"A",.,"A",988,"D",0,"D",.,"A",.,"A",.,"A",.,"A"
"20161","03152144",19,0,"1",1040,"D",130,"D",.,"A",130,"D",0,"D",.,"A",.,"A",910,"D",0,"D",.,"A",.,"A",.,"A",.,"A"
"20161","03152174",40,0,"1",1950,"D",0,"D",650,"D",650,"D",60,"D",.,"A",.,"A",1950,"D",60,"D",.,"A",.,"A",.,"A",.,"A"
"20161","03152184",20,0,"1",650,"D",0,"D",.,"A",650,"D",600,"D",.,"A",.,"A",650,"D",180,"D",.,"A",.,"A",.,"A",.,"A"
"20161","03152194",16,0,"1",390,"D",65,"D",.,"A",0,"D",0,"D",.,"A",.,"A",325,"D",120,"D",.,"A",.,"A",.,"A",.,"A"
"20161","03152204",18,0,"1",1950,"D",260,"D",.,"A",1950,"D",0,"D",.,"A",.,"A",1690,"D",0,"D",.,"A",.,"A",.,"A",.,"A"
"20161","03152214",20,0,"1",1560,"D",260,"D",260,"D",0,"D",0,"D",.,"A",.,"A",1300,"D",0,"D",25,"D",325,"D",.,"A",.,"A"
"20161","03152244",18,0,"1",1040,"D",195,"D",.,"A",0,"D",0,"D",.,"A",.,"A",845,"D",0,"D",.,"A",.,"A",.,"A",.,"A"
"20161","03152264",33,0,"1",975,"D",302,"F",.,"A",0,"D",0,"D",.,"A",.,"A",1110,"F",0,"D",.,"A",.,"A",.,"A",.,"A"
"20161","03152284",33,0,"1",1040,"D",195,"D",.,"A",780,"D",0,"D",.,"A",.,"A",845,"D",0,"D",.,"A",.,"A",.,"A",.,"A"
"20161","03152294",33,0,"1",520,"D",130,"D",130,"D",455,"D",0,"D",.,"A",.,"A",390,"D",0,"D",.,"A",.,"A",.,"A",.,"A"
"20161","03152304",34,0,"1",3900,"D",390,"D",.,"A",1300,"D",0,"D",.,"A",.,"A",3510,"D",0,"D",.,"A",.,"A",.,"A",.,"A"
"20161","03152334",91,0,"1",1950,"D",260,"D",130,"D",390,"D",0,"D",.,"A",.,"A",1690,"D",120,"D",.,"A",.,"A",.,"A",.,"A"
"20161","03152344",28,0,"1",1495,"D",286,"D",.,"A",52,"D",0,"D",.,"A",.,"A",1209,"D",0,"D",.,"A",.,"A",.,"A",.,"A"
"20161","03152354",26,0,"1",1040,"D",130,"D",.,"A",0,"D",0,"D",.,"A",.,"A",910,"D",0,"D",.,"A",.,"A",.,"A",.,"A"
"20161","03152384",38,0,"1",3900,"D",1040,"D",.,"A",780,"D",0,"D",.,"A",.,"A",2860,"D",0,"D",.,"A",.,"A",.,"A",.,"A"
"20161","03152404",14,0,"1",390,"D",0,"D",65,"D",260,"D",30,"D",.,"A",.,"A",390,"D",0,"D",45,"D",585,"D",.,"A",.,"A"
"20161","03152414",36,0,"1",780,"D",195,"D",.,"A",780,"D",0,"D",.,"A",.,"A",585,"D",0,"D",.,"A",.,"A",.,"A",.,"A"
"20161","03152424",43,0,"1",650,"D",302,"F",65,"D",0,"D",0,"D",.,"A",.,"A",1110,"F",24,"D",.,"A",.,"A",.,"A",.,"A"
"20161","03152454",48,0,"1",5200,"D",650,"D",.,"A",650,"D",60,"D",.,"A",.,"A",4550,"D",240,"D",.,"A",.,"A",.,"A",.,"A"
"20161","03152464",47,0,"1",1625,"D",325,"D",.,"A",728,"D",0,"D",.,"A",.,"A",1300,"D",0,"D",.,"A",.,"A",.,"A",.,"A"
"20161","03152514",40,0,"1",2275,"D",520,"D",260,"D",130,"D",0,"D",.,"A",.,"A",1755,"D",0,"D",50,"D",650,"D",.,"A",.,"A"
"20161","03152524",35,0,"1",2340,"D",325,"D",.,"A",1950,"D",60,"D",.,"A",.,"A",2015,"D",300,"D",.,"A",.,"A",.,"A",.,"A"
"20161","03152544",15,0,"1",650,"D",0,"D",.,"A",65,"D",0,"D",.,"A",.,"A",650,"D",0,"D",.,"A",.,"A",.,"A",.,"A"
"20161","03152574",47,0,"1",3250,"D",650,"D",520,"D",390,"D",0,"D",.,"A",.,"A",2600,"D",0,"D",.,"A",.,"A",.,"A",.,"A"
"20161","03152634",13,0,"1",3250,"D",975,"D",.,"A",0,"D",0,"D",.,"A",.,"A",2275,"D",0,"D",.,"A",.,"A",.,"A",.,"A"
"20161","03152664",32,0,"1",1625,"D",195,"D",.,"A",780,"D",0,"D",.,"A",.,"A",1430,"D",0,"D",.,"A",.,"A",.,"A",.,"A"
"20161","03152674",63,0,"1",1950,"D",195,"D",.,"A",130,"D",0,"D",.,"A",.,"A",1755,"D",60,"D",.,"A",.,"A",.,"A",.,"A"
"20161","03152704",47,0,"1",2600,"D",390,"D",.,"A",0,"D",0,"D",.,"A",.,"A",2210,"D",240,"D",.,"A",.,"A",.,"A",.,"A"
"20161","03152724",32,0,"1",715,"D",156,"D",.,"A",65,"D",0,"D",.,"A",.,"A",559,"D",0,"D",40,"D",520,"D",.,"A",.,"A"
"20161","03152744",21,0,"1",1560,"D",260,"D",.,"A",650,"D",0,"D",.,"A",.,"A",1300,"D",0,"D",.,"A",.,"A",.,"A",.,"A"
"20161","03152754",19,0,"1",883,"F",.,"A",.,"A",534,"F",158,"F",.,"A",.,"A",721,"F",124,"F",.,"A",.,"A",.,"A",.,"A"
"20161","03152774",31,0,"1",1560,"D",260,"D",.,"A",1300,"D",0,"D",.,"A",.,"A",1300,"D",150,"D",.,"A",.,"A",.,"A",.,"A"
"20161","03152794",30,0,"1",260,"D",65,"D",.,"A",65,"D",0,"D",.,"A",.,"A",195,"D",0,"D",.,"A",.,"A",.,"A",.,"A"
"20161","03152804",40,0,"1",520,"D",0,"D",.,"A",130,"D",90,"D",.,"A",.,"A",520,"D",60,"D",.,"A",.,"A",1300,"D",100,"D"
"20161","03163284",48,0,"1",1950,"D",650,"D",.,"A",1950,"D",60,"D",.,"A",.,"A",1300,"D",30,"D",.,"A",.,"A",.,"A",.,"A"
"20161","03163294",38,0,"1",1690,"D",325,"D",260,"D",390,"D",0,"D",.,"A",188,"D",1365,"D",0,"D",.,"A",.,"A",.,"A",.,"A"
"20161","03163354",25,0,"1",1950,"D",1040,"D",.,"A",260,"D",180,"D",.,"A",.,"A",910,"D",240,"D",.,"A",.,"A",.,"A",.,"A"
"20161","03163384",29,0,"1",1352,"D",975,"D",.,"A",390,"D",0,"D",.,"A",.,"A",377,"D",0,"D",.,"A",.,"A",.,"A",.,"A"
"20161","03163404",15,0,"1",650,"D",0,"D",.,"A",130,"D",0,"D",.,"A",.,"A",650,"D",0,"D",.,"A",.,"A",.,"A",.,"A"
"20161","03163424",15,0,"1",975,"D",260,"D",.,"A",0,"D",0,"D",.,"A",.,"A",715,"D",300,"D",10,"D",130,"D",.,"A",.,"A"
"20161","03163444",29,0,"1",910,"D",0,"D",.,"A",390,"D",165,"D",.,"A",.,"A",910,"D",124,"F",.,"A",.,"A",.,"A",.,"A"
"20161","03163454",29,0,"1",780,"D",91,"D",.,"A",208,"D",0,"D",.,"A",.,"A",689,"D",0,"D",.,"A",.,"A",.,"A",.,"A"
"20161","03163464",67,0,"1",1690,"D",130,"D",650,"D",780,"D",15,"D",.,"A",30,"D",1560,"D",0,"D",.,"A",.,"A",.,"A",.,"A"
"20161","03163484",19,0,"1",1300,"D",130,"D",.,"A",0,"D",0,"D",.,"A",.,"A",1170,"D",0,"D",5,"D",65,"D",.,"A",.,"A"
"20161","03163514",30,0,"1",1625,"D",325,"D",260,"D",975,"D",0,"D",.,"A",.,"A",1300,"D",0,"D",.,"A",.,"A",.,"A",.,"A"
"20161","03163554",26,0,"1",1755,"D",650,"D",130,"D",0,"D",0,"D",.,"A",.,"A",1105,"D",0,"D",30,"D",390,"D",.,"A",.,"A"
"20161","03163574",16,0,"1",1105,"D",195,"D",.,"A",195,"D",0,"D",.,"A",.,"A",910,"D",0,"D",.,"A",.,"A",.,"A",.,"A"
"20161","03163584",36,0,"1",1430,"D",585,"D",.,"A",520,"D",0,"D",.,"A",.,"A",845,"D",60,"D",.,"A",.,"A",.,"A",.,"A"
"20161","03163624",39,0,"1",975,"D",325,"D",.,"A",130,"D",0,"D",.,"A",.,"A",650,"D",0,"D",.,"A",.,"A",.,"A",.,"A"
"20161","03163634",26,0,"1",2600,"D",325,"D",.,"A",0,"D",0,"D",.,"A",.,"A",2275,"D",0,"D",.,"A",.,"A",.,"A",.,"A"
"20161","03163644",95,0,"1",1625,"D",455,"D",130,"D",1300,"D",180,"D",.,"A",.,"A",1170,"D",60,"D",.,"A",.,"A",.,"A",.,"A"
"20161","03163664",32,0,"1",975,"D",325,"D",.,"A",65,"D",0,"D",.,"A",.,"A",650,"D",0,"D",.,"A",.,"A",.,"A",.,"A"
"20161","03163674",20,0,"1",650,"D",260,"D",260,"D",260,"D",0,"D",258,"F",.,"A",390,"D",0,"D",.,"A",.,"A",.,"A",.,"A"
"20161","03163684",35,0,"1",3250,"D",650,"D",.,"A",0,"D",0,"D",.,"A",.,"A",2600,"D",60,"D",50,"D",650,"D",.,"A",.,"A"
"20161","03163694",60,0,"1",1430,"D",0,"D",.,"A",390,"D",3,"D",.,"A",.,"A",1430,"D",30,"D",.,"A",.,"A",.,"A",.,"A"
"20161","03163724",14,0,"1",520,"D",65,"D",.,"A",0,"D",0,"D",.,"A",.,"A",455,"D",0,"D",.,"A",.,"A",.,"A",.,"A"
"20161","03163754",32,0,"1",910,"D",65,"D",.,"A",0,"D",0,"D",.,"A",.,"A",845,"D",30,"D",5,"D",65,"D",.,"A",.,"A"
"20161","03163774",33,0,"1",975,"D",325,"D",195,"D",325,"D",75,"D",.,"A",.,"A",650,"D",150,"D",.,"A",.,"A",.,"A",.,"A"
"20161","03163784",35,0,"1",650,"D",130,"D",.,"A",325,"D",0,"D",.,"A",.,"A",520,"D",240,"D",.,"A",.,"A",494,"D",38,"D"
"20161","03163804",32,0,"1",2600,"D",390,"D",.,"A",0,"D",0,"D",.,"A",.,"A",2210,"D",0,"D",70,"D",910,"D",.,"A",.,"A"
"20161","03163864",26,0,"1",2015,"D",390,"D",.,"A",3900,"D",0,"D",.,"A",.,"A",1625,"D",30,"D",.,"A",.,"A",.,"A",.,"A"
"20161","03163874",14,0,"1",650,"D",0,"D",.,"A",0,"D",0,"D",.,"A",.,"A",650,"D",0,"D",15,"D",195,"D",.,"A",.,"A"
"20161","03163894",23,0,"1",1560,"D",130,"D",.,"A",0,"D",0,"D",.,"A",.,"A",1430,"D",0,"D",.,"A",.,"A",.,"A",.,"A"
"20161","03163924",23,0,"1",1950,"D",260,"D",.,"A",520,"D",0,"D",.,"A",.,"A",1690,"D",0,"D",.,"A",.,"A",.,"A",.,"A"
"20161","03164014",46,0,"1",3250,"D",520,"D",.,"A",1300,"D",0,"D",.,"A",.,"A",2730,"D",450,"D",.,"A",.,"A",.,"A",.,"A"
"20161","03164024",82,0,"1",3900,"D",1300,"D",.,"A",1300,"D",300,"D",.,"A",.,"A",2600,"D",750,"D",.,"A",.,"A",.,"A",.,"A"
"20161","03164064",59,0,"1",1495,"D",0,"D",.,"A",260,"D",0,"D",.,"A",.,"A",1495,"D",120,"D",.,"A",.,"A",.,"A",.,"A"
"20161","03164074",41,0,"1",715,"D",65,"D",.,"A",390,"D",300,"D",.,"A",.,"A",650,"D",30,"D",.,"A",.,"A",.,"A",.,"A"
"20161","03164104",25,0,"1",520,"D",130,"D",.,"A",260,"D",0,"D",.,"A",.,"A",390,"D",0,"D",.,"A",.,"A",.,"A",.,"A"
"20161","03164124",31,0,"1",1300,"D",260,"D",.,"A",520,"D",0,"D",.,"A",.,"A",1040,"D",0,"D",.,"A",.,"A",260,"D",20,"D"
"20161","03164154",30,0,"1",975,"D",104,"D",.,"A",481,"D",0,"D",.,"A",.,"A",871,"D",48,"D",.,"A",.,"A",.,"A",.,"A"
"20161","03164174",28,0,"1",650,"D",0,"D",.,"A",195,"D",0,"D",.,"A",.,"A",650,"D",0,"D",.,"A",.,"A",.,"A",.,"A"
"20161","03164264",30,0,"1",1950,"D",390,"D",.,"A",1040,"D",60,"D",.,"A",.,"A",1560,"D",150,"D",.,"A",.,"A",.,"A",.,"A"
"20161","03164274",59,0,"1",2600,"D",650,"D",.,"A",1300,"D",0,"D",.,"A",.,"A",1950,"D",0,"D",25,"D",325,"D",.,"A",.,"A"
"20161","03164284",24,0,"1",780,"D",130,"D",.,"A",156,"D",0,"D",.,"A",.,"A",650,"D",0,"D",.,"A",.,"A",.,"A",.,"A"
"20161","03164294",24,0,"1",1300,"D",130,"D",.,"A",0,"D",0,"D",.,"A",.,"A",1170,"D",0,"D",.,"A",.,"A",.,"A",.,"A"
"20161","03164314",37,0,"1",1300,"D",325,"D",.,"A",650,"D",0,"D",.,"A",.,"A",975,"D",0,"D",.,"A",.,"A",.,"A",.,"A"
"20161","03164324",29,0,"1",910,"D",260,"D",.,"A",130,"D",6,"D",.,"A",.,"A",650,"D",6,"D",.,"A",.,"A",.,"A",.,"A"
"20161","03164364",27,0,"1",1300,"D",65,"D",.,"A",520,"D",0,"D",.,"A",.,"A",1235,"D",0,"D",.,"A",.,"A",.,"A",.,"A"
"20161","03164394",16,0,"1",260,"D",91,"D",.,"A",0,"D",0,"D",.,"A",.,"A",169,"D",0,"D",.,"A",.,"A",.,"A",.,"A"
"20161","03164404",11,0,"1",883,"F",.,"A",.,"A",534,"F",158,"F",.,"A",.,"A",721,"F",124,"F",.,"A",.,"A",.,"A",.,"A"
"20161","03164434",63,0,"1",3250,"D",0,"D",.,"A",3250,"D",0,"D",.,"A",.,"A",3250,"D",0,"D",.,"A",.,"A",.,"A",.,"A"
"20161","03164444",38,0,"1",2600,"D",1040,"D",260,"D",650,"D",30,"D",.,"A",.,"A",1560,"D",30,"D",.,"A",.,"A",.,"A",.,"A"
"20161","03164474",30,0,"1",1300,"D",0,"D",.,"A",130,"D",0,"D",.,"A",.,"A",1300,"D",0,"D",42,"D",546,"D",.,"A",.,"A"
"20161","03164484",27,0,"1",1560,"D",325,"D",.,"A",390,"D",0,"D",.,"A",.,"A",1235,"D",0,"D",.,"A",.,"A",.,"A",.,"A"
"20161","03164494",9,0,"1",2600,"D",520,"D",.,"A",780,"D",60,"D",.,"A",.,"A",2080,"D",0,"D",.,"A",.,"A",.,"A",.,"A"
"20161","03164514",32,0,"1",650,"D",130,"D",.,"A",0,"D",0,"D",.,"A",.,"A",520,"D",0,"D",.,"A",.,"A",.,"A",.,"A"
"20161","03164524",45,0,"1",780,"D",130,"D",.,"A",650,"D",30,"D",.,"A",.,"A",650,"D",120,"D",.,"A",.,"A",.,"A",.,"A"
"20161","03164534",71,0,"1",1625,"D",325,"D",455,"D",390,"D",0,"D",.,"A",.,"A",1300,"D",0,"D",.,"A",.,"A",.,"A",.,"A"
"20161","03164544",37,0,"1",3250,"D",0,"D",.,"A",650,"D",0,"D",.,"A",.,"A",3250,"D",0,"D",.,"A",.,"A",.,"A",.,"A"
"20161","03164574",17,0,"1",585,"D",130,"D",.,"A",130,"D",0,"D",.,"A",.,"A",455,"D",0,"D",.,"A",.,"A",.,"A",.,"A"
"20161","03164584",30,0,"1",650,"D",65,"D",.,"A",650,"D",360,"D",.,"A",.,"A",585,"D",120,"D",.,"A",.,"A",.,"A",.,"A"
"20161","03164594",71,0,"1",1300,"D",0,"D",.,"A",780,"D",45,"D",.,"A",.,"A",1300,"D",240,"D",.,"A",.,"A",.,"A",.,"A"
"20161","03164614",23,0,"1",715,"D",260,"D",.,"A",0,"D",6,"D",.,"A",.,"A",455,"D",0,"D",.,"A",.,"A",.,"A",.,"A"
"20161","03164624",32,0,"1",1300,"D",130,"D",.,"A",650,"D",0,"D",.,"A",.,"A",1170,"D",120,"D",.,"A",.,"A",.,"A",.,"A"
"20161","03164634",21,0,"1",325,"D",65,"D",130,"D",130,"D",0,"D",.,"A",.,"A",260,"D",0,"D",.,"A",.,"A",.,"A",.,"A"
"20161","03164644",24,0,"1",585,"D",65,"D",195,"D",0,"D",0,"D",.,"A",.,"A",520,"D",60,"D",.,"A",.,"A",.,"A",.,"A"
"20161","03164674",29,0,"1",1950,"D",650,"D",.,"A",0,"D",0,"D",.,"A",.,"A",1300,"D",0,"D",20,"D",260,"D",.,"A",.,"A"
"20161","03164694",20,0,"1",1560,"D",195,"D",.,"A",1040,"D",0,"D",.,"A",.,"A",1365,"D",0,"D",.,"A",.,"A",.,"A",.,"A"
"20161","03164704",45,0,"1",2226,"F",.,"A",650,"D",390,"D",0,"D",.,"A",.,"A",1817,"F",0,"D",80,"D",1040,"D",.,"A",.,"A"
"20161","03164714",29,0,"1",2925,"D",260,"D",.,"A",3900,"D",225,"D",.,"A",.,"A",2665,"D",225,"D",.,"A",.,"A",.,"A",.,"A"
"20161","03164724",34,0,"1",1300,"D",130,"D",.,"A",520,"D",0,"D",.,"A",.,"A",1170,"D",0,"D",.,"A",.,"A",.,"A",.,"A"
"20161","03164734",60,0,"1",975,"D",195,"D",195,"D",650,"D",60,"D",.,"A",70,"D",780,"D",60,"D",.,"A",.,"A",.,"A",.,"A"
"20161","03164744",17,0,"1",1950,"D",325,"D",65,"D",325,"D",0,"D",.,"A",.,"A",1625,"D",42,"D",.,"A",.,"A",.,"A",.,"A"
"20161","03164754",28,0,"1",1950,"D",390,"D",.,"A",130,"D",0,"D",.,"A",.,"A",1560,"D",60,"D",50,"D",650,"D",.,"A",.,"A"
"20161","03164774",34,0,"1",1300,"D",130,"D",.,"A",0,"D",0,"D",.,"A",.,"A",1170,"D",0,"D",.,"A",.,"A",.,"A",.,"A"
"20161","03164784",27,0,"1",1300,"D",260,"D",.,"A",520,"D",0,"D",.,"A",.,"A",1040,"D",0,"D",.,"A",.,"A",260,"D",20,"D"
"20161","03164794",28,0,"1",1625,"D",390,"D",390,"D",260,"D",0,"D",.,"A",.,"A",1235,"D",450,"D",25,"D",325,"D",195,"D",15,"D"
"20161","03164804",19,0,"1",1300,"D",260,"D",.,"A",260,"D",0,"D",.,"A",.,"A",1040,"D",0,"D",.,"A",.,"A",.,"A",.,"A"
"20161","03164834",9,0,"1",1300,"D",192,"F",258,"F",534,"F",158,"F",.,"A",.,"A",721,"F",124,"F",.,"A",.,"A",.,"A",.,"A"
"20161","03164844",64,0,"1",3250,"D",650,"D",.,"A",0,"D",0,"D",.,"A",.,"A",2600,"D",120,"D",300,"D",3900,"D",.,"A",.,"A"
"20161","03164874",53,0,"1",1625,"D",195,"D",.,"A",1950,"D",300,"D",.,"A",100,"D",1430,"D",150,"D",.,"A",.,"A",.,"A",.,"A"
"20161","03164884",31,0,"1",650,"D",0,"D",13,"D",91,"D",0,"D",.,"A",.,"A",650,"D",0,"D",.,"A",.,"A",.,"A",.,"A"
"20161","03164934",61,0,"1",780,"D",195,"D",.,"A",1040,"D",150,"D",42,"D",.,"A",585,"D",180,"D",.,"A",.,"A",.,"A",.,"A"
"20161","03164984",49,0,"1",1560,"D",585,"D",.,"A",520,"D",0,"D",.,"A",.,"A",975,"D",30,"D",14,"D",182,"D",.,"A",.,"A"
"20161","03164994",23,0,"1",650,"D",0,"D",.,"A",0,"D",0,"D",.,"A",.,"A",650,"D",0,"D",.,"A",.,"A",.,"A",.,"A"
"20161","03165044",73,0,"1",1560,"D",325,"F",.,"A",1495,"D",0,"D",.,"A",.,"A",1197,"F",0,"D",.,"A",.,"A",.,"A",.,"A"
"20161","03165064",50,0,"1",1300,"D",325,"D",.,"A",520,"D",120,"D",897,"D",.,"A",975,"D",300,"D",.,"A",.,"A",.,"A",.,"A"
"20161","03165084",12,0,"1",455,"D",91,"D",.,"A",1040,"D",0,"D",.,"A",.,"A",364,"D",0,"D",.,"A",.,"A",.,"A",.,"A"
"20161","03165104",27,0,"1",780,"D",130,"D",.,"A",0,"D",0,"D",.,"A",.,"A",650,"D",90,"D",30,"D",390,"D",.,"A",.,"A"
"20161","03165114",11,0,"1",1560,"D",130,"D",.,"A",260,"D",0,"D",.,"A",.,"A",1430,"D",0,"D",.,"A",.,"A",.,"A",.,"A"
"20161","03165124",36,0,"1",4550,"D",975,"D",.,"A",1950,"D",240,"D",.,"A",.,"A",3575,"D",180,"D",.,"A",.,"A",.,"A",.,"A"
"20161","03165134",49,0,"1",1300,"D",130,"D",.,"A",650,"D",0,"D",.,"A",.,"A",1170,"D",0,"D",.,"A",.,"A",.,"A",.,"A"
"20161","03165144",32,0,"1",1950,"D",455,"D",390,"D",260,"D",0,"D",.,"A",.,"A",1495,"D",30,"D",.,"A",.,"A",.,"A",.,"A"
"20161","03165154",52,0,"1",1300,"D",0,"D",.,"A",260,"D",60,"D",.,"A",.,"A",1300,"D",150,"D",.,"A",.,"A",.,"A",.,"A"
"20161","03165164",84,0,"1",3900,"D",390,"D",.,"A",650,"D",90,"D",.,"A",400,"D",3510,"D",120,"D",450,"D",5850,"D",.,"A",.,"A"
"20161","03165184",44,0,"1",1950,"D",195,"D",.,"A",1040,"D",0,"D",.,"A",.,"A",1755,"D",60,"D",.,"A",.,"A",.,"A",.,"A"
"20161","03165214",44,0,"1",1300,"D",260,"D",.,"A",390,"D",0,"D",.,"A",.,"A",1040,"D",0,"D",.,"A",.,"A",.,"A",.,"A"
"20161","03165244",33,0,"1",6500,"D",2600,"D",.,"A",1950,"D",0,"D",.,"A",.,"A",3900,"D",0,"D",75,"D",975,"D",.,"A",.,"A"
"20161","03165264",25,0,"1",1300,"D",260,"D",.,"A",195,"D",60,"D",.,"A",.,"A",1040,"D",180,"D",.,"A",.,"A",.,"A",.,"A"
"20161","03165274",7,0,"1",2600,"D",260,"D",.,"A",0,"D",0,"D",.,"A",.,"A",2340,"D",0,"D",.,"A",.,"A",.,"A",.,"A"
"20161","03165284",44,0,"1",1950,"D",650,"D",.,"A",650,"D",0,"D",.,"A",.,"A",1300,"D",0,"D",.,"A",.,"A",.,"A",.,"A"
"20161","03165294",55,0,"1",1950,"D",195,"D",.,"A",975,"D",0,"D",.,"A",.,"A",1755,"D",180,"D",.,"A",.,"A",.,"A",.,"A"
"20161","03165344",28,0,"1",1300,"D",260,"D",0,"D",650,"D",0,"D",.,"A",500,"D",1040,"D",60,"D",35,"D",455,"D",.,"A",.,"A"
"20161","03165354",30,0,"1",1625,"D",390,"D",.,"A",676,"D",0,"D",.,"A",.,"A",1235,"D",0,"D",.,"A",.,"A",.,"A",.,"A"
"20161","03165364",27,0,"1",975,"D",260,"D",1300,"D",650,"D",1500,"D",.,"A",.,"A",715,"D",300,"D",.,"A",.,"A",.,"A",.,"A"
"20161","03165384",15,0,"1",975,"D",130,"D",260,"D",780,"D",0,"D",.,"A",.,"A",845,"D",0,"D",.,"A",.,"A",.,"A",.,"A"
"20161","03165394",24,0,"1",1300,"D",195,"D",.,"A",1300,"D",0,"D",.,"A",.,"A",1105,"D",0,"D",.,"A",.,"A",.,"A",.,"A"
"20161","03165404",62,0,"1",1300,"D",260,"D",.,"A",260,"D",0,"D",.,"A",.,"A",1040,"D",0,"D",.,"A",.,"A",.,"A",.,"A"
"20161","03165414",77,0,"1",910,"D",130,"D",.,"A",390,"D",240,"D",470,"D",.,"A",780,"D",150,"D",6,"D",78,"D",.,"A",.,"A"
"20161","03165424",7,0,"1",2226,"F",.,"A",.,"A",857,"F",144,"F",.,"A",.,"A",1817,"F",128,"F",.,"A",.,"A",.,"A",.,"A"
"20161","03165434",43,0,"1",1820,"D",260,"D",.,"A",975,"D",120,"D",.,"A",.,"A",1560,"D",120,"D",.,"A",.,"A",.,"A",.,"A"
"20161","03165454",35,0,"1",1300,"D",650,"D",.,"A",962,"D",0,"D",.,"A",.,"A",650,"D",480,"D",80,"D",1040,"D",.,"A",.,"A"
"20161","03165464",29,0,"1",325,"D",65,"D",.,"A",195,"D",0,"D",.,"A",.,"A",260,"D",0,"D",.,"A",.,"A",.,"A",.,"A"
"20161","03165474",24,0,"1",520,"D",195,"D",390,"D",520,"D",0,"D",.,"A",.,"A",325,"D",48,"D",.,"A",.,"A",.,"A",.,"A"
"20161","03165574",15,0,"1",1473,"F",.,"A",.,"A",455,"D",0,"D",.,"A",.,"A",1208,"F",0,"D",20,"D",260,"D",.,"A",.,"A"
"20161","03165644",49,0,"1",520,"D",260,"D",260,"D",325,"D",0,"D",.,"A",.,"A",260,"D",0,"D",.,"A",.,"A",.,"A",.,"A"
"20161","03165664",39,0,"1",1560,"D",455,"D",.,"A",325,"D",0,"D",.,"A",.,"A",1105,"D",60,"D",.,"A",.,"A",.,"A",.,"A"
"20161","03165704",17,0,"1",1300,"D",130,"D",.,"A",0,"D",0,"D",.,"A",.,"A",1170,"D",0,"D",.,"A",.,"A",.,"A",.,"A"
"20161","03165714",26,0,"1",650,"D",130,"D",.,"A",520,"D",0,"D",.,"A",.,"A",520,"D",0,"D",.,"A",.,"A",.,"A",.,"A"
"20161","03165744",35,0,"1",325,"D",65,"D",.,"A",1625,"D",0,"D",.,"A",.,"A",260,"D",0,"D",.,"A",.,"A",.,"A",.,"A"
"20161","03165754",48,0,"1",1300,"D",650,"D",.,"A",6500,"D",2700,"D",.,"A",.,"A",650,"D",90,"D",.,"A",.,"A",.,"A",.,"A"
"20161","03165764",23,0,"1",975,"D",195,"D",.,"A",650,"D",0,"D",.,"A",.,"A",780,"D",120,"D",60,"D",780,"D",.,"A",.,"A"
"20161","03165774",24,0,"1",1625,"D",325,"D",.,"A",195,"D",0,"D",.,"A",.,"A",1300,"D",0,"D",.,"A",.,"A",.,"A",.,"A"
"20161","03165814",33,0,"1",1690,"D",520,"D",.,"A",390,"D",0,"D",.,"A",.,"A",1170,"D",600,"D",.,"A",.,"A",.,"A",.,"A"
"20161","03165824",14,0,"1",650,"D",130,"D",.,"A",1040,"D",0,"D",.,"A",.,"A",520,"D",0,"D",.,"A",.,"A",.,"A",.,"A"
"20161","03165834",34,0,"1",1300,"D",325,"D",.,"A",910,"D",0,"D",.,"A",.,"A",975,"D",0,"D",.,"A",.,"A",.,"A",.,"A"
"20161","03165844",24,0,"1",1950,"D",650,"D",.,"A",0,"D",15,"D",.,"A",.,"A",1300,"D",0,"D",10,"D",130,"D",.,"A",.,"A"
"20161","03165854",32,0,"1",1300,"D",260,"D",.,"A",520,"D",0,"D",.,"A",.,"A",1040,"D",30,"D",.,"A",.,"A",.,"A",.,"A"
"20161","03165874",28,0,"1",1950,"D",390,"D",.,"A",0,"D",0,"D",.,"A",.,"A",1560,"D",0,"D",10,"D",130,"D",.,"A",.,"A"
"20161","03165884",6,0,"1",650,"D",195,"D",.,"A",0,"D",0,"D",.,"A",.,"A",455,"D",0,"D",.,"A",.,"A",.,"A",.,"A"
"20161","03165904",41,0,"1",3900,"D",455,"D",.,"A",455,"D",0,"D",.,"A",275,"D",3445,"D",450,"D",60,"D",780,"D",.,"A",.,"A"
"20161","03165914",35,0,"1",390,"D",65,"D",.,"A",650,"D",0,"D",.,"A",.,"A",325,"D",30,"D",.,"A",.,"A",.,"A",.,"A"
"20161","03165924",34,0,"1",520,"D",130,"D",65,"D",65,"D",0,"D",.,"A",.,"A",390,"D",0,"D",12,"D",156,"D",.,"A",.,"A"
"20161","03165934",22,0,"1",1300,"D",520,"D",.,"A",520,"D",0,"D",.,"A",.,"A",780,"D",60,"D",.,"A",.,"A",.,"A",.,"A"
"20161","03165964",35,0,"1",1040,"D",130,"D",.,"A",195,"D",0,"D",.,"A",.,"A",910,"D",0,"D",10,"D",130,"D",.,"A",.,"A"
"20161","03166034",34,0,"1",780,"D",130,"D",.,"A",260,"D",0,"D",.,"A",.,"A",650,"D",0,"D",.,"A",.,"A",.,"A",.,"A"
"20161","03166094",51,0,"1",780,"D",130,"D",.,"A",1040,"D",0,"D",.,"A",.,"A",650,"D",0,"D",.,"A",.,"A",.,"A",.,"A"
"20161","03166124",50,0,"1",1885,"D",195,"D",.,"A",1105,"D",255,"D",.,"A",.,"A",1690,"D",600,"D",.,"A",.,"A",.,"A",.,"A"
"20161","03166134",28,0,"1",1950,"D",650,"D",.,"A",520,"D",30,"D",.,"A",.,"A",1300,"D",30,"D",.,"A",.,"A",.,"A",.,"A"
"20161","03166144",29,0,"1",520,"D",65,"D",.,"A",455,"D",600,"D",.,"A",.,"A",455,"D",450,"D",.,"A",.,"A",.,"A",.,"A"
"20161","03166194",33,0,"1",1300,"D",325,"D",.,"A",0,"D",0,"D",.,"A",.,"A",975,"D",0,"D",12,"D",156,"D",.,"A",.,"A"
"20161","03166264",33,0,"1",1950,"D",325,"D",.,"A",650,"D",0,"D",.,"A",.,"A",1625,"D",0,"D",.,"A",.,"A",.,"A",.,"A"
"20161","03166284",39,0,"1",1300,"D",0,"D",.,"A",1040,"D",30,"D",.,"A",.,"A",1300,"D",0,"D",.,"A",.,"A",.,"A",.,"A"
"20161","03166314",37,0,"1",780,"D",130,"D",.,"A",156,"D",0,"D",.,"A",.,"A",650,"D",0,"D",.,"A",.,"A",.,"A",.,"A"
"20161","03166324",34,0,"1",1950,"D",325,"D",.,"A",780,"D",0,"D",.,"A",.,"A",1625,"D",0,"D",85,"D",1105,"D",39,"D",3,"D"
"20161","03166374",39,0,"1",1560,"D",195,"D",.,"A",780,"D",60,"D",.,"A",.,"A",1365,"D",180,"D",10,"D",130,"D",.,"A",.,"A"
"20161","03166384",38,0,"1",1950,"D",650,"D",.,"A",260,"D",0,"D",.,"A",.,"A",1300,"D",150,"D",60,"D",780,"D",.,"A",.,"A"
"20161","03166404",118,0,"1",4550,"D",1040,"D",.,"A",2080,"D",360,"D",.,"A",.,"A",3510,"D",390,"D",.,"A",.,"A",.,"A",.,"A"
"20161","03166424",34,0,"1",1300,"D",195,"D",.,"A",650,"D",0,"D",.,"A",.,"A",1105,"D",300,"D",.,"A",.,"A",104,"D",8,"D"
"20161","03166444",23,0,"1",2340,"D",325,"D",.,"A",650,"D",0,"D",.,"A",.,"A",2015,"D",0,"D",.,"A",.,"A",.,"A",.,"A"
"20161","03166454",39,0,"1",2600,"D",302,"F",650,"D",1300,"D",116,"F",.,"A",.,"A",1110,"F",300,"D",.,"A",.,"A",.,"A",.,"A"
"20161","03166474",35,0,"1",650,"D",130,"D",.,"A",650,"D",0,"D",.,"A",.,"A",520,"D",0,"D",.,"A",.,"A",.,"A",.,"A"
"20161","03166484",48,0,"1",4550,"D",2210,"D",.,"A",1300,"D",0,"D",.,"A",.,"A",2340,"D",0,"D",.,"A",.,"A",.,"A",.,"A"
"20161","03166494",17,0,"1",2080,"D",130,"D",.,"A",0,"D",0,"D",.,"A",.,"A",1950,"D",0,"D",.,"A",.,"A",.,"A",.,"A"
"20161","03166504",34,0,"1",1300,"D",208,"D",.,"A",130,"D",0,"D",.,"A",.,"A",1092,"D",24,"D",.,"A",.,"A",.,"A",.,"A"
"20161","03166544",16,0,"1",390,"D",65,"D",.,"A",0,"D",0,"D",.,"A",.,"A",325,"D",0,"D",.,"A",.,"A",.,"A",.,"A"
"20161","03166564",34,0,"1",650,"D",0,"D",.,"A",650,"D",0,"D",.,"A",.,"A",650,"D",0,"D",.,"A",.,"A",.,"A",.,"A"
"20161","03166584",40,0,"1",1495,"D",195,"D",130,"D",390,"D",0,"D",.,"A",.,"A",1300,"D",0,"D",5,"D",65,"D",.,"A",.,"A"
"20161","03166604",19,0,"1",195,"D",39,"D",.,"A",325,"D",0,"D",.,"A",.,"A",156,"D",36,"D",50,"D",650,"D",.,"A",.,"A"
"20161","03166614",74,0,"1",3900,"D",390,"D",780,"D",780,"D",150,"D",.,"A",.,"A",3510,"D",150,"D",.,"A",.,"A",.,"A",.,"A"
"20161","03166694",46,0,"1",806,"D",260,"D",.,"A",2392,"D",150,"D",.,"A",.,"A",546,"D",0,"D",.,"A",.,"A",.,"A",.,"A"
"20161","03166714",31,0,"1",455,"D",130,"D",.,"A",1105,"D",0,"D",.,"A",.,"A",325,"D",0,"D",.,"A",.,"A",.,"A",.,"A"
"20161","03166724",46,0,"1",1950,"D",65,"D",260,"D",0,"D",30,"D",.,"A",.,"A",1885,"D",135,"D",.,"A",.,"A",.,"A",.,"A"
"20161","03166764",39,0,"1",1300,"D",260,"D",.,"A",520,"D",0,"D",.,"A",.,"A",1040,"D",0,"D",.,"A",.,"A",.,"A",.,"A"
"20161","03166794",29,0,"1",2860,"D",910,"D",.,"A",260,"D",0,"D",.,"A",195,"D",1950,"D",0,"D",.,"A",.,"A",.,"A",.,"A"
"20161","03166814",45,0,"1",1365,"D",195,"D",.,"A",234,"D",0,"D",.,"A",.,"A",1170,"D",0,"D",75,"D",975,"D",.,"A",.,"A"
"20161","03166824",23,0,"1",1645,"F",.,"A",.,"A",818,"F",0,"D",.,"A",.,"A",1330,"F",0,"D",.,"A",.,"A",.,"A",.,"A"
"20161","03166834",40,0,"1",1300,"D",0,"D",.,"A",1950,"D",0,"D",.,"A",.,"A",1300,"D",0,"D",.,"A",.,"A",.,"A",.,"A"
"20161","03166854",49,0,"1",1300,"D",455,"D",.,"A",0,"D",45,"D",.,"A",.,"A",845,"D",30,"D",.,"A",.,"A",.,"A",.,"A"
"20161","03166864",46,0,"1",1300,"D",130,"D",.,"A",741,"D",96,"D",.,"A",.,"A",1170,"D",0,"D",85,"D",1105,"D",.,"A",.,"A"
"20161","03166954",34,0,"1",1950,"D",325,"D",.,"A",0,"D",0,"D",.,"A",60,"D",1625,"D",240,"D",.,"A",.,"A",.,"A",.,"A"
"20161","03166994",40,0,"1",2275,"D",455,"D",.,"A",325,"D",0,"D",.,"A",.,"A",1820,"D",0,"D",.,"A",.,"A",.,"A",.,"A"
"20161","03167004",45,0,"1",1560,"D",780,"D",260,"D",260,"D",120,"D",.,"A",.,"A",780,"D",120,"D",.,"A",.,"A",260,"D",20,"D"
"20161","03167014",52,0,"1",1300,"D",650,"D",.,"A",1300,"D",90,"D",.,"A",.,"A",650,"D",30,"D",.,"A",.,"A",.,"A",.,"A"
"20161","03167044",38,0,"1",1820,"D",455,"D",.,"A",780,"D",0,"D",.,"A",.,"A",1365,"D",60,"D",.,"A",.,"A",.,"A",.,"A"
"20161","03167054",22,0,"1",1040,"D",260,"D",.,"A",325,"D",66,"D",.,"A",.,"A",780,"D",168,"D",24,"D",312,"D",.,"A",.,"A"
"20161","03167124",39,0,"1",325,"D",65,"D",.,"A",0,"D",0,"D",.,"A",.,"A",260,"D",0,"D",.,"A",.,"A",.,"A",.,"A"
"20161","03167134",27,0,"1",780,"D",0,"D",.,"A",650,"D",6,"D",.,"A",.,"A",780,"D",6,"D",.,"A",.,"A",.,"A",.,"A"
"20161","03167144",23,0,"1",2600,"D",390,"D",.,"A",1300,"D",0,"D",.,"A",.,"A",2210,"D",0,"D",.,"A",.,"A",.,"A",.,"A"
"20161","03167154",25,0,"1",650,"D",130,"D",.,"A",0,"D",0,"D",.,"A",2,"D",520,"D",0,"D",.,"A",.,"A",.,"A",.,"A"
"20161","03167164",48,0,"1",1560,"D",260,"D",.,"A",780,"D",150,"D",.,"A",.,"A",1300,"D",75,"D",.,"A",.,"A",.,"A",.,"A"
"20161","03167174",11,0,"1",2860,"D",1365,"D",.,"A",0,"D",0,"D",.,"A",.,"A",1495,"D",120,"D",22,"D",286,"D",.,"A",.,"A"
"20161","03167184",43,0,"1",845,"D",260,"D",.,"A",650,"D",0,"D",.,"A",.,"A",585,"D",0,"D",.,"A",.,"A",.,"A",.,"A"
"20161","03167204",33,0,"1",1300,"D",260,"D",.,"A",260,"D",30,"D",.,"A",.,"A",1040,"D",0,"D",5,"D",65,"D",.,"A",.,"A"
"20161","03167264",71,0,"1",3250,"D",455,"D",260,"D",520,"D",90,"D",.,"A",.,"A",2795,"D",111,"D",.,"A",.,"A",.,"A",.,"A"
"20161","03167274",72,0,"1",650,"D",104,"D",.,"A",650,"D",0,"D",.,"A",.,"A",546,"D",0,"D",.,"A",.,"A",.,"A",.,"A"
"20161","03167304",44,0,"1",1625,"D",390,"D",.,"A",0,"D",0,"D",.,"A",.,"A",1235,"D",150,"D",.,"A",.,"A",650,"D",50,"D"
"20161","03167314",17,0,"1",910,"D",325,"D",.,"A",260,"D",0,"D",.,"A",.,"A",585,"D",0,"D",.,"A",.,"A",.,"A",.,"A"
"20161","03167324",8,0,"1",520,"D",39,"D",.,"A",0,"D",0,"D",.,"A",.,"A",481,"D",0,"D",25,"D",325,"D",.,"A",.,"A"
"20161","03167344",28,0,"1",1300,"D",185,"F",.,"A",0,"D",0,"D",.,"A",.,"A",674,"F",0,"D",30,"D",390,"D",.,"A",.,"A"
"20161","03167354",13,0,"1",910,"D",78,"D",.,"A",0,"D",0,"D",.,"A",.,"A",832,"D",0,"D",.,"A",.,"A",.,"A",.,"A"
"20161","03167404",11,0,"1",975,"D",130,"D",.,"A",0,"D",0,"D",.,"A",.,"A",845,"D",0,"D",.,"A",.,"A",.,"A",.,"A"
"20161","03167414",17,0,"1",2600,"D",192,"F",.,"A",534,"F",0,"D",.,"A",.,"A",721,"F",0,"D",.,"A",.,"A",.,"A",.,"A"
"20161","03167424",39,0,"1",1300,"D",65,"D",.,"A",130,"D",0,"D",.,"A",.,"A",1235,"D",0,"D",.,"A",.,"A",.,"A",.,"A"
"20161","03167434",50,0,"1",1105,"D",0,"D",.,"A",0,"D",0,"D",.,"A",.,"A",1105,"D",0,"D",30,"D",390,"D",.,"A",.,"A"
"20161","03167454",31,0,"1",1300,"D",65,"D",.,"A",260,"D",0,"D",98,"D",.,"A",1235,"D",60,"D",35,"D",455,"D",.,"A",.,"A"
"20161","03167474",28,0,"1",2600,"D",390,"D",.,"A",1040,"D",0,"D",.,"A",.,"A",2210,"D",0,"D",.,"A",.,"A",.,"A",.,"A"
"20161","03167494",16,0,"1",1950,"D",130,"D",.,"A",0,"D",0,"D",.,"A",.,"A",1820,"D",0,"D",.,"A",.,"A",.,"A",.,"A"
"20161","03167504",14,0,"1",1300,"D",260,"D",.,"A",650,"D",0,"D",.,"A",.,"A",1040,"D",0,"D",.,"A",.,"A",.,"A",.,"A"
"20161","03167524",16,0,"1",1645,"F",.,"A",.,"A",818,"F",134,"F",.,"A",.,"A",1330,"F",130,"F",.,"A",.,"A",.,"A",.,"A"
"20161","03167544",23,0,"1",1625,"D",390,"D",.,"A",0,"D",0,"D",.,"A",.,"A",1235,"D",0,"D",.,"A",.,"A",.,"A",.,"A"
"20161","03167554",35,0,"1",1690,"D",390,"D",.,"A",195,"D",0,"D",.,"A",.,"A",1300,"D",0,"D",.,"A",.,"A",.,"A",.,"A"
"20161","03167594",53,0,"1",2600,"D",195,"D",1950,"D",650,"D",0,"D",.,"A",.,"A",2405,"D",45,"D",.,"A",.,"A",.,"A",.,"A"
"20161","03167604",42,0,"1",1560,"D",260,"D",.,"A",260,"D",0,"D",.,"A",.,"A",1300,"D",60,"D",.,"A",.,"A",.,"A",.,"A"
"20161","03167624",49,0,"1",1625,"D",390,"D",650,"D",325,"D",0,"D",.,"A",240,"D",1235,"D",0,"D",.,"A",.,"A",.,"A",.,"A"
"20161","03167634",45,0,"1",1300,"D",195,"D",.,"A",1625,"D",300,"D",.,"A",.,"A",1105,"D",300,"D",.,"A",.,"A",.,"A",.,"A"
"20161","03167664",35,0,"1",3250,"D",195,"D",.,"A",0,"D",0,"D",.,"A",.,"A",3055,"D",0,"D",.,"A",.,"A",.,"A",.,"A"
"20161","03167684",36,0,"1",3250,"D",0,"D",.,"A",0,"D",60,"D",.,"A",.,"A",3250,"D",60,"D",.,"A",.,"A",.,"A",.,"A"
"20161","03167694",18,0,"1",845,"D",130,"D",.,"A",0,"D",0,"D",.,"A",.,"A",715,"D",0,"D",.,"A",.,"A",.,"A",.,"A"
"20161","03167704",28,0,"1",1950,"D",650,"D",.,"A",650,"D",0,"D",.,"A",.,"A",1300,"D",0,"D",.,"A",.,"A",.,"A",.,"A"
"20161","03167714",16,0,"1",883,"F",.,"A",.,"A",534,"F",0,"D",.,"A",.,"A",721,"F",0,"D",.,"A",.,"A",.,"A",.,"A"
"20161","03167724",26,0,"1",520,"D",130,"D",.,"A",0,"D",0,"D",.,"A",.,"A",390,"D",0,"D",.,"A",.,"A",.,"A",.,"A"
"20161","03167754",37,0,"1",3250,"D",650,"D",.,"A",0,"D",0,"D",.,"A",.,"A",2600,"D",90,"D",.,"A",.,"A",130,"D",10,"D"
"20161","03167784",49,0,"1",650,"D",401,"F",.,"A",7280,"D",120,"D",.,"A",.,"A",1478,"F",0,"D",.,"A",.,"A",.,"A",.,"A"
"20161","03167804",25,0,"1",975,"D",363,"F",.,"A",449,"F",0,"D",.,"A",.,"A",1325,"F",0,"D",.,"A",.,"A",.,"A",.,"A"
"20161","03167814",38,0,"1",1300,"D",260,"D",.,"A",2600,"D",0,"D",.,"A",.,"A",1040,"D",0,"D",.,"A",.,"A",.,"A",.,"A"
"20161","03167834",77,0,"1",1950,"D",260,"D",.,"A",910,"D",15,"D",.,"A",49,"D",1690,"D",36,"D",.,"A",.,"A",0,"D",0,"D"
"20161","03167854",31,0,"1",650,"D",26,"D",.,"A",520,"D",180,"D",.,"A",.,"A",624,"D",0,"D",.,"A",.,"A",.,"A",.,"A"
"20161","03167884",23,0,"1",910,"D",130,"D",.,"A",520,"D",0,"D",.,"A",.,"A",780,"D",0,"D",25,"D",325,"D",.,"A",.,"A"
"20161","03167914",85,0,"1",2600,"D",520,"D",.,"A",2600,"D",90,"D",.,"A",.,"A",2080,"D",45,"D",.,"A",.,"A",.,"A",.,"A"
"20161","03167924",7,0,"1",0,"D",.,"A",.,"A",0,"D",0,"D",.,"A",.,"A",0,"D",0,"D",.,"A",.,"A",.,"A",.,"A"
"20161","03167934",37,0,"1",1300,"D",325,"D",.,"A",130,"D",0,"D",.,"A",.,"A",975,"D",24,"D",.,"A",.,"A",.,"A",.,"A"
"20161","03167964",25,0,"1",910,"D",0,"D",.,"A",156,"D",0,"D",.,"A",.,"A",910,"D",0,"D",.,"A",.,"A",.,"A",.,"A"
"20161","03167974",35,0,"1",845,"D",195,"D",.,"A",780,"D",0,"D",.,"A",.,"A",650,"D",0,"D",.,"A",.,"A",.,"A",.,"A"
"20161","03167984",40,0,"1",1300,"D",325,"D",.,"A",455,"D",0,"D",.,"A",.,"A",975,"D",135,"D",.,"A",.,"A",.,"A",.,"A"
"20161","03168044",20,0,"1",780,"D",130,"D",.,"A",0,"D",0,"D",.,"A",.,"A",650,"D",90,"D",.,"A",.,"A",.,"A",.,"A"
"20161","03168054",39,0,"1",3250,"D",975,"D",.,"A",1300,"D",0,"D",.,"A",.,"A",2275,"D",0,"D",.,"A",.,"A",.,"A",.,"A"
"20161","03168074",14,0,"1",780,"D",390,"D",.,"A",0,"D",90,"D",.,"A",.,"A",390,"D",0,"D",.,"A",.,"A",.,"A",.,"A"
"20161","03168104",68,0,"1",1950,"D",455,"D",325,"D",650,"D",0,"D",.,"A",.,"A",1495,"D",75,"D",.,"A",.,"A",325,"D",25,"D"
"20161","03168124",27,0,"1",1625,"D",650,"D",.,"A",1625,"D",0,"D",.,"A",.,"A",975,"D",0,"D",.,"A",.,"A",.,"A",.,"A"
"20161","03168144",19,0,"1",1300,"D",130,"D",.,"A",0,"D",0,"D",.,"A",.,"A",1170,"D",0,"D",50,"D",650,"D",.,"A",.,"A"
"20161","03168154",82,0,"1",1300,"D",104,"D",.,"A",520,"D",0,"D",.,"A",.,"A",1196,"D",0,"D",.,"A",.,"A",.,"A",.,"A"
"20161","03168184",30,0,"1",1560,"D",325,"D",390,"D",2600,"D",0,"D",.,"A",.,"A",1235,"D",0,"D",.,"A",.,"A",.,"A",.,"A"
"20161","03168204",35,0,"1",1430,"D",260,"D",.,"A",0,"D",0,"D",.,"A",220,"D",1170,"D",0,"D",.,"A",.,"A",104,"D",8,"D"
"20161","03168254",40,0,"1",260,"D",65,"D",.,"A",195,"D",0,"D",.,"A",.,"A",195,"D",0,"D",.,"A",.,"A",.,"A",.,"A"
"20161","03168294",42,0,"1",520,"D",52,"D",.,"A",130,"D",0,"D",.,"A",.,"A",468,"D",0,"D",.,"A",.,"A",.,"A",.,"A"
"20161","03168314",34,0,"1",1170,"D",260,"D",.,"A",390,"D",0,"D",.,"A",.,"A",910,"D",0,"D",.,"A",.,"A",.,"A",.,"A"
"20161","03168324",49,0,"1",2600,"D",650,"D",650,"D",1300,"D",75,"D",.,"A",390,"D",1950,"D",150,"D",.,"A",.,"A",.,"A",.,"A"
"20161","03168374",57,0,"1",1300,"D",260,"D",390,"D",260,"D",0,"D",.,"A",.,"A",1040,"D",300,"D",12,"D",156,"D",.,"A",.,"A"
"20161","03168384",60,0,"1",2275,"D",260,"D",.,"A",650,"D",300,"D",.,"A",156,"D",2015,"D",120,"D",.,"A",.,"A",195,"D",15,"D"
"20161","03168394",66,0,"1",780,"D",0,"D",260,"D",0,"D",0,"D",.,"A",.,"A",780,"D",0,"D",.,"A",.,"A",.,"A",.,"A"
"20161","03168404",7,0,"1",845,"D",195,"D",.,"A",0,"D",0,"D",.,"A",.,"A",650,"D",0,"D",.,"A",.,"A",.,"A",.,"A"
"20161","03168414",37,0,"1",1300,"D",325,"D",.,"A",260,"D",0,"D",.,"A",.,"A",975,"D",0,"D",.,"A",.,"A",.,"A",.,"A"
"20161","03168424",47,0,"1",455,"D",91,"D",.,"A",520,"D",0,"D",.,"A",.,"A",364,"D",0,"D",.,"A",.,"A",.,"A",.,"A"
"20161","03168474",33,0,"1",1950,"D",0,"D",91,"D",195,"D",0,"D",.,"A",.,"A",1950,"D",60,"D",.,"A",.,"A",.,"A",.,"A"
"20161","03168484",22,0,"1",780,"D",195,"D",.,"A",104,"D",0,"D",.,"A",.,"A",585,"D",0,"D",.,"A",.,"A",.,"A",.,"A"
"20161","03168514",78,0,"1",1300,"D",325,"D",.,"A",1300,"D",30,"D",.,"A",.,"A",975,"D",0,"D",.,"A",.,"A",.,"A",.,"A"
"20161","03168534",18,0,"1",910,"D",130,"D",.,"A",0,"D",0,"D",.,"A",.,"A",780,"D",0,"D",.,"A",.,"A",.,"A",.,"A"
"20161","03168564",18,0,"1",650,"D",65,"D",.,"A",0,"D",0,"D",.,"A",.,"A",585,"D",0,"D",.,"A",.,"A",.,"A",.,"A"
"20161","03168574",41,0,"1",520,"D",520,"D",.,"A",910,"D",0,"D",.,"A",.,"A",0,"D",9,"D",40,"D",520,"D",.,"A",.,"A"
"20161","03168604",20,0,"1",1300,"D",260,"D",.,"A",130,"D",0,"D",.,"A",.,"A",1040,"D",120,"D",.,"A",.,"A",.,"A",.,"A"
"20161","03168614",25,0,"1",520,"D",130,"D",.,"A",260,"D",0,"D",.,"A",.,"A",390,"D",0,"D",.,"A",.,"A",.,"A",.,"A"
"20161","03168624",8,0,"1",780,"D",130,"D",.,"A",0,"D",0,"D",.,"A",.,"A",650,"D",0,"D",.,"A",.,"A",.,"A",.,"A"
"20161","03168634",29,0,"1",780,"D",228,"F",325,"D",130,"D",0,"D",.,"A",.,"A",750,"F",0,"D",.,"A",.,"A",.,"A",.,"A"
"20161","03168654",30,0,"1",910,"D",260,"D",.,"A",0,"D",0,"D",.,"A",.,"A",650,"D",240,"D",10,"D",130,"D",195,"D",15,"D"
"20161","03168664",23,0,"1",975,"D",260,"D",.,"A",0,"D",0,"D",.,"A",.,"A",715,"D",0,"D",.,"A",.,"A",.,"A",.,"A"
"20161","03168684",37,0,"1",1040,"D",130,"D",130,"D",1300,"D",15,"D",.,"A",.,"A",910,"D",60,"D",.,"A",.,"A",.,"A",.,"A"
"20161","03168694",21,0,"1",1950,"D",195,"D",.,"A",975,"D",0,"D",.,"A",.,"A",1755,"D",0,"D",.,"A",.,"A",.,"A",.,"A"
"20161","03168704",48,0,"1",975,"D",130,"D",.,"A",195,"D",0,"D",.,"A",.,"A",845,"D",0,"D",.,"A",.,"A",.,"A",.,"A"
"20161","03168764",84,0,"1",5200,"D",65,"D",.,"A",390,"D",105,"D",.,"A",.,"A",5135,"D",414,"D",.,"A",.,"A",.,"A",.,"A"
"20161","03168774",63,0,"1",650,"D",0,"D",.,"A",260,"D",30,"D",.,"A",.,"A",650,"D",150,"D",.,"A",.,"A",.,"A",.,"A"
"20161","03168784",68,0,"1",4550,"D",260,"D",.,"A",1040,"D",60,"D",.,"A",.,"A",4290,"D",600,"D",.,"A",.,"A",.,"A",.,"A"
"20161","03168794",54,0,"1",1950,"D",0,"D",.,"A",650,"D",155,"F",.,"A",.,"A",1950,"D",240,"D",.,"A",.,"A",.,"A",.,"A"
"20161","03168834",13,0,"1",585,"D",65,"D",.,"A",0,"D",0,"D",.,"A",.,"A",520,"D",0,"D",50,"D",650,"D",.,"A",.,"A"
"20161","03168844",75,0,"1",2080,"D",260,"D",130,"D",715,"D",90,"D",.,"A",.,"A",1820,"D",225,"D",.,"A",.,"A",.,"A",.,"A"
"20161","03168854",28,0,"1",650,"D",325,"D",.,"A",325,"D",6,"D",.,"A",.,"A",325,"D",6,"D",.,"A",.,"A",.,"A",.,"A"
"20161","03168864",29,0,"1",650,"D",130,"D",.,"A",130,"D",0,"D",.,"A",.,"A",520,"D",0,"D",.,"A",.,"A",.,"A",.,"A"
"20161","03168874",49,0,"1",1950,"D",650,"D",.,"A",1300,"D",60,"D",.,"A",.,"A",1300,"D",150,"D",.,"A",.,"A",.,"A",.,"A"
"20161","03168884",28,0,"1",1690,"D",260,"D",.,"A",520,"D",0,"D",.,"A",.,"A",1430,"D",0,"D",.,"A",.,"A",.,"A",.,"A"
"20161","03168894",28,0,"1",650,"D",65,"D",.,"A",0,"D",0,"D",.,"A",.,"A",585,"D",0,"D",.,"A",.,"A",.,"A",.,"A"
"20161","03168914",25,0,"1",1560,"D",260,"D",.,"A",0,"D",0,"D",.,"A",.,"A",1300,"D",60,"D",.,"A",.,"A",.,"A",.,"A"
"20161","03168924",33,0,"1",1300,"D",302,"F",.,"A",0,"D",0,"D",.,"A",.,"A",1110,"F",0,"D",.,"A",.,"A",.,"A",.,"A"
"20161","03168954",36,0,"1",975,"D",325,"D",.,"A",260,"D",0,"D",.,"A",.,"A",650,"D",0,"D",.,"A",.,"A",.,"A",.,"A"
"20161","03168964",34,0,"1",455,"D",65,"D",.,"A",455,"D",0,"D",.,"A",.,"A",390,"D",0,"D",.,"A",.,"A",.,"A",.,"A"
"20161","03168974",49,0,"1",1300,"D",130,"D",.,"A",390,"D",90,"D",.,"A",.,"A",1170,"D",75,"D",.,"A",.,"A",.,"A",.,"A"
"20161","03168984",32,0,"1",390,"D",104,"D",.,"A",195,"D",30,"D",.,"A",.,"A",286,"D",0,"D",40,"D",520,"D",.,"A",.,"A"
"20161","03169004",21,0,"1",650,"D",260,"D",.,"A",1170,"D",0,"D",.,"A",.,"A",390,"D",0,"D",.,"A",.,"A",.,"A",.,"A"
"20161","03169034",22,0,"1",975,"D",0,"D",.,"A",0,"D",0,"D",.,"A",.,"A",975,"D",0,"D",.,"A",.,"A",.,"A",.,"A"
"20161","03169054",36,0,"1",1625,"D",975,"D",.,"A",260,"D",45,"D",.,"A",.,"A",650,"D",75,"D",.,"A",.,"A",.,"A",.,"A"
"20161","03169064",37,0,"1",520,"D",65,"D",.,"A",0,"D",6,"D",.,"A",.,"A",455,"D",6,"D",.,"A",.,"A",.,"A",.,"A"
"20161","03169084",91,0,"1",2990,"D",0,"D",1560,"D",2600,"D",150,"D",1125,"D",105,"D",2990,"D",195,"D",.,"A",.,"A",.,"A",.,"A"
"20161","03169104",39,0,"1",2275,"D",975,"D",.,"A",0,"D",0,"D",.,"A",.,"A",1300,"D",0,"D",.,"A",.,"A",.,"A",.,"A"
"20161","03169134",15,0,"1",520,"D",0,"D",.,"A",130,"D",0,"D",.,"A",.,"A",520,"D",0,"D",40,"D",520,"D",.,"A",.,"A"
"20161","03169174",33,0,"1",1300,"D",390,"D",.,"A",260,"D",0,"D",.,"A",.,"A",910,"D",0,"D",.,"A",.,"A",.,"A",.,"A"
"20161","03169194",38,0,"1",1300,"D",520,"D",.,"A",1625,"D",0,"D",.,"A",.,"A",780,"D",0,"D",.,"A",.,"A",.,"A",.,"A"
"20161","03169234",39,0,"1",1300,"D",260,"D",.,"A",325,"D",0,"D",.,"A",.,"A",1040,"D",0,"D",.,"A",.,"A",.,"A",.,"A"
"20161","03169254",9,0,"1",650,"D",0,"D",130,"D",975,"D",0,"D",25,"D",.,"A",650,"D",0,"D",.,"A",.,"A",.,"A",.,"A"
"20161","03169264",56,0,"1",1950,"D",455,"D",.,"A",2600,"D",0,"D",.,"A",325,"D",1495,"D",0,"D",.,"A",.,"A",.,"A",.,"A"
"20161","03169284",47,0,"1",1300,"D",260,"D",260,"D",585,"D",0,"D",.,"A",.,"A",1040,"D",0,"D",.,"A",.,"A",.,"A",.,"A"
"20161","03169304",22,0,"1",883,"F",.,"A",.,"A",0,"D",0,"D",.,"A",.,"A",708,"F",0,"D",.,"A",.,"A",.,"A",.,"A"
"20161","03169344",48,0,"1",325,"D",65,"D",91,"D",0,"D",0,"D",.,"A",.,"A",260,"D",0,"D",.,"A",.,"A",.,"A",.,"A"
"20161","03169364",52,0,"1",1950,"D",65,"D",.,"A",780,"D",0,"D",.,"A",.,"A",1885,"D",0,"D",10,"D",130,"D",.,"A",.,"A"
"20161","03169394",57,0,"1",3250,"D",260,"D",.,"A",0,"D",0,"D",.,"A",.,"A",2990,"D",360,"D",.,"A",.,"A",.,"A",.,"A"
"20161","03169414",32,0,"1",975,"D",130,"D",.,"A",260,"D",0,"D",.,"A",.,"A",845,"D",90,"D",.,"A",.,"A",.,"A",.,"A"
"20161","03169484",20,0,"1",39,"D",0,"D",.,"A",0,"D",0,"D",.,"A",.,"A",39,"D",24,"D",.,"A",.,"A",.,"A",.,"A"
"20161","03169544",30,0,"1",780,"D",91,"D",.,"A",455,"D",0,"D",.,"A",.,"A",689,"D",0,"D",.,"A",.,"A",.,"A",.,"A"
"20161","03169584",22,0,"1",455,"D",0,"D",.,"A",520,"D",90,"D",.,"A",.,"A",455,"D",90,"D",.,"A",.,"A",.,"A",.,"A"
"20161","03169604",27,0,"1",883,"F",.,"A",.,"A",0,"D",0,"D",.,"A",.,"A",721,"F",0,"D",.,"A",.,"A",.,"A",.,"A"
"20161","03169624",19,0,"1",1755,"D",325,"D",130,"D",390,"D",90,"D",.,"A",.,"A",1430,"D",150,"D",.,"A",.,"A",.,"A",.,"A"
"20161","03169644",13,0,"1",1300,"D",390,"D",.,"A",650,"D",0,"D",.,"A",.,"A",910,"D",15,"D",.,"A",.,"A",.,"A",.,"A"
"20161","03169654",19,0,"1",1950,"D",520,"D",.,"A",0,"D",0,"D",.,"A",.,"A",1430,"D",0,"D",.,"A",.,"A",.,"A",.,"A"
"20161","03169664",45,0,"1",1300,"D",325,"D",.,"A",845,"D",45,"D",.,"A",.,"A",975,"D",90,"D",.,"A",.,"A",.,"A",.,"A"
"20161","03169704",19,0,"1",1105,"D",130,"D",.,"A",0,"D",0,"D",.,"A",.,"A",975,"D",0,"D",.,"A",.,"A",.,"A",.,"A"
"20161","03169754",45,0,"1",2600,"D",650,"D",.,"A",130,"D",0,"D",.,"A",36,"D",1950,"D",0,"D",.,"A",.,"A",169,"D",13,"D"
"20161","03169774",54,0,"1",6500,"D",650,"D",.,"A",1300,"D",0,"D",.,"A",.,"A",5850,"D",60,"D",.,"A",.,"A",.,"A",.,"A"
"20161","03169794",33,0,"1",1300,"D",325,"D",.,"A",520,"D",0,"D",.,"A",.,"A",975,"D",0,"D",.,"A",.,"A",.,"A",.,"A"
"20161","03169804",34,0,"1",845,"D",260,"D",.,"A",650,"D",0,"D",.,"A",.,"A",585,"D",0,"D",.,"A",.,"A",.,"A",.,"A"
"20161","03169854",32,0,"1",1950,"D",130,"D",.,"A",390,"D",0,"D",.,"A",.,"A",1820,"D",0,"D",.,"A",.,"A",.,"A",.,"A"
"20161","03169864",27,0,"1",1105,"D",195,"D",.,"A",650,"D",0,"D",.,"A",.,"A",910,"D",0,"D",.,"A",.,"A",.,"A",.,"A"
"20161","03169904",31,0,"1",1625,"D",325,"D",.,"A",585,"D",0,"D",.,"A",.,"A",1300,"D",0,"D",43,"D",559,"D",.,"A",.,"A"
"20161","03169914",30,0,"1",1300,"D",195,"D",.,"A",520,"D",45,"D",.,"A",.,"A",1105,"D",90,"D",.,"A",.,"A",.,"A",.,"A"
"20161","03169974",30,0,"1",2600,"D",455,"D",.,"A",650,"D",0,"D",.,"A",.,"A",2145,"D",0,"D",.,"A",.,"A",.,"A",.,"A"
"20161","03169994",25,0,"1",1300,"D",195,"D",.,"A",1300,"D",0,"D",.,"A",.,"A",1105,"D",0,"D",.,"A",.,"A",.,"A",.,"A"
"20161","03170044",40,0,"1",520,"D",130,"D",260,"D",130,"D",0,"D",.,"A",.,"A",390,"D",180,"D",.,"A",.,"A",.,"A",.,"A"
"20161","03170064",18,0,"1",1300,"D",0,"D",.,"A",410,"F",0,"D",.,"A",.,"A",1300,"D",0,"D",.,"A",.,"A",.,"A",.,"A"
"20161","03170154",43,0,"1",1430,"D",325,"D",.,"A",585,"D",0,"D",.,"A",.,"A",1105,"D",75,"D",.,"A",.,"A",.,"A",.,"A"
"20161","03170174",22,0,"1",1950,"D",195,"D",.,"A",650,"D",0,"D",.,"A",.,"A",1755,"D",0,"D",.,"A",.,"A",.,"A",.,"A"
"20161","03170184",13,0,"1",325,"D",52,"D",.,"A",0,"D",0,"D",.,"A",.,"A",273,"D",0,"D",.,"A",.,"A",.,"A",.,"A"
"20161","03170194",41,0,"1",975,"D",156,"D",.,"A",260,"D",15,"D",.,"A",.,"A",819,"D",45,"D",.,"A",.,"A",.,"A",.,"A"
"20161","03170204",25,0,"1",585,"D",130,"D",130,"D",260,"D",120,"D",.,"A",.,"A",455,"D",0,"D",.,"A",.,"A",.,"A",.,"A"
"20161","03170234",27,0,"1",0,"D",.,"A",390,"D",260,"D",60,"D",.,"A",.,"A",0,"D",120,"D",.,"A",.,"A",195,"D",15,"D"
"20161","03170244",31,0,"1",4550,"D",130,"D",.,"A",195,"D",0,"D",.,"A",.,"A",4420,"D",0,"D",.,"A",.,"A",.,"A",.,"A"
"20161","03170294",46,0,"1",2600,"D",260,"D",.,"A",650,"D",45,"D",.,"A",.,"A",2340,"D",120,"D",.,"A",.,"A",.,"A",.,"A"
"20161","03170304",27,0,"1",2600,"D",650,"D",.,"A",780,"D",0,"D",.,"A",.,"A",1950,"D",300,"D",.,"A",.,"A",.,"A",.,"A"
"20161","03170314",37,0,"1",1560,"D",328,"F",.,"A",1950,"D",0,"D",.,"A",.,"A",1330,"F",6,"D",.,"A",.,"A",.,"A",.,"A"
"20161","03170344",18,0,"1",1950,"D",325,"D",.,"A",0,"D",0,"D",.,"A",.,"A",1625,"D",0,"D",.,"A",.,"A",.,"A",.,"A"
"20161","03170364",39,0,"1",780,"D",260,"D",.,"A",130,"D",0,"D",.,"A",.,"A",520,"D",0,"D",.,"A",.,"A",.,"A",.,"A"
"20161","03170374",18,0,"1",1950,"D",260,"D",.,"A",650,"D",0,"D",.,"A",.,"A",1690,"D",90,"D",.,"A",.,"A",.,"A",.,"A"
"20161","03170384",31,0,"1",520,"D",52,"D",.,"A",0,"D",0,"D",.,"A",.,"A",468,"D",0,"D",29,"D",377,"D",.,"A",.,"A"
"20161","03170404",25,0,"1",1391,"D",156,"D",325,"D",130,"D",0,"D",.,"A",.,"A",1235,"D",300,"D",.,"A",.,"A",390,"D",30,"D"
"20161","03170424",34,0,"1",1950,"D",260,"D",195,"D",520,"D",0,"D",.,"A",.,"A",1690,"D",45,"D",.,"A",.,"A",.,"A",.,"A"
"20161","03170434",62,0,"1",1950,"D",650,"D",.,"A",1131,"F",75,"D",5,"D",.,"A",1300,"D",300,"D",.,"A",.,"A",.,"A",.,"A"
"20161","03170454",40,0,"1",4550,"D",650,"D",.,"A",1560,"D",0,"D",.,"A",.,"A",3900,"D",0,"D",.,"A",.,"A",.,"A",.,"A"
"20161","03170464",19,0,"1",650,"D",130,"D",260,"D",650,"D",0,"D",.,"A",.,"A",520,"D",0,"D",60,"D",780,"D",.,"A",.,"A"
"20161","03170494",50,0,"1",975,"D",260,"D",.,"A",780,"D",0,"D",.,"A",.,"A",715,"D",0,"D",.,"A",.,"A",.,"A",.,"A"
"20161","03170504",56,0,"1",910,"D",65,"D",.,"A",624,"F",0,"D",.,"A",.,"A",845,"D",0,"D",.,"A",.,"A",.,"A",.,"A"
"20161","03170534",47,0,"1",975,"D",0,"D",195,"D",390,"D",0,"D",.,"A",.,"A",975,"D",60,"D",.,"A",.,"A",.,"A",.,"A"
"20161","03170554",19,0,"1",975,"D",130,"D",.,"A",0,"D",0,"D",.,"A",.,"A",845,"D",0,"D",.,"A",.,"A",.,"A",.,"A"
"20161","03170574",27,0,"1",1950,"D",328,"F",.,"A",0,"D",0,"D",.,"A",.,"A",1330,"F",0,"D",.,"C",500,"F",.,"A",.,"A"
"20161","03170594",40,0,"1",1560,"D",130,"D",.,"A",1560,"D",0,"D",.,"A",.,"A",1430,"D",0,"D",.,"A",.,"A",.,"A",.,"A"
"20161","03170614",26,0,"1",1300,"D",260,"D",65,"D",390,"D",0,"D",.,"A",.,"A",1040,"D",0,"D",.,"A",.,"A",.,"A",.,"A"
"20161","03170634",16,0,"1",2860,"D",585,"D",975,"D",1820,"D",240,"D",.,"A",.,"A",2275,"D",450,"D",.,"A",.,"A",.,"A",.,"A"
"20161","03170684",14,0,"1",650,"D",328,"F",.,"A",818,"F",134,"F",.,"A",.,"A",1330,"F",130,"F",.,"A",.,"A",.,"A",.,"A"
"20161","03170704",35,0,"1",3900,"D",1560,"D",326,"F",2600,"D",150,"F",.,"A",.,"A",2340,"D",60,"D",.,"A",.,"A",.,"A",.,"A"
"20161","03170734",27,0,"1",1300,"D",260,"D",.,"A",325,"D",0,"D",.,"A",.,"A",1040,"D",0,"D",.,"A",.,"A",.,"A",.,"A"
"20161","03170744",46,0,"1",1625,"D",156,"D",.,"A",1560,"D",0,"D",.,"A",.,"A",1469,"D",90,"D",.,"A",.,"A",.,"A",.,"A"
"20161","03170754",31,0,"1",1300,"D",39,"D",.,"A",325,"D",120,"D",.,"A",.,"A",1261,"D",60,"D",.,"A",.,"A",.,"A",.,"A"
"20161","03170814",28,0,"1",1560,"D",325,"D",.,"A",0,"D",0,"D",.,"A",.,"A",1235,"D",60,"D",.,"A",.,"A",.,"A",.,"A"
"20161","03170824",70,0,"1",1300,"D",0,"D",.,"A",650,"D",0,"D",.,"A",.,"A",1300,"D",60,"D",.,"A",.,"A",.,"A",.,"A"
"20161","03170844",12,0,"1",1040,"D",130,"D",.,"A",0,"D",0,"D",.,"A",.,"A",910,"D",0,"D",.,"A",.,"A",.,"A",.,"A"
"20161","03170854",31,0,"1",910,"D",195,"D",.,"A",364,"D",300,"D",.,"A",.,"A",715,"D",60,"D",.,"A",.,"A",.,"A",.,"A"
"20161","03170924",25,0,"1",650,"D",65,"D",.,"A",0,"D",0,"D",.,"A",.,"A",585,"D",0,"D",.,"A",.,"A",.,"A",.,"A"
"20161","03170964",8,0,"1",0,"D",.,"A",.,"A",0,"D",0,"D",.,"A",.,"A",0,"D",0,"D",.,"A",.,"A",.,"A",.,"A"
"20161","03171014",18,0,"1",455,"D",91,"D",.,"A",0,"D",0,"D",.,"A",.,"A",364,"D",0,"D",.,"A",.,"A",.,"A",.,"A"
"20161","03171024",35,0,"1",1040,"D",0,"D",260,"D",260,"D",120,"D",.,"A",.,"A",1040,"D",180,"D",.,"A",.,"A",.,"A",.,"A"
"20161","03171034",16,0,"1",1170,"D",130,"D",.,"A",0,"D",0,"D",.,"A",.,"A",1040,"D",0,"D",100,"D",1300,"D",.,"A",.,"A"
"20161","03171064",25,0,"1",650,"D",260,"D",78,"D",390,"D",0,"D",.,"A",.,"A",390,"D",0,"D",.,"A",.,"A",.,"A",.,"A"
"20161","03171104",33,0,"1",2600,"D",0,"D",130,"D",1950,"D",0,"D",.,"A",75,"D",2600,"D",180,"D",.,"A",.,"A",.,"A",.,"A"
"20161","03171134",55,0,"1",4225,"D",650,"D",.,"A",1820,"D",150,"D",.,"A",.,"A",3575,"D",60,"D",.,"A",.,"A",.,"A",.,"A"
"20161","03171154",60,0,"1",1831,"F",.,"A",501,"F",780,"D",30,"D",441,"F",.,"A",1478,"F",0,"D",.,"A",.,"A",.,"A",.,"A"
"20161","03171164",58,0,"1",1625,"D",0,"D",.,"A",1300,"D",150,"D",.,"A",.,"A",1625,"D",90,"D",.,"A",.,"A",.,"A",.,"A"
"20161","03171234",50,0,"1",1560,"D",390,"D",.,"A",260,"D",300,"D",.,"A",.,"A",1170,"D",300,"D",.,"A",.,"A",.,"A",.,"A"
"20161","03171244",12,0,"1",715,"D",65,"D",.,"A",0,"D",0,"D",.,"A",.,"A",650,"D",0,"D",.,"A",.,"A",.,"A",.,"A"
"20161","03171264",35,0,"1",611,"D",0,"D",.,"A",0,"D",0,"D",.,"A",.,"A",611,"D",0,"D",.,"A",.,"A",.,"A",.,"A"
"20161","03171274",44,0,"1",2405,"D",130,"D",.,"A",871,"D",0,"D",.,"A",.,"A",2275,"D",6,"D",.,"A",.,"A",.,"A",.,"A"
"20161","03171294",46,0,"1",1950,"D",390,"D",.,"A",195,"D",0,"D",.,"A",.,"A",1560,"D",150,"D",.,"A",.,"A",.,"A",.,"A"
"20161","03171304",57,0,"1",1625,"D",260,"D",.,"A",260,"D",0,"D",.,"A",.,"A",1365,"D",405,"D",.,"A",.,"A",.,"A",.,"A"
"20161","03171314",21,0,"1",1690,"D",455,"D",.,"A",260,"D",60,"D",.,"A",.,"A",1235,"D",75,"D",.,"A",.,"A",.,"A",.,"A"
"20161","03171354",23,0,"1",975,"D",325,"D",.,"A",130,"D",0,"D",.,"A",.,"A",650,"D",15,"D",.,"A",.,"A",.,"A",.,"A"
"20161","03171384",53,0,"1",1950,"D",650,"D",728,"D",650,"D",120,"D",.,"A",.,"A",1300,"D",120,"D",.,"A",.,"A",.,"A",.,"A"
"20161","03171404",41,0,"1",1388,"F",.,"A",.,"A",0,"D",0,"D",.,"A",.,"A",1110,"F",0,"D",.,"A",.,"A",.,"A",.,"A"
"20161","03171414",75,0,"1",1300,"D",195,"D",.,"A",195,"D",0,"D",.,"A",.,"A",1105,"D",0,"D",.,"A",.,"A",130,"D",10,"D"
"20161","03171454",24,0,"1",520,"D",130,"D",.,"A",0,"D",0,"D",.,"A",.,"A",390,"D",0,"D",.,"A",.,"A",.,"A",.,"A"
"20161","03171504",35,0,"1",650,"D",130,"D",.,"A",130,"D",0,"D",.,"A",.,"A",520,"D",0,"D",.,"A",.,"A",.,"A",.,"A"
"20161","03171514",19,0,"1",520,"D",260,"D",.,"A",0,"D",0,"D",.,"A",.,"A",260,"D",0,"D",.,"A",.,"A",.,"A",.,"A"
"20161","03171524",76,0,"1",2925,"D",650,"D",.,"A",195,"D",0,"D",.,"A",.,"A",2275,"D",0,"D",.,"A",.,"A",.,"A",.,"A"
"20161","03171534",31,0,"1",2600,"D",975,"D",.,"A",2600,"D",0,"D",.,"A",.,"A",1625,"D",0,"D",.,"A",.,"A",.,"A",.,"A"
"20161","03171544",35,0,"1",1950,"D",650,"D",.,"A",1300,"D",0,"D",.,"A",.,"A",1300,"D",0,"D",20,"D",260,"D",.,"A",.,"A"
"20161","03171554",68,0,"1",1625,"D",325,"D",.,"A",650,"D",150,"D",.,"A",.,"A",1300,"D",150,"D",.,"A",.,"A",.,"A",.,"A"
"20161","03171564",39,0,"1",1560,"D",390,"D",.,"A",1300,"D",0,"D",.,"A",.,"A",1170,"D",150,"D",.,"A",.,"A",.,"A",.,"A"
"20161","03171574",20,0,"1",1560,"D",260,"D",.,"A",390,"D",0,"D",.,"A",.,"A",1300,"D",0,"D",.,"A",.,"A",.,"A",.,"A"
"20161","03171624",12,0,"1",975,"D",65,"D",.,"A",0,"D",0,"D",.,"A",.,"A",910,"D",0,"D",21,"D",273,"D",.,"A",.,"A"
"20161","03171634",48,0,"1",1300,"D",302,"F",.,"A",650,"D",0,"D",.,"A",.,"A",1110,"F",0,"D",.,"A",.,"A",.,"A",.,"A"
"20161","03171644",35,0,"1",1040,"D",390,"D",.,"A",520,"D",0,"D",.,"A",.,"A",650,"D",30,"D",.,"A",.,"A",.,"A",.,"A"
"20161","03171724",39,0,"1",1625,"D",260,"D",325,"D",650,"D",75,"D",.,"A",.,"A",1365,"D",0,"D",.,"A",.,"A",.,"A",.,"A"
"20161","03171744",24,0,"1",3900,"D",409,"F",.,"A",0,"D",6,"D",.,"A",.,"A",1817,"F",6,"D",.,"A",.,"A",.,"A",.,"A"
"20161","03171754",14,0,"1",3900,"D",780,"D",.,"A",520,"D",0,"D",.,"A",.,"A",3120,"D",0,"D",.,"A",.,"A",.,"A",.,"A"
"20161","03171804",11,0,"1",1300,"D",195,"D",.,"A",0,"D",0,"D",.,"A",.,"A",1105,"D",180,"D",50,"D",650,"D",.,"A",.,"A"
"20161","03171824",36,0,"1",975,"D",130,"D",.,"A",2145,"D",0,"D",.,"A",.,"A",845,"D",0,"D",.,"A",.,"A",.,"A",.,"A"
"20161","03171834",34,0,"1",1300,"D",260,"D",.,"A",325,"D",0,"D",.,"A",.,"A",1040,"D",0,"D",.,"A",.,"A",.,"A",.,"A"
"20161","03171844",39,0,"1",2600,"D",260,"D",.,"A",910,"D",0,"D",.,"A",.,"A",2340,"D",0,"D",.,"A",.,"A",.,"A",.,"A"
"20161","03171854",21,0,"1",3250,"D",455,"D",.,"A",0,"D",0,"D",.,"A",.,"A",2795,"D",75,"D",20,"D",260,"D",.,"A",.,"A"
"20161","03171874",36,0,"1",390,"D",65,"D",.,"A",130,"D",0,"D",.,"A",.,"A",325,"D",0,"D",.,"A",.,"A",.,"A",.,"A"
"20161","03171894",26,0,"1",1300,"D",260,"D",.,"A",260,"D",0,"D",.,"A",.,"A",1040,"D",120,"D",30,"D",390,"D",.,"A",.,"A"
"20161","03171924",56,0,"1",1300,"D",195,"D",.,"A",2600,"D",0,"D",.,"A",.,"A",1105,"D",120,"D",.,"A",.,"A",.,"A",.,"A"
"20161","03171964",40,0,"1",1040,"D",130,"D",.,"A",650,"D",0,"D",.,"A",.,"A",910,"D",0,"D",.,"A",.,"A",.,"A",.,"A"
"20161","03171984",34,0,"1",520,"D",130,"D",.,"A",520,"D",0,"D",.,"A",.,"A",390,"D",0,"D",.,"A",.,"A",.,"A",.,"A"
"20161","03171994",47,0,"1",2769,"D",494,"D",.,"A",364,"D",0,"D",.,"A",600,"D",2275,"D",0,"D",.,"A",.,"A",.,"A",.,"A"
"20161","03172014",41,0,"1",1300,"D",325,"D",.,"A",650,"D",0,"D",.,"A",.,"A",975,"D",0,"D",.,"A",.,"A",.,"A",.,"A"
"20161","03172034",23,0,"1",585,"D",65,"D",.,"A",0,"D",0,"D",.,"A",.,"A",520,"D",0,"D",.,"A",.,"A",.,"A",.,"A"
"20161","03172054",21,0,"1",325,"D",104,"D",.,"A",390,"D",0,"D",.,"A",.,"A",221,"D",0,"D",.,"A",.,"A",.,"A",.,"A"
"20161","03172064",20,0,"1",2275,"D",195,"D",.,"A",0,"D",0,"D",.,"A",.,"A",2080,"D",0,"D",.,"A",.,"A",.,"A",.,"A"
"20161","03172124",64,0,"1",3900,"D",650,"D",.,"A",195,"D",0,"D",.,"A",195,"D",3250,"D",150,"D",.,"A",.,"A",.,"A",.,"A"
"20161","03172134",24,0,"1",1645,"F",.,"A",.,"A",818,"F",0,"D",.,"A",.,"A",1330,"F",0,"D",.,"A",.,"A",.,"A",.,"A"
"20161","03172144",37,0,"1",910,"D",130,"D",.,"A",0,"D",0,"D",.,"A",.,"A",780,"D",30,"D",.,"A",.,"A",.,"A",.,"A"
"20161","03172174",46,0,"1",1300,"D",0,"D",.,"A",0,"D",0,"D",.,"A",1440,"D",1300,"D",240,"D",.,"C",523,"F",.,"A",.,"A"
"20161","03172194",31,0,"1",975,"D",325,"D",.,"A",455,"D",0,"D",.,"A",.,"A",650,"D",0,"D",.,"A",.,"A",.,"A",.,"A"
"20161","03172204",86,0,"1",2171,"D",455,"D",.,"A",2912,"D",300,"D",.,"A",.,"A",1716,"D",300,"D",.,"A",.,"A",.,"A",.,"A"
"20161","03172254",32,0,"1",819,"D",130,"D",.,"A",0,"D",0,"D",.,"A",.,"A",689,"D",90,"D",.,"A",.,"A",260,"D",20,"D"
"20161","03172264",31,0,"1",390,"D",65,"D",.,"A",260,"D",0,"D",.,"A",.,"A",325,"D",0,"D",.,"A",.,"A",.,"A",.,"A"
"20161","03172284",50,0,"1",1300,"D",195,"D",.,"A",325,"D",0,"D",.,"A",.,"A",1105,"D",144,"D",.,"A",.,"A",.,"A",.,"A"
"20161","03172314",46,0,"1",1950,"D",0,"D",.,"A",520,"D",0,"D",.,"A",.,"A",1950,"D",0,"D",160,"D",2080,"D",.,"A",.,"A"
"20161","03172384",22,0,"1",650,"D",130,"D",.,"A",0,"D",0,"D",.,"A",.,"A",520,"D",0,"D",.,"A",.,"A",.,"A",.,"A"
"20161","03172394",17,0,"1",780,"D",130,"D",.,"A",260,"D",0,"D",.,"A",.,"A",650,"D",0,"D",.,"A",.,"A",.,"A",.,"A"
"20161","03172414",29,0,"1",1950,"D",325,"D",.,"A",260,"D",0,"D",.,"A",.,"A",1625,"D",300,"D",30,"D",390,"D",.,"A",.,"A"
"20161","03172434",37,0,"1",390,"D",130,"D",.,"A",650,"D",30,"D",.,"A",.,"A",260,"D",60,"D",.,"A",.,"A",.,"A",.,"A"
"20161","03172444",11,0,"1",1300,"D",390,"D",.,"A",0,"D",0,"D",.,"A",.,"A",910,"D",480,"D",.,"A",.,"A",.,"A",.,"A"
"20161","03172474",64,0,"1",1950,"D",390,"D",.,"A",2600,"D",0,"D",.,"A",.,"A",1560,"D",0,"D",.,"A",.,"A",.,"A",.,"A"
"20161","03172494",48,0,"1",1950,"D",390,"D",.,"A",1040,"D",0,"D",.,"A",263,"F",1560,"D",90,"D",35,"D",455,"D",130,"D",10,"D"
"20161","03172534",37,0,"1",975,"D",130,"D",.,"A",390,"D",0,"D",.,"A",.,"A",845,"D",0,"D",.,"A",.,"A",.,"A",.,"A"
"20161","03172604",14,0,"1",1560,"D",195,"D",.,"A",260,"D",0,"D",.,"A",.,"A",1365,"D",0,"D",.,"A",.,"A",.,"A",.,"A"
"20161","03172624",40,0,"1",1950,"D",325,"D",.,"A",0,"D",0,"D",.,"A",.,"A",1625,"D",120,"D",60,"D",780,"D",.,"A",.,"A"
"20161","03172634",16,0,"1",1040,"D",195,"D",.,"A",0,"D",0,"D",.,"A",.,"A",845,"D",0,"D",.,"A",.,"A",.,"A",.,"A"
"20161","03172644",25,0,"1",1950,"D",0,"D",.,"A",260,"D",0,"D",.,"A",.,"A",1950,"D",0,"D",.,"A",.,"A",.,"A",.,"A"
"20161","03172654",37,0,"1",1300,"D",650,"D",.,"A",910,"D",0,"D",.,"A",.,"A",650,"D",0,"D",.,"A",.,"A",.,"A",.,"A"
"20161","03172664",11,0,"1",650,"D",260,"D",.,"A",0,"D",0,"D",.,"A",.,"A",390,"D",0,"D",.,"A",.,"A",.,"A",.,"A"
"20161","03172684",36,0,"1",975,"D",260,"D",.,"A",650,"D",0,"D",.,"A",.,"A",715,"D",0,"D",.,"A",.,"A",.,"A",.,"A"
"20161","03172764",17,0,"1",1300,"D",325,"D",.,"A",0,"D",0,"D",.,"A",.,"A",975,"D",0,"D",.,"A",.,"A",.,"A",.,"A"
"20161","03172774",66,0,"1",2080,"D",520,"D",.,"A",871,"D",60,"D",.,"A",.,"A",1560,"D",120,"D",.,"A",.,"A",.,"A",.,"A"
"20161","03172784",41,0,"1",3250,"D",336,"F",.,"A",260,"D",0,"D",.,"A",.,"A",1569,"F",60,"D",.,"A",.,"A",.,"A",.,"A"
"20161","03172824",27,0,"1",650,"D",228,"F",.,"A",156,"D",0,"D",.,"A",.,"A",750,"F",0,"D",.,"A",.,"A",.,"A",.,"A"
"20161","03172834",15,0,"1",455,"D",195,"D",.,"A",0,"D",0,"D",.,"A",.,"A",260,"D",0,"D",30,"D",390,"D",.,"A",.,"A"
"20161","03172864",26,0,"1",2600,"D",130,"D",.,"A",520,"D",0,"D",.,"A",150,"D",2470,"D",0,"D",.,"A",.,"A",.,"A",.,"A"
"20161","03172874",31,0,"1",845,"D",65,"D",.,"A",650,"D",0,"D",.,"A",.,"A",780,"D",90,"D",.,"A",.,"A",.,"A",.,"A"
"20161","03172944",21,0,"1",1027,"D",208,"D",.,"A",52,"D",0,"D",.,"A",.,"A",819,"D",39,"D",9,"D",117,"D",.,"A",.,"A"
"20161","03172974",31,0,"1",1013,"F",.,"A",466,"F",520,"D",0,"D",.,"A",.,"A",812,"F",0,"D",.,"A",.,"A",.,"A",.,"A"
"20161","03172984",39,0,"1",2600,"D",260,"D",.,"A",390,"D",0,"D",.,"A",.,"A",2340,"D",0,"D",70,"D",910,"D",260,"D",20,"D"
"20161","03172994",39,0,"1",1560,"D",195,"D",.,"A",1300,"D",0,"D",.,"A",.,"A",1365,"D",0,"D",.,"A",.,"A",.,"A",.,"A"
"20161","03173014",41,0,"1",1300,"D",130,"D",.,"A",1300,"D",0,"D",.,"A",.,"A",1170,"D",0,"D",.,"A",.,"A",.,"A",.,"A"
"20161","03173034",9,0,"1",1950,"D",975,"D",.,"A",260,"D",0,"D",.,"A",.,"A",975,"D",300,"D",100,"D",1300,"D",.,"A",.,"A"
"20161","03173044",18,0,"1",1040,"D",65,"D",.,"A",130,"D",300,"D",.,"A",.,"A",975,"D",45,"D",.,"A",.,"A",.,"A",.,"A"
"20161","03173064",20,0,"1",1950,"D",260,"D",.,"A",650,"D",0,"D",.,"A",.,"A",1690,"D",45,"D",.,"A",.,"A",.,"A",.,"A"
"20161","03173084",35,0,"1",1560,"D",260,"D",.,"A",1560,"D",90,"D",.,"A",.,"A",1300,"D",150,"D",.,"A",.,"A",.,"A",.,"A"
"20161","03173124",37,0,"1",2600,"D",260,"D",.,"A",650,"D",0,"D",.,"A",.,"A",2340,"D",0,"D",.,"A",.,"A",.,"A",.,"A"
"20161","03173134",21,0,"1",520,"D",0,"D",.,"A",0,"D",0,"D",.,"A",.,"A",520,"D",0,"D",.,"A",.,"A",.,"A",.,"A"
"20161","03173144",26,0,"1",2600,"D",260,"D",.,"A",650,"D",0,"D",.,"A",.,"A",2340,"D",0,"D",.,"A",.,"A",.,"A",.,"A"
"20161","03173154",30,0,"1",1300,"D",65,"D",.,"A",0,"D",0,"D",.,"A",.,"A",1235,"D",0,"D",.,"A",.,"A",.,"A",.,"A"
"20161","03173184",75,0,"1",2275,"D",975,"D",65,"D",1300,"D",180,"D",.,"A",.,"A",1300,"D",90,"D",.,"A",.,"A",.,"A",.,"A"
"20161","03173214",19,0,"1",1300,"D",260,"D",.,"A",0,"D",0,"D",.,"A",.,"A",1040,"D",0,"D",.,"A",.,"A",.,"A",.,"A"
"20161","03173224",25,0,"1",325,"D",0,"D",.,"A",0,"D",60,"D",.,"A",.,"A",325,"D",90,"D",.,"A",.,"A",.,"A",.,"A"
"20161","03173244",35,0,"1",2600,"D",260,"D",.,"A",650,"D",0,"D",.,"A",.,"A",2340,"D",300,"D",40,"D",520,"D",.,"A",.,"A"
"20161","03173264",70,0,"1",1040,"D",65,"D",.,"A",0,"D",0,"D",.,"A",.,"A",975,"D",270,"D",.,"A",.,"A",.,"A",.,"A"
"20161","03173284",44,0,"1",3575,"D",325,"D",.,"A",390,"D",0,"D",.,"A",.,"A",3250,"D",0,"D",.,"A",.,"A",.,"A",.,"A"
"20161","03173294",17,0,"1",2600,"D",520,"D",.,"A",0,"D",0,"D",.,"A",.,"A",2080,"D",0,"D",.,"A",.,"A",.,"A",.,"A"
"20161","03173304",31,0,"1",1950,"D",260,"D",.,"A",975,"D",300,"D",.,"A",240,"D",1690,"D",225,"D",.,"A",.,"A",.,"A",.,"A"
"20161","03173334",90,0,"1",4550,"D",455,"D",.,"A",1625,"D",30,"D",.,"A",696,"D",4095,"D",60,"D",.,"A",.,"A",.,"A",.,"A"
"20161","03173344",37,0,"1",845,"D",0,"D",.,"A",455,"D",0,"D",.,"A",.,"A",845,"D",15,"D",.,"A",.,"A",.,"A",.,"A"
"20161","03173364",29,0,"1",780,"D",262,"F",.,"A",325,"D",0,"D",.,"A",.,"A",834,"F",75,"D",.,"A",.,"A",.,"A",.,"A"
"20161","03173374",19,0,"1",1950,"D",328,"F",.,"A",818,"F",0,"D",.,"A",.,"A",1330,"F",0,"D",.,"A",.,"A",.,"A",.,"A"
"20161","03173394",10,0,"1",0,"D",.,"A",.,"A",13,"D",0,"D",.,"A",.,"A",0,"D",0,"D",.,"A",.,"A",.,"A",.,"A"
"20161","03173414",30,0,"1",650,"D",156,"D",.,"A",390,"D",0,"D",.,"A",.,"A",494,"D",0,"D",.,"A",.,"A",.,"A",.,"A"
"20161","03173434",30,0,"1",5330,"D",2210,"D",.,"A",2600,"D",0,"D",.,"A",50,"D",3120,"D",0,"D",.,"A",.,"A",.,"A",.,"A"
"20161","03173444",54,0,"1",3055,"D",455,"D",650,"D",260,"D",6,"D",325,"D",.,"A",2600,"D",0,"D",.,"A",.,"A",.,"A",.,"A"
"20161","03173474",24,0,"1",1300,"D",260,"D",.,"A",65,"D",45,"D",.,"A",.,"A",1040,"D",30,"D",.,"A",.,"A",.,"A",.,"A"
"20161","03173504",37,0,"1",1300,"D",130,"D",650,"D",390,"D",0,"D",.,"A",.,"A",1170,"D",0,"D",.,"A",.,"A",.,"A",.,"A"
"20161","03173514",15,0,"1",195,"D",0,"D",.,"A",0,"D",0,"D",.,"A",.,"A",195,"D",0,"D",.,"A",.,"A",.,"A",.,"A"
"20161","03173524",61,0,"1",715,"D",247,"D",104,"D",325,"D",0,"D",.,"A",.,"A",468,"D",0,"D",.,"A",.,"A",.,"A",.,"A"
"20161","03173554",26,0,"1",1560,"D",260,"D",.,"A",650,"D",0,"D",.,"A",.,"A",1300,"D",0,"D",.,"A",.,"A",.,"A",.,"A"
"20161","03173564",33,0,"1",1300,"D",260,"D",.,"A",260,"D",120,"D",.,"A",.,"A",1040,"D",90,"D",.,"A",.,"A",.,"A",.,"A"
"20161","03173574",44,0,"1",1430,"D",455,"D",.,"A",390,"D",0,"D",.,"A",114,"D",975,"D",0,"D",120,"D",1560,"D",.,"A",.,"A"
"20161","03173604",42,0,"1",1625,"D",325,"D",.,"A",325,"D",0,"D",.,"A",.,"A",1300,"D",300,"D",.,"A",.,"A",.,"A",.,"A"
"20161","03173644",36,0,"1",975,"D",325,"D",.,"A",130,"D",0,"D",.,"A",.,"A",650,"D",0,"D",.,"A",.,"A",.,"A",.,"A"
"20161","03173664",54,0,"1",1430,"D",130,"D",390,"D",1560,"D",144,"F",.,"A",38,"D",1300,"D",128,"F",.,"A",.,"A",.,"A",.,"A"
"20161","03173724",20,0,"1",650,"D",0,"D",.,"A",0,"D",0,"D",.,"A",.,"A",650,"D",0,"D",20,"D",260,"D",.,"A",.,"A"
"20161","03173744",19,0,"1",2600,"D",260,"D",.,"A",650,"D",150,"D",.,"A",.,"A",2340,"D",150,"D",.,"A",.,"A",.,"A",.,"A"
"20161","03173754",30,0,"1",650,"D",130,"D",.,"A",520,"D",0,"D",.,"A",.,"A",520,"D",0,"D",.,"A",.,"A",.,"A",.,"A"
"20161","03173774",26,0,"1",975,"D",195,"D",.,"A",0,"D",0,"D",.,"A",100,"D",780,"D",120,"D",15,"D",195,"D",.,"A",.,"A"
"20161","03173784",56,0,"1",975,"D",130,"D",.,"A",1950,"D",450,"D",.,"A",.,"A",845,"D",0,"D",.,"A",.,"A",.,"A",.,"A"
"20161","03173794",30,0,"1",650,"D",130,"D",130,"D",650,"D",0,"D",.,"A",.,"A",520,"D",0,"D",.,"A",.,"A",.,"A",.,"A"
"20161","03173804",25,0,"1",1820,"D",455,"D",.,"A",260,"D",0,"D",.,"A",.,"A",1365,"D",0,"D",.,"A",.,"A",.,"A",.,"A"
"20161","03173834",25,0,"1",1560,"D",325,"D",.,"A",650,"D",0,"D",.,"A",.,"A",1235,"D",60,"D",70,"D",910,"D",.,"A",.,"A"
"20161","03173864",24,0,"1",1625,"D",260,"D",.,"A",325,"D",0,"D",.,"A",.,"A",1365,"D",0,"D",.,"A",.,"A",.,"A",.,"A"
"20161","03173874",92,0,"1",780,"D",156,"D",.,"A",390,"D",0,"D",.,"A",.,"A",624,"D",0,"D",.,"A",.,"A",.,"A",.,"A"
"20161","03173884",30,0,"1",1950,"D",325,"D",.,"A",1430,"D",0,"D",.,"A",.,"A",1625,"D",0,"D",.,"A",.,"A",.,"A",.,"A"
"20161","03173934",26,0,"1",2600,"D",260,"D",.,"A",0,"D",0,"D",.,"A",.,"A",2340,"D",0,"D",.,"A",.,"A",.,"A",.,"A"
"20161","03173964",22,0,"1",650,"D",39,"D",.,"A",260,"D",0,"D",.,"A",.,"A",611,"D",0,"D",.,"A",.,"A",.,"A",.,"A"
"20161","03173974",31,0,"1",780,"D",65,"D",.,"A",455,"D",0,"D",.,"A",.,"A",715,"D",0,"D",.,"A",.,"A",.,"A",.,"A"
"20161","03173984",11,0,"1",520,"D",182,"D",.,"A",0,"D",0,"D",.,"A",.,"A",338,"D",0,"D",.,"A",.,"A",.,"A",.,"A"
"20161","03174034",64,0,"1",1560,"D",520,"D",260,"D",390,"D",0,"D",.,"A",.,"A",1040,"D",36,"D",.,"A",.,"A",.,"A",.,"A"
"20161","03174064",40,0,"1",780,"D",0,"D",780,"D",260,"D",60,"D",.,"A",.,"A",780,"D",0,"D",110,"D",1430,"D",.,"A",.,"A"
"20161","03174074",38,0,"1",2600,"D",650,"D",.,"A",650,"D",0,"D",.,"A",900,"D",1950,"D",0,"D",.,"A",.,"A",.,"A",.,"A"
"20161","03184643",60,0,"1",715,"D",195,"D",39,"D",260,"D",0,"D",.,"A",.,"A",520,"D",0,"D",.,"A",.,"A",.,"A",.,"A"
"20161","03184663",53,0,"1",2275,"D",260,"D",.,"A",130,"D",60,"D",.,"A",.,"A",2015,"D",0,"D",30,"D",390,"D",.,"A",.,"A"
"20161","03184673",25,0,"1",520,"D",65,"D",.,"A",65,"D",0,"D",.,"A",.,"A",455,"D",0,"D",.,"A",.,"A",.,"A",.,"A"
"20161","03184683",54,0,"1",975,"D",390,"D",975,"D",1625,"D",120,"D",.,"A",.,"A",585,"D",300,"D",.,"A",.,"A",.,"A",.,"A"
"20161","03184703",35,0,"1",1300,"D",242,"F",1300,"D",783,"F",0,"D",.,"A",.,"A",812,"F",0,"D",.,"A",.,"A",.,"A",.,"A"
"20161","03184723",55,0,"1",975,"D",65,"D",.,"A",650,"D",0,"D",.,"A",.,"A",910,"D",0,"D",.,"A",.,"A",.,"A",.,"A"
"20161","03184733",27,0,"1",1300,"D",325,"D",.,"A",130,"D",0,"D",.,"A",.,"A",975,"D",0,"D",.,"A",.,"A",.,"A",.,"A"
"20161","03184753",24,0,"1",1300,"D",260,"D",.,"A",455,"D",0,"D",.,"A",.,"A",1040,"D",45,"D",.,"A",.,"A",.,"A",.,"A"
"20161","03184773",33,0,"1",650,"D",195,"D",260,"D",260,"D",120,"D",225,"D",.,"A",455,"D",60,"D",.,"A",.,"A",.,"A",.,"A"
"20161","03184783",39,0,"1",780,"D",260,"D",.,"A",520,"D",0,"D",.,"A",.,"A",520,"D",90,"D",.,"A",.,"A",.,"A",.,"A"
"20161","03184793",10,0,"1",1040,"D",0,"D",.,"A",0,"D",0,"D",.,"A",.,"A",1040,"D",0,"D",.,"A",.,"A",.,"A",.,"A"
"20161","03184803",31,0,"1",819,"D",262,"F",.,"A",780,"D",60,"D",.,"A",.,"A",834,"F",120,"D",.,"A",.,"A",.,"A",.,"A"
"20161","03184813",43,0,"1",650,"D",26,"D",.,"A",65,"D",0,"D",.,"A",.,"A",624,"D",0,"D",.,"A",.,"A",.,"A",.,"A"
"20161","03184853",40,0,"1",1300,"D",130,"D",.,"A",195,"D",0,"D",.,"A",.,"A",1170,"D",45,"D",18,"D",234,"D",.,"A",.,"A"
"20161","03184863",39,0,"1",2600,"D",650,"D",.,"A",520,"D",0,"D",.,"A",5,"D",1950,"D",0,"D",.,"A",.,"A",.,"A",.,"A"
"20161","03184873",47,0,"1",2080,"D",520,"D",.,"A",780,"D",180,"D",.,"A",.,"A",1560,"D",390,"D",.,"A",.,"A",.,"A",.,"A"
"20161","03184883",16,0,"1",1300,"D",130,"D",.,"A",260,"D",0,"D",.,"A",.,"A",1170,"D",0,"D",20,"D",260,"D",.,"A",.,"A"
"20161","03184923",71,0,"1",975,"D",195,"D",.,"A",650,"D",24,"D",.,"A",153,"F",780,"D",30,"D",.,"A",.,"A",.,"A",.,"A"
"20161","03184983",72,0,"1",2600,"D",780,"D",.,"A",1300,"D",0,"D",.,"A",.,"A",1820,"D",60,"D",.,"A",.,"A",.,"A",.,"A"
"20161","03185003",46,0,"1",1300,"D",130,"D",.,"A",0,"D",0,"D",.,"A",.,"A",1170,"D",225,"D",.,"A",.,"A",.,"A",.,"A"
"20161","03185013",47,0,"1",2275,"D",0,"D",91,"D",1170,"D",0,"D",.,"A",.,"A",2275,"D",0,"D",.,"A",.,"A",.,"A",.,"A"
"20161","03185033",33,0,"1",390,"D",260,"D",.,"A",260,"D",0,"D",.,"A",.,"A",130,"D",0,"D",.,"A",.,"A",.,"A",.,"A"
"20161","03185043",43,0,"1",1040,"D",390,"D",.,"A",390,"D",90,"D",.,"A",.,"A",650,"D",33,"D",.,"A",.,"A",.,"A",.,"A"
"20161","03185053",66,0,"1",2600,"D",1300,"D",.,"A",0,"D",0,"D",.,"A",.,"A",1300,"D",0,"D",.,"A",.,"A",.,"A",.,"A"
"20161","03185093",51,0,"1",1950,"D",325,"D",.,"A",650,"D",150,"D",.,"A",.,"A",1625,"D",150,"D",.,"A",.,"A",.,"A",.,"A"
"20161","03185133",32,0,"1",715,"D",130,"D",.,"A",169,"D",0,"D",.,"A",.,"A",585,"D",0,"D",.,"A",.,"A",.,"A",.,"A"
"20161","03185143",38,0,"1",2210,"D",325,"D",.,"A",650,"D",0,"D",.,"A",.,"A",1885,"D",45,"D",.,"A",.,"A",.,"A",.,"A"
"20161","03185183",35,0,"1",1300,"D",390,"D",.,"A",650,"D",121,"F",.,"A",.,"A",910,"D",450,"D",.,"A",.,"A",.,"A",.,"A"
"20161","03185203",27,0,"1",1170,"D",130,"D",.,"A",1300,"D",0,"D",.,"A",.,"A",1040,"D",150,"D",.,"A",.,"A",.,"A",.,"A"
"20161","03185213",46,0,"1",1300,"D",325,"D",.,"A",260,"D",30,"D",.,"A",.,"A",975,"D",45,"D",.,"A",.,"A",.,"A",.,"A"
"20161","03185223",12,0,"1",1300,"D",0,"D",.,"A",1040,"D",1200,"D",.,"A",.,"A",1300,"D",1200,"D",.,"A",.,"A",.,"A",.,"A"
"20161","03185233",49,0,"1",2600,"D",325,"D",.,"A",0,"D",0,"D",.,"A",234,"D",2275,"D",30,"D",.,"A",.,"A",.,"A",.,"A"
"20161","03185293",41,0,"1",1950,"D",65,"D",91,"D",91,"D",0,"D",.,"A",.,"A",1885,"D",9,"D",60,"D",780,"D",.,"A",.,"A"
"20161","03185333",32,0,"1",1300,"D",416,"F",.,"A",390,"D",0,"D",.,"A",.,"A",1449,"F",0,"D",.,"A",.,"A",.,"A",.,"A"
"20161","03185353",35,0,"1",1040,"D",260,"D",130,"D",0,"D",0,"D",.,"A",.,"A",780,"D",360,"D",10,"D",130,"D",.,"A",.,"A"
"20161","03185373",7,0,"1",130,"D",26,"D",.,"A",520,"D",0,"D",.,"A",.,"A",104,"D",0,"D",20,"D",260,"D",.,"A",.,"A"
"20161","03185383",16,0,"1",975,"D",195,"D",.,"A",780,"D",0,"D",.,"A",.,"A",780,"D",0,"D",.,"A",.,"A",.,"A",.,"A"
"20161","03185423",50,0,"1",1950,"D",455,"D",.,"A",195,"D",0,"D",.,"A",.,"A",1495,"D",0,"D",.,"A",.,"A",.,"A",.,"A"
"20161","03185453",42,0,"1",1625,"D",325,"D",.,"A",325,"D",0,"D",.,"A",.,"A",1300,"D",9,"D",.,"A",.,"A",.,"A",.,"A"
"20161","03185473",16,0,"1",1300,"D",340,"F",.,"A",495,"F",0,"D",.,"A",.,"A",1458,"F",0,"D",.,"A",.,"A",.,"A",.,"A"
"20161","03185483",51,0,"1",1950,"D",325,"D",780,"D",520,"D",0,"D",.,"A",.,"A",1625,"D",0,"D",.,"A",.,"A",.,"A",.,"A"
"20161","03185493",16,0,"1",1300,"D",328,"F",.,"A",818,"F",0,"D",.,"A",.,"A",1330,"F",0,"D",.,"A",.,"A",.,"A",.,"A"
"20161","03185503",40,0,"1",715,"D",195,"D",.,"A",260,"D",0,"D",.,"A",.,"A",520,"D",30,"D",.,"A",.,"A",.,"A",.,"A"
"20161","03185513",32,0,"1",780,"D",130,"D",.,"A",325,"D",0,"D",.,"A",.,"A",650,"D",81,"D",.,"A",.,"A",.,"A",.,"A"
"20161","03185533",31,0,"1",1300,"D",39,"D",.,"A",0,"D",0,"D",.,"A",.,"A",1261,"D",0,"D",20,"D",260,"D",.,"A",.,"A"
"20161","03185543",46,0,"1",1690,"D",260,"D",.,"A",1950,"D",0,"D",.,"A",.,"A",1430,"D",0,"D",.,"A",.,"A",.,"A",.,"A"
"20161","03185553",21,0,"1",975,"D",195,"D",.,"A",260,"D",0,"D",.,"A",.,"A",780,"D",0,"D",.,"A",.,"A",.,"A",.,"A"
"20161","03185573",12,0,"1",1300,"D",260,"D",.,"A",0,"D",0,"D",.,"A",.,"A",1040,"D",15,"D",.,"A",.,"A",.,"A",.,"A"
"20161","03185593",29,0,"1",1625,"D",325,"D",.,"A",0,"D",0,"D",.,"A",.,"A",1300,"D",0,"D",.,"A",.,"A",.,"A",.,"A"
"20161","03185613",37,0,"1",1950,"D",1300,"D",.,"A",390,"D",90,"D",.,"A",.,"A",650,"D",0,"D",.,"A",.,"A",.,"A",.,"A"
"20161","03185623",31,0,"1",975,"D",325,"D",.,"A",520,"D",0,"D",.,"A",.,"A",650,"D",0,"D",.,"A",.,"A",.,"A",.,"A"
"20161","03185633",25,0,"1",780,"D",26,"D",195,"D",195,"D",21,"D",.,"A",.,"A",754,"D",30,"D",.,"A",.,"A",.,"A",.,"A"
"20161","03185643",46,0,"1",650,"D",130,"D",.,"A",1690,"D",120,"D",.,"A",.,"A",520,"D",120,"D",.,"A",.,"A",.,"A",.,"A"
"20161","03185653",15,0,"1",325,"D",65,"D",.,"A",260,"D",90,"D",.,"A",.,"A",260,"D",120,"D",.,"A",.,"A",.,"A",.,"A"
"20161","03185663",32,0,"1",1300,"D",520,"D",.,"A",650,"D",0,"D",.,"A",.,"A",780,"D",0,"D",.,"A",.,"A",.,"A",.,"A"
"20161","03185704",57,0,"1",1950,"D",0,"D",.,"A",260,"D",75,"D",.,"A",.,"A",1950,"D",60,"D",.,"A",.,"A",.,"A",.,"A"
"20161","03185713",7,0,"1",883,"F",.,"A",.,"A",534,"F",158,"F",.,"A",.,"A",721,"F",124,"F",.,"A",.,"A",.,"A",.,"A"
"20161","03185723",30,0,"1",3575,"D",325,"D",.,"A",650,"D",0,"D",.,"A",.,"A",3250,"D",75,"D",.,"A",.,"A",.,"A",.,"A"
"20161","03185743",34,0,"1",1300,"D",65,"D",.,"A",0,"D",0,"D",.,"A",.,"A",1235,"D",0,"D",.,"A",.,"A",.,"A",.,"A"
"20161","03185763",37,0,"1",1300,"D",195,"D",.,"A",975,"D",0,"D",.,"A",.,"A",1105,"D",60,"D",.,"A",.,"A",.,"A",.,"A"
"20161","03185843",16,0,"1",1300,"D",390,"D",.,"A",260,"D",0,"D",.,"A",.,"A",910,"D",0,"D",.,"A",.,"A",.,"A",.,"A"
"20161","03185853",17,0,"1",520,"D",195,"D",195,"D",0,"D",0,"D",.,"A",.,"A",325,"D",15,"D",.,"A",.,"A",.,"A",.,"A"
"20161","03185893",30,0,"1",2275,"D",325,"D",.,"A",975,"D",0,"D",.,"A",.,"A",1950,"D",0,"D",.,"A",.,"A",.,"A",.,"A"
"20161","03185913",45,0,"1",1300,"D",260,"D",.,"A",130,"D",0,"D",.,"A",6,"D",1040,"D",30,"D",.,"A",.,"A",.,"A",.,"A"
"20161","03185973",43,0,"1",325,"D",0,"D",.,"A",26,"D",15,"D",.,"A",.,"A",325,"D",15,"D",.,"A",.,"A",.,"A",.,"A"
"20161","03185983",11,0,"1",1040,"D",0,"D",390,"D",0,"D",0,"D",.,"A",.,"A",1040,"D",0,"D",.,"A",.,"A",.,"A",.,"A"
"20161","03186023",71,0,"1",780,"D",0,"D",.,"A",2080,"D",90,"D",.,"A",.,"A",780,"D",120,"D",.,"A",.,"A",.,"A",.,"A"
"20161","03186043",23,0,"1",1040,"D",260,"D",.,"A",0,"D",0,"D",.,"A",.,"A",780,"D",72,"D",12,"D",156,"D",.,"A",.,"A"
"20161","03186053",30,0,"1",1950,"D",650,"D",.,"A",1300,"D",0,"D",.,"A",.,"A",1300,"D",0,"D",.,"A",.,"A",.,"A",.,"A"
"20161","03186093",78,0,"1",1831,"F",.,"A",.,"A",390,"D",0,"D",.,"A",.,"A",1478,"F",690,"D",.,"A",.,"A",195,"D",15,"D"
"20161","03186103",45,0,"1",975,"D",130,"D",.,"A",299,"D",0,"D",.,"A",.,"A",845,"D",0,"D",21,"D",273,"D",.,"A",.,"A"
"20161","03186113",31,0,"1",3900,"D",3900,"D",.,"A",0,"D",6,"D",.,"A",.,"A",0,"D",6,"D",.,"A",.,"A",.,"A",.,"A"
"20161","03186123",52,0,"1",3900,"D",780,"D",.,"A",780,"D",0,"D",.,"A",.,"A",3120,"D",0,"D",.,"A",.,"A",.,"A",.,"A"
"20161","03186173",40,0,"1",780,"D",130,"D",.,"A",1950,"D",600,"D",.,"A",.,"A",650,"D",300,"D",.,"A",.,"A",.,"A",.,"A"
"20161","03186213",43,0,"1",2275,"D",390,"D",.,"A",455,"D",36,"D",.,"A",.,"A",1885,"D",0,"D",45,"D",585,"D",104,"D",8,"D"
"20161","03186233",49,0,"1",1430,"D",203,"F",.,"A",0,"D",0,"D",.,"A",.,"A",708,"F",300,"D",.,"A",.,"A",.,"A",.,"A"
"20161","03186243",19,0,"1",494,"D",0,"D",.,"A",0,"D",0,"D",.,"A",.,"A",494,"D",0,"D",.,"A",.,"A",.,"A",.,"A"
"20161","03186293",105,0,"1",1651,"D",0,"D",.,"A",650,"D",0,"D",.,"A",.,"A",1651,"D",0,"D",.,"A",.,"A",.,"A",.,"A"
"20161","03186313",43,0,"1",650,"D",65,"D",.,"A",130,"D",0,"D",.,"A",.,"A",585,"D",0,"D",35,"D",455,"D",.,"A",.,"A"
"20161","03186343",21,0,"1",1300,"D",325,"D",.,"A",390,"D",0,"D",.,"A",.,"A",975,"D",0,"D",.,"A",.,"A",.,"A",.,"A"
"20161","03186373",24,0,"1",520,"D",130,"D",.,"A",260,"D",30,"D",.,"A",.,"A",390,"D",90,"D",.,"A",.,"A",.,"A",.,"A"
"20161","03186393",14,0,"1",1300,"D",325,"D",.,"A",260,"D",0,"D",.,"A",.,"A",975,"D",75,"D",.,"A",.,"A",.,"A",.,"A"
"20161","03186403",29,0,"1",975,"D",130,"D",.,"A",260,"D",45,"D",.,"A",.,"A",845,"D",120,"D",.,"A",.,"A",.,"A",.,"A"
"20161","03186413",23,0,"1",1560,"D",260,"D",.,"A",0,"D",0,"D",.,"A",.,"A",1300,"D",0,"D",.,"A",.,"A",.,"A",.,"A"
"20161","03186443",38,0,"1",1040,"D",91,"D",.,"A",195,"D",0,"D",.,"A",.,"A",949,"D",0,"D",.,"A",.,"A",.,"A",.,"A"
"20161","03186473",31,0,"1",195,"D",130,"D",.,"A",0,"D",0,"D",.,"A",.,"A",65,"D",0,"D",.,"A",.,"A",.,"A",.,"A"
"20161","03186503",33,0,"1",1300,"D",325,"D",26,"D",0,"D",0,"D",.,"A",.,"A",975,"D",75,"D",50,"D",650,"D",.,"A",.,"A"
"20161","03186513",61,0,"1",650,"D",156,"D",130,"D",195,"D",0,"D",.,"A",75,"D",494,"D",0,"D",.,"A",.,"A",.,"A",.,"A"
"20161","03186523",41,0,"1",1430,"D",520,"D",.,"A",455,"D",0,"D",.,"A",.,"A",910,"D",0,"D",.,"A",.,"A",.,"A",.,"A"
"20161","03186563",12,0,"1",1625,"D",260,"D",.,"A",0,"D",0,"D",.,"A",.,"A",1365,"D",0,"D",.,"A",.,"A",.,"A",.,"A"
"20161","03186583",39,0,"1",975,"D",117,"D",.,"A",130,"D",0,"D",.,"A",.,"A",858,"D",0,"D",.,"A",.,"A",.,"A",.,"A"
"20161","03186593",38,0,"1",1950,"D",650,"D",65,"D",0,"D",300,"D",.,"A",.,"A",1300,"D",75,"D",.,"A",.,"A",.,"A",.,"A"
"20161","03186613",10,0,"1",1950,"D",390,"D",.,"A",0,"D",0,"D",.,"A",.,"A",1560,"D",0,"D",.,"A",.,"A",.,"A",.,"A"
"20161","03186673",14,0,"1",260,"D",0,"D",.,"A",130,"D",0,"D",.,"A",.,"A",260,"D",0,"D",.,"A",.,"A",.,"A",.,"A"
"20161","03186693",34,0,"1",1300,"D",325,"D",.,"A",1300,"D",150,"D",.,"A",.,"A",975,"D",60,"D",.,"A",.,"A",.,"A",.,"A"
"20161","03186703",10,0,"1",1300,"D",65,"D",.,"A",0,"D",0,"D",.,"A",.,"A",1235,"D",0,"D",.,"A",.,"A",.,"A",.,"A"
"20161","03186713",52,0,"1",2275,"D",325,"D",.,"A",1300,"D",60,"D",.,"A",.,"A",1950,"D",300,"D",.,"A",.,"A",.,"A",.,"A"
"20161","03186723",28,0,"1",650,"D",130,"D",.,"A",325,"D",120,"D",.,"A",.,"A",520,"D",150,"D",.,"A",.,"A",.,"A",.,"A"
"20161","03186733",45,0,"1",1300,"D",195,"D",.,"A",130,"D",0,"D",.,"A",.,"A",1105,"D",0,"D",.,"A",.,"A",.,"A",.,"A"
"20161","03186773",64,0,"1",1560,"D",260,"D",.,"A",390,"D",0,"D",.,"A",.,"A",1300,"D",0,"D",.,"A",.,"A",.,"A",.,"A"
"20161","03186813",42,0,"1",455,"D",0,"D",455,"D",585,"D",0,"D",.,"A",.,"A",455,"D",180,"D",.,"A",.,"A",.,"A",.,"A"
"20161","03186833",28,0,"1",1430,"D",260,"D",.,"A",325,"D",0,"D",.,"A",.,"A",1170,"D",150,"D",.,"A",.,"A",195,"D",15,"D"
"20161","03186843",34,0,"1",1820,"D",260,"D",.,"A",455,"D",0,"D",.,"A",.,"A",1560,"D",0,"D",.,"A",.,"A",.,"A",.,"A"
"20161","03186873",16,0,"1",1170,"D",195,"D",325,"D",910,"D",0,"D",.,"A",.,"A",975,"D",0,"D",.,"A",.,"A",.,"A",.,"A"
"20161","03186893",19,0,"1",0,"D",.,"A",.,"A",0,"D",0,"D",.,"A",.,"A",0,"D",0,"D",.,"A",.,"A",.,"A",.,"A"
"20161","03186913",68,0,"1",2600,"D",650,"D",.,"A",910,"D",0,"D",.,"A",.,"A",1950,"D",36,"D",.,"A",.,"A",.,"A",.,"A"
"20161","03186923",33,0,"1",1950,"D",650,"D",1300,"D",1625,"D",0,"D",.,"A",.,"A",1300,"D",0,"D",.,"A",.,"A",.,"A",.,"A"
"20161","03186933",36,0,"1",1820,"D",520,"D",.,"A",650,"D",0,"D",.,"A",.,"A",1300,"D",0,"D",.,"A",.,"A",.,"A",.,"A"
"20161","03186943",48,0,"1",1170,"D",390,"D",65,"D",780,"D",0,"D",.,"A",.,"A",780,"D",0,"D",.,"A",.,"A",.,"A",.,"A"
"20161","03186963",28,0,"1",2600,"D",650,"D",.,"A",650,"D",0,"D",.,"A",.,"A",1950,"D",0,"D",.,"A",.,"A",.,"A",.,"A"
"20161","03186973",27,0,"1",520,"D",65,"D",.,"A",0,"D",0,"D",.,"A",.,"A",455,"D",0,"D",.,"A",.,"A",.,"A",.,"A"
"20161","03186993",17,0,"1",390,"D",0,"D",.,"A",130,"D",0,"D",.,"A",.,"A",390,"D",0,"D",.,"A",.,"A",.,"A",.,"A"
"20161","03187003",86,0,"1",2600,"D",0,"D",.,"A",2600,"D",450,"D",.,"A",.,"A",2600,"D",450,"D",.,"A",.,"A",.,"A",.,"A"
"20161","03187013",42,0,"1",975,"D",91,"D",.,"A",325,"D",0,"D",.,"A",.,"A",884,"D",75,"D",.,"A",.,"A",.,"A",.,"A"
"20161","03187023",40,0,"1",1950,"D",260,"D",.,"A",1950,"D",0,"D",.,"A",.,"A",1690,"D",30,"D",.,"A",.,"A",.,"A",.,"A"
"20161","03187043",63,0,"1",1430,"D",195,"D",.,"A",156,"D",21,"D",.,"A",.,"A",1235,"D",51,"D",.,"A",.,"A",.,"A",.,"A"
"20161","03187063",45,0,"1",1378,"D",455,"D",.,"A",1300,"D",165,"D",.,"A",.,"A",923,"D",240,"D",.,"A",.,"A",.,"A",.,"A"
"20161","03187073",28,0,"1",650,"D",130,"D",.,"A",195,"D",60,"D",.,"A",.,"A",520,"D",60,"D",.,"A",.,"A",.,"A",.,"A"
"20161","03187103",44,0,"1",3900,"D",0,"D",.,"A",650,"D",6,"D",.,"A",66,"D",3900,"D",6,"D",.,"A",.,"A",.,"A",.,"A"
"20161","03187143",32,0,"1",1950,"D",390,"D",.,"A",390,"D",0,"D",.,"A",.,"A",1560,"D",0,"D",.,"A",.,"A",.,"A",.,"A"
"20161","03187173",34,0,"1",1235,"D",325,"D",.,"A",260,"D",0,"D",.,"A",.,"A",910,"D",150,"D",.,"A",.,"A",.,"A",.,"A"
"20161","03187233",56,0,"1",1950,"D",260,"D",.,"A",195,"D",45,"D",.,"A",.,"A",1690,"D",510,"D",.,"A",.,"A",.,"A",.,"A"
"20161","03187253",14,0,"1",910,"D",130,"D",130,"D",260,"D",0,"D",.,"A",.,"A",780,"D",0,"D",.,"A",.,"A",.,"A",.,"A"
"20161","03187303",23,0,"1",455,"D",65,"D",.,"A",130,"D",120,"D",.,"A",.,"A",390,"D",96,"D",.,"A",.,"A",91,"D",7,"D"
"20161","03187313",12,0,"1",780,"D",195,"D",.,"A",390,"D",0,"D",.,"A",.,"A",585,"D",0,"D",.,"A",.,"A",.,"A",.,"A"
"20161","03187343",42,0,"1",2600,"D",650,"D",.,"A",1300,"D",300,"D",.,"A",.,"A",1950,"D",600,"D",.,"A",.,"A",.,"A",.,"A"
"20161","03187363",24,0,"1",390,"D",0,"D",.,"A",0,"D",0,"D",.,"A",.,"A",390,"D",600,"D",.,"A",.,"A",.,"A",.,"A"
"20161","03187373",35,0,"1",1560,"D",364,"D",65,"D",78,"D",0,"D",.,"A",.,"A",1196,"D",60,"D",70,"D",910,"D",.,"A",.,"A"
"20161","03187383",25,0,"1",1300,"D",0,"D",650,"D",1300,"D",0,"D",.,"A",.,"A",1300,"D",60,"D",.,"A",.,"A",.,"A",.,"A"
"20161","03187393",23,0,"1",390,"D",65,"D",.,"A",0,"D",0,"D",.,"A",.,"A",325,"D",0,"D",.,"A",.,"A",.,"A",.,"A"
"20161","03187403",19,0,"1",975,"D",130,"D",.,"A",325,"D",0,"D",.,"A",.,"A",845,"D",90,"D",.,"A",.,"A",.,"A",.,"A"
"20161","03187433",23,0,"1",520,"D",65,"D",.,"A",260,"D",60,"D",.,"A",.,"A",455,"D",60,"D",.,"A",.,"A",.,"A",.,"A"
"20161","03187443",51,0,"1",2275,"D",520,"D",.,"A",1625,"D",0,"D",.,"A",528,"D",1755,"D",45,"D",.,"A",.,"A",.,"A",.,"A"
"20161","03187453",28,0,"1",1950,"D",260,"D",.,"A",780,"D",0,"D",.,"A",.,"A",1690,"D",0,"D",.,"A",.,"A",.,"A",.,"A"
"20161","03187463",21,0,"1",650,"D",130,"D",.,"A",0,"D",0,"D",.,"A",.,"A",520,"D",0,"D",50,"D",650,"D",.,"A",.,"A"
"20161","03187523",26,0,"1",1560,"D",195,"D",.,"A",650,"D",36,"D",.,"A",.,"A",1365,"D",420,"D",24,"D",312,"D",.,"A",.,"A"
"20161","03187553",77,0,"1",2600,"D",0,"D",.,"A",1300,"D",0,"D",.,"A",.,"A",2600,"D",0,"D",.,"A",.,"A",.,"A",.,"A"
"20161","03187563",22,0,"1",2600,"D",325,"D",.,"A",975,"D",0,"D",.,"A",.,"A",2275,"D",0,"D",.,"A",.,"A",.,"A",.,"A"
"20161","03187573",16,0,"1",1300,"D",130,"D",.,"A",325,"D",0,"D",.,"A",.,"A",1170,"D",36,"D",25,"D",325,"D",.,"A",.,"A"
"20161","03187603",41,0,"1",780,"D",130,"D",.,"A",780,"D",0,"D",.,"A",.,"A",650,"D",0,"D",.,"A",.,"A",.,"A",.,"A"
"20161","03187643",37,0,"1",1300,"D",260,"D",.,"A",520,"D",120,"D",.,"A",.,"A",1040,"D",0,"D",.,"A",.,"A",.,"A",.,"A"
"20161","03187663",29,0,"1",650,"D",130,"D",.,"A",390,"D",0,"D",.,"A",.,"A",520,"D",0,"D",.,"A",.,"A",.,"A",.,"A"
"20161","03187673",31,0,"1",650,"D",195,"D",.,"A",0,"D",0,"D",.,"A",.,"A",455,"D",60,"D",.,"A",.,"A",206,"F",.,"C"
"20161","03187683",17,0,"1",1950,"D",650,"D",.,"A",1625,"D",0,"D",.,"A",.,"A",1300,"D",0,"D",.,"A",.,"A",.,"A",.,"A"
"20161","03187703",29,0,"1",975,"D",780,"D",390,"D",195,"D",0,"D",.,"A",.,"A",195,"D",90,"D",72,"D",936,"D",.,"A",.,"A"
"20161","03187783",36,0,"1",975,"D",130,"D",.,"A",390,"D",0,"D",.,"A",.,"A",845,"D",0,"D",.,"A",.,"A",.,"A",.,"A"
"20161","03187803",24,0,"1",390,"D",65,"D",.,"A",130,"D",0,"D",.,"A",.,"A",325,"D",0,"D",5,"D",65,"D",.,"A",.,"A"
"20161","03187813",43,0,"1",455,"D",0,"D",.,"A",390,"D",0,"D",.,"A",.,"A",455,"D",45,"D",40,"D",520,"D",.,"A",.,"A"
"20161","03187843",36,0,"1",3380,"D",325,"D",.,"A",455,"D",0,"D",.,"A",.,"A",3055,"D",0,"D",.,"A",.,"A",.,"A",.,"A"
"20161","03187873",48,0,"1",1300,"D",390,"D",.,"A",845,"D",150,"D",.,"A",.,"A",910,"D",150,"D",42,"D",546,"D",.,"A",.,"A"
"20161","03187893",25,0,"1",2600,"D",390,"D",.,"A",1300,"D",0,"D",.,"A",.,"A",2210,"D",300,"D",25,"D",325,"D",.,"A",.,"A"
"20161","03187903",55,0,"1",1950,"D",455,"D",195,"D",1040,"D",0,"D",.,"A",.,"A",1495,"D",120,"D",.,"A",.,"A",.,"A",.,"A"
"20161","03187923",48,0,"1",2600,"D",130,"D",.,"A",650,"D",0,"D",.,"A",.,"A",2470,"D",60,"D",.,"A",.,"A",.,"A",.,"A"
"20161","03187953",68,0,"1",910,"D",195,"D",390,"D",195,"D",60,"D",.,"A",.,"A",715,"D",0,"D",70,"D",910,"D",.,"A",.,"A"
"20161","03187963",17,0,"1",845,"D",195,"D",.,"A",130,"D",0,"D",.,"A",.,"A",650,"D",0,"D",15,"D",195,"D",.,"A",.,"A"
"20161","03187973",48,0,"1",1625,"D",104,"D",.,"A",1300,"D",30,"D",.,"A",.,"A",1521,"D",3,"D",.,"A",.,"A",.,"A",.,"A"
"20161","03187993",56,0,"1",1950,"D",325,"D",260,"D",1950,"D",150,"D",.,"A",10,"D",1625,"D",75,"D",.,"A",.,"A",.,"A",.,"A"
"20161","03188003",38,0,"1",780,"D",0,"D",.,"A",195,"D",0,"D",.,"A",.,"A",780,"D",0,"D",.,"A",.,"A",.,"A",.,"A"
"20161","03188033",33,0,"1",325,"D",65,"D",.,"A",260,"D",75,"D",.,"A",.,"A",260,"D",60,"D",.,"A",.,"A",.,"A",.,"A"
"20161","03188063",68,0,"1",1625,"D",325,"D",.,"A",1300,"D",120,"D",.,"A",.,"A",1300,"D",240,"D",.,"A",.,"A",.,"A",.,"A"
"20161","03188073",46,0,"1",6500,"D",325,"D",.,"A",3900,"D",0,"D",.,"A",.,"A",6175,"D",0,"D",.,"A",.,"A",.,"A",.,"A"
"20161","03188103",26,0,"1",1300,"D",325,"D",.,"A",325,"D",0,"D",.,"A",.,"A",975,"D",75,"D",.,"A",.,"A",.,"A",.,"A"
"20161","03188113",67,0,"1",2340,"D",650,"D",65,"D",325,"D",0,"D",.,"A",180,"D",1690,"D",0,"D",.,"A",.,"A",.,"A",.,"A"
"20161","03188143",13,0,"1",1040,"D",130,"D",.,"A",650,"D",0,"D",.,"A",.,"A",910,"D",0,"D",.,"A",.,"A",.,"A",.,"A"
"20161","03188163",25,0,"1",1560,"D",325,"D",130,"D",0,"D",0,"D",.,"A",.,"A",1235,"D",60,"D",50,"D",650,"D",.,"A",.,"A"
"20161","03188173",47,0,"1",1300,"D",325,"D",.,"A",325,"D",180,"D",.,"A",.,"A",975,"D",240,"D",.,"A",.,"A",.,"A",.,"A"
"20161","03188213",27,0,"1",2600,"D",650,"D",.,"A",520,"D",120,"D",.,"A",.,"A",1950,"D",300,"D",.,"A",.,"A",.,"A",.,"A"
"20161","03188233",23,0,"1",910,"D",130,"D",.,"A",0,"D",0,"D",.,"A",.,"A",780,"D",0,"D",.,"A",.,"A",.,"A",.,"A"
"20161","03188263",19,0,"1",455,"D",0,"D",.,"A",0,"D",0,"D",.,"A",.,"A",455,"D",0,"D",.,"A",.,"A",.,"A",.,"A"
"20161","03188293",47,0,"1",2600,"D",195,"D",.,"A",520,"D",0,"D",.,"A",.,"A",2405,"D",0,"D",100,"D",1300,"D",.,"A",.,"A"
"20161","03188323",28,0,"1",520,"D",65,"D",.,"A",39,"D",0,"D",.,"A",.,"A",455,"D",0,"D",16,"D",208,"D",.,"A",.,"A"
"20161","03188333",40,0,"1",1300,"D",130,"D",.,"A",0,"D",180,"D",.,"A",.,"A",1170,"D",360,"D",.,"A",.,"A",.,"A",.,"A"
"20161","03188353",59,0,"1",1040,"D",130,"D",156,"D",507,"D",0,"D",.,"A",.,"A",910,"D",0,"D",25,"D",325,"D",65,"D",5,"D"
"20161","03188363",39,0,"1",1300,"D",325,"D",650,"D",520,"D",375,"D",.,"A",.,"A",975,"D",270,"D",.,"A",.,"A",.,"A",.,"A"
"20161","03188383",17,0,"1",1300,"D",390,"D",.,"A",0,"D",0,"D",.,"A",.,"A",910,"D",0,"D",.,"A",.,"A",.,"A",.,"A"
"20161","03188393",27,0,"1",883,"F",.,"A",.,"A",0,"D",0,"D",.,"A",.,"A",708,"F",0,"D",.,"A",.,"A",130,"D",10,"D"
"20161","03188403",36,0,"1",1950,"D",390,"D",.,"A",0,"D",0,"D",.,"A",.,"A",1560,"D",150,"D",.,"A",.,"A",.,"A",.,"A"
"20161","03188423",25,0,"1",1300,"D",325,"D",.,"A",130,"D",0,"D",.,"A",.,"A",975,"D",0,"D",.,"A",.,"A",.,"A",.,"A"
"20161","03188433",26,0,"1",520,"D",328,"F",.,"A",0,"D",0,"D",.,"A",.,"A",1330,"F",0,"D",37,"D",481,"D",.,"A",.,"A"
"20161","03188483",32,0,"1",1040,"D",0,"D",.,"A",650,"D",0,"D",.,"A",.,"A",1040,"D",0,"D",.,"A",.,"A",.,"A",.,"A"
"20161","03188493",19,0,"1",260,"D",65,"D",.,"A",195,"D",0,"D",.,"A",.,"A",195,"D",15,"D",.,"A",.,"A",.,"A",.,"A"
"20161","03188513",33,0,"1",611,"D",195,"D",.,"A",130,"D",297,"D",.,"A",.,"A",416,"D",0,"D",.,"A",.,"A",.,"A",.,"A"
"20161","03188523",16,0,"1",1300,"D",260,"D",.,"A",260,"D",0,"D",.,"A",.,"A",1040,"D",0,"D",.,"A",.,"A",.,"A",.,"A"
"20161","03188543",53,0,"1",1950,"D",260,"D",.,"A",1300,"D",0,"D",.,"A",70,"D",1690,"D",0,"D",.,"A",.,"A",.,"A",.,"A"
"20161","03188563",41,0,"1",1040,"D",650,"D",.,"A",1560,"D",0,"D",.,"A",.,"A",390,"D",30,"D",.,"A",.,"A",.,"A",.,"A"
"20161","03188613",50,0,"1",2158,"D",0,"D",.,"A",494,"D",0,"D",.,"A",51,"D",2158,"D",0,"D",.,"A",.,"A",.,"A",.,"A"
"20161","03188633",12,0,"1",390,"D",26,"D",.,"A",260,"D",6,"D",.,"A",.,"A",364,"D",0,"D",5,"D",65,"D",.,"A",.,"A"
"20161","03188663",76,0,"1",2860,"D",260,"D",.,"A",390,"D",0,"D",.,"A",.,"A",2600,"D",90,"D",.,"A",.,"A",.,"A",.,"A"
"20161","03188683",18,0,"1",845,"D",260,"D",.,"A",0,"D",0,"D",.,"A",.,"A",585,"D",6,"D",.,"A",.,"A",.,"A",.,"A"
"20161","03188703",64,0,"1",1040,"D",390,"D",.,"A",780,"D",120,"D",.,"A",.,"A",650,"D",120,"D",.,"A",.,"A",.,"A",.,"A"
"20161","03188753",42,0,"1",2340,"D",260,"D",.,"A",325,"D",0,"D",.,"A",.,"A",2080,"D",0,"D",49,"D",637,"D",.,"A",.,"A"
"20161","03188783",39,0,"1",520,"D",0,"D",.,"A",0,"D",0,"D",.,"A",.,"A",520,"D",0,"D",.,"A",.,"A",.,"A",.,"A"
"20161","03188793",42,0,"1",1105,"D",130,"D",.,"A",130,"D",0,"D",.,"A",.,"A",975,"D",30,"D",.,"A",.,"A",.,"A",.,"A"
"20161","03188823",12,0,"1",0,"D",.,"A",.,"A",0,"D",0,"D",.,"A",.,"A",0,"D",0,"D",.,"A",.,"A",.,"A",.,"A"
"20161","03188863",48,0,"1",1560,"D",260,"D",.,"A",390,"D",0,"D",.,"A",.,"A",1300,"D",90,"D",20,"D",260,"D",.,"A",.,"A"
"20161","03188873",43,0,"1",910,"D",130,"D",325,"D",585,"D",0,"D",.,"A",.,"A",780,"D",0,"D",.,"A",.,"A",.,"A",.,"A"
"20161","03188883",32,0,"1",130,"D",130,"D",.,"A",91,"D",0,"D",.,"A",.,"A",0,"D",0,"D",.,"A",.,"A",.,"A",.,"A"
"20161","03188903",25,0,"1",1755,"D",130,"D",.,"A",0,"D",0,"D",.,"A",.,"A",1625,"D",0,"D",.,"A",.,"A",.,"A",.,"A"
"20161","03188913",33,0,"1",1950,"D",390,"D",.,"A",0,"D",0,"D",.,"A",165,"D",1560,"D",0,"D",15,"D",195,"D",.,"A",.,"A"
"20161","03188963",23,0,"1",845,"D",325,"D",.,"A",325,"D",0,"D",.,"A",.,"A",520,"D",240,"D",.,"A",.,"A",.,"A",.,"A"
"20161","03189003",31,0,"1",3250,"D",1625,"D",.,"A",2600,"D",90,"D",.,"A",.,"A",1625,"D",130,"F",.,"A",.,"A",.,"A",.,"A"
"20161","03189013",21,0,"1",650,"D",65,"D",.,"A",0,"D",0,"D",.,"A",.,"A",585,"D",0,"D",.,"A",.,"A",.,"A",.,"A"
"20161","03189033",72,0,"1",1950,"D",650,"D",.,"A",390,"D",45,"D",.,"A",150,"D",1300,"D",30,"D",.,"A",.,"A",.,"A",.,"A"
"20161","03189043",46,0,"1",910,"D",260,"D",.,"A",52,"D",0,"D",.,"A",.,"A",650,"D",0,"D",.,"A",.,"A",.,"A",.,"A"
"20161","03189053",23,0,"1",2275,"D",260,"D",.,"A",650,"D",0,"D",.,"A",.,"A",2015,"D",60,"D",.,"A",.,"A",.,"A",.,"A"
"20161","03189073",59,0,"1",3250,"D",260,"D",910,"D",390,"D",0,"D",.,"A",.,"A",2990,"D",30,"D",.,"A",.,"A",.,"A",.,"A"
"20161","03189083",49,0,"1",2925,"D",325,"D",.,"A",0,"D",0,"D",.,"A",146,"D",2600,"D",60,"D",5,"D",65,"D",.,"A",.,"A"
"20161","03189103",23,0,"1",2600,"D",650,"D",.,"A",0,"D",0,"D",.,"A",.,"A",1950,"D",0,"D",50,"D",650,"D",.,"A",.,"A"
"20161","03189133",72,0,"1",975,"D",325,"D",.,"A",390,"D",90,"D",.,"A",.,"A",650,"D",108,"D",.,"A",.,"A",.,"A",.,"A"
"20161","03189143",29,0,"1",2730,"D",1040,"D",.,"A",0,"D",0,"D",.,"A",.,"A",1690,"D",18,"D",20,"D",260,"D",.,"A",.,"A"
"20161","03189153",82,0,"1",2600,"D",520,"D",.,"A",3250,"D",360,"D",.,"A",.,"A",2080,"D",90,"D",.,"A",.,"A",.,"A",.,"A"
"20161","03189173",38,0,"1",2210,"D",406,"F",.,"A",0,"D",0,"D",195,"D",.,"A",1649,"F",0,"D",.,"A",.,"A",.,"A",.,"A"
"20161","03189213",20,0,"1",780,"D",260,"D",.,"A",0,"D",0,"D",.,"A",.,"A",520,"D",0,"D",.,"A",.,"A",.,"A",.,"A"
"20161","03189263",59,0,"1",1300,"D",260,"D",130,"D",975,"D",51,"D",.,"A",.,"A",1040,"D",60,"D",.,"A",.,"A",.,"A",.,"A"
"20161","03189273",21,0,"1",2600,"D",325,"D",.,"A",975,"D",75,"D",.,"A",.,"A",2275,"D",75,"D",.,"A",.,"A",.,"A",.,"A"
"20161","03189283",15,0,"1",650,"D",0,"D",130,"D",130,"D",0,"D",.,"A",.,"A",650,"D",0,"D",.,"A",.,"A",.,"A",.,"A"
"20161","03189293",15,0,"1",1131,"D",260,"D",.,"A",260,"D",0,"D",.,"A",.,"A",871,"D",0,"D",.,"A",.,"A",.,"A",.,"A"
"20161","03189303",29,0,"1",520,"D",65,"D",.,"A",390,"D",0,"D",.,"A",.,"A",455,"D",0,"D",.,"A",.,"A",.,"A",.,"A"
"20161","03189313",20,0,"1",975,"D",130,"D",.,"A",0,"D",0,"D",.,"A",.,"A",845,"D",0,"D",.,"A",.,"A",.,"A",.,"A"
"20161","03189333",18,0,"1",910,"D",195,"D",390,"D",650,"D",0,"D",.,"A",.,"A",715,"D",0,"D",.,"A",.,"A",.,"A",.,"A"
"20161","03189343",25,0,"1",2600,"D",260,"D",.,"A",520,"D",30,"D",.,"A",.,"A",2340,"D",270,"D",.,"A",.,"A",.,"A",.,"A"
"20161","03189373",36,0,"1",3900,"D",650,"D",.,"A",0,"D",0,"D",.,"A",.,"A",3250,"D",0,"D",50,"D",650,"D",260,"D",20,"D"
"20161","03189393",75,0,"1",1300,"D",260,"D",.,"A",1300,"D",0,"D",.,"A",.,"A",1040,"D",90,"D",.,"A",.,"A",.,"A",.,"A"
"20161","03189403",66,0,"1",1625,"D",0,"D",.,"A",1950,"D",121,"F",.,"A",.,"A",1625,"D",75,"D",.,"A",.,"A",.,"A",.,"A"
"20161","03189423",55,0,"1",702,"D",302,"F",.,"A",0,"D",0,"D",.,"A",.,"A",1110,"F",0,"D",.,"A",.,"A",.,"A",.,"A"
"20161","03189433",25,0,"1",975,"D",104,"D",.,"A",0,"D",0,"D",.,"A",.,"A",871,"D",0,"D",.,"A",.,"A",.,"A",.,"A"
"20161","03189443",31,0,"1",1040,"D",260,"D",.,"A",520,"D",0,"D",650,"D",240,"D",780,"D",0,"D",.,"A",.,"A",.,"A",.,"A"
"20161","03189503",17,0,"1",585,"D",0,"D",.,"A",0,"D",6,"D",.,"A",.,"A",585,"D",6,"D",.,"A",.,"A",.,"A",.,"A"
"20161","03189553",68,0,"1",1300,"D",325,"D",.,"A",975,"D",0,"D",.,"A",.,"A",975,"D",0,"D",.,"A",.,"A",.,"A",.,"A"
"20161","03189563",49,0,"1",5200,"D",1300,"D",.,"A",650,"D",150,"D",.,"A",.,"A",3900,"D",210,"D",.,"A",.,"A",.,"A",.,"A"
"20161","03189583",35,0,"1",1560,"D",0,"D",.,"A",1040,"D",0,"D",.,"A",.,"A",1560,"D",60,"D",.,"A",.,"A",195,"D",15,"D"
"20161","03189593",62,0,"1",1950,"D",520,"D",.,"A",65,"D",0,"D",.,"A",263,"F",1430,"D",0,"D",.,"A",.,"A",.,"A",.,"A"
"20161","03189623",45,0,"1",3900,"D",325,"D",.,"A",650,"D",0,"D",.,"A",.,"A",3575,"D",0,"D",.,"A",.,"A",.,"A",.,"A"
"20161","03189633",34,0,"1",1690,"D",195,"D",.,"A",650,"D",0,"D",.,"A",.,"A",1495,"D",0,"D",.,"A",.,"A",.,"A",.,"A"
"20161","03189673",15,0,"1",650,"D",65,"D",.,"A",585,"D",0,"D",.,"A",.,"A",585,"D",0,"D",.,"A",.,"A",.,"A",.,"A"
"20161","03189693",120,0,"1",1755,"D",260,"D",65,"D",676,"D",36,"D",.,"A",.,"A",1495,"D",1080,"D",.,"A",.,"A",13,"D",1,"D"
"20161","03189713",26,0,"1",650,"D",0,"D",.,"A",1300,"D",24,"D",.,"A",.,"A",650,"D",0,"D",.,"A",.,"A",.,"A",.,"A"
"20161","03189763",25,0,"1",910,"D",260,"D",.,"A",91,"D",0,"D",.,"A",.,"A",650,"D",90,"D",.,"A",.,"A",.,"A",.,"A"
"20161","03189773",37,0,"1",845,"D",325,"D",390,"D",845,"D",0,"D",.,"A",.,"A",520,"D",0,"D",.,"A",.,"A",.,"A",.,"A"
"20161","03189793",28,0,"1",390,"D",65,"D",130,"D",0,"D",0,"D",.,"A",.,"A",325,"D",60,"D",.,"A",.,"A",.,"A",.,"A"
"20161","03189824",29,0,"1",2600,"D",260,"D",.,"A",351,"D",0,"D",.,"A",120,"D",2340,"D",0,"D",.,"A",.,"A",.,"A",.,"A"
"20161","03189833",33,0,"1",1820,"D",325,"D",.,"A",650,"D",0,"D",.,"A",.,"A",1495,"D",150,"D",20,"D",260,"D",.,"A",.,"A"
"20161","03189843",10,0,"1",910,"D",195,"D",.,"A",130,"D",0,"D",.,"A",.,"A",715,"D",0,"D",.,"A",.,"A",.,"A",.,"A"
"20161","03189853",17,0,"1",260,"D",0,"D",.,"A",0,"D",6,"D",.,"A",.,"A",260,"D",6,"D",.,"A",.,"A",.,"A",.,"A"
"20161","03189893",18,0,"1",650,"D",130,"D",.,"A",0,"D",0,"D",.,"A",.,"A",520,"D",60,"D",50,"D",650,"D",.,"A",.,"A"
"20161","03189923",62,0,"1",1625,"D",520,"D",260,"D",390,"D",0,"D",.,"A",100,"D",1105,"D",0,"D",.,"A",.,"A",.,"A",.,"A"
"20161","03189933",24,0,"1",455,"D",117,"D",.,"A",156,"D",0,"D",.,"A",.,"A",338,"D",0,"D",.,"A",.,"A",.,"A",.,"A"
"20161","03189963",35,0,"1",1820,"D",650,"D",.,"A",390,"D",121,"F",.,"A",.,"A",1170,"D",75,"D",.,"A",.,"A",.,"A",.,"A"
"20161","03190023",34,0,"1",1950,"D",325,"D",.,"A",520,"D",0,"D",.,"A",.,"A",1625,"D",0,"D",.,"A",.,"A",.,"A",.,"A"
"20161","03190053",10,0,"1",390,"D",39,"D",.,"A",325,"D",0,"D",.,"A",.,"A",351,"D",0,"D",.,"A",.,"A",.,"A",.,"A"
"20161","03190103",45,0,"1",1300,"D",260,"D",.,"A",260,"D",0,"D",.,"A",.,"A",1040,"D",0,"D",.,"A",.,"A",.,"A",.,"A"
"20161","03190123",40,0,"1",988,"D",39,"D",.,"A",169,"D",0,"D",.,"A",.,"A",949,"D",0,"D",.,"A",.,"A",.,"A",.,"A"
"20161","03190153",34,0,"1",1950,"D",130,"D",.,"A",650,"D",0,"D",.,"A",200,"D",1820,"D",0,"D",.,"A",.,"A",.,"A",.,"A"
"20161","03190163",56,0,"1",3250,"D",1040,"D",26,"D",455,"D",0,"D",.,"A",.,"A",2210,"D",0,"D",42,"D",546,"D",.,"A",.,"A"
"20161","03190183",45,0,"1",1300,"D",260,"D",.,"A",260,"D",30,"D",.,"A",38,"D",1040,"D",90,"D",.,"A",.,"A",.,"A",.,"A"
"20161","03190193",13,0,"1",1560,"D",260,"D",.,"A",0,"D",0,"D",.,"A",.,"A",1300,"D",0,"D",.,"A",.,"A",.,"A",.,"A"
"20161","03190213",43,0,"1",1690,"D",260,"D",195,"D",780,"D",240,"D",.,"A",.,"A",1430,"D",120,"D",.,"A",.,"A",.,"A",.,"A"
"20161","03190233",21,0,"1",325,"D",65,"D",.,"A",650,"D",0,"D",.,"A",.,"A",260,"D",0,"D",.,"A",.,"A",.,"A",.,"A"
"20161","03190243",31,0,"1",585,"D",130,"D",130,"D",0,"D",0,"D",.,"A",.,"A",455,"D",0,"D",20,"D",260,"D",.,"A",.,"A"
"20161","03190253",49,0,"1",1950,"D",520,"D",78,"D",2080,"D",48,"D",.,"A",.,"A",1430,"D",300,"D",26,"D",338,"D",.,"A",.,"A"
"20161","03190274",27,0,"1",650,"D",195,"D",.,"A",650,"D",90,"D",.,"A",.,"A",455,"D",90,"D",45,"D",585,"D",.,"A",.,"A"
"20161","03190283",36,0,"1",2275,"D",390,"D",.,"A",130,"D",0,"D",.,"A",.,"A",1885,"D",45,"D",.,"A",.,"A",.,"A",.,"A"
"20161","03190333",20,0,"1",1950,"D",390,"D",.,"A",1040,"D",300,"D",.,"A",.,"A",1560,"D",300,"D",.,"A",.,"A",.,"A",.,"A"
"20161","03190373",11,0,"1",1040,"D",104,"D",.,"A",260,"D",0,"D",.,"A",.,"A",936,"D",0,"D",.,"A",.,"A",130,"D",10,"D"
"20161","03190413",43,0,"1",520,"D",130,"D",.,"A",260,"D",0,"D",.,"A",.,"A",390,"D",0,"D",.,"A",.,"A",.,"A",.,"A"
"20161","03190433",23,0,"1",650,"D",195,"D",.,"A",0,"D",0,"D",.,"A",.,"A",455,"D",0,"D",15,"D",195,"D",.,"A",.,"A"
"20161","03190443",111,0,"1",3250,"D",325,"D",382,"F",455,"D",60,"D",.,"A",153,"F",2925,"D",175,"F",.,"A",.,"A",.,"A",.,"A"
"20161","03190453",29,0,"1",650,"D",65,"D",.,"A",0,"D",0,"D",.,"A",.,"A",585,"D",0,"D",.,"A",.,"A",.,"A",.,"A"
"20161","03190473",22,0,"1",1040,"D",130,"D",.,"A",520,"D",0,"D",.,"A",.,"A",910,"D",0,"D",.,"A",.,"A",.,"A",.,"A"
"20161","03190503",28,0,"1",156,"D",156,"D",.,"A",130,"D",0,"D",.,"A",.,"A",0,"D",0,"D",.,"A",.,"A",.,"A",.,"A"
"20161","03190513",24,0,"1",1300,"D",195,"D",.,"A",650,"D",0,"D",.,"A",.,"A",1105,"D",0,"D",.,"A",.,"A",.,"A",.,"A"
"20161","03190523",19,0,"1",650,"D",195,"D",.,"A",390,"D",0,"D",.,"A",.,"A",455,"D",0,"D",.,"A",.,"A",.,"A",.,"A"
"20161","03190533",16,0,"1",1625,"D",325,"D",65,"D",260,"D",0,"D",.,"A",.,"A",1300,"D",0,"D",.,"A",.,"A",.,"A",.,"A"
"20161","03190553",33,0,"1",1950,"D",195,"D",.,"A",650,"D",6,"D",.,"A",150,"D",1755,"D",6,"D",.,"A",.,"A",.,"A",.,"A"
"20161","03190563",40,0,"1",2600,"D",650,"D",.,"A",1300,"D",150,"D",.,"A",.,"A",1950,"D",0,"D",.,"A",.,"A",.,"A",.,"A"
"20161","03190593",71,0,"1",1820,"D",585,"D",.,"A",1040,"D",0,"D",.,"A",550,"D",1235,"D",210,"D",30,"D",390,"D",.,"A",.,"A"
"20161","03190603",71,0,"1",2600,"D",130,"D",.,"A",195,"D",30,"D",.,"A",.,"A",2470,"D",0,"D",.,"A",.,"A",.,"A",.,"A"
"20161","03190623",61,0,"1",910,"D",130,"D",.,"A",650,"D",360,"D",.,"A",.,"A",780,"D",0,"D",.,"A",.,"A",.,"A",.,"A"
"20161","03190653",15,0,"1",1690,"D",130,"D",.,"A",195,"D",0,"D",.,"A",.,"A",1560,"D",0,"D",45,"D",585,"D",.,"A",.,"A"
"20161","03190673",47,0,"1",3900,"D",260,"D",1300,"D",650,"D",0,"D",.,"A",.,"A",3640,"D",150,"D",.,"A",.,"A",.,"A",.,"A"
"20161","03190684",18,0,"1",1560,"D",520,"D",.,"A",0,"D",0,"D",.,"A",.,"A",1040,"D",90,"D",.,"A",.,"A",.,"A",.,"A"
"20161","03190703",48,0,"1",3900,"D",1300,"D",.,"A",1300,"D",0,"D",.,"A",.,"A",2600,"D",300,"D",.,"A",.,"A",.,"A",.,"A"
"20161","03190713",37,0,"1",1950,"D",650,"D",.,"A",325,"D",0,"D",.,"A",.,"A",1300,"D",0,"D",.,"A",.,"A",.,"A",.,"A"
"20161","03190733",38,0,"1",910,"D",195,"D",.,"A",195,"D",0,"D",.,"A",.,"A",715,"D",0,"D",.,"A",.,"A",.,"A",.,"A"
"20161","03190743",13,0,"1",5850,"D",4550,"D",.,"A",1950,"D",750,"D",.,"A",.,"A",1300,"D",300,"D",.,"A",.,"A",.,"A",.,"A"
"20161","03190763",29,0,"1",1950,"D",325,"D",.,"A",650,"D",0,"D",.,"A",.,"A",1625,"D",0,"D",.,"A",.,"A",.,"A",.,"A"
"20161","03190773",45,0,"1",3900,"D",650,"D",130,"D",650,"D",0,"D",.,"A",.,"A",3250,"D",225,"D",.,"A",.,"A",.,"A",.,"A"
"20161","03190783",31,0,"1",2015,"D",403,"D",.,"A",1430,"D",0,"D",.,"A",.,"A",1612,"D",0,"D",35,"D",455,"D",.,"A",.,"A"
"20161","03190823",28,0,"1",1300,"D",130,"D",.,"A",650,"D",0,"D",.,"A",250,"D",1170,"D",0,"D",.,"A",.,"A",.,"A",.,"A"
"20161","03190843",36,0,"1",585,"D",325,"D",.,"A",1105,"D",60,"D",.,"A",.,"A",260,"D",30,"D",.,"A",.,"A",.,"A",.,"A"
"20161","03190853",18,0,"1",910,"D",260,"D",.,"A",325,"D",0,"D",.,"A",.,"A",650,"D",0,"D",.,"A",.,"A",.,"A",.,"A"
"20161","03190873",77,0,"1",1625,"D",650,"D",130,"D",1300,"D",30,"D",.,"A",.,"A",975,"D",0,"D",.,"A",.,"A",.,"A",.,"A"
"20161","03190883",17,0,"1",1300,"D",0,"D",.,"A",130,"D",0,"D",.,"A",.,"A",1300,"D",0,"D",.,"A",.,"A",.,"A",.,"A"
"20161","03190893",46,0,"1",390,"D",65,"D",.,"A",130,"D",0,"D",.,"A",.,"A",325,"D",0,"D",.,"A",.,"A",.,"A",.,"A"
"20161","03190923",38,0,"1",520,"D",260,"D",.,"A",2600,"D",0,"D",.,"A",.,"A",260,"D",0,"D",.,"A",.,"A",.,"A",.,"A"
"20161","03190933",21,0,"1",650,"D",65,"D",.,"A",650,"D",0,"D",.,"A",.,"A",585,"D",0,"D",.,"A",.,"A",.,"A",.,"A"
"20161","03190943",32,0,"1",2600,"D",390,"D",.,"A",1300,"D",300,"D",.,"A",.,"A",2210,"D",720,"D",21,"D",273,"D",.,"A",.,"A"
"20161","03190963",34,0,"1",0,"D",.,"A",260,"D",195,"D",0,"D",.,"A",.,"A",0,"D",60,"D",.,"A",.,"A",.,"A",.,"A"
"20161","03190973",57,0,"1",325,"D",0,"D",.,"A",78,"D",30,"D",.,"A",.,"A",325,"D",60,"D",.,"A",.,"A",.,"A",.,"A"
"20161","03190993",21,0,"1",2275,"D",260,"D",.,"A",1040,"D",0,"D",.,"A",.,"A",2015,"D",60,"D",.,"A",.,"A",.,"A",.,"A"
"20161","03191003",31,0,"1",910,"D",130,"D",.,"A",65,"D",0,"D",.,"A",.,"A",780,"D",0,"D",.,"A",.,"A",.,"A",.,"A"
"20161","03191043",53,0,"1",1820,"D",390,"D",.,"A",390,"D",60,"D",163,"D",.,"A",1430,"D",90,"D",.,"A",.,"A",.,"A",.,"A"
"20161","03191063",28,0,"1",455,"D",325,"D",.,"A",130,"D",0,"D",.,"A",.,"A",130,"D",6,"D",.,"A",.,"A",.,"A",.,"A"
"20161","03191073",41,0,"1",1950,"D",325,"D",.,"A",390,"D",75,"D",.,"A",.,"A",1625,"D",24,"D",.,"A",.,"A",390,"D",30,"D"
"20161","03191083",25,0,"1",715,"D",0,"D",.,"A",325,"D",60,"D",.,"A",.,"A",715,"D",90,"D",.,"A",.,"A",.,"A",.,"A"
"20161","03191093",33,0,"1",2275,"D",780,"D",.,"A",975,"D",0,"D",.,"A",15,"D",1495,"D",0,"D",55,"D",715,"D",130,"D",10,"D"
"20161","03191133",65,0,"1",2600,"D",780,"D",.,"A",1300,"D",0,"D",.,"A",80,"D",1820,"D",0,"D",.,"A",.,"A",.,"A",.,"A"
"20161","03191143",26,0,"1",1300,"D",195,"D",.,"A",390,"D",0,"D",.,"A",.,"A",1105,"D",0,"D",.,"A",.,"A",.,"A",.,"A"
"20161","03191173",30,0,"1",1105,"D",130,"D",.,"A",390,"D",0,"D",.,"A",.,"A",975,"D",0,"D",.,"A",.,"A",.,"A",.,"A"
"20161","03191183",10,0,"1",520,"D",26,"D",.,"A",0,"D",6,"D",.,"A",.,"A",494,"D",6,"D",.,"A",.,"A",.,"A",.,"A"
"20161","03191193",15,0,"1",520,"D",65,"D",.,"A",1300,"D",0,"D",.,"A",.,"A",455,"D",150,"D",.,"A",.,"A",.,"A",.,"A"
"20161","03191223",23,0,"1",1040,"D",65,"D",.,"A",780,"D",0,"D",.,"A",.,"A",975,"D",0,"D",.,"A",.,"A",.,"A",.,"A"
"20161","03191243",16,0,"1",1625,"D",0,"D",.,"A",260,"D",0,"D",.,"A",.,"A",1625,"D",0,"D",14,"D",182,"D",.,"A",.,"A"
"20161","03191253",16,0,"1",1300,"D",65,"D",.,"A",260,"D",0,"D",.,"A",.,"A",1235,"D",0,"D",.,"A",.,"A",.,"A",.,"A"
"20161","03191263",58,0,"1",2600,"D",520,"D",.,"A",390,"D",0,"D",.,"A",.,"A",2080,"D",0,"D",.,"A",.,"A",.,"A",.,"A"
"20161","03191283",26,0,"1",1300,"D",130,"D",.,"A",0,"D",0,"D",.,"A",.,"A",1170,"D",60,"D",40,"D",520,"D",.,"A",.,"A"
"20161","03191293",27,0,"1",1300,"D",455,"D",.,"A",1950,"D",0,"D",.,"A",.,"A",845,"D",0,"D",.,"A",.,"A",.,"A",.,"A"
"20161","03191303",17,0,"1",910,"D",0,"D",130,"D",0,"D",0,"D",.,"A",.,"A",910,"D",0,"D",.,"A",.,"A",.,"A",.,"A"
"20161","03191333",14,0,"1",650,"D",156,"D",.,"A",325,"D",121,"F",.,"A",.,"A",494,"D",0,"D",.,"A",.,"A",.,"A",.,"A"
"20161","03191383",35,0,"1",2600,"D",650,"D",.,"A",260,"D",0,"D",.,"A",.,"A",1950,"D",0,"D",.,"A",.,"A",.,"A",.,"A"
"20161","03191393",57,0,"1",1300,"D",0,"D",650,"D",650,"D",240,"D",.,"A",.,"A",1300,"D",0,"D",.,"A",.,"A",195,"D",15,"D"
"20161","03191403",36,0,"1",1950,"D",0,"D",.,"A",325,"D",0,"D",.,"A",.,"A",1950,"D",0,"D",.,"A",.,"A",.,"A",.,"A"
"20161","03191423",40,0,"1",1300,"D",130,"D",195,"D",975,"D",60,"D",.,"A",.,"A",1170,"D",0,"D",.,"A",.,"A",.,"A",.,"A"
"20161","03191463",56,0,"1",910,"D",260,"D",.,"A",1950,"D",450,"D",.,"A",.,"A",650,"D",1200,"D",.,"A",.,"A",.,"A",.,"A"
"20161","03191483",21,0,"1",1300,"D",260,"D",.,"A",0,"D",6,"D",.,"A",.,"A",1040,"D",6,"D",.,"A",.,"A",.,"A",.,"A"
"20161","03191503",23,0,"1",1645,"F",.,"A",.,"A",0,"D",0,"D",.,"A",.,"A",1330,"F",0,"D",.,"A",.,"A",.,"A",.,"A"
"20161","03191513",38,0,"1",130,"D",0,"D",.,"A",325,"D",0,"D",.,"A",.,"A",130,"D",0,"D",49,"D",637,"D",.,"A",.,"A"
"20161","03191533",12,0,"1",910,"D",325,"D",.,"A",0,"D",0,"D",.,"A",.,"A",585,"D",0,"D",.,"A",.,"A",.,"A",.,"A"
"20161","03191543",19,0,"1",260,"D",65,"D",.,"A",26,"D",0,"D",.,"A",.,"A",195,"D",0,"D",.,"A",.,"A",.,"A",.,"A"
"20161","03191553",22,0,"1",650,"D",65,"D",.,"A",3640,"D",150,"D",.,"A",.,"A",585,"D",210,"D",.,"A",.,"A",.,"A",.,"A"
"20161","03191563",20,0,"1",910,"D",91,"D",130,"D",650,"D",123,"F",.,"A",.,"A",819,"D",60,"D",.,"A",.,"A",.,"A",.,"A"
"20161","03191573",24,0,"1",1300,"D",260,"D",.,"A",390,"D",0,"D",.,"A",.,"A",1040,"D",0,"D",35,"D",455,"D",.,"A",.,"A"
"20161","03191603",30,0,"1",1560,"D",520,"D",.,"A",1300,"D",0,"D",.,"A",.,"A",1040,"D",0,"D",.,"A",.,"A",.,"A",.,"A"
"20161","03191613",12,0,"1",650,"D",0,"D",.,"A",0,"D",0,"D",.,"A",.,"A",650,"D",0,"D",6,"D",78,"D",.,"A",.,"A"
"20161","03191633",25,0,"1",1915,"F",.,"A",.,"A",521,"F",107,"F",.,"A",.,"A",1615,"F",89,"F",25,"D",325,"D",.,"A",.,"A"
"20161","03191643",42,0,"1",2275,"D",325,"D",.,"A",650,"D",0,"D",.,"A",.,"A",1950,"D",90,"D",.,"A",.,"A",.,"A",.,"A"
"20161","03191653",24,0,"1",975,"D",156,"D",.,"A",0,"D",0,"D",.,"A",.,"A",819,"D",0,"D",.,"A",.,"A",.,"A",.,"A"
"20161","03191663",48,0,"1",1950,"D",390,"D",.,"A",1300,"D",0,"D",.,"A",.,"A",1560,"D",0,"D",.,"A",.,"A",.,"A",.,"A"
"20161","03191683",15,0,"1",1300,"D",130,"D",.,"A",0,"D",0,"D",.,"A",.,"A",1170,"D",0,"D",.,"A",.,"A",.,"A",.,"A"
"20161","03191693",10,0,"1",0,"D",.,"A",.,"A",0,"D",0,"D",.,"A",.,"A",0,"D",0,"D",.,"A",.,"A",.,"A",.,"A"
"20161","03191713",50,0,"1",1300,"D",130,"D",.,"A",260,"D",0,"D",.,"A",.,"A",1170,"D",0,"D",.,"A",.,"A",.,"A",.,"A"
"20161","03191733",12,0,"1",0,"D",.,"A",.,"A",26,"D",0,"D",.,"A",.,"A",0,"D",0,"D",.,"A",.,"A",.,"A",.,"A"
"20161","03191743",34,0,"1",2600,"D",325,"D",.,"A",650,"D",0,"D",.,"A",.,"A",2275,"D",0,"D",.,"A",.,"A",.,"A",.,"A"
"20161","03191763",50,0,"1",975,"D",260,"D",.,"A",650,"D",0,"D",.,"A",.,"A",715,"D",0,"D",.,"A",.,"A",.,"A",.,"A"
"20161","03191773",41,0,"1",1625,"D",325,"D",.,"A",975,"D",0,"D",.,"A",.,"A",1300,"D",0,"D",.,"A",.,"A",.,"A",.,"A"
"20161","03191853",34,0,"1",1300,"D",260,"D",.,"A",390,"D",0,"D",.,"A",.,"A",1040,"D",0,"D",.,"A",.,"A",.,"A",.,"A"
"20161","03191873",70,0,"1",3900,"D",260,"D",.,"A",1040,"D",60,"D",.,"A",.,"A",3640,"D",360,"D",.,"A",.,"A",260,"D",20,"D"
"20161","03191883",43,0,"1",975,"D",260,"D",.,"A",1300,"D",1200,"D",.,"A",.,"A",715,"D",225,"D",.,"A",.,"A",.,"A",.,"A"
"20161","03191893",31,0,"1",1625,"D",260,"D",.,"A",0,"D",0,"D",.,"A",.,"A",1365,"D",0,"D",.,"A",.,"A",.,"A",.,"A"
"20161","03191903",14,0,"1",975,"D",260,"D",.,"A",520,"D",0,"D",.,"A",.,"A",715,"D",0,"D",.,"A",.,"A",.,"A",.,"A"
"20161","03191913",61,0,"1",3250,"D",455,"D",.,"A",1300,"D",150,"D",.,"A",.,"A",2795,"D",105,"D",.,"A",.,"A",.,"A",.,"A"
"20161","03191943",68,0,"1",3250,"D",325,"D",.,"A",1300,"D",0,"D",.,"A",390,"D",2925,"D",150,"D",.,"A",.,"A",.,"A",.,"A"
"20161","03191973",23,0,"1",2600,"D",650,"D",.,"A",0,"D",0,"D",.,"A",.,"A",1950,"D",60,"D",.,"A",.,"A",.,"A",.,"A"
"20161","03192003",54,0,"1",1625,"D",325,"D",.,"A",325,"D",0,"D",.,"A",.,"A",1300,"D",150,"D",.,"A",.,"A",.,"A",.,"A"
"20161","03192023",23,0,"1",1300,"D",130,"D",.,"A",0,"D",0,"D",.,"A",.,"A",1170,"D",0,"D",.,"A",.,"A",.,"A",.,"A"
"20161","03192053",21,0,"1",0,"D",.,"A",.,"A",325,"D",0,"D",.,"A",.,"A",0,"D",0,"D",.,"A",.,"A",.,"A",.,"A"
"20161","03192073",45,0,"1",1300,"D",650,"D",.,"A",520,"D",0,"D",.,"A",.,"A",650,"D",0,"D",.,"A",.,"A",.,"A",.,"A"
"20161","03192083",15,0,"1",1812,"F",.,"A",.,"A",648,"F",144,"F",.,"A",.,"A",1569,"F",183,"F",.,"A",.,"A",.,"A",.,"A"
"20161","03192113",34,0,"1",1365,"D",390,"D",.,"A",65,"D",0,"D",.,"A",.,"A",975,"D",0,"D",.,"A",.,"A",.,"A",.,"A"
"20161","03192123",19,0,"1",1950,"D",260,"D",.,"A",0,"D",0,"D",.,"A",.,"A",1690,"D",0,"D",.,"A",.,"A",.,"A",.,"A"
"20161","03192163",30,0,"1",1300,"D",130,"D",.,"A",650,"D",0,"D",.,"A",.,"A",1170,"D",0,"D",.,"A",.,"A",.,"A",.,"A"
"20161","03192193",32,0,"1",3250,"D",650,"D",.,"A",650,"D",0,"D",441,"F",300,"D",2600,"D",0,"D",20,"D",260,"D",.,"A",.,"A"
"20161","03192223",13,0,"1",975,"D",260,"D",.,"A",390,"D",0,"D",.,"A",.,"A",715,"D",0,"D",.,"A",.,"A",.,"A",.,"A"
"20161","03192233",9,0,"1",650,"D",130,"D",.,"A",1950,"D",0,"D",.,"A",.,"A",520,"D",0,"D",.,"A",.,"A",.,"A",.,"A"
"20161","03192243",9,0,"1",2600,"D",325,"D",.,"A",0,"D",0,"D",.,"A",.,"A",2275,"D",60,"D",19,"D",247,"D",.,"A",.,"A"
"20161","03192263",27,0,"1",1040,"D",192,"F",.,"A",0,"D",0,"D",.,"A",.,"A",721,"F",0,"D",.,"A",.,"A",.,"A",.,"A"
"20161","03192273",50,0,"1",1625,"D",260,"D",.,"A",1170,"D",0,"D",.,"A",.,"A",1365,"D",0,"D",15,"D",195,"D",.,"A",.,"A"
"20161","03192283",40,0,"1",3900,"D",390,"D",.,"A",780,"D",6,"D",.,"A",240,"D",3510,"D",6,"D",.,"A",.,"A",.,"A",.,"A"
"20161","03192293",45,0,"1",3250,"D",520,"D",.,"A",520,"D",150,"D",.,"A",.,"A",2730,"D",240,"D",.,"A",.,"A",.,"A",.,"A"
"20161","03192303",41,0,"1",1300,"D",130,"D",.,"A",650,"D",0,"D",.,"A",.,"A",1170,"D",0,"D",.,"A",.,"A",.,"A",.,"A"
"20161","03192353",25,0,"1",2600,"D",650,"D",.,"A",260,"D",0,"D",.,"A",.,"A",1950,"D",0,"D",.,"A",.,"A",.,"A",.,"A"
"20161","03192363",7,0,"1",650,"D",0,"D",.,"A",0,"D",0,"D",.,"A",.,"A",650,"D",0,"D",.,"A",.,"A",.,"A",.,"A"
"20161","03192403",39,0,"1",1040,"D",91,"D",.,"A",780,"D",0,"D",.,"A",.,"A",949,"D",60,"D",.,"A",.,"A",.,"A",.,"A"
"20161","03192413",12,0,"1",520,"D",0,"D",.,"A",0,"D",0,"D",.,"A",.,"A",520,"D",0,"D",.,"A",.,"A",.,"A",.,"A"
"20161","03192423",58,0,"1",1430,"D",130,"D",.,"A",260,"D",0,"D",.,"A",38,"D",1300,"D",0,"D",.,"A",.,"A",.,"A",.,"A"
"20161","03192433",32,0,"1",975,"D",130,"D",.,"A",325,"D",0,"D",.,"A",.,"A",845,"D",0,"D",.,"A",.,"A",.,"A",.,"A"
"20161","03192443",62,0,"1",1950,"D",260,"D",.,"A",1300,"D",0,"D",.,"A",.,"A",1690,"D",54,"D",8,"D",104,"D",.,"A",.,"A"
"20161","03192483",53,0,"1",1040,"D",130,"D",.,"A",260,"D",150,"D",.,"A",.,"A",910,"D",180,"D",.,"A",.,"A",.,"A",.,"A"
"20161","03192523",28,0,"1",975,"D",260,"D",.,"A",130,"D",0,"D",.,"A",.,"A",715,"D",6,"D",.,"A",.,"A",.,"A",.,"A"
"20161","03192553",22,0,"1",910,"D",325,"D",.,"A",0,"D",0,"D",.,"A",.,"A",585,"D",0,"D",20,"D",260,"D",.,"A",.,"A"
"20161","03192573",23,0,"1",2275,"D",260,"D",.,"A",0,"D",0,"D",.,"A",.,"A",2015,"D",60,"D",.,"A",.,"A",.,"A",.,"A"
"20161","03192593",39,0,"1",1300,"D",78,"D",.,"A",390,"D",0,"D",.,"A",.,"A",1222,"D",0,"D",.,"A",.,"A",.,"A",.,"A"
"20161","03192623",41,0,"1",7800,"D",650,"D",.,"A",1300,"D",0,"D",.,"A",.,"A",7150,"D",0,"D",.,"A",.,"A",.,"A",.,"A"
"20161","03192673",42,0,"1",1300,"D",130,"D",.,"A",2470,"D",0,"D",.,"A",.,"A",1170,"D",600,"D",.,"A",.,"A",.,"A",.,"A"
"20161","03192693",44,0,"1",3250,"D",455,"D",260,"D",650,"D",0,"D",.,"A",.,"A",2795,"D",150,"D",.,"A",.,"A",.,"A",.,"A"
"20161","03192723",35,0,"1",1622,"F",.,"A",.,"A",772,"F",0,"D",.,"A",.,"A",1293,"F",0,"D",.,"A",.,"A",.,"A",.,"A"
"20161","03192743",50,0,"1",1560,"D",390,"D",260,"D",975,"D",0,"D",.,"A",.,"A",1170,"D",0,"D",.,"A",.,"A",.,"A",.,"A"
"20161","03192793",44,0,"1",650,"D",0,"D",.,"A",195,"D",0,"D",.,"A",.,"A",650,"D",0,"D",.,"A",.,"A",.,"A",.,"A"
"20161","03192803",19,0,"1",3250,"D",585,"D",.,"A",975,"D",0,"D",.,"A",.,"A",2665,"D",0,"D",40,"D",520,"D",.,"A",.,"A"
"20161","03192823",56,0,"1",1300,"D",325,"D",.,"A",0,"D",0,"D",.,"A",.,"A",975,"D",0,"D",.,"A",.,"A",.,"A",.,"A"
"20161","03192833",41,0,"1",1625,"D",156,"D",.,"A",325,"D",0,"D",.,"A",.,"A",1469,"D",0,"D",.,"A",.,"A",.,"A",.,"A"
"20161","03192883",68,0,"1",3900,"D",1300,"D",.,"A",1300,"D",0,"D",.,"A",60,"D",2600,"D",0,"D",.,"A",.,"A",.,"A",.,"A"
"20161","03192913",55,0,"1",520,"D",203,"F",.,"A",130,"D",0,"D",.,"A",.,"A",708,"F",0,"D",.,"A",.,"A",.,"A",.,"A"
"20161","03192933",12,0,"1",390,"D",91,"D",.,"A",0,"D",0,"D",.,"A",.,"A",299,"D",0,"D",5,"D",65,"D",.,"A",.,"A"
"20161","03192973",64,0,"1",1300,"D",260,"D",.,"A",390,"D",60,"D",.,"A",.,"A",1040,"D",120,"D",.,"A",.,"A",.,"A",.,"A"
"20161","03193003",22,0,"1",1300,"D",260,"D",.,"A",260,"D",0,"D",.,"A",.,"A",1040,"D",0,"D",.,"A",.,"A",.,"A",.,"A"
"20161","03193023",35,0,"1",2080,"D",390,"D",390,"D",650,"D",0,"D",240,"D",.,"A",1690,"D",0,"D",.,"A",.,"A",.,"A",.,"A"
"20161","03193043",44,0,"1",1300,"D",260,"D",.,"A",650,"D",0,"D",.,"A",.,"A",1040,"D",0,"D",.,"A",.,"A",.,"A",.,"A"
"20161","03193053",39,0,"1",780,"D",130,"D",.,"A",130,"D",0,"D",.,"A",.,"A",650,"D",0,"D",.,"A",.,"A",.,"A",.,"A"
"20161","03193073",29,0,"1",1300,"D",260,"D",.,"A",390,"D",0,"D",.,"A",.,"A",1040,"D",0,"D",.,"A",.,"A",.,"A",.,"A"
"20161","03193083",21,0,"1",390,"D",130,"D",.,"A",1300,"D",0,"D",.,"A",.,"A",260,"D",90,"D",50,"D",650,"D",.,"A",.,"A"
"20161","03193103",22,0,"1",910,"D",130,"D",.,"A",260,"D",0,"D",.,"A",.,"A",780,"D",0,"D",.,"A",.,"A",.,"A",.,"A"
"20161","03193113",39,0,"1",3250,"D",975,"D",.,"A",260,"D",60,"D",.,"A",.,"A",2275,"D",60,"D",.,"A",.,"A",.,"A",.,"A"
"20161","03193133",44,0,"1",1300,"D",130,"D",.,"A",520,"D",0,"D",210,"D",.,"A",1170,"D",0,"D",.,"A",.,"A",.,"A",.,"A"
"20161","03193143",25,0,"1",650,"D",0,"D",.,"A",0,"D",0,"D",.,"A",.,"A",650,"D",45,"D",15,"D",195,"D",.,"A",.,"A"
"20161","03193153",29,0,"1",975,"D",0,"D",.,"A",650,"D",600,"D",.,"A",.,"A",975,"D",450,"D",.,"A",.,"A",.,"A",.,"A"
"20161","03193193",17,0,"1",1300,"D",260,"D",.,"A",0,"D",0,"D",.,"A",.,"A",1040,"D",0,"D",.,"A",.,"A",.,"A",.,"A"
"20161","03193213",32,0,"1",650,"D",260,"D",.,"A",130,"D",0,"D",.,"A",.,"A",390,"D",0,"D",.,"A",.,"A",.,"A",.,"A"
"20161","03193243",28,0,"1",1300,"D",195,"D",.,"A",130,"D",6,"D",.,"A",.,"A",1105,"D",6,"D",.,"A",.,"A",.,"A",.,"A"
"20161","03193263",51,0,"1",1131,"D",195,"D",.,"A",117,"D",0,"D",.,"A",.,"A",936,"D",90,"D",.,"A",.,"A",.,"A",.,"A"
"20161","03193283",16,0,"1",520,"D",130,"D",.,"A",0,"D",0,"D",.,"A",.,"A",390,"D",0,"D",.,"A",.,"A",.,"A",.,"A"
"20161","03193293",38,0,"1",1950,"D",0,"D",.,"A",520,"D",0,"D",.,"A",.,"A",1950,"D",36,"D",16,"D",208,"D",.,"A",.,"A"
"20161","03193313",60,0,"1",1690,"D",260,"D",.,"A",390,"D",0,"D",.,"A",.,"A",1430,"D",0,"D",.,"A",.,"A",.,"A",.,"A"
"20161","03193323",44,0,"1",650,"D",0,"D",.,"A",650,"D",225,"D",.,"A",.,"A",650,"D",75,"D",.,"A",.,"A",.,"A",.,"A"
"20161","03193333",12,0,"1",325,"D",130,"D",26,"D",65,"D",0,"D",.,"A",.,"A",195,"D",60,"D",.,"A",.,"A",.,"A",.,"A"
"20161","03193343",60,0,"1",2600,"D",234,"D",.,"A",1300,"D",0,"D",.,"A",.,"A",2366,"D",0,"D",.,"A",.,"A",.,"A",.,"A"
"20161","03193363",26,0,"1",975,"D",13,"D",.,"A",975,"D",0,"D",.,"A",.,"A",962,"D",0,"D",.,"A",.,"A",.,"A",.,"A"
"20161","03193403",44,0,"1",2600,"D",325,"D",.,"A",1300,"D",0,"D",.,"A",.,"A",2275,"D",150,"D",.,"A",.,"A",.,"A",.,"A"
"20161","03193433",34,0,"1",1300,"D",195,"D",.,"A",325,"D",0,"D",.,"A",.,"A",1105,"D",0,"D",.,"A",.,"A",.,"A",.,"A"
"20161","03193473",35,0,"1",1950,"D",325,"D",1040,"D",390,"D",30,"D",.,"A",.,"A",1625,"D",90,"D",.,"A",.,"A",.,"A",.,"A"
"20161","03193483",18,0,"1",2340,"D",650,"D",.,"A",1040,"D",300,"D",.,"A",.,"A",1690,"D",300,"D",50,"D",650,"D",.,"A",.,"A"
"20161","03193513",16,0,"1",1105,"D",130,"D",.,"A",325,"D",0,"D",.,"A",.,"A",975,"D",0,"D",.,"A",.,"A",.,"A",.,"A"
"20161","03193523",21,0,"1",9100,"D",390,"D",.,"A",1300,"D",0,"D",.,"A",.,"A",8710,"D",0,"D",.,"A",.,"A",.,"A",.,"A"
"20161","03193573",65,0,"1",2600,"D",390,"D",.,"A",390,"D",72,"D",.,"A",.,"A",2210,"D",96,"D",.,"A",.,"A",.,"A",.,"A"
"20161","03193593",29,0,"1",780,"D",130,"D",.,"A",975,"D",0,"D",.,"A",.,"A",650,"D",0,"D",.,"A",.,"A",.,"A",.,"A"
"20161","03193633",25,0,"1",650,"D",0,"D",.,"A",0,"D",0,"D",.,"A",.,"A",650,"D",60,"D",.,"A",.,"A",.,"A",.,"A"
"20161","03193643",24,0,"1",0,"D",.,"A",.,"A",130,"D",0,"D",.,"A",.,"A",0,"D",90,"D",.,"A",.,"A",.,"A",.,"A"
"20161","03193653",36,0,"1",845,"D",130,"D",.,"A",0,"D",0,"D",.,"A",.,"A",715,"D",0,"D",.,"A",.,"A",.,"A",.,"A"
"20161","03193673",74,0,"1",910,"D",104,"D",.,"A",1560,"D",0,"D",.,"A",.,"A",806,"D",0,"D",.,"A",.,"A",.,"A",.,"A"
"20161","03193703",48,0,"1",1950,"D",910,"D",.,"A",650,"D",0,"D",.,"A",.,"A",1040,"D",0,"D",.,"A",.,"A",.,"A",.,"A"
"20161","03193723",20,0,"1",1300,"D",650,"D",.,"A",455,"D",0,"D",.,"A",0,"D",650,"D",0,"D",.,"A",.,"A",.,"A",.,"A"
"20161","03193733",63,0,"1",2899,"D",650,"D",.,"A",624,"D",0,"D",.,"A",.,"A",2249,"D",0,"D",.,"A",.,"A",.,"A",.,"A"
"20161","03193753",22,0,"1",910,"D",260,"D",325,"D",650,"D",0,"D",.,"A",.,"A",650,"D",0,"D",.,"A",.,"A",.,"A",.,"A"
"20161","03193773",32,0,"1",3640,"D",260,"D",.,"A",780,"D",0,"D",.,"A",480,"D",3380,"D",0,"D",.,"A",.,"A",.,"A",.,"A"
"20161","03193803",68,0,"1",2275,"D",364,"D",195,"D",195,"D",0,"D",.,"A",.,"A",1911,"D",0,"D",.,"A",.,"A",.,"A",.,"A"
"20161","03193813",51,0,"1",650,"D",130,"D",.,"A",260,"D",60,"D",.,"A",.,"A",520,"D",90,"D",.,"A",.,"A",.,"A",.,"A"
"20161","03193823",15,0,"1",1430,"D",520,"D",65,"D",0,"D",0,"D",.,"A",.,"A",910,"D",135,"D",.,"A",.,"A",.,"A",.,"A"
"20161","03193833",14,0,"1",1300,"D",260,"D",.,"A",455,"D",0,"D",.,"A",.,"A",1040,"D",0,"D",.,"A",.,"A",.,"A",.,"A"
"20161","03193853",19,0,"1",1300,"D",130,"D",.,"A",390,"D",0,"D",.,"A",.,"A",1170,"D",0,"D",.,"A",.,"A",.,"A",.,"A"
"20161","03193893",42,0,"1",1388,"F",.,"A",.,"A",539,"F",0,"D",.,"A",.,"A",1110,"F",0,"D",.,"A",.,"A",.,"A",.,"A"
"20161","03193913",40,0,"1",1300,"D",195,"D",.,"A",0,"D",0,"D",.,"A",.,"A",1105,"D",0,"D",.,"A",.,"A",.,"A",.,"A"
"20161","03193963",30,0,"1",1300,"D",130,"D",.,"A",130,"D",0,"D",.,"A",.,"A",1170,"D",0,"D",.,"A",.,"A",.,"A",.,"A"
"20161","03193993",31,0,"1",1222,"D",325,"D",.,"A",741,"D",60,"D",.,"A",.,"A",897,"D",63,"D",.,"A",.,"A",.,"A",.,"A"
"20161","03194003",41,0,"1",1560,"D",650,"D",.,"A",325,"D",225,"D",.,"A",.,"A",910,"D",338,"F",.,"A",.,"A",.,"A",.,"A"
"20161","03194033",32,0,"1",780,"D",195,"D",.,"A",195,"D",60,"D",.,"A",.,"A",585,"D",120,"D",.,"A",.,"A",.,"A",.,"A"
"20161","03194043",43,0,"1",1625,"D",325,"D",.,"A",260,"D",0,"D",.,"A",.,"A",1300,"D",0,"D",.,"A",.,"A",.,"A",.,"A"
"20161","03194103",61,0,"1",520,"D",195,"D",.,"A",260,"D",120,"D",.,"A",.,"A",325,"D",120,"D",.,"A",.,"A",.,"A",.,"A"
"20161","03194113",34,0,"1",585,"D",65,"D",.,"A",130,"D",0,"D",.,"A",.,"A",520,"D",0,"D",.,"A",.,"A",.,"A",.,"A"
"20161","03194143",20,0,"1",3900,"D",0,"D",.,"A",0,"D",0,"D",.,"A",.,"A",3900,"D",0,"D",40,"D",520,"D",.,"A",.,"A"
"20161","03194173",13,0,"1",2015,"D",195,"D",.,"A",143,"D",0,"D",.,"A",.,"A",1820,"D",0,"D",.,"A",.,"A",.,"A",.,"A"
"20161","03194203",21,0,"1",260,"D",65,"D",65,"D",130,"D",0,"D",.,"A",.,"A",195,"D",0,"D",.,"A",.,"A",.,"A",.,"A"
"20161","03194223",27,0,"1",2600,"D",0,"D",.,"A",0,"D",0,"D",.,"A",.,"A",2600,"D",0,"D",40,"D",520,"D",.,"A",.,"A"
"20161","03194273",71,0,"1",585,"D",65,"D",.,"A",546,"D",0,"D",.,"A",.,"A",520,"D",0,"D",.,"A",.,"A",.,"A",.,"A"
"20161","03194283",75,0,"1",3250,"D",650,"D",390,"D",195,"D",0,"D",.,"A",.,"A",2600,"D",0,"D",.,"A",.,"A",.,"A",.,"A"
"20161","03194293",26,0,"1",780,"D",65,"D",.,"A",0,"D",0,"D",.,"A",.,"A",715,"D",0,"D",.,"A",.,"A",.,"A",.,"A"
"20161","03194323",48,0,"1",1950,"D",390,"D",.,"A",325,"D",39,"D",.,"A",.,"A",1560,"D",90,"D",.,"A",.,"A",.,"A",.,"A"
"20161","03194343",31,0,"1",1300,"D",130,"D",.,"A",585,"D",0,"D",.,"A",.,"A",1170,"D",0,"D",.,"A",.,"A",.,"A",.,"A"
"20161","03194353",23,0,"1",1469,"D",325,"D",.,"A",520,"D",0,"D",.,"A",.,"A",1144,"D",0,"D",42,"D",546,"D",.,"A",.,"A"
"20161","03194363",8,0,"1",650,"D",91,"D",.,"A",0,"D",0,"D",.,"A",.,"A",559,"D",0,"D",5,"D",65,"D",.,"A",.,"A"
"20161","03194373",33,0,"1",1560,"D",260,"D",.,"A",130,"D",0,"D",.,"A",.,"A",1300,"D",0,"D",.,"A",.,"A",.,"A",.,"A"
"20161","03194423",19,0,"1",650,"D",195,"D",.,"A",260,"D",0,"D",.,"A",.,"A",455,"D",60,"D",.,"A",.,"A",.,"A",.,"A"
"20161","03194443",20,0,"1",455,"D",65,"D",.,"A",0,"D",0,"D",.,"A",.,"A",390,"D",0,"D",.,"A",.,"A",.,"A",.,"A"
"20161","03194453",19,0,"1",975,"D",0,"D",.,"A",0,"D",0,"D",.,"A",.,"A",975,"D",0,"D",.,"A",.,"A",.,"A",.,"A"
"20161","03194523",57,0,"1",1625,"D",26,"D",.,"A",260,"D",15,"D",.,"A",.,"A",1599,"D",30,"D",.,"A",.,"A",.,"A",.,"A"
"20161","03194543",45,0,"1",1300,"D",336,"F",.,"A",650,"D",0,"D",.,"A",.,"A",1569,"F",0,"D",.,"A",.,"A",.,"A",.,"A"
"20161","03194553",28,0,"1",1300,"D",195,"D",.,"A",650,"D",0,"D",.,"A",.,"A",1105,"D",75,"D",.,"A",.,"A",.,"A",.,"A"
"20161","03194563",29,0,"1",650,"D",65,"D",.,"A",260,"D",0,"D",.,"A",.,"A",585,"D",0,"D",.,"A",.,"A",.,"A",.,"A"
"20161","03194573",72,0,"1",728,"D",0,"D",.,"A",1105,"D",0,"D",.,"A",.,"A",728,"D",75,"D",.,"A",.,"A",.,"A",.,"A"
"20161","03194613",11,0,"1",1950,"D",390,"D",.,"A",0,"D",0,"D",.,"A",.,"A",1560,"D",0,"D",45,"D",585,"D",.,"A",.,"A"
"20161","03194623",29,0,"1",3250,"D",390,"D",.,"A",910,"D",0,"D",.,"A",.,"A",2860,"D",0,"D",.,"A",.,"A",.,"A",.,"A"
"20161","03194633",26,0,"1",975,"D",195,"D",130,"D",260,"D",0,"D",.,"A",.,"A",780,"D",75,"D",.,"A",.,"A",.,"A",.,"A"
"20161","03194653",24,0,"1",2600,"D",0,"D",.,"A",650,"D",0,"D",.,"A",270,"F",2600,"D",0,"D",.,"A",.,"A",.,"A",.,"A"
"20161","03194673",22,0,"1",1300,"D",260,"D",.,"A",0,"D",0,"D",.,"A",.,"A",1040,"D",0,"D",.,"A",.,"A",.,"A",.,"A"
"20161","03194703",22,0,"1",650,"D",65,"D",.,"A",0,"D",0,"D",.,"A",.,"A",585,"D",0,"D",.,"A",.,"A",.,"A",.,"A"
"20161","03194713",9,0,"1",1300,"D",130,"D",130,"D",130,"D",0,"D",.,"A",.,"A",1170,"D",150,"D",.,"A",.,"A",.,"A",.,"A"
"20161","03194723",35,0,"1",1170,"D",130,"D",.,"A",650,"D",0,"D",.,"A",.,"A",1040,"D",0,"D",.,"A",.,"A",.,"A",.,"A"
"20161","03194743",41,0,"1",780,"D",0,"D",.,"A",65,"D",0,"D",.,"A",.,"A",780,"D",0,"D",.,"A",.,"A",.,"A",.,"A"
"20161","03194763",16,0,"1",2730,"D",520,"D",.,"A",780,"D",0,"D",.,"A",.,"A",2210,"D",0,"D",.,"A",.,"A",.,"A",.,"A"
"20161","03194803",24,0,"1",2522,"D",325,"D",.,"A",0,"D",0,"D",.,"A",.,"A",2197,"D",0,"D",.,"A",.,"A",.,"A",.,"A"
"20161","03194833",18,0,"1",650,"D",65,"D",.,"A",0,"D",0,"D",.,"A",.,"A",585,"D",0,"D",.,"A",.,"A",.,"A",.,"A"
"20161","03194863",20,0,"1",975,"D",195,"D",.,"A",650,"D",0,"D",.,"A",.,"A",780,"D",0,"D",.,"A",.,"A",.,"A",.,"A"
"20161","03194873",59,0,"1",845,"D",130,"D",.,"A",455,"D",0,"D",.,"A",.,"A",715,"D",30,"D",.,"A",.,"A",.,"A",.,"A"
"20161","03194893",16,0,"1",1300,"D",260,"D",.,"A",0,"D",0,"D",.,"A",.,"A",1040,"D",0,"D",.,"A",.,"A",.,"A",.,"A"
"20161","03194903",64,0,"1",1625,"D",520,"D",.,"A",0,"D",6,"D",.,"A",.,"A",1105,"D",6,"D",.,"A",.,"A",.,"A",.,"A"
"20161","03194923",31,0,"1",780,"D",325,"F",.,"A",0,"D",0,"D",.,"A",.,"A",1197,"F",30,"D",.,"A",.,"A",.,"A",.,"A"
"20161","03194953",41,0,"1",2080,"D",520,"D",.,"A",520,"D",90,"D",.,"A",275,"D",1560,"D",120,"D",.,"A",.,"A",.,"A",.,"A"
"20161","03194983",63,0,"1",5200,"D",520,"D",260,"D",1950,"D",120,"D",.,"A",.,"A",4680,"D",120,"D",70,"D",910,"D",.,"A",.,"A"
"20161","03194993",31,0,"1",2600,"D",650,"D",.,"A",0,"D",0,"D",.,"A",.,"A",1950,"D",0,"D",.,"A",.,"A",.,"A",.,"A"
"20161","03195003",17,0,"1",2470,"D",260,"D",.,"A",0,"D",0,"D",.,"A",.,"A",2210,"D",0,"D",.,"A",.,"A",.,"A",.,"A"
"20161","03195023",49,0,"1",1625,"D",130,"D",.,"A",520,"D",0,"D",.,"A",.,"A",1495,"D",0,"D",.,"A",.,"A",.,"A",.,"A"
"20161","03195033",44,0,"1",1300,"D",325,"D",.,"A",260,"D",90,"D",.,"A",.,"A",975,"D",90,"D",.,"A",.,"A",.,"A",.,"A"
"20161","03195073",39,0,"1",1625,"D",390,"D",.,"A",195,"D",0,"D",.,"A",.,"A",1235,"D",0,"D",.,"A",.,"A",.,"A",.,"A"
"20161","03195093",39,0,"1",1300,"D",260,"D",.,"A",650,"D",300,"D",.,"A",.,"A",1040,"D",225,"D",40,"D",520,"D",.,"A",.,"A"
"20161","03195113",15,0,"1",1560,"D",260,"D",.,"A",0,"D",0,"D",.,"A",.,"A",1300,"D",60,"D",.,"A",.,"A",.,"A",.,"A"
"20161","03195123",33,0,"1",1950,"D",130,"D",.,"A",520,"D",0,"D",.,"A",.,"A",1820,"D",0,"D",.,"A",.,"A",.,"A",.,"A"
"20161","03195143",40,0,"1",1300,"D",260,"D",.,"A",0,"D",0,"D",.,"A",.,"A",1040,"D",0,"D",.,"A",.,"A",.,"A",.,"A"
"20161","03195203",47,0,"1",1040,"D",130,"D",.,"A",650,"D",0,"D",.,"A",.,"A",910,"D",60,"D",.,"A",.,"A",.,"A",.,"A"
"20161","03195233",28,0,"1",1625,"D",325,"D",.,"A",520,"D",30,"D",.,"A",.,"A",1300,"D",150,"D",.,"A",.,"A",.,"A",.,"A"
"20161","03195293",39,0,"1",1300,"D",260,"D",.,"A",650,"D",0,"D",.,"A",.,"A",1040,"D",0,"D",.,"A",.,"A",.,"A",.,"A"
"20161","03195303",18,0,"1",3250,"D",520,"D",.,"A",260,"D",0,"D",.,"A",.,"A",2730,"D",45,"D",.,"A",.,"A",65,"D",5,"D"
"20161","03195313",34,0,"1",1300,"D",130,"D",.,"A",390,"D",0,"D",.,"A",.,"A",1170,"D",0,"D",.,"A",.,"A",.,"A",.,"A"
"20161","03195343",31,0,"1",1560,"D",260,"D",.,"A",3900,"D",0,"D",.,"A",.,"A",1300,"D",120,"D",.,"A",.,"A",.,"A",.,"A"
"20161","03195353",29,0,"1",650,"D",130,"D",.,"A",0,"D",6,"D",.,"A",.,"A",520,"D",6,"D",.,"A",.,"A",.,"A",.,"A"
"20161","03195363",53,0,"1",676,"D",130,"D",.,"A",1066,"D",120,"D",.,"A",.,"A",546,"D",0,"D",.,"A",.,"A",.,"A",.,"A"
"20161","03195403",45,0,"1",1300,"D",325,"D",325,"D",0,"D",0,"D",.,"A",.,"A",975,"D",75,"D",40,"D",520,"D",.,"A",.,"A"
"20161","03195433",50,0,"1",2600,"D",260,"D",.,"A",390,"D",0,"D",.,"A",150,"D",2340,"D",0,"D",.,"A",.,"A",.,"A",.,"A"
"20161","03195443",45,0,"1",650,"D",39,"D",.,"A",1560,"D",300,"D",.,"A",.,"A",611,"D",300,"D",.,"A",.,"A",.,"A",.,"A"
"20161","03195483",27,0,"1",3900,"D",1300,"D",.,"A",1300,"D",0,"D",.,"A",.,"A",2600,"D",0,"D",.,"A",.,"A",.,"A",.,"A"
"20161","03195503",54,0,"1",1300,"D",455,"D",.,"A",325,"D",0,"D",.,"A",.,"A",845,"D",0,"D",.,"A",.,"A",.,"A",.,"A"
"20161","03195523",11,0,"1",650,"D",130,"D",.,"A",195,"D",0,"D",.,"A",.,"A",520,"D",0,"D",.,"A",.,"A",.,"A",.,"A"
"20161","03195533",34,0,"1",1300,"D",390,"D",.,"A",520,"D",0,"D",.,"A",.,"A",910,"D",0,"D",.,"A",.,"A",.,"A",.,"A"
"20161","03195543",42,0,"1",1950,"D",325,"D",130,"D",260,"D",0,"D",.,"A",.,"A",1625,"D",0,"D",.,"A",.,"A",.,"A",.,"A"
"20161","03195563",30,0,"1",520,"D",130,"D",.,"A",130,"D",0,"D",.,"A",.,"A",390,"D",30,"D",.,"A",.,"A",.,"A",.,"A"
"20161","03195583",24,0,"1",1625,"D",325,"D",650,"D",0,"D",0,"D",.,"A",.,"A",1300,"D",0,"D",52,"D",676,"D",.,"A",.,"A"
"20161","03195593",64,0,"1",2600,"D",650,"D",.,"A",260,"D",0,"D",.,"A",.,"A",1950,"D",180,"D",.,"A",.,"A",39,"D",3,"D"
"20161","03195613",41,0,"1",1040,"D",130,"D",.,"A",1950,"D",45,"D",.,"A",.,"A",910,"D",0,"D",.,"A",.,"A",.,"A",.,"A"
"20161","03195623",71,0,"1",4225,"D",780,"D",.,"A",1430,"D",0,"D",.,"A",.,"A",3445,"D",0,"D",.,"A",.,"A",.,"A",.,"A"
"20161","03206003",63,0,"1",260,"D",130,"D",.,"A",260,"D",0,"D",.,"A",.,"A",130,"D",0,"D",.,"A",.,"A",.,"A",.,"A"
"20161","03206013",22,0,"1",780,"D",195,"D",.,"A",130,"D",0,"D",.,"A",.,"A",585,"D",0,"D",.,"A",.,"A",.,"A",.,"A"
"20161","03206033",55,0,"1",1300,"D",195,"D",.,"A",1625,"D",0,"D",.,"A",.,"A",1105,"D",0,"D",.,"A",.,"A",.,"A",.,"A"
"20161","03206053",23,0,"1",2275,"D",325,"D",.,"A",195,"D",0,"D",.,"A",.,"A",1950,"D",0,"D",.,"A",.,"A",455,"D",35,"D"
"20161","03206063",78,0,"1",910,"D",65,"D",.,"A",416,"D",0,"D",.,"A",.,"A",845,"D",90,"D",.,"A",.,"A",.,"A",.,"A"
"20161","03206073",43,0,"1",2600,"D",650,"D",325,"D",0,"D",0,"D",.,"A",.,"A",1950,"D",0,"D",.,"A",.,"A",.,"A",.,"A"
"20161","03206093",31,0,"1",1300,"D",650,"D",.,"A",325,"D",60,"D",.,"A",.,"A",650,"D",120,"D",.,"A",.,"A",.,"A",.,"A"
"20161","03206103",27,0,"1",650,"D",65,"D",.,"A",975,"D",0,"D",.,"A",.,"A",585,"D",0,"D",.,"A",.,"A",.,"A",.,"A"
"20161","03206123",33,0,"1",325,"D",65,"D",.,"A",390,"D",300,"D",.,"A",.,"A",260,"D",60,"D",.,"A",.,"A",.,"A",.,"A"
"20161","03206133",34,0,"1",1339,"D",260,"D",.,"A",1300,"D",300,"D",.,"A",.,"A",1079,"D",300,"D",.,"A",.,"A",.,"A",.,"A"
"20161","03206143",10,0,"1",1040,"D",0,"D",.,"A",0,"D",0,"D",.,"A",.,"A",1040,"D",0,"D",25,"D",325,"D",.,"A",.,"A"
"20161","03206163",28,0,"1",1430,"D",228,"F",.,"A",299,"D",0,"D",.,"A",.,"A",750,"F",0,"D",.,"A",.,"A",.,"A",.,"A"
"20161","03206173",31,0,"1",1300,"D",390,"D",.,"A",0,"D",0,"D",.,"A",.,"A",910,"D",0,"D",.,"A",.,"A",.,"A",.,"A"
"20161","03206213",21,0,"1",325,"D",65,"D",.,"A",351,"D",0,"D",.,"A",.,"A",260,"D",0,"D",.,"A",.,"A",260,"D",20,"D"
"20161","03206233",18,0,"1",1625,"D",260,"D",.,"A",1625,"D",0,"D",.,"A",.,"A",1365,"D",0,"D",.,"A",.,"A",.,"A",.,"A"
"20161","03206263",35,0,"1",2275,"D",520,"D",.,"A",975,"D",75,"D",.,"A",.,"A",1755,"D",225,"D",.,"A",.,"A",.,"A",.,"A"
"20161","03206273",13,0,"1",1300,"D",325,"D",.,"A",650,"D",0,"D",.,"A",.,"A",975,"D",0,"D",.,"A",.,"A",.,"A",.,"A"
"20161","03206293",20,0,"1",1950,"D",260,"D",.,"A",1040,"D",0,"D",.,"A",.,"A",1690,"D",0,"D",.,"A",.,"A",.,"A",.,"A"
"20161","03206363",74,0,"1",676,"D",65,"D",.,"A",195,"D",30,"D",.,"A",.,"A",611,"D",216,"D",.,"A",.,"A",.,"A",.,"A"
"20161","03206373",49,0,"1",1300,"D",260,"D",.,"A",260,"D",60,"D",.,"A",.,"A",1040,"D",60,"D",.,"A",.,"A",.,"A",.,"A"
"20161","03206393",22,0,"1",520,"D",185,"F",.,"A",650,"D",15,"D",.,"A",.,"A",674,"F",0,"D",.,"A",.,"A",.,"A",.,"A"
"20161","03206403",21,0,"1",1690,"D",260,"D",.,"A",0,"D",0,"D",.,"A",.,"A",1430,"D",75,"D",.,"A",.,"A",.,"A",.,"A"
"20161","03206433",14,0,"1",1950,"D",650,"D",.,"A",130,"D",0,"D",.,"A",.,"A",1300,"D",0,"D",40,"D",520,"D",.,"A",.,"A"
"20161","03206473",63,0,"1",3900,"D",910,"D",.,"A",2340,"D",90,"D",.,"A",.,"A",2990,"D",450,"D",.,"A",.,"A",.,"A",.,"A"
"20161","03206503",26,0,"1",1560,"D",455,"D",.,"A",195,"D",0,"D",.,"A",300,"D",1105,"D",0,"D",25,"D",325,"D",.,"A",.,"A"
"20161","03206513",36,0,"1",845,"D",260,"D",.,"A",780,"D",0,"D",.,"A",.,"A",585,"D",0,"D",.,"A",.,"A",.,"A",.,"A"
"20161","03206553",18,0,"1",1950,"D",650,"D",520,"D",1950,"D",0,"D",.,"A",.,"A",1300,"D",0,"D",.,"A",.,"A",.,"A",.,"A"
"20161","03206563",18,0,"1",3900,"D",425,"F",.,"A",1300,"D",0,"D",.,"A",.,"A",1676,"F",0,"D",.,"A",.,"A",.,"A",.,"A"
"20161","03206653",25,0,"1",1950,"D",650,"D",.,"A",650,"D",0,"D",.,"A",.,"A",1300,"D",0,"D",60,"D",780,"D",.,"A",.,"A"
"20161","03206673",28,0,"1",2600,"D",650,"D",.,"A",1170,"D",0,"D",.,"A",.,"A",1950,"D",0,"D",35,"D",455,"D",.,"A",.,"A"
"20161","03206683",17,0,"1",1950,"D",390,"D",.,"A",260,"D",0,"D",.,"A",.,"A",1560,"D",0,"D",.,"A",.,"A",.,"A",.,"A"
"20161","03206703",49,0,"1",2509,"D",65,"D",.,"A",520,"D",480,"D",.,"A",.,"A",2444,"D",270,"D",.,"A",.,"A",.,"A",.,"A"
"20161","03206723",34,0,"1",1560,"D",260,"D",.,"A",0,"D",0,"D",.,"A",.,"A",1300,"D",0,"D",.,"A",.,"A",.,"A",.,"A"
"20161","03206743",48,0,"1",2275,"D",455,"D",.,"A",1300,"D",0,"D",.,"A",.,"A",1820,"D",30,"D",.,"A",.,"A",.,"A",.,"A"
"20161","03206753",45,0,"1",1300,"D",520,"D",.,"A",0,"D",0,"D",.,"A",.,"A",780,"D",0,"D",.,"A",.,"A",.,"A",.,"A"
"20161","03206793",36,0,"1",1625,"D",390,"D",.,"A",0,"D",0,"D",.,"A",.,"A",1235,"D",0,"D",.,"A",.,"A",.,"A",.,"A"
"20161","03206803",56,0,"1",1950,"D",195,"D",.,"A",390,"D",0,"D",.,"A",.,"A",1755,"D",360,"D",.,"A",.,"A",.,"A",.,"A"
"20161","03206823",31,0,"1",1560,"D",130,"D",.,"A",650,"D",0,"D",.,"A",.,"A",1430,"D",0,"D",.,"A",.,"A",.,"A",.,"A"
"20161","03206833",43,0,"1",7150,"D",260,"D",.,"A",520,"D",0,"D",.,"A",660,"D",6890,"D",0,"D",.,"A",.,"A",.,"A",.,"A"
"20161","03206873",27,0,"1",884,"D",299,"D",.,"A",338,"D",0,"D",.,"A",.,"A",585,"D",0,"D",.,"A",.,"A",.,"A",.,"A"
"20161","03206883",17,0,"1",1040,"D",390,"D",.,"A",0,"D",0,"D",.,"A",.,"A",650,"D",0,"D",.,"A",.,"A",.,"A",.,"A"
"20161","03206893",32,0,"1",2600,"D",325,"D",.,"A",195,"D",0,"D",.,"A",.,"A",2275,"D",0,"D",.,"A",.,"A",.,"A",.,"A"
"20161","03206933",30,0,"1",1560,"D",195,"D",.,"A",260,"D",0,"D",.,"A",.,"A",1365,"D",0,"D",.,"A",.,"A",.,"A",.,"A"
"20161","03206943",22,0,"1",780,"D",130,"D",.,"A",390,"D",90,"D",.,"A",.,"A",650,"D",90,"D",40,"D",520,"D",.,"A",.,"A"
"20161","03206983",30,0,"1",1040,"D",260,"D",.,"A",325,"D",0,"D",.,"A",.,"A",780,"D",0,"D",.,"A",.,"A",.,"A",.,"A"
"20161","03207023",65,0,"1",2275,"D",104,"D",780,"D",260,"D",0,"D",.,"A",.,"A",2171,"D",0,"D",45,"D",585,"D",.,"A",.,"A"
"20161","03207053",37,0,"1",1625,"D",325,"D",195,"D",260,"D",0,"D",.,"A",.,"A",1300,"D",0,"D",.,"C",670,"F",.,"A",.,"A"
"20161","03207073",26,0,"1",260,"D",0,"D",.,"A",1950,"D",150,"D",.,"A",.,"A",260,"D",0,"D",.,"A",.,"A",.,"A",.,"A"
"20161","03207103",25,0,"1",780,"D",336,"F",.,"A",648,"F",0,"D",.,"A",.,"A",1569,"F",0,"D",.,"A",.,"A",.,"A",.,"A"
"20161","03207113",23,0,"1",845,"D",130,"D",.,"A",130,"D",30,"D",.,"A",.,"A",715,"D",150,"D",.,"A",.,"A",.,"A",.,"A"
"20161","03207123",35,0,"1",1300,"D",260,"D",.,"A",650,"D",0,"D",.,"A",.,"A",1040,"D",0,"D",.,"A",.,"A",.,"A",.,"A"
"20161","03207143",20,0,"1",1300,"D",130,"D",.,"A",0,"D",0,"D",.,"A",.,"A",1170,"D",60,"D",.,"A",.,"A",.,"A",.,"A"
"20161","03207153",32,0,"1",1645,"F",.,"A",.,"A",2600,"D",134,"F",.,"A",.,"A",1330,"F",0,"D",.,"A",.,"A",.,"A",.,"A"
"20161","03207163",39,0,"1",2275,"D",650,"D",.,"A",390,"D",90,"D",.,"A",.,"A",1625,"D",150,"D",.,"A",.,"A",.,"A",.,"A"
"20161","03207193",23,0,"1",780,"D",390,"D",260,"D",325,"D",600,"D",390,"D",.,"A",390,"D",600,"D",.,"A",.,"A",156,"D",12,"D"
"20161","03207203",30,0,"1",2600,"D",130,"D",.,"A",0,"D",0,"D",.,"A",.,"A",2470,"D",0,"D",.,"A",.,"A",.,"A",.,"A"
"20161","03207213",30,0,"1",1300,"D",260,"D",.,"A",390,"D",75,"D",.,"A",.,"A",1040,"D",0,"D",.,"A",.,"A",.,"A",.,"A"
"20161","03207223",26,0,"1",910,"D",192,"F",.,"A",0,"D",0,"D",.,"A",.,"A",721,"F",0,"D",.,"A",.,"A",.,"A",.,"A"
"20161","03207233",25,0,"1",286,"D",0,"D",.,"A",0,"D",0,"D",.,"A",.,"A",286,"D",0,"D",.,"A",.,"A",.,"A",.,"A"
"20161","03207243",38,0,"1",2600,"D",351,"D",715,"D",507,"D",60,"D",.,"A",.,"A",2249,"D",90,"D",.,"A",.,"A",.,"A",.,"A"
"20161","03207253",27,0,"1",2600,"D",975,"D",.,"A",0,"D",0,"D",.,"A",.,"A",1625,"D",0,"D",.,"A",.,"A",.,"A",.,"A"
"20161","03207273",28,0,"1",975,"D",325,"D",.,"A",0,"D",0,"D",.,"A",.,"A",650,"D",45,"D",50,"D",650,"D",.,"A",.,"A"
"20161","03207303",42,0,"1",1625,"D",260,"D",.,"A",1300,"D",0,"D",.,"A",780,"D",1365,"D",0,"D",120,"D",1560,"D",.,"A",.,"A"
"20161","03207333",15,0,"1",715,"D",260,"D",.,"A",130,"D",0,"D",.,"A",.,"A",455,"D",0,"D",.,"A",.,"A",.,"A",.,"A"
"20161","03207363",30,0,"1",2600,"D",260,"D",.,"A",390,"D",0,"D",.,"A",180,"D",2340,"D",0,"D",.,"A",.,"A",.,"A",.,"A"
"20161","03207383",55,0,"1",1300,"D",195,"D",.,"A",260,"D",0,"D",.,"A",.,"A",1105,"D",0,"D",.,"A",.,"A",.,"A",.,"A"
"20161","03207403",40,0,"1",3250,"D",650,"D",.,"A",2600,"D",0,"D",.,"A",.,"A",2600,"D",150,"D",.,"A",.,"A",.,"A",.,"A"
"20161","03207433",17,0,"1",1300,"D",65,"D",195,"D",0,"D",0,"D",.,"A",.,"A",1235,"D",15,"D",.,"A",.,"A",.,"A",.,"A"
"20161","03207453",29,0,"1",1625,"D",260,"D",.,"A",650,"D",0,"D",.,"A",.,"A",1365,"D",0,"D",.,"A",.,"A",.,"A",.,"A"
"20161","03207493",31,0,"1",780,"D",390,"D",390,"D",390,"D",6,"D",.,"A",.,"A",390,"D",6,"D",.,"A",.,"A",.,"A",.,"A"
"20161","03207573",44,0,"1",1625,"D",325,"D",.,"A",520,"D",0,"D",.,"A",.,"A",1300,"D",0,"D",.,"A",.,"A",.,"A",.,"A"
"20161","03207593",23,0,"1",650,"D",195,"D",.,"A",312,"D",0,"D",.,"A",.,"A",455,"D",0,"D",.,"A",.,"A",.,"A",.,"A"
"20161","03207613",37,0,"1",1950,"D",195,"D",130,"D",390,"D",0,"D",.,"A",135,"D",1755,"D",60,"D",.,"A",.,"A",.,"A",.,"A"
"20161","03207663",28,0,"1",1300,"D",650,"D",650,"D",1300,"D",0,"D",.,"A",38,"D",650,"D",60,"D",.,"A",.,"A",.,"A",.,"A"
"20161","03207673",42,0,"1",2600,"D",325,"D",.,"A",520,"D",6,"D",.,"A",.,"A",2275,"D",0,"D",.,"A",.,"A",.,"A",.,"A"
"20161","03207683",24,0,"1",1950,"D",390,"D",.,"A",650,"D",6,"D",.,"A",.,"A",1560,"D",6,"D",.,"A",.,"A",.,"A",.,"A"
"20161","03207703",10,0,"1",650,"D",130,"D",.,"A",0,"D",0,"D",.,"A",.,"A",520,"D",0,"D",30,"D",390,"D",156,"D",12,"D"
"20161","03207713",26,0,"1",1950,"D",260,"D",.,"A",390,"D",0,"D",.,"A",.,"A",1690,"D",0,"D",25,"D",325,"D",.,"A",.,"A"
"20161","03207723",43,0,"1",1300,"D",130,"D",.,"A",650,"D",0,"D",.,"A",.,"A",1170,"D",0,"D",10,"D",130,"D",.,"A",.,"A"
"20161","03207743",15,0,"1",1300,"D",130,"D",.,"A",0,"D",0,"D",.,"A",.,"A",1170,"D",0,"D",15,"D",195,"D",.,"A",.,"A"
"20161","03207753",37,0,"1",1300,"D",260,"D",.,"A",650,"D",150,"D",.,"A",.,"A",1040,"D",150,"D",.,"A",.,"A",.,"A",.,"A"
"20161","03207763",27,0,"1",1300,"D",302,"F",.,"A",104,"D",60,"D",.,"A",.,"A",1110,"F",0,"D",.,"A",.,"A",.,"A",.,"A"
"20161","03207803",27,0,"1",1690,"D",195,"D",.,"A",650,"D",0,"D",.,"A",.,"A",1495,"D",0,"D",.,"A",.,"A",.,"A",.,"A"
"20161","03207823",69,0,"1",1300,"D",260,"D",.,"A",520,"D",120,"D",.,"A",.,"A",1040,"D",60,"D",.,"A",.,"A",.,"A",.,"A"
"20161","03207833",26,0,"1",715,"D",143,"D",.,"A",0,"D",0,"D",.,"A",.,"A",572,"D",0,"D",.,"A",.,"A",.,"A",.,"A"
"20161","03207843",12,0,"1",2600,"D",409,"F",.,"A",0,"D",0,"D",.,"A",.,"A",1817,"F",0,"D",.,"A",.,"A",.,"A",.,"A"
"20161","03207863",28,0,"1",520,"D",78,"D",.,"A",0,"D",0,"D",.,"A",.,"A",442,"D",108,"D",.,"A",.,"A",.,"A",.,"A"
"20161","03207873",26,0,"1",455,"D",65,"D",.,"A",260,"D",0,"D",.,"A",.,"A",390,"D",0,"D",.,"A",.,"A",.,"A",.,"A"
"20161","03207893",31,0,"1",3900,"D",650,"D",.,"A",1300,"D",0,"D",.,"A",.,"A",3250,"D",75,"D",25,"D",325,"D",.,"A",.,"A"
"20161","03207913",13,0,"1",1300,"D",0,"D",.,"A",780,"D",0,"D",.,"A",.,"A",1300,"D",0,"D",.,"A",.,"A",.,"A",.,"A"
"20161","03207923",22,0,"1",1040,"D",260,"D",.,"A",585,"D",0,"D",.,"A",.,"A",780,"D",90,"D",.,"A",.,"A",.,"A",.,"A"
"20161","03207953",49,0,"1",3250,"D",325,"D",130,"D",130,"D",0,"D",.,"A",0,"D",2925,"D",300,"D",.,"A",.,"A",.,"A",.,"A"
"20161","03207963",62,0,"1",2600,"D",910,"D",.,"A",130,"D",0,"D",.,"A",.,"A",1690,"D",45,"D",.,"A",.,"A",.,"A",.,"A"
"20161","03207993",49,0,"1",1690,"D",169,"D",.,"A",780,"D",6,"D",.,"A",.,"A",1521,"D",6,"D",.,"A",.,"A",.,"A",.,"A"
"20161","03208013",49,0,"1",1625,"D",325,"D",.,"A",1040,"D",0,"D",.,"A",150,"D",1300,"D",45,"D",.,"A",.,"A",.,"A",.,"A"
"20161","03208083",28,0,"1",1950,"D",390,"D",.,"A",1300,"D",0,"D",.,"A",19,"D",1560,"D",60,"D",.,"A",.,"A",.,"A",.,"A"
"20161","03208103",37,0,"1",1950,"D",390,"D",.,"A",1625,"D",0,"D",.,"A",.,"A",1560,"D",90,"D",.,"A",.,"A",.,"A",.,"A"
"20161","03208113",42,0,"1",2600,"D",260,"D",.,"A",0,"D",0,"D",.,"A",270,"F",2340,"D",0,"D",.,"A",.,"A",.,"A",.,"A"
"20161","03208123",37,0,"1",2600,"D",520,"D",.,"A",1300,"D",120,"D",.,"A",.,"A",2080,"D",300,"D",.,"A",.,"A",.,"A",.,"A"
"20161","03208153",25,0,"1",325,"D",65,"D",.,"A",0,"D",0,"D",.,"A",.,"A",260,"D",0,"D",.,"A",.,"A",.,"A",.,"A"
"20161","03208163",62,0,"1",1300,"D",130,"D",.,"A",910,"D",0,"D",.,"A",.,"A",1170,"D",0,"D",.,"A",.,"A",.,"A",.,"A"
"20161","03208173",43,0,"1",2600,"D",975,"D",.,"A",1300,"D",300,"D",.,"A",.,"A",1625,"D",450,"D",.,"A",.,"A",.,"A",.,"A"
"20161","03208223",69,0,"1",1950,"D",975,"D",.,"A",325,"D",0,"D",.,"A",150,"D",975,"D",0,"D",.,"A",.,"A",.,"A",.,"A"
"20161","03208243",60,0,"1",2600,"D",325,"D",.,"A",325,"D",60,"D",.,"A",.,"A",2275,"D",90,"D",13,"D",169,"D",.,"A",.,"A"
"20161","03208283",29,0,"1",650,"D",65,"D",.,"A",130,"D",0,"D",.,"A",.,"A",585,"D",0,"D",20,"D",260,"D",.,"A",.,"A"
"20161","03208303",46,0,"1",1625,"D",520,"D",.,"A",1300,"D",240,"D",.,"A",.,"A",1105,"D",180,"D",10,"D",130,"D",.,"A",.,"A"
"20161","03208353",31,0,"1",1950,"D",520,"D",.,"A",520,"D",120,"D",.,"A",.,"A",1430,"D",120,"D",50,"D",650,"D",.,"A",.,"A"
"20161","03208363",41,0,"1",3575,"D",390,"D",.,"A",975,"D",0,"D",.,"A",.,"A",3185,"D",0,"D",.,"A",.,"A",.,"A",.,"A"
"20161","03208393",19,0,"1",650,"D",203,"F",.,"A",0,"D",0,"D",.,"A",.,"A",708,"F",0,"D",.,"A",.,"A",.,"A",.,"A"
"20161","03208523",52,0,"1",2470,"D",520,"D",.,"A",455,"D",0,"D",.,"A",159,"D",1950,"D",0,"D",.,"A",.,"A",.,"A",.,"A"
"20161","03208533",11,0,"1",0,"D",.,"A",.,"A",344,"F",0,"D",.,"A",.,"A",0,"D",0,"D",.,"A",.,"A",.,"A",.,"A"
"20161","03208543",22,0,"1",1300,"D",325,"D",.,"A",975,"D",116,"F",.,"A",.,"A",975,"D",121,"F",.,"A",.,"A",.,"A",.,"A"
"20161","03208553",52,0,"1",975,"D",130,"D",.,"A",650,"D",0,"D",.,"A",.,"A",845,"D",75,"D",.,"A",.,"A",.,"A",.,"A"
"20161","03208563",18,0,"1",520,"D",0,"D",.,"A",0,"D",123,"F",.,"A",.,"A",520,"D",92,"F",.,"A",.,"A",.,"A",.,"A"
"20161","03208573",19,0,"1",1950,"D",328,"F",.,"A",0,"D",0,"D",.,"A",.,"A",1330,"F",0,"D",.,"A",.,"A",.,"A",.,"A"
"20161","03208593",72,0,"1",2600,"D",650,"D",.,"A",780,"D",0,"D",.,"A",.,"A",1950,"D",360,"D",.,"A",.,"A",.,"A",.,"A"
"20161","03208623",32,0,"1",3250,"D",650,"D",.,"A",0,"D",0,"D",.,"A",.,"A",2600,"D",60,"D",.,"A",.,"A",.,"A",.,"A"
"20161","03208653",34,0,"1",2600,"D",325,"D",.,"A",780,"D",0,"D",.,"A",.,"A",2275,"D",60,"D",.,"A",.,"A",.,"A",.,"A"
"20161","03208673",39,0,"1",1690,"D",650,"D",260,"D",650,"D",0,"D",.,"A",.,"A",1040,"D",0,"D",.,"A",.,"A",.,"A",.,"A"
"20161","03208693",22,0,"1",520,"D",130,"D",.,"A",520,"D",0,"D",.,"A",.,"A",390,"D",0,"D",.,"A",.,"A",.,"A",.,"A"
"20161","03208703",43,0,"1",2080,"D",325,"D",520,"D",520,"D",0,"D",.,"A",100,"D",1755,"D",180,"D",15,"D",195,"D",.,"A",.,"A"
"20161","03208713",62,0,"1",2197,"D",130,"D",.,"A",351,"D",0,"D",.,"A",.,"A",2067,"D",0,"D",.,"A",.,"A",.,"A",.,"A"
"20161","03208743",54,0,"1",2600,"D",325,"D",.,"A",3900,"D",0,"D",.,"A",.,"A",2275,"D",600,"D",.,"A",.,"A",.,"A",.,"A"
"20161","03208753",82,0,"1",2600,"D",650,"D",.,"A",130,"D",0,"D",.,"A",150,"D",1950,"D",0,"D",.,"A",.,"A",.,"A",.,"A"
"20161","03208763",31,0,"1",975,"D",325,"D",.,"A",195,"D",60,"D",.,"A",.,"A",650,"D",0,"D",.,"A",.,"A",.,"A",.,"A"
"20161","03208803",11,0,"1",390,"D",130,"D",.,"A",520,"D",0,"D",.,"A",.,"A",260,"D",0,"D",.,"A",.,"A",.,"A",.,"A"
"20161","03208843",26,0,"1",325,"D",195,"D",.,"A",325,"D",30,"D",.,"A",.,"A",130,"D",0,"D",.,"A",.,"A",.,"A",.,"A"
"20161","03208863",18,0,"1",1950,"D",260,"D",.,"A",130,"D",60,"D",.,"A",.,"A",1690,"D",180,"D",40,"D",520,"D",.,"A",.,"A"
"20161","03208883",24,0,"1",1105,"D",130,"D",.,"A",0,"D",0,"D",.,"A",.,"A",975,"D",0,"D",.,"A",.,"A",.,"A",.,"A"
"20161","03208923",15,0,"1",650,"D",130,"D",325,"D",650,"D",0,"D",.,"A",.,"A",520,"D",0,"D",.,"A",.,"A",.,"A",.,"A"
"20161","03208943",23,0,"1",0,"D",.,"A",65,"D",52,"D",0,"D",.,"A",.,"A",0,"D",0,"D",.,"A",.,"A",.,"A",.,"A"
"20161","03208953",34,0,"1",650,"D",0,"D",.,"A",455,"D",0,"D",.,"A",.,"A",650,"D",0,"D",27,"D",351,"D",.,"A",.,"A"
"20161","03208973",29,0,"1",1300,"D",130,"D",.,"A",1040,"D",0,"D",.,"A",180,"D",1170,"D",0,"D",.,"A",.,"A",.,"A",.,"A"
"20161","03208993",27,0,"1",1625,"D",325,"F",.,"A",325,"D",0,"D",.,"A",.,"A",1197,"F",0,"D",.,"A",.,"A",.,"A",.,"A"
"20161","03209063",14,0,"1",1560,"D",336,"F",.,"A",648,"F",144,"F",.,"A",.,"A",1569,"F",183,"F",.,"A",.,"A",.,"A",.,"A"
"20161","03209073",29,0,"1",1300,"D",0,"D",390,"D",325,"D",0,"D",.,"A",.,"A",1300,"D",240,"D",100,"D",1300,"D",.,"A",.,"A"
"20161","03209093",61,0,"1",2405,"D",325,"D",.,"A",650,"D",0,"D",.,"A",.,"A",2080,"D",12,"D",.,"A",.,"A",.,"A",.,"A"
"20161","03209103",37,0,"1",3250,"D",650,"D",520,"D",130,"D",0,"D",.,"A",23,"D",2600,"D",0,"D",.,"A",.,"A",.,"A",.,"A"
"20161","03209113",58,0,"1",3250,"D",455,"D",.,"A",390,"D",0,"D",.,"A",.,"A",2795,"D",0,"D",.,"A",.,"A",.,"A",.,"A"
"20161","03209123",82,0,"1",1560,"D",520,"D",390,"D",260,"D",45,"D",.,"A",.,"A",1040,"D",225,"D",15,"D",195,"D",130,"D",10,"D"
"20161","03209173",45,0,"1",1300,"D",260,"D",.,"A",260,"D",0,"D",.,"A",.,"A",1040,"D",0,"D",25,"D",325,"D",.,"A",.,"A"
"20161","03209183",28,0,"1",1625,"D",328,"F",1300,"D",0,"D",0,"D",.,"A",.,"A",1330,"F",0,"D",.,"A",.,"A",.,"A",.,"A"
"20161","03209193",58,0,"1",2275,"D",325,"D",130,"D",520,"D",0,"D",.,"A",500,"D",1950,"D",36,"D",.,"A",.,"A",.,"A",.,"A"
"20161","03209233",27,0,"1",1300,"D",260,"D",.,"A",325,"D",0,"D",.,"A",.,"A",1040,"D",0,"D",.,"A",.,"A",.,"A",.,"A"
"20161","03209243",57,0,"1",2145,"D",455,"D",845,"D",520,"D",150,"D",.,"A",220,"D",1690,"D",300,"D",72,"D",936,"D",.,"A",.,"A"
"20161","03209283",31,0,"1",780,"D",195,"D",.,"A",390,"D",0,"D",.,"A",.,"A",585,"D",0,"D",.,"A",.,"A",.,"A",.,"A"
"20161","03209303",33,0,"1",2925,"D",780,"D",.,"A",910,"D",198,"F",.,"A",.,"A",2145,"D",300,"D",.,"A",.,"A",.,"A",.,"A"
"20161","03209333",15,0,"1",3250,"D",650,"D",.,"A",650,"D",0,"D",.,"A",.,"A",2600,"D",0,"D",.,"A",.,"A",.,"A",.,"A"
"20161","03209343",67,0,"1",663,"D",0,"D",.,"A",156,"D",0,"D",.,"A",.,"A",663,"D",0,"D",.,"A",.,"A",.,"A",.,"A"
"20161","03209353",32,0,"1",520,"D",0,"D",308,"F",780,"D",60,"D",.,"A",.,"A",520,"D",60,"D",.,"A",.,"A",.,"A",.,"A"
"20161","03209434",42,0,"1",780,"D",130,"D",.,"A",520,"D",0,"D",.,"A",.,"A",650,"D",0,"D",.,"A",.,"A",.,"A",.,"A"
"20161","03209453",31,0,"1",1690,"D",390,"D",.,"A",780,"D",0,"D",.,"A",.,"A",1300,"D",0,"D",.,"A",.,"A",.,"A",.,"A"
"20161","03209473",31,0,"1",1300,"D",0,"D",.,"A",390,"D",0,"D",.,"A",.,"A",1300,"D",0,"D",.,"A",.,"A",.,"A",.,"A"
"20161","03209493",30,0,"1",4550,"D",520,"D",.,"A",2600,"D",0,"D",.,"A",.,"A",4030,"D",0,"D",.,"A",.,"A",.,"A",.,"A"
"20161","03209533",28,0,"1",2275,"D",455,"D",.,"A",1300,"D",0,"D",.,"A",.,"A",1820,"D",90,"D",.,"A",.,"A",.,"A",.,"A"
"20161","03209583",13,0,"1",312,"D",26,"D",.,"A",0,"D",0,"D",.,"A",.,"A",286,"D",0,"D",.,"A",.,"A",.,"A",.,"A"
"20161","03209593",55,0,"1",2600,"D",260,"D",.,"A",390,"D",0,"D",.,"A",35,"D",2340,"D",0,"D",.,"A",.,"A",.,"A",.,"A"
"20161","03209613",29,0,"1",260,"D",0,"D",.,"A",0,"D",6,"D",.,"A",.,"A",260,"D",6,"D",.,"A",.,"A",.,"A",.,"A"
"20161","03209623",16,0,"1",3250,"D",260,"D",.,"A",780,"D",0,"D",.,"A",.,"A",2990,"D",0,"D",.,"A",.,"A",.,"A",.,"A"
"20161","03209653",29,0,"1",2600,"D",260,"D",.,"A",520,"D",0,"D",.,"A",.,"A",2340,"D",150,"D",.,"A",.,"A",.,"A",.,"A"
"20161","03209693",22,0,"1",390,"D",65,"D",.,"A",0,"D",0,"D",.,"A",.,"A",325,"D",0,"D",5,"D",65,"D",.,"A",.,"A"
"20161","03209703",39,0,"1",1560,"D",585,"D",65,"D",650,"D",150,"D",.,"A",.,"A",975,"D",120,"D",.,"A",.,"A",.,"A",.,"A"
"20161","03209713",68,0,"1",1300,"D",130,"D",.,"A",65,"D",0,"D",.,"A",.,"A",1170,"D",0,"D",.,"A",.,"A",.,"A",.,"A"
"20161","03209723",63,0,"1",13000,"D",3900,"D",.,"A",6500,"D",0,"D",.,"A",.,"A",9100,"D",0,"D",.,"A",.,"A",.,"A",.,"A"
"20161","03209743",9,0,"1",1300,"D",520,"D",650,"D",0,"D",0,"D",.,"A",.,"A",780,"D",0,"D",.,"A",.,"A",.,"A",.,"A"
"20161","03209753",15,0,"1",0,"D",.,"A",.,"A",0,"D",0,"D",.,"A",.,"A",0,"D",0,"D",.,"A",.,"A",.,"A",.,"A"
"20161","03209763",47,0,"1",1950,"D",260,"D",.,"A",0,"D",0,"D",.,"A",.,"A",1690,"D",0,"D",20,"D",260,"D",.,"A",.,"A"
"20161","03209773",18,0,"1",910,"D",130,"D",.,"A",455,"D",0,"D",.,"A",.,"A",780,"D",0,"D",.,"A",.,"A",.,"A",.,"A"
"20161","03209793",16,0,"1",195,"D",130,"D",.,"A",0,"D",0,"D",.,"A",.,"A",65,"D",150,"D",.,"A",.,"A",.,"A",.,"A"
"20161","03209803",22,0,"1",1300,"D",0,"D",.,"A",325,"D",0,"D",.,"A",.,"A",1300,"D",0,"D",.,"A",.,"A",.,"A",.,"A"
"20161","03209813",90,0,"1",1950,"D",260,"D",260,"D",650,"D",45,"D",.,"A",.,"A",1690,"D",90,"D",.,"A",.,"A",.,"A",.,"A"
"20161","03209823",37,0,"1",1300,"D",650,"D",260,"D",650,"D",0,"D",.,"A",80,"D",650,"D",240,"D",.,"A",.,"A",.,"A",.,"A"
"20161","03209833",83,0,"1",1911,"D",0,"D",.,"A",390,"D",0,"D",.,"A",.,"A",1911,"D",209,"F",.,"A",.,"A",.,"A",.,"A"
"20161","03209843",25,0,"1",1950,"D",650,"D",.,"A",1040,"D",0,"D",.,"A",.,"A",1300,"D",0,"D",.,"A",.,"A",.,"A",.,"A"
"20161","03209853",59,0,"1",1300,"D",260,"D",.,"A",520,"D",30,"D",.,"A",.,"A",1040,"D",300,"D",.,"A",.,"A",.,"A",.,"A"
"20161","03209873",49,0,"1",1625,"D",650,"D",1300,"D",975,"D",60,"D",.,"A",.,"A",975,"D",300,"D",50,"D",650,"D",.,"A",.,"A"
"20161","03209883",18,0,"1",1040,"D",195,"D",.,"A",260,"D",0,"D",.,"A",.,"A",845,"D",75,"D",.,"A",.,"A",.,"A",.,"A"
"20161","03209913",26,0,"1",1755,"D",780,"D",.,"A",455,"D",45,"D",.,"A",.,"A",975,"D",240,"D",42,"D",546,"D",.,"A",.,"A"
"20161","03209943",61,0,"1",520,"D",39,"D",.,"A",130,"D",30,"D",.,"A",.,"A",481,"D",90,"D",.,"A",.,"A",.,"A",.,"A"
"20161","03209983",58,0,"1",780,"D",0,"D",.,"A",650,"D",0,"D",.,"A",.,"A",780,"D",300,"D",.,"A",.,"A",.,"A",.,"A"
"20161","03209993",14,0,"1",520,"D",65,"D",.,"A",260,"D",90,"D",.,"A",.,"A",455,"D",60,"D",.,"A",.,"A",.,"A",.,"A"
"20161","03210003",66,0,"1",975,"D",325,"D",.,"A",0,"D",150,"D",.,"A",.,"A",650,"D",150,"D",.,"A",.,"A",.,"A",.,"A"
"20161","03210013",46,0,"1",1300,"D",260,"D",.,"A",1300,"D",0,"D",.,"A",.,"A",1040,"D",0,"D",.,"A",.,"A",.,"A",.,"A"
"20161","03210033",77,0,"1",1430,"D",260,"D",.,"A",1300,"D",60,"D",.,"A",.,"A",1170,"D",60,"D",.,"A",.,"A",.,"A",.,"A"
"20161","03210043",20,0,"1",1950,"D",302,"F",.,"A",539,"F",116,"F",.,"A",.,"A",1110,"F",121,"F",.,"A",.,"A",.,"A",.,"A"
"20161","03210073",43,0,"1",975,"D",130,"D",.,"A",975,"D",0,"D",.,"A",.,"A",845,"D",0,"D",.,"A",.,"A",.,"A",.,"A"
"20161","03210083",34,0,"1",650,"D",0,"D",.,"A",325,"D",0,"D",.,"A",.,"A",650,"D",0,"D",.,"A",.,"A",.,"A",.,"A"
"20161","03210093",93,0,"1",1950,"D",520,"D",325,"D",650,"D",150,"D",.,"A",.,"A",1430,"D",150,"D",.,"C",727,"F",.,"A",.,"A"
"20161","03210103",15,0,"1",650,"D",260,"D",.,"A",260,"D",0,"D",.,"A",.,"A",390,"D",15,"D",25,"D",325,"D",.,"A",.,"A"
"20161","03210153",27,0,"1",1040,"D",65,"D",.,"A",130,"D",0,"D",.,"A",.,"A",975,"D",75,"D",15,"D",195,"D",.,"A",.,"A"
"20161","03210213",38,0,"1",2600,"D",650,"D",.,"A",650,"D",0,"D",.,"A",.,"A",1950,"D",0,"D",.,"A",.,"A",.,"A",.,"A"
"20161","03210223",37,0,"1",1300,"D",260,"D",.,"A",325,"D",0,"D",.,"A",.,"A",1040,"D",0,"D",.,"A",.,"A",.,"A",.,"A"
"20161","03210253",25,0,"1",780,"D",455,"D",.,"A",0,"D",0,"D",.,"A",.,"A",325,"D",0,"D",.,"A",.,"A",.,"A",.,"A"
"20161","03210273",34,0,"1",390,"D",192,"F",.,"A",650,"D",0,"D",.,"A",.,"A",721,"F",300,"D",40,"D",520,"D",.,"A",.,"A"
"20161","03210283",46,0,"1",1300,"D",390,"D",.,"A",0,"D",0,"D",.,"A",120,"D",910,"D",0,"D",50,"D",650,"D",.,"A",.,"A"
"20161","03210333",47,0,"1",520,"D",130,"D",.,"A",130,"D",0,"D",.,"A",.,"A",390,"D",0,"D",.,"A",.,"A",.,"A",.,"A"
"20161","03210343",87,0,"1",1950,"D",390,"D",65,"D",1040,"D",30,"D",.,"A",.,"A",1560,"D",120,"D",.,"A",.,"A",.,"A",.,"A"
"20161","03210353",22,0,"1",975,"D",325,"D",.,"A",260,"D",0,"D",.,"A",.,"A",650,"D",0,"D",.,"A",.,"A",.,"A",.,"A"
"20161","03210403",23,0,"1",780,"D",130,"D",.,"A",390,"D",0,"D",.,"A",.,"A",650,"D",0,"D",.,"A",.,"A",.,"A",.,"A"
"20161","03210413",23,0,"1",390,"D",65,"D",52,"D",260,"D",0,"D",.,"A",.,"A",325,"D",0,"D",12,"D",156,"D",.,"A",.,"A"
"20161","03210423",24,0,"1",1950,"D",650,"D",.,"A",0,"D",0,"D",.,"A",.,"A",1300,"D",0,"D",.,"A",.,"A",.,"A",.,"A"
"20161","03210463",46,0,"1",1300,"D",260,"D",520,"D",455,"D",30,"D",650,"D",.,"A",1040,"D",120,"D",.,"A",.,"A",.,"A",.,"A"
"20161","03210473",29,0,"1",2340,"D",260,"D",.,"A",325,"D",0,"D",.,"A",.,"A",2080,"D",120,"D",.,"A",.,"A",.,"A",.,"A"
"20161","03210493",19,0,"1",975,"D",130,"D",.,"A",130,"D",0,"D",.,"A",.,"A",845,"D",0,"D",.,"A",.,"A",.,"A",.,"A"
"20161","03210503",42,0,"1",1430,"D",260,"D",.,"A",559,"D",0,"D",.,"A",.,"A",1170,"D",0,"D",.,"A",.,"A",.,"A",.,"A"
"20161","03210513",26,0,"1",390,"D",192,"F",.,"A",195,"D",0,"D",.,"A",.,"A",721,"F",0,"D",.,"A",.,"A",.,"A",.,"A"
"20161","03210533",13,0,"1",1690,"D",260,"D",.,"A",390,"D",0,"D",.,"A",.,"A",1430,"D",0,"D",.,"A",.,"A",.,"A",.,"A"
"20161","03210603",64,0,"1",1300,"D",260,"D",65,"D",1105,"D",120,"D",195,"D",.,"A",1040,"D",60,"D",.,"A",.,"A",.,"A",.,"A"
"20161","03210623",34,0,"1",2210,"D",325,"F",.,"A",130,"D",0,"D",.,"A",.,"A",1197,"F",0,"D",.,"A",.,"A",.,"A",.,"A"
"20161","03210633",65,0,"1",2080,"D",780,"D",650,"D",2600,"D",360,"D",.,"A",66,"D",1300,"D",360,"D",.,"A",.,"A",.,"A",.,"A"
"20161","03210683",65,0,"1",1300,"D",260,"D",.,"A",780,"D",0,"D",.,"A",235,"D",1040,"D",60,"D",.,"A",.,"A",.,"A",.,"A"
"20161","03210703",43,0,"1",2275,"D",650,"D",.,"A",130,"D",60,"D",.,"A",.,"A",1625,"D",300,"D",.,"A",.,"A",104,"D",8,"D"
"20161","03210713",50,0,"1",2600,"D",260,"D",.,"A",650,"D",300,"D",.,"A",.,"A",2340,"D",60,"D",.,"A",.,"A",.,"A",.,"A"
"20161","03210753",35,0,"1",1950,"D",156,"D",.,"A",0,"D",0,"D",.,"A",.,"A",1794,"D",9,"D",.,"A",.,"A",.,"A",.,"A"
"20161","03210773",19,0,"1",3120,"D",650,"D",.,"A",0,"D",0,"D",.,"A",.,"A",2470,"D",0,"D",.,"A",.,"A",.,"A",.,"A"
"20161","03210783",33,0,"1",1300,"D",260,"D",.,"A",1300,"D",0,"D",.,"A",.,"A",1040,"D",0,"D",.,"A",.,"A",.,"A",.,"A"
"20161","03210793",66,0,"1",2600,"D",520,"D",.,"A",780,"D",36,"D",.,"A",.,"A",2080,"D",60,"D",.,"A",.,"A",.,"A",.,"A"
"20161","03210823",15,0,"1",3900,"D",0,"D",.,"A",0,"D",0,"D",.,"A",.,"A",3900,"D",0,"D",.,"A",.,"A",.,"A",.,"A"
"20161","03210833",43,0,"1",1950,"D",975,"D",.,"A",1300,"D",0,"D",.,"A",.,"A",975,"D",60,"D",.,"A",.,"A",.,"A",.,"A"
"20161","03210843",55,0,"1",975,"D",260,"D",130,"D",195,"D",60,"D",.,"A",.,"A",715,"D",24,"D",.,"A",.,"A",.,"A",.,"A"
"20161","03210853",42,0,"1",1560,"D",520,"D",.,"A",520,"D",0,"D",.,"A",.,"A",1040,"D",0,"D",15,"D",195,"D",104,"D",8,"D"
"20161","03210863",32,0,"1",11700,"D",328,"F",.,"A",0,"D",0,"D",.,"A",.,"A",1330,"F",0,"D",.,"A",.,"A",.,"A",.,"A"
"20161","03210893",38,0,"1",2600,"D",390,"D",.,"A",520,"D",0,"D",.,"A",.,"A",2210,"D",0,"D",36,"D",468,"D",.,"A",.,"A"
"20161","03210903",18,0,"1",975,"D",130,"D",.,"A",520,"D",0,"D",.,"A",.,"A",845,"D",0,"D",.,"A",.,"A",.,"A",.,"A"
"20161","03210924",38,0,"1",1950,"D",650,"D",.,"A",910,"D",150,"D",.,"A",.,"A",1300,"D",45,"D",.,"A",.,"A",.,"A",.,"A"
"20161","03210963",28,0,"1",650,"D",130,"D",.,"A",676,"D",0,"D",.,"A",.,"A",520,"D",0,"D",.,"A",.,"A",.,"A",.,"A"
"20161","03210973",49,0,"1",1105,"D",130,"D",260,"D",390,"D",0,"D",.,"A",.,"A",975,"D",0,"D",.,"A",.,"A",.,"A",.,"A"
"20161","03210983",17,0,"1",1300,"D",130,"D",.,"A",0,"D",0,"D",.,"A",.,"A",1170,"D",0,"D",25,"D",325,"D",.,"A",.,"A"
"20161","03210993",45,0,"1",1300,"D",260,"D",.,"A",728,"D",0,"D",.,"A",.,"A",1040,"D",0,"D",.,"A",.,"A",.,"A",.,"A"
"20161","03211033",65,0,"1",1950,"D",520,"D",.,"A",1300,"D",0,"D",.,"A",.,"A",1430,"D",0,"D",.,"A",.,"A",.,"A",.,"A"
"20161","03211053",12,0,"1",910,"D",390,"D",.,"A",1040,"D",0,"D",.,"A",.,"A",520,"D",0,"D",.,"A",.,"A",.,"A",.,"A"
"20161","03211063",24,0,"1",1300,"D",0,"D",.,"A",521,"F",0,"D",.,"A",45,"D",1300,"D",0,"D",.,"A",.,"A",.,"A",.,"A"
"20161","03211073",32,0,"1",2600,"D",845,"D",.,"A",0,"D",0,"D",.,"A",.,"A",1755,"D",180,"D",.,"A",.,"A",.,"A",.,"A"
"20161","03211083",16,0,"1",2340,"D",650,"D",.,"A",0,"D",0,"D",.,"A",.,"A",1690,"D",0,"D",.,"A",.,"A",.,"A",.,"A"
"20161","03211093",31,0,"1",1690,"D",195,"D",.,"A",1040,"D",0,"D",.,"A",.,"A",1495,"D",0,"D",.,"A",.,"A",.,"A",.,"A"
"20161","03211123",31,0,"1",1300,"D",130,"D",260,"D",0,"D",0,"D",.,"A",.,"A",1170,"D",0,"D",.,"A",.,"A",.,"A",.,"A"
"20161","03211143",89,0,"1",1820,"D",390,"D",.,"A",3250,"D",900,"D",.,"A",.,"A",1430,"D",300,"D",.,"A",.,"A",.,"A",.,"A"
"20161","03211163",23,0,"1",1300,"D",390,"D",.,"A",130,"D",0,"D",.,"A",.,"A",910,"D",0,"D",.,"A",.,"A",.,"A",.,"A"
"20161","03211183",37,0,"1",1300,"D",260,"D",.,"A",260,"D",0,"D",.,"A",.,"A",1040,"D",75,"D",40,"D",520,"D",.,"A",.,"A"
"20161","03211203",28,0,"1",2600,"D",442,"D",.,"A",650,"D",0,"D",.,"A",.,"A",2158,"D",240,"D",.,"A",.,"A",.,"A",.,"A"
"20161","03211223",11,0,"1",780,"D",192,"F",258,"F",534,"F",0,"D",.,"A",.,"A",721,"F",0,"D",.,"A",.,"A",.,"A",.,"A"
"20161","03211253",37,0,"1",1300,"D",260,"D",520,"D",0,"D",0,"D",.,"A",35,"D",1040,"D",0,"D",.,"A",.,"A",.,"A",.,"A"
"20161","03211273",12,0,"1",520,"D",65,"D",.,"A",0,"D",0,"D",.,"A",.,"A",455,"D",0,"D",.,"A",.,"A",.,"A",.,"A"
"20161","03211283",20,0,"1",390,"D",0,"D",.,"A",195,"D",0,"D",.,"A",.,"A",390,"D",0,"D",.,"A",.,"A",.,"A",.,"A"
"20161","03211293",25,0,"1",1950,"D",260,"D",.,"A",390,"D",0,"D",.,"A",.,"A",1690,"D",0,"D",.,"A",.,"A",.,"A",.,"A"
"20161","03211303",27,0,"1",650,"D",130,"D",.,"A",325,"D",0,"D",.,"A",.,"A",520,"D",30,"D",.,"A",.,"A",.,"A",.,"A"
"20161","03211333",42,0,"1",1300,"D",260,"D",.,"A",390,"D",0,"D",.,"A",.,"A",1040,"D",21,"D",.,"A",.,"A",.,"A",.,"A"
"20161","03211353",33,0,"1",1300,"D",0,"D",.,"A",650,"D",150,"D",.,"A",.,"A",1300,"D",300,"D",.,"A",.,"A",.,"A",.,"A"
"20161","03211363",27,0,"1",0,"D",.,"A",.,"A",1300,"D",264,"F",441,"F",.,"A",0,"D",338,"F",.,"A",.,"A",.,"A",.,"A"
"20161","03211373",35,0,"1",1300,"D",130,"D",.,"A",650,"D",0,"D",.,"A",.,"A",1170,"D",0,"D",20,"D",260,"D",.,"A",.,"A"
"20161","03211393",63,0,"1",1560,"D",260,"D",520,"D",520,"D",90,"D",.,"A",.,"A",1300,"D",150,"D",.,"A",.,"A",.,"A",.,"A"
"20161","03211423",73,0,"1",2015,"D",195,"D",.,"A",1950,"D",0,"D",.,"A",.,"A",1820,"D",0,"D",.,"A",.,"A",.,"A",.,"A"
"20161","03211433",8,0,"1",827,"F",.,"A",.,"A",344,"F",0,"D",.,"A",.,"A",674,"F",0,"D",.,"A",.,"A",.,"A",.,"A"
"20161","03211443",18,0,"1",1950,"D",65,"D",.,"A",325,"D",0,"D",.,"A",.,"A",1885,"D",0,"D",.,"A",.,"A",.,"A",.,"A"
"20161","03211453",46,0,"1",1950,"D",260,"D",.,"A",650,"D",150,"D",.,"A",.,"A",1690,"D",60,"D",.,"A",.,"A",.,"A",.,"A"
"20161","03211463",16,0,"1",715,"D",195,"D",.,"A",0,"D",0,"D",.,"A",.,"A",520,"D",6,"D",.,"A",.,"A",.,"A",.,"A"
"20161","03211473",12,0,"1",1950,"D",390,"D",.,"A",260,"D",0,"D",.,"A",.,"A",1560,"D",0,"D",.,"A",.,"A",.,"A",.,"A"
"20161","03211493",42,0,"1",1625,"D",325,"D",.,"A",130,"D",0,"D",.,"A",.,"A",1300,"D",0,"D",21,"D",273,"D",.,"A",.,"A"
"20161","03211503",40,0,"1",1040,"D",130,"D",.,"A",1040,"D",0,"D",.,"A",.,"A",910,"D",0,"D",.,"A",.,"A",.,"A",.,"A"
"20161","03211513",42,0,"1",1625,"D",325,"D",.,"A",260,"D",0,"D",.,"A",.,"A",1300,"D",0,"D",.,"A",.,"A",.,"A",.,"A"
"20161","03211523",39,0,"1",2600,"D",1300,"D",.,"A",390,"D",0,"D",.,"A",450,"D",1300,"D",108,"D",.,"A",.,"A",.,"A",.,"A"
"20161","03211553",74,0,"1",2600,"D",650,"D",.,"A",1950,"D",0,"D",.,"A",.,"A",1950,"D",0,"D",.,"A",.,"A",.,"A",.,"A"
"20161","03211573",8,0,"1",1812,"F",.,"A",.,"A",648,"F",0,"D",.,"A",.,"A",1569,"F",0,"D",.,"A",.,"A",.,"A",.,"A"
"20161","03211603",53,0,"1",1950,"D",520,"D",.,"A",1300,"D",75,"D",.,"A",.,"A",1430,"D",120,"D",.,"A",.,"A",.,"A",.,"A"
"20161","03211663",27,0,"1",2600,"D",845,"D",.,"A",975,"D",0,"D",.,"A",.,"A",1755,"D",45,"D",.,"C",500,"F",.,"A",.,"A"
"20161","03211683",29,0,"1",1560,"D",325,"D",.,"A",325,"D",0,"D",.,"A",.,"A",1235,"D",0,"D",.,"A",.,"A",.,"A",.,"A"
"20161","03211703",37,0,"1",1560,"D",390,"D",.,"A",1300,"D",0,"D",.,"A",.,"A",1170,"D",0,"D",.,"A",.,"A",.,"A",.,"A"
"20161","03211713",23,0,"1",715,"D",65,"D",.,"A",195,"D",0,"D",.,"A",.,"A",650,"D",0,"D",.,"A",.,"A",.,"A",.,"A"
"20161","03211733",11,0,"1",1300,"D",325,"D",.,"A",195,"D",0,"D",.,"A",.,"A",975,"D",0,"D",.,"A",.,"A",.,"A",.,"A"
"20161","03211813",36,0,"1",520,"D",0,"D",.,"A",650,"D",0,"D",.,"A",.,"A",520,"D",180,"D",.,"A",.,"A",.,"A",.,"A"
"20161","03211823",27,0,"1",1300,"D",195,"D",.,"A",0,"D",0,"D",.,"A",.,"A",1105,"D",0,"D",50,"D",650,"D",.,"A",.,"A"
"20161","03211833",48,0,"1",1950,"D",325,"D",1300,"D",650,"D",0,"D",.,"A",240,"D",1625,"D",0,"D",.,"A",.,"A",.,"A",.,"A"
"20161","03211843",16,0,"1",650,"D",65,"D",.,"A",0,"D",0,"D",.,"A",.,"A",585,"D",0,"D",.,"A",.,"A",.,"A",.,"A"
"20161","03211873",56,0,"1",3250,"D",650,"D",.,"A",1625,"D",300,"D",.,"A",.,"A",2600,"D",150,"D",.,"A",.,"A",.,"A",.,"A"
"20161","03211913",21,0,"1",650,"D",130,"D",.,"A",520,"D",0,"D",.,"A",.,"A",520,"D",0,"D",.,"A",.,"A",.,"A",.,"A"
"20161","03211923",19,0,"1",1950,"D",130,"D",.,"A",559,"F",0,"D",.,"A",.,"A",1820,"D",0,"D",.,"A",.,"A",.,"A",.,"A"
"20161","03211933",49,0,"1",1300,"D",65,"D",65,"D",260,"D",0,"D",.,"A",.,"A",1235,"D",0,"D",.,"A",.,"A",.,"A",.,"A"
"20161","03211943",48,0,"1",3003,"D",754,"D",520,"D",3120,"D",150,"D",.,"A",.,"A",2249,"D",150,"D",.,"A",.,"A",.,"A",.,"A"
"20161","03211953",72,0,"1",3250,"D",325,"D",.,"A",325,"D",75,"D",.,"A",100,"D",2925,"D",120,"D",.,"A",.,"A",.,"A",.,"A"
"20161","03211963",8,0,"1",1105,"D",65,"D",.,"A",325,"D",0,"D",.,"A",.,"A",1040,"D",0,"D",.,"A",.,"A",.,"A",.,"A"
"20161","03211983",43,0,"1",1300,"D",650,"D",.,"A",390,"D",0,"D",.,"A",.,"A",650,"D",0,"D",.,"A",.,"A",.,"A",.,"A"
"20161","03211993",28,0,"1",780,"D",130,"D",.,"A",0,"D",0,"D",.,"A",.,"A",650,"D",0,"D",.,"A",.,"A",.,"A",.,"A"
"20161","03212013",67,0,"1",3120,"D",1040,"D",910,"D",1430,"D",0,"D",.,"A",.,"A",2080,"D",0,"D",.,"A",.,"A",.,"A",.,"A"
"20161","03212043",40,0,"1",3900,"D",325,"D",.,"A",325,"D",150,"D",.,"A",135,"D",3575,"D",150,"D",.,"A",.,"A",.,"A",.,"A"
"20161","03212053",38,0,"1",520,"D",0,"D",.,"A",1300,"D",60,"D",.,"A",.,"A",520,"D",240,"D",.,"A",.,"A",.,"A",.,"A"
"20161","03212063",15,0,"1",1430,"D",260,"D",.,"A",1300,"D",0,"D",.,"A",.,"A",1170,"D",0,"D",.,"A",.,"A",.,"A",.,"A"
"20161","03212083",34,0,"1",2340,"D",390,"D",.,"A",520,"D",0,"D",.,"A",.,"A",1950,"D",15,"D",.,"A",.,"A",.,"A",.,"A"
"20161","03212113",22,0,"1",975,"D",260,"D",.,"A",780,"D",36,"D",.,"A",.,"A",715,"D",0,"D",.,"A",.,"A",.,"A",.,"A"
"20161","03212123",32,0,"1",650,"D",65,"D",.,"A",1300,"D",0,"D",.,"A",.,"A",585,"D",0,"D",.,"A",.,"A",.,"A",.,"A"
"20161","03212133",68,0,"1",2600,"D",260,"D",.,"A",780,"D",0,"D",.,"A",48,"D",2340,"D",0,"D",.,"A",.,"A",.,"A",.,"A"
"20161","03212153",46,0,"1",1300,"D",130,"D",.,"A",5200,"D",180,"D",.,"A",.,"A",1170,"D",90,"D",22,"D",286,"D",.,"A",.,"A"
"20161","03212163",79,0,"1",3263,"D",325,"D",.,"A",520,"D",0,"D",.,"A",.,"A",2938,"D",30,"D",.,"A",.,"A",.,"A",.,"A"
"20161","03212173",39,0,"1",2925,"D",390,"D",.,"A",1261,"D",180,"D",.,"A",.,"A",2535,"D",135,"D",.,"A",.,"A",.,"A",.,"A"
"20161","03212183",30,0,"1",975,"D",130,"D",130,"D",130,"D",0,"D",.,"A",.,"A",845,"D",0,"D",.,"A",.,"A",.,"A",.,"A"
"20161","03212193",19,0,"1",650,"D",130,"D",.,"A",0,"D",0,"D",.,"A",.,"A",520,"D",0,"D",.,"C",500,"F",.,"A",.,"A"
"20161","03212233",22,0,"1",650,"D",65,"D",.,"A",0,"D",0,"D",.,"A",.,"A",585,"D",0,"D",.,"A",.,"A",.,"A",.,"A"
"20161","03212243",31,0,"1",1560,"D",390,"D",.,"A",520,"D",0,"D",.,"A",.,"A",1170,"D",0,"D",.,"A",.,"A",.,"A",.,"A"
"20161","03212253",24,0,"1",2210,"D",520,"D",.,"A",0,"D",0,"D",.,"A",.,"A",1690,"D",0,"D",.,"A",.,"A",.,"A",.,"A"
"20161","03212293",47,0,"1",2275,"D",650,"D",.,"A",780,"D",0,"D",.,"A",.,"A",1625,"D",60,"D",.,"A",.,"A",.,"A",.,"A"
"20161","03212303",54,0,"1",2925,"D",260,"D",.,"A",2600,"D",30,"D",.,"A",.,"A",2665,"D",120,"D",.,"A",.,"A",.,"A",.,"A"
"20161","03212313",58,0,"1",1300,"D",390,"D",.,"A",910,"D",0,"D",.,"A",260,"D",910,"D",0,"D",.,"A",.,"A",.,"A",.,"A"
"20161","03212323",37,0,"1",1300,"D",130,"D",.,"A",390,"D",0,"D",.,"A",.,"A",1170,"D",75,"D",.,"A",.,"A",.,"A",.,"A"
"20161","03212333",25,0,"1",1300,"D",325,"D",.,"A",0,"D",0,"D",.,"A",.,"A",975,"D",0,"D",33,"D",429,"D",.,"A",.,"A"
"20161","03212353",38,0,"1",3250,"D",302,"F",.,"A",1300,"D",0,"D",.,"A",.,"A",1110,"F",0,"D",.,"A",.,"A",.,"A",.,"A"
"20161","03212443",33,0,"1",1495,"D",195,"D",.,"A",2600,"D",6,"D",.,"A",.,"A",1300,"D",6,"D",.,"A",.,"A",.,"A",.,"A"
"20161","03212453",12,0,"1",520,"D",195,"D",65,"D",0,"D",0,"D",.,"A",.,"A",325,"D",0,"D",.,"A",.,"A",.,"A",.,"A"
"20161","03212473",38,0,"1",3250,"D",260,"D",.,"A",650,"D",300,"D",.,"A",.,"A",2990,"D",600,"D",.,"A",.,"A",.,"A",.,"A"
"20161","03212483",43,0,"1",1950,"D",650,"D",.,"A",325,"D",0,"D",.,"A",.,"A",1300,"D",0,"D",.,"A",.,"A",.,"A",.,"A"
"20161","03212503",48,0,"1",2080,"D",910,"D",.,"A",1300,"D",0,"D",.,"A",.,"A",1170,"D",0,"D",.,"A",.,"A",.,"A",.,"A"
"20161","03212513",34,0,"1",1950,"D",328,"F",.,"A",818,"F",0,"D",.,"A",.,"A",1330,"F",0,"D",.,"A",.,"A",.,"A",.,"A"
"20161","03212583",57,0,"1",1235,"D",195,"D",.,"A",455,"D",0,"D",.,"A",.,"A",1040,"D",0,"D",.,"A",.,"A",.,"A",.,"A"
"20161","03212613",54,0,"1",3250,"D",390,"D",.,"A",975,"D",75,"D",.,"A",30,"D",2860,"D",150,"D",25,"D",325,"D",.,"A",.,"A"
"20161","03212623",35,0,"1",1300,"D",325,"D",1820,"D",650,"D",0,"D",.,"A",.,"A",975,"D",0,"D",.,"A",.,"A",.,"A",.,"A"
"20161","03212633",32,0,"1",390,"D",104,"D",.,"A",0,"D",0,"D",.,"A",.,"A",286,"D",0,"D",.,"A",.,"A",.,"A",.,"A"
"20161","03212653",24,0,"1",455,"D",195,"D",.,"A",0,"D",0,"D",.,"A",.,"A",260,"D",0,"D",.,"A",.,"A",.,"A",.,"A"
"20161","03212673",44,0,"1",2600,"D",650,"D",2600,"D",1950,"D",150,"D",.,"A",.,"A",1950,"D",225,"D",.,"A",.,"A",.,"A",.,"A"
"20161","03212683",49,0,"1",1625,"D",156,"D",.,"A",650,"D",0,"D",.,"A",200,"D",1469,"D",0,"D",.,"A",.,"A",.,"A",.,"A"
"20161","03212713",26,0,"1",455,"D",26,"D",.,"A",260,"D",0,"D",.,"A",.,"A",429,"D",0,"D",.,"A",.,"A",.,"A",.,"A"
"20161","03212753",30,0,"1",1690,"D",156,"D",.,"A",195,"D",0,"D",.,"A",.,"A",1534,"D",0,"D",.,"A",.,"A",.,"A",.,"A"
"20161","03212773",19,0,"1",1950,"D",406,"F",.,"A",0,"D",0,"D",.,"A",.,"A",1649,"F",0,"D",.,"A",.,"A",.,"A",.,"A"
"20161","03212793",32,0,"1",910,"D",0,"D",.,"A",1950,"D",0,"D",.,"A",.,"A",910,"D",0,"D",.,"A",.,"A",.,"A",.,"A"
"20161","03212804",19,0,"1",1040,"D",130,"D",.,"A",520,"D",60,"D",.,"A",.,"A",910,"D",15,"D",.,"A",.,"A",.,"A",.,"A"
"20161","03212813",58,0,"1",2080,"D",390,"D",.,"A",650,"D",180,"D",.,"A",.,"A",1690,"D",180,"D",.,"A",.,"A",.,"A",.,"A"
"20161","03212823",21,0,"1",702,"D",351,"D",.,"A",0,"D",0,"D",.,"A",.,"A",351,"D",0,"D",.,"A",.,"A",.,"A",.,"A"
"20161","03212843",19,0,"1",520,"D",130,"D",.,"A",0,"D",0,"D",.,"A",.,"A",390,"D",0,"D",25,"D",325,"D",.,"A",.,"A"
"20161","03212853",33,0,"1",827,"F",.,"A",.,"A",0,"D",0,"D",.,"A",.,"A",674,"F",0,"D",28,"D",364,"D",.,"A",.,"A"
"20161","03212883",36,0,"1",2600,"D",650,"D",.,"A",650,"D",0,"D",.,"A",.,"A",1950,"D",0,"D",.,"A",.,"A",.,"A",.,"A"
"20161","03212903",30,0,"1",975,"D",390,"D",975,"D",0,"D",0,"D",.,"A",.,"A",585,"D",0,"D",.,"A",.,"A",.,"A",.,"A"
"20161","03212963",71,0,"1",1651,"D",260,"D",.,"A",728,"D",60,"D",.,"A",.,"A",1391,"D",300,"D",.,"A",.,"A",.,"A",.,"A"
"20161","03212983",47,0,"1",2600,"D",1040,"D",.,"A",1300,"D",0,"D",.,"A",.,"A",1560,"D",90,"D",.,"A",.,"A",.,"A",.,"A"
"20161","03212993",19,0,"1",260,"D",65,"D",.,"A",260,"D",0,"D",.,"A",.,"A",195,"D",0,"D",.,"A",.,"A",.,"A",.,"A"
"20161","03213003",42,0,"1",975,"D",0,"D",325,"D",650,"D",0,"D",.,"A",.,"A",975,"D",0,"D",.,"A",.,"A",.,"A",.,"A"
"20161","03213043",24,0,"1",650,"D",130,"D",.,"A",0,"D",0,"D",.,"A",.,"A",520,"D",0,"D",.,"A",.,"A",.,"A",.,"A"
"20161","03213053",50,0,"1",975,"D",130,"D",.,"A",0,"D",0,"D",.,"A",.,"A",845,"D",0,"D",.,"A",.,"A",.,"A",.,"A"
"20161","03213074",7,0,"1",0,"D",.,"A",130,"D",130,"D",0,"D",.,"A",.,"A",0,"D",0,"D",.,"A",.,"A",.,"A",.,"A"
"20161","03213113",70,0,"1",1729,"D",325,"D",1053,"D",260,"D",108,"D",.,"A",.,"A",1404,"D",120,"D",.,"A",.,"A",.,"A",.,"A"
"20161","03213123",16,0,"1",780,"D",260,"D",.,"A",195,"D",0,"D",.,"A",.,"A",520,"D",0,"D",.,"A",.,"A",.,"A",.,"A"
"20161","03213153",45,0,"1",1456,"D",156,"D",.,"A",559,"D",0,"D",.,"A",72,"D",1300,"D",0,"D",.,"A",.,"A",26,"D",2,"D"
"20161","03213173",53,0,"1",1300,"D",260,"D",.,"A",325,"D",0,"D",.,"A",.,"A",1040,"D",0,"D",.,"A",.,"A",.,"A",.,"A"
"20161","03213183",58,0,"1",780,"D",130,"D",.,"A",130,"D",0,"D",.,"A",.,"A",650,"D",0,"D",.,"A",.,"A",.,"A",.,"A"
"20161","03213203",49,0,"1",2340,"D",260,"D",.,"A",390,"D",0,"D",.,"A",.,"A",2080,"D",30,"D",.,"A",.,"A",.,"A",.,"A"
"20161","03213273",74,0,"1",975,"D",130,"D",.,"A",650,"D",0,"D",.,"A",.,"A",845,"D",0,"D",.,"A",.,"A",.,"A",.,"A"
"20161","03213343",42,0,"1",520,"D",65,"D",.,"A",1300,"D",60,"D",.,"A",.,"A",455,"D",60,"D",.,"A",.,"A",.,"A",.,"A"
"20161","03213353",57,0,"1",4875,"D",455,"D",.,"A",520,"D",0,"D",.,"A",.,"A",4420,"D",0,"D",.,"A",.,"A",.,"A",.,"A"
"20161","03213363",32,0,"1",1170,"D",260,"D",.,"A",520,"D",0,"D",.,"A",.,"A",910,"D",60,"D",.,"A",.,"A",.,"A",.,"A"
"20161","03213393",37,0,"1",975,"D",585,"D",.,"A",130,"D",0,"D",.,"A",.,"A",390,"D",0,"D",.,"A",.,"A",.,"A",.,"A"
"20161","03213403",37,0,"1",1300,"D",130,"D",.,"A",780,"D",0,"D",.,"A",.,"A",1170,"D",15,"D",.,"A",.,"A",.,"A",.,"A"
"20161","03213413",40,0,"1",1300,"D",130,"D",195,"D",156,"D",0,"D",.,"A",.,"A",1170,"D",75,"D",.,"A",.,"A",.,"A",.,"A"
"20161","03213443",57,0,"1",2600,"D",455,"D",104,"D",520,"D",30,"D",.,"A",.,"A",2145,"D",150,"D",10,"D",130,"D",.,"A",.,"A"
"20161","03213453",40,0,"1",650,"D",0,"D",65,"D",975,"D",480,"D",.,"A",.,"A",650,"D",75,"D",.,"A",.,"A",.,"A",.,"A"
"20161","03213473",20,0,"1",1040,"D",130,"D",.,"A",520,"D",0,"D",.,"A",.,"A",910,"D",0,"D",.,"A",.,"A",.,"A",.,"A"
"20161","03213483",42,0,"1",1300,"D",260,"D",.,"A",260,"D",0,"D",.,"A",.,"A",1040,"D",60,"D",.,"A",.,"A",390,"D",30,"D"
"20161","03213503",23,0,"1",780,"D",130,"D",195,"D",0,"D",0,"D",.,"A",.,"A",650,"D",0,"D",60,"D",780,"D",.,"A",.,"A"
"20161","03213533",51,0,"1",2210,"D",910,"D",.,"A",585,"D",0,"D",.,"A",.,"A",1300,"D",0,"D",.,"A",.,"A",.,"A",.,"A"
"20161","03213543",10,0,"1",1105,"D",65,"D",.,"A",0,"D",0,"D",.,"A",.,"A",1040,"D",0,"D",40,"D",520,"D",.,"A",.,"A"
"20161","03213553",46,0,"1",3900,"D",0,"D",.,"A",780,"D",0,"D",.,"A",.,"A",3900,"D",150,"D",.,"A",.,"A",.,"A",.,"A"
"20161","03213563",16,0,"1",390,"D",390,"D",.,"A",0,"D",0,"D",.,"A",.,"A",0,"D",0,"D",.,"A",.,"A",.,"A",.,"A"
"20161","03213573",35,0,"1",1300,"D",325,"D",.,"A",260,"D",30,"D",.,"A",.,"A",975,"D",60,"D",.,"A",.,"A",.,"A",.,"A"
"20161","03213603",10,0,"1",827,"F",.,"A",.,"A",0,"D",0,"D",.,"A",.,"A",674,"F",0,"D",.,"A",.,"A",.,"A",.,"A"
"20161","03213683",20,0,"1",5200,"D",1950,"D",.,"A",1300,"D",1500,"D",.,"A",.,"A",3250,"D",300,"D",30,"D",390,"D",.,"A",.,"A"
"20161","03213693",41,0,"1",1300,"D",260,"D",.,"A",650,"D",120,"D",.,"A",.,"A",1040,"D",75,"D",.,"A",.,"A",.,"A",.,"A"
"20161","03213713",19,0,"1",715,"D",65,"D",.,"A",650,"D",0,"D",.,"A",.,"A",650,"D",0,"D",.,"A",.,"A",585,"D",45,"D"
"20161","03213723",8,0,"1",780,"D",130,"D",.,"A",0,"D",0,"D",.,"A",.,"A",650,"D",0,"D",57,"D",741,"D",.,"A",.,"A"
"20161","03213733",20,0,"1",650,"D",65,"D",.,"A",0,"D",0,"D",.,"A",.,"A",585,"D",0,"D",.,"A",.,"A",.,"A",.,"A"
"20161","03213753",71,0,"1",1456,"D",260,"D",.,"A",494,"D",0,"D",.,"A",.,"A",1196,"D",0,"D",.,"A",.,"A",.,"A",.,"A"
"20161","03213773",59,0,"1",1950,"D",650,"D",.,"A",1300,"D",0,"D",.,"A",.,"A",1300,"D",0,"D",.,"A",.,"A",.,"A",.,"A"
"20161","03213803",48,0,"1",1950,"D",390,"D",.,"A",650,"D",0,"D",.,"A",.,"A",1560,"D",120,"D",.,"A",.,"A",.,"A",.,"A"
"20161","03213813",35,0,"1",975,"D",260,"D",.,"A",975,"D",240,"D",.,"A",.,"A",715,"D",300,"D",.,"A",.,"A",.,"A",.,"A"
"20161","03213843",46,0,"1",1430,"D",390,"D",0,"D",325,"D",75,"D",.,"A",.,"A",1040,"D",45,"D",.,"A",.,"A",.,"A",.,"A"
"20161","03213853",51,0,"1",650,"D",65,"D",.,"A",260,"D",0,"D",.,"A",.,"A",585,"D",0,"D",.,"A",.,"A",.,"A",.,"A"
"20161","03213873",13,0,"1",260,"D",0,"D",.,"A",344,"F",0,"D",.,"A",.,"A",260,"D",0,"D",.,"A",.,"A",.,"A",.,"A"
"20161","03213883",38,0,"1",1950,"D",260,"D",.,"A",650,"D",150,"D",.,"A",.,"A",1690,"D",150,"D",.,"A",.,"A",.,"A",.,"A"
"20161","03213903",21,0,"1",520,"D",130,"D",260,"D",325,"D",360,"D",.,"A",.,"A",390,"D",90,"D",.,"A",.,"A",.,"A",.,"A"
"20161","03213923",57,0,"1",845,"D",195,"D",.,"A",585,"D",0,"D",.,"A",.,"A",650,"D",0,"D",36,"D",468,"D",.,"A",.,"A"
"20161","03214003",37,0,"1",1300,"D",260,"D",.,"A",1300,"D",60,"D",.,"A",60,"D",1040,"D",30,"D",.,"A",.,"A",.,"A",.,"A"
"20161","03214033",8,0,"1",650,"D",156,"D",.,"A",0,"D",0,"D",.,"A",.,"A",494,"D",900,"D",.,"A",.,"A",.,"A",.,"A"
"20161","03214043",29,0,"1",1040,"D",260,"D",.,"A",520,"D",0,"D",.,"A",.,"A",780,"D",0,"D",.,"A",.,"A",.,"A",.,"A"
"20161","03214063",56,0,"1",1950,"D",523,"F",.,"A",1300,"D",0,"D",.,"A",.,"A",2210,"F",0,"D",15,"D",195,"D",.,"A",.,"A"
"20161","03214113",69,0,"1",1339,"D",260,"D",.,"A",260,"D",0,"D",.,"A",.,"A",1079,"D",300,"D",.,"A",.,"A",.,"A",.,"A"
"20161","03214163",16,0,"1",780,"D",325,"D",65,"D",130,"D",0,"D",.,"A",.,"A",455,"D",15,"D",.,"A",.,"A",.,"A",.,"A"
"20161","03214173",33,0,"1",325,"D",195,"D",.,"A",2600,"D",0,"D",.,"A",.,"A",130,"D",0,"D",.,"A",.,"A",.,"A",.,"A"
"20161","03214193",30,0,"1",1300,"D",390,"D",.,"A",520,"D",0,"D",.,"A",.,"A",910,"D",600,"D",.,"A",.,"A",.,"A",.,"A"
"20161","03214233",10,0,"1",650,"D",130,"D",.,"A",0,"D",0,"D",.,"A",.,"A",520,"D",0,"D",.,"A",.,"A",.,"A",.,"A"
"20161","03214263",82,0,"1",2600,"D",780,"D",.,"A",1690,"D",0,"D",.,"A",550,"D",1820,"D",300,"D",.,"A",.,"A",.,"A",.,"A"
"20161","03214283",16,0,"1",1040,"D",65,"D",.,"A",0,"D",0,"D",.,"A",0,"D",975,"D",0,"D",.,"A",.,"A",.,"A",.,"A"
"20161","03214373",29,0,"1",2600,"D",260,"D",.,"A",780,"D",0,"D",.,"A",.,"A",2340,"D",0,"D",50,"D",650,"D",.,"A",.,"A"
"20161","03214393",57,0,"1",1950,"D",780,"D",325,"D",650,"D",300,"D",.,"A",.,"A",1170,"D",450,"D",.,"A",.,"A",.,"A",.,"A"
"20161","03214423",15,0,"1",650,"D",65,"D",195,"D",390,"D",0,"D",.,"A",.,"A",585,"D",0,"D",.,"A",.,"A",.,"A",.,"A"
"20161","03214483",9,0,"1",827,"F",.,"A",.,"A",0,"D",0,"D",.,"A",.,"A",674,"F",0,"D",.,"C",340,"F",.,"A",.,"A"
"20161","03214493",17,0,"1",780,"D",65,"D",.,"A",0,"D",0,"D",.,"A",.,"A",715,"D",0,"D",.,"A",.,"A",.,"A",.,"A"
"20161","03214503",27,0,"1",975,"D",260,"D",.,"A",585,"D",0,"D",.,"A",.,"A",715,"D",0,"D",.,"A",.,"A",.,"A",.,"A"
"20161","03214543",23,0,"1",1300,"D",65,"D",.,"A",528,"F",0,"D",.,"A",.,"A",1235,"D",0,"D",.,"A",.,"A",.,"A",.,"A"
"20161","03214553",18,0,"1",1820,"D",260,"D",.,"A",390,"D",0,"D",.,"A",.,"A",1560,"D",120,"D",.,"A",.,"A",.,"A",.,"A"
"20161","03214563",42,0,"1",1560,"D",260,"D",.,"A",780,"D",0,"D",.,"A",.,"A",1300,"D",0,"D",.,"A",.,"A",.,"A",.,"A"
"20161","03214583",21,0,"1",325,"D",65,"D",.,"A",0,"D",0,"D",.,"A",.,"A",260,"D",60,"D",.,"A",.,"A",.,"A",.,"A"
"20161","03214593",17,0,"1",1820,"D",260,"D",130,"D",818,"F",134,"F",.,"A",.,"A",1560,"D",130,"F",.,"A",.,"A",.,"A",.,"A"
"20161","03214633",18,0,"1",3250,"D",390,"D",.,"A",520,"D",0,"D",.,"A",.,"A",2860,"D",0,"D",.,"A",.,"A",.,"A",.,"A"
"20161","03214643",68,0,"1",2275,"D",650,"D",169,"D",1300,"D",120,"D",.,"A",.,"A",1625,"D",240,"D",.,"A",.,"A",.,"A",.,"A"
"20161","03214663",18,0,"1",1560,"D",130,"D",.,"A",1300,"D",0,"D",.,"A",.,"A",1430,"D",0,"D",.,"A",.,"A",.,"A",.,"A"
"20161","03214713",23,0,"1",1170,"D",390,"D",.,"A",0,"D",0,"D",.,"A",.,"A",780,"D",15,"D",.,"A",.,"A",.,"A",.,"A"
"20161","03214723",35,0,"1",780,"D",65,"D",.,"A",260,"D",0,"D",.,"A",.,"A",715,"D",0,"D",.,"A",.,"A",.,"A",.,"A"
"20161","03214733",34,0,"1",1560,"D",130,"D",.,"A",0,"D",0,"D",.,"A",.,"A",1430,"D",0,"D",.,"A",.,"A",.,"A",.,"A"
"20161","03214763",21,0,"1",1300,"D",390,"D",.,"A",325,"D",0,"D",.,"A",.,"A",910,"D",0,"D",.,"A",.,"A",.,"A",.,"A"
"20161","03214773",63,0,"1",1300,"D",260,"D",.,"A",650,"D",150,"D",.,"A",.,"A",1040,"D",210,"D",.,"A",.,"A",.,"A",.,"A"
"20161","03214793",27,0,"1",1950,"D",0,"D",.,"A",0,"D",0,"D",.,"A",.,"A",1950,"D",0,"D",.,"A",.,"A",.,"A",.,"A"
"20161","03214803",41,0,"1",130,"D",104,"D",.,"A",1950,"D",0,"D",.,"A",.,"A",26,"D",0,"D",.,"A",.,"A",.,"A",.,"A"
"20161","03214823",46,0,"1",3250,"D",650,"D",.,"A",780,"D",0,"D",.,"A",.,"A",2600,"D",0,"D",.,"A",.,"A",.,"A",.,"A"
"20161","03214873",29,0,"1",1300,"D",195,"D",195,"D",650,"D",30,"D",.,"A",.,"A",1105,"D",90,"D",.,"A",.,"A",.,"A",.,"A"
"20161","03214883",58,0,"1",1950,"D",325,"D",.,"A",1300,"D",0,"D",.,"A",.,"A",1625,"D",0,"D",.,"A",.,"A",.,"A",.,"A"
"20161","03214893",22,0,"1",650,"D",91,"D",429,"D",260,"D",30,"D",.,"A",.,"A",559,"D",150,"D",.,"A",.,"A",.,"A",.,"A"
"20161","03214903",26,0,"1",2600,"D",650,"D",.,"A",650,"F",0,"D",.,"A",.,"A",1950,"D",0,"D",.,"A",.,"A",.,"A",.,"A"
"20161","03214933",33,0,"1",260,"D",0,"D",.,"A",117,"D",120,"D",.,"A",.,"A",260,"D",0,"D",.,"A",.,"A",.,"A",.,"A"
"20161","03214943",22,0,"1",650,"D",130,"D",.,"A",0,"D",0,"D",.,"A",.,"A",520,"D",0,"D",.,"A",.,"A",.,"A",.,"A"
"20161","03214953",52,0,"1",650,"D",130,"D",260,"D",260,"D",0,"D",.,"A",.,"A",520,"D",150,"D",50,"D",650,"D",.,"A",.,"A"
"20161","03214983",22,0,"1",650,"D",130,"D",.,"A",0,"D",0,"D",.,"A",.,"A",520,"D",30,"D",20,"D",260,"D",.,"A",.,"A"
"20161","03215003",38,0,"1",1300,"D",195,"D",650,"D",1950,"D",150,"D",.,"A",.,"A",1105,"D",60,"D",.,"A",.,"A",.,"A",.,"A"
"20161","03215013",49,0,"1",1950,"D",650,"D",.,"A",1300,"D",150,"D",.,"A",.,"A",1300,"D",120,"D",.,"A",.,"A",.,"A",.,"A"
"20161","03215053",9,0,"1",520,"D",0,"D",.,"A",0,"D",0,"D",.,"A",.,"A",520,"D",480,"D",.,"A",.,"A",.,"A",.,"A"
"20161","03215103",40,0,"1",975,"D",325,"D",.,"A",0,"D",0,"D",.,"A",.,"A",650,"D",0,"D",.,"A",.,"A",.,"A",.,"A"
"20161","03215113",76,0,"1",2340,"D",650,"D",.,"A",520,"D",0,"D",.,"A",.,"A",1690,"D",0,"D",.,"A",.,"A",.,"A",.,"A"
"20161","03215153",24,0,"1",2145,"D",195,"D",.,"A",910,"D",0,"D",.,"A",.,"A",1950,"D",0,"D",.,"A",.,"A",.,"A",.,"A"
"20161","03215173",7,0,"1",0,"D",.,"A",.,"A",0,"D",0,"D",.,"A",.,"A",0,"D",0,"D",.,"A",.,"A",.,"A",.,"A"
"20161","03215183",35,0,"1",1950,"D",520,"D",.,"A",0,"D",0,"D",.,"A",.,"A",1430,"D",0,"D",.,"A",.,"A",130,"D",10,"D"
"20161","03215203",17,0,"1",883,"F",.,"A",.,"A",534,"F",158,"F",.,"A",.,"A",721,"F",124,"F",.,"A",.,"A",.,"A",.,"A"
"20161","03215213",24,0,"1",910,"D",195,"D",.,"A",1040,"D",0,"D",.,"A",.,"A",715,"D",0,"D",.,"A",.,"A",.,"A",.,"A"
"20161","03215233",32,0,"1",2925,"D",260,"D",.,"A",780,"D",300,"D",.,"A",.,"A",2665,"D",150,"D",.,"A",.,"A",.,"A",.,"A"
"20161","03215263",26,0,"1",1560,"D",260,"D",.,"A",0,"D",0,"D",.,"A",.,"A",1300,"D",75,"D",.,"A",.,"A",.,"A",.,"A"
"20161","03215303",21,0,"1",585,"D",0,"D",130,"D",260,"D",0,"D",.,"A",.,"A",585,"D",0,"D",.,"A",.,"A",.,"A",.,"A"
"20161","03215323",24,0,"1",585,"D",260,"D",.,"A",0,"D",0,"D",.,"A",.,"A",325,"D",60,"D",.,"A",.,"A",.,"A",.,"A"
"20161","03215333",30,0,"1",234,"D",78,"D",.,"A",650,"D",0,"D",.,"A",.,"A",156,"D",0,"D",.,"A",.,"A",.,"A",.,"A"
"20161","03215343",52,0,"1",650,"D",130,"D",.,"A",1300,"D",240,"D",.,"A",.,"A",520,"D",60,"D",.,"A",.,"A",.,"A",.,"A"
"20161","03215373",45,0,"1",1560,"D",104,"D",.,"A",416,"D",0,"D",.,"A",.,"A",1456,"D",0,"D",.,"A",.,"A",.,"A",.,"A"
"20161","03215393",28,0,"1",827,"F",.,"A",.,"A",0,"D",0,"D",.,"A",.,"A",674,"F",0,"D",.,"A",.,"A",.,"A",.,"A"
"20161","03215413",65,0,"1",2600,"D",780,"D",65,"D",650,"D",0,"D",.,"A",.,"A",1820,"D",90,"D",.,"A",.,"A",.,"A",.,"A"
"20161","03215423",18,0,"1",260,"D",0,"D",.,"A",0,"D",0,"D",.,"A",.,"A",260,"D",0,"D",.,"A",.,"A",.,"A",.,"A"
"20161","03215433",23,0,"1",260,"D",78,"D",.,"A",1300,"D",300,"D",.,"A",.,"A",182,"D",150,"D",.,"A",.,"A",.,"A",.,"A"
"20161","03215453",18,0,"1",325,"D",65,"D",.,"A",325,"D",0,"D",.,"A",.,"A",260,"D",0,"D",.,"A",.,"A",.,"A",.,"A"
"20161","03215463",56,0,"1",3900,"D",1300,"D",.,"A",585,"D",0,"D",.,"A",.,"A",2600,"D",0,"D",.,"A",.,"A",.,"A",.,"A"
"20161","03215473",114,0,"1",1300,"D",429,"D",130,"D",130,"D",45,"D",.,"A",.,"A",871,"D",0,"D",.,"A",.,"A",.,"A",.,"A"
"20161","03215483",43,0,"1",2600,"D",0,"D",.,"A",325,"D",0,"D",.,"A",.,"A",2600,"D",0,"D",.,"A",.,"A",.,"A",.,"A"
"20161","03215493",29,0,"1",3055,"D",336,"F",325,"D",325,"D",0,"D",.,"A",75,"D",1569,"F",0,"D",.,"A",.,"A",.,"A",.,"A"
"20161","03215503",22,0,"1",1300,"D",130,"D",.,"A",325,"D",0,"D",.,"A",.,"A",1170,"D",0,"D",.,"A",.,"A",.,"A",.,"A"
"20161","03215523",38,0,"1",650,"D",65,"D",.,"A",130,"D",0,"D",.,"A",.,"A",585,"D",0,"D",.,"A",.,"A",.,"A",.,"A"
"20161","03215533",28,0,"1",1300,"D",260,"D",.,"A",1300,"D",0,"D",.,"A",.,"A",1040,"D",0,"D",.,"A",.,"A",.,"A",.,"A"
"20161","03215543",45,0,"1",1105,"D",195,"D",.,"A",0,"D",30,"D",.,"A",.,"A",910,"D",30,"D",.,"A",.,"A",.,"A",.,"A"
"20161","03215553",54,0,"1",1950,"D",650,"D",13,"D",650,"D",240,"D",.,"A",.,"A",1300,"D",900,"D",.,"A",.,"A",325,"D",25,"D"
"20161","03215593",18,0,"1",715,"D",65,"D",.,"A",1300,"D",0,"D",.,"A",.,"A",650,"D",0,"D",.,"A",.,"A",.,"A",.,"A"
"20161","03215603",30,0,"1",650,"D",130,"D",.,"A",195,"D",0,"D",.,"A",.,"A",520,"D",0,"D",.,"A",.,"A",.,"A",.,"A"
"20161","03215664",21,0,"1",1417,"D",260,"D",.,"A",0,"D",0,"D",.,"A",.,"A",1157,"D",0,"D",5,"D",65,"D",.,"A",.,"A"
"20161","03215673",52,0,"1",650,"D",195,"D",260,"D",260,"D",0,"D",.,"A",.,"A",455,"D",0,"D",60,"D",780,"D",.,"A",.,"A"
"20161","03215733",59,0,"1",2600,"D",975,"D",.,"A",520,"D",0,"D",.,"A",.,"A",1625,"D",450,"D",.,"A",.,"A",260,"D",20,"D"
"20161","03215743",19,0,"1",1950,"D",130,"D",.,"A",0,"D",0,"D",.,"A",.,"A",1820,"D",300,"D",.,"A",.,"A",.,"A",.,"A"
"20161","03215753",45,0,"1",1690,"D",520,"D",.,"A",715,"D",0,"D",.,"A",.,"A",1170,"D",36,"D",.,"A",.,"A",195,"D",15,"D"
"20161","03215773",61,0,"1",1950,"D",0,"D",325,"D",260,"D",30,"D",.,"A",.,"A",1950,"D",0,"D",.,"A",.,"A",.,"A",.,"A"
"20161","03215813",31,0,"1",1300,"D",260,"D",130,"D",130,"D",0,"D",.,"A",.,"A",1040,"D",0,"D",.,"A",.,"A",.,"A",.,"A"
"20161","03215833",28,0,"1",2600,"D",0,"D",.,"A",650,"D",0,"D",.,"A",.,"A",2600,"D",0,"D",.,"A",.,"A",.,"A",.,"A"
"20161","03215873",41,0,"1",2600,"D",650,"D",975,"D",1300,"D",0,"D",.,"A",.,"A",1950,"D",0,"D",.,"A",.,"A",.,"A",.,"A"
"20161","03215913",33,0,"1",1300,"D",0,"D",195,"D",0,"D",0,"D",.,"A",.,"A",1300,"D",60,"D",45,"D",585,"D",.,"A",.,"A"
"20161","03215923",28,0,"1",1300,"D",260,"D",520,"D",390,"D",0,"D",.,"A",.,"A",1040,"D",60,"D",.,"A",.,"A",.,"A",.,"A"
"20161","03215933",14,0,"1",1950,"D",65,"D",.,"A",0,"D",0,"D",.,"A",.,"A",1885,"D",0,"D",.,"A",.,"A",.,"A",.,"A"
"20161","03215953",27,0,"1",2925,"D",130,"D",.,"A",975,"D",6,"D",.,"A",.,"A",2795,"D",0,"D",.,"A",.,"A",.,"A",.,"A"
"20161","03215973",12,0,"1",780,"D",260,"D",.,"A",0,"D",0,"D",.,"A",.,"A",520,"D",0,"D",.,"A",.,"A",.,"A",.,"A"
"20161","03216013",26,0,"1",650,"D",130,"D",.,"A",650,"D",0,"D",.,"A",.,"A",520,"D",0,"D",.,"A",.,"A",.,"A",.,"A"
"20161","03216023",32,0,"1",1625,"D",325,"D",195,"D",520,"D",60,"D",.,"A",.,"A",1300,"D",60,"D",.,"A",.,"A",.,"A",.,"A"
"20161","03216033",16,0,"1",1625,"D",390,"D",.,"A",0,"D",0,"D",.,"A",.,"A",1235,"D",0,"D",.,"A",.,"A",.,"A",.,"A"
"20161","03216043",15,0,"1",1300,"D",390,"D",.,"A",1300,"D",150,"D",.,"A",.,"A",910,"D",180,"D",.,"A",.,"A",.,"A",.,"A"
"20161","03216053",24,0,"1",2275,"D",520,"D",.,"A",390,"D",0,"D",.,"A",.,"A",1755,"D",0,"D",5,"D",65,"D",.,"A",.,"A"
"20161","03216073",64,0,"1",1950,"D",130,"D",.,"A",0,"D",60,"D",.,"A",6,"D",1820,"D",60,"D",.,"A",.,"A",.,"A",.,"A"
"20161","03216083",37,0,"1",1430,"D",390,"D",.,"A",130,"D",300,"D",.,"A",.,"A",1040,"D",1200,"D",100,"D",1300,"D",.,"A",.,"A"
"20161","03216113",71,0,"1",4550,"D",650,"D",.,"A",780,"D",198,"F",.,"A",.,"A",3900,"D",450,"D",.,"A",.,"A",.,"A",.,"A"
"20161","03216143",31,0,"1",1105,"D",104,"D",.,"A",0,"D",0,"D",.,"A",.,"A",1001,"D",0,"D",.,"A",.,"A",.,"A",.,"A"
"20161","03216153",17,0,"1",650,"D",130,"D",.,"A",325,"D",0,"D",.,"A",.,"A",520,"D",225,"D",.,"A",.,"A",.,"A",.,"A"
"20161","03216173",35,0,"1",2600,"D",0,"D",502,"F",1138,"F",137,"F",.,"A",.,"A",2600,"D",178,"F",.,"A",.,"A",.,"A",.,"A"
"20161","03216183",17,0,"1",975,"D",130,"D",.,"A",325,"D",0,"D",.,"A",.,"A",845,"D",0,"D",.,"A",.,"A",.,"A",.,"A"
"20161","03216193",38,0,"1",2600,"D",260,"D",.,"A",520,"D",0,"D",.,"A",.,"A",2340,"D",0,"D",.,"A",.,"A",.,"A",.,"A"
"20161","03216213",19,0,"1",1560,"D",390,"D",.,"A",0,"D",0,"D",.,"A",.,"A",1170,"D",0,"D",.,"A",.,"A",.,"A",.,"A"
"20161","03216223",19,0,"1",1560,"D",650,"D",.,"A",650,"D",0,"D",.,"A",.,"A",910,"D",0,"D",20,"D",260,"D",.,"A",.,"A"
"20161","03216233",36,0,"1",1950,"D",650,"D",.,"A",650,"D",150,"D",.,"A",731,"D",1300,"D",300,"D",50,"D",650,"D",.,"A",.,"A"
"20161","03216243",24,0,"1",975,"D",325,"D",.,"A",2080,"D",0,"D",.,"A",.,"A",650,"D",0,"D",.,"A",.,"A",.,"A",.,"A"
"20161","03216253",38,0,"1",780,"D",260,"D",.,"A",0,"D",0,"D",.,"A",.,"A",520,"D",0,"D",.,"A",.,"A",.,"A",.,"A"
"20161","03216273",26,0,"1",650,"D",195,"D",.,"A",0,"D",0,"D",.,"A",.,"A",455,"D",24,"D",.,"A",.,"A",.,"A",.,"A"
"20161","03216283",54,0,"1",1625,"D",260,"D",.,"A",130,"D",0,"D",.,"A",.,"A",1365,"D",0,"D",.,"A",.,"A",.,"A",.,"A"
"20161","03216313",34,0,"1",3250,"D",325,"D",.,"A",975,"D",0,"D",.,"A",.,"A",2925,"D",1200,"D",.,"A",.,"A",.,"A",.,"A"
"20161","03216323",33,0,"1",910,"D",260,"D",.,"A",2600,"D",0,"D",.,"A",.,"A",650,"D",900,"D",.,"A",.,"A",.,"A",.,"A"
"20161","03216333",59,0,"1",1950,"D",650,"D",260,"D",390,"D",45,"D",.,"A",.,"A",1300,"D",90,"D",.,"A",.,"A",.,"A",.,"A"
"20161","03216343",26,0,"1",3120,"D",520,"D",.,"A",0,"D",0,"D",.,"A",.,"A",2600,"D",0,"D",.,"A",.,"A",.,"A",.,"A"
"20161","03216363",40,0,"1",1950,"D",260,"D",.,"A",260,"D",0,"D",.,"A",.,"A",1690,"D",30,"D",.,"A",.,"A",.,"A",.,"A"
"20161","03216383",27,0,"1",1950,"D",520,"D",.,"A",390,"D",0,"D",.,"A",.,"A",1430,"D",0,"D",.,"A",.,"A",.,"A",.,"A"
"20161","03216393",79,0,"1",2600,"D",650,"D",.,"A",2600,"D",225,"D",.,"A",195,"D",1950,"D",30,"D",.,"A",.,"A",.,"A",.,"A"
"20161","03216423",43,0,"1",1300,"D",650,"D",.,"A",0,"D",0,"D",.,"A",.,"A",650,"D",300,"D",42,"D",546,"D",.,"A",.,"A"
"20161","03216433",27,0,"1",650,"D",130,"D",.,"A",130,"D",0,"D",.,"A",.,"A",520,"D",0,"D",16,"D",208,"D",.,"A",.,"A"
"20161","03216443",80,0,"1",1950,"D",650,"D",.,"A",390,"D",45,"D",.,"A",.,"A",1300,"D",120,"D",.,"A",.,"A",.,"A",.,"A"
"20161","03216453",12,0,"1",975,"D",0,"D",.,"A",0,"D",0,"D",.,"A",.,"A",975,"D",0,"D",25,"D",325,"D",.,"A",.,"A"
"20161","03216473",20,0,"1",780,"D",130,"D",.,"A",260,"D",0,"D",.,"A",.,"A",650,"D",0,"D",.,"A",.,"A",.,"A",.,"A"
"20161","03216503",37,0,"1",3900,"D",0,"D",.,"A",650,"D",150,"D",.,"A",.,"A",3900,"D",0,"D",.,"A",.,"A",.,"A",.,"A"
"20161","03216513",24,0,"1",3900,"D",1560,"D",.,"A",455,"D",0,"D",.,"A",360,"D",2340,"D",0,"D",35,"D",455,"D",.,"A",.,"A"
"20161","03216523",19,0,"1",1300,"D",390,"D",130,"D",195,"D",0,"D",.,"A",.,"A",910,"D",0,"D",.,"A",.,"A",.,"A",.,"A"
"20161","03216553",24,0,"1",1300,"D",0,"D",.,"A",0,"D",0,"D",.,"A",.,"A",1300,"D",0,"D",.,"A",.,"A",.,"A",.,"A"
"20161","03216573",43,0,"1",1625,"D",390,"D",.,"A",325,"D",0,"D",.,"A",80,"D",1235,"D",0,"D",.,"A",.,"A",.,"A",.,"A"
"20161","03216603",27,0,"1",2275,"D",650,"D",.,"A",260,"D",0,"D",.,"A",.,"A",1625,"D",0,"D",60,"D",780,"D",.,"A",.,"A"
"20161","03216613",40,0,"1",1300,"D",650,"D",.,"A",650,"D",0,"D",.,"A",.,"A",650,"D",0,"D",.,"A",.,"A",.,"A",.,"A"
"20161","03216633",61,0,"1",1300,"D",0,"D",.,"A",1690,"D",900,"D",.,"A",.,"A",1300,"D",120,"D",.,"A",.,"A",.,"A",.,"A"
"20161","03216653",52,0,"1",1430,"D",195,"D",.,"A",0,"D",0,"D",.,"A",.,"A",1235,"D",45,"D",.,"A",.,"A",.,"A",.,"A"
"20161","03227094",10,0,"1",1300,"D",130,"D",.,"A",650,"D",0,"D",.,"A",.,"A",1170,"D",0,"D",.,"A",.,"A",.,"A",.,"A"
"20161","03227133",35,0,"1",650,"D",65,"D",65,"D",104,"D",0,"D",.,"A",.,"A",585,"D",0,"D",.,"A",.,"A",.,"A",.,"A"
"20161","03227143",49,0,"1",1560,"D",260,"D",260,"D",0,"D",0,"D",.,"A",.,"A",1300,"D",0,"D",.,"A",.,"A",.,"A",.,"A"
"20161","03227193",21,0,"1",1950,"D",455,"D",.,"A",650,"D",0,"D",.,"A",.,"A",1495,"D",0,"D",.,"A",.,"A",.,"A",.,"A"
"20161","03227213",22,0,"1",2080,"D",780,"D",650,"D",1040,"D",300,"D",.,"A",.,"A",1300,"D",360,"D",.,"A",.,"A",.,"A",.,"A"
"20161","03227253",44,0,"1",975,"D",416,"F",.,"A",1040,"D",0,"D",.,"A",.,"A",1449,"F",0,"D",.,"A",.,"A",.,"A",.,"A"
"20161","03227293",71,0,"1",2340,"D",130,"D",.,"A",975,"D",120,"D",.,"A",270,"F",2210,"D",120,"D",.,"A",.,"A",.,"A",.,"A"
"20161","03227303",31,0,"1",1300,"D",65,"D",130,"D",325,"D",0,"D",.,"A",.,"A",1235,"D",0,"D",.,"A",.,"A",.,"A",.,"A"
"20161","03227333",27,0,"1",1625,"D",455,"D",585,"D",195,"D",6,"D",.,"A",.,"A",1170,"D",6,"D",.,"A",.,"A",.,"A",.,"A"
"20161","03227393",30,0,"1",1300,"D",130,"D",130,"D",260,"D",36,"D",.,"A",.,"A",1170,"D",0,"D",.,"A",.,"A",.,"A",.,"A"
"20161","03227403",60,0,"1",1625,"D",325,"D",.,"A",520,"D",30,"D",.,"A",40,"D",1300,"D",60,"D",.,"A",.,"A",.,"A",.,"A"
"20161","03227443",34,0,"1",1040,"D",390,"D",.,"A",1430,"D",840,"D",.,"A",.,"A",650,"D",90,"D",20,"D",260,"D",.,"A",.,"A"
"20161","03227463",29,0,"1",650,"D",203,"F",.,"A",1170,"D",0,"D",.,"A",.,"A",708,"F",0,"D",.,"A",.,"A",.,"A",.,"A"
"20161","03227473",22,0,"1",455,"D",130,"D",.,"A",0,"D",0,"D",.,"A",.,"A",325,"D",0,"D",.,"A",.,"A",.,"A",.,"A"
"20161","03227483",78,0,"1",2600,"D",650,"D",.,"A",325,"D",0,"D",.,"A",26,"D",1950,"D",0,"D",.,"A",.,"A",.,"A",.,"A"
"20161","03227503",13,0,"1",3250,"D",1300,"D",390,"D",0,"D",0,"D",.,"A",.,"A",1950,"D",0,"D",.,"A",.,"A",.,"A",.,"A"
"20161","03227563",14,0,"1",195,"D",26,"D",.,"A",0,"D",0,"D",.,"A",.,"A",169,"D",0,"D",.,"A",.,"A",.,"A",.,"A"
"20161","03227583",39,0,"1",3900,"D",1820,"D",520,"D",650,"D",0,"D",.,"A",63,"D",2080,"D",0,"D",.,"A",.,"A",.,"A",.,"A"
"20161","03227623",34,0,"1",2145,"D",650,"D",.,"A",260,"D",0,"D",.,"A",.,"A",1495,"D",0,"D",60,"D",780,"D",.,"A",.,"A"
"20161","03227633",54,0,"1",3575,"D",494,"D",.,"A",520,"D",24,"D",.,"A",.,"A",3081,"D",90,"D",25,"D",325,"D",.,"A",.,"A"
"20161","03227653",6,0,"1",1645,"F",.,"A",.,"A",818,"F",134,"F",.,"A",.,"A",1330,"F",130,"F",.,"A",.,"A",.,"A",.,"A"
"20161","03227663",46,0,"1",2600,"D",390,"D",.,"A",1170,"D",90,"D",.,"A",.,"A",2210,"D",225,"D",.,"A",.,"A",.,"A",.,"A"
"20161","03227683",31,0,"1",650,"D",65,"D",.,"A",325,"D",6,"D",.,"A",.,"A",585,"D",6,"D",.,"A",.,"A",.,"A",.,"A"
"20161","03227713",41,0,"1",1300,"D",195,"D",.,"A",65,"D",0,"D",.,"A",.,"A",1105,"D",0,"D",.,"A",.,"A",.,"A",.,"A"
"20161","03227763",6,0,"1",883,"F",.,"A",.,"A",534,"F",158,"F",.,"A",.,"A",721,"F",124,"F",.,"A",.,"A",.,"A",.,"A"
"20161","03227773",8,0,"1",650,"D",0,"D",.,"A",0,"D",0,"D",.,"A",.,"A",650,"D",0,"D",.,"A",.,"A",.,"A",.,"A"
"20161","03227783",38,0,"1",2600,"D",1040,"D",780,"D",650,"D",150,"D",.,"A",650,"D",1560,"D",90,"D",10,"D",130,"D",.,"A",.,"A"
"20161","03227794",13,0,"1",0,"D",.,"A",.,"A",0,"D",0,"D",.,"A",.,"A",0,"D",0,"D",35,"D",455,"D",.,"A",.,"A"
"20161","03227813",31,0,"1",1300,"D",260,"D",325,"D",325,"D",0,"D",.,"A",.,"A",1040,"D",0,"D",35,"D",455,"D",.,"A",.,"A"
"20161","03227823",74,0,"1",1950,"D",195,"D",.,"A",260,"D",0,"D",.,"A",.,"A",1755,"D",0,"D",25,"D",325,"D",.,"A",.,"A"
"20161","03227833",39,0,"1",910,"D",130,"D",195,"D",260,"D",0,"D",.,"A",.,"A",780,"D",300,"D",.,"A",.,"A",.,"A",.,"A"
"20161","03227853",24,0,"1",1300,"D",260,"D",.,"A",325,"D",0,"D",.,"A",.,"A",1040,"D",0,"D",25,"D",325,"D",.,"A",.,"A"
"20161","03227883",59,0,"1",1300,"D",780,"D",130,"D",130,"D",0,"D",.,"A",.,"A",520,"D",600,"D",.,"A",.,"A",.,"A",.,"A"
"20161","03227893",42,0,"1",1300,"D",325,"D",130,"D",195,"D",0,"D",.,"A",.,"A",975,"D",0,"D",.,"A",.,"A",.,"A",.,"A"
"20161","03227923",22,0,"1",1430,"D",650,"D",.,"A",260,"D",0,"D",.,"A",.,"A",780,"D",90,"D",.,"C",467,"F",.,"A",.,"A"
"20161","03227943",75,0,"1",1300,"D",260,"D",130,"D",975,"D",120,"D",.,"A",.,"A",1040,"D",60,"D",.,"A",.,"A",.,"A",.,"A"
"20161","03227953",34,0,"1",1812,"F",.,"A",.,"A",648,"F",144,"F",.,"A",.,"A",1569,"F",183,"F",.,"A",.,"A",.,"A",.,"A"
"20161","03227963",35,0,"1",520,"D",65,"D",.,"A",39,"D",0,"D",.,"A",.,"A",455,"D",90,"D",.,"A",.,"A",.,"A",.,"A"
"20161","03227973",23,0,"1",1560,"D",117,"D",.,"A",325,"D",0,"D",.,"A",.,"A",1443,"D",0,"D",.,"A",.,"A",.,"A",.,"A"
"20161","03227993",26,0,"1",883,"F",.,"A",.,"A",0,"D",0,"D",.,"A",.,"A",721,"F",0,"D",.,"A",.,"A",.,"A",.,"A"
"20161","03228003",17,0,"1",520,"D",0,"D",.,"A",0,"D",0,"D",.,"A",.,"A",520,"D",0,"D",.,"A",.,"A",.,"A",.,"A"
"20161","03228013",21,0,"1",845,"D",130,"D",.,"A",0,"D",0,"D",.,"A",.,"A",715,"D",0,"D",.,"A",.,"A",.,"A",.,"A"
"20161","03228053",19,0,"1",650,"D",260,"D",520,"D",65,"D",0,"D",.,"A",.,"A",390,"D",15,"D",.,"A",.,"A",.,"A",.,"A"
"20161","03228123",28,0,"1",585,"D",130,"D",.,"A",520,"D",0,"D",.,"A",.,"A",455,"D",0,"D",.,"A",.,"A",.,"A",.,"A"
"20161","03228133",27,0,"1",871,"D",221,"D",.,"A",871,"D",0,"D",.,"A",.,"A",650,"D",0,"D",.,"A",.,"A",.,"A",.,"A"
"20161","03228203",32,0,"1",1625,"D",260,"D",260,"D",1300,"D",0,"D",.,"A",.,"A",1365,"D",0,"D",.,"A",.,"A",.,"A",.,"A"
"20161","03228234",11,0,"1",1300,"D",390,"D",.,"A",390,"D",150,"D",.,"A",.,"A",910,"D",150,"D",.,"A",.,"A",.,"A",.,"A"
"20161","03228243",20,0,"1",390,"D",39,"D",.,"A",130,"D",0,"D",.,"A",.,"A",351,"D",75,"D",.,"A",.,"A",.,"A",.,"A"
"20161","03228263",20,0,"1",650,"D",195,"D",195,"D",130,"D",45,"D",.,"A",.,"A",455,"D",75,"D",.,"A",.,"A",.,"A",.,"A"
"20161","03228273",31,0,"1",1170,"D",130,"D",.,"A",0,"D",120,"D",.,"A",.,"A",1040,"D",0,"D",.,"A",.,"A",.,"A",.,"A"
"20161","03228283",54,0,"1",2600,"D",650,"D",.,"A",520,"D",18,"D",.,"A",.,"A",1950,"D",0,"D",.,"A",.,"A",.,"A",.,"A"
"20161","03228293",29,0,"1",1300,"D",130,"D",.,"A",780,"D",90,"D",.,"A",.,"A",1170,"D",0,"D",.,"A",.,"A",.,"A",.,"A"
"20161","03228303",72,0,"1",1950,"D",130,"D",.,"A",1625,"D",30,"D",.,"A",.,"A",1820,"D",90,"D",.,"A",.,"A",.,"A",.,"A"
"20161","03228323",15,0,"1",1040,"D",260,"D",260,"D",780,"D",0,"D",.,"A",.,"A",780,"D",0,"D",20,"D",260,"D",.,"A",.,"A"
"20161","03228353",42,0,"1",1300,"D",130,"D",65,"D",130,"D",0,"D",.,"A",.,"A",1170,"D",60,"D",.,"A",.,"A",.,"A",.,"A"
"20161","03228393",46,0,"1",2600,"D",650,"D",260,"D",1300,"D",0,"D",.,"A",.,"A",1950,"D",150,"D",.,"A",.,"A",.,"A",.,"A"
"20161","03228423",51,0,"1",1560,"D",260,"D",.,"A",780,"D",120,"D",.,"A",.,"A",1300,"D",60,"D",.,"A",.,"A",.,"A",.,"A"
"20161","03228433",9,0,"1",520,"D",130,"D",.,"A",0,"D",0,"D",.,"A",.,"A",390,"D",30,"D",.,"A",.,"A",.,"A",.,"A"
"20161","03228443",54,0,"1",1300,"D",520,"D",.,"A",1040,"D",120,"D",.,"A",.,"A",780,"D",60,"D",.,"A",.,"A",.,"A",.,"A"
"20161","03228463",31,0,"1",1300,"D",260,"D",.,"A",780,"D",0,"D",.,"A",.,"A",1040,"D",0,"D",.,"A",.,"A",.,"A",.,"A"
"20161","03228473",26,0,"1",975,"D",130,"D",.,"A",1950,"D",300,"D",.,"A",.,"A",845,"D",150,"D",.,"A",.,"A",.,"A",.,"A"
"20161","03228513",31,0,"1",1950,"D",390,"D",.,"A",260,"D",0,"D",.,"A",.,"A",1560,"D",45,"D",.,"A",.,"A",.,"A",.,"A"
"20161","03228523",11,0,"1",1950,"D",277,"F",.,"A",0,"D",0,"D",258,"F",.,"A",1208,"F",0,"D",.,"A",.,"A",.,"A",.,"A"
"20161","03228543",72,0,"1",1105,"D",195,"D",13,"D",650,"D",450,"D",.,"A",.,"A",910,"D",90,"D",.,"A",.,"A",.,"A",.,"A"
"20161","03228563",36,0,"1",1300,"D",260,"D",.,"A",975,"D",150,"D",.,"A",.,"A",1040,"D",150,"D",.,"A",.,"A",.,"A",.,"A"
"20161","03228593",69,0,"1",1950,"D",260,"D",.,"A",520,"D",0,"D",.,"A",.,"A",1690,"D",0,"D",.,"A",.,"A",.,"A",.,"A"
"20161","03228603",31,0,"1",1950,"D",0,"D",.,"A",650,"D",0,"D",168,"D",.,"A",1950,"D",0,"D",.,"A",.,"A",.,"A",.,"A"
"20161","03228643",23,0,"1",1950,"D",390,"D",.,"A",390,"D",0,"D",.,"A",.,"A",1560,"D",0,"D",.,"A",.,"A",.,"A",.,"A"
"20161","03228653",41,0,"1",1950,"D",260,"D",.,"A",390,"D",149,"F",.,"A",.,"A",1690,"D",90,"D",20,"D",260,"D",.,"A",.,"A"
"20161","03228663",61,0,"1",1950,"D",195,"D",.,"A",1300,"D",137,"F",.,"A",.,"A",1755,"D",178,"F",.,"A",.,"A",.,"A",.,"A"
"20161","03228703",21,0,"1",1347,"F",.,"A",.,"A",0,"D",0,"D",.,"A",.,"A",1079,"F",0,"D",.,"A",.,"A",.,"A",.,"A"
"20161","03228713",23,0,"1",650,"D",65,"D",.,"A",390,"D",0,"D",.,"A",.,"A",585,"D",0,"D",.,"A",.,"A",.,"A",.,"A"
"20161","03228723",47,0,"1",780,"D",325,"D",.,"A",260,"D",0,"D",.,"A",.,"A",455,"D",0,"D",40,"D",520,"D",.,"A",.,"A"
"20161","03228733",11,0,"1",585,"D",130,"D",.,"A",195,"D",0,"D",.,"A",.,"A",455,"D",45,"D",.,"A",.,"A",.,"A",.,"A"
"20161","03228823",21,0,"1",1300,"D",0,"D",130,"D",390,"D",0,"D",.,"A",.,"A",1300,"D",0,"D",50,"D",650,"D",.,"A",.,"A"
"20161","03228843",39,0,"1",988,"D",598,"D",.,"A",0,"D",0,"D",.,"A",.,"A",390,"D",0,"D",.,"A",.,"A",.,"A",.,"A"
"20161","03228853",28,0,"1",1560,"D",325,"D",780,"D",650,"D",60,"D",.,"A",.,"A",1235,"D",60,"D",.,"A",.,"A",.,"A",.,"A"
"20161","03228863",17,0,"1",1040,"D",130,"D",.,"A",520,"D",0,"D",.,"A",.,"A",910,"D",0,"D",.,"A",.,"A",.,"A",.,"A"
"20161","03228883",34,0,"1",1560,"D",325,"D",.,"A",0,"D",0,"D",.,"A",.,"A",1235,"D",0,"D",.,"A",.,"A",.,"A",.,"A"
"20161","03228903",43,0,"1",650,"D",26,"D",65,"D",520,"D",150,"D",.,"A",.,"A",624,"D",45,"D",.,"A",.,"A",.,"A",.,"A"
"20161","03228923",21,0,"1",390,"D",195,"D",.,"A",0,"D",0,"D",.,"A",.,"A",195,"D",0,"D",.,"A",.,"A",.,"A",.,"A"
"20161","03228964",14,0,"1",130,"D",26,"D",.,"A",65,"D",0,"D",.,"A",.,"A",104,"D",0,"D",.,"A",.,"A",.,"A",.,"A"
"20161","03228983",20,0,"1",1170,"D",130,"D",.,"A",845,"D",0,"D",.,"A",.,"A",1040,"D",0,"D",.,"A",.,"A",.,"A",.,"A"
"20161","03229003",28,0,"1",390,"D",65,"D",.,"A",325,"D",0,"D",.,"A",.,"A",325,"D",0,"D",.,"A",.,"A",.,"A",.,"A"
"20161","03229023",46,0,"1",1560,"D",130,"D",.,"A",845,"D",0,"D",.,"A",.,"A",1430,"D",60,"D",.,"A",.,"A",.,"A",.,"A"
"20161","03229033",30,0,"1",650,"D",195,"D",.,"A",65,"D",0,"D",.,"A",.,"A",455,"D",0,"D",.,"A",.,"A",.,"A",.,"A"
"20161","03229063",27,0,"1",780,"D",65,"D",.,"A",455,"D",0,"D",.,"A",.,"A",715,"D",0,"D",30,"D",390,"D",.,"A",.,"A"
"20161","03229073",14,0,"1",1105,"D",260,"D",.,"A",1300,"D",0,"D",.,"A",.,"A",845,"D",0,"D",.,"A",.,"A",.,"A",.,"A"
"20161","03229083",37,0,"1",2145,"D",156,"D",.,"A",0,"D",0,"D",.,"A",125,"D",1989,"D",0,"D",.,"A",.,"A",.,"A",.,"A"
"20161","03229103",66,0,"1",2210,"D",130,"D",130,"D",260,"D",0,"D",.,"A",.,"A",2080,"D",0,"D",.,"A",.,"A",.,"A",.,"A"
"20161","03229133",47,0,"1",3250,"D",520,"D",.,"A",1300,"D",45,"D",.,"A",.,"A",2730,"D",75,"D",.,"A",.,"A",.,"A",.,"A"
"20161","03229143",10,0,"1",883,"F",.,"A",.,"A",534,"F",158,"F",.,"A",.,"A",721,"F",124,"F",.,"A",.,"A",.,"A",.,"A"
"20161","03229163",31,0,"1",975,"D",195,"D",.,"A",0,"D",0,"D",.,"A",.,"A",780,"D",0,"D",.,"A",.,"A",.,"A",.,"A"
"20161","03229203",72,0,"1",1859,"D",130,"D",39,"D",715,"D",0,"D",.,"A",.,"A",1729,"D",36,"D",.,"A",.,"A",.,"A",.,"A"
"20161","03229273",40,0,"1",1560,"D",390,"D",.,"A",650,"D",0,"D",.,"A",.,"A",1170,"D",0,"D",.,"A",.,"A",.,"A",.,"A"
"20161","03229293",52,0,"1",1300,"D",325,"D",.,"A",650,"D",60,"D",.,"A",.,"A",975,"D",375,"D",.,"A",.,"A",.,"A",.,"A"
"20161","03229313",42,0,"1",2600,"D",780,"D",390,"D",650,"D",75,"D",.,"A",.,"A",1820,"D",120,"D",40,"D",520,"D",546,"D",42,"D"
"20161","03229353",56,0,"1",3250,"D",650,"D",.,"A",2600,"D",300,"D",.,"A",244,"D",2600,"D",180,"D",.,"A",.,"A",.,"A",.,"A"
"20161","03229363",28,0,"1",1170,"D",260,"D",.,"A",130,"D",0,"D",.,"A",.,"A",910,"D",0,"D",.,"A",.,"A",.,"A",.,"A"
"20161","03229393",46,0,"1",2925,"D",650,"D",.,"A",390,"D",0,"D",.,"A",.,"A",2275,"D",0,"D",.,"A",.,"A",.,"A",.,"A"
"20161","03229403",24,0,"1",1300,"D",260,"D",.,"A",650,"D",0,"D",.,"A",.,"A",1040,"D",0,"D",.,"A",.,"A",.,"A",.,"A"
"20161","03229413",46,0,"1",3900,"D",325,"D",.,"A",0,"D",0,"D",.,"A",.,"A",3575,"D",75,"D",35,"D",455,"D",.,"A",.,"A"
"20161","03229423",42,0,"1",1300,"D",260,"D",.,"A",455,"D",0,"D",.,"A",.,"A",1040,"D",0,"D",.,"A",.,"A",.,"A",.,"A"
"20161","03229453",51,0,"1",1950,"D",650,"D",.,"A",260,"D",0,"D",.,"A",.,"A",1300,"D",0,"D",.,"A",.,"A",.,"A",.,"A"
"20161","03229483",18,0,"1",650,"D",0,"D",.,"A",65,"D",144,"F",.,"A",.,"A",650,"D",120,"D",6,"D",78,"D",.,"A",.,"A"
"20161","03229493",41,0,"1",1300,"D",130,"D",.,"A",1300,"D",0,"D",.,"A",.,"A",1170,"D",0,"D",.,"A",.,"A",.,"A",.,"A"
"20161","03229503",38,0,"1",1950,"D",390,"D",.,"A",520,"D",0,"D",.,"A",.,"A",1560,"D",0,"D",.,"A",.,"A",.,"A",.,"A"
"20161","03229523",109,0,"1",1950,"D",650,"D",.,"A",780,"D",150,"D",.,"A",.,"A",1300,"D",300,"D",.,"A",.,"A",.,"A",.,"A"
"20161","03229533",37,0,"1",1645,"F",.,"A",318,"F",818,"F",0,"D",.,"A",.,"A",1330,"F",130,"F",.,"A",.,"A",.,"A",.,"A"
"20161","03229593",53,0,"1",1300,"D",390,"D",.,"A",390,"D",121,"F",.,"A",.,"A",910,"D",60,"D",.,"A",.,"A",.,"A",.,"A"
"20161","03229603",26,0,"1",1690,"D",390,"D",.,"A",0,"D",0,"D",.,"A",145,"F",1300,"D",60,"D",20,"D",260,"D",.,"A",.,"A"
"20161","03229623",24,0,"1",1820,"D",260,"D",260,"D",780,"D",0,"D",.,"A",.,"A",1560,"D",0,"D",.,"A",.,"A",.,"A",.,"A"
"20161","03229643",41,0,"1",1430,"D",130,"D",.,"A",975,"D",75,"D",.,"A",.,"A",1300,"D",150,"D",.,"A",.,"A",.,"A",.,"A"
"20161","03229653",59,0,"1",1235,"D",585,"D",.,"A",1300,"D",180,"D",.,"A",.,"A",650,"D",60,"D",.,"A",.,"A",.,"A",.,"A"
"20161","03229703",23,0,"1",650,"D",325,"D",195,"D",520,"D",30,"D",.,"A",.,"A",325,"D",0,"D",.,"A",.,"A",.,"A",.,"A"
"20161","03229713",19,0,"1",1950,"D",390,"D",.,"A",1950,"D",180,"D",.,"A",.,"A",1560,"D",180,"D",.,"A",.,"A",.,"A",.,"A"
"20161","03229743",47,0,"1",975,"D",130,"D",.,"A",975,"D",180,"D",.,"A",.,"A",845,"D",120,"D",.,"A",.,"A",.,"A",.,"A"
"20161","03229764",17,0,"1",260,"D",0,"D",.,"A",130,"D",0,"D",.,"A",.,"A",260,"D",0,"D",.,"A",.,"A",.,"A",.,"A"
"20161","03229773",11,0,"1",975,"D",130,"D",.,"A",0,"D",0,"D",.,"A",.,"A",845,"D",0,"D",.,"A",.,"A",.,"A",.,"A"
"20161","03229833",42,0,"1",975,"D",0,"D",.,"A",520,"D",30,"D",.,"A",.,"A",975,"D",750,"D",.,"A",.,"A",104,"D",8,"D"
"20161","03229843",31,0,"1",1690,"D",130,"D",.,"A",650,"D",0,"D",.,"A",260,"D",1560,"D",0,"D",.,"A",.,"A",.,"A",.,"A"
"20161","03229863",73,0,"1",1560,"D",260,"D",.,"A",780,"D",150,"D",.,"A",.,"A",1300,"D",150,"D",.,"A",.,"A",.,"A",.,"A"
"20161","03229873",42,0,"1",1755,"D",130,"D",.,"A",390,"D",0,"D",.,"A",.,"A",1625,"D",0,"D",.,"A",.,"A",.,"A",.,"A"
"20161","03229883",17,0,"1",715,"D",260,"D",.,"A",0,"D",0,"D",.,"A",.,"A",455,"D",0,"D",.,"A",.,"A",.,"A",.,"A"
"20161","03229903",24,0,"1",1300,"D",195,"D",.,"A",520,"D",0,"D",.,"A",.,"A",1105,"D",0,"D",.,"A",.,"A",.,"A",.,"A"
"20161","03229913",51,0,"1",1300,"D",65,"D",.,"A",1755,"D",60,"D",.,"A",.,"A",1235,"D",420,"D",.,"A",.,"A",.,"A",.,"A"
"20161","03229933",14,0,"1",2600,"D",650,"D",.,"A",0,"D",0,"D",.,"A",.,"A",1950,"D",0,"D",.,"A",.,"A",.,"A",.,"A"
"20161","03229943",32,0,"1",650,"D",195,"D",.,"A",65,"D",0,"D",.,"A",.,"A",455,"D",0,"D",.,"A",.,"A",.,"A",.,"A"
"20161","03229963",19,0,"1",650,"D",65,"D",.,"A",65,"D",0,"D",.,"A",.,"A",585,"D",0,"D",.,"A",.,"A",.,"A",.,"A"
"20161","03229983",19,0,"1",520,"D",0,"D",39,"D",195,"D",0,"D",.,"A",.,"A",520,"D",0,"D",.,"A",.,"A",.,"A",.,"A"
"20161","03229993",21,0,"1",650,"D",195,"D",.,"A",0,"D",0,"D",.,"A",.,"A",455,"D",0,"D",.,"A",.,"A",.,"A",.,"A"
"20161","03230003",12,0,"1",910,"D",260,"D",.,"A",130,"D",0,"D",.,"A",.,"A",650,"D",0,"D",.,"A",.,"A",.,"A",.,"A"
"20161","03230033",44,0,"1",520,"D",195,"D",.,"A",130,"D",60,"D",.,"A",.,"A",325,"D",120,"D",.,"A",.,"A",325,"D",25,"D"
"20161","03230053",71,0,"1",1417,"D",130,"D",.,"A",1690,"D",0,"D",.,"A",.,"A",1287,"D",0,"D",.,"A",.,"A",.,"A",.,"A"
"20161","03230073",79,0,"1",2340,"D",260,"D",.,"A",4550,"D",150,"D",.,"A",.,"A",2080,"D",150,"D",.,"A",.,"A",.,"A",.,"A"
"20161","03230113",26,0,"1",1300,"D",260,"D",650,"D",650,"D",0,"D",.,"A",.,"A",1040,"D",6,"D",50,"D",650,"D",650,"D",50,"D"
"20161","03230133",36,0,"1",3640,"D",260,"D",390,"D",520,"D",0,"D",.,"A",.,"A",3380,"D",0,"D",70,"D",910,"D",.,"A",.,"A"
"20161","03230143",19,0,"1",1950,"D",390,"D",.,"A",390,"D",0,"D",.,"A",.,"A",1560,"D",0,"D",30,"D",390,"D",.,"A",.,"A"
"20161","03230153",11,0,"1",1300,"D",0,"D",.,"A",390,"D",0,"D",.,"A",.,"A",1300,"D",0,"D",40,"D",520,"D",.,"A",.,"A"
"20161","03230173",43,0,"1",1105,"D",130,"D",.,"A",780,"D",0,"D",360,"D",.,"A",975,"D",0,"D",.,"A",.,"A",.,"A",.,"A"
"20161","03230203",30,0,"1",585,"D",0,"D",.,"A",104,"D",0,"D",.,"A",.,"A",585,"D",0,"D",12,"D",156,"D",.,"A",.,"A"
"20161","03230233",38,0,"1",1950,"D",325,"D",.,"A",650,"D",0,"D",.,"A",163,"D",1625,"D",75,"D",.,"A",.,"A",.,"A",.,"A"
"20161","03230273",18,0,"1",455,"D",130,"D",.,"A",0,"D",0,"D",.,"A",.,"A",325,"D",0,"D",.,"A",.,"A",.,"A",.,"A"
"20161","03230283",18,0,"1",1950,"D",260,"D",1040,"D",1040,"D",0,"D",.,"A",.,"A",1690,"D",0,"D",.,"A",.,"A",.,"A",.,"A"
"20161","03230323",16,0,"1",3250,"D",0,"D",.,"A",0,"D",0,"D",.,"A",144,"D",3250,"D",60,"D",.,"A",.,"A",.,"A",.,"A"
"20161","03230343",30,0,"1",650,"D",130,"D",.,"A",0,"D",0,"D",.,"A",.,"A",520,"D",0,"D",.,"A",.,"A",.,"A",.,"A"
"20161","03230363",29,0,"1",650,"D",0,"D",.,"A",390,"D",15,"D",.,"A",60,"D",650,"D",0,"D",.,"A",.,"A",.,"A",.,"A"
"20161","03230373",38,0,"1",1040,"D",65,"D",.,"A",0,"D",0,"D",.,"A",.,"A",975,"D",0,"D",.,"A",.,"A",.,"A",.,"A"
"20161","03230384",19,0,"1",1105,"D",650,"D",.,"A",650,"D",150,"D",.,"A",.,"A",455,"D",600,"D",.,"A",.,"A",585,"D",45,"D"
"20161","03230403",42,0,"1",546,"D",65,"D",.,"A",260,"D",0,"D",.,"A",.,"A",481,"D",0,"D",.,"A",.,"A",.,"A",.,"A"
"20161","03230453",39,0,"1",585,"D",130,"D",.,"A",130,"D",0,"D",.,"A",.,"A",455,"D",108,"D",42,"D",546,"D",.,"A",.,"A"
"20161","03230473",24,0,"1",1820,"D",156,"D",.,"A",2600,"D",0,"D",.,"A",.,"A",1664,"D",0,"D",.,"A",.,"A",.,"A",.,"A"
"20161","03230493",23,0,"1",1300,"D",195,"D",.,"A",650,"D",0,"D",.,"A",.,"A",1105,"D",120,"D",.,"A",.,"A",91,"D",7,"D"
"20161","03230513",41,0,"1",1950,"D",195,"D",.,"A",780,"D",0,"D",.,"A",.,"A",1755,"D",0,"D",.,"A",.,"A",221,"D",17,"D"
"20161","03230523",21,0,"1",845,"D",39,"D",.,"A",247,"D",0,"D",.,"A",.,"A",806,"D",0,"D",.,"A",.,"A",.,"A",.,"A"
"20161","03230543",58,0,"1",2600,"D",195,"D",.,"A",390,"D",0,"D",.,"A",360,"D",2405,"D",0,"D",.,"A",.,"A",.,"A",.,"A"
"20161","03230593",24,0,"1",5200,"D",409,"F",.,"A",857,"F",0,"D",.,"A",.,"A",1817,"F",0,"D",.,"A",.,"A",.,"A",.,"A"
"20161","03230633",21,0,"1",975,"D",130,"D",.,"A",585,"D",0,"D",.,"A",.,"A",845,"D",0,"D",.,"A",.,"A",.,"A",.,"A"
"20161","03230653",36,0,"1",1950,"D",520,"D",.,"A",780,"D",0,"D",.,"A",.,"A",1430,"D",60,"D",.,"A",.,"A",.,"A",.,"A"
"20161","03230673",54,0,"1",2600,"D",260,"D",.,"A",650,"D",90,"D",.,"A",275,"D",2340,"D",90,"D",.,"A",.,"A",.,"A",.,"A"
"20161","03230693",58,0,"1",2600,"D",650,"D",.,"A",390,"D",0,"D",.,"A",38,"D",1950,"D",0,"D",.,"A",.,"A",.,"A",.,"A"
"20161","03230703",37,0,"1",1950,"D",260,"D",.,"A",0,"D",0,"D",195,"D",.,"A",1690,"D",60,"D",.,"A",.,"A",.,"A",.,"A"
"20161","03230723",6,0,"1",2226,"F",.,"A",.,"A",857,"F",144,"F",.,"A",.,"A",1817,"F",128,"F",.,"A",.,"A",.,"A",.,"A"
"20161","03230733",15,0,"1",650,"D",130,"D",.,"A",0,"D",0,"D",.,"A",.,"A",520,"D",0,"D",.,"A",.,"A",.,"A",.,"A"
"20161","03230743",21,0,"1",1300,"D",0,"D",.,"A",818,"F",0,"D",.,"A",.,"A",1300,"D",0,"D",.,"A",.,"A",.,"A",.,"A"
"20161","03230754",43,0,"1",2600,"D",520,"D",.,"A",520,"D",120,"D",.,"A",325,"D",2080,"D",240,"D",.,"A",.,"A",.,"A",.,"A"
"20161","03230773",31,0,"1",1950,"D",325,"D",.,"A",0,"D",0,"D",.,"A",.,"A",1625,"D",0,"D",11,"D",143,"D",.,"A",.,"A"
"20161","03230783",51,0,"1",2275,"D",325,"D",130,"D",650,"D",60,"D",.,"A",120,"D",1950,"D",90,"D",.,"A",.,"A",.,"A",.,"A"
"20161","03230793",46,0,"1",1950,"D",975,"D",.,"A",260,"D",48,"D",.,"A",130,"D",975,"D",180,"D",.,"A",.,"A",.,"A",.,"A"
"20161","03230833",31,0,"1",1950,"D",325,"D",.,"A",1300,"D",0,"D",.,"A",.,"A",1625,"D",0,"D",.,"A",.,"A",.,"A",.,"A"
"20161","03230873",26,0,"1",1950,"D",260,"D",.,"A",0,"D",0,"D",.,"A",.,"A",1690,"D",0,"D",.,"A",.,"A",.,"A",.,"A"
"20161","03230883",29,0,"1",2600,"D",0,"D",325,"D",130,"D",0,"D",.,"A",.,"A",2600,"D",45,"D",.,"A",.,"A",.,"A",.,"A"
"20161","03230923",31,0,"1",3250,"D",650,"D",130,"D",1300,"D",0,"D",.,"A",.,"A",2600,"D",180,"D",.,"A",.,"A",.,"A",.,"A"
"20161","03230933",26,0,"1",1300,"D",325,"D",.,"A",325,"D",0,"D",.,"A",.,"A",975,"D",75,"D",.,"A",.,"A",.,"A",.,"A"
"20161","03230943",27,0,"1",1560,"D",260,"D",.,"A",520,"D",0,"D",.,"A",.,"A",1300,"D",0,"D",.,"A",.,"A",.,"A",.,"A"
"20161","03230953",38,0,"1",1690,"D",520,"D",65,"D",585,"D",0,"D",.,"A",.,"A",1170,"D",0,"D",100,"D",1300,"D",.,"A",.,"A"
"20161","03230963",42,0,"1",650,"D",195,"D",325,"D",390,"D",0,"D",.,"A",.,"A",455,"D",15,"D",.,"A",.,"A",.,"A",.,"A"
"20161","03230973",8,0,"1",0,"D",.,"A",.,"A",0,"D",0,"D",.,"A",.,"A",0,"D",0,"D",.,"A",.,"A",.,"A",.,"A"
"20161","03231003",13,0,"1",650,"D",328,"F",318,"F",260,"D",0,"D",.,"A",.,"A",1330,"F",0,"D",.,"A",.,"A",.,"A",.,"A"
"20161","03231013",35,0,"1",910,"D",65,"D",.,"A",0,"D",0,"D",.,"A",.,"A",845,"D",120,"D",.,"A",.,"A",.,"A",.,"A"
"20161","03231023",38,0,"1",1950,"D",260,"D",.,"A",0,"D",0,"D",.,"A",.,"A",1690,"D",0,"D",.,"A",.,"A",.,"A",.,"A"
"20161","03231033",39,0,"1",975,"D",195,"D",.,"A",520,"D",0,"D",.,"A",.,"A",780,"D",0,"D",.,"A",.,"A",.,"A",.,"A"
"20161","03231053",12,0,"1",650,"D",0,"D",.,"A",0,"D",0,"D",.,"A",.,"A",650,"D",0,"D",.,"A",.,"A",.,"A",.,"A"
"20161","03231063",44,0,"1",3900,"D",650,"D",.,"A",325,"D",60,"D",.,"A",.,"A",3250,"D",120,"D",.,"A",.,"A",.,"A",.,"A"
"20161","03231103",34,0,"1",1300,"D",260,"D",.,"A",650,"D",60,"D",.,"A",.,"A",1040,"D",30,"D",.,"A",.,"A",.,"A",.,"A"
"20161","03231113",23,0,"1",1300,"D",130,"D",.,"A",260,"D",0,"D",.,"A",.,"A",1170,"D",0,"D",.,"A",.,"A",.,"A",.,"A"
"20161","03231123",42,0,"1",975,"D",130,"D",.,"A",910,"D",0,"D",.,"A",.,"A",845,"D",0,"D",.,"A",.,"A",.,"A",.,"A"
"20161","03231133",52,0,"1",2275,"D",520,"D",.,"A",260,"D",15,"D",.,"A",.,"A",1755,"D",60,"D",.,"A",.,"A",.,"A",.,"A"
"20161","03231183",63,0,"1",2600,"D",1300,"D",130,"D",325,"D",0,"D",.,"A",.,"A",1300,"D",0,"D",.,"A",.,"A",.,"A",.,"A"
"20161","03231213",33,0,"1",1950,"D",247,"D",.,"A",117,"D",0,"D",.,"A",.,"A",1703,"D",60,"D",.,"A",.,"A",.,"A",.,"A"
"20161","03231233",19,0,"1",104,"D",13,"D",.,"A",0,"D",0,"D",.,"A",.,"A",91,"D",0,"D",.,"A",.,"A",.,"A",.,"A"
"20161","03231253",81,0,"1",910,"D",195,"D",.,"A",780,"D",75,"D",.,"A",.,"A",715,"D",150,"D",.,"A",.,"A",.,"A",.,"A"
"20161","03231273",28,0,"1",0,"D",.,"A",.,"A",0,"D",0,"D",.,"A",.,"A",0,"D",0,"D",.,"A",.,"A",.,"A",.,"A"
"20161","03231313",10,0,"1",0,"D",.,"A",.,"A",0,"D",0,"D",.,"A",.,"A",0,"D",0,"D",.,"A",.,"A",.,"A",.,"A"
"20161","03231333",38,0,"1",1300,"D",169,"D",.,"A",650,"D",60,"D",.,"A",.,"A",1131,"D",60,"D",20,"D",260,"D",.,"A",.,"A"
"20161","03231343",34,0,"1",1950,"D",650,"D",130,"D",780,"D",300,"D",.,"A",300,"D",1300,"D",90,"D",.,"A",.,"A",.,"A",.,"A"
"20161","03231353",44,0,"1",1300,"D",260,"D",.,"A",260,"D",0,"D",.,"A",.,"A",1040,"D",6,"D",.,"A",.,"A",.,"A",.,"A"
"20161","03231373",51,0,"1",715,"D",325,"D",.,"A",975,"D",0,"D",.,"A",.,"A",390,"D",0,"D",.,"A",.,"A",.,"A",.,"A"
"20161","03231423",30,0,"1",1300,"D",195,"D",.,"A",130,"D",0,"D",.,"A",.,"A",1105,"D",0,"D",.,"A",.,"A",.,"A",.,"A"
"20161","03231434",45,0,"1",2925,"D",325,"D",.,"A",780,"D",12,"D",.,"A",208,"D",2600,"D",30,"D",.,"A",.,"A",.,"A",.,"A"
"20161","03231453",28,0,"1",1950,"D",260,"D",.,"A",585,"D",0,"D",.,"A",.,"A",1690,"D",0,"D",.,"A",.,"A",.,"A",.,"A"
"20161","03231493",23,0,"1",1040,"D",0,"D",.,"A",260,"D",240,"D",.,"A",.,"A",1040,"D",150,"D",.,"A",.,"A",.,"A",.,"A"
"20161","03231503",29,0,"1",845,"D",0,"D",.,"A",325,"D",0,"D",.,"A",.,"A",845,"D",0,"D",.,"A",.,"A",130,"D",10,"D"
"20161","03231513",31,0,"1",910,"D",130,"D",.,"A",260,"D",90,"D",.,"A",.,"A",780,"D",90,"D",.,"A",.,"A",.,"A",.,"A"
"20161","03231533",31,0,"1",585,"D",78,"D",.,"A",260,"D",0,"D",.,"A",.,"A",507,"D",0,"D",.,"A",.,"A",.,"A",.,"A"
"20161","03231553",24,0,"1",1950,"D",325,"D",.,"A",1300,"D",30,"D",.,"A",.,"A",1625,"D",30,"D",.,"A",.,"A",.,"A",.,"A"
"20161","03231573",45,0,"1",975,"D",65,"D",.,"A",650,"D",0,"D",.,"A",.,"A",910,"D",120,"D",.,"A",.,"A",.,"A",.,"A"
"20161","03231603",40,0,"1",1170,"D",455,"D",.,"A",780,"D",90,"D",.,"A",.,"A",715,"D",300,"D",.,"A",.,"A",.,"A",.,"A"
"20161","03231613",51,0,"1",3250,"D",780,"D",.,"A",1300,"D",300,"D",.,"A",.,"A",2470,"D",150,"D",.,"A",.,"A",.,"A",.,"A"
"20161","03231653",19,0,"1",1300,"D",130,"D",130,"D",260,"D",0,"D",.,"A",.,"A",1170,"D",0,"D",.,"A",.,"A",.,"A",.,"A"
"20161","03231664",73,0,"1",1300,"D",520,"D",.,"A",1300,"D",0,"D",.,"A",.,"A",780,"D",0,"D",.,"A",.,"A",.,"A",.,"A"
"20161","03231673",60,0,"1",3406,"D",1625,"D",.,"A",650,"D",0,"D",.,"A",.,"A",1781,"D",0,"D",.,"A",.,"A",.,"A",.,"A"
"20161","03231693",38,0,"1",2600,"D",520,"D",.,"A",1300,"D",0,"D",.,"A",400,"D",2080,"D",240,"D",.,"A",.,"A",.,"A",.,"A"
"20161","03231723",26,0,"1",1625,"D",130,"D",.,"A",390,"D",0,"D",.,"A",.,"A",1495,"D",0,"D",.,"A",.,"A",.,"A",.,"A"
"20161","03231743",36,0,"1",650,"D",130,"D",.,"A",130,"D",0,"D",.,"A",.,"A",520,"D",0,"D",.,"A",.,"A",.,"A",.,"A"
"20161","03231753",17,0,"1",1950,"D",260,"D",650,"D",260,"D",0,"D",.,"A",.,"A",1690,"D",0,"D",.,"A",.,"A",.,"A",.,"A"
"20161","03231763",28,0,"1",780,"D",65,"D",.,"A",0,"D",0,"D",.,"A",.,"A",715,"D",0,"D",.,"A",.,"A",.,"A",.,"A"
"20161","03231773",20,0,"1",520,"D",192,"F",.,"A",0,"D",0,"D",.,"A",.,"A",721,"F",0,"D",.,"A",.,"A",.,"A",.,"A"
"20161","03231783",21,0,"1",650,"D",260,"D",.,"A",390,"D",150,"D",.,"A",.,"A",390,"D",300,"D",20,"D",260,"D",.,"A",.,"A"
"20161","03231793",29,0,"1",650,"D",0,"D",.,"A",260,"D",0,"D",.,"A",.,"A",650,"D",0,"D",.,"A",.,"A",.,"A",.,"A"
"20161","03231813",41,0,"1",1300,"D",260,"D",.,"A",650,"D",0,"D",.,"A",.,"A",1040,"D",0,"D",.,"A",.,"A",.,"A",.,"A"
"20161","03231823",20,0,"1",390,"D",65,"D",26,"D",195,"D",0,"D",.,"A",.,"A",325,"D",0,"D",.,"A",.,"A",.,"A",.,"A"
"20161","03231843",26,0,"1",1950,"D",650,"D",.,"A",0,"D",0,"D",.,"A",40,"D",1300,"D",60,"D",.,"A",.,"A",.,"A",.,"A"
"20161","03231863",66,0,"1",2470,"D",455,"D",650,"D",650,"D",0,"D",.,"A",60,"D",2015,"D",0,"D",.,"A",.,"A",.,"A",.,"A"
"20161","03231883",40,0,"1",1300,"D",195,"D",.,"A",390,"D",6,"D",.,"A",450,"D",1105,"D",6,"D",.,"A",.,"A",.,"A",.,"A"
"20161","03231903",9,0,"1",0,"D",.,"A",.,"A",0,"D",0,"D",.,"A",.,"A",0,"D",0,"D",.,"A",.,"A",.,"A",.,"A"
"20161","03231953",33,0,"1",1560,"D",195,"D",.,"A",260,"D",0,"D",.,"A",.,"A",1365,"D",0,"D",20,"D",260,"D",.,"A",.,"A"
"20161","03231983",31,0,"1",520,"D",0,"D",.,"A",260,"D",0,"D",.,"A",.,"A",520,"D",195,"D",.,"A",.,"A",.,"A",.,"A"
"20161","03231993",11,0,"1",883,"F",.,"A",.,"A",534,"F",158,"F",.,"A",.,"A",721,"F",124,"F",.,"A",.,"A",.,"A",.,"A"
"20161","03232003",34,0,"1",2600,"D",0,"D",.,"A",650,"D",0,"D",.,"A",150,"D",2600,"D",45,"D",.,"A",.,"A",.,"A",.,"A"
"20161","03232013",14,0,"1",650,"D",65,"D",.,"A",104,"D",0,"D",225,"D",.,"A",585,"D",0,"D",.,"A",.,"A",.,"A",.,"A"
"20161","03232023",41,0,"1",1950,"D",260,"D",.,"A",390,"D",0,"D",.,"A",.,"A",1690,"D",0,"D",20,"D",260,"D",.,"A",.,"A"
"20161","03232053",41,0,"1",975,"D",195,"D",.,"A",260,"D",0,"D",.,"A",.,"A",780,"D",0,"D",.,"A",.,"A",.,"A",.,"A"
"20161","03232063",14,0,"1",780,"D",91,"D",.,"A",0,"D",0,"D",.,"A",.,"A",689,"D",90,"D",.,"A",.,"A",.,"A",.,"A"
"20161","03232093",23,0,"1",1300,"D",130,"D",.,"A",650,"D",0,"D",.,"A",.,"A",1170,"D",0,"D",.,"A",.,"A",.,"A",.,"A"
"20161","03232103",50,0,"1",1950,"D",260,"D",65,"D",520,"D",0,"D",.,"A",100,"D",1690,"D",0,"D",.,"A",.,"A",.,"A",.,"A"
"20161","03232143",20,0,"1",883,"F",.,"A",.,"A",410,"F",113,"F",.,"A",.,"A",708,"F",100,"F",.,"A",.,"A",.,"A",.,"A"
"20161","03232153",66,0,"1",2145,"D",406,"F",.,"A",325,"D",60,"D",.,"A",.,"A",1715,"F",240,"D",.,"A",.,"A",.,"A",.,"A"
"20161","03232173",48,0,"1",1950,"D",325,"D",.,"A",325,"D",0,"D",.,"A",.,"A",1625,"D",105,"D",25,"D",325,"D",78,"D",6,"D"
"20161","03232193",40,0,"1",2600,"D",130,"D",.,"A",0,"D",0,"D",.,"A",.,"A",2470,"D",0,"D",.,"A",.,"A",.,"A",.,"A"
"20161","03232223",29,0,"1",910,"D",260,"D",.,"A",0,"D",0,"D",.,"A",.,"A",650,"D",6,"D",.,"A",.,"A",.,"A",.,"A"
"20161","03232243",23,0,"1",1625,"D",325,"D",.,"A",0,"D",0,"D",.,"A",.,"A",1300,"D",90,"D",40,"D",520,"D",.,"A",.,"A"
"20161","03232263",16,0,"1",195,"D",65,"D",.,"A",0,"D",0,"D",.,"A",.,"A",130,"D",0,"D",.,"A",.,"A",.,"A",.,"A"
"20161","03232273",19,0,"1",650,"D",65,"D",.,"A",130,"D",0,"D",.,"A",.,"A",585,"D",0,"D",55,"D",715,"D",.,"A",.,"A"
"20161","03232283",20,0,"1",1510,"F",.,"A",195,"D",390,"D",0,"D",.,"A",.,"A",1211,"F",0,"D",18,"D",234,"D",.,"A",.,"A"
"20161","03232293",40,0,"1",936,"D",65,"D",.,"A",130,"D",0,"D",.,"A",.,"A",871,"D",0,"D",.,"A",.,"A",.,"A",.,"A"
"20161","03232313",56,0,"1",1950,"D",650,"D",.,"A",325,"D",0,"D",.,"A",.,"A",1300,"D",450,"D",.,"A",.,"A",.,"A",.,"A"
"20161","03232323",56,0,"1",1560,"D",260,"D",.,"A",520,"D",0,"D",.,"A",.,"A",1300,"D",0,"D",.,"A",.,"A",.,"A",.,"A"
"20161","03232353",25,0,"1",1014,"D",195,"D",.,"A",260,"D",0,"D",.,"A",.,"A",819,"D",0,"D",.,"A",.,"A",.,"A",.,"A"
"20161","03232363",25,0,"1",1300,"D",260,"D",104,"D",520,"D",45,"D",.,"A",.,"A",1040,"D",0,"D",.,"A",.,"A",.,"A",.,"A"
"20161","03232403",29,0,"1",1300,"D",0,"D",.,"A",857,"F",0,"D",.,"A",.,"A",1300,"D",0,"D",.,"A",.,"A",.,"A",.,"A"
"20161","03232433",37,0,"1",1300,"D",208,"D",260,"D",260,"D",150,"D",.,"A",.,"A",1092,"D",120,"D",.,"A",.,"A",.,"A",.,"A"
"20161","03232463",29,0,"1",520,"D",0,"D",.,"A",260,"D",120,"D",.,"A",.,"A",520,"D",30,"D",.,"A",.,"A",.,"A",.,"A"
"20161","03232473",25,0,"1",780,"D",336,"F",.,"A",260,"D",60,"D",.,"A",142,"F",1569,"F",360,"D",.,"A",.,"A",.,"A",.,"A"
"20161","03232563",54,0,"1",1625,"D",0,"D",.,"A",455,"D",0,"D",.,"A",.,"A",1625,"D",0,"D",.,"A",.,"A",.,"A",.,"A"
"20161","03232583",13,0,"1",520,"D",130,"D",.,"A",0,"D",0,"D",.,"A",.,"A",390,"D",0,"D",.,"A",.,"A",104,"D",8,"D"
"20161","03232593",25,0,"1",1300,"D",130,"D",.,"A",520,"D",75,"D",.,"A",.,"A",1170,"D",120,"D",.,"A",.,"A",.,"A",.,"A"
"20161","03232603",29,0,"1",1300,"D",328,"F",.,"A",0,"D",0,"D",.,"A",.,"A",1330,"F",0,"D",.,"A",.,"A",.,"A",.,"A"
"20161","03232633",40,0,"1",1300,"D",65,"D",.,"A",390,"D",0,"D",.,"A",.,"A",1235,"D",0,"D",.,"A",.,"A",.,"A",.,"A"
"20161","03232653",33,0,"1",1040,"D",260,"D",.,"A",780,"D",0,"D",.,"A",.,"A",780,"D",0,"D",.,"A",.,"A",.,"A",.,"A"
"20161","03232663",27,0,"1",845,"D",65,"D",.,"A",130,"D",0,"D",.,"A",.,"A",780,"D",0,"D",.,"A",.,"A",.,"A",.,"A"
"20161","03232673",36,0,"1",910,"D",260,"D",.,"A",1950,"D",360,"D",.,"A",.,"A",650,"D",180,"D",.,"A",.,"A",455,"D",35,"D"
"20161","03232683",51,0,"1",2600,"D",650,"D",.,"A",390,"D",0,"D",.,"A",.,"A",1950,"D",0,"D",70,"D",910,"D",.,"A",.,"A"
"20161","03232703",44,0,"1",650,"D",195,"D",.,"A",260,"D",45,"D",.,"A",.,"A",455,"D",45,"D",.,"A",.,"A",.,"A",.,"A"
"20161","03232753",29,0,"1",975,"D",0,"D",.,"A",1300,"D",0,"D",.,"A",.,"A",975,"D",60,"D",.,"A",.,"A",.,"A",.,"A"
"20161","03232763",50,0,"1",2210,"D",390,"D",195,"D",0,"D",0,"D",.,"A",.,"A",1820,"D",135,"D",.,"A",.,"A",.,"A",.,"A"
"20161","03232773",31,0,"1",1430,"D",195,"D",390,"D",455,"D",0,"D",.,"A",.,"A",1235,"D",60,"D",.,"A",.,"A",.,"A",.,"A"
"20161","03232783",27,0,"1",780,"D",260,"D",.,"A",0,"D",0,"D",.,"A",.,"A",520,"D",0,"D",.,"A",.,"A",.,"A",.,"A"
"20161","03232803",48,0,"1",1950,"D",325,"D",.,"A",325,"D",60,"D",.,"A",40,"D",1625,"D",90,"D",.,"A",.,"A",.,"A",.,"A"
"20161","03232843",37,0,"1",1950,"D",325,"D",.,"A",325,"D",0,"D",.,"A",.,"A",1625,"D",0,"D",75,"D",975,"D",.,"A",.,"A"
"20161","03232853",8,0,"1",1645,"F",.,"A",.,"A",818,"F",134,"F",.,"A",.,"A",1330,"F",130,"F",.,"A",.,"A",.,"A",.,"A"
"20161","03232903",44,0,"1",1950,"D",0,"D",.,"A",1300,"D",0,"D",.,"A",96,"D",1950,"D",0,"D",.,"A",.,"A",.,"A",.,"A"
"20161","03232933",49,0,"1",1365,"D",195,"D",.,"A",260,"D",0,"D",.,"A",.,"A",1170,"D",0,"D",.,"A",.,"A",156,"D",12,"D"
"20161","03232993",29,0,"1",2275,"D",650,"D",130,"D",390,"D",0,"D",.,"A",.,"A",1625,"D",60,"D",70,"D",910,"D",.,"A",.,"A"
"20161","03233003",61,0,"1",4550,"D",650,"D",.,"A",1820,"D",0,"D",.,"A",.,"A",3900,"D",0,"D",.,"A",.,"A",.,"A",.,"A"
"20161","03233023",35,0,"1",1625,"D",130,"D",.,"A",0,"D",0,"D",.,"A",.,"A",1495,"D",30,"D",.,"A",.,"A",.,"A",.,"A"
"20161","03233033",35,0,"1",1560,"D",273,"D",.,"A",650,"D",0,"D",.,"A",.,"A",1287,"D",0,"D",.,"A",.,"A",.,"A",.,"A"
"20161","03233043",10,0,"1",2226,"F",.,"A",.,"A",0,"D",0,"D",.,"A",.,"A",1817,"F",0,"D",.,"A",.,"A",.,"A",.,"A"
"20161","03233093",47,0,"1",1040,"D",0,"D",.,"A",1430,"D",0,"D",.,"A",.,"A",1040,"D",0,"D",.,"A",.,"A",.,"A",.,"A"
"20161","03233113",37,0,"1",650,"D",130,"D",.,"A",650,"D",0,"D",.,"A",.,"A",520,"D",78,"D",.,"A",.,"A",.,"A",.,"A"
"20161","03233123",23,0,"1",585,"D",65,"D",.,"A",0,"D",0,"D",.,"A",.,"A",520,"D",0,"D",.,"A",.,"A",.,"A",.,"A"
"20161","03233153",57,0,"1",2600,"D",1300,"D",.,"A",1950,"D",0,"D",.,"A",102,"D",1300,"D",0,"D",.,"A",.,"A",.,"A",.,"A"
"20161","03233203",28,0,"1",1300,"D",260,"D",.,"A",780,"D",0,"D",.,"A",.,"A",1040,"D",0,"D",.,"A",.,"A",.,"A",.,"A"
"20161","03233243",25,0,"1",650,"D",195,"D",.,"A",0,"D",0,"D",.,"A",.,"A",455,"D",0,"D",18,"D",234,"D",195,"D",15,"D"
"20161","03233253",32,0,"1",1300,"D",288,"F",.,"A",650,"D",150,"D",.,"A",.,"A",1049,"F",150,"D",.,"A",.,"A",.,"A",.,"A"
"20161","03233263",51,0,"1",1625,"D",260,"D",.,"A",260,"D",30,"D",.,"A",.,"A",1365,"D",30,"D",.,"A",.,"A",.,"A",.,"A"
"20161","03233293",29,0,"1",1300,"D",260,"D",.,"A",325,"D",0,"D",.,"A",.,"A",1040,"D",0,"D",.,"A",.,"A",.,"A",.,"A"
"20161","03233303",30,0,"1",650,"D",65,"D",130,"D",0,"D",150,"D",.,"A",.,"A",585,"D",150,"D",.,"A",.,"A",.,"A",.,"A"
"20161","03233364",18,0,"1",130,"D",52,"D",.,"A",65,"D",0,"D",.,"A",.,"A",78,"D",0,"D",.,"A",.,"A",.,"A",.,"A"
"20161","03233373",48,0,"1",1300,"D",130,"D",.,"A",195,"D",120,"D",.,"A",.,"A",1170,"D",300,"D",.,"A",.,"A",.,"A",.,"A"
"20161","03233383",20,0,"1",1300,"D",195,"D",.,"A",0,"D",0,"D",.,"A",.,"A",1105,"D",0,"D",25,"D",325,"D",.,"A",.,"A"
"20161","03233443",36,0,"1",780,"D",130,"D",.,"A",390,"D",30,"D",.,"A",.,"A",650,"D",225,"D",5,"D",65,"D",.,"A",.,"A"
"20161","03233463",20,0,"1",1690,"D",260,"D",.,"A",390,"D",0,"D",258,"F",.,"A",1430,"D",0,"D",.,"A",.,"A",.,"A",.,"A"
"20161","03233473",15,0,"1",960,"F",.,"A",.,"A",156,"D",0,"D",.,"A",.,"A",750,"F",0,"D",.,"A",.,"A",.,"A",.,"A"
"20161","03233483",21,0,"1",2145,"D",195,"D",.,"A",195,"D",0,"D",.,"A",.,"A",1950,"D",0,"D",.,"A",.,"A",.,"A",.,"A"
"20161","03233533",36,0,"1",585,"D",130,"D",.,"A",325,"D",90,"D",.,"A",.,"A",455,"D",0,"D",.,"A",.,"A",.,"A",.,"A"
"20161","03233553",56,0,"1",3900,"D",1300,"D",.,"A",260,"D",60,"D",.,"A",.,"A",2600,"D",0,"D",.,"A",.,"A",.,"A",.,"A"
"20161","03233563",34,0,"1",3250,"D",0,"D",650,"D",1300,"D",60,"D",.,"A",.,"A",3250,"D",1500,"D",.,"A",.,"A",.,"A",.,"A"
"20161","03233573",67,0,"1",1300,"D",0,"D",.,"A",780,"D",0,"D",.,"A",.,"A",1300,"D",120,"D",.,"C",507,"F",.,"A",.,"A"
"20161","03233593",52,0,"1",1300,"D",260,"D",.,"A",195,"D",0,"D",.,"A",600,"D",1040,"D",0,"D",.,"A",.,"A",.,"A",.,"A"
"20161","03233604",29,0,"1",1950,"D",260,"D",.,"A",520,"D",30,"D",.,"A",.,"A",1690,"D",30,"D",.,"A",.,"A",.,"A",.,"A"
"20161","03233643",45,0,"1",1040,"D",0,"D",.,"A",65,"D",0,"D",.,"A",6,"D",1040,"D",0,"D",.,"A",.,"A",.,"A",.,"A"
"20161","03233653",36,0,"1",1950,"D",455,"D",.,"A",390,"D",6,"D",.,"A",.,"A",1495,"D",6,"D",.,"A",.,"A",.,"A",.,"A"
"20161","03233663",42,0,"1",585,"D",130,"D",.,"A",182,"D",30,"D",.,"A",.,"A",455,"D",150,"D",.,"A",.,"A",.,"A",.,"A"
"20161","03233683",26,0,"1",2082,"F",.,"A",.,"A",1100,"F",155,"F",.,"A",.,"A",1715,"F",175,"F",.,"A",.,"A",.,"A",.,"A"
"20161","03233713",43,0,"1",780,"D",195,"D",.,"A",910,"D",60,"D",.,"A",.,"A",585,"D",75,"D",.,"A",.,"A",.,"A",.,"A"
"20161","03233723",19,0,"1",455,"D",130,"D",.,"A",0,"D",0,"D",.,"A",.,"A",325,"D",0,"D",.,"A",.,"A",.,"A",.,"A"
"20161","03233743",46,0,"1",3900,"D",1300,"D",65,"D",520,"D",0,"D",.,"A",.,"A",2600,"D",60,"D",16,"D",208,"D",.,"A",.,"A"
"20161","03233763",24,0,"1",975,"D",325,"D",.,"A",260,"D",0,"D",.,"A",.,"A",650,"D",0,"D",45,"D",585,"D",.,"A",.,"A"
"20161","03233773",17,0,"1",1300,"D",130,"D",.,"A",520,"D",0,"D",.,"A",.,"A",1170,"D",75,"D",.,"A",.,"A",.,"A",.,"A"
"20161","03233783",44,0,"1",3900,"D",1300,"D",.,"A",1300,"D",0,"D",.,"A",.,"A",2600,"D",210,"D",.,"A",.,"A",.,"A",.,"A"
"20161","03233793",36,0,"1",1950,"D",325,"D",.,"A",312,"D",0,"D",.,"A",.,"A",1625,"D",24,"D",.,"A",.,"A",.,"A",.,"A"
"20161","03233813",29,0,"1",1950,"D",195,"D",.,"A",975,"D",0,"D",.,"A",.,"A",1755,"D",0,"D",.,"A",.,"A",.,"A",.,"A"
"20161","03233833",38,0,"1",1625,"D",0,"D",.,"A",156,"D",0,"D",.,"A",.,"A",1625,"D",0,"D",.,"A",.,"A",.,"A",.,"A"
"20161","03233853",31,0,"1",1560,"D",130,"D",.,"A",0,"D",0,"D",.,"A",.,"A",1430,"D",0,"D",.,"A",.,"A",.,"A",.,"A"
"20161","03233863",27,0,"1",1300,"D",325,"D",.,"A",260,"D",0,"D",.,"A",.,"A",975,"D",0,"D",.,"A",.,"A",.,"A",.,"A"
"20161","03233873",15,0,"1",1625,"D",650,"D",325,"D",260,"D",0,"D",.,"A",.,"A",975,"D",0,"D",.,"A",.,"A",.,"A",.,"A"
"20161","03233883",51,0,"1",2600,"D",650,"D",.,"A",0,"D",0,"D",.,"A",.,"A",1950,"D",0,"D",1,"D",13,"D",.,"A",.,"A"
"20161","03233893",10,0,"1",1755,"D",260,"D",.,"A",975,"D",0,"D",.,"A",.,"A",1495,"D",135,"D",.,"A",.,"A",.,"A",.,"A"
"20161","03233933",42,0,"1",325,"D",0,"D",.,"A",650,"D",0,"D",.,"A",.,"A",325,"D",0,"D",.,"A",.,"A",.,"A",.,"A"
"20161","03233943",54,0,"1",2275,"D",650,"D",.,"A",1040,"D",0,"D",.,"A",.,"A",1625,"D",600,"D",.,"A",.,"A",.,"A",.,"A"
"20161","03233953",50,0,"1",1625,"D",325,"D",325,"D",1560,"D",15,"D",.,"A",.,"A",1300,"D",60,"D",.,"A",.,"A",.,"A",.,"A"
"20161","03233973",31,0,"1",1300,"D",0,"D",234,"D",780,"D",0,"D",.,"A",.,"A",1300,"D",0,"D",28,"D",364,"D",.,"A",.,"A"
"20161","03233983",78,0,"1",1820,"D",325,"D",.,"A",650,"D",0,"D",.,"A",.,"A",1495,"D",0,"D",.,"A",.,"A",.,"A",.,"A"
"20161","03234013",30,0,"1",2015,"D",195,"D",1625,"D",0,"D",0,"D",.,"A",.,"A",1820,"D",0,"D",97,"D",1261,"D",.,"A",.,"A"
"20161","03234073",38,0,"1",2600,"D",0,"D",.,"A",780,"D",0,"D",.,"A",150,"D",2600,"D",0,"D",.,"A",.,"A",.,"A",.,"A"
"20161","03234113",19,0,"1",650,"D",26,"D",.,"A",325,"D",0,"D",.,"A",.,"A",624,"D",0,"D",.,"A",.,"A",.,"A",.,"A"
"20161","03234123",27,0,"1",780,"D",130,"D",.,"A",0,"D",0,"D",.,"A",.,"A",650,"D",0,"D",.,"A",.,"A",130,"D",10,"D"
"20161","03234133",39,0,"1",1560,"D",0,"D",.,"A",1300,"D",60,"D",.,"A",.,"A",1560,"D",0,"D",.,"A",.,"A",.,"A",.,"A"
"20161","03234143",31,0,"1",1560,"D",117,"D",.,"A",780,"D",0,"D",.,"A",200,"D",1443,"D",0,"D",.,"A",.,"A",.,"A",.,"A"
"20161","03234163",101,0,"1",2600,"D",520,"D",130,"D",780,"D",300,"D",.,"A",.,"A",2080,"D",300,"D",.,"A",.,"A",65,"D",5,"D"
"20161","03234174",27,0,"1",650,"D",0,"D",.,"A",130,"D",0,"D",.,"A",.,"A",650,"D",0,"D",15,"D",195,"D",.,"A",.,"A"
"20161","03234203",50,0,"1",1430,"D",715,"D",.,"A",390,"D",0,"D",.,"A",.,"A",715,"D",0,"D",.,"A",.,"A",.,"A",.,"A"
"20161","03234223",24,0,"1",1300,"D",130,"D",.,"A",0,"D",0,"D",.,"A",.,"A",1170,"D",0,"D",.,"A",.,"A",.,"A",.,"A"
"20161","03234233",52,0,"1",650,"D",130,"D",.,"A",5200,"D",0,"D",.,"A",.,"A",520,"D",120,"D",.,"A",.,"A",.,"A",.,"A"
"20161","03234243",25,0,"1",1300,"D",260,"D",.,"A",780,"D",116,"F",.,"A",.,"A",1040,"D",270,"D",16,"D",208,"D",.,"A",.,"A"
"20161","03234253",30,0,"1",975,"D",363,"F",.,"A",260,"D",0,"D",.,"A",.,"A",1325,"F",0,"D",.,"A",.,"A",.,"A",.,"A"
"20161","03234263",25,0,"1",650,"D",0,"D",.,"A",650,"D",0,"D",.,"A",.,"A",650,"D",0,"D",.,"A",.,"A",.,"A",.,"A"
"20161","03234273",22,0,"1",910,"D",65,"D",.,"A",0,"D",0,"D",.,"A",.,"A",845,"D",0,"D",.,"A",.,"A",.,"A",.,"A"
"20161","03234313",26,0,"1",650,"D",130,"D",.,"A",520,"D",0,"D",.,"A",.,"A",520,"D",0,"D",.,"A",.,"A",.,"A",.,"A"
"20161","03234323",50,0,"1",2600,"D",260,"D",.,"A",1560,"D",0,"D",.,"A",.,"A",2340,"D",0,"D",.,"A",.,"A",.,"A",.,"A"
"20161","03234333",24,0,"1",2340,"D",260,"D",.,"A",130,"D",0,"D",.,"A",.,"A",2080,"D",0,"D",.,"A",.,"A",.,"A",.,"A"
"20161","03234343",75,0,"1",1950,"D",260,"D",.,"A",1300,"D",0,"D",.,"A",325,"D",1690,"D",0,"D",.,"A",.,"A",.,"A",.,"A"
"20161","03234353",26,0,"1",1040,"D",104,"D",.,"A",260,"D",0,"D",.,"A",.,"A",936,"D",0,"D",.,"A",.,"A",.,"A",.,"A"
"20161","03234363",88,0,"1",1950,"D",780,"D",.,"A",1040,"D",0,"D",.,"A",.,"A",1170,"D",750,"D",.,"A",.,"A",.,"A",.,"A"
"20161","03234373",34,0,"1",975,"D",192,"F",.,"A",0,"D",0,"D",.,"A",.,"A",721,"F",0,"D",.,"A",.,"A",.,"A",.,"A"
"20161","03234403",38,0,"1",650,"D",65,"D",.,"A",325,"D",0,"D",.,"A",.,"A",585,"D",0,"D",.,"A",.,"A",.,"A",.,"A"
"20161","03234473",22,0,"1",1950,"D",195,"D",.,"A",0,"D",0,"D",258,"F",.,"A",1755,"D",0,"D",.,"A",.,"A",.,"A",.,"A"
"20161","03234483",6,0,"1",883,"F",.,"A",.,"A",534,"F",158,"F",.,"A",.,"A",721,"F",124,"F",.,"A",.,"A",.,"A",.,"A"
"20161","03234513",38,0,"1",780,"D",65,"D",.,"A",195,"D",0,"D",.,"A",.,"A",715,"D",0,"D",.,"A",.,"A",.,"A",.,"A"
"20161","03234543",18,0,"1",650,"D",130,"D",.,"A",0,"D",0,"D",.,"A",.,"A",520,"D",0,"D",.,"A",.,"A",.,"A",.,"A"
"20161","03234563",22,0,"1",520,"D",260,"D",.,"A",260,"D",0,"D",.,"A",.,"A",260,"D",45,"D",.,"A",.,"A",.,"A",.,"A"
"20161","03234623",27,0,"1",2600,"D",455,"D",.,"A",0,"D",0,"D",.,"A",.,"A",2145,"D",0,"D",600,"D",7800,"D",.,"A",.,"A"
"20161","03234643",44,0,"1",2600,"D",390,"D",.,"A",780,"D",0,"D",.,"A",.,"A",2210,"D",0,"D",.,"A",.,"A",.,"A",.,"A"
"20161","03234653",25,0,"1",325,"D",260,"D",.,"A",1950,"D",120,"D",.,"A",.,"A",65,"D",0,"D",.,"A",.,"A",.,"A",.,"A"
"20161","03234663",27,0,"1",1300,"D",130,"D",.,"A",0,"D",0,"D",.,"A",.,"A",1170,"D",0,"D",.,"A",.,"A",.,"A",.,"A"
"20161","03234703",27,0,"1",650,"D",104,"D",.,"A",0,"D",0,"D",.,"A",.,"A",546,"D",0,"D",.,"A",.,"A",.,"A",.,"A"
"20161","03234723",59,0,"1",1040,"D",195,"D",130,"D",65,"D",6,"D",.,"A",.,"A",845,"D",6,"D",.,"A",.,"A",.,"A",.,"A"
"20161","03234743",30,0,"1",1040,"D",130,"D",.,"A",1560,"D",0,"D",.,"A",.,"A",910,"D",0,"D",.,"A",.,"A",.,"A",.,"A"
"20161","03234783",23,0,"1",1950,"D",260,"D",.,"A",520,"D",0,"D",.,"A",.,"A",1690,"D",0,"D",.,"A",.,"A",.,"A",.,"A"
"20161","03234803",42,0,"1",780,"D",260,"D",.,"A",325,"D",0,"D",.,"A",.,"A",520,"D",0,"D",.,"A",.,"A",.,"A",.,"A"
"20161","03234823",27,0,"1",975,"D",260,"D",.,"A",325,"D",0,"D",.,"A",.,"A",715,"D",0,"D",.,"A",.,"A",.,"A",.,"A"
"20161","03234833",68,0,"1",1820,"D",325,"D",.,"A",975,"D",90,"D",.,"A",.,"A",1495,"D",780,"D",.,"A",.,"A",.,"A",.,"A"
"20161","03234843",15,0,"1",975,"D",91,"D",.,"A",390,"D",0,"D",.,"A",.,"A",884,"D",0,"D",.,"A",.,"A",.,"A",.,"A"
"20161","03234863",63,0,"1",1300,"D",260,"D",.,"A",260,"D",0,"D",.,"A",.,"A",1040,"D",60,"D",.,"A",.,"A",.,"A",.,"A"
"20161","03234873",50,0,"1",1950,"D",650,"D",.,"A",650,"D",0,"D",.,"A",.,"A",1300,"D",0,"D",.,"A",.,"A",.,"A",.,"A"
"20161","03234893",19,0,"1",975,"D",325,"D",.,"A",325,"D",30,"D",.,"A",.,"A",650,"D",90,"D",20,"D",260,"D",.,"A",.,"A"
"20161","03234913",16,0,"1",780,"D",520,"D",.,"A",650,"D",0,"D",.,"A",.,"A",260,"D",90,"D",20,"D",260,"D",.,"A",.,"A"
"20161","03234943",18,0,"1",1950,"D",390,"D",.,"A",0,"D",60,"D",.,"A",.,"A",1560,"D",60,"D",.,"A",.,"A",.,"A",.,"A"
"20161","03234953",50,0,"1",1560,"D",260,"D",.,"A",390,"D",0,"D",.,"A",90,"D",1300,"D",0,"D",.,"A",.,"A",.,"A",.,"A"
"20161","03234963",11,0,"1",1300,"D",455,"D",.,"A",0,"D",0,"D",.,"A",.,"A",845,"D",0,"D",.,"A",.,"A",.,"A",.,"A"
"20161","03235013",60,0,"1",1846,"D",260,"D",65,"D",1105,"D",0,"D",.,"A",.,"A",1586,"D",30,"D",.,"A",.,"A",.,"A",.,"A"
"20161","03235043",21,0,"1",650,"D",130,"D",.,"A",260,"D",0,"D",.,"A",.,"A",520,"D",105,"D",42,"D",546,"D",.,"A",.,"A"
"20161","03235063",33,0,"1",975,"D",195,"D",.,"A",715,"D",0,"D",.,"A",.,"A",780,"D",150,"D",.,"A",.,"A",.,"A",.,"A"
"20161","03235083",41,0,"1",1040,"D",130,"D",.,"A",130,"D",0,"D",.,"A",.,"A",910,"D",120,"D",.,"A",.,"A",.,"A",.,"A"
"20161","03235133",39,0,"1",2600,"D",390,"D",130,"D",780,"D",90,"D",.,"A",.,"A",2210,"D",300,"D",.,"A",.,"A",.,"A",.,"A"
"20161","03235143",21,0,"1",520,"D",130,"D",.,"A",130,"D",0,"D",.,"A",.,"A",390,"D",0,"D",.,"A",.,"A",.,"A",.,"A"
"20161","03235153",22,0,"1",1560,"D",325,"D",.,"A",910,"D",0,"D",.,"A",.,"A",1235,"D",0,"D",40,"D",520,"D",.,"A",.,"A"
"20161","03235213",32,0,"1",3250,"D",650,"D",.,"A",650,"D",0,"D",.,"A",.,"A",2600,"D",0,"D",.,"A",.,"A",.,"A",.,"A"
"20161","03235273",18,0,"1",650,"D",65,"D",.,"A",195,"D",0,"D",.,"A",.,"A",585,"D",0,"D",.,"A",.,"A",.,"A",.,"A"
"20161","03235333",20,0,"1",2860,"D",325,"F",.,"A",0,"D",0,"D",.,"A",.,"A",1197,"F",0,"D",.,"A",.,"A",.,"A",.,"A"
"20161","03235343",35,0,"1",1300,"D",195,"D",.,"A",130,"D",0,"D",.,"A",.,"A",1105,"D",90,"D",.,"A",.,"A",.,"A",.,"A"
"20161","03235353",10,0,"1",520,"D",325,"D",.,"A",52,"D",0,"D",.,"A",.,"A",195,"D",0,"D",.,"A",.,"A",.,"A",.,"A"
"20161","03235363",62,0,"1",1300,"D",325,"D",325,"D",520,"D",0,"D",.,"A",.,"A",975,"D",30,"D",.,"A",.,"A",.,"A",.,"A"
"20161","03235373",21,0,"1",78,"D",26,"D",.,"A",104,"D",0,"D",.,"A",.,"A",52,"D",0,"D",.,"A",.,"A",.,"A",.,"A"
"20161","03235383",18,0,"1",1040,"D",390,"D",.,"A",312,"D",0,"D",.,"A",.,"A",650,"D",0,"D",.,"A",.,"A",.,"A",.,"A"
"20161","03235393",24,0,"1",2275,"D",260,"D",.,"A",1040,"D",150,"D",.,"A",.,"A",2015,"D",90,"D",.,"A",.,"A",.,"A",.,"A"
"20161","03235403",33,0,"1",1300,"D",260,"D",.,"A",975,"D",0,"D",.,"A",.,"A",1040,"D",75,"D",15,"D",195,"D",.,"A",.,"A"
"20161","03235453",30,0,"1",3575,"D",325,"D",.,"A",2600,"D",150,"D",.,"A",.,"A",3250,"D",150,"D",.,"A",.,"A",.,"A",.,"A"
"20161","03235463",38,0,"1",2600,"D",650,"D",.,"A",650,"D",0,"D",.,"A",.,"A",1950,"D",75,"D",30,"D",390,"D",.,"A",.,"A"
"20161","03235483",30,0,"1",1300,"D",260,"D",.,"A",1300,"D",0,"D",.,"A",.,"A",1040,"D",0,"D",.,"A",.,"A",.,"A",.,"A"
"20161","03235494",28,0,"1",2080,"D",520,"D",.,"A",1040,"D",0,"D",.,"A",.,"A",1560,"D",0,"D",.,"A",.,"A",.,"A",.,"A"
"20161","03235513",35,0,"1",390,"D",130,"D",.,"A",195,"D",0,"D",.,"A",.,"A",260,"D",30,"D",.,"A",.,"A",.,"A",.,"A"
"20161","03235523",29,0,"1",1300,"D",0,"D",.,"A",260,"D",0,"D",.,"A",.,"A",1300,"D",240,"D",.,"A",.,"A",.,"A",.,"A"
"20161","03235533",19,0,"1",1950,"D",650,"D",.,"A",0,"D",0,"D",.,"A",.,"A",1300,"D",0,"D",25,"D",325,"D",.,"A",.,"A"
"20161","03235573",51,0,"1",2600,"D",650,"D",.,"A",520,"D",150,"D",.,"A",.,"A",1950,"D",150,"D",.,"A",.,"A",.,"A",.,"A"
"20161","03235583",60,0,"1",1625,"D",195,"D",.,"A",1300,"D",150,"D",.,"A",.,"A",1430,"D",150,"D",.,"A",.,"A",65,"D",5,"D"
"20161","03235593",38,0,"1",3250,"D",0,"D",.,"A",0,"D",0,"D",520,"D",.,"A",3250,"D",180,"D",.,"A",.,"A",.,"A",.,"A"
"20161","03235633",28,0,"1",1560,"D",0,"D",.,"A",455,"D",225,"D",.,"A",.,"A",1560,"D",420,"D",36,"D",468,"D",.,"A",.,"A"
"20161","03235653",25,0,"1",3900,"D",1300,"D",.,"A",0,"D",0,"D",.,"A",.,"A",2600,"D",0,"D",.,"A",.,"A",.,"A",.,"A"
"20161","03235673",22,0,"1",650,"D",0,"D",.,"A",1950,"D",180,"D",.,"A",.,"A",650,"D",0,"D",.,"A",.,"A",.,"A",.,"A"
"20161","03235683",37,0,"1",1300,"D",260,"D",.,"A",455,"D",0,"D",.,"A",.,"A",1040,"D",0,"D",.,"A",.,"A",.,"A",.,"A"
"20161","03235693",53,0,"1",3250,"D",156,"D",.,"A",0,"D",0,"D",.,"A",.,"A",3094,"D",15,"D",.,"A",.,"A",.,"A",.,"A"
"20161","03235703",9,0,"1",650,"D",0,"D",.,"A",0,"D",0,"D",.,"A",.,"A",650,"D",0,"D",.,"A",.,"A",.,"A",.,"A"
"20161","03235733",30,0,"1",1950,"D",65,"D",.,"A",0,"D",0,"D",.,"A",.,"A",1885,"D",0,"D",.,"A",.,"A",.,"A",.,"A"
"20161","03235753",23,0,"1",260,"D",65,"D",.,"A",130,"D",0,"D",.,"A",.,"A",195,"D",0,"D",.,"A",.,"A",.,"A",.,"A"
"20161","03235783",64,0,"1",1300,"D",195,"D",.,"A",3250,"D",150,"D",.,"A",150,"D",1105,"D",300,"D",.,"A",.,"A",.,"A",.,"A"
"20161","03235823",54,0,"1",5200,"D",1300,"D",.,"A",780,"D",0,"D",.,"A",.,"A",3900,"D",60,"D",.,"A",.,"A",.,"A",.,"A"
"20161","03235833",34,0,"1",2600,"D",390,"D",.,"A",1560,"D",0,"D",.,"A",.,"A",2210,"D",0,"D",.,"A",.,"A",.,"A",.,"A"
"20161","03235853",50,0,"1",1950,"D",390,"D",.,"A",520,"D",0,"D",.,"A",.,"A",1560,"D",0,"D",.,"A",.,"A",.,"A",.,"A"
"20161","03235863",59,0,"1",1300,"D",260,"D",.,"A",1300,"D",120,"D",.,"A",.,"A",1040,"D",60,"D",.,"A",.,"A",.,"A",.,"A"
"20161","03235883",64,0,"1",1690,"D",260,"D",.,"A",1300,"D",60,"D",.,"A",.,"A",1430,"D",75,"D",.,"A",.,"A",.,"A",.,"A"
"20161","03235913",16,0,"1",1473,"F",.,"A",.,"A",403,"F",0,"D",.,"A",.,"A",1208,"F",0,"D",.,"A",.,"A",.,"A",.,"A"
"20161","03235933",18,0,"1",845,"D",65,"D",.,"A",325,"D",0,"D",.,"A",.,"A",780,"D",0,"D",.,"A",.,"A",.,"A",.,"A"
"20161","03235943",29,0,"1",1950,"D",0,"D",.,"A",260,"D",0,"D",.,"A",.,"A",1950,"D",30,"D",55,"D",715,"D",.,"A",.,"A"
"20161","03235983",22,0,"1",780,"D",260,"D",.,"A",524,"F",0,"D",.,"A",.,"A",520,"D",0,"D",.,"A",.,"A",.,"A",.,"A"
"20161","03236003",48,0,"1",1040,"D",65,"D",.,"A",975,"D",36,"D",.,"A",.,"A",975,"D",0,"D",.,"A",.,"A",.,"A",.,"A"
"20161","03236023",33,0,"1",975,"D",520,"D",.,"A",780,"D",180,"D",.,"A",.,"A",455,"D",150,"D",.,"A",.,"A",.,"A",.,"A"
"20161","03236053",53,0,"1",1300,"D",390,"D",.,"A",1300,"D",120,"D",.,"A",.,"A",910,"D",300,"D",.,"A",.,"A",.,"A",.,"A"
"20161","03236073",36,0,"1",1300,"D",130,"D",.,"A",130,"D",0,"D",.,"A",.,"A",1170,"D",0,"D",.,"A",.,"A",.,"A",.,"A"
"20161","03236083",34,0,"1",3250,"D",1625,"D",1300,"D",0,"D",0,"D",.,"A",.,"A",1625,"D",0,"D",.,"A",.,"A",.,"A",.,"A"
"20161","03236093",26,0,"1",1430,"D",260,"D",.,"A",0,"D",0,"D",.,"A",.,"A",1170,"D",150,"D",.,"A",.,"A",.,"A",.,"A"
"20161","03236143",20,0,"1",1040,"D",130,"D",.,"A",65,"D",0,"D",.,"A",.,"A",910,"D",120,"D",50,"D",650,"D",.,"A",.,"A"
"20161","03236153",35,0,"1",2275,"D",325,"D",.,"A",1040,"D",0,"D",.,"A",.,"A",1950,"D",0,"D",.,"A",.,"A",.,"A",.,"A"
"20161","03236183",16,0,"1",975,"D",0,"D",.,"A",0,"D",0,"D",.,"A",.,"A",975,"D",0,"D",.,"A",.,"A",.,"A",.,"A"
"20161","03236203",18,0,"1",3900,"D",406,"F",.,"A",0,"D",0,"D",845,"D",.,"A",1649,"F",0,"D",.,"A",.,"A",.,"A",.,"A"
"20161","03236253",31,0,"1",975,"D",130,"D",.,"A",650,"D",0,"D",.,"A",.,"A",845,"D",0,"D",.,"A",.,"A",.,"A",.,"A"
"20161","03236353",52,0,"1",1560,"D",585,"D",.,"A",520,"D",90,"D",.,"A",.,"A",975,"D",180,"D",.,"A",.,"A",.,"A",.,"A"
"20161","03236363",23,0,"1",260,"D",65,"D",.,"A",0,"D",0,"D",.,"A",.,"A",195,"D",0,"D",.,"A",.,"A",.,"A",.,"A"
"20161","03236373",41,0,"1",650,"D",0,"D",.,"A",520,"D",120,"D",.,"A",.,"A",650,"D",60,"D",3,"D",39,"D",.,"A",.,"A"
"20161","03236383",18,0,"1",2925,"D",455,"D",325,"D",585,"D",0,"D",.,"A",480,"D",2470,"D",0,"D",40,"D",520,"D",.,"A",.,"A"
"20161","03236393",66,0,"1",780,"D",260,"D",.,"A",390,"D",0,"D",.,"A",.,"A",520,"D",0,"D",.,"A",.,"A",.,"A",.,"A"
"20161","03236404",34,0,"1",1690,"D",390,"D",.,"A",390,"D",150,"D",.,"A",.,"A",1300,"D",0,"D",.,"A",.,"A",.,"A",.,"A"
"20161","03236423",57,0,"1",1625,"D",325,"D",65,"D",650,"D",30,"D",.,"A",143,"D",1300,"D",60,"D",.,"A",.,"A",.,"A",.,"A"
"20161","03236443",62,0,"1",780,"D",26,"D",130,"D",585,"D",0,"D",.,"A",.,"A",754,"D",0,"D",.,"A",.,"A",.,"A",.,"A"
"20161","03236473",57,0,"1",1820,"D",650,"D",.,"A",520,"D",30,"D",.,"A",.,"A",1170,"D",45,"D",.,"A",.,"A",.,"A",.,"A"
"20161","03236503",46,0,"1",3250,"D",1300,"D",.,"A",390,"D",0,"D",.,"A",30,"D",1950,"D",0,"D",.,"A",.,"A",.,"A",.,"A"
"20161","03236583",26,0,"1",520,"D",65,"D",.,"A",975,"D",0,"D",.,"A",.,"A",455,"D",0,"D",.,"A",.,"A",.,"A",.,"A"
"20161","03236593",13,0,"1",520,"D",130,"D",.,"A",260,"D",0,"D",.,"A",.,"A",390,"D",0,"D",.,"A",.,"A",.,"A",.,"A"
"20161","03236623",42,0,"1",845,"D",130,"D",.,"A",325,"D",0,"D",.,"A",.,"A",715,"D",45,"D",.,"A",.,"A",.,"A",.,"A"
"20161","03236743",31,0,"1",2275,"D",676,"D",130,"D",390,"D",120,"D",.,"A",.,"A",1599,"D",120,"D",40,"D",520,"D",.,"A",.,"A"
"20161","03236753",20,0,"1",1625,"D",390,"D",.,"A",390,"D",1200,"D",.,"A",.,"A",1235,"D",0,"D",45,"D",585,"D",.,"A",.,"A"
"20161","03236763",17,0,"1",975,"D",130,"D",.,"A",0,"D",0,"D",.,"A",.,"A",845,"D",0,"D",.,"A",.,"A",.,"A",.,"A"
"20161","03236783",49,0,"1",650,"D",182,"D",65,"D",104,"D",0,"D",.,"A",.,"A",468,"D",0,"D",.,"A",.,"A",.,"A",.,"A"
"20161","03236803",33,0,"1",1300,"D",650,"D",.,"A",260,"D",0,"D",.,"A",.,"A",650,"D",30,"D",.,"A",.,"A",.,"A",.,"A"
"20161","03236903",24,0,"1",1300,"D",228,"F",227,"F",975,"D",116,"F",.,"A",.,"A",750,"F",123,"F",.,"A",.,"A",.,"A",.,"A"
"20161","03236923",73,0,"1",780,"D",130,"D",.,"A",65,"D",30,"D",.,"A",.,"A",650,"D",75,"D",.,"A",.,"A",.,"A",.,"A"
"20161","03236933",67,0,"1",1625,"D",325,"D",.,"A",1430,"D",0,"D",.,"A",.,"A",1300,"D",120,"D",.,"A",.,"A",.,"A",.,"A"
"20161","03236943",35,0,"1",1170,"D",0,"D",195,"D",0,"D",0,"D",.,"A",54,"D",1170,"D",0,"D",.,"A",.,"A",.,"A",.,"A"
"20161","03236963",23,0,"1",910,"D",325,"D",.,"A",0,"D",0,"D",.,"A",.,"A",585,"D",0,"D",.,"A",.,"A",.,"A",.,"A"
"20161","03236983",54,0,"1",1300,"D",185,"F",.,"A",39,"D",0,"D",.,"A",.,"A",674,"F",0,"D",.,"A",.,"A",.,"A",.,"A"
"20161","03237023",37,0,"1",650,"D",260,"D",.,"A",26,"D",0,"D",.,"A",.,"A",390,"D",120,"D",15,"D",195,"D",.,"A",.,"A"
"20161","03237053",37,0,"1",975,"D",130,"D",.,"A",780,"D",0,"D",.,"A",.,"A",845,"D",60,"D",.,"A",.,"A",.,"A",.,"A"
"20161","03237063",30,0,"1",975,"D",325,"D",.,"A",520,"D",0,"D",.,"A",.,"A",650,"D",150,"D",.,"A",.,"A",.,"A",.,"A"
"20161","03237083",26,0,"1",2015,"D",650,"D",.,"A",780,"D",60,"D",.,"A",.,"A",1365,"D",108,"D",.,"A",.,"A",.,"A",.,"A"
"20161","03237103",26,0,"1",260,"D",26,"D",.,"A",91,"D",0,"D",.,"A",.,"A",234,"D",0,"D",.,"A",.,"A",.,"A",.,"A"
"20161","03237133",24,0,"1",650,"D",260,"D",130,"D",650,"D",0,"D",.,"A",.,"A",390,"D",150,"D",60,"D",780,"D",.,"A",.,"A"
"20161","03237143",42,0,"1",1950,"D",650,"D",.,"A",1950,"D",180,"D",.,"A",.,"A",1300,"D",240,"D",.,"A",.,"A",.,"A",.,"A"
"20161","03237163",29,0,"1",1430,"D",195,"D",.,"A",390,"D",0,"D",.,"A",.,"A",1235,"D",0,"D",22,"D",286,"D",.,"A",.,"A"
"20161","03237203",25,0,"1",1950,"D",0,"D",.,"A",0,"D",0,"D",.,"A",.,"A",1950,"D",0,"D",20,"D",260,"D",.,"A",.,"A"
"20161","03237263",33,0,"1",1690,"D",325,"D",.,"A",585,"D",0,"D",.,"A",.,"A",1365,"D",0,"D",.,"A",.,"A",.,"A",.,"A"
"20161","03237273",38,0,"1",1625,"D",325,"D",.,"A",260,"D",0,"D",.,"A",.,"A",1300,"D",0,"D",.,"A",.,"A",.,"A",.,"A"
"20161","03237283",33,0,"1",1300,"D",325,"D",.,"A",650,"D",45,"D",.,"A",.,"A",975,"D",240,"D",.,"A",.,"A",.,"A",.,"A"
"20161","03237323",16,0,"1",1950,"D",130,"D",.,"A",650,"D",0,"D",.,"A",.,"A",1820,"D",0,"D",.,"A",.,"A",.,"A",.,"A"
"20161","03237343",45,0,"1",975,"D",130,"D",.,"A",650,"D",120,"D",.,"A",.,"A",845,"D",150,"D",.,"A",.,"A",.,"A",.,"A"
"20161","03237353",20,0,"1",520,"D",65,"D",.,"A",195,"D",0,"D",.,"A",.,"A",455,"D",0,"D",.,"A",.,"A",.,"A",.,"A"
"20161","03237393",21,0,"1",1300,"D",260,"D",.,"A",0,"D",0,"D",.,"A",.,"A",1040,"D",0,"D",.,"A",.,"A",.,"A",.,"A"
"20161","03237423",40,0,"1",0,"D",.,"A",.,"A",0,"D",6,"D",.,"A",.,"A",0,"D",6,"D",.,"A",.,"A",.,"A",.,"A"
"20161","03237443",34,0,"1",1040,"D",195,"D",.,"A",260,"D",150,"D",.,"A",.,"A",845,"D",120,"D",.,"A",.,"A",.,"A",.,"A"
"20161","03237454",13,0,"1",650,"D",0,"D",.,"A",0,"D",0,"D",.,"A",.,"A",650,"D",90,"D",.,"A",.,"A",.,"A",.,"A"
"20161","03237473",18,0,"1",1820,"D",130,"D",.,"A",0,"D",0,"D",.,"A",.,"A",1690,"D",60,"D",.,"A",.,"A",.,"A",.,"A"
"20161","03237483",38,0,"1",650,"D",0,"D",.,"A",260,"D",0,"D",.,"A",.,"A",650,"D",90,"D",.,"A",.,"A",.,"A",.,"A"
"20161","03237503",48,0,"1",1300,"D",325,"D",.,"A",780,"D",0,"D",.,"A",.,"A",975,"D",0,"D",.,"A",.,"A",.,"A",.,"A"
"20161","03237523",26,0,"1",520,"D",130,"D",.,"A",1950,"D",0,"D",.,"A",.,"A",390,"D",0,"D",.,"A",.,"A",.,"A",.,"A"
"20161","03237543",39,0,"1",1625,"D",0,"D",.,"A",650,"D",0,"D",.,"A",.,"A",1625,"D",0,"D",.,"A",.,"A",.,"A",.,"A"
"20161","03237553",52,0,"1",1950,"D",390,"D",.,"A",780,"D",0,"D",.,"A",.,"A",1560,"D",120,"D",.,"A",.,"A",.,"A",.,"A"
"20161","03237584",20,0,"1",1625,"D",0,"D",.,"A",260,"D",0,"D",.,"A",.,"A",1625,"D",0,"D",.,"A",.,"A",.,"A",.,"A"
"20161","03237593",41,0,"1",520,"D",130,"D",.,"A",390,"D",0,"D",.,"A",.,"A",390,"D",0,"D",.,"A",.,"A",.,"A",.,"A"
"20161","03237603",25,0,"1",650,"D",39,"D",65,"D",0,"D",0,"D",.,"A",.,"A",611,"D",0,"D",.,"A",.,"A",.,"A",.,"A"
"20161","03237613",23,0,"1",650,"D",65,"D",325,"D",650,"D",0,"D",.,"A",.,"A",585,"D",0,"D",.,"A",.,"A",.,"A",.,"A"
"20161","03237633",45,0,"1",1950,"D",325,"D",.,"A",650,"D",180,"D",.,"A",.,"A",1625,"D",420,"D",30,"D",390,"D",.,"A",.,"A"
"20161","03237643",29,0,"1",455,"D",0,"D",.,"A",585,"D",0,"D",.,"A",.,"A",455,"D",0,"D",.,"A",.,"A",.,"A",.,"A"
"20161","03237673",39,0,"1",780,"D",325,"D",1105,"D",780,"D",0,"D",.,"A",.,"A",455,"D",0,"D",.,"A",.,"A",.,"A",.,"A"
"20161","03237693",50,0,"1",1300,"D",325,"D",130,"D",780,"D",90,"D",.,"A",.,"A",975,"D",0,"D",.,"A",.,"A",.,"A",.,"A"
"20161","03237713",38,0,"1",390,"D",130,"D",390,"D",260,"D",0,"D",.,"A",.,"A",260,"D",0,"D",.,"A",.,"A",.,"A",.,"A"
"20161","03237763",14,0,"1",1300,"D",325,"D",.,"A",0,"D",0,"D",.,"A",.,"A",975,"D",0,"D",.,"A",.,"A",.,"A",.,"A"
"20161","03237793",49,0,"1",975,"D",260,"D",.,"A",1300,"D",0,"D",.,"A",.,"A",715,"D",0,"D",.,"A",.,"A",.,"A",.,"A"
"20161","03237803",19,0,"1",845,"D",130,"D",.,"A",0,"D",0,"D",.,"A",.,"A",715,"D",0,"D",.,"A",.,"A",.,"A",.,"A"
"20161","03237813",27,0,"1",1300,"D",325,"D",.,"A",2600,"D",180,"D",.,"A",.,"A",975,"D",150,"D",.,"A",.,"A",.,"A",.,"A"
"20161","03237843",18,0,"1",1300,"D",130,"D",.,"A",1300,"D",0,"D",.,"A",.,"A",1170,"D",0,"D",.,"A",.,"A",.,"A",.,"A"
"20161","03237853",124,0,"1",3744,"D",1950,"D",.,"A",520,"D",30,"D",.,"A",.,"A",1794,"D",30,"D",.,"A",.,"A",.,"A",.,"A"
"20161","03237873",26,0,"1",2600,"D",520,"D",.,"A",780,"D",0,"D",.,"A",.,"A",2080,"D",0,"D",.,"A",.,"A",.,"A",.,"A"
"20161","03237903",13,0,"1",325,"D",65,"D",.,"A",65,"D",0,"D",.,"A",.,"A",260,"D",0,"D",.,"A",.,"A",.,"A",.,"A"
"20161","03237933",54,0,"1",689,"D",208,"D",.,"A",286,"D",0,"D",.,"A",.,"A",481,"D",0,"D",.,"A",.,"A",.,"A",.,"A"
"20161","03237953",30,0,"1",910,"D",195,"D",130,"D",0,"D",0,"D",.,"A",.,"A",715,"D",60,"D",.,"A",.,"A",.,"A",.,"A"
"20161","03237973",29,0,"1",780,"D",130,"D",.,"A",650,"D",0,"D",.,"A",.,"A",650,"D",0,"D",50,"D",650,"D",.,"A",.,"A"
"20161","03237984",17,0,"1",65,"D",0,"D",.,"A",0,"D",0,"D",15,"D",.,"A",65,"D",0,"D",.,"A",.,"A",.,"A",.,"A"
"20161","03238003",31,0,"1",1105,"D",325,"D",.,"A",0,"D",0,"D",585,"D",.,"A",780,"D",0,"D",.,"A",.,"A",.,"A",.,"A"
"20161","03238013",21,0,"1",910,"D",195,"D",.,"A",910,"D",0,"D",.,"A",.,"A",715,"D",0,"D",.,"A",.,"A",.,"A",.,"A"
"20161","03238033",42,0,"1",1625,"D",0,"D",.,"A",1300,"D",0,"D",.,"A",100,"D",1625,"D",0,"D",.,"A",.,"A",.,"A",.,"A"
"20161","03238053",29,0,"1",1443,"D",260,"D",.,"A",65,"D",0,"D",.,"A",.,"A",1183,"D",0,"D",.,"A",.,"A",.,"A",.,"A"
"20161","03238073",15,0,"1",650,"D",0,"D",.,"A",130,"D",0,"D",.,"A",.,"A",650,"D",0,"D",.,"A",.,"A",.,"A",.,"A"
"20161","03238083",65,0,"1",1300,"D",260,"D",.,"A",650,"D",60,"D",.,"A",.,"A",1040,"D",90,"D",.,"A",.,"A",.,"A",.,"A"
"20161","03238123",47,0,"1",1950,"D",390,"D",.,"A",0,"D",0,"D",.,"A",.,"A",1560,"D",600,"D",40,"D",520,"D",.,"A",.,"A"
"20161","03238133",39,0,"1",390,"D",130,"D",65,"D",0,"D",0,"D",.,"A",.,"A",260,"D",150,"D",.,"A",.,"A",.,"A",.,"A"
"20161","03238153",26,0,"1",1300,"D",195,"D",.,"A",650,"D",0,"D",.,"A",.,"A",1105,"D",0,"D",.,"A",.,"A",.,"A",.,"A"
"20161","03238163",26,0,"1",1950,"D",650,"D",195,"D",650,"D",450,"D",.,"A",.,"A",1300,"D",150,"D",35,"D",455,"D",.,"A",.,"A"
"20161","03238213",37,0,"1",650,"D",39,"D",364,"D",130,"D",0,"D",.,"A",.,"A",611,"D",0,"D",.,"A",.,"A",.,"A",.,"A"
"20161","03238223",33,0,"1",3250,"D",780,"D",.,"A",650,"D",0,"D",.,"A",.,"A",2470,"D",0,"D",40,"D",520,"D",.,"A",.,"A"
"20161","03238283",13,0,"1",975,"D",65,"D",.,"A",0,"D",0,"D",.,"A",.,"A",910,"D",0,"D",.,"A",.,"A",.,"A",.,"A"
"20161","03238293",22,0,"1",3900,"D",390,"D",.,"A",0,"D",0,"D",.,"A",.,"A",3510,"D",0,"D",42,"D",546,"D",.,"A",.,"A"
"20161","03238303",37,0,"1",1300,"D",390,"D",325,"D",0,"D",0,"D",.,"A",.,"A",910,"D",300,"D",.,"A",.,"A",.,"A",.,"A"
"20161","03238323",38,0,"1",1625,"D",195,"D",.,"A",0,"D",0,"D",.,"A",.,"A",1430,"D",63,"D",50,"D",650,"D",.,"A",.,"A"
"20161","03238333",33,0,"1",1950,"D",325,"D",.,"A",0,"D",0,"D",.,"A",.,"A",1625,"D",120,"D",.,"A",.,"A",.,"A",.,"A"
"20161","03238343",18,0,"1",1040,"D",130,"D",.,"A",1950,"D",90,"D",.,"A",.,"A",910,"D",60,"D",.,"A",.,"A",.,"A",.,"A"
"20161","03238353",25,0,"1",1040,"D",130,"D",.,"A",260,"D",0,"D",.,"A",.,"A",910,"D",0,"D",.,"A",.,"A",.,"A",.,"A"
"20161","03248822",30,0,"1",2600,"D",0,"D",.,"A",325,"D",0,"D",.,"A",.,"A",2600,"D",0,"D",.,"A",.,"A",.,"A",.,"A"
"20161","03248842",39,0,"1",1300,"D",130,"D",.,"A",650,"D",0,"D",.,"A",.,"A",1170,"D",0,"D",.,"A",.,"A",.,"A",.,"A"
"20161","03248862",44,0,"1",1430,"D",130,"D",.,"A",0,"D",0,"D",.,"A",.,"A",1300,"D",0,"D",.,"A",.,"A",.,"A",.,"A"
"20161","03248882",52,0,"1",1300,"D",325,"D",.,"A",1950,"D",0,"D",.,"A",.,"A",975,"D",0,"D",.,"A",.,"A",.,"A",.,"A"
"20161","03248892",30,0,"1",910,"D",195,"D",.,"A",390,"D",0,"D",.,"A",.,"A",715,"D",0,"D",.,"A",.,"A",.,"A",.,"A"
"20161","03248922",44,0,"1",1300,"D",260,"D",.,"A",975,"D",60,"D",.,"A",.,"A",1040,"D",30,"D",.,"A",.,"A",.,"A",.,"A"
"20161","03248932",46,0,"1",1300,"D",325,"D",.,"A",780,"D",225,"D",.,"A",.,"A",975,"D",300,"D",.,"A",.,"A",.,"A",.,"A"
"20161","03248982",37,0,"1",1105,"D",1040,"D",.,"A",195,"D",0,"D",.,"A",.,"A",65,"D",240,"D",0,"D",0,"D",13,"D",1,"D"
"20161","03249002",43,0,"1",3250,"D",650,"D",.,"A",650,"D",0,"D",.,"A",.,"A",2600,"D",0,"D",.,"A",.,"A",.,"A",.,"A"
"20161","03249012",24,0,"1",416,"D",52,"D",.,"A",0,"D",0,"D",.,"A",.,"A",364,"D",36,"D",.,"A",.,"A",.,"A",.,"A"
"20161","03249022",14,0,"1",520,"D",195,"D",.,"A",260,"D",0,"D",.,"A",.,"A",325,"D",0,"D",.,"A",.,"A",.,"A",.,"A"
"20161","03249042",20,0,"1",1443,"D",0,"D",.,"A",650,"D",0,"D",.,"A",.,"A",1443,"D",600,"D",25,"D",325,"D",.,"A",.,"A"
"20161","03249052",37,0,"1",520,"D",203,"F",52,"D",0,"D",0,"D",.,"A",.,"A",708,"F",75,"D",6,"D",78,"D",.,"A",.,"A"
"20161","03249092",39,0,"1",1625,"D",520,"D",390,"D",1300,"D",150,"D",.,"A",.,"A",1105,"D",45,"D",.,"A",.,"A",.,"A",.,"A"
"20161","03249102",42,0,"1",1105,"D",195,"D",.,"A",260,"D",0,"D",.,"A",.,"A",910,"D",0,"D",.,"A",.,"A",.,"A",.,"A"
"20161","03249112",38,0,"1",650,"D",130,"D",.,"A",260,"D",120,"D",.,"A",.,"A",520,"D",75,"D",.,"A",.,"A",.,"A",.,"A"
"20161","03249122",31,0,"1",975,"D",130,"D",.,"A",975,"D",300,"D",.,"A",.,"A",845,"D",0,"D",.,"A",.,"A",.,"A",.,"A"
"20161","03249132",40,0,"1",975,"D",130,"D",.,"A",650,"D",90,"D",.,"A",.,"A",845,"D",60,"D",.,"A",.,"A",.,"A",.,"A"
"20161","03249142",39,0,"1",6500,"D",409,"F",.,"A",3900,"D",0,"D",6,"D",.,"A",1817,"F",450,"D",.,"A",.,"A",.,"A",.,"A"
"20161","03249152",37,0,"1",390,"D",130,"D",.,"A",130,"D",0,"D",.,"A",.,"A",260,"D",54,"D",.,"A",.,"A",.,"A",.,"A"
"20161","03249172",20,0,"1",780,"D",130,"D",.,"A",195,"D",0,"D",.,"A",.,"A",650,"D",0,"D",.,"A",.,"A",.,"A",.,"A"
"20161","03249192",42,0,"1",1950,"D",260,"D",.,"A",2600,"D",300,"D",.,"A",.,"A",1690,"D",150,"D",.,"A",.,"A",.,"A",.,"A"
"20161","03249202",46,0,"1",1950,"D",650,"D",.,"A",1300,"D",300,"D",.,"A",.,"A",1300,"D",240,"D",.,"A",.,"A",.,"A",.,"A"
"20161","03249232",13,0,"1",2600,"D",390,"D",.,"A",260,"D",0,"D",.,"A",.,"A",2210,"D",0,"D",.,"A",.,"A",.,"A",.,"A"
"20161","03249242",38,0,"1",1625,"D",260,"D",.,"A",650,"D",0,"D",.,"A",.,"A",1365,"D",0,"D",.,"A",.,"A",.,"A",.,"A"
"20161","03249262",31,0,"1",9100,"D",3900,"D",.,"A",0,"D",0,"D",.,"A",.,"A",5200,"D",0,"D",20,"D",260,"D",.,"A",.,"A"
"20161","03249282",8,0,"1",780,"D",0,"D",.,"A",0,"D",0,"D",.,"A",.,"A",780,"D",0,"D",50,"D",650,"D",.,"A",.,"A"
"20161","03249292",38,0,"1",3250,"D",650,"D",.,"A",1300,"D",0,"D",.,"A",.,"A",2600,"D",0,"D",.,"A",.,"A",.,"A",.,"A"
"20161","03249312",43,0,"1",520,"D",0,"D",.,"A",0,"D",90,"D",.,"A",.,"A",520,"D",150,"D",.,"A",.,"A",.,"A",.,"A"
"20161","03249332",29,0,"1",1071,"F",.,"A",.,"A",1040,"D",0,"D",.,"A",.,"A",834,"F",0,"D",.,"A",.,"A",.,"A",.,"A"
"20161","03249352",52,0,"1",1950,"D",325,"D",104,"D",1300,"D",0,"D",.,"A",.,"A",1625,"D",0,"D",.,"A",.,"A",.,"A",.,"A"
"20161","03249362",50,0,"1",1625,"D",130,"D",.,"A",0,"D",0,"D",.,"A",.,"A",1495,"D",0,"D",.,"A",.,"A",.,"A",.,"A"
"20161","03249382",24,0,"1",975,"D",286,"D",.,"A",260,"D",0,"D",.,"A",.,"A",689,"D",0,"D",.,"A",.,"A",.,"A",.,"A"
"20161","03249412",25,0,"1",1950,"D",455,"D",.,"A",1300,"D",0,"D",.,"A",.,"A",1495,"D",0,"D",.,"A",.,"A",.,"A",.,"A"
"20161","03249432",33,0,"1",650,"D",65,"D",.,"A",130,"D",0,"D",.,"A",.,"A",585,"D",0,"D",.,"A",.,"A",.,"A",.,"A"
"20161","03249462",25,0,"1",1300,"D",130,"D",91,"D",780,"D",0,"D",.,"A",.,"A",1170,"D",54,"D",.,"A",.,"A",.,"A",.,"A"
"20161","03249492",85,0,"1",1300,"D",520,"D",65,"D",650,"D",180,"D",.,"A",.,"A",780,"D",90,"D",.,"A",.,"A",.,"A",.,"A"
"20161","03249512",43,0,"1",1950,"D",390,"D",.,"A",0,"D",0,"D",.,"A",.,"A",1560,"D",0,"D",.,"A",.,"A",.,"A",.,"A"
"20161","03249522",16,0,"1",1300,"D",390,"D",.,"A",260,"D",0,"D",.,"A",.,"A",910,"D",0,"D",10,"D",130,"D",.,"A",.,"A"
"20161","03249532",15,0,"1",1040,"D",130,"D",.,"A",0,"D",0,"D",.,"A",.,"A",910,"D",0,"D",.,"A",.,"A",.,"A",.,"A"
"20161","03249542",41,0,"1",1560,"D",0,"D",.,"A",325,"D",21,"D",.,"A",.,"A",1560,"D",0,"D",.,"A",.,"A",.,"A",.,"A"
"20161","03249552",23,0,"1",2275,"D",390,"D",.,"A",260,"D",0,"D",.,"A",.,"A",1885,"D",0,"D",.,"A",.,"A",.,"A",.,"A"
"20161","03249572",31,0,"1",455,"D",130,"D",.,"A",130,"D",0,"D",.,"A",.,"A",325,"D",0,"D",.,"A",.,"A",.,"A",.,"A"
"20161","03249592",15,0,"1",520,"D",195,"D",260,"D",520,"D",60,"D",.,"A",.,"A",325,"D",150,"D",.,"A",.,"A",.,"A",.,"A"
"20161","03249612",58,0,"1",1300,"D",0,"D",.,"A",975,"D",300,"D",130,"D",.,"A",1300,"D",600,"D",.,"A",.,"A",.,"A",.,"A"
"20161","03249622",9,0,"1",1300,"D",192,"F",.,"A",325,"D",0,"D",.,"A",.,"A",721,"F",0,"D",.,"A",.,"A",.,"A",.,"A"
"20161","03249642",9,0,"1",1300,"D",192,"F",.,"A",325,"D",0,"D",.,"A",.,"A",721,"F",0,"D",.,"A",.,"A",.,"A",.,"A"
"20161","03249652",33,0,"1",1625,"D",0,"D",0,"D",0,"D",0,"D",.,"A",.,"A",1625,"D",0,"D",.,"A",.,"A",.,"A",.,"A"
"20161","03249662",46,0,"1",1170,"D",195,"D",195,"D",195,"D",0,"D",.,"A",.,"A",975,"D",0,"D",.,"A",.,"A",.,"A",.,"A"
"20161","03249672",41,0,"1",1950,"D",0,"D",260,"D",0,"D",60,"D",.,"A",.,"A",1950,"D",0,"D",50,"D",650,"D",.,"A",.,"A"
"20161","03249682",29,0,"1",1300,"D",130,"D",.,"A",0,"D",0,"D",.,"A",.,"A",1170,"D",0,"D",20,"D",260,"D",78,"D",6,"D"
"20161","03249702",26,0,"1",1950,"D",650,"D",.,"A",1300,"D",0,"D",.,"A",.,"A",1300,"D",0,"D",.,"A",.,"A",.,"A",.,"A"
"20161","03249742",22,0,"1",650,"D",0,"D",.,"A",344,"F",0,"D",.,"A",.,"A",650,"D",0,"D",.,"A",.,"A",.,"A",.,"A"
"20161","03249782",40,0,"1",390,"D",130,"D",.,"A",650,"D",135,"D",.,"A",.,"A",260,"D",0,"D",.,"A",.,"A",.,"A",.,"A"
"20161","03249802",68,0,"1",2860,"D",468,"D",.,"A",780,"D",180,"D",.,"A",.,"A",2392,"D",228,"D",10,"D",130,"D",.,"A",.,"A"
"20161","03249812",32,0,"1",1105,"D",91,"D",.,"A",195,"D",0,"D",.,"A",.,"A",1014,"D",0,"D",70,"D",910,"D",.,"A",.,"A"
"20161","03249852",22,0,"1",2210,"D",0,"D",.,"A",390,"D",0,"D",.,"A",.,"A",2210,"D",0,"D",.,"A",.,"A",.,"A",.,"A"
"20161","03249862",26,0,"1",1300,"D",130,"D",.,"A",260,"D",0,"D",.,"A",.,"A",1170,"D",0,"D",.,"A",.,"A",.,"A",.,"A"
"20161","03249872",46,0,"1",650,"D",130,"D",.,"A",390,"D",0,"D",.,"A",.,"A",520,"D",0,"D",.,"A",.,"A",.,"A",.,"A"
"20161","03249892",12,0,"1",195,"D",39,"D",260,"D",0,"D",0,"D",.,"A",.,"A",156,"D",0,"D",.,"A",.,"A",.,"A",.,"A"
"20161","03249902",17,0,"1",1170,"D",260,"D",130,"D",130,"D",0,"D",.,"A",.,"A",910,"D",0,"D",.,"A",.,"A",.,"A",.,"A"
"20161","03249922",37,0,"1",2600,"D",650,"D",.,"A",780,"D",45,"D",.,"A",.,"A",1950,"D",120,"D",.,"A",.,"A",.,"A",.,"A"
"20161","03249932",23,0,"1",910,"D",195,"D",.,"A",0,"D",0,"D",.,"A",.,"A",715,"D",0,"D",.,"A",.,"A",.,"A",.,"A"
"20161","03249942",17,0,"1",650,"D",130,"D",.,"A",260,"D",0,"D",.,"A",.,"A",520,"D",0,"D",.,"A",.,"A",.,"A",.,"A"
"20161","03249972",34,0,"1",325,"D",65,"D",.,"A",65,"D",30,"D",.,"A",.,"A",260,"D",60,"D",30,"D",390,"D",.,"A",.,"A"
"20161","03249992",40,0,"1",1300,"D",65,"D",.,"A",520,"D",0,"D",.,"A",.,"A",1235,"D",0,"D",.,"A",.,"A",.,"A",.,"A"
"20161","03250012",123,0,"1",2275,"D",325,"D",.,"A",1300,"D",120,"D",.,"A",.,"A",1950,"D",60,"D",.,"A",.,"A",.,"A",.,"A"
"20161","03250022",33,0,"1",1300,"D",260,"D",.,"A",1300,"D",0,"D",.,"A",.,"A",1040,"D",0,"D",70,"D",910,"D",.,"A",.,"A"
"20161","03250032",27,0,"1",1950,"D",585,"D",.,"A",650,"D",0,"D",.,"A",.,"A",1365,"D",0,"D",80,"D",1040,"D",.,"A",.,"A"
"20161","03250082",20,0,"1",2275,"D",260,"D",.,"A",1950,"D",0,"D",.,"A",.,"A",2015,"D",0,"D",.,"A",.,"A",.,"A",.,"A"
"20161","03250092",16,0,"1",1950,"D",65,"D",.,"A",0,"D",0,"D",.,"A",.,"A",1885,"D",0,"D",.,"A",.,"A",.,"A",.,"A"
"20161","03250122",24,0,"1",1950,"D",260,"D",325,"D",650,"D",150,"D",.,"A",60,"D",1690,"D",300,"D",.,"A",.,"A",.,"A",.,"A"
"20161","03250132",12,0,"1",1040,"D",130,"D",.,"A",520,"D",0,"D",.,"A",.,"A",910,"D",75,"D",.,"A",.,"A",.,"A",.,"A"
"20161","03250142",34,0,"1",1625,"D",325,"D",.,"A",0,"D",0,"D",.,"A",100,"D",1300,"D",0,"D",.,"A",.,"A",.,"A",.,"A"
"20161","03250162",41,0,"1",1300,"D",0,"D",.,"A",1625,"D",0,"D",.,"A",.,"A",1300,"D",0,"D",.,"A",.,"A",.,"A",.,"A"
"20161","03250172",22,0,"1",650,"D",0,"D",.,"A",130,"D",0,"D",.,"A",.,"A",650,"D",0,"D",.,"A",.,"A",.,"A",.,"A"
"20161","03250182",48,0,"1",1300,"D",130,"D",.,"A",1300,"D",300,"D",.,"A",.,"A",1170,"D",150,"D",.,"A",.,"A",.,"A",.,"A"
"20161","03250192",37,0,"1",1300,"D",260,"D",.,"A",0,"D",0,"D",.,"A",.,"A",1040,"D",0,"D",.,"A",.,"A",.,"A",.,"A"
"20161","03250202",22,0,"1",1950,"D",390,"D",.,"A",1040,"D",107,"F",.,"A",.,"A",1560,"D",89,"F",.,"A",.,"A",.,"A",.,"A"
"20161","03250242",49,0,"1",780,"D",0,"D",.,"A",1040,"D",180,"D",.,"A",.,"A",780,"D",60,"D",.,"A",.,"A",.,"A",.,"A"
"20161","03250252",24,0,"1",3380,"D",390,"D",.,"A",1300,"D",0,"D",.,"A",.,"A",2990,"D",0,"D",.,"A",.,"A",.,"A",.,"A"
"20161","03250282",34,0,"1",1430,"D",169,"D",.,"A",0,"D",0,"D",.,"A",.,"A",1261,"D",0,"D",.,"A",.,"A",286,"D",22,"D"
"20161","03250292",68,0,"1",1950,"D",325,"D",.,"A",650,"D",300,"D",.,"A",.,"A",1625,"D",300,"D",.,"A",.,"A",.,"A",.,"A"
"20161","03250342",27,0,"1",1950,"D",260,"D",.,"A",650,"D",0,"D",.,"A",.,"A",1690,"D",0,"D",.,"A",.,"A",.,"A",.,"A"
"20161","03250382",45,0,"1",1040,"D",130,"D",.,"A",65,"D",0,"D",.,"A",.,"A",910,"D",30,"D",.,"A",.,"A",.,"A",.,"A"
"20161","03250393",39,0,"1",1300,"D",390,"D",.,"A",910,"D",0,"D",.,"A",.,"A",910,"D",0,"D",40,"D",520,"D",.,"A",.,"A"
"20161","03250412",37,0,"1",2600,"D",325,"D",195,"D",520,"D",0,"D",.,"A",.,"A",2275,"D",0,"D",.,"A",.,"A",.,"A",.,"A"
"20161","03250424",22,0,"1",650,"D",130,"D",.,"A",0,"D",0,"D",.,"A",.,"A",520,"D",45,"D",16,"D",208,"D",.,"A",.,"A"
"20161","03250472",24,0,"1",390,"D",65,"D",.,"A",520,"D",0,"D",.,"A",.,"A",325,"D",0,"D",.,"A",.,"A",.,"A",.,"A"
"20161","03250482",25,0,"1",520,"D",260,"D",.,"A",0,"D",0,"D",.,"A",.,"A",260,"D",0,"D",.,"A",.,"A",.,"A",.,"A"
"20161","03250492",15,0,"1",1040,"D",104,"D",.,"A",390,"D",0,"D",.,"A",.,"A",936,"D",0,"D",.,"A",.,"A",.,"A",.,"A"
"20161","03250502",34,0,"1",1625,"D",260,"D",.,"A",91,"D",0,"D",.,"A",.,"A",1365,"D",0,"D",.,"A",.,"A",.,"A",.,"A"
"20161","03250552",52,0,"1",780,"D",65,"D",.,"A",195,"D",0,"D",.,"A",.,"A",715,"D",0,"D",.,"A",.,"A",.,"A",.,"A"
"20161","03250562",10,0,"1",520,"D",65,"D",260,"D",520,"D",135,"D",.,"A",.,"A",455,"D",0,"D",.,"A",.,"A",.,"A",.,"A"
"20161","03250572",44,0,"1",1430,"D",650,"D",.,"A",260,"D",0,"D",.,"A",.,"A",780,"D",0,"D",.,"A",.,"A",.,"A",.,"A"
"20161","03250582",21,0,"1",325,"D",39,"D",.,"A",195,"D",0,"D",.,"A",.,"A",286,"D",45,"D",.,"A",.,"A",.,"A",.,"A"
"20161","03250602",20,0,"1",520,"D",195,"D",.,"A",195,"D",0,"D",.,"A",.,"A",325,"D",0,"D",35,"D",455,"D",.,"A",.,"A"
"20161","03250622",42,0,"1",780,"D",130,"D",.,"A",520,"D",0,"D",.,"A",495,"D",650,"D",0,"D",.,"A",.,"A",.,"A",.,"A"
"20161","03250672",11,0,"1",520,"D",39,"D",.,"A",0,"D",0,"D",.,"A",.,"A",481,"D",12,"D",.,"A",.,"A",65,"D",5,"D"
"20161","03250722",36,0,"1",2925,"D",455,"D",.,"A",1300,"D",0,"D",.,"A",117,"D",2470,"D",0,"D",.,"A",.,"A",.,"A",.,"A"
"20161","03250732",16,0,"1",130,"D",0,"D",.,"A",130,"D",0,"D",.,"A",.,"A",130,"D",0,"D",.,"A",.,"A",.,"A",.,"A"
"20161","03250742",12,0,"1",520,"D",130,"D",.,"A",130,"D",0,"D",.,"A",.,"A",390,"D",0,"D",24,"D",312,"D",.,"A",.,"A"
"20161","03250792",43,0,"1",2600,"D",406,"F",.,"A",0,"D",0,"D",.,"A",.,"A",1649,"F",0,"D",.,"A",.,"A",.,"A",.,"A"
"20161","03250802",16,0,"1",650,"D",0,"D",.,"A",0,"D",0,"D",.,"A",.,"A",650,"D",0,"D",50,"D",650,"D",.,"A",.,"A"
"20161","03250812",49,0,"1",2600,"D",1300,"D",.,"A",520,"D",60,"D",.,"A",.,"A",1300,"D",300,"D",.,"A",.,"A",.,"A",.,"A"
"20161","03250852",16,0,"1",650,"D",52,"D",.,"A",715,"D",0,"D",.,"A",.,"A",598,"D",0,"D",.,"A",.,"A",.,"A",.,"A"
"20161","03250872",15,0,"1",2600,"D",0,"D",.,"A",4550,"D",0,"D",.,"A",.,"A",2600,"D",0,"D",.,"A",.,"A",.,"A",.,"A"
"20161","03250882",43,0,"1",1040,"D",0,"D",260,"D",650,"D",150,"D",.,"A",.,"A",1040,"D",120,"D",.,"A",.,"A",.,"A",.,"A"
"20161","03250902",27,0,"1",4290,"D",1300,"D",.,"A",195,"D",0,"D",.,"A",.,"A",2990,"D",0,"D",.,"A",.,"A",.,"A",.,"A"
"20161","03250922",18,0,"1",260,"D",0,"D",.,"A",1560,"D",0,"D",.,"A",.,"A",260,"D",0,"D",.,"A",.,"A",.,"A",.,"A"
"20161","03250932",32,0,"1",2600,"D",260,"D",.,"A",520,"D",0,"D",.,"A",.,"A",2340,"D",0,"D",.,"A",.,"A",.,"A",.,"A"
"20161","03250942",10,0,"1",715,"D",65,"D",.,"A",325,"D",75,"D",.,"A",.,"A",650,"D",75,"D",.,"A",.,"A",.,"A",.,"A"
"20161","03250952",25,0,"1",1300,"D",143,"D",.,"A",130,"D",165,"D",258,"F",.,"A",1157,"D",75,"D",.,"A",.,"A",.,"A",.,"A"
"20161","03250972",36,0,"1",650,"D",0,"D",.,"A",650,"D",0,"D",.,"A",.,"A",650,"D",0,"D",.,"A",.,"A",.,"A",.,"A"
"20161","03250982",21,0,"1",715,"D",52,"D",.,"A",195,"D",90,"D",.,"A",.,"A",663,"D",90,"D",.,"A",.,"A",.,"A",.,"A"
"20161","03251003",32,0,"1",650,"D",65,"D",.,"A",260,"D",0,"D",.,"A",.,"A",585,"D",75,"D",.,"A",.,"A",.,"A",.,"A"
"20161","03251022",23,0,"1",975,"D",325,"D",.,"A",0,"D",0,"D",500,"D",.,"A",650,"D",0,"D",15,"D",195,"D",.,"A",.,"A"
"20161","03251032",59,0,"1",1560,"D",260,"D",650,"D",650,"D",0,"D",441,"F",.,"A",1300,"D",150,"D",.,"A",.,"A",.,"A",.,"A"
"20161","03251054",24,0,"1",1300,"D",390,"D",.,"A",650,"D",0,"D",.,"A",.,"A",910,"D",150,"D",.,"A",.,"A",.,"A",.,"A"
"20161","03251062",10,0,"1",325,"D",65,"D",.,"A",260,"D",0,"D",.,"A",.,"A",260,"D",0,"D",.,"A",.,"A",.,"A",.,"A"
"20161","03251092",16,0,"1",650,"D",0,"D",.,"A",0,"D",0,"D",.,"A",.,"A",650,"D",0,"D",.,"A",.,"A",.,"A",.,"A"
"20161","03251102",14,0,"1",1950,"D",650,"D",.,"A",390,"D",0,"D",.,"A",.,"A",1300,"D",0,"D",.,"A",.,"A",.,"A",.,"A"
"20161","03251142",16,0,"1",260,"D",26,"D",.,"A",0,"D",0,"D",.,"A",.,"A",234,"D",0,"D",.,"A",.,"A",.,"A",.,"A"
"20161","03251152",48,0,"1",1820,"D",0,"D",.,"A",195,"D",0,"D",.,"A",.,"A",1820,"D",30,"D",.,"A",.,"A",.,"A",.,"A"
"20161","03251192",20,0,"1",975,"D",130,"D",.,"A",325,"D",0,"D",.,"A",.,"A",845,"D",0,"D",.,"A",.,"A",.,"A",.,"A"
"20161","03251212",19,0,"1",1300,"D",302,"F",290,"F",520,"D",116,"F",.,"A",.,"A",1110,"F",121,"F",.,"A",.,"A",.,"A",.,"A"
"20161","03251232",17,0,"1",1300,"D",260,"D",.,"A",780,"D",0,"D",.,"A",.,"A",1040,"D",54,"D",.,"A",.,"A",.,"A",.,"A"
"20161","03251252",9,0,"1",780,"D",260,"D",260,"D",260,"D",0,"D",.,"A",.,"A",520,"D",0,"D",.,"A",.,"A",.,"A",.,"A"
"20161","03251262",39,0,"1",2600,"D",130,"D",.,"A",0,"D",0,"D",.,"A",.,"A",2470,"D",0,"D",.,"A",.,"A",.,"A",.,"A"
"20161","03251272",47,0,"1",1560,"D",0,"D",.,"A",195,"D",0,"D",.,"A",96,"D",1560,"D",150,"D",.,"A",.,"A",.,"A",.,"A"
"20161","03251282",37,0,"1",2600,"D",520,"D",1300,"D",3900,"D",600,"D",.,"A",.,"A",2080,"D",150,"D",.,"A",.,"A",.,"A",.,"A"
"20161","03251292",33,0,"1",1300,"D",390,"D",.,"A",390,"D",0,"D",.,"A",.,"A",910,"D",450,"D",42,"D",546,"D",.,"A",.,"A"
"20161","03251302",30,0,"1",1625,"D",260,"D",.,"A",325,"D",30,"D",.,"A",.,"A",1365,"D",540,"D",.,"A",.,"A",.,"A",.,"A"
"20161","03251312",16,0,"1",0,"D",.,"A",.,"A",0,"D",0,"D",.,"A",.,"A",0,"D",0,"D",.,"A",.,"A",.,"A",.,"A"
"20161","03251342",28,0,"1",780,"D",130,"D",.,"A",455,"D",0,"D",.,"A",.,"A",650,"D",0,"D",40,"D",520,"D",.,"A",.,"A"
"20161","03251352",21,0,"1",650,"D",0,"D",.,"A",390,"D",0,"D",.,"A",.,"A",650,"D",0,"D",.,"A",.,"A",.,"A",.,"A"
"20161","03251362",20,0,"1",2600,"D",520,"D",.,"A",1040,"D",0,"D",780,"D",.,"A",2080,"D",0,"D",.,"A",.,"A",.,"A",.,"A"
"20161","03251372",37,0,"1",1105,"D",260,"D",.,"A",0,"D",0,"D",.,"A",.,"A",845,"D",0,"D",.,"A",.,"A",.,"A",.,"A"
"20161","03251392",22,0,"1",2226,"F",.,"A",.,"A",0,"D",0,"D",.,"A",.,"A",1817,"F",0,"D",.,"A",.,"A",.,"A",.,"A"
"20161","03251412",27,0,"1",2600,"D",910,"D",.,"A",650,"D",120,"D",.,"A",0,"D",1690,"D",0,"D",.,"A",.,"A",.,"A",.,"A"
"20161","03251452",29,0,"1",1300,"D",260,"D",520,"D",260,"D",0,"D",.,"A",.,"A",1040,"D",0,"D",.,"A",.,"A",.,"A",.,"A"
"20161","03251462",31,0,"1",1560,"D",260,"D",.,"A",195,"D",0,"D",.,"A",.,"A",1300,"D",45,"D",30,"D",390,"D",.,"A",.,"A"
"20161","03251482",45,0,"1",780,"D",260,"D",.,"A",260,"D",0,"D",.,"A",.,"A",520,"D",60,"D",.,"A",.,"A",.,"A",.,"A"
"20161","03251502",44,0,"1",1829,"F",.,"A",.,"A",624,"F",127,"F",.,"A",.,"A",1440,"F",124,"F",.,"A",.,"A",.,"A",.,"A"
"20161","03251512",21,0,"1",650,"D",260,"D",.,"A",130,"D",0,"D",.,"A",.,"A",390,"D",0,"D",.,"A",.,"A",.,"A",.,"A"
"20161","03251532",27,0,"1",195,"D",0,"D",.,"A",0,"D",0,"D",.,"A",.,"A",195,"D",0,"D",.,"A",.,"A",.,"A",.,"A"
"20161","03251632",24,0,"1",650,"D",52,"D",.,"A",0,"D",0,"D",.,"A",.,"A",598,"D",0,"D",.,"A",.,"A",78,"D",6,"D"
"20161","03251652",42,0,"1",1560,"D",156,"D",650,"D",1027,"D",375,"D",.,"A",.,"A",1404,"D",60,"D",.,"A",.,"A",.,"A",.,"A"
"20161","03251662",49,0,"1",1300,"D",650,"D",.,"A",650,"D",0,"D",.,"A",.,"A",650,"D",0,"D",.,"A",.,"A",.,"A",.,"A"
"20161","03251672",12,0,"1",0,"D",.,"A",.,"A",2730,"D",0,"D",.,"A",.,"A",0,"D",0,"D",.,"A",.,"A",.,"A",.,"A"
"20161","03251682",8,0,"1",883,"F",.,"A",.,"A",534,"F",158,"F",.,"A",.,"A",721,"F",124,"F",.,"A",.,"A",.,"A",.,"A"
"20161","03251692",73,0,"1",1950,"D",0,"D",.,"A",650,"D",0,"D",.,"A",24,"D",1950,"D",90,"D",.,"A",.,"A",.,"A",.,"A"
"20161","03251722",22,0,"1",780,"D",65,"D",.,"A",0,"D",6,"D",.,"A",.,"A",715,"D",6,"D",.,"A",.,"A",.,"A",.,"A"
"20161","03251762",25,0,"1",1622,"F",.,"A",.,"A",772,"F",0,"D",.,"A",.,"A",1293,"F",0,"D",.,"A",.,"A",.,"A",.,"A"
"20161","03251772",20,0,"1",325,"D",65,"D",.,"A",1625,"D",450,"D",.,"A",.,"A",260,"D",150,"D",.,"A",.,"A",.,"A",.,"A"
"20161","03251782",20,0,"1",975,"D",195,"D",.,"A",975,"D",90,"D",.,"A",.,"A",780,"D",300,"D",.,"A",.,"A",.,"A",.,"A"
"20161","03251822",55,0,"1",650,"D",195,"D",.,"A",650,"D",90,"D",258,"F",.,"A",455,"D",120,"D",.,"A",.,"A",.,"A",.,"A"
"20161","03251832",52,0,"1",1950,"D",390,"D",.,"A",260,"D",0,"D",.,"A",.,"A",1560,"D",0,"D",.,"A",.,"A",.,"A",.,"A"
"20161","03251842",16,0,"1",1625,"D",325,"D",390,"D",390,"D",60,"D",.,"A",.,"A",1300,"D",48,"D",.,"A",.,"A",130,"D",10,"D"
"20161","03251872",18,0,"1",1950,"D",650,"D",.,"A",546,"F",123,"F",.,"A",.,"A",1300,"D",92,"F",.,"A",.,"A",.,"A",.,"A"
"20161","03251882",35,0,"1",910,"D",130,"D",.,"A",0,"D",0,"D",50,"D",130,"D",780,"D",90,"D",.,"A",.,"A",.,"A",.,"A"
"20161","03251902",52,0,"1",1300,"D",328,"F",.,"A",3900,"D",134,"F",.,"A",.,"A",1330,"F",300,"D",.,"A",.,"A",.,"A",.,"A"
"20161","03251912",33,0,"1",1430,"D",130,"D",.,"A",780,"D",0,"D",.,"A",.,"A",1300,"D",0,"D",.,"A",.,"A",.,"A",.,"A"
"20161","03251922",21,0,"1",1170,"D",260,"D",.,"A",0,"D",0,"D",.,"A",1,"D",910,"D",24,"D",.,"A",.,"A",.,"A",.,"A"
"20161","03251942",21,0,"1",390,"D",39,"D",.,"A",0,"D",0,"D",.,"A",.,"A",351,"D",0,"D",.,"A",.,"A",.,"A",.,"A"
"20161","03251952",48,0,"1",2210,"D",650,"D",.,"A",1950,"D",0,"D",.,"A",.,"A",1560,"D",0,"D",.,"A",.,"A",.,"A",.,"A"
"20161","03251962",26,0,"1",910,"D",425,"F",.,"A",0,"D",0,"D",.,"A",.,"A",1676,"F",60,"D",20,"D",260,"D",.,"A",.,"A"
"20161","03251992",124,0,"1",1950,"D",390,"D",502,"F",650,"D",0,"D",.,"A",.,"A",1560,"D",0,"D",.,"A",.,"A",.,"A",.,"A"
"20161","03252022",34,0,"1",1300,"D",260,"D",.,"A",260,"D",0,"D",.,"A",50,"D",1040,"D",0,"D",35,"D",455,"D",.,"A",.,"A"
"20161","03252032",10,0,"1",780,"D",0,"D",.,"A",0,"D",0,"D",.,"A",.,"A",780,"D",0,"D",.,"A",.,"A",.,"A",.,"A"
"20161","03252044",27,0,"1",390,"D",0,"D",.,"A",1300,"D",0,"D",.,"A",.,"A",390,"D",0,"D",.,"A",.,"A",.,"A",.,"A"
"20161","03252062",57,0,"1",2600,"D",1300,"D",65,"D",208,"D",0,"D",.,"A",.,"A",1300,"D",0,"D",17,"D",221,"D",13,"D",1,"D"
"20161","03252072",42,0,"1",2600,"D",0,"D",.,"A",1625,"D",137,"F",.,"A",.,"A",2600,"D",450,"D",.,"A",.,"A",.,"A",.,"A"
"20161","03252082",47,0,"1",1300,"D",325,"D",.,"A",403,"D",30,"D",.,"A",.,"A",975,"D",90,"D",.,"A",.,"A",.,"A",.,"A"
"20161","03252092",17,0,"1",2600,"D",1300,"D",.,"A",0,"D",0,"D",.,"A",.,"A",1300,"D",0,"D",.,"A",.,"A",.,"A",.,"A"
"20161","03252102",20,0,"1",845,"D",104,"D",.,"A",1040,"D",600,"D",.,"A",.,"A",741,"D",360,"D",.,"A",.,"A",.,"A",.,"A"
"20161","03252112",16,0,"1",2275,"D",130,"D",.,"A",650,"D",0,"D",.,"A",83,"D",2145,"D",150,"D",.,"A",.,"A",.,"A",.,"A"
"20161","03252122",16,0,"1",1950,"D",325,"D",195,"D",195,"D",0,"D",.,"A",.,"A",1625,"D",90,"D",.,"A",.,"A",.,"A",.,"A"
"20161","03252142",21,0,"1",1300,"D",520,"D",.,"A",1300,"D",240,"D",.,"A",.,"A",780,"D",90,"D",24,"D",312,"D",.,"A",.,"A"
"20161","03252162",57,0,"1",1300,"D",260,"D",195,"D",650,"D",30,"D",.,"A",.,"A",1040,"D",60,"D",.,"A",.,"A",.,"A",.,"A"
"20161","03252182",38,0,"1",1013,"F",.,"A",.,"A",195,"D",21,"D",.,"A",.,"A",812,"F",0,"D",.,"A",.,"A",.,"A",.,"A"
"20161","03252202",53,0,"1",975,"D",260,"D",.,"A",260,"D",45,"D",.,"A",190,"D",715,"D",270,"D",.,"A",.,"A",.,"A",.,"A"
"20161","03252212",86,0,"1",1388,"F",.,"A",.,"A",1365,"D",0,"D",.,"A",.,"A",1110,"F",0,"D",.,"A",.,"A",.,"A",.,"A"
"20161","03252232",40,0,"1",3250,"D",455,"D",.,"A",845,"D",0,"D",.,"A",.,"A",2795,"D",150,"D",.,"A",.,"A",.,"A",.,"A"
"20161","03252252",13,0,"1",1950,"D",390,"D",.,"A",260,"D",0,"D",.,"A",78,"D",1560,"D",0,"D",.,"A",.,"A",.,"A",.,"A"
"20161","03252264",29,0,"1",1950,"D",585,"D",156,"D",650,"D",120,"D",.,"A",.,"A",1365,"D",120,"D",.,"A",.,"A",.,"A",.,"A"
"20161","03252282",17,0,"1",2600,"D",780,"D",.,"A",0,"D",0,"D",.,"A",.,"A",1820,"D",60,"D",.,"A",.,"A",.,"A",.,"A"
"20161","03252302",33,0,"1",806,"D",195,"D",.,"A",0,"D",0,"D",.,"A",.,"A",611,"D",75,"D",14,"D",182,"D",.,"A",.,"A"
"20161","03252312",56,0,"1",1625,"D",650,"D",325,"D",650,"D",0,"D",.,"A",.,"A",975,"D",0,"D",.,"A",.,"A",.,"A",.,"A"
"20161","03252342",17,0,"1",1040,"D",52,"D",.,"A",1040,"D",135,"D",.,"A",.,"A",988,"D",0,"D",.,"A",.,"A",.,"A",.,"A"
"20161","03252382",23,0,"1",390,"D",195,"D",130,"D",0,"D",0,"D",.,"A",.,"A",195,"D",0,"D",.,"A",.,"A",.,"A",.,"A"
"20161","03252472",29,0,"1",1950,"D",520,"D",.,"A",0,"D",0,"D",.,"A",.,"A",1430,"D",0,"D",.,"A",.,"A",.,"A",.,"A"
"20161","03252492",64,0,"1",2082,"F",.,"A",.,"A",975,"D",900,"D",.,"A",.,"A",1715,"F",175,"F",.,"A",.,"A",.,"A",.,"A"
"20161","03252522",40,0,"1",1235,"D",325,"D",.,"A",325,"D",30,"D",.,"A",.,"A",910,"D",0,"D",30,"D",390,"D",.,"A",.,"A"
"20161","03252532",23,0,"1",1300,"D",299,"D",299,"D",910,"D",90,"D",.,"A",.,"A",1001,"D",45,"D",.,"A",.,"A",.,"A",.,"A"
"20161","03252542",61,0,"1",2600,"D",520,"D",.,"A",1300,"D",0,"D",.,"A",.,"A",2080,"D",0,"D",.,"A",.,"A",.,"A",.,"A"
"20161","03252613",15,0,"1",390,"D",65,"D",130,"D",520,"D",0,"D",.,"A",.,"A",325,"D",0,"D",.,"A",.,"A",.,"A",.,"A"
"20161","03252622",26,0,"1",2210,"D",0,"D",.,"A",0,"D",0,"D",.,"A",130,"D",2210,"D",0,"D",10,"D",130,"D",.,"A",.,"A"
"20161","03252662",39,0,"1",390,"D",91,"D",195,"D",650,"D",150,"D",.,"A",.,"A",299,"D",120,"D",.,"A",.,"A",.,"A",.,"A"
"20161","03252692",42,0,"1",2600,"D",195,"D",260,"D",1300,"D",6,"D",.,"A",540,"D",2405,"D",6,"D",.,"A",.,"A",.,"A",.,"A"
"20161","03252732",44,0,"1",3250,"D",975,"D",.,"A",1300,"D",225,"D",.,"A",.,"A",2275,"D",60,"D",.,"A",.,"A",.,"A",.,"A"
"20161","03252752",43,0,"1",3900,"D",520,"D",650,"D",325,"D",0,"D",.,"A",100,"D",3380,"D",0,"D",.,"A",.,"A",.,"A",.,"A"
"20161","03252762",45,0,"1",975,"D",260,"D",.,"A",0,"D",0,"D",.,"A",.,"A",715,"D",0,"D",.,"A",.,"A",.,"A",.,"A"
"20161","03252782",35,0,"1",1300,"D",650,"D",.,"A",975,"D",0,"D",.,"A",.,"A",650,"D",0,"D",.,"A",.,"A",.,"A",.,"A"
"20161","03252792",35,0,"1",650,"D",0,"D",.,"A",325,"D",0,"D",.,"A",.,"A",650,"D",0,"D",.,"A",.,"A",.,"A",.,"A"
"20161","03252802",149,0,"1",2210,"D",1560,"D",390,"D",156,"D",0,"D",.,"A",5,"D",650,"D",0,"D",19,"D",247,"D",.,"A",.,"A"
"20161","03252842",26,0,"1",910,"D",650,"D",.,"A",390,"D",45,"D",135,"D",.,"A",260,"D",210,"D",15,"D",195,"D",.,"A",.,"A"
"20161","03252872",18,0,"1",1645,"F",.,"A",.,"A",818,"F",134,"F",.,"A",.,"A",1330,"F",130,"F",.,"A",.,"A",.,"A",.,"A"
"20161","03252882",54,0,"1",1300,"D",1300,"D",.,"A",390,"D",75,"D",.,"A",.,"A",0,"D",90,"D",.,"A",.,"A",260,"D",20,"D"
"20161","03252912",59,0,"1",1560,"D",260,"D",.,"A",260,"D",0,"D",.,"A",.,"A",1300,"D",90,"D",.,"A",.,"A",.,"A",.,"A"
"20161","03252932",10,0,"1",325,"D",65,"D",.,"A",0,"D",0,"D",.,"A",.,"A",260,"D",0,"D",.,"A",.,"A",.,"A",.,"A"
"20161","03252942",17,0,"1",975,"D",130,"D",.,"A",0,"D",0,"D",.,"A",.,"A",845,"D",0,"D",.,"A",.,"A",.,"A",.,"A"
"20161","03252982",44,0,"1",1040,"D",325,"D",260,"D",364,"D",0,"D",.,"A",.,"A",715,"D",120,"D",.,"A",.,"A",.,"A",.,"A"
"20161","03253012",44,0,"1",1300,"D",156,"D",.,"A",325,"D",0,"D",.,"A",.,"A",1144,"D",0,"D",113,"D",1469,"D",.,"A",.,"A"
"20161","03253022",22,0,"1",520,"D",0,"D",.,"A",0,"D",0,"D",.,"A",.,"A",520,"D",0,"D",7,"D",91,"D",.,"A",.,"A"
"20161","03253032",29,0,"1",650,"D",65,"D",.,"A",390,"D",0,"D",.,"A",.,"A",585,"D",0,"D",.,"A",.,"A",.,"A",.,"A"
"20161","03253062",20,0,"1",3250,"D",975,"D",.,"A",0,"D",0,"D",.,"A",.,"A",2275,"D",0,"D",.,"A",.,"A",.,"A",.,"A"
"20161","03253082",78,0,"1",975,"D",0,"D",.,"A",1300,"D",60,"D",.,"A",.,"A",975,"D",30,"D",.,"A",.,"A",.,"A",.,"A"
"20161","03253132",16,0,"1",585,"D",0,"D",.,"A",260,"D",0,"D",.,"A",.,"A",585,"D",0,"D",.,"A",.,"A",.,"A",.,"A"
"20161","03253142",35,0,"1",780,"D",130,"D",.,"A",0,"D",0,"D",.,"A",.,"A",650,"D",0,"D",.,"A",.,"A",.,"A",.,"A"
"20161","03253162",24,0,"1",1950,"D",451,"F",471,"F",2275,"D",211,"F",.,"A",.,"A",1755,"F",109,"F",.,"A",.,"A",.,"A",.,"A"
"20161","03253172",30,0,"1",3575,"D",0,"D",.,"A",1300,"D",0,"D",.,"A",.,"A",3575,"D",0,"D",.,"A",.,"A",.,"A",.,"A"
"20161","03253192",38,0,"1",1300,"D",130,"D",.,"A",1300,"D",180,"D",.,"A",.,"A",1170,"D",120,"D",.,"A",.,"A",.,"A",.,"A"
"20161","03253214",32,0,"1",1950,"D",0,"D",260,"D",780,"D",0,"D",.,"A",.,"A",1950,"D",0,"D",.,"A",.,"A",260,"D",20,"D"
"20161","03253232",26,0,"1",2226,"F",.,"A",.,"A",857,"F",144,"F",.,"A",.,"A",1817,"F",128,"F",.,"A",.,"A",.,"A",.,"A"
"20161","03253242",21,0,"1",1950,"D",0,"D",.,"A",325,"D",0,"D",.,"A",.,"A",1950,"D",178,"F",.,"A",.,"A",.,"A",.,"A"
"20161","03253252",37,0,"1",5200,"D",910,"D",.,"A",2600,"D",0,"D",.,"A",.,"A",4290,"D",300,"D",.,"A",.,"A",.,"A",.,"A"
"20161","03253282",34,0,"1",2600,"D",650,"D",260,"D",975,"D",75,"D",.,"A",.,"A",1950,"D",150,"D",.,"A",.,"A",.,"A",.,"A"
"20161","03253292",20,0,"1",975,"D",260,"D",.,"A",0,"D",0,"D",.,"A",.,"A",715,"D",0,"D",.,"A",.,"A",.,"A",.,"A"
"20161","03253322",17,0,"1",1950,"D",130,"D",.,"A",975,"D",0,"D",.,"A",.,"A",1820,"D",0,"D",.,"A",.,"A",.,"A",.,"A"
"20161","03253332",57,0,"1",1625,"D",325,"D",.,"A",520,"D",60,"D",.,"A",.,"A",1300,"D",120,"D",.,"A",.,"A",.,"A",.,"A"
"20161","03253352",32,0,"1",1950,"D",260,"D",.,"A",390,"D",30,"D",.,"A",440,"D",1690,"D",60,"D",.,"A",.,"A",.,"A",.,"A"
"20161","03253364",27,0,"1",1560,"D",260,"D",.,"A",390,"D",60,"D",.,"A",.,"A",1300,"D",120,"D",.,"A",.,"A",.,"A",.,"A"
"20161","03253372",22,0,"1",1040,"D",325,"D",.,"A",325,"D",0,"D",.,"A",.,"A",715,"D",0,"D",40,"D",520,"D",.,"A",.,"A"
"20161","03253414",22,0,"1",390,"D",130,"D",.,"A",195,"D",0,"D",.,"A",.,"A",260,"D",0,"D",.,"A",.,"A",.,"A",.,"A"
"20161","03253432",22,0,"1",1300,"D",195,"D",.,"A",390,"D",0,"D",.,"A",.,"A",1105,"D",0,"D",.,"A",.,"A",.,"A",.,"A"
"20161","03253472",43,0,"1",1300,"D",130,"D",.,"A",2600,"D",0,"D",.,"A",.,"A",1170,"D",0,"D",.,"A",.,"A",.,"A",.,"A"
"20161","03253492",20,0,"1",650,"D",130,"D",.,"A",65,"D",0,"D",.,"A",.,"A",520,"D",0,"D",40,"D",520,"D",.,"A",.,"A"
"20161","03253502",9,0,"1",650,"D",65,"D",.,"A",0,"D",0,"D",.,"A",.,"A",585,"D",0,"D",.,"A",.,"A",.,"A",.,"A"
"20161","03253532",24,0,"1",1040,"D",260,"D",.,"A",975,"D",0,"D",.,"A",.,"A",780,"D",0,"D",.,"A",.,"A",.,"A",.,"A"
"20161","03253552",17,0,"1",650,"D",130,"D",.,"A",195,"D",0,"D",.,"A",.,"A",520,"D",0,"D",.,"A",.,"A",.,"A",.,"A"
"20161","03253572",29,0,"1",650,"D",130,"D",195,"D",195,"D",0,"D",.,"A",.,"A",520,"D",0,"D",.,"A",.,"A",.,"A",.,"A"
"20161","03253602",19,0,"1",650,"D",130,"D",.,"A",130,"D",0,"D",.,"A",.,"A",520,"D",100,"F",.,"A",.,"A",.,"A",.,"A"
"20161","03253622",18,0,"1",1300,"D",130,"D",.,"A",260,"D",0,"D",.,"A",.,"A",1170,"D",0,"D",.,"A",.,"A",.,"A",.,"A"
"20161","03253632",17,0,"1",780,"D",65,"D",.,"A",1300,"D",0,"D",.,"A",.,"A",715,"D",0,"D",.,"A",.,"A",.,"A",.,"A"
"20161","03253652",35,0,"1",780,"D",130,"D",.,"A",260,"D",15,"D",.,"A",.,"A",650,"D",60,"D",.,"A",.,"A",286,"D",22,"D"
"20161","03253672",24,0,"1",715,"D",130,"D",130,"D",260,"D",0,"D",.,"A",.,"A",585,"D",0,"D",20,"D",260,"D",.,"A",.,"A"
"20161","03253682",29,0,"1",1300,"D",195,"D",.,"A",390,"D",0,"D",.,"A",.,"A",1105,"D",75,"D",.,"A",.,"A",130,"D",10,"D"
"20161","03253692",22,0,"1",1300,"D",260,"D",.,"A",260,"D",0,"D",780,"D",.,"A",1040,"D",60,"D",.,"A",.,"A",.,"A",.,"A"
"20161","03253702",17,0,"1",2600,"D",390,"D",.,"A",0,"D",0,"D",.,"A",.,"A",2210,"D",0,"D",.,"A",.,"A",.,"A",.,"A"
"20161","03253712",22,0,"1",975,"D",130,"D",260,"D",650,"D",6,"D",.,"A",.,"A",845,"D",6,"D",.,"A",.,"A",.,"A",.,"A"
"20161","03253782",14,0,"1",1300,"D",650,"D",260,"D",1300,"D",0,"D",.,"A",23,"D",650,"D",0,"D",.,"A",.,"A",.,"A",.,"A"
"20161","03253902",38,0,"1",1040,"D",0,"D",.,"A",1300,"D",150,"D",.,"A",.,"A",1040,"D",150,"D",.,"A",.,"A",.,"A",.,"A"
"20161","03253922",24,0,"1",780,"D",104,"D",.,"A",325,"D",15,"D",.,"A",.,"A",676,"D",45,"D",.,"A",.,"A",.,"A",.,"A"
"20161","03253944",31,0,"1",1950,"D",975,"D",.,"A",260,"D",60,"D",.,"A",.,"A",975,"D",1050,"D",.,"A",.,"A",.,"A",.,"A"
"20161","03253982",38,0,"1",1950,"D",260,"D",.,"A",390,"D",60,"D",.,"A",.,"A",1690,"D",60,"D",.,"A",.,"A",.,"A",.,"A"
"20161","03253992",29,0,"1",1300,"D",156,"D",104,"D",390,"D",75,"D",.,"A",.,"A",1144,"D",60,"D",.,"A",.,"A",.,"A",.,"A"
"20161","03254012",24,0,"1",3250,"D",975,"D",.,"A",0,"D",0,"D",.,"A",.,"A",2275,"D",60,"D",.,"A",.,"A",.,"A",.,"A"
"20161","03254022",68,0,"1",2600,"D",325,"D",195,"D",0,"D",0,"D",.,"A",75,"D",2275,"D",240,"D",.,"A",.,"A",.,"A",.,"A"
"20161","03254072",17,0,"1",650,"D",0,"D",.,"A",0,"D",0,"D",.,"A",.,"A",650,"D",0,"D",.,"A",.,"A",.,"A",.,"A"
"20161","03254082",30,0,"1",1040,"D",130,"D",325,"D",650,"D",30,"D",.,"A",.,"A",910,"D",30,"D",.,"A",.,"A",.,"A",.,"A"
"20161","03254142",50,0,"1",1560,"D",130,"D",.,"A",780,"D",0,"D",.,"A",.,"A",1430,"D",0,"D",.,"A",.,"A",.,"A",.,"A"
"20161","03254152",36,0,"1",1300,"D",260,"D",.,"A",0,"D",0,"D",.,"A",.,"A",1040,"D",0,"D",.,"A",.,"A",.,"A",.,"A"
"20161","03254192",62,0,"1",1300,"D",65,"D",.,"A",260,"D",6,"D",.,"A",.,"A",1235,"D",6,"D",.,"A",.,"A",.,"A",.,"A"
"20161","03254202",18,0,"1",1300,"D",130,"D",.,"A",1950,"D",0,"D",.,"A",.,"A",1170,"D",0,"D",.,"A",.,"A",.,"A",.,"A"
"20161","03254222",21,0,"1",975,"D",325,"D",.,"A",0,"D",0,"D",.,"A",.,"A",650,"D",0,"D",40,"D",520,"D",.,"A",.,"A"
"20161","03254242",29,0,"1",1645,"F",.,"A",.,"A",818,"F",134,"F",.,"A",.,"A",1330,"F",130,"F",.,"A",.,"A",.,"A",.,"A"
"20161","03254272",24,0,"1",2600,"D",650,"D",.,"A",1950,"D",0,"D",.,"A",.,"A",1950,"D",0,"D",.,"A",.,"A",.,"A",.,"A"
"20161","03254282",69,0,"1",2600,"D",650,"D",.,"A",1300,"D",240,"D",.,"A",240,"D",1950,"D",60,"D",15,"D",195,"D",.,"A",.,"A"
"20161","03254292",8,0,"1",0,"D",.,"A",.,"A",0,"D",0,"D",.,"A",.,"A",0,"D",0,"D",.,"A",.,"A",.,"A",.,"A"
"20161","03254322",60,0,"1",1430,"D",130,"D",.,"A",780,"D",0,"D",.,"A",.,"A",1300,"D",0,"D",.,"A",.,"A",.,"A",.,"A"
"20161","03254372",23,0,"1",2275,"D",156,"D",130,"D",650,"D",60,"D",.,"A",65,"D",2119,"D",60,"D",.,"A",.,"A",.,"A",.,"A"
"20161","03254412",29,0,"1",650,"D",65,"D",130,"D",130,"D",0,"D",.,"A",.,"A",585,"D",0,"D",.,"A",.,"A",.,"A",.,"A"
"20161","03254472",39,0,"1",1950,"D",260,"D",.,"A",650,"D",0,"D",.,"A",.,"A",1690,"D",90,"D",.,"A",.,"A",.,"A",.,"A"
"20161","03254492",22,0,"1",1737,"F",.,"A",.,"A",495,"F",123,"F",.,"A",.,"A",1458,"F",87,"F",.,"A",.,"A",.,"A",.,"A"
"20161","03254512",28,0,"1",650,"D",195,"D",.,"A",0,"D",0,"D",.,"A",.,"A",455,"D",0,"D",30,"D",390,"D",.,"A",.,"A"
"20161","03254522",70,0,"1",1820,"D",650,"D",317,"F",1690,"D",0,"D",.,"A",.,"A",1170,"D",216,"D",.,"A",.,"A",.,"A",.,"A"
"20161","03254562",24,0,"1",650,"D",65,"D",.,"A",650,"D",0,"D",.,"A",.,"A",585,"D",0,"D",.,"A",.,"A",.,"A",.,"A"
"20161","03254582",61,0,"1",1040,"D",390,"D",195,"D",195,"D",0,"D",84,"D",.,"A",650,"D",0,"D",.,"A",.,"A",156,"D",12,"D"
"20161","03254592",24,0,"1",455,"D",65,"D",.,"A",130,"D",30,"D",.,"A",.,"A",390,"D",60,"D",2,"D",26,"D",.,"A",.,"A"
"20161","03254612",20,0,"1",780,"D",260,"D",.,"A",661,"F",90,"D",.,"A",.,"A",520,"D",0,"D",.,"A",.,"A",.,"A",.,"A"
"20161","03254632",31,0,"1",975,"D",130,"D",.,"A",390,"D",60,"D",.,"A",72,"D",845,"D",180,"D",20,"D",260,"D",.,"A",.,"A"
"20161","03254642",37,0,"1",1430,"D",260,"D",65,"D",780,"D",180,"D",.,"A",.,"A",1170,"D",60,"D",.,"A",.,"A",.,"A",.,"A"
"20161","03254652",49,0,"1",1300,"D",390,"D",.,"A",390,"D",60,"D",520,"D",.,"A",910,"D",150,"D",60,"D",780,"D",.,"A",.,"A"
"20161","03254662",48,0,"1",1950,"D",260,"D",.,"A",3575,"D",0,"D",.,"A",.,"A",1690,"D",0,"D",.,"A",.,"A",.,"A",.,"A"
"20161","03254672",33,0,"1",650,"D",78,"D",.,"A",910,"D",60,"D",.,"A",.,"A",572,"D",0,"D",.,"A",.,"A",.,"A",.,"A"
"20161","03254682",45,0,"1",1300,"D",260,"D",.,"A",390,"D",0,"D",.,"A",.,"A",1040,"D",0,"D",100,"D",1300,"D",.,"A",.,"A"
"20161","03254712",81,0,"1",1560,"D",130,"D",.,"A",260,"D",150,"D",780,"D",.,"A",1430,"D",60,"D",.,"A",.,"A",.,"A",.,"A"
"20161","03254782",31,0,"1",1300,"D",260,"D",.,"A",390,"D",0,"D",.,"A",.,"A",1040,"D",0,"D",.,"A",.,"A",.,"A",.,"A"
"20161","03254792",23,0,"1",676,"D",78,"D",.,"A",195,"D",0,"D",.,"A",.,"A",598,"D",60,"D",.,"A",.,"A",.,"A",.,"A"
"20161","03254822",39,0,"1",2340,"D",325,"D",.,"A",260,"D",6,"D",.,"A",.,"A",2015,"D",6,"D",.,"A",.,"A",.,"A",.,"A"
"20161","03254832",20,0,"1",780,"D",130,"D",.,"A",0,"D",0,"D",.,"A",.,"A",650,"D",0,"D",.,"A",.,"A",.,"A",.,"A"
"20161","03254842",35,0,"1",650,"D",65,"D",.,"A",325,"D",0,"D",.,"A",.,"A",585,"D",75,"D",.,"A",.,"A",.,"A",.,"A"
"20161","03254892",72,0,"1",1625,"D",195,"D",.,"A",325,"D",0,"D",.,"A",200,"D",1430,"D",0,"D",.,"A",.,"A",.,"A",.,"A"
"20161","03254902",18,0,"1",780,"D",260,"D",.,"A",390,"D",0,"D",.,"A",.,"A",520,"D",300,"D",.,"A",.,"A",.,"A",.,"A"
"20161","03254932",12,0,"1",1950,"D",520,"D",.,"A",0,"D",0,"D",.,"A",.,"A",1430,"D",0,"D",.,"A",.,"A",.,"A",.,"A"
"20161","03254952",36,0,"1",520,"D",0,"D",.,"A",195,"D",60,"D",.,"A",.,"A",520,"D",30,"D",.,"A",.,"A",.,"A",.,"A"
"20161","03254962",23,0,"1",1950,"D",260,"D",.,"A",650,"D",0,"D",.,"A",.,"A",1690,"D",60,"D",.,"A",.,"A",.,"A",.,"A"
"20161","03254982",18,0,"1",780,"D",65,"D",.,"A",260,"D",0,"D",.,"A",.,"A",715,"D",0,"D",.,"A",.,"A",.,"A",.,"A"
"20161","03255002",38,0,"1",2600,"D",0,"D",975,"D",1625,"D",0,"D",.,"A",.,"A",2600,"D",0,"D",.,"A",.,"A",.,"A",.,"A"
"20161","03255052",41,0,"1",2275,"D",260,"D",.,"A",325,"D",0,"D",.,"A",.,"A",2015,"D",0,"D",.,"A",.,"A",.,"A",.,"A"
"20161","03255062",43,0,"1",1170,"D",0,"D",130,"D",325,"D",0,"D",.,"A",.,"A",1170,"D",0,"D",.,"A",.,"A",.,"A",.,"A"
"20161","03255102",20,0,"1",975,"D",325,"D",.,"A",0,"D",0,"D",.,"A",.,"A",650,"D",0,"D",.,"A",.,"A",.,"A",.,"A"
"20161","03255112",20,0,"1",1950,"D",390,"D",.,"A",0,"D",33,"D",.,"A",.,"A",1560,"D",30,"D",.,"A",.,"A",.,"A",.,"A"
"20161","03255122",29,0,"1",1300,"D",130,"D",.,"A",648,"F",300,"D",.,"A",.,"A",1170,"D",300,"D",.,"A",.,"A",.,"A",.,"A"
"20161","03255142",38,0,"1",325,"D",65,"D",.,"A",0,"D",0,"D",.,"A",.,"A",260,"D",15,"D",.,"A",.,"A",.,"A",.,"A"
"20161","03255164",16,0,"1",1950,"D",260,"D",.,"A",650,"D",6,"D",.,"A",.,"A",1690,"D",6,"D",.,"A",.,"A",.,"A",.,"A"
"20161","03255172",32,0,"1",871,"D",416,"D",.,"A",130,"D",0,"D",.,"A",.,"A",455,"D",0,"D",.,"A",.,"A",.,"A",.,"A"
"20161","03255182",27,0,"1",780,"D",0,"D",.,"A",0,"D",0,"D",.,"A",.,"A",780,"D",45,"D",35,"D",455,"D",.,"A",.,"A"
"20161","03255202",30,0,"1",650,"D",130,"D",.,"A",390,"D",30,"D",.,"A",.,"A",520,"D",15,"D",.,"A",.,"A",.,"A",.,"A"
"20161","03255212",43,0,"1",650,"D",39,"D",.,"A",0,"D",0,"D",.,"A",.,"A",611,"D",0,"D",.,"A",.,"A",650,"D",50,"D"
"20161","03255222",61,0,"1",676,"D",65,"D",130,"D",455,"D",0,"D",.,"A",.,"A",611,"D",0,"D",.,"A",.,"A",.,"A",.,"A"
"20161","03255232",53,0,"1",910,"D",195,"D",.,"A",1040,"D",240,"D",.,"A",.,"A",715,"D",300,"D",.,"A",.,"A",.,"A",.,"A"
"20161","03255252",26,0,"1",1820,"D",195,"D",.,"A",0,"D",0,"D",.,"A",.,"A",1625,"D",0,"D",.,"A",.,"A",.,"A",.,"A"
"20161","03255282",32,0,"1",780,"D",130,"D",650,"D",520,"D",0,"D",.,"A",.,"A",650,"D",45,"D",.,"A",.,"A",.,"A",.,"A"
"20161","03255292",31,0,"1",390,"D",104,"D",.,"A",325,"D",90,"D",.,"A",.,"A",286,"D",45,"D",.,"A",.,"A",.,"A",.,"A"
"20161","03255302",37,0,"1",975,"D",390,"D",.,"A",520,"D",0,"D",.,"A",.,"A",585,"D",0,"D",.,"A",.,"A",.,"A",.,"A"
"20161","03255314",15,0,"1",650,"D",156,"D",.,"A",260,"D",0,"D",.,"A",.,"A",494,"D",60,"D",2,"D",26,"D",.,"A",.,"A"
"20161","03255322",41,0,"1",975,"D",195,"D",.,"A",260,"D",0,"D",.,"A",.,"A",780,"D",150,"D",30,"D",390,"D",.,"A",.,"A"
"20161","03255342",35,0,"1",1625,"D",130,"D",.,"A",325,"D",66,"D",.,"A",.,"A",1495,"D",6,"D",.,"A",.,"A",.,"A",.,"A"
"20161","03255383",52,0,"1",1898,"D",260,"D",.,"A",390,"D",0,"D",.,"A",.,"A",1638,"D",120,"D",.,"A",.,"A",.,"A",.,"A"
"20161","03255392",56,0,"1",1625,"D",520,"D",.,"A",975,"D",450,"D",.,"A",.,"A",1105,"D",240,"D",5,"D",65,"D",.,"A",.,"A"
"20161","03255412",18,0,"1",780,"D",0,"D",.,"A",0,"D",0,"D",.,"A",.,"A",780,"D",0,"D",8,"D",104,"D",.,"A",.,"A"
"20161","03255422",59,0,"1",2080,"D",780,"D",.,"A",975,"D",0,"D",.,"A",.,"A",1300,"D",0,"D",.,"A",.,"A",.,"A",.,"A"
"20161","03255482",58,0,"1",1950,"D",260,"D",.,"A",520,"D",90,"D",.,"A",.,"A",1690,"D",45,"D",32,"D",416,"D",.,"A",.,"A"
"20161","03255512",30,0,"1",390,"D",0,"D",.,"A",390,"D",60,"D",.,"A",.,"A",390,"D",60,"D",.,"A",.,"A",.,"A",.,"A"
"20161","03255542",32,0,"1",1300,"D",130,"D",.,"A",0,"D",0,"D",.,"A",.,"A",1170,"D",0,"D",.,"A",.,"A",.,"A",.,"A"
"20161","03255552",43,0,"1",1300,"D",0,"D",.,"A",559,"F",0,"D",.,"A",.,"A",1300,"D",0,"D",.,"A",.,"A",.,"A",.,"A"
"20161","03255572",23,0,"1",975,"D",390,"D",.,"A",260,"D",0,"D",.,"A",.,"A",585,"D",0,"D",.,"A",.,"A",.,"A",.,"A"
"20161","03255582",46,0,"1",1300,"D",195,"D",390,"D",390,"D",30,"D",.,"A",.,"A",1105,"D",120,"D",.,"A",.,"A",.,"A",.,"A"
"20161","03255592",17,0,"1",1300,"D",130,"D",.,"A",650,"D",0,"D",.,"A",.,"A",1170,"D",0,"D",.,"A",.,"A",.,"A",.,"A"
"20161","03255602",33,0,"1",2600,"D",520,"D",130,"D",260,"D",0,"D",.,"A",.,"A",2080,"D",0,"D",.,"A",.,"A",.,"A",.,"A"
"20161","03255652",22,0,"1",520,"D",0,"D",.,"A",0,"D",0,"D",.,"A",.,"A",520,"D",0,"D",.,"C",500,"F",.,"A",.,"A"
"20161","03255682",21,0,"1",325,"D",65,"D",.,"A",1040,"D",600,"D",840,"D",.,"A",260,"D",0,"D",.,"A",.,"A",.,"A",.,"A"
"20161","03255702",21,0,"1",910,"D",260,"D",.,"A",897,"D",0,"D",.,"A",.,"A",650,"D",0,"D",.,"A",.,"A",.,"A",.,"A"
"20161","03255712",33,0,"1",1690,"D",260,"D",.,"A",390,"D",0,"D",.,"A",.,"A",1430,"D",0,"D",.,"A",.,"A",.,"A",.,"A"
"20161","03255742",37,0,"1",1560,"D",260,"D",130,"D",260,"D",0,"D",.,"A",.,"A",1300,"D",0,"D",30,"D",390,"D",.,"A",.,"A"
"20161","03255762",23,0,"1",260,"D",65,"D",.,"A",0,"D",0,"D",.,"A",.,"A",195,"D",0,"D",.,"A",.,"A",.,"A",.,"A"
"20161","03255792",55,0,"1",2990,"D",325,"D",.,"A",325,"D",0,"D",.,"A",72,"D",2665,"D",0,"D",.,"A",.,"A",.,"A",.,"A"
"20161","03255832",24,0,"1",1300,"D",130,"D",.,"A",2600,"D",264,"F",.,"A",.,"A",1170,"D",338,"F",.,"A",.,"A",.,"A",.,"A"
"20161","03255842",32,0,"1",650,"D",130,"D",.,"A",195,"D",0,"D",.,"A",.,"A",520,"D",0,"D",.,"A",.,"A",.,"A",.,"A"
"20161","03255852",18,0,"1",520,"D",0,"D",.,"A",195,"D",0,"D",258,"F",.,"A",520,"D",0,"D",.,"A",.,"A",.,"A",.,"A"
"20161","03255862",53,0,"1",1300,"D",390,"D",.,"A",975,"D",60,"D",.,"A",.,"A",910,"D",90,"D",.,"A",.,"A",.,"A",.,"A"
"20161","03255872",47,0,"1",1690,"D",845,"D",.,"A",0,"D",0,"D",.,"A",.,"A",845,"D",450,"D",.,"A",.,"A",.,"A",.,"A"
"20161","03255932",70,0,"1",1235,"D",0,"D",.,"A",780,"D",120,"D",.,"A",100,"D",1235,"D",60,"D",7,"D",91,"D",.,"A",.,"A"
"20161","03255942",18,0,"1",2600,"D",328,"F",.,"A",818,"F",0,"D",.,"A",.,"A",1330,"F",0,"D",.,"A",.,"A",.,"A",.,"A"
"20161","03255952",60,0,"1",1300,"D",520,"D",65,"D",260,"D",0,"D",.,"A",.,"A",780,"D",0,"D",30,"D",390,"D",.,"A",.,"A"
"20161","03255992",43,0,"1",2600,"D",0,"D",260,"D",520,"D",450,"D",.,"A",250,"D",2600,"D",240,"D",60,"D",780,"D",130,"D",10,"D"
"20161","03256002",25,0,"1",975,"D",260,"D",.,"A",650,"D",0,"D",.,"A",.,"A",715,"D",0,"D",.,"A",.,"A",.,"A",.,"A"
"20161","03256012",12,0,"1",975,"D",195,"D",195,"D",0,"D",0,"D",.,"A",.,"A",780,"D",0,"D",50,"D",650,"D",.,"A",.,"A"
"20161","03256034",32,0,"1",455,"D",65,"D",.,"A",1300,"D",0,"D",.,"A",.,"A",390,"D",0,"D",.,"A",.,"A",.,"A",.,"A"
"20161","03256072",38,0,"1",2080,"D",1300,"D",.,"A",455,"D",0,"D",.,"A",.,"A",780,"D",0,"D",.,"A",.,"A",.,"A",.,"A"
"20161","03256092",22,0,"1",1300,"D",195,"D",.,"A",390,"D",0,"D",.,"A",.,"A",1105,"D",0,"D",.,"A",.,"A",.,"A",.,"A"
"20161","03256102",33,0,"1",1300,"D",260,"D",.,"A",390,"D",0,"D",.,"A",.,"A",1040,"D",300,"D",.,"A",.,"A",.,"A",.,"A"
"20161","03256112",46,0,"1",1625,"D",156,"D",.,"A",65,"D",0,"D",.,"A",.,"A",1469,"D",0,"D",.,"A",.,"A",325,"D",25,"D"
"20161","03256132",36,0,"1",910,"D",0,"D",.,"A",195,"D",0,"D",.,"A",.,"A",910,"D",0,"D",.,"A",.,"A",.,"A",.,"A"
"20161","03256142",31,0,"1",2925,"D",195,"D",.,"A",650,"D",60,"D",.,"A",.,"A",2730,"D",60,"D",.,"A",.,"A",.,"A",.,"A"
"20161","03256152",22,0,"1",1300,"D",195,"D",.,"A",0,"D",0,"D",.,"A",.,"A",1105,"D",0,"D",.,"A",.,"A",.,"A",.,"A"
"20161","03256162",36,0,"1",1950,"D",325,"D",260,"D",390,"D",300,"D",.,"A",.,"A",1625,"D",150,"D",8,"D",104,"D",.,"A",.,"A"
"20161","03256172",15,0,"1",169,"D",65,"D",39,"D",65,"D",0,"D",.,"A",.,"A",104,"D",0,"D",.,"A",.,"A",.,"A",.,"A"
"20161","03256202",26,0,"1",1040,"D",130,"D",.,"A",520,"D",0,"D",.,"A",.,"A",910,"D",0,"D",.,"A",.,"A",.,"A",.,"A"
"20161","03256214",23,0,"1",520,"D",130,"D",.,"A",104,"D",0,"D",.,"A",.,"A",390,"D",0,"D",.,"A",.,"A",.,"A",.,"A"
"20161","03256242",51,0,"1",3900,"D",0,"D",.,"A",2600,"D",60,"D",.,"A",.,"A",3900,"D",30,"D",.,"A",.,"A",.,"A",.,"A"
"20161","03256252",8,0,"1",650,"D",195,"D",.,"A",520,"D",0,"D",.,"A",.,"A",455,"D",0,"D",.,"A",.,"A",.,"A",.,"A"
"20161","03256273",46,0,"1",650,"D",325,"D",.,"A",429,"D",0,"D",.,"A",.,"A",325,"D",0,"D",.,"A",.,"A",.,"A",.,"A"
"20161","03256282",20,0,"1",780,"D",130,"D",.,"A",195,"D",0,"D",.,"A",.,"A",650,"D",0,"D",.,"A",.,"A",.,"A",.,"A"
"20161","03256292",32,0,"1",1300,"D",65,"D",.,"A",650,"D",0,"D",.,"A",.,"A",1235,"D",150,"D",.,"A",.,"A",.,"A",.,"A"
"20161","03256302",32,0,"1",1300,"D",520,"D",.,"A",260,"D",0,"D",.,"A",.,"A",780,"D",0,"D",.,"A",.,"A",39,"D",3,"D"
"20161","03256322",14,0,"1",1560,"D",260,"D",130,"D",975,"D",375,"D",.,"A",.,"A",1300,"D",105,"D",.,"A",.,"A",.,"A",.,"A"
"20161","03256332",31,0,"1",780,"D",390,"D",.,"A",130,"D",0,"D",.,"A",.,"A",390,"D",0,"D",30,"D",390,"D",.,"A",.,"A"
"20161","03256342",20,0,"1",65,"D",65,"D",.,"A",52,"D",0,"D",.,"A",.,"A",0,"D",0,"D",.,"A",.,"A",.,"A",.,"A"
"20161","03256352",38,0,"1",1300,"D",650,"D",.,"A",650,"D",75,"D",.,"A",.,"A",650,"D",240,"D",50,"D",650,"D",.,"A",.,"A"
"20161","03256362",48,0,"1",975,"D",325,"D",130,"D",130,"D",6,"D",.,"A",.,"A",650,"D",6,"D",.,"A",.,"A",.,"A",.,"A"
"20161","03256422",63,0,"1",2925,"D",390,"D",39,"D",0,"D",0,"D",.,"A",.,"A",2535,"D",0,"D",.,"A",.,"A",390,"D",30,"D"
"20161","03256432",32,0,"1",1950,"D",260,"D",.,"A",1300,"D",0,"D",.,"A",20,"D",1690,"D",0,"D",.,"A",.,"A",.,"A",.,"A"
"20161","03256482",19,0,"1",780,"D",130,"D",.,"A",520,"D",0,"D",.,"A",16,"D",650,"D",90,"D",5,"D",65,"D",.,"A",.,"A"
"20161","03256502",64,0,"1",1040,"D",65,"D",.,"A",325,"D",45,"D",.,"A",.,"A",975,"D",270,"D",.,"A",.,"A",.,"A",.,"A"
"20161","03256562",45,0,"1",780,"D",0,"D",.,"A",780,"D",0,"D",.,"A",.,"A",780,"D",60,"D",.,"A",.,"A",.,"A",.,"A"
"20161","03256602",63,0,"1",1170,"D",65,"D",.,"A",520,"D",48,"D",.,"A",.,"A",1105,"D",75,"D",.,"A",.,"A",.,"A",.,"A"
"20161","03256634",33,0,"1",1690,"D",234,"D",.,"A",455,"D",0,"D",.,"A",.,"A",1456,"D",0,"D",.,"A",.,"A",.,"A",.,"A"
"20161","03256644",18,0,"1",390,"D",65,"D",.,"A",195,"D",0,"D",.,"A",.,"A",325,"D",0,"D",.,"A",.,"A",.,"A",.,"A"
"20161","03256672",24,0,"1",1300,"D",260,"D",520,"D",780,"D",120,"D",.,"A",195,"D",1040,"D",300,"D",.,"A",.,"A",.,"A",.,"A"
"20161","03256682",16,0,"1",65,"D",65,"D",.,"A",455,"D",0,"D",.,"A",.,"A",0,"D",0,"D",.,"A",.,"A",.,"A",.,"A"
"20161","03256692",45,0,"1",1625,"D",520,"D",.,"A",325,"D",0,"D",.,"A",.,"A",1105,"D",30,"D",.,"A",.,"A",.,"A",.,"A"
"20161","03256732",128,0,"1",2210,"D",390,"D",.,"A",325,"D",0,"D",.,"A",.,"A",1820,"D",135,"D",.,"A",.,"A",.,"A",.,"A"
"20161","03256762",33,0,"1",1950,"D",195,"D",.,"A",130,"D",0,"D",.,"A",.,"A",1755,"D",90,"D",.,"A",.,"A",.,"A",.,"A"
"20161","03256782",7,0,"1",0,"D",.,"A",.,"A",0,"D",0,"D",.,"A",.,"A",0,"D",0,"D",.,"A",.,"A",.,"A",.,"A"
"20161","03256792",22,0,"1",650,"D",0,"D",.,"A",650,"D",60,"D",.,"A",.,"A",650,"D",0,"D",.,"A",.,"A",.,"A",.,"A"
"20161","03256832",24,0,"1",1040,"D",65,"D",.,"A",130,"D",0,"D",.,"A",.,"A",975,"D",0,"D",.,"A",.,"A",.,"A",.,"A"
"20161","03256852",61,0,"1",1950,"D",325,"D",.,"A",650,"D",0,"D",.,"A",.,"A",1625,"D",60,"D",.,"A",.,"A",.,"A",.,"A"
"20161","03256882",55,0,"1",3900,"D",260,"D",.,"A",1300,"D",240,"D",.,"A",.,"A",3640,"D",600,"D",.,"A",.,"A",.,"A",.,"A"
"20161","03256892",25,0,"1",910,"D",130,"D",.,"A",260,"D",0,"D",.,"A",.,"A",780,"D",0,"D",.,"A",.,"A",.,"A",.,"A"
"20161","03256902",21,0,"1",390,"D",65,"D",.,"A",390,"D",0,"D",.,"A",.,"A",325,"D",0,"D",.,"A",.,"A",.,"A",.,"A"
"20161","03256912",12,0,"1",650,"D",195,"D",.,"A",260,"D",0,"D",.,"A",.,"A",455,"D",0,"D",.,"A",.,"A",.,"A",.,"A"
"20161","03256922",16,0,"1",780,"D",390,"D",.,"A",780,"D",0,"D",.,"A",.,"A",390,"D",0,"D",7,"D",91,"D",.,"A",.,"A"
"20161","03256952",11,0,"1",0,"D",.,"A",.,"A",0,"D",0,"D",.,"A",.,"A",0,"D",0,"D",.,"A",.,"A",.,"A",.,"A"
"20161","03256972",9,0,"1",130,"D",0,"D",.,"A",0,"D",0,"D",.,"A",.,"A",130,"D",0,"D",.,"A",.,"A",.,"A",.,"A"
"20161","03257012",40,0,"1",4550,"D",650,"D",.,"A",520,"D",0,"D",.,"A",.,"A",3900,"D",0,"D",.,"A",.,"A",.,"A",.,"A"
"20161","03257053",25,0,"1",1300,"D",260,"D",.,"A",818,"F",0,"D",.,"A",.,"A",1040,"D",0,"D",.,"A",.,"A",.,"A",.,"A"
"20161","03257062",18,0,"1",975,"D",0,"D",.,"A",130,"D",0,"D",.,"A",.,"A",975,"D",0,"D",.,"A",.,"A",.,"A",.,"A"
"20161","03257072",22,0,"1",520,"D",0,"D",.,"A",325,"D",0,"D",.,"A",.,"A",520,"D",0,"D",.,"A",.,"A",.,"A",.,"A"
"20161","03257102",42,0,"1",3900,"D",390,"D",.,"A",2600,"D",240,"D",.,"A",.,"A",3510,"D",240,"D",.,"A",.,"A",.,"A",.,"A"
"20161","03257112",21,0,"1",1300,"D",390,"D",143,"D",0,"D",0,"D",.,"A",.,"A",910,"D",15,"D",.,"A",.,"A",.,"A",.,"A"
"20161","03257132",39,0,"1",884,"D",130,"D",.,"A",390,"D",0,"D",.,"A",.,"A",754,"D",0,"D",.,"A",.,"A",.,"A",.,"A"
"20161","03257172",46,0,"1",3900,"D",520,"D",.,"A",1300,"D",0,"D",.,"A",.,"A",3380,"D",60,"D",.,"A",.,"A",.,"A",.,"A"
"20161","03257182",21,0,"1",2600,"D",650,"D",.,"A",260,"D",0,"D",.,"A",.,"A",1950,"D",0,"D",35,"D",455,"D",.,"A",.,"A"
"20161","03257192",52,0,"1",3380,"D",520,"D",390,"D",0,"D",0,"D",.,"A",.,"A",2860,"D",180,"D",.,"A",.,"A",.,"A",.,"A"
"20161","03257212",73,0,"1",2080,"D",104,"D",65,"D",325,"D",0,"D",.,"A",.,"A",1976,"D",75,"D",.,"A",.,"A",.,"A",.,"A"
"20161","03257232",32,0,"1",2600,"D",0,"D",.,"A",650,"D",0,"D",.,"A",.,"A",2600,"D",0,"D",.,"A",.,"A",.,"A",.,"A"
"20161","03257242",20,0,"1",650,"D",302,"F",.,"A",539,"F",116,"F",.,"A",.,"A",1110,"F",121,"F",.,"A",.,"A",.,"A",.,"A"
"20161","03257252",24,0,"1",1950,"D",390,"D",.,"A",650,"D",0,"D",.,"A",.,"A",1560,"D",45,"D",.,"A",.,"A",.,"A",.,"A"
"20161","03257262",27,0,"1",650,"D",195,"D",.,"A",130,"D",0,"D",.,"A",.,"A",455,"D",0,"D",.,"A",.,"A",.,"A",.,"A"
"20161","03257282",13,0,"1",1300,"D",130,"D",.,"A",260,"D",135,"D",.,"A",.,"A",1170,"D",120,"D",.,"A",.,"A",.,"A",.,"A"
"20161","03257292",9,0,"1",975,"D",195,"D",.,"A",130,"D",0,"D",.,"A",.,"A",780,"D",30,"D",50,"D",650,"D",.,"A",.,"A"
"20161","03257302",13,0,"1",910,"D",260,"D",.,"A",0,"D",0,"D",.,"A",.,"A",650,"D",0,"D",20,"D",260,"D",.,"A",.,"A"
"20161","03257313",33,0,"1",130,"D",26,"D",.,"A",1365,"D",300,"D",.,"A",.,"A",104,"D",30,"D",.,"A",.,"A",.,"A",.,"A"
"20161","03257332",22,0,"1",0,"D",.,"A",.,"A",0,"D",0,"D",.,"A",.,"A",0,"D",0,"D",.,"A",.,"A",.,"A",.,"A"
"20161","03257342",43,0,"1",1950,"D",195,"D",.,"A",975,"D",150,"D",.,"A",.,"A",1755,"D",150,"D",.,"A",.,"A",.,"A",.,"A"
"20161","03257382",51,0,"1",2600,"D",260,"D",.,"A",780,"D",0,"D",.,"A",.,"A",2340,"D",0,"D",.,"A",.,"A",.,"A",.,"A"
"20161","03257392",31,0,"1",2600,"D",260,"D",.,"A",325,"D",0,"D",.,"A",.,"A",2340,"D",60,"D",70,"D",910,"D",.,"A",.,"A"
"20161","03257442",14,0,"1",0,"D",.,"A",.,"A",2600,"D",0,"D",.,"A",.,"A",0,"D",0,"D",.,"A",.,"A",.,"A",.,"A"
"20161","03257452",40,0,"1",1625,"D",325,"D",130,"D",780,"D",0,"D",.,"A",.,"A",1300,"D",0,"D",.,"A",.,"A",.,"A",.,"A"
"20161","03257462",37,0,"1",1560,"D",325,"D",.,"A",390,"D",0,"D",.,"A",.,"A",1235,"D",0,"D",.,"A",.,"A",.,"A",.,"A"
"20161","03257502",54,0,"1",1300,"D",130,"D",.,"A",650,"D",0,"D",.,"A",.,"A",1170,"D",150,"D",.,"A",.,"A",.,"A",.,"A"
"20161","03257522",16,0,"1",1625,"D",260,"D",.,"A",390,"D",0,"D",.,"A",.,"A",1365,"D",0,"D",.,"A",.,"A",.,"A",.,"A"
"20161","03257532",24,0,"1",520,"D",0,"D",318,"F",0,"D",0,"D",.,"A",.,"A",520,"D",0,"D",26,"D",338,"D",.,"A",.,"A"
"20161","03257572",25,0,"1",1950,"D",390,"D",286,"D",130,"D",0,"D",.,"A",.,"A",1560,"D",0,"D",.,"A",.,"A",.,"A",.,"A"
"20161","03257602",34,0,"1",455,"D",221,"D",.,"A",39,"D",0,"D",.,"A",.,"A",234,"D",0,"D",.,"A",.,"A",.,"A",.,"A"
"20161","03257612",40,0,"1",2600,"D",520,"D",.,"A",650,"D",0,"D",.,"A",.,"A",2080,"D",0,"D",.,"A",.,"A",.,"A",.,"A"
"20161","03257672",43,0,"1",2600,"D",520,"D",.,"A",650,"D",0,"D",.,"A",.,"A",2080,"D",0,"D",.,"A",.,"A",650,"D",50,"D"
"20161","03257682",60,0,"1",2990,"D",650,"D",650,"D",520,"D",60,"D",.,"A",.,"A",2340,"D",120,"D",.,"A",.,"A",.,"A",.,"A"
"20161","03257692",19,0,"1",1105,"D",260,"D",.,"A",650,"D",0,"D",.,"A",.,"A",845,"D",0,"D",.,"A",.,"A",.,"A",.,"A"
"20161","03257712",20,0,"1",1300,"D",130,"D",.,"A",0,"D",0,"D",.,"A",.,"A",1170,"D",0,"D",.,"A",.,"A",.,"A",.,"A"
"20161","03257722",30,0,"1",1625,"D",325,"D",.,"A",195,"D",0,"D",.,"A",.,"A",1300,"D",60,"D",.,"A",.,"A",.,"A",.,"A"
"20161","03257772",23,0,"1",650,"D",130,"D",.,"A",520,"D",75,"D",.,"A",.,"A",520,"D",75,"D",.,"A",.,"A",.,"A",.,"A"
"20161","03257802",36,0,"1",1625,"D",325,"D",.,"A",520,"D",30,"D",.,"A",.,"A",1300,"D",60,"D",.,"A",.,"A",.,"A",.,"A"
"20161","03257812",62,0,"1",1950,"D",390,"D",.,"A",650,"D",30,"D",.,"A",.,"A",1560,"D",90,"D",.,"A",.,"A",.,"A",.,"A"
"20161","03257822",21,0,"1",780,"D",130,"D",390,"D",975,"D",0,"D",.,"A",.,"A",650,"D",0,"D",.,"A",.,"A",.,"A",.,"A"
"20161","03257842",41,0,"1",1170,"D",0,"D",.,"A",0,"D",0,"D",.,"A",.,"A",1170,"D",360,"D",60,"D",780,"D",.,"A",.,"A"
"20161","03257872",53,0,"1",2600,"D",650,"D",.,"A",6500,"D",0,"D",.,"A",.,"A",1950,"D",0,"D",13,"D",169,"D",.,"A",.,"A"
"20161","03257892",17,0,"1",780,"D",195,"D",.,"A",650,"D",0,"D",.,"A",.,"A",585,"D",0,"D",.,"A",.,"A",.,"A",.,"A"
"20161","03257902",28,0,"1",975,"D",130,"D",.,"A",65,"D",0,"D",.,"A",.,"A",845,"D",0,"D",.,"A",.,"A",.,"A",.,"A"
"20161","03257912",12,0,"1",2600,"D",260,"D",.,"A",0,"D",0,"D",.,"A",.,"A",2340,"D",0,"D",.,"A",.,"A",.,"A",.,"A"
"20161","03257932",36,0,"1",1950,"D",325,"D",.,"A",195,"D",0,"D",.,"A",.,"A",1625,"D",0,"D",.,"A",.,"A",.,"A",.,"A"
"20161","03257972",42,0,"1",1560,"D",130,"D",.,"A",0,"D",0,"D",.,"A",.,"A",1430,"D",0,"D",.,"A",.,"A",.,"A",.,"A"
"20161","03257982",16,0,"1",1300,"D",130,"D",.,"A",0,"D",0,"D",.,"A",.,"A",1170,"D",0,"D",.,"C",500,"F",.,"A",.,"A"
"20161","03257992",35,0,"1",2925,"D",279,"F",.,"A",182,"D",0,"D",.,"A",.,"A",1079,"F",42,"D",25,"D",325,"D",.,"A",.,"A"
"20161","03258002",49,0,"1",1300,"D",130,"D",.,"A",260,"D",0,"D",.,"A",.,"A",1170,"D",0,"D",.,"A",.,"A",.,"A",.,"A"
"20161","03258022",17,0,"1",325,"D",0,"D",.,"A",0,"D",0,"D",.,"A",.,"A",325,"D",36,"D",.,"A",.,"A",247,"D",19,"D"
"20161","03258082",55,0,"1",1625,"D",260,"D",.,"A",0,"D",0,"D",.,"A",.,"A",1365,"D",0,"D",.,"A",.,"A",.,"A",.,"A"
"20161","03258102",48,0,"1",975,"D",585,"D",.,"A",1300,"D",180,"D",.,"A",.,"A",390,"D",150,"D",.,"A",.,"A",.,"A",.,"A"
"20161","03258112",30,0,"1",1300,"D",325,"D",.,"A",325,"D",0,"D",.,"A",.,"A",975,"D",75,"D",.,"A",.,"A",.,"A",.,"A"
"20161","03258122",42,0,"1",910,"D",65,"D",.,"A",130,"D",0,"D",.,"A",.,"A",845,"D",0,"D",.,"A",.,"A",.,"A",.,"A"
"20161","03258132",42,0,"1",3900,"D",390,"D",325,"D",325,"D",60,"D",.,"A",.,"A",3510,"D",24,"D",.,"A",.,"A",.,"A",.,"A"
"20161","03258152",29,0,"1",1300,"D",312,"D",.,"A",845,"D",180,"D",.,"A",.,"A",988,"D",120,"D",5,"D",65,"D",.,"A",.,"A"
"20161","03258192",52,0,"1",1950,"D",130,"D",.,"A",650,"D",0,"D",.,"A",.,"A",1820,"D",0,"D",25,"D",325,"D",.,"A",.,"A"
"20161","03258202",43,0,"1",910,"D",273,"D",.,"A",26,"D",0,"D",.,"A",.,"A",637,"D",36,"D",.,"A",.,"A",.,"A",.,"A"
"20161","03258212",17,0,"1",390,"D",65,"D",.,"A",130,"D",0,"D",.,"A",.,"A",325,"D",0,"D",.,"A",.,"A",.,"A",.,"A"
"20161","03258232",30,0,"1",1560,"D",0,"D",.,"A",1040,"D",0,"D",.,"A",.,"A",1560,"D",0,"D",.,"A",.,"A",.,"A",.,"A"
"20161","03258252",24,0,"1",260,"D",26,"D",.,"A",195,"D",0,"D",.,"A",.,"A",234,"D",0,"D",.,"A",.,"A",.,"A",.,"A"
"20161","03258282",28,0,"1",650,"D",390,"D",.,"A",650,"D",0,"D",.,"A",.,"A",260,"D",60,"D",.,"A",.,"A",.,"A",.,"A"
"20161","03258312",33,0,"1",1300,"D",185,"F",.,"A",520,"D",0,"D",.,"A",.,"A",674,"F",0,"D",.,"A",.,"A",.,"A",.,"A"
"20161","03258334",18,0,"1",1560,"D",520,"D",.,"A",156,"D",0,"D",.,"A",.,"A",1040,"D",0,"D",.,"A",.,"A",.,"A",.,"A"
"20161","03258352",25,0,"1",650,"D",65,"D",390,"D",169,"D",90,"D",.,"A",.,"A",585,"D",180,"D",.,"A",.,"A",.,"A",.,"A"
"20161","03258362",24,0,"1",3250,"D",650,"D",650,"D",0,"D",0,"D",.,"A",.,"A",2600,"D",0,"D",.,"A",.,"A",.,"A",.,"A"
"20161","03258372",35,0,"1",975,"D",0,"D",.,"A",338,"D",0,"D",.,"A",.,"A",975,"D",75,"D",.,"A",.,"A",.,"A",.,"A"
"20161","03258384",33,0,"1",650,"D",65,"D",.,"A",130,"D",0,"D",.,"A",.,"A",585,"D",0,"D",.,"A",.,"A",.,"A",.,"A"
"20161","03258402",28,0,"1",3575,"D",650,"D",455,"F",521,"F",0,"D",.,"A",.,"A",2925,"D",0,"D",55,"D",715,"D",.,"A",.,"A"
"20161","03258432",16,0,"1",325,"D",65,"D",65,"D",0,"D",0,"D",.,"A",.,"A",260,"D",0,"D",20,"D",260,"D",.,"A",.,"A"
"20161","03258442",17,0,"1",520,"D",130,"D",.,"A",0,"D",0,"D",.,"A",.,"A",390,"D",0,"D",30,"D",390,"D",.,"A",.,"A"
"20161","03258452",31,0,"1",6500,"D",2600,"D",.,"A",0,"D",0,"D",.,"A",.,"A",3900,"D",0,"D",.,"A",.,"A",.,"A",.,"A"
"20161","03258492",60,0,"1",1625,"D",520,"D",65,"D",390,"D",0,"D",.,"A",.,"A",1105,"D",6,"D",.,"A",.,"A",.,"A",.,"A"
"20161","03258502",56,0,"1",3120,"D",520,"D",.,"A",650,"D",0,"D",.,"A",101,"D",2600,"D",0,"D",20,"D",260,"D",.,"A",.,"A"
"20161","03258542",21,0,"1",1300,"D",390,"D",260,"D",0,"D",0,"D",.,"A",.,"A",910,"D",30,"D",20,"D",260,"D",.,"A",.,"A"
"20161","03258552",27,0,"1",1950,"D",325,"D",.,"A",260,"D",0,"D",.,"A",.,"A",1625,"D",0,"D",.,"A",.,"A",.,"A",.,"A"
"20161","03258562",16,0,"1",1170,"D",0,"D",.,"A",0,"D",0,"D",.,"A",.,"A",1170,"D",0,"D",.,"A",.,"A",.,"A",.,"A"
"20161","03258572",49,0,"1",2600,"D",520,"D",.,"A",260,"D",150,"D",.,"A",.,"A",2080,"D",150,"D",.,"A",.,"A",.,"A",.,"A"
"20161","03258602",54,0,"1",1300,"D",520,"D",.,"A",390,"D",150,"D",.,"A",.,"A",780,"D",45,"D",.,"A",.,"A",.,"A",.,"A"
"20161","03258612",24,0,"1",1040,"D",520,"D",.,"A",325,"D",0,"D",.,"A",.,"A",520,"D",30,"D",.,"A",.,"A",.,"A",.,"A"
"20161","03258632",15,0,"1",650,"D",65,"D",.,"A",195,"D",0,"D",.,"A",.,"A",585,"D",0,"D",5,"D",65,"D",.,"A",.,"A"
"20161","03258642",19,0,"1",1645,"F",.,"A",.,"A",0,"D",0,"D",.,"A",.,"A",1330,"F",0,"D",.,"A",.,"A",.,"A",.,"A"
"20161","03258652",43,0,"1",2600,"D",650,"D",.,"A",260,"D",0,"D",.,"A",.,"A",1950,"D",0,"D",200,"D",2600,"D",.,"A",.,"A"
"20161","03258682",23,0,"1",1846,"D",130,"D",.,"A",260,"D",0,"D",.,"A",.,"A",1716,"D",0,"D",.,"A",.,"A",.,"A",.,"A"
"20161","03258692",50,0,"1",1560,"D",260,"D",.,"A",1950,"D",0,"D",.,"A",.,"A",1300,"D",0,"D",.,"A",.,"A",.,"A",.,"A"
"20161","03258702",34,0,"1",2600,"D",585,"D",650,"D",390,"D",0,"D",.,"A",.,"A",2015,"D",0,"D",.,"A",.,"A",.,"A",.,"A"
"20161","03258712",77,0,"1",2548,"D",390,"D",.,"A",806,"D",0,"D",.,"A",.,"A",2158,"D",285,"D",.,"A",.,"A",.,"A",.,"A"
"20161","03258722",11,0,"1",390,"D",0,"D",.,"A",260,"D",0,"D",.,"A",.,"A",390,"D",0,"D",.,"A",.,"A",.,"A",.,"A"
"20161","03258742",24,0,"1",1625,"D",156,"D",.,"A",182,"D",0,"D",.,"A",.,"A",1469,"D",300,"D",.,"A",.,"A",.,"A",.,"A"
"20161","03258752",40,0,"1",2925,"D",325,"D",.,"A",910,"D",0,"D",.,"A",.,"A",2600,"D",0,"D",.,"A",.,"A",.,"A",.,"A"
"20161","03258782",40,0,"1",1300,"D",455,"D",.,"A",1300,"D",0,"D",.,"A",.,"A",845,"D",0,"D",.,"A",.,"A",.,"A",.,"A"
"20161","03258792",26,0,"1",780,"D",260,"D",.,"A",390,"D",90,"D",.,"A",.,"A",520,"D",240,"D",54,"D",702,"D",.,"A",.,"A"
"20161","03258822",13,0,"1",650,"D",260,"D",.,"A",0,"D",0,"D",.,"A",.,"A",390,"D",0,"D",.,"A",.,"A",.,"A",.,"A"
"20161","03258834",30,0,"1",195,"D",39,"D",.,"A",260,"D",0,"D",.,"A",.,"A",156,"D",90,"D",.,"A",.,"A",.,"A",.,"A"
"20161","03258842",17,0,"1",650,"D",65,"D",.,"A",455,"D",0,"D",.,"A",.,"A",585,"D",150,"D",.,"A",.,"A",.,"A",.,"A"
"20161","03258852",46,0,"1",2600,"D",260,"D",260,"D",650,"D",1200,"D",.,"A",.,"A",2340,"D",450,"D",7,"D",91,"D",.,"A",.,"A"
"20161","03258862",13,0,"1",1040,"D",130,"D",.,"A",0,"D",0,"D",.,"A",.,"A",910,"D",0,"D",.,"A",.,"A",.,"A",.,"A"
"20161","03258882",26,0,"1",975,"D",325,"D",.,"A",0,"D",0,"D",.,"A",.,"A",650,"D",300,"D",20,"D",260,"D",.,"A",.,"A"
"20161","03258892",13,0,"1",650,"D",130,"D",390,"D",390,"D",120,"D",.,"A",.,"A",520,"D",90,"D",.,"A",.,"A",.,"A",.,"A"
"20161","03258902",21,0,"1",780,"D",0,"D",.,"A",260,"D",0,"D",.,"A",.,"A",780,"D",0,"D",.,"A",.,"A",.,"A",.,"A"
"20161","03258912",12,0,"1",975,"D",350,"F",.,"A",390,"D",107,"F",.,"A",.,"A",1211,"F",180,"D",.,"A",.,"A",.,"A",.,"A"
"20161","03258922",35,0,"1",845,"D",325,"D",.,"A",260,"D",0,"D",.,"A",.,"A",520,"D",0,"D",.,"A",.,"A",260,"D",20,"D"
"20161","03258932",6,0,"1",0,"D",.,"A",.,"A",0,"D",0,"D",.,"A",.,"A",0,"D",0,"D",.,"A",.,"A",.,"A",.,"A"
"20161","03258942",68,0,"1",2600,"D",260,"D",.,"A",1300,"D",60,"D",.,"A",270,"F",2340,"D",90,"D",.,"A",.,"A",431,"F",.,"C"
"20161","03258952",32,0,"1",1645,"F",.,"A",130,"D",0,"D",0,"D",.,"A",.,"A",1330,"F",60,"D",.,"A",.,"A",.,"A",.,"A"
"20161","03258982",46,0,"1",1300,"D",260,"D",.,"A",650,"D",300,"D",.,"A",.,"A",1040,"D",60,"D",30,"D",390,"D",.,"A",.,"A"
"20161","03259002",38,0,"1",1625,"D",390,"D",130,"D",0,"D",0,"D",.,"A",.,"A",1235,"D",0,"D",25,"D",325,"D",.,"A",.,"A"
"20161","03259032",26,0,"1",1950,"D",130,"D",.,"A",1430,"D",0,"D",.,"A",.,"A",1820,"D",0,"D",.,"A",.,"A",.,"A",.,"A"
"20161","03259062",39,0,"1",2600,"D",650,"D",650,"D",650,"D",150,"D",.,"A",300,"D",1950,"D",150,"D",.,"A",.,"A",.,"A",.,"A"
"20161","03259072",23,0,"1",520,"D",130,"D",.,"A",195,"D",0,"D",.,"A",.,"A",390,"D",180,"D",.,"A",.,"A",.,"A",.,"A"
"20161","03259082",36,0,"1",1950,"D",260,"D",390,"D",325,"D",90,"D",.,"A",.,"A",1690,"D",90,"D",.,"A",.,"A",.,"A",.,"A"
"20161","03259092",79,0,"1",1300,"D",260,"D",130,"D",390,"D",60,"D",.,"A",.,"A",1040,"D",60,"D",.,"A",.,"A",.,"A",.,"A"
"20161","03259102",13,0,"1",325,"D",39,"D",.,"A",0,"D",30,"D",.,"A",.,"A",286,"D",30,"D",.,"A",.,"A",.,"A",.,"A"
"20161","03259132",25,0,"1",650,"D",390,"D",.,"A",130,"D",0,"D",.,"A",.,"A",260,"D",0,"D",.,"A",.,"A",195,"D",15,"D"
"20161","03259142",6,0,"1",883,"F",.,"A",.,"A",534,"F",158,"F",.,"A",.,"A",721,"F",124,"F",.,"A",.,"A",.,"A",.,"A"
"20161","03259152",81,0,"1",4225,"D",390,"D",.,"A",650,"D",0,"D",.,"A",.,"A",3835,"D",150,"D",.,"A",.,"A",.,"A",.,"A"
"20161","03259172",13,0,"1",1495,"D",325,"D",455,"D",780,"D",0,"D",.,"A",.,"A",1170,"D",0,"D",.,"A",.,"A",.,"A",.,"A"
"20161","03259182",50,0,"1",3900,"D",650,"D",.,"A",650,"D",225,"D",.,"A",42,"D",3250,"D",360,"D",.,"A",.,"A",.,"A",.,"A"
"20161","03259202",40,0,"1",1625,"D",455,"D",.,"A",650,"D",0,"D",.,"A",.,"A",1170,"D",0,"D",.,"A",.,"A",.,"A",.,"A"
"20161","03259222",20,0,"1",650,"D",65,"D",.,"A",0,"D",0,"D",.,"A",.,"A",585,"D",0,"D",.,"A",.,"A",.,"A",.,"A"
"20161","03259232",31,0,"1",1040,"D",260,"D",.,"A",520,"D",0,"D",.,"A",.,"A",780,"D",0,"D",.,"A",.,"A",.,"A",.,"A"
"20161","03259242",56,0,"1",2925,"D",195,"D",.,"A",520,"D",0,"D",.,"A",270,"D",2730,"D",300,"D",91,"D",1183,"D",260,"D",20,"D"
"20161","03259272",10,0,"1",0,"D",.,"A",.,"A",0,"D",0,"D",.,"A",.,"A",0,"D",0,"D",15,"D",195,"D",.,"A",.,"A"
"20161","03259282",45,0,"1",1040,"D",195,"D",.,"A",585,"D",120,"D",.,"A",.,"A",845,"D",225,"D",.,"A",.,"A",.,"A",.,"A"
"20161","03259293",44,0,"1",650,"D",0,"D",.,"A",650,"D",0,"D",.,"A",.,"A",650,"D",0,"D",.,"A",.,"A",.,"A",.,"A"
"20161","03259302",34,0,"1",780,"D",65,"D",.,"A",130,"D",6,"D",.,"A",.,"A",715,"D",6,"D",.,"A",.,"A",.,"A",.,"A"
"20161","03259312",35,0,"1",325,"D",26,"D",.,"A",260,"D",144,"D",.,"A",.,"A",299,"D",36,"D",.,"A",.,"A",.,"A",.,"A"
"20161","03259324",16,0,"1",1950,"D",650,"D",910,"D",910,"D",45,"D",.,"A",.,"A",1300,"D",300,"D",20,"D",260,"D",.,"A",.,"A"
"20161","03259332",36,0,"1",975,"D",130,"D",.,"A",260,"D",120,"D",.,"A",.,"A",845,"D",180,"D",.,"A",.,"A",.,"A",.,"A"
"20161","03259342",18,0,"1",1300,"D",260,"D",.,"A",1131,"F",0,"D",.,"A",.,"A",1040,"D",0,"D",30,"D",390,"D",.,"A",.,"A"
"20161","03259372",21,0,"1",1560,"D",0,"D",.,"A",260,"D",0,"D",.,"A",135,"D",1560,"D",0,"D",.,"A",.,"A",.,"A",.,"A"
"20161","03259382",46,0,"1",5200,"D",260,"D",.,"A",2600,"D",0,"D",.,"A",150,"D",4940,"D",720,"D",.,"A",.,"A",.,"A",.,"A"
"20161","03259402",29,0,"1",650,"D",130,"D",2600,"D",1300,"D",120,"D",.,"A",.,"A",520,"D",180,"D",.,"A",.,"A",.,"A",.,"A"
"20161","03259412",102,0,"1",1690,"D",390,"D",.,"A",650,"D",0,"D",.,"A",260,"D",1300,"D",0,"D",.,"A",.,"A",.,"A",.,"A"
"20161","03259422",37,0,"1",910,"D",0,"D",.,"A",0,"D",0,"D",.,"A",.,"A",910,"D",0,"D",.,"A",.,"A",.,"A",.,"A"
"20161","03259442",10,0,"1",2226,"F",.,"A",.,"A",857,"F",144,"F",.,"A",.,"A",1817,"F",128,"F",.,"A",.,"A",.,"A",.,"A"
"20161","03259452",28,0,"1",1300,"D",0,"D",.,"A",1300,"D",0,"D",.,"A",330,"D",1300,"D",0,"D",.,"A",.,"A",.,"A",.,"A"
"20161","03259462",33,0,"1",910,"D",130,"D",.,"A",260,"D",0,"D",.,"A",.,"A",780,"D",0,"D",.,"A",.,"A",.,"A",.,"A"
"20161","03259472",50,0,"1",1950,"D",195,"D",520,"D",650,"D",60,"D",.,"A",60,"D",1755,"D",150,"D",.,"A",.,"A",.,"A",.,"A"
"20161","03259482",83,0,"1",1625,"D",650,"D",.,"A",312,"D",225,"D",.,"A",.,"A",975,"D",150,"D",45,"D",585,"D",2535,"D",195,"D"
"20161","03259492",23,0,"1",325,"D",65,"D",.,"A",130,"D",0,"D",.,"A",.,"A",260,"D",0,"D",.,"A",.,"A",.,"A",.,"A"
"20161","03259512",12,0,"1",1300,"D",130,"D",.,"A",325,"D",0,"D",.,"A",.,"A",1170,"D",0,"D",.,"A",.,"A",.,"A",.,"A"
"20161","03259552",58,0,"1",1378,"D",65,"D",.,"A",260,"D",0,"D",.,"A",.,"A",1313,"D",0,"D",.,"A",.,"A",.,"A",.,"A"
"20161","03259582",13,0,"1",1820,"D",260,"D",.,"A",520,"D",90,"D",.,"A",.,"A",1560,"D",300,"D",.,"A",.,"A",.,"A",.,"A"
"20161","03259592",16,0,"1",1950,"D",325,"D",.,"A",650,"D",0,"D",.,"A",.,"A",1625,"D",0,"D",.,"A",.,"A",.,"A",.,"A"
"20161","03259622",21,0,"1",650,"D",65,"D",.,"A",325,"D",0,"D",.,"A",.,"A",585,"D",0,"D",.,"A",.,"A",.,"A",.,"A"
"20161","03259632",51,0,"1",1885,"D",0,"D",.,"A",260,"D",0,"D",.,"A",120,"D",1885,"D",0,"D",.,"A",.,"A",.,"A",.,"A"
"20161","03259642",21,0,"1",780,"D",130,"D",.,"A",390,"D",30,"D",.,"A",.,"A",650,"D",60,"D",.,"A",.,"A",.,"A",.,"A"
"20161","03259652",42,0,"1",1950,"D",260,"D",.,"A",650,"D",0,"D",.,"A",.,"A",1690,"D",0,"D",.,"A",.,"A",.,"A",.,"A"
"20161","03259662",50,0,"1",390,"D",65,"D",.,"A",39,"D",0,"D",.,"A",.,"A",325,"D",75,"D",.,"A",.,"A",.,"A",.,"A"
"20161","03259672",26,0,"1",520,"D",65,"D",.,"A",0,"D",0,"D",.,"A",.,"A",455,"D",0,"D",.,"A",.,"A",65,"D",5,"D"
"20161","03259702",23,0,"1",650,"D",65,"D",.,"A",0,"D",0,"D",.,"A",.,"A",585,"D",0,"D",.,"A",.,"A",.,"A",.,"A"
"20161","03259734",24,0,"1",975,"D",65,"D",.,"A",260,"D",6,"D",.,"A",.,"A",910,"D",6,"D",.,"A",.,"A",.,"A",.,"A"
"20161","03259782",40,0,"1",975,"D",416,"F",.,"A",520,"D",0,"D",.,"A",5625,"D",1449,"F",150,"D",.,"A",.,"A",.,"A",.,"A"
"20161","03259792",24,0,"1",650,"D",0,"D",.,"A",650,"D",0,"D",.,"A",.,"A",650,"D",0,"D",45,"D",585,"D",.,"A",.,"A"
"20161","03259872",15,0,"1",1950,"D",650,"D",.,"A",650,"D",0,"D",.,"A",.,"A",1300,"D",60,"D",.,"A",.,"A",.,"A",.,"A"
"20161","03259902",56,0,"1",3900,"D",523,"F",.,"A",1300,"D",300,"D",.,"A",228,"D",2210,"F",600,"D",.,"A",.,"A",.,"A",.,"A"
"20161","03270002",15,0,"1",1950,"D",390,"D",520,"D",390,"D",0,"D",.,"A",.,"A",1560,"D",60,"D",.,"A",.,"A",.,"A",.,"A"
"20161","03270032",35,0,"1",650,"D",260,"D",.,"A",0,"D",0,"D",.,"A",.,"A",390,"D",120,"D",.,"A",.,"A",.,"A",.,"A"
"20161","03270082",24,0,"1",3575,"D",260,"D",.,"A",1950,"D",75,"D",.,"A",.,"A",3315,"D",150,"D",.,"A",.,"A",.,"A",.,"A"
"20161","03270102",58,0,"1",2340,"D",130,"D",.,"A",780,"D",240,"D",.,"A",.,"A",2210,"D",120,"D",.,"A",.,"A",.,"A",.,"A"
"20161","03270112",50,0,"1",1625,"D",325,"D",.,"A",520,"D",0,"D",.,"A",.,"A",1300,"D",0,"D",.,"A",.,"A",.,"A",.,"A"
"20161","03270122",42,0,"1",780,"D",0,"D",.,"A",2600,"D",0,"D",.,"A",.,"A",780,"D",0,"D",.,"A",.,"A",.,"A",.,"A"
"20161","03270134",8,0,"1",650,"D",130,"D",.,"A",390,"D",75,"D",.,"A",.,"A",520,"D",60,"D",.,"A",.,"A",.,"A",.,"A"
"20161","03270152",25,0,"1",1105,"D",325,"D",.,"A",390,"D",0,"D",.,"A",.,"A",780,"D",0,"D",.,"A",.,"A",.,"A",.,"A"
"20161","03270162",24,0,"1",1820,"D",260,"D",130,"D",1560,"D",0,"D",.,"A",.,"A",1560,"D",0,"D",.,"A",.,"A",.,"A",.,"A"
"20161","03270202",35,0,"1",1950,"D",260,"D",.,"A",650,"D",120,"D",.,"A",.,"A",1690,"D",75,"D",.,"A",.,"A",.,"A",.,"A"
"20161","03270232",21,0,"1",130,"D",65,"D",.,"A",65,"D",0,"D",.,"A",.,"A",65,"D",0,"D",.,"A",.,"A",.,"A",.,"A"
"20161","03270242",32,0,"1",2600,"D",260,"D",.,"A",1950,"D",6,"D",.,"A",.,"A",2340,"D",6,"D",.,"A",.,"A",.,"A",.,"A"
"20161","03270272",55,0,"1",1625,"D",455,"D",.,"A",0,"D",0,"D",.,"A",.,"A",1170,"D",0,"D",.,"A",.,"A",.,"A",.,"A"
"20161","03270282",26,0,"1",910,"D",260,"D",.,"A",0,"D",0,"D",.,"A",.,"A",650,"D",30,"D",.,"A",.,"A",.,"A",.,"A"
"20161","03270332",29,0,"1",1300,"D",0,"D",.,"A",0,"D",0,"D",.,"A",.,"A",1300,"D",0,"D",.,"A",.,"A",.,"A",.,"A"
"20161","03270402",49,0,"1",3250,"D",975,"D",.,"A",1300,"D",0,"D",.,"A",.,"A",2275,"D",0,"D",.,"A",.,"A",.,"A",.,"A"
"20161","03270412",28,0,"1",1625,"D",130,"D",.,"A",130,"D",0,"D",.,"A",.,"A",1495,"D",30,"D",.,"A",.,"A",.,"A",.,"A"
"20161","03270442",35,0,"1",2600,"D",260,"D",.,"A",390,"D",0,"D",.,"A",.,"A",2340,"D",0,"D",.,"A",.,"A",.,"A",.,"A"
"20161","03270452",31,0,"1",975,"D",0,"D",.,"A",325,"D",0,"D",.,"A",.,"A",975,"D",0,"D",.,"A",.,"A",.,"A",.,"A"
"20161","03270472",30,0,"1",780,"D",130,"D",.,"A",0,"D",6,"D",.,"A",.,"A",650,"D",6,"D",.,"A",.,"A",.,"A",.,"A"
"20161","03270482",63,0,"1",1430,"D",390,"D",.,"A",0,"D",0,"D",.,"A",.,"A",1040,"D",0,"D",.,"A",.,"A",.,"A",.,"A"
"20161","03270542",27,0,"1",910,"D",65,"D",.,"A",260,"D",60,"D",.,"A",.,"A",845,"D",60,"D",.,"A",.,"A",.,"A",.,"A"
"20161","03270562",48,0,"1",780,"D",260,"D",130,"D",650,"D",150,"D",5,"D",.,"A",520,"D",180,"D",.,"A",.,"A",.,"A",.,"A"
"20161","03270572",36,0,"1",1560,"D",650,"D",390,"D",260,"D",60,"D",.,"A",.,"A",910,"D",90,"D",.,"A",.,"A",.,"A",.,"A"
"20161","03270582",16,0,"1",2600,"D",520,"D",.,"A",0,"D",0,"D",.,"A",.,"A",2080,"D",0,"D",.,"A",.,"A",.,"A",.,"A"
"20161","03270592",21,0,"1",1300,"D",195,"D",.,"A",0,"D",0,"D",.,"A",.,"A",1105,"D",60,"D",.,"A",.,"A",.,"A",.,"A"
"20161","03270642",70,0,"1",1950,"D",520,"D",.,"A",1300,"D",375,"D",.,"A",375,"D",1430,"D",60,"D",.,"A",.,"A",.,"A",.,"A"
"20161","03270652",51,0,"1",1625,"D",130,"D",.,"A",1300,"D",45,"D",.,"A",.,"A",1495,"D",90,"D",.,"A",.,"A",.,"A",.,"A"
"20161","03270662",41,0,"1",2210,"D",260,"D",975,"D",1300,"D",0,"D",.,"A",400,"D",1950,"D",0,"D",.,"A",.,"A",.,"A",.,"A"
"20161","03270712",43,0,"1",910,"D",650,"D",520,"D",1560,"D",0,"D",.,"A",.,"A",260,"D",75,"D",.,"A",.,"A",.,"A",.,"A"
"20161","03270722",11,0,"1",650,"D",195,"D",.,"A",0,"D",0,"D",.,"A",.,"A",455,"D",0,"D",.,"A",.,"A",.,"A",.,"A"
"20161","03270742",53,0,"1",3900,"D",1300,"D",.,"A",1300,"D",300,"D",.,"A",.,"A",2600,"D",150,"D",10,"D",130,"D",130,"D",10,"D"
"20161","03270752",71,0,"1",2600,"D",650,"D",39,"D",1950,"D",0,"D",.,"A",.,"A",1950,"D",0,"D",.,"A",.,"A",.,"A",.,"A"
"20161","03270783",17,0,"1",650,"D",130,"D",.,"A",195,"D",0,"D",.,"A",.,"A",520,"D",0,"D",.,"A",.,"A",.,"A",.,"A"
"20161","03270802",33,0,"1",1300,"D",455,"D",.,"A",520,"D",0,"D",.,"A",.,"A",845,"D",0,"D",.,"A",.,"A",.,"A",.,"A"
"20161","03270842",19,0,"1",1950,"D",409,"F",.,"A",857,"F",0,"D",.,"A",.,"A",1817,"F",0,"D",.,"A",.,"A",.,"A",.,"A"
"20161","03270864",16,0,"1",2600,"D",650,"D",.,"A",0,"D",0,"D",.,"A",.,"A",1950,"D",0,"D",.,"A",.,"A",.,"A",.,"A"
"20161","03270892",18,0,"1",455,"D",65,"D",.,"A",0,"D",0,"D",.,"A",.,"A",390,"D",0,"D",.,"A",.,"A",.,"A",.,"A"
"20161","03270922",31,0,"1",780,"D",130,"D",.,"A",390,"D",0,"D",.,"A",.,"A",650,"D",60,"D",.,"A",.,"A",.,"A",.,"A"
"20161","03270942",31,0,"1",780,"D",195,"D",.,"A",455,"D",0,"D",.,"A",.,"A",585,"D",0,"D",.,"A",.,"A",.,"A",.,"A"
"20161","03270962",51,0,"1",325,"D",65,"D",130,"D",65,"D",15,"D",645,"D",.,"A",260,"D",120,"D",.,"A",.,"A",.,"A",.,"A"
"20161","03270972",63,0,"1",650,"D",65,"D",.,"A",0,"D",0,"D",.,"A",.,"A",585,"D",0,"D",.,"A",.,"A",.,"A",.,"A"
"20161","03271022",44,0,"1",1495,"D",195,"D",.,"A",1560,"D",0,"D",.,"A",.,"A",1300,"D",30,"D",.,"A",.,"A",.,"A",.,"A"
"20161","03271032",30,0,"1",676,"D",0,"D",.,"A",26,"D",0,"D",.,"A",.,"A",676,"D",0,"D",.,"A",.,"A",.,"A",.,"A"
"20161","03271042",44,0,"1",1560,"D",260,"D",325,"D",260,"D",60,"D",.,"A",.,"A",1300,"D",0,"D",95,"D",1235,"D",260,"D",20,"D"
"20161","03271052",52,0,"1",910,"D",130,"D",.,"A",650,"D",30,"D",.,"A",.,"A",780,"D",30,"D",.,"A",.,"A",.,"A",.,"A"
"20161","03271062",24,0,"1",1300,"D",325,"D",.,"A",0,"D",0,"D",.,"A",.,"A",975,"D",30,"D",.,"A",.,"A",.,"A",.,"A"
"20161","03271104",10,0,"1",520,"D",130,"D",.,"A",325,"D",60,"D",.,"A",.,"A",390,"D",45,"D",.,"A",.,"A",.,"A",.,"A"
"20161","03271112",30,0,"1",130,"D",0,"D",.,"A",260,"D",60,"D",.,"A",.,"A",130,"D",75,"D",.,"A",.,"A",.,"A",.,"A"
"20161","03271132",37,0,"1",1625,"D",325,"D",.,"A",0,"D",0,"D",.,"A",.,"A",1300,"D",0,"D",.,"A",.,"A",.,"A",.,"A"
"20161","03271142",16,0,"1",650,"D",104,"D",.,"A",0,"D",0,"D",.,"A",.,"A",546,"D",0,"D",.,"A",.,"A",.,"A",.,"A"
"20161","03271182",18,0,"1",2600,"D",130,"D",.,"A",390,"D",0,"D",.,"A",.,"A",2470,"D",0,"D",.,"A",.,"A",.,"A",.,"A"
"20161","03271192",54,0,"1",1300,"D",130,"D",260,"D",2600,"D",15,"D",.,"A",.,"A",1170,"D",60,"D",.,"A",.,"A",.,"A",.,"A"
"20161","03271202",13,0,"1",975,"D",195,"D",.,"A",260,"D",0,"D",.,"A",.,"A",780,"D",0,"D",30,"D",390,"D",.,"A",.,"A"
"20161","03271212",13,0,"1",910,"D",325,"D",.,"A",520,"D",120,"D",.,"A",.,"A",585,"D",120,"D",56,"D",728,"D",.,"A",.,"A"
"20161","03271222",19,0,"1",1300,"D",260,"D",.,"A",520,"D",0,"D",.,"A",.,"A",1040,"D",0,"D",.,"A",.,"A",.,"A",.,"A"
"20161","03271242",8,0,"1",975,"D",65,"D",.,"A",0,"D",0,"D",.,"A",.,"A",910,"D",0,"D",.,"A",.,"A",.,"A",.,"A"
"20161","03271272",33,0,"1",1300,"D",260,"D",.,"A",650,"D",180,"D",.,"A",.,"A",1040,"D",150,"D",.,"A",.,"A",.,"A",.,"A"
"20161","03271282",41,0,"1",1950,"D",390,"D",.,"A",650,"D",0,"D",.,"A",.,"A",1560,"D",60,"D",.,"A",.,"A",.,"A",.,"A"
"20161","03271302",44,0,"1",2340,"D",1170,"D",.,"A",650,"D",0,"D",.,"A",.,"A",1170,"D",0,"D",.,"A",.,"A",.,"A",.,"A"
"20161","03271312",33,0,"1",975,"D",195,"D",.,"A",520,"D",0,"D",.,"A",.,"A",780,"D",0,"D",50,"D",650,"D",.,"A",.,"A"
"20161","03271323",43,0,"1",390,"D",65,"D",.,"A",130,"D",0,"D",.,"A",.,"A",325,"D",0,"D",.,"A",.,"A",.,"A",.,"A"
"20161","03271332",26,0,"1",1430,"D",650,"D",.,"A",585,"D",0,"D",.,"A",.,"A",780,"D",0,"D",12,"D",156,"D",.,"A",.,"A"
"20161","03271372",37,0,"1",2600,"D",390,"D",.,"A",65,"D",0,"D",.,"A",.,"A",2210,"D",21,"D",.,"A",.,"A",.,"A",.,"A"
"20161","03271392",30,0,"1",1430,"D",390,"D",.,"A",780,"D",60,"D",.,"A",.,"A",1040,"D",120,"D",.,"A",.,"A",.,"A",.,"A"
"20161","03271402",132,0,"1",1755,"D",0,"D",.,"A",260,"D",54,"D",.,"A",.,"A",1755,"D",225,"D",.,"A",.,"A",.,"A",.,"A"
"20161","03271412",23,0,"1",975,"D",195,"D",.,"A",0,"D",0,"D",.,"A",.,"A",780,"D",0,"D",40,"D",520,"D",.,"A",.,"A"
"20161","03271442",11,0,"1",1625,"D",104,"D",.,"A",195,"D",0,"D",.,"A",.,"A",1521,"D",15,"D",.,"A",.,"A",.,"A",.,"A"
"20161","03271452",32,0,"1",1300,"D",325,"D",.,"A",260,"D",6,"D",.,"A",.,"A",975,"D",6,"D",.,"A",.,"A",.,"A",.,"A"
"20161","03271502",30,0,"1",650,"D",65,"D",.,"A",520,"D",0,"D",.,"A",.,"A",585,"D",0,"D",.,"A",.,"A",.,"A",.,"A"
"20161","03271512",42,0,"1",2080,"D",650,"D",.,"A",780,"D",0,"D",.,"A",.,"A",1430,"D",45,"D",.,"A",.,"A",.,"A",.,"A"
"20161","03271542",41,0,"1",195,"D",65,"D",.,"A",390,"D",0,"D",.,"A",.,"A",130,"D",60,"D",.,"A",.,"A",.,"A",.,"A"
"20161","03271562",18,0,"1",910,"D",130,"D",.,"A",195,"D",6,"D",.,"A",.,"A",780,"D",6,"D",.,"A",.,"A",.,"A",.,"A"
"20161","03271582",37,0,"1",975,"D",325,"D",.,"A",325,"D",0,"D",.,"A",.,"A",650,"D",0,"D",.,"A",.,"A",.,"A",.,"A"
"20161","03271642",43,0,"1",910,"D",455,"D",.,"A",455,"D",180,"D",.,"A",.,"A",455,"D",204,"D",.,"A",.,"A",.,"A",.,"A"
"20161","03271662",18,0,"1",650,"D",130,"D",.,"A",0,"D",0,"D",.,"A",.,"A",520,"D",0,"D",.,"A",.,"A",.,"A",.,"A"
"20161","03271673",8,0,"1",883,"F",.,"A",258,"F",534,"F",158,"F",.,"A",.,"A",721,"F",124,"F",.,"A",.,"A",.,"A",.,"A"
"20161","03271692",38,0,"1",1300,"D",325,"D",.,"A",650,"D",120,"D",.,"A",.,"A",975,"D",90,"D",.,"A",.,"A",.,"A",.,"A"
"20161","03271702",49,0,"1",2860,"D",780,"D",.,"A",1040,"D",0,"D",.,"A",390,"D",2080,"D",0,"D",.,"A",.,"A",.,"A",.,"A"
"20161","03271712",22,0,"1",1473,"F",.,"A",.,"A",403,"F",123,"F",.,"A",.,"A",1208,"F",87,"F",.,"A",.,"A",.,"A",.,"A"
"20161","03271722",13,0,"1",1300,"D",520,"D",1300,"D",390,"D",300,"D",.,"A",.,"A",780,"D",180,"D",20,"D",260,"D",.,"A",.,"A"
"20161","03271732",19,0,"1",2600,"D",650,"D",.,"A",0,"D",0,"D",.,"A",.,"A",1950,"D",0,"D",.,"A",.,"A",.,"A",.,"A"
"20161","03271752",42,0,"1",1950,"D",260,"D",.,"A",650,"D",0,"D",.,"A",.,"A",1690,"D",0,"D",.,"A",.,"A",.,"A",.,"A"
"20161","03271772",16,0,"1",975,"D",221,"D",.,"A",0,"D",0,"D",.,"A",.,"A",754,"D",0,"D",35,"D",455,"D",.,"A",.,"A"
"20161","03271782",34,0,"1",2600,"D",650,"D",.,"A",520,"D",0,"D",.,"A",.,"A",1950,"D",45,"D",.,"A",.,"A",.,"A",.,"A"
"20161","03271792",28,0,"1",1755,"D",325,"D",650,"D",0,"D",0,"D",.,"A",.,"A",1430,"D",0,"D",.,"A",.,"A",.,"A",.,"A"
"20161","03271832",20,0,"1",1300,"D",0,"D",325,"D",1040,"D",0,"D",.,"A",.,"A",1300,"D",0,"D",.,"A",.,"A",.,"A",.,"A"
"20161","03271842",15,0,"1",130,"D",39,"D",.,"A",260,"D",0,"D",.,"A",.,"A",91,"D",0,"D",.,"A",.,"A",.,"A",.,"A"
"20161","03271852",46,0,"1",3120,"D",650,"D",.,"A",260,"D",86,"F",.,"A",.,"A",2470,"D",102,"F",.,"A",.,"A",.,"A",.,"A"
"20161","03271862",17,0,"1",1950,"D",650,"D",260,"D",0,"D",0,"D",.,"A",.,"A",1300,"D",0,"D",.,"A",.,"A",.,"A",.,"A"
"20161","03271902",28,0,"1",975,"D",390,"D",.,"A",130,"D",0,"D",.,"A",.,"A",585,"D",0,"D",27,"D",351,"D",.,"A",.,"A"
"20161","03271932",32,0,"1",1300,"D",260,"D",.,"A",325,"D",0,"D",.,"A",.,"A",1040,"D",0,"D",.,"A",.,"A",.,"A",.,"A"
"20161","03271952",32,0,"1",1950,"D",260,"D",.,"A",130,"D",0,"D",.,"A",.,"A",1690,"D",0,"D",.,"A",.,"A",.,"A",.,"A"
"20161","03271972",18,0,"1",1040,"D",185,"F",.,"A",260,"D",0,"D",.,"A",.,"A",674,"F",0,"D",.,"A",.,"A",.,"A",.,"A"
"20161","03271982",25,0,"1",390,"D",279,"F",.,"A",910,"D",0,"D",.,"A",.,"A",1079,"F",0,"D",.,"A",.,"A",.,"A",.,"A"
"20161","03272002",27,0,"1",650,"D",195,"D",.,"A",0,"D",0,"D",.,"A",.,"A",455,"D",0,"D",.,"A",.,"A",.,"A",.,"A"
"20161","03272022",21,0,"1",780,"D",260,"D",.,"A",260,"D",6,"D",.,"A",.,"A",520,"D",6,"D",.,"A",.,"A",.,"A",.,"A"
"20161","03272042",42,0,"1",520,"D",130,"D",.,"A",585,"D",0,"D",.,"A",.,"A",390,"D",0,"D",.,"A",.,"A",.,"A",.,"A"
"20161","03272082",25,0,"1",1950,"D",650,"D",.,"A",650,"D",0,"D",.,"A",.,"A",1300,"D",0,"D",.,"A",.,"A",.,"A",.,"A"
"20161","03272102",28,0,"1",2600,"D",650,"D",325,"D",780,"D",0,"D",.,"A",50,"D",1950,"D",60,"D",.,"A",.,"A",.,"A",.,"A"
"20161","03272132",22,0,"1",130,"D",39,"D",195,"D",0,"D",0,"D",.,"A",.,"A",91,"D",0,"D",.,"A",.,"A",.,"A",.,"A"
"20161","03272152",21,0,"1",2600,"D",520,"D",.,"A",1040,"D",30,"D",.,"A",.,"A",2080,"D",150,"D",.,"A",.,"A",.,"A",.,"A"
"20161","03272162",22,0,"1",1040,"D",260,"D",.,"A",845,"D",0,"D",.,"A",.,"A",780,"D",750,"D",.,"A",.,"A",.,"A",.,"A"
"20161","03272174",13,0,"1",0,"D",.,"A",.,"A",195,"D",0,"D",120,"D",.,"A",0,"D",15,"D",.,"A",.,"A",130,"D",10,"D"
"20161","03272182",35,0,"1",2275,"D",260,"D",.,"A",455,"D",0,"D",.,"A",240,"D",2015,"D",0,"D",.,"A",.,"A",.,"A",.,"A"
"20161","03272212",20,0,"1",1560,"D",260,"D",.,"A",1300,"D",0,"D",.,"A",.,"A",1300,"D",0,"D",.,"A",.,"A",.,"A",.,"A"
"20161","03272272",33,0,"1",975,"D",195,"D",.,"A",0,"D",6,"D",.,"A",.,"A",780,"D",66,"D",.,"A",.,"A",.,"A",.,"A"
"20161","03272292",17,0,"1",325,"D",0,"D",455,"F",1625,"D",0,"D",.,"A",.,"A",325,"D",0,"D",.,"A",.,"A",.,"A",.,"A"
"20161","03272342",51,0,"1",1625,"D",195,"D",.,"A",1300,"D",0,"D",.,"A",.,"A",1430,"D",3,"D",.,"A",.,"A",.,"A",.,"A"
"20161","03272352",44,0,"1",1950,"D",325,"D",.,"A",260,"D",0,"D",.,"A",.,"A",1625,"D",24,"D",.,"A",.,"A",.,"A",.,"A"
"20161","03272362",44,0,"1",1915,"F",.,"A",455,"F",0,"D",0,"D",.,"A",.,"A",1615,"F",6,"D",.,"A",.,"A",.,"A",.,"A"
"20161","03272392",30,0,"1",780,"D",130,"D",.,"A",156,"D",0,"D",.,"A",.,"A",650,"D",0,"D",40,"D",520,"D",.,"A",.,"A"
"20161","03272402",35,0,"1",1300,"D",520,"D",.,"A",1950,"D",0,"D",.,"A",.,"A",780,"D",0,"D",.,"A",.,"A",.,"A",.,"A"
"20161","03272442",17,0,"1",3900,"D",780,"D",.,"A",0,"D",0,"D",.,"A",.,"A",3120,"D",0,"D",.,"A",.,"A",.,"A",.,"A"
"20161","03272462",21,0,"1",780,"D",0,"D",.,"A",0,"D",0,"D",.,"A",.,"A",780,"D",0,"D",.,"A",.,"A",.,"A",.,"A"
"20161","03272472",24,0,"1",827,"F",.,"A",.,"A",344,"F",86,"F",.,"A",.,"A",674,"F",114,"F",.,"A",.,"A",.,"A",.,"A"
"20161","03272482",38,0,"1",1534,"D",0,"D",.,"A",455,"D",0,"D",.,"A",.,"A",1534,"D",15,"D",.,"A",.,"A",.,"A",.,"A"
"20161","03272492",22,0,"1",1469,"D",650,"D",.,"A",975,"D",0,"D",.,"A",.,"A",819,"D",0,"D",.,"A",.,"A",.,"A",.,"A"
"20161","03272502",18,0,"1",1755,"D",455,"D",520,"D",650,"D",0,"D",.,"A",.,"A",1300,"D",0,"D",.,"A",.,"A",.,"A",.,"A"
"20161","03272552",19,0,"1",520,"D",195,"D",.,"A",0,"D",0,"D",.,"A",.,"A",325,"D",0,"D",.,"A",.,"A",.,"A",.,"A"
"20161","03272562",22,0,"1",1300,"D",195,"D",.,"A",260,"D",0,"D",.,"A",.,"A",1105,"D",0,"D",.,"A",.,"A",.,"A",.,"A"
"20161","03272572",44,0,"1",5850,"D",455,"D",.,"A",1300,"D",0,"D",.,"A",.,"A",5395,"D",120,"D",.,"A",.,"A",.,"A",.,"A"
"20161","03272592",69,0,"1",390,"D",0,"D",.,"A",195,"D",0,"D",.,"A",.,"A",390,"D",0,"D",.,"A",.,"A",520,"D",40,"D"
"20161","03272603",13,0,"1",910,"D",260,"D",.,"A",260,"D",0,"D",.,"A",.,"A",650,"D",36,"D",.,"A",.,"A",.,"A",.,"A"
"20161","03272612",30,0,"1",1300,"D",260,"D",.,"A",650,"D",0,"D",.,"A",500,"D",1040,"D",0,"D",.,"A",.,"A",.,"A",.,"A"
"20161","03272632",27,0,"1",1560,"D",455,"D",.,"A",520,"D",360,"D",.,"A",.,"A",1105,"D",240,"D",.,"A",.,"A",.,"A",.,"A"
"20161","03272652",43,0,"1",2275,"D",650,"D",.,"A",1300,"D",0,"D",.,"A",300,"D",1625,"D",0,"D",.,"A",.,"A",260,"D",20,"D"
"20161","03272682",43,0,"1",1950,"D",195,"D",.,"A",455,"D",0,"D",.,"A",.,"A",1755,"D",0,"D",.,"A",.,"A",.,"A",.,"A"
"20161","03272702",26,0,"1",650,"D",130,"D",.,"A",0,"D",0,"D",.,"A",.,"A",520,"D",0,"D",.,"A",.,"A",.,"A",.,"A"
"20161","03272722",27,0,"1",1560,"D",260,"D",390,"D",390,"D",0,"D",.,"A",.,"A",1300,"D",0,"D",15,"D",195,"D",.,"A",.,"A"
"20161","03272732",14,0,"1",1430,"D",390,"D",.,"A",0,"D",0,"D",.,"A",.,"A",1040,"D",0,"D",.,"A",.,"A",.,"A",.,"A"
"20161","03272752",22,0,"1",1560,"D",195,"D",.,"A",2600,"D",0,"D",.,"A",.,"A",1365,"D",120,"D",.,"A",.,"A",.,"A",.,"A"
"20161","03272772",40,0,"1",1950,"D",260,"D",.,"A",1300,"D",0,"D",.,"A",.,"A",1690,"D",0,"D",.,"A",.,"A",.,"A",.,"A"
"20161","03272822",44,0,"1",1950,"D",650,"D",.,"A",1300,"D",750,"D",.,"A",.,"A",1300,"D",150,"D",30,"D",390,"D",.,"A",.,"A"
"20161","03272832",53,0,"1",1300,"D",0,"D",208,"D",650,"D",192,"D",.,"A",.,"A",1300,"D",60,"D",.,"A",.,"A",.,"A",.,"A"
"20161","03272852",17,0,"1",130,"D",65,"D",65,"D",260,"D",0,"D",.,"A",.,"A",65,"D",0,"D",.,"A",.,"A",.,"A",.,"A"
"20161","03272882",28,0,"1",585,"D",0,"D",.,"A",325,"D",150,"D",.,"A",.,"A",585,"D",0,"D",.,"A",.,"A",.,"A",.,"A"
"20161","03272892",33,0,"1",1300,"D",130,"D",.,"A",0,"D",0,"D",.,"A",.,"A",1170,"D",120,"D",50,"D",650,"D",.,"A",.,"A"
"20161","03272972",17,0,"1",1950,"D",325,"D",.,"A",780,"D",0,"D",.,"A",.,"A",1625,"D",30,"D",50,"D",650,"D",.,"A",.,"A"
"20161","03273022",49,0,"1",1950,"D",195,"D",.,"A",0,"D",0,"D",.,"A",.,"A",1755,"D",630,"D",80,"D",1040,"D",.,"A",.,"A"
"20161","03273032",31,0,"1",1300,"D",195,"D",.,"A",390,"D",0,"D",.,"A",.,"A",1105,"D",0,"D",.,"A",.,"A",.,"A",.,"A"
"20161","03273072",21,0,"1",1040,"D",130,"D",.,"A",390,"D",0,"D",.,"A",.,"A",910,"D",0,"D",.,"A",.,"A",.,"A",.,"A"
"20161","03273082",20,0,"1",1625,"D",195,"D",.,"A",520,"D",0,"D",.,"A",.,"A",1430,"D",150,"D",.,"A",.,"A",.,"A",.,"A"
"20161","03273092",42,0,"1",1950,"D",325,"D",.,"A",455,"D",0,"D",.,"A",.,"A",1625,"D",75,"D",.,"A",.,"A",.,"A",.,"A"
"20161","03273123",13,0,"1",827,"F",.,"A",.,"A",344,"F",0,"D",.,"A",.,"A",674,"F",0,"D",.,"A",.,"A",.,"A",.,"A"
"20161","03273162",25,0,"1",325,"D",130,"D",65,"D",91,"D",0,"D",.,"A",.,"A",195,"D",0,"D",.,"A",.,"A",.,"A",.,"A"
"20161","03273172",37,0,"1",2275,"D",520,"D",.,"A",130,"D",0,"D",.,"A",.,"A",1755,"D",30,"D",.,"A",.,"A",.,"A",.,"A"
"20161","03273212",34,0,"1",1300,"D",260,"D",.,"A",1040,"D",134,"F",.,"A",.,"A",1040,"D",130,"F",.,"A",.,"A",.,"A",.,"A"
"20161","03273222",20,0,"1",1950,"D",260,"D",.,"A",650,"D",0,"D",.,"A",.,"A",1690,"D",0,"D",.,"A",.,"A",.,"A",.,"A"
"20161","03273233",42,0,"1",1040,"D",130,"D",26,"D",325,"D",0,"D",.,"A",.,"A",910,"D",0,"D",.,"A",.,"A",.,"A",.,"A"
"20161","03273272",32,0,"1",780,"D",260,"D",65,"D",260,"D",0,"D",.,"A",.,"A",520,"D",90,"D",.,"A",.,"A",.,"A",.,"A"
"20161","03273282",18,0,"1",1560,"D",260,"D",.,"A",0,"D",0,"D",.,"A",.,"A",1300,"D",0,"D",.,"A",.,"A",.,"A",.,"A"
"20161","03273342",46,0,"1",650,"D",195,"D",.,"A",104,"D",0,"D",.,"A",.,"A",455,"D",90,"D",.,"A",.,"A",.,"A",.,"A"
"20161","03273373",56,0,"1",2275,"D",260,"D",.,"A",325,"D",0,"D",.,"A",130,"D",2015,"D",0,"D",.,"A",.,"A",.,"A",.,"A"
"20161","03273392",22,0,"1",2600,"D",1040,"D",.,"A",650,"D",84,"D",.,"A",.,"A",1560,"D",180,"D",.,"A",.,"A",.,"A",.,"A"
"20161","03273432",26,0,"1",1040,"D",260,"D",.,"A",130,"D",0,"D",.,"A",.,"A",780,"D",45,"D",.,"A",.,"A",.,"A",.,"A"
"20161","03273472",12,0,"1",455,"D",52,"D",.,"A",65,"D",0,"D",.,"A",.,"A",403,"D",0,"D",50,"D",650,"D",.,"A",.,"A"
"20161","03273492",18,0,"1",2600,"D",260,"D",.,"A",0,"D",0,"D",.,"A",.,"A",2340,"D",0,"D",.,"A",.,"A",.,"A",.,"A"
"20161","03273502",8,0,"1",650,"D",260,"D",.,"A",195,"D",0,"D",.,"A",.,"A",390,"D",180,"D",50,"D",650,"D",.,"A",.,"A"
"20161","03273523",21,0,"1",1300,"D",0,"D",.,"A",130,"D",0,"D",.,"A",.,"A",1300,"D",0,"D",.,"A",.,"A",.,"A",.,"A"
"20161","03273552",22,0,"1",442,"D",117,"D",.,"A",0,"D",0,"D",.,"A",.,"A",325,"D",0,"D",.,"A",.,"A",.,"A",.,"A"
"20161","03273562",14,0,"1",1950,"D",390,"D",.,"A",520,"D",60,"D",.,"A",.,"A",1560,"D",240,"D",.,"A",.,"A",.,"A",.,"A"
"20161","03273592",42,0,"1",2600,"D",650,"D",.,"A",130,"D",0,"D",.,"A",.,"A",1950,"D",0,"D",.,"A",.,"A",.,"A",.,"A"
"20161","03273622",15,0,"1",650,"D",195,"D",.,"A",390,"D",0,"D",.,"A",.,"A",455,"D",0,"D",.,"A",.,"A",.,"A",.,"A"
"20161","03273632",38,0,"1",1469,"D",299,"D",.,"A",260,"D",0,"D",.,"A",.,"A",1170,"D",0,"D",.,"A",.,"A",.,"A",.,"A"
"20161","03273642",51,0,"1",3900,"D",650,"D",.,"A",1300,"D",0,"D",.,"A",468,"D",3250,"D",0,"D",.,"A",.,"A",.,"A",.,"A"
"20161","03273652",33,0,"1",845,"D",260,"D",130,"D",0,"D",0,"D",.,"A",.,"A",585,"D",240,"D",.,"A",.,"A",.,"A",.,"A"
"20161","03273672",18,0,"1",1300,"D",650,"D",.,"A",0,"D",0,"D",.,"A",.,"A",650,"D",0,"D",.,"A",.,"A",.,"A",.,"A"
"20161","03273682",54,0,"1",2470,"D",520,"D",130,"D",780,"D",0,"D",.,"A",50,"D",1950,"D",0,"D",.,"A",.,"A",.,"A",.,"A"
"20161","03273692",13,0,"1",975,"D",65,"D",.,"A",0,"D",0,"D",.,"A",.,"A",910,"D",0,"D",15,"D",195,"D",.,"A",.,"A"
"20161","03273722",18,0,"1",650,"D",130,"D",65,"D",130,"D",30,"D",.,"A",.,"A",520,"D",0,"D",.,"A",.,"A",.,"A",.,"A"
"20161","03273732",8,0,"1",650,"D",130,"D",.,"A",0,"D",0,"D",.,"A",.,"A",520,"D",0,"D",.,"A",.,"A",.,"A",.,"A"
"20161","03273762",19,0,"1",650,"D",260,"D",.,"A",260,"D",6,"D",.,"A",.,"A",390,"D",6,"D",.,"A",.,"A",.,"A",.,"A"
"20161","03273842",26,0,"1",390,"D",0,"D",.,"A",0,"D",0,"D",.,"A",.,"A",390,"D",0,"D",.,"A",.,"A",.,"A",.,"A"
"20161","03273852",12,0,"1",650,"D",260,"D",.,"A",0,"D",0,"D",.,"A",.,"A",390,"D",60,"D",.,"A",.,"A",.,"A",.,"A"
"20161","03273872",11,0,"1",780,"D",130,"D",.,"A",0,"D",0,"D",.,"A",.,"A",650,"D",0,"D",.,"A",.,"A",.,"A",.,"A"
"20161","03273884",17,0,"1",260,"D",130,"D",.,"A",260,"D",0,"D",.,"A",.,"A",130,"D",0,"D",.,"A",.,"A",.,"A",.,"A"
"20161","03273894",7,0,"1",260,"D",260,"D",.,"A",1300,"D",0,"D",.,"A",.,"A",0,"D",0,"D",.,"A",.,"A",.,"A",.,"A"
"20161","03273902",43,0,"1",2600,"D",0,"D",.,"A",130,"D",0,"D",.,"A",180,"D",2600,"D",0,"D",.,"A",.,"A",.,"A",.,"A"
"20161","03273922",37,0,"1",650,"D",0,"D",.,"A",1300,"D",120,"D",.,"A",.,"A",650,"D",45,"D",15,"D",195,"D",.,"A",.,"A"
"20161","03273952",49,0,"1",1560,"D",195,"D",.,"A",520,"D",0,"D",.,"A",.,"A",1365,"D",90,"D",.,"A",.,"A",.,"A",.,"A"
"20161","03273962",48,0,"1",3380,"D",780,"D",156,"D",1807,"D",0,"D",.,"A",.,"A",2600,"D",0,"D",.,"A",.,"A",.,"A",.,"A"
"20161","03273972",45,0,"1",1300,"D",650,"D",.,"A",780,"D",0,"D",.,"A",.,"A",650,"D",0,"D",.,"A",.,"A",.,"A",.,"A"
"20161","03273992",31,0,"1",1625,"D",390,"D",.,"A",455,"D",0,"D",.,"A",.,"A",1235,"D",0,"D",.,"A",.,"A",.,"A",.,"A"
"20161","03274002",47,0,"1",2600,"D",390,"D",130,"D",390,"D",6,"D",.,"A",.,"A",2210,"D",6,"D",.,"A",.,"A",.,"A",.,"A"
"20161","03274012",63,0,"1",780,"D",0,"D",.,"A",1300,"D",0,"D",.,"A",.,"A",780,"D",0,"D",.,"A",.,"A",.,"A",.,"A"
"20161","03274022",45,0,"1",4940,"D",1235,"D",.,"A",0,"D",0,"D",.,"A",.,"A",3705,"D",0,"D",.,"A",.,"A",.,"A",.,"A"
"20161","03274052",26,0,"1",975,"D",260,"D",.,"A",1300,"D",0,"D",.,"A",.,"A",715,"D",0,"D",.,"A",.,"A",.,"A",.,"A"
"20161","03274062",44,0,"1",2275,"D",1300,"D",130,"D",325,"D",30,"D",.,"A",.,"A",975,"D",120,"D",.,"A",.,"A",.,"A",.,"A"
"20161","03274072",39,0,"1",1625,"D",325,"D",260,"D",0,"D",0,"D",.,"A",.,"A",1300,"D",0,"D",.,"A",.,"A",.,"A",.,"A"
"20161","03274082",22,0,"1",3900,"D",1300,"D",.,"A",0,"D",0,"D",.,"A",.,"A",2600,"D",120,"D",15,"D",195,"D",.,"A",.,"A"
"20161","03274094",31,0,"1",1300,"D",325,"D",.,"A",520,"D",0,"D",.,"A",.,"A",975,"D",300,"D",.,"A",.,"A",.,"A",.,"A"
"20161","03274132",66,0,"1",1950,"D",195,"D",780,"D",975,"D",75,"D",.,"A",.,"A",1755,"D",375,"D",.,"A",.,"A",.,"A",.,"A"
"20161","03274172",34,0,"1",2340,"D",390,"D",.,"A",780,"D",45,"D",.,"A",432,"D",1950,"D",90,"D",.,"A",.,"A",.,"A",.,"A"
"20161","03274182",28,0,"1",325,"D",0,"D",.,"A",260,"D",0,"D",.,"A",.,"A",325,"D",0,"D",.,"A",.,"A",.,"A",.,"A"
"20161","03274192",23,0,"1",650,"D",65,"D",.,"A",0,"D",0,"D",.,"A",.,"A",585,"D",0,"D",24,"D",312,"D",.,"A",.,"A"
"20161","03274202",26,0,"1",195,"D",65,"D",.,"A",104,"D",0,"D",.,"A",.,"A",130,"D",120,"D",.,"A",.,"A",.,"A",.,"A"
"20161","03274222",11,0,"1",1430,"D",520,"D",.,"A",857,"F",0,"D",.,"A",.,"A",910,"D",0,"D",.,"A",.,"A",.,"A",.,"A"
"20161","03274232",19,0,"1",1950,"D",416,"F",.,"A",647,"F",0,"D",.,"A",.,"A",1449,"F",0,"D",.,"A",.,"A",.,"A",.,"A"
"20161","03274252",44,0,"1",1495,"D",91,"D",.,"A",195,"D",0,"D",.,"A",.,"A",1404,"D",270,"D",40,"D",520,"D",.,"A",.,"A"
"20161","03274272",53,0,"1",1560,"D",520,"D",195,"D",845,"D",0,"D",.,"A",325,"D",1040,"D",0,"D",.,"A",.,"A",.,"A",.,"A"
"20161","03274282",43,0,"1",3900,"D",520,"D",650,"D",650,"D",0,"D",.,"A",.,"A",3380,"D",0,"D",.,"A",.,"A",.,"A",.,"A"
"20161","03274312",16,0,"1",1300,"D",280,"F",.,"A",650,"D",0,"D",.,"A",.,"A",1051,"F",0,"D",.,"A",.,"A",.,"A",.,"A"
"20161","03274322",32,0,"1",1818,"F",.,"A",.,"A",647,"F",0,"D",.,"A",.,"A",1449,"F",0,"D",.,"A",.,"A",.,"A",.,"A"
"20161","03274332",46,0,"1",4225,"D",520,"D",.,"A",910,"D",0,"D",.,"A",270,"F",3705,"D",0,"D",.,"A",.,"A",.,"A",.,"A"
"20161","03274342",48,0,"1",2925,"D",325,"D",.,"A",0,"D",0,"D",.,"A",.,"A",2600,"D",0,"D",.,"A",.,"A",.,"A",.,"A"
"20161","03274362",24,0,"1",1300,"D",260,"D",.,"A",390,"D",60,"D",.,"A",.,"A",1040,"D",3,"D",.,"A",.,"A",.,"A",.,"A"
"20161","03274372",40,0,"1",1352,"D",260,"D",.,"A",505,"F",0,"D",.,"A",.,"A",1092,"D",0,"D",.,"A",.,"A",.,"A",.,"A"
"20161","03274382",12,0,"1",910,"D",260,"D",.,"A",0,"D",0,"D",.,"A",.,"A",650,"D",0,"D",.,"A",.,"A",.,"A",.,"A"
"20161","03274422",21,0,"1",1300,"D",260,"D",.,"A",260,"D",0,"D",.,"A",.,"A",1040,"D",0,"D",.,"A",.,"A",.,"A",.,"A"
"20161","03274432",30,0,"1",650,"D",65,"D",.,"A",0,"D",0,"D",.,"A",.,"A",585,"D",0,"D",.,"A",.,"A",.,"A",.,"A"
"20161","03274442",33,0,"1",1300,"D",130,"D",325,"D",195,"D",0,"D",.,"A",10,"D",1170,"D",0,"D",.,"A",.,"A",.,"A",.,"A"
"20161","03274452",11,0,"1",910,"D",260,"D",.,"A",260,"D",0,"D",.,"A",.,"A",650,"D",0,"D",.,"A",.,"A",.,"A",.,"A"
"20161","03274462",18,0,"1",130,"D",0,"D",.,"A",0,"D",0,"D",.,"A",.,"A",130,"D",0,"D",.,"A",.,"A",.,"A",.,"A"
"20161","03274472",47,0,"1",3250,"D",260,"D",104,"D",1950,"D",0,"D",.,"A",.,"A",2990,"D",0,"D",.,"A",.,"A",.,"A",.,"A"
"20161","03274492",59,0,"1",1625,"D",0,"D",.,"A",3900,"D",1200,"D",.,"A",90,"D",1625,"D",300,"D",.,"A",.,"A",.,"A",.,"A"
"20161","03274502",12,0,"1",2340,"D",260,"D",.,"A",0,"D",0,"D",.,"A",.,"A",2080,"D",0,"D",.,"A",.,"A",.,"A",.,"A"
"20161","03274532",32,0,"1",806,"D",0,"D",.,"A",325,"D",0,"D",.,"A",.,"A",806,"D",0,"D",.,"A",.,"A",.,"A",.,"A"
"20161","03274542",24,0,"1",1300,"D",130,"D",.,"A",390,"D",30,"D",.,"A",.,"A",1170,"D",60,"D",.,"A",.,"A",.,"A",.,"A"
"20161","03274552",58,0,"1",780,"D",65,"D",.,"A",130,"D",30,"D",.,"A",.,"A",715,"D",120,"D",.,"A",.,"A",.,"A",.,"A"
"20161","03274572",34,0,"1",845,"D",130,"D",130,"D",390,"D",0,"D",.,"A",.,"A",715,"D",0,"D",.,"A",.,"A",.,"A",.,"A"
"20161","03274602",13,0,"1",1812,"F",.,"A",.,"A",0,"D",27,"D",.,"A",.,"A",1569,"F",0,"D",10,"D",130,"D",.,"A",.,"A"
"20161","03274622",21,0,"1",2600,"D",650,"D",.,"A",0,"D",0,"D",.,"A",.,"A",1950,"D",0,"D",.,"A",.,"A",.,"A",.,"A"
"20161","03274642",30,0,"1",1300,"D",390,"D",.,"A",390,"D",0,"D",.,"A",.,"A",910,"D",240,"D",.,"A",.,"A",.,"A",.,"A"
"20161","03274682",34,0,"1",2600,"D",650,"D",.,"A",260,"D",0,"D",.,"A",.,"A",1950,"D",0,"D",.,"A",.,"A",.,"A",.,"A"
"20161","03274692",46,0,"1",2925,"D",650,"D",.,"A",130,"D",0,"D",.,"A",.,"A",2275,"D",0,"D",.,"A",.,"A",169,"D",13,"D"
"20161","03274732",32,0,"1",2275,"D",325,"D",325,"D",325,"D",45,"D",.,"A",260,"D",1950,"D",120,"D",.,"A",.,"A",.,"A",.,"A"
"20161","03274762",29,0,"1",455,"D",192,"F",.,"A",0,"D",0,"D",.,"A",.,"A",721,"F",0,"D",.,"A",.,"A",.,"A",.,"A"
"20161","03274772",18,0,"1",1300,"D",130,"D",.,"A",325,"D",0,"D",.,"A",.,"A",1170,"D",0,"D",.,"A",.,"A",.,"A",.,"A"
"20161","03274782",27,0,"1",2600,"D",780,"D",.,"A",0,"D",0,"D",.,"A",.,"A",1820,"D",0,"D",.,"A",.,"A",.,"A",.,"A"
"20161","03274802",28,0,"1",390,"D",78,"D",.,"A",0,"D",6,"D",.,"A",.,"A",312,"D",0,"D",.,"A",.,"A",.,"A",.,"A"
"20161","03274812",28,0,"1",3250,"D",260,"D",.,"A",1300,"D",0,"D",.,"A",.,"A",2990,"D",75,"D",.,"A",.,"A",.,"A",.,"A"
"20161","03274822",76,0,"1",2600,"D",650,"D",.,"A",130,"D",0,"D",.,"A",.,"A",1950,"D",150,"D",.,"A",.,"A",.,"A",.,"A"
"20161","03274842",10,0,"1",1625,"D",390,"D",.,"A",260,"D",0,"D",.,"A",.,"A",1235,"D",0,"D",.,"A",.,"A",.,"A",.,"A"
"20161","03274872",9,0,"1",975,"D",260,"D",.,"A",0,"D",0,"D",.,"A",.,"A",715,"D",0,"D",.,"A",.,"A",.,"A",.,"A"
"20161","03274882",56,0,"1",1456,"D",221,"D",.,"A",260,"D",360,"D",.,"A",.,"A",1235,"D",180,"D",.,"A",.,"A",.,"A",.,"A"
"20161","03274892",31,0,"1",793,"D",0,"D",.,"A",195,"D",0,"D",.,"A",.,"A",793,"D",0,"D",.,"A",.,"A",.,"A",.,"A"
"20161","03274914",29,0,"1",6500,"D",1950,"D",.,"A",1560,"D",0,"D",.,"A",180,"D",4550,"D",0,"D",.,"A",.,"A",.,"A",.,"A"
"20161","03274942",18,0,"1",1820,"D",195,"D",.,"A",0,"D",0,"D",.,"A",.,"A",1625,"D",0,"D",.,"A",.,"A",.,"A",.,"A"
"20161","03274952",30,0,"1",975,"D",260,"D",130,"D",260,"D",0,"D",.,"A",.,"A",715,"D",0,"D",.,"A",.,"A",.,"A",.,"A"
"20161","03274992",24,0,"1",1560,"D",910,"D",.,"A",195,"D",0,"D",.,"A",.,"A",650,"D",60,"D",.,"A",.,"A",.,"A",.,"A"
"20161","03275002",24,0,"1",1300,"D",280,"F",.,"A",845,"D",86,"F",.,"A",.,"A",1051,"F",102,"F",.,"A",.,"A",.,"A",.,"A"
"20161","03275022",33,0,"1",1625,"D",195,"D",.,"A",0,"D",0,"D",.,"A",.,"A",1430,"D",600,"D",.,"A",.,"A",.,"A",.,"A"
"20161","03275032",36,0,"1",2600,"D",650,"D",.,"A",650,"D",0,"D",.,"A",.,"A",1950,"D",120,"D",.,"A",.,"A",.,"A",.,"A"
"20161","03275052",69,0,"1",754,"D",260,"D",117,"D",975,"D",0,"D",.,"A",.,"A",494,"D",144,"D",33,"D",429,"D",.,"A",.,"A"
"20161","03275062",21,0,"1",1645,"F",.,"A",.,"A",818,"F",134,"F",.,"A",.,"A",1330,"F",130,"F",.,"A",.,"A",.,"A",.,"A"
"20161","03275072",24,0,"1",1950,"D",260,"D",.,"A",975,"D",0,"D",.,"A",.,"A",1690,"D",75,"D",.,"A",.,"A",.,"A",.,"A"
"20161","03275092",21,0,"1",910,"D",65,"D",.,"A",260,"D",0,"D",.,"A",.,"A",845,"D",9,"D",.,"A",.,"A",.,"A",.,"A"
"20161","03275104",14,0,"1",520,"D",0,"D",.,"A",0,"D",0,"D",.,"A",.,"A",520,"D",0,"D",.,"A",.,"A",.,"A",.,"A"
"20161","03275112",12,0,"1",325,"D",65,"D",.,"A",0,"D",0,"D",.,"A",.,"A",260,"D",0,"D",.,"A",.,"A",.,"A",.,"A"
"20161","03275202",65,0,"1",845,"D",195,"D",.,"A",260,"D",0,"D",.,"A",.,"A",650,"D",45,"D",.,"A",.,"A",.,"A",.,"A"
"20161","03275222",41,0,"1",780,"D",260,"D",520,"D",65,"D",0,"D",.,"A",.,"A",520,"D",0,"D",.,"A",.,"A",.,"A",.,"A"
"20161","03275272",31,0,"1",1812,"F",.,"A",.,"A",648,"F",0,"D",.,"A",.,"A",1569,"F",60,"D",.,"A",.,"A",.,"A",.,"A"
"20161","03275292",16,0,"1",1300,"D",650,"D",.,"A",0,"D",0,"D",.,"A",.,"A",650,"D",600,"D",50,"D",650,"D",.,"A",.,"A"
"20161","03275302",12,0,"1",0,"D",.,"A",.,"A",0,"D",0,"D",.,"A",.,"A",0,"D",0,"D",.,"A",.,"A",.,"A",.,"A"
"20161","03275312",25,0,"1",780,"D",130,"D",.,"A",260,"D",0,"D",.,"A",.,"A",650,"D",90,"D",.,"A",.,"A",.,"A",.,"A"
"20161","03275332",27,0,"1",1300,"D",260,"D",325,"D",650,"D",123,"F",.,"A",.,"A",1040,"D",120,"D",.,"A",.,"A",.,"A",.,"A"
"20161","03275342",13,0,"1",1950,"D",260,"D",.,"A",520,"D",0,"D",.,"A",.,"A",1690,"D",0,"D",50,"D",650,"D",.,"A",.,"A"
"20161","03275352",24,0,"1",260,"D",26,"D",.,"A",0,"D",0,"D",258,"F",.,"A",234,"D",0,"D",.,"A",.,"A",.,"A",.,"A"
"20161","03275362",15,0,"1",1040,"D",390,"D",130,"D",260,"D",0,"D",.,"A",.,"A",650,"D",0,"D",.,"A",.,"A",.,"A",.,"A"
"20161","03275372",21,0,"1",1950,"D",780,"D",.,"A",650,"D",75,"D",.,"A",240,"D",1170,"D",60,"D",.,"A",.,"A",.,"A",.,"A"
"20161","03275382",78,0,"1",910,"D",130,"D",.,"A",780,"D",90,"D",.,"A",.,"A",780,"D",90,"D",.,"A",.,"A",.,"A",.,"A"
"20161","03275392",69,0,"1",2600,"D",1300,"D",.,"A",1300,"D",150,"D",.,"A",50,"D",1300,"D",300,"D",.,"A",.,"A",.,"A",.,"A"
"20161","03275422",54,0,"1",1040,"D",130,"D",390,"D",390,"D",0,"D",.,"A",.,"A",910,"D",0,"D",.,"A",.,"A",.,"A",.,"A"
"20161","03275432",22,0,"1",1235,"D",260,"D",.,"A",130,"D",0,"D",.,"A",.,"A",975,"D",0,"D",.,"A",.,"A",.,"A",.,"A"
"20161","03275444",56,0,"1",754,"D",130,"D",.,"A",1638,"D",129,"D",.,"A",.,"A",624,"D",45,"D",.,"A",.,"A",.,"A",.,"A"
"20161","03275452",17,0,"1",2600,"D",390,"D",455,"F",780,"D",0,"D",.,"A",.,"A",2210,"D",0,"D",.,"A",.,"A",.,"A",.,"A"
"20161","03275462",49,0,"1",910,"D",325,"D",.,"A",1950,"D",45,"D",.,"A",.,"A",585,"D",60,"D",.,"A",.,"A",.,"A",.,"A"
"20161","03275482",19,0,"1",1300,"D",260,"D",390,"D",650,"D",0,"D",.,"A",.,"A",1040,"D",0,"D",35,"D",455,"D",.,"A",.,"A"
"20161","03275492",18,0,"1",1495,"D",650,"D",130,"D",650,"D",30,"D",.,"A",.,"A",845,"D",15,"D",10,"D",130,"D",.,"A",.,"A"
"20161","03275512",34,0,"1",1560,"D",260,"D",.,"A",0,"D",0,"D",.,"A",.,"A",1300,"D",92,"F",45,"D",585,"D",.,"A",.,"A"
"20161","03275522",24,0,"1",780,"D",390,"D",.,"A",1300,"D",0,"D",.,"A",.,"A",390,"D",0,"D",.,"A",.,"A",.,"A",.,"A"
"20161","03275532",29,0,"1",455,"D",65,"D",130,"D",325,"D",0,"D",.,"A",.,"A",390,"D",0,"D",.,"A",.,"A",.,"A",.,"A"
"20161","03275552",28,0,"1",2082,"F",.,"A",.,"A",845,"D",0,"D",.,"A",63,"D",1715,"F",60,"D",.,"A",.,"A",.,"A",.,"A"
"20161","03275572",11,0,"1",2226,"F",.,"A",.,"A",857,"F",144,"F",.,"A",.,"A",1817,"F",128,"F",.,"A",.,"A",.,"A",.,"A"
"20161","03275584",24,0,"1",1300,"D",325,"D",.,"A",0,"D",0,"D",.,"A",.,"A",975,"D",0,"D",.,"A",.,"A",.,"A",.,"A"
"20161","03275592",9,0,"1",390,"D",130,"D",.,"A",65,"D",0,"D",.,"A",.,"A",260,"D",0,"D",.,"A",.,"A",.,"A",.,"A"
"20161","03275602",49,0,"1",1040,"D",520,"D",.,"A",260,"D",180,"D",.,"A",.,"A",520,"D",120,"D",20,"D",260,"D",.,"A",.,"A"
"20161","03275652",29,0,"1",1625,"D",156,"D",.,"A",0,"D",0,"D",.,"A",.,"A",1469,"D",0,"D",.,"A",.,"A",.,"A",.,"A"
"20161","03275672",20,0,"1",650,"D",203,"F",.,"A",0,"D",0,"D",.,"A",.,"A",708,"F",0,"D",.,"A",.,"A",.,"A",.,"A"
"20161","03275692",13,0,"1",1812,"F",.,"A",.,"A",648,"F",144,"F",.,"A",.,"A",1569,"F",183,"F",.,"A",.,"A",.,"A",.,"A"
"20161","03275702",15,0,"1",195,"D",65,"D",.,"A",0,"D",0,"D",.,"A",.,"A",130,"D",0,"D",7,"D",91,"D",.,"A",.,"A"
"20161","03275712",23,0,"1",520,"D",156,"D",.,"A",260,"D",0,"D",.,"A",.,"A",364,"D",0,"D",.,"A",.,"A",.,"A",.,"A"
"20161","03275752",54,0,"1",1560,"D",325,"D",.,"A",260,"D",0,"D",.,"A",.,"A",1235,"D",0,"D",.,"A",.,"A",.,"A",.,"A"
"20161","03275772",42,0,"1",1950,"D",650,"D",.,"A",520,"D",0,"D",.,"A",.,"A",1300,"D",45,"D",15,"D",195,"D",.,"A",.,"A"
"20161","03275782",27,0,"1",455,"D",65,"D",.,"A",0,"D",0,"D",.,"A",.,"A",390,"D",0,"D",.,"A",.,"A",.,"A",.,"A"
"20161","03275802",59,0,"1",1950,"D",130,"D",.,"A",1040,"D",0,"D",.,"A",.,"A",1820,"D",0,"D",.,"A",.,"A",.,"A",.,"A"
"20161","03275812",40,0,"1",780,"D",195,"D",260,"D",195,"D",0,"D",.,"A",.,"A",585,"D",0,"D",25,"D",325,"D",.,"A",.,"A"
"20161","03275832",40,0,"1",325,"D",65,"D",.,"A",260,"D",30,"D",.,"A",.,"A",260,"D",21,"D",.,"A",.,"A",.,"A",.,"A"
"20161","03275852",30,0,"1",2275,"D",455,"D",.,"A",1300,"D",0,"D",.,"A",.,"A",1820,"D",0,"D",.,"A",.,"A",.,"A",.,"A"
"20161","03275862",30,0,"1",1950,"D",260,"D",.,"A",390,"D",0,"D",.,"A",.,"A",1690,"D",0,"D",.,"A",.,"A",.,"A",.,"A"
"20161","03275912",69,0,"1",2210,"D",325,"D",.,"A",520,"D",30,"D",.,"A",.,"A",1885,"D",30,"D",.,"A",.,"A",.,"A",.,"A"
"20161","03275962",59,0,"1",1300,"D",195,"D",.,"A",650,"D",0,"D",.,"A",.,"A",1105,"D",30,"D",.,"A",.,"A",.,"A",.,"A"
"20161","03275982",67,0,"1",975,"D",390,"D",.,"A",780,"D",45,"D",.,"A",.,"A",585,"D",0,"D",.,"A",.,"A",.,"A",.,"A"
"20161","03276002",16,0,"1",3900,"D",130,"D",.,"A",650,"D",60,"D",.,"A",.,"A",3770,"D",75,"D",.,"A",.,"A",.,"A",.,"A"
"20161","03276022",38,0,"1",4550,"D",650,"D",.,"A",2600,"D",0,"D",.,"A",.,"A",3900,"D",0,"D",.,"A",.,"A",.,"A",.,"A"
"20161","03276032",51,0,"1",2600,"D",455,"D",.,"A",0,"D",0,"D",.,"A",.,"A",2145,"D",0,"D",.,"A",.,"A",.,"A",.,"A"
"20161","03276042",69,0,"1",910,"D",130,"D",.,"A",650,"D",90,"D",.,"A",.,"A",780,"D",78,"D",.,"A",.,"A",.,"A",.,"A"
"20161","03276054",31,0,"1",975,"D",0,"D",.,"A",0,"D",0,"D",.,"A",.,"A",975,"D",0,"D",.,"A",.,"A",.,"A",.,"A"
"20161","03276092",20,0,"1",3900,"D",650,"D",.,"A",0,"D",0,"D",.,"A",.,"A",3250,"D",0,"D",36,"D",468,"D",.,"A",.,"A"
"20161","03276102",51,0,"1",5330,"D",117,"D",520,"D",390,"D",0,"D",625,"D",.,"A",5213,"D",0,"D",.,"A",.,"A",.,"A",.,"A"
"20161","03276112",18,0,"1",975,"D",195,"D",.,"A",260,"D",0,"D",.,"A",.,"A",780,"D",0,"D",.,"A",.,"A",.,"A",.,"A"
"20161","03276132",22,0,"1",4550,"D",650,"D",520,"D",1300,"D",300,"D",.,"A",300,"D",3900,"D",300,"D",40,"D",520,"D",.,"A",.,"A"
"20161","03276152",26,0,"1",1625,"D",260,"D",.,"A",650,"D",0,"D",.,"A",.,"A",1365,"D",48,"D",.,"A",.,"A",.,"A",.,"A"
"20161","03276182",42,0,"1",1300,"D",0,"D",.,"A",1950,"D",0,"D",.,"A",.,"A",1300,"D",0,"D",.,"A",.,"A",.,"A",.,"A"
"20161","03276213",11,0,"1",65,"D",13,"D",.,"A",130,"D",0,"D",.,"A",.,"A",52,"D",60,"D",7,"D",91,"D",.,"A",.,"A"
"20161","03276232",10,0,"1",455,"D",0,"D",52,"D",78,"D",0,"D",.,"A",.,"A",455,"D",0,"D",.,"A",.,"A",.,"A",.,"A"
"20161","03276242",29,0,"1",1300,"D",520,"D",.,"A",1300,"D",0,"D",.,"A",.,"A",780,"D",0,"D",.,"A",.,"A",.,"A",.,"A"
"20161","03276252",27,0,"1",2600,"D",650,"D",.,"A",1300,"D",0,"D",.,"A",.,"A",1950,"D",90,"D",.,"A",.,"A",.,"A",.,"A"
"20161","03276302",28,0,"1",1300,"D",376,"F",.,"A",260,"D",0,"D",.,"A",.,"A",1293,"F",0,"D",.,"A",.,"A",.,"A",.,"A"
"20161","03276322",43,0,"1",2210,"D",325,"D",.,"A",260,"D",0,"D",.,"A",.,"A",1885,"D",150,"D",.,"A",.,"A",.,"A",.,"A"
"20161","03276332",29,0,"1",1950,"D",390,"D",.,"A",0,"D",0,"D",.,"A",.,"A",1560,"D",0,"D",.,"A",.,"A",.,"A",.,"A"
"20161","03276342",29,0,"1",260,"D",65,"D",.,"A",65,"D",0,"D",.,"A",.,"A",195,"D",0,"D",.,"A",.,"A",.,"A",.,"A"
"20161","03276372",32,0,"1",2600,"D",650,"D",.,"A",0,"D",0,"D",.,"A",96,"D",1950,"D",0,"D",20,"D",260,"D",.,"A",.,"A"
"20161","03276382",18,0,"1",1300,"D",130,"D",.,"A",650,"D",105,"D",.,"A",.,"A",1170,"D",60,"D",.,"A",.,"A",.,"A",.,"A"
"20161","03276402",18,0,"1",883,"F",.,"A",.,"A",0,"D",0,"D",.,"A",.,"A",721,"F",0,"D",.,"A",.,"A",.,"A",.,"A"
"20161","03276412",30,0,"1",780,"D",260,"D",104,"D",260,"D",90,"D",.,"A",.,"A",520,"D",60,"D",.,"A",.,"A",.,"A",.,"A"
"20161","03276432",40,0,"1",4550,"D",1300,"D",.,"A",975,"D",0,"D",.,"A",.,"A",3250,"D",0,"D",.,"A",.,"A",.,"A",.,"A"
"20161","03276442",13,0,"1",975,"D",130,"D",.,"A",0,"D",0,"D",.,"A",.,"A",845,"D",0,"D",.,"A",.,"A",.,"A",.,"A"
"20161","03276462",54,0,"1",1300,"D",390,"D",325,"D",390,"D",0,"D",.,"A",.,"A",910,"D",0,"D",.,"A",.,"A",.,"A",.,"A"
"20161","03276482",11,0,"1",780,"D",130,"D",.,"A",260,"D",0,"D",.,"A",.,"A",650,"D",60,"D",.,"A",.,"A",.,"A",.,"A"
"20161","03276492",56,0,"1",2600,"D",650,"D",.,"A",260,"D",90,"D",.,"A",.,"A",1950,"D",120,"D",.,"A",.,"A",.,"A",.,"A"
"20161","03276522",32,0,"1",2600,"D",325,"D",.,"A",6500,"D",150,"D",.,"A",.,"A",2275,"D",300,"D",.,"A",.,"A",.,"A",.,"A"
"20161","03276543",19,0,"1",910,"D",260,"D",.,"A",260,"D",0,"D",.,"A",.,"A",650,"D",0,"D",.,"A",.,"A",.,"A",.,"A"
"20161","03276552",41,0,"1",650,"D",195,"D",156,"D",650,"D",0,"D",.,"A",.,"A",455,"D",0,"D",.,"A",.,"A",.,"A",.,"A"
"20161","03276563",12,0,"1",650,"D",130,"D",.,"A",1950,"D",0,"D",.,"A",.,"A",520,"D",0,"D",125,"D",1625,"D",.,"A",.,"A"
"20161","03276572",33,0,"1",1560,"D",65,"D",.,"A",390,"D",0,"D",.,"A",.,"A",1495,"D",0,"D",.,"A",.,"A",104,"D",8,"D"
"20161","03276582",39,0,"1",1820,"D",325,"D",.,"A",429,"D",0,"D",.,"A",.,"A",1495,"D",117,"D",.,"A",.,"A",.,"A",.,"A"
"20161","03276592",46,0,"1",1950,"D",260,"D",.,"A",650,"D",150,"D",.,"A",330,"D",1690,"D",150,"D",.,"A",.,"A",.,"A",.,"A"
"20161","03276624",26,0,"1",2600,"D",0,"D",.,"A",520,"D",0,"D",.,"A",.,"A",2600,"D",0,"D",.,"A",.,"A",.,"A",.,"A"
"20161","03276633",22,0,"1",1560,"D",130,"D",.,"A",650,"D",0,"D",.,"A",.,"A",1430,"D",60,"D",.,"A",.,"A",.,"A",.,"A"
"20161","03276642",54,0,"1",1170,"D",65,"D",.,"A",325,"D",0,"D",.,"A",.,"A",1105,"D",60,"D",.,"A",.,"A",.,"A",.,"A"
"20161","03276652",39,0,"1",1560,"D",390,"D",.,"A",1235,"D",0,"D",.,"A",.,"A",1170,"D",150,"D",.,"A",.,"A",.,"A",.,"A"
"20161","03276662",30,0,"1",1300,"D",260,"D",.,"A",1040,"D",0,"D",.,"A",.,"A",1040,"D",0,"D",.,"A",.,"A",.,"A",.,"A"
"20161","03276682",49,0,"1",1560,"D",260,"D",.,"A",1300,"D",0,"D",.,"A",142,"F",1300,"D",0,"D",.,"A",.,"A",.,"A",.,"A"
"20161","03276692",36,0,"1",780,"D",130,"D",.,"A",585,"D",0,"D",.,"A",.,"A",650,"D",0,"D",.,"A",.,"A",.,"A",.,"A"
"20161","03276702",27,0,"1",3250,"D",65,"D",.,"A",325,"D",0,"D",.,"A",8,"D",3185,"D",0,"D",.,"A",.,"A",.,"A",.,"A"
"20161","03276802",90,0,"1",845,"D",325,"D",.,"A",1040,"D",60,"D",.,"A",.,"A",520,"D",30,"D",.,"A",.,"A",.,"A",.,"A"
"20161","03276822",18,0,"1",1300,"D",195,"D",.,"A",0,"D",0,"D",.,"A",.,"A",1105,"D",0,"D",.,"A",.,"A",.,"A",.,"A"
"20161","03276832",41,0,"1",3250,"D",650,"D",.,"A",455,"D",6,"D",.,"A",.,"A",2600,"D",6,"D",.,"A",.,"A",.,"A",.,"A"
"20161","03276842",15,0,"1",650,"D",0,"D",.,"A",208,"D",0,"D",.,"A",.,"A",650,"D",0,"D",.,"A",.,"A",.,"A",.,"A"
"20161","03276852",44,0,"1",1105,"D",455,"D",.,"A",234,"D",0,"D",.,"A",.,"A",650,"D",120,"D",.,"A",.,"A",.,"A",.,"A"
"20161","03276862",25,0,"1",1300,"D",130,"D",.,"A",390,"D",0,"D",.,"A",.,"A",1170,"D",0,"D",.,"A",.,"A",.,"A",.,"A"
"20161","03276882",40,0,"1",3900,"D",390,"D",5200,"D",344,"F",86,"F",.,"A",.,"A",3510,"D",114,"F",.,"A",.,"A",.,"A",.,"A"
"20161","03276912",55,0,"1",975,"D",65,"D",.,"A",390,"D",0,"D",.,"A",.,"A",910,"D",0,"D",.,"A",.,"A",.,"A",.,"A"
"20161","03276932",64,0,"1",2600,"D",325,"D",.,"A",390,"D",0,"D",.,"A",.,"A",2275,"D",0,"D",.,"A",.,"A",.,"A",.,"A"
"20161","03276952",33,0,"1",2600,"D",780,"D",.,"A",0,"D",60,"D",.,"A",.,"A",1820,"D",60,"D",.,"A",.,"A",.,"A",.,"A"
"20161","03276962",97,0,"1",1430,"D",0,"D",65,"D",520,"D",90,"D",.,"A",.,"A",1430,"D",75,"D",.,"A",.,"A",.,"A",.,"A"
"20161","03276992",59,0,"1",1300,"D",325,"D",.,"A",260,"D",0,"D",.,"A",.,"A",975,"D",60,"D",.,"A",.,"A",.,"A",.,"A"
"20161","03277002",26,0,"1",520,"D",0,"D",.,"A",390,"D",0,"D",.,"A",.,"A",520,"D",0,"D",.,"A",.,"A",.,"A",.,"A"
"20161","03277012",17,0,"1",2600,"D",650,"D",.,"A",0,"D",0,"D",.,"A",.,"A",1950,"D",90,"D",.,"A",.,"A",.,"A",.,"A"
"20161","03277022",65,0,"1",3900,"D",451,"F",2600,"D",4160,"D",30,"D",.,"A",.,"A",1755,"F",90,"D",.,"A",.,"A",.,"A",.,"A"
"20161","03277034",25,0,"1",1950,"D",260,"D",.,"A",4550,"D",0,"D",.,"A",.,"A",1690,"D",90,"D",.,"A",.,"A",.,"A",.,"A"
"20161","03277052",26,0,"1",260,"D",130,"D",.,"A",26,"D",0,"D",.,"A",.,"A",130,"D",45,"D",.,"A",.,"A",260,"D",20,"D"
"20161","03277062",40,0,"1",975,"D",455,"D",.,"A",1300,"D",600,"D",.,"A",.,"A",520,"D",120,"D",.,"A",.,"A",.,"A",.,"A"
"20161","03277082",32,0,"1",975,"D",325,"D",.,"A",0,"D",0,"D",.,"A",.,"A",650,"D",0,"D",.,"A",.,"A",.,"A",.,"A"
"20161","03277102",64,0,"1",975,"D",325,"D",.,"A",975,"D",0,"D",.,"A",.,"A",650,"D",0,"D",.,"A",.,"A",.,"A",.,"A"
"20161","03277112",32,0,"1",1950,"D",520,"D",.,"A",520,"D",0,"D",.,"A",.,"A",1430,"D",0,"D",50,"D",650,"D",.,"A",.,"A"
"20161","03277132",43,0,"1",1950,"D",520,"D",.,"A",650,"D",0,"D",.,"A",100,"D",1430,"D",45,"D",35,"D",455,"D",.,"A",.,"A"
"20161","03277152",22,0,"1",1388,"F",.,"A",.,"A",539,"F",116,"F",.,"A",.,"A",1110,"F",121,"F",.,"A",.,"A",.,"A",.,"A"
"20161","03277162",18,0,"1",1950,"D",279,"F",.,"A",546,"F",123,"F",.,"A",.,"A",1079,"F",92,"F",.,"A",.,"A",.,"A",.,"A"
"20161","03277212",15,0,"1",1300,"D",0,"D",.,"A",260,"D",0,"D",.,"A",.,"A",1300,"D",0,"D",.,"A",.,"A",.,"A",.,"A"
"20161","03277222",71,0,"1",1820,"D",195,"D",845,"D",2548,"D",60,"D",.,"A",.,"A",1625,"D",135,"D",.,"A",.,"A",.,"A",.,"A"
"20161","03277242",45,0,"1",2275,"D",325,"D",.,"A",650,"D",0,"D",.,"A",.,"A",1950,"D",0,"D",.,"A",.,"A",.,"A",.,"A"
"20161","03277262",61,0,"1",1950,"D",65,"D",.,"A",780,"D",30,"D",.,"A",.,"A",1885,"D",75,"D",.,"A",.,"A",.,"A",.,"A"
"20161","03277292",35,0,"1",1430,"D",130,"D",260,"D",0,"D",0,"D",.,"A",.,"A",1300,"D",0,"D",.,"A",.,"A",.,"A",.,"A"
"20161","03277332",58,0,"1",910,"D",195,"D",.,"A",1911,"D",357,"D",.,"A",.,"A",715,"D",0,"D",.,"A",.,"A",.,"A",.,"A"
"20161","03277342",67,0,"1",1625,"D",195,"D",.,"A",520,"D",0,"D",27,"D",.,"A",1430,"D",15,"D",.,"A",.,"A",.,"A",.,"A"
"20161","03277354",27,0,"1",2600,"D",650,"D",.,"A",650,"D",0,"D",.,"A",.,"A",1950,"D",90,"D",30,"D",390,"D",.,"A",.,"A"
"20161","03277362",15,0,"1",1040,"D",65,"D",.,"A",130,"D",0,"D",.,"A",.,"A",975,"D",120,"D",.,"A",.,"A",.,"A",.,"A"
"20161","03277392",36,0,"1",2340,"D",650,"D",260,"D",650,"D",0,"D",.,"A",.,"A",1690,"D",0,"D",.,"A",.,"A",.,"A",.,"A"
"20161","03277422",23,0,"1",1300,"D",185,"F",.,"A",260,"D",0,"D",.,"A",.,"A",674,"F",0,"D",.,"A",.,"A",.,"A",.,"A"
"20161","03277432",50,0,"1",1300,"D",325,"D",650,"D",650,"D",0,"D",.,"A",.,"A",975,"D",6,"D",.,"A",.,"A",.,"A",.,"A"
"20161","03277452",17,0,"1",3575,"D",650,"D",.,"A",0,"D",0,"D",.,"A",.,"A",2925,"D",150,"D",.,"A",.,"A",.,"A",.,"A"
"20161","03277472",47,0,"1",1950,"D",325,"D",195,"D",1300,"D",120,"D",.,"A",.,"A",1625,"D",240,"D",.,"A",.,"A",.,"A",.,"A"
"20161","03277512",15,0,"1",1040,"D",260,"D",.,"A",780,"D",0,"D",.,"A",.,"A",780,"D",0,"D",.,"A",.,"A",.,"A",.,"A"
"20161","03277572",18,0,"1",1950,"D",650,"D",.,"A",260,"D",0,"D",.,"A",.,"A",1300,"D",0,"D",.,"A",.,"A",.,"A",.,"A"
"20161","03277592",43,0,"1",1950,"D",260,"D",.,"A",3250,"D",120,"D",.,"A",30,"D",1690,"D",0,"D",.,"A",.,"A",.,"A",.,"A"
"20161","03277602",23,0,"1",650,"D",130,"D",.,"A",520,"D",45,"D",.,"A",.,"A",520,"D",240,"D",30,"D",390,"D",.,"A",.,"A"
"20161","03277642",38,0,"1",650,"D",0,"D",650,"D",520,"D",0,"D",.,"A",.,"A",650,"D",0,"D",.,"A",.,"A",.,"A",.,"A"
"20161","03277682",11,0,"1",1625,"D",0,"D",.,"A",0,"D",0,"D",.,"A",.,"A",1625,"D",0,"D",.,"A",.,"A",.,"A",.,"A"
"20161","03277712",52,0,"1",2600,"D",195,"D",.,"A",2600,"D",600,"D",.,"A",.,"A",2405,"D",300,"D",.,"A",.,"A",.,"A",.,"A"
"20161","03277722",28,0,"1",2600,"D",130,"D",.,"A",325,"D",0,"D",.,"A",.,"A",2470,"D",0,"D",.,"A",.,"A",.,"A",.,"A"
"20161","03277732",48,0,"1",2600,"D",260,"D",1300,"D",650,"D",300,"D",.,"A",.,"A",2340,"D",60,"D",.,"A",.,"A",.,"A",.,"A"
"20161","03277742",51,0,"1",1170,"D",195,"D",195,"D",520,"D",0,"D",.,"A",.,"A",975,"D",60,"D",.,"A",.,"A",.,"A",.,"A"
"20161","03277772",44,0,"1",910,"D",260,"D",.,"A",351,"D",0,"D",.,"A",.,"A",650,"D",0,"D",.,"A",.,"A",.,"A",.,"A"
"20161","03277802",51,0,"1",1300,"D",130,"D",.,"A",1300,"D",0,"D",.,"A",.,"A",1170,"D",60,"D",.,"A",.,"A",.,"A",.,"A"
"20161","03277812",49,0,"1",1755,"D",481,"D",.,"A",0,"D",0,"D",.,"A",.,"A",1274,"D",0,"D",.,"A",.,"A",.,"A",.,"A"
"20161","03277832",18,0,"1",520,"D",156,"D",117,"D",0,"D",69,"D",.,"A",.,"A",364,"D",24,"D",28,"D",364,"D",26,"D",2,"D"
"20161","03277852",14,0,"1",2600,"D",325,"D",.,"A",3900,"D",0,"D",.,"A",.,"A",2275,"D",0,"D",.,"A",.,"A",.,"A",.,"A"
"20161","03277922",24,0,"1",1300,"D",390,"D",.,"A",195,"D",0,"D",.,"A",.,"A",910,"D",0,"D",7,"D",91,"D",.,"A",.,"A"
"20161","03277932",29,0,"1",1950,"D",650,"D",.,"A",260,"D",0,"D",.,"A",341,"F",1300,"D",150,"D",6,"D",78,"D",.,"A",.,"A"
"20161","03277944",24,0,"1",5200,"D",650,"D",.,"A",325,"D",6,"D",.,"A",.,"A",4550,"D",6,"D",.,"A",.,"A",.,"A",.,"A"
"20161","03277952",46,0,"1",650,"D",52,"D",65,"D",260,"D",150,"D",.,"A",.,"A",598,"D",45,"D",.,"A",.,"A",.,"A",.,"A"
"20161","03277962",70,0,"1",2600,"D",650,"D",494,"D",130,"D",600,"D",.,"A",.,"A",1950,"D",1200,"D",.,"A",.,"A",.,"A",.,"A"
"20161","03277973",61,0,"1",1560,"D",260,"D",.,"A",780,"D",15,"D",.,"A",24,"D",1300,"D",90,"D",.,"A",.,"A",.,"A",.,"A"
"20161","03278014",25,0,"1",585,"D",195,"D",.,"A",0,"D",0,"D",.,"A",.,"A",390,"D",0,"D",.,"A",.,"A",.,"A",.,"A"
"20161","03278022",57,0,"1",1170,"D",234,"D",104,"D",546,"D",210,"D",.,"A",.,"A",936,"D",0,"D",.,"A",.,"A",1300,"D",100,"D"
"20161","03278032",36,0,"1",650,"D",650,"D",.,"A",130,"D",15,"D",.,"A",.,"A",0,"D",15,"D",42,"D",546,"D",.,"A",.,"A"
"20161","03278052",18,0,"1",1300,"D",130,"D",.,"A",0,"D",0,"D",.,"A",.,"A",1170,"D",0,"D",70,"D",910,"D",.,"A",.,"A"
"20161","03278062",58,0,"1",1300,"D",260,"D",325,"D",0,"D",0,"D",.,"A",.,"A",1040,"D",0,"D",.,"A",.,"A",.,"A",.,"A"
"20161","03278073",25,0,"1",1300,"D",260,"D",234,"D",650,"D",6,"D",.,"A",.,"A",1040,"D",6,"D",.,"A",.,"A",.,"A",.,"A"
"20161","03278082",50,0,"1",1818,"F",.,"A",.,"A",1950,"D",149,"F",.,"A",.,"A",1449,"F",145,"F",.,"A",.,"A",.,"A",.,"A"
"20161","03278104",13,0,"1",0,"D",.,"A",.,"A",195,"D",0,"D",.,"A",.,"A",0,"D",21,"D",.,"A",.,"A",325,"D",25,"D"
"20161","03278112",27,0,"1",650,"D",130,"D",130,"D",0,"D",0,"D",.,"A",.,"A",520,"D",0,"D",.,"A",.,"A",.,"A",.,"A"
"20161","03278162",28,0,"1",1300,"D",325,"D",.,"A",520,"D",0,"D",.,"A",.,"A",975,"D",0,"D",.,"A",.,"A",.,"A",.,"A"
"20161","03278192",34,0,"1",1950,"D",520,"D",.,"A",650,"D",0,"D",.,"A",.,"A",1430,"D",120,"D",.,"A",.,"A",.,"A",.,"A"
"20161","03278202",10,0,"1",883,"F",.,"A",.,"A",534,"F",0,"D",.,"A",.,"A",721,"F",0,"D",.,"A",.,"A",.,"A",.,"A"
"20161","03278232",30,0,"1",3250,"D",130,"D",.,"A",650,"D",6,"D",.,"A",.,"A",3120,"D",15,"D",.,"A",.,"A",.,"A",.,"A"
"20161","03278242",84,0,"1",3900,"D",0,"D",.,"A",2600,"D",60,"D",.,"A",.,"A",3900,"D",150,"D",.,"A",.,"A",.,"A",.,"A"
"20161","03278252",17,0,"1",1950,"D",409,"F",.,"A",857,"F",0,"D",.,"A",.,"A",1817,"F",0,"D",.,"A",.,"A",.,"A",.,"A"
"20161","03278302",20,0,"1",390,"D",130,"D",.,"A",1560,"D",86,"F",.,"A",.,"A",260,"D",180,"D",.,"A",.,"A",.,"A",.,"A"
"20161","03278332",35,0,"1",650,"D",65,"D",.,"A",130,"D",0,"D",.,"A",.,"A",585,"D",0,"D",.,"A",.,"A",.,"A",.,"A"
"20161","03278362",34,0,"1",1300,"D",260,"D",.,"A",650,"D",0,"D",.,"A",.,"A",1040,"D",0,"D",.,"A",.,"A",.,"A",.,"A"
"20161","03278372",20,0,"1",1560,"D",260,"D",156,"D",0,"D",0,"D",.,"A",110,"D",1300,"D",0,"D",35,"D",455,"D",.,"A",.,"A"
"20161","03278412",47,0,"1",3900,"D",650,"D",.,"A",1300,"D",45,"D",.,"A",.,"A",3250,"D",90,"D",.,"A",.,"A",.,"A",.,"A"
"20161","03278424",26,0,"1",1430,"D",130,"D",.,"A",650,"D",0,"D",.,"A",.,"A",1300,"D",0,"D",.,"A",.,"A",.,"A",.,"A"
"20161","03278442",35,0,"1",975,"D",325,"D",195,"D",130,"D",0,"D",.,"A",.,"A",650,"D",0,"D",.,"A",.,"A",.,"A",.,"A"
"20161","03278472",29,0,"1",650,"D",130,"D",.,"A",390,"D",0,"D",.,"A",.,"A",520,"D",0,"D",.,"A",.,"A",.,"A",.,"A"
"20161","03278532",27,0,"1",780,"D",65,"D",.,"A",260,"D",0,"D",.,"A",.,"A",715,"D",0,"D",.,"A",.,"A",.,"A",.,"A"
"20161","03278542",16,0,"1",1300,"D",195,"D",.,"A",0,"D",0,"D",.,"A",0,"D",1105,"D",0,"D",25,"D",325,"D",.,"A",.,"A"
"20161","03278572",23,0,"1",1950,"D",195,"D",.,"A",0,"D",0,"D",.,"A",.,"A",1755,"D",0,"D",.,"A",.,"A",.,"A",.,"A"
"20161","03278602",17,0,"1",2080,"D",0,"D",.,"A",585,"D",0,"D",.,"A",.,"A",2080,"D",0,"D",.,"A",.,"A",.,"A",.,"A"
"20161","03278612",21,0,"1",1950,"D",260,"D",.,"A",780,"D",180,"D",.,"A",.,"A",1690,"D",0,"D",.,"A",.,"A",.,"A",.,"A"
"20161","03278632",42,0,"1",1170,"D",260,"D",260,"D",1170,"D",300,"D",.,"A",.,"A",910,"D",450,"D",70,"D",910,"D",.,"A",.,"A"
"20161","03278642",58,0,"1",3900,"D",390,"D",.,"A",0,"D",0,"D",.,"A",.,"A",3510,"D",0,"D",.,"A",.,"A",.,"A",.,"A"
"20161","03278674",45,0,"1",1040,"D",195,"D",.,"A",325,"D",0,"D",.,"A",.,"A",845,"D",45,"D",.,"A",.,"A",.,"A",.,"A"
"20161","03278692",26,0,"1",1950,"D",325,"D",.,"A",390,"D",0,"D",.,"A",.,"A",1625,"D",0,"D",.,"A",.,"A",.,"A",.,"A"
"20161","03278712",44,0,"1",1950,"D",650,"D",130,"D",325,"D",240,"D",.,"A",.,"A",1300,"D",120,"D",.,"A",.,"A",.,"A",.,"A"
"20161","03278722",79,0,"1",780,"D",130,"D",39,"D",598,"D",0,"D",.,"A",.,"A",650,"D",9,"D",.,"A",.,"A",.,"A",.,"A"
"20161","03278732",27,0,"1",2860,"D",260,"D",.,"A",1300,"D",75,"D",.,"A",.,"A",2600,"D",75,"D",.,"A",.,"A",.,"A",.,"A"
"20161","03278742",33,0,"1",1950,"D",260,"D",455,"D",260,"D",0,"D",.,"A",.,"A",1690,"D",30,"D",.,"A",.,"A",.,"A",.,"A"
"20161","03278752",41,0,"1",2275,"D",451,"F",471,"F",2600,"D",0,"D",.,"A",.,"A",1755,"F",0,"D",.,"A",.,"A",.,"A",.,"A"
"20161","03278772",10,0,"1",1040,"D",39,"D",.,"A",325,"D",0,"D",.,"A",.,"A",1001,"D",0,"D",24,"D",312,"D",.,"A",.,"A"
"20161","03278782",25,0,"1",806,"D",0,"D",260,"D",260,"D",60,"D",.,"A",.,"A",806,"D",75,"D",.,"A",.,"A",.,"A",.,"A"
"20161","03278792",48,0,"1",1300,"D",455,"D",.,"A",806,"D",75,"D",.,"A",.,"A",845,"D",90,"D",.,"A",.,"A",.,"A",.,"A"
"20161","03278812",21,0,"1",0,"D",.,"A",.,"A",130,"D",0,"D",.,"A",.,"A",0,"D",0,"D",.,"A",.,"A",.,"A",.,"A"
"20161","03278822",58,0,"1",1625,"D",325,"D",.,"A",325,"D",0,"D",.,"A",.,"A",1300,"D",120,"D",.,"A",.,"A",.,"A",.,"A"
"20161","03278832",36,0,"1",520,"D",78,"D",.,"A",286,"D",0,"D",.,"A",.,"A",442,"D",0,"D",.,"A",.,"A",.,"A",.,"A"
"20161","03278842",19,0,"1",1300,"D",0,"D",.,"A",650,"D",0,"D",.,"A",.,"A",1300,"D",0,"D",.,"A",.,"A",.,"A",.,"A"
"20161","03278852",29,0,"1",1170,"D",0,"D",.,"A",390,"D",0,"D",.,"A",.,"A",1170,"D",0,"D",.,"A",.,"A",.,"A",.,"A"
"20161","03278862",36,0,"1",3250,"D",650,"D",.,"A",390,"D",0,"D",.,"A",.,"A",2600,"D",0,"D",.,"A",.,"A",.,"A",.,"A"
"20161","03278902",22,0,"1",1950,"D",390,"D",.,"A",1300,"D",0,"D",.,"A",.,"A",1560,"D",0,"D",.,"A",.,"A",.,"A",.,"A"
"20161","03278924",30,0,"1",3250,"D",325,"D",.,"A",390,"D",0,"D",.,"A",.,"A",2925,"D",90,"D",.,"A",.,"A",.,"A",.,"A"
"20161","03278942",29,0,"1",2925,"D",325,"D",.,"A",1300,"D",0,"D",.,"A",.,"A",2600,"D",150,"D",.,"A",.,"A",.,"A",.,"A"
"20161","03278964",19,0,"1",650,"D",0,"D",.,"A",650,"D",0,"D",.,"A",.,"A",650,"D",0,"D",.,"A",.,"A",.,"A",.,"A"
"20161","03278992",24,0,"1",2600,"D",0,"D",.,"A",130,"D",0,"D",.,"A",.,"A",2600,"D",0,"D",.,"A",.,"A",.,"A",.,"A"
"20161","03279022",66,0,"1",2925,"D",650,"D",.,"A",975,"D",0,"D",.,"A",.,"A",2275,"D",0,"D",80,"D",1040,"D",.,"A",.,"A"
"20161","03279052",41,0,"1",1105,"D",130,"D",.,"A",520,"D",0,"D",.,"A",.,"A",975,"D",0,"D",.,"A",.,"A",.,"A",.,"A"
"20161","03279064",16,0,"1",455,"D",65,"D",.,"A",260,"D",0,"D",.,"A",.,"A",390,"D",0,"D",.,"A",.,"A",.,"A",.,"A"
"20161","03279092",17,0,"1",1625,"D",195,"D",.,"A",0,"D",0,"D",.,"A",120,"D",1430,"D",0,"D",20,"D",260,"D",.,"A",.,"A"
"20161","03279142",30,0,"1",2210,"D",390,"D",.,"A",0,"D",0,"D",.,"A",.,"A",1820,"D",0,"D",.,"A",.,"A",.,"A",.,"A"
"20161","03279152",23,0,"1",3250,"D",260,"D",.,"A",0,"D",0,"D",.,"A",.,"A",2990,"D",0,"D",.,"A",.,"A",.,"A",.,"A"
"20161","03279182",57,0,"1",2600,"D",390,"D",65,"D",325,"D",0,"D",.,"A",.,"A",2210,"D",0,"D",.,"A",.,"A",.,"A",.,"A"
"20161","03279192",33,0,"1",3250,"D",650,"D",.,"A",1300,"D",0,"D",.,"A",.,"A",2600,"D",150,"D",.,"A",.,"A",.,"A",.,"A"
"20161","03279222",16,0,"1",741,"D",286,"D",.,"A",0,"D",0,"D",.,"A",.,"A",455,"D",0,"D",50,"D",650,"D",.,"A",.,"A"
"20161","03279232",29,0,"1",1690,"D",520,"D",.,"A",130,"D",0,"D",.,"A",.,"A",1170,"D",120,"D",.,"A",.,"A",.,"A",.,"A"
"20161","03279242",47,0,"1",2600,"D",520,"D",.,"A",1300,"D",105,"D",.,"A",.,"A",2080,"D",75,"D",.,"A",.,"A",.,"A",.,"A"
"20161","03279252",25,0,"1",1560,"D",260,"D",.,"A",260,"D",0,"D",.,"A",.,"A",1300,"D",0,"D",.,"A",.,"A",.,"A",.,"A"
"20161","03279272",35,0,"1",1300,"D",0,"D",.,"A",1300,"D",0,"D",.,"A",.,"A",1300,"D",0,"D",.,"A",.,"A",.,"A",.,"A"
"20161","03279282",50,0,"1",1950,"D",325,"D",.,"A",455,"D",0,"D",.,"A",360,"D",1625,"D",0,"D",.,"A",.,"A",.,"A",.,"A"
"20161","03279292",40,0,"1",1300,"D",328,"F",.,"A",390,"D",0,"D",.,"A",.,"A",1330,"F",0,"D",.,"A",.,"A",.,"A",.,"A"
"20161","03279312",14,0,"1",3900,"D",1170,"D",.,"A",364,"D",0,"D",.,"A",.,"A",2730,"D",0,"D",.,"A",.,"A",.,"A",.,"A"
"20161","03279332",33,0,"1",1950,"D",130,"D",.,"A",390,"D",0,"D",.,"A",130,"D",1820,"D",0,"D",.,"A",.,"A",.,"A",.,"A"
"20161","03279342",7,0,"1",0,"D",.,"A",.,"A",0,"D",0,"D",.,"A",.,"A",0,"D",0,"D",.,"A",.,"A",.,"A",.,"A"
"20161","03279352",30,0,"1",520,"D",130,"D",325,"D",260,"D",6,"D",100,"D",.,"A",390,"D",6,"D",35,"D",455,"D",.,"A",.,"A"
"20161","03279372",15,0,"1",3900,"D",650,"D",.,"A",910,"D",120,"D",.,"A",.,"A",3250,"D",300,"D",20,"D",260,"D",.,"A",.,"A"
"20161","03279402",23,0,"1",585,"D",65,"D",.,"A",130,"D",0,"D",.,"A",.,"A",520,"D",0,"D",.,"A",.,"A",.,"A",.,"A"
"20161","03279413",19,0,"1",1040,"D",260,"D",130,"D",65,"D",0,"D",.,"A",.,"A",780,"D",0,"D",.,"A",.,"A",.,"A",.,"A"
"20161","03279422",31,0,"1",1430,"D",221,"D",.,"A",455,"D",0,"D",.,"A",.,"A",1209,"D",0,"D",.,"A",.,"A",.,"A",.,"A"
"20161","03279432",31,0,"1",1040,"D",195,"D",.,"A",325,"D",0,"D",.,"A",.,"A",845,"D",45,"D",.,"A",.,"A",.,"A",.,"A"
"20161","03279442",64,0,"1",1430,"D",390,"D",.,"A",910,"D",0,"D",.,"A",.,"A",1040,"D",45,"D",.,"A",.,"A",.,"A",.,"A"
"20161","03279454",28,0,"1",1430,"D",260,"D",260,"D",260,"D",150,"D",.,"A",.,"A",1170,"D",150,"D",.,"A",.,"A",.,"A",.,"A"
"20161","03279482",8,0,"1",390,"D",65,"D",.,"A",260,"D",0,"D",.,"A",.,"A",325,"D",0,"D",.,"A",.,"A",.,"A",.,"A"
"20161","03279492",50,0,"1",1950,"D",0,"D",.,"A",325,"D",0,"D",.,"A",.,"A",1950,"D",0,"D",.,"A",.,"A",.,"A",.,"A"
"20161","03279532",43,0,"1",325,"D",0,"D",.,"A",104,"D",0,"D",.,"A",.,"A",325,"D",0,"D",.,"A",.,"A",52,"D",4,"D"
"20161","03279544",26,0,"1",1040,"D",156,"D",.,"A",0,"D",0,"D",.,"A",.,"A",884,"D",12,"D",.,"A",.,"A",.,"A",.,"A"
"20161","03279572",18,0,"1",650,"D",65,"D",.,"A",65,"D",0,"D",.,"A",.,"A",585,"D",0,"D",.,"A",.,"A",26,"D",2,"D"
"20161","03279582",29,0,"1",2600,"D",325,"D",.,"A",650,"D",0,"D",.,"A",.,"A",2275,"D",45,"D",.,"A",.,"A",.,"A",.,"A"
"20161","03279592",7,0,"1",650,"D",260,"D",.,"A",0,"D",0,"D",.,"A",.,"A",390,"D",0,"D",.,"A",.,"A",.,"A",.,"A"
"20161","03279612",67,0,"1",780,"D",130,"D",.,"A",650,"D",225,"D",.,"A",.,"A",650,"D",300,"D",1,"D",13,"D",.,"A",.,"A"
"20161","03279632",7,0,"1",585,"D",0,"D",.,"A",0,"D",0,"D",.,"A",.,"A",585,"D",0,"D",3,"D",39,"D",.,"A",.,"A"
"20161","03279652",34,0,"1",1950,"D",260,"D",.,"A",650,"D",0,"D",.,"A",.,"A",1690,"D",150,"D",.,"A",.,"A",.,"A",.,"A"
"20161","03279662",60,0,"1",1300,"D",455,"D",195,"D",1560,"D",180,"D",.,"A",.,"A",845,"D",45,"D",.,"A",.,"A",.,"A",.,"A"
"20161","03279674",16,0,"1",715,"D",195,"D",.,"A",325,"D",300,"D",.,"A",.,"A",520,"D",60,"D",5,"D",65,"D",.,"A",.,"A"
"20161","03279682",15,0,"1",2600,"D",650,"D",.,"A",0,"D",0,"D",.,"A",.,"A",1950,"D",30,"D",.,"A",.,"A",.,"A",.,"A"
"20161","03279702",48,0,"1",3250,"D",520,"D",.,"A",650,"D",0,"D",.,"A",.,"A",2730,"D",0,"D",.,"A",.,"A",.,"A",.,"A"
"20161","03279722",40,0,"1",3250,"D",390,"D",260,"D",0,"D",0,"D",.,"A",.,"A",2860,"D",0,"D",.,"A",.,"A",.,"A",.,"A"
"20161","03279732",28,0,"1",2600,"D",650,"D",.,"A",260,"D",0,"D",.,"A",90,"D",1950,"D",0,"D",.,"A",.,"A",.,"A",.,"A"
"20161","03279752",34,0,"1",520,"D",0,"D",.,"A",520,"D",0,"D",.,"A",.,"A",520,"D",0,"D",.,"A",.,"A",.,"A",.,"A"
"20161","03279764",10,0,"1",650,"D",130,"D",.,"A",260,"D",6,"D",.,"A",.,"A",520,"D",6,"D",5,"D",65,"D",.,"A",.,"A"
"20161","03279772",38,0,"1",2795,"D",845,"D",.,"A",650,"D",0,"D",.,"A",.,"A",1950,"D",60,"D",.,"A",.,"A",.,"A",.,"A"
"20161","03279782",46,0,"1",1950,"D",650,"D",.,"A",1300,"D",600,"D",.,"A",.,"A",1300,"D",600,"D",.,"A",.,"A",.,"A",.,"A"
"20161","03279792",23,0,"1",2080,"D",260,"D",.,"A",455,"D",0,"D",.,"A",.,"A",1820,"D",144,"D",.,"A",.,"A",.,"A",.,"A"
"20161","03279802",25,0,"1",520,"D",0,"D",130,"D",260,"D",0,"D",.,"A",.,"A",520,"D",0,"D",.,"A",.,"A",.,"A",.,"A"
"20161","03279862",25,0,"1",390,"D",325,"D",.,"A",260,"D",6,"D",.,"A",.,"A",65,"D",6,"D",.,"A",.,"A",.,"A",.,"A"
"20161","03279882",26,0,"1",650,"D",130,"D",.,"A",0,"D",0,"D",.,"A",.,"A",520,"D",0,"D",.,"A",.,"A",.,"A",.,"A"
"20161","03279902",18,0,"1",1645,"F",.,"A",.,"A",818,"F",134,"F",.,"A",.,"A",1330,"F",130,"F",.,"A",.,"A",.,"A",.,"A"
"20161","03279912",35,0,"1",650,"D",130,"D",325,"D",0,"D",0,"D",.,"A",.,"A",520,"D",45,"D",.,"A",.,"A",.,"A",.,"A"
"20161","03279932",63,0,"1",1560,"D",260,"D",.,"A",130,"D",0,"D",.,"A",.,"A",1300,"D",150,"D",.,"A",.,"A",.,"A",.,"A"
"20161","03279962",32,0,"1",650,"D",65,"D",65,"D",130,"D",30,"D",.,"A",.,"A",585,"D",30,"D",.,"A",.,"A",.,"A",.,"A"
"20161","03279982",23,0,"1",910,"D",260,"D",.,"A",520,"D",0,"D",.,"A",.,"A",650,"D",120,"D",.,"A",.,"A",.,"A",.,"A"
"20161","03280052",18,0,"1",2600,"D",650,"D",.,"A",650,"D",150,"D",.,"A",.,"A",1950,"D",450,"D",.,"A",.,"A",.,"A",.,"A"
"20161","03280062",57,0,"1",3575,"D",1430,"D",.,"A",1300,"D",0,"D",.,"A",.,"A",2145,"D",0,"D",.,"A",.,"A",.,"A",.,"A"
"20161","03280074",9,0,"1",585,"D",130,"D",.,"A",195,"D",75,"D",.,"A",.,"A",455,"D",45,"D",.,"A",.,"A",.,"A",.,"A"
"20161","03280122",47,0,"1",1300,"D",260,"D",.,"A",325,"D",0,"D",.,"A",.,"A",1040,"D",0,"D",.,"A",.,"A",.,"A",.,"A"
"20161","03280132",28,0,"1",780,"D",130,"D",.,"A",0,"D",0,"D",.,"A",.,"A",650,"D",0,"D",25,"D",325,"D",.,"A",.,"A"
"20161","03280142",30,0,"1",975,"D",130,"D",.,"A",650,"D",0,"D",.,"A",.,"A",845,"D",0,"D",.,"A",.,"A",.,"A",.,"A"
"20161","03280152",12,0,"1",5200,"D",650,"D",.,"A",585,"D",0,"D",.,"A",.,"A",4550,"D",0,"D",.,"A",.,"A",.,"A",.,"A"
"20161","03280172",34,0,"1",780,"D",280,"F",.,"A",0,"D",0,"D",.,"A",.,"A",1051,"F",0,"D",.,"A",.,"A",.,"A",.,"A"
"20161","03280192",22,0,"1",1950,"D",390,"D",.,"A",130,"D",0,"D",.,"A",.,"A",1560,"D",0,"D",35,"D",455,"D",.,"A",.,"A"
"20161","03280202",33,0,"1",650,"D",130,"D",.,"A",130,"D",0,"D",.,"A",.,"A",520,"D",0,"D",.,"A",.,"A",.,"A",.,"A"
"20161","03280232",16,0,"1",2600,"D",260,"D",.,"A",130,"D",0,"D",.,"A",.,"A",2340,"D",0,"D",.,"A",.,"A",.,"A",.,"A"
"20161","03280252",44,0,"1",780,"D",130,"D",.,"A",130,"D",0,"D",.,"A",.,"A",650,"D",240,"D",.,"A",.,"A",.,"A",.,"A"
"20161","03280272",37,0,"1",2275,"D",390,"D",.,"A",195,"D",0,"D",.,"A",.,"A",1885,"D",120,"D",.,"A",.,"A",.,"A",.,"A"
"20161","03280292",20,0,"1",1300,"D",325,"D",.,"A",650,"D",0,"D",.,"A",.,"A",975,"D",120,"D",60,"D",780,"D",.,"A",.,"A"
"20161","03280302",62,0,"1",1300,"D",325,"D",.,"A",1560,"D",30,"D",.,"A",.,"A",975,"D",0,"D",.,"A",.,"A",.,"A",.,"A"
"20161","03280332",36,0,"1",1950,"D",195,"D",.,"A",130,"D",0,"D",.,"A",225,"D",1755,"D",0,"D",40,"D",520,"D",.,"A",.,"A"
"20161","03280342",18,0,"1",1625,"D",260,"D",.,"A",260,"D",0,"D",.,"A",.,"A",1365,"D",0,"D",.,"A",.,"A",.,"A",.,"A"
"20161","03280352",24,0,"1",650,"D",0,"D",.,"A",195,"D",0,"D",.,"A",.,"A",650,"D",150,"D",.,"A",.,"A",.,"A",.,"A"
"20161","03280362",44,0,"1",1950,"D",325,"D",.,"A",650,"D",0,"D",.,"A",312,"D",1625,"D",0,"D",.,"A",.,"A",.,"A",.,"A"
"20161","03280372",35,0,"1",2600,"D",650,"D",.,"A",3250,"D",225,"D",.,"A",.,"A",1950,"D",720,"D",60,"D",780,"D",.,"A",.,"A"
"20161","03280392",53,0,"1",1885,"D",390,"D",.,"A",650,"D",0,"D",.,"A",.,"A",1495,"D",0,"D",.,"A",.,"A",.,"A",.,"A"
"20161","03280402",19,0,"1",585,"D",195,"D",.,"A",0,"D",0,"D",.,"A",.,"A",390,"D",0,"D",.,"A",.,"A",.,"A",.,"A"
"20161","03280442",37,0,"1",650,"D",325,"D",130,"D",390,"D",0,"D",.,"A",.,"A",325,"D",0,"D",10,"D",130,"D",.,"A",.,"A"
"20161","03280454",35,0,"1",1950,"D",650,"D",.,"A",390,"D",0,"D",.,"A",.,"A",1300,"D",90,"D",40,"D",520,"D",.,"A",.,"A"
"20161","03280462",25,0,"1",1950,"D",650,"D",.,"A",390,"D",0,"D",.,"A",.,"A",1300,"D",0,"D",.,"A",.,"A",.,"A",.,"A"
"20161","03280474",9,0,"1",780,"D",130,"D",.,"A",0,"D",0,"D",.,"A",.,"A",650,"D",0,"D",20,"D",260,"D",.,"A",.,"A"
"20161","03280482",75,0,"1",1300,"D",104,"D",260,"D",2860,"D",240,"D",.,"A",.,"A",1196,"D",450,"D",.,"A",.,"A",78,"D",6,"D"
"20161","03280512",35,0,"1",650,"D",0,"D",.,"A",260,"D",135,"D",.,"A",.,"A",650,"D",75,"D",.,"A",.,"A",.,"A",.,"A"
"20161","03280532",39,0,"1",2990,"D",1040,"D",.,"A",130,"D",0,"D",.,"A",.,"A",1950,"D",0,"D",.,"A",.,"A",.,"A",.,"A"
"20161","03280552",22,0,"1",390,"D",39,"D",.,"A",195,"D",0,"D",.,"A",.,"A",351,"D",0,"D",.,"A",.,"A",.,"A",.,"A"
"20161","03280572",26,0,"1",520,"D",130,"D",.,"A",91,"D",60,"D",.,"A",.,"A",390,"D",120,"D",.,"A",.,"A",.,"A",.,"A"
"20161","03280592",24,0,"1",2275,"D",650,"D",.,"A",520,"D",0,"D",.,"A",.,"A",1625,"D",0,"D",20,"D",260,"D",.,"A",.,"A"
"20161","03280622",38,0,"1",650,"D",65,"D",.,"A",260,"D",30,"D",.,"A",.,"A",585,"D",120,"D",.,"A",.,"A",.,"A",.,"A"
"20161","03280632",39,0,"1",1950,"D",1040,"D",.,"A",1040,"D",120,"D",.,"A",176,"F",910,"D",120,"D",.,"A",.,"A",.,"A",.,"A"
"20161","03280672",19,0,"1",1300,"D",65,"D",.,"A",390,"D",0,"D",.,"A",.,"A",1235,"D",0,"D",.,"A",.,"A",.,"A",.,"A"
"20161","03280692",27,0,"1",1950,"D",780,"D",195,"D",780,"D",0,"D",.,"A",.,"A",1170,"D",0,"D",.,"A",.,"A",.,"A",.,"A"
"20161","03280702",28,0,"1",1560,"D",143,"D",.,"A",130,"D",0,"D",.,"A",.,"A",1417,"D",0,"D",50,"D",650,"D",.,"A",.,"A"
"20161","03280722",21,0,"1",390,"D",0,"D",.,"A",0,"D",0,"D",.,"A",.,"A",390,"D",0,"D",.,"A",.,"A",.,"A",.,"A"
"20161","03280732",38,0,"1",3900,"D",390,"D",.,"A",650,"D",144,"F",.,"A",.,"A",3510,"D",128,"F",.,"A",.,"A",.,"A",.,"A"
"20161","03280742",25,0,"1",780,"D",195,"D",.,"A",65,"D",0,"D",.,"A",.,"A",585,"D",0,"D",.,"A",.,"A",.,"A",.,"A"
"20161","03280782",67,0,"1",1625,"D",975,"D",260,"D",390,"D",600,"D",1300,"D",.,"A",650,"D",300,"D",20,"D",260,"D",.,"A",.,"A"
"20161","03280793",10,0,"1",325,"D",39,"D",.,"A",65,"D",0,"D",.,"A",.,"A",286,"D",0,"D",.,"A",.,"A",.,"A",.,"A"
"20161","03280802",33,0,"1",1690,"D",325,"D",260,"D",650,"D",0,"D",.,"A",.,"A",1365,"D",0,"D",.,"A",.,"A",.,"A",.,"A"
"20161","03280822",48,0,"1",1625,"D",0,"D",.,"A",1430,"D",0,"D",.,"A",.,"A",1625,"D",0,"D",.,"A",.,"A",.,"A",.,"A"
"20161","03280842",30,0,"1",390,"D",130,"D",.,"A",650,"D",240,"D",.,"A",.,"A",260,"D",60,"D",.,"A",.,"A",.,"A",.,"A"
"20161","03280852",30,0,"1",1950,"D",650,"D",.,"A",650,"D",750,"D",.,"A",.,"A",1300,"D",60,"D",.,"A",.,"A",.,"A",.,"A"
"20161","03280862",41,0,"1",1950,"D",130,"D",.,"A",195,"D",0,"D",.,"A",.,"A",1820,"D",0,"D",.,"A",.,"A",.,"A",.,"A"
"20161","03280884",16,0,"1",390,"D",130,"D",.,"A",0,"D",0,"D",.,"A",.,"A",260,"D",6,"D",3,"D",39,"D",.,"A",.,"A"
"20161","03280902",76,0,"1",2600,"D",260,"D",.,"A",1300,"D",0,"D",.,"A",400,"D",2340,"D",0,"D",.,"A",.,"A",130,"D",10,"D"
"20161","03280922",8,0,"1",2600,"D",650,"D",.,"A",260,"D",0,"D",.,"A",.,"A",1950,"D",0,"D",.,"A",.,"A",.,"A",.,"A"
"20161","03280932",62,0,"1",1105,"D",0,"D",.,"A",1625,"D",180,"D",.,"A",.,"A",1105,"D",150,"D",35,"D",455,"D",.,"A",.,"A"
"20161","03280942",55,0,"1",520,"D",130,"D",195,"D",520,"D",30,"D",.,"A",.,"A",390,"D",60,"D",.,"A",.,"A",.,"A",.,"A"
"20161","03280952",9,0,"1",390,"D",130,"D",.,"A",0,"D",0,"D",.,"A",.,"A",260,"D",0,"D",12,"D",156,"D",156,"D",12,"D"
"20161","03280962",20,0,"1",975,"D",195,"D",.,"A",0,"D",30,"D",.,"A",.,"A",780,"D",0,"D",.,"A",.,"A",.,"A",.,"A"
"20161","03280972",30,0,"1",1040,"D",260,"D",.,"A",0,"D",0,"D",.,"A",.,"A",780,"D",300,"D",42,"D",546,"D",.,"A",.,"A"
"20161","03280992",28,0,"1",2600,"D",390,"D",.,"A",0,"D",0,"D",.,"A",.,"A",2210,"D",0,"D",.,"A",.,"A",65,"D",5,"D"
"20161","03281012",17,0,"1",1625,"D",130,"D",.,"A",0,"D",0,"D",.,"A",.,"A",1495,"D",0,"D",6,"D",78,"D",.,"A",.,"A"
"20161","03281022",39,0,"1",1625,"D",520,"D",.,"A",260,"D",0,"D",.,"A",.,"A",1105,"D",150,"D",.,"A",.,"A",.,"A",.,"A"
"20161","03281032",22,0,"1",2925,"D",390,"D",.,"A",910,"D",0,"D",.,"A",.,"A",2535,"D",0,"D",.,"A",.,"A",.,"A",.,"A"
"20161","03281052",64,0,"1",1300,"D",325,"D",.,"A",1560,"D",0,"D",.,"A",.,"A",975,"D",90,"D",24,"D",312,"D",.,"A",.,"A"
"20161","03281072",46,0,"1",780,"D",130,"D",.,"A",260,"D",0,"D",.,"A",.,"A",650,"D",0,"D",.,"A",.,"A",.,"A",.,"A"
"20161","03281082",33,0,"1",910,"D",0,"D",.,"A",130,"D",0,"D",.,"A",.,"A",910,"D",0,"D",.,"A",.,"A",.,"A",.,"A"
"20161","03281104",18,0,"1",260,"D",26,"D",.,"A",325,"D",0,"D",.,"A",.,"A",234,"D",0,"D",.,"A",.,"A",.,"A",.,"A"
"20161","03281112",28,0,"1",2082,"F",.,"A",.,"A",1100,"F",0,"D",.,"A",.,"A",1715,"F",0,"D",.,"A",.,"A",.,"A",.,"A"
"20161","03281162",25,0,"1",780,"D",182,"D",.,"A",65,"D",0,"D",.,"A",.,"A",598,"D",0,"D",.,"A",.,"A",156,"D",12,"D"
"20161","03281252",40,0,"1",1625,"D",325,"D",.,"A",325,"D",0,"D",.,"A",.,"A",1300,"D",45,"D",.,"A",.,"A",.,"A",.,"A"
"20161","03281292",50,0,"1",1040,"D",260,"D",.,"A",130,"D",0,"D",.,"A",.,"A",780,"D",0,"D",.,"A",.,"A",.,"A",.,"A"
"20161","03281312",47,0,"1",520,"D",0,"D",.,"A",520,"D",0,"D",.,"A",.,"A",520,"D",0,"D",.,"A",.,"A",.,"A",.,"A"
"20161","03281332",14,0,"1",975,"D",195,"D",.,"A",195,"D",60,"D",.,"A",.,"A",780,"D",0,"D",.,"A",.,"A",.,"A",.,"A"
"20161","03281342",49,0,"1",1820,"D",65,"D",.,"A",910,"D",150,"D",.,"A",.,"A",1755,"D",75,"D",.,"A",.,"A",.,"A",.,"A"
"20161","03281372",25,0,"1",1300,"D",0,"D",.,"A",390,"D",0,"D",.,"A",150,"D",1300,"D",0,"D",.,"A",.,"A",.,"A",.,"A"
"20161","03281412",111,0,"1",1976,"D",390,"D",260,"D",325,"D",120,"D",5,"D",.,"A",1586,"D",720,"D",.,"A",.,"A",.,"A",.,"A"
"20161","03281422",11,0,"1",325,"D",0,"D",356,"F",648,"F",0,"D",.,"A",.,"A",325,"D",0,"D",.,"A",.,"A",.,"A",.,"A"
"20161","03281442",45,0,"1",1300,"D",0,"D",130,"D",455,"D",120,"D",.,"A",.,"A",1300,"D",390,"D",53,"D",689,"D",.,"A",.,"A"
"20161","03281452",32,0,"1",2275,"D",325,"D",.,"A",520,"D",0,"D",.,"A",.,"A",1950,"D",0,"D",.,"A",.,"A",.,"A",.,"A"
"20161","03281472",29,0,"1",3250,"D",325,"D",1300,"D",650,"D",134,"F",.,"A",.,"A",2925,"D",900,"D",.,"A",.,"A",.,"A",.,"A"
"20161","03281482",12,0,"1",585,"D",130,"D",.,"A",0,"D",0,"D",.,"A",.,"A",455,"D",60,"D",20,"D",260,"D",.,"A",.,"A"
"20161","03281502",46,0,"1",1950,"D",325,"D",.,"A",325,"D",0,"D",.,"A",.,"A",1625,"D",0,"D",.,"A",.,"A",.,"A",.,"A"
"20161","03292192",19,0,"1",585,"D",0,"D",.,"A",0,"D",0,"D",.,"A",.,"A",585,"D",0,"D",.,"A",.,"A",.,"A",.,"A"
"20161","03292202",36,0,"1",520,"D",130,"D",2600,"D",390,"D",60,"D",.,"A",.,"A",390,"D",195,"D",.,"A",.,"A",.,"A",.,"A"
"20161","03292212",62,0,"1",780,"D",130,"D",.,"A",975,"D",240,"D",.,"A",.,"A",650,"D",0,"D",.,"A",.,"A",.,"A",.,"A"
"20161","03292222",65,0,"1",1300,"D",650,"D",.,"A",910,"D",300,"D",.,"A",.,"A",650,"D",0,"D",.,"A",.,"A",.,"A",.,"A"
"20161","03292232",18,0,"1",1560,"D",260,"D",.,"A",390,"D",0,"D",.,"A",.,"A",1300,"D",0,"D",12,"D",156,"D",.,"A",.,"A"
"20161","03292292",16,0,"1",975,"D",130,"D",.,"A",0,"D",0,"D",.,"A",.,"A",845,"D",0,"D",10,"D",130,"D",.,"A",.,"A"
"20161","03292342",38,0,"1",1560,"D",520,"D",.,"A",260,"D",0,"D",.,"A",25,"D",1040,"D",0,"D",50,"D",650,"D",.,"A",.,"A"
"20161","03292352",46,0,"1",1300,"D",0,"D",.,"A",260,"D",0,"D",.,"A",150,"D",1300,"D",0,"D",.,"A",.,"A",.,"A",.,"A"
"20161","03292364",13,0,"1",650,"D",203,"F",260,"D",520,"D",0,"D",.,"A",.,"A",708,"F",0,"D",.,"A",.,"A",.,"A",.,"A"
"20161","03292382",51,0,"1",2600,"D",260,"D",.,"A",156,"D",0,"D",.,"A",18,"D",2340,"D",150,"D",.,"A",.,"A",.,"A",.,"A"
"20161","03292392",59,0,"1",1950,"D",585,"D",.,"A",650,"D",0,"D",.,"A",.,"A",1365,"D",0,"D",.,"A",.,"A",.,"A",.,"A"
"20161","03292402",13,0,"1",1950,"D",260,"D",.,"A",1040,"D",0,"D",.,"A",.,"A",1690,"D",0,"D",.,"A",.,"A",.,"A",.,"A"
"20161","03292412",54,0,"1",1040,"D",260,"D",130,"D",325,"D",0,"D",585,"D",.,"A",780,"D",75,"D",40,"D",520,"D",.,"A",.,"A"
"20161","03292422",14,0,"1",650,"D",192,"F",.,"A",325,"D",158,"F",.,"A",.,"A",721,"F",124,"F",.,"A",.,"A",.,"A",.,"A"
"20161","03292432",19,0,"1",3250,"D",195,"D",.,"A",1300,"D",6,"D",.,"A",.,"A",3055,"D",0,"D",.,"A",.,"A",.,"A",.,"A"
"20161","03292442",32,0,"1",2600,"D",130,"D",.,"A",390,"D",0,"D",.,"A",.,"A",2470,"D",0,"D",.,"A",.,"A",.,"A",.,"A"
"20161","03292462",33,0,"1",3250,"D",1300,"D",.,"A",364,"D",0,"D",.,"A",20,"D",1950,"D",0,"D",.,"A",.,"A",.,"A",.,"A"
"20161","03292482",20,0,"1",1300,"D",195,"D",.,"A",0,"D",0,"D",.,"A",.,"A",1105,"D",0,"D",.,"A",.,"A",.,"A",.,"A"
"20161","03292503",17,0,"1",780,"D",52,"D",.,"A",585,"D",0,"D",.,"A",.,"A",728,"D",0,"D",.,"A",.,"A",.,"A",.,"A"
"20161","03292512",20,0,"1",1300,"D",0,"D",520,"D",0,"D",0,"D",.,"A",.,"A",1300,"D",0,"D",.,"A",.,"A",.,"A",.,"A"
"20161","03292522",14,0,"1",1300,"D",262,"F",.,"A",0,"D",0,"D",.,"A",.,"A",834,"F",0,"D",.,"A",.,"A",.,"A",.,"A"
"20161","03292532",17,0,"1",1560,"D",130,"D",.,"A",650,"D",0,"D",.,"A",.,"A",1430,"D",0,"D",.,"A",.,"A",.,"A",.,"A"
"20161","03292562",28,0,"1",1300,"D",130,"D",.,"A",650,"D",0,"D",.,"A",100,"D",1170,"D",0,"D",.,"A",.,"A",.,"A",.,"A"
"20161","03292612",25,0,"1",1560,"D",195,"D",.,"A",260,"D",0,"D",.,"A",.,"A",1365,"D",0,"D",.,"A",.,"A",.,"A",.,"A"
"20161","03292642",27,0,"1",2194,"F",.,"A",.,"A",824,"F",211,"F",.,"A",.,"A",1755,"F",109,"F",.,"A",.,"A",.,"A",.,"A"
"20161","03292652",53,0,"1",5200,"D",380,"F",.,"A",1300,"D",120,"D",.,"A",.,"A",1440,"F",45,"D",30,"D",390,"D",.,"A",.,"A"
"20161","03292662",28,0,"1",910,"D",650,"D",.,"A",0,"D",0,"D",.,"A",.,"A",260,"D",0,"D",.,"A",.,"A",.,"A",.,"A"
"20161","03292672",27,0,"1",1950,"D",325,"D",.,"A",0,"D",0,"D",.,"A",.,"A",1625,"D",300,"D",.,"A",.,"A",.,"A",.,"A"
"20161","03292702",43,0,"1",2600,"D",455,"D",260,"D",780,"D",75,"D",.,"A",.,"A",2145,"D",120,"D",.,"A",.,"A",.,"A",.,"A"
"20161","03292712",13,0,"1",390,"D",39,"D",.,"A",0,"D",0,"D",.,"A",.,"A",351,"D",0,"D",8,"D",104,"D",.,"A",.,"A"
"20161","03292732",36,0,"1",325,"D",242,"F",.,"A",520,"D",209,"F",.,"A",.,"A",812,"F",150,"F",.,"A",.,"A",.,"A",.,"A"
"20161","03292752",32,0,"1",585,"D",0,"D",.,"A",260,"D",0,"D",.,"A",.,"A",585,"D",0,"D",.,"A",.,"A",.,"A",.,"A"
"20161","03292772",47,0,"1",1950,"D",650,"D",260,"D",260,"D",0,"D",.,"A",.,"A",1300,"D",144,"D",.,"A",.,"A",.,"A",.,"A"
"20161","03292792",36,0,"1",1625,"D",455,"D",.,"A",260,"D",0,"D",.,"A",.,"A",1170,"D",0,"D",.,"A",.,"A",.,"A",.,"A"
"20161","03292802",45,0,"1",1950,"D",390,"D",.,"A",260,"D",0,"D",.,"A",.,"A",1560,"D",0,"D",.,"A",.,"A",.,"A",.,"A"
"20161","03292812",24,0,"1",1820,"D",455,"D",.,"A",0,"D",0,"D",.,"A",.,"A",1365,"D",0,"D",.,"A",.,"A",.,"A",.,"A"
"20161","03292852",26,0,"1",3900,"D",260,"D",.,"A",650,"D",0,"D",.,"A",.,"A",3640,"D",0,"D",.,"A",.,"A",.,"A",.,"A"
"20161","03292862",54,0,"1",3250,"D",650,"D",.,"A",1300,"D",60,"D",.,"A",.,"A",2600,"D",90,"D",.,"A",.,"A",.,"A",.,"A"
"20161","03292872",29,0,"1",2600,"D",650,"D",390,"D",130,"D",0,"D",.,"A",.,"A",1950,"D",0,"D",.,"A",.,"A",.,"A",.,"A"
"20161","03292902",52,0,"1",780,"D",130,"D",520,"D",0,"D",0,"D",.,"A",.,"A",650,"D",60,"D",.,"A",.,"A",.,"A",.,"A"
"20161","03292922",41,0,"1",910,"D",130,"D",.,"A",0,"D",0,"D",.,"A",.,"A",780,"D",240,"D",65,"D",845,"D",.,"A",.,"A"
"20161","03292934",14,0,"1",260,"D",65,"D",.,"A",650,"D",30,"D",.,"A",.,"A",195,"D",0,"D",.,"A",.,"A",.,"A",.,"A"
"20161","03292942",24,0,"1",975,"D",195,"D",.,"A",975,"D",0,"D",.,"A",.,"A",780,"D",0,"D",.,"A",.,"A",.,"A",.,"A"
"20161","03292952",30,0,"1",3250,"D",975,"D",.,"A",260,"D",0,"D",.,"A",.,"A",2275,"D",0,"D",.,"A",.,"A",.,"A",.,"A"
"20161","03292972",48,0,"1",1300,"D",455,"D",195,"D",260,"D",0,"D",.,"A",.,"A",845,"D",90,"D",.,"A",.,"A",.,"A",.,"A"
"20161","03292992",33,0,"1",1300,"D",130,"D",.,"A",325,"D",0,"D",.,"A",.,"A",1170,"D",0,"D",.,"A",.,"A",.,"A",.,"A"
"20161","03293002",62,0,"1",2600,"D",650,"D",.,"A",1040,"D",0,"D",.,"A",.,"A",1950,"D",60,"D",.,"A",.,"A",.,"A",.,"A"
"20161","03293022",21,0,"1",960,"F",.,"A",.,"A",505,"F",0,"D",.,"A",.,"A",750,"F",0,"D",40,"D",520,"D",.,"A",.,"A"
"20161","03293032",28,0,"1",1950,"D",0,"D",.,"A",780,"D",0,"D",.,"A",.,"A",1950,"D",36,"D",.,"A",.,"A",.,"A",.,"A"
"20161","03293052",52,0,"1",1950,"D",416,"F",325,"D",520,"D",0,"D",.,"A",.,"A",1449,"F",720,"D",70,"D",910,"D",.,"A",.,"A"
"20161","03293112",53,0,"1",3575,"D",975,"D",325,"D",1300,"D",75,"D",.,"A",140,"D",2600,"D",60,"D",.,"A",.,"A",.,"A",.,"A"
"20161","03293172",39,0,"1",1560,"D",195,"D",.,"A",390,"D",0,"D",.,"A",.,"A",1365,"D",420,"D",.,"A",.,"A",.,"A",.,"A"
"20161","03293222",37,0,"1",2275,"D",975,"D",.,"A",390,"D",0,"D",.,"A",180,"D",1300,"D",300,"D",35,"D",455,"D",.,"A",.,"A"
"20161","03293232",26,0,"1",1950,"D",130,"D",.,"A",260,"D",0,"D",.,"A",.,"A",1820,"D",105,"D",.,"A",.,"A",.,"A",.,"A"
"20161","03293242",35,0,"1",1300,"D",0,"D",.,"A",520,"D",30,"D",.,"A",.,"A",1300,"D",0,"D",20,"D",260,"D",.,"A",.,"A"
"20161","03293272",12,0,"1",780,"D",130,"D",.,"A",390,"D",75,"D",.,"A",.,"A",650,"D",75,"D",.,"A",.,"A",.,"A",.,"A"
"20161","03293292",24,0,"1",520,"D",65,"D",.,"A",130,"D",150,"D",.,"A",.,"A",455,"D",60,"D",45,"D",585,"D",.,"A",.,"A"
"20161","03293302",57,0,"1",2600,"D",169,"D",.,"A",390,"D",0,"D",.,"A",225,"D",2431,"D",30,"D",.,"A",.,"A",.,"A",.,"A"
"20161","03293312",19,0,"1",1292,"F",.,"A",.,"A",0,"D",0,"D",.,"A",.,"A",1051,"F",0,"D",.,"A",.,"A",.,"A",.,"A"
"20161","03293332",37,0,"1",325,"D",0,"D",.,"A",3250,"D",0,"D",.,"A",.,"A",325,"D",0,"D",12,"D",156,"D",.,"A",.,"A"
"20161","03293342",18,0,"1",1300,"D",260,"D",.,"A",0,"D",0,"D",.,"A",.,"A",1040,"D",0,"D",.,"A",.,"A",.,"A",.,"A"
"20161","03293382",12,0,"1",325,"D",0,"D",.,"A",0,"D",0,"D",.,"A",.,"A",325,"D",0,"D",.,"A",.,"A",.,"A",.,"A"
"20161","03293392",10,0,"1",2600,"D",650,"D",.,"A",0,"D",0,"D",.,"A",.,"A",1950,"D",1050,"D",91,"D",1183,"D",.,"A",.,"A"
"20161","03293412",39,0,"1",1560,"D",780,"D",.,"A",780,"D",30,"D",.,"A",.,"A",780,"D",60,"D",30,"D",390,"D",.,"A",.,"A"
"20161","03293442",54,0,"1",1105,"D",130,"D",.,"A",0,"D",60,"D",.,"A",.,"A",975,"D",240,"D",10,"D",130,"D",.,"A",.,"A"
"20161","03293462",40,0,"1",1300,"D",390,"D",.,"A",1950,"D",75,"D",.,"A",.,"A",910,"D",75,"D",.,"A",.,"A",.,"A",.,"A"
"20161","03293472",14,0,"1",975,"D",260,"D",.,"A",0,"D",0,"D",.,"A",.,"A",715,"D",0,"D",40,"D",520,"D",.,"A",.,"A"
"20161","03293482",7,0,"1",0,"D",.,"A",260,"D",130,"D",0,"D",.,"A",.,"A",0,"D",0,"D",.,"A",.,"A",.,"A",.,"A"
"20161","03293492",36,0,"1",1950,"D",65,"D",.,"A",1300,"D",150,"D",.,"A",.,"A",1885,"D",150,"D",.,"A",.,"A",.,"A",.,"A"
"20161","03293522",22,0,"1",650,"D",0,"D",308,"F",0,"D",0,"D",.,"A",.,"A",650,"D",0,"D",40,"D",520,"D",.,"A",.,"A"
"20161","03293532",16,0,"1",429,"D",0,"D",247,"D",195,"D",0,"D",.,"A",.,"A",429,"D",0,"D",.,"A",.,"A",.,"A",.,"A"
"20161","03293582",66,0,"1",650,"D",0,"D",494,"D",910,"D",0,"D",.,"A",.,"A",650,"D",0,"D",.,"A",.,"A",.,"A",.,"A"
"20161","03293602",65,0,"1",2119,"D",325,"D",.,"A",910,"D",600,"D",.,"A",.,"A",1794,"D",450,"D",.,"A",.,"A",.,"A",.,"A"
"20161","03293612",60,0,"1",1950,"D",195,"D",.,"A",780,"D",0,"D",.,"A",120,"D",1755,"D",0,"D",.,"A",.,"A",.,"A",.,"A"
"20161","03293632",25,0,"1",1645,"F",.,"A",.,"A",818,"F",134,"F",.,"A",.,"A",1330,"F",130,"F",.,"A",.,"A",.,"A",.,"A"
"20161","03293662",26,0,"1",975,"D",0,"D",325,"D",0,"D",0,"D",.,"A",159,"D",975,"D",0,"D",60,"D",780,"D",.,"A",.,"A"
"20161","03293672",32,0,"1",2340,"D",520,"D",.,"A",390,"D",60,"D",.,"A",.,"A",1820,"D",75,"D",.,"A",.,"A",.,"A",.,"A"
"20161","03293682",64,0,"1",1105,"D",195,"D",390,"D",2925,"D",420,"D",.,"A",.,"A",910,"D",2250,"D",.,"A",.,"A",.,"A",.,"A"
"20161","03293702",17,0,"1",1560,"D",130,"D",.,"A",0,"D",0,"D",.,"A",.,"A",1430,"D",120,"D",25,"D",325,"D",.,"A",.,"A"
"20161","03293722",57,0,"1",325,"D",130,"D",130,"D",520,"D",0,"D",.,"A",.,"A",195,"D",0,"D",.,"A",.,"A",.,"A",.,"A"
"20161","03293732",38,0,"1",715,"D",260,"D",.,"A",325,"D",0,"D",.,"A",150,"D",455,"D",0,"D",.,"A",.,"A",.,"A",.,"A"
"20161","03293744",33,0,"1",975,"D",520,"D",.,"A",0,"D",0,"D",.,"A",.,"A",455,"D",0,"D",5,"D",65,"D",.,"A",.,"A"
"20161","03293752",21,0,"1",1950,"D",325,"D",.,"A",0,"D",60,"D",.,"A",.,"A",1625,"D",30,"D",.,"A",.,"A",.,"A",.,"A"
"20161","03293782",12,0,"1",0,"D",.,"A",.,"A",0,"D",0,"D",.,"A",.,"A",0,"D",0,"D",.,"A",.,"A",.,"A",.,"A"
"20161","03293802",50,0,"1",1131,"D",143,"D",26,"D",390,"D",0,"D",.,"A",.,"A",988,"D",0,"D",.,"A",.,"A",.,"A",.,"A"
"20161","03293822",21,0,"1",455,"D",0,"D",.,"A",0,"D",0,"D",.,"A",.,"A",455,"D",0,"D",.,"A",.,"A",.,"A",.,"A"
"20161","03293852",29,0,"1",2600,"D",325,"D",.,"A",0,"D",0,"D",.,"A",.,"A",2275,"D",0,"D",.,"A",.,"A",.,"A",.,"A"
"20161","03293862",30,0,"1",1950,"D",260,"D",.,"A",325,"D",0,"D",.,"A",.,"A",1690,"D",0,"D",.,"A",.,"A",.,"A",.,"A"
"20161","03293882",41,0,"1",2600,"D",650,"D",.,"A",0,"D",0,"D",.,"A",.,"A",1950,"D",180,"D",.,"A",.,"A",.,"A",.,"A"
"20161","03293892",11,0,"1",827,"F",.,"A",327,"F",260,"D",0,"D",.,"A",.,"A",674,"F",0,"D",.,"A",.,"A",.,"A",.,"A"
"20161","03293902",39,0,"1",1950,"D",390,"D",.,"A",975,"D",0,"D",.,"A",.,"A",1560,"D",90,"D",.,"A",.,"A",.,"A",.,"A"
"20161","03293914",6,0,"1",883,"F",.,"A",.,"A",534,"F",158,"F",.,"A",.,"A",721,"F",124,"F",.,"A",.,"A",.,"A",.,"A"
"20161","03293992",30,0,"1",1040,"D",130,"D",.,"A",260,"D",0,"D",.,"A",.,"A",910,"D",0,"D",.,"A",.,"A",.,"A",.,"A"
"20161","03294013",29,0,"1",2275,"D",325,"D",.,"A",455,"D",0,"D",.,"A",.,"A",1950,"D",105,"D",.,"A",.,"A",.,"A",.,"A"
"20161","03294022",19,0,"1",1300,"D",390,"D",.,"A",0,"D",0,"D",.,"A",.,"A",910,"D",0,"D",50,"D",650,"D",.,"A",.,"A"
"20161","03294032",39,0,"1",585,"D",130,"D",.,"A",65,"D",0,"D",.,"A",.,"A",455,"D",0,"D",.,"A",.,"A",.,"A",.,"A"
"20161","03294052",37,0,"1",650,"D",260,"D",65,"D",0,"D",60,"D",.,"A",.,"A",390,"D",30,"D",.,"A",.,"A",.,"A",.,"A"
"20161","03294072",46,0,"1",910,"D",260,"D",.,"A",650,"D",150,"D",.,"A",.,"A",650,"D",60,"D",.,"A",.,"A",.,"A",.,"A"
"20161","03294092",36,0,"1",1300,"D",260,"D",325,"D",1300,"D",510,"D",.,"A",.,"A",1040,"D",90,"D",.,"A",.,"A",.,"A",.,"A"
"20161","03294122",13,0,"1",871,"D",130,"D",.,"A",0,"D",0,"D",.,"A",.,"A",741,"D",0,"D",.,"A",.,"A",.,"A",.,"A"
"20161","03294142",36,0,"1",195,"D",39,"D",.,"A",0,"D",0,"D",.,"A",.,"A",156,"D",36,"D",.,"A",.,"A",.,"A",.,"A"
"20161","03294152",24,0,"1",520,"D",104,"D",.,"A",0,"D",134,"F",.,"A",.,"A",416,"D",130,"F",.,"A",.,"A",.,"A",.,"A"
"20161","03294162",24,0,"1",780,"D",260,"D",.,"A",260,"D",0,"D",.,"A",.,"A",520,"D",0,"D",.,"A",.,"A",.,"A",.,"A"
"20161","03294172",19,0,"1",585,"D",156,"D",.,"A",195,"D",0,"D",.,"A",.,"A",429,"D",240,"D",30,"D",390,"D",.,"A",.,"A"
"20161","03294202",95,0,"1",2925,"D",390,"D",.,"A",1300,"D",90,"D",325,"D",240,"D",2535,"D",60,"D",.,"A",.,"A",.,"A",.,"A"
"20161","03294222",34,0,"1",975,"D",130,"D",.,"A",130,"D",0,"D",.,"A",.,"A",845,"D",0,"D",.,"A",.,"A",.,"A",.,"A"
"20161","03294232",31,0,"1",2275,"D",1170,"D",65,"D",260,"D",0,"D",.,"A",.,"A",1105,"D",0,"D",.,"A",.,"A",.,"A",.,"A"
"20161","03294262",29,0,"1",1950,"D",390,"D",.,"A",325,"D",0,"D",.,"A",.,"A",1560,"D",0,"D",.,"A",.,"A",.,"A",.,"A"
"20161","03294274",34,0,"1",780,"D",260,"D",.,"A",910,"D",150,"D",.,"A",.,"A",520,"D",75,"D",.,"A",.,"A",.,"A",.,"A"
"20161","03294282",21,0,"1",1560,"D",260,"D",.,"A",390,"D",0,"D",.,"A",.,"A",1300,"D",45,"D",.,"A",.,"A",.,"A",.,"A"
"20161","03294322",21,0,"1",780,"D",65,"D",.,"A",65,"D",0,"D",.,"A",.,"A",715,"D",0,"D",.,"A",.,"A",.,"A",.,"A"
"20161","03294332",12,0,"1",845,"D",65,"D",.,"A",195,"D",0,"D",.,"A",.,"A",780,"D",240,"D",.,"A",.,"A",.,"A",.,"A"
"20161","03294342",51,0,"1",1300,"D",520,"D",520,"D",1300,"D",240,"D",.,"A",.,"A",780,"D",240,"D",.,"A",.,"A",.,"A",.,"A"
"20161","03294352",57,0,"1",2600,"D",260,"D",.,"A",1300,"D",0,"D",.,"A",.,"A",2340,"D",90,"D",.,"A",.,"A",.,"A",.,"A"
"20161","03294392",20,0,"1",780,"D",130,"D",.,"A",520,"D",0,"D",.,"A",.,"A",650,"D",0,"D",.,"A",.,"A",.,"A",.,"A"
"20161","03294452",39,0,"1",520,"D",0,"D",.,"A",260,"D",0,"D",.,"A",.,"A",520,"D",30,"D",.,"A",.,"A",.,"A",.,"A"
"20161","03294482",47,0,"1",3900,"D",520,"D",.,"A",325,"D",0,"D",.,"A",.,"A",3380,"D",0,"D",.,"A",.,"A",130,"D",10,"D"
"20161","03294512",13,0,"1",650,"D",0,"D",258,"F",325,"D",0,"D",.,"A",.,"A",650,"D",0,"D",.,"A",.,"A",.,"A",.,"A"
"20161","03294532",45,0,"1",3627,"D",0,"D",.,"A",117,"D",0,"D",.,"A",.,"A",3627,"D",0,"D",.,"A",.,"A",.,"A",.,"A"
"20161","03294542",15,0,"1",883,"F",.,"A",.,"A",534,"F",158,"F",.,"A",.,"A",721,"F",124,"F",.,"A",.,"A",.,"A",.,"A"
"20161","03294552",52,0,"1",1300,"D",325,"D",.,"A",780,"D",0,"D",.,"A",.,"A",975,"D",120,"D",35,"D",455,"D",.,"A",.,"A"
"20161","03294582",12,0,"1",1645,"F",.,"A",.,"A",818,"F",134,"F",.,"A",.,"A",1330,"F",130,"F",.,"A",.,"A",.,"A",.,"A"
"20161","03294602",23,0,"1",1300,"D",195,"D",.,"A",260,"D",0,"D",.,"A",.,"A",1105,"D",0,"D",50,"D",650,"D",.,"A",.,"A"
"20161","03294612",22,0,"1",1170,"D",260,"D",.,"A",0,"D",0,"D",.,"A",.,"A",910,"D",180,"D",.,"A",.,"A",91,"D",7,"D"
"20161","03294622",10,0,"1",1950,"D",520,"D",.,"A",0,"D",0,"D",258,"F",.,"A",1430,"D",0,"D",.,"A",.,"A",.,"A",.,"A"
"20161","03294632",36,0,"1",1300,"D",130,"D",.,"A",650,"D",0,"D",.,"A",.,"A",1170,"D",0,"D",.,"A",.,"A",.,"A",.,"A"
"20161","03294672",8,0,"1",910,"D",195,"D",.,"A",0,"D",0,"D",.,"A",.,"A",715,"D",0,"D",.,"A",.,"A",.,"A",.,"A"
"20161","03294692",43,0,"1",1625,"D",195,"D",.,"A",0,"D",0,"D",.,"A",.,"A",1430,"D",0,"D",35,"D",455,"D",.,"A",.,"A"
"20161","03294752",49,0,"1",7150,"D",650,"D",.,"A",975,"D",60,"D",.,"A",.,"A",6500,"D",120,"D",.,"A",.,"A",.,"A",.,"A"
"20161","03294812",48,0,"1",780,"D",195,"D",.,"A",195,"D",0,"D",.,"A",.,"A",585,"D",0,"D",.,"A",.,"A",.,"A",.,"A"
"20161","03294822",33,0,"1",2600,"D",130,"D",.,"A",3250,"D",0,"D",.,"A",.,"A",2470,"D",0,"D",.,"A",.,"A",.,"A",.,"A"
"20161","03294854",30,0,"1",975,"D",0,"D",.,"A",585,"D",0,"D",.,"A",.,"A",975,"D",0,"D",.,"A",.,"A",195,"D",15,"D"
"20161","03294862",33,0,"1",2600,"D",260,"D",.,"A",650,"D",0,"D",.,"A",51,"D",2340,"D",60,"D",.,"A",.,"A",455,"D",35,"D"
"20161","03294882",25,0,"1",0,"D",.,"A",.,"A",0,"D",0,"D",.,"A",.,"A",0,"D",0,"D",.,"A",.,"A",.,"A",.,"A"
"20161","03294942",11,0,"1",2275,"D",260,"D",.,"A",650,"D",0,"D",.,"A",.,"A",2015,"D",0,"D",.,"A",.,"A",.,"A",.,"A"
"20161","03294972",31,0,"1",1645,"F",.,"A",.,"A",818,"F",134,"F",.,"A",.,"A",1330,"F",75,"D",.,"A",.,"A",.,"A",.,"A"
"20161","03295022",55,0,"1",650,"D",0,"D",.,"A",975,"D",288,"D",.,"A",.,"A",650,"D",336,"D",.,"A",.,"A",.,"A",.,"A"
"20161","03295072",9,0,"1",3900,"D",650,"D",.,"A",0,"D",0,"D",.,"A",.,"A",3250,"D",0,"D",.,"A",.,"A",.,"A",.,"A"
"20161","03295092",35,0,"1",975,"D",0,"D",.,"A",0,"D",0,"D",.,"A",.,"A",975,"D",0,"D",.,"A",.,"A",.,"A",.,"A"
"20161","03295102",58,0,"1",1300,"D",65,"D",26,"D",195,"D",0,"D",.,"A",300,"D",1235,"D",12,"D",.,"A",.,"A",.,"A",.,"A"
"20161","03295132",43,0,"1",1300,"D",130,"D",.,"A",195,"D",0,"D",.,"A",.,"A",1170,"D",0,"D",.,"A",.,"A",.,"A",.,"A"
"20161","03295152",13,0,"1",1950,"D",325,"D",.,"A",650,"D",0,"D",.,"A",.,"A",1625,"D",0,"D",.,"A",.,"A",.,"A",.,"A"
"20161","03295162",24,0,"1",2340,"D",390,"D",.,"A",0,"D",121,"F",.,"A",.,"A",1950,"D",156,"F",.,"A",.,"A",.,"A",.,"A"
"20161","03295172",51,0,"1",390,"D",65,"D",13,"D",130,"D",113,"F",.,"A",.,"A",325,"D",15,"D",.,"A",.,"A",.,"A",.,"A"
"20161","03295192",19,0,"1",1950,"D",195,"D",.,"A",65,"D",0,"D",.,"A",.,"A",1755,"D",0,"D",.,"A",.,"A",.,"A",.,"A"
"20161","03295242",38,0,"1",1950,"D",390,"D",260,"D",975,"D",0,"D",.,"A",.,"A",1560,"D",0,"D",.,"A",.,"A",.,"A",.,"A"
"20161","03295252",17,0,"1",3250,"D",650,"D",130,"D",650,"D",0,"D",.,"A",.,"A",2600,"D",0,"D",.,"A",.,"A",.,"A",.,"A"
"20161","03295272",11,0,"1",650,"D",195,"D",.,"A",0,"D",0,"D",.,"A",.,"A",455,"D",0,"D",.,"A",.,"A",.,"A",.,"A"
"20161","03295282",27,0,"1",7800,"D",1300,"D",.,"A",1300,"D",0,"D",.,"A",100,"D",6500,"D",0,"D",.,"A",.,"A",.,"A",.,"A"
"20161","03295332",14,0,"1",0,"D",.,"A",.,"A",0,"D",0,"D",.,"A",.,"A",0,"D",0,"D",.,"A",.,"A",.,"A",.,"A"
"20161","03295362",55,0,"1",1300,"D",390,"D",650,"D",260,"D",15,"D",.,"A",.,"A",910,"D",240,"D",.,"A",.,"A",.,"A",.,"A"
"20161","03295382",29,0,"1",390,"D",65,"D",.,"A",0,"D",0,"D",.,"A",.,"A",325,"D",0,"D",.,"A",.,"A",.,"A",.,"A"
"20161","03295422",36,0,"1",845,"D",0,"D",.,"A",0,"D",0,"D",.,"A",.,"A",845,"D",0,"D",60,"D",780,"D",.,"A",.,"A"
"20161","03295462",17,0,"1",2600,"D",325,"D",.,"A",0,"D",0,"D",.,"A",.,"A",2275,"D",0,"D",21,"D",273,"D",.,"A",.,"A"
"20161","03295482",11,0,"1",585,"D",130,"D",.,"A",0,"D",0,"D",.,"A",.,"A",455,"D",0,"D",.,"A",.,"A",.,"A",.,"A"
"20161","03295492",50,0,"1",1300,"D",130,"D",.,"A",975,"D",0,"D",.,"A",.,"A",1170,"D",150,"D",.,"A",.,"A",.,"A",.,"A"
"20161","03295504",18,0,"1",1950,"D",650,"D",.,"A",130,"D",0,"D",.,"A",200,"D",1300,"D",0,"D",.,"A",.,"A",.,"A",.,"A"
"20161","03295512",50,0,"1",1560,"D",0,"D",.,"A",130,"D",0,"D",.,"A",.,"A",1560,"D",0,"D",.,"A",.,"A",.,"A",.,"A"
"20161","03295523",11,0,"1",1391,"D",0,"D",.,"A",0,"D",0,"D",.,"A",.,"A",1391,"D",0,"D",.,"A",.,"A",.,"A",.,"A"
"20161","03295552",27,0,"1",1560,"D",325,"D",.,"A",650,"D",150,"D",.,"A",.,"A",1235,"D",150,"D",.,"A",.,"A",.,"A",.,"A"
"20161","03295602",87,0,"1",3250,"D",650,"D",.,"A",156,"D",0,"D",.,"A",.,"A",2600,"D",75,"D",.,"A",.,"A",.,"A",.,"A"
"20161","03295622",33,0,"1",650,"D",0,"D",.,"A",195,"D",113,"F",.,"A",.,"A",650,"D",100,"F",.,"A",.,"A",.,"A",.,"A"
"20161","03295642",50,0,"1",1755,"D",780,"D",585,"D",260,"D",0,"D",.,"A",.,"A",975,"D",60,"D",.,"A",.,"A",.,"A",.,"A"
"20161","03295652",36,0,"1",2226,"F",.,"A",.,"A",857,"F",144,"F",.,"A",.,"A",1817,"F",128,"F",.,"A",.,"A",.,"A",.,"A"
"20161","03295672",16,0,"1",1040,"D",260,"D",.,"A",650,"D",0,"D",.,"A",.,"A",780,"D",30,"D",.,"A",.,"A",.,"A",.,"A"
"20161","03295692",89,0,"1",2158,"D",702,"D",.,"A",2210,"D",720,"D",.,"A",.,"A",1456,"D",300,"D",.,"A",.,"A",.,"A",.,"A"
"20161","03295702",18,0,"1",910,"D",130,"D",.,"A",0,"D",6,"D",.,"A",.,"A",780,"D",6,"D",.,"A",.,"A",.,"A",.,"A"
"20161","03295732",50,0,"1",2093,"D",390,"D",.,"A",3250,"D",450,"D",.,"A",.,"A",1703,"D",270,"D",.,"A",.,"A",325,"D",25,"D"
"20161","03295742",70,0,"1",2626,"D",221,"D",130,"D",650,"D",90,"D",.,"A",.,"A",2405,"D",30,"D",.,"A",.,"A",.,"A",.,"A"
"20161","03295752",28,0,"1",1831,"F",.,"A",.,"A",1131,"F",0,"D",.,"A",.,"A",1478,"F",6,"D",.,"A",.,"A",.,"A",.,"A"
"20161","03295762",23,0,"1",650,"D",260,"D",.,"A",130,"D",0,"D",.,"A",.,"A",390,"D",60,"D",15,"D",195,"D",.,"A",.,"A"
"20161","03295772",28,0,"1",325,"D",0,"D",.,"A",13,"D",0,"D",.,"A",.,"A",325,"D",0,"D",.,"A",.,"A",.,"A",.,"A"
"20161","03295782",29,0,"1",1170,"D",130,"D",.,"A",0,"D",0,"D",.,"A",.,"A",1040,"D",0,"D",.,"A",.,"A",.,"A",.,"A"
"20161","03295812",21,0,"1",520,"D",203,"F",207,"F",0,"D",113,"F",.,"A",.,"A",708,"F",100,"F",.,"A",.,"A",.,"A",.,"A"
"20161","03295832",37,0,"1",1300,"D",260,"D",.,"A",0,"D",0,"D",.,"A",.,"A",1040,"D",150,"D",30,"D",390,"D",.,"A",.,"A"
"20161","03295843",20,0,"1",260,"D",0,"D",.,"A",0,"D",0,"D",.,"A",.,"A",260,"D",0,"D",.,"A",.,"A",.,"A",.,"A"
"20161","03295872",12,0,"1",1625,"D",195,"D",.,"A",260,"D",0,"D",.,"A",.,"A",1430,"D",0,"D",.,"A",.,"A",.,"A",.,"A"
"20161","03295882",23,0,"1",910,"D",260,"D",.,"A",390,"D",450,"D",.,"A",.,"A",650,"D",90,"D",.,"A",.,"A",130,"D",10,"D"
"20161","03295902",16,0,"1",1625,"D",328,"F",.,"A",818,"F",6,"D",.,"A",.,"A",1330,"F",6,"D",.,"A",.,"A",.,"A",.,"A"
"20161","03295912",16,0,"1",1300,"D",130,"D",.,"A",534,"F",0,"D",.,"A",.,"A",1170,"D",0,"D",.,"A",.,"A",.,"A",.,"A"
"20161","03295932",16,0,"1",1040,"D",0,"D",.,"A",0,"D",0,"D",.,"A",.,"A",1040,"D",0,"D",.,"A",.,"A",.,"A",.,"A"
"20161","03295942",22,0,"1",1300,"D",390,"D",.,"A",390,"D",0,"D",.,"A",.,"A",910,"D",0,"D",.,"A",.,"A",.,"A",.,"A"
"20161","03295952",26,0,"1",3900,"D",0,"D",156,"D",1300,"D",0,"D",.,"A",.,"A",3900,"D",0,"D",.,"A",.,"A",.,"A",.,"A"
"20161","03295962",70,0,"1",975,"D",260,"D",.,"A",455,"D",240,"D",.,"A",.,"A",715,"D",120,"D",8,"D",104,"D",.,"A",.,"A"
"20161","03295972",12,0,"1",1040,"D",130,"D",.,"A",195,"D",0,"D",.,"A",.,"A",910,"D",90,"D",.,"A",.,"A",.,"A",.,"A"
"20161","03296002",59,0,"1",2340,"D",260,"D",.,"A",1300,"D",0,"D",.,"A",.,"A",2080,"D",30,"D",.,"A",.,"A",.,"A",.,"A"
"20161","03296042",10,0,"1",260,"D",65,"D",.,"A",260,"D",0,"D",.,"A",.,"A",195,"D",900,"D",84,"D",1092,"D",.,"A",.,"A"
"20161","03296052",55,0,"1",3250,"D",325,"D",.,"A",975,"D",90,"D",.,"A",.,"A",2925,"D",150,"D",.,"A",.,"A",.,"A",.,"A"
"20161","03296062",15,0,"1",650,"D",65,"D",.,"A",0,"D",0,"D",.,"A",.,"A",585,"D",0,"D",.,"A",.,"A",.,"A",.,"A"
"20161","03296102",42,0,"1",1300,"D",260,"D",.,"A",260,"D",0,"D",.,"A",.,"A",1040,"D",0,"D",.,"A",.,"A",.,"A",.,"A"
"20161","03296132",11,0,"1",585,"D",65,"D",.,"A",0,"D",0,"D",.,"A",.,"A",520,"D",0,"D",.,"A",.,"A",.,"A",.,"A"
"20161","03296142",19,0,"1",975,"D",325,"D",.,"A",195,"D",0,"D",.,"A",.,"A",650,"D",120,"D",.,"A",.,"A",.,"A",.,"A"
"20161","03296182",14,0,"1",455,"D",185,"F",.,"A",0,"D",0,"D",.,"A",.,"A",674,"F",0,"D",.,"A",.,"A",.,"A",.,"A"
"20161","03296202",35,0,"1",650,"D",130,"D",.,"A",325,"D",0,"D",.,"A",264,"D",520,"D",30,"D",.,"A",.,"A",.,"A",.,"A"
"20161","03296254",7,0,"1",520,"D",0,"D",.,"A",0,"D",0,"D",.,"A",.,"A",520,"D",0,"D",.,"A",.,"A",.,"A",.,"A"
"20161","03296263",24,0,"1",1560,"D",1300,"D",.,"A",260,"D",0,"D",.,"A",.,"A",260,"D",0,"D",.,"A",.,"A",.,"A",.,"A"
"20161","03296282",32,0,"1",1040,"D",260,"D",.,"A",78,"D",24,"D",.,"A",.,"A",780,"D",0,"D",10,"D",130,"D",.,"A",.,"A"
"20161","03296292",17,0,"1",1300,"D",195,"D",.,"A",0,"D",0,"D",.,"A",.,"A",1105,"D",60,"D",.,"A",.,"A",.,"A",.,"A"
"20161","03296312",29,0,"1",520,"D",130,"D",.,"A",65,"D",0,"D",.,"A",.,"A",390,"D",0,"D",.,"A",.,"A",.,"A",.,"A"
"20161","03296322",22,0,"1",2210,"D",325,"D",.,"A",857,"F",0,"D",.,"A",.,"A",1885,"D",0,"D",.,"A",.,"A",.,"A",.,"A"
"20161","03296332",13,0,"1",1040,"D",390,"D",520,"D",1040,"D",0,"D",.,"A",.,"A",650,"D",0,"D",.,"A",.,"A",.,"A",.,"A"
"20161","03296352",50,0,"1",1820,"D",520,"D",.,"A",403,"D",375,"D",.,"A",.,"A",1300,"D",150,"D",20,"D",260,"D",.,"A",.,"A"
"20161","03296362",28,0,"1",390,"D",65,"D",.,"A",260,"D",0,"D",650,"D",.,"A",325,"D",0,"D",.,"A",.,"A",.,"A",.,"A"
"20161","03296372",25,0,"1",780,"D",195,"D",.,"A",0,"D",0,"D",.,"A",.,"A",585,"D",0,"D",.,"A",.,"A",.,"A",.,"A"
"20161","03296382",30,0,"1",390,"D",104,"D",.,"A",130,"D",0,"D",.,"A",.,"A",286,"D",0,"D",.,"A",.,"A",.,"A",.,"A"
"20161","03296392",13,0,"1",650,"D",130,"D",390,"D",390,"D",75,"D",.,"A",.,"A",520,"D",75,"D",.,"A",.,"A",.,"A",.,"A"
"20161","03296412",17,0,"1",1300,"D",0,"D",.,"A",390,"D",0,"D",.,"A",.,"A",1300,"D",0,"D",.,"A",.,"A",.,"A",.,"A"
"20161","03296472",12,0,"1",883,"F",.,"A",258,"F",534,"F",158,"F",.,"A",.,"A",721,"F",124,"F",.,"A",.,"A",.,"A",.,"A"
"20161","03296492",11,0,"1",1300,"D",130,"D",.,"A",0,"D",0,"D",.,"A",.,"A",1170,"D",0,"D",.,"A",.,"A",.,"A",.,"A"
"20161","03296522",52,0,"1",3250,"D",715,"D",130,"D",1560,"D",135,"D",.,"A",.,"A",2535,"D",60,"D",.,"A",.,"A",.,"A",.,"A"
"20161","03296532",10,0,"1",883,"F",.,"A",258,"F",534,"F",158,"F",.,"A",.,"A",721,"F",124,"F",.,"A",.,"A",.,"A",.,"A"
"20161","03296572",30,0,"1",780,"D",260,"D",.,"A",0,"D",0,"D",.,"A",.,"A",520,"D",0,"D",.,"A",.,"A",.,"A",.,"A"
"20161","03296582",51,0,"1",2275,"D",572,"D",975,"D",455,"D",0,"D",.,"A",.,"A",1703,"D",0,"D",.,"A",.,"A",.,"A",.,"A"
"20161","03296602",39,0,"1",1755,"D",130,"D",.,"A",0,"D",0,"D",65,"D",.,"A",1625,"D",0,"D",.,"A",.,"A",.,"A",.,"A"
"20161","03296622",16,0,"1",827,"F",.,"A",.,"A",344,"F",86,"F",.,"A",.,"A",674,"F",114,"F",.,"A",.,"A",.,"A",.,"A"
"20161","03296632",31,0,"1",650,"D",260,"D",.,"A",260,"D",0,"D",.,"A",.,"A",390,"D",90,"D",.,"A",.,"A",.,"A",.,"A"
"20161","03296662",43,0,"1",5200,"D",1300,"D",.,"A",2600,"D",0,"D",.,"A",.,"A",3900,"D",0,"D",.,"A",.,"A",.,"A",.,"A"
"20161","03296672",25,0,"1",2275,"D",455,"D",.,"A",325,"D",36,"D",.,"A",.,"A",1820,"D",237,"D",.,"A",.,"A",.,"A",.,"A"
"20161","03296682",32,0,"1",1300,"D",260,"D",.,"A",780,"D",0,"D",.,"A",.,"A",1040,"D",0,"D",.,"A",.,"A",.,"A",.,"A"
"20161","03296702",36,0,"1",1625,"D",325,"D",.,"A",845,"D",0,"D",.,"A",.,"A",1300,"D",0,"D",.,"A",.,"A",.,"A",.,"A"
"20161","03296712",28,0,"1",1300,"D",130,"D",390,"D",1300,"D",150,"D",.,"A",.,"A",1170,"D",60,"D",.,"A",.,"A",.,"A",.,"A"
"20161","03296732",29,0,"1",650,"D",325,"D",.,"A",130,"D",45,"D",.,"A",.,"A",325,"D",90,"D",.,"A",.,"A",.,"A",.,"A"
"20161","03296812",67,0,"1",520,"D",195,"D",.,"A",130,"D",0,"D",.,"A",.,"A",325,"D",0,"D",.,"A",.,"A",.,"A",.,"A"
"20161","03296822",40,0,"1",1300,"D",260,"D",.,"A",650,"D",0,"D",.,"A",.,"A",1040,"D",180,"D",.,"A",.,"A",.,"A",.,"A"
"20161","03296832",16,0,"1",2600,"D",975,"D",1300,"D",650,"D",0,"D",.,"A",.,"A",1625,"D",150,"D",20,"D",260,"D",.,"A",.,"A"
"20161","03296852",38,0,"1",975,"D",195,"D",.,"A",260,"D",0,"D",.,"A",.,"A",780,"D",0,"D",.,"A",.,"A",.,"A",.,"A"
"20161","03296862",13,0,"1",1040,"D",130,"D",.,"A",260,"D",600,"D",.,"A",.,"A",910,"D",300,"D",.,"A",.,"A",.,"A",.,"A"
"20161","03296872",36,0,"1",1625,"D",130,"D",.,"A",260,"D",30,"D",.,"A",.,"A",1495,"D",0,"D",.,"A",.,"A",.,"A",.,"A"
"20161","03296882",28,0,"1",3250,"D",325,"D",.,"A",650,"D",0,"D",.,"A",60,"D",2925,"D",60,"D",.,"A",.,"A",.,"A",.,"A"
"20161","03296902",32,0,"1",1300,"D",130,"D",.,"A",650,"D",0,"D",.,"A",.,"A",1170,"D",0,"D",.,"A",.,"A",.,"A",.,"A"
"20161","03296922",38,0,"1",1300,"D",390,"D",.,"A",0,"D",0,"D",.,"A",.,"A",910,"D",120,"D",.,"A",.,"A",.,"A",.,"A"
"20161","03296932",29,0,"1",650,"D",260,"D",.,"A",65,"D",45,"D",313,"D",.,"A",390,"D",60,"D",.,"A",.,"A",.,"A",.,"A"
"20161","03296962",20,0,"1",1347,"F",.,"A",.,"A",546,"F",123,"F",.,"A",.,"A",1079,"F",92,"F",.,"A",.,"A",.,"A",.,"A"
"20161","03296972",29,0,"1",975,"D",156,"D",.,"A",130,"D",0,"D",.,"A",.,"A",819,"D",0,"D",.,"A",.,"A",.,"A",.,"A"
"20161","03296982",12,0,"1",650,"D",0,"D",.,"A",390,"D",0,"D",.,"A",.,"A",650,"D",0,"D",14,"D",182,"D",.,"A",.,"A"
"20161","03296992",23,0,"1",650,"D",325,"D",65,"D",130,"D",0,"D",.,"A",.,"A",325,"D",0,"D",.,"A",.,"A",.,"A",.,"A"
"20161","03297004",32,0,"1",1950,"D",260,"D",.,"A",1300,"D",0,"D",.,"A",.,"A",1690,"D",0,"D",.,"A",.,"A",.,"A",.,"A"
"20161","03297012",28,0,"1",1560,"D",390,"D",650,"D",1300,"D",60,"D",.,"A",.,"A",1170,"D",120,"D",.,"A",.,"A",.,"A",.,"A"
"20161","03297032",40,0,"1",3900,"D",520,"D",.,"A",650,"D",0,"D",.,"A",168,"D",3380,"D",180,"D",.,"A",.,"A",.,"A",.,"A"
"20161","03297042",13,0,"1",1950,"D",650,"D",.,"A",0,"D",0,"D",.,"A",.,"A",1300,"D",0,"D",.,"A",.,"A",.,"A",.,"A"
"20161","03297052",23,0,"1",975,"D",130,"D",.,"A",0,"D",0,"D",.,"A",.,"A",845,"D",0,"D",.,"A",.,"A",.,"A",.,"A"
"20161","03297082",24,0,"1",520,"D",260,"D",130,"D",195,"D",0,"D",.,"A",.,"A",260,"D",0,"D",.,"A",.,"A",.,"A",.,"A"
"20161","03297092",29,0,"1",780,"D",0,"D",.,"A",260,"D",0,"D",.,"A",.,"A",780,"D",0,"D",.,"A",.,"A",.,"A",.,"A"
"20161","03297102",25,0,"1",650,"D",0,"D",.,"A",260,"D",0,"D",.,"A",.,"A",650,"D",480,"D",40,"D",520,"D",.,"A",.,"A"
"20161","03297182",43,0,"1",3250,"D",650,"D",1300,"D",2600,"D",300,"D",.,"A",.,"A",2600,"D",300,"D",.,"A",.,"A",.,"A",.,"A"
"20161","03297242",18,0,"1",1300,"D",520,"D",260,"D",0,"D",0,"D",.,"A",.,"A",780,"D",0,"D",.,"A",.,"A",.,"A",.,"A"
"20161","03297292",38,0,"1",1300,"D",130,"D",.,"A",1040,"D",0,"D",.,"A",.,"A",1170,"D",90,"D",.,"A",.,"A",.,"A",.,"A"
"20161","03297322",32,0,"1",1625,"D",455,"D",.,"A",390,"D",0,"D",.,"A",.,"A",1170,"D",0,"D",50,"D",650,"D",.,"A",.,"A"
"20161","03297332",16,0,"1",325,"D",65,"D",.,"A",650,"D",0,"D",.,"A",.,"A",260,"D",0,"D",.,"A",.,"A",.,"A",.,"A"
"20161","03297352",25,0,"1",975,"D",0,"D",.,"A",520,"D",600,"D",.,"A",.,"A",975,"D",120,"D",.,"A",.,"A",.,"A",.,"A"
"20161","03297362",23,0,"1",845,"D",130,"D",.,"A",845,"D",0,"D",.,"A",.,"A",715,"D",0,"D",.,"A",.,"A",.,"A",.,"A"
"20161","03297402",36,0,"1",650,"D",0,"D",.,"A",325,"D",0,"D",.,"A",.,"A",650,"D",0,"D",.,"A",.,"A",.,"A",.,"A"
"20161","03297422",40,0,"1",3250,"D",650,"D",.,"A",650,"D",0,"D",.,"A",.,"A",2600,"D",0,"D",.,"A",.,"A",.,"A",.,"A"
"20161","03297432",30,0,"1",1560,"D",390,"D",65,"D",1300,"D",195,"D",.,"A",.,"A",1170,"D",60,"D",.,"A",.,"A",.,"A",.,"A"
"20161","03297442",15,0,"1",650,"D",520,"D",.,"A",780,"D",0,"D",.,"A",.,"A",130,"D",0,"D",.,"A",.,"A",.,"A",.,"A"
"20161","03297452",15,0,"1",1645,"F",.,"A",.,"A",390,"D",134,"F",.,"A",.,"A",1330,"F",130,"F",.,"A",.,"A",.,"A",.,"A"
"20161","03297472",14,0,"1",520,"D",260,"D",.,"A",130,"D",0,"D",.,"A",.,"A",260,"D",0,"D",.,"A",.,"A",.,"A",.,"A"
"20161","03297482",18,0,"1",1950,"D",260,"D",.,"A",0,"D",0,"D",.,"A",0,"D",1690,"D",30,"D",.,"A",.,"A",.,"A",.,"A"
"20161","03297492",15,0,"1",2600,"D",425,"F",.,"A",650,"F",0,"D",.,"A",.,"A",1676,"F",0,"D",.,"A",.,"A",.,"A",.,"A"
"20161","03297502",34,0,"1",195,"D",78,"D",.,"A",0,"D",0,"D",.,"A",.,"A",117,"D",0,"D",.,"A",.,"A",.,"A",.,"A"
"20161","03297512",25,0,"1",1625,"D",325,"D",.,"A",650,"D",0,"D",.,"A",.,"A",1300,"D",0,"D",.,"A",.,"A",.,"A",.,"A"
"20161","03297523",31,0,"1",5200,"D",780,"D",.,"A",780,"D",0,"D",.,"A",.,"A",4420,"D",60,"D",.,"A",.,"A",.,"A",.,"A"
"20161","03297532",17,0,"1",650,"D",130,"D",.,"A",130,"D",0,"D",.,"A",.,"A",520,"D",0,"D",.,"A",.,"A",.,"A",.,"A"
"20161","03297542",26,0,"1",1300,"D",65,"D",.,"A",520,"D",0,"D",.,"A",.,"A",1235,"D",0,"D",.,"A",.,"A",.,"A",.,"A"
"20161","03297552",77,0,"1",1300,"D",325,"D",.,"A",390,"D",84,"D",.,"A",.,"A",975,"D",338,"F",.,"A",.,"A",.,"A",.,"A"
"20161","03297602",22,0,"1",1300,"D",260,"D",.,"A",0,"D",0,"D",.,"A",.,"A",1040,"D",30,"D",50,"D",650,"D",.,"A",.,"A"
"20161","03297632",17,0,"1",650,"D",0,"D",650,"D",260,"D",0,"D",.,"A",.,"A",650,"D",0,"D",.,"A",.,"A",.,"A",.,"A"
"20161","03297642",106,0,"1",3250,"D",780,"D",.,"A",1560,"D",480,"D",.,"A",.,"A",2470,"D",360,"D",.,"A",.,"A",.,"A",.,"A"
"20161","03297672",19,0,"1",1300,"D",260,"D",.,"A",65,"D",0,"D",.,"A",.,"A",1040,"D",0,"D",6,"D",78,"D",.,"A",.,"A"
"20161","03297722",25,0,"1",910,"D",91,"D",.,"A",1300,"D",30,"D",.,"A",.,"A",819,"D",0,"D",.,"A",.,"A",.,"A",.,"A"
"20161","03297732",39,0,"1",1625,"D",390,"D",.,"A",2600,"D",360,"D",.,"A",.,"A",1235,"D",300,"D",.,"A",.,"A",.,"A",.,"A"
"20161","03297742",32,0,"1",1690,"D",260,"D",.,"A",0,"D",0,"D",.,"A",.,"A",1430,"D",60,"D",.,"A",.,"A",.,"A",.,"A"
"20161","03297752",54,0,"1",1625,"D",195,"D",.,"A",650,"D",0,"D",.,"A",150,"D",1430,"D",0,"D",.,"A",.,"A",.,"A",.,"A"
"20161","03297772",29,0,"1",325,"D",65,"D",.,"A",65,"D",60,"D",.,"A",.,"A",260,"D",180,"D",25,"D",325,"D",.,"A",.,"A"
"20161","03297802",36,0,"1",5200,"D",390,"D",.,"A",650,"D",0,"D",.,"A",.,"A",4810,"D",0,"D",.,"A",.,"A",.,"A",.,"A"
"20161","03297822",72,0,"1",1950,"D",650,"D",.,"A",975,"D",0,"D",.,"A",412,"F",1300,"D",60,"D",.,"A",.,"A",.,"A",.,"A"
"20161","03297872",6,0,"1",883,"F",.,"A",.,"A",534,"F",158,"F",.,"A",.,"A",721,"F",124,"F",.,"A",.,"A",.,"A",.,"A"
"20161","03297894",16,0,"1",1950,"D",328,"F",.,"A",818,"F",0,"D",.,"A",.,"A",1330,"F",0,"D",.,"A",.,"A",.,"A",.,"A"
"20161","03297902",66,0,"1",1040,"D",260,"D",.,"A",130,"D",0,"D",.,"A",.,"A",780,"D",0,"D",.,"A",.,"A",.,"A",.,"A"
"20161","03297912",65,0,"1",1300,"D",260,"D",.,"A",1300,"D",0,"D",.,"A",.,"A",1040,"D",0,"D",.,"A",.,"A",.,"A",.,"A"
"20161","03297922",15,0,"1",650,"D",192,"F",258,"F",650,"D",0,"D",.,"A",.,"A",721,"F",0,"D",.,"A",.,"A",.,"A",.,"A"
"20161","03297962",13,0,"1",1300,"D",336,"F",356,"F",325,"D",0,"D",.,"A",.,"A",1569,"F",0,"D",.,"A",.,"A",.,"A",.,"A"
"20161","03297972",13,0,"1",1560,"D",130,"D",.,"A",0,"D",0,"D",.,"A",.,"A",1430,"D",0,"D",50,"D",650,"D",.,"A",.,"A"
"20161","03297982",35,0,"1",260,"D",65,"D",.,"A",52,"D",0,"D",.,"A",.,"A",195,"D",450,"D",.,"A",.,"A",.,"A",.,"A"
"20161","03298012",32,0,"1",2275,"D",325,"D",.,"A",325,"D",0,"D",.,"A",.,"A",1950,"D",0,"D",.,"A",.,"A",.,"A",.,"A"
"20161","03298042",58,0,"1",260,"D",0,"D",65,"D",910,"D",180,"D",.,"A",.,"A",260,"D",60,"D",.,"A",.,"A",.,"A",.,"A"
"20161","03298062",42,0,"1",1066,"D",0,"D",.,"A",520,"D",0,"D",.,"A",.,"A",1066,"D",0,"D",.,"A",.,"A",.,"A",.,"A"
"20161","03298082",30,0,"1",975,"D",0,"D",326,"F",650,"D",0,"D",.,"A",.,"A",975,"D",0,"D",.,"A",.,"A",.,"A",.,"A"
"20161","03298102",36,0,"1",390,"D",130,"D",.,"A",260,"D",0,"D",.,"A",.,"A",260,"D",0,"D",.,"A",.,"A",.,"A",.,"A"
"20161","03298132",20,0,"1",1950,"D",390,"D",.,"A",650,"D",0,"D",.,"A",.,"A",1560,"D",0,"D",.,"A",.,"A",65,"D",5,"D"
"20161","03298152",29,0,"1",1625,"D",325,"D",.,"A",325,"D",6,"D",.,"A",240,"D",1300,"D",6,"D",.,"A",.,"A",.,"A",.,"A"
"20161","03298163",43,0,"1",975,"D",325,"D",325,"D",520,"D",300,"D",2275,"D",.,"A",650,"D",300,"D",.,"A",.,"A",.,"A",.,"A"
"20161","03298183",23,0,"1",1950,"D",390,"D",.,"A",390,"D",0,"D",.,"A",.,"A",1560,"D",0,"D",25,"D",325,"D",.,"A",.,"A"
"20161","03298192",51,0,"1",845,"D",325,"D",.,"A",520,"D",0,"D",.,"A",.,"A",520,"D",180,"D",.,"A",.,"A",.,"A",.,"A"
"20161","03298232",12,0,"1",780,"D",130,"D",.,"A",0,"D",0,"D",.,"A",.,"A",650,"D",0,"D",.,"A",.,"A",195,"D",15,"D"
"20161","03298242",25,0,"1",1300,"D",325,"D",.,"A",130,"D",0,"D",.,"A",.,"A",975,"D",60,"D",.,"A",.,"A",.,"A",.,"A"
"20161","03298252",44,0,"1",1300,"D",390,"D",.,"A",0,"D",0,"D",.,"A",.,"A",910,"D",0,"D",.,"A",.,"A",.,"A",.,"A"
"20161","03298262",49,0,"1",1300,"D",195,"D",.,"A",1300,"D",90,"D",.,"A",.,"A",1105,"D",240,"D",.,"A",.,"A",.,"A",.,"A"
"20161","03298292",40,0,"1",4550,"D",1950,"D",.,"A",1300,"D",0,"D",.,"A",120,"D",2600,"D",360,"D",.,"A",.,"A",.,"A",.,"A"
"20161","03298302",41,0,"1",1300,"D",130,"D",1040,"D",780,"D",72,"D",.,"A",.,"A",1170,"D",0,"D",.,"A",.,"A",.,"A",.,"A"
"20161","03298312",22,0,"1",1950,"D",260,"D",.,"A",390,"D",0,"D",.,"A",.,"A",1690,"D",0,"D",.,"A",.,"A",.,"A",.,"A"
"20161","03298342",47,0,"1",390,"D",65,"D",65,"D",325,"D",0,"D",.,"A",.,"A",325,"D",0,"D",.,"A",.,"A",.,"A",.,"A"
"20161","03298362",60,0,"1",3250,"D",650,"D",.,"A",520,"D",300,"D",.,"A",.,"A",2600,"D",90,"D",.,"A",.,"A",.,"A",.,"A"
"20161","03298412",37,0,"1",1365,"D",585,"D",.,"A",650,"D",0,"D",325,"D",.,"A",780,"D",240,"D",28,"D",364,"D",.,"A",.,"A"
"20161","03298482",19,0,"1",1950,"D",390,"D",.,"A",661,"F",0,"D",.,"A",.,"A",1560,"D",0,"D",.,"A",.,"A",.,"A",.,"A"
"20161","03298522",25,0,"1",780,"D",0,"D",.,"A",0,"D",0,"D",.,"A",.,"A",780,"D",0,"D",100,"D",1300,"D",.,"A",.,"A"
"20161","03298532",10,0,"1",780,"D",260,"D",.,"A",0,"D",0,"D",.,"A",.,"A",520,"D",0,"D",.,"A",.,"A",.,"A",.,"A"
"20161","03298562",24,0,"1",1300,"D",325,"D",.,"A",390,"D",0,"D",.,"A",.,"A",975,"D",0,"D",.,"A",.,"A",.,"A",.,"A"
"20161","03298612",21,0,"1",975,"D",195,"D",.,"A",1625,"D",0,"D",.,"A",.,"A",780,"D",0,"D",.,"A",.,"A",.,"A",.,"A"
"20161","03298672",35,0,"1",1625,"D",325,"D",.,"A",390,"D",6,"D",.,"A",.,"A",1300,"D",6,"D",.,"A",.,"A",.,"A",.,"A"
"20161","03298704",14,0,"1",975,"D",0,"D",.,"A",0,"D",0,"D",.,"A",.,"A",975,"D",0,"D",.,"A",.,"A",.,"A",.,"A"
"20161","03298712",31,0,"1",1625,"D",325,"D",1300,"D",520,"D",0,"D",.,"A",.,"A",1300,"D",0,"D",100,"D",1300,"D",.,"A",.,"A"
"20161","03298732",24,0,"1",1105,"D",195,"D",.,"A",650,"D",121,"F",.,"A",.,"A",910,"D",156,"F",.,"A",.,"A",.,"A",.,"A"
"20161","03298762",33,0,"1",260,"D",39,"D",65,"D",0,"D",0,"D",.,"A",.,"A",221,"D",0,"D",.,"A",.,"A",.,"A",.,"A"
"20161","03298783",18,0,"1",1950,"D",325,"D",.,"A",1040,"D",0,"D",.,"A",.,"A",1625,"D",0,"D",.,"A",.,"A",.,"A",.,"A"
"20161","03298822",17,0,"1",975,"D",130,"D",.,"A",0,"D",0,"D",.,"A",.,"A",845,"D",0,"D",.,"A",.,"A",.,"A",.,"A"
"20161","03298842",29,0,"1",650,"D",130,"D",.,"A",260,"D",0,"D",.,"A",.,"A",520,"D",0,"D",.,"A",.,"A",.,"A",.,"A"
"20161","03298852",32,0,"1",2275,"D",520,"D",.,"A",520,"D",0,"D",.,"A",.,"A",1755,"D",0,"D",.,"A",.,"A",.,"A",.,"A"
"20161","03298862",33,0,"1",1625,"D",130,"D",.,"A",455,"D",0,"D",.,"A",.,"A",1495,"D",90,"D",.,"A",.,"A",.,"A",.,"A"
"20161","03298882",11,0,"1",520,"D",65,"D",.,"A",130,"D",0,"D",325,"D",.,"A",455,"D",0,"D",.,"A",.,"A",.,"A",.,"A"
"20161","03298902",85,0,"1",4550,"D",1105,"D",.,"A",325,"D",0,"D",.,"A",180,"D",3445,"D",330,"D",.,"A",.,"A",.,"A",.,"A"
"20161","03298922",28,0,"1",1040,"D",195,"D",.,"A",325,"D",360,"D",.,"A",.,"A",845,"D",90,"D",.,"A",.,"A",.,"A",.,"A"
"20161","03298932",15,0,"1",975,"D",328,"F",.,"A",0,"D",0,"D",.,"A",.,"A",1330,"F",0,"D",.,"A",.,"A",.,"A",.,"A"
"20161","03298972",36,0,"1",1300,"D",390,"D",.,"A",260,"D",120,"D",.,"A",.,"A",910,"D",120,"D",.,"A",.,"A",.,"A",.,"A"
"20161","03299022",47,0,"1",1300,"D",260,"D",.,"A",772,"F",150,"F",.,"A",.,"A",1040,"D",149,"F",.,"A",.,"A",.,"A",.,"A"
"20161","03299062",24,0,"1",1950,"D",390,"D",.,"A",975,"D",0,"D",.,"A",.,"A",1560,"D",0,"D",.,"A",.,"A",.,"A",.,"A"
"20161","03299072",32,0,"1",780,"D",0,"D",.,"A",195,"D",120,"D",.,"A",.,"A",780,"D",75,"D",70,"D",910,"D",.,"A",.,"A"
"20161","03299092",10,0,"1",390,"D",350,"F",.,"A",390,"D",0,"D",.,"A",.,"A",1211,"F",90,"D",.,"A",.,"A",.,"A",.,"A"
"20161","03299102",24,0,"1",975,"D",260,"D",.,"A",1300,"D",0,"D",.,"A",.,"A",715,"D",0,"D",.,"A",.,"A",.,"A",.,"A"
"20161","03299112",39,0,"1",1300,"D",910,"D",.,"A",0,"D",0,"D",.,"A",.,"A",390,"D",0,"D",.,"A",.,"A",390,"D",30,"D"
"20161","03299122",26,0,"1",2600,"D",195,"D",.,"A",1300,"D",0,"D",.,"A",.,"A",2405,"D",18,"D",.,"A",.,"A",.,"A",.,"A"
"20161","03299132",19,0,"1",780,"D",130,"D",.,"A",410,"F",0,"D",.,"A",.,"A",650,"D",0,"D",.,"A",.,"A",.,"A",.,"A"
"20161","03299142",24,0,"1",1560,"D",130,"D",.,"A",325,"D",0,"D",.,"A",.,"A",1430,"D",0,"D",.,"A",.,"A",.,"A",.,"A"
"20161","03299152",48,0,"1",1300,"D",130,"D",.,"A",1300,"D",0,"D",.,"A",.,"A",1170,"D",30,"D",.,"A",.,"A",.,"A",.,"A"
"20161","03299162",27,0,"1",1300,"D",260,"D",.,"A",0,"D",0,"D",.,"A",.,"A",1040,"D",0,"D",.,"A",.,"A",.,"A",.,"A"
"20161","03299192",27,0,"1",1950,"D",650,"D",.,"A",260,"D",0,"D",.,"A",.,"A",1300,"D",0,"D",.,"A",.,"A",.,"A",.,"A"
"20161","03299202",68,0,"1",1560,"D",156,"D",.,"A",650,"D",6,"D",.,"A",.,"A",1404,"D",6,"D",.,"A",.,"A",.,"A",.,"A"
"20161","03299212",14,0,"1",1027,"D",65,"D",.,"A",364,"D",0,"D",.,"A",.,"A",962,"D",0,"D",.,"A",.,"A",.,"A",.,"A"
"20161","03299242",8,0,"1",1645,"F",.,"A",.,"A",818,"F",134,"F",.,"A",.,"A",1330,"F",130,"F",.,"A",.,"A",.,"A",.,"A"
"20161","03299262",18,0,"1",2600,"D",409,"F",.,"A",857,"F",0,"D",.,"A",.,"A",1817,"F",0,"D",.,"A",.,"A",.,"A",.,"A"
"20161","03299392",47,0,"1",1040,"D",0,"D",.,"A",650,"D",150,"D",.,"A",.,"A",1040,"D",0,"D",.,"A",.,"A",.,"A",.,"A"
"20161","03299402",19,0,"1",650,"D",195,"D",.,"A",0,"D",6,"D",.,"A",.,"A",455,"D",6,"D",.,"A",.,"A",.,"A",.,"A"
"20161","03299412",33,0,"1",260,"D",0,"D",.,"A",0,"D",0,"D",.,"A",.,"A",260,"D",0,"D",.,"A",.,"A",.,"A",.,"A"
"20161","03299432",38,0,"1",975,"D",0,"D",.,"A",0,"D",0,"D",.,"A",.,"A",975,"D",0,"D",.,"A",.,"A",.,"A",.,"A"
"20161","03299442",67,0,"1",2600,"D",650,"D",.,"A",1300,"D",240,"D",.,"A",.,"A",1950,"D",150,"D",10,"D",130,"D",.,"A",.,"A"
"20161","03299462",52,0,"1",1040,"D",130,"D",130,"D",650,"D",0,"D",.,"A",.,"A",910,"D",30,"D",.,"A",.,"A",.,"A",.,"A"
"20161","03299482",39,0,"1",1950,"D",325,"D",.,"A",390,"D",0,"D",.,"A",.,"A",1625,"D",0,"D",.,"A",.,"A",130,"D",10,"D"
"20161","03299502",40,0,"1",1040,"D",130,"D",.,"A",104,"D",0,"D",.,"A",.,"A",910,"D",120,"D",.,"A",.,"A",.,"A",.,"A"
"20161","03299512",20,0,"1",1625,"D",325,"D",.,"A",390,"D",0,"D",.,"A",.,"A",1300,"D",0,"D",.,"A",.,"A",.,"A",.,"A"
"20161","03299522",68,0,"1",4940,"D",1950,"D",.,"A",650,"D",0,"D",.,"A",110,"D",2990,"D",90,"D",35,"D",455,"D",.,"A",.,"A"
"20161","03299562",34,0,"1",975,"D",65,"D",.,"A",195,"D",0,"D",.,"A",.,"A",910,"D",0,"D",.,"A",.,"A",.,"A",.,"A"
"20161","03299572",32,0,"1",1625,"D",325,"D",.,"A",325,"D",0,"D",.,"A",.,"A",1300,"D",0,"D",.,"A",.,"A",.,"A",.,"A"
"20161","03299602",46,0,"1",1560,"D",0,"D",.,"A",598,"D",0,"D",.,"A",200,"D",1560,"D",0,"D",.,"A",.,"A",.,"A",.,"A"
"20161","03299622",19,0,"1",2600,"D",260,"D",.,"A",780,"D",0,"D",.,"A",.,"A",2340,"D",120,"D",.,"A",.,"A",.,"A",.,"A"
"20161","03299632",30,0,"1",1560,"D",260,"D",.,"A",1040,"D",0,"D",.,"A",.,"A",1300,"D",0,"D",.,"A",.,"A",.,"A",.,"A"
"20161","03299652",28,0,"1",1300,"D",260,"D",.,"A",0,"D",0,"D",.,"A",.,"A",1040,"D",0,"D",.,"A",.,"A",.,"A",.,"A"
"20161","03299702",53,0,"1",1950,"D",260,"D",.,"A",1950,"D",90,"D",.,"A",.,"A",1690,"D",90,"D",.,"A",.,"A",.,"A",.,"A"
"20161","03299732",20,0,"1",1950,"D",0,"D",.,"A",650,"D",0,"D",.,"A",.,"A",1950,"D",0,"D",.,"A",.,"A",.,"A",.,"A"
"20161","03299762",17,0,"1",883,"F",.,"A",.,"A",534,"F",158,"F",.,"A",.,"A",721,"F",124,"F",.,"A",.,"A",.,"A",.,"A"
"20161","03299812",28,0,"1",780,"D",130,"D",.,"A",130,"D",0,"D",.,"A",.,"A",650,"D",0,"D",16,"D",208,"D",.,"A",.,"A"
"20161","03299832",53,0,"1",1950,"D",0,"D",.,"A",9750,"D",155,"F",.,"A",.,"A",1950,"D",175,"F",.,"A",.,"A",.,"A",.,"A"
"20161","03299842",27,0,"1",1300,"D",520,"D",325,"D",0,"D",0,"D",.,"A",.,"A",780,"D",0,"D",.,"A",.,"A",.,"A",.,"A"
"20161","03299852",33,0,"1",3575,"D",780,"D",.,"A",0,"D",0,"D",.,"A",.,"A",2795,"D",0,"D",.,"A",.,"A",.,"A",.,"A"
"20161","03299932",48,0,"1",1625,"D",0,"D",.,"A",130,"D",0,"D",.,"A",.,"A",1625,"D",60,"D",.,"A",.,"A",.,"A",.,"A"
"20161","03299952",45,0,"1",650,"D",195,"D",.,"A",260,"D",0,"D",.,"A",.,"A",455,"D",30,"D",.,"A",.,"A",.,"A",.,"A"
"20161","03299962",36,0,"1",2600,"D",585,"D",.,"A",1300,"D",60,"D",.,"A",.,"A",2015,"D",150,"D",.,"A",.,"A",.,"A",.,"A"
"20161","03299974",6,0,"1",520,"D",260,"D",.,"A",0,"D",0,"D",.,"A",.,"A",260,"D",0,"D",.,"A",.,"A",.,"A",.,"A"
"20161","03300002",40,0,"1",1950,"D",650,"D",.,"A",260,"D",0,"D",.,"A",.,"A",1300,"D",0,"D",.,"A",.,"A",.,"A",.,"A"
"20161","03300012",26,0,"1",1300,"D",260,"D",.,"A",650,"D",150,"D",.,"A",.,"A",1040,"D",120,"D",.,"A",.,"A",.,"A",.,"A"
"20161","03300022",47,0,"1",5200,"D",650,"D",.,"A",715,"D",45,"D",.,"A",138,"D",4550,"D",120,"D",.,"A",.,"A",.,"A",.,"A"
"20161","03300032",22,0,"1",520,"D",0,"D",.,"A",0,"D",0,"D",.,"A",.,"A",520,"D",0,"D",.,"A",.,"A",.,"A",.,"A"
"20161","03300042",8,0,"1",0,"D",.,"A",260,"D",195,"D",0,"D",.,"A",.,"A",0,"D",0,"D",.,"A",.,"A",.,"A",.,"A"
"20161","03300072",81,0,"1",195,"D",65,"D",.,"A",1300,"D",0,"D",.,"A",.,"A",130,"D",0,"D",.,"A",.,"A",.,"A",.,"A"
"20161","03300092",76,0,"1",5330,"D",884,"D",.,"A",0,"D",0,"D",.,"A",.,"A",4446,"D",0,"D",.,"A",.,"A",.,"A",.,"A"
"20161","03300112",36,0,"1",1300,"D",65,"D",.,"A",260,"D",0,"D",.,"A",.,"A",1235,"D",0,"D",.,"A",.,"A",.,"A",.,"A"
"20161","03300122",39,0,"1",1950,"D",520,"D",65,"D",195,"D",0,"D",.,"A",.,"A",1430,"D",30,"D",.,"A",.,"A",.,"A",.,"A"
"20161","03300132",12,0,"1",2600,"D",650,"D",.,"A",0,"D",0,"D",.,"A",.,"A",1950,"D",0,"D",.,"A",.,"A",.,"A",.,"A"
"20161","03300152",42,0,"1",1300,"D",130,"D",.,"A",325,"D",0,"D",.,"A",.,"A",1170,"D",0,"D",.,"A",.,"A",.,"A",.,"A"
"20161","03300162",18,0,"1",1950,"D",0,"D",.,"A",260,"D",0,"D",.,"A",.,"A",1950,"D",0,"D",.,"A",.,"A",.,"A",.,"A"
"20161","03300174",19,0,"1",130,"D",26,"D",.,"A",0,"D",0,"D",.,"A",.,"A",104,"D",0,"D",.,"A",.,"A",.,"A",.,"A"
"20161","03300192",47,0,"1",6500,"D",325,"D",.,"A",1495,"D",0,"D",.,"A",.,"A",6175,"D",0,"D",.,"A",.,"A",.,"A",.,"A"
"20161","03300202",27,0,"1",520,"D",130,"D",.,"A",0,"D",0,"D",.,"A",.,"A",390,"D",0,"D",.,"A",.,"A",.,"A",.,"A"
"20161","03300232",35,0,"1",0,"D",.,"A",.,"A",650,"D",45,"D",.,"A",.,"A",0,"D",42,"D",.,"A",.,"A",.,"A",.,"A"
"20161","03300242",31,0,"1",975,"D",260,"D",.,"A",455,"D",0,"D",.,"A",.,"A",715,"D",0,"D",.,"A",.,"A",.,"A",.,"A"
"20161","03300262",18,0,"1",1950,"D",260,"D",.,"A",0,"D",0,"D",.,"A",.,"A",1690,"D",0,"D",.,"A",.,"A",.,"A",.,"A"
"20161","03300272",49,0,"1",1300,"D",260,"D",.,"A",650,"D",0,"D",.,"A",.,"A",1040,"D",36,"D",10,"D",130,"D",.,"A",.,"A"
"20161","03300302",29,0,"1",1950,"D",130,"D",.,"A",390,"D",0,"D",.,"A",.,"A",1820,"D",0,"D",.,"A",.,"A",.,"A",.,"A"
"20161","03300322",21,0,"1",2275,"D",130,"D",.,"A",260,"D",0,"D",.,"A",.,"A",2145,"D",180,"D",.,"A",.,"A",.,"A",.,"A"
"20161","03300342",28,0,"1",910,"D",156,"D",.,"A",390,"D",0,"D",.,"A",.,"A",754,"D",0,"D",.,"A",.,"A",.,"A",.,"A"
"20161","03300364",10,0,"1",780,"D",195,"D",.,"A",0,"D",0,"D",.,"A",.,"A",585,"D",0,"D",.,"A",.,"A",.,"A",.,"A"
"20161","03300392",31,0,"1",910,"D",260,"D",.,"A",390,"D",0,"D",.,"A",.,"A",650,"D",0,"D",.,"A",.,"A",.,"A",.,"A"
"20161","03300402",29,0,"1",2600,"D",26,"D",.,"A",195,"D",211,"F",.,"A",.,"A",2574,"D",109,"F",.,"A",.,"A",.,"A",.,"A"
"20161","03300412",37,0,"1",1950,"D",325,"D",195,"D",650,"D",0,"D",.,"A",.,"A",1625,"D",180,"D",.,"A",.,"A",.,"A",.,"A"
"20161","03300422",49,0,"1",5200,"D",650,"D",.,"A",650,"D",0,"D",.,"A",300,"D",4550,"D",0,"D",.,"A",.,"A",.,"A",.,"A"
"20161","03300472",46,0,"1",1300,"D",260,"D",260,"D",1300,"D",0,"D",.,"A",.,"A",1040,"D",60,"D",.,"A",.,"A",.,"A",.,"A"
"20161","03300512",19,0,"1",585,"D",130,"D",.,"A",91,"D",0,"D",.,"A",.,"A",455,"D",0,"D",.,"A",.,"A",.,"A",.,"A"
"20161","03300522",18,0,"1",1950,"D",130,"D",.,"A",260,"D",0,"D",.,"A",.,"A",1820,"D",0,"D",.,"A",.,"A",.,"A",.,"A"
"20161","03300552",32,0,"1",2600,"D",650,"D",.,"A",1300,"D",0,"D",.,"A",.,"A",1950,"D",0,"D",.,"A",.,"A",.,"A",.,"A"
"20161","03300582",25,0,"1",2600,"D",260,"D",.,"A",0,"D",0,"D",.,"A",.,"A",2340,"D",0,"D",50,"D",650,"D",.,"A",.,"A"
"20161","03300622",46,0,"1",1040,"D",260,"D",65,"D",156,"D",30,"D",.,"A",.,"A",780,"D",210,"D",.,"A",.,"A",.,"A",.,"A"
"20161","03300632",18,0,"1",234,"D",130,"D",.,"A",0,"D",0,"D",.,"A",.,"A",104,"D",0,"D",.,"A",.,"A",.,"A",.,"A"
"20161","03300692",35,0,"1",3900,"D",0,"D",130,"D",1300,"D",300,"D",.,"A",.,"A",3900,"D",150,"D",.,"A",.,"A",.,"A",.,"A"
"20161","03300702",25,0,"1",1300,"D",26,"D",.,"A",910,"D",150,"D",.,"A",.,"A",1274,"D",600,"D",.,"A",.,"A",.,"A",.,"A"
"20161","03300712",78,0,"1",1300,"D",260,"D",.,"A",1300,"D",300,"D",.,"A",.,"A",1040,"D",178,"F",30,"D",390,"D",.,"A",.,"A"
"20161","03300722",26,0,"1",3250,"D",1625,"D",.,"A",975,"D",0,"D",.,"A",200,"D",1625,"D",150,"D",.,"A",.,"A",.,"A",.,"A"
"20161","03300732",19,0,"1",975,"D",325,"D",.,"A",260,"D",0,"D",.,"A",.,"A",650,"D",120,"D",.,"A",.,"A",.,"A",.,"A"
"20161","03300742",24,0,"1",1560,"D",260,"D",.,"A",780,"D",0,"D",.,"A",.,"A",1300,"D",0,"D",.,"A",.,"A",.,"A",.,"A"
"20161","03300762",35,0,"1",1625,"D",390,"D",260,"D",650,"D",0,"D",.,"A",.,"A",1235,"D",30,"D",.,"A",.,"A",.,"A",.,"A"
"20161","03300792",58,0,"1",1430,"D",390,"D",.,"A",650,"D",300,"D",.,"A",.,"A",1040,"D",150,"D",.,"A",.,"A",.,"A",.,"A"
"20161","03300802",20,0,"1",1300,"D",130,"D",.,"A",975,"D",0,"D",.,"A",.,"A",1170,"D",0,"D",16,"D",208,"D",.,"A",.,"A"
"20161","03300822",84,0,"1",975,"D",260,"D",.,"A",650,"D",300,"D",.,"A",.,"A",715,"D",300,"D",.,"A",.,"A",.,"A",.,"A"
"20161","03300832",19,0,"1",494,"D",130,"D",65,"D",26,"D",0,"D",.,"A",.,"A",364,"D",0,"D",.,"A",.,"A",.,"A",.,"A"
"20161","03300852",28,0,"1",910,"D",260,"D",.,"A",975,"D",60,"D",.,"A",.,"A",650,"D",120,"D",.,"A",.,"A",.,"A",.,"A"
"20161","03300872",20,0,"1",1300,"D",130,"D",.,"A",260,"D",0,"D",.,"A",.,"A",1170,"D",0,"D",.,"A",.,"A",.,"A",.,"A"
"20161","03300882",28,0,"1",1950,"D",455,"D",.,"A",1040,"D",0,"D",.,"A",.,"A",1495,"D",0,"D",.,"A",.,"A",.,"A",.,"A"
"20161","03300912",12,0,"1",650,"D",130,"D",.,"A",0,"D",0,"D",.,"A",.,"A",520,"D",0,"D",.,"A",.,"A",.,"A",.,"A"
"20161","03300922",39,0,"1",975,"D",195,"D",.,"A",520,"D",600,"D",.,"A",.,"A",780,"D",120,"D",4,"D",52,"D",.,"A",.,"A"
"20161","03300942",16,0,"1",2600,"D",208,"D",.,"A",1950,"D",135,"D",.,"A",.,"A",2392,"D",105,"D",.,"A",.,"A",.,"A",.,"A"
"20161","03300952",13,0,"1",780,"D",65,"D",.,"A",390,"D",0,"D",.,"A",.,"A",715,"D",0,"D",.,"A",.,"A",.,"A",.,"A"
"20161","03300962",45,0,"1",1742,"D",442,"D",130,"D",0,"D",0,"D",.,"A",.,"A",1300,"D",120,"D",.,"A",.,"A",.,"A",.,"A"
"20161","03300972",24,0,"1",1950,"D",195,"D",.,"A",585,"D",0,"D",.,"A",.,"A",1755,"D",60,"D",.,"A",.,"A",233,"F",.,"C"
"20161","03301002",37,0,"1",1300,"D",0,"D",.,"A",650,"D",0,"D",.,"A",.,"A",1300,"D",0,"D",.,"A",.,"A",.,"A",.,"A"
"20161","03301052",29,0,"1",1300,"D",390,"D",.,"A",0,"D",0,"D",.,"A",.,"A",910,"D",121,"F",50,"D",650,"D",.,"A",.,"A"
"20161","03301062",19,0,"1",1300,"D",0,"D",26,"D",0,"D",0,"D",.,"A",130,"D",1300,"D",90,"D",7,"D",91,"D",.,"A",.,"A"
"20161","03301074",24,0,"1",650,"D",0,"D",.,"A",130,"D",0,"D",.,"A",.,"A",650,"D",120,"D",8,"D",104,"D",.,"A",.,"A"
"20161","03301112",38,0,"1",1300,"D",390,"D",260,"D",130,"D",0,"D",.,"A",100,"D",910,"D",18,"D",.,"A",.,"A",.,"A",.,"A"
"20161","03301122",11,0,"1",650,"D",65,"D",.,"A",104,"D",0,"D",.,"A",.,"A",585,"D",0,"D",25,"D",325,"D",.,"A",.,"A"
"20161","03301162",80,0,"1",2600,"D",1300,"D",390,"D",1950,"D",150,"D",.,"A",.,"A",1300,"D",240,"D",.,"A",.,"A",.,"A",.,"A"
"20161","03301172",17,0,"1",1300,"D",390,"D",.,"A",325,"D",0,"D",.,"A",.,"A",910,"D",0,"D",.,"A",.,"A",.,"A",.,"A"
"20161","03301192",33,0,"1",1300,"D",520,"D",.,"A",325,"D",270,"D",.,"A",.,"A",780,"D",60,"D",.,"A",.,"A",.,"A",.,"A"
"20161","03301202",63,0,"1",3900,"D",650,"D",.,"A",1950,"D",0,"D",.,"A",.,"A",3250,"D",150,"D",.,"A",.,"A",.,"A",.,"A"
"20161","03301212",43,0,"1",1300,"D",325,"D",.,"A",650,"D",240,"D",.,"A",.,"A",975,"D",60,"D",.,"A",.,"A",.,"A",.,"A"
"20161","03301232",42,0,"1",910,"D",260,"D",.,"A",0,"D",0,"D",.,"A",.,"A",650,"D",0,"D",.,"A",.,"A",.,"A",.,"A"
"20161","03301242",45,0,"1",3900,"D",650,"D",.,"A",1950,"D",0,"D",.,"A",24,"D",3250,"D",0,"D",.,"A",.,"A",.,"A",.,"A"
"20161","03301262",21,0,"1",975,"D",65,"D",.,"A",2600,"D",150,"D",.,"A",.,"A",910,"D",90,"D",.,"A",.,"A",.,"A",.,"A"
"20161","03301272",29,0,"1",1196,"D",325,"D",.,"A",260,"D",0,"D",.,"A",.,"A",871,"D",0,"D",.,"A",.,"A",.,"A",.,"A"
"20161","03301282",21,0,"1",6500,"D",1300,"D",.,"A",650,"D",0,"D",.,"A",.,"A",5200,"D",0,"D",.,"A",.,"A",.,"A",.,"A"
"20161","03301292",48,0,"1",650,"D",195,"D",.,"A",650,"D",0,"D",.,"A",.,"A",455,"D",0,"D",.,"A",.,"A",.,"A",.,"A"
"20161","03301312",15,0,"1",975,"D",130,"D",.,"A",0,"D",0,"D",.,"A",.,"A",845,"D",0,"D",.,"A",.,"A",.,"A",.,"A"
"20161","03301322",33,0,"1",2600,"D",390,"D",260,"D",0,"D",0,"D",.,"A",.,"A",2210,"D",0,"D",.,"A",.,"A",.,"A",.,"A"
"20161","03301342",29,0,"1",1950,"D",390,"D",.,"A",780,"D",0,"D",.,"A",.,"A",1560,"D",300,"D",.,"A",.,"A",.,"A",.,"A"
"20161","03301362",60,0,"1",1170,"D",0,"D",.,"A",455,"D",0,"D",.,"A",.,"A",1170,"D",45,"D",.,"A",.,"A",.,"A",.,"A"
"20161","03301372",27,0,"1",3900,"D",1625,"D",.,"A",1625,"D",0,"D",.,"A",.,"A",2275,"D",0,"D",60,"D",780,"D",.,"A",.,"A"
"20161","03301412",32,0,"1",2600,"D",650,"D",.,"A",3900,"D",300,"D",.,"A",.,"A",1950,"D",300,"D",100,"D",1300,"D",.,"A",.,"A"
"20161","03301432",36,0,"1",2340,"D",260,"D",195,"D",0,"D",0,"D",.,"A",.,"A",2080,"D",0,"D",.,"A",.,"A",.,"A",.,"A"
"20161","03301452",46,0,"1",1820,"D",0,"D",.,"A",0,"D",24,"D",.,"A",.,"A",1820,"D",0,"D",80,"D",1040,"D",.,"A",.,"A"
"20161","03301462",48,0,"1",1625,"D",65,"D",65,"D",1300,"D",0,"D",.,"A",195,"D",1560,"D",0,"D",.,"A",.,"A",.,"A",.,"A"
"20161","03301492",17,0,"1",2080,"D",520,"D",.,"A",0,"D",0,"D",.,"A",.,"A",1560,"D",0,"D",.,"A",.,"A",.,"A",.,"A"
"20161","03301522",33,0,"1",1645,"F",.,"A",318,"F",0,"D",0,"D",.,"A",.,"A",1330,"F",0,"D",.,"A",.,"A",.,"A",.,"A"
"20161","03301542",15,0,"1",1950,"D",325,"D",.,"A",0,"D",0,"D",.,"A",.,"A",1625,"D",300,"D",.,"A",.,"A",195,"D",15,"D"
"20161","03301552",48,0,"1",1950,"D",195,"D",.,"A",0,"D",0,"D",.,"A",.,"A",1755,"D",0,"D",.,"A",.,"A",.,"A",.,"A"
"20161","03301572",41,0,"1",1950,"D",650,"D",.,"A",195,"D",0,"D",.,"A",163,"D",1300,"D",90,"D",.,"A",.,"A",.,"A",.,"A"
"20161","03301592",39,0,"1",1300,"D",65,"D",.,"A",1300,"D",6,"D",.,"A",.,"A",1235,"D",6,"D",.,"A",.,"A",.,"A",.,"A"
"20161","03301624",35,0,"1",2275,"D",260,"D",.,"A",585,"D",0,"D",.,"A",740,"D",2015,"D",0,"D",.,"A",.,"A",.,"A",.,"A"
"20161","03301632",11,0,"1",1625,"D",0,"D",.,"A",520,"D",60,"D",.,"A",.,"A",1625,"D",75,"D",.,"A",.,"A",.,"A",.,"A"
"20161","03301644",72,0,"1",1625,"D",260,"D",.,"A",1950,"D",75,"D",30,"D",.,"A",1365,"D",75,"D",.,"A",.,"A",.,"A",.,"A"
"20161","03301662",21,0,"1",1950,"D",650,"D",.,"A",195,"D",0,"D",.,"A",.,"A",1300,"D",150,"D",10,"D",130,"D",.,"A",.,"A"
"20161","03301704",7,0,"1",650,"D",325,"D",.,"A",260,"D",0,"D",.,"A",.,"A",325,"D",0,"D",.,"A",.,"A",.,"A",.,"A"
"20161","03301772",9,0,"1",910,"D",130,"D",.,"A",0,"D",0,"D",.,"A",.,"A",780,"D",0,"D",.,"A",.,"A",.,"A",.,"A"
"20161","03301792",22,0,"1",1430,"D",0,"D",.,"A",130,"D",0,"D",.,"A",.,"A",1430,"D",18,"D",.,"A",.,"A",.,"A",.,"A"
"20161","03301812",33,0,"1",1170,"D",520,"D",.,"A",2600,"D",0,"D",.,"A",.,"A",650,"D",0,"D",.,"A",.,"A",.,"A",.,"A"
"20161","03301832",48,0,"1",650,"D",195,"D",.,"A",2600,"D",0,"D",.,"A",.,"A",455,"D",45,"D",.,"A",.,"A",.,"A",.,"A"
"20161","03301862",27,0,"1",650,"D",0,"D",.,"A",0,"D",0,"D",.,"A",.,"A",650,"D",0,"D",.,"A",.,"A",.,"A",.,"A"
"20161","03301872",28,0,"1",1950,"D",910,"D",.,"A",520,"D",90,"D",.,"A",.,"A",1040,"D",180,"D",.,"A",.,"A",.,"A",.,"A"
"20161","03301882",26,0,"1",1560,"D",260,"D",.,"A",520,"D",0,"D",.,"A",.,"A",1300,"D",0,"D",36,"D",468,"D",.,"A",.,"A"
"20161","03301902",26,0,"1",455,"D",65,"D",65,"D",0,"D",0,"D",.,"A",.,"A",390,"D",0,"D",.,"A",.,"A",.,"A",.,"A"
"20161","03301912",15,0,"1",3900,"D",195,"D",.,"A",0,"D",0,"D",.,"A",.,"A",3705,"D",0,"D",.,"A",.,"A",.,"A",.,"A"
"20161","03301932",88,0,"1",2730,"D",650,"D",1300,"D",650,"D",36,"D",.,"A",.,"A",2080,"D",60,"D",.,"A",.,"A",.,"A",.,"A"
"20161","03301952",35,0,"1",260,"D",0,"D",.,"A",26,"D",0,"D",.,"A",.,"A",260,"D",0,"D",.,"A",.,"A",.,"A",.,"A"
"20161","03301962",60,0,"1",1300,"D",260,"D",195,"D",1300,"D",75,"D",.,"A",.,"A",1040,"D",24,"D",.,"A",.,"A",.,"A",.,"A"
"20161","03301972",20,0,"1",975,"D",0,"D",.,"A",0,"D",0,"D",.,"A",.,"A",975,"D",0,"D",.,"A",.,"A",.,"A",.,"A"
"20161","03301992",15,0,"1",1950,"D",780,"D",.,"A",0,"D",0,"D",.,"A",.,"A",1170,"D",0,"D",.,"A",.,"A",.,"A",.,"A"
"20161","03302012",52,0,"1",1625,"D",455,"D",.,"A",260,"D",0,"D",.,"A",.,"A",1170,"D",225,"D",24,"D",312,"D",.,"A",.,"A"
"20161","03302023",41,0,"1",1950,"D",0,"D",.,"A",975,"D",135,"D",.,"A",.,"A",1950,"D",30,"D",.,"A",.,"A",.,"A",.,"A"
"20161","03302042",26,0,"1",325,"D",91,"D",.,"A",780,"D",180,"D",.,"A",.,"A",234,"D",240,"D",.,"A",.,"A",.,"A",.,"A"
"20161","03302052",30,0,"1",2184,"D",364,"D",13,"D",0,"D",0,"D",.,"A",.,"A",1820,"D",0,"D",.,"A",.,"A",.,"A",.,"A"
"20161","03302062",49,0,"1",585,"D",130,"D",.,"A",650,"D",192,"D",.,"A",.,"A",455,"D",120,"D",.,"A",.,"A",.,"A",.,"A"
"20161","03302082",42,0,"1",2405,"D",715,"D",.,"A",130,"D",0,"D",.,"A",.,"A",1690,"D",0,"D",.,"A",.,"A",.,"A",.,"A"
"20161","03302092",17,0,"1",910,"D",65,"D",.,"A",0,"D",0,"D",.,"A",.,"A",845,"D",0,"D",.,"A",.,"A",.,"A",.,"A"
"20161","03302102",37,0,"1",1170,"D",0,"D",130,"D",442,"D",0,"D",.,"A",.,"A",1170,"D",0,"D",.,"A",.,"A",.,"A",.,"A"
"20161","03302112",26,0,"1",780,"D",302,"F",.,"A",910,"D",0,"D",.,"A",.,"A",1110,"F",60,"D",.,"A",.,"A",.,"A",.,"A"
"20161","03302132",40,0,"1",65,"D",0,"D",1625,"D",390,"D",0,"D",.,"A",.,"A",65,"D",30,"D",.,"A",.,"A",.,"A",.,"A"
"20161","03302142",40,0,"1",2600,"D",195,"D",.,"A",780,"D",45,"D",.,"A",.,"A",2405,"D",90,"D",.,"A",.,"A",.,"A",.,"A"
"20161","03302152",45,0,"1",780,"D",130,"D",.,"A",0,"D",45,"D",.,"A",.,"A",650,"D",180,"D",.,"A",.,"A",.,"A",.,"A"
"20161","03302172",52,0,"1",2600,"D",650,"D",.,"A",650,"D",0,"D",.,"A",375,"D",1950,"D",36,"D",.,"A",.,"A",.,"A",.,"A"
"20161","03302212",69,0,"1",1300,"D",325,"D",494,"D",975,"D",60,"D",.,"A",.,"A",975,"D",300,"D",.,"A",.,"A",.,"A",.,"A"
"20161","03302242",57,0,"1",2600,"D",1040,"D",.,"A",1300,"D",0,"D",.,"A",153,"F",1560,"D",120,"D",.,"A",.,"A",.,"A",.,"A"
"20161","03302312",18,0,"1",0,"D",.,"A",.,"A",534,"F",0,"D",.,"A",.,"A",0,"D",0,"D",.,"A",.,"A",.,"A",.,"A"
"20161","03302322",46,0,"1",3250,"D",975,"D",.,"A",260,"D",0,"D",.,"A",.,"A",2275,"D",120,"D",.,"A",.,"A",.,"A",.,"A"
"20161","03302332",22,0,"1",910,"D",130,"D",.,"A",130,"D",0,"D",.,"A",.,"A",780,"D",0,"D",.,"A",.,"A",.,"A",.,"A"
"20161","03302372",16,0,"1",650,"D",195,"D",.,"A",325,"D",0,"D",.,"A",.,"A",455,"D",0,"D",.,"A",.,"A",.,"A",.,"A"
"20161","03302382",28,0,"1",975,"D",65,"D",.,"A",0,"D",0,"D",.,"A",.,"A",910,"D",60,"D",.,"A",.,"A",.,"A",.,"A"
"20161","03302392",31,0,"1",1430,"D",130,"D",.,"A",1300,"D",45,"D",.,"A",.,"A",1300,"D",300,"D",.,"A",.,"A",.,"A",.,"A"
"20161","03302422",81,0,"1",754,"D",78,"D",.,"A",1300,"D",137,"F",.,"A",.,"A",676,"D",0,"D",.,"A",.,"A",.,"A",.,"A"
"20161","03302452",93,0,"1",1950,"D",260,"D",.,"A",390,"D",0,"D",.,"A",.,"A",1690,"D",36,"D",.,"A",.,"A",.,"A",.,"A"
"20161","03302472",15,0,"1",1365,"D",325,"D",.,"A",130,"D",0,"D",.,"A",.,"A",1040,"D",0,"D",.,"A",.,"A",.,"A",.,"A"
"20161","03302492",57,0,"1",975,"D",130,"D",.,"A",390,"D",0,"D",.,"A",.,"A",845,"D",24,"D",.,"A",.,"A",.,"A",.,"A"
"20161","03302502",10,0,"1",1950,"D",65,"D",.,"A",26,"D",0,"D",.,"A",.,"A",1885,"D",0,"D",.,"A",.,"A",.,"A",.,"A"
"20161","03302522",24,0,"1",975,"D",260,"D",.,"A",520,"D",150,"D",.,"A",.,"A",715,"D",120,"D",.,"A",.,"A",.,"A",.,"A"
"20161","03302544",26,0,"1",1300,"D",260,"D",.,"A",3900,"D",0,"D",.,"A",.,"A",1040,"D",0,"D",.,"A",.,"A",.,"A",.,"A"
"20161","03302552",14,0,"1",650,"D",0,"D",.,"A",0,"D",0,"D",.,"A",.,"A",650,"D",0,"D",.,"A",.,"A",.,"A",.,"A"
"20161","03302582",32,0,"1",1950,"D",975,"D",260,"D",260,"D",0,"D",.,"A",.,"A",975,"D",0,"D",.,"A",.,"A",.,"A",.,"A"
"20161","03302592",11,0,"1",1812,"F",.,"A",.,"A",648,"F",0,"D",.,"A",.,"A",1569,"F",0,"D",.,"A",.,"A",.,"A",.,"A"
"20161","03302612",25,0,"1",1625,"D",260,"D",.,"A",780,"D",0,"D",.,"A",.,"A",1365,"D",0,"D",.,"A",.,"A",.,"A",.,"A"
"20161","03302622",67,0,"1",1170,"D",130,"D",.,"A",0,"D",30,"D",.,"A",.,"A",1040,"D",60,"D",.,"A",.,"A",.,"A",.,"A"
"20161","03302652",18,0,"1",2600,"D",1950,"D",.,"A",1820,"D",300,"D",.,"A",.,"A",650,"D",900,"D",.,"A",.,"A",.,"A",.,"A"
"20161","03302662",25,0,"1",520,"D",65,"D",.,"A",0,"D",0,"D",.,"A",.,"A",455,"D",0,"D",.,"A",.,"A",.,"A",.,"A"
"20161","03302692",52,0,"1",1950,"D",325,"D",326,"F",1040,"D",150,"F",.,"A",.,"A",1625,"D",149,"F",100,"D",1300,"D",.,"A",.,"A"
"20161","03302712",46,0,"1",585,"D",325,"D",.,"A",0,"D",0,"D",.,"A",.,"A",260,"D",90,"D",15,"D",195,"D",.,"A",.,"A"
"20161","03302722",77,0,"1",1560,"D",195,"D",.,"A",1040,"D",0,"D",.,"A",.,"A",1365,"D",24,"D",.,"A",.,"A",.,"A",.,"A"
"20161","03302732",35,0,"1",1430,"D",325,"D",.,"A",520,"D",0,"D",.,"A",.,"A",1105,"D",45,"D",25,"D",325,"D",.,"A",.,"A"
"20161","03302752",15,0,"1",1300,"D",130,"D",.,"A",910,"D",0,"D",.,"A",.,"A",1170,"D",0,"D",.,"A",.,"A",.,"A",.,"A"
"20161","03302792",23,0,"1",520,"D",130,"D",.,"A",325,"D",30,"D",15,"D",.,"A",390,"D",60,"D",.,"A",.,"A",.,"A",.,"A"
"20161","03302832",35,0,"1",1560,"D",130,"D",.,"A",0,"D",150,"D",.,"A",.,"A",1430,"D",330,"D",.,"A",.,"A",.,"A",.,"A"
"20161","03302862",53,0,"1",1950,"D",845,"D",325,"D",845,"D",30,"D",.,"A",.,"A",1105,"D",36,"D",.,"A",.,"A",.,"A",.,"A"
"20161","03302872",20,0,"1",1300,"D",0,"D",260,"D",325,"D",0,"D",.,"A",.,"A",1300,"D",30,"D",.,"A",.,"A",.,"A",.,"A"
"20161","03302892",11,0,"1",520,"D",65,"D",.,"A",1300,"D",149,"F",.,"A",.,"A",455,"D",130,"F",.,"A",.,"A",.,"A",.,"A"
"20161","03302902",42,0,"1",780,"D",65,"D",.,"A",130,"D",0,"D",.,"A",.,"A",715,"D",0,"D",.,"A",.,"A",.,"A",.,"A"
"20161","03302912",93,0,"1",2600,"D",520,"D",.,"A",1300,"D",240,"D",325,"D",.,"A",2080,"D",90,"D",.,"A",.,"A",.,"A",.,"A"
"20161","03302932",44,0,"1",780,"D",195,"D",.,"A",325,"D",15,"D",.,"A",.,"A",585,"D",30,"D",.,"A",.,"A",65,"D",5,"D"
"20161","03302942",34,0,"1",650,"D",0,"D",.,"A",1300,"D",600,"D",.,"A",.,"A",650,"D",300,"D",2,"D",26,"D",.,"A",.,"A"
"20161","03302952",14,0,"1",195,"D",65,"D",.,"A",0,"D",0,"D",.,"A",.,"A",130,"D",0,"D",.,"A",.,"A",.,"A",.,"A"
"20161","03302972",35,0,"1",1690,"D",260,"D",.,"A",260,"D",0,"D",.,"A",180,"D",1430,"D",0,"D",50,"D",650,"D",.,"A",.,"A"
"20161","03303002",34,0,"1",1950,"D",195,"D",.,"A",0,"D",0,"D",.,"A",.,"A",1755,"D",0,"D",150,"D",1950,"D",.,"A",.,"A"
"20161","03303012",20,0,"1",1950,"D",195,"D",1300,"D",0,"D",0,"D",.,"A",.,"A",1755,"D",0,"D",.,"A",.,"A",.,"A",.,"A"
"20161","03303032",76,0,"1",1950,"D",130,"D",.,"A",260,"D",0,"D",.,"A",.,"A",1820,"D",90,"D",.,"A",.,"A",195,"D",15,"D"
"20161","03303042",57,0,"1",1495,"D",401,"F",.,"A",1495,"D",150,"D",.,"A",.,"A",1478,"F",150,"D",.,"A",.,"A",.,"A",.,"A"
"20161","03303082",19,0,"1",650,"D",65,"D",.,"A",0,"D",0,"D",.,"A",.,"A",585,"D",0,"D",.,"A",.,"A",.,"A",.,"A"
"20161","03303132",18,0,"1",390,"D",169,"D",.,"A",390,"D",0,"D",.,"A",.,"A",221,"D",30,"D",.,"A",.,"A",.,"A",.,"A"
"20161","03303172",51,0,"1",3250,"D",0,"D",.,"A",650,"D",0,"D",.,"A",.,"A",3250,"D",0,"D",.,"A",.,"A",.,"A",.,"A"
"20161","03303182",21,0,"1",390,"D",26,"D",.,"A",260,"D",0,"D",.,"A",.,"A",364,"D",0,"D",.,"A",.,"A",.,"A",.,"A"
"20161","03303212",38,0,"1",1950,"D",390,"D",.,"A",1560,"D",0,"D",.,"A",.,"A",1560,"D",0,"D",.,"A",.,"A",.,"A",.,"A"
"20161","03303253",12,0,"1",260,"D",0,"D",.,"A",534,"F",0,"D",.,"A",.,"A",260,"D",0,"D",.,"A",.,"A",.,"A",.,"A"
"20161","03303262",24,0,"1",5850,"D",455,"D",.,"A",325,"D",0,"D",.,"A",.,"A",5395,"D",90,"D",8,"D",104,"D",.,"A",.,"A"
"20161","03303272",28,0,"1",3250,"D",650,"D",650,"D",2600,"D",0,"D",.,"A",.,"A",2600,"D",0,"D",.,"A",.,"A",.,"A",.,"A"
"20161","03324171",77,0,"1",2769,"D",650,"D",1300,"D",325,"D",45,"D",.,"A",.,"A",2119,"D",150,"D",.,"A",.,"A",.,"A",.,"A"
"20161","03324181",11,0,"1",883,"F",.,"A",.,"A",534,"F",158,"F",.,"A",.,"A",721,"F",124,"F",.,"A",.,"A",.,"A",.,"A"
"20161","03324201",46,0,"1",650,"D",0,"D",1300,"D",650,"D",0,"D",.,"A",156,"D",650,"D",0,"D",.,"A",.,"A",.,"A",.,"A"
"20161","03324211",10,0,"1",1300,"D",650,"D",.,"A",910,"D",0,"D",.,"A",.,"A",650,"D",150,"D",.,"A",.,"A",.,"A",.,"A"
"20161","03324221",18,0,"1",650,"D",130,"D",.,"A",650,"D",90,"D",.,"A",.,"A",520,"D",90,"D",.,"A",.,"A",.,"A",.,"A"
"20161","03324234",55,0,"1",1300,"D",390,"D",390,"D",650,"D",150,"D",.,"A",.,"A",910,"D",360,"D",.,"A",.,"A",.,"A",.,"A"
"20161","03324241",43,0,"1",1300,"D",390,"D",.,"A",650,"D",60,"D",.,"A",.,"A",910,"D",60,"D",.,"A",.,"A",.,"A",.,"A"
"20161","03324264",23,0,"1",650,"D",325,"D",.,"A",1950,"D",150,"D",.,"A",.,"A",325,"D",0,"D",50,"D",650,"D",.,"A",.,"A"
"20161","03324281",18,0,"1",650,"D",104,"D",.,"A",234,"D",0,"D",.,"A",.,"A",546,"D",0,"D",.,"A",.,"A",.,"A",.,"A"
"20161","03324291",8,0,"1",650,"D",39,"D",.,"A",0,"D",0,"D",.,"A",.,"A",611,"D",0,"D",.,"A",.,"A",.,"A",.,"A"
"20161","03324301",59,0,"1",1690,"D",520,"D",.,"A",390,"D",36,"D",.,"A",130,"D",1170,"D",120,"D",.,"A",.,"A",.,"A",.,"A"
"20161","03324321",44,0,"1",2600,"D",1300,"D",130,"D",390,"D",0,"D",.,"A",.,"A",1300,"D",120,"D",40,"D",520,"D",.,"A",.,"A"
"20161","03324331",46,0,"1",1300,"D",260,"D",.,"A",650,"D",300,"D",.,"A",.,"A",1040,"D",90,"D",.,"A",.,"A",.,"A",.,"A"
"20161","03324341",57,0,"1",3900,"D",1300,"D",.,"A",260,"D",30,"D",.,"A",.,"A",2600,"D",120,"D",.,"A",.,"A",.,"A",.,"A"
"20161","03324351",16,0,"1",2600,"D",130,"D",.,"A",0,"D",0,"D",.,"A",.,"A",2470,"D",0,"D",.,"A",.,"A",.,"A",.,"A"
"20161","03324401",21,0,"1",1040,"D",130,"D",.,"A",260,"D",0,"D",.,"A",.,"A",910,"D",0,"D",.,"A",.,"A",.,"A",.,"A"
"20161","03324421",26,0,"1",975,"D",130,"D",.,"A",195,"D",0,"D",.,"A",.,"A",845,"D",0,"D",.,"A",.,"A",.,"A",.,"A"
"20161","03324431",16,0,"1",1521,"D",130,"D",.,"A",0,"D",0,"D",.,"A",.,"A",1391,"D",0,"D",.,"A",.,"A",.,"A",.,"A"
"20161","03324451",76,0,"1",2951,"D",481,"D",.,"A",247,"D",0,"D",.,"A",.,"A",2470,"D",0,"D",.,"A",.,"A",.,"A",.,"A"
"20161","03324461",38,0,"1",1950,"D",260,"D",.,"A",390,"D",15,"D",.,"A",.,"A",1690,"D",15,"D",11,"D",143,"D",.,"A",.,"A"
"20161","03324481",31,0,"1",780,"D",0,"D",156,"D",1300,"D",45,"D",.,"A",.,"A",780,"D",0,"D",.,"A",.,"A",.,"A",.,"A"
"20161","03324521",22,0,"1",1040,"D",104,"D",.,"A",0,"D",0,"D",.,"A",.,"A",936,"D",0,"D",.,"A",.,"A",.,"A",.,"A"
"20161","03324531",11,0,"1",520,"D",130,"D",.,"A",130,"D",0,"D",.,"A",.,"A",390,"D",0,"D",.,"A",.,"A",.,"A",.,"A"
"20161","03324561",13,0,"1",650,"D",65,"D",390,"D",65,"D",0,"D",.,"A",.,"A",585,"D",45,"D",.,"A",.,"A",.,"A",.,"A"
"20161","03324571",27,0,"1",3250,"D",975,"D",.,"A",520,"D",0,"D",.,"A",.,"A",2275,"D",90,"D",.,"A",.,"A",.,"A",.,"A"
"20161","03324581",19,0,"1",1625,"D",65,"D",.,"A",650,"D",0,"D",.,"A",.,"A",1560,"D",0,"D",.,"A",.,"A",.,"A",.,"A"
"20161","03324611",70,0,"1",1729,"D",429,"D",130,"D",650,"D",0,"D",.,"A",.,"A",1300,"D",0,"D",.,"A",.,"A",195,"D",15,"D"
"20161","03324621",33,0,"1",1950,"D",130,"D",.,"A",1040,"D",0,"D",.,"A",.,"A",1820,"D",0,"D",20,"D",260,"D",.,"A",.,"A"
"20161","03324631",26,0,"1",520,"D",130,"D",.,"A",2080,"D",0,"D",.,"A",.,"A",390,"D",0,"D",.,"A",.,"A",.,"A",.,"A"
"20161","03324651",25,0,"1",845,"D",0,"D",585,"D",260,"D",0,"D",.,"A",.,"A",845,"D",0,"D",.,"A",.,"A",.,"A",.,"A"
"20161","03324671",10,0,"1",1950,"D",130,"D",.,"A",0,"D",0,"D",.,"A",.,"A",1820,"D",0,"D",.,"A",.,"A",.,"A",.,"A"
"20161","03324681",49,0,"1",3250,"D",975,"D",.,"A",2600,"D",0,"D",.,"A",60,"D",2275,"D",60,"D",.,"A",.,"A",.,"A",.,"A"
"20161","03324701",11,0,"1",1300,"D",975,"D",.,"A",520,"D",6,"D",.,"A",.,"A",325,"D",6,"D",.,"A",.,"A",.,"A",.,"A"
"20161","03324731",37,0,"1",1950,"D",260,"D",1300,"D",325,"D",0,"D",.,"A",.,"A",1690,"D",300,"D",45,"D",585,"D",.,"A",.,"A"
"20161","03324741",14,0,"1",910,"D",195,"D",.,"A",65,"D",0,"D",.,"A",.,"A",715,"D",0,"D",.,"A",.,"A",.,"A",.,"A"
"20161","03324751",39,0,"1",780,"D",260,"D",130,"D",130,"D",90,"D",.,"A",.,"A",520,"D",90,"D",.,"A",.,"A",.,"A",.,"A"
"20161","03324771",5,0,"1",0,"D",.,"A",.,"A",0,"D",0,"D",.,"A",.,"A",0,"D",0,"D",.,"A",.,"A",.,"A",.,"A"
"20161","03324781",29,0,"1",1560,"D",325,"D",325,"D",650,"D",0,"D",.,"A",.,"A",1235,"D",0,"D",.,"A",.,"A",.,"A",.,"A"
"20161","03324791",47,0,"1",2600,"D",0,"D",.,"A",520,"D",0,"D",.,"A",50,"D",2600,"D",60,"D",.,"A",.,"A",.,"A",.,"A"
"20161","03324801",34,0,"1",1040,"D",390,"D",130,"D",2080,"D",300,"D",.,"A",.,"A",650,"D",300,"D",.,"A",.,"A",.,"A",.,"A"
"20161","03324811",26,0,"1",325,"D",65,"D",65,"D",390,"D",0,"D",.,"A",.,"A",260,"D",0,"D",.,"A",.,"A",.,"A",.,"A"
"20161","03324831",51,0,"1",455,"D",65,"D",.,"A",130,"D",90,"D",.,"A",.,"A",390,"D",30,"D",.,"A",.,"A",.,"A",.,"A"
"20161","03324841",20,0,"1",1300,"D",195,"D",.,"A",650,"D",0,"D",.,"A",.,"A",1105,"D",0,"D",.,"A",.,"A",.,"A",.,"A"
"20161","03324851",22,0,"1",1300,"D",130,"D",.,"A",325,"D",0,"D",.,"A",.,"A",1170,"D",0,"D",.,"A",.,"A",.,"A",.,"A"
"20161","03324881",47,0,"1",910,"D",260,"D",650,"D",1950,"D",450,"D",.,"A",.,"A",650,"D",90,"D",.,"A",.,"A",.,"A",.,"A"
"20161","03324891",36,0,"1",1690,"D",130,"D",.,"A",780,"D",0,"D",.,"A",.,"A",1560,"D",0,"D",.,"A",.,"A",.,"A",.,"A"
"20161","03324911",39,0,"1",1300,"D",0,"D",.,"A",520,"D",6,"D",.,"A",.,"A",1300,"D",6,"D",30,"D",390,"D",.,"A",.,"A"
"20161","03324921",34,0,"1",780,"D",130,"D",.,"A",65,"D",0,"D",.,"A",.,"A",650,"D",0,"D",.,"A",.,"A",.,"A",.,"A"
"20161","03324931",46,0,"1",2600,"D",650,"D",.,"A",650,"D",0,"D",.,"A",.,"A",1950,"D",0,"D",.,"A",.,"A",.,"A",.,"A"
"20161","03324961",9,0,"1",650,"D",130,"D",.,"A",0,"D",0,"D",.,"A",.,"A",520,"D",0,"D",.,"A",.,"A",.,"A",.,"A"
"20161","03324971",44,0,"1",1950,"D",650,"D",.,"A",325,"D",0,"D",.,"A",.,"A",1300,"D",90,"D",.,"A",.,"A",.,"A",.,"A"
"20161","03324981",21,0,"1",1300,"D",520,"D",.,"A",1300,"D",300,"D",.,"A",.,"A",780,"D",300,"D",.,"A",.,"A",.,"A",.,"A"
"20161","03325011",16,0,"1",1300,"D",390,"D",.,"A",0,"D",0,"D",.,"A",.,"A",910,"D",0,"D",.,"A",.,"A",.,"A",.,"A"
"20161","03325021",18,0,"1",650,"D",260,"D",195,"D",130,"D",0,"D",.,"A",.,"A",390,"D",0,"D",.,"A",.,"A",.,"A",.,"A"
"20161","03325031",18,0,"1",4550,"D",650,"D",.,"A",1300,"D",0,"D",.,"A",.,"A",3900,"D",0,"D",.,"A",.,"A",.,"A",.,"A"
"20161","03325041",37,0,"1",650,"D",260,"D",.,"A",650,"D",0,"D",.,"A",.,"A",390,"D",0,"D",7,"D",91,"D",.,"A",.,"A"
"20161","03325101",18,0,"1",910,"D",104,"D",130,"D",390,"D",0,"D",.,"A",.,"A",806,"D",0,"D",.,"A",.,"A",.,"A",.,"A"
"20161","03325111",71,0,"1",1300,"D",260,"D",130,"D",1300,"D",0,"D",25,"D",90,"D",1040,"D",0,"D",.,"A",.,"A",.,"A",.,"A"
"20161","03325121",16,0,"1",3120,"D",520,"D",.,"A",390,"D",0,"D",.,"A",.,"A",2600,"D",0,"D",.,"A",.,"A",.,"A",.,"A"
"20161","03325131",15,0,"1",1950,"D",390,"D",.,"A",0,"D",0,"D",.,"A",.,"A",1560,"D",0,"D",35,"D",455,"D",.,"A",.,"A"
"20161","03325151",20,0,"1",650,"D",65,"D",.,"A",260,"D",0,"D",.,"A",.,"A",585,"D",0,"D",.,"A",.,"A",.,"A",.,"A"
"20161","03325171",36,0,"1",780,"D",130,"D",260,"D",260,"D",360,"D",.,"A",35,"D",650,"D",90,"D",15,"D",195,"D",.,"A",.,"A"
"20161","03325191",12,0,"1",650,"D",65,"D",65,"D",0,"D",72,"D",.,"A",.,"A",585,"D",72,"D",22,"D",286,"D",.,"A",.,"A"
"20161","03325201",17,0,"1",780,"D",130,"D",130,"D",104,"D",0,"D",.,"A",.,"A",650,"D",75,"D",.,"A",.,"A",.,"A",.,"A"
"20161","03325211",17,0,"1",2600,"D",520,"D",325,"D",390,"D",60,"D",.,"A",.,"A",2080,"D",60,"D",15,"D",195,"D",.,"A",.,"A"
"20161","03325261",44,0,"1",650,"D",130,"D",.,"A",650,"D",18,"D",.,"A",.,"A",520,"D",30,"D",.,"A",.,"A",.,"A",.,"A"
"20161","03325272",29,0,"1",650,"D",130,"D",.,"A",520,"D",150,"D",.,"A",.,"A",520,"D",150,"D",.,"A",.,"A",.,"A",.,"A"
"20161","03325291",7,0,"1",1645,"F",.,"A",.,"A",818,"F",134,"F",.,"A",.,"A",1330,"F",130,"F",.,"A",.,"A",.,"A",.,"A"
"20161","03325301",23,0,"1",1300,"D",260,"D",1300,"D",650,"D",180,"D",.,"A",.,"A",1040,"D",90,"D",10,"D",130,"D",.,"A",.,"A"
"20161","03325311",20,0,"1",390,"D",65,"D",.,"A",0,"D",0,"D",.,"A",.,"A",325,"D",0,"D",.,"A",.,"A",.,"A",.,"A"
"20161","03325331",21,0,"1",1950,"D",325,"D",.,"A",520,"D",0,"D",.,"A",.,"A",1625,"D",120,"D",.,"A",.,"A",.,"A",.,"A"
"20161","03325354",13,0,"1",1950,"D",195,"D",.,"A",0,"D",0,"D",.,"A",.,"A",1755,"D",0,"D",.,"A",.,"A",.,"A",.,"A"
"20161","03325361",18,0,"1",1950,"D",0,"D",650,"D",390,"D",0,"D",.,"A",.,"A",1950,"D",60,"D",.,"A",.,"A",.,"A",.,"A"
"20161","03325371",50,0,"1",2600,"D",390,"D",650,"D",1300,"D",0,"D",.,"A",.,"A",2210,"D",0,"D",.,"A",.,"A",.,"A",.,"A"
"20161","03325381",37,0,"1",1300,"D",130,"D",.,"A",260,"D",90,"D",.,"A",.,"A",1170,"D",180,"D",.,"A",.,"A",.,"A",.,"A"
"20161","03325391",26,0,"1",1812,"F",.,"A",.,"A",260,"D",144,"F",.,"A",.,"A",1569,"F",183,"F",.,"A",.,"A",.,"A",.,"A"
"20161","03325441",25,0,"1",3250,"D",650,"D",.,"A",390,"D",0,"D",.,"A",.,"A",2600,"D",0,"D",30,"D",390,"D",.,"A",.,"A"
"20161","03325481",48,0,"1",1300,"D",325,"D",.,"A",65,"D",0,"D",.,"A",.,"A",975,"D",0,"D",30,"D",390,"D",.,"A",.,"A"
"20161","03325491",46,0,"1",1300,"D",325,"D",.,"A",520,"D",60,"D",.,"A",.,"A",975,"D",150,"D",20,"D",260,"D",.,"A",.,"A"
"20161","03325501",13,0,"1",1300,"D",279,"F",.,"A",546,"F",123,"F",.,"A",.,"A",1079,"F",92,"F",.,"A",.,"A",.,"A",.,"A"
"20161","03325511",22,0,"1",1300,"D",130,"D",65,"D",195,"D",0,"D",.,"A",.,"A",1170,"D",0,"D",.,"A",.,"A",.,"A",.,"A"
"20161","03325531",70,0,"1",2080,"D",520,"D",260,"D",1482,"D",240,"D",.,"A",108,"D",1560,"D",30,"D",.,"A",.,"A",.,"A",.,"A"
"20161","03325561",48,0,"1",1599,"D",39,"D",.,"A",520,"D",90,"D",.,"A",.,"A",1560,"D",75,"D",.,"A",.,"A",.,"A",.,"A"
"20161","03325571",24,0,"1",780,"D",130,"D",26,"D",650,"D",120,"D",.,"A",.,"A",650,"D",120,"D",.,"A",.,"A",.,"A",.,"A"
"20161","03325591",19,0,"1",975,"D",195,"D",.,"A",650,"D",0,"D",.,"A",.,"A",780,"D",0,"D",.,"A",.,"A",.,"A",.,"A"
"20161","03325601",30,0,"1",1300,"D",520,"D",.,"A",260,"D",120,"D",.,"A",.,"A",780,"D",150,"D",.,"A",.,"A",.,"A",.,"A"
"20161","03325611",29,0,"1",2080,"D",260,"D",.,"A",780,"D",0,"D",.,"A",72,"D",1820,"D",0,"D",35,"D",455,"D",.,"A",.,"A"
"20161","03325631",28,0,"1",1950,"D",328,"F",.,"A",780,"D",0,"D",.,"A",150,"D",1330,"F",0,"D",.,"A",.,"A",.,"A",.,"A"
"20161","03325641",38,0,"1",2600,"D",195,"D",.,"A",2600,"D",0,"D",.,"A",.,"A",2405,"D",0,"D",.,"A",.,"A",.,"A",.,"A"
"20161","03325681",19,0,"1",1300,"D",325,"D",.,"A",0,"D",0,"D",.,"A",150,"D",975,"D",60,"D",.,"A",.,"A",.,"A",.,"A"
"20161","03325711",29,0,"1",3900,"D",650,"D",.,"A",0,"D",0,"D",.,"A",.,"A",3250,"D",120,"D",.,"A",.,"A",.,"A",.,"A"
"20161","03325754",16,0,"1",2600,"D",0,"D",.,"A",520,"D",0,"D",.,"A",.,"A",2600,"D",0,"D",120,"D",1560,"D",.,"A",.,"A"
"20161","03325771",26,0,"1",377,"D",91,"D",327,"F",299,"D",0,"D",.,"A",.,"A",286,"D",0,"D",.,"A",.,"A",.,"A",.,"A"
"20161","03325811",26,0,"1",1300,"D",260,"D",.,"A",1040,"D",0,"D",.,"A",.,"A",1040,"D",60,"D",.,"A",.,"A",.,"A",.,"A"
"20161","03325831",39,0,"1",910,"D",65,"D",65,"D",130,"D",0,"D",.,"A",.,"A",845,"D",0,"D",.,"A",.,"A",.,"A",.,"A"
"20161","03325861",32,0,"1",2600,"D",325,"D",.,"A",130,"D",6,"D",.,"A",.,"A",2275,"D",6,"D",.,"A",.,"A",.,"A",.,"A"
"20161","03325881",5,0,"1",0,"D",.,"A",.,"A",0,"D",0,"D",.,"A",.,"A",0,"D",0,"D",.,"A",.,"A",.,"A",.,"A"
"20161","03325891",33,0,"1",1950,"D",451,"F",.,"A",1950,"D",0,"D",.,"A",.,"A",1755,"F",0,"D",.,"A",.,"A",325,"D",25,"D"
"20161","03325911",14,0,"1",2194,"F",.,"A",.,"A",824,"F",0,"D",.,"A",.,"A",1755,"F",0,"D",.,"A",.,"A",.,"A",.,"A"
"20161","03325931",19,0,"1",1300,"D",260,"D",0,"D",1300,"D",6,"D",.,"A",.,"A",1040,"D",6,"D",.,"A",.,"A",.,"A",.,"A"
"20161","03325961",39,0,"1",2730,"D",260,"D",.,"A",390,"D",0,"D",.,"A",.,"A",2470,"D",300,"D",.,"A",.,"A",676,"D",52,"D"
"20161","03325991",34,0,"1",650,"D",0,"D",130,"D",130,"D",0,"D",36,"D",.,"A",650,"D",0,"D",.,"A",.,"A",.,"A",.,"A"
"20161","03326041",32,0,"1",1040,"D",390,"D",325,"D",1300,"D",180,"D",.,"A",.,"A",650,"D",180,"D",.,"A",.,"A",.,"A",.,"A"
"20161","03326051",23,0,"1",1300,"D",192,"F",.,"A",390,"D",0,"D",.,"A",.,"A",721,"F",60,"D",.,"A",.,"A",.,"A",.,"A"
"20161","03326091",13,0,"1",0,"D",.,"A",.,"A",0,"D",0,"D",.,"A",.,"A",0,"D",0,"D",.,"A",.,"A",.,"A",.,"A"
"20161","03326101",32,0,"1",2600,"D",130,"D",.,"A",650,"D",0,"D",.,"A",.,"A",2470,"D",0,"D",.,"A",.,"A",.,"A",.,"A"
"20161","03326114",37,0,"1",975,"D",325,"D",.,"A",520,"D",30,"D",.,"A",.,"A",650,"D",45,"D",.,"A",.,"A",260,"D",20,"D"
"20161","03326121",17,0,"1",780,"D",280,"F",.,"A",260,"D",0,"D",.,"A",.,"A",1051,"F",150,"D",25,"D",325,"D",.,"A",.,"A"
"20161","03326131",21,0,"1",1560,"D",0,"D",.,"A",260,"D",0,"D",.,"A",.,"A",1560,"D",0,"D",.,"A",.,"A",.,"A",.,"A"
"20161","03326141",18,0,"1",1300,"D",260,"D",.,"A",130,"D",0,"D",.,"A",.,"A",1040,"D",0,"D",.,"A",.,"A",.,"A",.,"A"
"20161","03326151",32,0,"1",1300,"D",130,"D",.,"A",1300,"D",39,"D",.,"A",.,"A",1170,"D",24,"D",.,"A",.,"A",.,"A",.,"A"
"20161","03326161",16,0,"1",520,"D",130,"D",.,"A",0,"D",30,"D",.,"A",.,"A",390,"D",0,"D",10,"D",130,"D",.,"A",.,"A"
"20161","03326171",15,0,"1",2600,"D",650,"D",.,"A",1300,"D",0,"D",.,"A",.,"A",1950,"D",0,"D",.,"A",.,"A",.,"A",.,"A"
"20161","03326191",35,0,"1",1365,"D",195,"D",.,"A",260,"D",120,"D",.,"A",.,"A",1170,"D",150,"D",.,"A",.,"A",.,"A",.,"A"
"20161","03326201",31,0,"1",1690,"D",780,"D",.,"A",780,"D",30,"D",.,"A",180,"D",910,"D",420,"D",28,"D",364,"D",.,"A",.,"A"
"20161","03326211",25,0,"1",650,"D",325,"D",.,"A",650,"D",0,"D",.,"A",.,"A",325,"D",0,"D",.,"A",.,"A",.,"A",.,"A"
"20161","03326221",34,0,"1",780,"D",299,"D",.,"A",520,"D",150,"D",.,"A",.,"A",481,"D",120,"D",.,"A",.,"A",.,"A",.,"A"
"20161","03326251",16,0,"1",650,"D",130,"D",.,"A",0,"D",0,"D",.,"A",.,"A",520,"D",0,"D",.,"A",.,"A",.,"A",.,"A"
"20161","03326261",19,0,"1",520,"D",130,"D",.,"A",325,"D",0,"D",.,"A",.,"A",390,"D",0,"D",8,"D",104,"D",.,"A",.,"A"
"20161","03326301",29,0,"1",1300,"D",455,"D",.,"A",715,"D",0,"D",.,"A",.,"A",845,"D",0,"D",.,"A",.,"A",.,"A",.,"A"
"20161","03326311",21,0,"1",650,"D",260,"D",.,"A",650,"D",0,"D",.,"A",.,"A",390,"D",180,"D",35,"D",455,"D",.,"A",.,"A"
"20161","03326341",31,0,"1",1300,"D",130,"D",.,"A",156,"D",0,"D",.,"A",.,"A",1170,"D",0,"D",.,"A",.,"A",.,"A",.,"A"
"20161","03326351",36,0,"1",780,"D",260,"D",130,"D",260,"D",0,"D",.,"A",.,"A",520,"D",0,"D",.,"A",.,"A",.,"A",.,"A"
"20161","03326361",27,0,"1",1495,"D",195,"D",.,"A",325,"D",45,"D",.,"A",.,"A",1300,"D",180,"D",.,"A",.,"A",.,"A",.,"A"
"20161","03326371",21,0,"1",1040,"D",0,"D",.,"A",0,"D",0,"D",.,"A",.,"A",1040,"D",0,"D",.,"A",.,"A",.,"A",.,"A"
"20161","03326391",14,0,"1",1300,"D",336,"F",.,"A",0,"D",0,"D",.,"A",.,"A",1569,"F",0,"D",.,"A",.,"A",.,"A",.,"A"
"20161","03326401",24,0,"1",1625,"D",650,"D",.,"A",975,"D",0,"D",.,"A",.,"A",975,"D",0,"D",.,"A",.,"A",.,"A",.,"A"
"20161","03326411",13,0,"1",845,"D",130,"D",.,"A",0,"D",0,"D",.,"A",.,"A",715,"D",0,"D",.,"A",.,"A",.,"A",.,"A"
"20161","03326421",8,0,"1",0,"D",.,"A",.,"A",0,"D",0,"D",.,"A",.,"A",0,"D",0,"D",.,"A",.,"A",.,"A",.,"A"
"20161","03326434",18,0,"1",910,"D",0,"D",.,"A",65,"D",0,"D",.,"A",.,"A",910,"D",0,"D",.,"A",.,"A",.,"A",.,"A"
"20161","03326451",34,0,"1",325,"D",260,"D",.,"A",130,"D",0,"D",.,"A",.,"A",65,"D",0,"D",.,"A",.,"A",.,"A",.,"A"
"20161","03326461",30,0,"1",1300,"D",0,"D",.,"A",351,"D",0,"D",.,"A",.,"A",1300,"D",54,"D",.,"A",.,"A",.,"A",.,"A"
"20161","03326471",37,0,"1",585,"D",195,"D",.,"A",0,"D",0,"D",.,"A",.,"A",390,"D",0,"D",8,"D",104,"D",.,"A",.,"A"
"20161","03326521",19,0,"1",1040,"D",0,"D",.,"A",0,"D",0,"D",.,"A",.,"A",1040,"D",0,"D",.,"A",.,"A",.,"A",.,"A"
"20161","03326541",26,0,"1",1300,"D",260,"D",.,"A",520,"D",18,"D",390,"D",.,"A",1040,"D",180,"D",20,"D",260,"D",.,"A",.,"A"
"20161","03326551",34,0,"1",1300,"D",260,"D",.,"A",325,"D",0,"D",.,"A",.,"A",1040,"D",30,"D",.,"A",.,"A",.,"A",.,"A"
"20161","03326611",17,0,"1",3900,"D",390,"D",.,"A",0,"D",0,"D",.,"A",.,"A",3510,"D",0,"D",.,"A",.,"A",.,"A",.,"A"
"20161","03326641",34,0,"1",2925,"D",1625,"D",260,"D",650,"D",60,"D",.,"A",.,"A",1300,"D",60,"D",.,"A",.,"A",.,"A",.,"A"
"20161","03326654",41,0,"1",1300,"D",130,"D",.,"A",650,"D",0,"D",.,"A",.,"A",1170,"D",60,"D",.,"A",.,"A",.,"A",.,"A"
"20161","03326664",18,0,"1",325,"D",0,"D",130,"D",0,"D",0,"D",.,"A",.,"A",325,"D",75,"D",.,"A",.,"A",.,"A",.,"A"
"20161","03326674",62,0,"1",1300,"D",451,"F",.,"A",780,"D",211,"F",.,"A",341,"F",1755,"F",109,"F",.,"A",.,"A",.,"A",.,"A"
"20161","03326681",34,0,"1",910,"D",260,"D",.,"A",0,"D",0,"D",.,"A",.,"A",650,"D",0,"D",.,"A",.,"A",.,"A",.,"A"
"20161","03326691",19,0,"1",1300,"D",390,"D",.,"A",0,"D",0,"D",.,"A",75,"D",910,"D",150,"D",25,"D",325,"D",.,"A",.,"A"
"20161","03326701",17,0,"1",1170,"D",130,"D",.,"A",0,"D",0,"D",.,"A",.,"A",1040,"D",0,"D",.,"A",.,"A",.,"A",.,"A"
"20161","03326711",47,0,"1",1645,"F",.,"A",.,"A",818,"F",134,"F",.,"A",.,"A",1330,"F",130,"F",.,"A",.,"A",.,"A",.,"A"
"20161","03326721",34,0,"1",975,"D",130,"D",.,"A",0,"D",0,"D",.,"A",.,"A",845,"D",0,"D",.,"A",.,"A",.,"A",.,"A"
"20161","03326741",25,0,"1",650,"D",0,"D",.,"A",520,"D",0,"D",.,"A",.,"A",650,"D",60,"D",.,"A",.,"A",.,"A",.,"A"
"20161","03326751",56,0,"1",3900,"D",1300,"D",.,"A",390,"D",0,"D",.,"A",220,"D",2600,"D",0,"D",.,"A",.,"A",.,"A",.,"A"
"20161","03326761",9,0,"1",390,"D",65,"D",.,"A",0,"D",0,"D",.,"A",.,"A",325,"D",0,"D",.,"A",.,"A",.,"A",.,"A"
"20161","03326771",51,0,"1",2600,"D",130,"D",390,"D",520,"D",75,"D",.,"A",.,"A",2470,"D",0,"D",.,"A",.,"A",.,"A",.,"A"
"20161","03326781",23,0,"1",0,"D",.,"A",260,"D",2600,"D",1200,"D",.,"A",.,"A",0,"D",150,"D",.,"A",.,"A",.,"A",.,"A"
"20161","03326791",29,0,"1",1040,"D",260,"D",.,"A",975,"D",30,"D",.,"A",.,"A",780,"D",120,"D",.,"A",.,"A",.,"A",.,"A"
"20161","03326801",31,0,"1",1950,"D",520,"D",195,"D",1950,"D",0,"D",.,"A",.,"A",1430,"D",0,"D",.,"A",.,"A",.,"A",.,"A"
"20161","03326811",42,0,"1",1560,"D",455,"D",.,"A",390,"D",75,"D",.,"A",.,"A",1105,"D",0,"D",.,"A",.,"A",130,"D",10,"D"
"20161","03326822",32,0,"1",3250,"D",975,"D",.,"A",0,"D",0,"D",.,"A",.,"A",2275,"D",0,"D",.,"A",.,"A",.,"A",.,"A"
"20161","03326841",73,0,"1",1625,"D",260,"D",.,"A",260,"D",120,"D",.,"A",60,"D",1365,"D",60,"D",.,"A",.,"A",.,"A",.,"A"
"20161","03326871",26,0,"1",520,"D",325,"D",.,"A",650,"D",0,"D",.,"A",.,"A",195,"D",0,"D",.,"A",.,"A",.,"A",.,"A"
"20161","03326881",35,0,"1",1300,"D",390,"D",.,"A",260,"D",180,"D",.,"A",.,"A",910,"D",180,"D",.,"A",.,"A",.,"A",.,"A"
"20161","03326891",18,0,"1",1950,"D",325,"D",.,"A",520,"D",0,"D",.,"A",.,"A",1625,"D",300,"D",.,"A",.,"A",.,"A",.,"A"
"20161","03326931",46,0,"1",2600,"D",650,"D",.,"A",975,"D",60,"D",.,"A",200,"D",1950,"D",0,"D",.,"A",.,"A",.,"A",.,"A"
"20161","03326941",25,0,"1",975,"D",65,"D",.,"A",260,"D",0,"D",.,"A",.,"A",910,"D",0,"D",.,"A",.,"A",.,"A",.,"A"
"20161","03326963",23,0,"1",2990,"D",650,"D",260,"D",325,"D",0,"D",.,"A",.,"A",2340,"D",0,"D",5,"D",65,"D",.,"A",.,"A"
"20161","03326971",7,0,"1",1300,"D",520,"D",.,"A",0,"D",0,"D",.,"A",.,"A",780,"D",0,"D",.,"A",.,"A",.,"A",.,"A"
"20161","03326991",26,0,"1",1690,"D",260,"D",.,"A",1040,"D",180,"D",.,"A",.,"A",1430,"D",300,"D",.,"A",.,"A",.,"A",.,"A"
"20161","03327001",23,0,"1",3250,"D",910,"D",.,"A",0,"D",0,"D",.,"A",.,"A",2340,"D",0,"D",5,"D",65,"D",.,"A",.,"A"
"20161","03327021",7,0,"1",1300,"D",390,"D",1040,"D",2600,"D",0,"D",.,"A",.,"A",910,"D",0,"D",.,"A",.,"A",.,"A",.,"A"
"20161","03327031",26,0,"1",1950,"D",0,"D",.,"A",1300,"D",0,"D",.,"A",.,"A",1950,"D",0,"D",.,"A",.,"A",.,"A",.,"A"
"20161","03327051",26,0,"1",2873,"D",715,"D",.,"A",325,"D",0,"D",.,"A",.,"A",2158,"D",180,"D",.,"A",.,"A",.,"A",.,"A"
"20161","03327061",9,0,"1",1950,"D",0,"D",.,"A",0,"D",0,"D",.,"A",.,"A",1950,"D",0,"D",.,"A",.,"A",.,"A",.,"A"
"20161","03327071",8,0,"1",1950,"D",192,"F",.,"A",534,"F",158,"F",.,"A",.,"A",721,"F",124,"F",.,"A",.,"A",.,"A",.,"A"
"20161","03327081",29,0,"1",1300,"D",130,"D",.,"A",1625,"D",90,"D",.,"A",.,"A",1170,"D",60,"D",.,"A",.,"A",.,"A",.,"A"
"20161","03327111",31,0,"1",1300,"D",260,"D",650,"D",0,"D",300,"D",.,"A",.,"A",1040,"D",60,"D",.,"A",.,"A",.,"A",.,"A"
"20161","03327121",52,0,"1",2600,"D",260,"D",.,"A",650,"D",0,"D",.,"A",.,"A",2340,"D",0,"D",.,"A",.,"A",.,"A",.,"A"
"20161","03327141",27,0,"1",390,"D",0,"D",.,"A",0,"D",0,"D",.,"A",.,"A",390,"D",0,"D",5,"D",65,"D",.,"A",.,"A"
"20161","03327151",26,0,"1",910,"D",429,"D",.,"A",0,"D",0,"D",.,"A",.,"A",481,"D",0,"D",.,"A",.,"A",.,"A",.,"A"
"20161","03327161",6,0,"1",650,"D",520,"D",260,"D",1300,"D",0,"D",.,"A",.,"A",130,"D",0,"D",.,"A",.,"A",.,"A",.,"A"
"20161","03327171",82,0,"1",1521,"D",0,"D",.,"A",1560,"D",90,"D",.,"A",.,"A",1521,"D",450,"D",.,"A",.,"A",.,"A",.,"A"
"20161","03327211",33,0,"1",1300,"D",130,"D",.,"A",1950,"D",0,"D",.,"A",.,"A",1170,"D",0,"D",.,"A",.,"A",.,"A",.,"A"
"20161","03327221",32,0,"1",1300,"D",195,"D",.,"A",780,"D",0,"D",.,"A",.,"A",1105,"D",30,"D",.,"A",.,"A",.,"A",.,"A"
"20161","03327241",20,0,"1",1040,"D",520,"D",.,"A",130,"D",0,"D",.,"A",.,"A",520,"D",0,"D",25,"D",325,"D",.,"A",.,"A"
"20161","03327251",24,0,"1",1300,"D",130,"D",.,"A",260,"D",0,"D",.,"A",540,"D",1170,"D",0,"D",.,"A",.,"A",.,"A",.,"A"
"20161","03327271",11,0,"1",0,"D",.,"A",.,"A",1040,"D",0,"D",.,"A",.,"A",0,"D",0,"D",.,"A",.,"A",.,"A",.,"A"
"20161","03327281",39,0,"1",1950,"D",260,"D",130,"D",1430,"D",0,"D",.,"A",.,"A",1690,"D",0,"D",.,"A",.,"A",.,"A",.,"A"
"20161","03327301",30,0,"1",260,"D",65,"D",78,"D",104,"D",120,"D",.,"A",.,"A",195,"D",90,"D",.,"A",.,"A",.,"A",.,"A"
"20161","03327311",45,0,"1",1040,"D",260,"D",.,"A",780,"D",0,"D",.,"A",440,"D",780,"D",0,"D",.,"A",.,"A",.,"A",.,"A"
"20161","03327321",61,0,"1",3250,"D",1300,"D",.,"A",2080,"D",0,"D",.,"A",.,"A",1950,"D",0,"D",.,"A",.,"A",.,"A",.,"A"
"20161","03327331",61,0,"1",1950,"D",130,"D",.,"A",5200,"D",0,"D",.,"A",.,"A",1820,"D",0,"D",.,"A",.,"A",.,"A",.,"A"
"20161","03327361",19,0,"1",1040,"D",130,"D",.,"A",0,"D",0,"D",.,"A",.,"A",910,"D",0,"D",.,"A",.,"A",.,"A",.,"A"
"20161","03327381",11,0,"1",1645,"F",.,"A",.,"A",818,"F",134,"F",.,"A",.,"A",1330,"F",130,"F",.,"A",.,"A",.,"A",.,"A"
"20161","03327391",23,0,"1",2340,"D",520,"D",.,"A",0,"D",0,"D",.,"A",44,"D",1820,"D",150,"D",.,"A",.,"A",.,"A",.,"A"
"20161","03327401",31,0,"1",1625,"D",325,"D",.,"A",0,"D",0,"D",.,"A",.,"A",1300,"D",0,"D",36,"D",468,"D",.,"A",.,"A"
"20161","03327441",24,0,"1",520,"D",65,"D",.,"A",390,"D",0,"D",.,"A",.,"A",455,"D",0,"D",.,"A",.,"A",.,"A",.,"A"
"20161","03327451",54,0,"1",650,"D",195,"D",.,"A",1950,"D",0,"D",.,"A",.,"A",455,"D",0,"D",.,"A",.,"A",.,"A",.,"A"
"20161","03327471",23,0,"1",325,"D",0,"D",.,"A",0,"D",0,"D",.,"A",.,"A",325,"D",0,"D",.,"A",.,"A",.,"A",.,"A"
"20161","03327481",30,0,"1",2600,"D",520,"D",.,"A",1365,"D",0,"D",.,"A",.,"A",2080,"D",0,"D",.,"A",.,"A",.,"A",.,"A"
"20161","03327501",51,0,"1",1300,"D",0,"D",.,"A",650,"D",0,"D",.,"A",.,"A",1300,"D",0,"D",.,"A",.,"A",.,"A",.,"A"
"20161","03327511",19,0,"1",1625,"D",156,"D",.,"A",910,"D",0,"D",.,"A",.,"A",1469,"D",0,"D",70,"D",910,"D",.,"A",.,"A"
"20161","03327531",50,0,"1",1950,"D",390,"D",260,"D",390,"D",60,"D",20,"D",.,"A",1560,"D",90,"D",.,"A",.,"A",130,"D",10,"D"
"20161","03327561",55,0,"1",3900,"D",195,"D",.,"A",650,"D",150,"D",.,"A",.,"A",3705,"D",90,"D",.,"A",.,"A",.,"A",.,"A"
"20161","03327571",14,0,"1",1690,"D",325,"D",.,"A",650,"D",0,"D",.,"A",.,"A",1365,"D",0,"D",.,"A",.,"A",.,"A",.,"A"
"20161","03327611",13,0,"1",1105,"D",195,"D",.,"A",0,"D",0,"D",.,"A",.,"A",910,"D",0,"D",.,"A",.,"A",.,"A",.,"A"
"20161","03327621",43,0,"1",1300,"D",0,"D",.,"A",195,"D",0,"D",.,"A",.,"A",1300,"D",0,"D",.,"A",.,"A",.,"A",.,"A"
"20161","03327631",20,0,"1",1300,"D",0,"D",325,"D",260,"D",60,"D",.,"A",.,"A",1300,"D",120,"D",.,"A",.,"A",.,"A",.,"A"
"20161","03327651",20,0,"1",3250,"D",0,"D",.,"A",520,"D",120,"D",.,"A",.,"A",3250,"D",30,"D",.,"A",.,"A",.,"A",.,"A"
"20161","03327661",49,0,"1",2080,"D",520,"D",520,"D",3380,"D",0,"D",.,"A",.,"A",1560,"D",180,"D",.,"A",.,"A",.,"A",.,"A"
"20161","03327671",73,0,"1",1950,"D",650,"D",650,"D",3900,"D",1200,"D",.,"A",.,"A",1300,"D",480,"D",.,"A",.,"A",130,"D",10,"D"
"20161","03327681",18,0,"1",1040,"D",195,"D",.,"A",650,"D",0,"D",.,"A",.,"A",845,"D",0,"D",.,"A",.,"A",.,"A",.,"A"
"20161","03327691",17,0,"1",520,"D",130,"D",.,"A",390,"D",0,"D",.,"A",.,"A",390,"D",0,"D",.,"A",.,"A",.,"A",.,"A"
"20161","03327701",22,0,"1",1950,"D",650,"D",.,"A",390,"D",0,"D",.,"A",.,"A",1300,"D",0,"D",.,"A",.,"A",.,"A",.,"A"
"20161","03327724",26,0,"1",1950,"D",650,"D",.,"A",0,"D",0,"D",.,"A",.,"A",1300,"D",45,"D",.,"A",.,"A",.,"A",.,"A"
"20161","03327751",18,0,"1",650,"D",91,"D",.,"A",0,"D",0,"D",.,"A",.,"A",559,"D",60,"D",.,"A",.,"A",.,"A",.,"A"
"20161","03327761",28,0,"1",2730,"D",1040,"D",.,"A",3250,"D",9000,"D",.,"A",.,"A",1690,"D",120,"D",12,"D",156,"D",.,"A",.,"A"
"20161","03327801",19,0,"1",1560,"D",520,"D",.,"A",0,"D",0,"D",.,"A",.,"A",1040,"D",0,"D",.,"A",.,"A",.,"A",.,"A"
"20161","03327811",36,0,"1",1950,"D",520,"D",130,"D",650,"D",45,"D",.,"A",.,"A",1430,"D",30,"D",.,"A",.,"A",.,"A",.,"A"
"20161","03327821",14,0,"1",650,"D",130,"D",.,"A",0,"D",0,"D",.,"A",.,"A",520,"D",0,"D",.,"A",.,"A",.,"A",.,"A"
"20161","03327833",9,0,"1",0,"D",.,"A",.,"A",585,"D",0,"D",.,"A",.,"A",0,"D",0,"D",.,"A",.,"A",.,"A",.,"A"
"20161","03327871",32,0,"1",1300,"D",130,"D",.,"A",26,"D",0,"D",.,"A",.,"A",1170,"D",45,"D",.,"A",.,"A",.,"A",.,"A"
"20161","03327881",32,0,"1",2275,"D",585,"D",.,"A",299,"D",0,"D",.,"A",.,"A",1690,"D",18,"D",.,"A",.,"A",.,"A",.,"A"
"20161","03327891",40,0,"1",1300,"D",130,"D",.,"A",260,"D",0,"D",.,"A",.,"A",1170,"D",240,"D",.,"A",.,"A",.,"A",.,"A"
"20161","03327901",56,0,"1",1625,"D",390,"D",.,"A",650,"D",0,"D",.,"A",.,"A",1235,"D",60,"D",.,"A",.,"A",.,"A",.,"A"
"20161","03327921",18,0,"1",1300,"D",1300,"D",.,"A",0,"D",0,"D",.,"A",.,"A",0,"D",0,"D",.,"A",.,"A",.,"A",.,"A"
"20161","03327951",31,0,"1",975,"D",975,"D",325,"D",195,"D",0,"D",.,"A",.,"A",0,"D",0,"D",.,"A",.,"A",.,"A",.,"A"
"20161","03327972",51,0,"1",260,"D",65,"D",.,"A",520,"D",0,"D",100,"D",.,"A",195,"D",0,"D",.,"A",.,"A",.,"A",.,"A"
"20161","03327981",28,0,"1",1040,"D",260,"D",.,"A",260,"D",60,"D",.,"A",.,"A",780,"D",300,"D",.,"A",.,"A",52,"D",4,"D"
"20161","03328011",19,0,"1",1950,"D",390,"D",.,"A",0,"D",0,"D",.,"A",.,"A",1560,"D",0,"D",.,"A",.,"A",.,"A",.,"A"
"20161","03328021",21,0,"1",3900,"D",520,"D",.,"A",2600,"D",0,"D",.,"A",270,"F",3380,"D",150,"D",.,"A",.,"A",.,"A",.,"A"
"20161","03328061",27,0,"1",1625,"D",325,"D",130,"D",325,"D",0,"D",.,"A",15,"D",1300,"D",0,"D",.,"A",.,"A",.,"A",.,"A"
"20161","03328101",48,0,"1",975,"D",260,"D",.,"A",975,"D",150,"D",.,"A",.,"A",715,"D",450,"D",.,"A",.,"A",.,"A",.,"A"
"20161","03328121",9,0,"1",1300,"D",260,"D",.,"A",0,"D",0,"D",.,"A",.,"A",1040,"D",0,"D",.,"A",.,"A",.,"A",.,"A"
"20161","03328131",52,0,"1",1300,"D",520,"D",.,"A",520,"D",60,"D",.,"A",.,"A",780,"D",300,"D",.,"A",.,"A",.,"A",.,"A"
"20161","03328141",22,0,"1",1300,"D",302,"F",156,"D",585,"D",0,"D",.,"A",.,"A",1110,"F",450,"D",.,"A",.,"A",.,"A",.,"A"
"20161","03328151",54,0,"1",650,"D",130,"D",.,"A",325,"D",45,"D",.,"A",.,"A",520,"D",30,"D",.,"A",.,"A",.,"A",.,"A"
"20161","03328161",16,0,"1",819,"D",130,"D",260,"D",390,"D",0,"D",.,"A",.,"A",689,"D",0,"D",60,"D",780,"D",.,"A",.,"A"
"20161","03328171",20,0,"1",1300,"D",650,"D",.,"A",0,"D",0,"D",.,"A",.,"A",650,"D",30,"D",100,"D",1300,"D",.,"A",.,"A"
"20161","03328201",34,0,"1",325,"D",0,"D",.,"A",1300,"D",840,"D",.,"A",.,"A",325,"D",225,"D",.,"A",.,"A",.,"A",.,"A"
"20161","03328211",15,0,"1",455,"D",130,"D",.,"A",0,"D",0,"D",.,"A",.,"A",325,"D",120,"D",70,"D",910,"D",.,"A",.,"A"
"20161","03328261",38,0,"1",975,"D",104,"D",.,"A",0,"D",0,"D",.,"A",.,"A",871,"D",0,"D",.,"A",.,"A",.,"A",.,"A"
"20161","03328271",52,0,"1",910,"D",0,"D",.,"A",0,"D",0,"D",.,"A",432,"D",910,"D",0,"D",.,"A",.,"A",.,"A",.,"A"
"20161","03328291",28,0,"1",975,"D",130,"D",.,"A",325,"D",150,"D",.,"A",.,"A",845,"D",300,"D",.,"A",.,"A",.,"A",.,"A"
"20161","03328301",48,0,"1",2600,"D",650,"D",.,"A",1950,"D",300,"D",.,"A",.,"A",1950,"D",300,"D",.,"A",.,"A",.,"A",.,"A"
"20161","03328321",11,0,"1",1040,"D",195,"D",.,"A",0,"D",0,"D",.,"A",.,"A",845,"D",0,"D",.,"A",.,"A",.,"A",.,"A"
"20161","03328341",14,0,"1",650,"D",260,"D",390,"D",520,"D",0,"D",.,"A",.,"A",390,"D",0,"D",.,"A",.,"A",.,"A",.,"A"
"20161","03328361",24,0,"1",455,"D",65,"D",.,"A",65,"D",0,"D",.,"A",.,"A",390,"D",0,"D",.,"A",.,"A",.,"A",.,"A"
"20161","03328403",17,0,"1",6500,"D",1300,"D",.,"A",1300,"D",60,"D",.,"A",.,"A",5200,"D",60,"D",.,"A",.,"A",.,"A",.,"A"
"20161","03328412",33,0,"1",2600,"D",260,"D",260,"D",325,"D",300,"D",.,"A",.,"A",2340,"D",150,"D",30,"D",390,"D",.,"A",.,"A"
"20161","03328461",44,0,"1",910,"D",0,"D",.,"A",520,"D",0,"D",.,"A",.,"A",910,"D",60,"D",.,"A",.,"A",.,"A",.,"A"
"20161","03328481",23,0,"1",780,"D",130,"D",.,"A",780,"D",30,"D",.,"A",.,"A",650,"D",0,"D",.,"A",.,"A",.,"A",.,"A"
"20161","03328511",24,0,"1",1950,"D",390,"D",.,"A",650,"D",0,"D",.,"A",.,"A",1560,"D",0,"D",.,"A",.,"A",260,"D",20,"D"
"20161","03328571",35,0,"1",2600,"D",325,"D",.,"A",325,"D",0,"D",.,"A",.,"A",2275,"D",0,"D",.,"A",.,"A",.,"A",.,"A"
"20161","03328591",16,0,"1",975,"D",169,"D",.,"A",520,"D",0,"D",.,"A",.,"A",806,"D",0,"D",30,"D",390,"D",.,"A",.,"A"
"20161","03328611",10,0,"1",325,"D",0,"D",130,"D",65,"D",0,"D",.,"A",.,"A",325,"D",0,"D",.,"A",.,"A",.,"A",.,"A"
"20161","03328651",22,0,"1",3900,"D",650,"D",.,"A",650,"D",0,"D",.,"A",.,"A",3250,"D",30,"D",.,"A",.,"A",.,"A",.,"A"
"20161","03328661",18,0,"1",650,"D",130,"D",65,"D",0,"D",0,"D",.,"A",.,"A",520,"D",300,"D",20,"D",260,"D",.,"A",.,"A"
"20161","03328671",59,0,"1",2600,"D",260,"D",.,"A",325,"D",0,"D",.,"A",.,"A",2340,"D",1200,"D",.,"A",.,"A",.,"A",.,"A"
"20161","03328701",21,0,"1",975,"D",390,"D",.,"A",390,"D",0,"D",.,"A",.,"A",585,"D",0,"D",.,"A",.,"A",.,"A",.,"A"
"20161","03328711",29,0,"1",1040,"D",192,"F",.,"A",390,"D",0,"D",.,"A",.,"A",721,"F",0,"D",.,"A",.,"A",.,"A",.,"A"
"20161","03328721",13,0,"1",130,"D",185,"F",.,"A",344,"F",0,"D",.,"A",.,"A",674,"F",0,"D",.,"A",.,"A",.,"A",.,"A"
"20161","03328731",25,0,"1",1950,"D",390,"D",.,"A",0,"D",0,"D",.,"A",.,"A",1560,"D",0,"D",.,"A",.,"A",.,"A",.,"A"
"20161","03328741",15,0,"1",975,"D",130,"D",.,"A",130,"D",0,"D",.,"A",.,"A",845,"D",0,"D",.,"A",.,"A",.,"A",.,"A"
"20161","03328771",17,0,"1",260,"D",65,"D",.,"A",91,"D",0,"D",.,"A",.,"A",195,"D",0,"D",.,"A",.,"A",.,"A",.,"A"
"20161","03328781",25,0,"1",1300,"D",520,"D",.,"A",650,"D",0,"D",.,"A",.,"A",780,"D",0,"D",.,"A",.,"A",.,"A",.,"A"
"20161","03328791",20,0,"1",1300,"D",0,"D",390,"D",0,"D",0,"D",.,"A",.,"A",1300,"D",0,"D",.,"A",.,"A",.,"A",.,"A"
"20161","03328801",20,0,"1",650,"D",260,"D",520,"D",0,"D",0,"D",.,"A",.,"A",390,"D",240,"D",.,"A",.,"A",.,"A",.,"A"
"20161","03328811",31,0,"1",3900,"D",338,"D",78,"D",520,"D",60,"D",.,"A",.,"A",3562,"D",60,"D",.,"A",.,"A",.,"A",.,"A"
"20161","03328821",49,0,"1",2600,"D",780,"D",260,"D",1300,"D",60,"D",.,"A",.,"A",1820,"D",21,"D",50,"D",650,"D",.,"A",.,"A"
"20161","03328831",30,0,"1",1300,"D",390,"D",.,"A",1300,"D",300,"D",.,"A",.,"A",910,"D",180,"D",.,"A",.,"A",.,"A",.,"A"
"20161","03328871",45,0,"1",1040,"D",390,"D",.,"A",325,"D",300,"D",.,"A",.,"A",650,"D",120,"D",35,"D",455,"D",.,"A",.,"A"
"20161","03328891",26,0,"1",1170,"D",325,"D",.,"A",0,"D",0,"D",.,"A",.,"A",845,"D",0,"D",.,"A",.,"A",.,"A",.,"A"
"20161","03328901",47,0,"1",1300,"D",325,"D",0,"D",1196,"D",75,"D",.,"A",.,"A",975,"D",75,"D",.,"A",.,"A",.,"A",.,"A"
"20161","03328911",36,0,"1",1950,"D",520,"D",.,"A",260,"D",0,"D",.,"A",.,"A",1430,"D",0,"D",.,"A",.,"A",.,"A",.,"A"
"20161","03328921",40,0,"1",1820,"D",520,"D",.,"A",1040,"D",120,"D",.,"A",180,"D",1300,"D",240,"D",.,"A",.,"A",.,"A",.,"A"
"20161","03328931",15,0,"1",1950,"D",520,"D",.,"A",130,"D",0,"D",.,"A",.,"A",1430,"D",0,"D",.,"A",.,"A",.,"A",.,"A"
"20161","03328941",23,0,"1",650,"D",260,"D",.,"A",520,"D",0,"D",.,"A",.,"A",390,"D",0,"D",.,"A",.,"A",.,"A",.,"A"
"20161","03328951",25,0,"1",650,"D",302,"F",.,"A",247,"D",0,"D",.,"A",.,"A",1110,"F",0,"D",11,"D",143,"D",.,"A",.,"A"
"20161","03328971",23,0,"1",1300,"D",260,"D",.,"A",1560,"D",0,"D",.,"A",.,"A",1040,"D",0,"D",.,"A",.,"A",.,"A",.,"A"
"20161","03328981",25,0,"1",1040,"D",260,"D",.,"A",325,"D",120,"D",.,"A",.,"A",780,"D",0,"D",96,"D",1248,"D",13,"D",1,"D"
"20161","03328993",21,0,"1",1950,"D",0,"D",.,"A",169,"D",0,"D",.,"A",.,"A",1950,"D",0,"D",24,"D",312,"D",.,"A",.,"A"
"20161","03329011",46,0,"1",2600,"D",185,"F",.,"A",780,"D",0,"D",.,"A",.,"A",674,"F",75,"D",.,"A",.,"A",.,"A",.,"A"
"20161","03329024",21,0,"1",780,"D",260,"D",130,"D",0,"D",0,"D",.,"A",.,"A",520,"D",0,"D",.,"A",.,"A",.,"A",.,"A"
"20161","03329031",34,0,"1",780,"D",65,"D",.,"A",260,"D",0,"D",.,"A",.,"A",715,"D",0,"D",.,"A",.,"A",.,"A",.,"A"
"20161","03329061",27,0,"1",1812,"F",.,"A",.,"A",648,"F",0,"D",.,"A",.,"A",1569,"F",0,"D",70,"D",910,"D",233,"F",.,"C"
"20161","03329081",23,0,"1",1300,"D",260,"D",.,"A",520,"D",30,"D",.,"A",.,"A",1040,"D",60,"D",.,"A",.,"A",.,"A",.,"A"
"20161","03329091",19,0,"1",2600,"D",520,"D",520,"D",1300,"D",0,"D",.,"A",.,"A",2080,"D",0,"D",.,"A",.,"A",.,"A",.,"A"
"20161","03329101",30,0,"1",3250,"D",910,"D",.,"A",520,"D",240,"D",.,"A",720,"D",2340,"D",180,"D",.,"A",.,"A",.,"A",.,"A"
"20161","03329121",26,0,"1",585,"D",260,"D",.,"A",65,"D",0,"D",.,"A",.,"A",325,"D",0,"D",.,"A",.,"A",.,"A",.,"A"
"20161","03329131",21,0,"1",1950,"D",390,"D",.,"A",650,"D",0,"D",.,"A",.,"A",1560,"D",0,"D",.,"A",.,"A",.,"A",.,"A"
"20161","03329151",16,0,"1",1625,"D",390,"D",.,"A",0,"D",0,"D",.,"A",.,"A",1235,"D",0,"D",.,"A",.,"A",.,"A",.,"A"
"20161","03329171",22,0,"1",1950,"D",260,"D",.,"A",325,"D",0,"D",.,"A",.,"A",1690,"D",0,"D",.,"A",.,"A",.,"A",.,"A"
"20161","03329181",54,0,"1",390,"D",0,"D",65,"D",650,"D",300,"D",.,"A",.,"A",390,"D",90,"D",.,"A",.,"A",.,"A",.,"A"
"20161","03329191",38,0,"1",1300,"D",325,"D",260,"D",390,"D",150,"D",.,"A",.,"A",975,"D",75,"D",.,"A",.,"A",.,"A",.,"A"
"20161","03329201",59,0,"1",1950,"D",195,"D",.,"A",520,"D",120,"D",.,"A",.,"A",1755,"D",150,"D",.,"A",.,"A",.,"A",.,"A"
"20161","03329211",36,0,"1",1300,"D",260,"D",.,"A",1950,"D",0,"D",.,"A",.,"A",1040,"D",0,"D",.,"A",.,"A",.,"A",.,"A"
"20161","03329221",27,0,"1",1300,"D",130,"D",.,"A",650,"D",0,"D",.,"A",.,"A",1170,"D",90,"D",.,"A",.,"A",.,"A",.,"A"
"20161","03329231",9,0,"1",455,"D",130,"D",.,"A",0,"D",0,"D",.,"A",.,"A",325,"D",0,"D",.,"A",.,"A",.,"A",.,"A"
"20161","03329241",20,0,"1",1950,"D",0,"D",.,"A",650,"D",0,"D",.,"A",.,"A",1950,"D",60,"D",.,"A",.,"A",.,"A",.,"A"
"20161","03329281",17,0,"1",3250,"D",390,"D",.,"A",910,"D",0,"D",.,"A",.,"A",2860,"D",75,"D",.,"A",.,"A",.,"A",.,"A"
"20161","03329304",39,0,"1",1625,"D",0,"D",130,"D",819,"D",0,"D",60,"D",.,"A",1625,"D",99,"D",.,"A",.,"A",.,"A",.,"A"
"20161","03329341",20,0,"1",1300,"D",260,"D",.,"A",390,"D",134,"F",.,"A",.,"A",1040,"D",130,"F",.,"A",.,"A",.,"A",.,"A"
"20161","03329361",23,0,"1",650,"D",130,"D",.,"A",260,"D",240,"D",.,"A",.,"A",520,"D",180,"D",140,"D",1820,"D",.,"A",.,"A"
"20161","03329391",26,0,"1",520,"D",169,"D",.,"A",0,"D",0,"D",.,"A",.,"A",351,"D",0,"D",72,"D",936,"D",.,"A",.,"A"
"20161","03329401",38,0,"1",2600,"D",650,"D",.,"A",650,"D",0,"D",.,"A",.,"A",1950,"D",30,"D",.,"A",.,"A",.,"A",.,"A"
"20161","03329421",15,0,"1",650,"D",130,"D",.,"A",78,"D",0,"D",.,"A",.,"A",520,"D",45,"D",.,"A",.,"A",.,"A",.,"A"
"20161","03329431",36,0,"1",715,"D",39,"D",.,"A",260,"D",0,"D",.,"A",.,"A",676,"D",0,"D",.,"A",.,"A",.,"A",.,"A"
"20161","03329451",58,0,"1",1560,"D",0,"D",325,"D",1300,"D",30,"D",.,"A",.,"A",1560,"D",600,"D",.,"A",.,"A",.,"A",.,"A"
"20161","03329461",8,0,"1",325,"D",195,"D",.,"A",0,"D",0,"D",.,"A",.,"A",130,"D",0,"D",30,"D",390,"D",.,"A",.,"A"
"20161","03329481",28,0,"1",1040,"D",260,"D",.,"A",650,"D",0,"D",.,"A",.,"A",780,"D",0,"D",.,"A",.,"A",.,"A",.,"A"
"20161","03329491",23,0,"1",975,"D",260,"D",.,"A",130,"D",0,"D",.,"A",.,"A",715,"D",0,"D",.,"A",.,"A",.,"A",.,"A"
"20161","03329501",18,0,"1",1430,"D",195,"D",.,"A",325,"D",0,"D",.,"A",.,"A",1235,"D",0,"D",.,"A",.,"A",.,"A",.,"A"
"20161","03329511",8,0,"1",1300,"D",279,"F",.,"A",0,"D",0,"D",.,"A",.,"A",1079,"F",0,"D",.,"A",.,"A",.,"A",.,"A"
"20161","03329541",38,0,"1",1560,"D",156,"D",.,"A",1040,"D",30,"D",.,"A",.,"A",1404,"D",30,"D",.,"A",.,"A",.,"A",.,"A"
"20161","03329551",19,0,"1",1300,"D",260,"D",.,"A",3575,"D",0,"D",.,"A",.,"A",1040,"D",0,"D",.,"A",.,"A",.,"A",.,"A"
"20161","03329601",5,0,"1",390,"D",260,"D",520,"D",1300,"D",300,"D",.,"A",.,"A",130,"D",3,"D",.,"A",.,"A",.,"A",.,"A"
"20161","03329622",24,0,"1",2275,"D",325,"D",.,"A",1300,"D",0,"D",.,"A",.,"A",1950,"D",0,"D",.,"A",.,"A",.,"A",.,"A"
"20161","03329633",79,0,"1",975,"D",0,"D",.,"A",650,"D",0,"D",.,"A",.,"A",975,"D",30,"D",8,"D",104,"D",.,"A",.,"A"
"20161","03329661",67,0,"1",1300,"D",195,"D",130,"D",390,"D",0,"D",.,"A",.,"A",1105,"D",180,"D",.,"A",.,"A",.,"A",.,"A"
"20161","03329671",54,0,"1",2145,"D",195,"D",.,"A",650,"D",0,"D",.,"A",.,"A",1950,"D",0,"D",55,"D",715,"D",.,"A",.,"A"
"20161","03329721",42,0,"1",1040,"D",260,"D",.,"A",390,"D",0,"D",.,"A",.,"A",780,"D",0,"D",.,"A",.,"A",.,"A",.,"A"
"20161","03329731",11,0,"1",780,"D",130,"D",65,"D",0,"D",0,"D",.,"A",.,"A",650,"D",0,"D",20,"D",260,"D",.,"A",.,"A"
"20161","03329761",9,0,"1",650,"D",65,"D",130,"D",650,"D",60,"D",.,"A",.,"A",585,"D",90,"D",.,"A",.,"A",.,"A",.,"A"
"20161","03329781",24,0,"1",650,"D",409,"F",130,"D",260,"D",0,"D",.,"A",.,"A",1817,"F",0,"D",.,"A",.,"A",.,"A",.,"A"
"20161","03329791",12,0,"1",325,"D",52,"D",.,"A",0,"D",0,"D",.,"A",.,"A",273,"D",0,"D",.,"A",.,"A",.,"A",.,"A"
"20161","03329811",27,0,"1",325,"D",65,"D",.,"A",130,"D",0,"D",.,"A",.,"A",260,"D",0,"D",.,"A",.,"A",.,"A",.,"A"
"20161","03329821",6,0,"1",650,"D",65,"D",.,"A",0,"D",0,"D",.,"A",.,"A",585,"D",0,"D",.,"A",.,"A",.,"A",.,"A"
"20161","03329831",14,0,"1",520,"D",26,"D",39,"D",130,"D",0,"D",.,"A",.,"A",494,"D",60,"D",.,"A",.,"A",.,"A",.,"A"
"20161","03329841",44,0,"1",2600,"D",650,"D",.,"A",520,"D",0,"D",.,"A",263,"F",1950,"D",0,"D",.,"A",.,"A",.,"A",.,"A"
"20161","03329851",16,0,"1",455,"D",65,"D",.,"A",260,"D",0,"D",.,"A",.,"A",390,"D",120,"D",.,"A",.,"A",.,"A",.,"A"
"20161","03329864",21,0,"1",1950,"D",195,"D",.,"A",455,"D",150,"D",.,"A",.,"A",1755,"D",60,"D",.,"A",.,"A",.,"A",.,"A"
"20161","03329871",36,0,"1",1625,"D",130,"D",.,"A",1950,"D",30,"D",.,"A",.,"A",1495,"D",0,"D",.,"A",.,"A",.,"A",.,"A"
"20161","03329881",22,0,"1",780,"D",65,"D",.,"A",130,"D",0,"D",.,"A",.,"A",715,"D",15,"D",.,"A",.,"A",.,"A",.,"A"
"20161","03329901",19,0,"1",1950,"D",195,"D",.,"A",0,"D",0,"D",.,"A",.,"A",1755,"D",0,"D",.,"A",.,"A",.,"A",.,"A"
"20161","03329911",28,0,"1",3900,"D",0,"D",325,"D",3900,"D",225,"D",.,"A",.,"A",3900,"D",450,"D",.,"A",.,"A",.,"A",.,"A"
"20161","03329991",6,0,"1",0,"D",.,"A",.,"A",0,"D",0,"D",.,"A",.,"A",0,"D",0,"D",.,"A",.,"A",.,"A",.,"A"
"20161","03330001",19,0,"1",455,"D",65,"D",.,"A",1950,"D",0,"D",.,"A",.,"A",390,"D",45,"D",37,"D",481,"D",.,"A",.,"A"
"20161","03330021",21,0,"1",1300,"D",390,"D",.,"A",780,"D",0,"D",.,"A",.,"A",910,"D",90,"D",.,"A",.,"A",.,"A",.,"A"
"20161","03330031",57,0,"1",3900,"D",975,"D",.,"A",1300,"D",150,"D",.,"A",.,"A",2925,"D",150,"D",.,"A",.,"A",325,"D",25,"D"
"20161","03330041",12,0,"1",650,"D",260,"D",.,"A",1040,"D",0,"D",.,"A",200,"D",390,"D",0,"D",100,"D",1300,"D",.,"A",.,"A"
"20161","03330081",12,0,"1",0,"D",.,"A",.,"A",0,"D",0,"D",.,"A",.,"A",0,"D",0,"D",.,"A",.,"A",.,"A",.,"A"
"20161","03330121",37,0,"1",1625,"D",260,"D",260,"D",1755,"D",0,"D",.,"A",.,"A",1365,"D",0,"D",.,"A",.,"A",.,"A",.,"A"
"20161","03330131",14,0,"1",883,"F",.,"A",.,"A",410,"F",0,"D",.,"A",.,"A",708,"F",0,"D",.,"A",.,"A",.,"A",.,"A"
"20161","03330151",11,0,"1",780,"D",130,"D",325,"D",325,"D",0,"D",.,"A",.,"A",650,"D",0,"D",.,"A",.,"A",.,"A",.,"A"
"20161","03330161",23,0,"1",1300,"D",650,"D",65,"D",390,"D",0,"D",.,"A",.,"A",650,"D",0,"D",.,"A",.,"A",.,"A",.,"A"
"20161","03330191",19,0,"1",2600,"D",1300,"D",195,"D",520,"D",150,"D",.,"A",.,"A",1300,"D",450,"D",.,"A",.,"A",.,"A",.,"A"
"20161","03330201",25,0,"1",1300,"D",325,"D",.,"A",195,"D",120,"D",.,"A",.,"A",975,"D",120,"D",35,"D",455,"D",.,"A",.,"A"
"20161","03330211",47,0,"1",2600,"D",260,"D",.,"A",910,"D",60,"D",.,"A",.,"A",2340,"D",75,"D",.,"A",.,"A",.,"A",.,"A"
"20161","03330221",26,0,"1",1625,"D",390,"D",.,"A",325,"D",0,"D",.,"A",.,"A",1235,"D",60,"D",15,"D",195,"D",.,"A",.,"A"
"20161","03330241",48,0,"1",3250,"D",650,"D",.,"A",1300,"D",150,"D",.,"A",.,"A",2600,"D",60,"D",.,"A",.,"A",.,"A",.,"A"
"20161","03330261",26,0,"1",1950,"D",650,"D",.,"A",650,"D",120,"D",.,"A",.,"A",1300,"D",0,"D",.,"A",.,"A",.,"A",.,"A"
"20161","03330281",21,0,"1",650,"D",65,"D",.,"A",650,"D",0,"D",.,"A",.,"A",585,"D",0,"D",.,"A",.,"A",.,"A",.,"A"
"20161","03330291",11,0,"1",650,"D",130,"D",.,"A",0,"D",0,"D",.,"A",.,"A",520,"D",0,"D",.,"A",.,"A",.,"A",.,"A"
"20161","03330301",28,0,"1",1300,"D",195,"D",.,"A",650,"D",90,"D",.,"A",.,"A",1105,"D",180,"D",.,"A",.,"A",.,"A",.,"A"
"20161","03330311",12,0,"1",1950,"D",325,"D",.,"A",0,"D",0,"D",.,"A",.,"A",1625,"D",0,"D",.,"A",.,"A",.,"A",.,"A"
"20161","03330323",70,0,"1",1625,"D",325,"D",.,"A",390,"D",0,"D",.,"A",270,"F",1300,"D",0,"D",.,"A",.,"A",.,"A",.,"A"
"20161","03330331",24,0,"1",1300,"D",0,"D",.,"A",520,"D",0,"D",.,"A",.,"A",1300,"D",0,"D",.,"A",.,"A",.,"A",.,"A"
"20161","03330361",15,0,"1",2600,"D",0,"D",.,"A",325,"D",0,"D",.,"A",.,"A",2600,"D",0,"D",.,"A",.,"A",.,"A",.,"A"
"20161","03330391",19,0,"1",1950,"D",650,"D",.,"A",0,"D",0,"D",.,"A",.,"A",1300,"D",75,"D",.,"A",.,"A",.,"A",.,"A"
"20161","03330401",10,0,"1",780,"D",65,"D",.,"A",390,"D",0,"D",.,"A",.,"A",715,"D",0,"D",.,"A",.,"A",.,"A",.,"A"
"20161","03330421",22,0,"1",650,"D",0,"D",.,"A",0,"D",0,"D",.,"A",.,"A",650,"D",0,"D",.,"A",.,"A",.,"A",.,"A"
"20161","03330431",33,0,"1",1950,"D",130,"D",.,"A",390,"D",0,"D",.,"A",.,"A",1820,"D",0,"D",.,"A",.,"A",.,"A",.,"A"
"20161","03330441",6,0,"1",650,"D",260,"D",.,"A",650,"D",300,"D",.,"A",.,"A",390,"D",3,"D",.,"A",.,"A",.,"A",.,"A"
"20161","03330481",16,0,"1",2600,"D",325,"D",.,"A",1560,"D",0,"D",.,"A",.,"A",2275,"D",0,"D",.,"A",.,"A",.,"A",.,"A"
"20161","03330491",39,0,"1",650,"D",130,"D",.,"A",260,"D",0,"D",.,"A",.,"A",520,"D",0,"D",.,"A",.,"A",.,"A",.,"A"
"20161","03330551",19,0,"1",2600,"D",409,"F",.,"A",857,"F",0,"D",.,"A",.,"A",1817,"F",0,"D",.,"A",.,"A",.,"A",.,"A"
"20161","03330561",27,0,"1",780,"D",65,"D",.,"A",520,"D",0,"D",.,"A",.,"A",715,"D",60,"D",.,"A",.,"A",.,"A",.,"A"
"20161","03330571",53,0,"1",3250,"D",0,"D",.,"A",455,"D",45,"D",.,"A",.,"A",3250,"D",75,"D",.,"A",.,"A",.,"A",.,"A"
"20161","03330581",35,0,"1",1300,"D",1300,"D",.,"A",650,"D",0,"D",.,"A",.,"A",0,"D",0,"D",.,"A",.,"A",.,"A",.,"A"
"20161","03330601",23,0,"1",2600,"D",0,"D",.,"A",1950,"D",120,"D",.,"A",.,"A",2600,"D",300,"D",.,"A",.,"A",.,"A",.,"A"
"20161","03330611",26,0,"1",1170,"D",260,"D",.,"A",520,"D",60,"D",.,"A",.,"A",910,"D",105,"D",.,"A",.,"A",.,"A",.,"A"
"20161","03330631",41,0,"1",325,"D",0,"D",.,"A",0,"D",0,"D",.,"A",.,"A",325,"D",0,"D",.,"A",.,"A",.,"A",.,"A"
"20161","03330641",49,0,"1",1950,"D",650,"D",390,"D",1300,"D",225,"D",.,"A",.,"A",1300,"D",150,"D",35,"D",455,"D",.,"A",.,"A"
"20161","03330651",50,0,"1",1950,"D",195,"D",.,"A",351,"D",0,"D",.,"A",.,"A",1755,"D",0,"D",.,"A",.,"A",.,"A",.,"A"
"20161","03330661",32,0,"1",975,"D",260,"D",975,"D",325,"D",6,"D",.,"A",.,"A",715,"D",6,"D",.,"A",.,"A",.,"A",.,"A"
"20161","03330671",31,0,"1",1300,"D",0,"D",650,"D",780,"D",300,"D",.,"A",.,"A",1300,"D",120,"D",.,"A",.,"A",.,"A",.,"A"
"20161","03330701",31,0,"1",884,"D",104,"D",260,"D",390,"D",0,"D",.,"A",.,"A",780,"D",0,"D",.,"A",.,"A",.,"A",.,"A"
"20161","03330714",37,0,"1",1560,"D",260,"D",.,"A",1040,"D",30,"D",.,"A",.,"A",1300,"D",60,"D",.,"A",.,"A",.,"A",.,"A"
"20161","03330721",30,0,"1",780,"D",0,"D",.,"A",650,"D",180,"D",.,"A",.,"A",780,"D",120,"D",.,"A",.,"A",.,"A",.,"A"
"20161","03330741",30,0,"1",3640,"D",650,"D",.,"A",325,"D",0,"D",.,"A",.,"A",2990,"D",6,"D",0,"D",0,"D",.,"A",.,"A"
"20161","03330761",20,0,"1",845,"D",260,"D",195,"D",260,"D",0,"D",.,"A",.,"A",585,"D",0,"D",.,"A",.,"A",.,"A",.,"A"
"20161","03330771",39,0,"1",650,"D",65,"D",.,"A",0,"D",0,"D",.,"A",.,"A",585,"D",0,"D",.,"A",.,"A",.,"A",.,"A"
"20161","03330801",27,0,"1",1950,"D",650,"D",260,"D",0,"D",0,"D",.,"A",.,"A",1300,"D",60,"D",21,"D",273,"D",.,"A",.,"A"
"20161","03330821",60,0,"1",3900,"D",328,"F",.,"A",6500,"D",0,"D",.,"A",.,"A",1330,"F",0,"D",.,"A",.,"A",.,"A",.,"A"
"20161","03330861",36,0,"1",1950,"D",0,"D",.,"A",455,"D",150,"D",.,"A",.,"A",1950,"D",90,"D",.,"A",.,"A",.,"A",.,"A"
"20161","03330871",22,0,"1",650,"D",130,"D",.,"A",390,"D",0,"D",.,"A",.,"A",520,"D",0,"D",.,"A",.,"A",.,"A",.,"A"
"20161","03330881",21,0,"1",910,"D",130,"D",.,"A",260,"D",0,"D",.,"A",.,"A",780,"D",0,"D",.,"A",.,"A",.,"A",.,"A"
"20161","03330891",18,0,"1",650,"D",195,"D",.,"A",0,"D",0,"D",.,"A",.,"A",455,"D",0,"D",.,"A",.,"A",.,"A",.,"A"
"20161","03330901",14,0,"1",1300,"D",130,"D",260,"D",260,"D",0,"D",.,"A",.,"A",1170,"D",0,"D",.,"A",.,"A",.,"A",.,"A"
"20161","03330911",20,0,"1",2600,"D",650,"D",.,"A",6500,"D",600,"D",.,"A",.,"A",1950,"D",0,"D",.,"A",.,"A",.,"A",.,"A"
"20161","03330931",12,0,"1",1430,"D",130,"D",.,"A",130,"D",0,"D",.,"A",.,"A",1300,"D",0,"D",.,"A",.,"A",.,"A",.,"A"
"20161","03330961",32,0,"1",1040,"D",260,"D",.,"A",130,"D",0,"D",.,"A",.,"A",780,"D",0,"D",.,"A",.,"A",.,"A",.,"A"
"20161","03330971",22,0,"1",1950,"D",325,"D",.,"A",0,"D",0,"D",.,"A",.,"A",1625,"D",0,"D",.,"A",.,"A",.,"A",.,"A"
"20161","03330981",51,0,"1",2600,"D",260,"D",.,"A",1300,"D",0,"D",.,"A",600,"D",2340,"D",120,"D",.,"A",.,"A",.,"A",.,"A"
"20161","03330991",46,0,"1",1300,"D",650,"D",234,"D",1040,"D",150,"D",.,"A",.,"A",650,"D",300,"D",.,"A",.,"A",.,"A",.,"A"
"20161","03331031",28,0,"1",975,"D",0,"D",.,"A",650,"D",300,"D",.,"A",.,"A",975,"D",300,"D",.,"A",.,"A",.,"A",.,"A"
"20161","03331041",55,0,"1",1950,"D",260,"D",.,"A",520,"D",0,"D",.,"A",.,"A",1690,"D",75,"D",.,"A",.,"A",.,"A",.,"A"
"20161","03331051",17,0,"1",5200,"D",302,"F",.,"A",0,"D",6,"D",.,"A",.,"A",1110,"F",6,"D",.,"A",.,"A",.,"A",.,"A"
"20161","03331061",20,0,"1",1300,"D",325,"D",.,"A",1300,"D",0,"D",.,"A",.,"A",975,"D",75,"D",25,"D",325,"D",.,"A",.,"A"
"20161","03331081",22,0,"1",1690,"D",455,"D",.,"A",260,"D",0,"D",.,"A",.,"A",1235,"D",30,"D",.,"A",.,"A",.,"A",.,"A"
"20161","03331091",21,0,"1",520,"D",130,"D",.,"A",780,"D",0,"D",.,"A",.,"A",390,"D",0,"D",.,"A",.,"A",.,"A",.,"A"
"20161","03331111",14,0,"1",650,"D",130,"D",.,"A",0,"D",0,"D",.,"A",.,"A",520,"D",150,"D",9,"D",117,"D",.,"A",.,"A"
"20161","03331121",20,0,"1",650,"D",260,"D",.,"A",0,"D",0,"D",.,"A",.,"A",390,"D",0,"D",.,"A",.,"A",.,"A",.,"A"
"20161","03331141",31,0,"1",455,"D",0,"D",.,"A",130,"D",6,"D",.,"A",.,"A",455,"D",6,"D",.,"A",.,"A",.,"A",.,"A"
"20161","03331151",47,0,"1",2600,"D",650,"D",.,"A",0,"D",0,"D",.,"A",.,"A",1950,"D",150,"D",.,"A",.,"A",.,"A",.,"A"
"20161","03331161",31,0,"1",883,"F",.,"A",.,"A",0,"D",0,"D",.,"A",.,"A",721,"F",0,"D",.,"A",.,"A",.,"A",.,"A"
"20161","03331171",30,0,"1",1300,"D",260,"D",.,"A",0,"D",0,"D",.,"A",.,"A",1040,"D",90,"D",.,"A",.,"A",260,"D",20,"D"
"20161","03331211",26,0,"1",1300,"D",390,"D",.,"A",390,"D",90,"D",.,"A",.,"A",910,"D",225,"D",.,"A",.,"A",.,"A",.,"A"
"20161","03331251",30,0,"1",1170,"D",585,"D",.,"A",1430,"D",90,"D",.,"A",.,"A",585,"D",150,"D",.,"A",.,"A",.,"A",.,"A"
"20161","03331291",23,0,"1",5200,"D",1950,"D",.,"A",0,"D",0,"D",.,"A",.,"A",3250,"D",0,"D",.,"A",.,"A",.,"A",.,"A"
"20161","03331311",32,0,"1",1950,"D",65,"D",.,"A",2600,"D",0,"D",.,"A",.,"A",1885,"D",0,"D",.,"A",.,"A",.,"A",.,"A"
"20161","03331321",55,0,"1",1820,"D",130,"D",.,"A",325,"D",75,"D",.,"A",.,"A",1690,"D",180,"D",.,"A",.,"A",.,"A",.,"A"
"20161","03331381",54,0,"1",2600,"D",650,"D",.,"A",1300,"D",300,"D",.,"A",.,"A",1950,"D",360,"D",.,"A",.,"A",.,"A",.,"A"
"20161","03331391",36,0,"1",6110,"D",1300,"D",.,"A",1690,"D",0,"D",.,"A",150,"D",4810,"D",90,"D",.,"A",.,"A",.,"A",.,"A"
"20161","03331411",11,0,"1",1645,"F",.,"A",.,"A",818,"F",134,"F",.,"A",.,"A",1330,"F",130,"F",.,"A",.,"A",.,"A",.,"A"
"20161","03331473",10,0,"1",1625,"D",130,"D",.,"A",0,"D",0,"D",.,"A",.,"A",1495,"D",0,"D",60,"D",780,"D",.,"A",.,"A"
"20161","03331481",11,0,"1",650,"D",130,"D",.,"A",0,"D",0,"D",.,"A",.,"A",520,"D",0,"D",60,"D",780,"D",.,"A",.,"A"
"20161","03331491",46,0,"1",1040,"D",130,"D",91,"D",455,"D",327,"D",.,"A",.,"A",910,"D",18,"D",.,"A",.,"A",.,"A",.,"A"
"20161","03331511",36,0,"1",780,"D",260,"D",.,"A",260,"D",60,"D",.,"A",.,"A",520,"D",90,"D",.,"A",.,"A",.,"A",.,"A"
"20161","03331521",47,0,"1",1313,"D",130,"D",.,"A",1703,"D",0,"D",.,"A",.,"A",1183,"D",45,"D",.,"A",.,"A",.,"A",.,"A"
"20161","03331541",111,0,"1",2860,"D",1170,"D",156,"D",2470,"D",60,"D",.,"A",.,"A",1690,"D",39,"D",.,"A",.,"A",.,"A",.,"A"
"20161","03331561",21,0,"1",520,"D",65,"D",.,"A",0,"D",0,"D",.,"A",.,"A",455,"D",0,"D",.,"A",.,"A",.,"A",.,"A"
"20161","03331641",10,0,"1",1812,"F",.,"A",.,"A",648,"F",144,"F",.,"A",.,"A",1569,"F",183,"F",.,"A",.,"A",.,"A",.,"A"
"20161","03331661",15,0,"1",2600,"D",390,"D",195,"D",650,"D",0,"D",.,"A",.,"A",2210,"D",0,"D",.,"A",.,"A",.,"A",.,"A"
"20161","03331671",37,0,"1",1300,"D",260,"D",650,"D",0,"D",0,"D",.,"A",.,"A",1040,"D",240,"D",.,"A",.,"A",104,"D",8,"D"
"20161","03331683",42,0,"1",1560,"D",260,"D",975,"D",1625,"D",480,"D",.,"A",.,"A",1300,"D",480,"D",8,"D",104,"D",.,"A",.,"A"
"20161","03331701",13,0,"1",2600,"D",520,"D",.,"A",130,"D",0,"D",.,"A",.,"A",2080,"D",0,"D",.,"A",.,"A",.,"A",.,"A"
"20161","03331721",39,0,"1",1950,"D",650,"D",.,"A",1625,"D",0,"D",.,"A",.,"A",1300,"D",150,"D",.,"A",.,"A",.,"A",.,"A"
"20161","03331731",35,0,"1",1300,"D",130,"D",260,"D",390,"D",240,"D",.,"A",.,"A",1170,"D",120,"D",.,"A",.,"A",.,"A",.,"A"
"20161","03331741",89,0,"1",1300,"D",455,"D",.,"A",1040,"D",30,"D",.,"A",.,"A",845,"D",30,"D",8,"D",104,"D",65,"D",5,"D"
"20161","03331761",26,0,"1",1300,"D",65,"D",.,"A",520,"D",0,"D",.,"A",.,"A",1235,"D",0,"D",.,"A",.,"A",.,"A",.,"A"
"20161","03331791",29,0,"1",3900,"D",650,"D",.,"A",260,"D",0,"D",.,"A",.,"A",3250,"D",15,"D",20,"D",260,"D",.,"A",.,"A"
"20161","03331801",26,0,"1",1300,"D",260,"D",.,"A",1950,"D",0,"D",.,"A",.,"A",1040,"D",0,"D",.,"A",.,"A",.,"A",.,"A"
"20161","03331811",37,0,"1",2600,"D",325,"D",502,"F",975,"D",150,"D",.,"A",270,"F",2275,"D",120,"D",.,"A",.,"A",.,"A",.,"A"
"20161","03331821",24,0,"1",975,"D",195,"D",130,"D",3250,"D",300,"D",.,"A",.,"A",780,"D",300,"D",.,"A",.,"A",.,"A",.,"A"
"20161","03331881",24,0,"1",1300,"D",0,"D",.,"A",130,"D",0,"D",.,"A",.,"A",1300,"D",0,"D",4,"D",52,"D",.,"A",.,"A"
"20161","03331891",37,0,"1",1950,"D",390,"D",.,"A",390,"D",0,"D",.,"A",.,"A",1560,"D",120,"D",.,"A",.,"A",.,"A",.,"A"
"20161","03331911",19,0,"1",455,"D",0,"D",.,"A",260,"D",0,"D",.,"A",.,"A",455,"D",90,"D",.,"A",.,"A",.,"A",.,"A"
"20161","03331921",11,0,"1",260,"D",130,"D",.,"A",520,"D",300,"D",.,"A",.,"A",130,"D",0,"D",.,"A",.,"A",.,"A",.,"A"
"20161","03331931",17,0,"1",1300,"D",130,"D",.,"A",195,"D",0,"D",.,"A",.,"A",1170,"D",60,"D",.,"A",.,"A",.,"A",.,"A"
"20161","03331941",23,0,"1",1950,"D",520,"D",.,"A",520,"D",0,"D",.,"A",.,"A",1430,"D",0,"D",.,"A",.,"A",.,"A",.,"A"
"20161","03331951",79,0,"1",1950,"D",0,"D",650,"D",780,"D",0,"D",.,"A",.,"A",1950,"D",0,"D",.,"A",.,"A",.,"A",.,"A"
"20161","03332021",26,0,"1",1300,"D",325,"D",290,"F",539,"F",0,"D",.,"A",.,"A",975,"D",0,"D",.,"A",.,"A",.,"A",.,"A"
"20161","03332031",20,0,"1",1040,"D",130,"D",260,"D",130,"D",0,"D",.,"A",.,"A",910,"D",120,"D",.,"A",.,"A",.,"A",.,"A"
"20161","03332041",57,0,"1",1300,"D",390,"D",.,"A",1040,"D",0,"D",.,"A",.,"A",910,"D",0,"D",.,"A",.,"A",.,"A",.,"A"
"20161","03332061",19,0,"1",390,"D",65,"D",.,"A",0,"D",0,"D",.,"A",.,"A",325,"D",150,"D",10,"D",130,"D",.,"A",.,"A"
"20161","03332071",22,0,"1",3250,"D",409,"F",.,"A",325,"D",144,"F",.,"A",150,"D",1817,"F",128,"F",.,"A",.,"A",.,"A",.,"A"
"20161","03332111",19,0,"1",1040,"D",130,"D",.,"A",182,"D",0,"D",.,"A",.,"A",910,"D",0,"D",.,"A",.,"A",.,"A",.,"A"
"20161","03332151",15,0,"1",1300,"D",390,"D",.,"A",0,"D",0,"D",.,"A",250,"D",910,"D",0,"D",.,"A",.,"A",.,"A",.,"A"
"20161","03332161",34,0,"1",1300,"D",390,"D",.,"A",0,"D",0,"D",.,"A",.,"A",910,"D",0,"D",84,"D",1092,"D",.,"A",.,"A"
"20161","03332171",27,0,"1",3250,"D",650,"D",.,"A",1950,"D",0,"D",.,"A",.,"A",2600,"D",90,"D",.,"A",.,"A",.,"A",.,"A"
"20161","03332251",22,0,"1",1170,"D",130,"D",.,"A",338,"D",0,"D",.,"A",30,"D",1040,"D",0,"D",10,"D",130,"D",.,"A",.,"A"
"20161","03332261",14,0,"1",1300,"D",130,"D",.,"A",0,"D",0,"D",.,"A",.,"A",1170,"D",0,"D",.,"A",.,"A",.,"A",.,"A"
"20161","03332281",21,0,"1",650,"D",260,"D",1820,"D",780,"D",0,"D",.,"A",.,"A",390,"D",0,"D",50,"D",650,"D",.,"A",.,"A"
"20161","03332291",35,0,"1",780,"D",0,"D",390,"D",520,"D",0,"D",.,"A",.,"A",780,"D",0,"D",.,"A",.,"A",.,"A",.,"A"
"20161","03332331",20,0,"1",975,"D",260,"D",.,"A",325,"D",0,"D",.,"A",.,"A",715,"D",0,"D",.,"A",.,"A",.,"A",.,"A"
"20161","03332341",9,0,"1",260,"D",130,"D",.,"A",130,"D",0,"D",.,"A",.,"A",130,"D",90,"D",15,"D",195,"D",.,"A",.,"A"
"20161","03332351",51,0,"1",1950,"D",390,"D",.,"A",325,"D",90,"D",.,"A",.,"A",1560,"D",0,"D",.,"A",.,"A",.,"A",.,"A"
"20161","03332361",50,0,"1",1300,"D",390,"D",.,"A",0,"D",90,"D",.,"A",.,"A",910,"D",600,"D",.,"A",.,"A",.,"A",.,"A"
"20161","03332371",11,0,"1",1625,"D",195,"D",520,"D",78,"D",0,"D",.,"A",.,"A",1430,"D",0,"D",40,"D",520,"D",.,"A",.,"A"
"20161","03332381",51,0,"1",2600,"D",377,"D",91,"D",455,"D",0,"D",.,"A",182,"D",2223,"D",0,"D",.,"A",.,"A",.,"A",.,"A"
"20161","03332421",62,0,"1",3900,"D",325,"D",.,"A",1820,"D",120,"D",.,"A",.,"A",3575,"D",225,"D",.,"A",.,"A",.,"A",.,"A"
"20161","03332431",33,0,"1",1625,"D",325,"D",455,"D",780,"D",300,"D",.,"A",.,"A",1300,"D",240,"D",.,"A",.,"A",.,"A",.,"A"
"20161","03332441",41,0,"1",2600,"D",650,"D",.,"A",650,"D",0,"D",.,"A",72,"D",1950,"D",300,"D",60,"D",780,"D",.,"A",.,"A"
"20161","03332451",39,0,"1",1950,"D",260,"D",.,"A",195,"D",0,"D",.,"A",.,"A",1690,"D",0,"D",.,"A",.,"A",.,"A",.,"A"
"20161","03332481",16,0,"1",3250,"D",409,"F",.,"A",325,"D",144,"F",.,"A",.,"A",1817,"F",128,"F",.,"A",.,"A",.,"A",.,"A"
"20161","03332501",14,0,"1",390,"D",65,"D",.,"A",156,"D",0,"D",.,"A",.,"A",325,"D",0,"D",.,"A",.,"A",.,"A",.,"A"
"20161","03332511",25,0,"1",975,"D",0,"D",.,"A",650,"D",0,"D",.,"A",.,"A",975,"D",0,"D",.,"A",.,"A",.,"A",.,"A"
"20161","03332531",39,0,"1",3250,"D",520,"D",.,"A",780,"D",60,"D",.,"A",.,"A",2730,"D",180,"D",.,"A",.,"A",.,"A",.,"A"
"20161","03332541",28,0,"1",1300,"D",260,"D",.,"A",0,"D",0,"D",.,"A",.,"A",1040,"D",75,"D",.,"A",.,"A",.,"A",.,"A"
"20161","03332561",34,0,"1",650,"D",65,"D",.,"A",260,"D",60,"D",.,"A",.,"A",585,"D",30,"D",.,"A",.,"A",.,"A",.,"A"
"20161","03332571",65,0,"1",1625,"D",390,"D",195,"D",1300,"D",0,"D",.,"A",.,"A",1235,"D",0,"D",.,"A",.,"A",.,"A",.,"A"
"20161","03332591",13,0,"1",1040,"D",130,"D",.,"A",1820,"D",209,"F",.,"A",.,"A",910,"D",150,"F",.,"A",.,"A",.,"A",.,"A"
"20161","03332611",32,0,"1",1950,"D",390,"D",.,"A",260,"D",30,"D",.,"A",.,"A",1560,"D",120,"D",.,"A",.,"A",.,"A",.,"A"
"20161","03332621",19,0,"1",975,"D",260,"D",195,"D",130,"D",0,"D",.,"A",.,"A",715,"D",0,"D",20,"D",260,"D",.,"A",.,"A"
"20161","03332651",24,0,"1",1950,"D",390,"D",130,"D",520,"D",0,"D",.,"A",.,"A",1560,"D",0,"D",.,"A",.,"A",.,"A",.,"A"
"20161","03332661",76,0,"1",2600,"D",650,"D",39,"D",1950,"D",30,"D",.,"A",144,"D",1950,"D",30,"D",.,"A",.,"A",.,"A",.,"A"
"20161","03332671",28,0,"1",2600,"D",975,"D",.,"A",650,"D",0,"D",.,"A",.,"A",1625,"D",0,"D",50,"D",650,"D",.,"A",.,"A"
"20161","03332681",50,0,"1",3900,"D",260,"D",.,"A",390,"D",0,"D",.,"A",.,"A",3640,"D",0,"D",.,"A",.,"A",.,"A",.,"A"
"20161","03332691",50,0,"1",975,"D",260,"D",.,"A",780,"D",15,"D",.,"A",.,"A",715,"D",15,"D",35,"D",455,"D",.,"A",.,"A"
"20161","03332711",38,0,"1",1040,"D",130,"D",195,"D",325,"D",30,"D",.,"A",.,"A",910,"D",45,"D",.,"A",.,"A",.,"A",.,"A"
"20161","03332731",51,0,"1",1622,"F",.,"A",.,"A",772,"F",45,"D",.,"A",.,"A",1293,"F",45,"D",.,"A",.,"A",.,"A",.,"A"
"20161","03332741",32,0,"1",2483,"D",273,"D",.,"A",0,"D",0,"D",.,"A",.,"A",2210,"D",0,"D",.,"A",.,"A",.,"A",.,"A"
"20161","03332751",19,0,"1",1645,"F",.,"A",318,"F",818,"F",134,"F",.,"A",.,"A",1330,"F",130,"F",.,"A",.,"A",.,"A",.,"A"
"20161","03332781",42,0,"1",1300,"D",650,"D",.,"A",650,"D",600,"D",.,"A",.,"A",650,"D",180,"D",.,"A",.,"A",.,"A",.,"A"
"20161","03332802",44,0,"1",1950,"D",195,"D",.,"A",260,"D",0,"D",.,"A",.,"A",1755,"D",60,"D",.,"A",.,"A",.,"A",.,"A"
"20161","03332821",44,0,"1",1560,"D",390,"D",260,"D",975,"D",150,"D",.,"A",.,"A",1170,"D",240,"D",.,"A",.,"A",.,"A",.,"A"
"20161","03332851",34,0,"1",975,"D",195,"D",.,"A",1300,"D",60,"D",.,"A",.,"A",780,"D",24,"D",.,"A",.,"A",.,"A",.,"A"
"20161","03332871",36,0,"1",2600,"D",390,"D",.,"A",0,"D",0,"D",.,"A",250,"D",2210,"D",0,"D",28,"D",364,"D",.,"A",.,"A"
"20161","03332891",28,0,"1",1300,"D",390,"D",.,"A",325,"D",6,"D",.,"A",.,"A",910,"D",6,"D",.,"A",.,"A",.,"A",.,"A"
"20161","03332901",33,0,"1",1300,"D",130,"D",.,"A",1950,"D",0,"D",.,"A",.,"A",1170,"D",300,"D",.,"A",.,"A",.,"A",.,"A"
"20161","03332921",44,0,"1",3900,"D",260,"D",.,"A",1560,"D",30,"D",.,"A",.,"A",3640,"D",90,"D",.,"A",.,"A",.,"A",.,"A"
"20161","03332931",15,0,"1",650,"D",65,"D",.,"A",0,"D",0,"D",.,"A",.,"A",585,"D",75,"D",70,"D",910,"D",.,"A",.,"A"
"20161","03332941",27,0,"1",2600,"D",520,"D",.,"A",585,"D",0,"D",.,"A",.,"A",2080,"D",150,"D",.,"A",.,"A",.,"A",.,"A"
"20161","03332951",8,0,"1",1300,"D",0,"D",.,"A",0,"D",0,"D",.,"A",.,"A",1300,"D",0,"D",.,"A",.,"A",.,"A",.,"A"
"20161","03332963",12,0,"1",1131,"D",130,"D",195,"D",260,"D",0,"D",.,"A",.,"A",1001,"D",0,"D",.,"A",.,"A",.,"A",.,"A"
"20161","03333001",52,0,"1",2600,"D",650,"D",.,"A",260,"D",0,"D",.,"A",.,"A",1950,"D",45,"D",.,"A",.,"A",.,"A",.,"A"
"20161","03333011",29,0,"1",1040,"D",195,"D",.,"A",520,"D",0,"D",.,"A",.,"A",845,"D",0,"D",.,"A",.,"A",.,"A",.,"A"
"20161","03333022",15,0,"1",1950,"D",325,"D",.,"A",1950,"D",75,"D",.,"A",.,"A",1625,"D",150,"D",.,"A",.,"A",.,"A",.,"A"
"20161","03333031",24,0,"1",1040,"D",390,"D",.,"A",650,"D",0,"D",.,"A",.,"A",650,"D",0,"D",.,"A",.,"A",.,"A",.,"A"
"20161","03333051",43,0,"1",1950,"D",390,"D",.,"A",520,"D",0,"D",.,"A",.,"A",1560,"D",0,"D",.,"A",.,"A",.,"A",.,"A"
"20161","03333081",17,0,"1",1300,"D",416,"F",.,"A",390,"D",0,"D",.,"A",.,"A",1449,"F",0,"D",.,"A",.,"A",.,"A",.,"A"
"20161","03333101",34,0,"1",1950,"D",195,"D",.,"A",169,"D",30,"D",.,"A",.,"A",1755,"D",0,"D",.,"A",.,"A",.,"A",.,"A"
"20161","03333161",32,0,"1",2600,"D",455,"D",.,"A",585,"D",0,"D",.,"A",.,"A",2145,"D",0,"D",.,"A",.,"A",.,"A",.,"A"
"20161","03333171",24,0,"1",1950,"D",650,"D",.,"A",780,"D",0,"D",.,"A",.,"A",1300,"D",0,"D",.,"A",.,"A",.,"A",.,"A"
"20161","03333181",16,0,"1",1950,"D",130,"D",.,"A",325,"D",0,"D",.,"A",.,"A",1820,"D",0,"D",.,"A",.,"A",.,"A",.,"A"
"20161","03333241",53,0,"1",2600,"D",260,"D",.,"A",650,"D",0,"D",.,"A",550,"D",2340,"D",150,"D",.,"A",.,"A",.,"A",.,"A"
"20161","03333251",25,0,"1",1300,"D",390,"D",.,"A",520,"D",0,"D",.,"A",.,"A",910,"D",0,"D",.,"A",.,"A",650,"D",50,"D"
"20161","03333263",11,0,"1",0,"D",.,"A",.,"A",0,"D",0,"D",.,"A",.,"A",0,"D",0,"D",.,"A",.,"A",.,"A",.,"A"
"20161","03333271",59,0,"1",1300,"D",1300,"D",1950,"D",4875,"D",1350,"D",.,"A",.,"A",0,"D",1200,"D",.,"A",.,"A",.,"A",.,"A"
"20161","03333281",7,0,"1",650,"D",192,"F",.,"A",534,"F",158,"F",.,"A",.,"A",721,"F",124,"F",.,"C",500,"F",.,"A",.,"A"
"20161","03333291",25,0,"1",1950,"D",195,"D",.,"A",195,"D",0,"D",.,"A",.,"A",1755,"D",0,"D",.,"A",.,"A",260,"D",20,"D"
"20161","03333301",30,0,"1",1300,"D",260,"D",1300,"D",0,"D",0,"D",.,"A",.,"A",1040,"D",0,"D",.,"A",.,"A",.,"A",.,"A"
"20161","03333311",33,0,"1",2080,"D",455,"D",.,"A",780,"D",60,"D",.,"A",.,"A",1625,"D",0,"D",.,"A",.,"A",.,"A",.,"A"
"20161","03333321",27,0,"1",520,"D",130,"D",.,"A",130,"D",0,"D",.,"A",.,"A",390,"D",0,"D",.,"A",.,"A",.,"A",.,"A"
"20161","03333361",26,0,"1",1560,"D",328,"F",.,"A",0,"D",0,"D",.,"A",.,"A",1330,"F",45,"D",.,"A",.,"A",.,"A",.,"A"
"20161","03333371",24,0,"1",1105,"D",328,"F",.,"A",78,"D",0,"D",.,"A",.,"A",1330,"F",0,"D",.,"A",.,"A",.,"A",.,"A"
"20161","03333381",19,0,"1",1560,"D",91,"D",.,"A",195,"D",0,"D",.,"A",.,"A",1469,"D",0,"D",.,"A",.,"A",.,"A",.,"A"
"20161","03333394",16,0,"1",650,"D",130,"D",.,"A",390,"D",0,"D",.,"A",.,"A",520,"D",0,"D",.,"A",.,"A",.,"A",.,"A"
"20161","03333451",79,0,"1",1950,"D",0,"D",.,"A",1040,"D",0,"D",.,"A",330,"D",1950,"D",60,"D",.,"A",.,"A",.,"A",.,"A"
"20161","03333463",43,0,"1",1300,"D",130,"D",.,"A",260,"D",0,"D",.,"A",.,"A",1170,"D",30,"D",15,"D",195,"D",.,"A",.,"A"
"20161","03333491",37,0,"1",1170,"D",65,"D",.,"A",455,"D",0,"D",.,"A",.,"A",1105,"D",0,"D",.,"A",.,"A",.,"A",.,"A"
"20161","03333501",15,0,"1",1950,"D",650,"D",.,"A",520,"D",90,"D",.,"A",.,"A",1300,"D",60,"D",30,"D",390,"D",.,"A",.,"A"
"20161","03333511",33,0,"1",1300,"D",65,"D",466,"F",975,"D",60,"D",.,"A",.,"A",1235,"D",120,"D",.,"A",.,"A",.,"A",.,"A"
"20161","03333531",28,0,"1",1300,"D",39,"D",.,"A",0,"D",0,"D",.,"A",.,"A",1261,"D",0,"D",.,"A",.,"A",.,"A",.,"A"
"20161","03333561",20,0,"1",1300,"D",195,"D",.,"A",130,"D",0,"D",.,"A",.,"A",1105,"D",75,"D",.,"A",.,"A",.,"A",.,"A"
"20161","03333571",20,0,"1",975,"D",91,"D",.,"A",390,"D",0,"D",.,"A",.,"A",884,"D",0,"D",.,"A",.,"A",.,"A",.,"A"
"20161","03333601",39,0,"1",1950,"D",455,"D",.,"A",1300,"D",300,"D",.,"A",.,"A",1495,"D",300,"D",.,"A",.,"A",.,"A",.,"A"
"20161","03333651",23,0,"1",650,"D",520,"D",65,"D",260,"D",0,"D",.,"A",.,"A",130,"D",0,"D",49,"D",637,"D",.,"A",.,"A"
"20161","03333704",39,0,"1",1950,"D",520,"D",39,"D",325,"D",0,"D",.,"A",.,"A",1430,"D",0,"D",35,"D",455,"D",.,"A",.,"A"
"20161","03333752",18,0,"1",1560,"D",195,"D",.,"A",130,"D",0,"D",.,"A",.,"A",1365,"D",0,"D",.,"A",.,"A",.,"A",.,"A"
"20161","03333771",35,0,"1",1560,"D",390,"D",.,"A",260,"D",90,"D",.,"A",.,"A",1170,"D",150,"D",.,"A",.,"A",.,"A",.,"A"
"20161","03333791",38,0,"1",2210,"D",0,"D",.,"A",910,"D",0,"D",.,"A",.,"A",2210,"D",0,"D",.,"A",.,"A",.,"A",.,"A"
"20161","03333801",13,0,"1",2600,"D",260,"D",.,"A",2600,"D",0,"D",.,"A",.,"A",2340,"D",0,"D",.,"A",.,"A",.,"A",.,"A"
"20161","03333814",9,0,"1",650,"D",0,"D",.,"A",325,"D",0,"D",.,"A",.,"A",650,"D",6,"D",.,"A",.,"A",.,"A",.,"A"
"20161","03333824",5,0,"1",0,"D",.,"A",.,"A",0,"D",0,"D",.,"A",.,"A",0,"D",0,"D",.,"A",.,"A",.,"A",.,"A"
"20161","03333831",12,0,"1",650,"D",91,"D",.,"A",0,"D",0,"D",.,"A",.,"A",559,"D",0,"D",42,"D",546,"D",.,"A",.,"A"
"20161","03333844",14,0,"1",3900,"D",260,"D",.,"A",1300,"D",150,"D",.,"A",.,"A",3640,"D",300,"D",.,"A",.,"A",.,"A",.,"A"
"20161","03333871",17,0,"1",0,"D",.,"A",65,"D",0,"D",0,"D",.,"A",.,"A",0,"D",0,"D",.,"A",.,"A",.,"A",.,"A"
"20161","03333881",27,0,"1",1950,"D",390,"D",.,"A",0,"D",60,"D",.,"A",.,"A",1560,"D",120,"D",.,"A",.,"A",1300,"D",100,"D"
"20161","03333891",17,0,"1",0,"D",.,"A",.,"A",0,"D",0,"D",.,"A",.,"A",0,"D",0,"D",.,"A",.,"A",.,"A",.,"A"
"20161","03333981",44,0,"1",975,"D",195,"D",.,"A",390,"D",30,"D",.,"A",.,"A",780,"D",180,"D",.,"A",.,"A",.,"A",.,"A"
"20161","03333991",16,0,"1",2600,"D",0,"D",.,"A",260,"D",0,"D",.,"A",.,"A",2600,"D",0,"D",.,"A",.,"A",.,"A",.,"A"
"20161","03334021",27,0,"1",520,"D",0,"D",.,"A",0,"D",0,"D",.,"A",.,"A",520,"D",120,"D",.,"A",.,"A",.,"A",.,"A"
"20161","03334031",41,0,"1",2340,"D",390,"D",.,"A",650,"D",0,"D",.,"A",.,"A",1950,"D",60,"D",14,"D",182,"D",.,"A",.,"A"
"20161","03334061",35,0,"1",1300,"D",390,"D",.,"A",390,"D",0,"D",.,"A",.,"A",910,"D",0,"D",.,"A",.,"A",.,"A",.,"A"
"20161","03334071",22,0,"1",3380,"D",409,"F",.,"A",325,"D",0,"D",.,"A",500,"D",1817,"F",0,"D",.,"A",.,"A",.,"A",.,"A"
"20161","03334081",12,0,"1",390,"D",65,"D",.,"A",0,"D",0,"D",.,"A",.,"A",325,"D",0,"D",30,"D",390,"D",0,"D",0,"D"
"20161","03334101",25,0,"1",1950,"D",390,"D",650,"D",650,"D",150,"D",.,"A",.,"A",1560,"D",60,"D",.,"A",.,"A",.,"A",.,"A"
"20161","03334111",33,0,"1",1950,"D",260,"D",.,"A",780,"D",60,"D",.,"A",.,"A",1690,"D",180,"D",.,"A",.,"A",.,"A",.,"A"
"20161","03334131",30,0,"1",1300,"D",0,"D",.,"A",0,"D",0,"D",.,"A",.,"A",1300,"D",0,"D",.,"A",.,"A",.,"A",.,"A"
"20161","03334171",24,0,"1",975,"D",260,"D",.,"A",260,"D",0,"D",.,"A",.,"A",715,"D",0,"D",.,"A",.,"A",.,"A",.,"A"
"20161","03334191",30,0,"1",780,"D",130,"D",.,"A",325,"D",0,"D",.,"A",.,"A",650,"D",45,"D",.,"A",.,"A",0,"D",0,"D"
"20161","03334201",54,0,"1",1300,"D",260,"D",130,"D",1300,"D",240,"D",.,"A",.,"A",1040,"D",60,"D",.,"A",.,"A",.,"A",.,"A"
"20161","03334241",34,0,"1",1300,"D",130,"D",.,"A",520,"D",0,"D",.,"A",180,"D",1170,"D",0,"D",.,"A",.,"A",.,"A",.,"A"
"20161","03334261",28,0,"1",1950,"D",650,"D",.,"A",1950,"D",90,"D",.,"A",.,"A",1300,"D",180,"D",.,"A",.,"A",.,"A",.,"A"
"20161","03334271",13,0,"1",260,"D",130,"D",.,"A",0,"D",0,"D",.,"A",.,"A",130,"D",0,"D",.,"A",.,"A",.,"A",.,"A"
"20161","03334281",22,0,"1",650,"D",130,"D",.,"A",0,"D",0,"D",.,"A",.,"A",520,"D",60,"D",.,"A",.,"A",.,"A",.,"A"
"20161","03334291",31,0,"1",1300,"D",260,"D",.,"A",0,"D",30,"D",.,"A",.,"A",1040,"D",30,"D",.,"A",.,"A",.,"A",.,"A"
"20161","03334321",36,0,"1",1300,"D",325,"D",.,"A",260,"D",0,"D",.,"A",.,"A",975,"D",0,"D",.,"A",.,"A",.,"A",.,"A"
"20161","03334341",10,0,"1",2834,"D",299,"D",.,"A",0,"D",0,"D",.,"A",.,"A",2535,"D",0,"D",.,"A",.,"A",52,"D",4,"D"
"20161","03334361",53,0,"1",1950,"D",130,"D",.,"A",390,"D",0,"D",.,"A",90,"D",1820,"D",6,"D",.,"A",.,"A",.,"A",.,"A"
"20161","03334371",15,0,"1",1625,"D",1625,"D",1300,"D",1950,"D",300,"D",.,"A",.,"A",0,"D",1200,"D",.,"A",.,"A",.,"A",.,"A"
"20161","03334381",17,0,"1",1040,"D",390,"D",.,"A",0,"D",0,"D",.,"A",.,"A",650,"D",0,"D",30,"D",390,"D",.,"A",.,"A"
"20161","03334401",24,0,"1",2600,"D",390,"D",.,"A",1300,"D",0,"D",.,"A",.,"A",2210,"D",0,"D",40,"D",520,"D",.,"A",.,"A"
"20161","03334474",48,0,"1",1950,"D",0,"D",.,"A",1040,"D",60,"D",.,"A",.,"A",1950,"D",240,"D",.,"A",.,"A",.,"A",.,"A"
"20161","03334481",29,0,"1",1625,"D",325,"D",.,"A",0,"D",0,"D",.,"A",.,"A",1300,"D",0,"D",.,"A",.,"A",208,"D",16,"D"
"20161","03334491",20,0,"1",780,"D",65,"D",.,"A",1300,"D",150,"D",.,"A",.,"A",715,"D",0,"D",.,"A",.,"A",.,"A",.,"A"
"20161","03334511",42,0,"1",6500,"D",650,"D",.,"A",2600,"D",240,"D",.,"A",.,"A",5850,"D",300,"D",.,"A",.,"A",.,"A",.,"A"
"20161","03334521",5,0,"1",0,"D",.,"A",.,"A",0,"D",0,"D",.,"A",.,"A",0,"D",0,"D",.,"A",.,"A",.,"A",.,"A"
"20161","03334531",54,0,"1",2600,"D",650,"D",.,"A",3900,"D",450,"D",.,"A",.,"A",1950,"D",600,"D",.,"A",.,"A",.,"A",.,"A"
"20161","03334551",47,0,"1",975,"D",104,"D",130,"D",910,"D",300,"D",.,"A",.,"A",871,"D",375,"D",.,"A",.,"A",.,"A",.,"A"
"20161","03334561",49,0,"1",1235,"D",0,"D",.,"A",780,"D",75,"D",.,"A",.,"A",1235,"D",360,"D",.,"A",.,"A",.,"A",.,"A"
"20161","03334571",22,0,"1",3250,"D",0,"D",.,"A",260,"D",0,"D",.,"A",.,"A",3250,"D",0,"D",.,"A",.,"A",.,"A",.,"A"
"20161","03334583",11,0,"1",390,"D",65,"D",.,"A",260,"D",0,"D",.,"A",.,"A",325,"D",0,"D",.,"A",.,"A",.,"A",.,"A"
"20161","03334601",12,0,"1",827,"F",.,"A",.,"A",0,"D",0,"D",.,"A",.,"A",674,"F",0,"D",.,"A",.,"A",.,"A",.,"A"
"20161","03334611",23,0,"1",1300,"D",325,"D",.,"A",520,"D",0,"D",.,"A",.,"A",975,"D",0,"D",.,"C",532,"F",233,"F",.,"C"
"20161","03334631",18,0,"1",1300,"D",130,"D",.,"A",0,"D",0,"D",.,"A",.,"A",1170,"D",0,"D",.,"A",.,"A",.,"A",.,"A"
"20161","03334641",57,0,"1",3900,"D",650,"D",3900,"D",1300,"D",600,"D",.,"A",.,"A",3250,"D",225,"D",.,"A",.,"A",.,"A",.,"A"
"20161","03334651",21,0,"1",1950,"D",650,"D",390,"D",780,"D",0,"D",.,"A",.,"A",1300,"D",0,"D",.,"A",.,"A",.,"A",.,"A"
"20161","03334671",14,0,"1",1950,"D",130,"D",.,"A",0,"D",0,"D",.,"A",.,"A",1820,"D",0,"D",28,"D",364,"D",.,"A",.,"A"
"20161","03334681",30,0,"1",2600,"D",260,"D",130,"D",260,"D",0,"D",.,"A",.,"A",2340,"D",0,"D",.,"A",.,"A",.,"A",.,"A"
"20161","03334711",23,0,"1",2275,"D",390,"D",325,"D",1300,"D",137,"F",.,"A",8,"D",1885,"D",300,"D",.,"A",.,"A",.,"A",.,"A"
"20161","03334731",34,0,"1",1950,"D",260,"D",.,"A",520,"D",0,"D",.,"A",83,"D",1690,"D",0,"D",.,"A",.,"A",.,"A",.,"A"
"20161","03334761",32,0,"1",1950,"D",260,"D",.,"A",195,"D",48,"D",.,"A",.,"A",1690,"D",24,"D",.,"A",.,"A",.,"A",.,"A"
"20161","03334791",11,0,"1",780,"D",192,"F",.,"A",534,"F",158,"F",.,"A",.,"A",721,"F",124,"F",.,"A",.,"A",.,"A",.,"A"
"20161","03334821",49,0,"1",975,"D",325,"D",.,"A",1300,"D",60,"D",.,"A",.,"A",650,"D",45,"D",.,"A",.,"A",.,"A",.,"A"
"20161","03334831",21,0,"1",1950,"D",650,"D",.,"A",650,"D",120,"D",.,"A",.,"A",1300,"D",0,"D",.,"A",.,"A",.,"A",.,"A"
"20161","03334861",20,0,"1",1300,"D",260,"D",.,"A",0,"D",0,"D",.,"A",.,"A",1040,"D",0,"D",.,"A",.,"A",.,"A",.,"A"
"20161","03334881",40,0,"1",1300,"D",260,"D",.,"A",1300,"D",0,"D",.,"A",.,"A",1040,"D",0,"D",.,"A",.,"A",.,"A",.,"A"
"20161","03334891",20,0,"1",1040,"D",195,"D",.,"A",130,"D",0,"D",.,"A",.,"A",845,"D",0,"D",.,"A",.,"A",.,"A",.,"A"
"20161","03334901",16,0,"1",883,"F",.,"A",.,"A",534,"F",158,"F",.,"A",.,"A",721,"F",124,"F",.,"A",.,"A",.,"A",.,"A"
"20161","03334911",15,0,"1",1300,"D",273,"D",299,"D",0,"D",0,"D",.,"A",.,"A",1027,"D",0,"D",.,"A",.,"A",.,"A",.,"A"
"20161","03334921",46,0,"1",5460,"D",260,"D",.,"A",130,"D",0,"D",.,"A",.,"A",5200,"D",0,"D",.,"A",.,"A",.,"A",.,"A"
"20161","03334951",38,0,"1",1300,"D",260,"D",.,"A",390,"D",0,"D",.,"A",.,"A",1040,"D",0,"D",.,"A",.,"A",.,"A",.,"A"
"20161","03334961",35,0,"1",1950,"D",650,"D",.,"A",585,"D",60,"D",.,"A",.,"A",1300,"D",450,"D",.,"A",.,"A",.,"A",.,"A"
"20161","03334981",47,0,"1",2600,"D",390,"D",.,"A",1950,"D",150,"D",.,"A",70,"D",2210,"D",0,"D",35,"D",455,"D",.,"A",.,"A"
"20161","03335023",19,0,"1",3250,"D",0,"D",.,"A",390,"D",0,"D",.,"A",.,"A",3250,"D",0,"D",.,"A",.,"A",.,"A",.,"A"
"20161","03335043",46,0,"1",1950,"D",406,"F",0,"D",650,"D",45,"D",.,"A",.,"A",1715,"F",180,"D",.,"A",.,"A",39,"D",3,"D"
"20161","03335051",21,0,"1",1105,"D",325,"D",520,"D",455,"D",0,"D",.,"A",.,"A",780,"D",192,"D",100,"D",1300,"D",.,"A",.,"A"
"20161","03335061",39,0,"1",975,"D",195,"D",.,"A",390,"D",180,"D",.,"A",.,"A",780,"D",45,"D",.,"A",.,"A",.,"A",.,"A"
"20161","03335081",51,0,"1",2730,"D",650,"D",390,"D",1209,"D",0,"D",.,"A",.,"A",2080,"D",300,"D",.,"A",.,"A",.,"A",.,"A"
"20161","03335121",29,0,"1",1950,"D",650,"D",260,"D",650,"D",0,"D",.,"A",.,"A",1300,"D",30,"D",.,"A",.,"A",.,"A",.,"A"
"20161","03335151",33,0,"1",2990,"D",1365,"D",.,"A",260,"D",0,"D",.,"A",.,"A",1625,"D",0,"D",.,"A",.,"A",.,"A",.,"A"
"20161","03335161",13,0,"1",975,"D",130,"D",195,"D",0,"D",0,"D",.,"A",.,"A",845,"D",0,"D",.,"A",.,"A",.,"A",.,"A"
"20161","03335171",25,0,"1",2210,"D",0,"D",.,"A",325,"D",0,"D",.,"A",.,"A",2210,"D",0,"D",30,"D",390,"D",.,"A",.,"A"
"20161","03335191",23,0,"1",650,"D",0,"D",.,"A",260,"D",60,"D",.,"A",.,"A",650,"D",180,"D",.,"A",.,"A",.,"A",.,"A"
"20161","03335201",42,0,"1",1950,"D",1040,"D",.,"A",780,"D",0,"D",.,"A",.,"A",910,"D",0,"D",.,"A",.,"A",.,"A",.,"A"
"20161","03335211",21,0,"1",1950,"D",260,"D",.,"A",390,"D",0,"D",.,"A",.,"A",1690,"D",0,"D",.,"A",.,"A",.,"A",.,"A"
"20161","03335221",20,0,"1",195,"D",65,"D",.,"A",91,"D",0,"D",.,"A",.,"A",130,"D",0,"D",.,"A",.,"A",.,"A",.,"A"
"20161","03335231",39,0,"1",3250,"D",1105,"D",.,"A",975,"D",450,"D",.,"A",.,"A",2145,"D",150,"D",40,"D",520,"D",.,"A",.,"A"
"20161","03335241",31,0,"1",650,"D",130,"D",.,"A",0,"D",0,"D",.,"A",.,"A",520,"D",0,"D",20,"D",260,"D",.,"A",.,"A"
"20161","03335271",9,0,"1",3900,"D",780,"D",.,"A",1300,"D",0,"D",.,"A",.,"A",3120,"D",0,"D",.,"A",.,"A",.,"A",.,"A"
"20161","03335311",35,0,"1",5200,"D",0,"D",.,"A",325,"D",0,"D",.,"A",.,"A",5200,"D",0,"D",.,"A",.,"A",.,"A",.,"A"
"20161","03335321",18,0,"1",195,"D",0,"D",.,"A",195,"D",0,"D",.,"A",.,"A",195,"D",0,"D",.,"A",.,"A",.,"A",.,"A"
"20161","03335331",15,0,"1",1105,"D",260,"D",.,"A",0,"D",0,"D",.,"A",.,"A",845,"D",0,"D",.,"A",.,"A",.,"A",.,"A"
"20161","03335341",56,0,"1",2600,"D",520,"D",650,"D",975,"D",300,"D",.,"A",163,"D",2080,"D",150,"D",.,"A",.,"A",.,"A",.,"A"
"20161","03335351",24,0,"1",1300,"D",260,"D",.,"A",520,"D",90,"D",.,"A",.,"A",1040,"D",270,"D",.,"A",.,"A",.,"A",.,"A"
"20161","03335361",24,0,"1",3250,"D",325,"D",650,"D",325,"D",60,"D",.,"A",.,"A",2925,"D",60,"D",.,"A",.,"A",.,"A",.,"A"
"20161","03335371",21,0,"1",1625,"D",390,"D",.,"A",0,"D",0,"D",.,"A",.,"A",1235,"D",0,"D",.,"A",.,"A",.,"A",.,"A"
"20161","03335391",27,0,"1",1950,"D",650,"D",.,"A",260,"D",0,"D",.,"A",.,"A",1300,"D",0,"D",.,"A",.,"A",.,"A",.,"A"
"20161","03335411",24,0,"1",1300,"D",130,"D",.,"A",0,"D",0,"D",.,"A",.,"A",1170,"D",0,"D",125,"D",1625,"D",.,"A",.,"A"
"20161","03335431",51,0,"1",2600,"D",0,"D",.,"A",780,"D",155,"F",.,"A",.,"A",2600,"D",30,"D",.,"A",.,"A",.,"A",.,"A"
"20161","03335441",41,0,"1",390,"D",130,"D",.,"A",0,"D",0,"D",.,"A",.,"A",260,"D",6,"D",.,"A",.,"A",.,"A",.,"A"
"20161","03335451",21,0,"1",2080,"D",325,"D",260,"D",780,"D",0,"D",.,"A",.,"A",1755,"D",300,"D",25,"D",325,"D",.,"A",.,"A"
"20161","03335491",21,0,"1",1560,"D",260,"D",.,"A",0,"D",0,"D",.,"A",.,"A",1300,"D",0,"D",.,"A",.,"A",.,"A",.,"A"
"20161","03335511",23,0,"1",1300,"D",325,"D",.,"A",169,"D",0,"D",.,"A",.,"A",975,"D",0,"D",.,"A",.,"A",.,"A",.,"A"
"20161","03335531",45,0,"1",1300,"D",130,"D",.,"A",260,"D",0,"D",.,"A",40,"D",1170,"D",225,"D",25,"D",325,"D",.,"A",.,"A"
"20161","03335541",46,0,"1",2600,"D",650,"D",.,"A",1300,"D",150,"D",.,"A",.,"A",1950,"D",150,"D",.,"A",.,"A",.,"A",.,"A"
"20161","03335561",9,0,"1",1040,"D",328,"F",.,"A",390,"D",0,"D",.,"A",.,"A",1330,"F",0,"D",.,"A",.,"A",.,"A",.,"A"
"20161","03335591",74,0,"1",1625,"D",520,"D",195,"D",390,"D",0,"D",390,"D",.,"A",1105,"D",90,"D",.,"A",.,"A",.,"A",.,"A"
"20161","03335621",26,0,"1",1560,"D",195,"D",.,"A",260,"D",0,"D",.,"A",.,"A",1365,"D",0,"D",.,"A",.,"A",.,"A",.,"A"
"20161","03335631",39,0,"1",650,"D",0,"D",.,"A",260,"D",0,"D",.,"A",.,"A",650,"D",0,"D",.,"A",.,"A",.,"A",.,"A"
"20161","03335641",12,0,"1",1300,"D",130,"D",.,"A",975,"D",0,"D",.,"A",.,"A",1170,"D",0,"D",.,"A",.,"A",.,"A",.,"A"
"20161","03335671",56,0,"1",1950,"D",260,"D",325,"D",2600,"D",300,"D",.,"A",4320,"D",1690,"D",150,"D",.,"A",.,"A",.,"A",.,"A"
"20161","03335681",39,0,"1",5200,"D",2600,"D",1300,"D",1300,"D",0,"D",.,"A",.,"A",2600,"D",0,"D",20,"D",260,"D",.,"A",.,"A"
"20161","03335691",86,0,"1",1300,"D",390,"D",390,"D",650,"D",0,"D",.,"A",.,"A",910,"D",0,"D",.,"A",.,"A",.,"A",.,"A"
"20161","03335701",25,0,"1",260,"D",65,"D",.,"A",0,"D",0,"D",.,"A",.,"A",195,"D",0,"D",6,"D",78,"D",.,"A",.,"A"
"20161","03335711",13,0,"1",1820,"D",325,"D",.,"A",260,"D",0,"D",.,"A",.,"A",1495,"D",0,"D",.,"A",.,"A",.,"A",.,"A"
"20161","03335731",40,0,"1",1950,"D",195,"D",.,"A",520,"D",0,"D",.,"A",.,"A",1755,"D",30,"D",.,"A",.,"A",.,"A",.,"A"
"20161","03335751",60,0,"1",1950,"D",650,"D",195,"D",975,"D",150,"D",.,"A",300,"D",1300,"D",150,"D",.,"A",.,"A",.,"A",.,"A"
"20161","03335761",43,0,"1",3900,"D",390,"D",.,"A",650,"D",0,"D",.,"A",.,"A",3510,"D",0,"D",.,"A",.,"A",.,"A",.,"A"
"20161","03335771",31,0,"1",6500,"D",65,"D",.,"A",195,"D",0,"D",.,"A",.,"A",6435,"D",6,"D",.,"A",.,"A",.,"A",.,"A"
"20161","03335781",37,0,"1",4160,"D",1300,"D",455,"D",650,"D",0,"D",.,"A",.,"A",2860,"D",150,"D",.,"A",.,"A",.,"A",.,"A"
"20161","03335801",39,0,"1",1950,"D",1170,"D",.,"A",0,"D",0,"D",.,"A",.,"A",780,"D",0,"D",.,"A",.,"A",.,"A",.,"A"
"20161","03335811",8,0,"1",883,"F",.,"A",258,"F",0,"D",0,"D",.,"A",.,"A",721,"F",0,"D",.,"A",.,"A",.,"A",.,"A"
"20161","03335831",24,0,"1",845,"D",260,"D",.,"A",195,"D",0,"D",.,"A",.,"A",585,"D",45,"D",.,"A",.,"A",.,"A",.,"A"
"20161","03335841",16,0,"1",390,"D",65,"D",.,"A",1040,"D",0,"D",.,"A",.,"A",325,"D",0,"D",.,"A",.,"A",.,"A",.,"A"
"20161","03335861",19,0,"1",650,"D",65,"D",.,"A",260,"D",60,"D",.,"A",.,"A",585,"D",0,"D",.,"A",.,"A",.,"A",.,"A"
"20161","03335871",16,0,"1",1300,"D",0,"D",.,"A",780,"D",0,"D",.,"A",.,"A",1300,"D",120,"D",.,"A",.,"A",.,"A",.,"A"
"20161","03335891",37,0,"1",1950,"D",260,"D",.,"A",260,"D",0,"D",.,"A",.,"A",1690,"D",0,"D",.,"A",.,"A",.,"A",.,"A"
"20161","03335931",33,0,"1",1300,"D",650,"D",.,"A",975,"D",450,"D",.,"A",.,"A",650,"D",150,"D",.,"A",.,"A",.,"A",.,"A"
"20161","03335951",24,0,"1",1645,"F",.,"A",.,"A",818,"F",134,"F",.,"A",.,"A",1330,"F",130,"F",.,"A",.,"A",.,"A",.,"A"
"20161","03335961",49,0,"1",2600,"D",650,"D",130,"D",1300,"D",0,"D",.,"A",.,"A",1950,"D",150,"D",.,"A",.,"A",.,"A",.,"A"
"20161","03335971",24,0,"1",1950,"D",260,"D",.,"A",0,"D",0,"D",.,"A",.,"A",1690,"D",0,"D",.,"A",.,"A",.,"A",.,"A"
"20161","03335981",19,0,"1",1812,"F",.,"A",.,"A",648,"F",144,"F",.,"A",.,"A",1569,"F",183,"F",.,"A",.,"A",.,"A",.,"A"
"20161","03336031",33,0,"1",910,"D",390,"D",.,"A",0,"D",0,"D",.,"A",.,"A",520,"D",0,"D",.,"A",.,"A",.,"A",.,"A"
"20161","03336041",27,0,"1",2600,"D",975,"D",.,"A",130,"D",0,"D",.,"A",130,"D",1625,"D",120,"D",.,"A",.,"A",.,"A",.,"A"
"20161","03336051",40,0,"1",1300,"D",494,"D",.,"A",260,"D",0,"D",.,"A",.,"A",806,"D",0,"D",.,"A",.,"A",.,"A",.,"A"
"20161","03336091",37,0,"1",1625,"D",130,"D",.,"A",390,"D",0,"D",.,"A",.,"A",1495,"D",0,"D",.,"A",.,"A",.,"A",.,"A"
"20161","03336102",16,0,"1",0,"D",.,"A",390,"D",390,"D",0,"D",.,"A",.,"A",0,"D",0,"D",.,"A",.,"A",.,"A",.,"A"
"20161","03336111",26,0,"1",1690,"D",195,"D",.,"A",910,"D",0,"D",.,"A",.,"A",1495,"D",0,"D",.,"A",.,"A",.,"A",.,"A"
"20161","03336161",19,0,"1",910,"D",0,"D",.,"A",0,"D",0,"D",.,"A",.,"A",910,"D",0,"D",.,"A",.,"A",.,"A",.,"A"
"20161","03336171",14,0,"1",1040,"D",325,"D",390,"D",0,"D",0,"D",.,"A",.,"A",715,"D",0,"D",.,"C",384,"F",.,"A",.,"A"
"20161","03336181",25,0,"1",3250,"D",325,"D",.,"A",325,"D",0,"D",.,"A",.,"A",2925,"D",0,"D",.,"A",.,"A",.,"A",.,"A"
"20161","03336191",48,0,"1",1300,"D",260,"D",650,"D",2600,"D",180,"D",.,"A",.,"A",1040,"D",180,"D",.,"A",.,"A",.,"A",.,"A"
"20161","03336211",21,0,"1",2600,"D",650,"D",.,"A",1300,"D",0,"D",.,"A",.,"A",1950,"D",90,"D",.,"A",.,"A",.,"A",.,"A"
"20161","03336221",30,0,"1",390,"D",65,"D",.,"A",325,"D",0,"D",.,"A",.,"A",325,"D",0,"D",.,"A",.,"A",.,"A",.,"A"
"20161","03336271",35,0,"1",845,"D",65,"D",.,"A",195,"D",0,"D",.,"A",.,"A",780,"D",60,"D",.,"A",.,"A",.,"A",.,"A"
"20161","03336281",21,0,"1",1292,"F",.,"A",.,"A",524,"F",86,"F",.,"A",.,"A",1051,"F",102,"F",.,"A",.,"A",.,"A",.,"A"
"20161","03336291",22,0,"1",2535,"D",260,"D",.,"A",455,"D",90,"D",.,"A",.,"A",2275,"D",0,"D",.,"A",.,"A",.,"A",.,"A"
"20161","03336301",23,0,"1",1300,"D",325,"D",.,"A",390,"D",0,"D",.,"A",.,"A",975,"D",60,"D",20,"D",260,"D",.,"A",.,"A"
"20161","03336311",30,0,"1",1625,"D",650,"D",65,"D",325,"D",0,"D",.,"A",.,"A",975,"D",0,"D",.,"A",.,"A",.,"A",.,"A"
"20161","03336363",43,0,"1",1950,"D",390,"D",.,"A",1300,"D",300,"D",38,"D",.,"A",1560,"D",0,"D",.,"A",.,"A",.,"A",.,"A"
"20161","03336411",22,0,"1",650,"D",195,"D",.,"A",975,"D",0,"D",.,"A",.,"A",455,"D",0,"D",.,"A",.,"A",.,"A",.,"A"
"20161","03336421",22,0,"1",1690,"D",130,"D",.,"A",325,"D",0,"D",.,"A",.,"A",1560,"D",90,"D",40,"D",520,"D",.,"A",.,"A"
"20161","03336431",19,0,"1",975,"D",390,"D",.,"A",195,"D",0,"D",.,"A",.,"A",585,"D",0,"D",.,"A",.,"A",.,"A",.,"A"
"20161","03336451",26,0,"1",1950,"D",650,"D",.,"A",390,"D",0,"D",.,"A",.,"A",1300,"D",30,"D",.,"A",.,"A",.,"A",.,"A"
"20161","03336471",32,0,"1",1300,"D",390,"D",.,"A",520,"D",0,"D",.,"A",.,"A",910,"D",0,"D",.,"A",.,"A",.,"A",.,"A"
"20161","03336481",34,0,"1",585,"D",130,"D",.,"A",1040,"D",0,"D",.,"A",.,"A",455,"D",0,"D",.,"A",.,"A",.,"A",.,"A"
"20161","03336501",21,0,"1",520,"D",65,"D",.,"A",130,"D",150,"D",.,"A",.,"A",455,"D",75,"D",.,"A",.,"A",.,"A",.,"A"
"20161","03336511",21,0,"1",1950,"D",65,"D",.,"A",390,"D",90,"D",.,"A",.,"A",1885,"D",0,"D",.,"A",.,"A",.,"A",.,"A"
"20161","03336531",58,0,"1",1300,"D",325,"D",.,"A",1300,"D",90,"D",.,"A",.,"A",975,"D",150,"D",.,"A",.,"A",.,"A",.,"A"
"20161","03336561",20,0,"1",1430,"D",130,"D",.,"A",130,"D",0,"D",.,"A",.,"A",1300,"D",0,"D",.,"A",.,"A",.,"A",.,"A"
"20161","03336571",11,0,"1",780,"D",520,"D",.,"A",0,"D",0,"D",.,"A",.,"A",260,"D",0,"D",.,"A",.,"A",.,"A",.,"A"
"20161","03336591",19,0,"1",0,"D",.,"A",.,"A",0,"D",0,"D",.,"A",.,"A",0,"D",0,"D",.,"A",.,"A",.,"A",.,"A"
"20161","03336611",21,0,"1",975,"D",0,"D",.,"A",780,"D",120,"D",.,"A",.,"A",975,"D",120,"D",.,"A",.,"A",.,"A",.,"A"
"20161","03336651",32,0,"1",2600,"D",390,"D",.,"A",0,"D",0,"D",.,"A",650,"D",2210,"D",0,"D",30,"D",390,"D",.,"A",.,"A"
"20161","03336661",20,0,"1",1645,"F",.,"A",.,"A",818,"F",134,"F",.,"A",.,"A",1330,"F",130,"F",.,"A",.,"A",.,"A",.,"A"
"20161","03336671",23,0,"1",1300,"D",390,"D",.,"A",1625,"D",0,"D",.,"A",.,"A",910,"D",0,"D",.,"A",.,"A",.,"A",.,"A"
"20161","03336701",54,0,"1",2600,"D",0,"D",.,"A",2600,"D",0,"D",.,"A",480,"D",2600,"D",60,"D",.,"A",.,"A",.,"A",.,"A"
"20161","03336711",57,0,"1",3250,"D",0,"D",.,"A",0,"D",0,"D",.,"A",.,"A",3250,"D",90,"D",.,"A",.,"A",.,"A",.,"A"
"20161","03336761",84,0,"1",2990,"D",585,"D",2275,"D",650,"D",30,"D",.,"A",300,"D",2405,"D",450,"D",.,"A",.,"A",.,"A",.,"A"
"20161","03336771",36,0,"1",1300,"D",195,"D",.,"A",650,"D",0,"D",.,"A",.,"A",1105,"D",15,"D",.,"A",.,"A",.,"A",.,"A"
"20161","03336784",14,0,"1",715,"D",130,"D",.,"A",390,"D",0,"D",.,"A",.,"A",585,"D",0,"D",.,"A",.,"A",.,"A",.,"A"
"20161","03336791",37,0,"1",1040,"D",260,"D",.,"A",1560,"D",0,"D",.,"A",.,"A",780,"D",0,"D",.,"A",.,"A",.,"A",.,"A"
"20161","03336824",57,0,"1",0,"D",.,"A",.,"A",0,"D",0,"D",.,"A",.,"A",0,"D",0,"D",.,"A",.,"A",.,"A",.,"A"
"20161","03336831",15,0,"1",1040,"D",65,"D",.,"A",0,"D",0,"D",.,"A",.,"A",975,"D",0,"D",.,"A",.,"A",.,"A",.,"A"
"20161","03336851",18,0,"1",1625,"D",520,"D",.,"A",780,"D",0,"D",.,"A",.,"A",1105,"D",0,"D",50,"D",650,"D",.,"A",.,"A"
"20161","03336861",25,0,"1",2210,"D",260,"D",.,"A",416,"D",0,"D",.,"A",.,"A",1950,"D",0,"D",.,"A",.,"A",.,"A",.,"A"
"20161","03336881",14,0,"1",650,"D",260,"D",.,"A",0,"D",0,"D",.,"A",.,"A",390,"D",0,"D",.,"A",.,"A",.,"A",.,"A"
"20161","03336901",45,0,"1",1300,"D",390,"D",.,"A",650,"D",0,"D",.,"A",.,"A",910,"D",120,"D",.,"A",.,"A",.,"A",.,"A"
"20161","03336941",21,0,"1",650,"D",130,"D",.,"A",260,"D",0,"D",.,"A",.,"A",520,"D",150,"D",.,"A",.,"A",.,"A",.,"A"
"20161","03336951",37,0,"1",1300,"D",182,"D",.,"A",780,"D",0,"D",.,"A",.,"A",1118,"D",120,"D",.,"C",509,"F",.,"A",.,"A"
"20161","03336974",35,0,"1",1950,"D",390,"D",.,"A",650,"D",60,"D",.,"A",.,"A",1560,"D",600,"D",.,"A",.,"A",13,"D",1,"D"
"20161","03336981",23,0,"1",1300,"D",260,"D",325,"D",260,"D",0,"D",.,"A",.,"A",1040,"D",0,"D",.,"A",.,"A",.,"A",.,"A"
"20161","03336991",45,0,"1",910,"D",0,"D",585,"D",520,"D",0,"D",.,"A",.,"A",910,"D",0,"D",40,"D",520,"D",.,"A",.,"A"
"20161","03337001",68,0,"1",2223,"D",0,"D",.,"A",1040,"D",0,"D",.,"A",.,"A",2223,"D",0,"D",.,"A",.,"A",.,"A",.,"A"
"20161","03337024",30,0,"1",2600,"D",260,"D",.,"A",1040,"D",0,"D",.,"A",.,"A",2340,"D",0,"D",.,"A",.,"A",.,"A",.,"A"
"20161","03337031",17,0,"1",390,"D",390,"D",.,"A",130,"D",0,"D",.,"A",.,"A",0,"D",0,"D",.,"A",.,"A",.,"A",.,"A"
"20161","03337051",22,0,"1",650,"D",65,"D",.,"A",1300,"D",120,"D",.,"A",.,"A",585,"D",240,"D",.,"A",.,"A",.,"A",.,"A"
"20161","03337081",15,0,"1",1040,"D",130,"D",.,"A",975,"D",0,"D",.,"A",.,"A",910,"D",150,"D",.,"A",.,"A",.,"A",.,"A"
"20161","03337091",11,0,"1",1625,"D",325,"D",.,"A",0,"D",0,"D",.,"A",.,"A",1300,"D",0,"D",.,"A",.,"A",.,"A",.,"A"
"20161","03337121",58,0,"1",2925,"D",195,"D",.,"A",1300,"D",240,"D",.,"A",.,"A",2730,"D",240,"D",.,"A",.,"A",.,"A",.,"A"
"20161","03337131",13,0,"1",2600,"D",325,"D",.,"A",260,"D",0,"D",.,"A",.,"A",2275,"D",30,"D",.,"A",.,"A",.,"A",.,"A"
"20161","03337171",30,0,"1",2600,"D",260,"D",.,"A",650,"D",0,"D",.,"A",.,"A",2340,"D",60,"D",.,"A",.,"A",.,"A",.,"A"
"20161","03337181",33,0,"1",1625,"D",325,"D",130,"D",650,"D",120,"D",.,"A",.,"A",1300,"D",150,"D",.,"A",.,"A",.,"A",.,"A"
"20161","03337201",22,0,"1",780,"D",302,"F",.,"A",520,"D",600,"D",.,"A",.,"A",1110,"F",150,"D",.,"A",.,"A",.,"A",.,"A"
"20161","03337211",31,0,"1",1950,"D",650,"D",.,"A",455,"D",0,"D",.,"A",.,"A",1300,"D",0,"D",.,"A",.,"A",.,"A",.,"A"
"20161","03337241",67,0,"1",2600,"D",325,"D",65,"D",260,"D",0,"D",60,"D",3,"D",2275,"D",180,"D",.,"A",.,"A",.,"A",.,"A"
"20161","03337271",19,0,"1",3250,"D",0,"D",.,"A",3640,"D",0,"D",.,"A",.,"A",3250,"D",0,"D",.,"A",.,"A",.,"A",.,"A"
"20161","03337291",30,0,"1",2600,"D",650,"D",260,"D",1300,"D",150,"D",.,"A",1,"D",1950,"D",90,"D",21,"D",273,"D",.,"A",.,"A"
"20161","03337311",22,0,"1",2600,"D",520,"D",.,"A",390,"D",0,"D",.,"A",.,"A",2080,"D",0,"D",.,"A",.,"A",.,"A",.,"A"
"20161","03337321",33,0,"1",1755,"D",0,"D",.,"A",728,"D",0,"D",.,"A",.,"A",1755,"D",168,"D",.,"A",.,"A",.,"A",.,"A"
"20161","03337351",42,0,"1",2226,"F",.,"A",.,"A",857,"F",144,"F",.,"A",.,"A",1817,"F",128,"F",.,"A",.,"A",.,"A",.,"A"
"20161","03337361",51,0,"1",2210,"D",390,"D",.,"A",1950,"D",0,"D",.,"A",180,"D",1820,"D",135,"D",.,"A",.,"A",.,"A",.,"A"
"20161","03337411",22,0,"1",1300,"D",325,"D",.,"A",260,"D",0,"D",.,"A",.,"A",975,"D",0,"D",.,"A",.,"A",.,"A",.,"A"
"20161","03337421",10,0,"1",1040,"D",130,"D",208,"D",78,"D",0,"D",.,"A",.,"A",910,"D",0,"D",.,"A",.,"A",.,"A",.,"A"
"20161","03337441",56,0,"1",1950,"D",195,"D",325,"D",390,"D",60,"D",.,"A",.,"A",1755,"D",180,"D",.,"A",.,"A",.,"A",.,"A"
"20161","03337481",59,0,"1",3250,"D",520,"D",.,"A",455,"D",0,"D",.,"A",720,"D",2730,"D",0,"D",.,"A",.,"A",.,"A",.,"A"
"20161","03337511",39,0,"1",1300,"D",130,"D",.,"A",390,"D",0,"D",.,"A",.,"A",1170,"D",0,"D",.,"A",.,"A",104,"D",8,"D"
"20161","03337531",7,0,"1",559,"D",0,"D",.,"A",0,"D",0,"D",.,"A",.,"A",559,"D",0,"D",.,"A",.,"A",.,"A",.,"A"
"20161","03337551",13,0,"1",1300,"D",260,"D",.,"A",260,"D",0,"D",.,"A",.,"A",1040,"D",0,"D",.,"A",.,"A",.,"A",.,"A"
"20161","03337571",23,0,"1",325,"D",65,"D",.,"A",260,"D",0,"D",.,"A",.,"A",260,"D",0,"D",.,"A",.,"A",.,"A",.,"A"
"20161","03337581",28,0,"1",1300,"D",130,"D",.,"A",1300,"D",225,"D",.,"A",.,"A",1170,"D",300,"D",.,"A",.,"A",.,"A",.,"A"
"20161","03337591",36,0,"1",1560,"D",325,"D",.,"A",260,"D",0,"D",.,"A",.,"A",1235,"D",60,"D",.,"A",.,"A",.,"A",.,"A"
"20161","03337631",30,0,"1",975,"D",260,"D",.,"A",0,"D",0,"D",.,"A",.,"A",715,"D",0,"D",.,"A",.,"A",.,"A",.,"A"
"20161","03337681",13,0,"1",975,"D",65,"D",.,"A",0,"D",0,"D",.,"A",.,"A",910,"D",0,"D",.,"A",.,"A",.,"A",.,"A"
"20161","03337711",37,0,"1",1560,"D",195,"D",.,"A",0,"D",0,"D",.,"A",150,"D",1365,"D",0,"D",.,"A",.,"A",.,"A",.,"A"
"20161","03337731",17,0,"1",1040,"D",130,"D",.,"A",260,"D",0,"D",.,"A",.,"A",910,"D",0,"D",.,"A",.,"A",.,"A",.,"A"
"20161","03337751",18,0,"1",1300,"D",260,"D",.,"A",650,"D",0,"D",.,"A",.,"A",1040,"D",0,"D",40,"D",520,"D",.,"A",.,"A"
"20161","03337761",38,0,"1",1105,"D",0,"D",130,"D",325,"D",0,"D",.,"A",.,"A",1105,"D",0,"D",.,"A",.,"A",.,"A",.,"A"
"20161","03337781",32,0,"1",4550,"D",975,"D",.,"A",1625,"D",0,"D",.,"A",.,"A",3575,"D",0,"D",.,"A",.,"A",.,"A",.,"A"
"20161","03337791",14,0,"1",1950,"D",455,"D",.,"A",520,"D",0,"D",.,"A",.,"A",1495,"D",0,"D",.,"A",.,"A",.,"A",.,"A"
"20161","03337801",13,0,"1",650,"D",0,"D",260,"D",130,"D",0,"D",.,"A",.,"A",650,"D",0,"D",.,"A",.,"A",.,"A",.,"A"
"20161","03337811",6,0,"1",883,"F",.,"A",.,"A",534,"F",158,"F",.,"A",.,"A",721,"F",124,"F",.,"A",.,"A",.,"A",.,"A"
"20161","03337851",24,0,"1",325,"D",0,"D",.,"A",130,"D",0,"D",.,"A",.,"A",325,"D",0,"D",.,"A",.,"A",.,"A",.,"A"
"20161","03337861",11,0,"1",390,"D",130,"D",.,"A",39,"D",6,"D",.,"A",.,"A",260,"D",30,"D",.,"A",.,"A",.,"A",.,"A"
"20161","03337881",27,0,"1",845,"D",91,"D",.,"A",1300,"D",120,"D",.,"A",.,"A",754,"D",30,"D",.,"A",.,"A",.,"A",.,"A"
"20161","03337891",11,0,"1",910,"D",260,"D",.,"A",195,"D",0,"D",.,"A",.,"A",650,"D",0,"D",.,"A",.,"A",.,"A",.,"A"
"20161","03337921",38,0,"1",650,"D",195,"D",.,"A",260,"D",60,"D",.,"A",.,"A",455,"D",60,"D",.,"A",.,"A",378,"F",.,"C"
"20161","03337931",18,0,"1",650,"D",0,"D",.,"A",520,"D",0,"D",.,"A",.,"A",650,"D",0,"D",.,"A",.,"A",.,"A",.,"A"
"20161","03337941",19,0,"1",520,"D",130,"D",.,"A",65,"D",0,"D",.,"A",.,"A",390,"D",0,"D",.,"A",.,"A",.,"A",.,"A"
"20161","03337951",31,0,"1",1040,"D",325,"D",.,"A",130,"D",90,"D",.,"A",.,"A",715,"D",120,"D",.,"A",.,"A",.,"A",.,"A"
"20161","03338004",24,0,"1",780,"D",130,"D",.,"A",0,"D",0,"D",.,"A",.,"A",650,"D",30,"D",.,"A",.,"A",.,"A",.,"A"
"20161","03338011",14,0,"1",0,"D",.,"A",.,"A",0,"D",0,"D",.,"A",.,"A",0,"D",0,"D",35,"D",455,"D",.,"A",.,"A"
"20161","03338021",28,0,"1",325,"D",65,"D",.,"A",52,"D",0,"D",.,"A",.,"A",260,"D",0,"D",.,"A",.,"A",.,"A",.,"A"
"20161","03338041",20,0,"1",1300,"D",406,"F",.,"A",325,"D",0,"D",.,"A",.,"A",1649,"F",0,"D",.,"A",.,"A",.,"A",.,"A"
"20161","03338051",32,0,"1",1300,"D",520,"D",260,"D",390,"D",0,"D",.,"A",.,"A",780,"D",60,"D",.,"A",.,"A",.,"A",.,"A"
"20161","03338061",21,0,"1",585,"D",0,"D",.,"A",234,"D",0,"D",.,"A",.,"A",585,"D",0,"D",15,"D",195,"D",.,"A",.,"A"
"20161","03338101",30,0,"1",1950,"D",650,"D",.,"A",975,"D",600,"D",.,"A",.,"A",1300,"D",600,"D",.,"A",.,"A",.,"A",.,"A"
"20161","03338111",12,0,"1",390,"D",65,"D",.,"A",65,"D",0,"D",.,"A",.,"A",325,"D",0,"D",.,"A",.,"A",.,"A",.,"A"
"20161","03338141",16,0,"1",1495,"D",130,"D",.,"A",0,"D",0,"D",.,"A",.,"A",1365,"D",0,"D",.,"A",.,"A",.,"A",.,"A"
"20161","03338151",44,0,"1",1625,"D",325,"D",.,"A",2600,"D",300,"D",.,"A",.,"A",1300,"D",75,"D",.,"A",.,"A",.,"A",.,"A"
"20161","03338161",53,0,"1",3250,"D",1040,"D",.,"A",661,"F",150,"D",.,"A",.,"A",2210,"D",900,"D",.,"A",.,"A",.,"A",.,"A"
"20161","03338194",32,0,"1",2275,"D",650,"D",130,"D",325,"D",0,"D",.,"A",.,"A",1625,"D",30,"D",.,"A",.,"A",.,"A",.,"A"
"20161","03338221",15,0,"1",845,"D",65,"D",.,"A",520,"D",0,"D",.,"A",.,"A",780,"D",0,"D",.,"A",.,"A",.,"A",.,"A"
"20161","03338231",59,0,"1",1300,"D",325,"D",520,"D",0,"D",0,"D",.,"A",.,"A",975,"D",0,"D",8,"D",104,"D",.,"A",.,"A"
"20161","03338241",16,0,"1",65,"D",0,"D",.,"A",0,"D",0,"D",.,"A",.,"A",65,"D",300,"D",24,"D",312,"D",.,"A",.,"A"
"20161","03338264",99,0,"1",1560,"D",260,"D",.,"A",780,"D",0,"D",.,"A",.,"A",1300,"D",300,"D",.,"A",.,"A",.,"A",.,"A"
"20161","03338291",60,0,"1",4550,"D",390,"D",.,"A",1690,"D",30,"D",.,"A",.,"A",4160,"D",0,"D",.,"A",.,"A",.,"A",.,"A"
"20161","03338301",60,0,"1",650,"D",130,"D",.,"A",390,"D",0,"D",.,"A",.,"A",520,"D",0,"D",.,"A",.,"A",.,"A",.,"A"
"20161","03338313",19,0,"1",1300,"D",0,"D",.,"A",519,"F",0,"D",.,"A",.,"A",1300,"D",60,"D",.,"A",.,"A",.,"A",.,"A"
"20161","03338371",42,0,"1",5200,"D",780,"D",.,"A",650,"D",0,"D",.,"A",.,"A",4420,"D",840,"D",.,"A",.,"A",.,"A",.,"A"
"20161","03338381",18,0,"1",1560,"D",390,"D",.,"A",390,"D",0,"D",.,"A",.,"A",1170,"D",30,"D",90,"D",1170,"D",.,"A",.,"A"
"20161","03338391",23,0,"1",2600,"D",650,"D",130,"D",0,"D",0,"D",.,"A",.,"A",1950,"D",0,"D",.,"A",.,"A",260,"D",20,"D"
"20161","03338401",30,0,"1",2600,"D",1040,"D",.,"A",585,"D",0,"D",.,"A",120,"D",1560,"D",0,"D",.,"A",.,"A",.,"A",.,"A"
"20161","03338411",13,0,"1",1950,"D",910,"D",.,"A",0,"D",0,"D",.,"A",.,"A",1040,"D",240,"D",30,"D",390,"D",.,"A",.,"A"
"20161","03338421",77,0,"1",1950,"D",520,"D",.,"A",1300,"D",90,"D",.,"A",250,"D",1430,"D",390,"D",.,"A",.,"A",.,"A",.,"A"
"20161","03338451",30,0,"1",2210,"D",260,"D",260,"D",325,"D",0,"D",.,"A",.,"A",1950,"D",30,"D",15,"D",195,"D",.,"A",.,"A"
"20161","03338531",57,0,"1",2340,"D",455,"D",.,"A",845,"D",0,"D",.,"A",.,"A",1885,"D",0,"D",.,"A",.,"A",.,"A",.,"A"
"20161","03338541",21,0,"1",390,"D",65,"D",.,"A",195,"D",0,"D",.,"A",.,"A",325,"D",0,"D",.,"A",.,"A",.,"A",.,"A"
"20161","03338571",18,0,"1",1950,"D",260,"D",.,"A",1300,"D",60,"D",.,"A",.,"A",1690,"D",60,"D",.,"A",.,"A",.,"A",.,"A"
"20161","03338621",16,0,"1",650,"D",65,"D",.,"A",65,"D",0,"D",.,"A",.,"A",585,"D",0,"D",50,"D",650,"D",.,"A",.,"A"
"20161","03338631",53,0,"1",1950,"D",325,"D",.,"A",520,"D",30,"D",.,"A",.,"A",1625,"D",0,"D",.,"A",.,"A",.,"A",.,"A"
"20161","03338661",20,0,"1",780,"D",156,"D",.,"A",182,"D",0,"D",.,"A",.,"A",624,"D",165,"D",.,"A",.,"A",.,"A",.,"A"
"20161","03338723",41,0,"1",3250,"D",650,"D",.,"A",1300,"D",0,"D",.,"A",260,"D",2600,"D",0,"D",.,"A",.,"A",.,"A",.,"A"
"20161","03338731",49,0,"1",1105,"D",325,"D",.,"A",975,"D",0,"D",.,"A",.,"A",780,"D",0,"D",.,"A",.,"A",650,"D",50,"D"
"20161","03338741",26,0,"1",195,"D",0,"D",.,"A",130,"D",0,"D",.,"A",.,"A",195,"D",30,"D",.,"A",.,"A",.,"A",.,"A"
"20161","03338751",14,0,"1",650,"D",65,"D",.,"A",0,"D",0,"D",.,"A",.,"A",585,"D",0,"D",.,"A",.,"A",.,"A",.,"A"
"20161","03338771",22,0,"1",3900,"D",910,"D",.,"A",260,"D",0,"D",.,"A",.,"A",2990,"D",0,"D",.,"A",.,"A",.,"A",.,"A"
"20161","03338801",33,0,"1",975,"D",325,"D",.,"A",1300,"D",0,"D",.,"A",.,"A",650,"D",0,"D",.,"A",.,"A",.,"A",.,"A"
"20161","03338811",10,0,"1",0,"D",.,"A",.,"A",0,"D",0,"D",.,"A",.,"A",0,"D",0,"D",.,"A",.,"A",.,"A",.,"A"
"20161","03338831",59,0,"1",1300,"D",0,"D",.,"A",1950,"D",1200,"D",.,"A",.,"A",1300,"D",90,"D",.,"A",.,"A",.,"A",.,"A"
"20161","03338851",24,0,"1",1560,"D",78,"D",.,"A",0,"D",0,"D",.,"A",.,"A",1482,"D",225,"D",.,"A",.,"A",.,"A",.,"A"
"20161","03338861",52,0,"1",1560,"D",130,"D",195,"D",650,"D",75,"D",.,"A",.,"A",1430,"D",90,"D",.,"A",.,"A",.,"A",.,"A"
"20161","03338901",22,0,"1",1443,"D",208,"D",.,"A",260,"D",0,"D",.,"A",.,"A",1235,"D",30,"D",.,"A",.,"A",.,"A",.,"A"
"20161","03338921",17,0,"1",1560,"D",260,"D",260,"D",650,"D",60,"D",.,"A",.,"A",1300,"D",90,"D",.,"A",.,"A",.,"A",.,"A"
"20161","03338931",15,0,"1",1300,"D",260,"D",.,"A",650,"D",0,"D",.,"A",.,"A",1040,"D",0,"D",.,"A",.,"A",.,"A",.,"A"
"20161","03338941",20,0,"1",1300,"D",195,"D",.,"A",585,"D",0,"D",.,"A",.,"A",1105,"D",0,"D",.,"A",.,"A",.,"A",.,"A"
"20161","03338961",52,0,"1",1300,"D",455,"D",0,"D",130,"D",36,"D",.,"A",.,"A",845,"D",30,"D",.,"A",.,"A",.,"A",.,"A"
"20161","03338971",47,0,"1",1300,"D",260,"D",130,"D",650,"D",0,"D",.,"A",200,"D",1040,"D",0,"D",.,"A",.,"A",.,"A",.,"A"
"20161","03339023",24,0,"1",975,"D",195,"D",104,"D",39,"D",0,"D",.,"A",.,"A",780,"D",0,"D",.,"A",.,"A",.,"A",.,"A"
"20161","03339041",26,0,"1",650,"D",130,"D",.,"A",260,"D",0,"D",.,"A",.,"A",520,"D",0,"D",55,"D",715,"D",.,"A",.,"A"
"20161","03339051",69,0,"1",1831,"F",.,"A",.,"A",3250,"D",300,"D",.,"A",.,"A",1478,"F",60,"D",.,"A",.,"A",.,"A",.,"A"
"20161","03339063",26,0,"1",1300,"D",260,"D",390,"D",1300,"D",60,"D",.,"A",.,"A",1040,"D",0,"D",.,"A",.,"A",.,"A",.,"A"
"20161","03339091",34,0,"1",2600,"D",130,"D",.,"A",910,"D",90,"D",.,"A",.,"A",2470,"D",90,"D",.,"A",.,"A",.,"A",.,"A"
"20161","03339101",33,0,"1",780,"D",104,"D",260,"D",390,"D",150,"D",72,"D",.,"A",676,"D",150,"D",10,"D",130,"D",.,"A",.,"A"
"20161","03339111",25,0,"1",1300,"D",650,"D",.,"A",1300,"D",0,"D",.,"A",.,"A",650,"D",0,"D",40,"D",520,"D",.,"A",.,"A"
"20161","03339131",18,0,"1",1950,"D",650,"D",520,"D",0,"D",0,"D",.,"A",.,"A",1300,"D",30,"D",.,"A",.,"A",.,"A",.,"A"
"20161","03339151",20,0,"1",1950,"D",390,"D",.,"A",1755,"D",6,"D",.,"A",.,"A",1560,"D",6,"D",.,"A",.,"A",.,"A",.,"A"
"20161","03339171",19,0,"1",650,"D",195,"D",.,"A",325,"D",0,"D",.,"A",.,"A",455,"D",0,"D",.,"A",.,"A",.,"A",.,"A"
"20161","03339181",19,0,"1",1300,"D",130,"D",.,"A",0,"D",0,"D",.,"A",.,"A",1170,"D",0,"D",.,"A",.,"A",.,"A",.,"A"
"20161","03339191",19,0,"1",4550,"D",130,"D",.,"A",260,"D",0,"D",.,"A",.,"A",4420,"D",60,"D",.,"A",.,"A",.,"A",.,"A"
"20161","03339221",38,0,"1",1625,"D",585,"D",.,"A",520,"D",0,"D",.,"A",.,"A",1040,"D",0,"D",.,"A",.,"A",390,"D",30,"D"
"20161","03339231",14,0,"1",2600,"D",325,"D",.,"A",0,"D",0,"D",.,"A",.,"A",2275,"D",0,"D",.,"A",.,"A",.,"A",.,"A"
"20161","03339253",47,0,"1",650,"D",130,"D",65,"D",260,"D",0,"D",48,"D",.,"A",520,"D",0,"D",.,"A",.,"A",.,"A",.,"A"
"20161","03339263",11,0,"1",780,"D",0,"D",.,"A",0,"D",0,"D",.,"A",.,"A",780,"D",0,"D",.,"A",.,"A",.,"A",.,"A"
"20161","03339271",31,0,"1",2600,"D",975,"D",.,"A",1300,"D",0,"D",.,"A",.,"A",1625,"D",0,"D",.,"A",.,"A",.,"A",.,"A"
"20161","03339301",45,0,"1",1950,"D",650,"D",.,"A",910,"D",0,"D",.,"A",.,"A",1300,"D",0,"D",.,"A",.,"A",.,"A",.,"A"
"20161","03339311",11,0,"1",780,"D",260,"D",156,"D",910,"D",0,"D",.,"A",.,"A",520,"D",60,"D",.,"A",.,"A",.,"A",.,"A"
"20161","03339341",14,0,"1",2925,"D",650,"D",.,"A",390,"D",300,"D",.,"A",.,"A",2275,"D",75,"D",.,"A",.,"A",.,"A",.,"A"
"20161","03339351",41,0,"1",1560,"D",650,"D",.,"A",325,"D",0,"D",.,"A",.,"A",910,"D",240,"D",10,"D",130,"D",.,"A",.,"A"
"20161","03339381",28,0,"1",975,"D",195,"D",.,"A",780,"D",0,"D",.,"A",.,"A",780,"D",0,"D",.,"A",.,"A",.,"A",.,"A"
"20161","03339391",16,0,"1",650,"D",0,"D",.,"A",650,"D",158,"F",.,"A",.,"A",650,"D",124,"F",.,"A",.,"A",.,"A",.,"A"
"20161","03339411",12,0,"1",1950,"D",203,"F",.,"A",410,"F",0,"D",.,"A",.,"A",708,"F",0,"D",.,"A",.,"A",.,"A",.,"A"
"20161","03339421",27,0,"1",715,"D",130,"D",.,"A",0,"D",0,"D",.,"A",.,"A",585,"D",15,"D",.,"A",.,"A",.,"A",.,"A"
"20161","03339431",19,0,"1",1235,"D",650,"D",130,"D",0,"D",0,"D",.,"A",.,"A",585,"D",90,"D",20,"D",260,"D",.,"A",.,"A"
"20161","03339441",23,0,"1",2600,"D",409,"F",650,"D",260,"D",0,"D",.,"A",.,"A",1817,"F",0,"D",.,"A",.,"A",.,"A",.,"A"
"20161","03339451",25,0,"1",1040,"D",325,"D",.,"A",325,"D",90,"D",.,"A",.,"A",715,"D",45,"D",.,"A",.,"A",.,"A",.,"A"
"20161","03339481",23,0,"1",1950,"D",650,"D",390,"D",520,"D",0,"D",.,"A",.,"A",1300,"D",0,"D",.,"A",.,"A",.,"A",.,"A"
"20161","03339491",54,0,"1",2600,"D",455,"D",.,"A",390,"D",90,"D",.,"A",.,"A",2145,"D",225,"D",.,"A",.,"A",.,"A",.,"A"
"20161","03339501",21,0,"1",1040,"D",325,"D",.,"A",130,"D",0,"D",.,"A",.,"A",715,"D",0,"D",.,"A",.,"A",.,"A",.,"A"
"20161","03339511",11,0,"1",390,"D",65,"D",.,"A",195,"D",0,"D",.,"A",.,"A",325,"D",0,"D",10,"D",130,"D",.,"A",.,"A"
"20161","03339561",52,0,"1",3250,"D",325,"D",.,"A",650,"D",0,"D",.,"A",.,"A",2925,"D",60,"D",.,"A",.,"A",.,"A",.,"A"
"20161","03339581",19,0,"1",780,"D",104,"D",.,"A",455,"D",0,"D",.,"A",.,"A",676,"D",0,"D",.,"A",.,"A",.,"A",.,"A"
"20161","03339594",39,0,"1",2600,"D",650,"D",.,"A",715,"D",0,"D",.,"A",.,"A",1950,"D",120,"D",.,"A",.,"A",.,"A",.,"A"
"20161","03339611",35,0,"1",1430,"D",455,"D",.,"A",130,"D",21,"D",.,"A",.,"A",975,"D",120,"D",.,"A",.,"A",.,"A",.,"A"
"20161","03339641",24,0,"1",2600,"D",650,"D",.,"A",0,"D",0,"D",.,"A",.,"A",1950,"D",0,"D",50,"D",650,"D",.,"A",.,"A"
"20161","03339651",35,0,"1",3900,"D",1950,"D",502,"F",156,"D",0,"D",.,"A",240,"D",1950,"D",180,"D",100,"D",1300,"D",.,"A",.,"A"
"20161","03339664",26,0,"1",1170,"D",195,"D",234,"D",325,"D",0,"D",.,"A",.,"A",975,"D",0,"D",40,"D",520,"D",.,"A",.,"A"
"20161","03339701",18,0,"1",1645,"F",.,"A",.,"A",818,"F",134,"F",.,"A",.,"A",1330,"F",130,"F",.,"A",.,"A",.,"A",.,"A"
"20161","03339721",86,0,"1",2925,"D",520,"D",.,"A",260,"D",30,"D",.,"A",.,"A",2405,"D",300,"D",.,"A",.,"A",.,"A",.,"A"
"20161","03339751",22,0,"1",741,"D",0,"D",.,"A",0,"D",0,"D",.,"A",.,"A",741,"D",0,"D",.,"A",.,"A",.,"A",.,"A"
"20161","03339784",16,0,"1",1300,"D",130,"D",.,"A",1300,"D",0,"D",.,"A",.,"A",1170,"D",0,"D",.,"A",.,"A",.,"A",.,"A"
"20161","03339811",42,0,"1",2600,"D",195,"D",.,"A",1300,"D",0,"D",.,"A",.,"A",2405,"D",0,"D",.,"A",.,"A",.,"A",.,"A"
"20161","03339831",19,0,"1",1300,"D",455,"D",.,"A",390,"D",0,"D",.,"A",.,"A",845,"D",0,"D",56,"D",728,"D",.,"A",.,"A"
"20161","03339851",32,0,"1",1300,"D",260,"D",.,"A",520,"D",90,"D",.,"A",.,"A",1040,"D",300,"D",.,"A",.,"A",.,"A",.,"A"
"20161","03339881",13,0,"1",650,"D",130,"D",.,"A",0,"D",0,"D",.,"A",.,"A",520,"D",0,"D",.,"A",.,"A",.,"A",.,"A"
"20161","03339891",23,0,"1",2600,"D",1300,"D",.,"A",0,"D",0,"D",.,"A",.,"A",1300,"D",0,"D",.,"A",.,"A",.,"A",.,"A"
"20161","03339901",26,0,"1",1690,"D",390,"D",.,"A",390,"D",0,"D",.,"A",.,"A",1300,"D",0,"D",.,"A",.,"A",.,"A",.,"A"
"20161","03339921",17,0,"1",1950,"D",520,"D",.,"A",1300,"D",0,"D",.,"A",.,"A",1430,"D",120,"D",.,"A",.,"A",.,"A",.,"A"
"20161","03339951",50,0,"1",2275,"D",195,"D",.,"A",520,"D",45,"D",.,"A",.,"A",2080,"D",150,"D",.,"A",.,"A",.,"A",.,"A"
"20161","03339961",34,0,"1",1950,"D",130,"D",.,"A",390,"D",0,"D",.,"A",.,"A",1820,"D",0,"D",.,"A",.,"A",.,"A",.,"A"
"20161","03339981",27,0,"1",1365,"D",195,"D",.,"A",260,"D",0,"D",.,"A",.,"A",1170,"D",0,"D",.,"A",.,"A",.,"A",.,"A"
"20161","03340001",86,0,"1",1950,"D",650,"D",.,"A",1040,"D",60,"D",.,"A",.,"A",1300,"D",60,"D",.,"A",.,"A",.,"A",.,"A"
"20161","03340011",25,0,"1",1560,"D",520,"D",325,"D",364,"D",0,"D",.,"A",.,"A",1040,"D",150,"D",.,"A",.,"A",.,"A",.,"A"
"20161","03340031",22,0,"1",1737,"F",.,"A",390,"D",260,"D",0,"D",.,"A",.,"A",1458,"F",0,"D",5,"D",65,"D",.,"A",.,"A"
"20161","03340041",62,0,"1",3042,"D",598,"D",.,"A",3796,"D",150,"D",.,"A",275,"D",2444,"D",480,"D",.,"A",.,"A",1040,"D",80,"D"
"20161","03340084",23,0,"1",1300,"D",195,"D",.,"A",390,"D",149,"F",.,"A",.,"A",1105,"D",130,"F",.,"A",.,"A",.,"A",.,"A"
"20161","03340091",31,0,"1",3120,"D",520,"D",.,"A",325,"D",0,"D",.,"A",480,"D",2600,"D",0,"D",16,"D",208,"D",325,"D",25,"D"
"20161","03340121",20,0,"1",1950,"D",130,"D",.,"A",650,"D",0,"D",.,"A",.,"A",1820,"D",0,"D",.,"A",.,"A",.,"A",.,"A"
"20161","03340131",15,0,"1",845,"D",195,"D",.,"A",0,"D",0,"D",.,"A",.,"A",650,"D",0,"D",.,"A",.,"A",.,"A",.,"A"
"20161","03340151",14,0,"1",1300,"D",130,"D",.,"A",0,"D",0,"D",.,"A",.,"A",1170,"D",0,"D",.,"A",.,"A",.,"A",.,"A"
"20161","03340171",39,0,"1",1950,"D",780,"D",.,"A",390,"D",0,"D",.,"A",.,"A",1170,"D",0,"D",.,"A",.,"A",.,"A",.,"A"
"20161","03340191",42,0,"1",780,"D",130,"D",.,"A",260,"D",0,"D",.,"A",.,"A",650,"D",0,"D",.,"A",.,"A",.,"A",.,"A"
"20161","03340221",23,0,"1",1300,"D",260,"D",.,"A",390,"D",0,"D",.,"A",.,"A",1040,"D",0,"D",.,"A",.,"A",.,"A",.,"A"
"20161","03340241",19,0,"1",975,"D",195,"D",.,"A",650,"D",0,"D",.,"A",.,"A",780,"D",360,"D",20,"D",260,"D",195,"D",15,"D"
"20161","03340251",11,0,"1",520,"D",130,"D",.,"A",0,"D",0,"D",.,"A",.,"A",390,"D",0,"D",.,"A",.,"A",.,"A",.,"A"
"20161","03340261",35,0,"1",1300,"D",325,"D",.,"A",1950,"D",300,"D",.,"A",.,"A",975,"D",120,"D",.,"A",.,"A",.,"A",.,"A"
"20161","03340281",48,0,"1",1300,"D",195,"D",65,"D",650,"D",0,"D",.,"A",.,"A",1105,"D",0,"D",.,"A",.,"A",.,"A",.,"A"
"20161","03340291",33,0,"1",2600,"D",130,"D",.,"A",0,"D",0,"D",.,"A",.,"A",2470,"D",0,"D",.,"A",.,"A",.,"A",.,"A"
"20161","03340301",11,0,"1",883,"F",.,"A",.,"A",534,"F",158,"F",.,"A",.,"A",721,"F",124,"F",.,"A",.,"A",.,"A",.,"A"
"20161","03340341",44,0,"1",2925,"D",741,"D",.,"A",325,"D",0,"D",.,"A",.,"A",2184,"D",900,"D",.,"A",.,"A",169,"D",13,"D"
"20161","03340361",56,0,"1",520,"D",195,"D",.,"A",195,"D",30,"D",.,"A",.,"A",325,"D",75,"D",.,"A",.,"A",.,"A",.,"A"
"20161","03340371",24,0,"1",2080,"D",780,"D",390,"D",650,"D",0,"D",.,"A",.,"A",1300,"D",30,"D",.,"A",.,"A",.,"A",.,"A"
"20161","03340381",26,0,"1",1690,"D",130,"D",.,"A",260,"D",0,"D",.,"A",117,"D",1560,"D",0,"D",.,"A",.,"A",.,"A",.,"A"
"20161","03340391",24,0,"1",1560,"D",650,"D",195,"D",390,"D",30,"D",.,"A",.,"A",910,"D",30,"D",120,"D",1560,"D",.,"A",.,"A"
"20161","03340401",28,0,"1",650,"D",65,"D",650,"D",650,"D",0,"D",.,"A",.,"A",585,"D",0,"D",60,"D",780,"D",.,"A",.,"A"
"20161","03340411",44,0,"1",975,"D",130,"D",130,"D",650,"D",0,"D",.,"A",.,"A",845,"D",0,"D",.,"A",.,"A",.,"A",.,"A"
"20161","03340431",57,0,"1",3900,"D",975,"D",.,"A",390,"D",120,"D",.,"A",276,"D",2925,"D",0,"D",.,"A",.,"A",.,"A",.,"A"
"20161","03340451",42,0,"1",4550,"D",0,"D",.,"A",0,"D",0,"D",.,"A",.,"A",4550,"D",0,"D",.,"A",.,"A",.,"A",.,"A"
"20161","03340461",31,0,"1",1300,"D",260,"D",.,"A",130,"D",0,"D",.,"A",.,"A",1040,"D",0,"D",.,"A",.,"A",.,"A",.,"A"
"20161","03340474",27,0,"1",780,"D",0,"D",.,"A",390,"D",209,"F",.,"A",.,"A",780,"D",150,"F",.,"A",.,"A",.,"A",.,"A"
"20161","03340481",41,0,"1",1300,"D",260,"D",.,"A",390,"D",0,"D",.,"A",.,"A",1040,"D",0,"D",.,"A",.,"A",.,"A",.,"A"
"20161","03340491",15,0,"1",650,"D",0,"D",.,"A",344,"F",0,"D",.,"A",.,"A",650,"D",0,"D",.,"A",.,"A",.,"A",.,"A"
"20161","03340501",14,0,"1",650,"D",0,"D",.,"A",325,"D",0,"D",.,"A",.,"A",650,"D",0,"D",.,"A",.,"A",.,"A",.,"A"
"20161","03340541",16,0,"1",1950,"D",260,"D",.,"A",130,"D",0,"D",.,"A",.,"A",1690,"D",0,"D",10,"D",130,"D",.,"A",.,"A"
"20161","03340571",24,0,"1",2925,"D",390,"D",.,"A",494,"D",30,"D",.,"A",.,"A",2535,"D",39,"D",.,"A",.,"A",.,"A",.,"A"
"20161","03340581",18,0,"1",1950,"D",325,"D",.,"A",0,"D",0,"D",.,"A",.,"A",1625,"D",0,"D",.,"A",.,"A",.,"A",.,"A"
"20161","03340601",45,0,"1",2600,"D",650,"D",.,"A",260,"D",0,"D",.,"A",.,"A",1950,"D",0,"D",.,"A",.,"A",91,"D",7,"D"
"20161","03340631",26,0,"1",975,"D",325,"D",.,"A",1300,"D",0,"D",.,"A",.,"A",650,"D",0,"D",.,"A",.,"A",.,"A",.,"A"
"20161","03340651",14,0,"1",325,"D",195,"D",.,"A",195,"D",0,"D",.,"A",.,"A",130,"D",0,"D",.,"A",.,"A",.,"A",.,"A"
"20161","03340681",21,0,"1",1300,"D",0,"D",.,"A",650,"D",0,"D",.,"A",.,"A",1300,"D",0,"D",.,"A",.,"A",.,"A",.,"A"
"20161","03340691",19,0,"1",1690,"D",520,"D",.,"A",390,"D",123,"F",.,"A",.,"A",1170,"D",87,"F",25,"D",325,"D",.,"A",.,"A"
"20161","03340701",33,0,"1",3250,"D",325,"D",.,"A",0,"D",0,"D",.,"A",.,"A",2925,"D",0,"D",42,"D",546,"D",.,"A",.,"A"
"20161","03340711",35,0,"1",1625,"D",325,"D",.,"A",650,"D",0,"D",.,"A",.,"A",1300,"D",0,"D",.,"A",.,"A",.,"A",.,"A"
"20161","03340731",15,0,"1",1950,"D",325,"D",.,"A",0,"D",0,"D",.,"A",.,"A",1625,"D",0,"D",.,"A",.,"A",.,"A",.,"A"
"20161","03340751",17,0,"1",1300,"D",0,"D",.,"A",650,"D",0,"D",.,"A",.,"A",1300,"D",0,"D",.,"A",.,"A",.,"A",.,"A"
"20161","03340771",17,0,"1",520,"D",65,"D",.,"A",0,"D",0,"D",.,"A",.,"A",455,"D",75,"D",.,"A",.,"A",.,"A",.,"A"
"20161","03340791",29,0,"1",520,"D",65,"D",.,"A",195,"D",60,"D",.,"A",.,"A",455,"D",0,"D",.,"A",.,"A",.,"A",.,"A"
"20161","03340811",16,0,"1",1820,"D",1690,"D",.,"A",520,"D",360,"D",.,"A",.,"A",130,"D",600,"D",24,"D",312,"D",.,"A",.,"A"
"20161","03340821",40,0,"1",1950,"D",390,"D",.,"A",650,"D",0,"D",.,"A",.,"A",1560,"D",24,"D",.,"A",.,"A",.,"A",.,"A"
"20161","03340851",25,0,"1",195,"D",26,"D",.,"A",91,"D",0,"D",.,"A",.,"A",169,"D",0,"D",.,"A",.,"A",.,"A",.,"A"
"20161","03340861",24,0,"1",975,"D",260,"D",390,"D",390,"D",0,"D",.,"A",.,"A",715,"D",0,"D",40,"D",520,"D",.,"A",.,"A"
"20161","03340881",15,0,"1",1170,"D",260,"D",.,"A",130,"D",0,"D",.,"A",195,"D",910,"D",120,"D",35,"D",455,"D",.,"A",.,"A"
"20161","03340901",22,0,"1",2275,"D",156,"D",260,"D",390,"D",0,"D",.,"A",.,"A",2119,"D",0,"D",.,"A",.,"A",.,"A",.,"A"
"20161","03340911",30,0,"1",1950,"D",325,"D",.,"A",0,"D",0,"D",.,"A",.,"A",1625,"D",0,"D",.,"A",.,"A",.,"A",.,"A"
"20161","03340921",25,0,"1",780,"D",130,"D",.,"A",260,"D",0,"D",.,"A",.,"A",650,"D",240,"D",.,"A",.,"A",.,"A",.,"A"
"20161","03340934",12,0,"1",1300,"D",0,"D",.,"A",1300,"D",0,"D",.,"A",.,"A",1300,"D",0,"D",.,"A",.,"A",.,"A",.,"A"
"20161","03340961",50,0,"1",1300,"D",65,"D",.,"A",325,"D",180,"D",.,"A",.,"A",1235,"D",180,"D",.,"A",.,"A",.,"A",.,"A"
"20161","03340971",62,0,"1",1040,"D",325,"D",130,"D",1300,"D",180,"D",.,"A",.,"A",715,"D",450,"D",40,"D",520,"D",.,"A",.,"A"
"20161","03340981",35,0,"1",2275,"D",130,"D",.,"A",0,"D",0,"D",.,"A",.,"A",2145,"D",450,"D",.,"A",.,"A",.,"A",.,"A"
"20161","03341001",21,0,"1",2600,"D",0,"D",.,"A",130,"D",0,"D",.,"A",.,"A",2600,"D",0,"D",.,"A",.,"A",.,"A",.,"A"
"20161","03341031",32,0,"1",1347,"F",.,"A",.,"A",780,"D",0,"D",.,"A",.,"A",1079,"F",0,"D",15,"D",195,"D",.,"A",.,"A"
"20161","03341041",22,0,"1",910,"D",130,"D",.,"A",1950,"D",0,"D",.,"A",.,"A",780,"D",0,"D",.,"A",.,"A",.,"A",.,"A"
"20161","03341051",20,0,"1",1560,"D",325,"D",.,"A",195,"D",0,"D",.,"A",.,"A",1235,"D",0,"D",.,"A",.,"A",.,"A",.,"A"
"20161","03341071",41,0,"1",1339,"D",260,"D",650,"D",325,"D",0,"D",.,"A",.,"A",1079,"D",0,"D",.,"A",.,"A",117,"D",9,"D"
"20161","03341084",11,0,"1",390,"D",65,"D",.,"A",455,"D",0,"D",.,"A",.,"A",325,"D",180,"D",15,"D",195,"D",.,"A",.,"A"
"20161","03341091",13,0,"1",1300,"D",130,"D",.,"A",0,"D",0,"D",.,"A",.,"A",1170,"D",0,"D",.,"A",.,"A",.,"A",.,"A"
"20161","03341111",22,0,"1",1040,"D",260,"D",.,"A",390,"D",0,"D",.,"A",.,"A",780,"D",0,"D",.,"A",.,"A",.,"A",.,"A"
"20161","03341141",24,0,"1",780,"D",260,"D",.,"A",0,"D",0,"D",.,"A",.,"A",520,"D",60,"D",.,"A",.,"A",.,"A",.,"A"
"20161","03341211",60,0,"1",2730,"D",130,"D",.,"A",130,"D",0,"D",.,"A",.,"A",2600,"D",0,"D",.,"A",.,"A",.,"A",.,"A"
"20161","03341221",27,0,"1",780,"D",390,"D",260,"D",1170,"D",600,"D",625,"D",.,"A",390,"D",300,"D",7,"D",91,"D",.,"A",.,"A"
"20161","03341231",21,0,"1",650,"D",130,"D",390,"D",260,"D",90,"D",.,"A",.,"A",520,"D",90,"D",.,"A",.,"A",.,"A",.,"A"
"20161","03341241",30,0,"1",3900,"D",325,"D",.,"A",65,"D",0,"D",.,"A",.,"A",3575,"D",0,"D",.,"A",.,"A",.,"A",.,"A"
"20161","03341271",21,0,"1",520,"D",130,"D",.,"A",260,"D",0,"D",.,"A",.,"A",390,"D",30,"D",.,"A",.,"A",.,"A",.,"A"
"20161","03341281",21,0,"1",2600,"D",130,"D",.,"A",130,"D",0,"D",.,"A",96,"D",2470,"D",0,"D",.,"A",.,"A",.,"A",.,"A"
"20161","03341321",31,0,"1",1950,"D",520,"D",.,"A",1040,"D",0,"D",.,"A",.,"A",1430,"D",120,"D",.,"A",.,"A",.,"A",.,"A"
"20161","03341391",26,0,"1",650,"D",130,"D",65,"D",260,"D",30,"D",1,"D",.,"A",520,"D",0,"D",.,"A",.,"A",130,"D",10,"D"
"20161","03341401",64,0,"1",2600,"D",195,"D",.,"A",390,"D",0,"D",.,"A",.,"A",2405,"D",0,"D",.,"A",.,"A",.,"A",.,"A"
"20161","03341411",24,0,"1",2600,"D",650,"D",.,"A",1300,"D",0,"D",.,"A",.,"A",1950,"D",0,"D",.,"A",.,"A",.,"A",.,"A"
"20161","03341421",7,0,"1",650,"D",0,"D",.,"A",0,"D",0,"D",.,"A",.,"A",650,"D",0,"D",.,"A",.,"A",.,"A",.,"A"
"20161","03341431",32,0,"1",1040,"D",65,"D",260,"D",260,"D",150,"D",338,"D",.,"A",975,"D",30,"D",.,"A",.,"A",.,"A",.,"A"
"20161","03341443",14,0,"1",585,"D",260,"D",.,"A",390,"D",0,"D",.,"A",.,"A",325,"D",75,"D",.,"A",.,"A",.,"A",.,"A"
"20161","03341451",28,0,"1",2600,"D",650,"D",.,"A",0,"D",0,"D",.,"A",.,"A",1950,"D",45,"D",.,"A",.,"A",.,"A",.,"A"
"20161","03341461",16,0,"1",975,"D",520,"D",.,"A",0,"D",0,"D",.,"A",.,"A",455,"D",60,"D",.,"A",.,"A",.,"A",.,"A"
"20161","03341471",29,0,"1",975,"D",260,"D",.,"A",325,"D",0,"D",.,"A",.,"A",715,"D",0,"D",.,"A",.,"A",.,"A",.,"A"
"20161","03341481",29,0,"1",1040,"D",130,"D",.,"A",0,"D",0,"D",.,"A",.,"A",910,"D",0,"D",.,"A",.,"A",.,"A",.,"A"
"20161","03341501",12,0,"1",2080,"D",325,"D",.,"A",0,"D",0,"D",.,"A",.,"A",1755,"D",0,"D",.,"A",.,"A",.,"A",.,"A"
"20161","03341511",32,0,"1",624,"D",65,"D",.,"A",650,"D",0,"D",.,"A",.,"A",559,"D",0,"D",.,"A",.,"A",.,"A",.,"A"
"20161","03341561",26,0,"1",650,"D",130,"D",.,"A",104,"D",0,"D",.,"A",.,"A",520,"D",30,"D",.,"A",.,"A",.,"A",.,"A"
"20161","03341571",11,0,"1",715,"D",195,"D",.,"A",0,"D",0,"D",.,"A",.,"A",520,"D",0,"D",.,"A",.,"A",.,"A",.,"A"
"20161","03341581",28,0,"1",1560,"D",325,"D",390,"D",0,"D",0,"D",.,"A",.,"A",1235,"D",0,"D",.,"A",.,"A",.,"A",.,"A"
"20161","03341611",22,0,"1",1950,"D",650,"D",.,"A",650,"D",0,"D",.,"A",.,"A",1300,"D",0,"D",.,"A",.,"A",.,"A",.,"A"
"20161","03341621",24,0,"1",325,"D",156,"D",.,"A",0,"D",6,"D",.,"A",.,"A",169,"D",6,"D",.,"A",.,"A",.,"A",.,"A"
"20161","03341631",37,0,"1",1300,"D",520,"D",520,"D",390,"D",30,"D",.,"A",.,"A",780,"D",30,"D",.,"A",.,"A",.,"A",.,"A"
"20161","03341641",32,0,"1",845,"D",195,"D",.,"A",845,"D",0,"D",.,"A",.,"A",650,"D",30,"D",.,"A",.,"A",.,"A",.,"A"
"20161","03341651",29,0,"1",2600,"D",650,"D",520,"D",0,"D",300,"D",.,"A",300,"D",1950,"D",300,"D",.,"A",.,"A",520,"D",40,"D"
"20161","03341671",13,0,"1",390,"D",130,"D",.,"A",0,"D",0,"D",.,"A",.,"A",260,"D",0,"D",.,"A",.,"A",.,"A",.,"A"
"20161","03341681",15,0,"1",585,"D",195,"D",130,"D",130,"D",0,"D",.,"A",.,"A",390,"D",120,"D",.,"A",.,"A",52,"D",4,"D"
"20161","03341694",50,0,"1",2600,"D",650,"D",.,"A",1950,"D",60,"D",.,"A",.,"A",1950,"D",300,"D",.,"A",.,"A",.,"A",.,"A"
"20161","03341701",26,0,"1",2600,"D",401,"F",.,"A",390,"D",0,"D",.,"A",.,"A",1478,"F",240,"D",15,"D",195,"D",.,"A",.,"A"
"20161","03341711",19,0,"1",1950,"D",260,"D",260,"D",1040,"D",0,"D",.,"A",.,"A",1690,"D",90,"D",.,"A",.,"A",.,"A",.,"A"
"20161","03341721",36,0,"1",585,"D",156,"D",.,"A",520,"D",30,"D",.,"A",.,"A",429,"D",24,"D",.,"A",.,"A",.,"A",.,"A"
"20161","03341751",9,0,"1",650,"D",0,"D",.,"A",715,"D",120,"D",351,"D",.,"A",650,"D",120,"D",18,"D",234,"D",.,"A",.,"A"
"20161","03341781",22,0,"1",910,"D",130,"D",.,"A",325,"D",0,"D",.,"A",.,"A",780,"D",30,"D",.,"A",.,"A",.,"A",.,"A"
"20161","03341791",24,0,"1",1300,"D",325,"D",.,"A",650,"D",0,"D",.,"A",.,"A",975,"D",0,"D",.,"A",.,"A",.,"A",.,"A"
"20161","03341811",22,0,"1",2600,"D",390,"D",.,"A",260,"D",0,"D",.,"A",320,"D",2210,"D",0,"D",.,"A",.,"A",.,"A",.,"A"
"20161","03341831",19,0,"1",827,"F",.,"A",.,"A",26,"D",0,"D",.,"A",.,"A",674,"F",0,"D",.,"A",.,"A",.,"A",.,"A"
"20161","03341841",65,0,"1",1300,"D",260,"D",130,"D",390,"D",0,"D",.,"A",163,"D",1040,"D",0,"D",.,"A",.,"A",.,"A",.,"A"
"20161","03341851",10,0,"1",520,"D",130,"D",.,"A",0,"D",0,"D",.,"A",.,"A",390,"D",0,"D",.,"A",.,"A",.,"A",.,"A"
"20161","03341901",69,0,"1",1625,"D",325,"D",.,"A",325,"D",60,"D",.,"A",.,"A",1300,"D",60,"D",.,"A",.,"A",.,"A",.,"A"
"20161","03341911",29,0,"1",1300,"D",130,"D",.,"A",1300,"D",75,"D",.,"A",.,"A",1170,"D",150,"D",.,"A",.,"A",65,"D",5,"D"
"20161","03341931",22,0,"1",975,"D",260,"D",.,"A",520,"D",0,"D",.,"A",.,"A",715,"D",0,"D",.,"A",.,"A",.,"A",.,"A"
"20161","03341961",13,0,"1",910,"D",390,"D",91,"D",325,"D",0,"D",.,"A",.,"A",520,"D",0,"D",.,"A",.,"A",.,"A",.,"A"
"20161","03341971",23,0,"1",1040,"D",390,"D",325,"D",1365,"D",600,"D",.,"A",.,"A",650,"D",0,"D",.,"A",.,"A",.,"A",.,"A"
"20161","03341981",67,0,"1",1040,"D",0,"D",.,"A",520,"D",0,"D",.,"A",.,"A",1040,"D",0,"D",.,"A",.,"A",.,"A",.,"A"
"20161","03341991",17,0,"1",130,"D",0,"D",.,"A",390,"D",0,"D",.,"A",.,"A",130,"D",0,"D",.,"A",.,"A",.,"A",.,"A"
"20161","03342011",31,0,"1",975,"D",130,"D",.,"A",195,"D",0,"D",.,"A",.,"A",845,"D",0,"D",60,"D",780,"D",.,"A",.,"A"
"20161","03342024",39,0,"1",975,"D",130,"D",.,"A",650,"D",0,"D",.,"A",.,"A",845,"D",0,"D",.,"A",.,"A",.,"A",.,"A"
"20161","03342031",10,0,"1",1950,"D",0,"D",.,"A",1040,"D",0,"D",.,"A",.,"A",1950,"D",0,"D",.,"A",.,"A",.,"A",.,"A"
"20161","03342071",13,0,"1",780,"D",65,"D",.,"A",0,"D",0,"D",.,"A",.,"A",715,"D",0,"D",.,"A",.,"A",.,"A",.,"A"
"20161","03342081",25,0,"1",1300,"D",520,"D",.,"A",260,"D",150,"D",.,"A",.,"A",780,"D",75,"D",10,"D",130,"D",.,"A",.,"A"
"20161","03342111",29,0,"1",845,"D",260,"D",.,"A",650,"D",0,"D",.,"A",.,"A",585,"D",0,"D",.,"A",.,"A",.,"A",.,"A"
"20161","03342121",14,0,"1",2600,"D",260,"D",.,"A",650,"D",0,"D",.,"A",.,"A",2340,"D",0,"D",.,"A",.,"A",.,"A",.,"A"
"20161","03342131",21,0,"1",780,"D",130,"D",.,"A",130,"D",0,"D",.,"A",.,"A",650,"D",0,"D",.,"A",.,"A",.,"A",.,"A"
"20161","03342141",12,0,"1",0,"D",.,"A",260,"D",780,"D",0,"D",.,"A",.,"A",0,"D",0,"D",.,"A",.,"A",.,"A",.,"A"
"20161","03342151",39,0,"1",2600,"D",1300,"D",.,"A",650,"D",0,"D",.,"A",.,"A",1300,"D",0,"D",.,"A",.,"A",.,"A",.,"A"
"20161","03342181",18,0,"1",975,"D",325,"D",.,"A",260,"D",0,"D",.,"A",600,"D",650,"D",0,"D",.,"A",.,"A",.,"A",.,"A"
"20161","03342191",35,0,"1",975,"D",130,"D",.,"A",195,"D",0,"D",.,"A",.,"A",845,"D",0,"D",20,"D",260,"D",.,"A",.,"A"
"20161","03342201",26,0,"1",1950,"D",325,"D",.,"A",650,"D",240,"D",.,"A",.,"A",1625,"D",0,"D",.,"A",.,"A",.,"A",.,"A"
"20161","03342211",32,0,"1",2600,"D",325,"D",.,"A",325,"D",0,"D",.,"A",.,"A",2275,"D",0,"D",.,"A",.,"A",.,"A",.,"A"
"20161","03342223",13,0,"1",650,"D",65,"D",.,"A",0,"D",0,"D",.,"A",.,"A",585,"D",15,"D",18,"D",234,"D",.,"A",.,"A"
"20161","03342251",41,0,"1",650,"D",260,"D",260,"D",390,"D",0,"D",.,"A",.,"A",390,"D",45,"D",.,"A",.,"A",.,"A",.,"A"
"20161","03342261",21,0,"1",1300,"D",520,"D",.,"A",0,"D",0,"D",.,"A",.,"A",780,"D",0,"D",12,"D",156,"D",.,"A",.,"A"
"20161","03342281",29,0,"1",2145,"D",130,"D",195,"D",520,"D",0,"D",.,"A",.,"A",2015,"D",0,"D",.,"A",.,"A",.,"A",.,"A"
"20161","03342301",30,0,"1",910,"D",65,"D",.,"A",0,"D",0,"D",.,"A",.,"A",845,"D",0,"D",.,"A",.,"A",.,"A",.,"A"
"20161","03342321",37,0,"1",2275,"D",650,"D",.,"A",260,"D",0,"D",.,"A",195,"D",1625,"D",9,"D",.,"A",.,"A",.,"A",.,"A"
"20161","03342331",34,0,"1",1300,"D",325,"D",.,"A",390,"D",0,"D",.,"A",50,"D",975,"D",0,"D",.,"A",.,"A",.,"A",.,"A"
"20161","03342371",34,0,"1",1950,"D",0,"D",.,"A",650,"D",0,"D",.,"A",.,"A",1950,"D",0,"D",20,"D",260,"D",.,"A",.,"A"
"20161","03342391",12,0,"1",0,"D",.,"A",.,"A",520,"D",6,"D",.,"A",.,"A",0,"D",6,"D",48,"D",624,"D",.,"A",.,"A"
"20161","03342411",18,0,"1",1300,"D",91,"D",.,"A",195,"D",0,"D",.,"A",.,"A",1209,"D",0,"D",.,"A",.,"A",.,"A",.,"A"
"20161","03342421",28,0,"1",325,"D",203,"F",91,"D",0,"D",0,"D",.,"A",.,"A",708,"F",0,"D",.,"A",.,"A",.,"A",.,"A"
"20161","03342441",16,0,"1",3250,"D",650,"D",.,"A",520,"D",60,"D",.,"A",.,"A",2600,"D",60,"D",.,"A",.,"A",.,"A",.,"A"
"20161","03342451",27,0,"1",1300,"D",325,"D",.,"A",520,"D",60,"D",.,"A",.,"A",975,"D",90,"D",.,"A",.,"A",.,"A",.,"A"
"20161","03342461",17,0,"1",0,"D",.,"A",52,"D",0,"D",0,"D",.,"A",.,"A",0,"D",0,"D",4,"D",52,"D",.,"A",.,"A"
"20161","03342481",22,0,"1",1950,"D",130,"D",.,"A",975,"D",6,"D",.,"A",142,"F",1820,"D",6,"D",.,"A",.,"A",.,"A",.,"A"
"20161","03342491",34,0,"1",1300,"D",260,"D",.,"A",520,"D",0,"D",.,"A",.,"A",1040,"D",0,"D",50,"D",650,"D",.,"A",.,"A"
"20161","03342501",27,0,"1",975,"D",130,"D",.,"A",260,"D",0,"D",.,"A",.,"A",845,"D",0,"D",.,"A",.,"A",.,"A",.,"A"
"20161","03342551",29,0,"1",2226,"F",.,"A",.,"A",857,"F",0,"D",.,"A",.,"A",1817,"F",0,"D",.,"A",.,"A",.,"A",.,"A"
"20161","03342561",25,0,"1",1300,"D",260,"D",.,"A",520,"D",0,"D",.,"A",240,"D",1040,"D",90,"D",.,"A",.,"A",.,"A",.,"A"
"20161","03342571",17,0,"1",975,"D",520,"D",.,"A",260,"D",0,"D",.,"A",.,"A",455,"D",0,"D",.,"A",.,"A",.,"A",.,"A"
"20161","03342591",32,0,"1",1300,"D",130,"D",1300,"D",260,"D",0,"D",.,"A",.,"A",1170,"D",0,"D",6,"D",78,"D",.,"A",.,"A"
"20161","03342611",47,0,"1",1950,"D",195,"D",.,"A",1300,"D",60,"D",.,"A",.,"A",1755,"D",24,"D",.,"A",.,"A",.,"A",.,"A"
"20161","03342671",20,0,"1",1300,"D",390,"D",.,"A",260,"D",0,"D",.,"A",.,"A",910,"D",0,"D",70,"D",910,"D",.,"A",.,"A"
"20161","03342681",9,0,"1",1300,"D",260,"D",.,"A",0,"D",0,"D",.,"A",.,"A",1040,"D",60,"D",.,"A",.,"A",.,"A",.,"A"
"20161","03342691",27,0,"1",1950,"D",130,"D",.,"A",650,"D",0,"D",.,"A",.,"A",1820,"D",60,"D",.,"A",.,"A",.,"A",.,"A"
"20161","03342701",29,0,"1",650,"D",130,"D",130,"D",130,"D",30,"D",.,"A",.,"A",520,"D",60,"D",6,"D",78,"D",.,"A",.,"A"
"20161","03342711",21,0,"1",1300,"D",390,"D",.,"A",0,"D",0,"D",.,"A",.,"A",910,"D",0,"D",.,"A",.,"A",.,"A",.,"A"
"20161","03342721",17,0,"1",1950,"D",0,"D",.,"A",0,"D",0,"D",.,"A",.,"A",1950,"D",0,"D",.,"A",.,"A",.,"A",.,"A"
"20161","03342744",14,0,"1",1300,"D",390,"D",.,"A",195,"D",0,"D",.,"A",.,"A",910,"D",0,"D",.,"A",.,"A",.,"A",.,"A"
"20161","03342751",13,0,"1",455,"D",185,"F",.,"A",0,"D",0,"D",.,"A",.,"A",674,"F",0,"D",.,"A",.,"A",.,"A",.,"A"
"20161","03342771",26,0,"1",910,"D",0,"D",.,"A",1040,"D",30,"D",.,"A",.,"A",910,"D",30,"D",.,"A",.,"A",.,"A",.,"A"
"20161","03342821",19,0,"1",1820,"D",260,"D",.,"A",780,"D",90,"D",.,"A",.,"A",1560,"D",180,"D",15,"D",195,"D",.,"A",.,"A"
"20161","03342833",13,0,"1",455,"D",39,"D",.,"A",65,"D",0,"D",.,"A",.,"A",416,"D",0,"D",.,"A",.,"A",.,"A",.,"A"
"20161","03342861",25,0,"1",780,"D",195,"D",.,"A",780,"D",60,"D",.,"A",.,"A",585,"D",0,"D",15,"D",195,"D",.,"A",.,"A"
"20161","03342871",23,0,"1",1950,"D",650,"D",260,"D",650,"D",90,"D",.,"A",.,"A",1300,"D",90,"D",25,"D",325,"D",.,"A",.,"A"
"20161","03342901",49,0,"1",1625,"D",0,"D",.,"A",0,"D",0,"D",.,"A",.,"A",1625,"D",0,"D",.,"A",.,"A",.,"A",.,"A"
"20161","03342911",16,0,"1",1300,"D",234,"D",.,"A",65,"D",0,"D",.,"A",.,"A",1066,"D",0,"D",.,"A",.,"A",.,"A",.,"A"
"20161","03342931",38,0,"1",1625,"D",0,"D",.,"A",0,"D",0,"D",.,"A",.,"A",1625,"D",0,"D",.,"A",.,"A",.,"A",.,"A"
"20161","03342951",20,0,"1",455,"D",65,"D",.,"A",130,"D",0,"D",.,"A",.,"A",390,"D",0,"D",.,"A",.,"A",.,"A",.,"A"
"20161","03342981",15,0,"1",520,"D",130,"D",.,"A",0,"D",0,"D",.,"A",.,"A",390,"D",0,"D",.,"A",.,"A",.,"A",.,"A"
"20161","03342991",11,0,"1",883,"F",.,"A",.,"A",534,"F",0,"D",.,"A",.,"A",721,"F",0,"D",.,"A",.,"A",.,"A",.,"A"
"20161","03343021",25,0,"1",975,"D",455,"D",.,"A",520,"D",0,"D",.,"A",.,"A",520,"D",0,"D",.,"A",.,"A",.,"A",.,"A"
"20161","03343031",7,0,"1",3250,"D",195,"D",.,"A",857,"F",144,"F",.,"A",.,"A",3055,"D",128,"F",.,"A",.,"A",.,"A",.,"A"
"20161","03343061",17,0,"1",4030,"D",650,"D",.,"A",780,"D",0,"D",.,"A",.,"A",3380,"D",0,"D",85,"D",1105,"D",.,"A",.,"A"
"20161","03343071",70,0,"1",2925,"D",299,"D",1950,"D",390,"D",0,"D",.,"A",.,"A",2626,"D",0,"D",.,"A",.,"A",.,"A",.,"A"
"20161","03343081",21,0,"1",1300,"D",65,"D",.,"A",91,"D",0,"D",.,"A",.,"A",1235,"D",0,"D",.,"A",.,"A",.,"A",.,"A"
"20161","03343091",36,0,"1",1105,"D",156,"D",.,"A",104,"D",0,"D",.,"A",.,"A",949,"D",0,"D",.,"A",.,"A",.,"A",.,"A"
"20161","03343101",31,0,"1",1950,"D",325,"D",.,"A",195,"D",0,"D",.,"A",.,"A",1625,"D",0,"D",.,"A",.,"A",.,"A",.,"A"
"20161","03343111",12,0,"1",1300,"D",0,"D",.,"A",780,"D",0,"D",.,"A",.,"A",1300,"D",0,"D",.,"A",.,"A",.,"A",.,"A"
"20161","03343151",37,0,"1",2275,"D",0,"D",910,"D",1560,"D",30,"D",.,"A",.,"A",2275,"D",120,"D",.,"A",.,"A",.,"A",.,"A"
"20161","03343161",24,0,"1",1625,"D",390,"D",.,"A",650,"D",0,"D",.,"A",.,"A",1235,"D",30,"D",.,"A",.,"A",.,"A",.,"A"
"20161","03343211",18,0,"1",520,"D",195,"D",.,"A",0,"D",0,"D",.,"A",.,"A",325,"D",0,"D",.,"A",.,"A",.,"A",.,"A"
"20161","03343231",63,0,"1",1625,"D",650,"D",.,"A",520,"D",0,"D",.,"A",.,"A",975,"D",0,"D",.,"A",.,"A",.,"A",.,"A"
"20161","03343251",47,0,"1",910,"D",260,"D",130,"D",650,"D",0,"D",.,"A",.,"A",650,"D",0,"D",.,"A",.,"A",.,"A",.,"A"
"20161","03343281",44,0,"1",1950,"D",260,"D",.,"A",650,"D",0,"D",.,"A",.,"A",1690,"D",150,"D",.,"A",.,"A",.,"A",.,"A"
"20161","03343292",60,0,"1",1144,"D",130,"D",.,"A",650,"D",60,"D",.,"A",.,"A",1014,"D",90,"D",.,"A",.,"A",.,"A",.,"A"
"20161","03343301",43,0,"1",1950,"D",390,"D",.,"A",1300,"D",75,"D",.,"A",.,"A",1560,"D",150,"D",.,"A",.,"A",.,"A",.,"A"
"20161","03343333",15,0,"1",650,"D",65,"D",.,"A",0,"D",0,"D",.,"A",.,"A",585,"D",0,"D",.,"A",.,"A",.,"A",.,"A"
"20161","03343341",27,0,"1",780,"D",0,"D",520,"D",338,"D",0,"D",.,"A",.,"A",780,"D",0,"D",.,"A",.,"A",.,"A",.,"A"
"20161","03343351",24,0,"1",1300,"D",260,"D",.,"A",0,"D",0,"D",.,"A",.,"A",1040,"D",60,"D",.,"A",.,"A",.,"A",.,"A"
"20161","03343381",28,0,"1",1040,"D",260,"D",.,"A",520,"D",0,"D",.,"A",.,"A",780,"D",0,"D",30,"D",390,"D",.,"A",.,"A"
"20161","03343391",26,0,"1",0,"D",.,"A",325,"D",130,"D",60,"D",.,"A",.,"A",0,"D",0,"D",.,"A",.,"A",.,"A",.,"A"
"20161","03343411",29,0,"1",247,"D",130,"D",.,"A",1300,"D",600,"D",.,"A",.,"A",117,"D",30,"D",.,"A",.,"A",.,"A",.,"A"
"20161","03343421",31,0,"1",1950,"D",260,"D",.,"A",0,"D",0,"D",.,"A",.,"A",1690,"D",0,"D",.,"A",.,"A",.,"A",.,"A"
"20161","03343451",40,0,"1",975,"D",325,"D",.,"A",650,"D",116,"F",.,"A",.,"A",650,"D",0,"D",.,"A",.,"A",.,"A",.,"A"
"20161","03343461",16,0,"1",780,"D",195,"D",.,"A",65,"D",0,"D",.,"A",.,"A",585,"D",0,"D",6,"D",78,"D",.,"A",.,"A"
"20161","03343501",27,0,"1",1560,"D",390,"D",.,"A",1300,"D",0,"D",.,"A",.,"A",1170,"D",120,"D",70,"D",910,"D",.,"A",.,"A"
"20161","03343511",32,0,"1",2600,"D",390,"D",.,"A",26,"D",627,"D",.,"A",.,"A",2210,"D",90,"D",.,"A",.,"A",.,"A",.,"A"
"20161","03343531",26,0,"1",3250,"D",650,"D",.,"A",1300,"D",0,"D",.,"A",.,"A",2600,"D",0,"D",.,"A",.,"A",.,"A",.,"A"
"20161","03343551",31,0,"1",1040,"D",520,"D",.,"A",325,"D",0,"D",.,"A",.,"A",520,"D",0,"D",.,"A",.,"A",.,"A",.,"A"
"20161","03343573",21,0,"1",260,"D",0,"D",.,"A",1950,"D",0,"D",.,"A",.,"A",260,"D",0,"D",.,"A",.,"A",.,"A",.,"A"
"20161","03343621",57,0,"1",1729,"D",429,"D",.,"A",1352,"D",0,"D",.,"A",.,"A",1300,"D",0,"D",.,"A",.,"A",.,"A",.,"A"
"20161","03343631",44,0,"1",2600,"D",650,"D",.,"A",520,"D",75,"D",.,"A",.,"A",1950,"D",30,"D",.,"A",.,"A",.,"A",.,"A"
"20161","03343691",43,0,"1",1300,"D",130,"D",.,"A",195,"D",45,"D",318,"F",.,"A",1170,"D",30,"D",.,"A",.,"A",.,"A",.,"A"
"20161","03343761",18,0,"1",260,"D",65,"D",.,"A",130,"D",30,"D",.,"A",.,"A",195,"D",0,"D",.,"A",.,"A",.,"A",.,"A"
"20161","03343771",43,0,"1",1820,"D",520,"D",.,"A",910,"D",0,"D",.,"A",.,"A",1300,"D",45,"D",.,"A",.,"A",.,"A",.,"A"
"20161","03343811",30,0,"1",650,"D",130,"D",.,"A",3900,"D",0,"D",.,"A",.,"A",520,"D",0,"D",.,"A",.,"A",.,"A",.,"A"
"20161","03343824",23,0,"1",2600,"D",325,"D",.,"A",260,"D",0,"D",.,"A",.,"A",2275,"D",0,"D",.,"A",.,"A",.,"A",.,"A"
"20161","03343831",13,0,"1",0,"D",.,"A",.,"A",0,"D",0,"D",.,"A",.,"A",0,"D",0,"D",.,"A",.,"A",.,"A",.,"A"
"20161","03343841",33,0,"1",1950,"D",325,"D",.,"A",130,"D",0,"D",.,"A",.,"A",1625,"D",90,"D",.,"A",.,"A",.,"A",.,"A"
"20161","03343851",33,0,"1",1300,"D",390,"D",.,"A",195,"D",0,"D",.,"A",.,"A",910,"D",0,"D",.,"A",.,"A",.,"A",.,"A"
"20161","03343861",17,0,"1",1170,"D",260,"D",.,"A",260,"D",0,"D",.,"A",.,"A",910,"D",0,"D",.,"A",.,"A",.,"A",.,"A"
"20161","03343871",19,0,"1",780,"D",65,"D",.,"A",91,"D",0,"D",.,"A",.,"A",715,"D",0,"D",.,"A",.,"A",.,"A",.,"A"
"20161","03343881",41,0,"1",1950,"D",390,"D",.,"A",520,"D",6,"D",.,"A",.,"A",1560,"D",6,"D",.,"A",.,"A",.,"A",.,"A"
"20161","03343891",8,0,"1",1105,"D",130,"D",.,"A",650,"D",0,"D",.,"A",.,"A",975,"D",0,"D",.,"A",.,"A",.,"A",.,"A"
"20161","03343901",34,0,"1",1040,"D",195,"D",.,"A",520,"D",120,"D",.,"A",.,"A",845,"D",240,"D",.,"A",.,"A",.,"A",.,"A"
"20161","03343911",8,0,"1",650,"D",192,"F",.,"A",534,"F",158,"F",.,"A",.,"A",721,"F",124,"F",.,"A",.,"A",.,"A",.,"A"
"20161","03343921",47,0,"1",1300,"D",455,"D",260,"D",65,"D",0,"D",.,"A",.,"A",845,"D",0,"D",.,"A",.,"A",.,"A",.,"A"
"20161","03343931",23,0,"1",1300,"D",520,"D",.,"A",650,"D",0,"D",.,"A",.,"A",780,"D",0,"D",.,"A",.,"A",.,"A",.,"A"
"20161","03343941",35,0,"1",0,"D",.,"A",.,"A",1300,"D",150,"D",.,"A",.,"A",0,"D",150,"D",.,"A",.,"A",.,"A",.,"A"
"20161","03343951",28,0,"1",2275,"D",585,"D",.,"A",0,"D",0,"D",.,"A",330,"D",1690,"D",0,"D",.,"A",.,"A",195,"D",15,"D"
"20161","03343991",18,0,"1",390,"D",26,"D",.,"A",0,"D",0,"D",.,"A",.,"A",364,"D",0,"D",.,"A",.,"A",.,"A",.,"A"
"20161","03344001",21,0,"1",1040,"D",390,"D",.,"A",0,"D",0,"D",.,"A",.,"A",650,"D",0,"D",.,"A",.,"A",.,"A",.,"A"
"20161","03344011",50,0,"1",975,"D",0,"D",325,"D",0,"D",60,"D",.,"A",.,"A",975,"D",90,"D",.,"A",.,"A",.,"A",.,"A"
"20161","03344031",25,0,"1",1950,"D",520,"D",.,"A",650,"D",0,"D",.,"A",.,"A",1430,"D",0,"D",.,"A",.,"A",.,"A",.,"A"
"20161","03344041",11,0,"1",910,"D",0,"D",.,"A",130,"D",0,"D",.,"A",.,"A",910,"D",60,"D",.,"A",.,"A",.,"A",.,"A"
"20161","03344081",40,0,"1",780,"D",65,"D",65,"D",650,"D",0,"D",.,"A",55,"D",715,"D",0,"D",.,"A",.,"A",.,"A",.,"A"
"20161","03344101",10,0,"1",520,"D",195,"D",.,"A",0,"D",0,"D",.,"A",.,"A",325,"D",0,"D",2,"D",26,"D",.,"A",.,"A"
"20161","03344121",10,0,"1",325,"D",0,"D",.,"A",0,"D",0,"D",.,"A",.,"A",325,"D",0,"D",.,"A",.,"A",.,"A",.,"A"
"20161","03344131",27,0,"1",3900,"D",975,"D",.,"A",260,"D",0,"D",.,"A",.,"A",2925,"D",0,"D",.,"A",.,"A",.,"A",.,"A"
"20161","03344151",28,0,"1",3575,"D",260,"D",.,"A",1300,"D",60,"D",.,"A",.,"A",3315,"D",75,"D",.,"A",.,"A",.,"A",.,"A"
"20161","03344161",33,0,"1",1950,"D",406,"F",.,"A",520,"D",0,"D",.,"A",.,"A",1649,"F",0,"D",.,"A",.,"A",.,"A",.,"A"
"20161","03344171",24,0,"1",2600,"D",0,"D",.,"A",650,"D",36,"D",.,"A",.,"A",2600,"D",36,"D",.,"A",.,"A",.,"A",.,"A"
"20161","03344183",39,0,"1",3900,"D",650,"D",.,"A",1625,"D",0,"D",.,"A",270,"F",3250,"D",0,"D",.,"A",.,"A",.,"A",.,"A"
"20161","03344201",21,0,"1",455,"D",130,"D",.,"A",1950,"D",0,"D",.,"A",.,"A",325,"D",0,"D",.,"A",.,"A",.,"A",.,"A"
"20161","03344221",34,0,"1",1950,"D",0,"D",.,"A",2600,"D",0,"D",.,"A",.,"A",1950,"D",0,"D",.,"A",.,"A",.,"A",.,"A"
"20161","03344261",91,0,"1",1885,"D",455,"D",.,"A",3900,"D",1200,"D",.,"A",.,"A",1430,"D",0,"D",35,"D",455,"D",.,"A",.,"A"
"20161","03344281",17,0,"1",1300,"D",260,"D",.,"A",325,"D",0,"D",.,"A",.,"A",1040,"D",0,"D",10,"D",130,"D",.,"A",.,"A"
"20161","03344301",23,0,"1",585,"D",65,"D",.,"A",325,"D",0,"D",.,"A",.,"A",520,"D",0,"D",.,"A",.,"A",.,"A",.,"A"
"20161","03344311",43,0,"1",2600,"D",390,"D",.,"A",260,"D",0,"D",.,"A",150,"D",2210,"D",0,"D",20,"D",260,"D",.,"A",.,"A"
"20161","03344321",23,0,"1",1950,"D",130,"D",.,"A",1950,"D",0,"D",.,"A",.,"A",1820,"D",0,"D",.,"A",.,"A",.,"A",.,"A"
"20161","03344331",31,0,"1",975,"D",65,"D",.,"A",0,"D",0,"D",.,"A",.,"A",910,"D",0,"D",.,"A",.,"A",.,"A",.,"A"
"20161","03344341",69,0,"1",1300,"D",429,"D",260,"D",390,"D",225,"D",.,"A",.,"A",871,"D",300,"D",.,"A",.,"A",.,"A",.,"A"
"20161","03344371",46,0,"1",1040,"D",390,"D",325,"D",0,"D",0,"D",.,"A",.,"A",650,"D",0,"D",.,"A",.,"A",.,"A",.,"A"
"20161","03344401",18,0,"1",2600,"D",520,"D",.,"A",0,"D",0,"D",.,"A",120,"D",2080,"D",0,"D",20,"D",260,"D",.,"A",.,"A"
"20161","03344411",17,0,"1",1950,"D",325,"D",.,"A",0,"D",30,"D",.,"A",.,"A",1625,"D",75,"D",.,"A",.,"A",.,"A",.,"A"
"20161","03344421",36,0,"1",1625,"D",0,"D",.,"A",650,"D",0,"D",.,"A",325,"D",1625,"D",0,"D",105,"D",1365,"D",.,"A",.,"A"
"20161","03344451",22,0,"1",494,"D",0,"D",325,"D",130,"D",0,"D",.,"A",.,"A",494,"D",0,"D",6,"D",78,"D",.,"A",.,"A"
"20161","03344461",24,0,"1",1300,"D",0,"D",.,"A",260,"D",0,"D",.,"A",.,"A",1300,"D",45,"D",15,"D",195,"D",.,"A",.,"A"
"20161","03344481",14,0,"1",780,"D",130,"D",.,"A",390,"D",0,"D",.,"A",.,"A",650,"D",60,"D",12,"D",156,"D",.,"A",.,"A"
"20161","03344503",15,0,"1",1300,"D",260,"D",520,"D",780,"D",30,"D",.,"A",.,"A",1040,"D",120,"D",.,"A",.,"A",.,"A",.,"A"
"20161","03344511",13,0,"1",65,"D",0,"D",26,"D",650,"D",0,"D",.,"A",.,"A",65,"D",9,"D",.,"A",.,"A",.,"A",.,"A"
"20161","03344561",38,0,"1",1950,"D",650,"D",130,"D",650,"D",300,"D",.,"A",.,"A",1300,"D",300,"D",25,"D",325,"D",.,"A",.,"A"
"20161","03344571",51,0,"1",2600,"D",0,"D",104,"D",390,"D",0,"D",.,"A",.,"A",2600,"D",150,"D",.,"A",.,"A",.,"A",.,"A"
"20161","03344621",34,0,"1",2600,"D",910,"D",.,"A",325,"D",0,"D",.,"A",.,"A",1690,"D",0,"D",.,"A",.,"A",.,"A",.,"A"
"20161","03344631",32,0,"1",1300,"D",390,"D",.,"A",650,"D",0,"D",.,"A",.,"A",910,"D",0,"D",.,"A",.,"A",.,"A",.,"A"
"20161","03344641",43,0,"1",1820,"D",520,"D",.,"A",1040,"D",0,"D",.,"A",.,"A",1300,"D",0,"D",.,"A",.,"A",.,"A",.,"A"
"20161","03344651",34,0,"1",1300,"D",325,"D",.,"A",390,"D",120,"D",.,"A",.,"A",975,"D",240,"D",.,"A",.,"A",.,"A",.,"A"
"20161","03344661",13,0,"1",1040,"D",195,"D",.,"A",650,"D",0,"D",.,"A",.,"A",845,"D",0,"D",.,"A",.,"A",.,"A",.,"A"
"20161","03344671",35,0,"1",1950,"D",390,"D",.,"A",650,"D",0,"D",.,"A",.,"A",1560,"D",300,"D",.,"A",.,"A",.,"A",.,"A"
"20161","03344681",25,0,"1",975,"D",0,"D",.,"A",130,"D",75,"D",.,"A",163,"D",975,"D",0,"D",15,"D",195,"D",.,"A",.,"A"
"20161","03344711",30,0,"1",1300,"D",520,"D",.,"A",3250,"D",60,"D",130,"D",255,"D",780,"D",210,"D",45,"D",585,"D",260,"D",20,"D"
"20161","03344741",28,0,"1",1300,"D",0,"D",.,"A",260,"D",0,"D",.,"A",.,"A",1300,"D",0,"D",.,"A",.,"A",.,"A",.,"A"
"20161","03344751",22,0,"1",1560,"D",260,"D",520,"D",650,"D",300,"D",.,"A",.,"A",1300,"D",0,"D",.,"A",.,"A",.,"A",.,"A"
"20161","03344773",9,0,"1",975,"D",0,"D",.,"A",910,"D",0,"D",.,"A",.,"A",975,"D",0,"D",.,"A",.,"A",.,"A",.,"A"
"20161","03344801",22,0,"1",2990,"D",780,"D",.,"A",390,"D",0,"D",.,"A",.,"A",2210,"D",180,"D",50,"D",650,"D",.,"A",.,"A"
"20161","03344811",7,0,"1",0,"D",.,"A",.,"A",0,"D",0,"D",.,"A",.,"A",0,"D",0,"D",.,"A",.,"A",.,"A",.,"A"
"20161","03344834",11,0,"1",1300,"D",1300,"D",.,"A",390,"D",75,"D",.,"A",.,"A",0,"D",0,"D",.,"A",.,"A",.,"A",.,"A"
"20161","03344841",17,0,"1",1300,"D",0,"D",.,"A",0,"D",0,"D",.,"A",12,"D",1300,"D",0,"D",.,"A",.,"A",.,"A",.,"A"
"20161","03344861",50,0,"1",1300,"D",260,"D",260,"D",1300,"D",120,"D",.,"A",.,"A",1040,"D",60,"D",.,"A",.,"A",.,"A",.,"A"
"20161","03344881",45,0,"1",1950,"D",325,"D",195,"D",325,"D",0,"D",.,"A",.,"A",1625,"D",0,"D",.,"A",.,"A",.,"A",.,"A"
"20161","03344901",20,0,"1",2600,"D",650,"D",.,"A",0,"D",0,"D",.,"A",.,"A",1950,"D",0,"D",.,"A",.,"A",.,"A",.,"A"
"20161","03344931",71,0,"1",2600,"D",650,"D",195,"D",520,"D",90,"D",.,"A",210,"D",1950,"D",60,"D",40,"D",520,"D",.,"A",.,"A"
"20161","03344951",9,0,"1",650,"D",260,"D",.,"A",0,"D",0,"D",.,"A",.,"A",390,"D",0,"D",.,"A",.,"A",.,"A",.,"A"
"20161","03344971",21,0,"1",1040,"D",195,"D",.,"A",0,"D",0,"D",.,"A",.,"A",845,"D",0,"D",.,"A",.,"A",.,"A",.,"A"
"20161","03345021",25,0,"1",2226,"F",.,"A",.,"A",857,"F",0,"D",.,"A",.,"A",1817,"F",0,"D",.,"A",.,"A",.,"A",.,"A"
"20161","03345041",17,0,"1",390,"D",65,"D",.,"A",0,"D",0,"D",.,"A",.,"A",325,"D",120,"D",.,"A",.,"A",.,"A",.,"A"
"20161","03345051",22,0,"1",1300,"D",260,"D",325,"D",650,"D",360,"D",.,"A",.,"A",1040,"D",120,"D",.,"A",.,"A",.,"A",.,"A"
"20161","03345061",18,0,"1",260,"D",65,"D",.,"A",0,"D",0,"D",.,"A",.,"A",195,"D",0,"D",.,"A",.,"A",.,"A",.,"A"
"20161","03345091",42,0,"1",1300,"D",325,"D",.,"A",1040,"D",75,"D",.,"A",.,"A",975,"D",90,"D",.,"A",.,"A",.,"A",.,"A"
"20161","03345101",23,0,"1",1300,"D",0,"D",.,"A",390,"D",150,"D",.,"A",.,"A",1300,"D",360,"D",.,"A",.,"A",.,"A",.,"A"
"20161","03345121",28,0,"1",3900,"D",260,"D",.,"A",2600,"D",0,"D",.,"A",.,"A",3640,"D",0,"D",50,"D",650,"D",.,"A",.,"A"
"20161","03345134",13,0,"1",883,"F",.,"A",.,"A",534,"F",0,"D",.,"A",.,"A",721,"F",0,"D",.,"A",.,"A",.,"A",.,"A"
"20161","03345141",37,0,"1",1300,"D",228,"F",.,"A",130,"D",0,"D",.,"A",.,"A",750,"F",0,"D",.,"A",.,"A",.,"A",.,"A"
"20161","03345161",30,0,"1",1040,"D",0,"D",.,"A",0,"D",0,"D",.,"A",.,"A",1040,"D",0,"D",.,"A",.,"A",.,"A",.,"A"
"20161","03345191",29,0,"1",2600,"D",0,"D",.,"A",390,"D",0,"D",.,"A",300,"D",2600,"D",0,"D",.,"A",.,"A",.,"A",.,"A"
"20161","03345201",11,0,"1",1300,"D",91,"D",.,"A",0,"D",0,"D",.,"A",.,"A",1209,"D",0,"D",7,"D",91,"D",.,"A",.,"A"
"20161","03345211",18,0,"1",1040,"D",130,"D",.,"A",0,"D",0,"D",.,"A",.,"A",910,"D",0,"D",40,"D",520,"D",260,"D",20,"D"
"20161","03345221",103,0,"1",1300,"D",130,"D",585,"D",975,"D",45,"D",.,"A",.,"A",1170,"D",0,"D",.,"A",.,"A",.,"A",.,"A"
"20161","03345231",29,0,"1",2600,"D",0,"D",.,"A",130,"D",0,"D",.,"A",.,"A",2600,"D",0,"D",.,"A",.,"A",.,"A",.,"A"
"20161","03345251",13,0,"1",1950,"D",130,"D",.,"A",0,"D",6,"D",.,"A",.,"A",1820,"D",6,"D",.,"A",.,"A",.,"A",.,"A"
"20161","03345261",29,0,"1",650,"D",195,"D",.,"A",1170,"D",9,"D",.,"A",.,"A",455,"D",75,"D",.,"A",.,"A",.,"A",.,"A"
"20161","03345301",18,0,"1",1300,"D",195,"D",.,"A",0,"D",0,"D",.,"A",.,"A",1105,"D",0,"D",15,"D",195,"D",.,"A",.,"A"
"20161","03345311",22,0,"1",520,"D",130,"D",.,"A",130,"D",0,"D",.,"A",.,"A",390,"D",0,"D",.,"A",.,"A",.,"A",.,"A"
"20161","03345331",11,0,"1",1645,"F",.,"A",.,"A",818,"F",134,"F",.,"A",.,"A",1330,"F",130,"F",.,"A",.,"A",.,"A",.,"A"
"20161","03345351",35,0,"1",1560,"D",260,"D",.,"A",1300,"D",0,"D",.,"A",.,"A",1300,"D",0,"D",.,"A",.,"A",.,"A",.,"A"
"20161","03345411",42,0,"1",1300,"D",130,"D",.,"A",1040,"D",45,"D",.,"A",.,"A",1170,"D",120,"D",.,"A",.,"A",.,"A",.,"A"
"20161","03345421",32,0,"1",1950,"D",390,"D",.,"A",455,"D",0,"D",.,"A",.,"A",1560,"D",0,"D",.,"A",.,"A",.,"A",.,"A"
"20161","03345431",26,0,"1",1560,"D",260,"D",.,"A",390,"D",0,"D",.,"A",.,"A",1300,"D",60,"D",.,"A",.,"A",.,"A",.,"A"
"20161","03345444",23,0,"1",827,"F",.,"A",.,"A",780,"D",0,"D",.,"A",.,"A",674,"F",0,"D",.,"A",.,"A",.,"A",.,"A"
"20161","03345471",13,0,"1",1950,"D",975,"D",.,"A",0,"D",30,"D",.,"A",.,"A",975,"D",300,"D",70,"D",910,"D",.,"A",.,"A"
"20161","03345481",34,0,"1",2600,"D",325,"D",390,"D",325,"D",45,"D",.,"A",165,"D",2275,"D",75,"D",.,"A",.,"A",.,"A",.,"A"
"20161","03345491",19,0,"1",325,"D",0,"D",.,"A",0,"D",6,"D",.,"A",.,"A",325,"D",6,"D",.,"A",.,"A",.,"A",.,"A"
"20161","03345501",22,0,"1",715,"D",325,"D",.,"A",325,"D",0,"D",.,"A",.,"A",390,"D",0,"D",.,"A",.,"A",.,"A",.,"A"
"20161","03345531",41,0,"1",2600,"D",520,"D",.,"A",1560,"D",0,"D",.,"A",.,"A",2080,"D",120,"D",.,"A",.,"A",.,"A",.,"A"
"20161","03345581",16,0,"1",2600,"D",650,"D",.,"A",0,"D",0,"D",.,"A",.,"A",1950,"D",60,"D",.,"A",.,"A",.,"A",.,"A"
"20161","03345591",37,0,"1",1950,"D",0,"D",.,"A",650,"D",0,"D",.,"A",.,"A",1950,"D",45,"D",.,"A",.,"A",.,"A",.,"A"
"20161","03345611",60,0,"1",1235,"D",390,"D",260,"D",780,"D",75,"D",.,"A",.,"A",845,"D",75,"D",.,"A",.,"A",.,"A",.,"A"
"20161","03345641",17,0,"1",520,"D",0,"D",.,"A",0,"D",0,"D",.,"A",.,"A",520,"D",0,"D",16,"D",208,"D",.,"A",.,"A"
"20161","03345651",55,0,"1",1300,"D",260,"D",.,"A",0,"D",0,"D",.,"A",.,"A",1040,"D",60,"D",.,"A",.,"A",.,"A",.,"A"
"20161","03345671",24,0,"1",1300,"D",130,"D",.,"A",65,"D",0,"D",.,"A",.,"A",1170,"D",0,"D",.,"A",.,"A",.,"A",.,"A"
"20161","03345681",38,0,"1",1950,"D",390,"D",130,"D",910,"D",0,"D",.,"A",216,"D",1560,"D",90,"D",.,"A",.,"A",.,"A",.,"A"
"20161","03345691",8,0,"1",780,"D",130,"D",195,"D",390,"D",0,"D",.,"A",.,"A",650,"D",0,"D",.,"A",.,"A",.,"A",.,"A"
"20161","03345711",23,0,"1",1625,"D",325,"D",.,"A",390,"D",45,"D",.,"A",.,"A",1300,"D",90,"D",.,"A",.,"A",.,"A",.,"A"
"20161","03345731",73,0,"1",2600,"D",0,"D",.,"A",689,"D",0,"D",.,"A",.,"A",2600,"D",0,"D",.,"A",.,"A",39,"D",3,"D"
"20161","03345751",41,0,"1",1625,"D",325,"D",130,"D",260,"D",107,"F",.,"A",.,"A",1300,"D",30,"D",125,"D",1625,"D",.,"A",.,"A"
"20161","03345771",34,0,"1",1300,"D",260,"D",325,"D",3640,"D",0,"D",.,"A",.,"A",1040,"D",0,"D",.,"A",.,"A",.,"A",.,"A"
"20161","03345781",22,0,"1",1300,"D",130,"D",.,"A",260,"D",0,"D",.,"A",.,"A",1170,"D",30,"D",20,"D",260,"D",.,"A",.,"A"
"20161","03345791",19,0,"1",2600,"D",325,"D",.,"A",1300,"D",0,"D",.,"A",.,"A",2275,"D",0,"D",.,"A",.,"A",.,"A",.,"A"
"20161","03345801",21,0,"1",1950,"D",975,"D",195,"D",585,"D",0,"D",.,"A",.,"A",975,"D",0,"D",20,"D",260,"D",.,"A",.,"A"
"20161","03345821",10,0,"1",650,"D",130,"D",.,"A",650,"D",0,"D",.,"A",.,"A",520,"D",240,"D",50,"D",650,"D",.,"A",.,"A"
"20161","03345831",33,0,"1",3900,"D",1300,"D",.,"A",1950,"D",150,"D",.,"A",.,"A",2600,"D",750,"D",.,"A",.,"A",.,"A",.,"A"
"20161","03345861",20,0,"1",2600,"D",195,"D",.,"A",2600,"D",0,"D",.,"A",.,"A",2405,"D",0,"D",.,"A",.,"A",.,"A",.,"A"
"20161","03345901",17,0,"1",1625,"D",325,"D",260,"D",650,"D",0,"D",.,"A",324,"D",1300,"D",0,"D",.,"A",.,"A",.,"A",.,"A"
"20161","03345911",14,0,"1",650,"D",195,"D",390,"D",650,"D",90,"D",.,"A",.,"A",455,"D",150,"D",.,"A",.,"A",.,"A",.,"A"
"20161","03345931",29,0,"1",1560,"D",585,"D",.,"A",1300,"D",180,"D",.,"A",120,"D",975,"D",75,"D",8,"D",104,"D",.,"A",.,"A"
"20161","03345941",23,0,"1",650,"D",130,"D",.,"A",650,"D",0,"D",.,"A",.,"A",520,"D",0,"D",.,"A",.,"A",.,"A",.,"A"
"20161","03345961",21,0,"1",1560,"D",130,"D",.,"A",520,"D",210,"D",.,"A",.,"A",1430,"D",60,"D",.,"A",.,"A",.,"A",.,"A"
"20161","03346001",25,0,"1",650,"D",195,"D",.,"A",1560,"D",0,"D",.,"A",.,"A",455,"D",0,"D",.,"A",.,"A",.,"A",.,"A"
"20161","03346011",76,0,"1",2080,"D",260,"D",.,"A",195,"D",6,"D",.,"A",.,"A",1820,"D",6,"D",.,"A",.,"A",.,"A",.,"A"
"20161","03346021",31,0,"1",1950,"D",260,"D",.,"A",0,"D",0,"D",.,"A",.,"A",1690,"D",0,"D",.,"A",.,"A",.,"A",.,"A"
"20161","03346061",24,0,"1",260,"D",0,"D",.,"A",195,"D",0,"D",.,"A",.,"A",260,"D",0,"D",.,"A",.,"A",.,"A",.,"A"
"20161","03346071",75,0,"1",1950,"D",130,"D",.,"A",650,"D",180,"D",.,"A",42,"D",1820,"D",30,"D",.,"A",.,"A",65,"D",5,"D"
"20161","03346081",39,0,"1",650,"D",195,"D",.,"A",195,"D",120,"D",.,"A",.,"A",455,"D",180,"D",.,"A",.,"A",.,"A",.,"A"
"20161","03346091",38,0,"1",975,"D",130,"D",260,"D",39,"D",0,"D",.,"A",.,"A",845,"D",0,"D",.,"A",.,"A",.,"A",.,"A"
"20161","03346101",11,0,"1",260,"D",0,"D",.,"A",0,"D",0,"D",.,"A",.,"A",260,"D",0,"D",.,"A",.,"A",.,"A",.,"A"
"20161","03346114",28,0,"1",845,"D",78,"D",.,"A",130,"D",0,"D",.,"A",.,"A",767,"D",120,"D",.,"A",.,"A",.,"A",.,"A"
"20161","03346161",29,0,"1",650,"D",130,"D",.,"A",260,"D",0,"D",.,"A",.,"A",520,"D",0,"D",.,"A",.,"A",.,"A",.,"A"
"20161","03346201",24,0,"1",1300,"D",260,"D",325,"D",0,"D",0,"D",.,"A",300,"D",1040,"D",0,"D",.,"A",.,"A",.,"A",.,"A"
"20161","03346221",21,0,"1",1820,"D",65,"D",.,"A",1950,"D",0,"D",.,"A",.,"A",1755,"D",0,"D",.,"A",.,"A",.,"A",.,"A"
"20161","03346241",37,0,"1",1300,"D",130,"D",.,"A",0,"D",0,"D",.,"A",.,"A",1170,"D",0,"D",30,"D",390,"D",.,"A",.,"A"
"20161","03346261",11,0,"1",689,"D",130,"D",.,"A",104,"D",0,"D",.,"A",.,"A",559,"D",0,"D",.,"A",.,"A",.,"A",.,"A"
"20161","03346281",52,0,"1",2600,"D",260,"D",.,"A",650,"D",120,"D",.,"A",50,"D",2340,"D",300,"D",.,"A",.,"A",.,"A",.,"A"
"20161","03346292",37,0,"1",520,"D",195,"D",39,"D",195,"D",0,"D",.,"A",.,"A",325,"D",0,"D",.,"A",.,"A",.,"A",.,"A"
"20161","03346311",23,0,"1",2600,"D",650,"D",.,"A",325,"D",0,"D",.,"A",.,"A",1950,"D",0,"D",.,"A",.,"A",.,"A",.,"A"
"20161","03346351",16,0,"1",650,"D",65,"D",.,"A",260,"D",0,"D",.,"A",.,"A",585,"D",0,"D",.,"A",.,"A",.,"A",.,"A"
"20161","03346361",28,0,"1",1625,"D",130,"D",.,"A",260,"D",150,"D",.,"A",.,"A",1495,"D",12,"D",40,"D",520,"D",.,"A",.,"A"
"20161","03346371",13,0,"1",1300,"D",325,"D",.,"A",650,"D",158,"F",.,"A",.,"A",975,"D",124,"F",.,"A",.,"A",.,"A",.,"A"
"20161","03346401",21,0,"1",1560,"D",390,"D",.,"A",0,"D",0,"D",.,"A",.,"A",1170,"D",105,"D",.,"A",.,"A",.,"A",.,"A"
"20161","03346421",34,0,"1",1300,"D",390,"D",195,"D",260,"D",30,"D",.,"A",.,"A",910,"D",60,"D",.,"A",.,"A",.,"A",.,"A"
"20161","03346431",7,0,"1",1950,"D",336,"F",.,"A",648,"F",144,"F",.,"A",.,"A",1569,"F",183,"F",.,"A",.,"A",.,"A",.,"A"
"20161","03346452",28,0,"1",1170,"D",650,"D",130,"D",1950,"D",600,"D",.,"A",.,"A",520,"D",300,"D",.,"A",.,"A",.,"A",.,"A"
"20161","03346471",20,0,"1",455,"D",228,"F",.,"A",520,"D",0,"D",.,"A",.,"A",750,"F",0,"D",.,"A",.,"A",.,"A",.,"A"
"20161","03346491",16,0,"1",650,"D",130,"D",.,"A",0,"D",0,"D",.,"A",.,"A",520,"D",0,"D",10,"D",130,"D",130,"D",10,"D"
"20161","03346501",24,0,"1",1560,"D",325,"D",.,"A",715,"D",0,"D",.,"A",.,"A",1235,"D",0,"D",30,"D",390,"D",.,"A",.,"A"
"20161","03346512",14,0,"1",1950,"D",520,"D",260,"D",130,"D",0,"D",.,"A",.,"A",1430,"D",0,"D",40,"D",520,"D",.,"A",.,"A"
"20161","03346521",58,0,"1",1950,"D",65,"D",.,"A",910,"D",0,"D",.,"A",.,"A",1885,"D",30,"D",15,"D",195,"D",.,"A",.,"A"
"20161","03346551",21,0,"1",975,"D",390,"D",.,"A",0,"D",0,"D",.,"A",.,"A",585,"D",0,"D",.,"A",.,"A",.,"A",.,"A"
"20161","03346571",33,0,"1",2600,"D",401,"F",.,"A",650,"D",0,"D",.,"A",.,"A",1478,"F",150,"D",.,"A",.,"A",.,"A",.,"A"
"20161","03346581",13,0,"1",1690,"D",221,"D",.,"A",1443,"D",0,"D",.,"A",.,"A",1469,"D",0,"D",.,"A",.,"A",.,"A",.,"A"
"20161","03346591",26,0,"1",1300,"D",0,"D",260,"D",390,"D",120,"D",.,"A",.,"A",1300,"D",150,"D",100,"D",1300,"D",65,"D",5,"D"
"20161","03346601",16,0,"1",325,"D",65,"D",65,"D",65,"D",0,"D",.,"A",.,"A",260,"D",0,"D",.,"A",.,"A",.,"A",.,"A"
"20161","03346611",16,0,"1",2600,"D",390,"D",.,"A",0,"D",0,"D",.,"A",.,"A",2210,"D",0,"D",.,"A",.,"A",.,"A",.,"A"
"20161","03346621",12,0,"1",1300,"D",65,"D",.,"A",0,"D",0,"D",.,"A",.,"A",1235,"D",0,"D",.,"A",.,"A",.,"A",.,"A"
"20161","03346631",13,0,"1",650,"D",260,"D",.,"A",3250,"D",0,"D",.,"A",.,"A",390,"D",0,"D",10,"D",130,"D",.,"A",.,"A"
"20161","03346641",11,0,"1",1625,"D",390,"D",.,"A",520,"D",0,"D",.,"A",.,"A",1235,"D",0,"D",.,"A",.,"A",.,"A",.,"A"
"20161","03346651",18,0,"1",2600,"D",975,"D",.,"A",1300,"D",0,"D",.,"A",.,"A",1625,"D",0,"D",.,"A",.,"A",.,"A",.,"A"
"20161","03346671",59,0,"1",1950,"D",390,"D",390,"D",1040,"D",60,"D",.,"A",240,"D",1560,"D",60,"D",.,"A",.,"A",.,"A",.,"A"
"20161","03346701",25,0,"1",650,"D",65,"D",.,"A",975,"D",0,"D",.,"A",.,"A",585,"D",0,"D",.,"A",.,"A",.,"A",.,"A"
"20161","03346721",21,0,"1",1300,"D",130,"D",.,"A",0,"D",0,"D",.,"A",.,"A",1170,"D",0,"D",.,"A",.,"A",.,"A",.,"A"
"20161","03346731",32,0,"1",260,"D",0,"D",91,"D",130,"D",0,"D",715,"D",.,"A",260,"D",0,"D",.,"A",.,"A",.,"A",.,"A"
"20161","03346744",25,0,"1",819,"D",312,"D",.,"A",260,"D",0,"D",.,"A",.,"A",507,"D",0,"D",.,"A",.,"A",.,"A",.,"A"
"20161","03346761",26,0,"1",1105,"D",65,"D",39,"D",130,"D",0,"D",.,"A",.,"A",1040,"D",0,"D",22,"D",286,"D",.,"A",.,"A"
"20161","03346781",32,0,"1",845,"D",0,"D",.,"A",260,"D",0,"D",.,"A",.,"A",845,"D",360,"D",50,"D",650,"D",65,"D",5,"D"
"20161","03346811",28,0,"1",2600,"D",650,"D",.,"A",0,"D",0,"D",.,"A",.,"A",1950,"D",0,"D",.,"A",.,"A",.,"A",.,"A"
"20161","03346831",10,0,"1",650,"D",0,"D",.,"A",0,"D",0,"D",.,"A",.,"A",650,"D",0,"D",.,"A",.,"A",.,"A",.,"A"
"20161","03346851",9,0,"1",975,"D",260,"D",.,"A",0,"D",0,"D",.,"A",.,"A",715,"D",0,"D",.,"A",.,"A",.,"A",.,"A"
"20161","03346861",55,0,"1",2600,"D",260,"D",.,"A",650,"D",84,"D",.,"A",.,"A",2340,"D",60,"D",.,"A",.,"A",.,"A",.,"A"
"20161","03346881",8,0,"1",520,"D",195,"D",.,"A",0,"D",0,"D",.,"A",.,"A",325,"D",36,"D",15,"D",195,"D",.,"A",.,"A"
"20161","03346891",20,0,"1",520,"D",130,"D",.,"A",0,"D",0,"D",.,"A",.,"A",390,"D",0,"D",.,"A",.,"A",.,"A",.,"A"
"20161","03346921",34,0,"1",1300,"D",260,"D",.,"A",650,"D",0,"D",.,"A",120,"D",1040,"D",0,"D",.,"A",.,"A",.,"A",.,"A"
"20161","03346931",21,0,"1",2600,"D",260,"D",.,"A",0,"D",0,"D",.,"A",.,"A",2340,"D",0,"D",.,"A",.,"A",.,"A",.,"A"
"20161","03346941",44,0,"1",3900,"D",0,"D",.,"A",325,"D",0,"D",.,"A",.,"A",3900,"D",0,"D",.,"A",.,"A",.,"A",.,"A"
"20161","03346961",50,0,"1",975,"D",195,"D",.,"A",1625,"D",300,"D",.,"A",.,"A",780,"D",120,"D",.,"A",.,"A",.,"A",.,"A"
"20161","03346971",14,0,"1",2226,"F",.,"A",.,"A",857,"F",144,"F",.,"A",.,"A",1817,"F",128,"F",.,"A",.,"A",.,"A",.,"A"
"20161","03346981",17,0,"1",3900,"D",390,"D",.,"A",260,"D",0,"D",.,"A",.,"A",3510,"D",0,"D",.,"A",.,"A",.,"A",.,"A"
"20161","03347011",18,0,"1",390,"D",65,"D",.,"A",325,"D",0,"D",.,"A",.,"A",325,"D",0,"D",.,"A",.,"A",.,"A",.,"A"
"20161","03347031",31,0,"1",2600,"D",260,"D",.,"A",390,"D",0,"D",.,"A",.,"A",2340,"D",240,"D",.,"A",.,"A",.,"A",.,"A"
"20161","03347041",18,0,"1",1300,"D",130,"D",.,"A",520,"D",0,"D",.,"A",.,"A",1170,"D",0,"D",.,"A",.,"A",.,"A",.,"A"
"20161","03347051",14,0,"1",1300,"D",1300,"D",.,"A",650,"D",0,"D",.,"A",.,"A",0,"D",0,"D",50,"D",650,"D",.,"A",.,"A"
"20161","03347061",25,0,"1",1300,"D",130,"D",.,"A",0,"D",0,"D",.,"A",.,"A",1170,"D",0,"D",.,"A",.,"A",.,"A",.,"A"
"20161","03347071",28,0,"1",1300,"D",260,"D",.,"A",390,"D",158,"F",.,"A",.,"A",1040,"D",124,"F",.,"A",.,"A",.,"A",.,"A"
"20161","03347091",23,0,"1",650,"D",130,"D",260,"D",325,"D",0,"D",.,"A",.,"A",520,"D",0,"D",.,"A",.,"A",.,"A",.,"A"
"20161","03347111",60,0,"1",3250,"D",910,"D",.,"A",1040,"D",30,"D",.,"A",210,"D",2340,"D",360,"D",.,"A",.,"A",.,"A",.,"A"
"20161","03347121",11,0,"1",1300,"D",260,"D",.,"A",260,"D",0,"D",.,"A",.,"A",1040,"D",0,"D",.,"A",.,"A",.,"A",.,"A"
"20161","03347131",28,0,"1",1170,"D",780,"D",.,"A",520,"D",0,"D",.,"A",.,"A",390,"D",0,"D",.,"A",.,"A",.,"A",.,"A"
"20161","03347141",55,0,"1",1040,"D",429,"D",.,"A",325,"D",0,"D",.,"A",.,"A",611,"D",60,"D",.,"A",.,"A",.,"A",.,"A"
"20161","03347151",87,0,"1",1625,"D",195,"D",.,"A",2600,"D",0,"D",.,"A",30,"D",1430,"D",0,"D",.,"A",.,"A",.,"A",.,"A"
"20161","03347191",27,0,"1",390,"D",39,"D",.,"A",1040,"D",60,"D",.,"A",.,"A",351,"D",60,"D",.,"A",.,"A",.,"A",.,"A"
"20161","03347231",18,0,"1",4160,"D",1040,"D",.,"A",650,"D",0,"D",.,"A",16,"D",3120,"D",6,"D",.,"A",.,"A",.,"A",.,"A"
"20161","03347241",25,0,"1",1040,"D",65,"D",.,"A",130,"D",30,"D",.,"A",.,"A",975,"D",0,"D",.,"A",.,"A",.,"A",.,"A"
"20161","03347261",18,0,"1",1300,"D",650,"D",.,"A",260,"D",60,"D",.,"A",.,"A",650,"D",150,"D",.,"A",.,"A",.,"A",.,"A"
"20161","03347271",46,0,"1",1950,"D",455,"D",104,"D",650,"D",0,"D",.,"A",.,"A",1495,"D",0,"D",.,"A",.,"A",.,"A",.,"A"
"20161","03347281",29,0,"1",1300,"D",260,"D",.,"A",2600,"D",0,"D",.,"A",.,"A",1040,"D",0,"D",.,"A",.,"A",.,"A",.,"A"
"20161","03347291",31,0,"1",780,"D",130,"D",.,"A",520,"D",0,"D",.,"A",.,"A",650,"D",60,"D",.,"A",.,"A",.,"A",.,"A"
"20161","03347301",13,0,"1",650,"D",26,"D",.,"A",0,"D",0,"D",.,"A",.,"A",624,"D",0,"D",.,"A",.,"A",.,"A",.,"A"
"20161","03347341",21,0,"1",1950,"D",390,"D",130,"D",650,"D",0,"D",.,"A",.,"A",1560,"D",300,"D",.,"A",.,"A",.,"A",.,"A"
"20161","03347351",20,0,"1",390,"D",26,"D",.,"A",0,"D",0,"D",.,"A",.,"A",364,"D",0,"D",.,"A",.,"A",.,"A",.,"A"
"20161","03347361",46,0,"1",455,"D",0,"D",.,"A",650,"D",90,"D",.,"A",.,"A",455,"D",30,"D",.,"A",.,"A",.,"A",.,"A"
"20161","03347384",20,0,"1",260,"D",0,"D",.,"A",0,"D",0,"D",.,"A",.,"A",260,"D",0,"D",.,"A",.,"A",.,"A",.,"A"
"20161","03347391",9,0,"1",6500,"D",1300,"D",.,"A",0,"D",0,"D",.,"A",.,"A",5200,"D",0,"D",.,"A",.,"A",.,"A",.,"A"
"20161","03347401",47,0,"1",1300,"D",260,"D",.,"A",585,"D",45,"D",.,"A",.,"A",1040,"D",30,"D",.,"A",.,"A",.,"A",.,"A"
"20161","03347421",20,0,"1",1235,"D",260,"D",.,"A",325,"D",60,"D",.,"A",.,"A",975,"D",0,"D",.,"A",.,"A",.,"A",.,"A"
"20161","03347451",19,0,"1",325,"D",0,"D",.,"A",130,"D",0,"D",.,"A",.,"A",325,"D",0,"D",.,"A",.,"A",.,"A",.,"A"
"20161","03347471",27,0,"1",1040,"D",130,"D",.,"A",650,"D",0,"D",53,"D",.,"A",910,"D",30,"D",.,"A",.,"A",.,"A",.,"A"
"20161","03347501",28,0,"1",650,"D",195,"D",.,"A",910,"D",0,"D",.,"A",.,"A",455,"D",0,"D",.,"A",.,"A",.,"A",.,"A"
"20161","03347571",22,0,"1",1560,"D",650,"D",.,"A",780,"D",90,"D",.,"A",.,"A",910,"D",0,"D",.,"A",.,"A",.,"A",.,"A"
"20161","03347583",26,0,"1",1560,"D",346,"F",.,"A",325,"D",0,"D",.,"A",.,"A",1615,"F",60,"D",.,"A",.,"A",.,"A",.,"A"
"20161","03347591",19,0,"1",325,"D",195,"D",.,"A",65,"D",0,"D",.,"A",.,"A",130,"D",0,"D",.,"A",.,"A",.,"A",.,"A"
"20161","03347631",48,0,"1",2600,"D",650,"D",.,"A",1300,"D",0,"D",.,"A",.,"A",1950,"D",30,"D",.,"A",.,"A",.,"A",.,"A"
"20161","03347641",40,0,"1",5135,"D",1235,"D",1300,"D",1300,"D",0,"D",264,"D",.,"A",3900,"D",0,"D",55,"D",715,"D",715,"D",55,"D"
"20161","03347661",20,0,"1",1950,"D",325,"D",.,"A",0,"D",0,"D",.,"A",.,"A",1625,"D",0,"D",16,"D",208,"D",.,"A",.,"A"
"20161","03347671",51,0,"1",2860,"D",1300,"D",975,"D",1300,"D",75,"D",.,"A",.,"A",1560,"D",750,"D",60,"D",780,"D",.,"A",.,"A"
"20161","03347681",10,0,"1",1950,"D",650,"D",.,"A",390,"D",0,"D",.,"A",.,"A",1300,"D",0,"D",30,"D",390,"D",.,"A",.,"A"
"20161","03347691",11,0,"1",780,"D",195,"D",.,"A",0,"D",0,"D",.,"A",.,"A",585,"D",0,"D",.,"A",.,"A",.,"A",.,"A"
"20161","03347701",31,0,"1",1625,"D",0,"D",.,"A",0,"D",0,"D",.,"A",.,"A",1625,"D",0,"D",68,"D",884,"D",.,"A",.,"A"
"20161","03347721",31,0,"1",780,"D",104,"D",.,"A",1300,"D",150,"D",.,"A",.,"A",676,"D",60,"D",.,"A",.,"A",.,"A",.,"A"
"20161","03347731",22,0,"1",1300,"D",104,"D",.,"A",0,"D",0,"D",.,"A",.,"A",1196,"D",0,"D",.,"A",.,"A",.,"A",.,"A"
"20161","03347753",28,0,"1",1300,"D",260,"D",.,"A",520,"D",0,"D",.,"A",.,"A",1040,"D",0,"D",.,"A",.,"A",.,"A",.,"A"
"20161","03347761",13,0,"1",1950,"D",260,"D",.,"A",0,"D",0,"D",.,"A",.,"A",1690,"D",0,"D",22,"D",286,"D",.,"A",.,"A"
"20161","03347801",23,0,"1",883,"F",.,"A",.,"A",534,"F",0,"D",.,"A",.,"A",721,"F",0,"D",.,"A",.,"A",.,"A",.,"A"
"20161","03347811",13,0,"1",3120,"D",650,"D",.,"A",0,"D",0,"D",.,"A",.,"A",2470,"D",0,"D",.,"A",.,"A",.,"A",.,"A"
"20161","03347821",31,0,"1",650,"D",65,"D",325,"D",130,"D",15,"D",.,"A",.,"A",585,"D",75,"D",.,"A",.,"A",.,"A",.,"A"
"20161","03347851",19,0,"1",780,"D",260,"D",.,"A",0,"D",0,"D",.,"A",.,"A",520,"D",0,"D",.,"A",.,"A",.,"A",.,"A"
"20161","03347881",21,0,"1",1560,"D",260,"D",65,"D",780,"D",180,"D",.,"A",.,"A",1300,"D",60,"D",11,"D",143,"D",.,"A",.,"A"
"20161","03347901",46,0,"1",2600,"D",390,"D",.,"A",650,"D",0,"D",.,"A",.,"A",2210,"D",0,"D",.,"A",.,"A",.,"A",.,"A"
"20161","03347921",71,0,"1",1950,"D",390,"D",.,"A",260,"D",120,"D",.,"A",.,"A",1560,"D",90,"D",.,"A",.,"A",.,"A",.,"A"
"20161","03347941",22,0,"1",1430,"D",325,"D",.,"A",0,"D",0,"D",.,"A",.,"A",1105,"D",0,"D",40,"D",520,"D",.,"A",.,"A"
"20161","03347961",37,0,"1",975,"D",195,"D",104,"D",130,"D",0,"D",.,"A",.,"A",780,"D",0,"D",.,"A",.,"A",.,"A",.,"A"
"20161","03347971",13,0,"1",780,"D",130,"D",.,"A",195,"D",0,"D",.,"A",.,"A",650,"D",0,"D",30,"D",390,"D",.,"A",.,"A"
"20161","03347991",40,0,"1",1391,"D",546,"D",.,"A",260,"D",0,"D",.,"A",.,"A",845,"D",480,"D",14,"D",182,"D",.,"A",.,"A"
"20161","03348001",52,0,"1",2600,"D",520,"D",195,"D",390,"D",15,"D",.,"A",120,"D",2080,"D",15,"D",.,"A",.,"A",325,"D",25,"D"
"20161","03348011",16,0,"1",780,"D",195,"D",.,"A",845,"D",0,"D",.,"A",.,"A",585,"D",0,"D",.,"A",.,"A",.,"A",.,"A"
"20161","03348031",11,0,"1",1040,"D",0,"D",.,"A",650,"D",0,"D",.,"A",.,"A",1040,"D",0,"D",80,"D",1040,"D",.,"A",.,"A"
"20161","03348044",14,0,"1",390,"D",130,"D",.,"A",390,"D",90,"D",.,"A",.,"A",260,"D",60,"D",.,"A",.,"A",.,"A",.,"A"
"20161","03348061",29,0,"1",1645,"F",.,"A",318,"F",818,"F",134,"F",.,"A",.,"A",1330,"F",130,"F",.,"A",.,"A",.,"A",.,"A"
"20161","03348083",17,0,"1",1040,"D",363,"F",317,"F",0,"D",67,"F",.,"A",.,"A",1325,"F",124,"F",.,"A",.,"A",78,"D",6,"D"
"20161","03348091",39,0,"1",2275,"D",975,"D",.,"A",390,"D",30,"D",.,"A",.,"A",1300,"D",150,"D",.,"A",.,"A",.,"A",.,"A"
"20161","03348111",26,0,"1",1040,"D",0,"D",260,"D",0,"D",0,"D",.,"A",.,"A",1040,"D",0,"D",25,"D",325,"D",.,"A",.,"A"
"20161","03348131",58,0,"1",3250,"D",650,"D",.,"A",1300,"D",90,"D",.,"A",.,"A",2600,"D",90,"D",120,"D",1560,"D",.,"A",.,"A"
"20161","03348161",13,0,"1",650,"D",104,"D",.,"A",0,"D",0,"D",.,"A",.,"A",546,"D",6,"D",.,"A",.,"A",.,"A",.,"A"
"20161","03348184",18,0,"1",1300,"D",520,"D",130,"D",260,"D",0,"D",.,"A",.,"A",780,"D",0,"D",12,"D",156,"D",.,"A",.,"A"
"20161","03348201",26,0,"1",650,"D",0,"D",.,"A",130,"D",300,"D",.,"A",.,"A",650,"D",0,"D",.,"A",.,"A",.,"A",.,"A"
"20161","03348221",20,0,"1",6500,"D",451,"F",.,"A",780,"D",0,"D",.,"A",.,"A",1755,"F",0,"D",.,"A",.,"A",.,"A",.,"A"
"20161","03348241",11,0,"1",455,"D",185,"F",.,"A",0,"D",0,"D",.,"A",.,"A",674,"F",0,"D",.,"A",.,"A",312,"D",24,"D"
"20161","03348261",24,0,"1",650,"D",325,"D",.,"A",390,"D",0,"D",.,"A",.,"A",325,"D",0,"D",.,"A",.,"A",.,"A",.,"A"
"20161","03348271",29,0,"1",1950,"D",260,"D",.,"A",1300,"D",0,"D",.,"A",.,"A",1690,"D",750,"D",.,"A",.,"A",.,"A",.,"A"
"20161","03348291",15,0,"1",2340,"D",520,"D",.,"A",650,"D",0,"D",.,"A",.,"A",1820,"D",0,"D",.,"A",.,"A",.,"A",.,"A"
"20161","03348301",23,0,"1",1560,"D",0,"D",910,"D",325,"D",75,"D",.,"A",.,"A",1560,"D",81,"D",126,"D",1638,"D",.,"A",.,"A"
"20161","03348341",34,0,"1",1300,"D",390,"D",.,"A",650,"D",30,"D",.,"A",.,"A",910,"D",60,"D",.,"A",.,"A",.,"A",.,"A"
"20161","03348351",19,0,"1",780,"D",0,"D",.,"A",0,"D",6,"D",.,"A",.,"A",780,"D",6,"D",.,"A",.,"A",.,"A",.,"A"
"20161","03348371",27,0,"1",975,"D",130,"D",.,"A",260,"D",0,"D",.,"A",.,"A",845,"D",0,"D",55,"D",715,"D",.,"A",.,"A"
"20161","03348381",27,0,"1",325,"D",52,"D",.,"A",650,"D",0,"D",.,"A",.,"A",273,"D",60,"D",.,"A",.,"A",.,"A",.,"A"
"20161","03348421",23,0,"1",1812,"F",.,"A",356,"F",0,"D",0,"D",.,"A",142,"F",1569,"F",0,"D",10,"D",130,"D",.,"A",.,"A"
"20161","03348451",35,0,"1",650,"D",65,"D",260,"D",260,"D",0,"D",.,"A",.,"A",585,"D",0,"D",.,"A",.,"A",.,"A",.,"A"
"20161","03348461",9,0,"1",1300,"D",260,"D",.,"A",0,"D",0,"D",.,"A",.,"A",1040,"D",0,"D",.,"A",.,"A",.,"A",.,"A"
"20161","03348491",27,0,"1",390,"D",91,"D",455,"D",455,"D",0,"D",.,"A",.,"A",299,"D",0,"D",.,"A",.,"A",.,"A",.,"A"
"20161","03348501",26,0,"1",1300,"D",325,"D",.,"A",390,"D",0,"D",.,"A",.,"A",975,"D",90,"D",40,"D",520,"D",.,"A",.,"A"
"20161","03348521",9,0,"1",1347,"F",.,"A",.,"A",0,"D",0,"D",.,"A",.,"A",1079,"F",0,"D",.,"A",.,"A",.,"A",.,"A"
"20161","03348531",18,0,"1",2275,"D",650,"D",.,"A",650,"D",60,"D",.,"A",.,"A",1625,"D",60,"D",.,"A",.,"A",.,"A",.,"A"
"20161","03348541",38,0,"1",1560,"D",650,"D",.,"A",0,"D",0,"D",.,"A",.,"A",910,"D",90,"D",.,"A",.,"A",.,"A",.,"A"
"20161","03348551",21,0,"1",780,"D",130,"D",.,"A",0,"D",0,"D",.,"A",.,"A",650,"D",0,"D",.,"A",.,"A",.,"A",.,"A"
"20161","03348571",22,0,"1",520,"D",130,"D",.,"A",2600,"D",0,"D",.,"A",.,"A",390,"D",0,"D",.,"A",.,"A",.,"A",.,"A"
"20161","03348591",26,0,"1",1300,"D",130,"D",.,"A",260,"D",0,"D",.,"A",.,"A",1170,"D",0,"D",.,"A",.,"A",.,"A",.,"A"
"20161","03348631",18,0,"1",1950,"D",390,"D",.,"A",1040,"D",0,"D",.,"A",.,"A",1560,"D",0,"D",.,"A",.,"A",.,"A",.,"A"
"20161","03348661",49,0,"1",3250,"D",650,"D",.,"A",1300,"D",60,"D",.,"A",150,"D",2600,"D",150,"D",.,"A",.,"A",325,"D",25,"D"
"20161","03348671",19,0,"1",1300,"D",130,"D",.,"A",650,"D",0,"D",.,"A",.,"A",1170,"D",45,"D",.,"A",.,"A",.,"A",.,"A"
"20161","03348681",20,0,"1",1625,"D",0,"D",.,"A",260,"D",30,"D",.,"A",.,"A",1625,"D",30,"D",.,"A",.,"A",.,"A",.,"A"
"20161","03348691",15,0,"1",3900,"D",1300,"D",.,"A",0,"D",0,"D",.,"A",.,"A",2600,"D",0,"D",20,"D",260,"D",.,"A",.,"A"
"20161","03348701",25,0,"1",650,"D",260,"D",.,"A",65,"D",0,"D",.,"A",120,"D",390,"D",45,"D",.,"A",.,"A",.,"A",.,"A"
"20161","03348721",21,0,"1",520,"D",130,"D",130,"D",0,"D",0,"D",.,"A",.,"A",390,"D",0,"D",.,"A",.,"A",.,"A",.,"A"
"20161","03348731",41,0,"1",650,"D",325,"D",.,"A",91,"D",0,"D",.,"A",.,"A",325,"D",0,"D",45,"D",585,"D",.,"A",.,"A"
"20161","03348781",12,0,"1",286,"D",26,"D",.,"A",195,"D",0,"D",.,"A",.,"A",260,"D",0,"D",.,"A",.,"A",.,"A",.,"A"
"20161","03348791",29,0,"1",1560,"D",520,"D",.,"A",520,"D",15,"D",130,"D",.,"A",1040,"D",0,"D",100,"D",1300,"D",.,"A",.,"A"
"20161","03348801",15,0,"1",260,"D",0,"D",.,"A",910,"D",0,"D",.,"A",.,"A",260,"D",0,"D",.,"A",.,"A",.,"A",.,"A"
"20161","03348811",23,0,"1",3900,"D",1300,"D",.,"A",0,"D",120,"D",.,"A",360,"D",2600,"D",120,"D",.,"A",.,"A",.,"A",.,"A"
"20161","03348821",19,0,"1",1300,"D",520,"D",.,"A",0,"D",0,"D",.,"A",.,"A",780,"D",0,"D",.,"A",.,"A",.,"A",.,"A"
"20161","03348871",44,0,"1",1950,"D",325,"D",650,"D",1950,"D",150,"D",.,"A",.,"A",1625,"D",450,"D",.,"A",.,"A",.,"A",.,"A"
"20161","03348891",21,0,"1",624,"D",234,"D",.,"A",0,"D",0,"D",.,"A",.,"A",390,"D",0,"D",.,"A",.,"A",.,"A",.,"A"
"20161","03348901",25,0,"1",845,"D",130,"D",.,"A",650,"D",180,"D",.,"A",.,"A",715,"D",225,"D",.,"A",.,"A",455,"D",35,"D"
"20161","03348941",13,0,"1",260,"D",39,"D",.,"A",2275,"D",0,"D",.,"A",.,"A",221,"D",0,"D",.,"A",.,"A",.,"A",.,"A"
"20161","03348951",49,0,"1",2600,"D",780,"D",390,"D",1300,"D",90,"D",.,"A",90,"D",1820,"D",180,"D",.,"A",.,"A",.,"A",.,"A"
"20161","03348981",13,0,"1",390,"D",156,"D",650,"D",910,"D",0,"D",.,"A",.,"A",234,"D",0,"D",.,"A",.,"A",.,"A",.,"A"
"20161","03348991",30,0,"1",2600,"D",1300,"D",.,"A",650,"D",0,"D",153,"D",.,"A",1300,"D",0,"D",.,"A",.,"A",.,"A",.,"A"
"20161","03349021",15,0,"1",1300,"D",195,"D",.,"A",390,"D",0,"D",.,"A",.,"A",1105,"D",0,"D",.,"A",.,"A",.,"A",.,"A"
"20161","03349031",38,0,"1",3250,"D",650,"D",.,"A",1300,"D",0,"D",.,"A",.,"A",2600,"D",90,"D",.,"A",.,"A",.,"A",.,"A"
"20161","03349051",20,0,"1",715,"D",130,"D",.,"A",195,"D",0,"D",.,"A",.,"A",585,"D",0,"D",.,"A",.,"A",.,"A",.,"A"
"20161","03349071",23,0,"1",1300,"D",130,"D",.,"A",0,"D",0,"D",.,"A",.,"A",1170,"D",0,"D",.,"A",.,"A",.,"A",.,"A"
"20161","03349081",43,0,"1",2600,"D",0,"D",.,"A",1040,"D",150,"D",.,"A",.,"A",2600,"D",600,"D",14,"D",182,"D",.,"A",.,"A"
"20161","03349091",30,0,"1",520,"D",65,"D",.,"A",325,"D",0,"D",.,"A",.,"A",455,"D",0,"D",.,"A",.,"A",.,"A",.,"A"
"20161","03349121",27,0,"1",1560,"D",260,"D",.,"A",325,"D",0,"D",.,"A",.,"A",1300,"D",0,"D",.,"A",.,"A",.,"A",.,"A"
"20161","03349141",32,0,"1",832,"D",52,"D",.,"A",520,"D",0,"D",.,"A",.,"A",780,"D",0,"D",.,"A",.,"A",.,"A",.,"A"
"20161","03349151",35,0,"1",1300,"D",195,"D",130,"D",130,"D",0,"D",.,"A",2,"D",1105,"D",0,"D",.,"A",.,"A",.,"A",.,"A"
"20161","03349171",21,0,"1",819,"D",203,"F",.,"A",130,"D",216,"D",.,"A",.,"A",708,"F",75,"D",.,"A",.,"A",.,"A",.,"A"
"20161","03349181",53,0,"1",1950,"D",325,"D",.,"A",3900,"D",1200,"D",.,"A",52,"D",1625,"D",450,"D",.,"A",.,"A",.,"A",.,"A"
"20161","03349211",26,0,"1",1950,"D",325,"D",.,"A",1300,"D",0,"D",.,"A",.,"A",1625,"D",0,"D",.,"A",.,"A",.,"A",.,"A"
"20161","03349241",31,0,"1",3900,"D",650,"D",.,"A",1300,"D",150,"D",.,"A",.,"A",3250,"D",150,"D",.,"A",.,"A",.,"A",.,"A"
"20161","03349251",22,0,"1",1105,"D",336,"F",.,"A",130,"D",0,"D",.,"A",.,"A",1569,"F",75,"D",.,"A",.,"A",.,"A",.,"A"
"20161","03349261",30,0,"1",3900,"D",585,"D",.,"A",0,"D",0,"D",.,"A",.,"A",3315,"D",0,"D",50,"D",650,"D",.,"A",.,"A"
"20161","03349281",122,0,"1",4550,"D",520,"D",260,"D",1131,"D",180,"D",.,"A",.,"A",4030,"D",300,"D",.,"A",.,"A",520,"D",40,"D"
"20161","03349291",32,0,"1",1105,"D",39,"D",.,"A",130,"D",36,"D",.,"A",.,"A",1066,"D",0,"D",.,"A",.,"A",.,"A",.,"A"
"20161","03349321",47,0,"1",3900,"D",1300,"D",.,"A",325,"D",45,"D",.,"A",.,"A",2600,"D",150,"D",.,"A",.,"A",.,"A",.,"A"
"20161","03349331",11,0,"1",1105,"D",130,"D",260,"D",390,"D",0,"D",.,"A",.,"A",975,"D",0,"D",.,"A",.,"A",.,"A",.,"A"
"20161","03349341",28,0,"1",3900,"D",650,"D",.,"A",1040,"D",0,"D",.,"A",.,"A",3250,"D",0,"D",.,"A",.,"A",.,"A",.,"A"
"20161","03349351",28,0,"1",1300,"D",65,"D",.,"A",390,"D",0,"D",.,"A",.,"A",1235,"D",60,"D",.,"A",.,"A",.,"A",.,"A"
"20161","03349381",19,0,"1",975,"D",325,"D",.,"A",195,"D",0,"D",.,"A",.,"A",650,"D",0,"D",.,"A",.,"A",.,"A",.,"A"
"20161","03349391",33,0,"1",1300,"D",260,"D",26,"D",390,"D",0,"D",.,"A",.,"A",1040,"D",90,"D",.,"A",.,"A",.,"A",.,"A"
"20161","03349401",56,0,"1",1040,"D",260,"D",.,"A",0,"D",0,"D",.,"A",.,"A",780,"D",0,"D",.,"A",.,"A",.,"A",.,"A"
"20161","03349411",16,0,"1",1300,"D",650,"D",650,"D",0,"D",0,"D",.,"A",.,"A",650,"D",150,"D",.,"A",.,"A",.,"A",.,"A"
"20161","03349421",29,0,"1",1950,"D",156,"D",.,"A",1040,"D",0,"D",.,"A",.,"A",1794,"D",0,"D",.,"A",.,"A",.,"A",.,"A"
"20161","03349431",61,0,"1",1300,"D",260,"D",.,"A",1300,"D",300,"D",.,"A",.,"A",1040,"D",450,"D",.,"A",.,"A",.,"A",.,"A"
"20161","03349461",18,0,"1",650,"D",65,"D",.,"A",65,"D",0,"D",.,"A",.,"A",585,"D",0,"D",.,"A",.,"A",.,"A",.,"A"
"20161","03349491",13,0,"1",1781,"D",390,"D",.,"A",0,"D",0,"D",.,"A",.,"A",1391,"D",0,"D",.,"A",.,"A",.,"A",.,"A"
"20161","03349501",21,0,"1",1300,"D",130,"D",.,"A",130,"D",0,"D",.,"A",.,"A",1170,"D",0,"D",.,"A",.,"A",.,"A",.,"A"
"20161","03349551",29,0,"1",2600,"D",455,"D",.,"A",455,"D",0,"D",.,"A",.,"A",2145,"D",600,"D",.,"A",.,"A",.,"A",.,"A"
"20161","03349591",10,0,"1",1950,"D",280,"F",.,"A",0,"D",0,"D",.,"A",.,"A",1051,"F",0,"D",.,"A",.,"A",.,"A",.,"A"
"20161","03349601",38,0,"1",1040,"D",130,"D",195,"D",325,"D",120,"D",.,"A",.,"A",910,"D",60,"D",.,"A",.,"A",.,"A",.,"A"
"20161","03349611",14,0,"1",1950,"D",585,"D",650,"D",780,"D",300,"D",.,"A",.,"A",1365,"D",600,"D",.,"A",.,"A",.,"A",.,"A"
"20161","03349631",20,0,"1",3250,"D",650,"D",.,"A",520,"D",0,"D",.,"A",.,"A",2600,"D",0,"D",.,"A",.,"A",.,"A",.,"A"
"20161","03349681",22,0,"1",1645,"F",.,"A",13,"D",65,"D",0,"D",.,"A",.,"A",1330,"F",0,"D",.,"A",.,"A",.,"A",.,"A"
"20161","03349691",12,0,"1",975,"D",262,"F",.,"A",528,"F",0,"D",.,"A",.,"A",834,"F",0,"D",.,"A",.,"A",.,"A",.,"A"
"20161","03349701",18,0,"1",1300,"D",650,"D",.,"A",65,"D",0,"D",.,"A",.,"A",650,"D",75,"D",.,"A",.,"A",.,"A",.,"A"
"20161","03349711",21,0,"1",1755,"D",455,"D",.,"A",0,"D",0,"D",.,"A",150,"D",1300,"D",0,"D",.,"A",.,"A",.,"A",.,"A"
"20161","03349721",19,0,"1",715,"D",0,"D",.,"A",780,"D",0,"D",.,"A",.,"A",715,"D",0,"D",.,"A",.,"A",.,"A",.,"A"
"20161","03349771",14,0,"1",2080,"D",455,"D",.,"A",0,"D",0,"D",.,"A",.,"A",1625,"D",0,"D",.,"A",.,"A",.,"A",.,"A"
"20161","03349791",30,0,"1",1300,"D",325,"D",260,"D",260,"D",30,"D",.,"A",.,"A",975,"D",60,"D",.,"A",.,"A",.,"A",.,"A"
"20161","03349811",9,0,"1",520,"D",26,"D",.,"A",65,"D",0,"D",.,"A",.,"A",494,"D",0,"D",6,"D",78,"D",.,"A",.,"A"
"20161","03349821",26,0,"1",1300,"D",260,"D",.,"A",325,"D",60,"D",.,"A",.,"A",1040,"D",60,"D",.,"A",.,"A",.,"A",.,"A"
"20161","03349831",19,0,"1",2600,"D",390,"D",.,"A",1300,"D",0,"D",.,"A",.,"A",2210,"D",0,"D",.,"A",.,"A",.,"A",.,"A"
"20161","03349854",11,0,"1",455,"D",65,"D",260,"D",195,"D",0,"D",.,"A",.,"A",390,"D",0,"D",.,"A",.,"A",.,"A",.,"A"
"20161","03349861",12,0,"1",130,"D",39,"D",.,"A",260,"D",6,"D",.,"A",.,"A",91,"D",6,"D",.,"A",.,"A",.,"A",.,"A"
"20161","03349871",21,0,"1",1625,"D",0,"D",.,"A",1300,"D",0,"D",.,"A",.,"A",1625,"D",150,"D",.,"A",.,"A",.,"A",.,"A"
"20161","03349881",43,0,"1",1625,"D",0,"D",390,"D",325,"D",90,"D",.,"A",50,"D",1625,"D",45,"D",.,"A",.,"A",.,"A",.,"A"
"20161","03349901",27,0,"1",1300,"D",260,"D",.,"A",520,"D",0,"D",.,"A",.,"A",1040,"D",45,"D",.,"A",.,"A",.,"A",.,"A"
"20161","03349911",37,0,"1",312,"D",52,"D",.,"A",260,"D",0,"D",30,"D",.,"A",260,"D",0,"D",.,"A",.,"A",.,"A",.,"A"
"20161","03349921",12,0,"1",827,"F",.,"A",.,"A",0,"D",0,"D",.,"A",.,"A",674,"F",0,"D",.,"A",.,"A",.,"A",.,"A"
"20161","03349931",14,0,"1",975,"D",130,"D",.,"A",0,"D",0,"D",.,"A",60,"D",845,"D",0,"D",.,"A",.,"A",.,"A",.,"A"
"20161","03349941",22,0,"1",2600,"D",130,"D",.,"A",520,"D",0,"D",.,"A",.,"A",2470,"D",0,"D",.,"A",.,"A",52,"D",4,"D"
"20161","03349971",34,0,"1",780,"D",520,"D",325,"D",1300,"D",0,"D",.,"A",.,"A",260,"D",0,"D",.,"A",.,"A",.,"A",.,"A"
"20161","03349991",20,0,"1",780,"D",65,"D",.,"A",260,"D",0,"D",.,"A",.,"A",715,"D",0,"D",.,"A",.,"A",.,"A",.,"A"
"20161","03350001",30,0,"1",4550,"D",0,"D",.,"A",650,"D",0,"D",.,"A",.,"A",4550,"D",0,"D",.,"A",.,"A",.,"A",.,"A"
"20161","03350051",15,0,"1",1625,"D",260,"D",260,"D",0,"D",0,"D",.,"A",.,"A",1365,"D",150,"D",.,"A",.,"A",.,"A",.,"A"
"20161","03350061",15,0,"1",975,"D",130,"D",.,"A",260,"D",0,"D",.,"A",.,"A",845,"D",0,"D",.,"A",.,"A",.,"A",.,"A"
"20161","03350081",12,0,"1",585,"D",104,"D",.,"A",0,"D",0,"D",.,"A",.,"A",481,"D",0,"D",14,"D",182,"D",.,"A",.,"A"
"20161","03350111",15,0,"1",2600,"D",325,"D",260,"D",0,"D",0,"D",.,"A",.,"A",2275,"D",0,"D",.,"A",.,"A",.,"A",.,"A"
"20161","03350171",28,0,"1",585,"D",0,"D",.,"A",650,"D",0,"D",.,"A",.,"A",585,"D",60,"D",.,"A",.,"A",.,"A",.,"A"
"20161","03350181",18,0,"1",650,"D",0,"D",.,"A",0,"D",0,"D",.,"A",.,"A",650,"D",0,"D",.,"A",.,"A",.,"A",.,"A"
"20161","03350191",18,0,"1",715,"D",260,"D",.,"A",130,"D",0,"D",.,"A",.,"A",455,"D",0,"D",.,"A",.,"A",78,"D",6,"D"
"20161","03350221",14,0,"1",1300,"D",130,"D",.,"A",130,"D",0,"D",.,"A",.,"A",1170,"D",0,"D",.,"A",.,"A",.,"A",.,"A"
"20161","03350271",32,0,"1",650,"D",0,"D",.,"A",0,"D",0,"D",.,"A",.,"A",650,"D",0,"D",.,"A",.,"A",.,"A",.,"A"
"20161","03350291",43,0,"1",2730,"D",520,"D",.,"A",0,"D",0,"D",.,"A",.,"A",2210,"D",36,"D",.,"A",.,"A",.,"A",.,"A"
"20161","03350301",17,0,"1",1950,"D",520,"D",.,"A",0,"D",0,"D",.,"A",.,"A",1430,"D",240,"D",.,"A",.,"A",.,"A",.,"A"
"20161","03350311",46,0,"1",1625,"D",975,"D",.,"A",1300,"D",0,"D",.,"A",.,"A",650,"D",0,"D",.,"A",.,"A",.,"A",.,"A"
"20161","03350341",24,0,"1",299,"D",78,"D",.,"A",299,"D",0,"D",.,"A",.,"A",221,"D",0,"D",.,"A",.,"A",.,"A",.,"A"
"20161","03350353",33,0,"1",2600,"D",336,"F",356,"F",195,"D",6,"D",.,"A",90,"D",1569,"F",6,"D",.,"A",.,"A",.,"A",.,"A"
"20161","03350391",41,0,"1",1625,"D",130,"D",325,"D",650,"D",0,"D",.,"A",275,"D",1495,"D",0,"D",.,"A",.,"A",.,"A",.,"A"
"20161","03350401",25,0,"1",780,"D",260,"D",.,"A",260,"D",90,"D",.,"A",.,"A",520,"D",0,"D",.,"A",.,"A",.,"A",.,"A"
"20161","03350421",29,0,"1",520,"D",130,"D",.,"A",260,"D",0,"D",.,"A",.,"A",390,"D",0,"D",.,"A",.,"A",.,"A",.,"A"
"20161","03350431",15,0,"1",2600,"D",302,"F",.,"A",539,"F",116,"F",.,"A",.,"A",1110,"F",121,"F",.,"A",.,"A",.,"A",.,"A"
"20161","03350501",21,0,"1",1300,"D",156,"D",.,"A",195,"D",0,"D",.,"A",.,"A",1144,"D",0,"D",.,"A",.,"A",.,"A",.,"A"
"20161","03350511",17,0,"1",2600,"D",455,"D",.,"A",455,"D",0,"D",.,"A",.,"A",2145,"D",0,"D",.,"A",.,"A",.,"A",.,"A"
"20161","03350521",14,0,"1",650,"D",117,"D",.,"A",0,"D",0,"D",.,"A",.,"A",533,"D",0,"D",.,"A",.,"A",.,"A",.,"A"
"20161","03350531",15,0,"1",780,"D",260,"D",.,"A",260,"D",0,"D",.,"A",.,"A",520,"D",0,"D",.,"A",.,"A",.,"A",.,"A"
"20161","03350542",21,0,"1",2275,"D",325,"D",.,"A",0,"D",0,"D",.,"A",.,"A",1950,"D",0,"D",.,"A",.,"A",.,"A",.,"A"
"20161","03350571",17,0,"1",975,"D",325,"D",.,"A",0,"D",0,"D",.,"A",.,"A",650,"D",0,"D",.,"A",.,"A",.,"A",.,"A"
"20161","03350591",19,0,"1",1625,"D",650,"D",.,"A",0,"D",0,"D",.,"A",.,"A",975,"D",0,"D",.,"A",.,"A",.,"A",.,"A"
"20161","03350601",25,0,"1",650,"D",130,"D",.,"A",975,"D",450,"D",.,"A",.,"A",520,"D",0,"D",.,"A",.,"A",.,"A",.,"A"
"20161","03350611",50,0,"1",3250,"D",1105,"D",.,"A",0,"D",0,"D",99,"D",.,"A",2145,"D",330,"D",.,"A",.,"A",.,"A",.,"A"
"20161","03350644",18,0,"1",975,"D",130,"D",.,"A",65,"D",0,"D",.,"A",.,"A",845,"D",0,"D",.,"A",.,"A",.,"A",.,"A"
"20161","03350651",15,0,"1",650,"D",0,"D",65,"D",260,"D",0,"D",.,"A",.,"A",650,"D",0,"D",.,"A",.,"A",.,"A",.,"A"
"20161","03350671",25,0,"1",3250,"D",0,"D",0,"D",455,"D",0,"D",.,"A",.,"A",3250,"D",0,"D",.,"A",.,"A",.,"A",.,"A"
"20161","03350681",25,0,"1",3250,"D",650,"D",.,"A",455,"D",30,"D",.,"A",.,"A",2600,"D",60,"D",.,"A",.,"A",.,"A",.,"A"
"20161","03350691",20,0,"1",715,"D",260,"D",195,"D",780,"D",150,"D",.,"A",.,"A",455,"D",150,"D",.,"A",.,"A",.,"A",.,"A"
"20161","03350721",17,0,"1",910,"D",130,"D",.,"A",0,"D",0,"D",.,"A",.,"A",780,"D",300,"D",21,"D",273,"D",.,"A",.,"A"
"20161","03350741",22,0,"1",1300,"D",260,"D",.,"A",390,"D",0,"D",.,"A",.,"A",1040,"D",0,"D",.,"A",.,"A",.,"A",.,"A"
"20161","03350751",25,0,"1",2600,"D",650,"D",.,"A",520,"D",0,"D",.,"A",.,"A",1950,"D",15,"D",.,"A",.,"A",.,"A",.,"A"
"20161","03350761",14,0,"1",455,"D",192,"F",.,"A",2600,"D",0,"D",.,"A",.,"A",721,"F",0,"D",.,"A",.,"A",.,"A",.,"A"
"20161","03350781",23,0,"1",780,"D",130,"D",.,"A",260,"D",0,"D",.,"A",.,"A",650,"D",0,"D",.,"A",.,"A",.,"A",.,"A"
"20161","03350801",26,0,"1",1950,"D",455,"D",.,"A",104,"D",0,"D",.,"A",150,"D",1495,"D",0,"D",.,"A",.,"A",.,"A",.,"A"
"20161","03350811",30,0,"1",2600,"D",390,"D",.,"A",1300,"D",0,"D",.,"A",.,"A",2210,"D",0,"D",.,"A",.,"A",.,"A",.,"A"
"20161","03350861",6,0,"1",0,"D",.,"A",.,"A",0,"D",0,"D",.,"A",.,"A",0,"D",0,"D",.,"A",.,"A",.,"A",.,"A"
"20161","03350881",36,0,"1",1950,"D",325,"D",390,"D",325,"D",0,"D",.,"A",.,"A",1625,"D",0,"D",.,"A",.,"A",.,"A",.,"A"
"20161","03350891",14,0,"1",650,"D",65,"D",.,"A",260,"D",0,"D",.,"A",.,"A",585,"D",0,"D",.,"A",.,"A",.,"A",.,"A"
"20161","03350921",32,0,"1",780,"D",195,"D",.,"A",325,"D",0,"D",.,"A",.,"A",585,"D",0,"D",.,"A",.,"A",.,"A",.,"A"
"20161","03350931",55,0,"1",715,"D",65,"D",.,"A",260,"D",0,"D",.,"A",.,"A",650,"D",75,"D",.,"A",.,"A",.,"A",.,"A"
"20161","03350971",29,0,"1",1040,"D",195,"D",.,"A",0,"D",0,"D",.,"A",.,"A",845,"D",0,"D",.,"A",.,"A",.,"A",.,"A"
"20161","03350981",25,0,"1",195,"D",65,"D",.,"A",130,"D",0,"D",.,"A",.,"A",130,"D",0,"D",.,"A",.,"A",.,"A",.,"A"
"20161","03350994",20,0,"1",910,"D",260,"D",.,"A",0,"D",0,"D",.,"A",.,"A",650,"D",0,"D",.,"A",.,"A",.,"A",.,"A"
"20161","03351001",17,0,"1",975,"D",65,"D",.,"A",650,"D",45,"D",.,"A",.,"A",910,"D",45,"D",.,"A",.,"A",.,"A",.,"A"
"20161","03351011",20,0,"1",2600,"D",279,"F",.,"A",325,"D",0,"D",.,"A",.,"A",1079,"F",0,"D",.,"A",.,"A",.,"A",.,"A"
"20161","03351023",23,0,"1",650,"D",0,"D",.,"A",130,"D",0,"D",.,"A",.,"A",650,"D",0,"D",.,"A",.,"A",.,"A",.,"A"
"20161","03351031",21,0,"1",975,"D",260,"D",.,"A",0,"D",0,"D",.,"A",.,"A",715,"D",180,"D",.,"A",.,"A",.,"A",.,"A"
"20161","03351041",15,0,"1",715,"D",130,"D",.,"A",195,"D",0,"D",.,"A",.,"A",585,"D",0,"D",.,"A",.,"A",.,"A",.,"A"
"20161","03351051",29,0,"1",1690,"D",325,"D",.,"A",455,"D",90,"D",.,"A",.,"A",1365,"D",60,"D",.,"A",.,"A",.,"A",.,"A"
"20161","03351081",26,0,"1",1040,"D",390,"D",.,"A",130,"D",0,"D",.,"A",.,"A",650,"D",0,"D",.,"A",.,"A",.,"A",.,"A"
"20161","03351091",56,0,"1",2600,"D",650,"D",.,"A",650,"D",0,"D",.,"A",270,"D",1950,"D",0,"D",.,"A",.,"A",.,"A",.,"A"
"20161","03351101",27,0,"1",2405,"D",260,"D",.,"A",325,"D",0,"D",.,"A",.,"A",2145,"D",0,"D",.,"A",.,"A",.,"A",.,"A"
"20161","03351111",10,0,"1",650,"D",39,"D",.,"A",0,"D",0,"D",.,"A",.,"A",611,"D",0,"D",.,"A",.,"A",.,"A",.,"A"
"20161","03351121",31,0,"1",260,"D",78,"D",.,"A",26,"D",0,"D",.,"A",.,"A",182,"D",0,"D",.,"A",.,"A",.,"A",.,"A"
"20161","03351132",7,0,"1",0,"D",.,"A",.,"A",0,"D",0,"D",.,"A",.,"A",0,"D",0,"D",.,"A",.,"A",.,"A",.,"A"
"20161","03351161",27,0,"1",1625,"D",325,"D",325,"D",1300,"D",75,"D",.,"A",.,"A",1300,"D",300,"D",.,"A",.,"A",.,"A",.,"A"
"20161","03351181",34,0,"1",2600,"D",650,"D",.,"A",1300,"D",0,"D",.,"A",.,"A",1950,"D",0,"D",.,"A",.,"A",.,"A",.,"A"
"20161","03351191",18,0,"1",650,"D",39,"D",.,"A",7800,"D",300,"D",.,"A",.,"A",611,"D",3,"D",.,"A",.,"A",.,"A",.,"A"
"20161","03351211",10,0,"1",1300,"D",520,"D",.,"A",0,"D",0,"D",.,"A",.,"A",780,"D",0,"D",.,"A",.,"A",.,"A",.,"A"
"20161","03351241",32,0,"1",2600,"D",650,"D",.,"A",0,"D",0,"D",.,"A",.,"A",1950,"D",60,"D",.,"A",.,"A",.,"A",.,"A"
"20161","03351291",15,0,"1",2600,"D",1300,"D",.,"A",0,"D",0,"D",.,"A",.,"A",1300,"D",0,"D",.,"A",.,"A",.,"A",.,"A"
"20161","03351321",36,0,"1",1430,"D",130,"D",.,"A",130,"D",0,"D",.,"A",.,"A",1300,"D",60,"D",.,"A",.,"A",.,"A",.,"A"
"20161","03351331",24,0,"1",975,"D",195,"D",.,"A",260,"D",0,"D",.,"A",.,"A",780,"D",0,"D",.,"A",.,"A",.,"A",.,"A"
"20161","03351361",25,0,"1",1300,"D",390,"D",.,"A",650,"D",0,"D",.,"A",.,"A",910,"D",210,"D",.,"A",.,"A",.,"A",.,"A"
"20161","03351371",30,0,"1",1105,"D",195,"D",.,"A",520,"D",0,"D",.,"A",.,"A",910,"D",0,"D",35,"D",455,"D",.,"A",.,"A"
"20161","03351381",23,0,"1",1300,"D",195,"D",260,"D",1131,"F",198,"F",.,"A",.,"A",1105,"D",300,"D",.,"A",.,"A",.,"A",.,"A"
"20161","03351411",29,0,"1",975,"D",195,"D",325,"D",390,"D",6,"D",.,"A",.,"A",780,"D",6,"D",.,"A",.,"A",.,"A",.,"A"
"20161","03351431",26,0,"1",1625,"D",260,"D",.,"A",650,"D",0,"D",.,"A",.,"A",1365,"D",60,"D",.,"A",.,"A",.,"A",.,"A"
"20161","03351441",20,0,"1",650,"D",130,"D",.,"A",0,"D",0,"D",.,"A",.,"A",520,"D",0,"D",20,"D",260,"D",.,"A",.,"A"
"20161","03351461",14,0,"1",2275,"D",975,"D",.,"A",325,"D",120,"D",.,"A",.,"A",1300,"D",300,"D",40,"D",520,"D",.,"A",.,"A"
"20161","03351481",32,0,"1",1560,"D",520,"D",.,"A",390,"D",0,"D",.,"A",50,"D",1040,"D",60,"D",.,"A",.,"A",.,"A",.,"A"
"20161","03351491",28,0,"1",1040,"D",195,"D",39,"D",455,"D",0,"D",.,"A",.,"A",845,"D",0,"D",.,"A",.,"A",.,"A",.,"A"
"20161","03351511",28,0,"1",883,"F",.,"A",.,"A",390,"D",0,"D",.,"A",.,"A",708,"F",0,"D",.,"A",.,"A",.,"A",.,"A"
"20161","03351534",9,0,"1",1300,"D",0,"D",.,"A",0,"D",6,"D",.,"A",.,"A",1300,"D",6,"D",.,"A",.,"A",.,"A",.,"A"
"20161","03351551",34,0,"1",1625,"D",325,"D",65,"D",104,"D",0,"D",.,"A",.,"A",1300,"D",0,"D",.,"A",.,"A",.,"A",.,"A"
"20161","03351561",17,0,"1",1950,"D",455,"D",390,"D",780,"D",0,"D",.,"A",.,"A",1495,"D",0,"D",.,"A",.,"A",.,"A",.,"A"
"20161","03351591",20,0,"1",325,"D",39,"D",.,"A",130,"D",0,"D",.,"A",.,"A",286,"D",0,"D",.,"A",.,"A",.,"A",.,"A"
"20161","03351601",20,0,"1",650,"D",130,"D",.,"A",130,"D",0,"D",.,"A",.,"A",520,"D",0,"D",.,"A",.,"A",.,"A",.,"A"
"20161","03351611",55,0,"1",1950,"D",260,"D",.,"A",780,"D",0,"D",.,"A",5,"D",1690,"D",0,"D",.,"A",.,"A",.,"A",.,"A"
"20161","03351621",21,0,"1",325,"D",78,"D",.,"A",0,"D",0,"D",.,"A",.,"A",247,"D",0,"D",.,"A",.,"A",.,"A",.,"A"
"20161","03351651",61,0,"1",3250,"D",780,"D",.,"A",975,"D",150,"D",.,"A",163,"D",2470,"D",90,"D",.,"A",.,"A",.,"A",.,"A"
"20161","03351661",32,0,"1",2600,"D",325,"D",130,"D",1300,"D",0,"D",.,"A",.,"A",2275,"D",90,"D",.,"A",.,"A",.,"A",.,"A"
"20161","03351671",25,0,"1",1300,"D",130,"D",.,"A",0,"D",30,"D",.,"A",5,"D",1170,"D",0,"D",.,"A",.,"A",.,"A",.,"A"
"20161","03351691",38,0,"1",1560,"D",260,"D",.,"A",325,"D",0,"D",.,"A",.,"A",1300,"D",0,"D",.,"A",.,"A",.,"A",.,"A"
"20161","03351711",43,0,"1",650,"D",0,"D",975,"D",780,"D",0,"D",.,"A",.,"A",650,"D",0,"D",.,"A",.,"A",.,"A",.,"A"
"20161","03351751",24,0,"1",455,"D",65,"D",.,"A",65,"D",0,"D",.,"A",.,"A",390,"D",0,"D",25,"D",325,"D",.,"A",.,"A"
"20161","03351761",16,0,"1",0,"D",.,"A",.,"A",0,"D",0,"D",.,"A",.,"A",0,"D",0,"D",25,"D",325,"D",.,"A",.,"A"
"20161","03351771",18,0,"1",650,"D",104,"D",.,"A",260,"D",0,"D",.,"A",.,"A",546,"D",0,"D",.,"A",.,"A",.,"A",.,"A"
"20161","03351791",21,0,"1",1625,"D",195,"D",.,"A",0,"D",0,"D",.,"A",.,"A",1430,"D",0,"D",15,"D",195,"D",.,"A",.,"A"
"20161","03351811",25,0,"1",1950,"D",390,"D",.,"A",390,"D",45,"D",.,"A",260,"D",1560,"D",30,"D",.,"A",.,"A",.,"A",.,"A"
"20161","03351841",49,0,"1",1950,"D",325,"D",.,"A",325,"D",150,"D",.,"A",.,"A",1625,"D",150,"D",.,"A",.,"A",.,"A",.,"A"
"20161","03351851",45,0,"1",1950,"D",325,"D",.,"A",780,"D",300,"D",.,"A",.,"A",1625,"D",300,"D",.,"A",.,"A",.,"A",.,"A"
"20161","03351861",22,0,"1",780,"D",260,"D",.,"A",650,"D",300,"D",.,"A",.,"A",520,"D",300,"D",.,"C",509,"F",.,"A",.,"A"
"20161","03351871",24,0,"1",975,"D",260,"D",.,"A",325,"D",0,"D",.,"A",325,"D",715,"D",0,"D",.,"A",.,"A",.,"A",.,"A"
"20161","03351891",51,0,"1",1950,"D",650,"D",130,"D",0,"D",0,"D",.,"A",.,"A",1300,"D",6,"D",50,"D",650,"D",.,"A",.,"A"
"20161","03351911",15,0,"1",650,"D",0,"D",.,"A",0,"D",0,"D",.,"A",.,"A",650,"D",60,"D",.,"A",.,"A",.,"A",.,"A"
"20161","03351931",16,0,"1",1300,"D",0,"D",.,"A",234,"D",0,"D",.,"A",.,"A",1300,"D",0,"D",.,"A",.,"A",.,"A",.,"A"
"20161","03351941",19,0,"1",1950,"D",455,"D",.,"A",0,"D",0,"D",.,"A",.,"A",1495,"D",30,"D",100,"D",1300,"D",.,"A",.,"A"
"20161","03351951",28,0,"1",520,"D",0,"D",104,"D",0,"D",0,"D",.,"A",.,"A",520,"D",60,"D",30,"D",390,"D",.,"A",.,"A"
"20161","03351961",33,0,"1",2275,"D",650,"D",.,"A",0,"D",0,"D",.,"A",.,"A",1625,"D",0,"D",.,"A",.,"A",.,"A",.,"A"
"20161","03351971",58,0,"1",1495,"D",195,"D",65,"D",650,"D",0,"D",.,"A",.,"A",1300,"D",0,"D",.,"A",.,"A",.,"A",.,"A"
"20161","03351991",19,0,"1",1300,"D",260,"D",.,"A",0,"D",0,"D",.,"A",.,"A",1040,"D",0,"D",.,"A",.,"A",.,"A",.,"A"
"20161","03352011",13,0,"1",1300,"D",195,"D",104,"D",130,"D",0,"D",.,"A",.,"A",1105,"D",0,"D",.,"A",.,"A",.,"A",.,"A"
"20161","03352021",67,0,"1",1300,"D",650,"D",.,"A",2600,"D",0,"D",.,"A",.,"A",650,"D",0,"D",.,"A",.,"A",.,"A",.,"A"
"20161","03352031",26,0,"1",1950,"D",650,"D",.,"A",0,"D",0,"D",.,"A",.,"A",1300,"D",0,"D",.,"A",.,"A",.,"A",.,"A"
"20161","03352051",46,0,"1",3250,"D",451,"F",471,"F",824,"F",6,"D",.,"A",100,"D",1755,"F",6,"D",.,"A",.,"A",.,"A",.,"A"
"20161","03352061",26,0,"1",827,"F",.,"A",327,"F",344,"F",0,"D",.,"A",.,"A",674,"F",0,"D",.,"A",.,"A",.,"A",.,"A"
"20161","03352091",16,0,"1",1950,"D",130,"D",.,"A",2600,"D",0,"D",.,"A",1300,"D",1820,"D",0,"D",.,"A",.,"A",.,"A",.,"A"
"20161","03352101",68,0,"1",975,"D",325,"D",260,"D",0,"D",0,"D",.,"A",160,"D",650,"D",0,"D",.,"A",.,"A",195,"D",15,"D"
"20161","03352121",37,0,"1",650,"D",65,"D",.,"A",455,"D",0,"D",.,"A",.,"A",585,"D",30,"D",.,"A",.,"A",.,"A",.,"A"
"20161","03352131",8,0,"1",1300,"D",260,"D",.,"A",91,"D",0,"D",.,"A",.,"A",1040,"D",0,"D",.,"A",.,"A",.,"A",.,"A"
"20161","03352161",21,0,"1",975,"D",91,"D",.,"A",0,"D",0,"D",.,"A",.,"A",884,"D",0,"D",.,"A",.,"A",.,"A",.,"A"
"20161","03352191",19,0,"1",975,"D",325,"D",.,"A",390,"D",0,"D",.,"A",.,"A",650,"D",0,"D",.,"A",.,"A",.,"A",.,"A"
"20161","03352201",71,0,"1",3250,"D",1300,"D",325,"D",1950,"D",360,"D",.,"A",.,"A",1950,"D",450,"D",60,"D",780,"D",1950,"D",150,"D"
"20161","03352231",14,0,"1",910,"D",26,"D",.,"A",910,"D",0,"D",.,"A",.,"A",884,"D",6,"D",.,"A",.,"A",.,"A",.,"A"
"20161","03352261",23,0,"1",1300,"D",260,"D",.,"A",260,"D",0,"D",.,"A",.,"A",1040,"D",0,"D",.,"A",.,"A",.,"A",.,"A"
"20161","03352281",21,0,"1",780,"D",130,"D",.,"A",0,"D",0,"D",.,"A",.,"A",650,"D",0,"D",.,"A",.,"A",.,"A",.,"A"
"20161","03352291",72,0,"1",5200,"D",523,"F",.,"A",1300,"D",30,"D",.,"A",.,"A",2210,"F",30,"D",.,"A",.,"A",.,"A",.,"A"
"20161","03352301",14,0,"1",1690,"D",325,"D",.,"A",0,"D",0,"D",.,"A",.,"A",1365,"D",0,"D",.,"A",.,"A",.,"A",.,"A"
"20161","03352311",17,0,"1",650,"D",130,"D",.,"A",260,"D",0,"D",.,"A",.,"A",520,"D",0,"D",.,"A",.,"A",.,"A",.,"A"
"20161","03352341",33,0,"1",1300,"D",325,"D",.,"A",1950,"D",300,"D",.,"A",.,"A",975,"D",0,"D",.,"A",.,"A",.,"A",.,"A"
"20161","03352351",25,0,"1",3575,"D",1300,"D",.,"A",650,"D",240,"D",.,"A",120,"D",2275,"D",240,"D",.,"A",.,"A",.,"A",.,"A"
"20161","03352361",68,0,"1",2600,"D",650,"D",.,"A",2600,"D",480,"D",.,"A",.,"A",1950,"D",30,"D",.,"A",.,"A",.,"A",.,"A"
"20161","03352371",24,0,"1",2600,"D",650,"D",.,"A",0,"D",0,"D",.,"A",.,"A",1950,"D",0,"D",.,"A",.,"A",.,"A",.,"A"
"20161","03352411",16,0,"1",910,"D",26,"D",.,"A",0,"D",0,"D",.,"A",.,"A",884,"D",0,"D",.,"A",.,"A",.,"A",.,"A"
"20161","03352454",10,0,"1",650,"D",260,"D",169,"D",0,"D",0,"D",.,"A",.,"A",390,"D",0,"D",.,"A",.,"A",.,"A",.,"A"
"20161","03352461",44,0,"1",585,"D",130,"D",65,"D",195,"D",60,"D",.,"A",.,"A",455,"D",60,"D",.,"A",.,"A",.,"A",.,"A"
"20161","03352501",8,0,"1",1300,"D",328,"F",.,"A",818,"F",134,"F",.,"A",.,"A",1330,"F",130,"F",.,"A",.,"A",.,"A",.,"A"
"20161","03352511",21,0,"1",975,"D",325,"D",.,"A",130,"D",0,"D",.,"A",.,"A",650,"D",30,"D",.,"A",.,"A",.,"A",.,"A"
"20161","03352521",59,0,"1",1300,"D",286,"D",.,"A",1820,"D",120,"D",.,"A",540,"D",1014,"D",354,"D",70,"D",910,"D",65,"D",5,"D"
"20161","03352531",14,0,"1",780,"D",325,"D",.,"A",1040,"D",0,"D",.,"A",.,"A",455,"D",90,"D",.,"A",.,"A",.,"A",.,"A"
"20161","03352541",17,0,"1",1430,"D",104,"D",195,"D",0,"D",0,"D",.,"A",.,"A",1326,"D",0,"D",.,"A",.,"A",.,"A",.,"A"
"20161","03352551",35,0,"1",1950,"D",650,"D",.,"A",195,"D",0,"D",.,"A",.,"A",1300,"D",0,"D",30,"D",390,"D",.,"A",.,"A"
"20161","03352564",13,0,"1",3575,"D",650,"D",.,"A",0,"D",0,"D",.,"A",.,"A",2925,"D",0,"D",.,"A",.,"A",.,"A",.,"A"
"20161","03352571",19,0,"1",2600,"D",260,"D",.,"A",975,"D",0,"D",.,"A",.,"A",2340,"D",75,"D",.,"A",.,"A",.,"A",.,"A"
"20161","03352581",16,0,"1",455,"D",39,"D",.,"A",455,"D",75,"D",.,"A",.,"A",416,"D",30,"D",.,"A",.,"A",.,"A",.,"A"
"20161","03352591",49,0,"1",1430,"D",390,"D",.,"A",1560,"D",75,"D",.,"A",.,"A",1040,"D",75,"D",.,"A",.,"A",.,"A",.,"A"
"20161","03352601",6,0,"1",883,"F",.,"A",.,"A",534,"F",158,"F",.,"A",.,"A",721,"F",124,"F",.,"A",.,"A",.,"A",.,"A"
"20161","03352621",47,0,"1",1300,"D",455,"D",.,"A",3250,"D",60,"D",.,"A",.,"A",845,"D",240,"D",.,"C",500,"F",.,"A",.,"A"
"20161","03352641",48,0,"1",1365,"D",130,"D",.,"A",910,"D",0,"D",.,"A",.,"A",1235,"D",0,"D",.,"A",.,"A",.,"A",.,"A"
"20161","03352662",30,0,"1",1950,"D",195,"D",.,"A",650,"D",0,"D",.,"A",.,"A",1755,"D",0,"D",.,"A",.,"A",390,"D",30,"D"
"20161","03352671",22,0,"1",910,"D",650,"D",.,"A",0,"D",0,"D",.,"A",.,"A",260,"D",0,"D",.,"A",.,"A",.,"A",.,"A"
"20161","03352681",15,0,"1",1300,"D",130,"D",.,"A",0,"D",0,"D",.,"A",.,"A",1170,"D",0,"D",.,"A",.,"A",.,"A",.,"A"
"20161","03352691",39,0,"1",975,"D",260,"D",.,"A",0,"D",0,"D",.,"A",.,"A",715,"D",90,"D",.,"A",.,"A",.,"A",.,"A"
"20161","03352701",36,0,"1",1300,"D",325,"D",.,"A",260,"D",60,"D",.,"A",.,"A",975,"D",60,"D",.,"C",453,"F",.,"A",.,"A"
"20161","03352721",39,0,"1",2600,"D",650,"D",.,"A",520,"D",0,"D",.,"A",252,"D",1950,"D",0,"D",.,"A",.,"A",.,"A",.,"A"
"20161","03352731",41,0,"1",325,"D",52,"D",.,"A",78,"D",0,"D",.,"A",.,"A",273,"D",0,"D",.,"A",.,"A",.,"A",.,"A"
"20161","03352751",24,0,"1",2600,"D",1300,"D",.,"A",325,"D",90,"D",.,"A",240,"D",1300,"D",90,"D",.,"A",.,"A",.,"A",.,"A"
"20161","03352781",27,0,"1",1300,"D",0,"D",.,"A",260,"D",30,"D",.,"A",.,"A",1300,"D",15,"D",.,"A",.,"A",.,"A",.,"A"
"20161","03352801",32,0,"1",1300,"D",130,"D",455,"D",975,"D",60,"D",.,"A",.,"A",1170,"D",450,"D",.,"A",.,"A",.,"A",.,"A"
"20161","03352821",6,0,"1",883,"F",.,"A",.,"A",534,"F",158,"F",.,"A",.,"A",721,"F",124,"F",.,"A",.,"A",.,"A",.,"A"
"20161","03352841",8,0,"1",0,"D",.,"A",.,"A",0,"D",0,"D",.,"A",.,"A",0,"D",0,"D",.,"A",.,"A",.,"A",.,"A"
"20161","03352851",13,0,"1",3900,"D",780,"D",.,"A",0,"D",0,"D",.,"A",.,"A",3120,"D",0,"D",.,"A",.,"A",.,"A",.,"A"
"20161","03352871",45,0,"1",1950,"D",650,"D",.,"A",2600,"D",300,"D",.,"A",.,"A",1300,"D",120,"D",.,"A",.,"A",.,"A",.,"A"
"20161","03352901",47,0,"1",3900,"D",1300,"D",.,"A",1950,"D",72,"D",.,"A",.,"A",2600,"D",0,"D",.,"A",.,"A",.,"A",.,"A"
"20161","03352931",24,0,"1",5200,"D",325,"D",.,"A",260,"D",60,"D",.,"A",.,"A",4875,"D",0,"D",.,"A",.,"A",.,"A",.,"A"
"20161","03352941",18,0,"1",1560,"D",520,"D",.,"A",650,"D",0,"D",.,"A",.,"A",1040,"D",0,"D",.,"A",.,"A",.,"A",.,"A"
"20161","03352951",7,0,"1",1950,"D",409,"F",.,"A",857,"F",144,"F",.,"A",.,"A",1817,"F",128,"F",.,"A",.,"A",.,"A",.,"A"
"20161","03352961",15,0,"1",650,"D",195,"D",.,"A",195,"D",0,"D",.,"A",.,"A",455,"D",45,"D",50,"D",650,"D",.,"A",.,"A"
"20161","03352981",42,0,"1",1560,"D",520,"D",.,"A",650,"D",36,"D",.,"A",.,"A",1040,"D",0,"D",.,"A",.,"A",65,"D",5,"D"
"20161","03352991",51,0,"1",2600,"D",975,"D",.,"A",325,"D",150,"D",.,"A",480,"D",1625,"D",120,"D",.,"A",.,"A",.,"A",.,"A"
"20161","03353004",12,0,"1",975,"D",117,"D",.,"A",325,"D",0,"D",.,"A",.,"A",858,"D",0,"D",.,"A",.,"A",.,"A",.,"A"
"20161","03353011",35,0,"1",780,"D",260,"D",780,"D",1950,"D",6,"D",.,"A",.,"A",520,"D",6,"D",10,"D",130,"D",260,"D",20,"D"
"20161","03353031",31,0,"1",1950,"D",325,"D",.,"A",1950,"D",300,"D",.,"A",.,"A",1625,"D",300,"D",.,"A",.,"A",.,"A",.,"A"
"20161","03353041",30,0,"1",2600,"D",325,"D",1300,"D",2600,"D",150,"D",.,"A",192,"D",2275,"D",150,"D",100,"D",1300,"D",.,"A",.,"A"
"20161","03353061",27,0,"1",819,"D",169,"D",130,"D",195,"D",0,"D",.,"A",.,"A",650,"D",0,"D",.,"A",.,"A",.,"A",.,"A"
"20161","03353073",15,0,"1",1625,"D",325,"F",403,"F",0,"D",121,"F",.,"A",.,"A",1197,"F",156,"F",90,"D",1170,"D",.,"A",.,"A"
"20161","03353081",29,0,"1",1625,"D",390,"D",.,"A",130,"D",0,"D",.,"A",.,"A",1235,"D",0,"D",30,"D",390,"D",.,"A",.,"A"
"20161","03353094",13,0,"1",1950,"D",0,"D",.,"A",0,"D",0,"D",.,"A",.,"A",1950,"D",0,"D",.,"A",.,"A",.,"A",.,"A"
"20161","03353111",27,0,"1",1300,"D",130,"D",.,"A",0,"D",0,"D",.,"A",.,"A",1170,"D",0,"D",.,"A",.,"A",.,"A",.,"A"
"20161","03353131",24,0,"1",585,"D",0,"D",260,"D",780,"D",0,"D",.,"A",.,"A",585,"D",0,"D",30,"D",390,"D",130,"D",10,"D"
"20161","03353141",32,0,"1",1300,"D",260,"D",.,"A",780,"D",0,"D",.,"A",.,"A",1040,"D",60,"D",.,"A",.,"A",1300,"D",100,"D"
"20161","03353161",44,0,"1",2600,"D",130,"D",.,"A",0,"D",0,"D",.,"A",195,"D",2470,"D",0,"D",.,"A",.,"A",.,"A",.,"A"
"20161","03353171",15,0,"1",325,"D",130,"D",.,"A",0,"D",0,"D",.,"A",.,"A",195,"D",144,"D",.,"A",.,"A",.,"A",.,"A"
"20161","03353181",18,0,"1",1812,"F",.,"A",.,"A",648,"F",144,"F",.,"A",.,"A",1569,"F",183,"F",.,"A",.,"A",.,"A",.,"A"
"20161","03353241",23,0,"1",2600,"D",650,"D",.,"A",1300,"D",0,"D",.,"A",.,"A",1950,"D",0,"D",.,"A",.,"A",.,"A",.,"A"
"20161","03353291",13,0,"1",390,"D",195,"D",.,"A",260,"D",0,"D",.,"A",.,"A",195,"D",0,"D",.,"A",.,"A",.,"A",.,"A"
"20161","03353301",53,0,"1",1625,"D",260,"D",260,"D",650,"D",0,"D",91,"D",.,"A",1365,"D",60,"D",.,"A",.,"A",.,"A",.,"A"
"20161","03353341",40,0,"1",780,"D",130,"D",390,"D",260,"D",0,"D",.,"A",.,"A",650,"D",42,"D",.,"A",.,"A",.,"A",.,"A"
"20161","03353363",11,0,"1",2600,"D",260,"D",.,"A",0,"D",0,"D",.,"A",.,"A",2340,"D",21,"D",50,"D",650,"D",.,"A",.,"A"
"20161","03353371",29,0,"1",2600,"D",260,"D",.,"A",1300,"D",75,"D",.,"A",.,"A",2340,"D",0,"D",.,"A",.,"A",221,"D",17,"D"
"20161","03353411",55,0,"1",1300,"D",195,"D",195,"D",260,"D",0,"D",.,"A",.,"A",1105,"D",126,"D",21,"D",273,"D",.,"A",.,"A"
"20161","03353441",14,0,"1",1040,"D",203,"F",.,"A",260,"D",0,"D",.,"A",.,"A",708,"F",0,"D",.,"A",.,"A",.,"A",.,"A"
"20161","03353451",19,0,"1",585,"D",65,"D",.,"A",1300,"D",300,"D",.,"A",.,"A",520,"D",60,"D",.,"A",.,"A",.,"A",.,"A"
"20161","03353481",31,0,"1",2210,"D",130,"D",.,"A",390,"D",0,"D",.,"A",.,"A",2080,"D",0,"D",.,"A",.,"A",.,"A",.,"A"
"20161","03353511",21,0,"1",3900,"D",390,"D",.,"A",1300,"D",0,"D",.,"A",.,"A",3510,"D",0,"D",.,"A",.,"A",.,"A",.,"A"
"20161","03353531",10,0,"1",520,"D",185,"F",.,"A",0,"D",0,"D",.,"A",.,"A",674,"F",0,"D",8,"D",104,"D",.,"A",.,"A"
"20161","03353541",20,0,"1",1950,"D",650,"D",.,"A",0,"D",0,"D",.,"A",.,"A",1300,"D",0,"D",.,"A",.,"A",.,"A",.,"A"
"20161","03353551",22,0,"1",650,"D",65,"D",260,"D",260,"D",0,"D",.,"A",.,"A",585,"D",30,"D",.,"A",.,"A",.,"A",.,"A"
"20161","03353561",20,0,"1",1300,"D",130,"D",.,"A",390,"D",0,"D",.,"A",.,"A",1170,"D",0,"D",.,"A",.,"A",.,"A",.,"A"
"20161","03353571",33,0,"1",2600,"D",975,"D",.,"A",520,"D",0,"D",.,"A",.,"A",1625,"D",0,"D",.,"A",.,"A",.,"A",.,"A"
"20161","03353581",48,0,"1",1300,"D",0,"D",.,"A",650,"D",150,"D",.,"A",.,"A",1300,"D",0,"D",.,"A",.,"A",.,"A",.,"A"
"20161","03353621",54,0,"1",3250,"D",650,"D",.,"A",650,"D",0,"D",.,"A",.,"A",2600,"D",0,"D",.,"A",.,"A",.,"A",.,"A"
"20161","03353631",22,0,"1",975,"D",260,"D",.,"A",260,"D",0,"D",.,"A",.,"A",715,"D",0,"D",.,"A",.,"A",.,"A",.,"A"
"20161","03353641",33,0,"1",2470,"D",650,"D",.,"A",1560,"D",6,"D",.,"A",.,"A",1820,"D",6,"D",.,"A",.,"A",.,"A",.,"A"
"20161","03353711",20,0,"1",390,"D",39,"D",.,"A",0,"D",0,"D",.,"A",.,"A",351,"D",3,"D",.,"A",.,"A",.,"A",.,"A"
"20161","03353721",18,0,"1",975,"D",260,"D",.,"A",650,"D",0,"D",.,"A",.,"A",715,"D",120,"D",15,"D",195,"D",.,"A",.,"A"
"20161","03353731",13,0,"1",2600,"D",520,"D",195,"D",0,"D",0,"D",.,"A",.,"A",2080,"D",0,"D",.,"A",.,"A",.,"A",.,"A"
"20161","03353741",29,0,"1",2600,"D",260,"D",.,"A",0,"D",0,"D",.,"A",.,"A",2340,"D",60,"D",.,"A",.,"A",.,"A",.,"A"
"20161","03353751",24,0,"1",1950,"D",325,"D",.,"A",0,"D",0,"D",.,"A",.,"A",1625,"D",0,"D",.,"A",.,"A",.,"A",.,"A"
"20161","03353771",25,0,"1",1950,"D",130,"D",.,"A",650,"D",0,"D",.,"A",.,"A",1820,"D",0,"D",.,"A",.,"A",.,"A",.,"A"
"20161","03353781",27,0,"1",2340,"D",650,"D",260,"D",975,"D",0,"D",.,"A",.,"A",1690,"D",0,"D",.,"A",.,"A",.,"A",.,"A"
"20161","03353791",26,0,"1",1300,"D",650,"D",.,"A",0,"D",0,"D",.,"A",.,"A",650,"D",0,"D",.,"A",.,"A",.,"A",.,"A"
"20161","03353831",42,0,"1",1625,"D",325,"D",1625,"D",325,"D",0,"D",.,"A",.,"A",1300,"D",45,"D",30,"D",390,"D",.,"A",.,"A"
"20161","03353871",27,0,"1",1300,"D",130,"D",.,"A",390,"D",0,"D",.,"A",.,"A",1170,"D",0,"D",.,"A",.,"A",.,"A",.,"A"
"20161","03353891",35,0,"1",3900,"D",1300,"D",390,"D",1300,"D",0,"D",.,"A",.,"A",2600,"D",0,"D",.,"A",.,"A",.,"A",.,"A"
"20161","03353903",8,0,"1",0,"D",.,"A",.,"A",0,"D",0,"D",.,"A",.,"A",0,"D",0,"D",.,"A",.,"A",.,"A",.,"A"
"20161","03353921",21,0,"1",2600,"D",0,"D",.,"A",1040,"D",0,"D",.,"A",.,"A",2600,"D",0,"D",.,"A",.,"A",.,"A",.,"A"
"20161","03353931",12,0,"1",1950,"D",195,"D",.,"A",260,"D",0,"D",.,"A",.,"A",1755,"D",0,"D",.,"A",.,"A",.,"A",.,"A"
"20161","03353951",35,0,"1",1950,"D",650,"D",1300,"D",650,"D",600,"D",441,"F",.,"A",1300,"D",1800,"D",.,"A",.,"A",.,"A",.,"A"
"20161","03353971",19,0,"1",780,"D",130,"D",.,"A",260,"D",90,"D",.,"A",.,"A",650,"D",180,"D",.,"A",.,"A",.,"A",.,"A"
"20161","03353984",18,0,"1",2405,"D",0,"D",2600,"D",495,"F",0,"D",.,"A",.,"A",2405,"D",0,"D",.,"A",.,"A",.,"A",.,"A"
"20161","03354041",22,0,"1",780,"D",65,"D",.,"A",130,"D",0,"D",.,"A",.,"A",715,"D",0,"D",.,"A",.,"A",.,"A",.,"A"
"20161","03354051",20,0,"1",1625,"D",325,"D",.,"A",0,"D",180,"D",.,"A",.,"A",1300,"D",60,"D",.,"A",.,"A",.,"A",.,"A"
"20161","03354071",35,0,"1",1040,"D",195,"D",.,"A",1300,"D",75,"D",.,"A",.,"A",845,"D",0,"D",.,"A",.,"A",.,"A",.,"A"
"20161","03354081",12,0,"1",455,"D",65,"D",.,"A",0,"D",0,"D",.,"A",.,"A",390,"D",0,"D",.,"A",.,"A",.,"A",.,"A"
"20161","03354091",25,0,"1",2600,"D",650,"D",.,"A",325,"D",0,"D",.,"A",150,"D",1950,"D",300,"D",.,"A",.,"A",.,"A",.,"A"
"20161","03354101",18,0,"1",1300,"D",195,"D",182,"D",650,"D",0,"D",.,"A",.,"A",1105,"D",0,"D",.,"A",.,"A",.,"A",.,"A"
"20161","03354121",26,0,"1",1950,"D",130,"D",.,"A",390,"D",0,"D",.,"A",.,"A",1820,"D",0,"D",5,"D",65,"D",.,"A",.,"A"
"20161","03354131",32,0,"1",1040,"D",26,"D",.,"A",325,"D",0,"D",.,"A",.,"A",1014,"D",0,"D",.,"A",.,"A",.,"A",.,"A"
"20161","03354151",7,0,"1",1040,"D",65,"D",.,"A",0,"D",0,"D",.,"A",.,"A",975,"D",0,"D",.,"A",.,"A",.,"A",.,"A"
"20161","03354161",47,0,"1",1625,"D",156,"D",.,"A",260,"D",0,"D",.,"A",.,"A",1469,"D",0,"D",.,"A",.,"A",.,"A",.,"A"
"20161","03354201",48,0,"1",1235,"D",390,"D",195,"D",390,"D",90,"D",.,"A",.,"A",845,"D",60,"D",.,"A",.,"A",.,"A",.,"A"
"20161","03354211",22,0,"1",1625,"D",390,"D",.,"A",520,"D",0,"D",.,"A",.,"A",1235,"D",0,"D",80,"D",1040,"D",.,"A",.,"A"
"20161","03354241",19,0,"1",1625,"D",0,"D",.,"A",505,"F",0,"D",.,"A",.,"A",1625,"D",0,"D",.,"A",.,"A",.,"A",.,"A"
"20161","03354261",26,0,"1",390,"D",65,"D",.,"A",0,"D",0,"D",.,"A",.,"A",325,"D",30,"D",.,"A",.,"A",.,"A",.,"A"
"20161","03354281",18,0,"1",975,"D",130,"D",.,"A",650,"D",0,"D",.,"A",.,"A",845,"D",0,"D",.,"A",.,"A",.,"A",.,"A"
"20161","03354301",13,0,"1",2600,"D",520,"D",650,"D",3900,"D",0,"D",.,"A",.,"A",2080,"D",0,"D",.,"A",.,"A",.,"A",.,"A"
"20161","03354323",14,0,"1",1950,"D",325,"D",.,"A",0,"D",0,"D",.,"A",.,"A",1625,"D",0,"D",.,"A",.,"A",.,"A",.,"A"
"20161","03354331",24,0,"1",1755,"D",455,"D",.,"A",1040,"D",0,"D",.,"A",.,"A",1300,"D",120,"D",.,"A",.,"A",.,"A",.,"A"
"20161","03354341",45,0,"1",3250,"D",650,"D",.,"A",780,"D",0,"D",.,"A",.,"A",2600,"D",0,"D",.,"A",.,"A",.,"A",.,"A"
"20161","03354351",30,0,"1",195,"D",65,"D",.,"A",52,"D",0,"D",.,"A",.,"A",130,"D",0,"D",.,"A",.,"A",.,"A",.,"A"
"20161","03354371",29,0,"1",3250,"D",650,"D",.,"A",650,"D",0,"D",.,"A",.,"A",2600,"D",0,"D",.,"A",.,"A",.,"A",.,"A"
"20161","03354381",27,0,"1",2275,"D",910,"D",.,"A",1950,"D",60,"D",.,"A",.,"A",1365,"D",225,"D",.,"A",.,"A",.,"A",.,"A"
"20161","03354391",28,0,"1",2340,"D",390,"D",.,"A",1040,"D",0,"D",.,"A",.,"A",1950,"D",0,"D",.,"A",.,"A",.,"A",.,"A"
"20161","03354401",21,0,"1",6500,"D",1300,"D",.,"A",0,"D",0,"D",.,"A",.,"A",5200,"D",450,"D",.,"A",.,"A",.,"A",.,"A"
"20161","03354411",12,0,"1",3250,"D",0,"D",.,"A",818,"F",0,"D",.,"A",.,"A",3250,"D",0,"D",.,"A",.,"A",.,"A",.,"A"
"20161","03354421",25,0,"1",1820,"D",520,"D",.,"A",260,"D",60,"D",.,"A",.,"A",1300,"D",90,"D",25,"D",325,"D",130,"D",10,"D"
"20161","03354431",63,0,"1",975,"D",0,"D",130,"D",975,"D",0,"D",.,"A",.,"A",975,"D",30,"D",.,"A",.,"A",.,"A",.,"A"
"20161","03354441",12,0,"1",325,"D",52,"D",.,"A",0,"D",0,"D",.,"A",.,"A",273,"D",0,"D",30,"D",390,"D",.,"A",.,"A"
"20161","03354461",35,0,"1",2600,"D",0,"D",.,"A",0,"D",0,"D",.,"A",.,"A",2600,"D",0,"D",.,"A",.,"A",130,"D",10,"D"
"20161","03354471",40,0,"1",975,"D",195,"D",.,"A",195,"D",0,"D",.,"A",.,"A",780,"D",0,"D",.,"A",.,"A",52,"D",4,"D"
"20161","03354481",55,0,"1",5200,"D",975,"D",.,"A",780,"D",6,"D",.,"A",420,"D",4225,"D",6,"D",.,"A",.,"A",.,"A",.,"A"
"20161","03354491",15,0,"1",325,"D",65,"D",.,"A",0,"D",0,"D",.,"A",.,"A",260,"D",0,"D",.,"A",.,"A",.,"A",.,"A"
"20161","03354551",21,0,"1",1040,"D",260,"D",.,"A",0,"D",0,"D",.,"A",.,"A",780,"D",300,"D",.,"A",.,"A",.,"A",.,"A"
"20161","03354571",56,0,"1",2600,"D",195,"D",.,"A",650,"D",60,"D",.,"A",.,"A",2405,"D",90,"D",5,"D",65,"D",.,"A",.,"A"
"20161","03354601",24,0,"1",975,"D",325,"D",.,"A",390,"D",15,"D",.,"A",.,"A",650,"D",75,"D",.,"A",.,"A",.,"A",.,"A"
"20161","03354631",46,0,"1",1625,"D",130,"D",.,"A",910,"D",60,"D",.,"A",.,"A",1495,"D",90,"D",.,"A",.,"A",.,"A",.,"A"
"20161","03354651",22,0,"1",1292,"F",.,"A",.,"A",650,"D",6,"D",.,"A",.,"A",1051,"F",6,"D",.,"A",.,"A",.,"A",.,"A"
"20161","03354701",37,0,"1",2600,"D",650,"D",.,"A",2600,"D",60,"D",.,"A",.,"A",1950,"D",30,"D",.,"A",.,"A",.,"A",.,"A"
"20161","03354711",23,0,"1",2275,"D",455,"D",.,"A",585,"D",0,"D",.,"A",.,"A",1820,"D",0,"D",.,"A",.,"A",.,"A",.,"A"
"20161","03354721",50,0,"1",1950,"D",0,"D",.,"A",650,"D",0,"D",.,"A",.,"A",1950,"D",0,"D",.,"A",.,"A",.,"A",.,"A"
"20161","03354731",28,0,"1",1950,"D",260,"D",.,"A",390,"D",0,"D",.,"A",.,"A",1690,"D",0,"D",.,"A",.,"A",.,"A",.,"A"
"20161","03354741",26,0,"1",455,"D",0,"D",.,"A",65,"D",0,"D",.,"A",.,"A",455,"D",0,"D",.,"A",.,"A",.,"A",.,"A"
"20161","03354761",29,0,"1",1040,"D",325,"D",.,"A",650,"D",0,"D",.,"A",10,"D",715,"D",0,"D",.,"A",.,"A",.,"A",.,"A"
"20161","03354781",22,0,"1",780,"D",260,"D",1170,"D",0,"D",0,"D",.,"A",.,"A",520,"D",45,"D",.,"A",.,"A",.,"A",.,"A"
"20161","03354801",24,0,"1",2600,"D",390,"D",.,"A",260,"D",0,"D",.,"A",300,"D",2210,"D",150,"D",.,"A",.,"A",.,"A",.,"A"
"20161","03354811",23,0,"1",1950,"D",260,"D",.,"A",260,"D",0,"D",.,"A",.,"A",1690,"D",0,"D",.,"A",.,"A",.,"A",.,"A"
"20161","03354831",45,0,"1",2600,"D",130,"D",975,"D",910,"D",0,"D",.,"A",.,"A",2470,"D",0,"D",.,"A",.,"A",.,"A",.,"A"
"20161","03354851",53,0,"1",6500,"D",0,"D",.,"A",1950,"D",0,"D",.,"A",450,"D",6500,"D",0,"D",.,"A",.,"A",.,"A",.,"A"
"20161","03354861",40,0,"1",2470,"D",260,"D",.,"A",260,"D",0,"D",.,"A",.,"A",2210,"D",0,"D",.,"A",.,"A",.,"A",.,"A"
"20161","03354871",25,0,"1",1950,"D",260,"D",.,"A",0,"D",0,"D",.,"A",.,"A",1690,"D",0,"D",20,"D",260,"D",.,"A",.,"A"
"20161","03354881",22,0,"1",2600,"D",228,"F",.,"A",1300,"D",0,"D",.,"A",.,"A",750,"F",0,"D",.,"A",.,"A",.,"A",.,"A"
"20161","03354911",17,0,"1",1950,"D",650,"D",.,"A",845,"D",0,"D",.,"A",.,"A",1300,"D",90,"D",.,"A",.,"A",.,"A",.,"A"
"20161","03354921",24,0,"1",1300,"D",195,"D",.,"A",910,"D",6,"D",.,"A",.,"A",1105,"D",6,"D",.,"A",.,"A",.,"A",.,"A"
"20161","03354931",17,0,"1",3575,"D",195,"D",.,"A",648,"F",0,"D",.,"A",.,"A",3380,"D",0,"D",.,"A",.,"A",.,"A",.,"A"
"20161","03354962",23,0,"1",0,"D",.,"A",.,"A",0,"D",0,"D",.,"A",.,"A",0,"D",0,"D",.,"A",.,"A",273,"D",21,"D"
"20161","03354971",10,0,"1",195,"D",0,"D",.,"A",260,"D",0,"D",120,"D",.,"A",195,"D",0,"D",.,"A",.,"A",.,"A",.,"A"
"20161","03355011",17,0,"1",1105,"D",260,"D",.,"A",975,"D",0,"D",.,"A",.,"A",845,"D",0,"D",.,"A",.,"A",.,"A",.,"A"
"20161","03355041",47,0,"1",1950,"D",390,"D",780,"D",780,"D",120,"D",.,"A",.,"A",1560,"D",120,"D",.,"A",.,"A",.,"A",.,"A"
"20161","03355063",25,0,"1",780,"D",195,"D",.,"A",1300,"D",6,"D",.,"A",.,"A",585,"D",6,"D",.,"A",.,"A",.,"A",.,"A"
"20161","03355101",26,0,"1",1950,"D",650,"D",.,"A",0,"D",0,"D",.,"A",.,"A",1300,"D",90,"D",10,"D",130,"D",.,"A",.,"A"
"20161","03355111",11,0,"1",520,"D",195,"D",.,"A",0,"D",0,"D",.,"A",.,"A",325,"D",0,"D",.,"A",.,"A",.,"A",.,"A"
"20161","03355151",26,0,"1",1560,"D",195,"D",260,"D",260,"D",0,"D",.,"A",.,"A",1365,"D",0,"D",100,"D",1300,"D",.,"A",.,"A"
"20161","03355171",31,0,"1",1300,"D",0,"D",.,"A",1170,"D",60,"D",.,"A",.,"A",1300,"D",180,"D",.,"A",.,"A",.,"A",.,"A"
"20161","03355201",25,0,"1",650,"D",130,"D",130,"D",195,"D",0,"D",.,"A",.,"A",520,"D",450,"D",35,"D",455,"D",.,"A",.,"A"
"20161","03355211",43,0,"1",1950,"D",650,"D",910,"D",455,"D",0,"D",258,"F",90,"D",1300,"D",0,"D",.,"A",.,"A",.,"A",.,"A"
"20161","03355231",25,0,"1",975,"D",65,"D",.,"A",65,"D",0,"D",.,"A",.,"A",910,"D",60,"D",.,"A",.,"A",.,"A",.,"A"
"20161","03355251",23,0,"1",650,"D",65,"D",.,"A",0,"D",0,"D",.,"A",.,"A",585,"D",0,"D",.,"A",.,"A",.,"A",.,"A"
"20161","03355263",17,0,"1",975,"D",260,"D",.,"A",260,"D",0,"D",.,"A",.,"A",715,"D",0,"D",50,"D",650,"D",.,"A",.,"A"
"20161","03355284",29,0,"1",1157,"D",572,"D",.,"A",455,"D",210,"D",.,"A",.,"A",585,"D",300,"D",.,"A",.,"A",.,"A",.,"A"
"20161","03355291",37,0,"1",2275,"D",650,"D",.,"A",1950,"D",150,"D",.,"A",.,"A",1625,"D",150,"D",.,"A",.,"A",.,"A",.,"A"
"20161","03355301",22,0,"1",780,"D",130,"D",260,"D",0,"D",0,"D",.,"A",.,"A",650,"D",0,"D",.,"A",.,"A",.,"A",.,"A"
"20161","03355321",38,0,"1",1300,"D",195,"D",390,"D",0,"D",0,"D",.,"A",.,"A",1105,"D",0,"D",.,"A",.,"A",.,"A",.,"A"
"20161","03355331",49,0,"1",1300,"D",260,"D",.,"A",780,"D",0,"D",.,"A",.,"A",1040,"D",30,"D",.,"A",.,"A",.,"A",.,"A"
"20161","03355361",27,0,"1",6500,"D",2600,"D",.,"A",3900,"D",0,"D",.,"A",1680,"D",3900,"D",0,"D",.,"A",.,"A",.,"A",.,"A"
"20161","03355381",60,0,"1",1040,"D",0,"D",650,"D",650,"D",600,"D",.,"A",.,"A",1040,"D",300,"D",.,"A",.,"A",.,"A",.,"A"
"20161","03355391",33,0,"1",2600,"D",650,"D",.,"A",0,"D",0,"D",.,"A",.,"A",1950,"D",120,"D",25,"D",325,"D",.,"A",.,"A"
"20161","03355411",35,0,"1",1040,"D",130,"D",.,"A",260,"D",90,"D",.,"A",.,"A",910,"D",90,"D",.,"A",.,"A",.,"A",.,"A"
"20161","03355421",17,0,"1",650,"D",130,"D",390,"D",910,"D",0,"D",.,"A",.,"A",520,"D",0,"D",.,"A",.,"A",.,"A",.,"A"
"20161","03355451",34,0,"1",2600,"D",0,"D",.,"A",325,"D",0,"D",.,"A",.,"A",2600,"D",0,"D",.,"A",.,"A",.,"A",.,"A"
"20161","03355501",20,0,"1",1170,"D",520,"D",.,"A",325,"D",90,"D",.,"A",.,"A",650,"D",0,"D",.,"A",.,"A",.,"A",.,"A"
"20161","03355511",23,0,"1",650,"D",65,"D",.,"A",65,"D",0,"D",.,"A",.,"A",585,"D",180,"D",.,"A",.,"A",.,"A",.,"A"
"20161","03355531",27,0,"1",3900,"D",0,"D",650,"D",1040,"D",0,"D",.,"A",.,"A",3900,"D",60,"D",.,"A",.,"A",.,"A",.,"A"
"20161","03355541",26,0,"1",1300,"D",260,"D",.,"A",0,"D",0,"D",.,"A",.,"A",1040,"D",0,"D",100,"D",1300,"D",.,"A",.,"A"
"20161","03355551",17,0,"1",3900,"D",650,"D",.,"A",0,"D",0,"D",.,"A",.,"A",3250,"D",0,"D",.,"A",.,"A",.,"A",.,"A"
"20161","03355561",36,0,"1",1300,"D",260,"D",.,"A",650,"D",75,"D",.,"A",.,"A",1040,"D",0,"D",.,"A",.,"A",.,"A",.,"A"
"20161","03355581",23,0,"1",1950,"D",390,"D",.,"A",455,"D",60,"D",.,"A",.,"A",1560,"D",60,"D",.,"A",.,"A",.,"A",.,"A"
"20161","03355593",12,0,"1",1300,"D",390,"D",.,"A",650,"D",0,"D",.,"A",.,"A",910,"D",150,"D",.,"A",.,"A",.,"A",.,"A"
"20161","03355621",25,0,"1",1812,"F",.,"A",.,"A",648,"F",144,"F",.,"A",.,"A",1569,"F",183,"F",.,"A",.,"A",.,"A",.,"A"
"20161","03355631",12,0,"1",0,"D",.,"A",.,"A",0,"D",0,"D",.,"A",.,"A",0,"D",0,"D",.,"A",.,"A",.,"A",.,"A"
"20161","03355653",9,0,"1",1339,"D",650,"D",.,"A",780,"D",60,"D",.,"A",.,"A",689,"D",0,"D",.,"A",.,"A",.,"A",.,"A"
"20161","03355661",12,0,"1",883,"F",.,"A",.,"A",534,"F",158,"F",.,"A",.,"A",721,"F",124,"F",.,"A",.,"A",.,"A",.,"A"
"20161","03355671",38,0,"1",780,"D",546,"D",.,"A",0,"D",0,"D",.,"A",.,"A",234,"D",0,"D",.,"A",.,"A",.,"A",.,"A"
"20161","03355691",25,0,"1",910,"D",650,"D",.,"A",2080,"D",0,"D",.,"A",.,"A",260,"D",0,"D",.,"A",.,"A",.,"A",.,"A"
"20161","03355701",24,0,"1",1040,"D",234,"D",.,"A",195,"D",0,"D",.,"A",.,"A",806,"D",0,"D",.,"A",.,"A",.,"A",.,"A"
"20161","03355751",21,0,"1",2470,"D",741,"D",.,"A",260,"D",0,"D",.,"A",.,"A",1729,"D",0,"D",.,"A",.,"A",.,"A",.,"A"
"20161","03355761",23,0,"1",650,"D",65,"D",.,"A",0,"D",0,"D",650,"D",.,"A",585,"D",0,"D",.,"A",.,"A",.,"A",.,"A"
"20161","03355771",19,0,"1",650,"D",260,"D",.,"A",260,"D",0,"D",.,"A",.,"A",390,"D",0,"D",.,"A",.,"A",.,"A",.,"A"
"20161","03355801",43,0,"1",1300,"D",260,"D",325,"D",325,"D",0,"D",.,"A",.,"A",1040,"D",0,"D",.,"A",.,"A",.,"A",.,"A"
"20161","03355811",23,0,"1",3250,"D",156,"D",.,"A",78,"D",0,"D",.,"A",.,"A",3094,"D",45,"D",15,"D",195,"D",.,"A",.,"A"
"20161","03355821",26,0,"1",780,"D",130,"D",.,"A",260,"D",0,"D",.,"A",.,"A",650,"D",0,"D",.,"A",.,"A",.,"A",.,"A"
"20161","03355831",8,0,"1",1040,"D",390,"D",.,"A",0,"D",0,"D",.,"A",.,"A",650,"D",0,"D",30,"D",390,"D",91,"D",7,"D"
"20161","03355851",27,0,"1",2226,"F",.,"A",.,"A",857,"F",0,"D",.,"A",142,"F",1817,"F",0,"D",.,"A",.,"A",.,"A",.,"A"
"20161","03355861",25,0,"1",650,"D",130,"D",260,"D",130,"D",0,"D",.,"A",.,"A",520,"D",0,"D",.,"A",.,"A",.,"A",.,"A"
"20161","03355881",10,0,"1",1300,"D",130,"D",.,"A",260,"D",0,"D",.,"A",.,"A",1170,"D",0,"D",.,"A",.,"A",.,"A",.,"A"
"20161","03355891",12,0,"1",975,"D",130,"D",.,"A",0,"D",0,"D",.,"A",.,"A",845,"D",0,"D",.,"A",.,"A",.,"A",.,"A"
"20161","03355901",22,0,"1",975,"D",260,"D",.,"A",2600,"D",60,"D",.,"A",.,"A",715,"D",150,"D",.,"A",.,"A",.,"A",.,"A"
"20161","03355911",28,0,"1",1820,"D",325,"D",1040,"D",650,"D",60,"D",.,"A",.,"A",1495,"D",0,"D",70,"D",910,"D",.,"A",.,"A"
"20161","03355931",18,0,"1",1950,"D",520,"D",.,"A",0,"D",6,"D",.,"A",.,"A",1430,"D",6,"D",.,"A",.,"A",.,"A",.,"A"
"20161","03355951",32,0,"1",1300,"D",195,"D",.,"A",130,"D",120,"D",.,"A",.,"A",1105,"D",300,"D",.,"A",.,"A",130,"D",10,"D"
"20161","03355962",16,0,"1",975,"D",0,"D",.,"A",0,"D",0,"D",.,"A",.,"A",975,"D",0,"D",.,"A",.,"A",.,"A",.,"A"
"20161","03355971",36,0,"1",650,"D",130,"D",.,"A",260,"D",0,"D",.,"A",.,"A",520,"D",0,"D",.,"A",.,"A",.,"A",.,"A"
"20161","03355981",18,0,"1",650,"D",65,"D",.,"A",0,"D",0,"D",.,"A",.,"A",585,"D",0,"D",.,"A",.,"A",.,"A",.,"A"
"20161","03355991",29,0,"1",260,"D",0,"D",.,"A",325,"D",0,"D",.,"A",.,"A",260,"D",150,"D",.,"A",.,"A",.,"A",.,"A"
"20161","03356001",31,0,"1",1040,"D",780,"D",390,"D",650,"D",150,"D",.,"A",.,"A",260,"D",600,"D",.,"A",.,"A",.,"A",.,"A"
"20161","03356011",27,0,"1",1300,"D",65,"D",.,"A",390,"D",0,"D",.,"A",.,"A",1235,"D",0,"D",.,"A",.,"A",.,"A",.,"A"
"20161","03356081",18,0,"1",325,"D",130,"D",.,"A",0,"D",0,"D",.,"A",.,"A",195,"D",0,"D",.,"A",.,"A",.,"A",.,"A"
"20161","03356091",9,0,"1",780,"D",0,"D",.,"A",0,"D",0,"D",.,"A",.,"A",780,"D",0,"D",.,"A",.,"A",.,"A",.,"A"
"20161","03356121",31,0,"1",1950,"D",975,"D",.,"A",650,"D",0,"D",.,"A",.,"A",975,"D",600,"D",50,"D",650,"D",.,"A",.,"A"
"20161","03356131",26,0,"1",1300,"D",130,"D",.,"A",0,"D",0,"D",.,"A",.,"A",1170,"D",0,"D",.,"A",.,"A",.,"A",.,"A"
"20161","03356141",59,0,"1",1040,"D",130,"D",.,"A",390,"D",0,"D",.,"A",.,"A",910,"D",0,"D",.,"A",.,"A",.,"A",.,"A"
"20161","03356151",17,0,"1",1300,"D",390,"D",.,"A",0,"D",0,"D",.,"A",.,"A",910,"D",0,"D",.,"A",.,"A",.,"A",.,"A"
"20161","03356181",26,0,"1",2600,"D",780,"D",.,"A",1300,"D",0,"D",.,"A",.,"A",1820,"D",0,"D",.,"A",.,"A",.,"A",.,"A"
"20161","03356191",34,0,"1",260,"D",0,"D",.,"A",0,"D",60,"D",.,"A",.,"A",260,"D",60,"D",50,"D",650,"D",52,"D",4,"D"
"20161","03356221",16,0,"1",325,"D",26,"D",.,"A",0,"D",0,"D",.,"A",.,"A",299,"D",0,"D",30,"D",390,"D",.,"A",.,"A"
"20161","03356231",37,0,"1",1040,"D",520,"D",.,"A",0,"D",30,"D",.,"A",.,"A",520,"D",60,"D",.,"A",.,"A",.,"A",.,"A"
"20161","03356291",22,0,"1",1625,"D",325,"D",.,"A",0,"D",0,"D",.,"A",.,"A",1300,"D",0,"D",.,"A",.,"A",.,"A",.,"A"
"20161","03356331",14,0,"1",1625,"D",0,"D",325,"D",325,"D",0,"D",.,"A",.,"A",1625,"D",90,"D",.,"A",.,"A",.,"A",.,"A"
"20161","03356341",25,0,"1",1846,"D",195,"D",.,"A",130,"D",0,"D",.,"A",.,"A",1651,"D",0,"D",.,"A",.,"A",.,"A",.,"A"
"20161","03356361",19,0,"1",975,"D",195,"D",.,"A",0,"D",0,"D",.,"A",.,"A",780,"D",0,"D",.,"A",.,"A",.,"A",.,"A"
"20161","03356371",18,0,"1",975,"D",195,"D",.,"A",130,"D",0,"D",.,"A",.,"A",780,"D",0,"D",.,"A",.,"A",.,"A",.,"A"
"20161","03356381",18,0,"1",3250,"D",650,"D",.,"A",1950,"D",6,"D",.,"A",.,"A",2600,"D",6,"D",.,"A",.,"A",.,"A",.,"A"
