"NEWID","TAX_UNIT","TAXYR_CY","TAXYR_PY","DEPCNT","FICAR_CY","FICAR_PY","FILESTAT","FRATE_CY","FRATE_PY","SOI_ST","SOI_ST_","SRATE_CY","SRATE_PY","T65CT_CY","T65C__CY","T65CT_PY","T65C__PY","WAGE_HD","WAGE_HD_","WAGE_SP","WAGE_SP_","OTHTXINC","OTHT_INC","TAXPENS","TAXPENS_","SOSSECB","SOSSECB_","NONTXINC","NONT_INC","RNTPAID","RNTPAID_","PROPTXPD","PROP_XPD","AMTDEDCT","AMTD_DCT","CHLDCARE","CHLD_ARE","DEPUND17","DEPU_D17","OTHDEDCT","OTHD_DCT","FTAXOWE","STAXOWE","FTAXO_PY","FTAXO_CY","STAXO_PY","STAXO_CY","FICA_PY","FICA_CY","FDAGI_PY","FDAGI_CY","STAGI_PY","STAGI_CY","CHDTX_PY","CHDTX_CY","ADDTX_PY","ADDTX_CY","DPCAR_PY","DPCAR_CY","EITCR_PY","EITCR_CY","AMTIN_PY","AMTIN_CY","AMTOW_PY","AMTOW_CY","FRGTX_PY","FRGTX_CY","FTXBC_PY","FTXBC_CY","SSTDD_PY","SSTDD_CY","SITDD_PY","SITDD_CY","SPRCR_PY","SPRCR_CY","SDCAR_PY","SDCAR_CY","SEITC_PY","SEITC_CY","DIVINC"
"03248824",1,"2015","2014",3,0.029,0.029,"3",0.325,0.325,"45","D",0.05,0.05,0,"D",0,"D",130000,"D",0,"D",0,"D",0,"D",0,"D",0,"D",21600,"D",0,"D",2470,"D",0,"D",2,"D",0,"D",20732,6500,20897.5,20566,6500,6500,18278,18464,130000,130000,130000.01,130000.01,0,0,0,0,0,0,0,0,130000,130000,210,56,20687.5,20510,20687.5,20510,0,0,0,0,0,0,0,0,0,0,0
"03248844",1,"2015","2014",2,0,0,"3",-0.4,-0.4,"47","D",0,0,0,"D",0,"D",0,"D",0,"D",400,"D",6800,"D",0,"D",0,"D",0,"D",3000,"D",720,"D",0,"D",0,"D",9211,"D",0,0,0,0,0,0,0,0,7200,7200,7200.01,7200.01,0,0,0,0,0,0,0,0,7200,7200,0,0,0,0,0,0,3000,3000,0,0,0,0,0,0,0,0,0
"03248864",1,"2015","2014",0,0.153,0.153,"2",0.1402,0.1402,"50","D",0.0652,0.0652,0,"D",0,"D",90000,"D",0,"D",3500,"D",0,"D",0,"D",0,"D",0,"D",3500,"D",1515,"D",0,"D",0,"D",7292,"D",9372,4664,9386.02,9357.73,4669.55,4658.11,13770,13770,93500,93500,93500.01,93500.01,0,0,0,0,0,0,0,0,86208,86208,0,0,9386.02,9357.73,9386.02,9357.73,3771.6,4146.86,7292,7292,0,0,0,0,0,0,0
"03248884",1,"2015","2014",0,0,0,"1",0,0,"11","D",0,0,1,"D",1,"D",0,"D",0,"D",377,"D",4100,"D",21862,"D",0,"D",0,"D",3400,"D",6668,"D",0,"D",0,"D",8200,"D",0,0,0,0,0,0,0,0,4477,4477,0,0,0,0,0,0,0,0,0,0,4477,4477,0,0,0,0,0,0,3600,3600,0,0,0,0,0,0,0,0,0
"03248894",1,"2015","2014",1,0.153,0.153,"3",0,0,"33","D",0.042,0.042,0,"D",0,"D",16600,"D",0,"D",0,"D",0,"D",0,"D",0,"D",0,"D",5000,"D",40,"D",0,"D",0,"D",4608,"D",-3332,-960,-3305,-3359,-949.3,-971.5,2539.8,2539.8,16600,16600,16600.01,16600.01,0,0,0,0,0,0,3305,3359,16600,16600,0,0,0,0,0,0,10950,11100,0,0,43.8,43.8,0,0,915.19,931.39,0
"03248904",1,"2015","2014",0,0.153,0.153,"2",0.15,0.15,"28","D",0.0501,0.0684,0,"D",0,"D",40200,"D",36000,"D",-5150,"D",0,"D",0,"D",0,"D",0,"D",2700,"D",635,"D",0,"D",0,"D",4460,"D",6675,2073,6705,6645,2091.26,2055.7,11658.6,11658.6,71050,71050,71050.01,71050.01,0,0,0,0,0,0,0,0,71050,71050,0,0,6705,6645,6705,6645,12400,12600,0,0,0,0,0,0,0,0,0
"03248934",1,"2015","2014",0,0.153,0.153,"1",0.2285,0.2285,"24","D",0.0859,0.0859,0,"D",0,"D",57699,"D",0,"D",0,"D",0,"D",0,"D",0,"D",0,"D",2400,"D",30,"D",0,"D",0,"D",6932,"D",6347,2274,6383.49,6310.71,2278.05,2269.17,8827.95,8827.95,57699,57699,57699.01,57699.01,0,0,0,0,0,0,0,0,50767,50767,0,0,6383.49,6310.71,6383.49,6310.71,0,0,11640.05,11631.17,431.44,431.44,0,0,0,0,0
"03248934",2,"2015","2014",0,0.153,0.153,"1",0.15,0.15,"24","D",0.0705,0.0705,0,"D",0,"D",46210,"D",0,"D",-2311,"D",0,"D",0,"D",0,"D",0,"D",0,"D",0,"D",0,"D",0,"D",0,"D",4594,1952,4608.6,4578.6,1959.5,1943.58,7070.13,7070.13,43899,43899,43899.01,43899.01,0,0,0,0,0,0,0,0,43899,43899,0,0,4608.6,4578.6,4608.6,4578.6,6200,6300,0,0,0,0,0,0,0,0,0
"03248964",1,"2015","2014",2,0.153,0.153,"2",0.15,0.15,"10","D",0,0,0,"D",0,"D",37000,"D",37000,"D",0,"D",0,"D",0,"D",0,"D",14400,"D",0,"D",0,"D",0,"D",2,"D",0,"D",3925,0,3962.5,3887.5,0,0,11322,11322,74000,74000,0,0,2000,2000,0,0,0,0,0,0,74000,74000,0,0,5962.5,5887.5,5962.5,5887.5,0,0,0,0,0,0,0,0,0,0,0
"03248984",1,"2015","2014",2,0,0,"3",-0.4,-0.4,"05","D",0,0,0,"D",0,"D",0,"D",0,"D",0,"D",0,"D",0,"D",0,"D",0,"D",1600,"D",0,"D",0,"D",0,"D",1138,"D",0,0,0,0,0,0,0,0,0,0,0.01,0.01,0,0,0,0,0,0,0,0,0,0,0,0,0,0,0,0,7984,8088,2738,2738,0,0,0,0,0,0,0
"03249014",1,"2015","2014",0,0,0,"1",0,0,"05","D",0,0,1,"D",1,"D",0,"D",0,"D",84,"D",0,"D",16822,"D",0,"D",0,"D",1600,"D",79,"D",0,"D",0,"D",20,"D",0,0,0,0,0,0,0,0,84,84,84.01,84.01,0,0,0,0,0,0,0,0,84,84,0,0,0,0,0,0,3992,4044,1699,1699,0,0,0,0,0,0,0
"03249024",1,"2015","2014",0,0.153,0.153,"1",0.15,0.15,"19","D",0.034,0.034,0,"D",0,"D",25000,"D",0,"D",0,"D",0,"D",0,"D",0,"D",7200,"D",0,"D",0,"D",0,"D",0,"D",0,"D",1759,600,1773.75,1743.75,599.05,600.25,3825,3825,25000,25000,25000.01,25000.01,0,0,0,0,0,0,0,0,25000,25000,0,0,1773.75,1743.75,1773.75,1743.75,0,0,0,0,0,0,0,0,0,0,0
"03249044",1,"2015","2014",3,0.153,0.153,"3",0.3106,0.3106,"0","T",0,0,0,"D",0,"D",31305,"D",0,"D",300,"D",0,"D",0,"D",0,"D",0,"D",6000,"D",0,"D",0,"D",2,"D",8616,"D",-5216,0,-5123.08,-5309.48,0,0,4789.66,4789.66,31605,31605,0,0,118.9,98.9,1881.1,1901.1,0,0,3241.98,3408.38,22989,22989,0,0,118.9,98.9,118.9,98.9,0,0,0,0,0,0,0,0,0,0,0
"03249054",1,"2015","2014",0,0.153,0.153,"1",0,0,"39","D",0,0,1,"D",1,"D",1349,"D",0,"D",4,"D",793,"D",20650,"D",0,"D",0,"D",3300,"D",0,"D",0,"D",0,"D",560,"D",0,0,0,0,0,0,206.4,206.4,2146,2146,1353.01,1353.01,0,0,0,0,0,0,0,0,2146,2146,0,0,0,0,0,0,0,0,0,0,0,0,0,0,0,0,0
"03249064",1,"2015","2014",0,0,0,"1",0.25,0.25,"0","T",0,0,0,"D",0,"D",0,"D",0,"D",77021,"D",0,"D",0,"D",0,"D",0,"D",2400,"D",51,"D",0,"D",0,"D",0,"D",12524,0,12574,12474,0,0,0,0,77021,77021,0,0,0,0,0,0,0,0,0,0,77021,77021,0,0,12574,12474,12574,12474,0,0,0,0,0,0,0,0,0,0,0
"03249094",1,"2015","2014",0,0.153,0.153,"2",0.15,0.25,"22","D",0.0515,0.052,0,"D",0,"D",83261,"D",0,"D",0,"D",12000,"D",0,"D",0,"D",0,"D",3200,"D",1139,"D",0,"D",0,"D",200,"D",10365,4371,10452.75,10276.65,4391.97,4349.74,12738.93,12738.93,95261,95261,95261.01,95261.01,0,0,0,0,0,0,0,0,95261,95261,0,0,10452.75,10276.65,10452.75,10276.65,0,0,0,0,0,0,0,0,0,0,0
"03249104",1,"2015","2014",2,0,0,"3",-0.4,-0.4,"33","D",-0.118,-0.118,0,"D",0,"D",0,"D",0,"D",1200,"D",1300,"D",0,"D",0,"D",0,"D",6200,"D",250,"D",0,"D",0,"D",2419,"D",0,-274,0,0,-274.4,-274.4,0,0,2500,2500,2500.01,2500.01,0,0,0,0,0,0,0,0,2500,2500,0,0,0,0,0,0,10950,11100,0,0,74.4,74.4,0,0,0,0,0
"03249114",1,"2015","2014",0,0.153,0.153,"1",0.2371,0.237,"22","D",0.0515,0.052,0,"D",0,"D",68000,"D",0,"D",-3123,"D",0,"D",0,"D",0,"D",0,"D",2000,"D",0,"D",0,"D",0,"D",6964,"D",8053,3026,8086.8,8019.11,3040.8,3011.57,10404,10404,64877,64877,64877.01,64877.01,0,0,0,0,0,0,0,0,57913,57913,0,0,8086.8,8019.11,8086.8,8019.11,0,0,0,0,0,0,0,0,0,0,0
"03249124",1,"2015","2014",0,0.153,0.153,"1",0.2339,0.2339,"33","D",0.0645,0.0645,0,"D",0,"D",85000,"D",0,"D",-5127,"D",0,"D",0,"D",0,"D",0,"D",6000,"D",0,"D",0,"D",0,"D",9600,"D",9946,3813,9982.82,9909.76,3816.72,3808.95,13005,13005,79873,79873,79873.01,79873.01,0,0,0,0,0,0,0,0,70273,70273,0,0,9982.82,9909.76,9982.82,9909.76,7800,7900,15600,15600,0,0,0,0,0,0,0
"03249134",1,"2015","2014",0,0,0,"1",0.2485,0.2485,"48","D",0,0,1,"D",1,"D",0,"D",0,"D",0,"D",96696,"D",0,"D",0,"D",0,"D",5270,"D",120,"D",0,"D",0,"D",31728,"D",9487,0,9524.18,9449.18,0,0,0,0,96696,96696,0,0,0,0,0,0,0,0,0,0,64968,64968,0,0,9524.18,9449.18,9524.18,9449.18,0,0,0,0,0,0,0,0,0,0,0
"03249144",1,"2015","2014",3,0.153,0.153,"3",0.2106,0.2106,"05","D",0,0,0,"D",0,"D",21359,"D",0,"D",0,"D",0,"D",0,"D",0,"D",0,"D",1500,"D",0,"D",0,"D",0,"D",1640,"D",-5483,0,-5399.79,-5566.18,0,0,3267.93,3267.93,21359,21359,21359.01,21359.01,0,0,0,0,0,0,5399.79,5566.18,21359,21359,0,0,0,0,0,0,7984,8088,3140,3140,0,0,0,0,0,0,0
"03249154",1,"2015","2014",0,0.153,0.153,"1",0.25,0.25,"0","T",0,0,0,"D",0,"D",54174,"D",0,"D",0,"D",0,"D",0,"D",0,"D",0,"D",1000,"D",783,"D",0,"D",0,"D",0,"D",6812,0,6862.25,6762.25,0,0,8288.62,8288.62,54174,54174,0,0,0,0,0,0,0,0,0,0,54174,54174,0,0,6862.25,6762.25,6862.25,6762.25,0,0,0,0,0,0,0,0,0,0,0
"03249194",1,"2015","2014",0,0.073,0.073,"2",0.35,0.35,"05","D",0.093,0.093,0,"D",0,"D",90000,"D",228786,"D",0,"D",0,"D",0,"D",0,"D",0,"D",6000,"D",50,"D",0,"D",0,"D",8688,"D",70646,23045,70941.3,70351.3,23078.05,23011.33,35531.87,35717.87,318786,318786,318786.01,318786.01,0,0,0,0,0,0,0,0,310098,310098,4501.25,4444.56,66440.05,65906.74,66440.05,65906.74,7984,8088,14738,14738,0,0,0,0,0,0,0
"03249194",2,"2015","2014",0,0.153,0.153,"1",0.25,0.25,"05","D",0.08,0.08,0,"D",0,"D",50000,"D",0,"D",0,"D",0,"D",0,"D",0,"D",0,"D",0,"D",0,"D",0,"D",0,"D",0,"D",5769,1728,5818.75,5718.75,1742.75,1713.82,7650,7650,50000,50000,50000.01,50000.01,0,0,0,0,0,0,0,0,50000,50000,0,0,5818.75,5718.75,5818.75,5718.75,3992,4044,0,0,0,0,0,0,0,0,0
"03249204",1,"2015","2014",0,0.153,0.153,"2",0.25,0.25,"22","D",0.0515,0.052,0,"D",0,"D",79467,"D",49920,"D",-3800,"D",0,"D",0,"D",0,"D",0,"D",2400,"D",3222,"D",0,"D",0,"D",0,"D",17934,5837,18034.25,17834.25,5864.92,5808.53,19796.21,19796.21,125587,125587,125587.01,125587.01,0,0,0,0,0,0,0,0,125587,125587,0,0,18034.25,17834.25,18034.25,17834.25,0,0,0,0,0,0,0,0,0,0,0
"03249234",1,"2015","2014",5,0,0,"3",-0.0765,-0.0765,"37","D",0,0,0,"D",0,"D",0,"D",0,"D",3990,"D",0,"D",0,"D",7783,"D",600,"D",0,"D",0,"D",0,"D",5,"D",0,"D",0,-240,0,0,-240,-240,0,0,3990,3990,3990.01,3990.01,0,0,0,0,0,0,0,0,3990,3990,0,0,0,0,0,0,9100,9250,0,0,0,0,0,0,0,0,0
"03249244",1,"2015","2014",0,0.153,0.153,"2",0.15,0.15,"0","T",0,0,2,"D",2,"D",0,"D",1000,"D",1777,"D",24024,"D",23624,"D",0,"D",0,"D",250,"D",795,"D",0,"D",0,"D",5600,"D",721,0,740.75,700.75,0,0,153,153,30107.5,30107.5,0,0,0,0,0,0,0,0,0,0,30107.5,30107.5,0,0,740.75,700.75,740.75,700.75,0,0,0,0,0,0,0,0,0,0,0
"03249264",1,"2015","2014",0,0.153,0.153,"2",0.15,0.15,"33","D",0.059,0.059,0,"D",0,"D",0,"D",54703,"D",0,"D",0,"D",0,"D",0,"D",0,"D",7000,"D",910,"D",0,"D",0,"D",0,"D",4223,1864,4252.95,4192.95,1874.6,1852.66,8369.56,8369.56,54703,54703,54703.01,54703.01,0,0,0,0,0,0,0,0,54703,54703,0,0,4252.95,4192.95,4252.95,4192.95,15650,15850,0,0,0,0,0,0,0,0,0
"03249294",1,"2015","2014",3,0.0757,0.0757,"2",0.35,0.35,"10","D",0,0,0,"D",0,"D",228786,"D",100000,"D",0,"D",0,"D",0,"D",0,"D",0,"D",11000,"D",0,"D",0,"D",2,"D",0,"D",77187,0,77482.1,76892.1,0,0,37151.87,37337.87,328786,328786,0,0,0,0,0,0,0,0,0,0,328786,328786,2450.13,2624.54,75031.98,74267.56,75031.98,74267.56,0,0,0,0,0,0,0,0,0,0,0
"03249294",2,"2015","2014",0,0,0,"2",0,0,"10","D",0,0,2,"D",2,"D",0,"D",0,"D",0,"D",0,"D",0,"D",0,"D",0,"D",0,"D",0,"D",0,"D",0,"D",0,"D",0,0,0,0,0,0,0,0,0,0,0,0,0,0,0,0,0,0,0,0,0,0,0,0,0,0,0,0,0,0,0,0,0,0,0,0,0,0,0
"03249334",1,"2015","2014",0,0.153,0.153,"1",0.2413,0.2408,"36","D",0.0346,0.037,0,"D",0,"D",59400,"D",0,"D",0,"D",0,"D",0,"D",0,"D",0,"D",3100,"D",0,"D",0,"D",0,"D",5580,"D",7130,1524,7155.34,7105.14,1573.64,1474.45,9088.2,9088.2,59400,59400,59400.01,59400.01,0,0,0,0,0,0,0,0,53820,53820,0,0,7155.34,7105.14,7155.34,7105.14,0,0,0,0,0,0,0,0,0,0,0
"03249344",1,"2015","2014",0,0,0,"1",0.2775,0.2775,"10","D",0,0,1,"D",1,"D",0,"D",0,"D",0,"D",30000,"D",23062,"D",0,"D",0,"D",1750,"D",683,"D",0,"D",0,"D",0,"D",3911,0,3926.45,3896.45,0,0,0,0,40901.35,40901.35,0,0,0,0,0,0,0,0,0,0,40901.35,40901.35,0,0,3926.45,3896.45,3926.45,3896.45,0,0,0,0,0,0,0,0,0,0,0
"03249344",2,"2015","2014",0,0,0,"1",0.15,0.15,"10","D",0,0,1,"D",1,"D",0,"D",0,"D",0,"D",30000,"D",4462,"D",0,"D",0,"D",0,"D",0,"D",0,"D",0,"D",0,"D",2611,0,2625.9,2595.9,0,0,0,0,32231,32231,0,0,0,0,0,0,0,0,0,0,32231,32231,0,0,2625.9,2595.9,2625.9,2595.9,0,0,0,0,0,0,0,0,0,0,0
"03249354",1,"2015","2014",1,0.153,0.153,"2",0.1405,0.1405,"45","D",0.063,0.063,0,"D",0,"D",35000,"D",50000,"D",0,"D",0,"D",0,"D",0,"D",0,"D",1100,"D",754,"D",0,"D",1,"D",16368,"D",5808,3369,5825.44,5789.79,3375.09,3362.76,13005,13005,85000,85000,85000.01,85000.01,1000,1000,0,0,0,0,0,0,68632,68632,0,0,6825.44,6789.79,6825.44,6789.79,0,0,0,0,0,0,0,0,0,0,0
"03249364",1,"2015","2014",2,0,0,"3",-0.4,-0.4,"45","D",0,0,0,"D",0,"D",0,"D",0,"D",0,"D",1265,"D",0,"D",0,"D",0,"D",1600,"D",127,"D",0,"D",0,"D",5079,"D",0,0,0,0,0,0,0,0,1265,1265,1265.01,1265.01,0,0,0,0,0,0,0,0,1265,1265,0,0,0,0,0,0,0,0,0,0,0,0,0,0,0,0,0
"03249374",1,"2015","2014",0,0.153,0.153,"2",0.2267,0.2267,"05","D",0.093,0.093,0,"D",0,"D",52000,"D",84482,"D",-9092,"D",0,"D",0,"D",0,"D",0,"D",7490,"D",1070,"D",0,"D",0,"D",9508,"D",15759,4935,15825.87,15692.55,4968.53,4901.82,20881.75,20881.75,127390,127390,127390.01,127390.01,0,0,0,0,0,0,0,0,117882,117882,0,0,15825.87,15692.55,15825.87,15692.55,7984,8088,18068,18068,0,0,0,0,0,0,0
"03249384",1,"2015","2014",0,0,0,"1",0,0,"23","D",0,0,1,"D",1,"D",0,"D",0,"D",0,"D",0,"D",18982,"D",0,"D",8400,"D",750,"D",371,"D",0,"D",0,"D",360,"D",0,-1200,0,0,-1200,-1200,0,0,0,0,0.01,0.01,0,0,0,0,0,0,0,0,0,0,0,0,0,0,0,0,0,0,0,0,1200,1200,0,0,0,0,0
"03249414",1,"2015","2014",1,0.153,0.153,"3",0.15,0.15,"44","D",0,0,0,"D",0,"D",58093,"D",0,"D",0,"D",0,"D",0,"D",0,"D",0,"D",3500,"D",0,"D",0,"D",0,"D",4784,"D",5493,0,5516.45,5468.95,0,0,8888.23,8888.23,58093,58093,0,0,0,0,0,0,0,0,0,0,58093,58093,0,0,5516.45,5468.95,5516.45,5468.95,0,0,0,0,0,0,0,0,0,0,0
"03249414",2,"2015","2014",0,0.153,0.153,"1",0.15,0.15,"44","D",0,0,0,"D",0,"D",45600,"D",0,"D",0,"D",0,"D",0,"D",0,"D",0,"D",0,"D",0,"D",0,"D",0,"D",0,"D",4849,0,4863.75,4833.75,0,0,6976.8,6976.8,45600,45600,0,0,0,0,0,0,0,0,0,0,45600,45600,0,0,4863.75,4833.75,4863.75,4833.75,0,0,0,0,0,0,0,0,0,0,0
"03249434",1,"2015","2014",2,0,0,"3",-0.4,-0.4,"0","T",0,0,0,"D",0,"D",0,"D",0,"D",0,"D",0,"D",0,"D",0,"D",0,"D",1400,"D",0,"D",0,"D",0,"D",158,"D",0,0,0,0,0,0,0,0,0,0,0,0,0,0,0,0,0,0,0,0,0,0,0,0,0,0,0,0,0,0,0,0,0,0,0,0,0,0,0
"03249464",1,"2015","2014",2,0,0,"3",-0.4,-0.4,"05","D",0,0,0,"D",0,"D",0,"D",0,"D",0,"D",0,"D",0,"D",0,"D",0,"D",4000,"D",0,"D",0,"D",0,"D",2484,"D",0,0,0,0,0,0,0,0,0,0,0.01,0.01,0,0,0,0,0,0,0,0,0,0,0,0,0,0,0,0,7984,8088,6484,6484,0,0,0,0,0,0,0
"03249494",1,"2015","2014",0,0.0561,0.0561,"2",0.2406,0.2375,"14","D",0.0375,0.05,0,"D",0,"D",125000,"D",35000,"D",-8150,"D",0,"D",0,"D",0,"D",0,"D",9000,"D",1250,"D",0,"D",0,"D",10780,"D",20866,6007,20710,21021.72,6930,5083.13,23488,23674,151850,151850,151850.01,151850.01,0,0,0,0,0,0,0,0,141070,141070,0,0,20710,21021.72,20710,21021.72,0,0,0,0,450,450,0,0,0,0,0
"03249494",2,"2015","2014",1,0,0,"3",-0.34,-0.34,"14","D",-0.034,-0.034,0,"D",0,"D",0,"D",0,"D",0,"D",0,"D",0,"D",0,"D",0,"D",0,"D",0,"D",0,"D",0,"D",0,"D",0,0,0,0,0,0,0,0,0,0,0.01,0.01,0,0,0,0,0,0,0,0,0,0,0,0,0,0,0,0,0,0,0,0,0,0,0,0,0,0,0
"03249514",1,"2015","2014",0,0.153,0.153,"2",0.25,0.25,"0","T",0,0,0,"D",0,"D",77065,"D",42603,"D",0,"D",0,"D",0,"D",0,"D",0,"D",900,"D",525,"D",0,"D",0,"D",6256,"D",16455,0,16554.5,16354.5,0,0,18309.2,18309.2,119668,119668,0,0,0,0,0,0,0,0,0,0,119668,119668,0,0,16554.5,16354.5,16554.5,16354.5,0,0,0,0,0,0,0,0,0,0,0
"03249524",1,"2015","2014",3,0.153,0.153,"3",-0.45,-0.45,"44","D",0,0,0,"D",0,"D",1300,"D",0,"D",0,"D",0,"D",0,"D",0,"D",24000,"D",0,"D",0,"D",0,"D",2,"D",0,"D",-585,0,-585,-585,0,0,198.9,198.9,1300,1300,0,0,0,0,0,0,0,0,585,585,1300,1300,0,0,0,0,0,0,0,0,0,0,0,0,0,0,0,0,0
"03249534",1,"2015","2014",1,0.153,0.153,"3",0.2598,0.2598,"10","D",0,0,0,"D",0,"D",19727,"D",0,"D",0,"D",0,"D",0,"D",0,"D",10440,"D",0,"D",120,"D",0,"D",0,"D",0,"D",-2794,0,-2729.16,-2859.3,0,0,3018.23,3018.23,19727,19727,0,0,0,0,0,0,0,0,3001.86,3107,19727,19727,0,0,272.7,247.7,272.7,247.7,0,0,0,0,0,0,0,0,0,0,0
"03249544",1,"2015","2014",2,0.153,0.153,"3",0,0.2106,"50","D",0.0703,0.0935,0,"D",0,"D",18000,"D",0,"D",0,"D",0,"D",0,"D",0,"D",0,"D",3600,"D",0,"D",0,"D",2,"D",0,"D",-7486,-1096,-7424.2,-7548,-1088.7,-1102.32,2754,2754,18000,18000,18000.01,18000.01,0,0,2000,2000,0,0,5424.2,5548,18000,18000,0,0,0,0,0,0,12234.6,12513.05,0,0,492.04,492.04,0,0,596.66,610.28,0
"03249544",2,"2015","2014",0,0.153,0.153,"1",0.15,0.15,"50","D",0.0702,0.0702,0,"D",0,"D",33000,"D",0,"D",0,"D",0,"D",0,"D",0,"D",0,"D",0,"D",0,"D",0,"D",0,"D",0,"D",2959,1228,2973.75,2943.75,1236.31,1218.79,5049,5049,33000,33000,33000.01,33000.01,0,0,0,0,0,0,0,0,33000,33000,0,0,2973.75,2943.75,2973.75,2943.75,7884,8083.65,0,0,0,0,0,0,0,0,0
"03249554",1,"2015","2014",0,0.0616,0.0616,"2",0.25,0.28,"44","D",0,0,0,"D",0,"D",126296,"D",45000,"D",-450,"D",0,"D",0,"D",0,"D",0,"D",5600,"D",0,"D",0,"D",0,"D",4800,"D",29274,0,29399.88,29149,0,0,25055.58,25241.58,170846,170846,0,0,0,0,0,0,0,0,0,0,170846,170846,0,0,29399.88,29149,29399.88,29149,0,0,0,0,0,0,0,0,0,0,0
"03249584",1,"2015","2014",2,0.0479,0.0479,"2",0.2381,0.2369,"21","D",0.0475,0.0525,0,"D",0,"D",128760,"D",23181,"D",0,"D",0,"D",0,"D",0,"D",0,"D",6800,"D",0,"D",0,"D",2,"D",11360,"D",19626,5975,19705.37,19547.48,6009.5,5941.1,21788.73,21974.73,151941,151941,150741.01,150741.01,0,0,0,0,0,0,0,0,140581,140581,0,0,19705.37,19547.48,19705.37,19547.48,4000,4000,18160,18160,0,0,0,0,0,0,0
"03249614",1,"2015","2014",0,0.029,0.029,"2",0.254,0.254,"05","D",0.093,0.093,0,"D",0,"D",0,"D",228786,"D",-4800,"D",0,"D",0,"D",0,"D",43356,"D",0,"D",0,"D",0,"D",0,"D",0,"D",43481,14852,43581.95,43379.83,14889.77,14813.38,21142.79,21328.79,223986,223986,223986.01,223986.01,0,0,0,0,0,0,0,0,223986,223986,0,0,43581.95,43379.83,43581.95,43379.83,7984,8088,0,0,0,0,0,0,0,0,0
"03249624",1,"2015","2014",0,0,0,"1",-0.0765,-0.0765,"19","D",-0.0027,-0.0027,0,"D",0,"D",0,"D",0,"D",0,"D",0,"D",0,"D",0,"D",4140,"D",0,"D",0,"D",0,"D",0,"D",0,"D",0,0,0,0,0,0,0,0,0,0,0.01,0.01,0,0,0,0,0,0,0,0,0,0,0,0,0,0,0,0,0,0,0,0,0,0,0,0,0,0,0
"03249644",1,"2015","2014",0,0,0,"1",-0.0765,-0.0765,"19","D",-0.0027,-0.0027,0,"D",0,"D",0,"D",0,"D",0,"D",0,"D",0,"D",0,"D",4140,"D",0,"D",0,"D",0,"D",0,"D",0,"D",0,0,0,0,0,0,0,0,0,0,0.01,0.01,0,0,0,0,0,0,0,0,0,0,0,0,0,0,0,0,0,0,0,0,0,0,0,0,0,0,0
"03249654",1,"2015","2014",0,0,0,"1",0,0,"43","D",0,0,1,"D",1,"D",0,"D",0,"D",0,"D",2406,"D",14400,"D",0,"D",0,"D",1400,"D",174,"D",0,"D",0,"D",9008,"D",0,0,0,0,0,0,0,0,2406,2406,0,0,0,0,0,0,0,0,0,0,2406,2406,0,0,0,0,0,0,0,0,0,0,0,0,0,0,0,0,0
"03249674",1,"2015","2014",1,0.153,0.153,"3",0.2439,0.2439,"31","D",0.0245,0.0245,0,"D",0,"D",80000,"D",0,"D",0,"D",0,"D",0,"D",0,"D",0,"D",9200,"D",760,"D",0,"D",0,"D",4792,"D",8379,1253,8436.16,8321.16,1253.35,1253.35,12240,12240,80000,80000,80000.01,80000.01,0,0,0,0,0,0,0,0,75208,75208,0,0,8436.16,8321.16,8436.16,8321.16,0,0,0,0,0,0,0,0,0,0,0
"03249684",1,"2015","2014",2,0.153,0.153,"3",0,0,"18","D",0,0,0,"D",0,"D",16000,"D",0,"D",0,"D",169,"D",0,"D",0,"D",0,"D",0,"D",25,"D",0,"D",0,"D",300,"D",-5504,0,-5460,-5548,0,0,2448,2448,16169,16169,16000.01,16000.01,0,0,0,0,0,0,5460,5548,16169,16169,0,0,0,0,0,0,2400,2440,325,325,0,0,0,0,0,0,0
"03249694",1,"2015","2014",0,0.153,0.153,"1",0.15,0.15,"10","D",0,0,0,"D",0,"D",36000,"D",0,"D",0,"D",0,"D",0,"D",0,"D",0,"D",300,"D",0,"D",0,"D",0,"D",0,"D",3409,0,3423.75,3393.75,0,0,5508,5508,36000,36000,0,0,0,0,0,0,0,0,0,0,36000,36000,0,0,3423.75,3393.75,3423.75,3393.75,0,0,0,0,0,0,0,0,0,0,0
"03249704",1,"2015","2014",1,0.029,0.029,"2",0.25,0.25,"44","D",0,0,0,"D",0,"D",160000,"D",0,"D",0,"D",0,"D",0,"D",0,"D",0,"D",2000,"D",600,"D",0,"D",1,"D",0,"D",25544,0,25650,25437.5,0,0,19148,19334,160000,160000,0,0,0,0,0,0,0,0,0,0,160000,160000,0,0,25650,25437.5,25650,25437.5,0,0,0,0,0,0,0,0,0,0,0
"03249714",1,"2015","2014",0,0,0,"1",0,0,"03","D",0,0,1,"D",1,"D",0,"D",0,"D",2,"D",0,"D",21310,"D",0,"D",0,"D",1800,"D",9,"D",0,"D",0,"D",0,"D",0,-25,0,0,-25,-25,0,0,2,2,2.01,2.01,0,0,0,0,0,0,0,0,2,2,0,0,0,0,0,0,5009,5091,2138.17,2138.17,0,0,0,0,0,0,0
"03249744",1,"2015","2014",0,0,0,"1",0,0,"19","D",0,0,1,"D",1,"D",0,"D",0,"D",0,"D",0,"D",13858,"D",0,"D",0,"D",30,"D",0,"D",0,"D",0,"D",300,"D",0,0,0,0,0,0,0,0,0,0,0.01,0.01,0,0,0,0,0,0,0,0,0,0,0,0,0,0,0,0,0,0,0,0,0,0,0,0,0,0,0
"03249754",1,"2015","2014",0,0.038,0.038,"1",0.35,0.35,"07","D",0.083,0.08,0,"D",0,"D",228786,"D",0,"D",1210,"D",0,"D",0,"D",0,"D",0,"D",6570,"D",17000,"D",0,"D",0,"D",7084,"D",51213,13695,51420.18,51005.18,13649.68,13739.67,21401.87,21587.87,229996,229996,229996.01,229996.01,0,0,0,0,0,0,0,0,222912,222912,7310.6,7039.3,44063.6,43919.9,44063.6,43919.9,0,0,0,0,0,0,0,0,0,0,0
"03249784",1,"2015","2014",0,0.153,0.153,"1",0.2267,0.2267,"05","D",0.093,0.093,0,"D",0,"D",90000,"D",0,"D",0,"D",0,"D",0,"D",0,"D",0,"D",9000,"D",20,"D",0,"D",0,"D",20060,"D",9299,3050,9332.16,9265.5,3066.35,3032.99,13770,13770,90000,90000,90000.01,90000.01,0,0,0,0,0,0,0,0,69940,69940,0,0,9332.16,9265.5,9332.16,9265.5,3992,4044,29080,29080,0,0,0,0,0,0,0
"03249854",1,"2015","2014",1,0.153,0.153,"2",0.1,0.1,"0","T",0,0,0,"D",0,"D",0,"D",33599,"D",8000,"D",0,"D",0,"D",0,"D",5280,"D",0,"D",0,"D",0,"D",0,"D",0,"D",1717,0,1734.9,1699.9,0,0,5140.65,5140.65,41599,41599,0,0,0,0,0,0,0,0,0,0,41599,41599,0,0,1734.9,1699.9,1734.9,1699.9,0,0,0,0,0,0,0,0,0,0,0
"03249864",1,"2015","2014",2,0.153,0.153,"2",0.1442,0.1442,"01","D",0.039,0.039,0,"D",0,"D",36984,"D",31783,"D",0,"D",0,"D",0,"D",0,"D",0,"D",1000,"D",0,"D",0,"D",2,"D",11644,"D",2800,2123,2822.67,2777.33,2121.98,2124.25,10521.35,10521.35,68767,68767,68767.01,68767.01,2000,2000,0,0,0,0,0,0,57123,57123,0,0,4822.67,4777.33,4822.67,4777.33,4000,4000,17904.68,17904.68,0,0,0,0,0,0,0
"03249874",1,"2015","2014",0,0.153,0.153,"1",0.2423,0.2423,"39","D",0.0307,0.0307,0,"D",0,"D",108000,"D",0,"D",-17990,"D",0,"D",0,"D",0,"D",0,"D",7100,"D",1880,"D",0,"D",0,"D",8020,"D",12393,2763,12430.42,12355.42,2763.31,2763.31,16524,16524,90010,90010,90010.01,90010.01,0,0,0,0,0,0,0,0,81990,81990,0,0,12430.42,12355.42,12430.42,12355.42,0,0,0,0,0,0,0,0,0,0,0
"03249894",1,"2015","2014",0,0,0,"1",0,0,"44","D",0,0,1,"D",1,"D",0,"D",0,"D",0,"D",0,"D",7644,"D",0,"D",1152,"D",0,"D",0,"D",0,"D",0,"D",0,"D",0,0,0,0,0,0,0,0,0,0,0,0,0,0,0,0,0,0,0,0,0,0,0,0,0,0,0,0,0,0,0,0,0,0,0,0,0,0,0
"03249924",1,"2015","2014",3,0.153,0.153,"3",0.1488,0.1488,"10","D",0,0,0,"D",0,"D",55000,"D",0,"D",-150,"D",0,"D",0,"D",0,"D",0,"D",3000,"D",235,"D",0,"D",2,"D",9144,"D",1219,0,1238.66,1198.66,0,0,8415,8415,54850,54850,0,0,2000,2000,0,0,0,0,0,0,45706,45706,0,0,3238.66,3198.66,3238.66,3198.66,0,0,0,0,0,0,0,0,0,0,0
"03249924",2,"2015","2014",0,0,0,"1",-0.0765,-0.0765,"10","D",0,0,0,"D",0,"D",0,"D",0,"D",0,"D",0,"D",0,"D",0,"D",0,"D",0,"D",0,"D",0,"D",0,"D",0,"D",0,0,0,0,0,0,0,0,0,0,0,0,0,0,0,0,0,0,0,0,0,0,0,0,0,0,0,0,0,0,0,0,0,0,0,0,0,0,0
"03249944",1,"2015","2014",0,0,0,"1",-0.0765,-0.0765,"10","D",0,0,0,"D",0,"D",0,"D",0,"D",0,"D",0,"D",0,"D",0,"D",7440,"D",0,"D",0,"D",0,"D",0,"D",0,"D",0,0,0,0,0,0,0,0,0,0,0,0,0,0,0,0,0,0,0,0,0,0,0,0,0,0,0,0,0,0,0,0,0,0,0,0,0,0,0
"03249944",3,"2015","2014",0,0,0,"1",-0.0765,-0.0765,"10","D",0,0,0,"D",0,"D",0,"D",0,"D",0,"D",0,"D",0,"D",0,"D",0,"D",0,"D",0,"D",0,"D",0,"D",0,"D",0,0,0,0,0,0,0,0,0,0,0,0,0,0,0,0,0,0,0,0,0,0,0,0,0,0,0,0,0,0,0,0,0,0,0,0,0,0,0
"03249954",1,"2015","2014",1,0.153,0.153,"2",0.2423,0.2423,"39","D",0.0307,0.0307,0,"D",0,"D",105562,"D",100121,"D",0,"D",0,"D",0,"D",0,"D",0,"D",11000,"D",390,"D",0,"D",1,"D",44128,"D",24631,6314,24712.63,24550.13,6314.47,6314.47,31469.5,31469.5,205683,205683,205683.01,205683.01,0,0,0,0,0,0,0,0,161555,161555,0,0,24712.63,24550.13,24712.63,24550.13,0,0,0,0,0,0,0,0,0,0,0
"03249974",1,"2015","2014",0,0.153,0.153,"2",0.15,0.15,"50","D",0.0751,0.0751,0,"D",0,"D",0,"D",97000,"D",-6496,"D",0,"D",0,"D",0,"D",0,"D",3000,"D",30,"D",0,"D",0,"D",1112,"D",9593,4605,9623.1,9563.1,4620.57,4590.37,14841,14841,90504,90504,90504.01,90504.01,0,0,0,0,0,0,0,0,90504,90504,0,0,9623.1,9563.1,9623.1,9563.1,4364.06,4739.32,1112,1112,0,0,0,0,0,0,0
"03249984",1,"2015","2014",2,0.153,0.153,"3",0.15,0.15,"23","D",0.0715,0.0715,0,"D",0,"D",57373,"D",0,"D",0,"D",0,"D",0,"D",0,"D",12000,"D",0,"D",105,"D",1360,"D",2,"D",0,"D",2516,1867,2543.95,2488.95,1866.6,1866.6,8778.07,8778.07,57373,57373,57373.01,57373.01,2000,2000,0,0,272,272,0,0,57373,57373,0,0,4815.95,4760.95,4815.95,4760.95,0,0,0,0,61.75,61.75,0,0,0,0,0
"03249994",1,"2015","2014",0,0.153,0.153,"1",0.1397,0.1397,"28","D",0.0684,0.0684,1,"D",1,"D",45800,"D",0,"D",68,"D",0,"D",3440,"D",0,"D",0,"D",2500,"D",0,"D",0,"D",0,"D",7112,"D",4566,1712,4572.79,4560.09,1719.71,1704.4,7007.4,7007.4,48792,48792,48792.01,48792.01,0,0,0,0,0,0,0,0,41680,41680,0,0,4572.79,4560.09,4572.79,4560.09,0,0,9612,9612,0,0,0,0,0,0,0
"03249994",2,"2015","2014",0,0.153,0.153,"1",0.1765,0.1765,"28","D",0.0428,0.0428,0,"D",0,"D",12000,"D",0,"D",0,"D",0,"D",0,"D",0,"D",0,"D",0,"D",0,"D",0,"D",0,"D",0,"D",-30,20,-13.41,-46.12,24.24,16.45,1836,1836,12000,12000,12000.01,12000.01,0,0,0,0,0,0,198.41,216.12,12000,12000,0,0,185,170,185,170,6200,6300,0,0,0,0,0,0,19.84,21.61,0
"03250014",1,"2015","2014",0,0.153,0.153,"2",0.15,0.25,"39","D",0.0307,0.0307,0,"D",0,"D",57463,"D",36975,"D",70,"D",0,"D",0,"D",0,"D",0,"D",2200,"D",370,"D",0,"D",0,"D",36,"D",10214,2901,10264.5,10163.7,2901.4,2901.4,14449.01,14449.01,94508,94508,94508.01,94508.01,0,0,0,0,0,0,0,0,94508,94508,0,0,10264.5,10163.7,10264.5,10163.7,0,0,0,0,0,0,0,0,0,0,0
"03250024",1,"2015","2014",0,0,0,"1",0,0,"01","D",0.04,0.04,0,"D",0,"D",0,"D",0,"D",6530,"D",0,"D",0,"D",0,"D",7776,"D",0,"D",300,"D",0,"D",0,"D",0,"D",0,91,0,0,91.2,91.2,0,0,6530,6530,6530.01,6530.01,0,0,0,0,0,0,0,0,6530,6530,0,0,0,0,0,0,2500,2500,300,300,0,0,0,0,0,0,0
"03250034",1,"2015","2014",0,0.153,0.153,"2",0.15,0.15,"36","D",0.0373,0.0407,0,"D",0,"D",20000,"D",60000,"D",9600,"D",0,"D",0,"D",0,"D",0,"D",2200,"D",0,"D",0,"D",0,"D",0,"D",9458,2440,9487.5,9427.5,2519.27,2360.51,12240,12240,89600,89600,89600.01,89600.01,0,0,0,0,0,0,0,0,89600,89600,0,0,9487.5,9427.5,9487.5,9427.5,0,0,0,0,0,0,0,0,0,0,0
"03250084",1,"2015","2014",2,0.153,0.153,"3",0.3606,0.3606,"05","D",0,0,0,"D",0,"D",35252,"D",0,"D",0,"D",0,"D",0,"D",0,"D",0,"D",5000,"D",165,"D",0,"D",0,"D",0,"D",-398,0,-293.13,-503.52,0,0,5393.56,5393.56,35252,35252,35252.01,35252.01,0,0,0,0,0,0,1790.93,1946.32,35252,35252,0,0,1497.8,1442.8,1497.8,1442.8,7984,8088,5165,5165,0,0,0,0,0,0,0
"03250084",2,"2015","2014",0,0.153,0.153,"2",0.15,0.15,"05","D",0.06,0.06,0,"D",0,"D",39928,"D",46507,"D",0,"D",0,"D",0,"D",0,"D",0,"D",0,"D",0,"D",0,"D",0,"D",0,"D",8983,2424,9012.75,8952.75,2441.34,2406.48,13224.55,13224.55,86435,86435,86435.01,86435.01,0,0,0,0,0,0,0,0,86435,86435,0,0,9012.75,8952.75,9012.75,8952.75,7984,8088,0,0,0,0,0,0,0,0,0
"03250094",1,"2015","2014",1,0.153,0.153,"2",0.2598,0.2598,"10","D",0,0,0,"D",0,"D",20000,"D",0,"D",0,"D",20400,"D",0,"D",0,"D",9444,"D",0,"D",0,"D",0,"D",0,"D",0,"D",973,0,1048.97,897.65,0,0,3060,3060,40400,40400,0,0,0,0,0,0,0,0,566.03,682.35,40400,40400,0,0,1615,1580,1615,1580,0,0,0,0,0,0,0,0,0,0,0
"03250134",1,"2015","2014",0,0,0,"1",0,0,"33","D",0,0,1,"D",1,"D",0,"D",0,"D",0,"D",10000,"D",15262,"D",0,"D",0,"D",4200,"D",0,"D",0,"D",0,"D",180,"D",0,0,0,0,0,0,0,0,10000,10000,0.01,0.01,0,0,0,0,0,0,0,0,10000,10000,0,0,0,0,0,0,7800,7900,0,0,0,0,0,0,0,0,0
"03250144",1,"2015","2014",3,0,0,"3",-0.45,-0.45,"14","D",-0.045,-0.045,0,"D",0,"D",0,"D",0,"D",600,"D",0,"D",0,"D",0,"D",0,"D",3300,"D",0,"D",0,"D",0,"D",4200,"D",0,0,0,0,0,0,0,0,600,600,600.01,600.01,0,0,0,0,0,0,0,0,600,600,0,0,0,0,0,0,0,0,0,0,0,0,0,0,0,0,0
"03250164",1,"2015","2014",0,0.153,0.153,"2",0.1,0.1,"44","D",0,0,0,"D",0,"D",8694,"D",15048,"D",0,"D",0,"D",0,"D",0,"D",8112,"D",0,"D",0,"D",0,"D",0,"D",9600,"D",329,0,344.2,314.2,0,0,3632.53,3632.53,23742,23742,0,0,0,0,0,0,0,0,0,0,23742,23742,0,0,344.2,314.2,344.2,314.2,0,0,0,0,0,0,0,0,0,0,0
"03250174",1,"2015","2014",0,0,0,"1",-0.0765,-0.0765,"50","D",0,0,0,"D",0,"D",0,"D",0,"D",0,"D",0,"D",0,"D",0,"D",0,"D",1800,"D",0,"D",0,"D",0,"D",1320,"D",0,-1160,0,0,-1160,-1160,0,0,0,0,0.01,0.01,0,0,0,0,0,0,0,0,0,0,0,0,0,0,0,0,10080,10249.92,1320,1320,1160,1160,0,0,0,0,0
"03250194",1,"2015","2014",4,0.153,0.153,"2",0.15,0.1454,"36","D",0.0301,0.0309,0,"D",0,"D",39000,"D",19000,"D",0,"D",0,"D",0,"D",0,"D",0,"D",2400,"D",0,"D",0,"D",4,"D",9264,"D",-1686,956,-1660.17,-1712.5,987.12,924.89,8874,8874,58000,58000,58000.01,58000.01,2339.83,2287.5,1660.17,1712.5,0,0,0,0,48736,58000,0,0,2339.83,2287.5,2339.83,2287.5,0,0,0,0,0,0,0,0,0,0,0
"03250204",1,"2015","2014",4,0.153,0.153,"2",-0.15,-0.15,"05","D",0,0,0,"D",0,"D",0,"D",22412,"D",0,"D",0,"D",0,"D",0,"D",9600,"D",0,"D",0,"D",0,"D",3,"D",0,"D",-9104,0,-9054.8,-9153.8,0,0,3429.04,3429.04,22412,22412,22412.01,22412.01,0,0,2911.8,2911.8,0,0,6143,6242,22412,22412,0,0,0,0,0,0,7984,8088,0,0,0,0,0,0,0,0,0
"03250244",1,"2015","2014",0,0.0793,0.0793,"2",0.2608,0.2608,"28","D",0.0684,0.0684,1,"D",0,"D",82000,"D",120000,"D",-14858,"D",1560,"D",26400,"D",0,"D",0,"D",3600,"D",499,"D",0,"D",0,"D",34800,"D",30394,9846,30501.95,30287.03,9861.02,9830.39,30534,30720,211142,211142,211142.01,211142.01,0,0,0,0,0,0,0,0,176342,176342,0,0,30501.95,30287.03,30501.95,30287.03,0,0,38899,38899,0,0,0,0,0,0,0
"03250254",1,"2015","2014",3,0.153,0.153,"2",0.3106,0.3106,"05","D",0,0,0,"D",0,"D",33288,"D",8237,"D",0,"D",0,"D",0,"D",0,"D",15000,"D",0,"D",0,"D",0,"D",2,"D",240,"D",-3472,0,-3358.89,-3585.02,0,0,6353.32,6353.32,41525,41525,41525.01,41525.01,937.5,892.5,1062.5,1107.5,0,0,2296.39,2477.52,41525,41525,0,0,937.5,892.5,937.5,892.5,7984,8088,240,240,0,0,0,0,0,0,0
"03250254",2,"2015","2014",0,0.153,0.153,"1",0.1,0.1,"05","D",0.02,0.02,0,"D",0,"D",18085,"D",0,"D",0,"D",0,"D",0,"D",0,"D",0,"D",0,"D",0,"D",0,"D",0,"D",0,"D",786,95,793.5,778.5,96.37,93.33,2767,2767,18085,18085,18085.01,18085.01,0,0,0,0,0,0,0,0,18085,18085,0,0,793.5,778.5,793.5,778.5,3992,4044,0,0,0,0,0,0,0,0,0
"03250254",3,"2015","2014",0,0.153,0.153,"1",0.15,0.15,"05","D",0.08,0.08,0,"D",0,"D",46238,"D",0,"D",0,"D",0,"D",0,"D",0,"D",0,"D",0,"D",0,"D",0,"D",0,"D",0,"D",4944,1427,4959.45,4929.45,1441.79,1412.86,7074.41,7074.41,46238,46238,46238.01,46238.01,0,0,0,0,0,0,0,0,46238,46238,0,0,4959.45,4929.45,4959.45,4929.45,3992,4044,0,0,0,0,0,0,0,0,0
"03250284",1,"2015","2014",2,0,0,"3",-0.4,-0.4,"18","D",0,0,0,"D",0,"D",0,"D",0,"D",0,"D",0,"D",0,"D",0,"D",0,"D",0,"D",0,"D",0,"D",0,"D",1545,"D",0,0,0,0,0,0,0,0,0,0,0.01,0.01,0,0,0,0,0,0,0,0,0,0,0,0,0,0,0,0,2400,2440,1545,1545,0,0,0,0,0,0,0
"03250294",1,"2015","2014",0,0.153,0.153,"2",0.1414,0.1413,"34","D",0.0575,0.058,0,"D",0,"D",29500,"D",70000,"D",0,"D",0,"D",0,"D",0,"D",0,"D",2700,"D",275,"D",0,"D",0,"D",11836,"D",9864,4880,9875.7,9852.04,4901,4858.75,15223.5,15223.5,99500,99500,99500.01,99500.01,0,0,0,0,0,0,0,0,87664,87664,0,0,9875.7,9852.04,9875.7,9852.04,15000,15000,14536,14536,0,0,0,0,0,0,0
"03250344",1,"2015","2014",0,0.153,0.153,"2",0.25,0.25,"36","D",0.0444,0.0475,0,"D",0,"D",58749,"D",61201,"D",0,"D",0,"D",0,"D",0,"D",0,"D",2200,"D",2394,"D",0,"D",0,"D",1860,"D",16525,3697,16625,16425,3817.19,3576.71,18352.35,18352.35,119950,119950,119950.01,119950.01,0,0,0,0,0,0,0,0,119950,119950,0,0,16625,16425,16625,16425,0,0,0,0,0,0,0,0,0,0,0
"03250374",1,"2015","2014",2,0.153,0.153,"2",0.188,0.188,"05","D",0.08,0.08,0,"D",0,"D",78020,"D",45585,"D",0,"D",0,"D",0,"D",0,"D",0,"D",10000,"D",0,"D",0,"D",2,"D",25328,"D",8248,2492,8266.24,8229.87,2520.37,2462.84,18911.56,18911.56,123605,123605,123605.01,123605.01,1319.75,1319.75,0,0,0,0,0,0,98277,98277,0,0,9585.99,9549.62,9585.99,9549.62,7984,8088,35328,35328,0,0,0,0,0,0,0
"03250384",1,"2015","2014",1,0.153,0.153,"2",0.15,0.15,"41","D",0.0666,0.0666,0,"D",0,"D",25000,"D",24000,"D",0,"D",0,"D",0,"D",0,"D",0,"D",920,"D",1050,"D",0,"D",1,"D",3924,"D",1771,1063,1805,1737.5,1074.9,1050.4,7497,7497,49000,49000,24750.01,24400.01,1000,1000,0,0,0,0,0,0,49000,49000,0,0,2805,2737.5,2805,2737.5,0,0,0,0,0,0,0,0,0,0,0
"03250414",1,"2015","2014",4,0,0,"3",-0.45,-0.45,"39","D",0,0,0,"D",0,"D",0,"D",0,"D",0,"D",400,"D",0,"D",0,"D",0,"D",2300,"D",20,"D",0,"D",1,"D",580,"D",0,0,0,0,0,0,0,0,400,400,400.01,400.01,0,0,0,0,0,0,0,0,400,400,0,0,0,0,0,0,0,0,0,0,0,0,0,0,0,0,0
"03250464",1,"2015","2014",0,0.153,0.153,"1",0.1,0.1,"21","D",0.0475,0.0475,0,"D",0,"D",16583,"D",0,"D",0,"D",0,"D",0,"D",0,"D",0,"D",2200,"D",0,"D",0,"D",0,"D",0,"D",636,488,643.3,628.3,488.19,488.19,2537.2,2537.2,16583,16583,16583.01,16583.01,0,0,0,0,0,0,0,0,16583,16583,0,0,643.3,628.3,643.3,628.3,2000,2000,0,0,0,0,0,0,0,0,0
"03250464",2,"2015","2014",0,0.153,0.153,"2",0,0,"21","D",0,0,0,"D",0,"D",1859,"D",6340,"D",0,"D",0,"D",0,"D",0,"D",0,"D",0,"D",0,"D",0,"D",0,"D",0,"D",-500,-126,-496,-503,-124,-128.27,1254.45,1254.45,8199,8199,6999.01,6999.01,0,0,0,0,0,0,496,503,8199,8199,0,0,0,0,0,0,3000,3000,0,0,0,0,0,0,372,379.76,0
"03250464",3,"2015","2014",0,0.153,0.153,"1",0.1765,0.1765,"21","D",0.0786,0.0786,0,"D",0,"D",12039,"D",0,"D",0,"D",0,"D",0,"D",0,"D",0,"D",0,"D",0,"D",0,"D",0,"D",0,"D",-23,179,-6.53,-39.24,183.86,175,1841.97,1841.97,12039,12039,12039.01,12039.01,0,0,0,0,0,0,195.43,213.14,12039,12039,0,0,188.9,173.9,188.9,173.9,1805.85,1805.85,0,0,0,0,0,0,97.72,106.57,0
"03250474",1,"2015","2014",0,0.153,0.153,"1",-0.0765,-0.0765,"10","D",0,0,0,"D",0,"D",1873,"D",0,"D",0,"D",0,"D",0,"D",0,"D",5340,"D",0,"D",0,"D",0,"D",0,"D",0,"D",-143,0,-143.28,-143.28,0,0,286.57,286.57,1873,1873,0,0,0,0,0,0,0,0,143.28,143.28,1873,1873,0,0,0,0,0,0,0,0,0,0,0,0,0,0,0,0,0
"03250484",1,"2015","2014",0,0,0,"1",0,0,"22","D",0,0,1,"D",1,"D",0,"D",0,"D",0,"D",0,"D",12310,"D",0,"D",0,"D",3000,"D",0,"D",0,"D",0,"D",0,"D",0,0,0,0,0,0,0,0,0,0,0.01,0.01,0,0,0,0,0,0,0,0,0,0,0,0,0,0,0,0,0,0,0,0,0,0,0,0,0,0,0
"03250494",1,"2015","2014",0,0.153,0.153,"2",0.15,0.15,"10","D",0,0,0,"D",0,"D",39992,"D",0,"D",0,"D",0,"D",0,"D",0,"D",16200,"D",0,"D",0,"D",0,"D",0,"D",0,"D",2016,0,2046.3,1986.3,0,0,6118.78,6118.78,39992,39992,0,0,0,0,0,0,0,0,0,0,39992,39992,0,0,2046.3,1986.3,2046.3,1986.3,0,0,0,0,0,0,0,0,0,0,0
"03250504",1,"2015","2014",1,0.153,0.153,"3",0,0,"48","D",0,0,0,"D",0,"D",12600,"D",0,"D",0,"D",0,"D",0,"D",0,"D",9360,"D",0,"D",641,"D",0,"D",0,"D",0,"D",-3332,0,-3305,-3359,0,0,1927.8,1927.8,12600,12600,0,0,0,0,0,0,0,0,3305,3359,12600,12600,0,0,0,0,0,0,0,0,0,0,0,0,0,0,0,0,0
"03250564",1,"2015","2014",0,0.153,0.153,"1",0.15,0.15,"0","T",0,0,0,"D",0,"D",23395,"D",0,"D",0,"D",0,"D",0,"D",0,"D",9600,"D",0,"D",0,"D",0,"D",0,"D",0,"D",1518,0,1533,1503,0,0,3579.43,3579.43,23395,23395,0,0,0,0,0,0,0,0,0,0,23395,23395,0,0,1533,1503,1533,1503,0,0,0,0,0,0,0,0,0,0,0
"03250604",1,"2015","2014",1,0,0,"3",-0.34,-0.34,"0","T",0,0,1,"D",1,"D",0,"D",0,"D",0,"D",0,"D",10930,"D",0,"D",0,"D",700,"D",0,"D",0,"D",0,"D",0,"D",0,0,0,0,0,0,0,0,0,0,0,0,0,0,0,0,0,0,0,0,0,0,0,0,0,0,0,0,0,0,0,0,0,0,0,0,0,0,0
"03250614",1,"2015","2014",0,0.153,0.153,"2",0.0765,0.0765,"17","D",0.04,0.04,0,"D",0,"D",0,"D",15000,"D",0,"D",0,"D",3684,"D",0,"D",0,"D",1100,"D",800,"D",0,"D",0,"D",7244,"D",-396,-154,-384.31,-407.37,-152.33,-156.25,2295,2295,15000,15000,15000.01,15000.01,0,0,0,0,0,0,384.31,407.37,15000,15000,0,0,0,0,0,0,7500,7500,0,0,168,168,0,0,65.33,69.25,0
"03250614",2,"2015","2014",1,0,0,"3",-0.34,-0.34,"17","D",-0.0578,-0.0578,0,"D",0,"D",0,"D",0,"D",0,"D",0,"D",0,"D",0,"D",0,"D",0,"D",0,"D",0,"D",0,"D",0,"D",0,0,0,0,0,0,0,0,0,0,0.01,0.01,0,0,0,0,0,0,0,0,0,0,0,0,0,0,0,0,5500,5500,0,0,0,0,0,0,0,0,0
"03250624",1,"2015","2014",2,0.153,0.153,"2",0.141,0.141,"11","D",0.06,0.06,0,"D",0,"D",0,"D",82659,"D",0,"D",0,"D",0,"D",0,"D",0,"D",3000,"D",50,"D",0,"D",2,"D",19496,"D",3336,2543,3358.03,3313.03,2542.78,2542.78,12646.83,12646.83,82659,82659,82659.01,82659.01,2000,2000,0,0,0,0,0,0,63163,63163,0,0,5358.03,5313.03,5358.03,5313.03,3000,3000,22546,22546,0,0,0,0,0,0,0
"03250674",1,"2015","2014",0,0,0,"1",0.0235,0.0235,"0","T",0,0,0,"D",0,"D",0,"D",0,"D",0,"D",11352,"D",14400,"D",0,"D",0,"D",30,"D",0,"D",0,"D",0,"D",0,"D",113,0,120.2,105.2,0,0,0,0,11352,11352,0,0,0,0,0,0,0,0,0,0,11352,11352,0,0,120.2,105.2,120.2,105.2,0,0,0,0,0,0,0,0,0,0,0
"03250724",1,"2015","2014",4,0.153,0.153,"2",0.1936,0.1936,"23","D",0.0425,0.0425,0,"D",0,"D",40000,"D",70000,"D",0,"D",0,"D",0,"D",0,"D",0,"D",3500,"D",100,"D",0,"D",4,"D",5420,"D",6106,3655,6136.25,6076.25,3655,3655,16830,16830,110000,110000,110000.01,110000.01,4000,4000,0,0,0,0,0,0,104580,104580,0,0,10136.25,10076.25,10136.25,10076.25,0,0,0,0,0,0,0,0,0,0,0
"03250734",1,"2015","2014",0,0,0,"1",0.25,0.25,"39","D",0.0307,0.0307,1,"D",1,"D",0,"D",0,"D",41074,"D",13123,"D",19301,"D",0,"D",43356,"D",2100,"D",0,"D",0,"D",0,"D",0,"D",10532,1261,10581.96,10481.96,1260.97,1260.97,0,0,70602.85,70602.85,41074.01,41074.01,0,0,0,0,0,0,0,0,70602.85,70602.85,0,0,10581.96,10481.96,10581.96,10481.96,0,0,0,0,0,0,0,0,0,0,0
"03250744",1,"2015","2014",0,0,0,"1",-0.0765,-0.0765,"33","D",-0.0229,-0.0229,0,"D",0,"D",0,"D",0,"D",0,"D",0,"D",0,"D",1092,"D",6000,"D",0,"D",0,"D",0,"D",0,"D",1,"D",0,0,0,0,0,0,0,0,0,0,0.01,0.01,0,0,0,0,0,0,0,0,0,0,0,0,0,0,0,0,7800,7900,0,0,0,0,0,0,0,0,0
"03250784",1,"2015","2014",3,0.153,0.153,"3",-0.6,-0.6,"36","D",0,0,0,"D",0,"D",11138,"D",0,"D",0,"D",0,"D",0,"D",0,"D",6000,"D",0,"D",0,"D",0,"D",2,"D",0,"D",-6233,0,-6232.8,-6232.8,0,0,1704.11,1704.11,11138,11138,11138.01,11138.01,0,0,1220.7,1220.7,0,0,5012.1,5012.1,11138,11138,0,0,0,0,0,0,0,0,0,0,0,0,0,0,0,0,0
"03250794",1,"2015","2014",3,0.153,0.153,"2",0.0606,0.0606,"29","D",0,0,0,"D",0,"D",18000,"D",0,"D",0,"D",8796,"D",0,"D",0,"D",0,"D",300,"D",0,"D",0,"D",3,"D",800,"D",-7739,0,-7648.32,-7829.45,0,0,2754,2754,26796,26796,0,0,0,0,2250,2250,0,0,5398.32,5579.45,26796,26796,0,0,0,0,0,0,0,0,0,0,0,0,0,0,0,0,0
"03250804",1,"2015","2014",8,0.153,0.153,"3",0.2106,0.2106,"23","D",0.0301,0.0301,0,"D",0,"D",33000,"D",0,"D",0,"D",0,"D",0,"D",0,"D",4200,"D",0,"D",0,"D",0,"D",3,"D",0,"D",-6031,-453,-5948.2,-6114.59,-448.37,-458.36,5049,5049,33000,33000,33000.01,33000.01,0,0,3000,3000,0,0,2948.2,3114.59,33000,33000,0,0,0,0,0,0,0,0,0,0,0,0,0,0,176.89,186.88,0
"03250804",2,"2015","2014",0,0.153,0.153,"1",0,0,"23","D",0.06,0.06,0,"D",0,"D",8000,"D",0,"D",0,"D",0,"D",0,"D",0,"D",0,"D",0,"D",0,"D",0,"D",0,"D",0,"D",-500,55,-496,-503,55.26,54.84,1224,1224,8000,8000,8000.01,8000.01,0,0,0,0,0,0,496,503,8000,8000,0,0,0,0,0,0,0,0,0,0,0,0,0,0,29.76,30.18,0
"03250814",1,"2015","2014",0,0.0618,0.0618,"2",0.35,0.35,"34","D",0.0575,0.058,0,"D",0,"D",234724,"D",55645,"D",350,"D",0,"D",0,"D",0,"D",0,"D",3500,"D",2836,"D",0,"D",0,"D",6072,"D",61752,15923,62046.75,61456.75,15991.7,15853.84,30192,30378,290719,290719,290719.01,290719.01,0,0,0,0,0,0,0,0,284647,284647,2170.58,1943.59,59862.87,59499.86,59862.87,59499.86,15000,15000,9572,9572,0,0,0,0,0,0,0
"03250814",2,"2015","2014",1,0,0,"3",-0.34,-0.34,"34","D",0,0,0,"D",0,"D",0,"D",0,"D",0,"D",0,"D",0,"D",0,"D",0,"D",0,"D",0,"D",0,"D",0,"D",0,"D",0,0,0,0,0,0,0,0,0,0,0.01,0.01,0,0,0,0,0,0,0,0,0,0,0,0,0,0,0,0,12000,12000,0,0,0,0,0,0,0,0,0
"03250854",1,"2015","2014",0,0,0,"1",0.2755,0.2755,"05","D",0.04,0.04,1,"D",1,"D",0,"D",0,"D",0,"D",30294,"D",25973,"D",0,"D",0,"D",400,"D",5627,"D",0,"D",0,"D",5524,"D",3494,85,3501.3,3486.3,88.78,81.01,0,0,42682.43,42682.43,30294.01,30294.01,0,0,0,0,0,0,0,0,37158.43,37158.43,0,0,3501.3,3486.3,3501.3,3486.3,3992,4044,11551,11551,0,0,0,0,0,0,0
"03250864",1,"2015","2014",0,0.153,0.153,"1",0.25,0.25,"11","D",0.06,0.06,0,"D",0,"D",66000,"D",0,"D",0,"D",0,"D",0,"D",0,"D",7600,"D",0,"D",0,"D",0,"D",0,"D",0,"D",9769,3470,9818.75,9718.75,3470,3470,10098,10098,66000,66000,66000.01,66000.01,0,0,0,0,0,0,0,0,66000,66000,0,0,9818.75,9718.75,9818.75,9718.75,2300,2300,0,0,0,0,0,0,0,0,0
"03250864",2,"2015","2014",0,0.153,0.153,"1",0.15,0.15,"11","D",0.06,0.06,0,"D",0,"D",45728,"D",0,"D",0,"D",0,"D",0,"D",0,"D",0,"D",0,"D",0,"D",0,"D",0,"D",0,"D",4868,2254,4882.95,4852.95,2253.68,2253.68,6996.38,6996.38,45728,45728,45728.01,45728.01,0,0,0,0,0,0,0,0,45728,45728,0,0,4882.95,4852.95,4882.95,4852.95,2300,2300,0,0,0,0,0,0,0,0,0
"03250874",1,"2015","2014",2,0.029,0.029,"2",0.325,0.325,"15","D",0.033,0.034,0,"D",0,"D",0,"D",228786,"D",-590,"D",0,"D",0,"D",0,"D",0,"D",7500,"D",3464,"D",0,"D",2,"D",1484,"D",41916,7326,42162.9,41668.9,7435.66,7216.97,21142.79,21328.79,228196,228196,228196.01,228196.01,0,0,0,0,0,0,0,0,226712,226712,1012.45,708.71,41150.45,40960.19,41150.45,40960.19,0,0,0,0,0,0,0,0,0,0,0
"03250884",1,"2015","2014",4,0.153,0.153,"3",0.1391,0.1391,"12","D",0.0733,0.0733,0,"D",0,"D",71318,"D",0,"D",0,"D",5091,"D",0,"D",0,"D",0,"D",2700,"D",185,"D",0,"D",0,"D",7200,"D",5773,3635,5797.04,5749.54,3634.89,3634.89,10911.65,10911.65,76409,76409,76409.01,76409.01,0,0,0,0,0,0,0,0,69209,69209,0,0,5797.04,5749.54,5797.04,5749.54,3212,3212,13695.43,13695.43,0,0,0,0,0,0,0
"03250904",1,"2015","2014",0,0.153,0.153,"1",0.15,0.15,"50","D",0.0654,0.0654,0,"D",0,"D",25000,"D",0,"D",-2500,"D",0,"D",0,"D",0,"D",6120,"D",0,"D",119,"D",0,"D",0,"D",0,"D",1384,383,1398.75,1368.75,390.97,375.89,3825,3825,22500,22500,22500.01,22500.01,0,0,0,0,0,0,0,0,22500,22500,0,0,1398.75,1368.75,1398.75,1368.75,9144,9343.65,0,0,0,0,0,0,0,0,0
"03250904",2,"2015","2014",0,0.153,0.153,"1",0.1,0.1,"50","D",0.0448,0.0448,0,"D",0,"D",19000,"D",0,"D",0,"D",0,"D",0,"D",0,"D",0,"D",0,"D",0,"D",0,"D",0,"D",0,"D",878,345,885,870,349.44,341.45,2907,2907,19000,19000,19000.01,19000.01,0,0,0,0,0,0,0,0,19000,19000,0,0,885,870,885,870,9564,9763.65,0,0,0,0,0,0,0,0,0
"03250934",1,"2015","2014",0,0.153,0.153,"2",0.2375,0.2375,"45","D",0.05,0.05,0,"D",0,"D",85000,"D",85000,"D",-22566,"D",0,"D",0,"D",0,"D",0,"D",1800,"D",4379,"D",0,"D",0,"D",0,"D",23133,7372,23208.33,23058.33,7371.7,7371.7,26010,26010,147434,147434,147434.01,147434.01,0,0,0,0,0,0,0,0,147434,147434,0,0,23208.33,23058.33,23208.33,23058.33,0,0,0,0,0,0,0,0,0,0,0
"03250934",2,"2015","2014",0,0.153,0.153,"1",0.15,0.15,"45","D",0.063,0.063,0,"D",0,"D",27000,"D",0,"D",0,"D",0,"D",0,"D",0,"D",0,"D",0,"D",0,"D",0,"D",0,"D",0,"D",2059,969,2073.75,2043.75,974.58,963.54,4131,4131,27000,27000,27000.01,27000.01,0,0,0,0,0,0,0,0,27000,27000,0,0,2073.75,2043.75,2073.75,2043.75,0,0,0,0,0,0,0,0,0,0,0
"03250944",1,"2015","2014",0,0,0,"1",-0.0765,-0.0765,"34","D",0,0,0,"D",0,"D",0,"D",0,"D",0,"D",0,"D",0,"D",0,"D",6000,"D",0,"D",0,"D",0,"D",0,"D",0,"D",0,0,0,0,0,0,0,0,0,0,0.01,0.01,0,0,0,0,0,0,0,0,0,0,0,0,0,0,0,0,7500,7500,0,0,0,0,0,0,0,0,0
"03250954",1,"2015","2014",0,0.153,0.153,"2",0.25,0.25,"23","D",0.0425,0.0425,0,"D",0,"D",48579,"D",49094,"D",0,"D",0,"D",0,"D",0,"D",0,"D",1400,"D",25,"D",0,"D",0,"D",1412,"D",10956,3811,11055.75,10855.75,3811.1,3811.1,14943.97,14943.97,97673,97673,97673.01,97673.01,0,0,0,0,0,0,0,0,97673,97673,0,0,11055.75,10855.75,11055.75,10855.75,0,0,0,0,0,0,0,0,0,0,0
"03250964",1,"2015","2014",0,0.153,0.153,"1",-0.0765,-0.0765,"01","D",0.04,0.04,0,"D",0,"D",4559,"D",0,"D",0,"D",0,"D",0,"D",0,"D",6000,"D",0,"D",0,"D",0,"D",0,"D",0,"D",-349,12,-348.76,-348.76,12.36,12.36,697.53,697.53,4559,4559,4559.01,4559.01,0,0,0,0,0,0,348.76,348.76,4559,4559,0,0,0,0,0,0,2500,2500,348.76,348.76,0,0,0,0,0,0,0
"03250964",3,"2015","2014",0,0.153,0.153,"1",-0.0765,-0.0765,"01","D",0,0,0,"D",0,"D",1500,"D",0,"D",-5367,"D",0,"D",18262,"D",0,"D",0,"D",0,"D",0,"D",0,"D",0,"D",0,"D",-115,0,-114.75,-114.75,0,0,229.5,229.5,-3867,-3867,-3866.99,-3866.99,0,0,0,0,0,0,114.75,114.75,0,0,0,0,0,0,0,0,2500,2500,114.75,114.75,0,0,0,0,0,0,0
"03250974",1,"2015","2014",2,0,0,"3",-0.4,-0.4,"44","D",0,0,0,"D",0,"D",0,"D",0,"D",0,"D",0,"D",0,"D",0,"D",0,"D",6000,"D",0,"D",0,"D",0,"D",995,"D",0,0,0,0,0,0,0,0,0,0,0,0,0,0,0,0,0,0,0,0,0,0,0,0,0,0,0,0,0,0,0,0,0,0,0,0,0,0,0
"03251024",1,"2015","2014",2,0.153,0.153,"2",0.15,0.15,"29","D",0,0,0,"D",0,"D",28000,"D",30000,"D",0,"D",0,"D",0,"D",0,"D",10800,"D",0,"D",0,"D",0,"D",2,"D",0,"D",1525,0,1562.5,1487.5,0,0,8874,8874,58000,58000,0,0,2000,2000,0,0,0,0,0,0,58000,58000,0,0,3562.5,3487.5,3562.5,3487.5,0,0,0,0,0,0,0,0,0,0,0
"03251044",1,"2015","2014",4,0.153,0.153,"3",0.0606,0.0606,"33","D",0.0537,0.0537,0,"D",0,"D",22000,"D",0,"D",0,"D",0,"D",0,"D",0,"D",0,"D",3600,"D",9,"D",200,"D",4,"D",3888,"D",-8198,-2266,-8114.8,-8281.19,-2237.94,-2293.86,3366,3366,22000,22000,22000.01,22000.01,0,0,2850,2850,0,0,5264.8,5431.19,22000,22000,0,0,0,0,0,0,10950,11100,0,0,0,0,0,0,1467.44,1517.36,0
"03251064",1,"2015","2014",0,0,0,"1",0,0,"21","D",0,0,1,"D",1,"D",0,"D",0,"D",0,"D",0,"D",0,"D",0,"D",12048,"D",0,"D",0,"D",0,"D",0,"D",124,"D",0,0,0,0,0,0,0,0,0,0,0.01,0.01,0,0,0,0,0,0,0,0,0,0,0,0,0,0,0,0,1500,1500,0,0,0,0,0,0,0,0,0
"03251094",1,"2015","2014",1,0,0,"3",-0.34,-0.34,"23","D",-0.0029,-0.0029,1,"D",1,"D",0,"D",0,"D",0,"D",0,"D",10491,"D",0,"D",12000,"D",0,"D",26,"D",0,"D",0,"D",0,"D",0,-1319,0,0,-1319.39,-1319.39,0,0,0,0,0.01,0.01,0,0,0,0,0,0,0,0,0,0,0,0,0,0,0,0,0,0,0,0,1200,1200,0,0,0,0,0
"03251104",1,"2015","2014",2,0.153,0.153,"3",-0.4,-0.4,"33","D",-0.118,-0.118,0,"D",0,"D",9444,"D",0,"D",0,"D",0,"D",0,"D",0,"D",0,"D",1200,"D",6,"D",0,"D",0,"D",4180,"D",-3778,-1391,-3777.6,-3777.6,-1391.39,-1391.39,1444.93,1444.93,9444,9444,9444.01,9444.01,0,0,0,0,0,0,3777.6,3777.6,9444,9444,0,0,0,0,0,0,10950,11100,0,0,58.11,58.11,0,0,1133.28,1133.28,0
"03251164",1,"2015","2014",4,0.153,0.153,"2",0.2106,0.2106,"10","D",0,0,0,"D",0,"D",5000,"D",30000,"D",0,"D",0,"D",0,"D",0,"D",0,"D",1800,"D",0,"D",0,"D",3,"D",3584,"D",-6761,0,-6670.56,-6851.69,0,0,5355,5355,35000,35000,0,0,0,0,3000,3000,0,0,3670.56,3851.69,35000,35000,0,0,0,0,0,0,0,0,0,0,0,0,0,0,0,0,0
"03251194",1,"2015","2014",0,0,0,"1",0,0,"23","D",0.035,0.035,1,"D",1,"D",0,"D",0,"D",660,"D",7767,"D",18099,"D",0,"D",0,"D",1800,"D",0,"D",0,"D",0,"D",0,"D",0,-895,0,0,-894.65,-894.65,0,0,8427,8427,660.01,660.01,0,0,0,0,0,0,0,0,8427,8427,0,0,0,0,0,0,0,0,0,0,894.65,894.65,0,0,0,0,0
"03251214",1,"2015","2014",2,0,0,"3",-0.4,-0.4,"03","D",0,0,0,"D",0,"D",0,"D",0,"D",0,"D",0,"D",0,"D",0,"D",0,"D",4100,"D",0,"D",0,"D",0,"D",5246,"D",0,-75,0,0,-75,-75,0,0,0,0,0.01,0.01,0,0,0,0,0,0,0,0,0,0,0,0,0,0,0,0,10018,10182,9346.05,9346.05,0,0,0,0,0,0,0
"03251234",1,"2015","2014",0,0.038,0.038,"1",0.35,0.35,"05","D",0.0986,0.0986,0,"D",0,"D",241175,"D",0,"D",0,"D",0,"D",0,"D",0,"D",0,"D",1700,"D",0,"D",0,"D",0,"D",19248,"D",50822,18329,51029.45,50614.45,18351.27,18306.12,21872.65,22058.65,241175,241175,241175.01,241175.01,0,0,0,0,0,0,0,0,221927,221927,1855.71,1694.31,49173.74,48920.14,49173.74,48920.14,3992,4044,17062.28,17199.86,0,0,0,0,0,0,0
"03251254",1,"2015","2014",0,0.153,0.153,"1",0,0,"05","D",0,0,0,"D",0,"D",6666,"D",0,"D",0,"D",0,"D",0,"D",0,"D",9240,"D",0,"D",150,"D",0,"D",0,"D",0,"D",-500,0,-496,-503,0,0,1019.9,1019.9,6666,6666,6666.01,6666.01,0,0,0,0,0,0,496,503,6666,6666,0,0,0,0,0,0,3992,4044,150,150,0,0,0,0,0,0,0
"03251264",1,"2015","2014",6,0.153,0.153,"2",0.099,0.1485,"05","D",0,0,0,"D",0,"D",25000,"D",38097,"D",0,"D",0,"D",0,"D",0,"D",0,"D",4800,"D",25,"D",0,"D",1,"D",7416,"D",805,0,827.19,783.13,0,0,9653.84,9653.84,63097,63097,63097.01,63097.01,1000,1000,0,0,0,0,0,0,55681,55681,0,0,1827.19,1783.13,1827.19,1783.13,7984,8088,12241,12241,0,0,0,0,0,0,0
"03251274",1,"2015","2014",4,0.153,0.153,"2",0.3106,0.3106,"45","D",0.063,0.063,0,"D",0,"D",0,"D",39000,"D",0,"D",0,"D",0,"D",0,"D",13200,"D",0,"D",509,"D",0,"D",4,"D",0,"D",-6654,278,-6538.16,-6769.29,293.16,262.08,5967,5967,39000,39000,39000.01,39000.01,290,240,3710,3760,0,0,2828.16,3009.29,39000,39000,0,0,290,240,290,240,0,0,0,0,0,0,0,0,0,0,0
"03251294",1,"2015","2014",0,0.153,0.153,"2",0.15,0.15,"0","T",0,0,0,"D",0,"D",65000,"D",0,"D",0,"D",0,"D",0,"D",0,"D",0,"D",1400,"D",0,"D",0,"D",0,"D",0,"D",5768,0,5797.5,5737.5,0,0,9945,9945,65000,65000,0,0,0,0,0,0,0,0,0,0,65000,65000,0,0,5797.5,5737.5,5797.5,5737.5,0,0,0,0,0,0,0,0,0,0,0
"03251304",1,"2015","2014",0,0,0,"1",0.2267,0.2267,"05","D",0.093,0.093,0,"D",0,"D",0,"D",0,"D",0,"D",96696,"D",0,"D",0,"D",0,"D",10700,"D",1900,"D",0,"D",0,"D",0,"D",14554,5205,14587.32,14520.66,5221.72,5188.36,0,0,96696,96696,96696.01,96696.01,0,0,0,0,0,0,0,0,96696,96696,0,0,14587.32,14520.66,14587.32,14520.66,3992,4044,12600,12600,0,0,0,0,0,0,0
"03251314",1,"2015","2014",0,0,0,"1",-0.0765,-0.0765,"39","D",0,0,0,"D",0,"D",0,"D",0,"D",0,"D",3364,"D",16214,"D",0,"D",0,"D",1200,"D",0,"D",0,"D",0,"D",0,"D",0,0,0,0,0,0,0,0,3364,3364,3364.01,3364.01,0,0,0,0,0,0,0,0,3364,3364,0,0,0,0,0,0,0,0,0,0,0,0,0,0,0,0,0
"03251344",1,"2015","2014",1,0,0,"3",-0.34,-0.34,"34","D",0,0,1,"D",1,"D",0,"D",0,"D",0,"D",0,"D",16366,"D",0,"D",0,"D",1200,"D",307,"D",0,"D",0,"D",1280,"D",0,0,0,0,0,0,0,0,0,0,0.01,0.01,0,0,0,0,0,0,0,0,0,0,0,0,0,0,0,0,12000,12000,2480,2480,0,0,0,0,0,0,0
"03251374",1,"2015","2014",2,0,0,"3",-0.4,-0.4,"0","T",0,0,0,"D",0,"D",0,"D",0,"D",67,"D",0,"D",0,"D",0,"D",0,"D",320,"D",7,"D",0,"D",0,"D",4262,"D",0,0,0,0,0,0,0,0,67,67,0,0,0,0,0,0,0,0,0,0,67,67,0,0,0,0,0,0,0,0,0,0,0,0,0,0,0,0,0
"03251394",1,"2015","2014",4,0.153,0.153,"3",0.3159,0.3159,"05","D",0,0,1,"D",1,"D",18733,"D",0,"D",0,"D",0,"D",19462,"D",0,"D",0,"D",5000,"D",200,"D",0,"D",2,"D",11560,"D",-7671,0,-7588.07,-7754.46,0,0,2866.15,2866.15,20465,20465,18733.01,18733.01,0,0,2000,2000,0,0,5588.07,5754.46,20465,20465,0,0,0,0,0,0,7984,8088,16760,16760,0,0,0,0,0,0,0
"03251414",1,"2015","2014",1,0.153,0.153,"3",0.2598,0.3098,"33","D",0.1004,0.1004,0,"D",0,"D",30000,"D",0,"D",0,"D",0,"D",0,"D",0,"D",14400,"D",0,"D",143,"D",0,"D",1,"D",0,"D",-1124,-3,-1057.73,-1190.37,18.91,-25,4590,4590,30000,30000,30000.01,30000.01,1000,1000,0,0,0,0,1360.23,1465.37,30000,30000,0,0,1302.5,1275,1302.5,1275,10950,11100,0,0,0,0,0,0,371.64,403.18,0
"03251444",1,"2015","2014",0,0.153,0.153,"2",0.15,0.15,"34","D",0.0575,0.058,0,"D",0,"D",27464,"D",19130,"D",0,"D",0,"D",0,"D",0,"D",9336,"D",0,"D",0,"D",0,"D",0,"D",0,"D",3007,1825,3036.6,2976.6,1832.45,1816.66,7128.88,7128.88,46594,46594,46594.01,46594.01,0,0,0,0,0,0,0,0,46594,46594,0,0,3036.6,2976.6,3036.6,2976.6,15000,15000,0,0,0,0,0,0,0,0,0
"03251454",1,"2015","2014",1,0.153,0.153,"3",0.2598,0.2598,"25","D",0.05,0.05,0,"D",0,"D",25000,"D",0,"D",0,"D",0,"D",0,"D",0,"D",0,"D",1000,"D",0,"D",0,"D",1,"D",0,"D",-2424,455,-2359.23,-2489.37,455,455,3825,3825,25000,25000,25000.01,25000.01,800,775,200,225,0,0,2159.23,2264.37,25000,25000,0,0,800,775,800,775,3400,3400,1000,1000,0,0,0,0,0,0,0
"03251464",1,"2015","2014",2,0.153,0.153,"2",0.3106,0.3106,"10","D",0,0,0,"D",0,"D",0,"D",38876,"D",0,"D",0,"D",0,"D",0,"D",8700,"D",0,"D",0,"D",0,"D",2,"D",0,"D",-3209,0,-3103.67,-3313.8,0,0,5948.03,5948.03,38876,38876,0,0,1067.6,1027.6,932.4,972.4,0,0,2171.27,2341.4,38876,38876,0,0,1067.6,1027.6,1067.6,1027.6,0,0,0,0,0,0,0,0,0,0,0
"03251474",1,"2015","2014",4,0,0,"3",-0.45,-0.45,"14","D",-0.045,-0.045,0,"D",0,"D",0,"D",0,"D",0,"D",0,"D",0,"D",0,"D",0,"D",2300,"D",0,"D",0,"D",2,"D",7564,"D",0,0,0,0,0,0,0,0,0,0,0.01,0.01,0,0,0,0,0,0,0,0,0,0,0,0,0,0,0,0,0,0,0,0,0,0,0,0,0,0,0
"03251484",1,"2015","2014",2,0,0,"3",-0.4,-0.4,"39","D",0,0,0,"D",0,"D",0,"D",0,"D",0,"D",6000,"D",0,"D",0,"D",0,"D",3070,"D",50,"D",0,"D",0,"D",19320,"D",0,0,0,0,0,0,0,0,6000,6000,6000.01,6000.01,0,0,0,0,0,0,0,0,6000,6000,0,0,0,0,0,0,0,0,0,0,0,0,0,0,0,0,0
"03251514",1,"2015","2014",1,0,0,"3",-0.34,-0.34,"05","D",0,0,0,"D",0,"D",0,"D",0,"D",0,"D",668,"D",0,"D",0,"D",16800,"D",0,"D",67,"D",0,"D",0,"D",58,"D",0,0,0,0,0,0,0,0,668,668,668.01,668.01,0,0,0,0,0,0,0,0,668,668,0,0,0,0,0,0,7984,8088,125,125,0,0,0,0,0,0,0
"03251534",1,"2015","2014",0,0,0,"1",0,0,"28","D",0,0,1,"D",1,"D",0,"D",0,"D",300,"D",1500,"D",3244,"D",0,"D",0,"D",4000,"D",18,"D",0,"D",0,"D",0,"D",0,0,0,0,0,0,0,0,1800,1800,1800.01,1800.01,0,0,0,0,0,0,0,0,1800,1800,0,0,0,0,0,0,7750,7850,0,0,0,0,0,0,0,0,0
"03251554",1,"2015","2014",1,0.153,0.153,"3",0.2541,0.254,"34","D",0.0575,0.058,0,"D",0,"D",30307,"D",0,"D",0,"D",0,"D",0,"D",0,"D",0,"D",900,"D",0,"D",0,"D",1,"D",11868,"D",-1494,888,-1436.5,-1550.76,892.26,883.49,4636.97,4636.97,30307,30307,30307.01,30307.01,874.67,865.55,125.33,134.45,0,0,1311.18,1416.31,18439,18439,0,0,874.67,865.55,874.67,865.55,12000,12000,12768,12768,0,0,0,0,0,0,0
"03251554",2,"2015","2014",0,0.153,0.153,"1",0.1,0.1,"34","D",0.0575,0.058,0,"D",0,"D",17641,"D",0,"D",0,"D",0,"D",0,"D",0,"D",0,"D",0,"D",0,"D",0,"D",0,"D",0,"D",742,586,749.1,734.1,588.18,583.11,2699.07,2699.07,17641,17641,17641.01,17641.01,0,0,0,0,0,0,0,0,17641,17641,0,0,749.1,734.1,749.1,734.1,7500,7500,0,0,0,0,0,0,0,0,0
"03251594",1,"2015","2014",4,0.153,0.153,"3",0.1,0.1,"12","D",0.072,0.072,0,"D",0,"D",32000,"D",0,"D",5790,"D",0,"D",0,"D",0,"D",0,"D",0,"D",260,"D",0,"D",2,"D",0,"D",-1126,1341,-1106,-1146,1341.18,1341.18,4896,4896,37790,37790,37790.01,37790.01,894,854,1106,1146,0,0,0,0,37790,37790,0,0,894,854,894,854,3212,3212,1601.18,1601.18,0,0,0,0,0,0,0
"03251594",2,"2015","2014",0,0.153,0.153,"1",0.15,0.15,"12","D",0.076,0.076,0,"D",0,"D",37000,"D",0,"D",-2176,"D",0,"D",0,"D",0,"D",0,"D",0,"D",0,"D",0,"D",0,"D",0,"D",3232,1887,3247.35,3217.35,1887.08,1887.08,5661,5661,34824,34824,34824.01,34824.01,0,0,0,0,0,0,0,0,34824,34824,0,0,3247.35,3217.35,3247.35,3217.35,2200,2200,1887.08,1887.08,0,0,0,0,0,0,0
"03251634",1,"2015","2014",0,0,0,"1",0,0,"18","D",0,0,1,"D",1,"D",0,"D",0,"D",0,"D",0,"D",21382,"D",0,"D",0,"D",0,"D",0,"D",0,"D",0,"D",0,"D",0,0,0,0,0,0,0,0,0,0,0.01,0.01,0,0,0,0,0,0,0,0,0,0,0,0,0,0,0,0,2400,2440,0,0,0,0,0,0,0,0,0
"03251664",1,"2015","2014",0,0,0,"1",0,0,"34","D",0,0,1,"D",1,"D",0,"D",0,"D",-29790,"D",880,"D",15322,"D",0,"D",0,"D",630,"D",0,"D",0,"D",0,"D",2847,"D",0,0,0,0,0,0,0,0,-28910,-28910,-28909.99,-28909.99,0,0,0,0,0,0,0,0,0,0,0,0,0,0,0,0,7500,7500,3477,3477,0,0,0,0,0,0,0
"03251674",1,"2015","2014",0,0.153,0.153,"1",0.15,0.15,"44","D",0,0,0,"D",0,"D",42000,"D",0,"D",0,"D",0,"D",0,"D",0,"D",0,"D",3200,"D",1200,"D",0,"D",0,"D",0,"D",4309,0,4323.75,4293.75,0,0,6426,6426,42000,42000,0,0,0,0,0,0,0,0,0,0,42000,42000,0,0,4323.75,4293.75,4323.75,4293.75,0,0,0,0,0,0,0,0,0,0,0
"03251694",1,"2015","2014",3,0.062,0.062,"2",0.35,0.35,"22","D",0.0515,0.052,0,"D",0,"D",228786,"D",55000,"D",15000,"D",0,"D",0,"D",0,"D",0,"D",16180,"D",611,"D",864,"D",3,"D",43804,"D",51753,14272,52047.9,51457.9,14340.87,14202.98,29861.87,30047.87,298786,298786,298786.01,298786.01,0,0,0,0,172.8,172.8,0,0,254982,254982,7255.66,6892.55,44395.04,44168.15,44395.04,44168.15,0,0,0,0,0,0,0,0,0,0,0
"03251724",1,"2015","2014",0,0,0,"1",0.1,0.1,"44","D",0,0,1,"D",1,"D",0,"D",0,"D",9212,"D",4079,"D",12588,"D",0,"D",0,"D",4,"D",0,"D",0,"D",0,"D",0,"D",152,0,159.1,144.1,0,0,0,0,13291,13291,0,0,0,0,0,0,0,0,0,0,13291,13291,0,0,159.1,144.1,159.1,144.1,0,0,0,0,0,0,0,0,0,0,0
"03251764",1,"2015","2014",0,0.153,0.153,"2",0.15,0.15,"19","D",0.034,0.034,0,"D",0,"D",48438,"D",28176,"D",0,"D",0,"D",0,"D",0,"D",0,"D",1000,"D",0,"D",0,"D",0,"D",4644,"D",7510,2084,7539.6,7479.6,2082.98,2085.38,11721.94,11721.94,76614,76614,76614.01,76614.01,0,0,0,0,0,0,0,0,76614,76614,0,0,7539.6,7479.6,7539.6,7479.6,0,0,0,0,0,0,0,0,0,0,0
"03251774",1,"2015","2014",0,0.153,0.153,"1",0.25,0.25,"22","D",0.0476,0.048,0,"D",0,"D",17300,"D",0,"D",39776,"D",0,"D",0,"D",0,"D",15600,"D",0,"D",7,"D",0,"D",0,"D",0,"D",7538,2502,7587.75,7487.75,2514.33,2490.16,2646.9,2646.9,57076,57076,57076.01,57076.01,0,0,0,0,0,0,0,0,57076,57076,0,0,7587.75,7487.75,7587.75,7487.75,0,0,0,0,0,0,0,0,0,0,0
"03251784",1,"2015","2014",0,0.153,0.153,"1",0.235,0.235,"11","D",0.06,0.06,0,"D",0,"D",84000,"D",0,"D",1076,"D",0,"D",0,"D",0,"D",0,"D",2200,"D",3310,"D",0,"D",0,"D",7448,"D",11867,3975,11904.48,11829.48,3975.08,3975.08,12852,12852,85076,85076,85076.01,85076.01,0,0,0,0,0,0,0,0,77628,77628,0,0,11904.48,11829.48,11904.48,11829.48,2300,2300,12958,12958,0,0,0,0,0,0,0
"03251804",1,"2015","2014",1,0,0,"3",-0.34,-0.34,"36","D",0,0,1,"D",1,"D",0,"D",0,"D",0,"D",73,"D",0,"D",0,"D",6600,"D",0,"D",7,"D",0,"D",0,"D",1778,"D",0,0,0,0,0,0,0,0,73,73,73.01,73.01,0,0,0,0,0,0,0,0,73,73,0,0,0,0,0,0,0,0,0,0,0,0,0,0,0,0,0
"03251824",1,"2015","2014",0,0.153,0.153,"1",0.25,0.25,"0","T",0,0,1,"D",1,"D",45079,"D",0,"D",3000,"D",1300,"D",26662,"D",0,"D",0,"D",1200,"D",30,"D",0,"D",0,"D",0,"D",10892,0,10941.68,10841.68,0,0,6897.09,6897.09,72041.7,72041.7,0,0,0,0,0,0,0,0,0,0,72041.7,72041.7,0,0,10941.68,10841.68,10941.68,10841.68,0,0,0,0,0,0,0,0,0,0,0
"03251834",1,"2015","2014",0,0.153,0.153,"1",0.15,0.15,"44","D",0,0,0,"D",0,"D",29000,"D",0,"D",0,"D",2796,"D",0,"D",0,"D",10200,"D",0,"D",0,"D",0,"D",0,"D",0,"D",2778,0,2793.15,2763.15,0,0,4437,4437,31796,31796,0,0,0,0,0,0,0,0,0,0,31796,31796,0,0,2793.15,2763.15,2793.15,2763.15,0,0,0,0,0,0,0,0,0,0,0
"03251844",1,"2015","2014",2,0.153,0.153,"3",-0.4,-0.4,"36","D",0,0,0,"D",0,"D",12017,"D",0,"D",0,"D",0,"D",0,"D",0,"D",8400,"D",0,"D",152,"D",0,"D",0,"D",0,"D",-4807,0,-4806.8,-4806.8,0,0,1838.6,1838.6,12017,12017,12017.01,12017.01,0,0,0,0,0,0,4806.8,4806.8,12017,12017,0,0,0,0,0,0,0,0,0,0,0,0,0,0,0,0,0
"03251864",1,"2015","2014",0,0.0589,0.0589,"2",0.3199,0.3199,"39","D",0.0307,0.0307,0,"D",0,"D",228786,"D",46403,"D",-9188,"D",0,"D",0,"D",0,"D",0,"D",8900,"D",321,"D",0,"D",0,"D",9196,"D",52101,8166,52305.36,51896.86,8166.23,8166.23,28469.15,28655.15,266001,266001,266001.01,266001.01,0,0,0,0,0,0,0,0,256805,256805,0,0,52305.36,51896.86,52305.36,51896.86,0,0,0,0,0,0,0,0,0,0,0
"03251884",1,"2015","2014",5,0.153,0.153,"2",0.1,0.1,"0","T",0,0,0,"D",0,"D",10000,"D",46000,"D",50,"D",0,"D",0,"D",0,"D",0,"D",600,"D",150,"D",0,"D",4,"D",11096,"D",-2428,0,-2400,-2455,0,0,8568,8568,56050,56050,0,0,1600,1545,2400,2455,0,0,0,0,56050,56050,0,0,1600,1545,1600,1545,0,0,0,0,0,0,0,0,0,0,0
"03251904",1,"2015","2014",2,0,0,"3",0,0,"31","D",0,0,0,"D",0,"D",0,"D",0,"D",16511,"D",0,"D",0,"D",0,"D",0,"D",16180,"D",852,"D",0,"D",0,"D",0,"D",0,0,0,0,0,0,0,0,16511,16511,16511.01,16511.01,0,0,0,0,0,0,0,0,16511,16511,0,0,0,0,0,0,0,0,0,0,0,0,0,0,0,0,0
"03251914",1,"2015","2014",2,0.153,0.153,"2",0.3106,0.3106,"05","D",0,0,0,"D",0,"D",0,"D",40000,"D",0,"D",0,"D",0,"D",0,"D",10812,"D",0,"D",250,"D",0,"D",2,"D",0,"D",-2860,0,-2754.56,-2964.69,0,0,6120,6120,40000,40000,40000.01,40000.01,1180,1140,820,860,0,0,1934.56,2104.69,40000,40000,0,0,1180,1140,1180,1140,7984,8088,250,250,0,0,0,0,0,0,0
"03251924",1,"2015","2014",2,0.153,0.153,"3",0.3106,0.3106,"44","D",0,0,0,"D",0,"D",21412,"D",0,"D",0,"D",0,"D",0,"D",0,"D",12180,"D",0,"D",0,"D",0,"D",1,"D",0,"D",-5752,0,-5659.43,-5844.82,0,0,3276.04,3276.04,21412,21412,0,0,46.2,16.2,953.8,983.8,0,0,4705.63,4861.02,21412,21412,0,0,46.2,16.2,46.2,16.2,0,0,0,0,0,0,0,0,0,0,0
"03251944",1,"2015","2014",0,0.153,0.153,"1",-0.0765,-0.0765,"48","D",0,0,0,"D",0,"D",800,"D",0,"D",0,"D",0,"D",0,"D",0,"D",12480,"D",0,"D",20,"D",0,"D",0,"D",0,"D",-61,0,-61.2,-61.2,0,0,122.4,122.4,800,800,0,0,0,0,0,0,0,0,61.2,61.2,800,800,0,0,0,0,0,0,0,0,0,0,0,0,0,0,0,0,0
"03251954",1,"2015","2014",2,0.153,0.153,"2",0.15,0.15,"06","D",0.0463,0.0463,0,"D",0,"D",62400,"D",3000,"D",0,"D",0,"D",0,"D",0,"D",0,"D",400,"D",0,"D",0,"D",1,"D",3536,"D",3635,1695,3672.5,3597.5,1722.36,1667.84,10006.2,10006.2,65400,65400,0,0,1000,1000,0,0,0,0,0,0,65400,65400,0,0,4672.5,4597.5,4672.5,4597.5,0,0,0,0,0,0,0,0,0,0,0
"03251964",1,"2015","2014",2,0.153,0.153,"3",0.3106,0.3106,"0","T",0,0,0,"D",0,"D",24695,"D",0,"D",-1447,"D",700,"D",0,"D",0,"D",10200,"D",0,"D",0,"D",0,"D",2,"D",0,"D",-5807,0,-5714.43,-5899.82,0,0,3778.33,3778.33,23948,23948,0,0,299.8,269.8,1700.2,1730.2,0,0,4014.23,4169.62,23948,23948,0,0,299.8,269.8,299.8,269.8,0,0,0,0,0,0,0,0,0,0,0
"03251964",2,"2015","2014",0,0.153,0.153,"1",0.15,0.15,"0","T",0,0,0,"D",0,"D",44400,"D",0,"D",0,"D",0,"D",0,"D",0,"D",0,"D",0,"D",0,"D",0,"D",0,"D",0,"D",4669,0,4683.75,4653.75,0,0,6793.2,6793.2,44400,44400,0,0,0,0,0,0,0,0,0,0,44400,44400,0,0,4683.75,4653.75,4683.75,4653.75,0,0,0,0,0,0,0,0,0,0,0
"03251994",1,"2015","2014",2,0.029,0.029,"2",0.2661,0.2661,"37","D",0.0499,0.0499,0,"D",0,"D",228786,"D",0,"D",0,"D",0,"D",0,"D",0,"D",0,"D",1800,"D",2460,"D",0,"D",1,"D",12884,"D",39169,9986,39294.8,39043.3,9985.96,9985.96,21142.79,21328.79,228786,228786,228786.01,228786.01,0,0,0,0,0,0,0,0,215902,215902,0,0,39294.8,39043.3,39294.8,39043.3,12400,12600,27101,27101,0,0,0,0,0,0,0
"03252014",1,"2015","2014",0,0.153,0.153,"2",0.1,0.1,"33","D",0.045,0.045,0,"D",0,"D",38011,"D",0,"D",0,"D",0,"D",0,"D",0,"D",0,"D",8000,"D",0,"D",0,"D",0,"D",0,"D",1756,918,1771.1,1741.1,923.25,912.29,5815.68,5815.68,38011,38011,38011.01,38011.01,0,0,0,0,0,0,0,0,38011,38011,0,0,1771.1,1741.1,1771.1,1741.1,15650,15850,0,0,0,0,0,0,0,0,0
"03252014",2,"2015","2014",0,0.153,0.153,"1",0.1,0.1,"33","D",0.0454,0.0454,0,"D",0,"D",17553,"D",0,"D",0,"D",0,"D",0,"D",0,"D",0,"D",0,"D",0,"D",0,"D",0,"D",0,"D",733,349,740.3,725.3,351.44,345.96,2685.61,2685.61,17553,17553,17553.01,17553.01,0,0,0,0,0,0,0,0,17553,17553,0,0,740.3,725.3,740.3,725.3,7800,7900,0,0,0,0,0,0,0,0,0
"03252034",1,"2015","2014",0,0,0,"1",0,0,"33","D",0,0,1,"D",1,"D",0,"D",0,"D",0,"D",0,"D",12046,"D",0,"D",3060,"D",0,"D",0,"D",0,"D",0,"D",0,"D",0,0,0,0,0,0,0,0,0,0,0.01,0.01,0,0,0,0,0,0,0,0,0,0,0,0,0,0,0,0,7800,7900,0,0,0,0,0,0,0,0,0
"03252064",1,"2015","2014",3,0.153,0.153,"2",0.2106,0.2106,"45","D",0,0,0,"D",0,"D",20808,"D",0,"D",73,"D",6708,"D",0,"D",0,"D",0,"D",1100,"D",195,"D",472,"D",1,"D",5148,"D",-6322,0,-6231.31,-6412.45,0,0,3183.62,3183.62,27589,27589,27589.01,27589.01,0,0,1000,1000,0,0,5231.31,5412.45,27589,27589,0,0,0,0,0,0,0,0,0,0,0,0,0,0,0,0,0
"03252074",1,"2015","2014",2,0.0679,0.0679,"2",0.35,0.35,"48","D",0,0,0,"D",0,"D",247554,"D",78704,"D",66,"D",0,"D",0,"D",0,"D",0,"D",16180,"D",600,"D",0,"D",2,"D",0,"D",76328,0,76622.91,76032.91,0,0,34415.1,34601.1,326324,326324,0,0,0,0,0,0,0,0,0,0,326324,326324,1447.6,1558.73,75172.8,74471.67,75172.8,74471.67,0,0,0,0,0,0,0,0,0,0,0
"03252084",1,"2015","2014",2,0.153,0.153,"3",0,0.2106,"34","D",0.0575,0.058,0,"D",0,"D",17893,"D",0,"D",19,"D",0,"D",0,"D",0,"D",6000,"D",0,"D",108,"D",0,"D",0,"D",0,"D",-5495,341,-5442.73,-5548,342.9,339.94,2737.63,2737.63,17912,17912,17912.01,17912.01,0,0,0,0,0,0,5442.73,5548,17912,17912,0,0,0,0,0,0,12000,12000,0,0,0,0,0,0,0,0,0
"03252084",2,"2015","2014",0,0.153,0.153,"1",0,0,"34","D",0.0575,0.058,0,"D",0,"D",8000,"D",0,"D",0,"D",0,"D",11976,"D",0,"D",0,"D",0,"D",0,"D",0,"D",0,"D",0,"D",-500,29,-496,-503,29,28.75,1224,1224,8000,8000,8000.01,8000.01,0,0,0,0,0,0,496,503,8000,8000,0,0,0,0,0,0,7500,7500,0,0,0,0,0,0,0,0,0
"03252114",1,"2015","2014",3,0.153,0.153,"2",0.3,0.3,"36","D",0.0444,0.046,0,"D",0,"D",56000,"D",65000,"D",0,"D",0,"D",0,"D",0,"D",0,"D",4000,"D",0,"D",0,"D",3,"D",972,"D",11356,3514,11475,11237.5,3628.44,3399.84,18513,18513,121000,121000,121000.01,121000.01,2450,2450,0,0,0,0,0,0,121000,121000,0,0,13925,13687.5,13925,13687.5,0,0,0,0,0,0,0,0,0,0,0
"03252124",1,"2015","2014",2,0.153,0.153,"2",0.3106,0.3106,"44","D",0,0,0,"D",0,"D",14958,"D",21220,"D",0,"D",0,"D",0,"D",0,"D",15000,"D",0,"D",0,"D",0,"D",1,"D",0,"D",-3047,0,-2941.67,-3151.8,0,0,5535.23,5535.23,36178,36178,0,0,797.8,757.8,202.2,242.2,0,0,2739.47,2909.6,36178,36178,0,0,797.8,757.8,797.8,757.8,0,0,0,0,0,0,0,0,0,0,0
"03252124",2,"2015","2014",0,0.153,0.153,"1",0.1,0.1,"44","D",0,0,0,"D",0,"D",18549,"D",0,"D",0,"D",0,"D",0,"D",0,"D",0,"D",0,"D",0,"D",0,"D",0,"D",0,"D",832,0,839.9,824.9,0,0,2838,2838,18549,18549,0,0,0,0,0,0,0,0,0,0,18549,18549,0,0,839.9,824.9,839.9,824.9,0,0,0,0,0,0,0,0,0,0,0
"03252144",1,"2015","2014",0,0.153,0.153,"1",0.15,0.15,"06","D",0.0463,0.0463,0,"D",0,"D",31000,"D",0,"D",0,"D",0,"D",0,"D",0,"D",18000,"D",0,"D",0,"D",0,"D",0,"D",0,"D",2659,955,2673.75,2643.75,965.36,945.41,4743,4743,31000,31000,0,0,0,0,0,0,0,0,0,0,31000,31000,0,0,2673.75,2643.75,2673.75,2643.75,0,0,0,0,0,0,0,0,0,0,0
"03252154",1,"2015","2014",0,0,0,"1",0.25,0.25,"22","D",0.0476,0.048,0,"D",0,"D",0,"D",0,"D",48272,"D",0,"D",0,"D",0,"D",0,"D",0,"D",0,"D",0,"D",0,"D",0,"D",5337,2270,5386.75,5286.75,2281.34,2259.41,0,0,48272,48272,48272.01,48272.01,0,0,0,0,0,0,0,0,48272,48272,0,0,5386.75,5286.75,5386.75,5286.75,0,0,0,0,0,0,0,0,0,0,0
"03252164",1,"2015","2014",4,0.153,0.153,"3",0.15,0.15,"01","D",0.0462,0.0462,0,"D",0,"D",50000,"D",0,"D",-5000,"D",0,"D",0,"D",0,"D",0,"D",2000,"D",60,"D",0,"D",2,"D",0,"D",-260,1666,-225,-295,1665.75,1665.75,7650,7650,45000,45000,45000.01,45000.01,1775,1705,225,295,0,0,0,0,45000,45000,0,0,1775,1705,1775,1705,2000,2000,5885,5885,0,0,0,0,0,0,0
"03252184",1,"2015","2014",0,0,0,"1",0.2394,0.2394,"23","D",0.0425,0.0425,0,"D",0,"D",0,"D",0,"D",55074,"D",24000,"D",0,"D",0,"D",0,"D",7000,"D",420,"D",0,"D",0,"D",4776,"D",11053,1991,11090.59,11015.59,1990.65,1990.65,0,0,79074,79074,79074.01,79074.01,0,0,0,0,0,0,0,0,74298,74298,0,0,11090.59,11015.59,11090.59,11015.59,0,0,0,0,1200,1200,0,0,0,0,0
"03252204",1,"2015","2014",3,0.153,0.153,"2",0.1436,0.1436,"23","D",0.0425,0.0425,0,"D",0,"D",25000,"D",75000,"D",9850,"D",0,"D",0,"D",0,"D",0,"D",3500,"D",0,"D",0,"D",3,"D",19296,"D",5589,3819,5615.31,5562.81,3818.63,3818.63,15300,15300,109850,109850,109850.01,109850.01,3000,3000,0,0,0,0,0,0,90554,90554,0,0,8615.31,8562.81,8615.31,8562.81,0,0,0,0,0,0,0,0,0,0,0
"03252214",1,"2015","2014",0,0,0,"2",0.1835,0.1835,"05","D",0,0,0,"D",0,"D",0,"D",0,"D",0,"D",38400,"D",13714,"D",0,"D",0,"D",9150,"D",859,"D",0,"D",0,"D",11704,"D",1499,0,1503.71,1493.71,0,0,0,0,45468.45,45468.45,38400.01,38400.01,0,0,0,0,0,0,0,0,33764.45,33764.45,0,0,1503.71,1493.71,1503.71,1493.71,7984,8088,21713,21713,0,0,0,0,0,0,0
"03252214",2,"2015","2014",0,0.153,0.153,"1",0.15,0.15,"05","D",0.04,0.04,0,"D",0,"D",23012,"D",0,"D",0,"D",0,"D",0,"D",0,"D",0,"D",0,"D",0,"D",0,"D",0,"D",0,"D",1461,203,1475.55,1445.55,207.86,199.01,3520.84,3520.84,23012,23012,23012.01,23012.01,0,0,0,0,0,0,0,0,23012,23012,0,0,1475.55,1445.55,1475.55,1445.55,3992,4044,0,0,0,0,0,0,0,0,0
"03252234",1,"2015","2014",2,0.153,0.153,"2",0.2832,0.2832,"07","D",0.067,0.067,0,"D",0,"D",45907,"D",73856,"D",0,"D",0,"D",0,"D",0,"D",0,"D",1200,"D",0,"D",0,"D",2,"D",8820,"D",12172,5708,12259.37,12084.37,5708.12,5708.12,18323.74,18323.74,119763,119763,119763.01,119763.01,1511.85,1511.85,0,0,0,0,0,0,110943,110943,0,0,13771.22,13596.22,13771.22,13596.22,0,0,0,0,0,0,0,0,0,0,0
"03252254",1,"2015","2014",1,0.153,0.153,"3",0.2598,0.2598,"06","D",0.0623,0.0463,0,"D",0,"D",25802,"D",0,"D",0,"D",0,"D",0,"D",0,"D",21600,"D",0,"D",0,"D",0,"D",1,"D",0,"D",-2216,288,-2150.87,-2281.01,407.53,169.34,3947.71,3947.71,25802,25802,0,0,880.2,855.2,119.8,144.8,0,0,2031.07,2136.21,25802,25802,0,0,880.2,855.2,880.2,855.2,0,0,0,0,0,0,0,0,0,213.62,0
"03252254",2,"2015","2014",0,0.153,0.153,"1",0.1,0.1,"06","D",0.0463,0.0463,0,"D",0,"D",17677,"D",0,"D",0,"D",0,"D",0,"D",0,"D",0,"D",0,"D",0,"D",0,"D",0,"D",0,"D",745,339,752.7,737.7,348.5,328.56,2704.58,2704.58,17677,17677,0,0,0,0,0,0,0,0,0,0,17677,17677,0,0,752.7,737.7,752.7,737.7,0,0,0,0,0,0,0,0,0,0,0
"03252314",1,"2015","2014",0,0.153,0.153,"2",0.2356,0.2356,"47","D",0.0575,0.0575,1,"D",0,"D",35296,"D",57000,"D",11500,"D",0,"D",22222,"D",0,"D",0,"D",2400,"D",2720,"D",0,"D",0,"D",11220,"D",15153,4384,15221.98,15083.48,4406.77,4360.77,14121.29,14121.29,122684.7,122684.7,103796.01,103796.01,0,0,0,0,0,0,0,0,111464.7,111464.7,0,0,15221.98,15083.48,15221.98,15083.48,6000,6000,16340,16340,0,0,0,0,0,0,0
"03252324",1,"2015","2014",0,0.153,0.153,"1",-0.0765,0,"33","D",-0.023,0,0,"D",0,"D",6500,"D",0,"D",0,"D",0,"D",0,"D",0,"D",22000,"D",16180,"D",100,"D",0,"D",0,"D",0,"D",-497,-149,-496,-497.25,-148.8,-149.17,994.5,994.5,6500,6500,6500.01,6500.01,0,0,0,0,0,0,496,497.25,6500,6500,0,0,0,0,0,0,7800,7900,0,0,0,0,0,0,148.8,149.18,0
"03252374",1,"2015","2014",2,0.153,0.153,"3",0.2106,0.2106,"0","T",0,0,0,"D",0,"D",20000,"D",0,"D",0,"D",0,"D",0,"D",0,"D",10800,"D",0,"D",0,"D",0,"D",2,"D",0,"D",-7081,0,-7003,-7158.39,0,0,3060,3060,20000,20000,0,0,0,0,2000,2000,0,0,5003,5158.39,20000,20000,0,0,0,0,0,0,0,0,0,0,0,0,0,0,0,0,0
"03252384",1,"2015","2014",1,0.153,0.153,"3",0.2985,0.2984,"22","D",0.0755,0.076,0,"D",0,"D",37199,"D",0,"D",0,"D",0,"D",0,"D",0,"D",0,"D",4800,"D",20,"D",0,"D",0,"D",7548,"D",1438,1192,1501.41,1375.42,1206.07,1178.4,5691.45,5691.45,37199,37199,37199.01,37199.01,0,0,0,0,0,0,209.83,314.97,29651,29651,0,0,1711.24,1690.39,1711.24,1690.39,0,0,0,0,0,0,0,0,31.47,47.25,0
"03252394",1,"2015","2014",2,0.153,0.153,"2",0.2106,0.2106,"45","D",0,0,0,"D",0,"D",10000,"D",18000,"D",0,"D",0,"D",0,"D",0,"D",0,"D",1300,"D",1798,"D",0,"D",2,"D",0,"D",-6547,0,-6461.76,-6631.89,0,0,4284,4284,28000,28000,28000.01,28000.01,0,0,2000,2000,0,0,4461.76,4631.89,28000,28000,0,0,0,0,0,0,0,0,0,0,0,0,0,0,0,0,0
"03252394",2,"2015","2014",0,0.153,0.153,"1",0.15,0.15,"45","D",0.063,0.063,0,"D",0,"D",22605,"D",0,"D",0,"D",0,"D",0,"D",0,"D",0,"D",0,"D",0,"D",0,"D",0,"D",0,"D",1400,692,1414.5,1384.5,697.7,686.65,3458.56,3458.56,22605,22605,22605.01,22605.01,0,0,0,0,0,0,0,0,22605,22605,0,0,1414.5,1384.5,1414.5,1384.5,0,0,0,0,0,0,0,0,0,0,0
"03252434",1,"2015","2014",0,0.153,0.153,"1",0.235,0.235,"07","D",0.06,0.06,0,"D",0,"D",49198,"D",0,"D",58000,"D",0,"D",0,"D",0,"D",0,"D",2800,"D",13600,"D",0,"D",0,"D",6400,"D",14523,5629,14566.53,14480.28,5606.88,5651.88,7527.29,7527.29,107198,107198,107198.01,107198.01,0,0,0,0,0,0,0,0,100798,100798,0,0,14566.53,14480.28,14566.53,14480.28,0,0,0,0,0,0,0,0,0,0,0
"03252474",1,"2015","2014",3,0.153,0.153,"2",0.3106,0.3106,"19","D",0.0434,0.0434,0,"D",0,"D",0,"D",45000,"D",0,"D",0,"D",0,"D",0,"D",0,"D",300,"D",0,"D",0,"D",1,"D",0,"D",-1393,965,-1279.56,-1505.69,993.84,935.3,6885,6885,45000,45000,45000.01,45000.01,1000,1000,0,0,0,0,1564.56,1745.69,45000,45000,0,0,1285,1240,1285,1240,0,0,0,0,0,0,0,0,54.76,61.1,0
"03252494",1,"2015","2014",0,0.153,0.153,"2",0.2267,0.2267,"05","D",0.093,0.093,0,"D",0,"D",98142,"D",59557,"D",0,"D",0,"D",0,"D",0,"D",0,"D",4400,"D",55,"D",0,"D",0,"D",5988,"D",24361,8463,24427.4,24294.08,8496.39,8429.68,24127.95,24127.95,157699,157699,157699.01,157699.01,0,0,0,0,0,0,0,0,151711,151711,0,0,24427.4,24294.08,24427.4,24294.08,7984,8088,10443,10443,0,0,0,0,0,0,0
"03252494",2,"2015","2014",1,0,0,"3",-0.34,-0.34,"05","D",0,0,0,"D",0,"D",0,"D",0,"D",0,"D",0,"D",0,"D",0,"D",0,"D",0,"D",0,"D",0,"D",0,"D",0,"D",0,0,0,0,0,0,0,0,0,0,0.01,0.01,0,0,0,0,0,0,0,0,0,0,0,0,0,0,0,0,7984,8088,0,0,0,0,0,0,0,0,0
"03252524",1,"2015","2014",0,0.153,0.153,"1",0.2385,0.238,"17","D",0.046,0.048,0,"D",0,"D",56000,"D",0,"D",-3276,"D",0,"D",0,"D",0,"D",0,"D",1500,"D",9,"D",0,"D",0,"D",3752,"D",6178,2075,6209.29,6147.13,2100.86,2049.5,8568,8568,52724,52724,56000.01,56000.01,0,0,0,0,0,0,0,0,48972,48972,0,0,6209.29,6147.13,6209.29,6147.13,3000,3000,3419.65,2630.5,0,0,0,0,0,0,0
"03252534",1,"2015","2014",0,0.153,0.153,"1",0.25,0.28,"34","D",0.0575,0.058,0,"D",0,"D",100000,"D",0,"D",0,"D",0,"D",0,"D",0,"D",0,"D",0,"D",0,"D",0,"D",0,"D",0,"D",18276,5342,18333.75,18218.75,5365,5318.75,15300,15300,100000,100000,100000.01,100000.01,0,0,0,0,0,0,0,0,100000,100000,0,0,18333.75,18218.75,18333.75,18218.75,7500,7500,0,0,0,0,0,0,0,0,0
"03252544",1,"2015","2014",1,0.038,0.038,"2",0.3286,0.3286,"44","D",0,0,0,"D",0,"D",289467,"D",0,"D",0,"D",0,"D",0,"D",0,"D",0,"D",6300,"D",45,"D",0,"D",0,"D",36796,"D",52382,0,52594.15,52169.15,0,0,23257.75,23443.75,289467,289467,0,0,0,0,0,0,0,0,0,0,252671,252671,0,0,52594.15,52169.15,52594.15,52169.15,0,0,0,0,0,0,0,0,0,0,0
"03252624",1,"2015","2014",6,0,0,"3",-0.45,-0.45,"31","D",-0.135,-0.09,0,"D",0,"D",0,"D",0,"D",0,"D",0,"D",0,"D",386,"D",13800,"D",0,"D",0,"D",0,"D",4,"D",0,"D",0,-150,0,0,-150,-150,0,0,0,0,0.01,0.01,0,0,0,0,0,0,0,0,0,0,0,0,0,0,0,0,0,0,0,0,0,0,0,0,0,0,0
"03252664",1,"2015","2014",0,0.153,0.153,"1",0.15,0.15,"11","D",0.06,0.06,0,"D",0,"D",31800,"D",0,"D",0,"D",0,"D",0,"D",0,"D",6360,"D",0,"D",0,"D",0,"D",0,"D",0,"D",2779,1418,2793.75,2763.75,1418,1418,4865.4,4865.4,31800,31800,31800.01,31800.01,0,0,0,0,0,0,0,0,31800,31800,0,0,2793.75,2763.75,2793.75,2763.75,2300,2300,0,0,0,0,0,0,0,0,0
"03252684",1,"2015","2014",0,0.153,0.153,"1",0.1,0.1,"29","D",0,0,0,"D",0,"D",16000,"D",0,"D",0,"D",0,"D",0,"D",0,"D",8100,"D",0,"D",0,"D",0,"D",0,"D",0,"D",578,0,585,570,0,0,2448,2448,16000,16000,0,0,0,0,0,0,0,0,0,0,16000,16000,0,0,585,570,585,570,0,0,0,0,0,0,0,0,0,0,0
"03252754",1,"2015","2014",1,0.029,0.029,"2",0.2267,0.2267,"05","D",0.093,0.093,0,"D",0,"D",0,"D",145000,"D",50,"D",0,"D",0,"D",0,"D",0,"D",9400,"D",45,"D",0,"D",1,"D",30420,"D",13911,4215,13983.55,13838.73,4250.79,4180.07,18713,18899,145050,145050,145050.01,145050.01,0,0,0,0,0,0,0,0,114630,114630,0,0,13983.55,13838.73,13983.55,13838.73,7984,8088,39865,39865,0,0,0,0,0,0,0
"03252764",1,"2015","2014",1,0.153,0.153,"3",0.1414,0.1413,"34","D",0.0575,0.058,0,"D",0,"D",75000,"D",0,"D",-5204,"D",0,"D",0,"D",0,"D",0,"D",740,"D",3886,"D",0,"D",0,"D",5560,"D",6596,3338,6606.17,6585.51,3352.17,3323.27,11475,11475,69796,69796,69796.01,69796.01,0,0,0,0,0,0,0,0,64236,64236,0,0,6606.17,6585.51,6606.17,6585.51,12000,12000,6300,6300,0,0,0,0,0,0,0
"03252774",1,"2015","2014",3,0.153,0.153,"2",0.15,0.15,"10","D",0,0,0,"D",0,"D",30397,"D",5583,"D",36000,"D",0,"D",0,"D",0,"D",0,"D",4100,"D",0,"D",0,"D",3,"D",6872,"D",2026,0,2067,1984.5,0,0,5504.94,5504.94,71980,71980,0,0,3000,3000,0,0,0,0,0,0,71980,71980,0,0,5067,4984.5,5067,4984.5,0,0,0,0,0,0,0,0,0,0,0
"03252774",2,"2015","2014",0,0.153,0.153,"1",0.1765,0.1765,"10","D",0,0,0,"D",0,"D",11194,"D",0,"D",0,"D",0,"D",0,"D",0,"D",0,"D",0,"D",0,"D",0,"D",0,"D",0,"D",-172,0,-155.67,-188.38,0,0,1712.68,1712.68,11194,11194,0,0,0,0,0,0,0,0,260.07,277.78,11194,11194,0,0,104.4,89.4,104.4,89.4,0,0,0,0,0,0,0,0,0,0,0
"03252784",1,"2015","2014",0,0.153,0.153,"2",0.25,0.25,"0","T",0,0,0,"D",0,"D",48000,"D",70000,"D",0,"D",0,"D",0,"D",0,"D",0,"D",1200,"D",60,"D",0,"D",0,"D",4316,"D",16038,0,16137.5,15937.5,0,0,18054,18054,118000,118000,0,0,0,0,0,0,0,0,0,0,118000,118000,0,0,16137.5,15937.5,16137.5,15937.5,0,0,0,0,0,0,0,0,0,0,0
"03252794",1,"2015","2014",3,0.153,0.153,"2",0.15,0.15,"0","T",0,0,0,"D",0,"D",50000,"D",37000,"D",0,"D",0,"D",0,"D",0,"D",0,"D",400,"D",0,"D",1700,"D",3,"D",1432,"D",3939,0,3980,3897.5,0,0,13311,13311,87000,87000,0,0,3000,3000,0,0,340,340,0,0,87000,87000,0,0,7320,7237.5,7320,7237.5,0,0,0,0,0,0,0,0,0,0,0
"03252804",1,"2015","2014",6,0.153,0.153,"2",0.1488,0.1488,"48","D",0,0,0,"D",0,"D",70500,"D",31680,"D",0,"D",0,"D",0,"D",0,"D",0,"D",4000,"D",191,"D",0,"D",4,"D",11620,"D",3070,0,3107.14,3032.14,0,0,15633.54,15633.54,102180,102180,0,0,4000,4000,0,0,0,0,0,0,90560,90560,0,0,7107.14,7032.14,7107.14,7032.14,0,0,0,0,0,0,0,0,0,0,0
"03252804",2,"2015","2014",6,0,0,"3",-0.45,-0.45,"48","D",0,0,0,"D",0,"D",0,"D",0,"D",0,"D",0,"D",0,"D",0,"D",0,"D",0,"D",0,"D",0,"D",4,"D",0,"D",0,0,0,0,0,0,0,0,0,0,0,0,0,0,0,0,0,0,0,0,0,0,0,0,0,0,0,0,0,0,0,0,0,0,0,0,0,0,0
"03252804",3,"2015","2014",6,0,0,"3",-0.45,-0.45,"48","D",0,0,0,"D",0,"D",0,"D",0,"D",0,"D",0,"D",0,"D",0,"D",0,"D",0,"D",0,"D",0,"D",4,"D",0,"D",0,0,0,0,0,0,0,0,0,0,0,0,0,0,0,0,0,0,0,0,0,0,0,0,0,0,0,0,0,0,0,0,0,0,0,0,0,0,0
"03252814",1,"2015","2014",2,0,0,"3",-0.4,-0.4,"44","D",0,0,0,"D",0,"D",0,"D",0,"D",0,"D",0,"D",0,"D",0,"D",0,"D",1000,"D",0,"D",0,"D",0,"D",1802,"D",0,0,0,0,0,0,0,0,0,0,0,0,0,0,0,0,0,0,0,0,0,0,0,0,0,0,0,0,0,0,0,0,0,0,0,0,0,0,0
"03252844",1,"2015","2014",0,0.153,0.153,"1",0.15,0.15,"47","D",0.0575,0.0575,0,"D",0,"D",28000,"D",0,"D",-199,"D",0,"D",0,"D",0,"D",10324,"D",0,"D",89,"D",0,"D",0,"D",0,"D",2179,1115,2193.9,2163.9,1115.08,1115.08,4284,4284,27801,27801,27801.01,27801.01,0,0,0,0,0,0,0,0,27801,27801,0,0,2193.9,2163.9,2193.9,2163.9,3000,3000,0,0,0,0,0,0,0,0,0
"03252864",1,"2015","2014",0,0,0,"1",0.25,0.25,"0","T",0,0,1,"D",1,"D",0,"D",0,"D",67951,"D",0,"D",0,"D",0,"D",0,"D",11000,"D",0,"D",0,"D",0,"D",0,"D",9069,0,9106.5,9031.5,0,0,0,0,67951,67951,0,0,0,0,0,0,0,0,0,0,67951,67951,0,0,9106.5,9031.5,9106.5,9031.5,0,0,0,0,0,0,0,0,0,0,0
"03252884",1,"2015","2014",0,0.153,0.153,"2",0.0765,0.0765,"47","D",0,0,1,"D",1,"D",0,"D",14000,"D",0,"D",1563,"D",24658,"D",0,"D",7200,"D",0,"D",240,"D",0,"D",0,"D",0,"D",-353,0,-341.24,-364.31,0,0,2142,2142,15563,15563,3563.01,3563.01,0,0,0,0,0,0,341.24,364.31,15563,15563,0,0,0,0,0,0,6000,6000,0,0,0,0,0,0,68.25,72.86,0
"03252914",1,"2015","2014",0,0.153,0.153,"2",0.15,0.15,"02","D",0,0,0,"D",0,"D",0,"D",84000,"D",5342,"D",6000,"D",0,"D",0,"D",0,"D",12000,"D",0,"D",0,"D",0,"D",18288,"D",7650,0,7665.45,7635.45,0,0,12852,12852,95342,95342,0,0,0,0,0,0,0,0,0,0,77054,77054,0,0,7665.45,7635.45,7665.45,7635.45,0,0,0,0,0,0,0,0,0,0,0
"03252944",1,"2015","2014",0,0,0,"1",0,0,"01","D",0,0,1,"D",1,"D",0,"D",0,"D",0,"D",0,"D",18027,"D",0,"D",0,"D",2500,"D",275,"D",0,"D",0,"D",0,"D",0,0,0,0,0,0,0,0,0,0,0.01,0.01,0,0,0,0,0,0,0,0,0,0,0,0,0,0,0,0,2500,2500,2775,2775,0,0,0,0,0,0,0
"03252954",1,"2015","2014",0,0.153,0.153,"1",0.15,0.15,"05","D",0.08,0.08,0,"D",0,"D",45000,"D",0,"D",0,"D",0,"D",0,"D",0,"D",14400,"D",0,"D",0,"D",0,"D",0,"D",1200,"D",4759,1328,4773.75,4743.75,1342.75,1313.82,6885,6885,45000,45000,45000.01,45000.01,0,0,0,0,0,0,0,0,45000,45000,0,0,4773.75,4743.75,4773.75,4743.75,3992,4044,1200,1200,0,0,0,0,0,0,0
"03252984",1,"2015","2014",0,0.153,0.153,"1",0.225,0.225,"24","D",0.1086,0.1086,1,"D",1,"D",25000,"D",0,"D",0,"D",571,"D",4378,"D",0,"D",0,"D",1800,"D",10,"D",0,"D",0,"D",360,"D",1819,10,1833.9,1803.9,14.47,5.7,3825,3825,26951,26951,26951.02,26951.02,0,0,0,0,0,0,0,0,26951,26951,0,0,1833.9,1803.9,1833.9,1803.9,7750,7850,0,0,781.31,782.06,0,0,0,0,0
"03253014",1,"2015","2014",1,0.153,0.153,"2",0.15,0.15,"38","D",0.0765,0.0765,0,"D",0,"D",52000,"D",0,"D",-1997,"D",0,"D",12108,"D",0,"D",0,"D",10,"D",905,"D",0,"D",0,"D",0,"D",4465,2671,4499.22,4431.72,2679.53,2663.32,7956,7956,60294.8,60294.8,50003.01,50003.01,0,0,0,0,0,0,0,0,60294.8,60294.8,0,0,4499.22,4431.72,4499.22,4431.72,4231.2,4289.91,915,915,0,0,0,0,0,0,0
"03253024",1,"2015","2014",0,0.153,0.153,"1",0,0,"23","D",0.0775,0.0775,1,"D",1,"D",5000,"D",0,"D",0,"D",0,"D",20662,"D",0,"D",0,"D",900,"D",150,"D",0,"D",0,"D",0,"D",0,41,0,0,40.71,40.71,765,765,5000,5000,5000.01,5000.01,0,0,0,0,0,0,0,0,5000,5000,0,0,0,0,0,0,0,0,0,0,1.79,1.79,0,0,0,0,0
"03253034",1,"2015","2014",1,0.153,0.153,"3",0.2598,0.2598,"10","D",0,0,0,"D",0,"D",18000,"D",0,"D",-1029,"D",1400,"D",0,"D",0,"D",0,"D",370,"D",80,"D",0,"D",0,"D",0,"D",-3147,0,-3081.45,-3211.58,0,0,2754,2754,18371,18371,0,0,0,0,0,0,0,0,3218.55,3323.68,18371,18371,0,0,137.1,112.1,137.1,112.1,0,0,0,0,0,0,0,0,0,0,0
"03253064",1,"2015","2014",2,0.153,0.153,"3",0.1427,0.1427,"19","D",0.0485,0.0485,0,"D",0,"D",62000,"D",0,"D",0,"D",0,"D",0,"D",0,"D",0,"D",800,"D",30,"D",0,"D",1,"D",14472,"D",3328,1571,3342.96,3314.02,1582.61,1558.77,9486,9486,62000,62000,62000.01,62000.01,1000,1000,0,0,0,0,0,0,47528,47528,0,0,4342.96,4314.02,4342.96,4314.02,0,0,0,0,0,0,0,0,0,0,0
"03253084",1,"2015","2014",0,0.029,0.029,"2",0.2695,0.266,"14","D",0.0375,0.05,0,"D",0,"D",0,"D",228786,"D",162,"D",12000,"D",0,"D",0,"D",0,"D",4400,"D",2390,"D",0,"D",0,"D",4500,"D",46537,9610,46255.07,46818.54,11014.9,8204.3,21142.79,21328.79,240948,240948,228948.01,228948.01,0,0,0,0,0,0,0,0,236448,236448,0,0,46255.07,46818.54,46255.07,46818.54,0,0,0,0,220,220,0,0,0,0,0
"03253134",1,"2015","2014",0,0,0,"1",-0.0765,-0.0765,"0","T",0,0,0,"D",0,"D",0,"D",0,"D",0,"D",0,"D",0,"D",0,"D",6060,"D",0,"D",0,"D",0,"D",0,"D",0,"D",0,0,0,0,0,0,0,0,0,0,0,0,0,0,0,0,0,0,0,0,0,0,0,0,0,0,0,0,0,0,0,0,0,0,0,0,0,0,0
"03253144",1,"2015","2014",2,0,0,"3",-0.4,-0.4,"10","D",0,0,0,"D",0,"D",0,"D",0,"D",0,"D",4000,"D",0,"D",0,"D",0,"D",1350,"D",0,"D",0,"D",0,"D",6448,"D",0,0,0,0,0,0,0,0,4000,4000,0,0,0,0,0,0,0,0,0,0,4000,4000,0,0,0,0,0,0,0,0,0,0,0,0,0,0,0,0,0
"03253154",1,"2015","2014",0,0.153,0.153,"2",0.1442,0.1442,"01","D",0.039,0.039,0,"D",0,"D",33000,"D",63000,"D",0,"D",0,"D",0,"D",0,"D",0,"D",580,"D",0,"D",0,"D",0,"D",17652,"D",9133,2835,9147.65,9117.42,2833.82,2835.33,14688,14688,96000,96000,96000.01,96000.01,0,0,0,0,0,0,0,0,78348,78348,0,0,9147.65,9117.42,9147.65,9117.42,4000,4000,25576,25576,0,0,0,0,0,0,0
"03253154",2,"2015","2014",1,0,0,"3",-0.34,-0.34,"01","D",0,0,0,"D",0,"D",0,"D",0,"D",0,"D",0,"D",0,"D",0,"D",0,"D",0,"D",0,"D",0,"D",0,"D",0,"D",0,0,0,0,0,0,0,0,0,0,0.01,0.01,0,0,0,0,0,0,0,0,0,0,0,0,0,0,0,0,4700,4700,0,0,0,0,0,0,0,0,0
"03253164",1,"2015","2014",2,0.153,0.153,"2",0.2919,0.2919,"03","D",0.0325,0.0325,0,"D",0,"D",101898,"D",17177,"D",0,"D",0,"D",0,"D",0,"D",0,"D",1200,"D",1299,"D",0,"D",2,"D",13108,"D",11317,2719,11403.8,11229.98,2720.97,2716.27,18218.47,18218.47,119075,119075,119075.01,119075.01,1546.25,1546.25,0,0,0,0,0,0,105967,105967,0,0,12950.05,12776.23,12950.05,12776.23,10018,10182,18324.79,18320.1,0,0,0,0,0,0,0
"03253194",1,"2015","2014",0,0.153,0.153,"1",0.25,0.25,"28","D",0.0684,0.0684,0,"D",0,"D",60000,"D",0,"D",0,"D",0,"D",0,"D",0,"D",11920,"D",0,"D",46,"D",0,"D",0,"D",0,"D",8269,2709,8318.75,8218.75,2719.72,2697.56,9180,9180,60000,60000,60000.01,60000.01,0,0,0,0,0,0,0,0,60000,60000,0,0,8318.75,8218.75,8318.75,8218.75,6200,6300,0,0,0,0,0,0,0,0,0
"03253194",2,"2015","2014",0,0.153,0.153,"1",0.15,0.15,"28","D",0.0684,0.0684,0,"D",0,"D",40000,"D",0,"D",0,"D",0,"D",0,"D",0,"D",0,"D",0,"D",0,"D",0,"D",0,"D",0,"D",4009,1341,4023.75,3993.75,1351.72,1329.56,6120,6120,40000,40000,40000.01,40000.01,0,0,0,0,0,0,0,0,40000,40000,0,0,4023.75,3993.75,4023.75,3993.75,6200,6300,0,0,0,0,0,0,0,0,0
"03253224",1,"2015","2014",0,0,0,"2",0.2355,0.2355,"18","D",0.058,0.058,2,"D",2,"D",0,"D",0,"D",7000,"D",96696,"D",30020,"D",0,"D",0,"D",28436,"D",0,"D",0,"D",0,"D",0,"D",14479,1513,14553.58,14403.58,1512.7,1512.7,0,0,129213,129213,62586.01,62586.01,0,0,0,0,0,0,0,0,129213,129213,0,0,14553.58,14403.58,14553.58,14403.58,2400,2440,28436,28436,0,0,0,0,0,0,0
"03253284",1,"2015","2014",0,0,0,"1",0,0,"44","D",0,0,1,"D",1,"D",0,"D",0,"D",0,"D",7918,"D",16102,"D",0,"D",0,"D",3000,"D",2402,"D",0,"D",0,"D",653,"D",0,0,0,0,0,0,0,0,7918,7918,0,0,0,0,0,0,0,0,0,0,7918,7918,0,0,0,0,0,0,0,0,0,0,0,0,0,0,0,0,0
"03253284",2,"2015","2014",0,0.153,0.153,"1",0.25,0.25,"44","D",0,0,0,"D",0,"D",90000,"D",0,"D",0,"D",0,"D",0,"D",0,"D",0,"D",0,"D",0,"D",0,"D",0,"D",0,"D",15769,0,15818.75,15718.75,0,0,13770,13770,90000,90000,0,0,0,0,0,0,0,0,0,0,90000,90000,0,0,15818.75,15718.75,15818.75,15718.75,0,0,0,0,0,0,0,0,0,0,0
"03253284",3,"2015","2014",0,0.153,0.153,"1",0.25,0.25,"44","D",0,0,0,"D",0,"D",60000,"D",0,"D",0,"D",0,"D",0,"D",0,"D",0,"D",0,"D",0,"D",0,"D",0,"D",0,"D",8269,0,8318.75,8218.75,0,0,9180,9180,60000,60000,0,0,0,0,0,0,0,0,0,0,60000,60000,0,0,8318.75,8218.75,8318.75,8218.75,0,0,0,0,0,0,0,0,0,0,0
"03253294",1,"2015","2014",0,0,0,"1",-0.0765,-0.0765,"39","D",0,0,0,"D",0,"D",0,"D",0,"D",1200,"D",0,"D",17074,"D",0,"D",1800,"D",0,"D",682,"D",0,"D",0,"D",0,"D",0,0,0,0,0,0,0,0,1200,1200,1200.01,1200.01,0,0,0,0,0,0,0,0,1200,1200,0,0,0,0,0,0,0,0,0,0,0,0,0,0,0,0,0
"03253324",1,"2015","2014",1,0,0,"3",-0.34,-0.34,"44","D",0,0,0,"D",0,"D",0,"D",0,"D",0,"D",0,"D",0,"D",0,"D",4200,"D",0,"D",0,"D",0,"D",1,"D",240,"D",0,0,0,0,0,0,0,0,0,0,0,0,0,0,0,0,0,0,0,0,0,0,0,0,0,0,0,0,0,0,0,0,0,0,0,0,0,0,0
"03253334",1,"2015","2014",1,0.153,0.153,"2",0.15,0.15,"18","D",0.058,0.058,0,"D",0,"D",43000,"D",42749,"D",7560,"D",0,"D",0,"D",0,"D",14400,"D",0,"D",0,"D",0,"D",1,"D",3880,"D",8418,4733,8451.35,8383.85,4735.52,4730.88,13119.6,13119.6,93309,93309,93309.01,93309.01,1000,1000,0,0,0,0,0,0,93309,93309,0,0,9451.35,9383.85,9451.35,9383.85,2400,2440,3880,3880,0,0,0,0,0,0,0
"03253374",1,"2015","2014",2,0.153,0.153,"2",0.2106,0.2106,"14","D",0.0586,0.0711,0,"D",0,"D",11580,"D",12141,"D",0,"D",0,"D",0,"D",0,"D",8460,"D",0,"D",11,"D",0,"D",1,"D",0,"D",-6448,119,-6362.91,-6533.05,224.76,13.73,3629.31,3629.31,23721,23721,23721.01,23721.01,0,0,1000,1000,0,0,5362.91,5533.05,23721,23721,0,0,0,0,0,0,0,0,0,0,0,0,0,0,536.29,553.3,0
"03253464",1,"2015","2014",0,0.153,0.153,"1",0.25,0.25,"05","D",0.093,0.093,0,"D",0,"D",81953,"D",0,"D",0,"D",0,"D",0,"D",0,"D",43356,"D",0,"D",100,"D",0,"D",0,"D",960,"D",13757,4632,13807,13707,4651.16,4612.97,12538.81,12538.81,81953,81953,81953.01,81953.01,0,0,0,0,0,0,0,0,81953,81953,0,0,13807,13707,13807,13707,3992,4044,1060,1060,0,0,0,0,0,0,0
"03253464",2,"2015","2014",0,0.153,0.153,"1",0.25,0.25,"05","D",0.093,0.093,0,"D",0,"D",62312,"D",0,"D",0,"D",0,"D",0,"D",0,"D",0,"D",0,"D",0,"D",0,"D",0,"D",0,"D",8847,2805,8896.75,8796.75,2824.55,2786.36,9533.74,9533.74,62312,62312,62312.01,62312.01,0,0,0,0,0,0,0,0,62312,62312,0,0,8896.75,8796.75,8896.75,8796.75,3992,4044,0,0,0,0,0,0,0,0,0
"03253484",1,"2015","2014",1,0.153,0.153,"2",0.15,0.15,"39","D",0.0307,0.0307,0,"D",0,"D",29437,"D",56163,"D",0,"D",0,"D",0,"D",0,"D",0,"D",2700,"D",0,"D",0,"D",1,"D",0,"D",7261,2628,7295,7227.5,2627.92,2627.92,13096.8,13096.8,85600,85600,85600.01,85600.01,1000,1000,0,0,0,0,0,0,85600,85600,0,0,8295,8227.5,8295,8227.5,0,0,0,0,0,0,0,0,0,0,0
"03253534",1,"2015","2014",0,0,0,"1",0.279,0.279,"39","D",0,0,1,"D",1,"D",0,"D",0,"D",2149,"D",96696,"D",24255,"D",0,"D",0,"D",6900,"D",10,"D",0,"D",0,"D",10668,"D",20294,0,20353.12,20234.62,0,0,0,0,119461.75,119461.75,2149.01,2149.01,0,0,0,0,0,0,0,0,108793.75,108793.75,0,0,20353.12,20234.62,20353.12,20234.62,0,0,0,0,0,0,0,0,0,0,0
"03253544",1,"2015","2014",2,0.153,0.153,"3",0.2385,0.2377,"36","D",0.046,0.0491,0,"D",0,"D",110000,"D",0,"D",222,"D",0,"D",0,"D",0,"D",0,"D",5500,"D",0,"D",0,"D",1,"D",1200,"D",16430,3349,16466.14,16393.1,3457.44,3239.61,16830,16830,110222,110222,110222.01,110222.01,0,0,0,0,0,0,0,0,109022,109022,0,0,16466.14,16393.1,16466.14,16393.1,0,0,0,0,0,0,0,0,0,0,0
"03253574",1,"2015","2014",0,0.153,0.153,"1",-0.0765,-0.0765,"10","D",0,0,0,"D",0,"D",2522,"D",0,"D",0,"D",0,"D",0,"D",0,"D",5688,"D",0,"D",0,"D",0,"D",0,"D",0,"D",-193,0,-192.93,-192.93,0,0,385.87,385.87,2522,2522,0,0,0,0,0,0,0,0,192.93,192.93,2522,2522,0,0,0,0,0,0,0,0,0,0,0,0,0,0,0,0,0
"03253604",1,"2015","2014",0,0,0,"1",-0.0765,-0.0765,"18","D",0,0,0,"D",0,"D",0,"D",0,"D",0,"D",0,"D",16894,"D",0,"D",0,"D",0,"D",0,"D",0,"D",0,"D",0,"D",0,0,0,0,0,0,0,0,0,0,0.01,0.01,0,0,0,0,0,0,0,0,0,0,0,0,0,0,0,0,2400,2440,0,0,0,0,0,0,0,0,0
"03253634",1,"2015","2014",0,0.153,0.153,"1",0.25,0.25,"39","D",0.0307,0.0307,0,"D",0,"D",50000,"D",0,"D",0,"D",0,"D",0,"D",0,"D",19500,"D",0,"D",0,"D",0,"D",0,"D",0,"D",5769,1535,5818.75,5718.75,1535,1535,7650,7650,50000,50000,50000.01,50000.01,0,0,0,0,0,0,0,0,50000,50000,0,0,5818.75,5718.75,5818.75,5718.75,0,0,0,0,0,0,0,0,0,0,0
"03253634",2,"2015","2014",0,0.153,0.153,"1",0.25,0.25,"39","D",0.0307,0.0307,0,"D",0,"D",70000,"D",0,"D",-4200,"D",0,"D",0,"D",0,"D",0,"D",0,"D",0,"D",0,"D",0,"D",0,"D",9719,2020,9768.75,9668.75,2020.06,2020.06,10710,10710,65800,65800,65800.01,65800.01,0,0,0,0,0,0,0,0,65800,65800,0,0,9768.75,9668.75,9768.75,9668.75,0,0,0,0,0,0,0,0,0,0,0
"03253674",1,"2015","2014",0,0,0,"1",-0.0765,-0.0765,"0","T",0,0,0,"D",0,"D",0,"D",0,"D",0,"D",0,"D",17506,"D",0,"D",0,"D",450,"D",0,"D",0,"D",0,"D",652,"D",0,0,0,0,0,0,0,0,0,0,0,0,0,0,0,0,0,0,0,0,0,0,0,0,0,0,0,0,0,0,0,0,0,0,0,0,0,0,0
"03253704",1,"2015","2014",2,0,0,"3",-0.4,-0.4,"44","D",0,0,0,"D",0,"D",0,"D",0,"D",0,"D",1464,"D",0,"D",0,"D",0,"D",1800,"D",0,"D",0,"D",0,"D",0,"D",0,0,0,0,0,0,0,0,1464,1464,0,0,0,0,0,0,0,0,0,0,1464,1464,0,0,0,0,0,0,0,0,0,0,0,0,0,0,0,0,0
"03253714",1,"2015","2014",0,0,0,"1",0,0,"19","D",0,0,1,"D",1,"D",0,"D",0,"D",0,"D",0,"D",26139,"D",0,"D",0,"D",120,"D",114,"D",0,"D",0,"D",0,"D",0,0,0,0,0,0,0,0,0,0,0.01,0.01,0,0,0,0,0,0,0,0,0,0,0,0,0,0,0,0,0,0,0,0,0,0,0,0,0,0,0
"03253784",1,"2015","2014",1,0.153,0.153,"3",0.15,0.15,"33","D",0.0645,0.0645,0,"D",0,"D",60000,"D",0,"D",0,"D",0,"D",0,"D",0,"D",18000,"D",0,"D",0,"D",0,"D",1,"D",0,"D",4779,2090,4802.5,4755,2275.89,1904.57,9180,9180,60000,60000,60000.01,60000.01,1000,1000,0,0,0,0,0,0,60000,60000,0,0,5802.5,5755,5802.5,5755,10950,11100,0,0,0,0,0,0,0,0,0
"03253794",1,"2015","2014",0,0,0,"1",0,-0.0765,"12","D",0,0,1,"D",0,"D",0,"D",0,"D",1836,"D",0,"D",7066,"D",0,"D",0,"D",0,"D",0,"D",0,"D",0,"D",0,"D",0,-85,0,0,-85,-85,0,0,1836,1836,1836.01,1836.01,0,0,0,0,0,0,0,0,1836,1836,0,0,0,0,0,0,2200,2200,173.97,173.97,0,0,0,0,0,0,0
"03253844",1,"2015","2014",0,0,0,"1",-0.0765,-0.0765,"01","D",0,0,0,"D",0,"D",0,"D",0,"D",0,"D",0,"D",8866,"D",0,"D",0,"D",0,"D",0,"D",0,"D",0,"D",0,"D",0,0,0,0,0,0,0,0,0,0,0.01,0.01,0,0,0,0,0,0,0,0,0,0,0,0,0,0,0,0,2500,2500,0,0,0,0,0,0,0,0,0
"03253924",1,"2015","2014",0,0.153,0.153,"1",0.2356,0.2355,"34","D",0.0575,0.058,0,"D",0,"D",100000,"D",0,"D",-6500,"D",0,"D",0,"D",0,"D",0,"D",1300,"D",1800,"D",0,"D",0,"D",0,"D",16190,4967,16221.75,16157.5,4988,4945,15300,15300,93500,93500,93500.01,93500.01,0,0,0,0,0,0,0,0,93500,93500,0,0,16221.75,16157.5,16221.75,16157.5,7500,7500,1300,1300,0,0,0,0,0,0,0
"03253974",1,"2015","2014",0,0.153,0.153,"1",0.25,0.25,"44","D",0,0,0,"D",0,"D",90000,"D",0,"D",-2571,"D",0,"D",0,"D",0,"D",43356,"D",0,"D",0,"D",0,"D",0,"D",0,"D",15126,0,15176,15076,0,0,13770,13770,87429,87429,0,0,0,0,0,0,0,0,0,0,87429,87429,0,0,15176,15076,15176,15076,0,0,0,0,0,0,0,0,0,0,0
"03253984",1,"2015","2014",0,0.153,0.153,"2",0.1444,0.1425,"14","D",0.0375,0.05,0,"D",0,"D",37860,"D",40586,"D",0,"D",0,"D",0,"D",0,"D",0,"D",5900,"D",2950,"D",0,"D",0,"D",5404,"D",7079,2950,7024.08,7133.48,3414.8,2485.48,12002.24,12002.24,78446,78446,78446.01,78446.01,0,0,0,0,0,0,0,0,73042,73042,0,0,7024.08,7133.48,7024.08,7133.48,0,0,0,0,295,295,0,0,0,0,0
"03253994",1,"2015","2014",1,0,0,"3",0,0,"50","D",0.0703,0.0703,1,"D",1,"D",0,"D",0,"D",3500,"D",7897,"D",12300,"D",0,"D",12180,"D",0,"D",100,"D",0,"D",0,"D",0,"D",0,-320,0,0,-320.01,-320.01,0,0,11397,11397,11397.01,11397.01,0,0,0,0,0,0,0,0,11397,11397,0,0,0,0,0,0,13020,13239.48,0,0,320.01,320.01,0,0,0,0,0
"03254024",1,"2015","2014",2,0.153,0.153,"2",0.15,0.141,"11","D",0.06,0.06,0,"D",0,"D",99180,"D",0,"D",-200,"D",0,"D",0,"D",0,"D",0,"D",2400,"D",0,"D",0,"D",1,"D",4116,"D",8777,4589,8919.52,8634.5,4483.84,4694.8,15174.54,15174.54,98980,98980,98980.01,98980.01,1000,1000,0,0,0,0,0,0,94864,98980,0,0,9919.52,9634.5,9919.52,9634.5,3000,3000,6516,0,0,0,0,0,0,0,0
"03254084",1,"2015","2014",0,0.153,0.153,"2",0.0765,0.0765,"33","D",0.041,0.041,0,"D",0,"D",20000,"D",0,"D",0,"D",0,"D",19385,"D",0,"D",0,"D",5000,"D",0,"D",0,"D",0,"D",4784,"D",-13,95,-1.81,-24.87,99,91,3060,3060,20000,20000,20000.01,20000.01,0,0,0,0,0,0,1.81,24.87,20000,20000,0,0,0,0,0,0,15650,15850,0,0,0,0,0,0,0,0,0
"03254134",1,"2015","2014",1,0.153,0.153,"2",0.2305,0.2306,"33","D",0.078,0.0777,0,"D",0,"D",53800,"D",56300,"D",0,"D",0,"D",0,"D",0,"D",0,"D",3800,"D",0,"D",0,"D",0,"D",5772,"D",12445,5424,12518.68,12371.04,5453.29,5393.84,16845.3,16845.3,110100,110100,110100.01,110100.01,0,0,0,0,0,0,0,0,104328,104328,0,0,12518.68,12371.04,12518.68,12371.04,15650,15850,9572,9572,0,0,0,0,0,0,0
"03254134",2,"2015","2014",0,0.153,0.153,"1",0.15,0.15,"33","D",0.0645,0.0645,0,"D",0,"D",31792,"D",0,"D",0,"D",0,"D",0,"D",0,"D",0,"D",0,"D",0,"D",0,"D",0,"D",0,"D",2778,1211,2792.55,2762.55,1218.6,1204.38,4864.18,4864.18,31792,31792,31792.01,31792.01,0,0,0,0,0,0,0,0,31792,31792,0,0,2792.55,2762.55,2792.55,2762.55,7800,7900,0,0,0,0,0,0,0,0,0
"03254144",1,"2015","2014",0,0.153,0.153,"1",0.2362,0.2362,"31","D",0.0552,0.0552,0,"D",0,"D",70000,"D",0,"D",-5185,"D",0,"D",0,"D",0,"D",0,"D",9400,"D",1100,"D",0,"D",0,"D",3264,"D",7144,1800,7181.4,7106.4,1800.4,1800.4,10710,10710,64815,64815,70000.01,70000.01,0,0,0,0,0,0,0,0,61551,61551,0,0,7181.4,7106.4,7181.4,7106.4,0,0,0,0,0,0,0,0,0,0,0
"03254144",2,"2015","2014",0,0.153,0.153,"1",0.15,0.15,"31","D",0.014,0.014,0,"D",0,"D",20000,"D",0,"D",0,"D",0,"D",0,"D",0,"D",0,"D",0,"D",0,"D",0,"D",0,"D",0,"D",1009,266,1023.75,993.75,266,266,3060,3060,20000,20000,20000.01,20000.01,0,0,0,0,0,0,0,0,20000,20000,0,0,1023.75,993.75,1023.75,993.75,0,0,0,0,0,0,0,0,0,0,0
"03254144",3,"2015","2014",0,0.153,0.153,"1",0.15,0.15,"31","D",0.0175,0.0175,0,"D",0,"D",30000,"D",0,"D",0,"D",0,"D",0,"D",0,"D",0,"D",0,"D",0,"D",0,"D",0,"D",0,"D",2509,438,2523.75,2493.75,437.5,437.5,4590,4590,30000,30000,30000.01,30000.01,0,0,0,0,0,0,0,0,30000,30000,0,0,2523.75,2493.75,2523.75,2493.75,0,0,0,0,0,0,0,0,0,0,0
"03254174",1,"2015","2014",0,0,0,"1",0,0,"01","D",0.02,0.02,1,"D",1,"D",0,"D",0,"D",0,"D",4320,"D",5314,"D",0,"D",0,"D",160,"D",0,"D",0,"D",0,"D",360,"D",0,6,0,0,6.4,6.4,0,0,4320,4320,4320.01,4320.01,0,0,0,0,0,0,0,0,4320,4320,0,0,0,0,0,0,2500,2500,520,520,0,0,0,0,0,0,0
"03254194",1,"2015","2014",2,0.029,0.029,"2",0.254,0.325,"05","D",0.093,0.093,0,"D",0,"D",0,"D",228786,"D",0,"D",0,"D",0,"D",0,"D",22500,"D",0,"D",126,"D",0,"D",2,"D",0,"D",42675,14628,42836.95,42512.28,14670.17,14585.78,21142.79,21328.79,228786,228786,228786.01,228786.01,0,0,0,0,0,0,0,0,228786,228786,96.8,0,42740.15,42512.28,42740.15,42512.28,7984,8088,126,126,0,0,0,0,0,0,0
"03254224",1,"2015","2014",0,0,0,"1",0,-0.0765,"39","D",0,0,1,"D",0,"D",0,"D",0,"D",0,"D",0,"D",12778,"D",0,"D",0,"D",2600,"D",45,"D",0,"D",0,"D",0,"D",0,0,0,0,0,0,0,0,0,0,0.01,0.01,0,0,0,0,0,0,0,0,0,0,0,0,0,0,0,0,0,0,0,0,0,0,0,0,0,0,0
"03254274",1,"2015","2014",2,0.029,0.029,"2",0.2267,0.2267,"05","D",0.093,0.093,0,"D",0,"D",228786,"D",0,"D",-18000,"D",0,"D",0,"D",0,"D",0,"D",10000,"D",0,"D",0,"D",2,"D",38280,"D",25999,9211,26076.84,25920.52,9248.64,9173.93,21142.79,21328.79,210786,210786,210786.01,210786.01,0,0,0,0,0,0,0,0,172506,172506,0,0,26076.84,25920.52,26076.84,25920.52,7984,8088,48280,48280,0,0,0,0,0,0,0
"03254274",2,"2015","2014",0,0,0,"2",-0.0765,-0.0765,"05","D",0,0,1,"D",1,"D",0,"D",0,"D",0,"D",0,"D",0,"D",0,"D",0,"D",0,"D",0,"D",0,"D",0,"D",0,"D",0,0,0,0,0,0,0,0,0,0,0.01,0.01,0,0,0,0,0,0,0,0,0,0,0,0,0,0,0,0,7984,8088,0,0,0,0,0,0,0,0,0
"03254284",1,"2015","2014",3,0.153,0.153,"2",0.15,0.15,"37","D",0.0525,0.0525,0,"D",0,"D",38000,"D",46000,"D",-6,"D",0,"D",0,"D",0,"D",9660,"D",0,"D",160,"D",0,"D",3,"D",0,"D",3828,2948,3869.1,3786.6,2953.69,2943.19,12852,12852,83994,83994,83994.01,83994.01,3000,3000,0,0,0,0,0,0,83994,83994,0,0,6869.1,6786.6,6869.1,6786.6,12400,12600,0,0,0,0,150,150,0,0,0
"03254324",1,"2015","2014",1,0.153,0.153,"2",0.149,0.149,"44","D",0,0,0,"D",0,"D",0,"D",48000,"D",0,"D",16000,"D",18670,"D",0,"D",0,"D",4000,"D",490,"D",0,"D",1,"D",12484,"D",5564,0,5582.86,5545.36,0,0,7344,7344,79869.5,79869.5,0,0,1000,1000,0,0,0,0,0,0,67385.5,67385.5,0,0,6582.86,6545.36,6582.86,6545.36,0,0,0,0,0,0,0,0,0,0,0
"03254334",1,"2015","2014",0,0.153,0.153,"1",-0.0765,-0.0765,"11","D",0,0,0,"D",0,"D",5000,"D",0,"D",0,"D",0,"D",0,"D",0,"D",6408,"D",0,"D",500,"D",0,"D",0,"D",100,"D",-383,0,-382.5,-382.5,0,0,765,765,5000,5000,5000.01,5000.01,0,0,0,0,0,0,382.5,382.5,5000,5000,0,0,0,0,0,0,2300,2300,0,0,0,0,0,0,0,0,0
"03254414",1,"2015","2014",0,0,0,"1",0,0,"11","D",0,0,1,"D",1,"D",0,"D",0,"D",0,"D",0,"D",14662,"D",0,"D",5400,"D",0,"D",12,"D",0,"D",0,"D",0,"D",0,0,0,0,0,0,0,0,0,0,0,0,0,0,0,0,0,0,0,0,0,0,0,0,0,0,0,0,3600,3600,0,0,0,0,0,0,0,0,0
"03254474",1,"2015","2014",0,0.153,0.153,"1",0.2483,0.2483,"10","D",0,0,0,"D",0,"D",57000,"D",0,"D",0,"D",0,"D",0,"D",0,"D",0,"D",3700,"D",0,"D",0,"D",0,"D",4860,"D",6781,0,6818.07,6743.07,0,0,8721,8721,57000,57000,0,0,0,0,0,0,0,0,0,0,52140,52140,0,0,6818.07,6743.07,6818.07,6743.07,0,0,0,0,0,0,0,0,0,0,0
"03254494",1,"2015","2014",4,0.153,0.153,"2",0.2106,0.2106,"44","D",0,0,0,"D",0,"D",35000,"D",0,"D",0,"D",0,"D",0,"D",0,"D",0,"D",1500,"D",0,"D",0,"D",4,"D",4136,"D",-7761,0,-7670.56,-7851.69,0,0,5355,5355,35000,35000,0,0,0,0,4000,4000,0,0,3670.56,3851.69,35000,35000,0,0,0,0,0,0,0,0,0,0,0,0,0,0,0,0,0
"03254514",1,"2015","2014",0,0.153,0.153,"2",0.1,0.1,"44","D",0,0,0,"D",0,"D",30000,"D",0,"D",1,"D",0,"D",0,"D",0,"D",21600,"D",0,"D",20,"D",0,"D",0,"D",0,"D",955,0,970.1,940.1,0,0,4590,4590,30001,30001,0,0,0,0,0,0,0,0,0,0,30001,30001,0,0,970.1,940.1,970.1,940.1,0,0,0,0,0,0,0,0,0,0,0
"03254524",1,"2015","2014",5,0.153,0.153,"2",0,0,"03","D",0,0,0,"D",0,"D",8043,"D",11000,"D",3954,"D",0,"D",0,"D",0,"D",0,"D",790,"D",0,"D",0,"D",2,"D",0,"D",-7614,-100,-7539,-7688,-100,-100,2913.58,2913.58,22997,22997,22997.01,22997.01,0,0,2000,2000,0,0,5539,5688,22997,22997,0,0,0,0,0,0,10018,10182,1201.58,1201.58,0,0,0,0,0,0,0
"03254524",2,"2015","2014",0,0.153,0.153,"1",0.15,0.15,"03","D",0.0288,0.0288,0,"D",0,"D",21000,"D",0,"D",0,"D",0,"D",0,"D",0,"D",0,"D",0,"D",0,"D",0,"D",0,"D",0,"D",1159,370,1173.75,1143.75,371.06,368.23,3213,3213,21000,21000,21000.01,21000.01,0,0,0,0,0,0,0,0,21000,21000,0,0,1173.75,1143.75,1173.75,1143.75,5009,5091,371.06,368.23,0,0,0,0,0,0,0
"03254524",3,"2015","2014",5,0,0,"3",-0.45,-0.45,"03","D",0,0,0,"D",0,"D",0,"D",0,"D",0,"D",0,"D",0,"D",0,"D",0,"D",0,"D",0,"D",0,"D",2,"D",0,"D",0,-100,0,0,-100,-100,0,0,0,0,0.01,0.01,0,0,0,0,0,0,0,0,0,0,0,0,0,0,0,0,10018,10182,0.06,0.06,0,0,0,0,0,0,0
"03254564",1,"2015","2014",0,0.153,0.153,"2",0.15,0.15,"44","D",0,0,0,"D",0,"D",45000,"D",35000,"D",-140,"D",0,"D",0,"D",0,"D",11280,"D",0,"D",330,"D",0,"D",0,"D",0,"D",7997,0,8026.5,7966.5,0,0,12240,12240,79860,79860,0,0,0,0,0,0,0,0,0,0,79860,79860,0,0,8026.5,7966.5,8026.5,7966.5,0,0,0,0,0,0,0,0,0,0,0
"03254574",1,"2015","2014",0,0.153,0.153,"2",0.1448,0.1445,"36","D",0.0346,0.037,0,"D",0,"D",0,"D",65000,"D",0,"D",0,"D",0,"D",0,"D",0,"D",2100,"D",50,"D",0,"D",0,"D",11340,"D",5371,1655,5377.71,5363.86,1708.62,1600.92,9945,9945,65000,65000,65000.01,65000.01,0,0,0,0,0,0,0,0,53660,53660,0,0,5377.71,5363.86,5377.71,5363.86,0,0,0,0,0,0,0,0,0,0,0
"03254574",2,"2015","2014",0,0.153,0.153,"1",0.15,0.15,"36","D",0.0346,0.037,0,"D",0,"D",44690,"D",0,"D",0,"D",0,"D",0,"D",0,"D",0,"D",0,"D",0,"D",0,"D",0,"D",0,"D",4712,997,4727.25,4697.25,1029.67,964.75,6837.57,6837.57,44690,44690,44690.01,44690.01,0,0,0,0,0,0,0,0,44690,44690,0,0,4727.25,4697.25,4727.25,4697.25,0,0,0,0,0,0,0,0,0,0,0
"03254574",3,"2015","2014",1,0,0,"3",-0.34,-0.34,"36","D",0,0,0,"D",0,"D",0,"D",0,"D",0,"D",0,"D",0,"D",0,"D",0,"D",0,"D",0,"D",0,"D",0,"D",0,"D",0,0,0,0,0,0,0,0,0,0,0.01,0.01,0,0,0,0,0,0,0,0,0,0,0,0,0,0,0,0,0,0,0,0,0,0,0,0,0,0,0
"03254584",1,"2015","2014",0,0.153,0.153,"2",0.15,0.15,"26","D",0.051,0.051,0,"D",0,"D",15000,"D",41540,"D",400,"D",0,"D",0,"D",0,"D",0,"D",1100,"D",270,"D",0,"D",0,"D",7712,"D",4559,1691,4588.5,4528.5,1695.09,1686.69,8650.62,8650.62,56940,56940,56940.01,56940.01,0,0,0,0,0,0,0,0,56940,56940,0,0,4588.5,4528.5,4588.5,4528.5,12400,12600,0,0,0,0,0,0,0,0,0
"03254594",1,"2015","2014",0,0.153,0.153,"1",0.1,0.1,"0","T",0,0,0,"D",0,"D",17000,"D",0,"D",0,"D",0,"D",0,"D",0,"D",5700,"D",0,"D",0,"D",0,"D",0,"D",0,"D",678,0,685,670,0,0,2601,2601,17000,17000,0,0,0,0,0,0,0,0,0,0,17000,17000,0,0,685,670,685,670,0,0,0,0,0,0,0,0,0,0,0
"03254624",1,"2015","2014",0,0.153,0.153,"1",0.25,0.25,"36","D",0.0346,0.037,0,"D",0,"D",50000,"D",0,"D",190,"D",0,"D",0,"D",0,"D",0,"D",2000,"D",0,"D",0,"D",0,"D",0,"D",5816,1194,5866.25,5766.25,1233.06,1155.32,7650,7650,50190,50190,50190.01,50190.01,0,0,0,0,0,0,0,0,50190,50190,0,0,5866.25,5766.25,5866.25,5766.25,0,0,0,0,0,0,0,0,0,0,0
"03254624",2,"2015","2014",0,0.153,0.153,"1",0.15,0.15,"36","D",0.0347,0.037,0,"D",0,"D",45000,"D",0,"D",0,"D",0,"D",0,"D",0,"D",0,"D",0,"D",0,"D",0,"D",0,"D",0,"D",4759,1008,4773.75,4743.75,1041.13,975.49,6885,6885,45000,45000,45000.01,45000.01,0,0,0,0,0,0,0,0,45000,45000,0,0,4773.75,4743.75,4773.75,4743.75,0,0,0,0,0,0,0,0,0,0,0
"03254644",1,"2015","2014",0,0.153,0.153,"2",0.15,0.15,"14","D",0.0375,0.05,0,"D",0,"D",42000,"D",32000,"D",0,"D",0,"D",0,"D",0,"D",0,"D",1800,"D",266,"D",0,"D",0,"D",2236,"D",7118,2961,7147.5,7087.5,3397.5,2523.75,11322,11322,74000,74000,74000.01,74000.01,0,0,0,0,0,0,0,0,74000,74000,0,0,7147.5,7087.5,7147.5,7087.5,0,0,0,0,90,90,0,0,0,0,0
"03254654",1,"2015","2014",0,0.153,0.153,"1",0.1414,0.1414,"47","D",0.0575,0.0575,0,"D",0,"D",40000,"D",0,"D",0,"D",0,"D",0,"D",0,"D",0,"D",1300,"D",435,"D",0,"D",0,"D",2448,"D",4057,1749,4064.02,4049.02,1748.5,1748.5,6120,6120,40000,40000,40000.01,40000.01,0,0,0,0,0,0,0,0,37552,37552,0,0,4064.02,4049.02,4064.02,4049.02,3000,3000,4183,4183,0,0,0,0,0,0,0
"03254654",2,"2015","2014",0,0.153,0.153,"1",0.15,0.15,"47","D",0.0575,0.0575,0,"D",0,"D",38000,"D",0,"D",0,"D",0,"D",0,"D",0,"D",0,"D",0,"D",0,"D",0,"D",0,"D",0,"D",3709,1702,3723.75,3693.75,1701.53,1701.53,5814,5814,38000,38000,38000.01,38000.01,0,0,0,0,0,0,0,0,38000,38000,0,0,3723.75,3693.75,3723.75,3693.75,3000,3000,0,0,0,0,0,0,0,0,0
"03254674",1,"2015","2014",0,0,0,"1",0.4625,0.4625,"15","D",0.033,0.034,0,"D",0,"D",0,"D",0,"D",500,"D",35000,"D",20662,"D",0,"D",0,"D",2200,"D",140,"D",0,"D",0,"D",2400,"D",5783,1082,5832.84,5732.84,1098.2,1065.9,0,0,50056.35,50056.35,35500.01,35500.01,0,0,0,0,0,0,0,0,50056.35,50056.35,0,0,5832.84,5732.84,5832.84,5732.84,0,0,0,0,0,0,0,0,0,0,0
"03254684",1,"2015","2014",1,0.153,0.153,"2",0.15,0.15,"43","D",0,0,0,"D",0,"D",74000,"D",22000,"D",63,"D",0,"D",0,"D",0,"D",0,"D",450,"D",3881,"D",0,"D",0,"D",5712,"D",9831,0,9864.45,9796.95,0,0,14688,14688,96063,96063,0,0,0,0,0,0,0,0,0,0,96063,96063,0,0,9864.45,9796.95,9864.45,9796.95,0,0,0,0,0,0,0,0,0,0,0
"03254714",1,"2015","2014",2,0.153,0.153,"2",0.2805,0.2806,"33","D",0.078,0.0777,0,"D",0,"D",68000,"D",27000,"D",27058,"D",0,"D",0,"D",0,"D",0,"D",3000,"D",1922,"D",800,"D",2,"D",7108,"D",12104,6083,12141.05,12067.49,6285.39,5879.65,14535,14535,122058,122058,122058.01,122058.01,1397.1,1397.1,0,0,160,160,0,0,114950,114950,0,0,13698.15,13624.59,13698.15,13624.59,15650,15850,12030,12030,0,0,32,32,0,0,0
"03254794",1,"2015","2014",0,0.153,0.153,"1",0.15,0.15,"33","D",0.0645,0.0645,0,"D",0,"D",54000,"D",0,"D",-8100,"D",0,"D",0,"D",0,"D",6000,"D",0,"D",177,"D",0,"D",0,"D",0,"D",4894,2121,4908.75,4878.75,2128.56,2114.35,8262,8262,45900,45900,45900.01,45900.01,0,0,0,0,0,0,0,0,45900,45900,0,0,4908.75,4878.75,4908.75,4878.75,7800,7900,0,0,0,0,0,0,0,0,0
"03254824",1,"2015","2014",1,0.153,0.153,"3",0.3098,0.3098,"39","D",0.0307,0.0307,0,"D",0,"D",32000,"D",0,"D",0,"D",0,"D",0,"D",0,"D",0,"D",2400,"D",27,"D",0,"D",0,"D",0,"D",486,982,561.87,409.23,982.4,982.4,4896,4896,32000,32000,32000.01,32000.01,0,0,0,0,0,0,1040.63,1145.77,32000,32000,0,0,1602.5,1555,1602.5,1555,0,0,0,0,0,0,0,0,0,0,0
"03254834",1,"2015","2014",0,0,0,"1",0,0,"0","T",0,0,1,"D",1,"D",0,"D",0,"D",0,"D",638,"D",14662,"D",0,"D",0,"D",500,"D",50,"D",0,"D",0,"D",1080,"D",0,0,0,0,0,0,0,0,638,638,0,0,0,0,0,0,0,0,0,0,638,638,0,0,0,0,0,0,0,0,0,0,0,0,0,0,0,0,0
"03254844",1,"2015","2014",0,0.153,0.153,"1",0.1491,0.1491,"29","D",0,0,0,"D",0,"D",54000,"D",0,"D",-10800,"D",0,"D",0,"D",0,"D",0,"D",190,"D",50,"D",0,"D",0,"D",11420,"D",3585,0,3592.92,3577.92,0,0,8262,8262,43200,43200,0,0,0,0,0,0,0,0,0,0,31780,31780,0,0,3592.92,3577.92,3592.92,3577.92,0,0,0,0,0,0,0,0,0,0,0
"03254874",1,"2015","2014",0,0.0686,0.0686,"2",0.35,0.35,"31","D",0.0637,0.0637,0,"D",0,"D",228786,"D",75000,"D",-8800,"D",0,"D",0,"D",0,"D",0,"D",17160,"D",200,"D",0,"D",0,"D",25092,"D",56575,14544,56869.9,56279.9,14544.27,14544.27,33101.87,33287.87,294986,294986,303786.01,303786.01,0,0,0,0,0,0,0,0,269894,269894,5035.79,4831.28,51834.11,51448.63,51834.11,51448.63,0,0,0,0,0,0,0,0,0,0,0
"03254894",1,"2015","2014",0,0.153,0.153,"2",0.15,0.15,"47","D",0.0575,0.0562,1,"D",0,"D",11000,"D",54000,"D",0,"D",0,"D",21600,"D",0,"D",0,"D",1900,"D",430,"D",0,"D",0,"D",5988,"D",8428,2557,8551.5,8304,2822.53,2292.05,9945,9945,83360,83360,65000.01,53000.01,0,0,0,0,0,0,0,0,83360,83360,0,0,8551.5,8304,8551.5,8304,6000,6000,0,0,0,0,0,0,0,0,0
"03254904",1,"2015","2014",0,0.153,0.153,"1",0.25,0.25,"19","D",0.045,0.045,0,"D",0,"D",70000,"D",0,"D",0,"D",0,"D",0,"D",0,"D",14400,"D",0,"D",0,"D",0,"D",0,"D",0,"D",10769,2224,10818.75,10718.75,2220.88,2226.88,10710,10710,70000,70000,70000.01,70000.01,0,0,0,0,0,0,0,0,70000,70000,0,0,10818.75,10718.75,10818.75,10718.75,0,0,0,0,0,0,0,0,0,0,0
"03254934",1,"2015","2014",3,0.153,0.153,"2",-0.6,-0.6,"44","D",0,0,0,"D",0,"D",7000,"D",0,"D",0,"D",0,"D",0,"D",0,"D",8400,"D",0,"D",0,"D",0,"D",3,"D",0,"D",-3750,0,-3750,-3750,0,0,1071,1071,7000,7000,0,0,0,0,600,600,0,0,3150,3150,7000,7000,0,0,0,0,0,0,0,0,0,0,0,0,0,0,0,0,0
"03254944",1,"2015","2014",1,0.153,0.153,"2",0.15,0.15,"10","D",0,0,0,"D",0,"D",0,"D",50579,"D",910,"D",2000,"D",0,"D",0,"D",15600,"D",0,"D",2450,"D",0,"D",1,"D",0,"D",2445,0,2478.35,2410.85,0,0,7738.59,7738.59,53489,53489,0,0,1000,1000,0,0,0,0,0,0,53489,53489,0,0,3478.35,3410.85,3478.35,3410.85,0,0,0,0,0,0,0,0,0,0,0
"03254954",1,"2015","2014",0,0.153,0.153,"1",0.15,0.15,"26","D",0.0722,0.0723,1,"D",1,"D",24444,"D",0,"D",0,"D",0,"D",0,"D",0,"D",0,"D",1100,"D",406,"D",0,"D",0,"D",120,"D",1443,-19,1457.85,1427.85,-17.37,-21.57,3739.93,3739.93,24444,24444,24444.01,24444.01,0,0,0,0,0,0,0,0,24444,24444,0,0,1457.85,1427.85,1457.85,1427.85,7750,7850,0,0,580.54,580.54,0,0,0,0,0
"03254964",1,"2015","2014",1,0.153,0.153,"2",0.3,0.2768,"05","D",0.093,0.093,0,"D",0,"D",40000,"D",80000,"D",0,"D",0,"D",0,"D",0,"D",0,"D",4000,"D",39,"D",0,"D",1,"D",3732,"D",15012,4846,15085.73,14937.5,4886.07,4805.69,18360,18360,120000,120000,120000.01,120000.01,500,500,0,0,0,0,0,0,116268,120000,0,0,15585.73,15437.5,15585.73,15437.5,7984,8088,7771,7771,0,0,0,0,0,0,0
"03254984",1,"2015","2014",1,0.153,0.153,"3",0.3098,0.3098,"50","D",0.084,0.084,0,"D",0,"D",34041,"D",0,"D",0,"D",0,"D",0,"D",0,"D",9000,"D",0,"D",3,"D",0,"D",0,"D",0,"D",1118,965,1194.17,1041.53,978.71,952.03,5208.27,5208.27,34041,34041,34041.01,34041.01,0,0,0,0,0,0,714.48,819.62,34041,34041,0,0,1908.65,1861.15,1908.65,1861.15,8416.84,8695.3,0,0,0,0,0,0,28.58,32.78,0
"03255054",1,"2015","2014",1,0.153,0.153,"3",0.1598,0.1598,"45","D",0,0,0,"D",0,"D",27124,"D",0,"D",1178,"D",0,"D",0,"D",0,"D",0,"D",2200,"D",5880,"D",0,"D",0,"D",13288,"D",-1684,0,-1631.57,-1736.71,0,0,4149.97,4149.97,28302,28302,28302.01,28302.01,0,0,0,0,0,0,1631.57,1736.71,15014,15014,0,0,0,0,0,0,0,0,0,0,0,0,0,0,0,0,0
"03255064",1,"2015","2014",0,0,0,"2",0.185,0.185,"05","D",0,0,2,"D",2,"D",0,"D",0,"D",529,"D",27843,"D",34124,"D",0,"D",0,"D",800,"D",3900,"D",0,"D",0,"D",1680,"D",1269,0,1289.09,1249.09,0,0,0,0,35590.9,35590.9,28372.01,28372.01,0,0,0,0,0,0,0,0,35590.9,35590.9,0,0,1289.09,1249.09,1289.09,1249.09,7984,8088,6380,6380,0,0,0,0,0,0,0
"03255084",1,"2015","2014",0,0.153,0.029,"2",0.25,0.25,"33","D",0.078,0.0777,0,"D",0,"D",0,"D",117000,"D",0,"D",8231,"D",7608,"D",0,"D",0,"D",450,"D",0,"D",0,"D",0,"D",1800,"D",19462,6665,19561.95,19361.95,6692.79,6638.04,17901,17901,131697.8,131697.8,125231.01,125231.01,0,0,0,0,0,0,0,0,131697.8,131697.8,0,0,19561.95,19361.95,19561.95,19361.95,15650,15850,0,0,0,0,0,0,0,0,0
"03255114",1,"2015","2014",2,0.153,0.153,"3",-0.4,-0.4,"18","D",0,0,0,"D",0,"D",480,"D",0,"D",400,"D",0,"D",0,"D",0,"D",0,"D",800,"D",0,"D",0,"D",2,"D",3860,"D",-192,0,-192,-192,0,0,73.44,73.44,880,880,880.01,880.01,0,0,0,0,0,0,192,192,880,880,0,0,0,0,0,0,2400,2440,4660,4660,0,0,0,0,0,0,0
"03255124",1,"2015","2014",1,0.153,0.153,"2",0.1387,0.1387,"50","D",0.0751,0.0751,0,"D",0,"D",28860,"D",29414,"D",3110,"D",6557,"D",0,"D",0,"D",0,"D",4500,"D",0,"D",0,"D",0,"D",8264,"D",5215,2387,5231.22,5198.25,2402.22,2372.02,8915.92,8915.92,67941,67941,67941.01,67941.01,0,0,0,0,0,0,0,0,59677,59677,0,0,5231.22,5198.25,5231.22,5198.25,8825.89,9201.15,8264,8264,0,0,0,0,0,0,0
"03255144",1,"2015","2014",0,0.153,0.153,"2",0.15,0.15,"36","D",0.0251,0.0271,0,"D",0,"D",20000,"D",22000,"D",-45,"D",0,"D",0,"D",0,"D",0,"D",2500,"D",4184,"D",0,"D",0,"D",3328,"D",2311,721,2340.75,2280.75,744.34,697.42,6426,6426,41955,41955,41955.01,41955.01,0,0,0,0,0,0,0,0,41955,41955,0,0,2340.75,2280.75,2340.75,2280.75,0,0,0,0,0,0,0,0,0,0,0
"03255174",1,"2015","2014",0,0,0,"1",0,-0.0765,"50","D",0.0703,0.0703,1,"D",0,"D",0,"D",0,"D",0,"D",360,"D",14206,"D",0,"D",0,"D",2000,"D",133,"D",0,"D",0,"D",0,"D",0,-698,0,0,-698.31,-698.31,0,0,360,360,360.01,360.01,0,0,0,0,0,0,0,0,360,360,0,0,0,0,0,0,10080,10249.92,0,0,698.31,698.31,0,0,0,0,0
"03255184",1,"2015","2014",0,0.153,0.153,"1",0.325,0.325,"33","D",0.0742,0.0742,1,"D",1,"D",45612,"D",0,"D",73532,"D",0,"D",18689,"D",0,"D",0,"D",23180,"D",0,"D",0,"D",0,"D",0,"D",22366,6529,22532.14,22200.64,6529.16,6529.16,6978.64,6978.64,135029.65,135029.65,119144.01,119144.01,0,0,0,0,0,0,0,0,135029.65,135029.65,972.65,759.65,21559.49,21440.99,21559.49,21440.99,7800,7900,20961.21,20961.21,0,0,0,0,0,0,0
"03255204",1,"2015","2014",0,0.153,0.153,"2",0.15,0.15,"41","D",0.03,0.03,0,"D",0,"D",0,"D",25000,"D",0,"D",0,"D",22342,"D",0,"D",0,"D",60,"D",121,"D",0,"D",0,"D",0,"D",664,50,678.55,648.55,54.6,45.6,3825,3825,27085.5,27085.5,4700.01,4400.01,0,0,0,0,0,0,0,0,27085.5,27085.5,0,0,678.55,648.55,678.55,648.55,0,0,0,0,0,0,0,0,0,0,0
"03255214",1,"2015","2014",0,0.153,0.153,"1",0.2267,0.2267,"05","D",0.093,0.093,0,"D",0,"D",109606,"D",0,"D",3848,"D",0,"D",0,"D",0,"D",0,"D",4400,"D",2097,"D",0,"D",0,"D",11372,"D",17159,6274,17192.45,17125.79,6290.2,6256.84,16769.72,16769.72,113454,113454,113454.01,113454.01,0,0,0,0,0,0,0,0,102082,102082,0,0,17192.45,17125.79,17192.45,17125.79,3992,4044,17869,17869,0,0,0,0,0,0,0
"03255224",1,"2015","2014",0,0,0,"1",0.225,0.225,"36","D",0.0248,0.0264,1,"D",1,"D",0,"D",0,"D",20000,"D",1079,"D",13726,"D",0,"D",11376,"D",0,"D",481,"D",0,"D",0,"D",0,"D",1159,175,1173.75,1143.75,183.66,166.12,0,0,22550,22550,21079.01,21079.01,0,0,0,0,0,0,0,0,22550,22550,0,0,1173.75,1143.75,1173.75,1143.75,0,0,0,0,0,0,0,0,0,0,0
"03255234",1,"2015","2014",0,0.038,0.038,"1",0.3188,0.3188,"01","D",0.0341,0.0341,0,"D",0,"D",228786,"D",0,"D",0,"D",0,"D",0,"D",0,"D",9700,"D",0,"D",12,"D",0,"D",0,"D",0,"D",55240,8111,55375.44,55104.36,8107.4,8115.22,21401.87,21587.87,228786,228786,228786.01,228786.01,0,0,0,0,0,0,0,0,228786,228786,0,0,55375.44,55104.37,55375.44,55104.36,2000,2000,8962.5,9077.25,0,0,0,0,0,0,0
"03255254",1,"2015","2014",6,0,0,"3",-0.45,-0.45,"39","D",0,0,0,"D",0,"D",0,"D",0,"D",0,"D",0,"D",18072,"D",0,"D",7800,"D",0,"D",0,"D",0,"D",3,"D",0,"D",0,0,0,0,0,0,0,0,0,0,0.01,0.01,0,0,0,0,0,0,0,0,0,0,0,0,0,0,0,0,0,0,0,0,0,0,0,0,0,0,0
"03255284",1,"2015","2014",2,0.153,0.153,"2",0.3106,0.3106,"44","D",0,0,0,"D",0,"D",0,"D",38208,"D",0,"D",0,"D",0,"D",0,"D",0,"D",2000,"D",524,"D",0,"D",0,"D",6372,"D",-1416,0,-1311.15,-1521.28,0,0,5845.82,5845.82,38208,38208,0,0,0,0,0,0,0,0,2311.95,2482.08,38208,38208,0,0,1000.8,960.8,1000.8,960.8,0,0,0,0,0,0,0,0,0,0,0
"03255284",2,"2015","2014",0,0.153,0.153,"1",0.1765,0.1765,"44","D",0,0,0,"D",0,"D",11520,"D",0,"D",0,"D",0,"D",0,"D",0,"D",0,"D",0,"D",0,"D",0,"D",0,"D",0,"D",-114,0,-98.13,-130.84,0,0,1762.56,1762.56,11520,11520,0,0,0,0,0,0,0,0,235.13,252.84,11520,11520,0,0,137,122,137,122,0,0,0,0,0,0,0,0,0,0,0
"03255294",1,"2015","2014",0,0.153,0.153,"1",0.15,0.15,"11","D",0.06,0.06,0,"D",0,"D",32780,"D",0,"D",0,"D",0,"D",0,"D",0,"D",6360,"D",0,"D",0,"D",0,"D",0,"D",0,"D",2926,1477,2940.75,2910.75,1476.8,1476.8,5015.34,5015.34,32780,32780,32780.01,32780.01,0,0,0,0,0,0,0,0,32780,32780,0,0,2940.75,2910.75,2940.75,2910.75,2300,2300,0,0,0,0,0,0,0,0,0
"03255304",1,"2015","2014",0,0.153,0.153,"2",0.2419,0.2419,"03","D",0.0325,0.0325,0,"D",0,"D",0,"D",102580,"D",0,"D",0,"D",0,"D",0,"D",0,"D",350,"D",0,"D",0,"D",0,"D",11760,"D",11652,2514,11726.68,11577.85,2516.23,2511.53,15694.74,15694.74,102580,102580,102580.01,102580.01,0,0,0,0,0,0,0,0,90820,90820,0,0,11726.68,11577.85,11726.68,11577.85,10018,10182,14623.29,14618.6,0,0,0,0,0,0,0
"03255304",2,"2015","2014",0,0.153,0.153,"1",0.1,0.1,"03","D",0.0288,0.0288,0,"D",0,"D",18035,"D",0,"D",0,"D",0,"D",0,"D",0,"D",0,"D",0,"D",0,"D",0,"D",0,"D",0,"D",781,284,788.5,773.5,285.67,282.83,2759.35,2759.35,18035,18035,18035.01,18035.01,0,0,0,0,0,0,0,0,18035,18035,0,0,788.5,773.5,788.5,773.5,5009,5091,296.95,296.95,0,0,0,0,0,0,0
"03255324",1,"2015","2014",1,0.153,0.153,"2",0.15,0.15,"0","T",0,0,0,"D",0,"D",13000,"D",46900,"D",-1941,"D",0,"D",0,"D",0,"D",0,"D",670,"D",765,"D",160,"D",1,"D",6148,"D",3083,0,3116.85,3049.35,0,0,9164.7,9164.7,57959,57959,0,0,1000,1000,0,0,32,32,0,0,57959,57959,0,0,4148.85,4081.35,4148.85,4081.35,0,0,0,0,0,0,0,0,0,0,0
"03255344",1,"2015","2014",2,0,0,"3",0,0,"05","D",0,0,0,"D",0,"D",0,"D",0,"D",5000,"D",0,"D",0,"D",0,"D",0,"D",600,"D",0,"D",0,"D",0,"D",920,"D",0,0,0,0,0,0,0,0,5000,5000,5000.01,5000.01,0,0,0,0,0,0,0,0,5000,5000,0,0,0,0,0,0,7984,8088,1520,1520,0,0,0,0,0,0,0
"03255394",1,"2015","2014",0,0.153,0.153,"2",0.15,0.15,"26","D",0.051,0.051,0,"D",0,"D",60000,"D",2700,"D",-8203,"D",0,"D",0,"D",0,"D",0,"D",1900,"D",1537,"D",0,"D",0,"D",1412,"D",4192,1791,4222.05,4162.05,1795.5,1787.1,9593.1,9593.1,54497,54497,54497.01,54497.01,0,0,0,0,0,0,0,0,54497,54497,0,0,4222.05,4162.05,4222.05,4162.05,12400,12600,0,0,0,0,0,0,0,0,0
"03255394",2,"2015","2014",1,0,0,"3",-0.34,-0.34,"26","D",0,0,0,"D",0,"D",0,"D",0,"D",0,"D",0,"D",0,"D",0,"D",0,"D",0,"D",0,"D",0,"D",0,"D",0,"D",0,0,0,0,0,0,0,0,0,0,0.01,0.01,0,0,0,0,0,0,0,0,0,0,0,0,0,0,0,0,9100,9250,0,0,0,0,0,0,0,0,0
"03255414",1,"2015","2014",0,0,0,"1",0,0,"50","D",0.0703,0.0703,1,"D",1,"D",0,"D",0,"D",0,"D",0,"D",11062,"D",0,"D",6780,"D",0,"D",3,"D",0,"D",0,"D",0,"D",0,-945,0,0,-944.66,-944.66,0,0,0,0,0.01,0.01,0,0,0,0,0,0,0,0,0,0,0,0,0,0,0,0,10080,10249.92,0,0,944.66,944.66,0,0,0,0,0
"03255414",3,"2015","2014",0,0,0,"1",0,0,"50","D",0,0,1,"D",1,"D",0,"D",0,"D",0,"D",0,"D",9382,"D",0,"D",0,"D",0,"D",0,"D",0,"D",0,"D",0,"D",0,0,0,0,0,0,0,0,0,0,0.01,0.01,0,0,0,0,0,0,0,0,0,0,0,0,0,0,0,0,10080,10249.92,0,0,0,0,0,0,0,0,0
"03255424",1,"2015","2014",0,0.153,0.153,"2",0.25,0.25,"0","T",0,0,0,"D",0,"D",75000,"D",38000,"D",0,"D",0,"D",0,"D",0,"D",0,"D",1800,"D",4362,"D",0,"D",0,"D",60,"D",14788,0,14887.5,14687.5,0,0,17289,17289,113000,113000,0,0,0,0,0,0,0,0,0,0,113000,113000,0,0,14887.5,14687.5,14887.5,14687.5,0,0,0,0,0,0,0,0,0,0,0
"03255424",2,"2015","2014",1,0,0,"3",-0.34,-0.34,"0","T",0,0,0,"D",0,"D",0,"D",0,"D",0,"D",0,"D",0,"D",0,"D",0,"D",0,"D",0,"D",0,"D",0,"D",0,"D",0,0,0,0,0,0,0,0,0,0,0,0,0,0,0,0,0,0,0,0,0,0,0,0,0,0,0,0,0,0,0,0,0,0,0,0,0,0,0
"03255484",1,"2015","2014",2,0,0,"2",0,0,"26","D",0.03,0.03,2,"D",2,"D",0,"D",0,"D",5971,"D",28836,"D",31016,"D",0,"D",0,"D",1200,"D",304,"D",0,"D",2,"D",600,"D",0,158,0,0,162.21,153.21,0,0,46174.75,46174.75,46174.77,46174.77,1557.48,1507.48,0,0,0,0,0,0,46174.75,46174.75,0,0,1557.48,1507.48,1557.48,1507.48,14800,15100,0,0,0,0,0,0,0,0,0
"03255484",2,"2015","2014",0,0.153,0.153,"1",0.1,0.1,"26","D",0.045,0.045,0,"D",0,"D",16926,"D",0,"D",0,"D",0,"D",0,"D",0,"D",0,"D",0,"D",0,"D",0,"D",0,"D",0,"D",670,255,677.6,662.6,257.42,253.17,2589.68,2589.68,16926,16926,16926.01,16926.01,0,0,0,0,0,0,0,0,16926,16926,0,0,677.6,662.6,677.6,662.6,6200,6300,0,0,0,0,0,0,0,0,0
"03255504",1,"2015","2014",0,0.153,0.153,"2",0.15,0.15,"0","T",0,0,1,"D",0,"D",0,"D",72123,"D",0,"D",0,"D",0,"D",0,"D",0,"D",3500,"D",100,"D",0,"D",0,"D",0,"D",6742,0,6865.95,6618.45,0,0,11034.82,11034.82,72123,72123,0,0,0,0,0,0,0,0,0,0,72123,72123,0,0,6865.95,6618.45,6865.95,6618.45,0,0,0,0,0,0,0,0,0,0,0
"03255504",2,"2015","2014",0,0.153,0.153,"1",0.15,0.15,"0","T",0,0,0,"D",0,"D",34435,"D",0,"D",0,"D",0,"D",0,"D",0,"D",0,"D",0,"D",0,"D",0,"D",0,"D",0,"D",3174,0,3189,3159,0,0,5268.55,5268.55,34435,34435,0,0,0,0,0,0,0,0,0,0,34435,34435,0,0,3189,3159,3189,3159,0,0,0,0,0,0,0,0,0,0,0
"03255534",1,"2015","2014",1,0,0,"3",-0.34,-0.34,"0","T",0,0,0,"D",0,"D",0,"D",0,"D",0,"D",0,"D",0,"D",0,"D",2400,"D",0,"D",0,"D",0,"D",1,"D",0,"D",0,0,0,0,0,0,0,0,0,0,0,0,0,0,0,0,0,0,0,0,0,0,0,0,0,0,0,0,0,0,0,0,0,0,0,0,0,0,0
"03255544",1,"2015","2014",0,0,0,"1",0,0,"02","D",0,0,1,"D",1,"D",0,"D",0,"D",2872,"D",1164,"D",18262,"D",0,"D",0,"D",400,"D",0,"D",0,"D",0,"D",3720,"D",0,0,0,0,0,0,0,0,4036,4036,0,0,0,0,0,0,0,0,0,0,4036,4036,0,0,0,0,0,0,0,0,0,0,0,0,0,0,0,0,0
"03255554",1,"2015","2014",5,0.153,0.153,"3",0.2106,0.2106,"15","D",0.0516,0.0526,0,"D",0,"D",30000,"D",0,"D",0,"D",0,"D",0,"D",0,"D",0,"D",3000,"D",0,"D",0,"D",1,"D",6540,"D",-4663,201,-4580,-4746.39,213.95,187.2,4590,4590,30000,30000,30000.01,30000.01,0,0,1000,1000,0,0,3580,3746.39,30000,30000,0,0,0,0,0,0,0,0,0,0,0,0,0,0,262.05,274.8,0
"03255554",3,"2015","2014",5,0,0,"3",-0.45,-0.45,"15","D",0,0,0,"D",0,"D",0,"D",0,"D",0,"D",0,"D",0,"D",0,"D",0,"D",0,"D",0,"D",0,"D",1,"D",0,"D",0,0,0,0,0,0,0,0,0,0,0.01,0.01,0,0,0,0,0,0,0,0,0,0,0,0,0,0,0,0,0,0,0,0,0,0,0,0,0,0,0
"03255574",1,"2015","2014",1,0.153,0.153,"2",0.2598,0.2598,"34","D",0.0575,0.058,0,"D",0,"D",33000,"D",0,"D",-270,"D",0,"D",0,"D",0,"D",11400,"D",0,"D",0,"D",0,"D",1,"D",0,"D",-1976,899,-1900.55,-2051.87,903.34,894.48,5049,5049,32730,32730,32730.01,32730.01,848,813,152,187,0,0,1748.55,1864.87,32730,32730,0,0,848,813,848,813,15000,15000,0,0,0,0,0,0,0,0,0
"03255584",1,"2015","2014",0,0.153,0.153,"1",0.1447,0.1447,"31","D",0.035,0.035,1,"D",0,"D",41000,"D",0,"D",81,"D",0,"D",0,"D",0,"D",0,"D",2000,"D",120,"D",0,"D",0,"D",7524,"D",3567,633,3571.75,3562,650.34,615.34,6273,6273,41081,41081,41081.01,41081.01,0,0,0,0,0,0,0,0,33557,33557,0,0,3571.75,3562,3571.75,3562,0,0,0,0,0,0,0,0,0,0,0
"03255594",1,"2015","2014",1,0.153,0.153,"3",0,0,"10","D",0,0,0,"D",0,"D",16956,"D",0,"D",0,"D",0,"D",0,"D",0,"D",4932,"D",0,"D",0,"D",0,"D",1,"D",0,"D",-4332,0,-4305,-4359,0,0,2594.27,2594.27,16956,16956,0,0,0,0,1000,1000,0,0,3305,3359,16956,16956,0,0,0,0,0,0,0,0,0,0,0,0,0,0,0,0,0
"03255594",2,"2015","2014",0,0.153,0.153,"1",0.15,0.15,"10","D",0,0,0,"D",0,"D",42942,"D",0,"D",0,"D",0,"D",0,"D",0,"D",0,"D",0,"D",0,"D",0,"D",0,"D",0,"D",4450,0,4465.05,4435.05,0,0,6570.13,6570.13,42942,42942,0,0,0,0,0,0,0,0,0,0,42942,42942,0,0,4465.05,4435.05,4465.05,4435.05,0,0,0,0,0,0,0,0,0,0,0
"03255604",1,"2015","2014",1,0.153,0.153,"3",0.3098,0.3098,"50","D",0.084,0.084,0,"D",0,"D",37000,"D",0,"D",0,"D",0,"D",0,"D",0,"D",5040,"D",0,"D",0,"D",0,"D",1,"D",0,"D",1035,1310,1110.87,958.23,1323.3,1296.63,5661,5661,37000,37000,37000.01,37000.01,1000,1000,0,0,0,0,241.63,346.77,37000,37000,0,0,2352.5,2305,2352.5,2305,7712.6,7991.05,0,0,0,0,0,0,9.67,13.87,0
"03255604",2,"2015","2014",0,0.153,0.153,"1",0,0,"50","D",0,0,0,"D",0,"D",8000,"D",0,"D",0,"D",0,"D",0,"D",0,"D",0,"D",0,"D",0,"D",0,"D",0,"D",0,"D",-500,0,-496,-503,0,0,1224,1224,8000,8000,8000.01,8000.01,0,0,0,0,0,0,496,503,8000,8000,0,0,0,0,0,0,10080,10249.92,0,0,0,0,0,0,0,0,0
"03255654",1,"2015","2014",0,0,0,"1",-0.0765,-0.0765,"33","D",-0.0209,-0.0209,0,"D",0,"D",0,"D",0,"D",0,"D",0,"D",12749,"D",0,"D",0,"D",2400,"D",13,"D",0,"D",0,"D",620,"D",0,-52,0,0,-51.5,-51.5,0,0,0,0,0.01,0.01,0,0,0,0,0,0,0,0,0,0,0,0,0,0,0,0,7800,7900,0,0,51.5,51.5,0,0,0,0,0
"03255674",1,"2015","2014",0,0.153,0.153,"1",0.1,0.1,"0","T",0,0,0,"D",0,"D",17500,"D",0,"D",0,"D",0,"D",0,"D",0,"D",2544,"D",0,"D",0,"D",0,"D",0,"D",0,"D",728,0,735,720,0,0,2677.5,2677.5,17500,17500,0,0,0,0,0,0,0,0,0,0,17500,17500,0,0,735,720,735,720,0,0,0,0,0,0,0,0,0,0,0
"03255684",1,"2015","2014",0,0.153,0.153,"1",0.25,0.25,"05","D",0.08,0.08,0,"D",0,"D",50000,"D",0,"D",0,"D",0,"D",0,"D",0,"D",9000,"D",0,"D",0,"D",0,"D",0,"D",0,"D",5769,1728,5818.75,5718.75,1742.75,1713.82,7650,7650,50000,50000,50000.01,50000.01,0,0,0,0,0,0,0,0,50000,50000,0,0,5818.75,5718.75,5818.75,5718.75,3992,4044,0,0,0,0,0,0,0,0,0
"03255704",1,"2015","2014",0,0.153,0.153,"1",0.15,0.15,"03","D",0.0288,0.0288,0,"D",0,"D",22868,"D",0,"D",0,"D",0,"D",0,"D",0,"D",6600,"D",0,"D",0,"D",0,"D",0,"D",0,"D",1439,423,1453.95,1423.95,424.86,422.02,3498.8,3498.8,22868,22868,22868.01,22868.01,0,0,0,0,0,0,0,0,22868,22868,0,0,1453.95,1423.95,1453.95,1423.95,5009,5091,424.86,422.03,0,0,0,0,0,0,0
"03255714",1,"2015","2014",0,0.153,0.153,"2",0.1,0.1,"43","D",0,0,0,"D",0,"D",26343,"D",0,"D",3988,"D",0,"D",0,"D",0,"D",0,"D",450,"D",268,"D",0,"D",0,"D",0,"D",988,0,1003.1,973.1,0,0,4030.48,4030.48,30331,30331,0,0,0,0,0,0,0,0,0,0,30331,30331,0,0,1003.1,973.1,1003.1,973.1,0,0,0,0,0,0,0,0,0,0,0
"03255734",1,"2015","2014",3,0,0,"3",-0.45,-0.45,"03","D",0,0,0,"D",0,"D",0,"D",0,"D",0,"D",0,"D",0,"D",0,"D",7776,"D",0,"D",0,"D",0,"D",1,"D",20,"D",0,-100,0,0,-100,-100,0,0,0,0,0.01,0.01,0,0,0,0,0,0,0,0,0,0,0,0,0,0,0,0,10018,10182,20.05,20.05,0,0,0,0,0,0,0
"03255754",1,"2015","2014",2,0,0,"3",-0.4,-0.4,"10","D",0,0,0,"D",0,"D",0,"D",0,"D",0,"D",0,"D",0,"D",0,"D",4800,"D",0,"D",0,"D",0,"D",0,"D",480,"D",0,0,0,0,0,0,0,0,0,0,0,0,0,0,0,0,0,0,0,0,0,0,0,0,0,0,0,0,0,0,0,0,0,0,0,0,0,0,0
"03255764",1,"2015","2014",0,0,0,"1",0,0,"03","D",0,0,1,"D",1,"D",0,"D",0,"D",0,"D",0,"D",23278,"D",0,"D",0,"D",810,"D",0,"D",0,"D",0,"D",1676,"D",0,-25,0,0,-25,-25,0,0,0,0,0.01,0.01,0,0,0,0,0,0,0,0,0,0,0,0,0,0,0,0,5009,5091,2833.62,2833.62,0,0,0,0,0,0,0
"03255774",1,"2015","2014",0,0.153,0.153,"1",0.15,0.15,"05","D",0.04,0.04,0,"D",0,"D",24331,"D",0,"D",0,"D",0,"D",0,"D",0,"D",8400,"D",0,"D",0,"D",0,"D",0,"D",0,"D",1658,196,1673.4,1643.4,200.62,191.77,3722.64,3722.64,24331,24331,24331.01,24331.01,0,0,0,0,0,0,0,0,24331,24331,0,0,1673.4,1643.4,1673.4,1643.4,3992,4044,0,0,0,0,0,0,0,0,0
"03255794",1,"2015","2014",3,0.153,0.153,"2",0.0937,0.0937,"45","D",0.063,0.063,0,"D",0,"D",0,"D",65000,"D",-12988,"D",0,"D",0,"D",0,"D",0,"D",1100,"D",0,"D",0,"D",3,"D",14472,"D",-1453,1092,-1441.03,-1464.35,1100.35,1083.51,9945,9945,52012,52012,52012.01,52012.01,1558.97,1535.65,1441.03,1464.35,0,0,0,0,37540,37540,0,0,1558.97,1535.65,1558.97,1535.65,0,0,0,0,0,0,0,0,0,0,0
"03255834",1,"2015","2014",0,0,0,"1",0.1404,0.1404,"50","D",0.0642,0.0642,1,"D",1,"D",0,"D",0,"D",67951,"D",0,"D",0,"D",0,"D",0,"D",9400,"D",200,"D",0,"D",0,"D",39600,"D",1697,416,1703.47,1689.6,419.53,411.99,0,0,67951,67951,67951.01,67951.01,0,0,0,0,0,0,0,0,28351,28351,0,0,1703.47,1689.6,1703.47,1689.6,3689.88,3889.53,39600,39600,1160,1160,0,0,0,0,0
"03255864",1,"2015","2014",1,0.029,0.029,"3",0.25,0.25,"36","D",0.046,0.0491,0,"D",0,"D",125000,"D",0,"D",-500,"D",0,"D",0,"D",0,"D",0,"D",4000,"D",0,"D",0,"D",0,"D",0,"D",21211,4108,21287.5,21135,4241.32,3974.12,18133,18319,124500,124500,124500.01,124500.01,0,0,0,0,0,0,0,0,124500,124500,0,0,21287.5,21135,21287.5,21135,0,0,0,0,0,0,0,0,0,0,0
"03255934",1,"2015","2014",0,0.153,0.153,"2",0.2775,0.2775,"05","D",0.02,0.02,1,"D",1,"D",24778,"D",0,"D",0,"D",19071,"D",21869,"D",0,"D",0,"D",2700,"D",30,"D",0,"D",0,"D",500,"D",4686,235,4719.75,4652.25,238.33,231.23,3791.03,3791.03,59014.98,59014.98,43849.01,43849.01,0,0,0,0,0,0,0,0,59014.98,59014.98,0,0,4719.75,4652.25,4719.75,4652.25,7984,8088,3230,3230,0,0,0,0,0,0,0
"03255934",2,"2015","2014",2,0.153,0.153,"2",0.15,0.15,"05","D",0.06,0.06,0,"D",0,"D",35000,"D",38000,"D",0,"D",0,"D",0,"D",0,"D",0,"D",0,"D",0,"D",0,"D",2,"D",0,"D",3775,948,3812.5,3737.5,969.24,926.38,11169,11169,73000,73000,73000.01,73000.01,2000,2000,0,0,0,0,0,0,73000,73000,0,0,5812.5,5737.5,5812.5,5737.5,7984,8088,0,0,0,0,0,0,0,0,0
"03255944",1,"2015","2014",0,0.153,0.153,"2",0.15,0.15,"10","D",0,0,1,"D",1,"D",65826,"D",0,"D",0,"D",0,"D",0,"D",0,"D",0,"D",730,"D",0,"D",0,"D",0,"D",4044,"D",5708,0,5741.4,5673.9,0,0,10071.38,10071.38,65826,65826,0,0,0,0,0,0,0,0,0,0,65826,65826,0,0,5741.4,5673.9,5741.4,5673.9,0,0,0,0,0,0,0,0,0,0,0
"03255954",1,"2015","2014",0,0.153,0.153,"1",0.25,0.25,"44","D",0,0,0,"D",0,"D",79313,"D",0,"D",0,"D",0,"D",0,"D",0,"D",0,"D",1300,"D",20,"D",0,"D",0,"D",1784,"D",13097,0,13147,13047,0,0,12134.89,12134.89,79313,79313,0,0,0,0,0,0,0,0,0,0,79313,79313,0,0,13147,13047,13147,13047,0,0,0,0,0,0,0,0,0,0,0
"03256004",1,"2015","2014",0,0.153,0.153,"1",0.2347,0.2347,"07","D",0.061,0.061,0,"D",0,"D",71000,"D",0,"D",0,"D",1250,"D",0,"D",0,"D",0,"D",3900,"D",0,"D",0,"D",0,"D",0,"D",11067,3408,11115.44,11017.94,3363.25,3453.25,10863,10863,72250,72250,72250.01,72250.01,0,0,0,0,0,0,0,0,72250,72250,0,0,11115.44,11017.94,11115.44,11017.94,0,0,0,0,0,0,0,0,0,0,0
"03256014",1,"2015","2014",0,0.029,0.029,"1",0.28,0.28,"0","T",0,0,0,"D",0,"D",125000,"D",0,"D",0,"D",0,"D",0,"D",0,"D",0,"D",650,"D",0,"D",0,"D",0,"D",0,"D",25261,0,25333.75,25187.25,0,0,18133,18319,125000,125000,0,0,0,0,0,0,0,0,0,0,125000,125000,0,0,25333.75,25187.25,25333.75,25187.25,0,0,0,0,0,0,0,0,0,0,0
"03256044",1,"2015","2014",0,0.153,0.153,"1",0.15,0.15,"06","D",0.0463,0.0463,0,"D",0,"D",33000,"D",0,"D",0,"D",0,"D",0,"D",0,"D",8640,"D",0,"D",0,"D",0,"D",0,"D",0,"D",2959,1048,2973.75,2943.75,1057.96,1038.01,5049,5049,33000,33000,0,0,0,0,0,0,0,0,0,0,33000,33000,0,0,2973.75,2943.75,2973.75,2943.75,0,0,0,0,0,0,0,0,0,0,0
"03256074",1,"2015","2014",0,0.153,0.153,"2",0.1,0.1,"05","D",0.02,0.02,0,"D",0,"D",14400,"D",12800,"D",3500,"D",0,"D",0,"D",0,"D",0,"D",1200,"D",28,"D",0,"D",0,"D",3988,"D",1025,80,1040,1010,83.35,77.25,4161.6,4161.6,30700,30700,30700.01,30700.01,0,0,0,0,0,0,0,0,30700,30700,0,0,1040,1010,1040,1010,7984,8088,5216,5216,0,0,0,0,0,0,0
"03256094",1,"2015","2014",0,0.153,0.153,"1",0.15,0.15,"01","D",0.0387,0.0387,0,"D",0,"D",20000,"D",0,"D",1200,"D",0,"D",0,"D",0,"D",0,"D",0,"D",9,"D",0,"D",0,"D",900,"D",1189,764,1203.75,1173.75,762.86,764.36,3060,3060,21200,21200,21200.01,21200.01,0,0,0,0,0,0,0,0,21200,21200,0,0,1203.75,1173.75,1203.75,1173.75,2436.84,2436.84,2439,2439,0,0,0,0,0,0,0
"03256114",1,"2015","2014",2,0,0,"3",-0.4,-0.4,"0","T",0,0,0,"D",0,"D",0,"D",0,"D",0,"D",12600,"D",0,"D",0,"D",0,"D",1200,"D",0,"D",0,"D",0,"D",960,"D",0,0,0,0,0,0,0,0,12600,12600,0,0,0,0,0,0,0,0,0,0,12600,12600,0,0,0,0,0,0,0,0,0,0,0,0,0,0,0,0,0
"03256134",1,"2015","2014",0,0,0,"1",0.15,0.15,"17","D",0.046,0.048,1,"D",1,"D",0,"D",0,"D",2398,"D",44000,"D",0,"D",0,"D",0,"D",1300,"D",25,"D",0,"D",0,"D",160,"D",4736,1481,4750.95,4720.95,1504.2,1458.4,0,0,46398,46398,44000.01,44000.01,0,0,0,0,0,0,0,0,46398,46398,0,0,4750.95,4720.95,4750.95,4720.95,3850,3850,0,0,0,0,0,0,0,0,0
"03256144",1,"2015","2014",0,0.038,0.038,"2",0.3604,0.3604,"05","D",0.1198,0.1198,0,"D",0,"D",296175,"D",385175,"D",84089,"D",0,"D",0,"D",0,"D",0,"D",11000,"D",657,"D",0,"D",0,"D",34812,"D",212951,67503,213350.2,212552.33,67625.31,67381,52657.3,53029.3,765439,765439,765439.01,765439.01,0,0,0,0,0,0,0,0,730627,730627,0,0,210154.82,209356.95,210154.82,209356.95,7984,8088,21712.22,21987.38,0,0,0,0,0,0,0
"03256154",1,"2015","2014",0,0,0,"1",-0.0765,-0.0765,"33","D",-0.0229,-0.0229,0,"D",0,"D",0,"D",0,"D",0,"D",0,"D",0,"D",0,"D",6000,"D",0,"D",0,"D",0,"D",0,"D",0,"D",0,0,0,0,0,0,0,0,0,0,0.01,0.01,0,0,0,0,0,0,0,0,0,0,0,0,0,0,0,0,7800,7900,0,0,0,0,0,0,0,0,0
"03256204",1,"2015","2014",0,0.153,0.153,"1",0.15,0.15,"36","D",0.0346,0.037,0,"D",0,"D",51000,"D",0,"D",-6783,"D",0,"D",0,"D",0,"D",14400,"D",0,"D",0,"D",0,"D",0,"D",0,"D",4641,980,4656.3,4626.3,1012.18,948.36,7803,7803,44217,44217,44217.01,44217.01,0,0,0,0,0,0,0,0,44217,44217,0,0,4656.3,4626.3,4656.3,4626.3,0,0,0,0,0,0,0,0,0,0,0
"03256234",1,"2015","2014",0,0,0,"1",0,0,"10","D",0,0,1,"D",1,"D",0,"D",0,"D",0,"D",0,"D",18598,"D",0,"D",0,"D",990,"D",2507,"D",0,"D",0,"D",0,"D",0,0,0,0,0,0,0,0,0,0,0,0,0,0,0,0,0,0,0,0,0,0,0,0,0,0,0,0,0,0,0,0,0,0,0,0,0,0,0
"03256254",1,"2015","2014",0,0.153,0.153,"1",-0.0765,-0.0765,"34","D",0,0,0,"D",0,"D",4500,"D",0,"D",0,"D",0,"D",0,"D",0,"D",0,"D",0,"D",0,"D",0,"D",0,"D",0,"D",-344,0,-344.25,-344.25,0,0,688.5,688.5,4500,4500,4500.01,4500.01,0,0,0,0,0,0,344.25,344.25,4500,4500,0,0,0,0,0,0,7500,7500,0,0,0,0,0,0,0,0,0
"03256294",1,"2015","2014",0,0.153,0.153,"2",0.15,0.15,"05","D",0.06,0.06,0,"D",0,"D",45000,"D",40000,"D",0,"D",0,"D",0,"D",0,"D",23100,"D",0,"D",500,"D",0,"D",0,"D",52,"D",8768,2338,8797.5,8737.5,2355.24,2320.38,13005,13005,85000,85000,85000.01,85000.01,0,0,0,0,0,0,0,0,85000,85000,0,0,8797.5,8737.5,8797.5,8737.5,7984,8088,552,552,0,0,0,0,0,0,0
"03256344",1,"2015","2014",0,0,0,"1",0,0,"0","T",0,0,1,"D",1,"D",0,"D",0,"D",0,"D",0,"D",7390,"D",0,"D",0,"D",0,"D",50,"D",0,"D",0,"D",300,"D",0,0,0,0,0,0,0,0,0,0,0,0,0,0,0,0,0,0,0,0,0,0,0,0,0,0,0,0,0,0,0,0,0,0,0,0,0,0,0
"03256354",1,"2015","2014",0,0.153,0.153,"1",0.15,0.15,"30","D",0,0,0,"D",0,"D",50000,"D",0,"D",-10000,"D",0,"D",0,"D",0,"D",0,"D",2050,"D",0,"D",0,"D",0,"D",0,"D",4009,0,4023.75,3993.75,0,0,7650,7650,40000,40000,0,0,0,0,0,0,0,0,0,0,40000,40000,0,0,4023.75,3993.75,4023.75,3993.75,0,0,0,0,0,0,0,0,0,0,0
"03256364",1,"2015","2014",2,0,0,"3",-0.4,-0.4,"01","D",0,0,0,"D",0,"D",0,"D",0,"D",3,"D",0,"D",0,"D",0,"D",0,"D",490,"D",4500,"D",0,"D",0,"D",15338,"D",0,0,0,0,0,0,0,0,3,3,3.01,3.01,0,0,0,0,0,0,0,0,3,3,0,0,0,0,0,0,4700,4700,20328,20328,0,0,0,0,0,0,0
"03256384",1,"2015","2014",2,0.153,0.153,"3",0.3106,0.3106,"07","D",0.0774,0.0774,0,"D",0,"D",32450,"D",0,"D",0,"D",0,"D",0,"D",0,"D",5900,"D",0,"D",0,"D",0,"D",2,"D",0,"D",-3324,-414,-3231.03,-3416.42,-392.51,-435.24,4964.85,4964.85,32450,32450,32450.01,32450.01,1150,1120,850,880,0,0,2381.03,2536.42,32450,32450,0,0,1150,1120,1150,1120,0,0,0,0,0,0,0,0,654.78,697.51,0
"03256424",1,"2015","2014",0,0.153,0.153,"2",0.1383,0.1383,"38","D",0.0775,0.0775,0,"D",0,"D",12500,"D",52500,"D",216,"D",6679,"D",0,"D",0,"D",800,"D",2400,"D",532,"D",0,"D",0,"D",9496,"D",6221,3941,6235.55,6207.29,3946.83,3935.37,9945,9945,71895,71895,71895.01,71895.01,0,0,0,0,0,0,0,0,62399,62399,0,0,6235.55,6207.29,6235.55,6207.29,4231.2,4289.91,12428,12428,0,0,0,0,0,0,0
"03256424",2,"2015","2014",2,0,0,"3",-0.4,-0.4,"38","D",-0.032,-0.032,0,"D",0,"D",0,"D",0,"D",0,"D",0,"D",0,"D",0,"D",0,"D",0,"D",0,"D",0,"D",1,"D",0,"D",0,0,0,0,0,0,0,0,0,0,0.01,0.01,0,0,0,0,0,0,0,0,0,0,0,0,0,0,0,0,3405.6,3452.86,0,0,0,0,0,0,0,0,0
"03256424",3,"2015","2014",2,0,0,"3",-0.4,-0.4,"38","D",-0.032,-0.032,0,"D",0,"D",0,"D",0,"D",0,"D",0,"D",0,"D",0,"D",0,"D",0,"D",0,"D",0,"D",1,"D",0,"D",0,0,0,0,0,0,0,0,0,0,0.01,0.01,0,0,0,0,0,0,0,0,0,0,0,0,0,0,0,0,3405.6,3452.86,0,0,0,0,0,0,0,0,0
"03256484",1,"2015","2014",2,0,0,"3",-0.4,-0.4,"44","D",0,0,0,"D",0,"D",0,"D",0,"D",1931,"D",0,"D",0,"D",0,"D",9840,"D",0,"D",0,"D",0,"D",2,"D",0,"D",0,0,0,0,0,0,0,0,1931,1931,0,0,0,0,0,0,0,0,0,0,1931,1931,0,0,0,0,0,0,0,0,0,0,0,0,0,0,0,0,0
"03256514",1,"2015","2014",4,0.153,0.153,"3",0.3106,0.3106,"06","D",0.0674,0.0463,0,"D",0,"D",33600,"D",0,"D",0,"D",0,"D",0,"D",0,"D",14508,"D",0,"D",40,"D",0,"D",2,"D",0,"D",-4450,55,-4346.84,-4553.23,219.93,-110.42,5140.8,5140.8,33600,33600,0,0,475,435,1525,1565,0,0,2821.84,2988.23,33600,33600,0,0,475,435,475,435,0,0,0,0,0,0,0,0,0,298.82,0
"03256514",3,"2015","2014",4,0,0,"3",-0.45,-0.45,"06","D",-0.045,0,0,"D",0,"D",0,"D",0,"D",0,"D",0,"D",0,"D",0,"D",0,"D",0,"D",0,"D",0,"D",2,"D",0,"D",0,-7,0,0,0,-13,0,0,0,0,0,0,0,0,0,0,0,0,0,0,0,0,0,0,0,0,0,0,0,0,0,0,0,0,0,0,0,0,0
"03256564",1,"2015","2014",0,0.153,0.153,"1",0.1405,0.1405,"45","D",0.063,0.063,0,"D",0,"D",38000,"D",0,"D",2,"D",0,"D",0,"D",0,"D",0,"D",900,"D",916,"D",0,"D",0,"D",8016,"D",2955,1447,2961.78,2947.54,1449.79,1444.74,5814,5814,38002,38002,38002.01,38002.01,0,0,0,0,0,0,0,0,29986,29986,0,0,2961.78,2947.54,2961.78,2947.54,0,0,0,0,0,0,0,0,0,0,0
"03256564",2,"2015","2014",0,0.153,0.153,"1",0.15,0.15,"45","D",0.063,0.063,0,"D",0,"D",39000,"D",0,"D",0,"D",0,"D",0,"D",0,"D",0,"D",0,"D",0,"D",0,"D",0,"D",0,"D",3859,1725,3873.75,3843.75,1730.58,1719.54,5967,5967,39000,39000,39000.01,39000.01,0,0,0,0,0,0,0,0,39000,39000,0,0,3873.75,3843.75,3873.75,3843.75,0,0,0,0,0,0,0,0,0,0,0
"03256604",1,"2015","2014",0,0,0,"2",0.2775,0.2775,"05","D",0.04,0.04,2,"D",2,"D",0,"D",0,"D",4112,"D",42305,"D",31940,"D",0,"D",0,"D",3100,"D",167,"D",0,"D",0,"D",1860,"D",5857,206,5894.39,5819.39,215.45,195.73,0,0,68045.95,68045.95,46417.01,46417.01,0,0,0,0,0,0,0,0,68045.95,68045.95,0,0,5894.39,5819.39,5894.39,5819.39,7984,8088,5127,5127,0,0,0,0,0,0,0
"03256684",1,"2015","2014",0,0.153,0.153,"1",0.0765,0.0765,"44","D",0,0,0,"D",0,"D",8400,"D",0,"D",0,"D",0,"D",0,"D",0,"D",4200,"D",0,"D",0,"D",0,"D",0,"D",0,"D",-483,0,-473.81,-491.52,0,0,1285.2,1285.2,8400,8400,0,0,0,0,0,0,0,0,473.81,491.52,8400,8400,0,0,0,0,0,0,0,0,0,0,0,0,0,0,0,0,0
"03256694",1,"2015","2014",2,0,0,"3",-0.4,-0.4,"03","D",0,0,0,"D",0,"D",0,"D",0,"D",0,"D",0,"D",0,"D",0,"D",0,"D",1100,"D",0,"D",0,"D",0,"D",6660,"D",0,-75,0,0,-75,-75,0,0,0,0,0.01,0.01,0,0,0,0,0,0,0,0,0,0,0,0,0,0,0,0,10018,10182,7760.05,7760.05,0,0,0,0,0,0,0
"03256734",1,"2015","2014",0,0.153,0.153,"2",0.2487,0.2487,"48","D",0,0,1,"D",1,"D",64000,"D",65000,"D",-2388,"D",0,"D",12431,"D",0,"D",0,"D",4300,"D",1973,"D",0,"D",0,"D",9216,"D",19740,0,19814.5,19664.5,0,0,19737,19737,137178.35,137178.35,0,0,0,0,0,0,0,0,0,0,127962.35,127962.35,0,0,19814.5,19664.5,19814.5,19664.5,0,0,0,0,0,0,0,0,0,0,0
"03256764",1,"2015","2014",0,0,0,"1",0.1492,0.1492,"39","D",0,0,1,"D",1,"D",0,"D",0,"D",4,"D",18092,"D",27574,"D",0,"D",0,"D",1400,"D",3124,"D",0,"D",0,"D",11560,"D",101,0,103.27,98.27,0,0,0,0,21537.5,21537.5,4.01,4.01,0,0,0,0,0,0,0,0,9977.5,9977.5,0,0,103.27,98.27,103.27,98.27,0,0,0,0,0,0,0,0,0,0,0
"03256784",1,"2015","2014",0,0.153,0.153,"1",0.15,0.15,"06","D",0.0463,0.0463,0,"D",0,"D",33000,"D",0,"D",0,"D",0,"D",0,"D",0,"D",0,"D",0,"D",10,"D",0,"D",0,"D",60,"D",2959,1048,2973.75,2943.75,1057.96,1038.01,5049,5049,33000,33000,0,0,0,0,0,0,0,0,0,0,33000,33000,0,0,2973.75,2943.75,2973.75,2943.75,0,0,0,0,0,0,0,0,0,0,0
"03256794",1,"2015","2014",0,0.153,0.153,"1",0.2339,0.2339,"33","D",0.0645,0.0645,0,"D",0,"D",90000,"D",0,"D",-5000,"D",0,"D",0,"D",0,"D",0,"D",7000,"D",0,"D",0,"D",0,"D",1200,"D",12876,4621,12912.57,12839.51,4624.71,4616.95,13770,13770,85000,85000,85000.01,85000.01,0,0,0,0,0,0,0,0,83800,83800,0,0,12912.57,12839.51,12912.57,12839.51,7800,7900,8200,8200,0,0,0,0,0,0,0
"03256814",1,"2015","2014",4,0.029,0.029,"2",0.325,0.325,"44","D",0,0,0,"D",0,"D",0,"D",228786,"D",171,"D",0,"D",0,"D",0,"D",0,"D",11000,"D",0,"D",0,"D",4,"D",15368,"D",37651,0,37897.93,37403.93,0,0,21142.79,21328.79,228957,228957,0,0,0,0,0,0,0,0,0,0,213589,213589,1130.18,915.68,36767.75,36488.25,36767.75,36488.25,0,0,0,0,0,0,0,0,0,0,0
"03256824",1,"2015","2014",0,0,0,"1",0,0,"47","D",0,0,1,"D",1,"D",0,"D",0,"D",8800,"D",0,"D",0,"D",0,"D",0,"D",1900,"D",160,"D",0,"D",0,"D",0,"D",0,0,0,0,0,0,0,0,8800,8800,0,0,0,0,0,0,0,0,0,0,8800,8800,0,0,0,0,0,0,3000,3000,0,0,0,0,0,0,0,0,0
"03256854",1,"2015","2014",0,0.153,0.153,"2",0.2406,0.2375,"14","D",0.0375,0.05,0,"D",0,"D",60366,"D",58713,"D",0,"D",430,"D",0,"D",0,"D",0,"D",6300,"D",220,"D",0,"D",0,"D",11048,"D",13971,4708,13866.14,14075.45,5426.45,3989.21,18219.09,18219.09,119509,119509,119079.01,119079.01,0,0,0,0,0,0,0,0,108461,108461,0,0,13866.14,14075.45,13866.14,14075.45,0,0,0,0,315,315,0,0,0,0,0
"03256884",1,"2015","2014",0,0.038,0.038,"2",0.396,0.396,"44","D",0,0,0,"D",0,"D",469961,"D",0,"D",54951,"D",0,"D",0,"D",0,"D",0,"D",5000,"D",630,"D",0,"D",0,"D",8244,"D",151338,0,151795.79,150879.59,0,0,30116.52,30302.52,524912,524912,0,0,0,0,0,0,0,0,0,0,524912,524912,0,0,149707.65,148791.45,149707.65,148791.45,0,0,0,0,0,0,0,0,0,0,0
"03256894",1,"2015","2014",2,0,0,"3",-0.4,-0.4,"0","T",0,0,0,"D",0,"D",0,"D",0,"D",0,"D",8519,"D",0,"D",0,"D",7020,"D",0,"D",0,"D",0,"D",0,"D",0,"D",0,0,0,0,0,0,0,0,8519,8519,0,0,0,0,0,0,0,0,0,0,8519,8519,0,0,0,0,0,0,0,0,0,0,0,0,0,0,0,0,0
"03256904",1,"2015","2014",0,0.153,0.153,"1",0.25,0.25,"44","D",0,0,0,"D",0,"D",90000,"D",0,"D",0,"D",0,"D",0,"D",0,"D",0,"D",2500,"D",0,"D",0,"D",0,"D",1536,"D",15769,0,15818.75,15718.75,0,0,13770,13770,90000,90000,0,0,0,0,0,0,0,0,0,0,90000,90000,0,0,15818.75,15718.75,15818.75,15718.75,0,0,0,0,0,0,0,0,0,0,0
"03256914",1,"2015","2014",0,0.153,0.153,"1",0.15,0.15,"44","D",0,0,0,"D",0,"D",35700,"D",0,"D",0,"D",0,"D",0,"D",0,"D",4380,"D",0,"D",0,"D",0,"D",0,"D",2000,"D",3364,0,3378.75,3348.75,0,0,5462.1,5462.1,35700,35700,0,0,0,0,0,0,0,0,0,0,35700,35700,0,0,3378.75,3348.75,3378.75,3348.75,0,0,0,0,0,0,0,0,0,0,0
"03256924",1,"2015","2014",0,0.153,0.153,"1",0.25,0.25,"39","D",0.0307,0.0307,0,"D",0,"D",48000,"D",0,"D",0,"D",0,"D",0,"D",0,"D",4800,"D",0,"D",0,"D",0,"D",0,"D",0,"D",5269,1474,5318.75,5218.75,1473.6,1473.6,7344,7344,48000,48000,48000.01,48000.01,0,0,0,0,0,0,0,0,48000,48000,0,0,5318.75,5218.75,5318.75,5218.75,0,0,0,0,0,0,0,0,0,0,0
"03256974",1,"2015","2014",0,0,0,"1",0,0,"05","D",0,0,1,"D",1,"D",0,"D",0,"D",0,"D",10200,"D",13829,"D",0,"D",20400,"D",0,"D",50,"D",0,"D",0,"D",0,"D",0,0,0,0,0,0,0,0,10200,10200,10200.01,10200.01,0,0,0,0,0,0,0,0,10200,10200,0,0,0,0,0,0,3992,4044,50,50,0,0,0,0,0,0,0
"03257014",1,"2015","2014",0,0.029,0.029,"2",0.1423,0.1423,"26","D",0.0515,0.0515,0,"D",0,"D",0,"D",120000,"D",-5840,"D",0,"D",0,"D",0,"D",0,"D",10000,"D",1955,"D",0,"D",0,"D",26300,"D",8827,3007,8841.82,8812.59,3009.76,3004.63,17988,18174,114160,114160,114160.01,114160.01,0,0,0,0,0,0,0,0,87860,87860,0,0,8841.82,8812.59,8841.82,8812.59,0,0,47205.5,47320.25,0,0,0,0,0,0,0
"03257064",1,"2015","2014",2,0.153,0.153,"2",0,0,"05","D",0,0,0,"D",0,"D",18000,"D",0,"D",0,"D",0,"D",0,"D",0,"D",6816,"D",0,"D",20,"D",0,"D",2,"D",0,"D",-7504,0,-7460,-7548,0,0,2754,2754,18000,18000,18000.01,18000.01,0,0,2000,2000,0,0,5460,5548,18000,18000,0,0,0,0,0,0,7984,8088,20,20,0,0,0,0,0,0,0
"03257104",1,"2015","2014",0,0.153,0.153,"1",0.25,0.25,"05","D",0.093,0.093,0,"D",0,"D",65000,"D",0,"D",0,"D",0,"D",0,"D",0,"D",43356,"D",0,"D",0,"D",0,"D",0,"D",360,"D",9519,3055,9568.75,9468.75,3074.54,3036.34,9945,9945,65000,65000,65000.01,65000.01,0,0,0,0,0,0,0,0,65000,65000,0,0,9568.75,9468.75,9568.75,9468.75,3992,4044,360,360,0,0,0,0,0,0,0
"03257104",2,"2015","2014",0,0.153,0.153,"1",0.25,0.25,"05","D",0.093,0.093,0,"D",0,"D",82000,"D",0,"D",0,"D",0,"D",0,"D",0,"D",0,"D",0,"D",0,"D",0,"D",0,"D",0,"D",13769,4636,13818.75,13718.75,4655.54,4617.34,12546,12546,82000,82000,82000.01,82000.01,0,0,0,0,0,0,0,0,82000,82000,0,0,13818.75,13718.75,13818.75,13718.75,3992,4044,0,0,0,0,0,0,0,0,0
"03257114",1,"2015","2014",3,0.153,0.153,"3",-0.45,-0.45,"44","D",0,0,0,"D",0,"D",1840,"D",0,"D",0,"D",0,"D",0,"D",280,"D",5040,"D",0,"D",0,"D",0,"D",3,"D",0,"D",-828,0,-828,-828,0,0,281.52,281.52,1840,1840,0,0,0,0,0,0,0,0,828,828,1840,1840,0,0,0,0,0,0,0,0,0,0,0,0,0,0,0,0,0
"03257114",3,"2015","2014",0,0.153,0.153,"1",-0.0765,-0.0765,"44","D",0,0,0,"D",0,"D",5600,"D",0,"D",0,"D",0,"D",0,"D",0,"D",0,"D",0,"D",0,"D",0,"D",0,"D",0,"D",-428,0,-428.4,-428.4,0,0,856.8,856.8,5600,5600,0,0,0,0,0,0,0,0,428.4,428.4,5600,5600,0,0,0,0,0,0,0,0,0,0,0,0,0,0,0,0,0
"03257174",1,"2015","2014",0,0.038,0.038,"2",0.3598,0.3596,"48","D",0,0,0,"D",0,"D",228786,"D",160000,"D",14000,"D",0,"D",0,"D",0,"D",0,"D",10700,"D",0,"D",0,"D",0,"D",36704,"D",93052,0,93318.55,92785.41,0,0,41539.87,41911.87,402786,402786,0,0,0,0,0,0,0,0,0,0,366082,366082,0,0,92786.55,92253.41,92786.55,92253.41,0,0,0,0,0,0,0,0,0,0,0
"03257184",1,"2015","2014",2,0,0,"3",-0.4,-0.4,"39","D",0,0,0,"D",0,"D",0,"D",0,"D",0,"D",0,"D",8520,"D",0,"D",3096,"D",0,"D",1,"D",0,"D",2,"D",0,"D",0,0,0,0,0,0,0,0,0,0,0.01,0.01,0,0,0,0,0,0,0,0,0,0,0,0,0,0,0,0,0,0,0,0,0,0,0,0,0,0,0
"03257184",3,"2015","2014",0,0,0,"1",-0.0765,-0.0765,"39","D",0,0,0,"D",0,"D",0,"D",0,"D",0,"D",0,"D",8268,"D",0,"D",0,"D",0,"D",0,"D",0,"D",0,"D",0,"D",0,0,0,0,0,0,0,0,0,0,0.01,0.01,0,0,0,0,0,0,0,0,0,0,0,0,0,0,0,0,0,0,0,0,0,0,0,0,0,0,0
"03257194",1,"2015","2014",0,0,0,"1",0.2775,0.2775,"39","D",0.0307,0.0307,0,"D",0,"D",0,"D",0,"D",22317,"D",8387,"D",16032,"D",0,"D",0,"D",2600,"D",1403,"D",0,"D",0,"D",0,"D",3891,943,3906.15,3876.15,942.61,942.61,0,0,39216,39216,30704.01,30704.01,0,0,0,0,0,0,0,0,39216,39216,0,0,3906.15,3876.15,3906.15,3876.15,0,0,0,0,0,0,0,0,0,0,0
"03257194",2,"2015","2014",0,0,0,"1",-0.0765,-0.0765,"39","D",0,0,0,"D",0,"D",0,"D",0,"D",-6500,"D",8387,"D",15744,"D",0,"D",0,"D",0,"D",0,"D",0,"D",0,"D",0,"D",0,0,0,0,0,0,0,0,1887,1887,1887.01,1887.01,0,0,0,0,0,0,0,0,1887,1887,0,0,0,0,0,0,0,0,0,0,0,0,0,0,0,0,0
"03257214",1,"2015","2014",1,0.153,0.153,"2",0.2362,0.2362,"31","D",0.0552,0.0552,0,"D",0,"D",96038,"D",57783,"D",200,"D",0,"D",0,"D",0,"D",0,"D",16180,"D",45,"D",0,"D",1,"D",7664,"D",19955,4989,20035.8,19873.3,4988.79,4988.79,23534.61,23534.61,154021,154021,154021.01,154021.01,0,0,0,0,0,0,0,0,146357,146357,0,0,20035.8,19873.3,20035.8,19873.3,0,0,0,0,0,0,0,0,0,0,0
"03257234",1,"2015","2014",4,0,0,"3",-0.45,-0.45,"43","D",0,0,0,"D",0,"D",0,"D",0,"D",0,"D",0,"D",0,"D",0,"D",0,"D",1300,"D",0,"D",0,"D",2,"D",6900,"D",0,0,0,0,0,0,0,0,0,0,0,0,0,0,0,0,0,0,0,0,0,0,0,0,0,0,0,0,0,0,0,0,0,0,0,0,0,0,0
"03257244",1,"2015","2014",2,0,0,"3",-0.4,-0.4,"0","T",0,0,0,"D",0,"D",0,"D",0,"D",0,"D",1965,"D",0,"D",0,"D",0,"D",60,"D",0,"D",0,"D",0,"D",1200,"D",0,0,0,0,0,0,0,0,1965,1965,0,0,0,0,0,0,0,0,0,0,1965,1965,0,0,0,0,0,0,0,0,0,0,0,0,0,0,0,0,0
"03257254",1,"2015","2014",2,0,0,"3",-0.4,-0.4,"10","D",0,0,0,"D",0,"D",0,"D",0,"D",250,"D",0,"D",0,"D",0,"D",0,"D",2000,"D",0,"D",0,"D",0,"D",36,"D",0,0,0,0,0,0,0,0,250,250,0,0,0,0,0,0,0,0,0,0,250,250,0,0,0,0,0,0,0,0,0,0,0,0,0,0,0,0,0
"03257264",1,"2015","2014",2,0,0,"3",-0.4,-0.4,"0","T",0,0,0,"D",0,"D",0,"D",0,"D",0,"D",0,"D",0,"D",0,"D",0,"D",1700,"D",0,"D",0,"D",0,"D",1285,"D",0,0,0,0,0,0,0,0,0,0,0,0,0,0,0,0,0,0,0,0,0,0,0,0,0,0,0,0,0,0,0,0,0,0,0,0,0,0,0
"03257274",1,"2015","2014",0,0,0,"1",0,0,"0","T",0,0,1,"D",1,"D",0,"D",0,"D",0,"D",0,"D",18334,"D",0,"D",0,"D",3200,"D",30,"D",0,"D",0,"D",0,"D",0,0,0,0,0,0,0,0,0,0,0,0,0,0,0,0,0,0,0,0,0,0,0,0,0,0,0,0,0,0,0,0,0,0,0,0,0,0,0
"03257294",1,"2015","2014",0,0,0,"1",-0.0765,-0.0765,"22","D",-0.0115,-0.0115,0,"D",0,"D",0,"D",0,"D",0,"D",0,"D",0,"D",0,"D",1548,"D",0,"D",0,"D",0,"D",0,"D",0,"D",0,0,0,0,0,0,0,0,0,0,0.01,0.01,0,0,0,0,0,0,0,0,0,0,0,0,0,0,0,0,0,0,0,0,0,0,0,0,0,0,0
"03257304",1,"2015","2014",2,0,0,"3",-0.4,-0.4,"25","D",0,0,0,"D",0,"D",0,"D",0,"D",0,"D",0,"D",1706,"D",0,"D",0,"D",0,"D",40,"D",0,"D",0,"D",0,"D",0,0,0,0,0,0,0,0,0,0,0.01,0.01,0,0,0,0,0,0,0,0,0,0,0,0,0,0,0,0,3400,3400,40,40,0,0,0,0,0,0,0
"03257334",1,"2015","2014",2,0,0,"3",-0.4,-0.4,"02","D",0,0,0,"D",0,"D",0,"D",0,"D",2156,"D",0,"D",0,"D",0,"D",0,"D",8000,"D",0,"D",0,"D",0,"D",0,"D",0,0,0,0,0,0,0,0,2156,2156,0,0,0,0,0,0,0,0,0,0,2156,2156,0,0,0,0,0,0,0,0,0,0,0,0,0,0,0,0,0
"03257384",1,"2015","2014",1,0.153,0.153,"2",0.2775,0.2775,"11","D",0.06,0.06,1,"D",1,"D",0,"D",35360,"D",0,"D",0,"D",40076,"D",0,"D",0,"D",400,"D",227,"D",0,"D",0,"D",300,"D",2895,980,2932.25,2857.25,979.6,979.6,5410.08,5410.08,51048.3,51048.3,35360.01,35360.01,0,0,0,0,0,0,0,0,51048.3,51048.3,0,0,2932.25,2857.25,2932.25,2857.25,4300,4300,0,0,0,0,0,0,0,0,0
"03257384",2,"2015","2014",0,0.153,0.153,"1",0.15,0.15,"11","D",0.06,0.06,0,"D",0,"D",24960,"D",0,"D",-1560,"D",0,"D",0,"D",0,"D",0,"D",0,"D",0,"D",0,"D",0,"D",0,"D",1519,914,1533.75,1503.75,914,914,3818.88,3818.88,23400,23400,23400.01,23400.01,0,0,0,0,0,0,0,0,23400,23400,0,0,1533.75,1503.75,1533.75,1503.75,2300,2300,0,0,0,0,0,0,0,0,0
"03257454",1,"2015","2014",4,0.153,0.153,"2",0.15,0.15,"05","D",0,0,0,"D",0,"D",35000,"D",27103,"D",0,"D",0,"D",0,"D",0,"D",0,"D",4000,"D",1200,"D",0,"D",2,"D",240,"D",948,0,992.95,902.95,0,0,9501.76,9501.76,62103,62103,62103.01,62103.01,2000,2000,0,0,0,0,0,0,62103,62103,0,0,2992.95,2902.95,2992.95,2902.95,7984,8088,5440,5440,0,0,0,0,0,0,0
"03257454",2,"2015","2014",4,0,0,"3",-0.45,-0.45,"05","D",0,0,0,"D",0,"D",0,"D",0,"D",0,"D",0,"D",0,"D",0,"D",0,"D",0,"D",0,"D",0,"D",2,"D",0,"D",0,0,0,0,0,0,0,0,0,0,0.01,0.01,0,0,0,0,0,0,0,0,0,0,0,0,0,0,0,0,7984,8088,0,0,0,0,0,0,0,0,0
"03257454",3,"2015","2014",4,0,0,"3",-0.45,-0.45,"05","D",0,0,0,"D",0,"D",0,"D",0,"D",0,"D",0,"D",0,"D",0,"D",0,"D",0,"D",0,"D",0,"D",2,"D",0,"D",0,0,0,0,0,0,0,0,0,0,0.01,0.01,0,0,0,0,0,0,0,0,0,0,0,0,0,0,0,0,7984,8088,0,0,0,0,0,0,0,0,0
"03257464",1,"2015","2014",0,0.153,0.153,"2",0.15,0.15,"37","D",0.0525,0.0525,0,"D",0,"D",2000,"D",45000,"D",0,"D",0,"D",0,"D",0,"D",0,"D",500,"D",946,"D",0,"D",0,"D",0,"D",3068,1314,3097.5,3037.5,1319,1308.5,7191,7191,47000,47000,47000.01,47000.01,0,0,0,0,0,0,0,0,47000,47000,0,0,3097.5,3037.5,3097.5,3037.5,12400,12600,0,0,0,0,0,0,0,0,0
"03257504",1,"2015","2014",3,0.153,0.153,"2",0.1423,0.1422,"22","D",0.0515,0.052,0,"D",0,"D",69340,"D",37000,"D",-5862,"D",0,"D",0,"D",0,"D",0,"D",5490,"D",4908,"D",0,"D",2,"D",4788,"D",6296,4009,6319.47,6272.78,4028.86,3990.12,16270.02,16270.02,100478,100478,100478.01,100478.01,2000,2000,0,0,0,0,0,0,95690,95690,0,0,8319.47,8272.78,8319.47,8272.78,0,0,0,0,0,0,0,0,0,0,0
"03257504",2,"2015","2014",3,0,0,"3",-0.45,-0.45,"22","D",-0.0675,-0.0675,0,"D",0,"D",0,"D",0,"D",0,"D",0,"D",0,"D",0,"D",0,"D",0,"D",0,"D",0,"D",2,"D",0,"D",0,0,0,0,0,0,0,0,0,0,0.01,0.01,0,0,0,0,0,0,0,0,0,0,0,0,0,0,0,0,0,0,0,0,0,0,0,0,0,0,0
"03257524",1,"2015","2014",0,0.153,0.153,"2",0.1417,0.1417,"31","D",0.0553,0.0553,0,"D",0,"D",0,"D",106243,"D",0,"D",0,"D",0,"D",0,"D",0,"D",16180,"D",150,"D",0,"D",0,"D",7920,"D",9827,2432,9841.66,9811.66,2431.93,2431.93,16255.18,16255.18,106243,106243,106243.01,106243.01,0,0,0,0,0,0,0,0,98323,98323,0,0,9841.66,9811.66,9841.66,9811.66,0,0,0,0,0,0,0,0,0,0,0
"03257534",1,"2015","2014",0,0,0,"1",-0.0765,-0.0765,"23","D",0.0339,0.0339,0,"D",0,"D",0,"D",0,"D",0,"D",0,"D",0,"D",0,"D",0,"D",1100,"D",0,"D",0,"D",0,"D",704,"D",0,-885,0,0,-884.96,-884.96,0,0,0,0,0.01,0.01,0,0,0,0,0,0,0,0,0,0,0,0,0,0,0,0,0,0,0,0,659.98,659.98,0,0,0,0,0
"03257534",3,"2015","2014",0,0.153,0.153,"1",-0.0765,-0.0765,"23","D",0.0554,0.0554,0,"D",0,"D",6256,"D",0,"D",0,"D",0,"D",0,"D",0,"D",0,"D",0,"D",0,"D",0,"D",0,"D",0,"D",-479,-48,-478.58,-478.58,-48.34,-48.34,957.17,957.17,6256,6256,6256.01,6256.01,0,0,0,0,0,0,478.58,478.58,6256,6256,0,0,0,0,0,0,0,0,0,0,0,0,0,0,28.72,28.72,0
"03257564",1,"2015","2014",0,0.153,0.153,"1",0.15,0.15,"34","D",0.0575,0.058,0,"D",0,"D",28000,"D",0,"D",50,"D",0,"D",0,"D",0,"D",0,"D",0,"D",0,"D",0,"D",0,"D",0,"D",2216,1187,2231.25,2201.25,1191.9,1181.63,4284,4284,28050,28050,28050.01,28050.01,0,0,0,0,0,0,0,0,28050,28050,0,0,2231.25,2201.25,2231.25,2201.25,7500,7500,0,0,0,0,0,0,0,0,0
"03257574",1,"2015","2014",1,0,0,"3",-0.34,-0.34,"34","D",0,0,1,"D",1,"D",0,"D",0,"D",0,"D",0,"D",13788,"D",0,"D",0,"D",800,"D",0,"D",0,"D",0,"D",0,"D",0,0,0,0,0,0,0,0,0,0,0.01,0.01,0,0,0,0,0,0,0,0,0,0,0,0,0,0,0,0,12000,12000,800,800,0,0,0,0,0,0,0
"03257604",1,"2015","2014",0,0,0,"1",0.2394,0.2394,"23","D",0.0425,0.0425,1,"D",1,"D",0,"D",0,"D",0,"D",96696,"D",0,"D",0,"D",0,"D",4900,"D",2388,"D",0,"D",0,"D",480,"D",16603,1839,16636.77,16570.1,1855.93,1822.61,0,0,96696,96696,47669.01,46885.01,0,0,0,0,0,0,0,0,96216,96216,0,0,16636.77,16570.1,16636.77,16570.1,0,0,0,0,0,0,0,0,0,0,0
"03257634",1,"2015","2014",4,0.153,0.153,"3",0.3106,0.3106,"45","D",0.063,0.063,0,"D",0,"D",34201,"D",0,"D",0,"D",0,"D",0,"D",0,"D",12000,"D",0,"D",1964,"D",0,"D",4,"D",0,"D",-6263,443,-6160.17,-6366.56,454.91,430.47,5232.75,5232.75,34201,34201,34201.01,34201.01,535.1,495.1,3464.9,3504.9,0,0,2695.27,2861.66,34201,34201,0,0,535.1,495.1,535.1,495.1,0,0,0,0,0,0,0,0,0,0,0
"03257674",1,"2015","2014",3,0.153,0.153,"3",0.1929,0.1929,"21","D",0.0475,0.0475,0,"D",0,"D",86000,"D",0,"D",520,"D",0,"D",0,"D",0,"D",0,"D",7000,"D",0,"D",0,"D",3,"D",18552,"D",3348,2235,3368.38,3328.38,2235.48,2235.48,13158,13158,86520,86520,86520.01,86520.01,2424,2424,0,0,0,0,0,0,67968,67968,0,0,5792.38,5752.38,5792.38,5752.38,4000,4000,25552,25552,0,0,0,0,0,0,0
"03257674",2,"2015","2014",0,0,0,"1",-0.0765,-0.0765,"21","D",-0.0195,-0.0191,0,"D",0,"D",0,"D",0,"D",0,"D",0,"D",0,"D",0,"D",0,"D",0,"D",0,"D",0,"D",0,"D",0,"D",0,0,0,0,0,0,0,0,0,0,0.01,0.01,0,0,0,0,0,0,0,0,0,0,0,0,0,0,0,0,1500,1500,0,0,0,0,0,0,0,0,0
"03257684",1,"2015","2014",2,0,0,"3",-0.4,-0.4,"33","D",-0.118,-0.118,0,"D",0,"D",0,"D",0,"D",0,"D",1335,"D",0,"D",0,"D",0,"D",5000,"D",134,"D",0,"D",0,"D",7679,"D",0,-274,0,0,-274.33,-274.33,0,0,1335,1335,1335.01,1335.01,0,0,0,0,0,0,0,0,1335,1335,0,0,0,0,0,0,10950,11100,0,0,74.33,74.33,0,0,0,0,0
"03257714",1,"2015","2014",2,0.153,0.153,"2",-0.55,-0.55,"44","D",0,0,1,"D",1,"D",8956,"D",0,"D",0,"D",0,"D",0,"D",0,"D",13200,"D",0,"D",40,"D",0,"D",1,"D",600,"D",-4476,0,-4475.8,-4475.8,0,0,1370.27,1370.27,8956,8956,0,0,0,0,893.4,893.4,0,0,3582.4,3582.4,8956,8956,0,0,0,0,0,0,0,0,0,0,0,0,0,0,0,0,0
"03257724",1,"2015","2014",0,0.153,0.153,"2",0.1,0.15,"33","D",0.0525,0.0525,1,"D",0,"D",17963,"D",21586,"D",305,"D",0,"D",0,"D",0,"D",0,"D",3800,"D",0,"D",0,"D",0,"D",1200,"D",1913,1008,2025.6,1800.4,1016.52,1000.02,6051,6051,39854,39854,39854.01,39854.01,0,0,0,0,0,0,0,0,39854,39854,0,0,2025.6,1800.4,2025.6,1800.4,15650,15850,0,0,0,0,0,0,0,0,0
"03257754",1,"2015","2014",1,0.153,0.153,"2",0.15,0.15,"45","D",0.063,0.063,0,"D",0,"D",61642,"D",23375,"D",10000,"D",0,"D",0,"D",0,"D",0,"D",1200,"D",0,"D",0,"D",1,"D",2612,"D",8674,4343,8707.55,8640.05,4355.48,4331.15,13007.6,13007.6,95017,95017,95017.01,95017.01,1000,1000,0,0,0,0,0,0,95017,95017,0,0,9707.55,9640.05,9707.55,9640.05,0,0,0,0,0,0,0,0,0,0,0
"03257774",1,"2015","2014",0,0.153,0.153,"1",0.25,0.25,"05","D",0.093,0.093,0,"D",0,"D",98307,"D",0,"D",0,"D",0,"D",0,"D",0,"D",14400,"D",0,"D",0,"D",0,"D",0,"D",0,"D",17846,6153,17895.5,17795.5,6172.09,6133.89,15040.97,15040.97,98307,98307,98307.01,98307.01,0,0,0,0,0,0,0,0,98307,98307,0,0,17895.5,17795.5,17895.5,17795.5,3992,4044,0,0,0,0,0,0,0,0,0
"03257804",1,"2015","2014",2,0.153,0.153,"2",0.1414,0.1413,"34","D",0.0575,0.058,0,"D",0,"D",38359,"D",40635,"D",5,"D",0,"D",0,"D",0,"D",0,"D",3050,"D",2452,"D",0,"D",2,"D",7044,"D",4144,3496,4163.66,4123.46,3511.94,3479.94,12086.08,12086.08,78999,78999,78999.01,78999.01,2000,2000,0,0,0,0,0,0,71955,71955,0,0,6163.66,6123.46,6163.66,6123.46,15000,15000,10094,10094,0,0,0,0,0,0,0
"03257814",1,"2015","2014",1,0.0679,0.0679,"2",0.2356,0.2355,"34","D",0.0575,0.058,0,"D",0,"D",142000,"D",65000,"D",-27465,"D",0,"D",0,"D",0,"D",0,"D",2500,"D",2197,"D",0,"D",1,"D",15836,"D",26092,9309,26163.11,26020.76,9349.54,9268.94,28571,28757,179535,179535,179535.01,179535.01,0,0,0,0,0,0,0,0,163699,163699,0,0,26163.11,26020.76,26163.11,26020.76,15000,15000,18336,18336,0,0,0,0,0,0,0
"03257824",1,"2015","2014",0,0,0,"1",0,0,"0","T",0,0,1,"D",1,"D",0,"D",0,"D",0,"D",0,"D",19976,"D",0,"D",0,"D",1600,"D",0,"D",0,"D",0,"D",0,"D",0,0,0,0,0,0,0,0,0,0,0,0,0,0,0,0,0,0,0,0,0,0,0,0,0,0,0,0,0,0,0,0,0,0,0,0,0,0,0
"03257834",1,"2015","2014",0,0.153,0.153,"1",0.15,0.15,"05","D",0.04,0.04,0,"D",0,"D",25500,"D",0,"D",0,"D",0,"D",0,"D",0,"D",8700,"D",0,"D",0,"D",0,"D",0,"D",0,"D",1834,243,1848.75,1818.75,247.38,238.53,3901.5,3901.5,25500,25500,25500.01,25500.01,0,0,0,0,0,0,0,0,25500,25500,0,0,1848.75,1818.75,1848.75,1818.75,3992,4044,0,0,0,0,0,0,0,0,0
"03257834",2,"2015","2014",0,0.153,0.153,"1",0.1765,0.1765,"05","D",0,0,0,"D",0,"D",12200,"D",0,"D",0,"D",0,"D",0,"D",0,"D",0,"D",0,"D",0,"D",0,"D",0,"D",0,"D",6,0,21.89,-10.82,0,0,1866.6,1866.6,12200,12200,12200.01,12200.01,0,0,0,0,0,0,183.11,200.82,12200,12200,0,0,205,190,205,190,3992,4044,0,0,0,0,0,0,0,0,0
"03257874",1,"2015","2014",3,0.153,0.153,"2",0.15,0.15,"08","D",0.0555,0.0555,0,"D",0,"D",35000,"D",55000,"D",0,"D",0,"D",0,"D",0,"D",12600,"D",0,"D",95,"D",0,"D",3,"D",0,"D",4729,3311,4770,4687.5,3311.25,3311.25,13770,13770,90000,90000,90000.01,90000.01,3000,3000,0,0,0,0,0,0,90000,90000,0,0,7770,7687.5,7770,7687.5,6500,6500,95,95,0,0,0,0,0,0,0
"03257894",1,"2015","2014",0,0.153,0.153,"1",0.15,0.15,"01","D",0.0451,0.0451,0,"D",0,"D",25000,"D",0,"D",0,"D",0,"D",0,"D",0,"D",2880,"D",0,"D",0,"D",0,"D",0,"D",0,"D",1759,935,1773.75,1743.75,934.47,935.97,3825,3825,25000,25000,25000.01,25000.01,0,0,0,0,0,0,0,0,25000,25000,0,0,1773.75,1743.75,1773.75,1743.75,2236.84,2236.84,1912.5,1912.5,0,0,0,0,0,0,0
"03257904",1,"2015","2014",0,0,0,"1",0,0,"33","D",0,0,1,"D",1,"D",0,"D",0,"D",0,"D",9000,"D",12622,"D",0,"D",8400,"D",0,"D",548,"D",0,"D",0,"D",40,"D",0,0,0,0,0,0,0,0,9000,9000,0.01,0.01,0,0,0,0,0,0,0,0,9000,9000,0,0,0,0,0,0,7800,7900,0,0,0,0,0,0,0,0,0
"03257914",1,"2015","2014",2,0,0,"3",-0.4,-0.4,"05","D",0,0,0,"D",0,"D",0,"D",0,"D",0,"D",0,"D",0,"D",2475,"D",0,"D",0,"D",0,"D",0,"D",0,"D",0,"D",0,0,0,0,0,0,0,0,0,0,0.01,0.01,0,0,0,0,0,0,0,0,0,0,0,0,0,0,0,0,7984,8088,0,0,0,0,0,0,0,0,0
"03257934",1,"2015","2014",2,0,0,"3",-0.4,-0.4,"0","T",0,0,0,"D",0,"D",0,"D",0,"D",0,"D",510,"D",0,"D",0,"D",0,"D",540,"D",51,"D",0,"D",0,"D",279,"D",0,0,0,0,0,0,0,0,510,510,0,0,0,0,0,0,0,0,0,0,510,510,0,0,0,0,0,0,0,0,0,0,0,0,0,0,0,0,0
"03257974",1,"2015","2014",4,0.153,0.153,"3",0.2106,0.2106,"07","D",0.0654,0.0654,0,"D",0,"D",20655,"D",0,"D",-1008,"D",0,"D",0,"D",0,"D",10200,"D",0,"D",428,"D",0,"D",1,"D",0,"D",-6631,-1544,-6548.06,-6714.45,-1520.86,-1566.62,3160.21,3160.21,19647,19647,19647.01,19647.01,0,0,1000,1000,0,0,5548.06,5714.45,19647,19647,0,0,0,0,0,0,0,0,0,0,0,0,0,0,1525.71,1571.47,0
"03258004",1,"2015","2014",1,0.153,0.153,"3",0.3098,0.3098,"23","D",0.0731,0.0731,0,"D",0,"D",35022,"D",0,"D",0,"D",0,"D",0,"D",0,"D",0,"D",2700,"D",0,"D",0,"D",1,"D",1388,"D",422,227,498.08,345.45,230.45,224.15,5358.37,5358.37,35022,35022,35022.01,35022.01,1000,1000,0,0,0,0,557.72,662.85,35022,35022,0,0,2055.8,2008.3,2055.8,2008.3,0,0,0,0,884.52,884.52,0,0,33.46,39.77,0
"03258004",2,"2015","2014",0,0.153,0.153,"1",0.0765,0.0765,"23","D",0.0646,0.0646,0,"D",0,"D",10035,"D",0,"D",0,"D",0,"D",0,"D",0,"D",0,"D",0,"D",0,"D",0,"D",0,"D",0,"D",-358,186,-348.74,-366.45,186.19,185.13,1535.35,1535.35,10035,10035,10035.01,10035.01,0,0,0,0,0,0,348.74,366.45,10035,10035,0,0,0,0,0,0,0,0,0,0,0,0,0,0,20.92,21.99,0
"03258024",1,"2015","2014",0,0,0,"1",-0.0765,-0.0765,"44","D",0,0,0,"D",0,"D",0,"D",0,"D",0,"D",0,"D",19678,"D",0,"D",6636,"D",0,"D",0,"D",0,"D",0,"D",0,"D",0,0,0,0,0,0,0,0,0,0,0,0,0,0,0,0,0,0,0,0,0,0,0,0,0,0,0,0,0,0,0,0,0,0,0,0,0,0,0
"03258054",1,"2015","2014",3,0.153,0.153,"3",0.2106,0.2106,"03","D",0,0,0,"D",0,"D",22000,"D",0,"D",0,"D",0,"D",0,"D",0,"D",6504,"D",0,"D",0,"D",800,"D",2,"D",0,"D",-7348,-100,-7264.8,-7431.19,-100,-100,3366,3366,22000,22000,22000.01,22000.01,0,0,2000,2000,0,0,5264.8,5431.19,22000,22000,0,0,0,0,0,0,10018,10182,413.6,413.6,0,0,0,0,0,0,0
"03258074",1,"2015","2014",0,0.153,0.153,"2",0.15,0.15,"01","D",0.0387,0.0387,0,"D",0,"D",72000,"D",7500,"D",-923,"D",0,"D",0,"D",0,"D",16800,"D",0,"D",550,"D",0,"D",0,"D",0,"D",7804,2977,7834.05,7774.05,2975.56,2978.56,12163.5,12163.5,78577,78577,78577.01,78577.01,0,0,0,0,0,0,0,0,78577,78577,0,0,7834.05,7774.05,7834.05,7774.05,4000,4000,6631.75,6631.75,0,0,0,0,0,0,0
"03258084",1,"2015","2014",2,0,0,"3",-0.4,-0.4,"33","D",-0.12,-0.12,0,"D",0,"D",0,"D",0,"D",0,"D",0,"D",0,"D",0,"D",0,"D",700,"D",0,"D",0,"D",0,"D",571,"D",0,-275,0,0,-275,-275,0,0,0,0,0.01,0.01,0,0,0,0,0,0,0,0,0,0,0,0,0,0,0,0,10950,11100,0,0,75,75,0,0,0,0,0
"03258104",1,"2015","2014",0,0.153,0.153,"2",0.25,0.25,"44","D",0,0,0,"D",0,"D",60000,"D",86000,"D",5479,"D",0,"D",0,"D",0,"D",0,"D",3400,"D",0,"D",0,"D",0,"D",1200,"D",24407,0,24507.25,24307.25,0,0,22338,22338,151479,151479,0,0,0,0,0,0,0,0,0,0,151479,151479,0,0,24507.25,24307.25,24507.25,24307.25,0,0,0,0,0,0,0,0,0,0,0
"03258114",1,"2015","2014",0,0.153,0.153,"2",0.15,0.15,"33","D",0.04,0.04,1,"D",1,"D",0,"D",30000,"D",0,"D",0,"D",15622,"D",0,"D",0,"D",0,"D",33,"D",0,"D",0,"D",1800,"D",1123,570,1140.55,1105.55,574,566,4590,4590,32905.5,32905.5,30000.01,30000.01,0,0,0,0,0,0,0,0,32905.5,32905.5,0,0,1140.55,1105.55,1140.55,1105.55,15650,15850,0,0,0,0,0,0,0,0,0
"03258124",1,"2015","2014",1,0.153,0.153,"3",0.15,0.15,"0","T",0,0,0,"D",0,"D",8400,"D",0,"D",18540,"D",5772,"D",0,"D",0,"D",0,"D",4680,"D",0,"D",0,"D",0,"D",5060,"D",1601,0,1613.3,1588.3,0,0,1285.2,1285.2,32712,32712,0,0,0,0,0,0,0,0,0,0,27652,27652,0,0,1613.3,1588.3,1613.3,1588.3,0,0,0,0,0,0,0,0,0,0,0
"03258134",1,"2015","2014",1,0.153,0.153,"2",0.15,0.15,"38","D",0.0765,0.0765,0,"D",0,"D",26995,"D",23764,"D",0,"D",0,"D",0,"D",0,"D",0,"D",3200,"D",645,"D",0,"D",0,"D",0,"D",3035,2868,3068.85,3001.35,2876.31,2860.1,7766.13,7766.13,50759,50759,50759.01,50759.01,0,0,0,0,0,0,0,0,50759,50759,0,0,3068.85,3001.35,3068.85,3001.35,4231.2,4289.91,3845,3845,0,0,0,0,0,0,0
"03258134",2,"2015","2014",0,0.153,0.153,"1",0.1,0.1,"38","D",0.081,0.081,0,"D",0,"D",16595,"D",0,"D",0,"D",0,"D",0,"D",0,"D",0,"D",0,"D",0,"D",0,"D",0,"D",0,"D",637,819,644.5,629.5,823.14,814.85,2539.03,2539.03,16595,16595,16595.01,16595.01,0,0,0,0,0,0,0,0,16595,16595,0,0,644.5,629.5,644.5,629.5,2115.6,2144.96,0,0,0,0,0,0,0,0,0
"03258134",3,"2015","2014",0,0.153,0.153,"1",0.0765,0.0765,"38","D",0.0761,0.0761,0,"D",0,"D",9089,"D",0,"D",0,"D",0,"D",0,"D",0,"D",0,"D",0,"D",0,"D",0,"D",0,"D",0,"D",-430,194,-421.11,-438.82,197.45,189.98,1390.62,1390.62,9089,9089,9089.01,9089.01,0,0,0,0,0,0,421.11,438.82,9089,9089,0,0,0,0,0,0,2115.6,2144.96,0,0,0,0,0,0,33.69,35.11,0
"03258154",1,"2015","2014",0,0,0,"1",0,0,"25","D",0,0,1,"D",1,"D",0,"D",0,"D",0,"D",750,"D",19102,"D",0,"D",0,"D",0,"D",595,"D",0,"D",0,"D",0,"D",0,0,0,0,0,0,0,0,750,750,0.01,0.01,0,0,0,0,0,0,0,0,750,750,0,0,0,0,0,0,2300,2300,595,595,0,0,0,0,0,0,0
"03258194",1,"2015","2014",0,0,0,"2",0.1454,0.1454,"39","D",0.0307,0.0307,0,"D",0,"D",0,"D",0,"D",200,"D",70000,"D",0,"D",0,"D",0,"D",7000,"D",259,"D",0,"D",0,"D",3600,"D",6470,2155,6485.38,6455.38,2155.14,2155.14,0,0,70200,70200,70200.01,70200.01,0,0,0,0,0,0,0,0,66600,66600,0,0,6485.38,6455.38,6485.38,6455.38,0,0,0,0,0,0,0,0,0,0,0
"03258204",1,"2015","2014",0,0.153,0.153,"1",0,0.0765,"41","D",0,0,1,"D",0,"D",12000,"D",0,"D",-2453,"D",0,"D",12046,"D",0,"D",0,"D",200,"D",320,"D",0,"D",0,"D",480,"D",-99,0,-198.42,0,0,0,1836,1836,9547,9547,0,-15000,0,0,0,0,0,0,198.42,0,9547,9547,0,0,0,0,0,0,0,0,0,0,0,0,0,0,0,0,0
"03258214",1,"2015","2014",0,0,0,"1",0,0,"18","D",0,0,1,"D",1,"D",0,"D",0,"D",0,"D",8862,"D",15420,"D",0,"D",0,"D",200,"D",125,"D",0,"D",0,"D",0,"D",0,0,0,0,0,0,0,0,8862,8862,0.01,0.01,0,0,0,0,0,0,0,0,8862,8862,0,0,0,0,0,0,2400,2440,325,325,0,0,0,0,0,0,0
"03258234",1,"2015","2014",1,0.153,0.153,"2",0.2598,0.3098,"14","D",0.0535,0.066,0,"D",0,"D",42835,"D",0,"D",0,"D",0,"D",0,"D",0,"D",11400,"D",0,"D",140,"D",0,"D",1,"D",0,"D",617,1570,703.34,530.26,1805.31,1335.11,6553.75,6553.75,42835,42835,42835.01,42835.01,1000,1000,0,0,0,0,176.91,293.24,42835,42835,0,0,1880.25,1823.5,1880.25,1823.5,0,0,0,0,0,0,0,0,17.69,29.32,0
"03258314",1,"2015","2014",0,0.153,0.153,"1",-0.0765,-0.0765,"05","D",0,0,0,"D",0,"D",4000,"D",0,"D",501,"D",0,"D",7176,"D",0,"D",12036,"D",0,"D",128,"D",0,"D",0,"D",0,"D",-306,0,-306,-306,0,0,612,612,4501,4501,4501.01,4501.01,0,0,0,0,0,0,306,306,4501,4501,0,0,0,0,0,0,3992,4044,128,128,0,0,0,0,0,0,0
"03258354",1,"2015","2014",0,0.029,0.029,"1",0.28,0.28,"03","D",0.0424,0.0407,1,"D",1,"D",130142,"D",0,"D",2263,"D",0,"D",23266,"D",0,"D",14880,"D",0,"D",210,"D",0,"D",0,"D",200,"D",32437,4627,32510.46,32363.96,4633.07,4621.43,18282.12,18468.12,152181.1,152181.1,132405.01,132405.01,0,0,0,0,0,0,0,0,152181.1,152181.1,0,0,32510.46,32363.96,32510.46,32363.96,5009,5091,5043.01,5031.43,0,0,0,0,0,0,0
"03258374",1,"2015","2014",0,0.153,0.153,"2",0.1402,0.1402,"50","D",0.0652,0.0652,0,"D",0,"D",64246,"D",46000,"D",72,"D",0,"D",0,"D",0,"D",0,"D",4500,"D",0,"D",0,"D",0,"D",20524,"D",9994,4619,10007.9,9979.62,4624.67,4613.23,16867.64,16867.64,110318,110318,110318.01,110318.01,0,0,0,0,0,0,0,0,89794,89794,0,0,10007.9,9979.62,10007.9,9979.62,445.84,821.1,20524,20524,0,0,0,0,0,0,0
"03258394",1,"2015","2014",1,0.029,0.029,"3",0.2385,0.325,"36","D",0.046,0.0491,0,"D",0,"D",150000,"D",0,"D",-1436,"D",0,"D",0,"D",0,"D",0,"D",7500,"D",40,"D",0,"D",1,"D",6092,"D",24868,5251,24950.9,24785.41,5421.9,5080.34,18858,19044,148564,148564,148564.01,148564.01,0,0,0,0,0,0,0,0,142472,142472,135.88,0,24815.02,24785.41,24815.02,24785.41,0,0,0,0,0,0,0,0,0,0,0
"03258404",1,"2015","2014",1,0.153,0.153,"3",0.2598,0.2598,"31","D",0.0654,0.0495,0,"D",0,"D",23422,"D",0,"D",0,"D",0,"D",0,"D",0,"D",15300,"D",0,"D",30,"D",0,"D",0,"D",0,"D",-1834,-472,-1769.2,-1899.33,-336.14,-608.83,3583.57,3583.57,23422,23422,23422.01,23422.01,0,0,0,0,0,0,2411.4,2516.53,23422,23422,0,0,642.2,617.2,642.2,617.2,0,0,0,0,0,0,0,0,482.28,754.96,0
"03258404",2,"2015","2014",0,0.153,0.153,"1",0,0.0765,"31","D",0,0.0153,0,"D",0,"D",8242,"D",0,"D",0,"D",0,"D",0,"D",0,"D",0,"D",0,"D",0,"D",0,"D",0,"D",0,"D",-494,-124,-485.9,-503,-97.18,-150.9,1261.03,1261.03,8242,8242,8242.01,8242.01,0,0,0,0,0,0,485.9,503,8242,8242,0,0,0,0,0,0,0,0,0,0,0,0,0,0,97.18,150.9,0
"03258404",3,"2015","2014",0,0.153,0.153,"1",0.1,0.1,"31","D",0.014,0.014,0,"D",0,"D",18250,"D",0,"D",0,"D",0,"D",0,"D",0,"D",0,"D",0,"D",0,"D",0,"D",0,"D",0,"D",803,242,810,795,241.5,241.5,2792.25,2792.25,18250,18250,18250.01,18250.01,0,0,0,0,0,0,0,0,18250,18250,0,0,810,795,810,795,0,0,0,0,0,0,0,0,0,0,0
"03258414",1,"2015","2014",0,0.153,0.153,"1",0.0765,0.0765,"44","D",0,0,0,"D",0,"D",8400,"D",0,"D",0,"D",0,"D",0,"D",0,"D",7200,"D",0,"D",0,"D",0,"D",0,"D",0,"D",-483,0,-473.81,-491.52,0,0,1285.2,1285.2,8400,8400,0,0,0,0,0,0,0,0,473.81,491.52,8400,8400,0,0,0,0,0,0,0,0,0,0,0,0,0,0,0,0,0
"03258434",1,"2015","2014",0,0,0,"1",-0.0765,-0.0765,"36","D",0,0,0,"D",0,"D",0,"D",0,"D",0,"D",0,"D",0,"D",0,"D",0,"D",0,"D",0,"D",0,"D",0,"D",0,"D",0,0,0,0,0,0,0,0,0,0,0.01,0.01,0,0,0,0,0,0,0,0,0,0,0,0,0,0,0,0,0,0,0,0,0,0,0,0,0,0,0
"03258444",1,"2015","2014",0,0,0,"1",-0.0765,-0.0765,"10","D",0,0,0,"D",0,"D",0,"D",0,"D",0,"D",0,"D",8328,"D",940,"D",1884,"D",0,"D",25,"D",0,"D",0,"D",0,"D",0,0,0,0,0,0,0,0,0,0,0,0,0,0,0,0,0,0,0,0,0,0,0,0,0,0,0,0,0,0,0,0,0,0,0,0,0,0,0
"03258454",1,"2015","2014",4,0.153,0.153,"2",0.15,0.15,"31","D",0.0552,0.0552,0,"D",0,"D",50000,"D",40000,"D",0,"D",0,"D",0,"D",0,"D",3600,"D",0,"D",400,"D",0,"D",4,"D",1200,"D",3133,1606,3177.5,3087.5,1605.5,1605.5,13770,13770,90000,90000,90000.01,90000.01,4000,4000,0,0,0,0,0,0,90000,90000,0,0,7177.5,7087.5,7177.5,7087.5,0,0,0,0,0,0,0,0,0,0,0
"03258474",1,"2015","2014",0,0,0,"1",-0.0765,-0.0765,"33","D",-0.0229,-0.0229,0,"D",0,"D",0,"D",0,"D",0,"D",0,"D",0,"D",0,"D",5148,"D",0,"D",0,"D",0,"D",0,"D",0,"D",0,0,0,0,0,0,0,0,0,0,0.01,0.01,0,0,0,0,0,0,0,0,0,0,0,0,0,0,0,0,7800,7900,0,0,0,0,0,0,0,0,0
"03258494",1,"2015","2014",2,0.153,0.153,"3",0.2106,0.2106,"0","T",0,0,0,"D",0,"D",31461,"D",0,"D",0,"D",0,"D",0,"D",0,"D",0,"D",2000,"D",1635,"D",0,"D",0,"D",17824,"D",-2667,0,-2589.31,-2744.7,0,0,4813.53,4813.53,31461,31461,0,0,0,0,0,0,0,0,2589.31,2744.7,13637,13637,0,0,0,0,0,0,0,0,0,0,0,0,0,0,0,0,0
"03258494",3,"2015","2014",0,0.153,0.153,"1",0,0.0765,"0","T",0,0,0,"D",0,"D",8182,"D",0,"D",0,"D",0,"D",0,"D",0,"D",0,"D",0,"D",0,"D",0,"D",0,"D",0,"D",-497,0,-490.49,-503,0,0,1251.85,1251.85,8182,8182,0,0,0,0,0,0,0,0,490.49,503,8182,8182,0,0,0,0,0,0,0,0,0,0,0,0,0,0,0,0,0
"03258504",1,"2015","2014",3,0.153,0.153,"2",0.15,0.15,"11","D",0.06,0.06,0,"D",0,"D",0,"D",35360,"D",19520,"D",5991,"D",0,"D",0,"D",0,"D",1000,"D",845,"D",0,"D",2,"D",3160,"D",1359,2228,1400.65,1318.15,2228.26,2228.26,5410.08,5410.08,60871,60871,60871.01,60871.01,2000,2000,0,0,0,0,0,0,60871,60871,0,0,3400.65,3318.15,3400.65,3318.15,3000,3000,0,0,0,0,0,0,0,0,0
"03258504",2,"2015","2014",3,0,0,"3",-0.45,-0.45,"11","D",0,0,0,"D",0,"D",0,"D",0,"D",0,"D",0,"D",0,"D",0,"D",0,"D",0,"D",0,"D",0,"D",2,"D",0,"D",0,0,0,0,0,0,0,0,0,0,0.01,0.01,0,0,0,0,0,0,0,0,0,0,0,0,0,0,0,0,2300,2300,0,0,0,0,0,0,0,0,0
"03258544",1,"2015","2014",2,0.153,0.153,"2",0.15,0.15,"0","T",0,0,0,"D",0,"D",30000,"D",50000,"D",0,"D",0,"D",0,"D",0,"D",0,"D",350,"D",0,"D",0,"D",0,"D",0,"D",6825,0,6862.5,6787.5,0,0,12240,12240,80000,80000,0,0,0,0,0,0,0,0,0,0,80000,80000,0,0,6862.5,6787.5,6862.5,6787.5,0,0,0,0,0,0,0,0,0,0,0
"03258554",1,"2015","2014",1,0.153,0.153,"2",0.15,0.15,"02","D",0,0,0,"D",0,"D",70000,"D",0,"D",13000,"D",0,"D",0,"D",0,"D",21000,"D",0,"D",1704,"D",0,"D",1,"D",0,"D",6871,0,6905,6837.5,0,0,10710,10710,83000,83000,0,0,1000,1000,0,0,0,0,0,0,83000,83000,0,0,7905,7837.5,7905,7837.5,0,0,0,0,0,0,0,0,0,0,0
"03258574",1,"2015","2014",2,0.038,0.038,"2",0.28,0.28,"05","D",0.093,0.093,0,"D",0,"D",228786,"D",228786,"D",50000,"D",0,"D",0,"D",0,"D",24000,"D",0,"D",300,"D",400,"D",2,"D",0,"D",140261,41442,140290.16,140232.16,41479.27,41404.88,44153.74,44525.74,507572,507572,507572.01,507572.01,0,0,0,0,80,80,0,0,507572,507572,4857.38,5664.54,133612.78,132747.62,133612.78,132747.62,7984,8088,60,60,0,0,0,0,0,0,0
"03258604",1,"2015","2014",0,0.153,0.153,"2",0.15,0.15,"0","T",0,0,0,"D",0,"D",31033,"D",51480,"D",-4760,"D",0,"D",0,"D",0,"D",0,"D",1100,"D",3418,"D",0,"D",0,"D",760,"D",7680,0,7710.45,7650.45,0,0,12624.49,12624.49,77753,77753,0,0,0,0,0,0,0,0,0,0,77753,77753,0,0,7710.45,7650.45,7710.45,7650.45,0,0,0,0,0,0,0,0,0,0,0
"03258614",1,"2015","2014",0,0.153,0.153,"1",0.2775,0.2775,"44","D",0,0,1,"D",1,"D",21000,"D",0,"D",3144,"D",0,"D",22390,"D",0,"D",24000,"D",730,"D",50,"D",0,"D",0,"D",0,"D",2244,0,2258.57,2228.57,0,0,3213,3213,29782.15,29782.15,0,0,0,0,0,0,0,0,0,0,29782.15,29782.15,0,0,2258.57,2228.57,2258.57,2228.57,0,0,0,0,0,0,0,0,0,0,0
"03258644",1,"2015","2014",0,0.153,0.153,"2",0,0,"0","T",0,0,2,"D",2,"D",3712,"D",11653,"D",0,"D",0,"D",25841,"D",0,"D",0,"D",900,"D",80,"D",0,"D",0,"D",600,"D",0,0,0,0,0,0,2350.84,2350.84,15365,15365,0,0,0,0,0,0,0,0,0,0,15365,15365,0,0,0,0,0,0,0,0,0,0,0,0,0,0,0,0,0
"03258684",1,"2015","2014",0,0,0,"1",-0.0765,-0.0765,"17","D",-0.013,-0.013,0,"D",0,"D",0,"D",0,"D",0,"D",0,"D",0,"D",0,"D",2364,"D",0,"D",0,"D",0,"D",0,"D",960,"D",0,-473,0,0,-472.8,-472.8,0,0,0,0,0.01,0.01,0,0,0,0,0,0,0,0,0,0,0,0,0,0,0,0,3000,3000,0,0,472.8,472.8,0,0,0,0,0
"03258694",1,"2015","2014",0,0.153,0.153,"2",0.2356,0.2355,"34","D",0.0575,0.058,1,"D",0,"D",0,"D",100000,"D",700,"D",0,"D",19186,"D",0,"D",0,"D",5500,"D",360,"D",0,"D",0,"D",16576,"D",12140,4660,12210.38,12070.46,4680.6,4640.25,15300,15300,117008.1,117008.1,100700.01,100700.01,0,0,0,0,0,0,0,0,100432.1,100432.1,0,0,12210.38,12070.46,12210.38,12070.46,15000,15000,20000,20000,0,0,0,0,0,0,0
"03258714",1,"2015","2014",0,0.153,0.153,"2",0.1402,0.1402,"50","D",0.0652,0.0652,0,"D",0,"D",62676,"D",35065,"D",-7300,"D",0,"D",0,"D",0,"D",0,"D",3600,"D",82,"D",0,"D",0,"D",13816,"D",8285,3658,8299.37,8271.09,3663.87,3652.43,14954.37,14954.37,90441,90441,90441.01,90441.01,0,0,0,0,0,0,0,0,76625,76625,0,0,8299.37,8271.09,8299.37,8271.09,4376.51,4751.78,13816,13816,0,0,0,0,0,0,0
"03258724",1,"2015","2014",0,0.153,0.153,"1",0.25,0.25,"21","D",0.0475,0.0475,0,"D",0,"D",57124,"D",0,"D",0,"D",0,"D",0,"D",0,"D",14028,"D",0,"D",0,"D",0,"D",0,"D",0,"D",7550,2414,7599.75,7499.75,2413.89,2413.89,8739.97,8739.97,57124,57124,57124.01,57124.01,0,0,0,0,0,0,0,0,57124,57124,0,0,7599.75,7499.75,7599.75,7499.75,2000,2000,0,0,0,0,0,0,0,0,0
"03258754",1,"2015","2014",3,0.153,0.153,"2",0.3106,0.3106,"0","T",0,0,0,"D",0,"D",36000,"D",0,"D",0,"D",0,"D",0,"D",0,"D",0,"D",0,"D",0,"D",0,"D",3,"D",0,"D",-6188,0,-6074.96,-6301.09,0,0,5508,5508,36000,36000,0,0,385,340,2615,2660,0,0,3459.96,3641.09,36000,36000,0,0,385,340,385,340,0,0,0,0,0,0,0,0,0,0,0
"03258784",1,"2015","2014",0,0.153,0.153,"2",0.15,0.15,"03","D",0.0336,0.0336,0,"D",0,"D",40000,"D",12500,"D",15000,"D",0,"D",0,"D",0,"D",0,"D",1600,"D",40,"D",0,"D",0,"D",3776,"D",6143,1487,6172.5,6112.5,1492.28,1481.91,8032.5,8032.5,67500,67500,67500.01,67500.01,0,0,0,0,0,0,0,0,67500,67500,0,0,6172.5,6112.5,6172.5,6112.5,10018,10182,6908.28,6897.91,0,0,0,0,0,0,0
"03258844",1,"2015","2014",0,0.153,0.153,"1",0.15,0.15,"33","D",0.0645,0.0645,0,"D",0,"D",36000,"D",0,"D",0,"D",0,"D",0,"D",0,"D",8700,"D",0,"D",0,"D",0,"D",0,"D",0,"D",3409,1483,3423.75,3393.75,1490.01,1475.8,5508,5508,36000,36000,36000.01,36000.01,0,0,0,0,0,0,0,0,36000,36000,0,0,3423.75,3393.75,3423.75,3393.75,7800,7900,0,0,0,0,0,0,0,0,0
"03258854",1,"2015","2014",0,0.153,0.153,"1",0.15,0.15,"05","D",0.06,0.06,0,"D",0,"D",35000,"D",0,"D",0,"D",0,"D",0,"D",0,"D",16500,"D",0,"D",0,"D",0,"D",0,"D",400,"D",3259,659,3273.75,3243.75,667.62,650.19,5355,5355,35000,35000,35000.01,35000.01,0,0,0,0,0,0,0,0,35000,35000,0,0,3273.75,3243.75,3273.75,3243.75,3992,4044,400,400,0,0,0,0,0,0,0
"03258854",2,"2015","2014",0,0.153,0.153,"1",0.15,0.15,"05","D",0.04,0.06,0,"D",0,"D",33303,"D",0,"D",0,"D",0,"D",0,"D",0,"D",0,"D",0,"D",0,"D",0,"D",0,"D",0,"D",3004,618,3019.2,2989.2,625.8,610.65,5095.36,5095.36,33303,33303,33303.01,33303.01,0,0,0,0,0,0,0,0,33303,33303,0,0,3019.2,2989.2,3019.2,2989.2,3992,4044,0,0,0,0,0,0,0,0,0
"03258864",1,"2015","2014",1,0,0,"3",-0.34,-0.34,"05","D",0,0,0,"D",0,"D",0,"D",0,"D",0,"D",0,"D",0,"D",0,"D",26400,"D",0,"D",0,"D",0,"D",0,"D",0,"D",0,0,0,0,0,0,0,0,0,0,0.01,0.01,0,0,0,0,0,0,0,0,0,0,0,0,0,0,0,0,7984,8088,0,0,0,0,0,0,0,0,0
"03258874",1,"2015","2014",0,0.153,0.153,"1",0.2486,0.2486,"10","D",0,0,0,"D",0,"D",80000,"D",0,"D",0,"D",0,"D",0,"D",0,"D",0,"D",8400,"D",0,"D",0,"D",0,"D",0,"D",12535,0,12572.44,12497.44,0,0,12240,12240,80000,80000,0,0,0,0,0,0,0,0,0,0,80000,80000,0,0,12572.44,12497.44,12572.44,12497.44,0,0,0,0,0,0,0,0,0,0,0
"03258884",1,"2015","2014",2,0,0,"3",-0.4,-0.4,"0","T",0,0,0,"D",0,"D",0,"D",0,"D",0,"D",0,"D",0,"D",0,"D",0,"D",350,"D",0,"D",0,"D",0,"D",2862,"D",0,0,0,0,0,0,0,0,0,0,0,0,0,0,0,0,0,0,0,0,0,0,0,0,0,0,0,0,0,0,0,0,0,0,0,0,0,0,0
"03258894",1,"2015","2014",0,0.153,0.153,"1",0.15,0.15,"0","T",0,0,0,"D",0,"D",31992,"D",0,"D",0,"D",0,"D",0,"D",0,"D",7800,"D",0,"D",0,"D",0,"D",0,"D",0,"D",2808,0,2822.55,2792.55,0,0,4894.78,4894.78,31992,31992,0,0,0,0,0,0,0,0,0,0,31992,31992,0,0,2822.55,2792.55,2822.55,2792.55,0,0,0,0,0,0,0,0,0,0,0
"03258904",1,"2015","2014",2,0,0,"3",-0.4,-0.4,"14","D",-0.04,-0.04,0,"D",0,"D",0,"D",0,"D",1246,"D",13778,"D",0,"D",0,"D",0,"D",6500,"D",900,"D",0,"D",0,"D",600,"D",0,0,0,0,0,0,0,0,15024,15024,1246.01,1246.01,0,0,0,0,0,0,0,0,15024,15024,0,0,0,0,0,0,0,0,0,0,0,0,0,0,0,0,0
"03258914",1,"2015","2014",0,0.153,0.153,"1",0.1765,0.1765,"22","D",0.059,0.0595,0,"D",0,"D",13601,"D",0,"D",0,"D",0,"D",0,"D",0,"D",9600,"D",0,"D",0,"D",0,"D",0,"D",0,"D",253,254,269.16,236.45,256.96,251.72,2080.95,2080.95,13601,13601,13601.01,13601.01,0,0,0,0,0,0,75.94,93.65,13601,13601,0,0,345.1,330.1,345.1,330.1,0,0,0,0,0,0,0,0,11.39,14.05,0
"03258914",2,"2015","2014",0,0.153,0.153,"1",0.0765,0.0765,"22","D",0.1115,0.1115,0,"D",0,"D",9200,"D",0,"D",0,"D",0,"D",0,"D",0,"D",0,"D",0,"D",0,"D",0,"D",0,"D",0,"D",-421,57,-412.61,-430.32,58.11,55.45,1407.6,1407.6,9200,9200,9200.01,9200.01,0,0,0,0,0,0,412.61,430.32,9200,9200,0,0,0,0,0,0,0,0,0,0,0,0,0,0,61.89,64.55,0
"03258914",3,"2015","2014",0,0.153,0.153,"1",0.1,0.1,"22","D",0.0476,0.048,0,"D",0,"D",16665,"D",0,"D",0,"D",0,"D",0,"D",0,"D",0,"D",0,"D",0,"D",0,"D",0,"D",0,"D",644,569,651.5,636.5,571.49,565.99,2549.74,2549.74,16665,16665,16665.01,16665.01,0,0,0,0,0,0,0,0,16665,16665,0,0,651.5,636.5,651.5,636.5,0,0,0,0,0,0,0,0,0,0,0
"03258924",1,"2015","2014",0,0.153,0.153,"2",0.15,0.15,"0","T",0,0,0,"D",0,"D",30992,"D",0,"D",-877,"D",0,"D",16906,"D",0,"D",0,"D",600,"D",0,"D",0,"D",0,"D",1616,"D",1295,0,1309.9,1279.9,0,0,4741.78,4741.78,33399,33399,0,0,0,0,0,0,0,0,0,0,33399,33399,0,0,1309.9,1279.9,1309.9,1279.9,0,0,0,0,0,0,0,0,0,0,0
"03258934",1,"2015","2014",0,0,0,"1",-0.0765,-0.0765,"05","D",0,0,0,"D",0,"D",0,"D",0,"D",0,"D",0,"D",0,"D",0,"D",13404,"D",0,"D",0,"D",0,"D",0,"D",9,"D",0,0,0,0,0,0,0,0,0,0,0.01,0.01,0,0,0,0,0,0,0,0,0,0,0,0,0,0,0,0,3992,4044,9,9,0,0,0,0,0,0,0
"03258944",1,"2015","2014",2,0.153,0.153,"2",0.2775,0.2775,"38","D",0.09,0.09,0,"D",0,"D",70000,"D",70000,"D",-11000,"D",0,"D",0,"D",0,"D",0,"D",3500,"D",236,"D",160,"D",2,"D",4800,"D",14452,9030,14535.44,14367.69,9044.26,9015.26,21420,21420,129000,129000,129000.01,129000.01,1050,1050,0,0,32,32,0,0,124200,124200,0,0,15617.44,15449.69,15617.44,15449.69,4231.2,4289.91,8536,8536,0,0,0,0,0,0,0
"03258954",1,"2015","2014",1,0.153,0.153,"3",0.15,0.15,"50","D",0.0702,0.0702,0,"D",0,"D",55992,"D",0,"D",0,"D",0,"D",0,"D",0,"D",0,"D",4000,"D",50,"D",0,"D",0,"D",900,"D",5178,2496,5201.3,5153.8,2504.73,2487.17,8566.78,8566.78,55992,55992,55992.01,55992.01,0,0,0,0,0,0,0,0,55992,55992,0,0,5201.3,5153.8,5201.3,5153.8,5161.36,5361.63,900,900,0,0,0,0,0,0,0
"03258984",1,"2015","2014",0,0.153,0.153,"2",0.15,0.15,"26","D",0.051,0.051,0,"D",0,"D",60000,"D",0,"D",0,"D",0,"D",0,"D",0,"D",0,"D",800,"D",75,"D",0,"D",0,"D",1956,"D",5018,2072,5047.5,4987.5,2076.15,2067.75,9180,9180,60000,60000,60000.01,60000.01,0,0,0,0,0,0,0,0,60000,60000,0,0,5047.5,4987.5,5047.5,4987.5,12400,12600,0,0,0,0,0,0,0,0,0
"03259004",1,"2015","2014",2,0,0,"3",-0.4,-0.4,"19","D",-0.014,-0.014,0,"D",0,"D",0,"D",0,"D",0,"D",158,"D",0,"D",0,"D",0,"D",50,"D",16,"D",0,"D",0,"D",279,"D",0,0,0,0,0,0,0,0,158,158,158.01,158.01,0,0,0,0,0,0,0,0,158,158,0,0,0,0,0,0,0,0,0,0,0,0,0,0,0,0,0
"03259024",1,"2015","2014",0,0.153,0.153,"2",0.15,0.15,"34","D",0.0575,0.058,1,"D",1,"D",23567,"D",0,"D",0,"D",0,"D",18478,"D",0,"D",0,"D",6000,"D",0,"D",0,"D",0,"D",0,"D",230,495,247,212,496.89,492.6,3605.75,3605.75,23970,23970,23567.01,23567.01,0,0,0,0,0,0,0,0,23970,23970,0,0,247,212,247,212,15000,15000,6000,6000,0,0,0,0,0,0,0
"03259034",1,"2015","2014",0,0.153,0.153,"1",0.15,0.15,"24","D",0.0885,0.0885,0,"D",0,"D",42948,"D",0,"D",0,"D",0,"D",0,"D",0,"D",16800,"D",0,"D",30,"D",0,"D",0,"D",0,"D",4451,944,4465.95,4435.95,951.92,936,6571.04,6571.04,42948,42948,42948.01,42948.01,0,0,0,0,0,0,0,0,42948,42948,0,0,4465.95,4435.95,4465.95,4435.95,6200,6300,0,0,940.54,940.54,0,0,0,0,0
"03259044",1,"2015","2014",0,0.153,0.153,"1",0.25,0.25,"44","D",0,0,0,"D",0,"D",89000,"D",0,"D",0,"D",0,"D",0,"D",0,"D",15540,"D",0,"D",0,"D",0,"D",0,"D",0,"D",15519,0,15568.75,15468.75,0,0,13617,13617,89000,89000,0,0,0,0,0,0,0,0,0,0,89000,89000,0,0,15568.75,15468.75,15568.75,15468.75,0,0,0,0,0,0,0,0,0,0,0
"03259064",1,"2015","2014",3,0.153,0.153,"2",0.15,0.15,"17","D",0.046,0.048,0,"D",0,"D",16000,"D",50000,"D",0,"D",0,"D",0,"D",0,"D",0,"D",2000,"D",0,"D",0,"D",3,"D",6516,"D",1129,1621,1170,1087.5,1638,1603.5,10098,10098,66000,66000,66000.01,66000.01,3000,3000,0,0,0,0,0,0,66000,66000,0,0,4170,4087.5,4170,4087.5,7500,7500,0,0,0,0,0,0,0,0,0
"03259084",1,"2015","2014",2,0,0,"3",-0.4,-0.4,"44","D",0,0,0,"D",0,"D",0,"D",0,"D",0,"D",0,"D",0,"D",0,"D",0,"D",40,"D",0,"D",0,"D",0,"D",65,"D",0,0,0,0,0,0,0,0,0,0,0,0,0,0,0,0,0,0,0,0,0,0,0,0,0,0,0,0,0,0,0,0,0,0,0,0,0,0,0
"03259094",1,"2015","2014",0,0.153,0.153,"2",0,0,"31","D",0,0,2,"D",2,"D",13000,"D",0,"D",0,"D",0,"D",22484,"D",0,"D",0,"D",5200,"D",1585,"D",0,"D",0,"D",10436,"D",0,0,0,0,0,0,1989,1989,13000,13000,13000.01,13000.01,0,0,0,0,0,0,0,0,13000,13000,0,0,0,0,0,0,0,0,0,0,50,50,0,0,0,0,0
"03259104",1,"2015","2014",0,0.153,0.153,"1",0.15,0.15,"06","D",0.0463,0.0463,0,"D",0,"D",45000,"D",0,"D",0,"D",0,"D",0,"D",0,"D",7800,"D",0,"D",0,"D",0,"D",0,"D",0,"D",4759,1601,4773.75,4743.75,1613.56,1588.61,6885,6885,45000,45000,0,0,0,0,0,0,0,0,0,0,45000,45000,0,0,4773.75,4743.75,4773.75,4743.75,0,0,0,0,0,0,0,0,0,0,0
"03259154",1,"2015","2014",5,0,0,"3",-0.45,-0.45,"47","D",0,0,0,"D",0,"D",0,"D",0,"D",53,"D",0,"D",0,"D",0,"D",0,"D",6500,"D",5,"D",240,"D",3,"D",51809,"D",0,0,0,0,0,0,0,0,53,53,53.01,53.01,0,0,0,0,0,0,0,0,53,53,0,0,0,0,0,0,0,0,0,0,0,0,0,0,0,0,0
"03259174",1,"2015","2014",1,0.153,0.153,"3",0.2598,0.2598,"33","D",0.0929,0.0929,0,"D",0,"D",26000,"D",0,"D",0,"D",0,"D",0,"D",0,"D",12000,"D",0,"D",0,"D",0,"D",1,"D",0,"D",-2165,-380,-2099.43,-2229.57,-359.83,-399.59,3978,3978,26000,26000,26000.01,26000.01,900,875,100,125,0,0,1999.43,2104.57,26000,26000,0,0,900,875,900,875,10950,11100,0,0,0,0,0,0,543.88,575.42,0
"03259174",2,"2015","2014",0,0.153,0.153,"1",0.15,0.15,"33","D",0.0645,0.0645,0,"D",0,"D",32000,"D",0,"D",0,"D",0,"D",0,"D",0,"D",0,"D",0,"D",0,"D",0,"D",0,"D",0,"D",2809,1225,2823.75,2793.75,1232.01,1217.8,4896,4896,32000,32000,32000.01,32000.01,0,0,0,0,0,0,0,0,32000,32000,0,0,2823.75,2793.75,2823.75,2793.75,7800,7900,0,0,0,0,0,0,0,0,0
"03259184",1,"2015","2014",2,0.153,0.153,"2",0.2768,0.2768,"05","D",0.093,0.093,0,"D",0,"D",68160,"D",72800,"D",-4804,"D",0,"D",0,"D",0,"D",0,"D",3200,"D",0,"D",0,"D",2,"D",15224,"D",15154,5047,15232.14,15075.81,5084.66,5009.95,21566.88,21566.88,136156,136156,136156.01,136156.01,692.2,692.2,0,0,0,0,0,0,120932,120932,0,0,15924.34,15768.01,15924.34,15768.01,7984,8088,18424,18424,0,0,0,0,0,0,0
"03259204",1,"2015","2014",0,0.153,0.153,"2",0.2775,0.2775,"34","D",0.0575,0.058,2,"D",2,"D",40000,"D",0,"D",150,"D",0,"D",45140,"D",0,"D",0,"D",1980,"D",89,"D",0,"D",0,"D",0,"D",4959,1452,4996.8,4921.8,1458.7,1446.13,6120,6120,62062,62062,40150.01,40150.01,0,0,0,0,0,0,0,0,62062,62062,0,0,4996.8,4921.8,4996.8,4921.8,15000,15000,1980,1980,0,0,0,0,0,0,0
"03259234",1,"2015","2014",1,0.153,0.153,"3",0.15,0.15,"39","D",0.0307,0.0307,0,"D",0,"D",46683,"D",0,"D",0,"D",0,"D",0,"D",0,"D",0,"D",3100,"D",400,"D",0,"D",0,"D",0,"D",3781,1433,3804.95,3757.45,1433.17,1433.17,7142.5,7142.5,46683,46683,46683.01,46683.01,0,0,0,0,0,0,0,0,46683,46683,0,0,3804.95,3757.45,3804.95,3757.45,0,0,0,0,0,0,0,0,0,0,0
"03259244",1,"2015","2014",1,0.153,0.153,"2",0.2343,0.2343,"50","D",0.0627,0.0627,0,"D",0,"D",62127,"D",79587,"D",0,"D",0,"D",0,"D",0,"D",0,"D",2400,"D",10,"D",0,"D",1,"D",6348,"D",20090,7270,20170.56,20009.73,7273.77,7267.1,21682.24,21682.24,141714,141714,141714.01,141714.01,0,0,0,0,0,0,0,0,135366,135366,0,0,20170.56,20009.73,20170.56,20009.73,0,0,6348,6348,0,0,0,0,0,0,0
"03259274",1,"2015","2014",0,0,0,"1",-0.0765,-0.0765,"36","D",0,0,0,"D",0,"D",0,"D",0,"D",0,"D",7193,"D",0,"D",0,"D",1332,"D",0,"D",0,"D",0,"D",0,"D",0,"D",0,0,0,0,0,0,0,0,7193,7193,7193.01,7193.01,0,0,0,0,0,0,0,0,7193,7193,0,0,0,0,0,0,0,0,0,0,0,0,0,0,0,0,0
"03259284",1,"2015","2014",0,0.0459,0.0459,"2",0.2656,0.2654,"22","D",0.0515,0.052,0,"D",0,"D",190000,"D",30000,"D",-5400,"D",0,"D",0,"D",0,"D",0,"D",6000,"D",575,"D",0,"D",0,"D",13940,"D",36343,10443,36440.59,36245.34,10493.6,10392.7,24608,24794,214600,214600,214600.01,214600.01,0,0,0,0,0,0,0,0,200660,200660,0,0,36440.59,36245.34,36440.59,36245.34,0,0,0,0,0,0,0,0,0,0,0
"03259334",1,"2015","2014",0,0.153,0.153,"2",0.15,0.15,"39","D",0.0307,0.0307,0,"D",0,"D",31000,"D",35000,"D",0,"D",0,"D",0,"D",0,"D",10380,"D",0,"D",65,"D",0,"D",0,"D",200,"D",5918,2026,5947.5,5887.5,2026.2,2026.2,10098,10098,66000,66000,66000.01,66000.01,0,0,0,0,0,0,0,0,66000,66000,0,0,5947.5,5887.5,5947.5,5887.5,0,0,0,0,0,0,0,0,0,0,0
"03259354",1,"2015","2014",1,0,0,"3",-0.34,-0.34,"0","T",0,0,0,"D",0,"D",0,"D",0,"D",0,"D",0,"D",0,"D",0,"D",10500,"D",0,"D",0,"D",0,"D",0,"D",7,"D",0,0,0,0,0,0,0,0,0,0,0,0,0,0,0,0,0,0,0,0,0,0,0,0,0,0,0,0,0,0,0,0,0,0,0,0,0,0,0
"03259374",1,"2015","2014",2,0.153,0.153,"2",0,0,"18","D",0,0,0,"D",0,"D",16000,"D",0,"D",-60,"D",0,"D",0,"D",0,"D",0,"D",0,"D",0,"D",0,"D",1,"D",240,"D",-6504,0,-6460,-6548,0,0,2448,2448,15940,15940,15940.01,15940.01,0,0,1000,1000,0,0,5460,5548,15940,15940,0,0,0,0,0,0,2400,2440,240,240,0,0,0,0,0,0,0
"03259384",1,"2015","2014",2,0.153,0.153,"2",0.2486,0.2486,"44","D",0,0,0,"D",0,"D",55000,"D",100783,"D",0,"D",0,"D",0,"D",0,"D",0,"D",16180,"D",0,"D",800,"D",2,"D",34340,"D",13451,0,13538.54,13363.54,0,0,23834.8,23834.8,155783,155783,0,0,0,0,0,0,160,160,0,0,121443,121443,0,0,13698.54,13523.54,13698.54,13523.54,0,0,0,0,0,0,0,0,0,0,0
"03259404",1,"2015","2014",0,0.038,0.038,"1",0.35,0.35,"33","D",0.0685,0.0685,0,"D",0,"D",271175,"D",0,"D",70,"D",0,"D",0,"D",0,"D",16200,"D",0,"D",10,"D",0,"D",0,"D",0,"D",68086,18043,68293.41,67878.41,18045.98,18039.13,23012.65,23198.65,271245,271245,271245.01,271245.01,0,0,0,0,0,0,0,0,271245,271245,1837.13,1768.99,66453.62,66106.76,66453.62,66106.76,7800,7900,7.29,7.34,0,0,0,0,0,0,0
"03259404",2,"2015","2014",0,0.153,0.153,"1",0.25,0.25,"33","D",0.0645,0.0645,0,"D",0,"D",49000,"D",0,"D",0,"D",0,"D",0,"D",0,"D",0,"D",0,"D",0,"D",0,"D",0,"D",0,"D",5519,2321,5568.75,5468.75,2328.51,2314.3,7497,7497,49000,49000,49000.01,49000.01,0,0,0,0,0,0,0,0,49000,49000,0,0,5568.75,5468.75,5568.75,5468.75,7800,7900,0,0,0,0,0,0,0,0,0
"03259404",3,"2015","2014",0,0.153,0.153,"1",0.25,0.25,"33","D",0.0645,0.0645,0,"D",0,"D",50668,"D",0,"D",0,"D",0,"D",0,"D",0,"D",0,"D",0,"D",0,"D",0,"D",0,"D",0,"D",5936,2429,5985.75,5885.75,2436.1,2421.88,7752.2,7752.2,50668,50668,50668.01,50668.01,0,0,0,0,0,0,0,0,50668,50668,0,0,5985.75,5885.75,5985.75,5885.75,7800,7900,0,0,0,0,0,0,0,0,0
"03259414",1,"2015","2014",4,0.038,0.038,"2",0.3491,0.3491,"01","D",0.0325,0.0325,0,"D",0,"D",469961,"D",0,"D",0,"D",0,"D",0,"D",0,"D",0,"D",1600,"D",920,"D",0,"D",4,"D",27084,"D",118001,15377,118282.46,117720.21,15366.2,15388.58,30116.52,30302.52,469961,469961,469961.01,469961.01,0,0,0,0,0,0,0,0,442877,442877,0,0,118282.46,117720.21,118282.46,117720.21,4000,4000,38554.5,38669.25,0,0,0,0,0,0,0
"03259424",1,"2015","2014",0,0,0,"1",0,0,"21","D",0,0,1,"D",1,"D",0,"D",0,"D",0,"D",0,"D",26602,"D",0,"D",0,"D",8400,"D",0,"D",0,"D",0,"D",0,"D",0,0,0,0,0,0,0,0,0,0,0.01,0.01,0,0,0,0,0,0,0,0,0,0,0,0,0,0,0,0,1500,1500,0,0,0,0,0,0,0,0,0
"03259444",1,"2015","2014",2,0.153,0.153,"3",0.3106,0.3106,"33","D",0.1032,0.1032,0,"D",0,"D",23970,"D",0,"D",0,"D",0,"D",0,"D",0,"D",8400,"D",0,"D",0,"D",0,"D",0,"D",0,"D",-3958,-1036,-3864.92,-4050.31,-1009.27,-1061.89,3667.41,3667.41,23970,23970,23970.01,23970.01,0,0,0,0,0,0,4166.92,4322.31,23970,23970,0,0,302,272,302,272,10950,11100,0,0,0,0,0,0,1174.58,1221.2,0
"03259444",2,"2015","2014",0,0.153,0.153,"1",0.15,0.15,"33","D",0.0529,0.0529,0,"D",0,"D",19707,"D",0,"D",0,"D",0,"D",0,"D",0,"D",0,"D",0,"D",0,"D",0,"D",0,"D",0,"D",965,449,979.8,949.8,452.91,444.66,3015.17,3015.17,19707,19707,19707.01,19707.01,0,0,0,0,0,0,0,0,19707,19707,0,0,979.8,949.8,979.8,949.8,7800,7900,0,0,0,0,0,0,0,0,0
"03259454",1,"2015","2014",3,0.153,0.153,"2",0.2906,0.2875,"14","D",0.0375,0.05,0,"D",0,"D",50000,"D",80000,"D",0,"D",0,"D",0,"D",0,"D",0,"D",5800,"D",150,"D",0,"D",3,"D",9880,"D",11991,4930,11897.81,12084.53,5678.75,4181.88,19890,19890,130000,130000,130000.01,130000.01,2000,2000,0,0,0,0,0,0,120120,120120,0,0,13897.81,14084.53,13897.81,14084.53,0,0,0,0,290,290,0,0,0,0,0
"03259464",1,"2015","2014",0,0.153,0.153,"1",0.1,0.1,"44","D",0,0,0,"D",0,"D",16398,"D",0,"D",0,"D",0,"D",0,"D",0,"D",9000,"D",0,"D",301,"D",0,"D",0,"D",0,"D",617,0,624.8,609.8,0,0,2508.89,2508.89,16398,16398,0,0,0,0,0,0,0,0,0,0,16398,16398,0,0,624.8,609.8,624.8,609.8,0,0,0,0,0,0,0,0,0,0,0
"03259464",2,"2015","2014",0,0.153,0.153,"1",0.1,0.1,"44","D",0,0,0,"D",0,"D",18720,"D",0,"D",0,"D",0,"D",0,"D",0,"D",0,"D",0,"D",0,"D",0,"D",0,"D",0,"D",850,0,857,842,0,0,2864.16,2864.16,18720,18720,0,0,0,0,0,0,0,0,0,0,18720,18720,0,0,857,842,857,842,0,0,0,0,0,0,0,0,0,0,0
"03259474",1,"2015","2014",2,0.153,0.153,"2",0.3,0.3,"11","D",0.06,0.06,0,"D",0,"D",58228,"D",77680,"D",0,"D",0,"D",0,"D",0,"D",18564,"D",0,"D",200,"D",0,"D",2,"D",600,"D",17822,6910,17934.9,17709.9,6910.48,6910.48,20793.92,20793.92,135908,135908,135908.01,135908.01,704.6,704.6,0,0,0,0,0,0,135908,135908,0,0,18639.5,18414.5,18639.5,18414.5,3000,3000,0,0,0,0,0,0,0,0,0
"03259484",1,"2015","2014",0,0.153,0.153,"2",0.15,0.15,"24","D",0.0689,0.0689,0,"D",0,"D",52000,"D",0,"D",0,"D",4316,"D",0,"D",0,"D",0,"D",2900,"D",4496,"D",0,"D",0,"D",600,"D",4465,1191,4494.9,4434.9,1199.12,1183.07,7956,7956,56316,56316,56316.01,56316.01,0,0,0,0,0,0,0,0,56316,56316,0,0,4494.9,4434.9,4494.9,4434.9,12400,12600,0,0,727.73,727.73,0,0,0,0,0
"03259484",2,"2015","2014",0,0.153,0.153,"1",0.15,0.15,"24","D",0.0705,0.0705,0,"D",0,"D",45000,"D",0,"D",0,"D",0,"D",0,"D",0,"D",0,"D",0,"D",0,"D",0,"D",0,"D",0,"D",4759,2029,4773.75,4743.75,2037.12,2021.2,6885,6885,45000,45000,45000.01,45000.01,0,0,0,0,0,0,0,0,45000,45000,0,0,4773.75,4743.75,4773.75,4743.75,6200,6300,0,0,0,0,0,0,0,0,0
"03259514",1,"2015","2014",2,0,0,"3",-0.4,-0.4,"05","D",0,0,0,"D",0,"D",0,"D",0,"D",0,"D",0,"D",0,"D",0,"D",6000,"D",0,"D",0,"D",0,"D",0,"D",720,"D",0,0,0,0,0,0,0,0,0,0,0.01,0.01,0,0,0,0,0,0,0,0,0,0,0,0,0,0,0,0,7984,8088,720,720,0,0,0,0,0,0,0
"03259554",1,"2015","2014",0,0.153,0.153,"2",0.23,0.23,"05","D",0.08,0.08,0,"D",0,"D",78271,"D",33130,"D",-1624,"D",0,"D",0,"D",0,"D",0,"D",2940,"D",30,"D",0,"D",0,"D",18708,"D",10900,3147,10969.22,10831.6,3172.13,3122.6,17044.35,17044.35,109777,109777,109777.01,109777.01,0,0,0,0,0,0,0,0,91069,91069,0,0,10969.22,10831.6,10969.22,10831.6,7984,8088,21678,21678,0,0,0,0,0,0,0
"03259584",1,"2015","2014",0,0.153,0.153,"1",0.15,0.15,"22","D",0.0515,0.052,0,"D",0,"D",34000,"D",0,"D",0,"D",0,"D",0,"D",0,"D",6000,"D",0,"D",10,"D",0,"D",0,"D",0,"D",3109,1273,3123.75,3093.75,1279.2,1266.9,5202,5202,34000,34000,34000.01,34000.01,0,0,0,0,0,0,0,0,34000,34000,0,0,3123.75,3093.75,3123.75,3093.75,0,0,0,0,0,0,0,0,0,0,0
"03259594",1,"2015","2014",0,0.153,0.153,"1",0.25,0.25,"44","D",0,0,0,"D",0,"D",55000,"D",0,"D",0,"D",0,"D",0,"D",0,"D",0,"D",2000,"D",0,"D",0,"D",0,"D",0,"D",7019,0,7068.75,6968.75,0,0,8415,8415,55000,55000,0,0,0,0,0,0,0,0,0,0,55000,55000,0,0,7068.75,6968.75,7068.75,6968.75,0,0,0,0,0,0,0,0,0,0,0
"03259634",1,"2015","2014",1,0.153,0.153,"2",0.1488,0.1488,"05","D",0.04,0.04,0,"D",0,"D",0,"D",69990,"D",0,"D",0,"D",0,"D",0,"D",0,"D",4800,"D",118,"D",0,"D",1,"D",20820,"D",2791,322,2809.52,2772.02,331.21,313.65,10708.47,10708.47,69990,69990,69990.01,69990.01,1000,1000,0,0,0,0,0,0,49170,49170,0,0,3809.52,3772.02,3809.52,3772.02,7984,8088,25738,25738,0,0,0,0,0,0,0
"03259654",1,"2015","2014",2,0.153,0.153,"2",0.25,0.25,"44","D",0,0,0,"D",0,"D",71584,"D",0,"D",0,"D",49200,"D",0,"D",0,"D",0,"D",4200,"D",70,"D",0,"D",0,"D",0,"D",14746,0,14858.5,14633.5,0,0,10952.35,10952.35,120784,120784,0,0,0,0,0,0,0,0,0,0,120784,120784,0,0,14858.5,14633.5,14858.5,14633.5,0,0,0,0,0,0,0,0,0,0,0
"03259664",1,"2015","2014",0,0.153,0.153,"1",0.25,0.25,"47","D",0.0575,0.0575,0,"D",0,"D",63000,"D",0,"D",-7560,"D",0,"D",0,"D",0,"D",11844,"D",0,"D",516,"D",0,"D",0,"D",0,"D",7129,2704,7178.75,7078.75,2704.33,2704.33,9639,9639,55440,55440,55440.01,55440.01,0,0,0,0,0,0,0,0,55440,55440,0,0,7178.75,7078.75,7178.75,7078.75,3000,3000,0,0,0,0,0,0,0,0,0
"03259674",1,"2015","2014",11,0.153,0.153,"3",-0.6,-0.6,"0","T",0,0,0,"D",0,"D",10000,"D",0,"D",0,"D",0,"D",0,"D",0,"D",0,"D",250,"D",1674,"D",0,"D",8,"D",1632,"D",-5550,0,-5550,-5550,0,0,1530,1530,10000,10000,0,0,0,0,1050,1050,0,0,4500,4500,10000,10000,0,0,0,0,0,0,0,0,0,0,0,0,0,0,0,0,0
"03259674",3,"2015","2014",11,0,0,"3",-0.45,-0.45,"0","T",0,0,0,"D",0,"D",0,"D",0,"D",0,"D",0,"D",0,"D",0,"D",0,"D",0,"D",0,"D",0,"D",8,"D",0,"D",0,0,0,0,0,0,0,0,0,0,0,0,0,0,0,0,0,0,0,0,0,0,0,0,0,0,0,0,0,0,0,0,0,0,0,0,0,0,0
"03259694",1,"2015","2014",2,0.153,0.153,"3",0.3097,0.3097,"10","D",0,0,0,"D",0,"D",35526,"D",0,"D",0,"D",0,"D",0,"D",0,"D",0,"D",4200,"D",0,"D",0,"D",2,"D",8280,"D",-2755,0,-2670.26,-2840.66,0,0,5435.48,5435.48,35526,35526,0,0,1062.96,1047.96,937.04,952.04,0,0,1733.22,1888.61,27246,27246,0,0,1062.96,1047.96,1062.96,1047.96,0,0,0,0,0,0,0,0,0,0,0
"03259694",2,"2015","2014",0,0.153,0.153,"1",0.1765,0.1765,"10","D",0,0,0,"D",0,"D",12178,"D",0,"D",0,"D",0,"D",0,"D",0,"D",0,"D",0,"D",0,"D",0,"D",0,"D",0,"D",2,0,18,-14.71,0,0,1863.23,1863.23,12178,12178,0,0,0,0,0,0,0,0,184.8,202.51,12178,12178,0,0,202.8,187.8,202.8,187.8,0,0,0,0,0,0,0,0,0,0,0
"03259704",1,"2015","2014",0,0,0,"1",0.225,0.225,"38","D",0.0698,0.0698,0,"D",0,"D",0,"D",0,"D",0,"D",22350,"D",19714,"D",0,"D",0,"D",1100,"D",3,"D",0,"D",0,"D",2252,"D",1902,1113,1916.78,1886.78,1115.04,1110.74,0,0,25953.5,25953.5,22350.01,22350.01,0,0,0,0,0,0,0,0,25953.5,25953.5,0,0,1916.78,1886.78,1916.78,1886.78,2115.6,2144.96,3355,3355,0,0,0,0,0,0,0
"03259774",1,"2015","2014",1,0.153,0.153,"2",0.2381,0.2381,"21","D",0.0475,0.0475,0,"D",0,"D",58319,"D",43952,"D",-1176,"D",0,"D",0,"D",0,"D",0,"D",5000,"D",35,"D",360,"D",1,"D",4036,"D",9656,3789,9736.87,9574.37,3788.54,3788.54,15647.46,15647.46,101095,101095,99535.01,99535.01,1000,1000,0,0,72,72,0,0,97059,97059,0,0,10808.87,10646.37,10808.87,10646.37,4000,4000,9071,9071,0,0,0,0,0,0,0
"03259794",1,"2015","2014",0,0.153,0.153,"1",0,-0.0765,"18","D",0,0,1,"D",0,"D",500,"D",0,"D",0,"D",0,"D",17002,"D",0,"D",0,"D",680,"D",0,"D",0,"D",0,"D",1096,"D",-19,0,-38.25,0,0,0,76.5,76.5,500,500,500.01,500.01,0,0,0,0,0,0,38.25,0,500,500,0,0,0,0,0,0,2400,2440,1776,1776,0,0,0,0,0,0,0
"03259814",1,"2015","2014",0,0.153,0.153,"2",0.15,0.15,"14","D",0.0375,0.05,0,"D",0,"D",60000,"D",0,"D",0,"D",0,"D",0,"D",0,"D",0,"D",500,"D",0,"D",0,"D",0,"D",4348,"D",5018,2413,5047.5,4987.5,2762.5,2063.75,9180,9180,60000,60000,60000.01,60000.01,0,0,0,0,0,0,0,0,60000,60000,0,0,5047.5,4987.5,5047.5,4987.5,0,0,0,0,25,25,0,0,0,0,0
"03259864",1,"2015","2014",2,0,0,"3",-0.4,-0.4,"03","D",0,0,0,"D",0,"D",0,"D",0,"D",0,"D",3139,"D",0,"D",0,"D",0,"D",1700,"D",0,"D",0,"D",0,"D",0,"D",0,-75,0,0,-75,-75,0,0,3139,3139,3139.01,3139.01,0,0,0,0,0,0,0,0,3139,3139,0,0,0,0,0,0,10018,10182,1819.04,1819.04,0,0,0,0,0,0,0
"03259904",1,"2015","2014",2,0.153,0.153,"2",0.141,0.141,"11","D",0.06,0.06,0,"D",0,"D",22218,"D",73075,"D",2464,"D",0,"D",0,"D",0,"D",0,"D",5600,"D",0,"D",0,"D",1,"D",29856,"D",4644,2674,4666.54,4621.54,2674.06,2674.06,14579.83,14579.83,97757,97757,97757.01,97757.01,1000,1000,0,0,0,0,0,0,67901,67901,0,0,5666.54,5621.54,5666.54,5621.54,3000,3000,35456,35456,0,0,0,0,0,0,0
"03270004",1,"2015","2014",2,0.153,0.153,"2",0,0,"34","D",0.0575,0.058,0,"D",0,"D",19200,"D",0,"D",0,"D",0,"D",0,"D",0,"D",4800,"D",0,"D",0,"D",0,"D",1,"D",0,"D",-6511,117,-6460,-6548,118.6,116.5,2937.6,2937.6,19200,19200,19200.01,19200.01,0,0,1000,1000,0,0,5460,5548,19200,19200,0,0,0,0,0,0,15000,15000,0,0,0,0,0,0,0,0,0
"03270034",1,"2015","2014",0,0,0,"1",-0.0765,-0.0765,"0","T",0,0,0,"D",0,"D",0,"D",0,"D",1775,"D",0,"D",0,"D",0,"D",0,"D",2100,"D",0,"D",0,"D",0,"D",0,"D",0,0,0,0,0,0,0,0,1775,1775,0,0,0,0,0,0,0,0,0,0,1775,1775,0,0,0,0,0,0,0,0,0,0,0,0,0,0,0,0,0
"03270084",1,"2015","2014",0,0.153,0.153,"2",0.25,0.25,"05","D",0.08,0.08,0,"D",0,"D",0,"D",105026,"D",0,"D",0,"D",0,"D",0,"D",0,"D",6000,"D",65,"D",0,"D",0,"D",0,"D",12777,3854,12894,12694,3887.57,3829.72,16068.98,16068.98,105026,105026,105026.01,105026.01,0,0,0,0,0,0,0,0,105026,105026,0,0,12894,12694,12894,12694,7984,8088,6065,6065,0,0,0,0,0,0,0
"03270104",1,"2015","2014",0,0,0,"1",0.25,0.25,"02","D",0,0,0,"D",0,"D",0,"D",0,"D",2000,"D",96696,"D",0,"D",0,"D",0,"D",1600,"D",333,"D",0,"D",0,"D",13716,"D",15587,0,15630.25,15555.25,0,0,0,0,98696,98696,0,0,0,0,0,0,0,0,0,0,84980,84980,0,0,15630.25,15555.25,15630.25,15555.25,0,0,0,0,0,0,0,0,0,0,0
"03270114",1,"2015","2014",0,0.153,0.153,"2",0.1488,0.1488,"24","D",0.0689,0.0689,0,"D",0,"D",17331,"D",35886,"D",-448,"D",0,"D",0,"D",0,"D",0,"D",3300,"D",1215,"D",0,"D",0,"D",12096,"D",3213,506,3230.17,3200.17,509.45,504.1,8142.2,8142.2,52769,52769,52769.01,52769.01,0,0,0,0,0,0,0,0,40673,40673,0,0,3230.17,3200.17,3230.17,3200.17,0,0,17284.55,17284.55,1002.36,1002.36,0,0,0,0,0
"03270114",2,"2015","2014",0,0.153,0.153,"1",0.1,0.1,"24","D",0.0535,0.0535,0,"D",0,"D",17223,"D",0,"D",0,"D",0,"D",0,"D",0,"D",0,"D",0,"D",0,"D",0,"D",0,"D",0,"D",699,374,707.3,692.3,378.41,370.38,2635.12,2635.12,17223,17223,17223.01,17223.01,0,0,0,0,0,0,0,0,17223,17223,0,0,707.3,692.3,707.3,692.3,6200,6300,0,0,0,0,0,0,0,0,0
"03270114",3,"2015","2014",0,0.153,0.153,"1",-0.0765,-0.0765,"24","D",-0.021,-0.021,0,"D",0,"D",1440,"D",0,"D",0,"D",0,"D",0,"D",0,"D",0,"D",0,"D",0,"D",0,"D",0,"D",0,"D",-110,-30,-110.16,-110.16,-30.24,-30.24,220.32,220.32,1440,1440,1440.01,1440.01,0,0,0,0,0,0,110.16,110.16,1440,1440,0,0,0,0,0,0,6200,6300,0,0,0,0,0,0,30.24,30.24,0
"03270124",1,"2015","2014",0,0.153,0.153,"2",0.249,0.249,"29","D",0,0,0,"D",0,"D",46000,"D",90324,"D",-15200,"D",0,"D",0,"D",0,"D",0,"D",2500,"D",9235,"D",0,"D",0,"D",7868,"D",14759,0,14846.09,14696.09,0,0,20857.57,20857.57,121124,121124,0,0,0,0,0,0,0,0,0,0,113256,113256,0,0,14846.09,14696.09,14846.09,14696.09,0,0,0,0,0,0,0,0,0,0,0
"03270154",1,"2015","2014",0,0.153,0.153,"2",0.15,0.15,"44","D",0,0,0,"D",0,"D",28000,"D",14500,"D",3200,"D",0,"D",0,"D",0,"D",0,"D",0,"D",0,"D",0,"D",0,"D",0,"D",2868,0,2902.5,2842.5,0,0,6502.5,6502.5,45700,45700,0,0,0,0,0,0,0,0,0,0,45700,45700,0,0,2902.5,2842.5,2902.5,2842.5,0,0,0,0,0,0,0,0,0,0,0
"03270164",1,"2015","2014",2,0,0,"3",-0.4,-0.4,"37","D",-0.02,-0.02,0,"D",0,"D",0,"D",0,"D",0,"D",0,"D",0,"D",0,"D",0,"D",1200,"D",0,"D",0,"D",0,"D",0,"D",0,-120,0,0,-120,-120,0,0,0,0,0.01,0.01,0,0,0,0,0,0,0,0,0,0,0,0,0,0,0,0,9100,9250,0,0,0,0,0,0,0,0,0
"03270204",1,"2015","2014",0,0.153,0.153,"2",0.25,0.25,"39","D",0.0307,0.0307,0,"D",0,"D",96000,"D",24000,"D",1,"D",0,"D",0,"D",0,"D",0,"D",1200,"D",70,"D",0,"D",0,"D",4264,"D",16521,3684,16637.75,16437.75,3684.03,3684.03,18360,18360,120001,120001,120001.01,120001.01,0,0,0,0,0,0,0,0,120001,120001,0,0,16637.75,16437.75,16637.75,16437.75,0,0,0,0,0,0,0,0,0,0,0
"03270234",1,"2015","2014",0,0,0,"1",0,0,"26","D",0.0063,0.0063,1,"D",1,"D",0,"D",0,"D",130,"D",0,"D",17062,"D",0,"D",0,"D",10,"D",0,"D",0,"D",0,"D",0,"D",0,-993,0,0,-993.36,-993.36,0,0,130,130,130.01,130.01,0,0,0,0,0,0,0,0,130,130,0,0,0,0,0,0,7750,7850,0,0,993.36,993.36,0,0,0,0,0
"03270254",1,"2015","2014",0,0.153,0.153,"2",0.0765,0.0765,"44","D",0,0,0,"D",0,"D",8000,"D",10000,"D",0,"D",0,"D",0,"D",0,"D",9600,"D",0,"D",0,"D",0,"D",0,"D",0,"D",-168,0,-154.81,-177.87,0,0,2754,2754,18000,18000,0,0,0,0,0,0,0,0,154.81,177.87,18000,18000,0,0,0,0,0,0,0,0,0,0,0,0,0,0,0,0,0
"03270274",1,"2015","2014",0,0,0,"1",0,0,"03","D",0,0,1,"D",1,"D",0,"D",0,"D",0,"D",0,"D",8340,"D",0,"D",0,"D",390,"D",480,"D",0,"D",0,"D",0,"D",0,-25,0,0,-25,-25,0,0,0,0,0.01,0.01,0,0,0,0,0,0,0,0,0,0,0,0,0,0,0,0,5009,5091,1054.45,1054.45,0,0,0,0,0,0,0
"03270284",1,"2015","2014",0,0.153,0.153,"1",0.225,0.225,"10","D",0,0,0,"D",0,"D",24000,"D",0,"D",0,"D",0,"D",12214,"D",0,"D",13200,"D",50,"D",0,"D",0,"D",0,"D",0,"D",1989,0,2006.78,1976.78,0,0,3672,3672,26553.5,26553.5,0,0,0,0,0,0,0,0,0,0,26553.5,26553.5,0,0,2006.78,1976.78,2006.78,1976.78,0,0,0,0,0,0,0,0,0,0,0
"03270334",1,"2015","2014",0,0.153,0.153,"2",0.0765,0.0765,"50","D",0,0,1,"D",1,"D",0,"D",19148,"D",-789,"D",0,"D",22750,"D",0,"D",6000,"D",0,"D",77,"D",0,"D",0,"D",0,"D",-80,0,-66.99,-90.05,0,0,2929.64,2929.64,18359,18359,18359.01,18359.01,0,0,0,0,0,0,66.99,90.05,18359,18359,0,0,0,0,0,0,18158,18464.09,0,0,0,0,0,0,0,0,0
"03270394",1,"2015","2014",1,0.153,0.153,"3",0,0,"10","D",0,0,0,"D",0,"D",12000,"D",0,"D",0,"D",0,"D",0,"D",0,"D",10200,"D",0,"D",25,"D",0,"D",0,"D",80,"D",-3337,0,-3305,-3359,0,0,1836,1836,12000,12000,0,0,0,0,0,0,0,0,3305,3359,12000,12000,0,0,0,0,0,0,0,0,0,0,0,0,0,0,0,0,0
"03270394",2,"2015","2014",0,0.153,0.153,"1",0.15,0.15,"10","D",0,0,0,"D",0,"D",31000,"D",0,"D",0,"D",0,"D",0,"D",0,"D",0,"D",0,"D",0,"D",0,"D",0,"D",0,"D",2656,0,2673.75,2643.75,0,0,4743,4743,31000,31000,0,0,0,0,0,0,0,0,0,0,31000,31000,0,0,2673.75,2643.75,2673.75,2643.75,0,0,0,0,0,0,0,0,0,0,0
"03270404",1,"2015","2014",0,0.082,0.082,"2",0.35,0.35,"05","D",0.093,0.093,0,"D",0,"D",190000,"D",104373,"D",0,"D",0,"D",0,"D",0,"D",0,"D",1800,"D",0,"D",0,"D",0,"D",15800,"D",59563,20503,59907.55,59317.55,20541.47,20474.76,36386.43,36572.43,294373,294373,294373.01,294373.01,0,0,0,0,0,0,0,0,278573,278573,2053.65,1850.13,57853.9,57467.42,57853.9,57467.42,7984,8088,17600,17600,0,0,0,0,0,0,0
"03270434",1,"2015","2014",1,0.153,0.153,"3",0.3098,0.3098,"0","T",0,0,0,"D",0,"D",37000,"D",0,"D",-1449,"D",0,"D",0,"D",0,"D",0,"D",350,"D",0,"D",0,"D",0,"D",0,"D",1804,0,1893.52,1740.88,0,0,5661,5661,35551,35551,0,0,0,0,0,0,0,0,241.63,346.77,35551,35551,0,0,2135.15,2087.65,2135.15,2087.65,0,0,0,0,0,0,0,0,0,0,0
"03270444",1,"2015","2014",0,0.153,0.153,"2",0.1414,0.1413,"34","D",0.0575,0.058,0,"D",0,"D",50000,"D",40000,"D",0,"D",0,"D",0,"D",0,"D",0,"D",1500,"D",0,"D",0,"D",0,"D",12324,"D",8667,4328,8681.4,8657.02,4350,4312.5,13770,13770,90000,90000,90000.01,90000.01,0,0,0,0,0,0,0,0,77676,77676,0,0,8681.4,8657.03,8681.4,8657.02,15000,15000,13824,13824,0,0,0,0,0,0,0
"03270444",2,"2015","2014",0,0.153,0.153,"1",0.1765,0.1765,"34","D",0.0575,0.058,0,"D",0,"D",12000,"D",0,"D",0,"D",0,"D",0,"D",0,"D",0,"D",0,"D",0,"D",0,"D",0,"D",0,"D",-32,260,-13.41,-46.12,261,258.75,1836,1836,12000,12000,12000.01,12000.01,0,0,0,0,0,0,198.41,216.12,12000,12000,0,0,185,170,185,170,7500,7500,0,0,0,0,0,0,0,0,0
"03270454",1,"2015","2014",0,0,0,"1",0,0,"44","D",0,0,1,"D",1,"D",0,"D",0,"D",0,"D",7932,"D",21996,"D",0,"D",0,"D",310,"D",59,"D",0,"D",0,"D",0,"D",0,0,0,0,0,0,0,0,7932,7932,0,0,0,0,0,0,0,0,0,0,7932,7932,0,0,0,0,0,0,0,0,0,0,0,0,0,0,0,0,0
"03270484",1,"2015","2014",0,0.153,0.153,"2",0.25,0.25,"0","T",0,0,0,"D",0,"D",58106,"D",60000,"D",-2662,"D",0,"D",0,"D",0,"D",0,"D",1100,"D",508,"D",0,"D",0,"D",3960,"D",15382,0,15498.5,15298.5,0,0,18070.22,18070.22,115444,115444,0,0,0,0,0,0,0,0,0,0,115444,115444,0,0,15498.5,15298.5,15498.5,15298.5,0,0,0,0,0,0,0,0,0,0,0
"03270544",1,"2015","2014",0,0.153,0.153,"1",0.15,0.15,"26","D",0.051,0.051,0,"D",0,"D",30000,"D",0,"D",-480,"D",0,"D",0,"D",0,"D",13200,"D",1200,"D",20,"D",0,"D",0,"D",2196,"D",2434,899,2451.75,2421.75,901.1,896.9,4590,4590,29520,29520,29520.01,29520.01,0,0,0,0,0,0,0,0,29520,29520,0,0,2451.75,2421.75,2451.75,2421.75,6200,6300,0,0,0,0,0,0,0,0,0
"03270564",1,"2015","2014",0,0.153,0.153,"2",0.15,0.15,"10","D",0,0,0,"D",0,"D",20300,"D",74984,"D",-14877,"D",0,"D",0,"D",0,"D",13596,"D",0,"D",2380,"D",0,"D",0,"D",0,"D",8074,0,8108.55,8048.55,0,0,14578.45,14578.45,80407,80407,0,0,0,0,0,0,0,0,0,0,80407,80407,0,0,8108.55,8048.55,8108.55,8048.55,0,0,0,0,0,0,0,0,0,0,0
"03270574",1,"2015","2014",2,0.153,0.153,"3",0.3606,0.3606,"10","D",0,0,0,"D",0,"D",41024,"D",0,"D",1631,"D",0,"D",0,"D",0,"D",0,"D",1200,"D",1950,"D",0,"D",1,"D",0,"D",1254,0,1376.4,1166,0,0,6276.67,6276.67,42655,42655,0,0,1000,1000,0,0,0,0,231.85,387.25,42655,42655,0,0,2608.25,2553.25,2608.25,2553.25,0,0,0,0,0,0,0,0,0,0,0
"03270574",2,"2015","2014",0,0.153,0.153,"1",0.1765,0.1765,"10","D",0,0,0,"D",0,"D",12129,"D",0,"D",0,"D",0,"D",0,"D",0,"D",0,"D",0,"D",0,"D",0,"D",0,"D",0,"D",-10,0,9.35,-23.36,0,0,1855.74,1855.74,12129,12129,0,0,0,0,0,0,0,0,188.55,206.26,12129,12129,0,0,197.9,182.9,197.9,182.9,0,0,0,0,0,0,0,0,0,0,0
"03270584",1,"2015","2014",0,0.153,0.153,"2",0.15,0.15,"33","D",0.059,0.059,0,"D",0,"D",0,"D",50000,"D",0,"D",0,"D",0,"D",0,"D",12000,"D",0,"D",902,"D",0,"D",0,"D",36,"D",3513,1584,3547.5,3487.5,1597.13,1575.18,7650,7650,50000,50000,50000.01,50000.01,0,0,0,0,0,0,0,0,50000,50000,0,0,3547.5,3487.5,3547.5,3487.5,15650,15850,0,0,0,0,0,0,0,0,0
"03270594",1,"2015","2014",0,0,0,"1",0,0,"05","D",0,0,1,"D",1,"D",0,"D",0,"D",0,"D",0,"D",17525,"D",0,"D",0,"D",4000,"D",20,"D",0,"D",0,"D",0,"D",0,0,0,0,0,0,0,0,0,0,0.01,0.01,0,0,0,0,0,0,0,0,0,0,0,0,0,0,0,0,3992,4044,4020,4020,0,0,0,0,0,0,0
"03270644",1,"2015","2014",2,0.153,0.153,"2",0.3,0.3,"0","T",0,0,0,"D",0,"D",55863,"D",59584,"D",-1962,"D",0,"D",0,"D",0,"D",0,"D",2500,"D",0,"D",0,"D",1,"D",6240,"D",12077,0,12208,11983,0,0,17663.39,17663.39,113485,113485,0,0,825.75,825.75,0,0,0,0,0,0,113485,113485,0,0,13033.75,12808.75,13033.75,12808.75,0,0,0,0,0,0,0,0,0,0,0
"03270654",1,"2015","2014",0,0.064,0.064,"2",0.325,0.35,"33","D",0.0665,0.0665,0,"D",0,"D",228786,"D",60651,"D",-18183,"D",0,"D",0,"D",0,"D",0,"D",6500,"D",1577,"D",0,"D",0,"D",26392,"D",47793,16319,48108.7,47567.65,16319.25,16319.25,30777.33,30963.33,271254,271254,271254.01,271254.01,0,0,0,0,0,0,0,0,244862,244862,1343.29,1025.74,46765.41,46541.91,46765.41,46541.91,15650,15850,25851.75,25851.75,0,0,0,0,0,0,0
"03270664",1,"2015","2014",3,0.153,0.153,"2",0.15,0.15,"05","D",0.06,0.06,1,"D",1,"D",56311,"D",24448,"D",0,"D",0,"D",19462,"D",0,"D",15752,"D",0,"D",25,"D",0,"D",1,"D",0,"D",7633,966,7685.26,7595.26,993.78,945.92,12356.13,12356.13,97301.7,97301.7,80759.01,80759.01,1000,1000,0,0,0,0,0,0,97301.7,97301.7,0,0,8685.26,8595.26,8685.26,8595.26,7984,8088,25,25,0,0,0,0,0,0,0
"03270694",1,"2015","2014",2,0.153,0.153,"2",0.15,0.15,"44","D",0,0,0,"D",0,"D",40000,"D",32871,"D",0,"D",0,"D",0,"D",0,"D",10320,"D",0,"D",0,"D",0,"D",2,"D",0,"D",3749,0,3793.15,3718.15,0,0,11149.26,11149.26,72871,72871,0,0,2000,2000,0,0,0,0,0,0,72871,72871,0,0,5793.15,5718.15,5793.15,5718.15,0,0,0,0,0,0,0,0,0,0,0
"03270704",1,"2015","2014",0,0.153,0.153,"1",0.15,0.15,"21","D",0.0475,0.0475,0,"D",0,"D",40000,"D",0,"D",0,"D",0,"D",0,"D",0,"D",8400,"D",0,"D",7,"D",0,"D",0,"D",0,"D",4006,1601,4023.75,3993.75,1600.5,1600.5,6120,6120,40000,40000,40000.01,40000.01,0,0,0,0,0,0,0,0,40000,40000,0,0,4023.75,3993.75,4023.75,3993.75,2000,2000,0,0,0,0,0,0,0,0,0
"03270714",1,"2015","2014",2,0.153,0.153,"2",0.1454,0.2423,"39","D",0.0307,0.0307,0,"D",0,"D",69000,"D",43182,"D",0,"D",0,"D",0,"D",0,"D",0,"D",1800,"D",8428,"D",0,"D",0,"D",8768,"D",10163,3444,10198,10138.8,3443.99,3443.99,17163.85,17163.85,112182,112182,112182.01,112182.01,0,0,0,0,0,0,0,0,103414,103414,0,0,10198,10138.8,10198,10138.8,0,0,0,0,0,0,0,0,0,0,0
"03270744",1,"2015","2014",0,0.153,0.153,"2",0.25,0.25,"05","D",0.093,0.093,0,"D",0,"D",53826,"D",53861,"D",0,"D",24000,"D",0,"D",0,"D",0,"D",2700,"D",0,"D",0,"D",0,"D",2720,"D",19443,6261,19559.25,19359.25,6305.96,6229.58,16476.11,16476.11,131687,131687,131687.01,131687.01,0,0,0,0,0,0,0,0,131687,131687,0,0,19559.25,19359.25,19559.25,19359.25,7984,8088,5420,5420,0,0,0,0,0,0,0
"03270744",2,"2015","2014",0,0.153,0.153,"1",0.1765,0.1765,"05","D",0,0,0,"D",0,"D",12713,"D",0,"D",0,"D",0,"D",0,"D",0,"D",0,"D",0,"D",0,"D",0,"D",0,"D",0,"D",93,0,112.43,79.72,0,0,1945.09,1945.09,12713,12713,12713.01,12713.01,0,0,0,0,0,0,143.87,161.58,12713,12713,0,0,256.3,241.3,256.3,241.3,3992,4044,0,0,0,0,0,0,0,0,0
"03270744",3,"2015","2014",0,0.153,0.153,"1",0.15,0.15,"05","D",0.04,0.04,0,"D",0,"D",24793,"D",0,"D",0,"D",0,"D",0,"D",0,"D",0,"D",0,"D",0,"D",0,"D",0,"D",0,"D",1725,274,1742.7,1712.7,279.1,270.25,3793.33,3793.33,24793,24793,24793.01,24793.01,0,0,0,0,0,0,0,0,24793,24793,0,0,1742.7,1712.7,1742.7,1712.7,3992,4044,0,0,0,0,0,0,0,0,0
"03270754",1,"2015","2014",4,0.153,0.029,"2",0.1925,0.1925,"37","D",0.0499,0.0499,0,"D",0,"D",0,"D",118000,"D",-124,"D",0,"D",0,"D",0,"D",0,"D",210,"D",10137,"D",0,"D",4,"D",14400,"D",5271,3974,5306.32,5246.32,3973.76,3973.76,17930,18054,117876,117876,117876.01,117876.01,3606.2,3606.2,0,0,0,0,0,0,103476,103476,0,0,8912.52,8852.52,8912.52,8852.52,12400,12600,28709.23,28709.23,0,0,0,0,0,0,0
"03270774",1,"2015","2014",0,0,0,"1",0,0,"05","D",0,0,1,"D",1,"D",0,"D",0,"D",25,"D",1327,"D",17856,"D",0,"D",43356,"D",0,"D",0,"D",0,"D",0,"D",2240,"D",0,0,0,0,0,0,0,0,1352,1352,1352.01,1352.01,0,0,0,0,0,0,0,0,1352,1352,0,0,0,0,0,0,3992,4044,2240,2240,0,0,0,0,0,0,0
"03270804",1,"2015","2014",4,0.153,0.153,"3",0.2106,0.2106,"05","D",0,0,0,"D",0,"D",18298,"D",0,"D",0,"D",0,"D",0,"D",0,"D",12300,"D",0,"D",0,"D",0,"D",1,"D",0,"D",-7142,0,-7044.44,-7210.83,0,0,2799.59,2799.59,18298,18298,18298.01,18298.01,0,0,1000,1000,0,0,6044.44,6210.83,18298,18298,0,0,0,0,0,0,7984,8088,0,0,0,0,0,0,0,0,0
"03270844",1,"2015","2014",4,0.153,0.153,"3",0.3106,0.3106,"14","D",0.0586,0.0711,0,"D",0,"D",41600,"D",0,"D",0,"D",0,"D",0,"D",0,"D",0,"D",1200,"D",1475,"D",0,"D",3,"D",1892,"D",-2982,1137,-2862.04,-3068.43,1375.05,966.53,6364.8,6364.8,41600,41600,41600.01,41600.01,1275,1235,1725,1765,0,0,1137.04,1303.43,41600,41600,0,0,1275,1235,1275,1235,0,0,0,0,60,60,0,0,113.7,130.34,0
"03270894",1,"2015","2014",0,0,0,"1",0,0,"50","D",0.0703,0.0703,1,"D",1,"D",0,"D",0,"D",0,"D",0,"D",19368,"D",0,"D",0,"D",3900,"D",10,"D",0,"D",0,"D",120,"D",0,-361,0,0,-360.71,-360.71,0,0,0,0,0.01,0.01,0,0,0,0,0,0,0,0,0,0,0,0,0,0,0,0,10080,10249.92,120,120,360.71,360.71,0,0,0,0,0
"03270924",1,"2015","2014",2,0,0,"3",-0.4,-0.4,"05","D",0,0,0,"D",0,"D",0,"D",0,"D",0,"D",0,"D",0,"D",0,"D",0,"D",1100,"D",0,"D",0,"D",0,"D",0,"D",0,0,0,0,0,0,0,0,0,0,0.01,0.01,0,0,0,0,0,0,0,0,0,0,0,0,0,0,0,0,7984,8088,1100,1100,0,0,0,0,0,0,0
"03270944",1,"2015","2014",0,0.153,0.153,"2",0.2775,0.2775,"01","D",0.0323,0.0323,0,"D",0,"D",0,"D",34739,"D",0,"D",0,"D",23062,"D",0,"D",0,"D",0,"D",140,"D",0,"D",0,"D",4500,"D",2413,1021,2447.78,2387.78,1019.68,1022.68,5315.07,5315.07,42668.5,42668.5,34739.01,34739.01,0,0,0,0,0,0,0,0,42668.5,42668.5,0,0,2447.78,2387.78,2447.78,2387.78,4000,4000,7297.53,7297.53,0,0,0,0,0,0,0
"03270954",1,"2015","2014",3,0.153,0.153,"3",0.2106,0.2106,"33","D",0.1032,0.1032,0,"D",0,"D",20800,"D",0,"D",0,"D",0,"D",0,"D",0,"D",12900,"D",0,"D",0,"D",0,"D",1,"D",0,"D",-6615,-1744,-6517.52,-6683.91,-1711.26,-1767.17,3182.4,3182.4,20800,20800,20800.01,20800.01,0,0,1000,1000,0,0,5517.52,5683.91,20800,20800,0,0,0,0,0,0,10950,11100,0,0,0,0,0,0,1552.65,1602.57,0
"03270964",1,"2015","2014",0,0.153,0.153,"1",0.2671,0.2663,"36","D",0.046,0.0491,0,"D",0,"D",60000,"D",0,"D",77900,"D",0,"D",0,"D",0,"D",0,"D",3000,"D",0,"D",0,"D",0,"D",5672,"D",26841,4799,26858.59,26827.98,4982.13,4668.27,9180,9180,137900,137900,137900.01,137900.01,0,0,0,0,0,0,0,0,132228,132228,0,0,26858.59,26827.98,26858.59,26827.98,0,0,0,0,0,0,0,0,0,0,0
"03270974",1,"2015","2014",2,0,0,"3",-0.4,-0.4,"17","D",-0.068,-0.068,0,"D",0,"D",0,"D",0,"D",101,"D",0,"D",0,"D",0,"D",0,"D",1700,"D",10,"D",0,"D",0,"D",5310,"D",0,-600,0,0,-600,-600,0,0,101,101,0.01,0.01,0,0,0,0,0,0,0,0,101,101,0,0,0,0,0,0,5500,5500,0,0,600,600,0,0,0,0,0
"03271024",1,"2015","2014",0,0.153,0.153,"2",0.15,0.15,"10","D",0,0,0,"D",0,"D",10000,"D",55306,"D",0,"D",17000,"D",0,"D",0,"D",0,"D",2600,"D",274,"D",0,"D",0,"D",0,"D",8358,0,8393.4,8333.4,0,0,9991.82,9991.82,82306,82306,0,0,0,0,0,0,0,0,0,0,82306,82306,0,0,8393.4,8333.4,8393.4,8333.4,0,0,0,0,0,0,0,0,0,0,0
"03271034",1,"2015","2014",0,0,0,"1",0,0,"50","D",0.0703,0.0703,1,"D",1,"D",0,"D",0,"D",12500,"D",0,"D",23302,"D",0,"D",0,"D",4400,"D",162,"D",0,"D",0,"D",3780,"D",0,-84,0,0,-84.14,-84.14,0,0,12500,12500,12500.01,12500.01,0,0,0,0,0,0,0,0,8720,8720,0,0,0,0,0,0,10080,10249.92,3780,3780,84.14,84.14,0,0,0,0,0
"03271044",1,"2015","2014",0,0.153,0.153,"2",0.15,0.15,"34","D",0.0575,0.058,0,"D",0,"D",25197,"D",15143,"D",0,"D",0,"D",0,"D",0,"D",0,"D",730,"D",128,"D",0,"D",0,"D",0,"D",2064,1462,2098.5,2038.5,1469.72,1457.05,6172.02,6172.02,40340,40340,40340.01,40340.01,0,0,0,0,0,0,0,0,40340,40340,0,0,2098.5,2038.5,2098.5,2038.5,15000,15000,730,730,0,0,0,0,0,0,0
"03271044",2,"2015","2014",1,0,0,"3",-0.34,-0.34,"34","D",0,0,0,"D",0,"D",0,"D",0,"D",0,"D",0,"D",0,"D",0,"D",0,"D",0,"D",0,"D",0,"D",0,"D",0,"D",0,0,0,0,0,0,0,0,0,0,0.01,0.01,0,0,0,0,0,0,0,0,0,0,0,0,0,0,0,0,12000,12000,0,0,0,0,0,0,0,0,0
"03271054",1,"2015","2014",0,0.153,0.153,"1",0.1397,0.1397,"28","D",0.0684,0.0684,0,"D",0,"D",42000,"D",0,"D",-1260,"D",0,"D",0,"D",0,"D",0,"D",2000,"D",1798,"D",0,"D",0,"D",5440,"D",3492,1186,3499.87,3487.17,1194.54,1179.22,6426,6426,40740,40740,40740.01,40740.01,0,0,0,0,0,0,0,0,35300,35300,0,0,3499.87,3487.17,3499.87,3487.17,0,0,9238,9238,0,0,0,0,0,0,0
"03271064",1,"2015","2014",1,0.153,0.153,"3",0,0,"0","T",0,0,0,"D",0,"D",12000,"D",0,"D",0,"D",0,"D",0,"D",0,"D",0,"D",1200,"D",0,"D",0,"D",1,"D",17652,"D",-4337,0,-4305,-4359,0,0,1836,1836,12000,12000,0,0,0,0,1000,1000,0,0,3305,3359,12000,12000,0,0,0,0,0,0,0,0,0,0,0,0,0,0,0,0,0
"03271064",2,"2015","2014",0,0.153,0.153,"1",0.1,0.1,"0","T",0,0,0,"D",0,"D",15000,"D",0,"D",0,"D",0,"D",0,"D",0,"D",0,"D",0,"D",0,"D",0,"D",0,"D",0,"D",476,0,485,470,0,0,2295,2295,15000,15000,0,0,0,0,0,0,0,0,0,0,15000,15000,0,0,485,470,485,470,0,0,0,0,0,0,0,0,0,0,0
"03271114",1,"2015","2014",0,0,0,"1",0,0,"33","D",0.017,0.017,1,"D",1,"D",0,"D",0,"D",0,"D",0,"D",16858,"D",0,"D",0,"D",1800,"D",25,"D",0,"D",0,"D",1800,"D",0,-105,0,0,-105.41,-105.41,0,0,0,0,0.01,0.01,0,0,0,0,0,0,0,0,0,0,0,0,0,0,0,0,7800,7900,0,0,105.41,105.41,0,0,0,0,0
"03271134",1,"2015","2014",3,0.153,0.153,"2",0.3106,0.3106,"0","T",0,0,0,"D",0,"D",23000,"D",25000,"D",0,"D",0,"D",0,"D",0,"D",9000,"D",0,"D",275,"D",0,"D",3,"D",240,"D",-2480,0,-2347.76,-2573.89,0,0,7344,7344,48000,48000,0,0,1585,1540,1415,1460,0,0,932.76,1113.89,48000,48000,0,0,1585,1540,1585,1540,0,0,0,0,0,0,0,0,0,0,0
"03271144",1,"2015","2014",0,0,0,"1",0.1418,0.1418,"33","D",0.0545,0.0545,0,"D",0,"D",0,"D",0,"D",38400,"D",0,"D",9420,"D",0,"D",0,"D",4900,"D",0,"D",0,"D",0,"D",21792,"D",1838,428,1846.59,1832.04,429.42,426.42,0,0,46407,46407,38400.01,38400.01,0,0,0,0,0,0,0,0,24615,24615,0,0,1846.59,1832.04,1846.59,1832.04,7800,7900,26692,26692,58.16,58.16,0,0,0,0,0
"03271194",1,"2015","2014",2,0.153,0.153,"2",0.2361,0.2361,"26","D",0.0554,0.0554,0,"D",0,"D",90000,"D",90000,"D",-9640,"D",0,"D",0,"D",0,"D",0,"D",1800,"D",210,"D",0,"D",2,"D",8504,"D",25792,7319,25894.36,25719.36,7318.56,7318.56,27540,27540,170360,170360,170360.01,170360.01,0,0,0,0,0,0,0,0,161856,161856,0,0,25894.36,25719.36,25894.36,25719.36,0,0,24284,24284,0,0,0,0,0,0,0
"03271204",1,"2015","2014",1,0,0,"3",-0.34,-0.34,"18","D",0,0,0,"D",0,"D",0,"D",0,"D",0,"D",0,"D",0,"D",0,"D",0,"D",300,"D",0,"D",0,"D",1,"D",0,"D",0,0,0,0,0,0,0,0,0,0,0.01,0.01,0,0,0,0,0,0,0,0,0,0,0,0,0,0,0,0,2400,2440,300,300,0,0,0,0,0,0,0
"03271214",1,"2015","2014",0,0.153,0.153,"1",0.15,0.15,"31","D",0.0175,0.0175,0,"D",0,"D",17593,"D",0,"D",13276,"D",0,"D",0,"D",0,"D",10740,"D",0,"D",0,"D",0,"D",0,"D",0,"D",2637,303,2654.1,2624.1,302.71,302.71,2691.73,2691.73,30869,30869,30869.01,30869.01,0,0,0,0,0,0,0,0,30869,30869,0,0,2654.1,2624.1,2654.1,2624.1,0,0,0,0,0,0,0,0,0,0,0
"03271234",1,"2015","2014",0,0.153,0.153,"2",0.15,0.15,"10","D",0,0,0,"D",0,"D",0,"D",10000,"D",41074,"D",0,"D",20048,"D",0,"D",0,"D",100,"D",0,"D",0,"D",0,"D",0,"D",6230,0,6264.72,6204.72,0,0,1530,1530,68114.8,68114.8,0,0,0,0,0,0,0,0,0,0,68114.8,68114.8,0,0,6264.72,6204.72,6264.72,6204.72,0,0,0,0,0,0,0,0,0,0,0
"03271244",1,"2015","2014",0,0,0,"1",0,0,"05","D",0,0,1,"D",1,"D",0,"D",0,"D",0,"D",0,"D",0,"D",0,"D",2664,"D",0,"D",0,"D",0,"D",0,"D",0,"D",0,0,0,0,0,0,0,0,0,0,0.01,0.01,0,0,0,0,0,0,0,0,0,0,0,0,0,0,0,0,3992,4044,0,0,0,0,0,0,0,0,0
"03271254",1,"2015","2014",2,0,0,"3",-0.4,-0.4,"25","D",0,0,0,"D",0,"D",0,"D",0,"D",0,"D",0,"D",12382,"D",0,"D",6252,"D",0,"D",0,"D",0,"D",1,"D",0,"D",0,0,0,0,0,0,0,0,0,0,0.01,0.01,0,0,0,0,0,0,0,0,0,0,0,0,0,0,0,0,3400,3400,0,0,0,0,0,0,0,0,0
"03271284",1,"2015","2014",0,0.153,0.153,"2",0.15,0.15,"33","D",0.0645,0.0645,0,"D",0,"D",67143,"D",23000,"D",0,"D",0,"D",0,"D",0,"D",0,"D",2400,"D",0,"D",0,"D",0,"D",4820,"D",9534,4130,9568.95,9508.95,4147.02,4118.59,13791.88,13791.88,90143,90143,90143.01,90143.01,0,0,0,0,0,0,0,0,90143,90143,0,0,9568.95,9508.95,9568.95,9508.95,15650,15850,0,0,0,0,0,0,0,0,0
"03271314",1,"2015","2014",1,0.153,0.153,"2",0,0,"10","D",0,0,0,"D",0,"D",0,"D",10000,"D",0,"D",2400,"D",0,"D",0,"D",0,"D",110,"D",95,"D",0,"D",0,"D",0,"D",-3337,0,-3305,-3359,0,0,1530,1530,12400,12400,0,0,0,0,0,0,0,0,3305,3359,12400,12400,0,0,0,0,0,0,0,0,0,0,0,0,0,0,0,0,0
"03271314",3,"2015","2014",0,0.153,0.153,"1",0.0765,0.0765,"10","D",0,0,0,"D",0,"D",10000,"D",0,"D",0,"D",0,"D",0,"D",0,"D",0,"D",0,"D",0,"D",0,"D",0,"D",0,"D",-362,0,-351.41,-369.12,0,0,1530,1530,10000,10000,0,0,0,0,0,0,0,0,351.41,369.12,10000,10000,0,0,0,0,0,0,0,0,0,0,0,0,0,0,0,0,0
"03271334",1,"2015","2014",1,0.153,0.153,"2",0.1414,0.1414,"47","D",0.0575,0.0575,0,"D",0,"D",0,"D",70000,"D",-960,"D",0,"D",0,"D",0,"D",0,"D",1200,"D",515,"D",0,"D",1,"D",13452,"D",3972,2680,3993.98,3956.48,2679.77,2679.77,10710,10710,69040,69040,69040.01,69040.01,1000,1000,0,0,0,0,0,0,55588,55588,0,0,4993.98,4956.48,4993.98,4956.48,6000,6000,15167,15167,0,0,0,0,0,0,0
"03271374",1,"2015","2014",2,0.153,0.153,"2",0.15,0.15,"28","D",0.0501,0.0501,0,"D",0,"D",50000,"D",0,"D",6007,"D",0,"D",0,"D",0,"D",4800,"D",0,"D",2223,"D",0,"D",1,"D",0,"D",2220,1054,2263.55,2188.55,1069.71,1042.04,7650,7650,56007,56007,56007.01,56007.01,1000,1000,0,0,0,0,0,0,56007,56007,0,0,3263.55,3188.55,3263.55,3188.55,12400,12600,0,0,0,0,0,0,0,0,0
"03271394",1,"2015","2014",0,0.153,0.153,"1",0.2329,0.2329,"28","D",0.0684,0.0684,0,"D",0,"D",80001,"D",0,"D",-50,"D",0,"D",0,"D",0,"D",0,"D",1100,"D",2129,"D",0,"D",0,"D",3556,"D",12108,4035,12149.16,12077.99,4044.35,4029.04,12240.15,12240.15,79951,79951,79951.01,79951.01,0,0,0,0,0,0,0,0,76395,76395,0,0,12149.16,12077.99,12149.16,12077.99,0,0,6785,6785,0,0,0,0,0,0,0
"03271394",2,"2015","2014",0,0.153,0.153,"1",0.15,0.15,"28","D",0.0351,0.0351,0,"D",0,"D",23493,"D",0,"D",0,"D",0,"D",0,"D",0,"D",0,"D",0,"D",0,"D",0,"D",0,"D",0,"D",1530,444,1547.7,1517.7,447.48,441.47,3594.43,3594.43,23493,23493,23493.01,23493.01,0,0,0,0,0,0,0,0,23493,23493,0,0,1547.7,1517.7,1547.7,1517.7,6200,6300,0,0,0,0,0,0,0,0,0
"03271404",1,"2015","2014",2,0,0,"3",0.1468,0.1468,"24","D",0.0535,0.0535,0,"D",0,"D",0,"D",0,"D",56211,"D",4530,"D",0,"D",0,"D",0,"D",6800,"D",334,"D",0,"D",0,"D",15132,"D",3304,-461,3322.48,3289.98,-400.46,-504.09,0,0,60741,60741,60741.01,60741.01,0,0,0,0,0,0,0,0,45609,45609,0,0,3322.48,3289.98,3322.48,3289.98,0,0,22424.45,22424.45,1824.9,1920.5,0,0,0,0,0
"03271414",1,"2015","2014",3,0,0,"3",-0.45,-0.45,"0","T",0,0,0,"D",0,"D",0,"D",0,"D",0,"D",0,"D",0,"D",0,"D",0,"D",600,"D",0,"D",0,"D",1,"D",0,"D",0,0,0,0,0,0,0,0,0,0,0,0,0,0,0,0,0,0,0,0,0,0,0,0,0,0,0,0,0,0,0,0,0,0,0,0,0,0,0
"03271434",1,"2015","2014",0,0.153,0.153,"2",0.15,0.15,"33","D",0.0645,0.0645,0,"D",0,"D",33931,"D",58991,"D",0,"D",0,"D",0,"D",0,"D",0,"D",7500,"D",110,"D",0,"D",0,"D",400,"D",9951,4310,9985.8,9925.8,4326.27,4297.84,14217.07,14217.07,92922,92922,92922.01,92922.01,0,0,0,0,0,0,0,0,92922,92922,0,0,9985.8,9925.8,9985.8,9925.8,15650,15850,0,0,0,0,0,0,0,0,0
"03271434",2,"2015","2014",0,0.153,0.153,"1",0.15,0.15,"33","D",0.0645,0.0645,0,"D",0,"D",29958,"D",0,"D",0,"D",0,"D",0,"D",0,"D",0,"D",0,"D",0,"D",0,"D",0,"D",0,"D",2500,1092,2517.45,2487.45,1100.3,1086.09,4583.57,4583.57,29958,29958,29958.01,29958.01,0,0,0,0,0,0,0,0,29958,29958,0,0,2517.45,2487.45,2517.45,2487.45,7800,7900,0,0,0,0,0,0,0,0,0
"03271434",3,"2015","2014",0,0.153,0.153,"1",0.15,0.15,"33","D",0.0657,0.0657,0,"D",0,"D",27351,"D",0,"D",0,"D",0,"D",0,"D",0,"D",0,"D",0,"D",0,"D",0,"D",0,"D",0,"D",2109,908,2126.4,2096.4,914.42,903.45,4184.7,4184.7,27351,27351,27351.01,27351.01,0,0,0,0,0,0,0,0,27351,27351,0,0,2126.4,2096.4,2126.4,2096.4,7800,7900,0,0,0,0,0,0,0,0,0
"03271434",4,"2015","2014",1,0,0,"3",-0.34,-0.34,"33","D",-0.102,-0.102,0,"D",0,"D",0,"D",0,"D",0,"D",0,"D",0,"D",0,"D",0,"D",0,"D",0,"D",0,"D",0,"D",0,"D",0,-100,0,0,-100,-100,0,0,0,0,0.01,0.01,0,0,0,0,0,0,0,0,0,0,0,0,0,0,0,0,10950,11100,0,0,0,0,0,0,0,0,0
"03271444",1,"2015","2014",1,0,0,"3",-0.34,-0.34,"33","D",-0.102,-0.102,0,"D",0,"D",0,"D",0,"D",0,"D",0,"D",0,"D",0,"D",6600,"D",0,"D",0,"D",0,"D",0,"D",27,"D",0,-100,0,0,-100,-100,0,0,0,0,0.01,0.01,0,0,0,0,0,0,0,0,0,0,0,0,0,0,0,0,10950,11100,0,0,0,0,0,0,0,0,0
"03271454",1,"2015","2014",2,0.153,0.153,"3",0,0,"10","D",0,0,0,"D",0,"D",16960,"D",0,"D",-1044,"D",0,"D",0,"D",0,"D",15600,"D",0,"D",140,"D",0,"D",2,"D",144,"D",-7511,0,-7460,-7548,0,0,2594.88,2594.88,15916,15916,0,0,0,0,2000,2000,0,0,5460,5548,15916,15916,0,0,0,0,0,0,0,0,0,0,0,0,0,0,0,0,0
"03271454",2,"2015","2014",0,0.153,0.153,"1",0.1,0.1,"10","D",0,0,0,"D",0,"D",18710,"D",0,"D",0,"D",0,"D",0,"D",0,"D",0,"D",0,"D",0,"D",0,"D",0,"D",0,"D",847,0,856,841,0,0,2862.63,2862.63,18710,18710,0,0,0,0,0,0,0,0,0,0,18710,18710,0,0,856,841,856,841,0,0,0,0,0,0,0,0,0,0,0
"03271474",1,"2015","2014",0,0.153,0.153,"1",0.1,0.1,"21","D",0.0475,0.0475,0,"D",0,"D",12647,"D",0,"D",0,"D",6102,"D",0,"D",0,"D",4296,"D",0,"D",0,"D",0,"D",0,"D",0,"D",851,591,859.9,844.9,591.08,591.08,1934.99,1934.99,18749,18749,18749.01,18749.01,0,0,0,0,0,0,0,0,18749,18749,0,0,859.9,844.9,859.9,844.9,2000,2000,0,0,0,0,0,0,0,0,0
"03271494",1,"2015","2014",0,0,0,"1",-0.0765,-0.0765,"0","T",0,0,0,"D",0,"D",0,"D",0,"D",0,"D",0,"D",20326,"D",0,"D",0,"D",500,"D",0,"D",0,"D",0,"D",200,"D",0,0,0,0,0,0,0,0,0,0,0,0,0,0,0,0,0,0,0,0,0,0,0,0,0,0,0,0,0,0,0,0,0,0,0,0,0,0,0
"03271504",1,"2015","2014",0,0.153,0.153,"1",0.1429,0.1429,"21","D",0.0475,0.0475,0,"D",0,"D",65000,"D",0,"D",-13000,"D",0,"D",0,"D",0,"D",0,"D",3000,"D",95,"D",0,"D",0,"D",16808,"D",3562,1320,3570.28,3555.28,1320.11,1320.11,9945,9945,52000,52000,52000.01,52000.01,0,0,0,0,0,0,0,0,35192,35192,0,0,3570.28,3555.28,3570.28,3555.28,2000,2000,19903,19903,0,0,0,0,0,0,0
"03271514",1,"2015","2014",2,0.153,0.153,"2",0.0991,0.0991,"44","D",0,0,0,"D",0,"D",58948,"D",0,"D",0,"D",0,"D",0,"D",0,"D",0,"D",6500,"D",0,"D",0,"D",2,"D",26340,"D",-1067,0,-1055.27,-1075.27,0,0,9019.04,9019.04,58948,58948,0,0,944.73,924.73,1055.27,1075.27,0,0,0,0,32608,32608,0,0,944.73,924.73,944.73,924.73,0,0,0,0,0,0,0,0,0,0,0
"03271544",1,"2015","2014",0,0.153,0.153,"1",0.1765,0.1765,"47","D",0.0653,0.0653,0,"D",0,"D",13000,"D",0,"D",0,"D",0,"D",15096,"D",0,"D",0,"D",2050,"D",1567,"D",0,"D",0,"D",600,"D",144,297,163.09,130.38,299.12,295.58,1989,1989,13000,13000,13000.01,13000.01,0,0,0,0,0,0,121.91,139.62,13000,13000,0,0,285,270,285,270,3000,3000,0,0,0,0,0,0,24.38,27.92,0
"03271564",1,"2015","2014",0,0,0,"1",-0.0765,-0.0765,"05","D",0,0,0,"D",0,"D",0,"D",0,"D",0,"D",0,"D",0,"D",0,"D",5460,"D",0,"D",0,"D",0,"D",0,"D",300,"D",0,0,0,0,0,0,0,0,0,0,0.01,0.01,0,0,0,0,0,0,0,0,0,0,0,0,0,0,0,0,3992,4044,300,300,0,0,0,0,0,0,0
"03271584",1,"2015","2014",2,0,0,"3",-0.4,-0.4,"0","T",0,0,0,"D",0,"D",0,"D",0,"D",0,"D",0,"D",0,"D",0,"D",0,"D",770,"D",0,"D",0,"D",0,"D",2400,"D",0,0,0,0,0,0,0,0,0,0,0,0,0,0,0,0,0,0,0,0,0,0,0,0,0,0,0,0,0,0,0,0,0,0,0,0,0,0,0
"03271644",1,"2015","2014",0,0.153,0.153,"1",0.2275,0.2275,"38","D",0.09,0.09,0,"D",0,"D",75900,"D",0,"D",-1200,"D",0,"D",0,"D",0,"D",0,"D",2600,"D",1670,"D",0,"D",0,"D",9776,"D",8874,4456,8915.91,8844.91,4465.36,4449.36,11612.7,11612.7,74700,74700,74700.01,74700.01,0,0,0,0,0,0,0,0,64924,64924,0,0,8915.91,8844.91,8915.91,8844.91,2115.6,2144.96,14046,14046,0,0,0,0,0,0,0
"03271644",2,"2015","2014",0,0.153,0.153,"2",0.15,0.15,"38","D",0.09,0.09,0,"D",0,"D",50000,"D",40000,"D",0,"D",0,"D",0,"D",0,"D",0,"D",0,"D",0,"D",0,"D",0,"D",0,"D",9513,6287,9547.5,9487.5,6303.69,6275.41,13770,13770,90000,90000,90000.01,90000.01,0,0,0,0,0,0,0,0,90000,90000,0,0,9547.5,9487.5,9547.5,9487.5,4231.2,4289.91,0,0,0,0,0,0,0,0,0
"03271664",1,"2015","2014",0,0,0,"1",0,0,"18","D",0,0,1,"D",1,"D",0,"D",0,"D",0,"D",376,"D",21262,"D",0,"D",0,"D",550,"D",0,"D",0,"D",0,"D",1200,"D",0,0,0,0,0,0,0,0,376,376,0.01,0.01,0,0,0,0,0,0,0,0,376,376,0,0,0,0,0,0,2400,2440,1750,1750,0,0,0,0,0,0,0
"03271694",1,"2015","2014",0,0.0584,0.0584,"2",0.2596,0.2597,"33","D",0.0729,0.0726,0,"D",0,"D",145000,"D",45000,"D",0,"D",0,"D",0,"D",0,"D",0,"D",7000,"D",375,"D",0,"D",0,"D",8932,"D",30336,11439,30461.74,30245.95,11454.64,11427.1,25598,25784,190000,190000,190000.01,190000.01,0,0,0,0,0,0,0,0,181068,181068,0,0,30461.74,30245.95,30461.74,30245.95,15650,15850,16307,16307,0,0,0,0,0,0,0
"03271714",1,"2015","2014",1,0.0532,0.0532,"2",0.3199,0.3199,"39","D",0.0307,0.0307,0,"D",0,"D",228786,"D",31982,"D",100,"D",250,"D",0,"D",0,"D",0,"D",3300,"D",32,"D",0,"D",0,"D",4240,"D",52775,8016,53022.59,52597.59,8016.32,8016.32,26132.95,26318.95,261118,261118,261118.01,261118.01,0,0,0,0,0,0,0,0,256878,256878,0,0,53018.79,52593.79,53018.79,52593.79,0,0,0,0,0,0,0,0,0,0,0
"03271734",1,"2015","2014",8,0.153,0.153,"2",0.0606,0.0606,"34","D",0.0575,0.058,0,"D",0,"D",35499,"D",0,"D",0,"D",0,"D",0,"D",0,"D",43356,"D",0,"D",0,"D",0,"D",6,"D",0,"D",-8546,433,-8440.32,-8621.45,438.94,428.69,5431.35,5431.35,35499,35499,35499.01,35499.01,0,0,4874.85,4874.85,0,0,3565.47,3746.6,35499,35499,0,0,0,0,0,0,15000,15000,0,0,0,0,0,0,0,0,0
"03271744",1,"2015","2014",0,0,0,"1",0,0,"21","D",0,0,1,"D",1,"D",0,"D",0,"D",0,"D",0,"D",18466,"D",0,"D",0,"D",2500,"D",0,"D",0,"D",0,"D",260,"D",0,0,0,0,0,0,0,0,0,0,0.01,0.01,0,0,0,0,0,0,0,0,0,0,0,0,0,0,0,0,1500,1500,0,0,0,0,0,0,0,0,0
"03271754",1,"2015","2014",2,0.0605,0.0605,"2",0.2339,0.2339,"33","D",0.0645,0.0645,0,"D",0,"D",132000,"D",45000,"D",-17832,"D",0,"D",0,"D",0,"D",0,"D",9700,"D",30,"D",0,"D",2,"D",6344,"D",21210,8896,21260.86,21173.36,9100.56,8750.56,25221,25407,159168,159168,159168.01,159168.01,0,0,0,0,0,0,0,0,152824,152824,0,0,21260.86,21173.36,21260.86,21173.36,15650,15850,16074,16074,0,0,0,0,0,0,0
"03271774",1,"2015","2014",1,0.153,0.153,"3",0.2598,0.2598,"0","T",0,0,0,"D",0,"D",28868,"D",0,"D",0,"D",0,"D",0,"D",0,"D",0,"D",300,"D",0,"D",0,"D",0,"D",0,"D",-430,0,-354.33,-484.46,0,0,4416.8,4416.8,28868,28868,0,0,0,0,0,0,0,0,1541.13,1646.26,28868,28868,0,0,1186.8,1161.8,1186.8,1161.8,0,0,0,0,0,0,0,0,0,0,0
"03271784",1,"2015","2014",2,0.153,0.153,"2",0.15,0.15,"02","D",0,0,0,"D",0,"D",48000,"D",46000,"D",-2030,"D",0,"D",0,"D",0,"D",0,"D",2000,"D",0,"D",0,"D",2,"D",8096,"D",6614,0,6658,6583,0,0,14382,14382,91970,91970,0,0,2000,2000,0,0,0,0,0,0,91970,91970,0,0,8658,8583,8658,8583,0,0,0,0,0,0,0,0,0,0,0
"03271794",1,"2015","2014",2,0.153,0.153,"3",-0.4,-0.4,"19","D",-0.014,-0.014,0,"D",0,"D",10033,"D",0,"D",0,"D",0,"D",0,"D",0,"D",0,"D",500,"D",0,"D",0,"D",1,"D",0,"D",-5013,-140,-5013.2,-5013.2,-140.46,-140.46,1535.05,1535.05,10033,10033,10033.01,10033.01,0,0,1000,1000,0,0,4013.2,4013.2,10033,10033,0,0,0,0,0,0,0,0,0,0,0,0,0,0,140.46,140.46,0
"03271794",2,"2015","2014",2,0,0,"3",-0.4,-0.4,"19","D",-0.014,-0.014,0,"D",0,"D",0,"D",0,"D",0,"D",0,"D",0,"D",0,"D",0,"D",0,"D",0,"D",0,"D",1,"D",0,"D",0,0,0,0,0,0,0,0,0,0,0.01,0.01,0,0,0,0,0,0,0,0,0,0,0,0,0,0,0,0,0,0,0,0,0,0,0,0,0,0,0
"03271834",1,"2015","2014",2,0.153,0.153,"2",0.15,0.15,"48","D",0,0,0,"D",0,"D",46902,"D",29312,"D",0,"D",0,"D",0,"D",0,"D",12600,"D",0,"D",80,"D",0,"D",2,"D",0,"D",4251,0,4294.6,4219.6,0,0,11660.74,11660.74,76214,76214,0,0,2000,2000,0,0,0,0,0,0,76214,76214,0,0,6294.6,6219.6,6294.6,6219.6,0,0,0,0,0,0,0,0,0,0,0
"03271854",1,"2015","2014",0,0,0,"2",0.15,0.15,"05","D",0,0,1,"D",1,"D",0,"D",0,"D",0,"D",26578,"D",16582,"D",0,"D",0,"D",2400,"D",2700,"D",0,"D",0,"D",540,"D",631,0,651.25,616.25,0,0,0,0,28012.5,28012.5,26578.01,26578.01,0,0,0,0,0,0,0,0,28012.5,28012.5,0,0,651.25,616.25,651.25,616.25,7984,8088,5640,5640,0,0,0,0,0,0,0
"03271864",1,"2015","2014",0,0.153,0.153,"1",0.1,0.1,"44","D",0,0,0,"D",0,"D",16000,"D",0,"D",0,"D",0,"D",0,"D",0,"D",7020,"D",0,"D",0,"D",0,"D",0,"D",0,"D",576,0,585,570,0,0,2448,2448,16000,16000,0,0,0,0,0,0,0,0,0,0,16000,16000,0,0,585,570,585,570,0,0,0,0,0,0,0,0,0,0,0
"03271904",1,"2015","2014",0,0.153,0.153,"1",0.1,0.1,"31","D",0.014,0.014,0,"D",0,"D",15600,"D",0,"D",-1094,"D",0,"D",0,"D",0,"D",2940,"D",0,"D",15,"D",0,"D",0,"D",700,"D",427,54,435.6,420.6,54.4,54.4,2386.8,2386.8,14506,14506,15600.01,15600.01,0,0,0,0,0,0,0,0,14506,14506,0,0,435.6,420.6,435.6,420.6,0,0,0,0,0,0,0,0,0,0,0
"03271934",1,"2015","2014",2,0,0,"3",-0.4,-0.4,"43","D",0,0,0,"D",0,"D",0,"D",0,"D",0,"D",0,"D",0,"D",0,"D",0,"D",980,"D",0,"D",0,"D",0,"D",520,"D",0,0,0,0,0,0,0,0,0,0,0,0,0,0,0,0,0,0,0,0,0,0,0,0,0,0,0,0,0,0,0,0,0,0,0,0,0,0,0
"03271974",1,"2015","2014",0,0,0,"1",-0.0765,-0.0765,"36","D",0,0,0,"D",0,"D",0,"D",0,"D",0,"D",0,"D",0,"D",0,"D",21600,"D",0,"D",0,"D",0,"D",0,"D",0,"D",0,0,0,0,0,0,0,0,0,0,0.01,0.01,0,0,0,0,0,0,0,0,0,0,0,0,0,0,0,0,0,0,0,0,0,0,0,0,0,0,0
"03271974",3,"2015","2014",0,0.153,0.153,"1",0.1765,0.1765,"36","D",0.0275,0.0288,0,"D",0,"D",13000,"D",0,"D",0,"D",0,"D",0,"D",0,"D",0,"D",0,"D",0,"D",0,"D",0,"D",0,"D",144,54,163.09,130.38,58.68,51.18,1989,1989,13000,13000,13000.01,13000.01,0,0,0,0,0,0,121.91,139.62,13000,13000,0,0,285,270,285,270,0,0,0,0,0,0,0,0,12.19,13.96,0
"03272004",1,"2015","2014",0,0,0,"1",0,0,"10","D",0,0,0,"D",0,"D",0,"D",0,"D",3955,"D",0,"D",0,"D",0,"D",0,"D",2700,"D",0,"D",0,"D",0,"D",0,"D",0,0,0,0,0,0,0,0,3955,3955,0,0,0,0,0,0,0,0,0,0,3955,3955,0,0,0,0,0,0,0,0,0,0,0,0,0,0,0,0,0
"03272014",1,"2015","2014",0,0.153,0.153,"1",0.25,0.25,"0","T",0,0,0,"D",0,"D",63000,"D",0,"D",0,"D",0,"D",0,"D",0,"D",0,"D",1500,"D",0,"D",0,"D",0,"D",5460,"D",8835,0,8878.75,8803.75,0,0,9639,9639,63000,63000,0,0,0,0,0,0,0,0,0,0,57540,57540,0,0,8878.75,8803.75,8878.75,8803.75,0,0,0,0,0,0,0,0,0,0,0
"03272024",1,"2015","2014",0,0,0,"1",-0.0765,-0.0765,"07","D",-0.021,-0.021,0,"D",0,"D",0,"D",0,"D",0,"D",0,"D",14810,"D",0,"D",0,"D",9200,"D",0,"D",0,"D",0,"D",0,"D",0,0,0,0,0,0,0,0,0,0,0.01,0.01,0,0,0,0,0,0,0,0,0,0,0,0,0,0,0,0,0,0,0,0,0,0,0,0,0,0,0
"03272044",1,"2015","2014",1,0.153,0.153,"2",0.15,0.15,"0","T",0,0,0,"D",0,"D",59025,"D",0,"D",0,"D",0,"D",0,"D",0,"D",0,"D",2400,"D",0,"D",0,"D",1,"D",240,"D",3269,0,3308.75,3241.25,0,0,9030.82,9030.82,59025,59025,0,0,1000,1000,0,0,0,0,0,0,59025,59025,0,0,4308.75,4241.25,4308.75,4241.25,0,0,0,0,0,0,0,0,0,0,0
"03272044",2,"2015","2014",0,0.153,0.153,"1",0,0,"0","T",0,0,0,"D",0,"D",7042,"D",0,"D",0,"D",0,"D",0,"D",0,"D",0,"D",0,"D",0,"D",0,"D",0,"D",0,"D",-500,0,-496,-503,0,0,1077.43,1077.43,7042,7042,0,0,0,0,0,0,0,0,496,503,7042,7042,0,0,0,0,0,0,0,0,0,0,0,0,0,0,0,0,0
"03272084",1,"2015","2014",0,0.153,0.153,"1",0.15,0.15,"19","D",0.034,0.034,0,"D",0,"D",39000,"D",0,"D",0,"D",0,"D",0,"D",0,"D",14400,"D",0,"D",0,"D",0,"D",0,"D",0,"D",3856,1076,3873.75,3843.75,1075.05,1076.25,5967,5967,39000,39000,39000.01,39000.01,0,0,0,0,0,0,0,0,39000,39000,0,0,3873.75,3843.75,3873.75,3843.75,0,0,0,0,0,0,0,0,0,0,0
"03272084",2,"2015","2014",0,0.153,0.153,"1",0.15,0.15,"19","D",0.034,0.034,0,"D",0,"D",29000,"D",0,"D",0,"D",0,"D",0,"D",0,"D",0,"D",0,"D",0,"D",0,"D",0,"D",0,"D",2356,736,2373.75,2343.75,735.05,736.25,4437,4437,29000,29000,29000.01,29000.01,0,0,0,0,0,0,0,0,29000,29000,0,0,2373.75,2343.75,2373.75,2343.75,0,0,0,0,0,0,0,0,0,0,0
"03272084",3,"2015","2014",0,0.153,0.153,"1",0.25,0.25,"19","D",0.045,0.045,0,"D",0,"D",62000,"D",0,"D",0,"D",0,"D",0,"D",0,"D",0,"D",0,"D",0,"D",0,"D",0,"D",0,"D",8760,1864,8818.75,8718.75,1860.88,1866.88,9486,9486,62000,62000,62000.01,62000.01,0,0,0,0,0,0,0,0,62000,62000,0,0,8818.75,8718.75,8818.75,8718.75,0,0,0,0,0,0,0,0,0,0,0
"03272094",1,"2015","2014",0,0,0,"1",0,0,"41","D",0,0,1,"D",1,"D",0,"D",0,"D",0,"D",0,"D",15130,"D",0,"D",0,"D",650,"D",64,"D",0,"D",0,"D",4340,"D",0,0,0,0,0,0,0,0,0,0,-15000,-15000,0,0,0,0,0,0,0,0,0,0,0,0,0,0,0,0,0,0,0,0,0,0,0,0,0,0,0
"03272184",1,"2015","2014",2,0.153,0.153,"3",0.15,0.15,"11","D",0.06,0.06,0,"D",0,"D",70000,"D",0,"D",0,"D",0,"D",0,"D",0,"D",9600,"D",0,"D",30,"D",0,"D",2,"D",0,"D",4678,3280,4710,4655,3280,3280,10710,10710,70000,70000,70000.01,70000.01,2000,2000,0,0,0,0,0,0,70000,70000,0,0,6710,6655,6710,6655,2300,2300,0,0,0,0,0,0,0,0,0
"03272184",2,"2015","2014",0,0.153,0.153,"1",0.15,0.15,"11","D",0.06,0.06,0,"D",0,"D",40000,"D",0,"D",0,"D",0,"D",0,"D",0,"D",0,"D",0,"D",0,"D",0,"D",0,"D",0,"D",4006,1910,4023.75,3993.75,1910,1910,6120,6120,40000,40000,40000.01,40000.01,0,0,0,0,0,0,0,0,40000,40000,0,0,4023.75,3993.75,4023.75,3993.75,2300,2300,0,0,0,0,0,0,0,0,0
"03272214",1,"2015","2014",0,0.153,0.153,"1",0.15,0.15,"33","D",0.06,0.06,0,"D",0,"D",23998,"D",0,"D",0,"D",0,"D",0,"D",0,"D",6600,"D",0,"D",0,"D",0,"D",0,"D",0,"D",1606,694,1623.45,1593.45,699.92,688.95,3671.69,3671.69,23998,23998,23998.01,23998.01,0,0,0,0,0,0,0,0,23998,23998,0,0,1623.45,1593.45,1623.45,1593.45,7800,7900,0,0,0,0,0,0,0,0,0
"03272274",1,"2015","2014",0,0,0,"1",0,0,"47","D",0,0,1,"D",1,"D",0,"D",0,"D",0,"D",1426,"D",18694,"D",0,"D",0,"D",1700,"D",89,"D",0,"D",0,"D",1360,"D",0,0,0,0,0,0,0,0,1426,1426,1426.01,1426.01,0,0,0,0,0,0,0,0,1426,1426,0,0,0,0,0,0,0,0,0,0,0,0,0,0,0,0,0
"03272284",1,"2015","2014",0,0.153,0.153,"1",0.1455,0.1452,"36","D",0.0297,0.0317,0,"D",0,"D",43000,"D",0,"D",-1518,"D",0,"D",0,"D",0,"D",0,"D",3600,"D",0,"D",0,"D",0,"D",9504,"D",3068,889,3072.07,3065.8,922.51,864.34,6579,6579,41482,41482,41482.01,41482.01,0,0,0,0,0,0,0,0,31978,31978,0,0,3072.07,3065.8,3072.07,3065.8,0,0,0,0,0,0,0,0,0,0,0
"03272294",1,"2015","2014",5,0.153,0.153,"3",0.2106,0.2106,"19","D",0.0474,0.0474,0,"D",0,"D",25000,"D",0,"D",0,"D",0,"D",0,"D",0,"D",8232,"D",0,"D",0,"D",0,"D",3,"D",0,"D",-7730,262,-7633,-7799.39,317.85,222.02,3825,3825,25000,25000,25000.01,25000.01,0,0,3000,3000,0,0,4633,4799.39,25000,25000,0,0,0,0,0,0,0,0,0,0,0,0,0,0,162.15,167.98,0
"03272324",1,"2015","2014",6,0.153,0.153,"2",0.0606,0.0606,"50","D",0.1419,0.1419,0,"D",0,"D",0,"D",24967,"D",0,"D",0,"D",0,"D",0,"D",0,"D",2700,"D",0,"D",0,"D",6,"D",6200,"D",-9184,-2075,-9078.56,-9259.69,-2038.93,-2100.52,3819.95,3819.95,24967,24967,24967.01,24967.01,0,0,3295.05,3295.05,0,0,5783.51,5964.64,24967,24967,0,0,0,0,0,0,17324,17699.26,6200,6200,72.54,72.54,0,0,1966.39,2027.98,0
"03272344",1,"2015","2014",0,0.153,0.153,"2",0.2775,0.2775,"0","T",0,0,1,"D",0,"D",0,"D",35000,"D",4500,"D",0,"D",16896,"D",0,"D",0,"D",1000,"D",0,"D",0,"D",0,"D",824,"D",3231,0,3375.87,3128.37,0,0,5355,5355,48855.8,48855.8,0,0,0,0,0,0,0,0,0,0,48855.8,48855.8,0,0,3375.87,3128.37,3375.87,3128.37,0,0,0,0,0,0,0,0,0,0,0
"03272354",1,"2015","2014",2,0.0324,0.0324,"2",0.35,0.35,"31","D",0.0637,0.0637,0,"D",0,"D",6899,"D",241175,"D",0,"D",0,"D",20436,"D",0,"D",0,"D",17680,"D",250,"D",0,"D",1,"D",0,"D",54968,10804,55312.61,54722.61,10804.31,10804.31,22557.62,22743.62,265444.6,265444.6,248074.01,248074.01,0,0,0,0,0,0,0,0,265444.6,265444.6,1117.39,1034.89,54195.22,53687.72,54195.22,53687.72,0,0,0,0,0,0,0,0,0,0,0
"03272364",1,"2015","2014",3,0.153,0.153,"3",0.3184,0.3184,"39","D",0,0,0,"D",0,"D",34000,"D",0,"D",-2532,"D",0,"D",0,"D",0,"D",5400,"D",0,"D",9,"D",1560,"D",2,"D",0,"D",-4616,0,-4498.35,-4699.74,0,0,5202,5202,31468,31468,31468.01,31468.01,239.25,204.25,1760.75,1795.75,417.55,417.55,2737.6,2903.99,31468,31468,0,0,656.8,621.8,656.8,621.8,0,0,0,0,0,0,0,0,0,0,0
"03272394",1,"2015","2014",1,0.153,0.153,"3",0.2598,0.2598,"36","D",0,0,0,"D",0,"D",25116,"D",0,"D",-6500,"D",0,"D",0,"D",0,"D",5640,"D",0,"D",103,"D",0,"D",0,"D",0,"D",-2055,0,-1979.1,-2109.23,0,0,3842.75,3842.75,18616,18616,18616.01,18616.01,0,0,0,0,0,0,2140.7,2245.83,18616,18616,0,0,161.6,136.6,161.6,136.6,0,0,0,0,0,0,0,0,214.07,224.58,0
"03272404",1,"2015","2014",0,0.153,0.153,"2",0.15,0.15,"10","D",0,0,0,"D",0,"D",79455,"D",2360,"D",0,"D",0,"D",0,"D",0,"D",15000,"D",0,"D",0,"D",0,"D",0,"D",0,"D",8285,0,8319.75,8259.75,0,0,12517.69,12517.69,81815,81815,0,0,0,0,0,0,0,0,0,0,81815,81815,0,0,8319.75,8259.75,8319.75,8259.75,0,0,0,0,0,0,0,0,0,0,0
"03272464",1,"2015","2014",0,0.153,0.153,"2",0,0,"29","D",0,0,1,"D",1,"D",13129,"D",0,"D",0,"D",0,"D",0,"D",0,"D",7200,"D",0,"D",0,"D",0,"D",0,"D",0,"D",-500,0,-496,-503,0,0,2008.74,2008.74,13129,13129,0,0,0,0,0,0,0,0,496,503,13129,13129,0,0,0,0,0,0,0,0,0,0,0,0,0,0,0,0,0
"03272474",1,"2015","2014",0,0,0,"1",0,0,"47","D",0,0,1,"D",1,"D",0,"D",0,"D",0,"D",0,"D",18110,"D",0,"D",0,"D",9000,"D",75,"D",0,"D",0,"D",0,"D",0,0,0,0,0,0,0,0,0,0,0.01,0.01,0,0,0,0,0,0,0,0,0,0,0,0,0,0,0,0,0,0,0,0,0,0,0,0,0,0,0
"03272484",1,"2015","2014",0,0,0,"1",0.15,0.15,"50","D",0,0,1,"D",1,"D",0,"D",0,"D",0,"D",15420,"D",25270,"D",0,"D",14840,"D",0,"D",9,"D",0,"D",0,"D",540,"D",516,0,524.75,509.75,0,0,0,0,16947.5,16947.5,15420.01,15420.01,0,0,0,0,0,0,0,0,16947.5,16947.5,0,0,524.75,509.75,524.75,509.75,9993.6,10193.25,540,540,0,0,0,0,0,0,0
"03272494",1,"2015","2014",0,0,0,"1",-0.0765,-0.0765,"23","D",0.0379,0.0379,0,"D",0,"D",0,"D",0,"D",0,"D",4043,"D",14252,"D",0,"D",0,"D",0,"D",0,"D",0,"D",0,"D",0,"D",0,2,0,0,1.83,1.83,0,0,4043,4043,4043.01,4043.01,0,0,0,0,0,0,0,0,4043,4043,0,0,0,0,0,0,0,0,0,0,0,0,0,0,0,0,0
"03272494",3,"2015","2014",0,0,0,"1",0,0,"23","D",0,0,1,"D",1,"D",0,"D",0,"D",0,"D",4043,"D",12048,"D",0,"D",0,"D",0,"D",0,"D",0,"D",0,"D",0,"D",0,0,0,0,0,0,0,0,4043,4043,0.01,0.01,0,0,0,0,0,0,0,0,4043,4043,0,0,0,0,0,0,0,0,0,0,0,0,0,0,0,0,0
"03272504",1,"2015","2014",2,0.153,0.153,"2",0.15,0.15,"33","D",0.1154,0.1154,0,"D",0,"D",25000,"D",36000,"D",5,"D",0,"D",0,"D",0,"D",14040,"D",0,"D",30,"D",4800,"D",2,"D",0,"D",1010,858,1053.25,978.25,1078.56,700.12,9333,9333,61005,61005,61005.01,61005.01,2000,2000,0,0,960,960,0,0,61005,61005,0,0,4013.25,3938.25,4013.25,3938.25,15650,15850,0,0,0,0,400.07,400.07,0,0,0
"03272514",1,"2015","2014",0,0.153,0.153,"2",0.225,0.225,"0","T",0,0,0,"D",0,"D",0,"D",33862,"D",0,"D",0,"D",19200,"D",0,"D",0,"D",300,"D",45,"D",0,"D",0,"D",0,"D",1951,0,1986.45,1926.45,0,0,5180.89,5180.89,39593,39593,0,0,0,0,0,0,0,0,0,0,39593,39593,0,0,1986.45,1926.45,1986.45,1926.45,0,0,0,0,0,0,0,0,0,0,0
"03272524",1,"2015","2014",0,0.153,0.153,"1",0.15,0.15,"0","T",0,0,0,"D",0,"D",40590,"D",0,"D",0,"D",0,"D",0,"D",0,"D",10200,"D",0,"D",0,"D",0,"D",0,"D",0,"D",4095,0,4112.25,4082.25,0,0,6210.27,6210.27,40590,40590,0,0,0,0,0,0,0,0,0,0,40590,40590,0,0,4112.25,4082.25,4112.25,4082.25,0,0,0,0,0,0,0,0,0,0,0
"03272534",1,"2015","2014",2,0.0586,0.0586,"2",0.2356,0.2356,"47","D",0.0575,0.0575,0,"D",0,"D",148696,"D",46680,"D",100,"D",0,"D",0,"D",0,"D",0,"D",6650,"D",2740,"D",0,"D",2,"D",26488,"D",25448,8448,25550,25375,8447.99,8447.99,25962.22,26148.22,195476,195476,195476.01,195476.01,0,0,0,0,0,0,0,0,168988,168988,0,0,25550,25375,25550,25375,6000,6000,35878,35878,0,0,0,0,0,0,0
"03272564",1,"2015","2014",0,0.153,0.153,"1",0.2267,0.2267,"05","D",0.093,0.093,0,"D",0,"D",58791,"D",0,"D",0,"D",0,"D",0,"D",0,"D",0,"D",3000,"D",0,"D",0,"D",0,"D",1200,"D",7858,2458,7897.06,7830.4,2477.75,2444.4,8995.02,8995.02,58791,58791,58791.01,58791.01,0,0,0,0,0,0,0,0,57591,57591,0,0,7897.06,7830.4,7897.06,7830.4,3992,4044,4200,4200,0,0,0,0,0,0,0
"03272574",1,"2015","2014",4,0.153,0.153,"2",0.3,0.3,"02","D",0,0,0,"D",0,"D",98000,"D",58000,"D",12420,"D",0,"D",0,"D",0,"D",0,"D",8000,"D",1625,"D",0,"D",4,"D",19568,"D",19398,0,19515,19315,0,0,23868,23868,168420,168420,0,0,1079,1079,0,0,0,0,0,0,148852,148852,0,0,20594,20394,20594,20394,0,0,0,0,0,0,0,0,0,0,0
"03272594",1,"2015","2014",0,0.153,0.153,"2",0.15,0.15,"0","T",0,0,0,"D",0,"D",50000,"D",0,"D",0,"D",0,"D",0,"D",0,"D",0,"D",400,"D",1550,"D",0,"D",0,"D",0,"D",3513,0,3547.5,3487.5,0,0,7650,7650,50000,50000,0,0,0,0,0,0,0,0,0,0,50000,50000,0,0,3547.5,3487.5,3547.5,3487.5,0,0,0,0,0,0,0,0,0,0,0
"03272614",1,"2015","2014",2,0.038,0.038,"2",0.325,0.325,"05","D",0.093,0.093,0,"D",0,"D",130000,"D",130000,"D",-15600,"D",0,"D",0,"D",0,"D",0,"D",10000,"D",800,"D",0,"D",2,"D",27896,"D",38557,13222,38845.3,38351.3,13266.05,13191.34,36646,37018,244400,244400,244400.01,244400.01,0,0,0,0,0,0,0,0,216504,216504,2139.68,1876.26,36705.63,36475.04,36705.62,36475.04,7984,8088,38696,38696,0,0,0,0,0,0,0
"03272634",1,"2015","2014",0,0.153,0.153,"1",0.15,0.15,"28","D",0.0684,0.0684,0,"D",0,"D",43000,"D",0,"D",-2500,"D",0,"D",0,"D",0,"D",10824,"D",0,"D",157,"D",0,"D",0,"D",480,"D",4081,1373,4098.75,4068.75,1385.92,1363.76,6579,6579,40500,40500,40500.01,40500.01,0,0,0,0,0,0,0,0,40500,40500,0,0,4098.75,4068.75,4098.75,4068.75,6200,6300,0,0,0,0,0,0,0,0,0
"03272654",1,"2015","2014",3,0.029,0.029,"2",0.2394,0.2394,"23","D",0.0425,0.0425,0,"D",0,"D",0,"D",140000,"D",0,"D",0,"D",0,"D",0,"D",0,"D",3000,"D",2400,"D",0,"D",1,"D",15240,"D",15231,5100,15340,15152.5,5100,5100,18568,18754,140000,140000,140000.01,140000.01,0,0,0,0,0,0,0,0,124760,124760,0,0,15340,15152.5,15340,15152.5,0,0,0,0,0,0,0,0,0,0,0
"03272654",2,"2015","2014",3,0,0,"3",-0.45,-0.45,"23","D",-0.0095,-0.0095,0,"D",0,"D",0,"D",0,"D",0,"D",0,"D",0,"D",0,"D",0,"D",0,"D",0,"D",0,"D",1,"D",0,"D",0,-459,0,0,-458.98,-458.98,0,0,0,0,0.01,0.01,0,0,0,0,0,0,0,0,0,0,0,0,0,0,0,0,0,0,0,0,0,0,0,0,0,0,0
"03272704",1,"2015","2014",0,0,0,"1",0,0,"31","D",0,0,1,"D",1,"D",0,"D",0,"D",0,"D",9600,"D",13200,"D",0,"D",0,"D",1100,"D",0,"D",0,"D",0,"D",520,"D",0,0,0,0,0,0,0,0,9600,9600,0,0,0,0,0,0,0,0,0,0,9600,9600,0,0,0,0,0,0,0,0,0,0,50,50,0,0,0,0,0
"03272724",1,"2015","2014",1,0.153,0.153,"3",0.15,0.15,"50","D",0.0702,0.0702,0,"D",0,"D",44540,"D",0,"D",0,"D",1316,"D",0,"D",0,"D",6420,"D",0,"D",290,"D",0,"D",0,"D",0,"D",3653,1928,3680.9,3633.4,1938.34,1920.78,6814.62,6814.62,45856,45856,45856.01,45856.01,0,0,0,0,0,0,0,0,45856,45856,0,0,3680.9,3633.4,3680.9,3633.4,6377.68,6577.95,0,0,0,0,0,0,0,0,0
"03272734",1,"2015","2014",3,0.153,0.153,"3",-0.45,-0.45,"43","D",0,0,0,"D",0,"D",810,"D",0,"D",0,"D",0,"D",0,"D",0,"D",1356,"D",0,"D",0,"D",0,"D",2,"D",0,"D",-365,0,-364.5,-364.5,0,0,123.93,123.93,810,810,0,0,0,0,0,0,0,0,364.5,364.5,810,810,0,0,0,0,0,0,0,0,0,0,0,0,0,0,0,0,0
"03272754",1,"2015","2014",2,0,0,"3",0,0,"10","D",0,0,0,"D",0,"D",0,"D",0,"D",6400,"D",0,"D",0,"D",0,"D",0,"D",2200,"D",60,"D",0,"D",0,"D",0,"D",0,0,0,0,0,0,0,0,6400,6400,0,0,0,0,0,0,0,0,0,0,6400,6400,0,0,0,0,0,0,0,0,0,0,0,0,0,0,0,0,0
"03272774",1,"2015","2014",0,0.153,0.153,"1",0.141,0.141,"11","D",0.06,0.06,0,"D",0,"D",40000,"D",0,"D",0,"D",0,"D",0,"D",0,"D",0,"D",4000,"D",30,"D",0,"D",0,"D",3396,"D",3591,1602,3599.48,3584.48,1602.44,1602.44,6120,6120,40000,40000,40000.01,40000.01,0,0,0,0,0,0,0,0,36604,36604,0,0,3599.48,3584.48,3599.48,3584.48,2300,2300,7426,7426,0,0,0,0,0,0,0
"03272824",1,"2015","2014",0,0.029,0.029,"1",0.2608,0.2608,"28","D",0.0684,0.0684,0,"D",0,"D",188365,"D",0,"D",0,"D",0,"D",0,"D",0,"D",6000,"D",0,"D",0,"D",0,"D",0,"D",0,"D",41407,11915,41473.24,41359.03,11923.97,11908.65,19970.58,20156.58,188365,188365,188365.01,188365.01,0,0,0,0,0,0,0,0,188365,188365,0,0,41473.24,41359.03,41473.24,41359.03,0,0,0,0,0,0,0,0,0,0,0
"03272834",1,"2015","2014",0,0,0,"1",0,0,"10","D",0,0,1,"D",1,"D",0,"D",0,"D",0,"D",0,"D",15128,"D",0,"D",0,"D",1400,"D",36,"D",0,"D",0,"D",3556,"D",0,0,0,0,0,0,0,0,0,0,0,0,0,0,0,0,0,0,0,0,0,0,0,0,0,0,0,0,0,0,0,0,0,0,0,0,0,0,0
"03272834",3,"2015","2014",0,0,0,"1",0,0,"10","D",0,0,1,"D",1,"D",0,"D",0,"D",0,"D",0,"D",13956,"D",0,"D",0,"D",0,"D",0,"D",0,"D",0,"D",0,"D",0,0,0,0,0,0,0,0,0,0,0,0,0,0,0,0,0,0,0,0,0,0,0,0,0,0,0,0,0,0,0,0,0,0,0,0,0,0,0
"03272864",1,"2015","2014",0,0.153,0.153,"1",0.15,0.15,"31","D",0.0175,0.0175,0,"D",0,"D",32914,"D",0,"D",0,"D",0,"D",0,"D",0,"D",0,"D",0,"D",0,"D",0,"D",0,"D",0,"D",2943,489,2960.85,2930.85,488.5,488.5,5035.84,5035.84,32914,32914,32914.01,32914.01,0,0,0,0,0,0,0,0,32914,32914,0,0,2960.85,2930.85,2960.85,2930.85,0,0,0,0,0,0,0,0,0,0,0
"03272894",1,"2015","2014",0,0.153,0.153,"1",0.1371,0.137,"24","D",0.0861,0.0867,0,"D",0,"D",40000,"D",0,"D",0,"D",0,"D",0,"D",0,"D",0,"D",1800,"D",412,"D",0,"D",0,"D",4316,"D",3784,1210,3790.13,3780.06,1229.5,1196.62,6120,6120,40000,40000,40000.01,40000.01,0,0,0,0,0,0,0,0,35684,35684,0,0,3790.13,3780.06,3790.13,3780.06,0,0,7757.5,7724.63,432,456,0,0,0,0,0
"03273024",1,"2015","2014",0,0,0,"2",0.1491,0.1491,"10","D",0,0,0,"D",0,"D",0,"D",0,"D",0,"D",96696,"D",0,"D",0,"D",0,"D",16180,"D",0,"D",0,"D",0,"D",30444,"D",5256,0,5273.21,5243.21,0,0,0,0,96696,96696,0,0,0,0,0,0,0,0,0,0,66252,66252,0,0,5273.21,5243.21,5273.21,5243.21,0,0,0,0,0,0,0,0,0,0,0
"03273034",1,"2015","2014",1,0,0,"3",-0.34,-0.34,"0","T",0,0,1,"D",1,"D",0,"D",0,"D",0,"D",0,"D",12658,"D",0,"D",0,"D",800,"D",0,"D",0,"D",0,"D",240,"D",0,0,0,0,0,0,0,0,0,0,0,0,0,0,0,0,0,0,0,0,0,0,0,0,0,0,0,0,0,0,0,0,0,0,0,0,0,0,0
"03273044",1,"2015","2014",0,0.0589,0.0589,"2",0.35,0.35,"33","D",0.0665,0.0665,0,"D",0,"D",46335,"D",228786,"D",0,"D",1645,"D",0,"D",0,"D",0,"D",7400,"D",0,"D",0,"D",0,"D",9448,"D",55624,17356,55968.3,55378.3,17364.21,17350.91,28458.14,28644.14,276766,276766,276766.01,276766.01,0,0,0,0,0,0,0,0,267318,267318,2628.05,2442.16,53340.25,52936.14,53340.25,52936.14,15650,15850,12636,12636,0,0,0,0,0,0,0
"03273044",2,"2015","2014",1,0,0,"3",-0.34,-0.34,"33","D",-0.102,-0.102,0,"D",0,"D",0,"D",0,"D",0,"D",0,"D",0,"D",0,"D",0,"D",0,"D",0,"D",0,"D",0,"D",0,"D",0,-100,0,0,-100,-100,0,0,0,0,0.01,0.01,0,0,0,0,0,0,0,0,0,0,0,0,0,0,0,0,10950,11100,0,0,0,0,0,0,0,0,0
"03273074",1,"2015","2014",0,0.153,0.153,"2",0.2775,0.2775,"10","D",0,0,2,"D",2,"D",0,"D",38335,"D",0,"D",2012,"D",30581,"D",0,"D",0,"D",800,"D",77,"D",0,"D",0,"D",0,"D",4080,0,4123.33,4048.33,0,0,5865.25,5865.25,56238.88,56238.88,0,0,0,0,0,0,0,0,0,0,56238.88,56238.88,0,0,4123.33,4048.33,4123.33,4048.33,0,0,0,0,0,0,0,0,0,0,0
"03273084",1,"2015","2014",0,0.153,0.153,"1",0.15,0.15,"0","T",0,0,0,"D",0,"D",47000,"D",0,"D",-8305,"D",0,"D",0,"D",0,"D",0,"D",0,"D",0,"D",0,"D",0,"D",0,"D",3811,0,3828,3798,0,0,7191,7191,38695,38695,0,0,0,0,0,0,0,0,0,0,38695,38695,0,0,3828,3798,3828,3798,0,0,0,0,0,0,0,0,0,0,0
"03273094",1,"2015","2014",1,0.153,0.153,"3",0.15,0.15,"44","D",0,0,0,"D",0,"D",45270,"D",0,"D",0,"D",0,"D",0,"D",0,"D",0,"D",1700,"D",45,"D",0,"D",0,"D",540,"D",3565,0,3593,3545.5,0,0,6926.31,6926.31,45270,45270,0,0,0,0,0,0,0,0,0,0,45270,45270,0,0,3593,3545.5,3593,3545.5,0,0,0,0,0,0,0,0,0,0,0
"03273094",2,"2015","2014",0,0,0,"2",-0.0765,-0.0765,"44","D",0,0,0,"D",0,"D",0,"D",0,"D",0,"D",0,"D",0,"D",0,"D",0,"D",0,"D",0,"D",0,"D",0,"D",0,"D",0,0,0,0,0,0,0,0,0,0,0,0,0,0,0,0,0,0,0,0,0,0,0,0,0,0,0,0,0,0,0,0,0,0,0,0,0,0,0
"03273134",1,"2015","2014",0,0,0,"1",0.1,0.1,"05","D",0.02,0.02,0,"D",0,"D",0,"D",0,"D",17810,"D",0,"D",0,"D",0,"D",0,"D",400,"D",0,"D",0,"D",0,"D",0,"D",757,89,766,751,90.87,87.83,0,0,17810,17810,17810.01,17810.01,0,0,0,0,0,0,0,0,17810,17810,0,0,766,751,766,751,3992,4044,400,400,0,0,0,0,0,0,0
"03273144",1,"2015","2014",0,0.153,0.153,"1",0.25,0.25,"11","D",0.06,0.06,0,"D",0,"D",70000,"D",0,"D",0,"D",0,"D",0,"D",0,"D",9600,"D",0,"D",0,"D",0,"D",0,"D",0,"D",10760,3710,10818.75,10718.75,3710,3710,10710,10710,70000,70000,70000.01,70000.01,0,0,0,0,0,0,0,0,70000,70000,0,0,10818.75,10718.75,10818.75,10718.75,2300,2300,0,0,0,0,0,0,0,0,0
"03273164",1,"2015","2014",0,0.153,0.153,"1",0.1765,0.1765,"37","D",0.0338,0.0338,0,"D",0,"D",9025,"D",0,"D",2800,"D",0,"D",0,"D",0,"D",4020,"D",0,"D",0,"D",0,"D",0,"D",0,"D",-63,18,-44.3,-77.01,20.66,16.77,1380.82,1380.82,11825,11825,11825.01,11825.01,0,0,0,0,0,0,211.8,229.51,11825,11825,0,0,167.5,152.5,167.5,152.5,6200,6300,0,0,0,0,0,0,10.59,11.48,0
"03273184",1,"2015","2014",1,0.153,0.153,"3",0.1413,0.1413,"18","D",0.058,0.058,0,"D",0,"D",61000,"D",0,"D",0,"D",0,"D",0,"D",0,"D",0,"D",3600,"D",180,"D",0,"D",0,"D",10556,"D",4777,2503,4791.72,4766.72,2502.51,2502.51,9333,9333,61000,61000,61000.01,61000.01,0,0,0,0,0,0,0,0,50444,50444,0,0,4791.72,4766.72,4791.72,4766.72,2400,2440,14336,14336,0,0,0,0,0,0,0
"03273214",1,"2015","2014",0,0.153,0.153,"1",0.1414,0.1413,"34","D",0.0575,0.058,0,"D",0,"D",33673,"D",0,"D",0,"D",0,"D",0,"D",0,"D",0,"D",990,"D",0,"D",0,"D",0,"D",4968,"D",2876,1510,2883.29,2870.26,1518.03,1504.95,5151.97,5151.97,33673,33673,33673.01,33673.01,0,0,0,0,0,0,0,0,28705,28705,0,0,2883.3,2870.26,2883.29,2870.26,7500,7500,5958,5958,0,0,0,0,0,0,0
"03273214",2,"2015","2014",0,0.153,0.153,"1",0.15,0.15,"34","D",0.0575,0.058,0,"D",0,"D",29478,"D",0,"D",0,"D",0,"D",0,"D",0,"D",0,"D",0,"D",0,"D",0,"D",0,"D",0,"D",2428,1268,2445.45,2415.45,1274.72,1263.74,4510.13,4510.13,29478,29478,29478.01,29478.01,0,0,0,0,0,0,0,0,29478,29478,0,0,2445.45,2415.45,2445.45,2415.45,7500,7500,0,0,0,0,0,0,0,0,0
"03273224",1,"2015","2014",4,0,0,"3",-0.45,-0.45,"44","D",0,0,0,"D",0,"D",0,"D",0,"D",0,"D",0,"D",0,"D",0,"D",0,"D",1600,"D",0,"D",0,"D",0,"D",9535,"D",0,0,0,0,0,0,0,0,0,0,0,0,0,0,0,0,0,0,0,0,0,0,0,0,0,0,0,0,0,0,0,0,0,0,0,0,0,0,0
"03273224",2,"2015","2014",4,0,0,"3",-0.45,-0.45,"44","D",0,0,0,"D",0,"D",0,"D",0,"D",0,"D",0,"D",0,"D",0,"D",0,"D",0,"D",0,"D",0,"D",0,"D",0,"D",0,0,0,0,0,0,0,0,0,0,0,0,0,0,0,0,0,0,0,0,0,0,0,0,0,0,0,0,0,0,0,0,0,0,0,0,0,0,0
"03273274",1,"2015","2014",0,0.153,0.153,"1",0.15,0.15,"07","D",0.09,0.09,0,"D",0,"D",42000,"D",0,"D",-360,"D",0,"D",0,"D",0,"D",11700,"D",0,"D",509,"D",0,"D",0,"D",0,"D",4252,1610,4269.75,4239.75,1610.1,1610.1,6426,6426,41640,41640,41640.01,41640.01,0,0,0,0,0,0,0,0,41640,41640,0,0,4269.75,4239.75,4269.75,4239.75,0,0,0,0,0,0,0,0,0,0,0
"03273284",1,"2015","2014",0,0.153,0.153,"2",0,0,"10","D",0,0,1,"D",1,"D",0,"D",21300,"D",0,"D",0,"D",15094,"D",0,"D",0,"D",700,"D",0,"D",0,"D",0,"D",240,"D",0,0,0,0,0,0,3258.9,3258.9,21300,21300,0,0,0,0,0,0,0,0,0,0,21300,21300,0,0,0,0,0,0,0,0,0,0,0,0,0,0,0,0,0
"03273344",1,"2015","2014",0,0,0,"2",0,0,"23","D",0,0,2,"D",2,"D",0,"D",0,"D",0,"D",24000,"D",27632,"D",0,"D",0,"D",10100,"D",0,"D",0,"D",0,"D",13576,"D",0,-1200,0,0,-1200,-1200,0,0,26908,26908,0.01,0.01,0,0,0,0,0,0,0,0,13332,13332,0,0,0,0,0,0,0,0,0,0,1200,1200,0,0,0,0,0
"03273394",1,"2015","2014",0,0.153,0.153,"2",0.15,0.15,"0","T",0,0,0,"D",0,"D",62400,"D",7260,"D",0,"D",0,"D",0,"D",0,"D",8400,"D",0,"D",0,"D",0,"D",0,"D",0,"D",6462,0,6496.5,6436.5,0,0,10657.98,10657.98,69660,69660,0,0,0,0,0,0,0,0,0,0,69660,69660,0,0,6496.5,6436.5,6496.5,6436.5,0,0,0,0,0,0,0,0,0,0,0
"03273424",1,"2015","2014",2,0,0,"3",-0.4,-0.4,"34","D",0,0,0,"D",0,"D",0,"D",0,"D",0,"D",0,"D",0,"D",0,"D",0,"D",700,"D",0,"D",0,"D",0,"D",2104,"D",0,0,0,0,0,0,0,0,0,0,0.01,0.01,0,0,0,0,0,0,0,0,0,0,0,0,0,0,0,0,12000,12000,2804,2804,0,0,0,0,0,0,0
"03273434",1,"2015","2014",0,0.153,0.153,"1",0.15,0.15,"44","D",0,0,0,"D",0,"D",36000,"D",0,"D",0,"D",0,"D",0,"D",0,"D",8892,"D",0,"D",4,"D",0,"D",0,"D",0,"D",3406,0,3423.75,3393.75,0,0,5508,5508,36000,36000,0,0,0,0,0,0,0,0,0,0,36000,36000,0,0,3423.75,3393.75,3423.75,3393.75,0,0,0,0,0,0,0,0,0,0,0
"03273474",1,"2015","2014",1,0,0,"3",-0.34,-0.34,"18","D",0,0,0,"D",0,"D",0,"D",0,"D",1000,"D",0,"D",0,"D",0,"D",0,"D",0,"D",0,"D",0,"D",0,"D",0,"D",0,0,0,0,0,0,0,0,1000,1000,1000.01,1000.01,0,0,0,0,0,0,0,0,1000,1000,0,0,0,0,0,0,2400,2440,0,0,0,0,0,0,0,0,0
"03273494",1,"2015","2014",0,0,0,"1",0,0,"33","D",0,0,1,"D",1,"D",0,"D",0,"D",0,"D",7716,"D",15862,"D",0,"D",2520,"D",0,"D",69,"D",0,"D",0,"D",0,"D",0,0,0,0,0,0,0,0,7716,7716,0.01,0.01,0,0,0,0,0,0,0,0,7716,7716,0,0,0,0,0,0,7800,7900,0,0,0,0,0,0,0,0,0
"03273504",1,"2015","2014",0,0.153,0.153,"1",0.1765,0.1765,"10","D",0,0,0,"D",0,"D",14000,"D",0,"D",0,"D",0,"D",0,"D",0,"D",9600,"D",0,"D",0,"D",0,"D",0,"D",0,"D",321,0,339.59,306.88,0,0,2142,2142,14000,14000,0,0,0,0,0,0,0,0,45.41,63.12,14000,14000,0,0,385,370,385,370,0,0,0,0,0,0,0,0,0,0,0
"03273554",1,"2015","2014",1,0,0,"3",-0.34,-0.34,"29","D",0,0,1,"D",1,"D",0,"D",0,"D",0,"D",0,"D",15862,"D",0,"D",7200,"D",0,"D",45,"D",0,"D",0,"D",1200,"D",0,0,0,0,0,0,0,0,0,0,0,0,0,0,0,0,0,0,0,0,0,0,0,0,0,0,0,0,0,0,0,0,0,0,0,0,0,0,0
"03273564",1,"2015","2014",4,0.153,0.153,"2",0.3095,0.3095,"05","D",0,0,0,"D",0,"D",1300,"D",38957,"D",0,"D",0,"D",0,"D",0,"D",0,"D",2500,"D",0,"D",0,"D",4,"D",10780,"D",-6434,0,-6311.12,-6522.25,0,0,6159.32,6159.32,40257,40257,40257.01,40257.01,252.31,222.31,3747.69,3777.69,0,0,2563.43,2744.57,29477,29477,0,0,252.31,222.31,252.31,222.31,7984,8088,13280,13280,0,0,0,0,0,0,0
"03273574",1,"2015","2014",0,0,0,"1",0,-0.0765,"36","D",0,0,1,"D",0,"D",0,"D",0,"D",0,"D",0,"D",0,"D",0,"D",6960,"D",0,"D",0,"D",0,"D",0,"D",0,"D",0,0,0,0,0,0,0,0,0,0,0.01,0.01,0,0,0,0,0,0,0,0,0,0,0,0,0,0,0,0,0,0,0,0,0,0,0,0,0,0,0
"03273594",1,"2015","2014",0,0.153,0.153,"1",0.15,0.15,"05","D",0.04,0.04,0,"D",0,"D",30000,"D",0,"D",-2400,"D",0,"D",0,"D",0,"D",0,"D",1100,"D",0,"D",0,"D",0,"D",0,"D",2146,386,2163.75,2133.75,391.38,382.53,4590,4590,27600,27600,27600.01,27600.01,0,0,0,0,0,0,0,0,27600,27600,0,0,2163.75,2133.75,2163.75,2133.75,3992,4044,1100,1100,0,0,0,0,0,0,0
"03273594",2,"2015","2014",0,0.153,0.153,"1",0.0765,0.0765,"05","D",0,0,0,"D",0,"D",8974,"D",0,"D",0,"D",0,"D",0,"D",0,"D",0,"D",0,"D",0,"D",0,"D",0,"D",0,"D",-440,0,-429.9,-447.61,0,0,1373.02,1373.02,8974,8974,8974.01,8974.01,0,0,0,0,0,0,429.9,447.61,8974,8974,0,0,0,0,0,0,3992,4044,0,0,0,0,0,0,0,0,0
"03273594",3,"2015","2014",0,0.153,0.153,"1",0.1765,0.1765,"05","D",0.02,0.02,0,"D",0,"D",14268,"D",0,"D",0,"D",0,"D",0,"D",0,"D",0,"D",0,"D",0,"D",0,"D",0,"D",0,"D",368,18,386.89,354.18,20.03,16.99,2183,2183,14268,14268,14268.01,14268.01,0,0,0,0,0,0,24.91,42.62,14268,14268,0,0,411.8,396.8,411.8,396.8,3992,4044,0,0,0,0,0,0,0,0,0
"03273624",1,"2015","2014",2,0,0,"3",-0.4,-0.4,"33","D",-0.12,-0.12,1,"D",1,"D",0,"D",0,"D",0,"D",0,"D",0,"D",0,"D",14400,"D",0,"D",0,"D",0,"D",1,"D",0,"D",0,-200,0,0,-200,-200,0,0,0,0,0.01,0.01,0,0,0,0,0,0,0,0,0,0,0,0,0,0,0,0,10950,11100,0,0,0,0,0,0,0,0,0
"03273644",1,"2015","2014",4,0.029,0.029,"2",0.2862,0.2862,"31","D",0.0553,0.0553,0,"D",0,"D",0,"D",150000,"D",-5500,"D",0,"D",0,"D",0,"D",0,"D",11000,"D",1260,"D",0,"D",4,"D",11108,"D",12549,4518,12666,12466,4518,4518,18858,19044,144500,144500,150000.01,150000.01,2275,2275,0,0,0,0,0,0,133392,133392,0,0,14941,14741,14941,14741,0,0,0,0,0,0,0,0,0,0,0
"03273654",1,"2015","2014",0,0,0,"1",0.1487,0.1487,"07","D",0,0,0,"D",0,"D",0,"D",0,"D",0,"D",16710,"D",20662,"D",0,"D",0,"D",4000,"D",190,"D",0,"D",0,"D",4444,"D",456,0,459.31,454.31,0,0,0,0,17730.5,17730.5,16710.01,16710.01,0,0,0,0,0,0,0,0,13286.5,13286.5,0,0,459.31,454.31,459.31,454.31,0,0,0,0,0,0,0,0,0,0,0
"03273674",1,"2015","2014",0,0,0,"1",0,0,"33","D",0.017,0.017,1,"D",1,"D",0,"D",0,"D",0,"D",0,"D",11304,"D",0,"D",0,"D",1900,"D",0,"D",0,"D",0,"D",0,"D",0,-200,0,0,-199.83,-199.83,0,0,0,0,0.01,0.01,0,0,0,0,0,0,0,0,0,0,0,0,0,0,0,0,7800,7900,0,0,199.83,199.83,0,0,0,0,0
"03273684",1,"2015","2014",2,0.153,0.153,"2",0.143,0.143,"26","D",0.0468,0.0468,0,"D",0,"D",40000,"D",60000,"D",-3488,"D",0,"D",0,"D",0,"D",0,"D",1500,"D",120,"D",0,"D",1,"D",11416,"D",7732,3240,7758.23,7712.82,3238.07,3240.79,15300,15300,96512,96512,96512.01,96512.01,1000,1000,0,0,0,0,0,0,85096,85096,0,0,8758.23,8712.82,8758.23,8712.82,0,0,20686,20686,0,0,0,0,0,0,0
"03273724",1,"2015","2014",2,0.153,0.153,"3",-0.4,-0.4,"25","D",0,0,0,"D",0,"D",1200,"D",0,"D",0,"D",0,"D",0,"D",0,"D",4200,"D",0,"D",0,"D",400,"D",2,"D",0,"D",-480,0,-480,-480,0,0,183.6,183.6,1200,1200,1200.01,1200.01,0,0,0,0,0,0,480,480,1200,1200,0,0,0,0,0,0,3400,3400,0,0,0,0,0,0,0,0,0
"03273744",1,"2015","2014",2,0,0,"3",-0.4,-0.4,"39","D",0,0,0,"D",0,"D",0,"D",0,"D",0,"D",0,"D",0,"D",0,"D",0,"D",600,"D",92,"D",0,"D",0,"D",202,"D",0,0,0,0,0,0,0,0,0,0,0.01,0.01,0,0,0,0,0,0,0,0,0,0,0,0,0,0,0,0,0,0,0,0,0,0,0,0,0,0,0
"03273794",1,"2015","2014",2,0,0,"3",-0.4,-0.4,"23","D",-0.0065,-0.0065,0,"D",0,"D",0,"D",0,"D",0,"D",0,"D",0,"D",0,"D",0,"D",3300,"D",0,"D",0,"D",0,"D",233,"D",0,-1581,0,0,-1580.98,-1580.98,0,0,0,0,0.01,0.01,0,0,0,0,0,0,0,0,0,0,0,0,0,0,0,0,0,0,0,0,1200,1200,0,0,0,0,0
"03273834",1,"2015","2014",3,0.153,0.153,"2",0.2106,0.2106,"47","D",0,0,0,"D",0,"D",0,"D",26000,"D",0,"D",0,"D",0,"D",0,"D",6000,"D",0,"D",0,"D",0,"D",3,"D",0,"D",-8672,0,-8565.96,-8747.09,0,0,3978,3978,26000,26000,26000.01,26000.01,0,0,3000,3000,0,0,5565.96,5747.09,26000,26000,0,0,0,0,0,0,6000,6000,0,0,0,0,0,0,1113.19,1149.42,0
"03273844",1,"2015","2014",0,0.153,0.153,"1",0.15,0.15,"0","T",0,0,0,"D",0,"D",34347,"D",0,"D",108,"D",0,"D",0,"D",0,"D",0,"D",350,"D",65,"D",0,"D",0,"D",1412,"D",3175,0,3192,3162,0,0,5255.09,5255.09,34455,34455,0,0,0,0,0,0,0,0,0,0,34455,34455,0,0,3192,3162,3192,3162,0,0,0,0,0,0,0,0,0,0,0
"03273904",1,"2015","2014",1,0.153,0.153,"3",0.3,0.3,"39","D",0.0307,0.0307,0,"D",0,"D",103000,"D",0,"D",-18000,"D",0,"D",0,"D",0,"D",8520,"D",0,"D",560,"D",0,"D",1,"D",0,"D",10824,2610,10912.5,10760,2609.5,2609.5,15759,15759,85000,85000,85000.01,85000.01,500,500,0,0,0,0,0,0,85000,85000,0,0,11412.5,11260,11412.5,11260,0,0,0,0,0,0,0,0,0,0,0
"03273924",1,"2015","2014",0,0.153,0.153,"2",0.15,0.15,"14","D",0.0375,0.05,0,"D",0,"D",5000,"D",57601,"D",0,"D",0,"D",0,"D",0,"D",0,"D",1200,"D",1480,"D",0,"D",0,"D",0,"D",5403,2431,5437.65,5377.65,2857.55,2126.29,9577.95,9577.95,62601,62601,62601.01,62601.01,0,0,0,0,0,0,0,0,62601,62601,0,0,5437.65,5377.65,5437.65,5377.65,0,0,0,0,60,60,0,0,0,0,0
"03273954",1,"2015","2014",0,0.153,0.153,"2",0.1489,0.1489,"10","D",0,0,0,"D",0,"D",11405,"D",47881,"D",0,"D",0,"D",0,"D",0,"D",0,"D",3700,"D",0,"D",0,"D",0,"D",10008,"D",4618,0,4635.53,4605.53,0,0,9070.76,9070.76,59286,59286,0,0,0,0,0,0,0,0,0,0,49278,49278,0,0,4635.53,4605.53,4635.53,4605.53,0,0,0,0,0,0,0,0,0,0,0
"03273954",2,"2015","2014",0,0.153,0.153,"1",0.1,0.1,"10","D",0,0,0,"D",0,"D",16134,"D",0,"D",0,"D",0,"D",0,"D",0,"D",0,"D",0,"D",0,"D",0,"D",0,"D",0,"D",590,0,598.4,583.4,0,0,2468.5,2468.5,16134,16134,0,0,0,0,0,0,0,0,0,0,16134,16134,0,0,598.4,583.4,598.4,583.4,0,0,0,0,0,0,0,0,0,0,0
"03273964",1,"2015","2014",3,0.153,0.153,"2",0.1488,0.1488,"05","D",0.06,0.06,0,"D",0,"D",0,"D",90000,"D",-4360,"D",0,"D",0,"D",0,"D",0,"D",6400,"D",20,"D",0,"D",3,"D",15724,"D",2445,521,2476.06,2423.56,545.04,504.42,13770,13770,85640,85640,85640.01,85640.01,3000,3000,0,0,0,0,0,0,69916,69916,0,0,5476.06,5423.56,5476.06,5423.56,7984,8088,22144,22144,0,0,0,0,0,0,0
"03273974",1,"2015","2014",1,0.153,0.153,"2",0.3098,0.15,"36","D",0.0457,0.0317,0,"D",0,"D",0,"D",44158,"D",0,"D",0,"D",0,"D",0,"D",0,"D",360,"D",600,"D",0,"D",1,"D",5416,"D",992,846,1078.7,929.38,883.72,819.82,6756.17,6756.17,44158,44158,44158.01,44158.01,1000,1000,0,0,0,0,0,81.82,44158,44158,0,0,2078.7,2011.2,2078.7,2011.2,0,0,0,0,0,0,0,0,0,8.18,0
"03273994",1,"2015","2014",0,0.153,0.153,"2",0.225,0.225,"0","T",0,0,0,"D",0,"D",0,"D",35279,"D",0,"D",1101,"D",10800,"D",0,"D",0,"D",450,"D",0,"D",0,"D",0,"D",0,"D",2203,0,2238,2178,0,0,5397.69,5397.69,41270,41270,0,0,0,0,0,0,0,0,0,0,41270,41270,0,0,2238,2178,2238,2178,0,0,0,0,0,0,0,0,0,0,0
"03274024",1,"2015","2014",0,0.0532,0.0532,"2",0.3189,0.3189,"01","D",0.0336,0.0336,0,"D",0,"D",33689,"D",241175,"D",0,"D",0,"D",0,"D",0,"D",0,"D",1200,"D",23,"D",0,"D",0,"D",7200,"D",57810,9622,58051.56,57638.13,9613.09,9628.02,26880.27,27066.27,274864,274864,274864.01,274864.01,0,0,0,0,0,0,0,0,267664,267664,0,0,58051.56,57638.13,58051.56,57638.13,4000,4000,19950.71,20065.46,0,0,0,0,0,0,0
"03274044",1,"2015","2014",0,0.153,0.153,"1",0.1,0.1,"44","D",0,0,0,"D",0,"D",18000,"D",0,"D",0,"D",0,"D",0,"D",0,"D",6000,"D",0,"D",0,"D",0,"D",0,"D",0,"D",776,0,785,770,0,0,2754,2754,18000,18000,0,0,0,0,0,0,0,0,0,0,18000,18000,0,0,785,770,785,770,0,0,0,0,0,0,0,0,0,0,0
"03274054",1,"2015","2014",1,0.153,0.153,"3",0.25,0.25,"0","T",0,0,0,"D",0,"D",73567,"D",0,"D",0,"D",0,"D",0,"D",0,"D",0,"D",580,"D",0,"D",0,"D",0,"D",3820,"D",8465,0,8554.25,8401.75,0,0,11255.75,11255.75,73567,73567,0,0,0,0,0,0,0,0,0,0,73567,73567,0,0,8554.25,8401.75,8554.25,8401.75,0,0,0,0,0,0,0,0,0,0,0
"03274064",1,"2015","2014",0,0.153,0.153,"1",0.15,0.25,"05","D",0.08,0.08,0,"D",0,"D",47520,"D",0,"D",0,"D",0,"D",0,"D",0,"D",10200,"D",0,"D",2,"D",0,"D",0,"D",300,"D",5154,1527,5198.75,5121.75,1544.35,1515.42,7270.56,7270.56,47520,47520,47520.01,47520.01,0,0,0,0,0,0,0,0,47520,47520,0,0,5198.75,5121.75,5198.75,5121.75,3992,4044,302,302,0,0,0,0,0,0,0
"03274074",1,"2015","2014",1,0.153,0.153,"2",0.2775,0.2775,"25","D",0.05,0.05,0,"D",0,"D",0,"D",42000,"D",0,"D",0,"D",10354,"D",0,"D",0,"D",0,"D",75,"D",0,"D",0,"D",1200,"D",2897,1045,2936.62,2869.12,1045,1045,6426,6426,49877.45,49877.45,42000.01,42000.01,0,0,0,0,0,0,0,0,49877.45,49877.45,0,0,2936.62,2869.12,2936.62,2869.12,4600,4600,1275,1275,0,0,0,0,0,0,0
"03274084",1,"2015","2014",4,0.153,0.153,"2",-0.15,-0.15,"0","T",0,0,0,"D",0,"D",0,"D",17685,"D",0,"D",0,"D",0,"D",0,"D",6900,"D",0,"D",60,"D",0,"D",4,"D",0,"D",-8404,0,-8345.75,-8444.75,0,0,2705.8,2705.8,17685,17685,0,0,0,0,2202.75,2202.75,0,0,6143,6242,17685,17685,0,0,0,0,0,0,0,0,0,0,0,0,0,0,0,0,0
"03274134",1,"2015","2014",2,0,0,"3",0,0,"05","D",0,0,0,"D",0,"D",0,"D",0,"D",7000,"D",6000,"D",0,"D",0,"D",0,"D",5000,"D",1150,"D",0,"D",0,"D",3732,"D",0,0,0,0,0,0,0,0,13000,13000,13000.01,13000.01,0,0,0,0,0,0,0,0,13000,13000,0,0,0,0,0,0,7984,8088,9882,9882,0,0,0,0,0,0,0
"03274144",1,"2015","2014",0,0.153,0.153,"2",0.15,0.15,"48","D",0,0,0,"D",0,"D",0,"D",62000,"D",20002,"D",0,"D",0,"D",0,"D",11980,"D",0,"D",0,"D",0,"D",0,"D",160,"D",8313,0,8347.8,8287.8,0,0,9486,9486,82002,82002,0,0,0,0,0,0,0,0,0,0,82002,82002,0,0,8347.8,8287.8,8347.8,8287.8,0,0,0,0,0,0,0,0,0,0,0
"03274154",1,"2015","2014",0,0,0,"1",-0.0765,-0.0765,"43","D",0,0,0,"D",0,"D",0,"D",0,"D",0,"D",0,"D",0,"D",0,"D",1124,"D",0,"D",0,"D",0,"D",0,"D",455,"D",0,0,0,0,0,0,0,0,0,0,0,0,0,0,0,0,0,0,0,0,0,0,0,0,0,0,0,0,0,0,0,0,0,0,0,0,0,0,0
"03274164",1,"2015","2014",0,0.153,0.153,"2",0.1425,0.1425,"37","D",0.0499,0.0499,0,"D",0,"D",35000,"D",40000,"D",-8000,"D",0,"D",0,"D",0,"D",0,"D",16180,"D",193,"D",0,"D",0,"D",8640,"D",3945,1622,3962.97,3932.97,1621.91,1621.91,11475,11475,67000,67000,67000.01,67000.01,0,0,0,0,0,0,0,0,58360,58360,0,0,3962.97,3932.97,3962.97,3932.97,12400,12600,26630.21,26630.21,0,0,0,0,0,0,0
"03274174",1,"2015","2014",2,0.153,0.153,"2",0.15,0.15,"29","D",0,0,0,"D",0,"D",50000,"D",44000,"D",0,"D",0,"D",0,"D",0,"D",13200,"D",0,"D",90,"D",0,"D",2,"D",0,"D",6919,0,6962.5,6887.5,0,0,14382,14382,94000,94000,0,0,2000,2000,0,0,0,0,0,0,94000,94000,0,0,8962.5,8887.5,8962.5,8887.5,0,0,0,0,0,0,0,0,0,0,0
"03274194",1,"2015","2014",0,0.153,0.153,"1",0.15,0.15,"0","T",0,0,0,"D",0,"D",47000,"D",0,"D",0,"D",0,"D",0,"D",0,"D",0,"D",560,"D",0,"D",0,"D",0,"D",3088,"D",5056,0,5073.75,5043.75,0,0,7191,7191,47000,47000,0,0,0,0,0,0,0,0,0,0,47000,47000,0,0,5073.75,5043.75,5073.75,5043.75,0,0,0,0,0,0,0,0,0,0,0
"03274214",1,"2015","2014",1,0.153,0.153,"3",0.3248,0.3248,"23","D",0.0731,0.0731,0,"D",0,"D",35399,"D",0,"D",0,"D",0,"D",0,"D",0,"D",12180,"D",0,"D",45,"D",4104,"D",1,"D",0,"D",-218,413,-129.14,-281.77,416.41,410.1,5416.05,5416.05,35399,35399,35399.01,35399.01,1000,1000,0,0,744.01,744.01,497.47,602.61,35399,35399,0,0,2112.35,2064.85,2112.35,2064.85,0,0,0,0,718.2,718.2,0,0,29.85,36.16,0
"03274214",2,"2015","2014",0,0.153,0.153,"1",0.1,0.1,"23","D",0.0425,0.0425,0,"D",0,"D",16919,"D",0,"D",0,"D",0,"D",0,"D",0,"D",0,"D",0,"D",0,"D",0,"D",0,"D",0,"D",668,549,676.9,661.9,549.06,549.06,2588.61,2588.61,16919,16919,16919.01,16919.01,0,0,0,0,0,0,0,0,16919,16919,0,0,676.9,661.9,676.9,661.9,0,0,0,0,0,0,0,0,0,0,0
"03274224",1,"2015","2014",2,0.153,0.153,"2",0.15,0.15,"50","D",0.0751,0.0751,0,"D",0,"D",44158,"D",55872,"D",0,"D",0,"D",0,"D",0,"D",0,"D",3300,"D",410,"D",0,"D",1,"D",1512,"D",8823,4751,8867,8792,4768.18,4737.98,15304.59,15304.59,100030,100030,100030.01,100030.01,1000,1000,0,0,0,0,0,0,100030,100030,0,0,9867,9792,9867,9792,2480.29,2855.55,1512,1512,0,0,0,0,0,0,0
"03274234",1,"2015","2014",1,0.153,0.153,"2",0.15,0.15,"10","D",0,0,0,"D",0,"D",50000,"D",35000,"D",0,"D",0,"D",0,"D",0,"D",0,"D",200,"D",0,"D",0,"D",1,"D",0,"D",7166,0,7205,7137.5,0,0,13005,13005,85000,85000,0,0,1000,1000,0,0,0,0,0,0,85000,85000,0,0,8205,8137.5,8205,8137.5,0,0,0,0,0,0,0,0,0,0,0
"03274254",1,"2015","2014",0,0,0,"1",0.2775,0.2775,"05","D",0.04,0.04,1,"D",1,"D",0,"D",0,"D",26112,"D",0,"D",20554,"D",0,"D",0,"D",1800,"D",5205,"D",0,"D",0,"D",0,"D",2670,99,2687.65,2657.65,103.34,95.57,0,0,32642.65,32642.65,26112.01,26112.01,0,0,0,0,0,0,0,0,32642.65,32642.65,0,0,2687.65,2657.65,2687.65,2657.65,3992,4044,7005,7005,0,0,0,0,0,0,0
"03274254",2,"2015","2014",1,0,0,"3",-0.34,-0.34,"05","D",0,0,0,"D",0,"D",0,"D",0,"D",0,"D",0,"D",0,"D",0,"D",0,"D",0,"D",0,"D",0,"D",0,"D",0,"D",0,0,0,0,0,0,0,0,0,0,0.01,0.01,0,0,0,0,0,0,0,0,0,0,0,0,0,0,0,0,7984,8088,0,0,0,0,0,0,0,0,0
"03274274",1,"2015","2014",2,0.153,0.153,"3",0.3606,0.3606,"44","D",0,0,0,"D",0,"D",35000,"D",0,"D",0,"D",1100,"D",0,"D",0,"D",0,"D",1800,"D",250,"D",0,"D",1,"D",0,"D",-1110,0,-987.34,-1197.73,0,0,5355,5355,36100,36100,0,0,1000,1000,0,0,0,0,1612.34,1767.73,36100,36100,0,0,1625,1570,1625,1570,0,0,0,0,0,0,0,0,0,0,0
"03274284",1,"2015","2014",4,0.153,0.153,"3",0.3097,0.3097,"29","D",0,0,0,"D",0,"D",37224,"D",0,"D",0,"D",0,"D",0,"D",0,"D",0,"D",2160,"D",1425,"D",0,"D",1,"D",5424,"D",-2388,0,-2275.91,-2467.31,0,0,5695.27,5695.27,37224,37224,0,0,782.71,757.71,217.29,242.29,0,0,2058.62,2225.02,31800,31800,0,0,782.71,757.71,782.71,757.71,0,0,0,0,0,0,0,0,0,0,0
"03274284",2,"2015","2014",0,0.153,0.153,"1",0.1,0.1,"29","D",0,0,0,"D",0,"D",15780,"D",0,"D",0,"D",0,"D",0,"D",0,"D",0,"D",0,"D",0,"D",0,"D",0,"D",0,"D",554,0,563,548,0,0,2414.34,2414.34,15780,15780,0,0,0,0,0,0,0,0,0,0,15780,15780,0,0,563,548,563,548,0,0,0,0,0,0,0,0,0,0,0
"03274314",1,"2015","2014",2,0,0,"3",0,0,"19","D",0,0,0,"D",0,"D",0,"D",0,"D",8000,"D",0,"D",0,"D",0,"D",14100,"D",0,"D",0,"D",0,"D",0,"D",6000,"D",0,0,0,0,0,0,0,0,8000,8000,8000.01,8000.01,0,0,0,0,0,0,0,0,8000,8000,0,0,0,0,0,0,0,0,0,0,0,0,0,0,0,0,0
"03274324",1,"2015","2014",1,0.153,0.153,"2",0.2346,0.2346,"08","D",0.0617,0.0617,0,"D",0,"D",58569,"D",83056,"D",0,"D",0,"D",0,"D",0,"D",0,"D",1100,"D",0,"D",0,"D",1,"D",8036,"D",20168,6436,20263.26,20100.76,6435.97,6435.97,21668.62,21668.62,141625,141625,141625.01,141625.01,0,0,0,0,0,0,0,0,133589,133589,0,0,20263.26,20100.76,20263.26,20100.76,6500,6500,9136,9136,0,0,0,0,0,0,0
"03274334",1,"2015","2014",4,0.029,0.029,"2",0.325,0.325,"21","D",0.055,0.055,0,"D",0,"D",228786,"D",0,"D",0,"D",0,"D",0,"D",0,"D",0,"D",9500,"D",2150,"D",0,"D",3,"D",10000,"D",39299,10402,39586.95,39092.95,10402.48,10402.48,21142.79,21328.79,228786,228786,228786.01,228786.01,0,0,0,0,0,0,0,0,218786,218786,3890.56,3676.06,35696.39,35416.89,35696.39,35416.89,4000,4000,21650,21650,0,0,0,0,0,0,0
"03274344",1,"2015","2014",6,0.153,0.153,"2",0.0994,0.149,"39","D",0,0,0,"D",0,"D",0,"D",64074,"D",0,"D",0,"D",0,"D",0,"D",0,"D",7000,"D",0,"D",0,"D",6,"D",5964,"D",-4130,0,-4087.54,-4160.03,0,0,9803.32,9803.32,64074,64074,64074.01,64074.01,1912.46,1839.97,4087.54,4160.03,0,0,0,0,58110,58110,0,0,1912.46,1839.97,1912.46,1839.97,0,0,0,0,0,0,0,0,0,0,0
"03274364",1,"2015","2014",0,0.153,0.153,"2",0.2775,0.2775,"36","D",0.0346,0.037,2,"D",1,"D",46425,"D",0,"D",0,"D",0,"D",25227,"D",0,"D",0,"D",3000,"D",0,"D",0,"D",0,"D",0,"D",5500,934,5648.66,5393.66,971.72,907.3,7103.02,7103.02,65207.73,65207.73,46425.01,46425.01,0,0,0,0,0,0,0,0,65207.73,65207.73,0,0,5648.66,5393.66,5648.66,5393.66,0,0,0,0,0,0,0,0,0,0,0
"03274374",1,"2015","2014",0,0.153,0.153,"1",0,0,"47","D",0,0,1,"D",1,"D",6206,"D",0,"D",2080,"D",1601,"D",21358,"D",0,"D",21096,"D",0,"D",147,"D",0,"D",0,"D",2400,"D",0,0,0,0,0,0,949.52,949.52,9887,9887,0,0,0,0,0,0,0,0,0,0,9887,9887,0,0,0,0,0,0,3000,3000,0,0,0,0,0,0,0,0,0
"03274424",1,"2015","2014",2,0.153,0.153,"3",0.15,0.15,"03","D",0.0288,0.0288,0,"D",0,"D",59055,"D",0,"D",134,"D",0,"D",0,"D",0,"D",9000,"D",0,"D",190,"D",0,"D",2,"D",0,"D",3056,1101,3088.35,3033.35,1104.68,1099.02,9035.41,9035.41,59189,59189,59189.01,59189.01,2000,2000,0,0,0,0,0,0,59189,59189,0,0,5088.35,5033.35,5088.35,5033.35,10018,10182,1294.69,1289.02,0,0,0,0,0,0,0
"03274434",1,"2015","2014",0,0,0,"1",0,0,"34","D",0,0,1,"D",1,"D",0,"D",0,"D",0,"D",0,"D",9360,"D",0,"D",0,"D",300,"D",60,"D",0,"D",0,"D",2520,"D",0,0,0,0,0,0,0,0,0,0,0.01,0.01,0,0,0,0,0,0,0,0,0,0,0,0,0,0,0,0,7500,7500,2820,2820,0,0,0,0,0,0,0
"03274454",1,"2015","2014",1,0.153,0.153,"3",0.15,0.15,"29","D",0,0,0,"D",0,"D",43758,"D",0,"D",0,"D",0,"D",0,"D",0,"D",12000,"D",0,"D",0,"D",0,"D",1,"D",0,"D",2338,0,2366.2,2318.7,0,0,6694.97,6694.97,43758,43758,0,0,1000,1000,0,0,0,0,0,0,43758,43758,0,0,3366.2,3318.7,3366.2,3318.7,0,0,0,0,0,0,0,0,0,0,0
"03274464",1,"2015","2014",0,0,0,"1",0,0,"11","D",0,0,1,"D",1,"D",0,"D",0,"D",-500,"D",0,"D",31510,"D",0,"D",43356,"D",0,"D",0,"D",0,"D",0,"D",0,"D",0,0,0,0,0,0,0,0,-500,-500,-500,-500,0,0,0,0,0,0,0,0,0,0,0,0,0,0,0,0,3600,3600,0,0,0,0,0,0,0,0,0
"03274474",1,"2015","2014",1,0.153,0.153,"3",-0.49,-0.49,"05","D",0,0,0,"D",0,"D",7012,"D",0,"D",0,"D",0,"D",0,"D",0,"D",0,"D",3500,"D",321,"D",0,"D",1,"D",0,"D",-2986,0,-2985.88,-2985.88,0,0,1072.84,1072.84,7012,7012,7012.01,7012.01,0,0,601.8,601.8,0,0,2384.08,2384.08,7012,7012,0,0,0,0,0,0,7984,8088,3821,3821,0,0,0,0,0,0,0
"03274474",2,"2015","2014",0,0,0,"1",-0.0765,-0.0765,"05","D",0,0,0,"D",0,"D",0,"D",0,"D",0,"D",0,"D",17062,"D",0,"D",0,"D",0,"D",0,"D",0,"D",0,"D",0,"D",0,0,0,0,0,0,0,0,0,0,0.01,0.01,0,0,0,0,0,0,0,0,0,0,0,0,0,0,0,0,3992,4044,0,0,0,0,0,0,0,0,0
"03274474",3,"2015","2014",0,0.153,0.153,"1",0.1765,0.1765,"05","D",0,0,0,"D",0,"D",12159,"D",0,"D",0,"D",0,"D",0,"D",0,"D",0,"D",0,"D",0,"D",0,"D",0,"D",0,"D",-4,0,14.65,-18.06,0,0,1860.33,1860.33,12159,12159,12159.01,12159.01,0,0,0,0,0,0,186.25,203.96,12159,12159,0,0,200.9,185.9,200.9,185.9,3992,4044,0,0,0,0,0,0,0,0,0
"03274494",1,"2015","2014",2,0.0589,0.0589,"2",0.3808,0.3802,"10","D",0,0,0,"D",0,"D",48535,"D",238786,"D",122040,"D",0,"D",0,"D",0,"D",0,"D",8500,"D",4601,"D",0,"D",2,"D",21756,"D",103256,0,103629.1,102989.8,0,0,29194.54,29380.54,409361,409361,0,0,0,0,0,0,0,0,0,0,387605,387605,0,0,98991.58,98352.28,98991.58,98352.28,0,0,0,0,0,0,0,0,0,0,0
"03274504",1,"2015","2014",1,0.153,0.153,"3",-0.34,-0.34,"05","D",0,0,0,"D",0,"D",880,"D",0,"D",0,"D",0,"D",0,"D",0,"D",14400,"D",0,"D",0,"D",0,"D",0,"D",0,"D",-299,0,-299.2,-299.2,0,0,134.64,134.64,880,880,880.01,880.01,0,0,0,0,0,0,299.2,299.2,880,880,0,0,0,0,0,0,7984,8088,0,0,0,0,0,0,0,0,0
"03274534",1,"2015","2014",0,0.153,0.153,"2",0.0765,0.0765,"33","D",0.025,0.025,0,"D",0,"D",0,"D",15640,"D",0,"D",0,"D",0,"D",0,"D",0,"D",1500,"D",450,"D",0,"D",0,"D",0,"D",-349,-150,-335.35,-358.41,-146.32,-153.24,2392.92,2392.92,15640,15640,15640.01,15640.01,0,0,0,0,0,0,335.35,358.41,15640,15640,0,0,0,0,0,0,15650,15850,0,0,45.72,45.72,0,0,100.6,107.52,0
"03274554",1,"2015","2014",0,0.029,0.029,"1",0.254,0.254,"05","D",0.093,0.093,0,"D",0,"D",160000,"D",0,"D",-2786,"D",0,"D",0,"D",0,"D",0,"D",4200,"D",110,"D",0,"D",0,"D",10428,"D",28917,10632,28980.73,28871.57,10651.06,10617.7,19148,19334,157214,157214,157214.01,157214.01,0,0,0,0,0,0,0,0,146786,146786,0,0,28980.73,28871.57,28980.73,28871.57,3992,4044,14738,14738,0,0,0,0,0,0,0
"03274584",1,"2015","2014",0,0.0775,0.0775,"2",0.2788,0.2788,"44","D",0,0,0,"D",0,"D",140000,"D",90000,"D",0,"D",0,"D",0,"D",0,"D",0,"D",5300,"D",1964,"D",0,"D",0,"D",9972,"D",44001,0,44131.12,43907.62,0,0,32338,32524,230000,230000,0,0,0,0,0,0,0,0,0,0,220028,220028,0,0,44131.12,43907.62,44131.12,43907.62,0,0,0,0,0,0,0,0,0,0,0
"03274624",1,"2015","2014",1,0,0,"3",-0.34,-0.34,"44","D",0,0,1,"D",1,"D",0,"D",0,"D",0,"D",1000,"D",25462,"D",0,"D",0,"D",4000,"D",0,"D",0,"D",1,"D",0,"D",0,0,0,0,0,0,0,0,1000,1000,0,0,0,0,0,0,0,0,0,0,1000,1000,0,0,0,0,0,0,0,0,0,0,0,0,0,0,0,0,0
"03274644",1,"2015","2014",2,0,0,"3",0,0,"05","D",0,0,0,"D",0,"D",0,"D",0,"D",7128,"D",0,"D",0,"D",0,"D",0,"D",7100,"D",0,"D",0,"D",0,"D",2988,"D",0,0,0,0,0,0,0,0,7128,7128,7128.01,7128.01,0,0,0,0,0,0,0,0,7128,7128,0,0,0,0,0,0,7984,8088,10088,10088,0,0,0,0,0,0,0
"03274684",1,"2015","2014",0,0,0,"1",0,0,"34","D",0,0,1,"D",1,"D",0,"D",0,"D",0,"D",0,"D",16066,"D",0,"D",0,"D",1500,"D",1607,"D",0,"D",0,"D",5393,"D",0,0,0,0,0,0,0,0,0,0,0.01,0.01,0,0,0,0,0,0,0,0,0,0,0,0,0,0,0,0,7500,7500,6893,6893,0,0,0,0,0,0,0
"03274694",1,"2015","2014",2,0.153,0.153,"2",0.15,0.15,"43","D",0,0,0,"D",0,"D",0,"D",47000,"D",53840,"D",0,"D",0,"D",0,"D",8400,"D",0,"D",180,"D",0,"D",1,"D",0,"D",8945,0,8988.5,8913.5,0,0,7191,7191,100840,100840,0,0,1000,1000,0,0,0,0,0,0,100840,100840,0,0,9988.5,9913.5,9988.5,9913.5,0,0,0,0,0,0,0,0,0,0,0
"03274734",1,"2015","2014",0,0.153,0.153,"1",0.15,0.15,"23","D",0.0635,0.0635,0,"D",0,"D",16766,"D",0,"D",13000,"D",0,"D",0,"D",0,"D",12000,"D",0,"D",60,"D",0,"D",0,"D",0,"D",2471,7,2488.65,2458.65,7.16,7.16,2565.2,2565.2,29766,29766,29766.01,29766.01,0,0,0,0,0,0,0,0,29766,29766,0,0,2488.65,2458.65,2488.65,2458.65,0,0,0,0,1087.89,1087.89,0,0,0,0,0
"03274734",2,"2015","2014",0,0.153,0.153,"1",0.15,0.15,"23","D",0.0425,0.0425,0,"D",0,"D",25184,"D",0,"D",0,"D",0,"D",0,"D",0,"D",0,"D",0,"D",0,"D",0,"D",0,"D",0,"D",1784,900,1801.35,1771.35,900.32,900.32,3853.15,3853.15,25184,25184,25184.01,25184.01,0,0,0,0,0,0,0,0,25184,25184,0,0,1801.35,1771.35,1801.35,1771.35,0,0,0,0,0,0,0,0,0,0,0
"03274734",3,"2015","2014",2,0,0,"3",-0.4,-0.4,"23","D",-0.0065,-0.0065,0,"D",0,"D",0,"D",0,"D",0,"D",0,"D",0,"D",0,"D",0,"D",0,"D",0,"D",0,"D",0,"D",0,"D",0,-381,0,0,-380.98,-380.98,0,0,0,0,0.01,0.01,0,0,0,0,0,0,0,0,0,0,0,0,0,0,0,0,0,0,0,0,0,0,0,0,0,0,0
"03274734",4,"2015","2014",2,0,0,"3",-0.4,-0.4,"23","D",-0.0065,-0.0065,0,"D",0,"D",0,"D",0,"D",0,"D",0,"D",0,"D",0,"D",0,"D",0,"D",0,"D",0,"D",0,"D",0,"D",0,-381,0,0,-380.98,-380.98,0,0,0,0,0.01,0.01,0,0,0,0,0,0,0,0,0,0,0,0,0,0,0,0,0,0,0,0,0,0,0,0,0,0,0
"03274744",1,"2015","2014",0,0.029,0.029,"2",0.254,0.325,"05","D",0.093,0.093,1,"D",0,"D",228786,"D",0,"D",3303,"D",0,"D",0,"D",0,"D",0,"D",7500,"D",300,"D",0,"D",0,"D",3476,"D",42555,15235,42780.73,42393.93,15337.19,15161.48,21142.79,21328.79,232089,232089,232089.01,232089.01,0,0,0,0,0,0,0,0,228613,228613,212.5,0,42568.23,42393.93,42568.23,42393.93,7984,8088,11276,11276,0,0,0,0,0,0,0
"03274744",2,"2015","2014",0,0,0,"1",0.25,0.25,"05","D",0.093,0.093,1,"D",1,"D",0,"D",0,"D",0,"D",96696,"D",0,"D",0,"D",0,"D",0,"D",0,"D",0,"D",0,"D",0,"D",17047,5891,17105.25,17005.25,5914.26,5875.07,0,0,96696,96696,96696.01,96696.01,0,0,0,0,0,0,0,0,96696,96696,0,0,17105.25,17005.25,17105.25,17005.25,3992,4044,0,0,0,0,0,0,0,0,0
"03274764",1,"2015","2014",0,0,0,"1",-0.0765,-0.0765,"09","D",-0.0465,-0.0006,0,"D",0,"D",0,"D",0,"D",0,"D",0,"D",0,"D",0,"D",0,"D",900,"D",0,"D",0,"D",0,"D",2878,"D",0,-900,0,0,-900,-900,0,0,0,0,0.01,0.01,0,0,0,0,0,0,0,0,0,0,0,0,0,0,0,0,4150,5200,0,0,900,900,0,0,0,0,0
"03274774",1,"2015","2014",0,0,0,"1",-0.0765,-0.0765,"12","D",0,0,0,"D",0,"D",0,"D",0,"D",0,"D",0,"D",17336,"D",0,"D",43356,"D",0,"D",1734,"D",0,"D",0,"D",441,"D",0,-135,0,0,-135,-135,0,0,0,0,0.01,0.01,0,0,0,0,0,0,0,0,0,0,0,0,0,0,0,0,2200,2200,2463.58,2463.58,0,0,0,0,0,0,0
"03274784",1,"2015","2014",0,0,0,"1",0,0,"19","D",0,0,1,"D",1,"D",0,"D",0,"D",0,"D",0,"D",2400,"D",0,"D",0,"D",110,"D",0,"D",0,"D",0,"D",1920,"D",0,0,0,0,0,0,0,0,0,0,0.01,0.01,0,0,0,0,0,0,0,0,0,0,0,0,0,0,0,0,0,0,0,0,0,0,0,0,0,0,0
"03274804",1,"2015","2014",0,0.153,0.153,"1",0.15,0.15,"44","D",0,0,0,"D",0,"D",30000,"D",0,"D",52,"D",0,"D",0,"D",0,"D",0,"D",500,"D",220,"D",0,"D",0,"D",0,"D",2514,0,2531.55,2501.55,0,0,4590,4590,30052,30052,0,0,0,0,0,0,0,0,0,0,30052,30052,0,0,2531.55,2501.55,2531.55,2501.55,0,0,0,0,0,0,0,0,0,0,0
"03274814",1,"2015","2014",2,0.038,0.038,"2",0.35,0.35,"05","D",0.093,0.093,0,"D",0,"D",228786,"D",228786,"D",0,"D",0,"D",0,"D",0,"D",43356,"D",0,"D",85,"D",0,"D",2,"D",600,"D",122003,36786,122347.2,121757.2,36829.27,36754.88,44153.74,44525.74,457572,457572,457572.01,457572.01,0,0,0,0,0,0,0,0,456972,456972,5923.01,5861.4,116424.19,115895.8,116424.19,115895.8,7984,8088,137,137,0,0,0,0,0,0,0
"03274824",1,"2015","2014",0,0,0,"2",0.15,0.15,"05","D",0.04,0.04,0,"D",0,"D",0,"D",0,"D",0,"D",50200,"D",0,"D",0,"D",0,"D",800,"D",586,"D",0,"D",0,"D",0,"D",3543,572,3577.5,3517.5,582.77,565.05,0,0,50200,50200,50200.01,50200.01,0,0,0,0,0,0,0,0,50200,50200,0,0,3577.5,3517.5,3577.5,3517.5,7984,8088,1386,1386,0,0,0,0,0,0,0
"03274844",1,"2015","2014",1,0.153,0.153,"3",0.2598,0.2598,"34","D",0.0575,0.058,0,"D",0,"D",26868,"D",0,"D",0,"D",0,"D",0,"D",0,"D",5580,"D",0,"D",0,"D",0,"D",0,"D",0,"D",-950,858,-873.93,-1004.06,862.34,854.91,4110.8,4110.8,26868,26868,26868.01,26868.01,0,0,0,0,0,0,1860.73,1965.86,26868,26868,0,0,986.8,961.8,986.8,961.8,12000,12000,0,0,0,0,0,0,0,0,0
"03274874",1,"2015","2014",0,0,0,"1",0,0,"10","D",0,0,1,"D",1,"D",0,"D",0,"D",0,"D",0,"D",877,"D",0,"D",3948,"D",0,"D",0,"D",0,"D",0,"D",0,"D",0,0,0,0,0,0,0,0,0,0,0,0,0,0,0,0,0,0,0,0,0,0,0,0,0,0,0,0,0,0,0,0,0,0,0,0,0,0,0
"03274884",1,"2015","2014",2,0.0424,0.0424,"2",0.2384,0.2384,"06","D",0.0463,0.0463,0,"D",0,"D",15687,"D",130000,"D",0,"D",0,"D",0,"D",0,"D",0,"D",2500,"D",240,"D",0,"D",1,"D",13904,"D",18618,5211,18712.46,18551.28,5243.15,5187.89,20678.11,20864.11,145687,145687,0,0,0,0,0,0,0,0,0,0,131783,131783,0,0,18712.46,18551.28,18712.46,18551.28,0,0,0,0,0,0,0,0,0,0,0
"03274884",2,"2015","2014",2,0,0,"3",-0.4,-0.4,"06","D",-0.04,0,0,"D",0,"D",0,"D",0,"D",0,"D",0,"D",0,"D",0,"D",0,"D",0,"D",0,"D",0,"D",1,"D",0,"D",0,-8,0,0,0,-13,0,0,0,0,0,0,0,0,0,0,0,0,0,0,0,0,0,0,0,0,0,0,0,0,0,0,0,0,0,0,0,0,0
"03274894",1,"2015","2014",0,0,0,"1",-0.0765,-0.0765,"39","D",0,0,0,"D",0,"D",0,"D",0,"D",0,"D",0,"D",10368,"D",0,"D",0,"D",1200,"D",15,"D",0,"D",0,"D",0,"D",0,0,0,0,0,0,0,0,0,0,0.01,0.01,0,0,0,0,0,0,0,0,0,0,0,0,0,0,0,0,0,0,0,0,0,0,0,0,0,0,0
"03274944",1,"2015","2014",0,0.153,0.153,"1",0.15,0.15,"22","D",0.0515,0.052,0,"D",0,"D",33351,"D",0,"D",0,"D",0,"D",0,"D",0,"D",17400,"D",0,"D",0,"D",0,"D",0,"D",0,"D",3009,1238,3026.4,2996.4,1245.45,1233.48,5102.7,5102.7,33351,33351,33351.01,33351.01,0,0,0,0,0,0,0,0,33351,33351,0,0,3026.4,2996.4,3026.4,2996.4,0,0,0,0,0,0,0,0,0,0,0
"03274954",1,"2015","2014",2,0,0,"3",0,0,"50","D",0,0,0,"D",0,"D",0,"D",0,"D",5136,"D",0,"D",0,"D",0,"D",0,"D",2100,"D",14,"D",0,"D",0,"D",1108,"D",0,-1160,0,0,-1160,-1160,0,0,5136,5136,5136.01,5136.01,0,0,0,0,0,0,0,0,5136,5136,0,0,0,0,0,0,13020,13239.48,1108,1108,1160,1160,0,0,0,0,0
"03274994",1,"2015","2014",3,0.153,0.153,"2",0.2106,0.2106,"29","D",0,0,0,"D",0,"D",30000,"D",0,"D",0,"D",0,"D",0,"D",0,"D",12000,"D",0,"D",0,"D",0,"D",3,"D",0,"D",-7829,0,-7723.56,-7904.69,0,0,4590,4590,30000,30000,0,0,0,0,3000,3000,0,0,4723.56,4904.69,30000,30000,0,0,0,0,0,0,0,0,0,0,0,0,0,0,0,0,0
"03275024",1,"2015","2014",0,0.153,0.153,"1",0.2632,0.2632,"07","D",0.06,0.06,0,"D",0,"D",59937,"D",0,"D",39200,"D",43750,"D",0,"D",0,"D",0,"D",4200,"D",321,"D",0,"D",0,"D",0,"D",28553,7823,28621.73,28503.23,7823.22,7823.22,9170.36,9170.36,142887,142887,142887.01,142887.01,0,0,0,0,0,0,0,0,142887,142887,0,0,28621.73,28503.23,28621.73,28503.23,0,0,0,0,0,0,0,0,0,0,0
"03275034",1,"2015","2014",2,0.153,0.153,"3",0.2982,0.2982,"44","D",0,0,0,"D",0,"D",81756,"D",0,"D",6000,"D",0,"D",0,"D",0,"D",0,"D",2200,"D",60,"D",0,"D",1,"D",11296,"D",9315,0,9389.04,9261.54,0,0,12508.67,12508.67,87756,87756,0,0,362.2,362.2,0,0,0,0,0,0,76460,76460,0,0,9751.24,9623.74,9751.24,9623.74,0,0,0,0,0,0,0,0,0,0,0
"03275034",2,"2015","2014",2,0,0,"3",-0.4,-0.4,"44","D",0,0,0,"D",0,"D",0,"D",0,"D",0,"D",0,"D",0,"D",0,"D",0,"D",0,"D",0,"D",0,"D",1,"D",0,"D",0,0,0,0,0,0,0,0,0,0,0,0,0,0,0,0,0,0,0,0,0,0,0,0,0,0,0,0,0,0,0,0,0,0,0,0,0,0,0
"03275054",1,"2015","2014",0,0.153,0.153,"1",0.15,0.15,"03","D",0.0336,0.0336,0,"D",0,"D",41000,"D",0,"D",0,"D",0,"D",0,"D",0,"D",9300,"D",0,"D",262,"D",0,"D",0,"D",120,"D",4156,987,4173.75,4143.75,989.74,984.55,6273,6273,41000,41000,41000.01,41000.01,0,0,0,0,0,0,0,0,41000,41000,0,0,4173.75,4143.75,4173.75,4143.75,5009,5091,1371.74,1366.55,0,0,0,0,0,0,0
"03275054",2,"2015","2014",0,0.153,0.153,"1",0.15,0.15,"03","D",0.0288,0.0288,0,"D",0,"D",22000,"D",0,"D",0,"D",0,"D",0,"D",0,"D",0,"D",0,"D",0,"D",0,"D",0,"D",0,"D",1306,398,1323.75,1293.75,399.86,397.03,3366,3366,22000,22000,22000.01,22000.01,0,0,0,0,0,0,0,0,22000,22000,0,0,1323.75,1293.75,1323.75,1293.75,5009,5091,399.86,397.03,0,0,0,0,0,0,0
"03275074",1,"2015","2014",1,0.153,0.153,"2",0.25,0.25,"05","D",0.08,0.08,0,"D",0,"D",28355,"D",75595,"D",0,"D",0,"D",0,"D",0,"D",25200,"D",0,"D",0,"D",0,"D",0,"D",0,"D",11514,3432,11637.5,11425,3468.49,3406.64,15904.35,15904.35,103950,103950,103950.01,103950.01,0,0,0,0,0,0,0,0,103950,103950,0,0,11637.5,11425,11637.5,11425,7984,8088,0,0,0,0,0,0,0,0,0
"03275084",1,"2015","2014",0,0.153,0.153,"1",0.15,0.15,"44","D",0,0,0,"D",0,"D",35000,"D",0,"D",0,"D",0,"D",0,"D",0,"D",10400,"D",1400,"D",0,"D",0,"D",0,"D",0,"D",3256,0,3273.75,3243.75,0,0,5355,5355,35000,35000,0,0,0,0,0,0,0,0,0,0,35000,35000,0,0,3273.75,3243.75,3273.75,3243.75,0,0,0,0,0,0,0,0,0,0,0
"03275094",1,"2015","2014",2,0,0,"3",-0.4,-0.4,"10","D",0,0,0,"D",0,"D",0,"D",0,"D",0,"D",0,"D",0,"D",0,"D",8400,"D",0,"D",0,"D",0,"D",0,"D",0,"D",0,0,0,0,0,0,0,0,0,0,0,0,0,0,0,0,0,0,0,0,0,0,0,0,0,0,0,0,0,0,0,0,0,0,0,0,0,0,0
"03275114",1,"2015","2014",0,0.153,0.153,"1",0.0765,0.0765,"05","D",0,0,0,"D",0,"D",10000,"D",0,"D",0,"D",0,"D",0,"D",0,"D",1000,"D",0,"D",0,"D",0,"D",0,"D",0,"D",-362,0,-351.41,-369.12,0,0,1530,1530,10000,10000,10000.01,10000.01,0,0,0,0,0,0,351.41,369.12,10000,10000,0,0,0,0,0,0,3992,4044,0,0,0,0,0,0,0,0,0
"03275134",1,"2015","2014",2,0.153,0.153,"2",0.2632,0.2632,"18","D",0.06,0.06,0,"D",0,"D",80000,"D",80000,"D",32000,"D",0,"D",0,"D",0,"D",0,"D",1200,"D",1880,"D",0,"D",1,"D",8824,"D",30276,10098,30422.51,30171.01,10097.76,10097.76,24480,24480,192000,192000,192000.01,192000.01,0,0,0,0,0,0,0,0,183176,183176,0,0,30422.51,30171.01,30422.51,30171.01,2400,2440,11904,11904,0,0,0,0,0,0,0
"03275134",2,"2015","2014",2,0,0,"3",-0.4,-0.4,"18","D",0,0,0,"D",0,"D",0,"D",0,"D",0,"D",0,"D",0,"D",0,"D",0,"D",0,"D",0,"D",0,"D",1,"D",0,"D",0,0,0,0,0,0,0,0,0,0,0.01,0.01,0,0,0,0,0,0,0,0,0,0,0,0,0,0,0,0,2400,2440,0,0,0,0,0,0,0,0,0
"03275194",1,"2015","2014",3,0.153,0.153,"3",0.3106,0.3106,"12","D",0.064,0.064,0,"D",0,"D",27491,"D",0,"D",0,"D",0,"D",0,"D",0,"D",0,"D",0,"D",0,"D",0,"D",3,"D",0,"D",-6967,721,-6849.29,-7050.69,720.99,720.99,4206.12,4206.12,27491,27491,27491.01,27491.01,259.1,224.1,2740.9,2775.9,0,0,4108.39,4274.79,27491,27491,0,0,259.1,224.1,259.1,224.1,3212,3212,720.99,720.99,0,0,0,0,0,0,0
"03275204",1,"2015","2014",0,0,0,"1",0.1,0.1,"47","D",0,0,1,"D",1,"D",0,"D",0,"D",17020,"D",0,"D",4162,"D",0,"D",0,"D",1700,"D",310,"D",0,"D",0,"D",4580,"D",523,0,532,517,0,0,0,0,17020,17020,5020.01,5020.01,0,0,0,0,0,0,0,0,17020,17020,0,0,532,517,532,517,3000,3000,0,0,0,0,0,0,0,0,0
"03275224",1,"2015","2014",2,0,0,"3",-0.4,-0.4,"07","D",-0.11,-0.11,0,"D",0,"D",0,"D",0,"D",0,"D",950,"D",0,"D",0,"D",11040,"D",0,"D",193,"D",0,"D",0,"D",0,"D",0,0,0,0,0,0,0,0,950,950,950.01,950.01,0,0,0,0,0,0,0,0,950,950,0,0,0,0,0,0,0,0,0,0,0,0,0,0,0,0,0
"03275234",1,"2015","2014",2,0.153,0.153,"2",0.2106,0.3106,"10","D",0,0,0,"D",0,"D",16611,"D",11918,"D",0,"D",0,"D",0,"D",0,"D",0,"D",1100,"D",0,"D",0,"D",2,"D",6700,"D",-6436,0,-6317.45,-6520.48,0,0,4364.94,4364.94,28529,28529,0,0,32.9,0,1967.1,2000,0,0,4350.35,4520.48,28529,28529,0,0,32.9,0,32.9,0,0,0,0,0,0,0,0,0,0,0,0
"03275274",1,"2015","2014",1,0.153,0.153,"2",0.2336,0.2336,"16","D",0.0656,0.0656,0,"D",0,"D",88000,"D",26000,"D",0,"D",0,"D",0,"D",0,"D",0,"D",3090,"D",20,"D",0,"D",0,"D",9096,"D",12816,5151,12907.72,12751.04,5164.93,5141.63,17442,17442,114000,114000,114000.01,114000.01,0,0,0,0,0,0,0,0,104904,104904,0,0,12907.72,12751.04,12907.72,12751.04,4740,4810,12206,12206,0,0,0,0,0,0,0
"03275304",1,"2015","2014",0,0,0,"1",0,0,"07","D",0,0,1,"D",1,"D",0,"D",0,"D",0,"D",11560,"D",12850,"D",0,"D",11160,"D",0,"D",0,"D",0,"D",0,"D",0,"D",0,0,0,0,0,0,0,0,11560,11560,11560.01,11560.01,0,0,0,0,0,0,0,0,11560,11560,0,0,0,0,0,0,0,0,0,0,0,0,0,0,0,0,0
"03275314",1,"2015","2014",0,0.153,0.153,"1",0.2371,0.237,"22","D",0.0515,0.052,0,"D",0,"D",70000,"D",0,"D",7310,"D",0,"D",0,"D",0,"D",0,"D",3800,"D",0,"D",0,"D",0,"D",11720,"D",9356,3667,9394.42,9328.28,3687.32,3651.87,10710,10710,77310,77310,77310.01,77310.01,0,0,0,0,0,0,0,0,65590,65590,0,0,9394.42,9328.28,9394.42,9328.28,0,0,0,0,0,0,0,0,0,0,0
"03275334",1,"2015","2014",0,0.153,0.153,"2",0.1,0.1,"01","D",0.045,0.045,0,"D",0,"D",0,"D",19000,"D",17211,"D",1200,"D",0,"D",0,"D",8100,"D",0,"D",391,"D",0,"D",0,"D",0,"D",1694,1356,1711.1,1681.1,1355,1356.5,2907,2907,37411,37411,37411.01,37411.01,0,0,0,0,0,0,0,0,37411,37411,0,0,1711.1,1681.1,1711.1,1681.1,4000,4000,1844.5,1844.5,0,0,0,0,0,0,0
"03275334",2,"2015","2014",0,0.153,0.153,"1",0.1,0.1,"01","D",0.045,0.045,0,"D",0,"D",18000,"D",0,"D",0,"D",0,"D",0,"D",0,"D",0,"D",0,"D",0,"D",0,"D",0,"D",0,"D",776,621,785,770,620.75,621.5,2754,2754,18000,18000,18000.01,18000.01,0,0,0,0,0,0,0,0,18000,18000,0,0,785,770,785,770,2500,2500,1377,1377,0,0,0,0,0,0,0
"03275354",1,"2015","2014",0,0.153,0.153,"1",0.25,0.25,"10","D",0,0,0,"D",0,"D",65301,"D",0,"D",0,"D",0,"D",20062,"D",0,"D",24000,"D",0,"D",40,"D",0,"D",0,"D",0,"D",13849,0,13907.18,13807.18,0,0,9991.05,9991.05,82353.7,82353.7,0,0,0,0,0,0,0,0,0,0,82353.7,82353.7,0,0,13907.18,13807.18,13907.18,13807.18,0,0,0,0,0,0,0,0,0,0,0
"03275364",1,"2015","2014",0,0.153,0.153,"2",0.0765,0.0765,"44","D",0,0,0,"D",0,"D",18282,"D",0,"D",0,"D",0,"D",0,"D",0,"D",0,"D",940,"D",160,"D",0,"D",0,"D",0,"D",-147,0,-133.24,-156.3,0,0,2797.15,2797.15,18282,18282,0,0,0,0,0,0,0,0,133.24,156.3,18282,18282,0,0,0,0,0,0,0,0,0,0,0,0,0,0,0,0,0
"03275374",1,"2015","2014",2,0.153,0.153,"3",0.3606,0.3606,"50","D",0.1008,0.1008,0,"D",0,"D",36000,"D",0,"D",4000,"D",0,"D",0,"D",0,"D",10800,"D",0,"D",0,"D",0,"D",1,"D",0,"D",917,1341,1069,808.61,1367.24,1322.18,5508,5508,40000,40000,40000.01,40000.01,1000,1000,0,0,0,0,141,346.39,40000,40000,0,0,2210,2155,2210,2155,6998.6,7277.05,0,0,0,0,0,0,15.51,38.1,0
"03275374",2,"2015","2014",2,0,0,"3",-0.4,-0.4,"50","D",-0.044,-0.044,0,"D",0,"D",0,"D",0,"D",0,"D",0,"D",0,"D",0,"D",0,"D",0,"D",0,"D",0,"D",1,"D",0,"D",0,0,0,0,0,0,0,0,0,0,0.01,0.01,0,0,0,0,0,0,0,0,0,0,0,0,0,0,0,0,13020,13239.48,0,0,0,0,0,0,0,0,0
"03275384",1,"2015","2014",2,0.153,0.153,"2",0.1368,0.1368,"24","D",0.0881,0.0881,0,"D",0,"D",18200,"D",61817,"D",0,"D",0,"D",0,"D",0,"D",0,"D",4500,"D",45,"D",0,"D",2,"D",13996,"D",3717,1336,3741.32,3699.97,1350.53,1326.21,12242.6,12242.6,80017,80017,80017.01,80017.01,2000,2000,0,0,0,0,0,0,66021,66021,0,0,5741.32,5699.97,5741.32,5699.97,0,0,19891.53,19867.21,1254.4,1256.78,0,0,0,0,0
"03275394",1,"2015","2014",2,0.0703,0.0703,"2",0.2786,0.2786,"10","D",0,0,0,"D",0,"D",130000,"D",65000,"D",-5650,"D",0,"D",0,"D",0,"D",0,"D",2000,"D",3300,"D",0,"D",2,"D",9240,"D",31172,0,31318.38,31066.88,0,0,28223,28409,189350,189350,0,0,0,0,0,0,0,0,0,0,180110,180110,0,0,31318.38,31066.88,31318.38,31066.88,0,0,0,0,0,0,0,0,0,0,0
"03275424",1,"2015","2014",2,0.153,0.153,"2",0,0,"44","D",0,0,0,"D",0,"D",500,"D",18720,"D",0,"D",0,"D",0,"D",0,"D",5340,"D",420,"D",100,"D",0,"D",2,"D",948,"D",-7511,0,-7460,-7548,0,0,2940.66,2940.66,19220,19220,0,0,0,0,2000,2000,0,0,5460,5548,19220,19220,0,0,0,0,0,0,0,0,0,0,0,0,0,0,0,0,0
"03275434",1,"2015","2014",0,0,0,"1",0.15,0.15,"01","D",0.0451,0.0451,1,"D",1,"D",0,"D",0,"D",1043,"D",26280,"D",0,"D",0,"D",0,"D",0,"D",30,"D",0,"D",0,"D",0,"D",1872,1052,1889.7,1859.7,1050.94,1052.44,0,0,27323,27323,27323.01,27323.01,0,0,0,0,0,0,0,0,27323,27323,0,0,1889.7,1859.7,1889.7,1859.7,2114.58,2114.58,30,30,0,0,0,0,0,0,0
"03275454",1,"2015","2014",3,0.153,0.153,"3",-0.6,-0.6,"44","D",0,0,0,"D",0,"D",12233,"D",0,"D",0,"D",0,"D",0,"D",0,"D",9600,"D",0,"D",1000,"D",0,"D",3,"D",0,"D",-6890,0,-6889.8,-6889.8,0,0,1871.65,1871.65,12233,12233,0,0,0,0,1384.95,1384.95,0,0,5504.85,5504.85,12233,12233,0,0,0,0,0,0,0,0,0,0,0,0,0,0,0,0,0
"03275454",2,"2015","2014",0,0.153,0.153,"1",0.0765,0.0765,"44","D",0,0,0,"D",0,"D",10000,"D",0,"D",0,"D",0,"D",0,"D",0,"D",0,"D",0,"D",0,"D",0,"D",0,"D",0,"D",-362,0,-351.41,-369.12,0,0,1530,1530,10000,10000,0,0,0,0,0,0,0,0,351.41,369.12,10000,10000,0,0,0,0,0,0,0,0,0,0,0,0,0,0,0,0,0
"03275464",1,"2015","2014",0,0.153,0.153,"1",0.25,0.25,"05","D",0.08,0.08,0,"D",0,"D",50000,"D",0,"D",0,"D",0,"D",0,"D",0,"D",11640,"D",0,"D",136,"D",0,"D",0,"D",0,"D",5760,1726,5818.75,5718.75,1742.75,1713.82,7650,7650,50000,50000,50000.01,50000.01,0,0,0,0,0,0,0,0,50000,50000,0,0,5818.75,5718.75,5818.75,5718.75,3992,4044,136,136,0,0,0,0,0,0,0
"03275464",2,"2015","2014",0,0.153,0.153,"1",0.1765,0.1765,"05","D",0,0,0,"D",0,"D",10400,"D",0,"D",0,"D",0,"D",0,"D",0,"D",0,"D",0,"D",0,"D",0,"D",0,"D",0,"D",-315,0,-295.81,-328.52,0,0,1591.2,1591.2,10400,10400,10400.01,10400.01,0,0,0,0,0,0,320.81,338.52,10400,10400,0,0,25,10,25,10,3992,4044,0,0,0,0,0,0,0,0,0
"03275484",1,"2015","2014",1,0,0,"3",-0.34,-0.34,"05","D",0,0,0,"D",0,"D",0,"D",0,"D",0,"D",3000,"D",7888,"D",0,"D",0,"D",1700,"D",5,"D",0,"D",0,"D",0,"D",0,0,0,0,0,0,0,0,3000,3000,3000.01,3000.01,0,0,0,0,0,0,0,0,3000,3000,0,0,0,0,0,0,7984,8088,1705,1705,0,0,0,0,0,0,0
"03275484",2,"2015","2014",0,0.153,0.153,"1",0.1,0.1,"05","D",0.02,0.02,0,"D",0,"D",17992,"D",0,"D",0,"D",0,"D",0,"D",0,"D",0,"D",0,"D",0,"D",0,"D",0,"D",0,"D",775,93,784.2,769.2,94.51,91.47,2752.78,2752.78,17992,17992,17992.01,17992.01,0,0,0,0,0,0,0,0,17992,17992,0,0,784.2,769.2,784.2,769.2,3992,4044,0,0,0,0,0,0,0,0,0
"03275484",3,"2015","2014",0,0.153,0.153,"1",0.15,0.15,"05","D",0.02,0.02,0,"D",0,"D",21729,"D",0,"D",0,"D",0,"D",0,"D",0,"D",0,"D",0,"D",0,"D",0,"D",0,"D",0,"D",1266,167,1283.1,1253.1,169.25,166.21,3324.54,3324.54,21729,21729,21729.01,21729.01,0,0,0,0,0,0,0,0,21729,21729,0,0,1283.1,1253.1,1283.1,1253.1,3992,4044,0,0,0,0,0,0,0,0,0
"03275484",4,"2015","2014",0,0.153,0.153,"1",0.15,0.15,"05","D",0.02,0.02,0,"D",0,"D",21489,"D",0,"D",0,"D",0,"D",0,"D",0,"D",0,"D",0,"D",0,"D",0,"D",0,"D",0,"D",1230,163,1247.1,1217.1,164.45,161.41,3287.82,3287.82,21489,21489,21489.01,21489.01,0,0,0,0,0,0,0,0,21489,21489,0,0,1247.1,1217.1,1247.1,1217.1,3992,4044,0,0,0,0,0,0,0,0,0
"03275494",1,"2015","2014",0,0,0,"1",-0.0765,-0.0765,"05","D",0,0,0,"D",0,"D",0,"D",0,"D",0,"D",0,"D",0,"D",0,"D",15744,"D",0,"D",0,"D",0,"D",0,"D",0,"D",0,0,0,0,0,0,0,0,0,0,0.01,0.01,0,0,0,0,0,0,0,0,0,0,0,0,0,0,0,0,3992,4044,0,0,0,0,0,0,0,0,0
"03275494",3,"2015","2014",0,0,0,"1",-0.0765,-0.0765,"05","D",0,0,0,"D",0,"D",0,"D",0,"D",0,"D",0,"D",15977,"D",0,"D",0,"D",0,"D",0,"D",0,"D",0,"D",0,"D",0,0,0,0,0,0,0,0,0,0,0.01,0.01,0,0,0,0,0,0,0,0,0,0,0,0,0,0,0,0,3992,4044,0,0,0,0,0,0,0,0,0
"03275514",1,"2015","2014",2,0,0,"3",-0.4,-0.4,"0","T",0,0,0,"D",0,"D",0,"D",0,"D",0,"D",0,"D",0,"D",0,"D",0,"D",30,"D",0,"D",0,"D",0,"D",125,"D",0,0,0,0,0,0,0,0,0,0,0,0,0,0,0,0,0,0,0,0,0,0,0,0,0,0,0,0,0,0,0,0,0,0,0,0,0,0,0
"03275524",1,"2015","2014",2,0.153,0.153,"3",0.25,0.25,"44","D",0,0,0,"D",0,"D",85000,"D",0,"D",1800,"D",0,"D",0,"D",0,"D",14400,"D",0,"D",30,"D",0,"D",0,"D",0,"D",10779,0,10875,10710,0,0,13005,13005,86800,86800,0,0,0,0,0,0,0,0,0,0,86800,86800,0,0,10875,10710,10875,10710,0,0,0,0,0,0,0,0,0,0,0
"03275534",1,"2015","2014",0,0,0,"1",0.25,0.25,"23","D",0.0775,0.0775,1,"D",1,"D",0,"D",0,"D",17103,"D",37300,"D",0,"D",0,"D",0,"D",1800,"D",0,"D",0,"D",0,"D",0,"D",6474,62,6532,6432,62.41,62.41,0,0,54403,54403,17103.01,17103.01,0,0,0,0,0,0,0,0,54403,54403,0,0,6532,6432,6532,6432,0,0,0,0,494.46,494.46,0,0,0,0,0
"03275574",1,"2015","2014",2,0.153,0.153,"2",0.15,0.15,"33","D",0.059,0.059,0,"D",0,"D",23151,"D",35862,"D",0,"D",0,"D",0,"D",0,"D",13200,"D",0,"D",0,"D",0,"D",2,"D",0,"D",1671,1134,1714.45,1639.45,1350.89,978.95,9028.99,9028.99,59013,59013,59013.01,59013.01,2000,2000,0,0,0,0,0,0,59013,59013,0,0,3714.45,3639.45,3714.45,3639.45,15650,15850,0,0,0,0,0,0,0,0,0
"03275594",1,"2015","2014",0,0.153,0.153,"1",0.15,0.15,"34","D",0.0575,0.058,1,"D",1,"D",25849,"D",0,"D",0,"D",0,"D",0,"D",0,"D",0,"D",500,"D",52,"D",0,"D",0,"D",300,"D",1651,1059,1668.6,1638.6,1064.24,1055.07,3954.9,3954.9,25849,25849,25849.01,25849.01,0,0,0,0,0,0,0,0,25849,25849,0,0,1668.6,1638.6,1668.6,1638.6,7500,7500,800,800,0,0,0,0,0,0,0
"03275604",1,"2015","2014",1,0.153,0.153,"2",0.2598,0.2598,"44","D",0,0,0,"D",0,"D",0,"D",42000,"D",0,"D",0,"D",0,"D",0,"D",11568,"D",0,"D",0,"D",0,"D",0,"D",0,"D",1376,0,1464.65,1313.33,0,0,6426,6426,42000,42000,0,0,0,0,0,0,0,0,310.35,426.67,42000,42000,0,0,1775,1740,1775,1740,0,0,0,0,0,0,0,0,0,0,0
"03275614",1,"2015","2014",2,0.153,0.153,"3",-0.55,-0.55,"14","D",-0.0025,0.01,0,"D",0,"D",13470,"D",0,"D",0,"D",0,"D",0,"D",1865,"D",9600,"D",0,"D",0,"D",0,"D",2,"D",1200,"D",-6959,-237,-6958.5,-6958.5,-184.05,-275.55,2060.91,2060.91,13470,13470,13470.01,13470.01,0,0,1570.5,1570.5,0,0,5388,5388,13470,13470,0,0,0,0,0,0,0,0,0,0,0,0,0,0,538.8,538.8,0
"03275654",1,"2015","2014",0,0,0,"2",0.25,0.25,"18","D",0.058,0.058,2,"D",2,"D",0,"D",0,"D",0,"D",96696,"D",31112,"D",0,"D",0,"D",320,"D",0,"D",0,"D",0,"D",0,"D",16692,2475,16822.8,16597.8,2477.59,2472.95,0,0,123141.2,123141.2,55586.01,55586.01,0,0,0,0,0,0,0,0,123141.2,123141.2,0,0,16822.8,16597.8,16822.8,16597.8,2400,2440,320,320,0,0,0,0,0,0,0
"03275674",1,"2015","2014",0,0.153,0.153,"1",0.15,0.15,"50","D",0.1357,0.1357,0,"D",0,"D",23000,"D",0,"D",0,"D",0,"D",0,"D",0,"D",6000,"D",0,"D",140,"D",0,"D",0,"D",80,"D",1456,312,1473.75,1443.75,320.7,305.63,3519,3519,23000,23000,23000.01,23000.01,0,0,0,0,0,0,0,0,23000,23000,0,0,1473.75,1443.75,1473.75,1443.75,9084,9283.65,80,80,105.37,105.37,0,0,0,0,0
"03275684",1,"2015","2014",2,0,0,"3",-0.4,-0.4,"41","D",0,0,0,"D",0,"D",0,"D",0,"D",0,"D",0,"D",0,"D",0,"D",0,"D",1140,"D",0,"D",0,"D",0,"D",1129,"D",0,0,0,0,0,0,0,0,0,0,0,0,0,0,0,0,0,0,0,0,0,0,0,0,0,0,0,0,0,0,0,0,0,0,0,0,0,0,0
"03275694",1,"2015","2014",0,0.153,0.153,"2",0.15,0.15,"37","D",0.0525,0.0525,0,"D",0,"D",37961,"D",29142,"D",0,"D",0,"D",0,"D",0,"D",0,"D",1000,"D",0,"D",0,"D",0,"D",0,"D",6078,2368,6112.95,6052.95,2374.41,2363.91,10266.76,10266.76,67103,67103,67103.01,67103.01,0,0,0,0,0,0,0,0,67103,67103,0,0,6112.95,6052.95,6112.95,6052.95,12400,12600,0,0,0,0,0,0,0,0,0
"03275694",2,"2015","2014",0,0.153,0.153,"1",0.1765,0.1765,"37","D",0.0438,0.0438,0,"D",0,"D",12873,"D",0,"D",0,"D",0,"D",0,"D",0,"D",0,"D",0,"D",0,"D",0,"D",0,"D",0,"D",122,61,140.67,107.96,63.84,58.95,1969.57,1969.57,12873,12873,12873.01,12873.01,0,0,0,0,0,0,131.63,149.34,12873,12873,0,0,272.3,257.3,272.3,257.3,6200,6300,0,0,0,0,0,0,6.58,7.47,0
"03275704",1,"2015","2014",0,0,0,"1",0,0,"06","D",0,0,1,"D",1,"D",0,"D",0,"D",0,"D",0,"D",21951,"D",0,"D",0,"D",1000,"D",0,"D",0,"D",0,"D",0,"D",0,-8,0,0,0,-13,0,0,0,0,0,0,0,0,0,0,0,0,0,0,0,0,0,0,0,0,0,0,0,0,0,0,0,0,0,0,0,0,0
"03275714",1,"2015","2014",1,0.153,0.153,"3",0.2598,0.2598,"21","D",0,0,0,"D",0,"D",27862,"D",0,"D",0,"D",0,"D",0,"D",0,"D",0,"D",2400,"D",952,"D",0,"D",0,"D",0,"D",-692,0,-615.69,-745.82,0,0,4262.89,4262.89,27862,27862,27862.01,27862.01,0,0,0,0,0,0,1701.89,1807.02,27862,27862,0,0,1086.2,1061.2,1086.2,1061.2,4000,4000,0,0,0,0,0,0,850.94,903.51,0
"03275724",1,"2015","2014",2,0.153,0.153,"2",0.23,0.23,"05","D",0.08,0.08,0,"D",0,"D",45000,"D",31000,"D",-1750,"D",30000,"D",0,"D",0,"D",0,"D",1900,"D",40,"D",0,"D",2,"D",8280,"D",8431,2947,8524.85,8364.23,2980.61,2923.08,11628,11628,104250,104250,104250.01,104250.01,2000,2000,0,0,0,0,0,0,95970,95970,0,0,10524.85,10364.23,10524.85,10364.23,7984,8088,10220,10220,0,0,0,0,0,0,0
"03275734",1,"2015","2014",3,0.153,0.153,"3",0.15,0.15,"44","D",0,0,0,"D",0,"D",57714,"D",0,"D",0,"D",0,"D",0,"D",0,"D",0,"D",1000,"D",0,"D",0,"D",0,"D",0,"D",4238,0,4274.6,4212.1,0,0,8830.24,8830.24,57714,57714,0,0,0,0,0,0,0,0,0,0,57714,57714,0,0,4274.6,4212.1,4274.6,4212.1,0,0,0,0,0,0,0,0,0,0,0
"03275744",1,"2015","2014",2,0.153,0.153,"2",0.3106,0.3106,"05","D",0,0,0,"D",0,"D",21000,"D",20000,"D",0,"D",0,"D",0,"D",0,"D",11100,"D",0,"D",0,"D",0,"D",2,"D",0,"D",-2567,0,-2443.96,-2654.09,0,0,6273,6273,41000,41000,41000.01,41000.01,1280,1240,720,760,0,0,1723.96,1894.09,41000,41000,0,0,1280,1240,1280,1240,7984,8088,0,0,0,0,0,0,0,0,0
"03275754",1,"2015","2014",0,0.153,0.153,"2",0.1397,0.1397,"28","D",0.0684,0.0684,0,"D",0,"D",43000,"D",60496,"D",-3855,"D",0,"D",0,"D",0,"D",0,"D",5200,"D",779,"D",0,"D",0,"D",24008,"D",7914,2826,7929.01,7903.6,2843.93,2813.3,15834.89,15834.89,99641,99641,99641.01,99641.01,0,0,0,0,0,0,0,0,75633,75633,0,0,7929.01,7903.6,7929.01,7903.6,0,0,29987,29987,0,0,0,0,0,0,0
"03275774",1,"2015","2014",0,0.153,0.153,"2",0.25,0.25,"44","D",0,0,0,"D",0,"D",30000,"D",80000,"D",0,"D",0,"D",0,"D",0,"D",0,"D",440,"D",2364,"D",0,"D",0,"D",7140,"D",14021,0,14137.5,13937.5,0,0,16830,16830,110000,110000,0,0,0,0,0,0,0,0,0,0,110000,110000,0,0,14137.5,13937.5,14137.5,13937.5,0,0,0,0,0,0,0,0,0,0,0
"03275784",1,"2015","2014",0,0,0,"1",0,0,"33","D",0,0,1,"D",1,"D",0,"D",0,"D",0,"D",0,"D",15864,"D",0,"D",4500,"D",0,"D",97,"D",0,"D",0,"D",336,"D",0,0,0,0,0,0,0,0,0,0,0.01,0.01,0,0,0,0,0,0,0,0,0,0,0,0,0,0,0,0,7800,7900,0,0,0,0,0,0,0,0,0
"03275814",1,"2015","2014",0,0,0,"1",0,0,"33","D",0,0,1,"D",1,"D",0,"D",0,"D",0,"D",4556,"D",15274,"D",0,"D",0,"D",2100,"D",8,"D",0,"D",0,"D",0,"D",0,0,0,0,0,0,0,0,4556,4556,0.01,0.01,0,0,0,0,0,0,0,0,4556,4556,0,0,0,0,0,0,7800,7900,0,0,0,0,0,0,0,0,0
"03275834",1,"2015","2014",0,0.153,0.153,"1",0.15,0.15,"17","D",0.046,0.048,0,"D",0,"D",34708,"D",0,"D",0,"D",0,"D",0,"D",0,"D",0,"D",1100,"D",0,"D",0,"D",0,"D",3456,"D",3212,1082,3229.95,3199.95,1098.98,1070.07,5310.32,5310.32,34708,34708,34708.01,34708.01,0,0,0,0,0,0,0,0,34708,34708,0,0,3229.95,3199.95,3229.95,3199.95,3000,3000,0,0,0,0,0,0,0,0,0
"03275854",1,"2015","2014",0,0.153,0.153,"2",0.25,0.25,"36","D",0.0381,0.0392,0,"D",0,"D",53468,"D",43248,"D",1908,"D",0,"D",0,"D",0,"D",0,"D",6000,"D",0,"D",0,"D",0,"D",1680,"D",11177,2776,11293.5,11093.5,2881.56,2699.99,14797.55,14797.55,98624,98624,98624.01,98624.01,0,0,0,0,0,0,0,0,98624,98624,0,0,11293.5,11093.5,11293.5,11093.5,0,0,0,0,0,0,0,0,0,0,0
"03275854",2,"2015","2014",0,0.153,0.153,"1",0.1765,0.1765,"36","D",0.0275,0.0288,0,"D",0,"D",14316,"D",0,"D",0,"D",0,"D",0,"D",0,"D",0,"D",0,"D",0,"D",0,"D",0,"D",0,"D",376,91,395.36,362.65,96.56,87.3,2190.35,2190.35,14316,14316,14316.01,14316.01,0,0,0,0,0,0,21.24,38.95,14316,14316,0,0,416.6,401.6,416.6,401.6,0,0,0,0,0,0,0,0,2.12,3.9,0
"03275854",3,"2015","2014",0,0.153,0.153,"1",0.15,0.15,"36","D",0.0248,0.0264,0,"D",0,"D",21159,"D",0,"D",0,"D",0,"D",0,"D",0,"D",0,"D",0,"D",0,"D",0,"D",0,"D",0,"D",1180,250,1197.6,1167.6,260.78,243.1,3237.33,3237.33,21159,21159,21159.01,21159.01,0,0,0,0,0,0,0,0,21159,21159,0,0,1197.6,1167.6,1197.6,1167.6,0,0,0,0,0,0,0,0,0,0,0
"03275914",1,"2015","2014",2,0.153,0.153,"2",0.1397,0.1397,"28","D",0.0684,0.0684,0,"D",0,"D",45000,"D",47000,"D",200,"D",0,"D",0,"D",0,"D",0,"D",4800,"D",1035,"D",0,"D",2,"D",12864,"D",5297,2831,5319.99,5280.18,2851.07,2816.44,14076,14076,92200,92200,92200.01,92200.01,2000,2000,0,0,0,0,0,0,79336,79336,0,0,7319.99,7280.18,7319.99,7280.18,0,0,18699,18699,0,0,0,0,0,0,0
"03275964",1,"2015","2014",0,0.153,0.153,"1",0.15,0.15,"34","D",0.0575,0.058,0,"D",0,"D",27552,"D",0,"D",0,"D",0,"D",0,"D",0,"D",0,"D",1400,"D",0,"D",0,"D",0,"D",1544,"D",2139,1157,2156.55,2126.55,1163.02,1152.99,4215.46,4215.46,27552,27552,27552.01,27552.01,0,0,0,0,0,0,0,0,27552,27552,0,0,2156.55,2126.55,2156.55,2126.55,7500,7500,2944,2944,0,0,0,0,0,0,0
"03275964",2,"2015","2014",0,0.153,0.153,"1",0.15,0.15,"34","D",0.0575,0.058,0,"D",0,"D",32629,"D",0,"D",0,"D",0,"D",0,"D",0,"D",0,"D",0,"D",0,"D",0,"D",0,"D",0,"D",2901,1450,2918.1,2888.1,1457.48,1444.92,4992.24,4992.24,32629,32629,32629.01,32629.01,0,0,0,0,0,0,0,0,32629,32629,0,0,2918.1,2888.1,2918.1,2888.1,7500,7500,0,0,0,0,0,0,0,0,0
"03275984",1,"2015","2014",0,0.153,0.153,"2",0.0765,0.0765,"24","D",0.0363,0.0363,0,"D",0,"D",1500,"D",13800,"D",0,"D",0,"D",26230,"D",0,"D",0,"D",1900,"D",17,"D",0,"D",0,"D",4640,"D",-375,-566,-361.36,-384.42,-562.24,-568.66,2340.9,2340.9,15300,15300,15300.01,15300.01,0,0,0,0,0,0,361.36,384.42,15300,15300,0,0,0,0,0,0,12400,12600,0,0,467.21,467.21,0,0,95.03,101.45,0
"03276004",1,"2015","2014",1,0.153,0.153,"2",0.25,0.25,"01","D",0.0337,0.0337,0,"D",0,"D",104368,"D",57010,"D",-850,"D",0,"D",0,"D",0,"D",0,"D",2000,"D",0,"D",0,"D",1,"D",4244,"D",25658,5569,25782,25569.5,5562.83,5573.45,24690.83,24690.83,160528,160528,160528.01,160528.01,0,0,0,0,0,0,0,0,160528,160528,0,0,25782,25569.5,25782,25569.5,4000,4000,18589.42,18589.42,0,0,0,0,0,0,0
"03276014",1,"2015","2014",1,0.153,0.153,"2",0.15,0.15,"14","D",0.0375,0.05,0,"D",0,"D",31929,"D",18687,"D",0,"D",0,"D",0,"D",0,"D",16800,"D",0,"D",0,"D",0,"D",0,"D",0,"D",3008,1888,3047.4,2979.9,2212.05,1656.23,7744.25,7744.25,50616,50616,50616.01,50616.01,0,0,0,0,0,0,0,0,50616,50616,0,0,3047.4,2979.9,3047.4,2979.9,0,0,0,0,0,0,0,0,0,0,0
"03276024",1,"2015","2014",2,0.029,0.029,"2",0.2786,0.2786,"44","D",0,0,0,"D",0,"D",228786,"D",0,"D",4200,"D",0,"D",0,"D",0,"D",0,"D",6500,"D",600,"D",0,"D",0,"D",8056,"D",43136,0,43283.03,43031.53,0,0,21142.79,21328.79,232986,232986,0,0,0,0,0,0,0,0,0,0,224930,224930,0,0,43283.03,43031.53,43283.03,43031.53,0,0,0,0,0,0,0,0,0,0,0
"03276094",1,"2015","2014",3,0.153,0.153,"3",0,0,"10","D",0,0,0,"D",0,"D",17435,"D",0,"D",0,"D",0,"D",0,"D",0,"D",0,"D",4000,"D",0,"D",0,"D",1,"D",6936,"D",-7201,0,-7143,-7242,0,0,2667.55,2667.55,17435,17435,0,0,0,0,1000,1000,0,0,6143,6242,17435,17435,0,0,0,0,0,0,0,0,0,0,0,0,0,0,0,0,0
"03276094",3,"2015","2014",0,0.153,0.153,"1",0.0765,0.0765,"10","D",0,0,0,"D",0,"D",9010,"D",0,"D",0,"D",0,"D",0,"D",0,"D",0,"D",0,"D",0,"D",0,"D",0,"D",0,"D",-437,0,-427.15,-444.86,0,0,1378.53,1378.53,9010,9010,0,0,0,0,0,0,0,0,427.15,444.86,9010,9010,0,0,0,0,0,0,0,0,0,0,0,0,0,0,0,0,0
"03276094",4,"2015","2014",0,0.153,0.153,"1",0.0765,0.0765,"10","D",0,0,0,"D",0,"D",9043,"D",0,"D",0,"D",0,"D",0,"D",0,"D",0,"D",0,"D",0,"D",0,"D",0,"D",0,"D",-435,0,-424.63,-442.34,0,0,1383.58,1383.58,9043,9043,0,0,0,0,0,0,0,0,424.63,442.34,9043,9043,0,0,0,0,0,0,0,0,0,0,0,0,0,0,0,0,0
"03276094",5,"2015","2014",3,0,0,"3",-0.45,-0.45,"10","D",0,0,0,"D",0,"D",0,"D",0,"D",0,"D",0,"D",0,"D",0,"D",0,"D",0,"D",0,"D",0,"D",1,"D",0,"D",0,0,0,0,0,0,0,0,0,0,0,0,0,0,0,0,0,0,0,0,0,0,0,0,0,0,0,0,0,0,0,0,0,0,0,0,0,0,0
"03276114",1,"2015","2014",0,0.153,0.153,"1",-0.0765,-0.0765,"44","D",0,0,0,"D",0,"D",3200,"D",0,"D",3400,"D",0,"D",0,"D",0,"D",9708,"D",0,"D",0,"D",0,"D",0,"D",0,"D",-224,0,-194.8,-244.8,0,0,489.6,489.6,6600,6600,0,0,0,0,0,0,0,0,194.8,244.8,6600,6600,0,0,0,0,0,0,0,0,0,0,0,0,0,0,0,0,0
"03276154",1,"2015","2014",2,0,0,"3",-0.4,-0.4,"0","T",0,0,0,"D",0,"D",0,"D",0,"D",800,"D",0,"D",0,"D",0,"D",0,"D",500,"D",80,"D",0,"D",0,"D",296,"D",0,0,0,0,0,0,0,0,800,800,0,0,0,0,0,0,0,0,0,0,800,800,0,0,0,0,0,0,0,0,0,0,0,0,0,0,0,0,0
"03276184",1,"2015","2014",2,0,0,"3",-0.4,-0.4,"43","D",0,0,0,"D",0,"D",0,"D",0,"D",0,"D",0,"D",0,"D",0,"D",0,"D",1000,"D",0,"D",0,"D",0,"D",115,"D",0,0,0,0,0,0,0,0,0,0,0,0,0,0,0,0,0,0,0,0,0,0,0,0,0,0,0,0,0,0,0,0,0,0,0,0,0,0,0
"03276234",1,"2015","2014",0,0.153,0.153,"1",-0.0765,-0.0765,"09","D",-0.0465,-0.0006,0,"D",0,"D",900,"D",0,"D",0,"D",0,"D",0,"D",0,"D",720,"D",0,"D",19,"D",0,"D",0,"D",0,"D",-69,-169,-68.85,-68.85,-144.54,-185.85,137.7,137.7,900,900,900.01,900.01,0,0,0,0,0,0,68.85,68.85,900,900,0,0,0,0,0,0,4150,5200,0,0,117,117,0,0,27.54,68.85,0
"03276254",1,"2015","2014",0,0.153,0.153,"1",0.15,0.15,"05","D",0.04,0.04,0,"D",0,"D",30000,"D",0,"D",0,"D",0,"D",0,"D",0,"D",0,"D",5000,"D",0,"D",0,"D",0,"D",0,"D",2506,443,2523.75,2493.75,447.06,440.29,4590,4590,30000,30000,30000.01,30000.01,0,0,0,0,0,0,0,0,30000,30000,0,0,2523.75,2493.75,2523.75,2493.75,3992,4044,5000,5000,0,0,0,0,0,0,0
"03276254",2,"2015","2014",0,0.153,0.153,"2",0.15,0.15,"05","D",0.02,0.04,0,"D",0,"D",45000,"D",0,"D",0,"D",0,"D",0,"D",0,"D",0,"D",0,"D",0,"D",0,"D",0,"D",0,"D",2763,368,2797.5,2737.5,374.77,363.25,6885,6885,45000,45000,45000.01,45000.01,0,0,0,0,0,0,0,0,45000,45000,0,0,2797.5,2737.5,2797.5,2737.5,7984,8088,0,0,0,0,0,0,0,0,0
"03276304",1,"2015","2014",0,0.153,0.153,"2",0.1451,0.1451,"19","D",0.0329,0.0329,0,"D",0,"D",90000,"D",0,"D",0,"D",0,"D",0,"D",0,"D",0,"D",320,"D",0,"D",0,"D",0,"D",14408,"D",8824,2383,8842,8810.67,2378.19,2387.08,13770,13770,90000,90000,90000.01,90000.01,0,0,0,0,0,0,0,0,75592,75592,0,0,8842,8810.67,8842,8810.67,0,0,0,0,0,0,0,0,0,0,0
"03276324",1,"2015","2014",2,0,0,"3",-0.4,-0.4,"39","D",0,0,0,"D",0,"D",0,"D",0,"D",0,"D",2829,"D",0,"D",0,"D",0,"D",9000,"D",283,"D",0,"D",0,"D",1137,"D",0,0,0,0,0,0,0,0,2829,2829,2829.01,2829.01,0,0,0,0,0,0,0,0,2829,2829,0,0,0,0,0,0,0,0,0,0,0,0,0,0,0,0,0
"03276334",1,"2015","2014",2,0.153,0.153,"3",0.3606,0.15,"50","D",0.0934,0.0702,0,"D",0,"D",43981,"D",0,"D",0,"D",0,"D",0,"D",0,"D",0,"D",1000,"D",0,"D",0,"D",2,"D",0,"D",712,1778,807.15,644.16,1795.38,1765.94,6729.09,6729.09,43981,43981,43981.01,43981.01,2000,2000,0,0,0,0,0,107.99,43981,43981,0,0,2807.15,2752.15,2807.15,2752.15,6602.68,6802.95,0,0,0,0,0,0,0,11.88,0
"03276334",2,"2015","2014",0,0.153,0.153,"1",-0.0765,-0.0765,"50","D",0,0,0,"D",0,"D",1448,"D",0,"D",0,"D",0,"D",0,"D",0,"D",0,"D",0,"D",0,"D",0,"D",0,"D",0,"D",-111,0,-110.77,-110.77,0,0,221.54,221.54,1448,1448,1448.01,1448.01,0,0,0,0,0,0,110.77,110.77,1448,1448,0,0,0,0,0,0,10080,10249.92,0,0,0,0,0,0,0,0,0
"03276344",1,"2015","2014",0,0,0,"1",0,0,"0","T",0,0,1,"D",1,"D",0,"D",0,"D",0,"D",11400,"D",8494,"D",0,"D",0,"D",500,"D",0,"D",0,"D",0,"D",48,"D",0,0,0,0,0,0,0,0,11400,11400,0,0,0,0,0,0,0,0,0,0,11400,11400,0,0,0,0,0,0,0,0,0,0,0,0,0,0,0,0,0
"03276374",1,"2015","2014",4,0.153,0.153,"2",0.15,0.15,"0","T",0,0,0,"D",0,"D",25000,"D",48000,"D",0,"D",0,"D",0,"D",0,"D",0,"D",1200,"D",1700,"D",0,"D",4,"D",1920,"D",575,0,627.5,537.5,0,0,11169,11169,73000,73000,0,0,4000,4000,0,0,0,0,0,0,73000,73000,0,0,4627.5,4537.5,4627.5,4537.5,0,0,0,0,0,0,0,0,0,0,0
"03276384",1,"2015","2014",0,0.153,0.153,"2",0.15,0.15,"0","T",0,0,0,"D",0,"D",15360,"D",43874,"D",0,"D",0,"D",0,"D",0,"D",6300,"D",0,"D",0,"D",0,"D",0,"D",0,"D",4898,0,4932.6,4872.6,0,0,9062.8,9062.8,59234,59234,0,0,0,0,0,0,0,0,0,0,59234,59234,0,0,4932.6,4872.6,4932.6,4872.6,0,0,0,0,0,0,0,0,0,0,0
"03276414",1,"2015","2014",0,0.153,0.153,"1",0.15,0.15,"10","D",0,0,0,"D",0,"D",44560,"D",0,"D",0,"D",0,"D",0,"D",0,"D",9960,"D",0,"D",655,"D",0,"D",0,"D",3120,"D",4690,0,4707.75,4677.75,0,0,6817.68,6817.68,44560,44560,0,0,0,0,0,0,0,0,0,0,44560,44560,0,0,4707.75,4677.75,4707.75,4677.75,0,0,0,0,0,0,0,0,0,0,0
"03276434",1,"2015","2014",2,0.153,0.153,"2",0.15,0.15,"33","D",0.059,0.059,0,"D",0,"D",33849,"D",20000,"D",0,"D",0,"D",0,"D",0,"D",0,"D",0,"D",0,"D",0,"D",2,"D",0,"D",896,829,939.85,864.85,1046.22,674.27,8238.9,8238.9,53849,53849,53849.01,53849.01,2000,2000,0,0,0,0,0,0,53849,53849,0,0,2939.85,2864.85,2939.85,2864.85,15650,15850,0,0,0,0,0,0,0,0,0
"03276444",1,"2015","2014",0,0.153,0.153,"1",0,0,"05","D",0,0,1,"D",1,"D",10083,"D",0,"D",0,"D",0,"D",11942,"D",0,"D",10812,"D",0,"D",0,"D",0,"D",0,"D",0,"D",0,0,0,0,0,0,1542.7,1542.7,10083,10083,10083.01,10083.01,0,0,0,0,0,0,0,0,10083,10083,0,0,0,0,0,0,3992,4044,0,0,0,0,0,0,0,0,0
"03276464",1,"2015","2014",0,0.153,0.153,"2",0.0992,0.0992,"03","D",0.0257,0.0257,0,"D",0,"D",16427,"D",33539,"D",2,"D",0,"D",0,"D",0,"D",0,"D",2200,"D",30,"D",0,"D",0,"D",25004,"D",1416,464,1421.57,1411.57,464.02,464.02,7644.8,7644.8,49968,49968,49968.01,49968.01,0,0,0,0,0,0,0,0,24964,24964,0,0,1421.57,1411.57,1421.57,1411.57,10018,10182,27852.33,27852.33,0,0,0,0,0,0,0
"03276484",1,"2015","2014",0,0,0,"1",-0.0765,-0.0765,"36","D",0,0,0,"D",0,"D",0,"D",0,"D",0,"D",0,"D",13462,"D",0,"D",0,"D",0,"D",0,"D",0,"D",0,"D",0,"D",0,0,0,0,0,0,0,0,0,0,0.01,0.01,0,0,0,0,0,0,0,0,0,0,0,0,0,0,0,0,0,0,0,0,0,0,0,0,0,0,0
"03276494",1,"2015","2014",0,0.0608,0.0608,"2",0.35,0.35,"36","D",0.0439,0.0533,1,"D",1,"D",51468,"D",228786,"D",6070,"D",0,"D",20542,"D",0,"D",0,"D",1500,"D",3591,"D",0,"D",0,"D",800,"D",68338,11389,68682.31,68092.31,11825.79,11077.82,29289.68,29475.68,303784.7,303784.7,286324.01,286324.01,0,0,0,0,0,0,0,0,302984.7,302984.7,751.73,323.41,67699.91,67538.24,67699.91,67538.24,0,0,0,0,0,0,0,0,0,0,0
"03276524",1,"2015","2014",0,0.038,0.038,"1",0.2341,0.2341,"31","D",0.0637,0.0637,0,"D",0,"D",228786,"D",0,"D",-118049,"D",0,"D",0,"D",0,"D",0,"D",3200,"D",0,"D",0,"D",0,"D",40000,"D",8664,12180,8708.03,8633.03,12179.88,12179.88,21401.87,21587.87,110737,110737,228786.01,228786.01,0,0,0,0,0,0,0,0,70737,70737,0,0,8708.03,8633.03,8708.03,8633.03,0,0,0,0,0,0,0,0,0,0,0
"03276534",1,"2015","2014",4,0.153,0.153,"2",0.3,0.3,"44","D",0,0,0,"D",0,"D",36000,"D",105000,"D",0,"D",0,"D",0,"D",0,"D",0,"D",3000,"D",0,"D",0,"D",4,"D",4792,"D",15342,0,15487.5,15237.5,0,0,21573,21573,141000,141000,0,0,2450,2450,0,0,0,0,0,0,141000,141000,0,0,17937.5,17687.5,17937.5,17687.5,0,0,0,0,0,0,0,0,0,0,0
"03276554",1,"2015","2014",0,0.153,0.153,"1",0.25,0.2267,"05","D",0.093,0.093,0,"D",0,"D",113417,"D",0,"D",-14073,"D",0,"D",0,"D",0,"D",22500,"D",0,"D",0,"D",0,"D",0,"D",0,"D",18089,6246,18137.62,18054.75,6268.53,6230.33,17352.8,17352.8,99344,99344,99344.01,99344.01,0,0,0,0,0,0,0,0,99344,99344,0,0,18137.62,18054.75,18137.62,18054.75,3992,4044,0,0,0,0,0,0,0,0,0
"03276574",1,"2015","2014",2,0,0,"3",-0.4,-0.4,"18","D",0,0,0,"D",0,"D",0,"D",0,"D",0,"D",327,"D",0,"D",0,"D",0,"D",0,"D",0,"D",0,"D",0,"D",900,"D",0,0,0,0,0,0,0,0,327,327,0.01,0.01,0,0,0,0,0,0,0,0,327,327,0,0,0,0,0,0,2400,2440,900,900,0,0,0,0,0,0,0
"03276584",1,"2015","2014",2,0,0,"3",-0.4,-0.4,"34","D",0,0,0,"D",0,"D",0,"D",0,"D",0,"D",0,"D",0,"D",0,"D",0,"D",960,"D",0,"D",0,"D",0,"D",100,"D",0,0,0,0,0,0,0,0,0,0,0.01,0.01,0,0,0,0,0,0,0,0,0,0,0,0,0,0,0,0,12000,12000,1060,1060,0,0,0,0,0,0,0
"03276644",1,"2015","2014",1,0.029,0.029,"2",0.25,0.25,"44","D",0,0,0,"D",0,"D",130000,"D",0,"D",0,"D",0,"D",0,"D",0,"D",0,"D",4300,"D",0,"D",0,"D",1,"D",0,"D",18026,0,18150,17937.5,0,0,18278,18464,130000,130000,0,0,0,0,0,0,0,0,0,0,130000,130000,0,0,18150,17937.5,18150,17937.5,0,0,0,0,0,0,0,0,0,0,0
"03276654",1,"2015","2014",2,0.153,0.153,"2",0.15,0.15,"44","D",0,0,0,"D",0,"D",0,"D",72000,"D",-4809,"D",0,"D",0,"D",0,"D",0,"D",2100,"D",0,"D",0,"D",2,"D",0,"D",2897,0,2941.15,2866.15,0,0,11016,11016,67191,67191,0,0,2000,2000,0,0,0,0,0,0,67191,67191,0,0,4941.15,4866.15,4941.15,4866.15,0,0,0,0,0,0,0,0,0,0,0
"03276664",1,"2015","2014",0,0.153,0.153,"1",0.15,0.15,"41","D",0.07,0.07,0,"D",0,"D",45000,"D",0,"D",-4801,"D",0,"D",0,"D",0,"D",0,"D",1500,"D",1400,"D",0,"D",0,"D",1680,"D",4036,1608,4053.6,4023.6,1613.83,1603.33,6885,6885,40199,40199,30049.01,29899.01,0,0,0,0,0,0,0,0,40199,40199,0,0,4053.6,4023.6,4053.6,4023.6,0,0,0,0,0,0,0,0,0,0,0
"03276694",1,"2015","2014",0,0,0,"1",0,0,"0","T",0,0,1,"D",1,"D",0,"D",0,"D",530,"D",0,"D",23062,"D",0,"D",0,"D",1100,"D",45,"D",0,"D",0,"D",960,"D",0,0,0,0,0,0,0,0,530,530,0,0,0,0,0,0,0,0,0,0,530,530,0,0,0,0,0,0,0,0,0,0,0,0,0,0,0,0,0
"03276704",1,"2015","2014",1,0.153,0.153,"2",0.1423,0.1422,"22","D",0.0515,0.052,0,"D",0,"D",49000,"D",40000,"D",-17000,"D",0,"D",0,"D",0,"D",0,"D",5200,"D",0,"D",0,"D",1,"D",12552,"D",4007,2823,4026.32,3992.91,2839.2,2811.9,13617,13617,72000,72000,72000.01,72000.01,1000,1000,0,0,0,0,0,0,59448,59448,0,0,5026.32,4992.92,5026.32,4992.91,0,0,0,0,0,0,0,0,0,0,0
"03276804",1,"2015","2014",1,0.153,0.153,"2",0.2333,0.2333,"07","D",0.067,0.067,0,"D",0,"D",111000,"D",15000,"D",-13527,"D",0,"D",0,"D",0,"D",0,"D",4600,"D",2985,"D",0,"D",0,"D",2240,"D",13012,5220,13107.08,12944.58,5219.69,5219.69,19278,19278,112473,112473,112473.01,112473.01,0,0,0,0,0,0,0,0,110233,110233,0,0,13107.08,12944.58,13107.08,12944.58,0,0,0,0,0,0,0,0,0,0,0
"03276824",1,"2015","2014",1,0.153,0.153,"3",0.1,0.1,"10","D",0,0,0,"D",0,"D",17443,"D",0,"D",0,"D",0,"D",0,"D",0,"D",12000,"D",0,"D",75,"D",0,"D",1,"D",0,"D",-4307,0,-4260.7,-4339.7,0,0,2668.78,2668.78,17443,17443,0,0,44.3,19.3,955.7,980.7,0,0,3305,3359,17443,17443,0,0,44.3,19.3,44.3,19.3,0,0,0,0,0,0,0,0,0,0,0
"03276824",2,"2015","2014",0,0.153,0.153,"1",0.15,0.15,"10","D",0,0,0,"D",0,"D",33487,"D",0,"D",0,"D",0,"D",0,"D",0,"D",0,"D",0,"D",0,"D",0,"D",0,"D",0,"D",3029,0,3046.8,3016.8,0,0,5123.51,5123.51,33487,33487,0,0,0,0,0,0,0,0,0,0,33487,33487,0,0,3046.8,3016.8,3046.8,3016.8,0,0,0,0,0,0,0,0,0,0,0
"03276834",1,"2015","2014",0,0.153,0.153,"2",0.2486,0.2486,"44","D",0,0,0,"D",0,"D",93000,"D",42329,"D",0,"D",0,"D",0,"D",0,"D",0,"D",7500,"D",437,"D",0,"D",0,"D",10836,"D",18476,0,18563.59,18413.59,0,0,20705.34,20705.34,135329,135329,0,0,0,0,0,0,0,0,0,0,124493,124493,0,0,18563.59,18413.59,18563.59,18413.59,0,0,0,0,0,0,0,0,0,0,0
"03276834",2,"2015","2014",1,0,0,"3",-0.34,-0.34,"44","D",0,0,0,"D",0,"D",0,"D",0,"D",0,"D",0,"D",0,"D",0,"D",0,"D",0,"D",0,"D",0,"D",0,"D",0,"D",0,0,0,0,0,0,0,0,0,0,0,0,0,0,0,0,0,0,0,0,0,0,0,0,0,0,0,0,0,0,0,0,0,0,0,0,0,0,0
"03276844",1,"2015","2014",0,0.153,0.153,"1",0.25,0.25,"05","D",0.093,0.093,1,"D",1,"D",83324,"D",0,"D",0,"D",0,"D",0,"D",0,"D",8640,"D",0,"D",27,"D",0,"D",0,"D",0,"D",13704,4648,13762.25,13662.25,4670.67,4631.47,12748.57,12748.57,83324,83324,83324.01,83324.01,0,0,0,0,0,0,0,0,83324,83324,0,0,13762.25,13662.25,13762.25,13662.25,3992,4044,27,27,0,0,0,0,0,0,0
"03276854",1,"2015","2014",0,0.153,0.153,"1",0.2355,0.2355,"18","D",0.058,0.058,0,"D",0,"D",51000,"D",0,"D",0,"D",0,"D",0,"D",0,"D",0,"D",1700,"D",30,"D",0,"D",0,"D",4476,"D",5422,2404,5466.24,5391.24,2404.05,2404.05,7803,7803,51000,51000,51000.01,51000.01,0,0,0,0,0,0,0,0,46524,46524,0,0,5466.24,5391.24,5466.24,5391.24,2400,2440,6206,6206,0,0,0,0,0,0,0
"03276864",1,"2015","2014",2,0.153,0.153,"2",0.3106,0.3106,"10","D",0,0,0,"D",0,"D",22880,"D",18720,"D",0,"D",0,"D",0,"D",0,"D",6000,"D",0,"D",600,"D",0,"D",2,"D",0,"D",-2380,0,-2257.6,-2467.73,0,0,6364.8,6364.8,41600,41600,0,0,1340,1300,660,700,0,0,1597.6,1767.73,41600,41600,0,0,1340,1300,1340,1300,0,0,0,0,0,0,0,0,0,0,0
"03276864",2,"2015","2014",0,0.153,0.153,"1",0.225,0.225,"10","D",0,0,1,"D",1,"D",23400,"D",0,"D",0,"D",0,"D",9000,"D",0,"D",0,"D",0,"D",0,"D",0,"D",0,"D",0,"D",1501,0,1518.75,1488.75,0,0,3580.2,3580.2,24850,24850,0,0,0,0,0,0,0,0,0,0,24850,24850,0,0,1518.75,1488.75,1518.75,1488.75,0,0,0,0,0,0,0,0,0,0,0
"03276874",1,"2015","2014",3,0.153,0.153,"2",0.1397,0.1397,"28","D",0.0684,0.0684,0,"D",0,"D",92500,"D",0,"D",14000,"D",0,"D",0,"D",0,"D",0,"D",16180,"D",400,"D",0,"D",2,"D",0,"D",7014,3825,7041.08,6994.08,3846.13,3809.5,14152.5,14152.5,106500,106500,106500.01,106500.01,2000,2000,0,0,0,0,0,0,106500,106500,0,0,9041.08,8994.08,9041.08,8994.08,0,0,16580,16580,0,0,0,0,0,0,0
"03276874",2,"2015","2014",3,0,0,"3",-0.45,-0.45,"28","D",-0.045,-0.045,0,"D",0,"D",0,"D",0,"D",0,"D",0,"D",0,"D",0,"D",0,"D",0,"D",0,"D",0,"D",2,"D",0,"D",0,0,0,0,0,0,0,0,0,0,0.01,0.01,0,0,0,0,0,0,0,0,0,0,0,0,0,0,0,0,9100,9250,0,0,0,0,0,0,0,0,0
"03276884",1,"2015","2014",0,0,0,"1",0,0,"22","D",0,0,1,"D",1,"D",0,"D",0,"D",0,"D",0,"D",15862,"D",0,"D",0,"D",16180,"D",2750,"D",0,"D",0,"D",7900,"D",0,0,0,0,0,0,0,0,0,0,0.01,0.01,0,0,0,0,0,0,0,0,0,0,0,0,0,0,0,0,0,0,0,0,0,0,0,0,0,0,0
"03276914",1,"2015","2014",0,0.029,0.029,"1",0.2622,0.2622,"31","D",0.0637,0.0637,0,"D",0,"D",138777,"D",0,"D",-5000,"D",950,"D",0,"D",0,"D",0,"D",5200,"D",485,"D",0,"D",0,"D",0,"D",26346,6379,26415.27,26296.77,6379.42,6379.42,18532.53,18718.53,134727,134727,139727.01,139727.01,0,0,0,0,0,0,0,0,134727,134727,0,0,26415.27,26296.77,26415.27,26296.77,0,0,0,0,0,0,0,0,0,0,0
"03276934",1,"2015","2014",0,0.153,0.153,"2",0.2385,0.238,"17","D",0.046,0.048,1,"D",1,"D",16000,"D",0,"D",1265,"D",96696,"D",13714,"D",0,"D",0,"D",27280,"D",0,"D",0,"D",0,"D",3432,"D",12325,4207,12422.79,12254.76,4164.72,4236.86,2448,2448,125617.9,125617.9,124352.91,124352.91,0,0,0,0,0,0,0,0,122185.9,122185.9,0,0,12422.79,12254.76,12422.79,12254.76,8200,8200,19962.8,15356,0,0,0,0,0,0,0
"03276934",2,"2015","2014",2,0.153,0.153,"2",0.4659,0.4659,"17","D",0.0807,0.0807,0,"D",0,"D",31200,"D",0,"D",0,"D",0,"D",8460,"D",0,"D",0,"D",0,"D",0,"D",0,"D",2,"D",0,"D",-5078,-203,-4955.16,-5165.29,-185.63,-214.55,4773.6,4773.6,32915,32915,31200.01,31200.01,471.5,431.5,1528.5,1568.5,0,0,3426.66,3596.79,32915,32915,0,0,471.5,431.5,471.5,431.5,7500,7500,0,0,0,0,0,0,582.53,611.45,0
"03276954",1,"2015","2014",2,0,0,"3",-0.4,-0.4,"19","D",-0.014,-0.014,0,"D",0,"D",0,"D",0,"D",0,"D",0,"D",0,"D",0,"D",0,"D",150,"D",0,"D",0,"D",0,"D",0,"D",0,0,0,0,0,0,0,0,0,0,0.01,0.01,0,0,0,0,0,0,0,0,0,0,0,0,0,0,0,0,0,0,0,0,0,0,0,0,0,0,0
"03276964",1,"2015","2014",0,0.153,0.153,"2",0.15,0.15,"10","D",0,0,0,"D",0,"D",0,"D",45293,"D",0,"D",0,"D",0,"D",0,"D",0,"D",2100,"D",275,"D",0,"D",0,"D",960,"D",2806,0,2841.45,2781.45,0,0,6929.83,6929.83,45293,45293,0,0,0,0,0,0,0,0,0,0,45293,45293,0,0,2841.45,2781.45,2841.45,2781.45,0,0,0,0,0,0,0,0,0,0,0
"03277004",1,"2015","2014",0,0.153,0.153,"1",0.25,0.25,"43","D",0,0,0,"D",0,"D",75000,"D",0,"D",-5825,"D",0,"D",0,"D",0,"D",0,"D",300,"D",50,"D",0,"D",0,"D",4800,"D",10554,0,10612.5,10512.5,0,0,11475,11475,69175,69175,0,0,0,0,0,0,0,0,0,0,69175,69175,0,0,10612.5,10512.5,10612.5,10512.5,0,0,0,0,0,0,0,0,0,0,0
"03277014",1,"2015","2014",0,0.153,0.153,"2",0.25,0.2381,"21","D",0.0475,0.0475,0,"D",0,"D",42737,"D",56291,"D",0,"D",0,"D",0,"D",0,"D",0,"D",2400,"D",0,"D",0,"D",0,"D",5472,"D",11342,4024,11547.4,11194.5,3916.41,4100.33,15151.28,15151.28,99028,99028,97828.01,97828.01,0,0,0,0,0,0,0,0,93556,99028,0,0,11547.4,11194.5,11547.4,11194.5,4000,4000,7872,0,0,0,0,0,0,0,0
"03277054",1,"2015","2014",0,0.153,0.153,"1",0,0,"48","D",0,0,0,"D",0,"D",16578,"D",0,"D",0,"D",0,"D",0,"D",0,"D",0,"D",2400,"D",0,"D",0,"D",0,"D",11492,"D",0,0,0,0,0,0,2536.43,2536.43,16578,16578,0,0,0,0,0,0,0,0,0,0,5086,5086,0,0,0,0,0,0,0,0,0,0,0,0,0,0,0,0,0
"03277084",1,"2015","2014",2,0,0,"3",-0.4,-0.4,"0","T",0,0,0,"D",0,"D",0,"D",0,"D",0,"D",1476,"D",0,"D",0,"D",0,"D",1400,"D",148,"D",0,"D",0,"D",2126,"D",0,0,0,0,0,0,0,0,1476,1476,0,0,0,0,0,0,0,0,0,0,1476,1476,0,0,0,0,0,0,0,0,0,0,0,0,0,0,0,0,0
"03277104",1,"2015","2014",0,0.153,0.153,"2",0.141,0.141,"11","D",0.06,0.06,0,"D",0,"D",69000,"D",36000,"D",-16712,"D",0,"D",0,"D",0,"D",0,"D",700,"D",0,"D",0,"D",0,"D",11016,"D",8792,3890,8809.75,8779.75,3890.32,3890.32,16065,16065,88288,88288,88288.01,88288.01,0,0,0,0,0,0,0,0,77272,77272,0,0,8809.75,8779.75,8809.75,8779.75,3000,3000,11716,11716,0,0,0,0,0,0,0
"03277124",1,"2015","2014",0,0.038,0.038,"2",0.3135,0.3135,"45","D",0.05,0.05,1,"D",1,"D",291664,"D",0,"D",-24000,"D",0,"D",26134,"D",0,"D",0,"D",880,"D",0,"D",0,"D",0,"D",3268,"D",62567,14494,62805.38,62396.88,14493.9,14493.9,23341.23,23527.23,289877.9,289877.9,289877.91,289877.91,0,0,0,0,0,0,0,0,286609.9,286609.9,0,0,62805.38,62396.88,62805.38,62396.88,0,0,0,0,0,0,0,0,0,0,0
"03277134",1,"2015","2014",1,0.153,0.153,"2",0.15,0.15,"01","D",0.0387,0.0387,0,"D",0,"D",32966,"D",42000,"D",0,"D",0,"D",0,"D",0,"D",0,"D",800,"D",320,"D",0,"D",1,"D",7316,"D",5661,2502,5699.9,5632.4,2499.76,2503.14,11469.8,11469.8,74966,74966,74966.01,74966.01,1000,1000,0,0,0,0,0,0,74966,74966,0,0,6699.9,6632.4,6699.9,6632.4,4000,4000,14170.9,14170.9,0,0,0,0,0,0,0
"03277164",1,"2015","2014",1,0,0,"3",-0.34,-0.34,"23","D",0.0181,0.0181,0,"D",0,"D",0,"D",0,"D",0,"D",0,"D",0,"D",0,"D",2880,"D",0,"D",0,"D",0,"D",0,"D",0,"D",0,-649,0,0,-648.56,-648.56,0,0,0,0,0.01,0.01,0,0,0,0,0,0,0,0,0,0,0,0,0,0,0,0,0,0,0,0,345.58,345.58,0,0,0,0,0
"03277204",1,"2015","2014",3,0.153,0.153,"2",0.3106,0.3106,"45","D",0.063,0.063,0,"D",0,"D",44000,"D",0,"D",0,"D",0,"D",0,"D",0,"D",0,"D",1300,"D",370,"D",80,"D",3,"D",6248,"D",-3722,769,-3590.16,-3816.29,785.91,757.08,6732,6732,44000,44000,44000.01,44000.01,1185,1140,1815,1860,0,0,1775.16,1956.29,44000,44000,0,0,1185,1140,1185,1140,0,0,0,0,0,0,0,0,0,0,0
"03277224",1,"2015","2014",0,0,0,"2",0,0,"07","D",0,0,1,"D",1,"D",0,"D",0,"D",2500,"D",21000,"D",44626,"D",0,"D",0,"D",8200,"D",593,"D",0,"D",0,"D",17456,"D",0,0,0,0,0,0,0,0,31041.05,31041.05,23500.01,23500.01,0,0,0,0,0,0,0,0,13585.05,13585.05,0,0,0,0,0,0,0,0,0,0,0,0,0,0,0,0,0
"03277244",1,"2015","2014",2,0,0,"3",0.15,0.15,"10","D",0,0,0,"D",0,"D",0,"D",0,"D",17000,"D",36000,"D",0,"D",0,"D",0,"D",80,"D",700,"D",0,"D",0,"D",0,"D",4128,0,4160,4105,0,0,0,0,53000,53000,0,0,0,0,0,0,0,0,0,0,53000,53000,0,0,4160,4105,4160,4105,0,0,0,0,0,0,0,0,0,0,0
"03277264",1,"2015","2014",0,0,0,"2",-0.0765,-0.0765,"06","D",-0.0077,0,0,"D",0,"D",0,"D",0,"D",0,"D",0,"D",21600,"D",0,"D",0,"D",4000,"D",151,"D",0,"D",0,"D",10420,"D",0,-15,0,0,0,-26,0,0,0,0,0,0,0,0,0,0,0,0,0,0,0,0,0,0,0,0,0,0,0,0,0,0,0,0,0,0,0,0,0
"03277334",1,"2015","2014",0,0.153,0.153,"2",0.15,0.15,"01","D",0.0387,0.0387,0,"D",0,"D",79000,"D",12000,"D",0,"D",0,"D",0,"D",0,"D",7500,"D",0,"D",1206,"D",0,"D",0,"D",0,"D",9663,3429,9697.5,9637.5,3426.75,3429.75,13923,13923,91000,91000,91000.01,91000.01,0,0,0,0,0,0,0,0,91000,91000,0,0,9697.5,9637.5,9697.5,9637.5,4000,4000,8167.5,8167.5,0,0,0,0,0,0,0
"03277344",1,"2015","2014",1,0.153,0.153,"2",-0.34,-0.34,"0","T",0,0,0,"D",0,"D",0,"D",7200,"D",360,"D",0,"D",0,"D",0,"D",0,"D",1200,"D",277,"D",0,"D",0,"D",2000,"D",-2448,0,-2448,-2448,0,0,1101.6,1101.6,7560,7560,0,0,0,0,0,0,0,0,2448,2448,7560,7560,0,0,0,0,0,0,0,0,0,0,0,0,0,0,0,0,0
"03277394",1,"2015","2014",4,0.153,0.153,"2",0.3096,0.3096,"44","D",0,0,0,"D",0,"D",0,"D",50000,"D",0,"D",0,"D",0,"D",0,"D",0,"D",3500,"D",0,"D",0,"D",4,"D",10468,"D",-3485,0,-3361.79,-3572.93,0,0,7650,7650,50000,50000,0,0,1149.76,1119.76,2850.24,2880.24,0,0,511.56,692.69,39532,39532,0,0,1149.76,1119.76,1149.76,1119.76,0,0,0,0,0,0,0,0,0,0,0
"03277424",1,"2015","2014",0,0,0,"1",0,0,"50","D",0.0703,0.0703,1,"D",1,"D",0,"D",0,"D",0,"D",0,"D",14662,"D",0,"D",6420,"D",0,"D",33,"D",0,"D",0,"D",0,"D",0,-692,0,0,-691.56,-691.56,0,0,0,0,0.01,0.01,0,0,0,0,0,0,0,0,0,0,0,0,0,0,0,0,10080,10249.92,0,0,691.56,691.56,0,0,0,0,0
"03277454",1,"2015","2014",0,0.153,0.153,"1",0.1,0.1,"05","D",0.02,0.02,0,"D",0,"D",16800,"D",0,"D",0,"D",0,"D",0,"D",0,"D",0,"D",3000,"D",0,"D",0,"D",0,"D",0,"D",656,69,665,650,70.67,67.63,2570.4,2570.4,16800,16800,16800.01,16800.01,0,0,0,0,0,0,0,0,16800,16800,0,0,665,650,665,650,3992,4044,3000,3000,0,0,0,0,0,0,0
"03277454",2,"2015","2014",0,0.153,0.153,"1",0.1765,0.1765,"05","D",0.02,0.02,0,"D",0,"D",14000,"D",0,"D",0,"D",0,"D",0,"D",0,"D",0,"D",0,"D",0,"D",0,"D",0,"D",0,"D",321,13,339.59,306.88,14.67,11.63,2142,2142,14000,14000,14000.01,14000.01,0,0,0,0,0,0,45.41,63.12,14000,14000,0,0,385,370,385,370,3992,4044,0,0,0,0,0,0,0,0,0
"03277474",1,"2015","2014",0,0.153,0.153,"2",0.2723,0.272,"36","D",0.0346,0.037,1,"D",1,"D",0,"D",60200,"D",-12040,"D",0,"D",24526,"D",0,"D",0,"D",1800,"D",1160,"D",0,"D",0,"D",21556,"D",4281,996,4292.65,4272.92,1035.88,967.42,9210.6,9210.6,68119.55,68119.55,48160.01,48160.01,0,0,0,0,0,0,0,0,46563.55,46563.55,0,0,4292.65,4272.92,4292.65,4272.92,0,0,0,0,0,0,0,0,0,0,0
"03277514",1,"2015","2014",0,0.153,0.153,"1",0.25,0.25,"33","D",0.0665,0.0665,0,"D",0,"D",95000,"D",0,"D",0,"D",0,"D",0,"D",0,"D",18600,"D",0,"D",0,"D",0,"D",0,"D",0,"D",17010,5304,17068.75,16968.75,5314.29,5296.2,14535,14535,95000,95000,95000.01,95000.01,0,0,0,0,0,0,0,0,95000,95000,0,0,17068.75,16968.75,17068.75,16968.75,7800,7900,0,0,0,0,0,0,0,0,0
"03277564",1,"2015","2014",1,0.153,0.153,"2",0.2598,0.2598,"34","D",0.0575,0.058,0,"D",0,"D",0,"D",36607,"D",0,"D",0,"D",0,"D",0,"D",0,"D",0,"D",40,"D",0,"D",1,"D",0,"D",-1025,1122,-936.45,-1087.77,1128.21,1117.4,5600.87,5600.87,36607,36607,36607.01,36607.01,1000,1000,0,0,0,0,1172.15,1288.47,36607,36607,0,0,1235.7,1200.7,1235.7,1200.7,15000,15000,0,0,0,0,0,0,0,0,0
"03277574",1,"2015","2014",1,0.153,0.153,"3",0.3098,0.3098,"07","D",0.0839,0.0839,0,"D",0,"D",35000,"D",0,"D",0,"D",0,"D",0,"D",0,"D",10200,"D",0,"D",615,"D",0,"D",1,"D",0,"D",402,213,491.27,338.63,229.66,200.75,5355,5355,35000,35000,35000.01,35000.01,1000,1000,0,0,0,0,561.23,666.37,35000,35000,0,0,2052.5,2005,2052.5,2005,0,0,0,0,0,0,0,0,154.34,183.25,0
"03277594",1,"2015","2014",2,0.038,0.038,"2",0.35,0.35,"22","D",0.0515,0.052,0,"D",0,"D",228786,"D",228786,"D",-18000,"D",0,"D",0,"D",0,"D",0,"D",16180,"D",1400,"D",27200,"D",2,"D",62952,"D",92680,21592,93024,92434,21713.74,21504.96,44153.74,44525.74,439572,439572,439572.01,439572.01,0,0,0,0,1200,1200,0,0,376620,376620,5670.07,5434.68,88553.93,88199.32,88553.93,88199.32,0,0,0,0,0,0,0,0,0,0,0
"03277604",1,"2015","2014",1,0.153,0.153,"2",0.2598,0.2598,"0","T",0,0,0,"D",0,"D",25000,"D",300,"D",0,"D",0,"D",0,"D",0,"D",5400,"D",0,"D",0,"D",0,"D",1,"D",0,"D",-3962,0,-3874.01,-4025.33,0,0,3870.9,3870.9,25300,25300,0,0,105,70,895,930,0,0,2979.01,3095.33,25300,25300,0,0,105,70,105,70,0,0,0,0,0,0,0,0,0,0,0
"03277634",1,"2015","2014",1,0.153,0.153,"2",0.2598,0.2598,"44","D",0,0,0,"D",0,"D",29999,"D",0,"D",0,"D",0,"D",0,"D",0,"D",0,"D",2000,"D",0,"D",0,"D",0,"D",792,"D",-1741,0,-1653.21,-1804.53,0,0,4589.85,4589.85,29999,29999,0,0,0,0,0,0,0,0,2228.11,2344.43,29999,29999,0,0,574.9,539.9,574.9,539.9,0,0,0,0,0,0,0,0,0,0,0
"03277684",1,"2015","2014",4,0.153,0.153,"3",-0.15,-0.15,"0","T",0,0,0,"D",0,"D",15000,"D",0,"D",0,"D",0,"D",0,"D",0,"D",2700,"D",0,"D",129,"D",0,"D",4,"D",0,"D",-8001,0,-7943,-8042,0,0,2295,2295,15000,15000,0,0,0,0,1800,1800,0,0,6143,6242,15000,15000,0,0,0,0,0,0,0,0,0,0,0,0,0,0,0,0,0
"03277714",1,"2015","2014",0,0.153,0.153,"2",0.2371,0.237,"22","D",0.0515,0.052,1,"D",1,"D",85477,"D",64661,"D",0,"D",0,"D",0,"D",0,"D",0,"D",16180,"D",20,"D",0,"D",0,"D",7208,"D",19566,7065,19643.71,19510.79,7105.18,7036.86,22971.11,22971.11,150138,150138,150138.01,150138.01,0,0,0,0,0,0,0,0,142930,142930,0,0,19643.71,19510.79,19643.71,19510.79,0,0,0,0,0,0,0,0,0,0,0
"03277724",1,"2015","2014",2,0,0,"3",-0.4,-0.4,"10","D",0,0,0,"D",0,"D",0,"D",0,"D",0,"D",0,"D",0,"D",0,"D",0,"D",690,"D",0,"D",0,"D",0,"D",3110,"D",0,0,0,0,0,0,0,0,0,0,0,0,0,0,0,0,0,0,0,0,0,0,0,0,0,0,0,0,0,0,0,0,0,0,0,0,0,0,0
"03277734",1,"2015","2014",1,0.0493,0.0493,"2",0.2614,0.2614,"33","D",0.0665,0.0665,0,"D",0,"D",228786,"D",22953,"D",200,"D",0,"D",0,"D",0,"D",0,"D",140,"D",0,"D",4800,"D",1,"D",19840,"D",43858,15315,43937.64,43801.86,15526.72,15163.42,24670.25,24856.25,251939,251939,251939.01,251939.01,0,0,0,0,600,600,0,0,232099,232099,0,0,44530.04,44394.26,44530.04,44394.26,15650,15850,14985,14985,0,0,120,120,0,0,0
"03277744",1,"2015","2014",0,0.153,0.153,"1",0,0,"18","D",0,0,0,"D",0,"D",7500,"D",0,"D",0,"D",0,"D",0,"D",0,"D",9876,"D",0,"D",0,"D",0,"D",0,"D",120,"D",-500,0,-496,-503,0,0,1147.5,1147.5,7500,7500,7500.01,7500.01,0,0,0,0,0,0,496,503,7500,7500,0,0,0,0,0,0,2400,2440,120,120,0,0,0,0,0,0,0
"03277744",3,"2015","2014",0,0.153,0.153,"1",0.15,0.15,"18","D",0.058,0.058,0,"D",0,"D",32000,"D",0,"D",0,"D",0,"D",0,"D",0,"D",0,"D",0,"D",0,"D",0,"D",0,"D",0,"D",2806,1521,2823.75,2793.75,1522.8,1520.48,4896,4896,32000,32000,32000.01,32000.01,0,0,0,0,0,0,0,0,32000,32000,0,0,2823.75,2793.75,2823.75,2793.75,2400,2440,0,0,0,0,0,0,0,0,0
"03277754",1,"2015","2014",0,0,0,"1",0,0,"39","D",0,0,1,"D",1,"D",0,"D",0,"D",0,"D",0,"D",10342,"D",0,"D",3840,"D",0,"D",0,"D",0,"D",0,"D",0,"D",0,0,0,0,0,0,0,0,0,0,0.01,0.01,0,0,0,0,0,0,0,0,0,0,0,0,0,0,0,0,0,0,0,0,0,0,0,0,0,0,0
"03277774",1,"2015","2014",0,0,0,"1",0.15,0.15,"48","D",0,0,0,"D",0,"D",0,"D",0,"D",173,"D",36000,"D",0,"D",0,"D",0,"D",2600,"D",0,"D",0,"D",0,"D",360,"D",3432,0,3449.7,3419.7,0,0,0,0,36173,36173,0,0,0,0,0,0,0,0,0,0,36173,36173,0,0,3449.7,3419.7,3449.7,3419.7,0,0,0,0,0,0,0,0,0,0,0
"03277814",1,"2015","2014",0,0.038,0.038,"1",0.3505,0.3503,"0","T",0,0,0,"D",0,"D",228786,"D",0,"D",11400,"D",37000,"D",0,"D",0,"D",0,"D",1910,"D",335,"D",0,"D",0,"D",7016,"D",71667,0,71870.46,71522.13,0,0,21401.87,21587.87,277186,277186,0,0,0,0,0,0,0,0,0,0,270170,270170,0,0,71437.26,71088.93,71437.26,71088.93,0,0,0,0,0,0,0,0,0,0,0
"03277854",1,"2015","2014",0,0.153,0.153,"2",0.25,0.25,"39","D",0.0307,0.0307,0,"D",0,"D",63941,"D",57041,"D",0,"D",0,"D",0,"D",0,"D",0,"D",1300,"D",0,"D",0,"D",0,"D",0,"D",16766,3714,16883,16683,3714.15,3714.15,18510.25,18510.25,120982,120982,120982.01,120982.01,0,0,0,0,0,0,0,0,120982,120982,0,0,16883,16683,16883,16683,0,0,0,0,0,0,0,0,0,0,0
"03277874",1,"2015","2014",0,0.153,0.153,"2",0.25,0.25,"25","D",0.05,0.05,0,"D",0,"D",60000,"D",52000,"D",0,"D",0,"D",0,"D",0,"D",0,"D",1600,"D",3,"D",0,"D",0,"D",5252,"D",14521,4357,14637.5,14437.5,4357.25,4357.25,17136,17136,112000,112000,112000.01,112000.01,0,0,0,0,0,0,0,0,112000,112000,0,0,14637.5,14437.5,14637.5,14437.5,4600,4600,6855,6855,0,0,0,0,0,0,0
"03277924",1,"2015","2014",1,0.153,0.153,"3",0.2598,0.2598,"0","T",0,0,0,"D",0,"D",22590,"D",0,"D",0,"D",0,"D",0,"D",0,"D",7128,"D",0,"D",0,"D",0,"D",0,"D",0,"D",-2061,0,-1985.35,-2115.49,0,0,3456.27,3456.27,22590,22590,0,0,0,0,0,0,0,0,2544.35,2649.49,22590,22590,0,0,559,534,559,534,0,0,0,0,0,0,0,0,0,0,0
"03277954",1,"2015","2014",0,0.153,0.153,"1",0.25,0.2408,"36","D",0.0346,0.037,0,"D",0,"D",78577,"D",0,"D",-4347,"D",0,"D",0,"D",0,"D",0,"D",3800,"D",387,"D",0,"D",0,"D",40,"D",11802,2044,11838.99,11776.25,2122.06,1988.31,12022.28,12022.28,74230,74230,74230.01,74230.01,0,0,0,0,0,0,0,0,74190,74230,0,0,11838.99,11776.25,11838.99,11776.25,0,0,0,0,0,0,0,0,0,0,0
"03277964",1,"2015","2014",0,0.0695,0.0695,"2",0.35,0.35,"47","D",0.0565,0.0565,0,"D",0,"D",228786,"D",78000,"D",-1830,"D",0,"D",0,"D",0,"D",0,"D",2600,"D",2000,"D",0,"D",0,"D",11400,"D",64807,15949,65151.6,64561.6,15946.4,15950.11,33587.87,33773.87,304956,304956,304956.01,304956.01,0,0,0,0,0,0,0,0,293556,293556,1760.91,1580.64,63390.69,62980.96,63390.69,62980.96,6000,6000,16810.82,16746.21,0,0,0,0,0,0,0
"03278024",1,"2015","2014",0,0.153,0.153,"1",0.2548,0.2548,"38","D",0.09,0.09,0,"D",0,"D",110000,"D",0,"D",30,"D",0,"D",0,"D",0,"D",13920,"D",0,"D",2075,"D",0,"D",0,"D",0,"D",19736,8901,19802.41,19688.29,8909.8,8894.15,16830,16830,110030,110030,110030.01,110030.01,0,0,0,0,0,0,0,0,110030,110030,0,0,19802.41,19688.29,19802.41,19688.29,2115.6,2144.96,2075,2075,0,0,0,0,0,0,0
"03278034",1,"2015","2014",1,0,0,"3",-0.34,-0.34,"10","D",0,0,0,"D",0,"D",0,"D",0,"D",0,"D",0,"D",0,"D",0,"D",0,"D",0,"D",0,"D",0,"D",0,"D",38,"D",0,0,0,0,0,0,0,0,0,0,0,0,0,0,0,0,0,0,0,0,0,0,0,0,0,0,0,0,0,0,0,0,0,0,0,0,0,0,0
"03278054",1,"2015","2014",6,0,0,"3",-0.45,-0.45,"03","D",0,0,0,"D",0,"D",0,"D",0,"D",0,"D",0,"D",0,"D",0,"D",0,"D",1000,"D",0,"D",0,"D",1,"D",5951,"D",0,-100,0,0,-100,-100,0,0,0,0,0.01,0.01,0,0,0,0,0,0,0,0,0,0,0,0,0,0,0,0,10018,10182,6951.06,6951.06,0,0,0,0,0,0,0
"03278064",1,"2015","2014",0,0.038,0.038,"2",0.35,0.35,"05","D",0.0986,0.0986,0,"D",0,"D",0,"D",469961,"D",0,"D",0,"D",0,"D",0,"D",0,"D",16180,"D",0,"D",0,"D",0,"D",45932,"D",110473,33548,110817.15,110227.15,33601.15,33510.85,30116.52,30302.52,469961,469961,469961.01,469961.01,0,0,0,0,0,0,0,0,424029,424029,9778.24,9581.96,101038.91,100645.19,101038.91,100645.19,7984,8088,55083.9,55359.06,0,0,0,0,0,0,0
"03278084",1,"2015","2014",1,0.153,0.153,"2",0.15,0.15,"48","D",0,0,0,"D",0,"D",34325,"D",60654,"D",40,"D",0,"D",0,"D",0,"D",0,"D",2300,"D",2427,"D",0,"D",0,"D",2448,"D",9668,0,9707.85,9640.35,0,0,14531.79,14531.79,95019,95019,0,0,0,0,0,0,0,0,0,0,95019,95019,0,0,9707.85,9640.35,9707.85,9640.35,0,0,0,0,0,0,0,0,0,0,0
"03278114",1,"2015","2014",0,0.153,0.153,"1",0.15,0.15,"33","D",0.06,0.06,0,"D",0,"D",22000,"D",0,"D",0,"D",0,"D",0,"D",0,"D",7200,"D",0,"D",50,"D",0,"D",0,"D",0,"D",1306,574,1323.75,1293.75,580.04,569.07,3366,3366,22000,22000,22000.01,22000.01,0,0,0,0,0,0,0,0,22000,22000,0,0,1323.75,1293.75,1323.75,1293.75,7800,7900,0,0,0,0,0,0,0,0,0
"03278114",2,"2015","2014",0,0.153,0.153,"1",0.15,0.15,"33","D",0.06,0.06,0,"D",0,"D",23801,"D",0,"D",0,"D",0,"D",0,"D",0,"D",0,"D",0,"D",0,"D",0,"D",0,"D",0,"D",1576,682,1593.9,1563.9,688.1,677.13,3641.55,3641.55,23801,23801,23801.01,23801.01,0,0,0,0,0,0,0,0,23801,23801,0,0,1593.9,1563.9,1593.9,1563.9,7800,7900,0,0,0,0,0,0,0,0,0
"03278164",1,"2015","2014",0,0,0,"2",0,0,"0","T",0,0,2,"D",2,"D",0,"D",0,"D",0,"D",18705,"D",24666,"D",0,"D",0,"D",2800,"D",735,"D",0,"D",0,"D",0,"D",0,0,0,0,0,0,0,0,18705,18705,0,0,0,0,0,0,0,0,0,0,18705,18705,0,0,0,0,0,0,0,0,0,0,0,0,0,0,0,0,0
"03278204",1,"2015","2014",0,0.153,0.153,"1",0.1451,0.1451,"19","D",0.0329,0.0329,0,"D",0,"D",28804,"D",0,"D",0,"D",0,"D",0,"D",0,"D",0,"D",4000,"D",0,"D",0,"D",0,"D",8616,"D",1299,496,1308.02,1292.35,493.48,497.93,4407.01,4407.01,28804,28804,28804.01,28804.01,0,0,0,0,0,0,0,0,20188,20188,0,0,1308.02,1292.35,1308.02,1292.35,0,0,0,0,0,0,0,0,0,0,0
"03278214",1,"2015","2014",2,0,0,"3",-0.4,-0.4,"0","T",0,0,0,"D",0,"D",0,"D",0,"D",0,"D",0,"D",0,"D",0,"D",4000,"D",2500,"D",0,"D",0,"D",0,"D",5205,"D",0,0,0,0,0,0,0,0,0,0,0,0,0,0,0,0,0,0,0,0,0,0,0,0,0,0,0,0,0,0,0,0,0,0,0,0,0,0,0
"03278234",1,"2015","2014",3,0.153,0.153,"2",-0.15,-0.15,"45","D",0,0,0,"D",0,"D",7210,"D",7684,"D",0,"D",0,"D",0,"D",0,"D",15600,"D",0,"D",92,"D",0,"D",2,"D",0,"D",-7985,0,-7927.1,-8026.1,0,0,2278.78,2278.78,14894,14894,14894.01,14894.01,0,0,1784.1,1784.1,0,0,6143,6242,14894,14894,0,0,0,0,0,0,0,0,0,0,0,0,0,0,0,0,0
"03278244",1,"2015","2014",3,0.0292,0.0292,"2",0.325,0.325,"24","D",0.0844,0.0844,0,"D",0,"D",228786,"D",365,"D",1006,"D",0,"D",0,"D",0,"D",0,"D",18680,"D",40,"D",0,"D",3,"D",63928,"D",22218,11969,22505.93,22011.93,12013.4,11936.45,21198.64,21384.64,230157,230157,230157.01,230157.01,0,0,0,0,0,0,0,0,166229,166229,1857.02,1531.29,20648.9,20480.64,20648.9,20480.64,0,0,94661.4,94584.45,0,0,0,0,0,0,0
"03278254",1,"2015","2014",2,0.153,0.153,"3",0.3096,0.3096,"10","D",0,0,0,"D",0,"D",33986,"D",0,"D",0,"D",0,"D",0,"D",0,"D",0,"D",3900,"D",0,"D",0,"D",2,"D",17424,"D",-4131,0,-4031.52,-4201.92,0,0,5199.86,5199.86,33986,33986,0,0,26.02,11.02,1973.98,1988.98,0,0,2057.55,2212.94,16562,16562,0,0,26.02,11.02,26.02,11.02,0,0,0,0,0,0,0,0,0,0,0
"03278254",2,"2015","2014",0,0.153,0.153,"1",0.25,0.25,"10","D",0,0,0,"D",0,"D",48731,"D",0,"D",0,"D",0,"D",0,"D",0,"D",0,"D",0,"D",0,"D",0,"D",0,"D",0,"D",5443,0,5501.5,5401.5,0,0,7455.84,7455.84,48731,48731,0,0,0,0,0,0,0,0,0,0,48731,48731,0,0,5501.5,5401.5,5501.5,5401.5,0,0,0,0,0,0,0,0,0,0,0
"03278284",1,"2015","2014",3,0.153,0.153,"2",0.2106,0.2106,"18","D",0,0,0,"D",0,"D",0,"D",23683,"D",0,"D",0,"D",0,"D",0,"D",0,"D",420,"D",93,"D",0,"D",2,"D",17840,"D",-8160,0,-8053.92,-8235.05,0,0,3623.5,3623.5,23683,23683,23683.01,23683.01,0,0,2000,2000,0,0,6053.92,6235.05,23683,23683,0,0,0,0,0,0,2400,2440,18353,18353,0,0,0,0,0,0,0
"03278304",1,"2015","2014",0,0,0,"1",-0.0765,-0.0765,"10","D",0,0,0,"D",0,"D",0,"D",0,"D",1500,"D",0,"D",0,"D",0,"D",0,"D",30,"D",0,"D",0,"D",0,"D",0,"D",0,0,0,0,0,0,0,0,1500,1500,0,0,0,0,0,0,0,0,0,0,1500,1500,0,0,0,0,0,0,0,0,0,0,0,0,0,0,0,0,0
"03278334",1,"2015","2014",0,0.153,0.153,"1",0.15,0.15,"0","T",0,0,0,"D",0,"D",56000,"D",0,"D",-9983,"D",0,"D",0,"D",0,"D",0,"D",1600,"D",533,"D",0,"D",0,"D",5280,"D",4736,0,4744.35,4729.35,0,0,8568,8568,46017,46017,0,0,0,0,0,0,0,0,0,0,40737,40737,0,0,4744.35,4729.35,4744.35,4729.35,0,0,0,0,0,0,0,0,0,0,0
"03278364",1,"2015","2014",2,0,0,"3",-0.4,-0.4,"18","D",0,0,0,"D",0,"D",0,"D",0,"D",0,"D",0,"D",0,"D",0,"D",0,"D",1400,"D",0,"D",0,"D",0,"D",1290,"D",0,0,0,0,0,0,0,0,0,0,0.01,0.01,0,0,0,0,0,0,0,0,0,0,0,0,0,0,0,0,2400,2440,2690,2690,0,0,0,0,0,0,0
"03278374",1,"2015","2014",2,0.153,0.153,"3",0,0,"01","D",0.05,0.05,0,"D",0,"D",16055,"D",0,"D",0,"D",0,"D",0,"D",0,"D",0,"D",0,"D",0,"D",0,"D",1,"D",0,"D",-6511,278,-6460,-6548,277.75,277.75,2456.41,2456.41,16055,16055,16055.01,16055.01,0,0,1000,1000,0,0,5460,5548,16055,16055,0,0,0,0,0,0,4700,4700,1228.21,1228.21,0,0,0,0,0,0,0
"03278444",1,"2015","2014",2,0,0,"3",-0.4,-0.4,"34","D",0,0,0,"D",0,"D",0,"D",0,"D",1888,"D",0,"D",0,"D",0,"D",0,"D",900,"D",15,"D",0,"D",0,"D",8072,"D",0,0,0,0,0,0,0,0,1888,1888,1888.01,1888.01,0,0,0,0,0,0,0,0,1888,1888,0,0,0,0,0,0,12000,12000,8972,8972,0,0,0,0,0,0,0
"03278454",1,"2015","2014",2,0,0,"3",-0.4,-0.4,"01","D",0,0,0,"D",0,"D",0,"D",0,"D",0,"D",0,"D",0,"D",0,"D",0,"D",1100,"D",0,"D",0,"D",0,"D",4656,"D",0,0,0,0,0,0,0,0,0,0,0.01,0.01,0,0,0,0,0,0,0,0,0,0,0,0,0,0,0,0,4700,4700,5756,5756,0,0,0,0,0,0,0
"03278474",1,"2015","2014",0,0.153,0.153,"1",0.15,0.15,"0","T",0,0,0,"D",0,"D",35000,"D",0,"D",0,"D",0,"D",0,"D",0,"D",3936,"D",0,"D",0,"D",0,"D",0,"D",0,"D",3256,0,3273.75,3243.75,0,0,5355,5355,35000,35000,0,0,0,0,0,0,0,0,0,0,35000,35000,0,0,3273.75,3243.75,3273.75,3243.75,0,0,0,0,0,0,0,0,0,0,0
"03278494",1,"2015","2014",1,0.153,0.153,"2",0.15,0.15,"05","D",0.08,0.08,0,"D",0,"D",24882,"D",66337,"D",0,"D",0,"D",0,"D",0,"D",0,"D",3000,"D",0,"D",0,"D",1,"D",5584,"D",8098,2371,8137.85,8070.35,2402.01,2348.48,13956.51,13956.51,91219,91219,91219.01,91219.01,1000,1000,0,0,0,0,0,0,91219,91219,0,0,9137.85,9070.35,9137.85,9070.35,7984,8088,8584,8584,0,0,0,0,0,0,0
"03278534",1,"2015","2014",3,0,0,"3",-0.45,-0.45,"0","T",0,0,0,"D",0,"D",0,"D",0,"D",0,"D",0,"D",0,"D",0,"D",0,"D",0,"D",0,"D",0,"D",0,"D",0,"D",0,0,0,0,0,0,0,0,0,0,0,0,0,0,0,0,0,0,0,0,0,0,0,0,0,0,0,0,0,0,0,0,0,0,0,0,0,0,0
"03278544",1,"2015","2014",2,0.153,0.153,"2",0.3606,0.3606,"0","T",0,0,0,"D",0,"D",40689,"D",7337,"D",0,"D",0,"D",0,"D",0,"D",5400,"D",0,"D",250,"D",0,"D",2,"D",0,"D",-321,0,-177.88,-423.01,0,0,7347.98,7347.98,48026,48026,0,0,2000,1991.4,0,8.6,0,0,244.28,414.41,48026,48026,0,0,2066.4,1991.4,2066.4,1991.4,0,0,0,0,0,0,0,0,0,0,0
"03278574",1,"2015","2014",4,0.153,0.153,"2",0,0,"0","T",0,0,0,"D",0,"D",22000,"D",0,"D",0,"D",0,"D",0,"D",0,"D",0,"D",1200,"D",0,"D",0,"D",2,"D",7420,"D",-8201,0,-8143,-8242,0,0,3366,3366,22000,22000,0,0,0,0,2000,2000,0,0,6143,6242,22000,22000,0,0,0,0,0,0,0,0,0,0,0,0,0,0,0,0,0
"03278604",1,"2015","2014",1,0.153,0.153,"3",0,0,"44","D",0,0,0,"D",0,"D",16000,"D",0,"D",0,"D",0,"D",0,"D",0,"D",3120,"D",0,"D",0,"D",0,"D",1,"D",0,"D",-4337,0,-4305,-4359,0,0,2448,2448,16000,16000,0,0,0,0,1000,1000,0,0,3305,3359,16000,16000,0,0,0,0,0,0,0,0,0,0,0,0,0,0,0,0,0
"03278614",1,"2015","2014",2,0.153,0.153,"2",0.3106,0.3106,"05","D",0,0,0,"D",0,"D",15000,"D",15000,"D",0,"D",0,"D",0,"D",0,"D",16200,"D",0,"D",0,"D",0,"D",1,"D",0,"D",-4983,0,-4860.56,-5070.69,0,0,4590,4590,30000,30000,30000.01,30000.01,180,140,820,860,0,0,4040.56,4210.69,30000,30000,0,0,180,140,180,140,7984,8088,0,0,0,0,0,0,0,0,0
"03278614",2,"2015","2014",2,0,0,"3",-0.4,-0.4,"05","D",0,0,0,"D",0,"D",0,"D",0,"D",0,"D",0,"D",0,"D",0,"D",0,"D",0,"D",0,"D",0,"D",1,"D",0,"D",0,0,0,0,0,0,0,0,0,0,0.01,0.01,0,0,0,0,0,0,0,0,0,0,0,0,0,0,0,0,7984,8088,0,0,0,0,0,0,0,0,0
"03278634",1,"2015","2014",0,0.153,0.153,"1",0.2423,0.2423,"39","D",0.0307,0.0307,0,"D",0,"D",70000,"D",0,"D",100,"D",0,"D",0,"D",0,"D",0,"D",2600,"D",1915,"D",0,"D",0,"D",4800,"D",9483,2152,9526.98,9451.98,2152.07,2152.07,10710,10710,70100,70100,70100.01,70100.01,0,0,0,0,0,0,0,0,65300,65300,0,0,9526.98,9451.98,9526.98,9451.98,0,0,0,0,0,0,0,0,0,0,0
"03278634",2,"2015","2014",0,0.153,0.153,"1",0.15,0.15,"39","D",0.0307,0.0307,0,"D",0,"D",25000,"D",0,"D",0,"D",0,"D",0,"D",0,"D",0,"D",0,"D",0,"D",0,"D",0,"D",0,"D",1756,768,1773.75,1743.75,767.5,767.5,3825,3825,25000,25000,25000.01,25000.01,0,0,0,0,0,0,0,0,25000,25000,0,0,1773.75,1743.75,1773.75,1743.75,0,0,0,0,0,0,0,0,0,0,0
"03278644",1,"2015","2014",0,0.153,0.153,"2",0.25,0.25,"47","D",0.0575,0.0575,0,"D",0,"D",63105,"D",102692,"D",0,"D",0,"D",0,"D",0,"D",0,"D",2000,"D",240,"D",0,"D",0,"D",0,"D",27970,8566,28086.75,27886.75,8566.38,8566.38,25366.94,25366.94,165797,165797,165797.01,165797.01,0,0,0,0,0,0,0,0,165797,165797,0,0,28086.75,27886.75,28086.75,27886.75,6000,6000,0,0,0,0,0,0,0,0,0
"03278664",1,"2015","2014",0,0.153,0.153,"1",0.15,0.15,"28","D",0.0501,0.0501,0,"D",0,"D",32000,"D",0,"D",40,"D",0,"D",0,"D",0,"D",0,"D",940,"D",1200,"D",0,"D",0,"D",1392,"D",2812,858,2829.75,2799.75,865.08,853.25,4896,4896,32040,32040,32040.01,32040.01,0,0,0,0,0,0,0,0,32040,32040,0,0,2829.75,2799.75,2829.75,2799.75,6200,6300,0,0,0,0,0,0,0,0,0
"03278694",1,"2015","2014",1,0.153,0.153,"2",0.15,0.15,"01","D",0.0387,0.0387,0,"D",0,"D",2112,"D",69745,"D",0,"D",0,"D",0,"D",0,"D",0,"D",400,"D",470,"D",0,"D",0,"D",5912,"D",6194,2414,6233.55,6166.05,2412.22,2415.59,10994.12,10994.12,71857,71857,71857.01,71857.01,0,0,0,0,0,0,0,0,71857,71857,0,0,6233.55,6166.05,6233.55,6166.05,4000,4000,12279.06,12279.06,0,0,0,0,0,0,0
"03278694",2,"2015","2014",0,0.153,0.153,"1",0.15,0.15,"01","D",0.0387,0.0387,0,"D",0,"D",34304,"D",0,"D",0,"D",0,"D",0,"D",0,"D",0,"D",0,"D",0,"D",0,"D",0,"D",0,"D",3152,1311,3169.35,3139.35,1310.52,1312.02,5248.51,5248.51,34304,34304,34304.01,34304.01,0,0,0,0,0,0,0,0,34304,34304,0,0,3169.35,3139.35,3169.35,3139.35,2000,2000,2624.26,2624.26,0,0,0,0,0,0,0
"03278694",3,"2015","2014",0,0.153,0.153,"1",0.15,0.15,"01","D",0.0387,0.0387,0,"D",0,"D",45928,"D",0,"D",0,"D",0,"D",0,"D",0,"D",0,"D",0,"D",0,"D",0,"D",0,"D",0,"D",4895,1761,4912.95,4882.95,1760.08,1761.58,7026.98,7026.98,45928,45928,45928.01,45928.01,0,0,0,0,0,0,0,0,45928,45928,0,0,4912.95,4882.95,4912.95,4882.95,2000,2000,3513.49,3513.49,0,0,0,0,0,0,0
"03278714",1,"2015","2014",0,0.153,0.153,"2",0.15,0.15,"36","D",0.0346,0.037,2,"D",2,"D",0,"D",70000,"D",0,"D",0,"D",13978,"D",0,"D",11472,"D",0,"D",200,"D",0,"D",0,"D",180,"D",7926,1774,7969.7,7894.7,1843.52,1724.17,10710,10710,81881.3,81881.3,70000.01,70000.01,0,0,0,0,0,0,0,0,81881.3,81881.3,0,0,7969.7,7894.7,7969.7,7894.7,0,0,0,0,0,0,0,0,0,0,0
"03278724",1,"2015","2014",2,0,0,"3",-0.4,-0.4,"34","D",0,0,0,"D",0,"D",0,"D",0,"D",0,"D",0,"D",0,"D",0,"D",0,"D",1760,"D",0,"D",0,"D",0,"D",340,"D",0,0,0,0,0,0,0,0,0,0,0.01,0.01,0,0,0,0,0,0,0,0,0,0,0,0,0,0,0,0,12000,12000,2100,2100,0,0,0,0,0,0,0
"03278734",1,"2015","2014",0,0.029,0.029,"1",0.254,0.254,"05","D",0.093,0.093,0,"D",0,"D",147000,"D",0,"D",0,"D",0,"D",0,"D",0,"D",0,"D",4200,"D",0,"D",0,"D",0,"D",11172,"D",26162,9623,26225.78,26116.62,9642.2,9608.84,18771,18957,147000,147000,147000.01,147000.01,0,0,0,0,0,0,0,0,135828,135828,0,0,26225.78,26116.62,26225.78,26116.62,3992,4044,15372,15372,0,0,0,0,0,0,0
"03278734",2,"2015","2014",0,0.153,0.153,"1",0.25,0.25,"05","D",0.093,0.093,0,"D",0,"D",70000,"D",0,"D",0,"D",0,"D",0,"D",0,"D",0,"D",0,"D",0,"D",0,"D",0,"D",0,"D",10760,3517,10818.75,10718.75,3539.54,3501.34,10710,10710,70000,70000,70000.01,70000.01,0,0,0,0,0,0,0,0,70000,70000,0,0,10818.75,10718.75,10818.75,10718.75,3992,4044,0,0,0,0,0,0,0,0,0
"03278744",1,"2015","2014",2,0.153,0.153,"2",0.3106,0.3106,"0","T",0,0,0,"D",0,"D",0,"D",45000,"D",0,"D",0,"D",0,"D",0,"D",13200,"D",0,"D",2464,"D",0,"D",2,"D",2280,"D",-1324,0,-1201.56,-1411.69,0,0,6885,6885,45000,45000,0,0,1680,1640,320,360,0,0,881.56,1051.69,45000,45000,0,0,1680,1640,1680,1640,0,0,0,0,0,0,0,0,0,0,0
"03278754",1,"2015","2014",2,0.055,0.055,"2",0.28,0.2597,"33","D",0.0729,0.0726,0,"D",0,"D",140000,"D",37231,"D",11012,"D",0,"D",0,"D",0,"D",20400,"D",0,"D",1300,"D",0,"D",1,"D",0,"D",31864,11009,32020.48,31751.54,11237.7,10846.41,24264.34,24450.34,188243,188243,188243.01,188243.01,0,0,0,0,0,0,0,0,188243,188243,0,0,32020.48,31751.54,32020.48,31751.54,15650,15850,1300,0,0,0,0,0,0,0,0
"03278774",1,"2015","2014",0,0,0,"1",-0.0765,-0.0765,"45","D",0,0,0,"D",0,"D",0,"D",0,"D",0,"D",0,"D",0,"D",0,"D",8028,"D",0,"D",0,"D",0,"D",0,"D",0,"D",0,0,0,0,0,0,0,0,0,0,0.01,0.01,0,0,0,0,0,0,0,0,0,0,0,0,0,0,0,0,0,0,0,0,0,0,0,0,0,0,0
"03278784",1,"2015","2014",0,0.153,0.153,"1",0.15,0.15,"47","D",0.0575,0.0575,0,"D",0,"D",32000,"D",0,"D",0,"D",0,"D",0,"D",0,"D",10724,"D",0,"D",0,"D",0,"D",0,"D",0,"D",2806,1357,2823.75,2793.75,1356.53,1356.53,4896,4896,32000,32000,32000.01,32000.01,0,0,0,0,0,0,0,0,32000,32000,0,0,2823.75,2793.75,2823.75,2793.75,3000,3000,0,0,0,0,0,0,0,0,0
"03278794",1,"2015","2014",0,0.153,0.153,"1",0.2329,0.2329,"28","D",0.0684,0.0684,0,"D",0,"D",73000,"D",0,"D",0,"D",0,"D",0,"D",0,"D",0,"D",2400,"D",0,"D",0,"D",0,"D",6000,"D",10113,3450,10154.14,10082.97,3458.44,3443.12,11169,11169,73000,73000,73000.01,73000.01,0,0,0,0,0,0,0,0,67000,67000,0,0,10154.14,10082.97,10154.14,10082.97,0,0,8400,8400,0,0,0,0,0,0,0
"03278824",1,"2015","2014",3,0.153,0.153,"2",0.15,0.15,"01","D",0.0387,0.0387,0,"D",0,"D",25000,"D",48000,"D",0,"D",0,"D",0,"D",0,"D",9600,"D",0,"D",250,"D",0,"D",3,"D",0,"D",2172,2945,2220,2137.5,2942.28,2946.4,11169,11169,73000,73000,73000.01,73000.01,3000,3000,0,0,0,0,0,0,73000,73000,0,0,5220,5137.5,5220,5137.5,4000,4000,5834.5,5834.5,0,0,0,0,0,0,0
"03278834",1,"2015","2014",2,0,0,"3",-0.4,-0.4,"01","D",0,0,0,"D",0,"D",0,"D",0,"D",0,"D",637,"D",0,"D",0,"D",0,"D",80,"D",0,"D",0,"D",0,"D",0,"D",0,0,0,0,0,0,0,0,637,637,637.01,637.01,0,0,0,0,0,0,0,0,637,637,0,0,0,0,0,0,4700,4700,80,80,0,0,0,0,0,0,0
"03278844",1,"2015","2014",1,0.153,0.153,"3",0.15,0.15,"14","D",0.0375,0.05,0,"D",0,"D",55000,"D",0,"D",0,"D",0,"D",0,"D",0,"D",9600,"D",0,"D",0,"D",0,"D",1,"D",0,"D",4025,2166,4052.5,4005,2537.5,1901.25,8415,8415,55000,55000,55000.01,55000.01,1000,1000,0,0,0,0,0,0,55000,55000,0,0,5052.5,5005,5052.5,5005,0,0,0,0,0,0,0,0,0,0,0
"03278854",1,"2015","2014",0,0.153,0.153,"1",0.1444,0.1425,"14","D",0.0375,0.05,1,"D",1,"D",45937,"D",0,"D",0,"D",0,"D",0,"D",0,"D",0,"D",6000,"D",1500,"D",0,"D",0,"D",1764,"D",4217,1528,4178.61,4244.02,1840.6,1304.51,7028.36,7028.36,45937,45937,45937.01,45937.01,0,0,0,0,0,0,0,0,44173,44173,0,0,4178.61,4244.02,4178.61,4244.02,0,0,0,0,300,300,0,0,0,0,0
"03278864",1,"2015","2014",0,0,0,"2",0.15,0.15,"29","D",0,0,2,"D",2,"D",0,"D",0,"D",1188,"D",18500,"D",46604,"D",0,"D",0,"D",1500,"D",425,"D",0,"D",0,"D",900,"D",225,0,248.3,208.3,0,0,0,0,25183,25183,0,0,0,0,0,0,0,0,0,0,25183,25183,0,0,248.3,208.3,248.3,208.3,0,0,0,0,0,0,0,0,0,0,0
"03278934",1,"2015","2014",1,0.153,0.153,"3",0.3098,0.3098,"36","D",0.0457,0.0477,0,"D",0,"D",38000,"D",0,"D",0,"D",0,"D",0,"D",0,"D",10800,"D",0,"D",0,"D",0,"D",1,"D",0,"D",1332,693,1420.67,1268.03,726.34,669.53,5814,5814,38000,38000,38000.01,38000.01,1000,1000,0,0,0,0,81.83,186.97,38000,38000,0,0,2502.5,2455,2502.5,2455,0,0,0,0,0,0,0,0,8.18,18.7,0
"03278934",2,"2015","2014",0,0.153,0.153,"1",0.25,0.25,"36","D",0.0346,0.037,0,"D",0,"D",53000,"D",0,"D",0,"D",0,"D",0,"D",0,"D",0,"D",0,"D",0,"D",0,"D",0,"D",0,"D",6510,1288,6568.75,6468.75,1336.97,1252.69,8109,8109,53000,53000,53000.01,53000.01,0,0,0,0,0,0,0,0,53000,53000,0,0,6568.75,6468.75,6568.75,6468.75,0,0,0,0,0,0,0,0,0,0,0
"03278944",1,"2015","2014",2,0.153,0.153,"2",0.2267,0.2267,"05","D",0.093,0.093,0,"D",0,"D",48000,"D",105000,"D",0,"D",0,"D",0,"D",0,"D",0,"D",5500,"D",0,"D",0,"D",2,"D",0,"D",22642,7573,22731.98,22578.08,7622.07,7537.69,23409,23409,153000,153000,153000.01,153000.01,0,0,0,0,0,0,0,0,153000,153000,0,0,22731.98,22578.08,22731.98,22578.08,7984,8088,5500,5500,0,0,0,0,0,0,0
"03278994",1,"2015","2014",1,0.153,0.153,"2",0,0,"23","D",0.06,0.06,0,"D",0,"D",0,"D",12593,"D",0,"D",0,"D",0,"D",0,"D",0,"D",2500,"D",0,"D",0,"D",1,"D",6428,"D",-4337,-1536,-4305,-4359,-1533.7,-1536.94,1926.73,1926.73,12593,12593,12593.01,12593.01,0,0,1000,1000,0,0,3305,3359,12593,12593,0,0,0,0,0,0,0,0,0,0,1200,1200,0,0,198.3,201.54,0
"03278994",2,"2015","2014",0,0.153,0.153,"1",0,0,"23","D",0.06,0.06,0,"D",0,"D",7942,"D",0,"D",0,"D",0,"D",0,"D",0,"D",0,"D",0,"D",0,"D",0,"D",0,"D",0,"D",-500,52,-496,-503,51.78,51.36,1215.13,1215.13,7942,7942,7942.01,7942.01,0,0,0,0,0,0,496,503,7942,7942,0,0,0,0,0,0,0,0,0,0,0,0,0,0,29.76,30.18,0
"03279024",1,"2015","2014",0,0.153,0.153,"2",0.25,0.25,"11","D",0.06,0.06,0,"D",0,"D",50000,"D",58343,"D",-11669,"D",0,"D",0,"D",0,"D",0,"D",450,"D",339,"D",0,"D",0,"D",740,"D",10689,4916,10806,10606,4916.44,4916.44,16576.48,16576.48,96674,96674,96674.01,96674.01,0,0,0,0,0,0,0,0,96674,96674,0,0,10806,10606,10806,10606,3000,3000,0,0,0,0,0,0,0,0,0
"03279074",1,"2015","2014",0,0,0,"1",0,0,"26","D",0.0025,0.0025,1,"D",1,"D",0,"D",0,"D",0,"D",0,"D",15298,"D",0,"D",4032,"D",0,"D",90,"D",0,"D",0,"D",0,"D",0,-1062,0,0,-1061.75,-1061.75,0,0,0,0,0.01,0.01,0,0,0,0,0,0,0,0,0,0,0,0,0,0,0,0,7750,7850,0,0,1061.75,1061.75,0,0,0,0,0
"03279084",1,"2015","2014",2,0.153,0.153,"3",0.3606,0.3606,"22","D",0.0831,0.0836,0,"D",0,"D",41530,"D",0,"D",0,"D",0,"D",0,"D",0,"D",0,"D",2100,"D",135,"D",0,"D",1,"D",5452,"D",848,1133,970.72,760.33,1153.24,1118.17,6354.09,6354.09,41530,41530,41530.01,41530.01,1000,1000,0,0,0,0,468.78,624.17,41530,41530,0,0,2439.5,2384.5,2439.5,2384.5,0,0,0,0,0,0,0,0,70.32,93.63,0
"03279094",1,"2015","2014",1,0.153,0.153,"2",0.15,0.15,"0","T",0,0,0,"D",0,"D",20000,"D",37000,"D",0,"D",0,"D",0,"D",0,"D",0,"D",110,"D",0,"D",0,"D",1,"D",5208,"D",2966,0,3005,2937.5,0,0,8721,8721,57000,57000,0,0,1000,1000,0,0,0,0,0,0,57000,57000,0,0,4005,3937.5,4005,3937.5,0,0,0,0,0,0,0,0,0,0,0
"03279144",1,"2015","2014",2,0,0,"3",-0.4,-0.4,"10","D",0,0,0,"D",0,"D",0,"D",0,"D",0,"D",0,"D",0,"D",0,"D",0,"D",1100,"D",0,"D",0,"D",0,"D",5712,"D",0,0,0,0,0,0,0,0,0,0,0,0,0,0,0,0,0,0,0,0,0,0,0,0,0,0,0,0,0,0,0,0,0,0,0,0,0,0,0
"03279154",1,"2015","2014",5,0.153,0.153,"3",0.2106,0.2106,"47","D",0,0,0,"D",0,"D",22000,"D",0,"D",0,"D",0,"D",0,"D",0,"D",15960,"D",0,"D",0,"D",0,"D",2,"D",0,"D",-7362,0,-7264.8,-7431.19,0,0,3366,3366,22000,22000,22000.01,22000.01,0,0,2000,2000,0,0,5264.8,5431.19,22000,22000,0,0,0,0,0,0,3000,3000,0,0,0,0,0,0,1052.96,1086.24,0
"03279154",2,"2015","2014",5,0,0,"3",-0.45,-0.45,"47","D",0,0,0,"D",0,"D",0,"D",0,"D",0,"D",0,"D",0,"D",0,"D",0,"D",0,"D",0,"D",0,"D",2,"D",0,"D",0,0,0,0,0,0,0,0,0,0,0.01,0.01,0,0,0,0,0,0,0,0,0,0,0,0,0,0,0,0,0,0,0,0,0,0,0,0,0,0,0
"03279154",3,"2015","2014",5,0,0,"3",-0.45,-0.45,"47","D",0,0,0,"D",0,"D",0,"D",0,"D",0,"D",0,"D",0,"D",0,"D",0,"D",0,"D",0,"D",0,"D",2,"D",0,"D",0,0,0,0,0,0,0,0,0,0,0.01,0.01,0,0,0,0,0,0,0,0,0,0,0,0,0,0,0,0,0,0,0,0,0,0,0,0,0,0,0
"03279184",1,"2015","2014",2,0.153,0.153,"2",0.15,0.15,"28","D",0.0501,0.0501,0,"D",0,"D",17573,"D",34551,"D",0,"D",0,"D",0,"D",0,"D",6840,"D",0,"D",590,"D",240,"D",2,"D",1320,"D",589,835,633.1,558.1,851.17,823.5,7974.97,7974.97,52124,52124,52124.01,52124.01,2000,2000,0,0,48,48,0,0,52124,52124,0,0,2681.1,2606.1,2681.1,2606.1,12400,12600,0,0,0,0,12,12,0,0,0
"03279194",1,"2015","2014",4,0.029,0.029,"2",0.325,0.325,"44","D",0,0,0,"D",0,"D",228786,"D",0,"D",0,"D",0,"D",0,"D",0,"D",0,"D",7000,"D",2476,"D",0,"D",3,"D",8244,"D",39869,0,40157.65,39663.65,0,0,21142.79,21328.79,228786,228786,0,0,0,0,0,0,0,0,0,0,220542,220542,1016.34,801.84,39141.31,38861.81,39141.31,38861.81,0,0,0,0,0,0,0,0,0,0,0
"03279234",1,"2015","2014",0,0,0,"1",0,0,"07","D",0,0,1,"D",1,"D",0,"D",0,"D",572,"D",9768,"D",20086,"D",0,"D",0,"D",7200,"D",5205,"D",0,"D",0,"D",0,"D",0,0,0,0,0,0,0,0,10340,10340,10340.01,10340.01,0,0,0,0,0,0,0,0,10340,10340,0,0,0,0,0,0,0,0,0,0,0,0,0,0,0,0,0
"03279244",1,"2015","2014",0,0.153,0.153,"2",0.1491,0.2485,"44","D",0,0,0,"D",0,"D",56465,"D",44130,"D",0,"D",0,"D",0,"D",0,"D",0,"D",6200,"D",170,"D",0,"D",0,"D",11288,"D",10180,0,10208.64,10160.18,0,0,15391.03,15391.03,100595,100595,0,0,0,0,0,0,0,0,0,0,89307,89307,0,0,10208.64,10160.18,10208.64,10160.18,0,0,0,0,0,0,0,0,0,0,0
"03279254",1,"2015","2014",2,0,0,"3",-0.4,-0.4,"01","D",0,0,0,"D",0,"D",0,"D",0,"D",0,"D",1370,"D",0,"D",0,"D",0,"D",500,"D",137,"D",0,"D",0,"D",2849,"D",0,0,0,0,0,0,0,0,1370,1370,1370.01,1370.01,0,0,0,0,0,0,0,0,1370,1370,0,0,0,0,0,0,4700,4700,3486,3486,0,0,0,0,0,0,0
"03279274",1,"2015","2014",0,0.153,0.153,"2",0.1484,0.1484,"43","D",0,0,1,"D",1,"D",0,"D",15000,"D",4700,"D",6204,"D",20228,"D",0,"D",0,"D",900,"D",449,"D",0,"D",0,"D",12000,"D",572,0,577.84,567.84,0,0,2295,2295,27913,27913,0,0,0,0,0,0,0,0,0,0,15913,15913,0,0,577.84,567.84,577.84,567.84,0,0,0,0,0,0,0,0,0,0,0
"03279284",1,"2015","2014",4,0.153,0.153,"2",0.15,0.15,"45","D",0.063,0.063,0,"D",0,"D",52000,"D",12000,"D",0,"D",0,"D",0,"D",0,"D",0,"D",1300,"D",375,"D",0,"D",4,"D",9292,"D",-775,1850,-722.5,-812.5,1868.16,1837.08,9792,9792,64000,64000,64000.01,64000.01,3277.5,3187.5,722.5,812.5,0,0,0,0,64000,64000,0,0,3277.5,3187.5,3277.5,3187.5,0,0,0,0,0,0,0,0,0,0,0
"03279294",1,"2015","2014",0,0.029,0.029,"2",0.254,0.254,"05","D",0.093,0.093,0,"D",0,"D",0,"D",231786,"D",12,"D",0,"D",0,"D",0,"D",0,"D",2000,"D",320,"D",0,"D",0,"D",17720,"D",40149,14456,40268.62,40063.8,14495.08,14428.36,21229.79,21415.79,231798,231798,231798.01,231798.01,0,0,0,0,0,0,0,0,214078,214078,0,0,40268.62,40063.8,40268.62,40063.8,7984,8088,20040,20040,0,0,0,0,0,0,0
"03279314",1,"2015","2014",8,0.153,0.153,"3",0.0606,0.0606,"33","D",0.0537,0.0537,0,"D",0,"D",26079,"D",0,"D",0,"D",0,"D",0,"D",0,"D",15600,"D",0,"D",0,"D",0,"D",7,"D",0,"D",-7965,-2212,-7867.61,-8034,-2178.98,-2234.9,3990.09,3990.09,26079,26079,26079.01,26079.01,0,0,3461.85,3461.85,0,0,4405.76,4572.15,26079,26079,0,0,0,0,0,0,10950,11100,0,0,0,0,0,0,1201.49,1251.41,0
"03279334",1,"2015","2014",2,0.153,0.153,"2",0.1417,0.1417,"31","D",0.0553,0.0553,0,"D",0,"D",100000,"D",0,"D",100,"D",0,"D",0,"D",0,"D",0,"D",7400,"D",960,"D",0,"D",2,"D",10936,"D",6506,2070,6532.54,6487.54,2070.43,2070.43,15300,15300,100100,100100,100100.01,100100.01,2000,2000,0,0,0,0,0,0,89164,89164,0,0,8532.54,8487.54,8532.54,8487.54,0,0,0,0,0,0,0,0,0,0,0
"03279344",1,"2015","2014",0,0,0,"1",0,0,"28","D",0,0,1,"D",1,"D",0,"D",0,"D",0,"D",0,"D",11290,"D",0,"D",8160,"D",0,"D",0,"D",0,"D",0,"D",0,"D",0,0,0,0,0,0,0,0,0,0,0.01,0.01,0,0,0,0,0,0,0,0,0,0,0,0,0,0,0,0,7750,7850,0,0,0,0,0,0,0,0,0
"03279404",1,"2015","2014",0,0.153,0.153,"1",0.15,0.15,"44","D",0,0,0,"D",0,"D",31598,"D",0,"D",0,"D",0,"D",0,"D",0,"D",0,"D",1200,"D",0,"D",0,"D",0,"D",4012,"D",2746,0,2763.45,2733.45,0,0,4834.49,4834.49,31598,31598,0,0,0,0,0,0,0,0,0,0,31598,31598,0,0,2763.45,2733.45,2763.45,2733.45,0,0,0,0,0,0,0,0,0,0,0
"03279424",1,"2015","2014",2,0,0,"3",-0.4,-0.4,"34","D",0,0,0,"D",0,"D",0,"D",0,"D",0,"D",0,"D",0,"D",0,"D",0,"D",1000,"D",0,"D",0,"D",0,"D",1200,"D",0,0,0,0,0,0,0,0,0,0,0.01,0.01,0,0,0,0,0,0,0,0,0,0,0,0,0,0,0,0,12000,12000,2200,2200,0,0,0,0,0,0,0
"03279434",1,"2015","2014",2,0,0,"3",-0.4,-0.4,"44","D",0,0,0,"D",0,"D",0,"D",0,"D",0,"D",0,"D",0,"D",0,"D",0,"D",1700,"D",0,"D",0,"D",0,"D",720,"D",0,0,0,0,0,0,0,0,0,0,0,0,0,0,0,0,0,0,0,0,0,0,0,0,0,0,0,0,0,0,0,0,0,0,0,0,0,0,0
"03279444",1,"2015","2014",2,0,0,"3",0.15,0.15,"41","D",0.07,0.07,0,"D",0,"D",0,"D",0,"D",67951,"D",0,"D",0,"D",0,"D",0,"D",2300,"D",892,"D",0,"D",0,"D",3600,"D",6371,2788,6402.65,6347.65,2800.47,2779.47,0,0,67951,67951,47001.01,46701.01,0,0,0,0,0,0,0,0,67951,67951,0,0,6402.65,6347.65,6402.65,6347.65,0,0,0,0,0,0,0,0,0,0,0
"03279494",1,"2015","2014",1,0.038,0.038,"2",0.3593,0.3593,"44","D",0,0,0,"D",0,"D",228786,"D",241175,"D",0,"D",0,"D",0,"D",0,"D",0,"D",8000,"D",200,"D",0,"D",1,"D",26024,"D",120751,0,121074.23,120519.81,0,0,44624.52,44996.52,469961,469961,0,0,0,0,0,0,0,0,0,0,443937,443937,0,0,121074.23,120519.81,121074.23,120519.81,0,0,0,0,0,0,0,0,0,0,0
"03279534",1,"2015","2014",1,0.153,0.153,"3",0.5731,0.5731,"39","D",0.0307,0.0307,0,"D",0,"D",34529,"D",0,"D",-1296,"D",0,"D",2348,"D",0,"D",0,"D",3500,"D",12,"D",0,"D",0,"D",0,"D",1326,1020,1414.73,1262.09,1020.25,1020.25,5282.94,5282.94,34752.95,34752.95,33233.01,33233.01,0,0,0,0,0,0,600.71,705.85,34752.95,34752.95,0,0,2015.44,1967.94,2015.44,1967.94,0,0,0,0,0,0,0,0,0,0,0
"03279574",1,"2015","2014",0,0.153,0.153,"1",0.1765,0.1765,"36","D",0,0,0,"D",0,"D",12000,"D",0,"D",0,"D",0,"D",0,"D",0,"D",4380,"D",0,"D",0,"D",0,"D",0,"D",0,"D",-32,0,-13.41,-46.12,0,0,1836,1836,12000,12000,12000.01,12000.01,0,0,0,0,0,0,198.41,216.12,12000,12000,0,0,185,170,185,170,0,0,0,0,0,0,0,0,0,0,0
"03279584",1,"2015","2014",2,0.153,0.153,"2",0.1929,0.1929,"21","D",0.0475,0.0475,0,"D",0,"D",60000,"D",50000,"D",0,"D",0,"D",0,"D",0,"D",0,"D",4000,"D",660,"D",0,"D",1,"D",19148,"D",8119,3377,8144.81,8099.81,3376.62,3376.62,16830,16830,110000,110000,108800.01,108800.01,1000,1000,0,0,0,0,0,0,90852,90852,0,0,9144.81,9099.81,9144.81,9099.81,4000,4000,23808,23808,0,0,0,0,0,0,0
"03279584",2,"2015","2014",0,0.153,0.153,"1",0.25,0.25,"21","D",0.0475,0.0475,0,"D",0,"D",50000,"D",0,"D",0,"D",0,"D",0,"D",0,"D",0,"D",0,"D",0,"D",0,"D",0,"D",0,"D",5760,2076,5818.75,5718.75,2075.5,2075.5,7650,7650,50000,50000,50000.01,50000.01,0,0,0,0,0,0,0,0,50000,50000,0,0,5818.75,5718.75,5818.75,5718.75,2000,2000,0,0,0,0,0,0,0,0,0
"03279584",3,"2015","2014",2,0,0,"3",-0.4,-0.4,"21","D",-0.102,-0.1,0,"D",0,"D",0,"D",0,"D",0,"D",0,"D",0,"D",0,"D",0,"D",0,"D",0,"D",0,"D",1,"D",0,"D",0,0,0,0,0,0,0,0,0,0,0.01,0.01,0,0,0,0,0,0,0,0,0,0,0,0,0,0,0,0,3000,3000,0,0,0,0,0,0,0,0,0
"03279594",1,"2015","2014",1,0.153,0.153,"3",0.3897,0.3897,"44","D",0,0,1,"D",1,"D",21000,"D",0,"D",0,"D",0,"D",11590,"D",0,"D",4800,"D",0,"D",0,"D",0,"D",0,"D",0,"D",-2396,0,-2320.26,-2450.4,0,0,3213,3213,21897.5,21897.5,0,0,0,0,0,0,0,0,2655.01,2760.15,21897.5,21897.5,0,0,334.75,309.75,334.75,309.75,0,0,0,0,0,0,0,0,0,0,0
"03279604",1,"2015","2014",1,0.153,0.153,"2",0.2393,0.2385,"36","D",0.0429,0.046,0,"D",0,"D",116748,"D",46398,"D",0,"D",0,"D",0,"D",0,"D",0,"D",5000,"D",0,"D",0,"D",0,"D",8472,"D",24689,5540,24730.7,24658.78,5751.2,5388.9,24961.34,24961.34,163146,163146,163146.01,163146.01,0,0,0,0,0,0,0,0,154674,154674,0,0,24730.7,24658.78,24730.7,24658.78,0,0,0,0,0,0,0,0,0,0,0
"03279614",1,"2015","2014",0,0,0,"1",0.15,0.15,"17","D",0,0,0,"D",0,"D",0,"D",0,"D",40000,"D",0,"D",0,"D",0,"D",7188,"D",500,"D",330,"D",0,"D",0,"D",0,"D",4006,-600,4023.75,3993.75,-600,-600,0,0,40000,40000,0.01,0.01,0,0,0,0,0,0,0,0,40000,40000,0,0,4023.75,3993.75,4023.75,3993.75,3000,3000,0,0,600,600,0,0,0,0,0
"03279634",1,"2015","2014",0,0.153,0.153,"1",0.1,0.1,"06","D",0.0463,0.0463,0,"D",0,"D",17536,"D",0,"D",0,"D",0,"D",0,"D",0,"D",0,"D",0,"D",8,"D",0,"D",0,"D",0,"D",730,330,738.6,723.6,341.97,322.03,2683.01,2683.01,17536,17536,0,0,0,0,0,0,0,0,0,0,17536,17536,0,0,738.6,723.6,738.6,723.6,0,0,0,0,0,0,0,0,0,0,0
"03279654",1,"2015","2014",0,0.153,0.153,"2",0.15,0.15,"22","D",0.0515,0.052,0,"D",0,"D",61385,"D",0,"D",0,"D",1500,"D",2400,"D",0,"D",12000,"D",0,"D",30,"D",0,"D",0,"D",0,"D",5751,2538,5786.25,5726.25,2552.42,2527.88,9391.9,9391.9,64925,64925,62885.01,62885.01,0,0,0,0,0,0,0,0,64925,64925,0,0,5786.25,5726.25,5786.25,5726.25,0,0,0,0,0,0,0,0,0,0,0
"03279664",1,"2015","2014",0,0.153,0.153,"1",0.25,0.25,"12","D",0.0733,0.0733,0,"D",0,"D",5000,"D",0,"D",-4700,"D",45600,"D",14400,"D",0,"D",0,"D",380,"D",375,"D",0,"D",0,"D",0,"D",7795,2686,7853.75,7753.75,2686.13,2686.13,765,765,58140,58140,45900.01,45900.01,0,0,0,0,0,0,0,0,58140,58140,0,0,7853.75,7753.75,7853.75,7753.75,2200,2200,3432.78,3432.78,0,0,0,0,0,0,0
"03279684",1,"2015","2014",0,0.153,0.153,"2",0.15,0.15,"44","D",0,0,0,"D",0,"D",79000,"D",0,"D",-1000,"D",0,"D",0,"D",0,"D",0,"D",9000,"D",150,"D",0,"D",0,"D",300,"D",7713,0,7747.5,7687.5,0,0,12087,12087,78000,78000,0,0,0,0,0,0,0,0,0,0,78000,78000,0,0,7747.5,7687.5,7747.5,7687.5,0,0,0,0,0,0,0,0,0,0,0
"03279704",1,"2015","2014",0,0.153,0.153,"1",0.2371,0.237,"22","D",0.0515,0.052,0,"D",0,"D",112000,"D",0,"D",0,"D",0,"D",0,"D",0,"D",0,"D",5200,"D",2720,"D",0,"D",0,"D",22324,"D",13899,5460,13934.95,13873.15,5491.2,5438.4,17136,17136,112000,112000,112000.01,112000.01,0,0,0,0,0,0,0,0,89676,89676,0,0,13934.95,13873.15,13934.95,13873.15,0,0,0,0,0,0,0,0,0,0,0
"03279704",2,"2015","2014",0,0.153,0.153,"1",0.25,0.25,"22","D",0.0515,0.052,0,"D",0,"D",102000,"D",0,"D",-18000,"D",0,"D",0,"D",0,"D",0,"D",0,"D",0,"D",0,"D",0,"D",0,"D",14260,4013,14318.75,14218.75,4035.2,3996.4,15606,15606,84000,84000,84000.01,84000.01,0,0,0,0,0,0,0,0,84000,84000,0,0,14318.75,14218.75,14318.75,14218.75,0,0,0,0,0,0,0,0,0,0,0
"03279724",1,"2015","2014",0,0,0,"1",0,0,"05","D",0,0,1,"D",1,"D",0,"D",0,"D",6600,"D",800,"D",15682,"D",0,"D",0,"D",1400,"D",89,"D",0,"D",0,"D",2400,"D",0,0,0,0,0,0,0,0,7400,7400,7400.01,7400.01,0,0,0,0,0,0,0,0,7400,7400,0,0,0,0,0,0,3992,4044,3889,3889,0,0,0,0,0,0,0
"03279734",1,"2015","2014",4,0.153,0.153,"3",0.3106,0.3106,"05","D",0,0,0,"D",0,"D",31151,"D",0,"D",0,"D",0,"D",0,"D",0,"D",43356,"D",0,"D",140,"D",0,"D",3,"D",0,"D",-6228,0,-6107.5,-6313.89,0,0,4766.1,4766.1,31151,31151,31151.01,31151.01,230.1,190.1,2769.9,2809.9,0,0,3337.6,3503.99,31151,31151,0,0,230.1,190.1,230.1,190.1,7984,8088,140,140,0,0,0,0,0,0,0
"03279734",2,"2015","2014",0,0.153,0.153,"1",0.25,0.25,"05","D",0.08,0.08,0,"D",0,"D",53802,"D",0,"D",0,"D",0,"D",0,"D",0,"D",0,"D",0,"D",0,"D",0,"D",0,"D",0,"D",6711,2030,6769.25,6669.25,2046.91,2017.98,8231.71,8231.71,53802,53802,53802.01,53802.01,0,0,0,0,0,0,0,0,53802,53802,0,0,6769.25,6669.25,6769.25,6669.25,3992,4044,0,0,0,0,0,0,0,0,0
"03279754",1,"2015","2014",0,0.153,0.153,"1",0.25,0.25,"48","D",0,0,0,"D",0,"D",59288,"D",0,"D",-3531,"D",0,"D",0,"D",0,"D",0,"D",1500,"D",47,"D",0,"D",0,"D",380,"D",7200,0,7258,7158,0,0,9071.06,9071.06,55757,55757,0,0,0,0,0,0,0,0,0,0,55757,55757,0,0,7258,7158,7258,7158,0,0,0,0,0,0,0,0,0,0,0
"03279774",1,"2015","2014",1,0.153,0.153,"3",0.1489,0.1489,"44","D",0,0,0,"D",0,"D",63000,"D",0,"D",10,"D",0,"D",0,"D",0,"D",0,"D",3700,"D",660,"D",0,"D",0,"D",8172,"D",5605,0,5619.11,5594.11,0,0,9639,9639,63010,63010,0,0,0,0,0,0,0,0,0,0,54838,54838,0,0,5619.11,5594.11,5619.11,5594.11,0,0,0,0,0,0,0,0,0,0,0
"03279784",1,"2015","2014",0,0.153,0.153,"1",0.1486,0.1486,"43","D",0,0,0,"D",0,"D",46000,"D",0,"D",-920,"D",0,"D",0,"D",0,"D",0,"D",1500,"D",0,"D",0,"D",0,"D",4184,"D",4734,0,4743.13,4728.13,0,0,7038,7038,45080,45080,0,0,0,0,0,0,0,0,0,0,40896,40896,0,0,4743.13,4728.13,4743.13,4728.13,0,0,0,0,0,0,0,0,0,0,0
"03279784",2,"2015","2014",0,0.153,0.153,"1",-0.0765,-0.0765,"43","D",0,0,0,"D",0,"D",4992,"D",0,"D",0,"D",0,"D",0,"D",0,"D",0,"D",0,"D",0,"D",0,"D",0,"D",0,"D",-382,0,-381.89,-381.89,0,0,763.78,763.78,4992,4992,0,0,0,0,0,0,0,0,381.89,381.89,4992,4992,0,0,0,0,0,0,0,0,0,0,0,0,0,0,0,0,0
"03279794",1,"2015","2014",3,0.153,0.153,"3",0.0606,0.0606,"50","D",0.1914,0.1914,0,"D",0,"D",22000,"D",0,"D",0,"D",0,"D",0,"D",0,"D",7200,"D",0,"D",6,"D",0,"D",3,"D",192,"D",-8212,-1915,-8114.8,-8281.19,-1875.54,-1943.25,3366,3366,22000,22000,22000.01,22000.01,0,0,2850,2850,0,0,5264.8,5431.19,22000,22000,0,0,0,0,0,0,11282.6,11561.05,192,192,228.4,228.4,0,0,1790.03,1846.6,0
"03279794",2,"2015","2014",0,0.153,0.153,"1",-0.0765,-0.0765,"50","D",0,0,0,"D",0,"D",2721,"D",0,"D",0,"D",0,"D",0,"D",0,"D",0,"D",0,"D",0,"D",0,"D",0,"D",0,"D",-208,0,-208.16,-208.16,0,0,416.31,416.31,2721,2721,2721.01,2721.01,0,0,0,0,0,0,208.16,208.16,2721,2721,0,0,0,0,0,0,10080,10249.92,0,0,0,0,0,0,0,0,0
"03279804",1,"2015","2014",0,0,0,"1",-0.0765,-0.0765,"12","D",0,0,0,"D",0,"D",0,"D",0,"D",0,"D",0,"D",0,"D",0,"D",15600,"D",0,"D",0,"D",0,"D",0,"D",149,"D",0,-135,0,0,-135,-135,0,0,0,0,0.01,0.01,0,0,0,0,0,0,0,0,0,0,0,0,0,0,0,0,2200,2200,149.09,149.09,0,0,0,0,0,0,0
"03279804",2,"2015","2014",0,0.153,0.153,"1",0.15,0.15,"12","D",0.0733,0.0733,0,"D",0,"D",42525,"D",0,"D",0,"D",0,"D",0,"D",0,"D",0,"D",0,"D",0,"D",0,"D",0,"D",0,"D",4385,2471,4402.5,4372.5,2470.66,2470.66,6506.32,6506.32,42525,42525,42525.01,42525.01,0,0,0,0,0,0,0,0,42525,42525,0,0,4402.5,4372.5,4402.5,4372.5,2200,2200,2468.84,2468.84,0,0,0,0,0,0,0
"03279864",1,"2015","2014",0,0,0,"1",0,0,"25","D",0,0,1,"D",1,"D",0,"D",0,"D",0,"D",1100,"D",16462,"D",0,"D",0,"D",0,"D",300,"D",0,"D",0,"D",2896,"D",0,0,0,0,0,0,0,0,1100,1100,0.01,0.01,0,0,0,0,0,0,0,0,1100,1100,0,0,0,0,0,0,2300,2300,3196,3196,0,0,0,0,0,0,0
"03279914",1,"2015","2014",0,0.153,0.153,"1",0.1444,0.1425,"14","D",0.0375,0.05,0,"D",0,"D",23400,"D",0,"D",0,"D",0,"D",0,"D",0,"D",0,"D",5500,"D",135,"D",0,"D",0,"D",2400,"D",1155,633,1140.19,1165.22,788.75,521.88,3580.2,3580.2,23400,23400,23400.01,23400.01,0,0,0,0,0,0,0,0,21000,21000,0,0,1140.19,1165.22,1140.19,1165.22,0,0,0,0,275,275,0,0,0,0,0
"03279934",1,"2015","2014",0,0.153,0.153,"2",0.15,0.15,"45","D",0.063,0.063,2,"D",0,"D",35358,"D",35625,"D",0,"D",0,"D",0,"D",0,"D",0,"D",1400,"D",0,"D",0,"D",0,"D",2696,"D",6441,2919,6694.95,6259.95,3019.09,2847,10860.4,10860.4,70983,70983,70983.01,70983.01,0,0,0,0,0,0,0,0,70983,70983,0,0,6694.95,6259.95,6694.95,6259.95,0,0,0,0,0,0,0,0,0,0,0
"03279964",1,"2015","2014",0,0.153,0.153,"1",0.15,0.15,"28","D",0.0684,0.0684,0,"D",0,"D",43000,"D",0,"D",-50,"D",0,"D",0,"D",0,"D",7680,"D",0,"D",90,"D",0,"D",0,"D",0,"D",4449,1541,4466.25,4436.25,1553.5,1531.34,6579,6579,42950,42950,42950.01,42950.01,0,0,0,0,0,0,0,0,42950,42950,0,0,4466.25,4436.25,4466.25,4436.25,6200,6300,0,0,0,0,0,0,0,0,0
"03279964",2,"2015","2014",0,0.153,0.153,"1",0.15,0.15,"28","D",0.0684,0.0684,0,"D",0,"D",38000,"D",0,"D",0,"D",0,"D",0,"D",0,"D",0,"D",0,"D",0,"D",0,"D",0,"D",0,"D",3706,1202,3723.75,3693.75,1214.92,1192.76,5814,5814,38000,38000,38000.01,38000.01,0,0,0,0,0,0,0,0,38000,38000,0,0,3723.75,3693.75,3723.75,3693.75,6200,6300,0,0,0,0,0,0,0,0,0
"03279984",1,"2015","2014",0,0.153,0.153,"1",0.25,0.25,"05","D",0.093,0.093,0,"D",0,"D",65000,"D",0,"D",0,"D",0,"D",0,"D",0,"D",11760,"D",0,"D",220,"D",0,"D",0,"D",1800,"D",9510,3052,9568.75,9468.75,3074.54,3036.34,9945,9945,65000,65000,65000.01,65000.01,0,0,0,0,0,0,0,0,65000,65000,0,0,9568.75,9468.75,9568.75,9468.75,3992,4044,2020,2020,0,0,0,0,0,0,0
"03280054",1,"2015","2014",0,0.153,0.153,"1",0.2384,0.2384,"06","D",0.0463,0.0463,0,"D",0,"D",80000,"D",0,"D",-100,"D",0,"D",0,"D",0,"D",0,"D",2300,"D",0,"D",0,"D",0,"D",20556,"D",8475,2445,8515.19,8446.02,2458.25,2434.94,12240,12240,79900,79900,0,0,0,0,0,0,0,0,0,0,59344,59344,0,0,8515.19,8446.02,8515.19,8446.02,0,0,0,0,0,0,0,0,0,0,0
"03280054",2,"2015","2014",0,0.153,0.153,"1",0.0765,0.0765,"06","D",0.0077,0,0,"D",0,"D",10000,"D",0,"D",0,"D",0,"D",0,"D",0,"D",0,"D",0,"D",0,"D",0,"D",0,"D",0,"D",-362,-29,-351.41,-369.12,0,-49.91,1530,1530,10000,10000,0,0,0,0,0,0,0,0,351.41,369.12,10000,10000,0,0,0,0,0,0,0,0,0,0,0,0,0,0,0,36.91,0
"03280064",1,"2015","2014",4,0.153,0.153,"2",0.15,0.15,"14","D",0.0375,0.05,0,"D",0,"D",58000,"D",0,"D",-527,"D",0,"D",0,"D",0,"D",0,"D",1000,"D",120,"D",0,"D",2,"D",2520,"D",246,1857,298.45,208.45,2186.15,1621.49,8874,8874,57473,57473,57473.01,57473.01,2000,2000,0,0,0,0,0,0,57473,57473,0,0,2298.45,2208.45,2298.45,2208.45,0,0,0,0,50,50,0,0,0,0,0
"03280064",2,"2015","2014",4,0,0,"3",-0.45,-0.45,"14","D",-0.045,-0.045,0,"D",0,"D",0,"D",0,"D",0,"D",0,"D",0,"D",0,"D",0,"D",0,"D",0,"D",0,"D",2,"D",0,"D",0,0,0,0,0,0,0,0,0,0,0.01,0.01,0,0,0,0,0,0,0,0,0,0,0,0,0,0,0,0,0,0,0,0,0,0,0,0,0,0,0
"03280084",1,"2015","2014",0,0.153,0.153,"1",0.254,0.254,"05","D",0.093,0.093,0,"D",0,"D",102024,"D",0,"D",0,"D",0,"D",0,"D",0,"D",43356,"D",0,"D",0,"D",0,"D",0,"D",600,"D",18581,6495,18643.5,18535.69,6517.77,6479.57,15609.67,15609.67,102024,102024,102024.01,102024.01,0,0,0,0,0,0,0,0,101424,101424,0,0,18643.5,18535.69,18643.5,18535.69,3992,4044,600,600,0,0,0,0,0,0,0
"03280084",2,"2015","2014",0,0.153,0.153,"1",0.254,0.254,"05","D",0.093,0.093,0,"D",0,"D",101220,"D",0,"D",0,"D",0,"D",0,"D",0,"D",0,"D",0,"D",0,"D",0,"D",0,"D",0,"D",18544,6421,18607.31,18499.51,6443,6404.8,15486.66,15486.66,101220,101220,101220.01,101220.01,0,0,0,0,0,0,0,0,101220,101220,0,0,18607.31,18499.51,18607.31,18499.51,3992,4044,0,0,0,0,0,0,0,0,0
"03280124",1,"2015","2014",2,0,0,"3",0,0,"45","D",0,0,0,"D",0,"D",0,"D",0,"D",13970,"D",0,"D",0,"D",0,"D",0,"D",2000,"D",1019,"D",0,"D",0,"D",15800,"D",0,0,0,0,0,0,0,0,13970,13970,13970.01,13970.01,0,0,0,0,0,0,0,0,13970,13970,0,0,0,0,0,0,0,0,0,0,0,0,0,0,0,0,0
"03280134",1,"2015","2014",0,0,0,"1",0,0,"0","T",0,0,1,"D",1,"D",0,"D",0,"D",0,"D",563,"D",15152,"D",0,"D",0,"D",540,"D",14,"D",0,"D",0,"D",1440,"D",0,0,0,0,0,0,0,0,563,563,0,0,0,0,0,0,0,0,0,0,563,563,0,0,0,0,0,0,0,0,0,0,0,0,0,0,0,0,0
"03280144",1,"2015","2014",0,0,0,"1",0,0,"41","D",0,0,1,"D",1,"D",0,"D",0,"D",0,"D",0,"D",5902,"D",0,"D",12660,"D",0,"D",96,"D",0,"D",0,"D",600,"D",0,0,0,0,0,0,0,0,0,0,-15000,-15000,0,0,0,0,0,0,0,0,0,0,0,0,0,0,0,0,0,0,0,0,0,0,0,0,0,0,0
"03280154",1,"2015","2014",3,0.153,0.153,"3",0.15,0.15,"44","D",0,0,0,"D",0,"D",48000,"D",0,"D",0,"D",0,"D",0,"D",0,"D",0,"D",1600,"D",0,"D",0,"D",2,"D",6428,"D",781,0,817.5,755,0,0,7344,7344,48000,48000,0,0,2000,2000,0,0,0,0,0,0,48000,48000,0,0,2817.5,2755,2817.5,2755,0,0,0,0,0,0,0,0,0,0,0
"03280204",1,"2015","2014",0,0.153,0.153,"1",0.1455,0.1452,"36","D",0.0297,0.0317,0,"D",0,"D",38000,"D",0,"D",0,"D",0,"D",0,"D",0,"D",0,"D",3000,"D",0,"D",0,"D",0,"D",5284,"D",3286,775,3290.51,3283.12,804.24,753.54,5814,5814,38000,38000,38000.01,38000.01,0,0,0,0,0,0,0,0,32716,32716,0,0,3290.51,3283.12,3290.51,3283.12,0,0,0,0,0,0,0,0,0,0,0
"03280234",1,"2015","2014",2,0,0,"3",0,0,"05","D",0,0,0,"D",0,"D",0,"D",0,"D",16008,"D",0,"D",0,"D",0,"D",0,"D",0,"D",0,"D",0,"D",0,"D",0,"D",0,0,0,0,0,0,0,0,16008,16008,16008.01,16008.01,0,0,0,0,0,0,0,0,16008,16008,0,0,0,0,0,0,7984,8088,0,0,0,0,0,0,0,0,0
"03280234",3,"2015","2014",0,0,0,"1",-0.0765,-0.0765,"05","D",0,0,0,"D",0,"D",0,"D",0,"D",0,"D",0,"D",0,"D",0,"D",0,"D",0,"D",0,"D",0,"D",0,"D",0,"D",0,0,0,0,0,0,0,0,0,0,0.01,0.01,0,0,0,0,0,0,0,0,0,0,0,0,0,0,0,0,3992,4044,0,0,0,0,0,0,0,0,0
"03280254",1,"2015","2014",0,0.153,0.153,"1",0.25,0.25,"0","T",0,0,0,"D",0,"D",65000,"D",0,"D",-3750,"D",0,"D",0,"D",0,"D",0,"D",1500,"D",1303,"D",0,"D",0,"D",0,"D",8573,0,8631.25,8531.25,0,0,9945,9945,61250,61250,0,0,0,0,0,0,0,0,0,0,61250,61250,0,0,8631.25,8531.25,8631.25,8531.25,0,0,0,0,0,0,0,0,0,0,0
"03280274",1,"2015","2014",1,0.153,0.153,"3",0.2598,0.3098,"48","D",0,0,0,"D",0,"D",30000,"D",0,"D",0,"D",0,"D",0,"D",0,"D",0,"D",3900,"D",229,"D",0,"D",0,"D",0,"D",-135,0,-57.73,-190.37,0,0,4590,4590,30000,30000,0,0,0,0,0,0,0,0,1360.23,1465.37,30000,30000,0,0,1302.5,1275,1302.5,1275,0,0,0,0,0,0,0,0,0,0,0
"03280294",1,"2015","2014",0,0,0,"1",0.1,0.1,"33","D",0,0,1,"D",1,"D",0,"D",0,"D",1,"D",15300,"D",10222,"D",0,"D",0,"D",5000,"D",323,"D",0,"D",0,"D",0,"D",351,0,360.1,345.1,0,0,0,0,15301,15301,1.01,1.01,0,0,0,0,0,0,0,0,15301,15301,0,0,360.1,345.1,360.1,345.1,7800,7900,0,0,0,0,0,0,0,0,0
"03280304",1,"2015","2014",0,0,0,"2",0.2775,0.2775,"38","D",0.0597,0.0597,2,"D",2,"D",0,"D",0,"D",1230,"D",41756,"D",21548,"D",0,"D",0,"D",5200,"D",749,"D",0,"D",0,"D",0,"D",4236,1928,4279.8,4204.8,1931.61,1924.91,0,0,57282,57282,42986.01,42986.01,0,0,0,0,0,0,0,0,57282,57282,0,0,4279.8,4204.8,4279.8,4204.8,6231.2,6289.91,7866.06,7859.94,0,0,0,0,0,0,0
"03280364",1,"2015","2014",2,0.0497,0.0497,"2",0.25,0.25,"0","T",0,0,0,"D",0,"D",125000,"D",25000,"D",0,"D",0,"D",0,"D",0,"D",0,"D",490,"D",5,"D",0,"D",2,"D",2760,"D",22031,0,22162.5,21937.5,0,0,21958,22144,150000,150000,0,0,0,0,0,0,0,0,0,0,150000,150000,0,0,22162.5,21937.5,22162.5,21937.5,0,0,0,0,0,0,0,0,0,0,0
"03280394",1,"2015","2014",2,0.153,0.153,"2",0.1409,0.1409,"50","D",0.0605,0.0605,0,"D",0,"D",14000,"D",75000,"D",0,"D",0,"D",0,"D",0,"D",0,"D",4500,"D",658,"D",0,"D",2,"D",15436,"D",4439,3454,4464.23,4420.95,3461.12,3449.68,13617,13617,89000,89000,89000.01,89000.01,2000,2000,0,0,0,0,0,0,73564,73564,0,0,6464.23,6420.95,6464.23,6420.95,4661.47,5036.73,15436,15436,0,0,0,0,0,0,0
"03280404",1,"2015","2014",0,0,0,"1",0,0,"44","D",0,0,1,"D",1,"D",0,"D",0,"D",0,"D",0,"D",26374,"D",0,"D",10620,"D",0,"D",100,"D",0,"D",0,"D",0,"D",0,0,0,0,0,0,0,0,0,0,0,0,0,0,0,0,0,0,0,0,0,0,0,0,0,0,0,0,0,0,0,0,0,0,0,0,0,0,0
"03280424",1,"2015","2014",1,0.153,0.153,"2",0.2598,0.2598,"37","D",0.0605,0.0605,0,"D",0,"D",36091,"D",0,"D",0,"D",0,"D",0,"D",0,"D",2940,"D",0,"D",0,"D",0,"D",1,"D",0,"D",-1159,452,-1070.51,-1221.83,461.05,444.73,5521.92,5521.92,36091,36091,36091.01,36091.01,1000,1000,0,0,0,0,1254.61,1370.93,36091,36091,0,0,1184.1,1149.1,1184.1,1149.1,12400,12600,0,0,0,0,50,50,62.73,68.55,0
"03280434",1,"2015","2014",0,0.153,0.153,"1",0.2384,0.2384,"06","D",0.0463,0.0463,0,"D",0,"D",60000,"D",0,"D",-6000,"D",0,"D",0,"D",0,"D",0,"D",1900,"D",450,"D",0,"D",0,"D",4612,"D",6089,1983,6129.51,6059.59,1994.97,1974.66,9180,9180,54000,54000,0,0,0,0,0,0,0,0,0,0,49388,49388,0,0,6129.51,6059.59,6129.51,6059.59,0,0,0,0,0,0,0,0,0,0,0
"03280434",2,"2015","2014",0,0.153,0.153,"1",0.15,0.15,"06","D",0.0463,0.0463,0,"D",0,"D",46000,"D",0,"D",-3200,"D",0,"D",0,"D",0,"D",0,"D",0,"D",0,"D",0,"D",0,"D",0,"D",4426,1497,4443.75,4413.75,1511.7,1486.75,7038,7038,42800,42800,0,0,0,0,0,0,0,0,0,0,42800,42800,0,0,4443.75,4413.75,4443.75,4413.75,0,0,0,0,0,0,0,0,0,0,0
"03280444",1,"2015","2014",0,0.153,0.153,"1",0,0,"47","D",0,0,0,"D",0,"D",7000,"D",0,"D",0,"D",0,"D",0,"D",0,"D",0,"D",1000,"D",224,"D",0,"D",0,"D",0,"D",-500,0,-496,-503,0,0,1071,1071,7000,7000,7000.01,7000.01,0,0,0,0,0,0,496,503,7000,7000,0,0,0,0,0,0,3000,3000,0,0,0,0,0,0,99.2,100.6,0
"03280464",1,"2015","2014",2,0.153,0.153,"3",0.15,0.15,"34","D",0.0575,0.058,0,"D",0,"D",48500,"D",0,"D",0,"D",0,"D",0,"D",0,"D",0,"D",0,"D",1050,"D",0,"D",1,"D",720,"D",2453,2006,2485,2430,2017,1998.75,7420.5,7420.5,48500,48500,48500.01,48500.01,1000,1000,0,0,0,0,0,0,48500,48500,0,0,3485,3430,3485,3430,12000,12000,720,720,0,0,0,0,0,0,0
"03280484",1,"2015","2014",0,0.038,0.038,"1",0.3191,0.3188,"15","D",0.033,0.034,0,"D",0,"D",228786,"D",0,"D",20,"D",0,"D",0,"D",0,"D",0,"D",1500,"D",0,"D",0,"D",0,"D",8084,"D",52247,7562,52359.62,52165.8,7694.4,7468.1,21401.87,21587.87,228806,228806,228806.01,228806.01,0,0,0,0,0,0,0,0,220722,220722,0,0,52358.86,52165.04,52358.86,52165.04,0,0,0,0,0,0,0,0,0,0,0
"03280524",1,"2015","2014",0,0,0,"2",0.2775,0.2775,"01","D",0.0323,0.0323,2,"D",2,"D",0,"D",0,"D",0,"D",46800,"D",39862,"D",0,"D",0,"D",4100,"D",1350,"D",0,"D",0,"D",0,"D",6462,1514,6505.7,6430.7,1512.21,1515.96,0,0,72121.35,72121.35,46800.01,46800.01,0,0,0,0,0,0,0,0,72121.35,72121.35,0,0,6505.7,6430.7,6505.7,6430.7,4000,4000,5450,5450,0,0,0,0,0,0,0
"03280534",1,"2015","2014",0,0.153,0.153,"1",0.15,0.15,"05","D",0.04,0.04,0,"D",0,"D",33365,"D",0,"D",-6256,"D",0,"D",0,"D",0,"D",0,"D",960,"D",1319,"D",0,"D",0,"D",0,"D",2073,367,2090.1,2060.1,371.74,362.89,5104.84,5104.84,27109,27109,27109.01,27109.01,0,0,0,0,0,0,0,0,27109,27109,0,0,2090.1,2060.1,2090.1,2060.1,3992,4044,2279,2279,0,0,0,0,0,0,0
"03280554",1,"2015","2014",0,0.153,0.153,"1",0.15,0.15,"36","D",0.0248,0.0264,0,"D",0,"D",20800,"D",0,"D",0,"D",0,"D",0,"D",0,"D",7200,"D",0,"D",30,"D",0,"D",0,"D",0,"D",1126,241,1143.75,1113.75,251.29,234.21,3182.4,3182.4,20800,20800,20800.01,20800.01,0,0,0,0,0,0,0,0,20800,20800,0,0,1143.75,1113.75,1143.75,1113.75,0,0,0,0,0,0,0,0,0,0,0
"03280574",1,"2015","2014",0,0,0,"1",0.15,0.15,"34","D",0.0575,0.058,0,"D",0,"D",0,"D",0,"D",25000,"D",0,"D",0,"D",0,"D",12440,"D",0,"D",8,"D",0,"D",0,"D",0,"D",1756,1010,1773.75,1743.75,1015,1006.25,0,0,25000,25000,25000.01,25000.01,0,0,0,0,0,0,0,0,25000,25000,0,0,1773.75,1743.75,1773.75,1743.75,7500,7500,0,0,0,0,0,0,0,0,0
"03280594",1,"2015","2014",4,0,0,"3",0,0,"03","D",0,0,0,"D",0,"D",0,"D",0,"D",5760,"D",0,"D",0,"D",0,"D",9600,"D",0,"D",0,"D",0,"D",1,"D",0,"D",0,-100,0,0,-100,-100,0,0,5760,5760,5760.01,5760.01,0,0,0,0,0,0,0,0,5760,5760,0,0,0,0,0,0,10018,10182,0.06,0.06,0,0,0,0,0,0,0
"03280614",1,"2015","2014",0,0.153,0.153,"2",0.25,0.25,"21","D",0.0475,0.0475,0,"D",0,"D",56237,"D",44690,"D",0,"D",0,"D",0,"D",0,"D",0,"D",2400,"D",0,"D",0,"D",0,"D",0,"D",11753,4191,11869.25,11669.25,4190.53,4190.53,15441.83,15441.83,100927,100927,99727.01,99727.01,0,0,0,0,0,0,0,0,100927,100927,0,0,11869.25,11669.25,11869.25,11669.25,4000,4000,0,0,0,0,0,0,0,0,0
"03280634",1,"2015","2014",1,0.153,0.153,"2",0.15,0.15,"38","D",0.0765,0.0765,0,"D",0,"D",10000,"D",21288,"D",25000,"D",0,"D",0,"D",0,"D",0,"D",5000,"D",0,"D",0,"D",0,"D",0,"D",3859,3224,3898.2,3830.7,3230.08,3219.16,4787.06,4787.06,56288,56288,56288.01,56288.01,0,0,0,0,0,0,0,0,56288,56288,0,0,3898.2,3830.7,3898.2,3830.7,4231.2,4289.91,5000,5000,0,0,0,0,0,0,0
"03280644",1,"2015","2014",0,0.153,0.153,"1",0.1429,0.1429,"21","D",0.0475,0.0475,0,"D",0,"D",36096,"D",0,"D",0,"D",0,"D",0,"D",0,"D",0,"D",7600,"D",425,"D",0,"D",0,"D",12704,"D",1171,525,1179.99,1164.99,525.43,525.43,5522.69,5522.69,36096,36096,36096.01,36096.01,0,0,0,0,0,0,0,0,23392,23392,0,0,1179.99,1164.99,1179.99,1164.99,2000,2000,20729,20729,0,0,0,0,0,0,0
"03280644",2,"2015","2014",0,0.153,0.153,"1",0.225,0.225,"21","D",0.0475,0.0475,0,"D",0,"D",23770,"D",0,"D",0,"D",0,"D",7167,"D",0,"D",0,"D",0,"D",0,"D",0,"D",0,"D",0,"D",1748,830,1765.76,1735.76,829.58,829.58,3636.81,3636.81,24946.75,24946.75,23770.01,23770.01,0,0,0,0,0,0,0,0,24946.75,24946.75,0,0,1765.76,1735.76,1765.76,1735.76,2000,2000,0,0,0,0,0,0,0,0,0
"03280674",1,"2015","2014",1,0.153,0.153,"2",0.2598,0.2598,"39","D",0.0307,0.0307,0,"D",0,"D",18000,"D",14000,"D",0,"D",0,"D",0,"D",0,"D",0,"D",1000,"D",0,"D",0,"D",0,"D",3612,"D",-1222,982,-1133.35,-1284.67,982.4,982.4,4896,4896,32000,32000,32000.01,32000.01,0,0,0,0,0,0,1908.35,2024.67,32000,32000,0,0,775,740,775,740,0,0,0,0,0,0,0,0,0,0,0
"03280694",1,"2015","2014",3,0.153,0.153,"2",0.15,0.15,"05","D",0.06,0.06,0,"D",0,"D",0,"D",75000,"D",0,"D",0,"D",0,"D",0,"D",21600,"D",0,"D",0,"D",0,"D",3,"D",0,"D",2472,609,2520,2437.5,636.24,589.38,11475,11475,75000,75000,75000.01,75000.01,3000,3000,0,0,0,0,0,0,75000,75000,0,0,5520,5437.5,5520,5437.5,7984,8088,0,0,0,0,0,0,0,0,0
"03280704",1,"2015","2014",4,0.153,0.153,"3",-0.6,-0.6,"0","T",0,0,0,"D",0,"D",11571,"D",0,"D",0,"D",0,"D",0,"D",0,"D",8100,"D",280,"D",0,"D",0,"D",4,"D",0,"D",-6493,0,-6492.6,-6492.6,0,0,1770.36,1770.36,11571,11571,0,0,0,0,1285.65,1285.65,0,0,5206.95,5206.95,11571,11571,0,0,0,0,0,0,0,0,0,0,0,0,0,0,0,0,0
"03280704",2,"2015","2014",0,0.153,0.153,"1",0.25,0.25,"0","T",0,0,0,"D",0,"D",49920,"D",0,"D",0,"D",0,"D",0,"D",0,"D",0,"D",0,"D",0,"D",0,"D",0,"D",0,"D",5740,0,5798.75,5698.75,0,0,7637.76,7637.76,49920,49920,0,0,0,0,0,0,0,0,0,0,49920,49920,0,0,5798.75,5698.75,5798.75,5698.75,0,0,0,0,0,0,0,0,0,0,0
"03280724",1,"2015","2014",2,0,0,"3",-0.4,-0.4,"14","D",-0.04,-0.04,0,"D",0,"D",0,"D",0,"D",0,"D",0,"D",0,"D",0,"D",0,"D",1800,"D",0,"D",0,"D",0,"D",1786,"D",0,0,0,0,0,0,0,0,0,0,0.01,0.01,0,0,0,0,0,0,0,0,0,0,0,0,0,0,0,0,0,0,0,0,0,0,0,0,0,0,0
"03280734",1,"2015","2014",2,0.153,0.153,"2",0.2106,0.2106,"05","D",0,0,0,"D",0,"D",24197,"D",0,"D",0,"D",0,"D",0,"D",0,"D",0,"D",6000,"D",0,"D",0,"D",2,"D",2992,"D",-7362,0,-7262.67,-7432.8,0,0,3702.14,3702.14,24197,24197,24197.01,24197.01,0,0,2000,2000,0,0,5262.67,5432.8,24197,24197,0,0,0,0,0,0,7984,8088,8992,8992,0,0,0,0,0,0,0
"03280744",1,"2015","2014",0,0.153,0.153,"1",0.15,0.15,"14","D",0.0375,0.05,0,"D",0,"D",25000,"D",0,"D",11006,"D",0,"D",0,"D",0,"D",7380,"D",0,"D",0,"D",0,"D",0,"D",0,"D",3407,1446,3424.65,3394.65,1694.05,1269.6,3825,3825,36006,36006,36006.01,36006.01,0,0,0,0,0,0,0,0,36006,36006,0,0,3424.65,3394.65,3424.65,3394.65,0,0,0,0,0,0,0,0,0,0,0
"03280804",1,"2015","2014",0,0.153,0.153,"2",0.15,0.15,"34","D",0.0575,0.058,0,"D",0,"D",22538,"D",43799,"D",0,"D",0,"D",0,"D",0,"D",0,"D",2000,"D",0,"D",0,"D",0,"D",0,"D",5963,2963,5998.05,5938.05,2977.55,2951.88,10149.56,10149.56,66337,66337,66337.01,66337.01,0,0,0,0,0,0,0,0,66337,66337,0,0,5998.05,5938.05,5998.05,5938.05,15000,15000,2000,2000,0,0,0,0,0,0,0
"03280804",2,"2015","2014",0,0.153,0.153,"1",0.0765,0.0765,"34","D",0.0575,0.058,0,"D",0,"D",9880,"D",0,"D",0,"D",0,"D",0,"D",0,"D",0,"D",0,"D",0,"D",0,"D",0,"D",0,"D",-371,137,-360.59,-378.3,138.04,136.85,1511.64,1511.64,9880,9880,9880.01,9880.01,0,0,0,0,0,0,360.59,378.3,9880,9880,0,0,0,0,0,0,7500,7500,0,0,0,0,0,0,0,0,0
"03280804",3,"2015","2014",0,0.153,0.153,"1",0.1765,0.1765,"34","D",0.0575,0.058,0,"D",0,"D",12123,"D",0,"D",0,"D",0,"D",0,"D",0,"D",0,"D",0,"D",0,"D",0,"D",0,"D",0,"D",-11,267,8.29,-24.42,268.13,265.82,1854.82,1854.82,12123,12123,12123.01,12123.01,0,0,0,0,0,0,189.01,206.72,12123,12123,0,0,197.3,182.3,197.3,182.3,7500,7500,0,0,0,0,0,0,0,0,0
"03280804",4,"2015","2014",0,0.153,0.153,"1",0.0765,0.0765,"34","D",0.0575,0.058,0,"D",0,"D",9553,"D",0,"D",0,"D",0,"D",0,"D",0,"D",0,"D",0,"D",0,"D",0,"D",0,"D",0,"D",-396,118,-385.61,-403.32,119.07,118.05,1461.61,1461.61,9553,9553,9553.01,9553.01,0,0,0,0,0,0,385.61,403.32,9553,9553,0,0,0,0,0,0,7500,7500,0,0,0,0,0,0,0,0,0
"03280824",1,"2015","2014",2,0,0,"3",-0.4,-0.4,"43","D",0,0,0,"D",0,"D",0,"D",0,"D",0,"D",744,"D",0,"D",0,"D",0,"D",1200,"D",74,"D",0,"D",0,"D",279,"D",0,0,0,0,0,0,0,0,744,744,0,0,0,0,0,0,0,0,0,0,744,744,0,0,0,0,0,0,0,0,0,0,0,0,0,0,0,0,0
"03280854",1,"2015","2014",0,0.029,0.029,"1",0.2632,0.2632,"26","D",0.06,0.06,0,"D",0,"D",137500,"D",0,"D",-9415,"D",0,"D",0,"D",0,"D",10200,"D",0,"D",7,"D",0,"D",0,"D",0,"D",26045,6493,26112.53,25995.96,6496.65,6489.77,18495.5,18681.5,128085,128085,128085.01,128085.01,0,0,0,0,0,0,0,0,128085,128085,0,0,26112.53,25995.96,26112.53,25995.96,0,0,8957.5,9072.25,0,0,0,0,0,0,0
"03280864",1,"2015","2014",2,0.153,0.153,"2",0.2106,0.2106,"05","D",0,0,0,"D",0,"D",0,"D",45000,"D",-300,"D",0,"D",0,"D",0,"D",0,"D",4500,"D",380,"D",0,"D",0,"D",27520,"D",-981,0,-881.56,-1051.69,0,0,6885,6885,44700,44700,44700.01,44700.01,0,0,0,0,0,0,881.56,1051.69,17180,17180,0,0,0,0,0,0,7984,8088,32400,32400,0,0,0,0,0,0,0
"03280904",1,"2015","2014",2,0.153,0.153,"2",0.141,0.141,"05","D",0.06,0.06,0,"D",0,"D",0,"D",99619,"D",0,"D",0,"D",0,"D",0,"D",0,"D",4800,"D",1293,"D",0,"D",2,"D",19912,"D",5519,1464,5541.83,5502.32,1485.12,1448.5,15241.71,15241.71,99619,99619,99619.01,99619.01,2000,2000,0,0,0,0,0,0,79707,79707,0,0,7541.83,7502.33,7541.83,7502.32,7984,8088,26005,26005,0,0,0,0,0,0,0
"03280934",1,"2015","2014",0,0.153,0.153,"2",0.25,0.2375,"14","D",0.0375,0.05,0,"D",0,"D",48000,"D",106000,"D",0,"D",0,"D",0,"D",0,"D",0,"D",5800,"D",17,"D",0,"D",0,"D",0,"D",24957,6104,24983.88,24937.5,7197.5,5323.75,23562,23562,154000,154000,154000.01,154000.01,0,0,0,0,0,0,0,0,154000,154000,0,0,24983.88,24937.5,24983.88,24937.5,0,0,0,0,290,290,0,0,0,0,0
"03280944",1,"2015","2014",0,0.153,0.153,"2",0.15,0.15,"14","D",0.0375,0.05,0,"D",0,"D",73000,"D",6000,"D",36,"D",0,"D",0,"D",0,"D",0,"D",0,"D",343,"D",0,"D",0,"D",0,"D",7868,3193,7902.9,7842.9,3739.3,2802.6,12087,12087,79036,79036,79036.01,79036.01,0,0,0,0,0,0,0,0,79036,79036,0,0,7902.9,7842.9,7902.9,7842.9,0,0,0,0,0,0,0,0,0,0,0
"03280954",1,"2015","2014",0,0,0,"1",-0.0765,-0.0765,"01","D",0,0,0,"D",0,"D",0,"D",0,"D",0,"D",0,"D",9862,"D",0,"D",4200,"D",0,"D",0,"D",0,"D",0,"D",0,"D",0,0,0,0,0,0,0,0,0,0,0.01,0.01,0,0,0,0,0,0,0,0,0,0,0,0,0,0,0,0,2500,2500,0,0,0,0,0,0,0,0,0
"03280984",1,"2015","2014",0,0.153,0.153,"1",0.28,0.28,"14","D",0.0375,0.05,0,"D",0,"D",104631,"D",0,"D",0,"D",0,"D",0,"D",0,"D",6600,"D",0,"D",0,"D",0,"D",0,"D",0,"D",19545,4377,19630.43,19483.93,5125.3,3843.04,16008.54,16008.54,104631,104631,104631.01,104631.01,0,0,0,0,0,0,0,0,104631,104631,0,0,19630.43,19483.93,19630.43,19483.93,0,0,0,0,0,0,0,0,0,0,0
"03280994",1,"2015","2014",9,0,0,"3",-0.45,-0.45,"0","T",0,0,0,"D",0,"D",0,"D",0,"D",0,"D",0,"D",0,"D",0,"D",0,"D",300,"D",0,"D",0,"D",3,"D",2303,"D",0,0,0,0,0,0,0,0,0,0,0,0,0,0,0,0,0,0,0,0,0,0,0,0,0,0,0,0,0,0,0,0,0,0,0,0,0,0,0
"03281014",1,"2015","2014",1,0,0,"3",-0.34,-0.34,"18","D",0,0,0,"D",0,"D",0,"D",0,"D",0,"D",0,"D",0,"D",0,"D",0,"D",0,"D",0,"D",0,"D",0,"D",0,"D",0,0,0,0,0,0,0,0,0,0,0.01,0.01,0,0,0,0,0,0,0,0,0,0,0,0,0,0,0,0,2400,2440,0,0,0,0,0,0,0,0,0
"03281024",1,"2015","2014",0,0.153,0.153,"2",0.25,0.25,"05","D",0.093,0.093,0,"D",0,"D",90000,"D",73534,"D",0,"D",0,"D",0,"D",0,"D",20760,"D",0,"D",90,"D",0,"D",0,"D",0,"D",27404,9223,27521,27321,9267.73,9191.35,25020.7,25020.7,163534,163534,163534.01,163534.01,0,0,0,0,0,0,0,0,163534,163534,0,0,27521,27321,27521,27321,7984,8088,90,90,0,0,0,0,0,0,0
"03281034",1,"2015","2014",3,0.029,0.029,"2",0.325,0.325,"31","D",0.0637,0.0637,0,"D",0,"D",0,"D",228786,"D",1822,"D",0,"D",0,"D",0,"D",0,"D",16180,"D",0,"D",0,"D",2,"D",31724,"D",32831,9596,33118.8,32624.8,9596.18,9596.18,21142.79,21328.79,230608,230608,230608.01,230608.01,0,0,0,0,0,0,0,0,198884,198884,2931.61,2703.11,30187.19,29921.69,30187.19,29921.69,0,0,0,0,0,0,0,0,0,0,0
"03281044",1,"2015","2014",0,0.153,0.153,"1",0.15,0.15,"44","D",0,0,0,"D",0,"D",35000,"D",0,"D",0,"D",0,"D",0,"D",0,"D",8160,"D",0,"D",0,"D",0,"D",0,"D",0,"D",3256,0,3273.75,3243.75,0,0,5355,5355,35000,35000,0,0,0,0,0,0,0,0,0,0,35000,35000,0,0,3273.75,3243.75,3273.75,3243.75,0,0,0,0,0,0,0,0,0,0,0
"03281054",1,"2015","2014",0,0.0499,0.0499,"2",0.28,0.28,"0","T",0,0,0,"D",0,"D",228786,"D",24335,"D",-20346,"D",2118,"D",0,"D",0,"D",0,"D",2040,"D",5,"D",0,"D",0,"D",12280,"D",46664,0,46794.04,46570.54,0,0,24894.14,25080.14,234893,234893,0,0,0,0,0,0,0,0,0,0,222613,222613,0,0,46794.04,46570.54,46794.04,46570.54,0,0,0,0,0,0,0,0,0,0,0
"03281074",1,"2015","2014",0,0.153,0.153,"2",0.2775,0.2775,"31","D",0.0175,0.0175,2,"D",2,"D",33028,"D",0,"D",0,"D",0,"D",30284,"D",0,"D",0,"D",5700,"D",189,"D",0,"D",0,"D",344,"D",2030,338,2073.38,1998.38,338.24,338.24,5053.28,5053.28,42572.5,42572.5,33028.01,33028.01,0,0,0,0,0,0,0,0,42572.5,42572.5,0,0,2073.38,1998.38,2073.38,1998.38,0,0,0,0,0,0,0,0,0,0,0
"03281074",2,"2015","2014",0,0.153,0.153,"1",0.15,0.15,"31","D",0.035,0.035,0,"D",0,"D",36716,"D",0,"D",0,"D",0,"D",0,"D",0,"D",0,"D",0,"D",0,"D",0,"D",0,"D",0,"D",3514,568,3531.15,3501.15,567.56,567.56,5617.55,5617.55,36716,36716,36716.01,36716.01,0,0,0,0,0,0,0,0,36716,36716,0,0,3531.15,3501.15,3531.15,3501.15,0,0,0,0,0,0,0,0,0,0,0
"03281084",1,"2015","2014",0,0.153,0.153,"1",0.25,0.25,"14","D",0.0375,0.05,0,"D",0,"D",85000,"D",0,"D",0,"D",0,"D",0,"D",0,"D",11400,"D",0,"D",504,"D",0,"D",0,"D",0,"D",14510,3539,14568.75,14468.75,4143.75,3106.88,13005,13005,85000,85000,85000.01,85000.01,0,0,0,0,0,0,0,0,85000,85000,0,0,14568.75,14468.75,14568.75,14468.75,0,0,0,0,0,0,0,0,0,0,0
"03281114",1,"2015","2014",1,0.153,0.153,"2",0.1414,0.1413,"34","D",0.0575,0.058,0,"D",0,"D",55100,"D",25091,"D",0,"D",0,"D",0,"D",0,"D",0,"D",2200,"D",0,"D",0,"D",1,"D",18660,"D",4687,3374,4705.99,4673,3391.08,3360.98,12269.22,12269.22,80191,80191,80191.01,80191.01,1000,1000,0,0,0,0,0,0,61531,61531,0,0,5705.99,5673,5705.99,5673,15000,15000,20000,20000,0,0,0,0,0,0,0
"03281144",1,"2015","2014",0,0,0,"1",-0.0765,-0.0765,"33","D",-0.0229,-0.0229,0,"D",0,"D",0,"D",0,"D",0,"D",0,"D",0,"D",0,"D",3600,"D",0,"D",0,"D",0,"D",0,"D",0,"D",0,0,0,0,0,0,0,0,0,0,0.01,0.01,0,0,0,0,0,0,0,0,0,0,0,0,0,0,0,0,7800,7900,0,0,0,0,0,0,0,0,0
"03281144",3,"2015","2014",0,0.153,0.153,"1",-0.0765,-0.0765,"33","D",-0.023,-0.023,0,"D",0,"D",4717,"D",0,"D",0,"D",0,"D",0,"D",0,"D",0,"D",0,"D",0,"D",0,"D",0,"D",0,"D",-361,-108,-360.85,-360.85,-108.26,-108.26,721.7,721.7,4717,4717,4717.01,4717.01,0,0,0,0,0,0,360.85,360.85,4717,4717,0,0,0,0,0,0,7800,7900,0,0,0,0,0,0,108.26,108.26,0
"03281234",1,"2015","2014",0,0,0,"1",-0.0765,-0.0765,"39","D",0,0,0,"D",0,"D",0,"D",0,"D",0,"D",0,"D",11323,"D",0,"D",9600,"D",0,"D",0,"D",0,"D",0,"D",0,"D",0,0,0,0,0,0,0,0,0,0,0.01,0.01,0,0,0,0,0,0,0,0,0,0,0,0,0,0,0,0,0,0,0,0,0,0,0,0,0,0,0
"03281294",1,"2015","2014",2,0.029,0.029,"2",0.2911,0.2911,"01","D",0.0354,0.0354,0,"D",0,"D",0,"D",120000,"D",7912,"D",0,"D",0,"D",0,"D",12108,"D",0,"D",897,"D",0,"D",1,"D",12360,"D",15154,4264,15256.41,15080.65,4262.4,4265.46,17988,18174,127912,127912,127912.01,127912.01,104.4,104.4,0,0,0,0,0,0,115552,115552,0,0,15360.81,15185.05,15360.81,15185.05,4000,4000,22207.5,22322.25,0,0,0,0,0,0,0
"03281294",2,"2015","2014",2,0,0,"3",-0.4,-0.4,"01","D",0,0,0,"D",0,"D",0,"D",0,"D",0,"D",0,"D",0,"D",0,"D",0,"D",0,"D",0,"D",0,"D",1,"D",0,"D",0,0,0,0,0,0,0,0,0,0,0.01,0.01,0,0,0,0,0,0,0,0,0,0,0,0,0,0,0,0,4700,4700,0,0,0,0,0,0,0,0,0
"03281314",1,"2015","2014",0,0,0,"1",0,0,"05","D",0,0,1,"D",1,"D",0,"D",0,"D",25,"D",9955,"D",13378,"D",0,"D",0,"D",7710,"D",91,"D",0,"D",0,"D",5632,"D",0,0,0,0,0,0,0,0,9980,9980,9980.01,9980.01,0,0,0,0,0,0,0,0,9980,9980,0,0,0,0,0,0,3992,4044,13433,13433,0,0,0,0,0,0,0
"03281334",1,"2015","2014",1,0.153,0.153,"3",0,0,"28","D",0,0,0,"D",0,"D",12500,"D",0,"D",0,"D",0,"D",0,"D",0,"D",4320,"D",0,"D",63,"D",0,"D",1,"D",0,"D",-4337,-334,-4305,-4359,-330.5,-335.9,1912.5,1912.5,12500,12500,12500.01,12500.01,0,0,1000,1000,0,0,3305,3359,12500,12500,0,0,0,0,0,0,9100,9250,0,0,0,0,0,0,330.5,335.9,0
"03281344",1,"2015","2014",0,0.153,0.153,"2",0.1387,0.2337,"50","D",0.0751,0.0652,0,"D",0,"D",44111,"D",57753,"D",-6200,"D",0,"D",0,"D",0,"D",0,"D",5000,"D",710,"D",0,"D",0,"D",3600,"D",10173,4505,10197.18,10155.92,4515.27,4497.88,15585.19,15585.19,95664,95664,95664.01,95664.01,0,0,0,0,0,0,0,0,92064,92064,0,0,10197.18,10155.92,10197.18,10155.92,3343.67,3718.93,3600,3600,0,0,0,0,0,0,0
"03281374",1,"2015","2014",1,0.153,0.153,"3",-0.34,-0.34,"18","D",0,0,0,"D",0,"D",2000,"D",0,"D",-80,"D",0,"D",0,"D",0,"D",6600,"D",0,"D",200,"D",0,"D",1,"D",100,"D",-680,0,-680,-680,0,0,306,306,1920,1920,1920.01,1920.01,0,0,0,0,0,0,680,680,1920,1920,0,0,0,0,0,0,2400,2440,300,300,0,0,0,0,0,0,0
"03281394",1,"2015","2014",0,0.153,0.153,"1",0.15,0.15,"33","D",0.0645,0.0645,0,"D",0,"D",45000,"D",0,"D",-1000,"D",0,"D",0,"D",0,"D",7800,"D",0,"D",0,"D",0,"D",0,"D",0,"D",4606,1998,4623.75,4593.75,2006.01,1991.8,6885,6885,44000,44000,44000.01,44000.01,0,0,0,0,0,0,0,0,44000,44000,0,0,4623.75,4593.75,4623.75,4593.75,7800,7900,0,0,0,0,0,0,0,0,0
"03281394",2,"2015","2014",0,0.153,0.153,"1",0.15,0.15,"33","D",0.0657,0.0657,0,"D",0,"D",25000,"D",0,"D",0,"D",0,"D",0,"D",0,"D",0,"D",0,"D",0,"D",0,"D",0,"D",0,"D",1756,754,1773.75,1743.75,760.04,749.07,3825,3825,25000,25000,25000.01,25000.01,0,0,0,0,0,0,0,0,25000,25000,0,0,1773.75,1743.75,1773.75,1743.75,7800,7900,0,0,0,0,0,0,0,0,0
"03281414",1,"2015","2014",0,0.073,0.073,"2",0.35,0.35,"28","D",0.0684,0.0684,0,"D",0,"D",203769,"D",80000,"D",203,"D",0,"D",0,"D",0,"D",0,"D",14110,"D",580,"D",0,"D",0,"D",18520,"D",54979,15214,55322.91,54732.91,15231.72,15201.09,32961.22,33147.22,283972,283972,283972.01,283972.01,0,0,0,0,0,0,0,0,265452,265452,4292.71,3956.65,51022.49,50768.55,51022.49,50768.55,0,0,33210,33210,0,0,0,0,0,0,0
"03281424",1,"2015","2014",2,0,0,"3",-0.4,-0.4,"44","D",0,0,0,"D",0,"D",0,"D",0,"D",0,"D",0,"D",0,"D",0,"D",6480,"D",0,"D",0,"D",0,"D",0,"D",0,"D",0,0,0,0,0,0,0,0,0,0,0,0,0,0,0,0,0,0,0,0,0,0,0,0,0,0,0,0,0,0,0,0,0,0,0,0,0,0,0
"03281434",1,"2015","2014",1,0.153,0.153,"2",0.2598,0.2598,"03","D",0.0259,0.0259,0,"D",0,"D",0,"D",35000,"D",0,"D",0,"D",0,"D",0,"D",0,"D",1200,"D",0,"D",0,"D",1,"D",1600,"D",-1442,422,-1353.95,-1505.27,424.29,420.05,5355,5355,35000,35000,35000.01,35000.01,1000,1000,0,0,0,0,1428.95,1545.27,35000,35000,0,0,1075,1040,1075,1040,10018,10182,3327.56,3327.56,0,0,0,0,0,0,0
"03281444",1,"2015","2014",4,0.153,0.153,"2",0.15,0.15,"0","T",0,0,0,"D",0,"D",61000,"D",27000,"D",0,"D",0,"D",0,"D",0,"D",10800,"D",0,"D",675,"D",0,"D",3,"D",0,"D",3825,0,3877.5,3787.5,0,0,13464,13464,88000,88000,0,0,3000,3000,0,0,0,0,0,0,88000,88000,0,0,6877.5,6787.5,6877.5,6787.5,0,0,0,0,0,0,0,0,0,0,0
"03281454",1,"2015","2014",0,0.153,0.153,"2",0.1444,0.1425,"14","D",0.0375,0.05,0,"D",0,"D",37839,"D",32795,"D",759,"D",0,"D",0,"D",0,"D",0,"D",8200,"D",25,"D",0,"D",0,"D",6140,"D",6076,2456,6019.63,6115.8,2947.15,2105.99,10807,10807,71393,71393,71393.01,71393.01,0,0,0,0,0,0,0,0,65253,65253,0,0,6019.63,6115.8,6019.63,6115.8,0,0,0,0,410,410,0,0,0,0,0
"03281474",1,"2015","2014",0,0.06,0.06,"2",0.28,0.28,"05","D",0.1092,0.1092,0,"D",0,"D",469961,"D",101120,"D",0,"D",0,"D",0,"D",0,"D",0,"D",6000,"D",100,"D",0,"D",0,"D",32364,"D",147157,45935,147190.76,147132.76,46028.95,45868.39,46497.96,46683.96,571081,571081,571081.01,571081.01,0,0,0,0,0,0,0,0,538717,538717,4588.54,5361.58,142602.22,141771.18,142602.22,141771.18,7984,8088,25368.7,25643.86,0,0,0,0,0,0,0
"03281484",1,"2015","2014",0,0,0,"1",-0.0765,-0.0765,"44","D",0,0,0,"D",0,"D",0,"D",0,"D",0,"D",600,"D",9600,"D",0,"D",7080,"D",0,"D",0,"D",0,"D",0,"D",0,"D",0,0,0,0,0,0,0,0,600,600,0,0,0,0,0,0,0,0,0,0,600,600,0,0,0,0,0,0,0,0,0,0,0,0,0,0,0,0,0
"03281504",1,"2015","2014",0,0.153,0.153,"2",0.1431,0.1431,"06","D",0.0463,0.0463,0,"D",0,"D",0,"D",70000,"D",-2400,"D",1884,"D",24982,"D",0,"D",0,"D",1800,"D",1750,"D",0,"D",0,"D",7620,"D",9329,3290,9342.2,9319.2,3317.33,3270.7,10710,10710,90718.7,90718.7,0,0,0,0,0,0,0,0,0,0,83098.7,83098.7,0,0,9342.2,9319.2,9342.2,9319.2,0,0,0,0,0,0,0,0,0,0,0
"03281504",2,"2015","2014",0,0.153,0.153,"1",0.15,0.15,"06","D",0.0463,0.0463,0,"D",0,"D",31000,"D",0,"D",0,"D",0,"D",0,"D",0,"D",0,"D",0,"D",0,"D",0,"D",0,"D",0,"D",2656,954,2673.75,2643.75,965.36,945.41,4743,4743,31000,31000,0,0,0,0,0,0,0,0,0,0,31000,31000,0,0,2673.75,2643.75,2673.75,2643.75,0,0,0,0,0,0,0,0,0,0,0
"03292204",1,"2015","2014",0,0.153,0.153,"2",0.2369,0.2369,"21","D",0.0525,0.0525,0,"D",0,"D",77072,"D",74262,"D",0,"D",0,"D",0,"D",0,"D",0,"D",3300,"D",190,"D",0,"D",0,"D",4076,"D",23904,6702,24004.05,23854.05,6701.82,6701.82,23154.1,23154.1,151334,151334,150134.01,150134.01,0,0,0,0,0,0,0,0,147258,147258,0,0,24004.05,23854.05,24004.05,23854.05,4000,4000,7566,7566,0,0,0,0,0,0,0
"03292214",1,"2015","2014",0,0.153,0.153,"1",0.25,0.25,"05","D",0.08,0.08,0,"D",0,"D",35506,"D",0,"D",13975,"D",0,"D",0,"D",0,"D",0,"D",2500,"D",1215,"D",0,"D",0,"D",352,"D",5622,1679,5689,5589,1695.23,1670.46,5432.42,5432.42,49481,49481,49481.01,49481.01,0,0,0,0,0,0,0,0,49481,49481,0,0,5689,5589,5689,5589,3992,4044,4067,4067,0,0,0,0,0,0,0
"03292214",2,"2015","2014",0,0,0,"1",0.15,0.15,"05","D",0,0,1,"D",1,"D",0,"D",0,"D",0,"D",17869,"D",14832,"D",0,"D",0,"D",0,"D",0,"D",0,"D",0,"D",0,"D",621,0,631.15,616.15,0,0,0,0,18011.5,18011.5,17869.01,17869.01,0,0,0,0,0,0,0,0,18011.5,18011.5,0,0,631.15,616.15,631.15,616.15,3992,4044,0,0,0,0,0,0,0,0,0
"03292224",1,"2015","2014",1,0.153,0.153,"2",0.3,0.3,"0","T",0,0,0,"D",0,"D",74825,"D",44582,"D",0,"D",0,"D",0,"D",0,"D",0,"D",3000,"D",1312,"D",0,"D",1,"D",0,"D",14830,0,14972.1,14759.6,0,0,18269.27,18269.27,119407,119407,0,0,529.65,529.65,0,0,0,0,0,0,119407,119407,0,0,15501.75,15289.25,15501.75,15289.25,0,0,0,0,0,0,0,0,0,0,0
"03292224",2,"2015","2014",0,0.153,0.153,"1",0.1765,0.1765,"0","T",0,0,0,"D",0,"D",12609,"D",0,"D",0,"D",0,"D",0,"D",0,"D",0,"D",0,"D",0,"D",0,"D",0,"D",0,"D",72,0,94.07,61.36,0,0,1929.18,1929.18,12609,12609,0,0,0,0,0,0,0,0,151.83,169.54,12609,12609,0,0,245.9,230.9,245.9,230.9,0,0,0,0,0,0,0,0,0,0,0
"03292234",1,"2015","2014",3,0,0,"3",0,0,"10","D",0,0,0,"D",0,"D",0,"D",0,"D",15212,"D",0,"D",0,"D",0,"D",14400,"D",0,"D",60,"D",0,"D",0,"D",0,"D",0,0,0,0,0,0,0,0,15212,15212,0,0,0,0,0,0,0,0,0,0,15212,15212,0,0,0,0,0,0,0,0,0,0,0,0,0,0,0,0,0
"03292344",1,"2015","2014",1,0.153,0.153,"2",0.25,0.25,"14","D",0.0375,0.05,0,"D",0,"D",23000,"D",100000,"D",1325,"D",0,"D",0,"D",0,"D",0,"D",5000,"D",117,"D",0,"D",0,"D",1500,"D",16590,4663,16731.25,16518.75,5647.5,4170.31,18819,18819,124325,124325,124325.01,124325.01,0,0,0,0,0,0,0,0,124325,124325,0,0,16731.25,16518.75,16731.25,16518.75,0,0,0,0,250,250,0,0,0,0,0
"03292354",1,"2015","2014",4,0.153,0.153,"3",-0.15,-0.15,"14","D",0.0375,0.05,0,"D",0,"D",20000,"D",0,"D",14000,"D",0,"D",0,"D",0,"D",0,"D",5000,"D",30,"D",600,"D",4,"D",7624,"D",-2550,721,-2550,-2550,918.75,621.88,3060,3060,34000,34000,34000.01,34000.01,362,322,2550,2550,153,153,0,0,34000,34000,0,0,515,475,515,475,0,0,0,0,250,250,0,0,0,0,0
"03292384",1,"2015","2014",1,0.153,0.153,"2",0.15,0.15,"36","D",0.0373,0.0407,0,"D",0,"D",84064,"D",7831,"D",0,"D",0,"D",0,"D",0,"D",0,"D",5000,"D",305,"D",0,"D",1,"D",2472,"D",8194,2436,8239.25,8171.75,2543.16,2382.89,14059.93,14059.93,91895,91895,91895.01,91895.01,1000,1000,0,0,0,0,0,0,91895,91895,0,0,9239.25,9171.75,9239.25,9171.75,0,0,0,0,0,0,0,0,0,0,0
"03292404",1,"2015","2014",0,0.153,0.153,"2",0.1,0.1,"05","D",0.02,0.02,0,"D",0,"D",17995,"D",15644,"D",0,"D",0,"D",0,"D",0,"D",0,"D",170,"D",0,"D",0,"D",0,"D",0,"D",1314,138,1333.9,1303.9,142.13,136.03,5146.77,5146.77,33639,33639,33639.01,33639.01,0,0,0,0,0,0,0,0,33639,33639,0,0,1333.9,1303.9,1333.9,1303.9,7984,8088,170,170,0,0,0,0,0,0,0
"03292404",2,"2015","2014",2,0,0,"3",-0.4,-0.4,"05","D",0,0,0,"D",0,"D",0,"D",0,"D",0,"D",0,"D",0,"D",0,"D",0,"D",0,"D",0,"D",0,"D",0,"D",0,"D",0,0,0,0,0,0,0,0,0,0,0.01,0.01,0,0,0,0,0,0,0,0,0,0,0,0,0,0,0,0,7984,8088,0,0,0,0,0,0,0,0,0
"03292404",3,"2015","2014",2,0,0,"3",-0.4,-0.4,"05","D",0,0,0,"D",0,"D",0,"D",0,"D",0,"D",0,"D",0,"D",0,"D",0,"D",0,"D",0,"D",0,"D",0,"D",0,"D",0,0,0,0,0,0,0,0,0,0,0.01,0.01,0,0,0,0,0,0,0,0,0,0,0,0,0,0,0,0,7984,8088,0,0,0,0,0,0,0,0,0
"03292414",1,"2015","2014",0,0.029,0.029,"1",0.28,0.28,"02","D",0,0,0,"D",0,"D",138347,"D",0,"D",-16602,"D",0,"D",0,"D",0,"D",0,"D",6900,"D",330,"D",0,"D",0,"D",17232,"D",19230,0,19308.71,19190.21,0,0,18520.06,18706.06,121745,121745,0,0,0,0,0,0,0,0,0,0,104513,104513,0,0,19308.71,19190.21,19308.71,19190.21,0,0,0,0,0,0,0,0,0,0,0
"03292424",1,"2015","2014",0,0.153,0.153,"1",0.15,0.15,"14","D",0.0375,0.05,0,"D",0,"D",32277,"D",0,"D",0,"D",0,"D",0,"D",0,"D",10680,"D",0,"D",0,"D",0,"D",0,"D",0,"D",2845,1256,2865.3,2835.3,1507.6,1129.76,4938.38,4938.38,32277,32277,32277.01,32277.01,0,0,0,0,0,0,0,0,32277,32277,0,0,2865.3,2835.3,2865.3,2835.3,0,0,0,0,0,0,0,0,0,0,0
"03292434",1,"2015","2014",0,0.153,0.153,"1",0.0994,0.0994,"11","D",0.05,0.05,0,"D",0,"D",19200,"D",0,"D",0,"D",0,"D",0,"D",0,"D",0,"D",280,"D",0,"D",0,"D",0,"D",10868,"D",386,143,389.29,384.29,142.6,142.6,2937.6,2937.6,19200,19200,19200.01,19200.01,0,0,0,0,0,0,0,0,8332,8332,0,0,389.29,384.29,389.29,384.29,2300,2300,11148,11148,0,0,0,0,0,0,0
"03292434",2,"2015","2014",0,0.153,0.153,"1",0.1765,0.1765,"11","D",0.06,0.06,0,"D",0,"D",14000,"D",0,"D",0,"D",0,"D",0,"D",0,"D",0,"D",0,"D",0,"D",0,"D",0,"D",0,"D",318,342,339.59,306.88,342,342,2142,2142,14000,14000,14000.01,14000.01,0,0,0,0,0,0,45.41,63.12,14000,14000,0,0,385,370,385,370,2300,2300,0,0,0,0,0,0,0,0,0
"03292444",1,"2015","2014",2,0,0,"3",-0.4,-0.4,"33","D",-0.12,-0.12,0,"D",0,"D",0,"D",0,"D",0,"D",0,"D",0,"D",0,"D",12840,"D",0,"D",0,"D",0,"D",0,"D",2845,"D",0,-200,0,0,-200,-200,0,0,0,0,0.01,0.01,0,0,0,0,0,0,0,0,0,0,0,0,0,0,0,0,10950,11100,0,0,0,0,0,0,0,0,0
"03292524",1,"2015","2014",0,0.153,0.153,"1",0.15,0.15,"33","D",0.0645,0.0645,0,"D",0,"D",31241,"D",0,"D",0,"D",0,"D",0,"D",0,"D",9600,"D",0,"D",10,"D",0,"D",0,"D",1800,"D",2690,1174,2709.9,2679.9,1183.06,1168.84,4779.87,4779.87,31241,31241,31241.01,31241.01,0,0,0,0,0,0,0,0,31241,31241,0,0,2709.9,2679.9,2709.9,2679.9,7800,7900,0,0,0,0,0,0,0,0,0
"03292594",1,"2015","2014",3,0.153,0.153,"3",0.2106,0.2106,"25","D",0.04,0.04,0,"D",0,"D",21000,"D",0,"D",0,"D",0,"D",0,"D",0,"D",6600,"D",0,"D",0,"D",0,"D",2,"D",0,"D",-7586,154,-7475.4,-7641.79,154,154,3213,3213,21000,21000,21000.01,21000.01,0,0,2000,2000,0,0,5475.4,5641.79,21000,21000,0,0,0,0,0,0,3400,3400,0,0,0,0,0,0,0,0,0
"03292614",1,"2015","2014",0,0.153,0.153,"1",0.15,0.15,"31","D",0.0175,0.0175,0,"D",0,"D",37245,"D",0,"D",-3000,"D",0,"D",0,"D",0,"D",0,"D",5400,"D",50,"D",0,"D",0,"D",0,"D",3141,470,3160.5,3130.5,469.79,469.79,5698.48,5698.48,34245,34245,37245.01,37245.01,0,0,0,0,0,0,0,0,34245,34245,0,0,3160.5,3130.5,3160.5,3130.5,0,0,0,0,0,0,0,0,0,0,0
"03292614",2,"2015","2014",0,0.153,0.153,"1",0.15,0.15,"31","D",0.0175,0.0175,0,"D",0,"D",27254,"D",0,"D",0,"D",0,"D",0,"D",0,"D",0,"D",0,"D",0,"D",0,"D",0,"D",0,"D",2092,389,2111.85,2081.85,389.45,389.45,4169.86,4169.86,27254,27254,27254.01,27254.01,0,0,0,0,0,0,0,0,27254,27254,0,0,2111.85,2081.85,2111.85,2081.85,0,0,0,0,0,0,0,0,0,0,0
"03292624",1,"2015","2014",0,0,0,"1",0,0,"44","D",0,0,1,"D",1,"D",0,"D",0,"D",0,"D",0,"D",7414,"D",0,"D",0,"D",1300,"D",145,"D",0,"D",0,"D",0,"D",0,0,0,0,0,0,0,0,0,0,0,0,0,0,0,0,0,0,0,0,0,0,0,0,0,0,0,0,0,0,0,0,0,0,0,0,0,0,0
"03292654",1,"2015","2014",1,0.153,0.153,"3",0,0,"05","D",0,0,0,"D",0,"D",13000,"D",0,"D",0,"D",0,"D",0,"D",0,"D",0,"D",5000,"D",0,"D",0,"D",0,"D",13404,"D",-3341,0,-3305,-3359,0,0,1989,1989,13000,13000,13000.01,13000.01,0,0,0,0,0,0,3305,3359,13000,13000,0,0,0,0,0,0,7984,8088,18404,18404,0,0,0,0,0,0,0
"03292654",2,"2015","2014",0,0.153,0.153,"1",0.1765,0.1765,"05","D",0,0,0,"D",0,"D",12325,"D",0,"D",0,"D",0,"D",0,"D",0,"D",0,"D",0,"D",0,"D",0,"D",0,"D",0,"D",22,0,43.95,11.24,0,0,1885.72,1885.72,12325,12325,12325.01,12325.01,0,0,0,0,0,0,173.55,191.26,12325,12325,0,0,217.5,202.5,217.5,202.5,3992,4044,0,0,0,0,0,0,0,0,0
"03292664",1,"2015","2014",3,0.153,0.153,"2",0.2106,0.2106,"44","D",0,0,0,"D",0,"D",18720,"D",5200,"D",0,"D",0,"D",0,"D",0,"D",0,"D",470,"D",0,"D",0,"D",3,"D",0,"D",-9125,0,-9004,-9185.14,0,0,3659.76,3659.76,23920,23920,0,0,0,0,3000,3000,0,0,6004,6185.14,23920,23920,0,0,0,0,0,0,0,0,0,0,0,0,0,0,0,0,0
"03292674",1,"2015","2014",0,0.153,0.153,"2",0.15,0.15,"05","D",0.06,0.06,1,"D",0,"D",72000,"D",0,"D",3000,"D",1056,"D",0,"D",0,"D",0,"D",0,"D",600,"D",0,"D",0,"D",4132,"D",7291,1723,7455.9,7208.4,1818.6,1674.74,11016,11016,76056,76056,76056.01,76056.01,0,0,0,0,0,0,0,0,76056,76056,0,0,7455.9,7208.4,7455.9,7208.4,7984,8088,4732,4732,0,0,0,0,0,0,0
"03292704",1,"2015","2014",2,0.153,0.153,"2",0.1384,0.1384,"38","D",0.0775,0.0775,0,"D",0,"D",40000,"D",30000,"D",-4000,"D",0,"D",0,"D",0,"D",0,"D",3300,"D",0,"D",0,"D",1,"D",5916,"D",3679,3540,3707.56,3664.99,3550.88,3534.71,10710,10710,66000,66000,66000.01,66000.01,1000,1000,0,0,0,0,0,0,60084,60084,0,0,4707.56,4664.99,4707.56,4664.99,4231.2,4289.91,9216,9216,0,0,0,0,0,0,0
"03292714",1,"2015","2014",2,0,0,"3",-0.4,-0.4,"05","D",0,0,0,"D",0,"D",0,"D",0,"D",0,"D",0,"D",0,"D",0,"D",2760,"D",0,"D",0,"D",0,"D",0,"D",0,"D",0,0,0,0,0,0,0,0,0,0,0.01,0.01,0,0,0,0,0,0,0,0,0,0,0,0,0,0,0,0,7984,8088,0,0,0,0,0,0,0,0,0
"03292734",1,"2015","2014",0,0,0,"1",0.1,0.1,"03","D",0.0259,0.0259,1,"D",1,"D",0,"D",0,"D",0,"D",14522,"D",17018,"D",0,"D",0,"D",2800,"D",220,"D",0,"D",0,"D",360,"D",272,136,282.2,267.2,137.61,135.48,0,0,14522,14522,14522.01,14522.01,0,0,0,0,0,0,0,0,14522,14522,0,0,282.2,267.2,282.2,267.2,5009,5091,3799.33,3799.33,0,0,0,0,0,0,0
"03292774",1,"2015","2014",0,0,0,"1",0.4596,0.4596,"31","D",0.014,0.014,1,"D",1,"D",0,"D",0,"D",0,"D",37290,"D",23362,"D",0,"D",0,"D",8000,"D",297,"D",0,"D",0,"D",660,"D",6006,172,6055.73,5980.73,172.06,172.06,0,0,54515.35,54515.35,22290.01,22290.01,0,0,0,0,0,0,0,0,53855.35,53855.35,0,0,6055.73,5980.73,6055.73,5980.73,0,0,0,0,0,0,0,0,0,0,0
"03292794",1,"2015","2014",2,0,0,"3",-0.4,-0.4,"0","T",0,0,0,"D",0,"D",0,"D",0,"D",0,"D",0,"D",0,"D",0,"D",0,"D",800,"D",0,"D",0,"D",0,"D",208,"D",0,0,0,0,0,0,0,0,0,0,0,0,0,0,0,0,0,0,0,0,0,0,0,0,0,0,0,0,0,0,0,0,0,0,0,0,0,0,0
"03292804",1,"2015","2014",0,0.153,0.153,"1",0.15,0.15,"22","D",0.0476,0.048,1,"D",1,"D",2200,"D",0,"D",14003,"D",4900,"D",5062,"D",0,"D",0,"D",2400,"D",512,"D",0,"D",0,"D",2860,"D",937,818,956.7,926.7,823.4,815.49,336.6,336.6,21103,21103,21103.01,21103.01,0,0,0,0,0,0,0,0,21103,21103,0,0,956.7,926.7,956.7,926.7,0,0,0,0,0,0,0,0,0,0,0
"03292814",1,"2015","2014",3,0.153,0.153,"2",0.15,0.15,"44","D",0,0,0,"D",0,"D",54602,"D",0,"D",0,"D",0,"D",0,"D",0,"D",11820,"D",0,"D",220,"D",0,"D",3,"D",0,"D",-595,0,-539.7,-622.2,0,0,8354.11,8354.11,54602,54602,0,0,2460.3,2377.8,539.7,622.2,0,0,0,0,54602,54602,0,0,2460.3,2377.8,2460.3,2377.8,0,0,0,0,0,0,0,0,0,0,0
"03292844",1,"2015","2014",0,0,0,"1",0,0,"0","T",0,0,1,"D",1,"D",0,"D",0,"D",0,"D",0,"D",17388,"D",0,"D",0,"D",1800,"D",344,"D",0,"D",0,"D",1200,"D",0,0,0,0,0,0,0,0,0,0,0,0,0,0,0,0,0,0,0,0,0,0,0,0,0,0,0,0,0,0,0,0,0,0,0,0,0,0,0
"03292854",1,"2015","2014",1,0.153,0.153,"2",0.15,0.15,"11","D",0.06,0.06,0,"D",0,"D",32000,"D",20000,"D",0,"D",0,"D",0,"D",0,"D",5700,"D",0,"D",2,"D",0,"D",1,"D",0,"D",2210,2056,2255,2187.5,2056,2056,7956,7956,52000,52000,52000.01,52000.01,1000,1000,0,0,0,0,0,0,52000,52000,0,0,3255,3187.5,3255,3187.5,3000,3000,0,0,0,0,0,0,0,0,0
"03292864",1,"2015","2014",0,0,0,"1",-0.0765,-0.0765,"05","D",0,0,0,"D",0,"D",0,"D",0,"D",0,"D",4400,"D",29062,"D",0,"D",0,"D",10300,"D",424,"D",0,"D",0,"D",6948,"D",0,0,0,0,0,0,0,0,4400,4400,4400.01,4400.01,0,0,0,0,0,0,0,0,4400,4400,0,0,0,0,0,0,3992,4044,17672,17672,0,0,0,0,0,0,0
"03292874",1,"2015","2014",3,0.153,0.153,"2",0,0,"05","D",0,0,0,"D",0,"D",19297,"D",2400,"D",0,"D",0,"D",0,"D",0,"D",9600,"D",0,"D",0,"D",0,"D",2,"D",780,"D",-8209,0,-8143,-8242,0,0,3319.64,3319.64,21697,21697,21697.01,21697.01,0,0,2000,2000,0,0,6143,6242,21697,21697,0,0,0,0,0,0,7984,8088,780,780,0,0,0,0,0,0,0
"03292904",1,"2015","2014",2,0,0,"3",-0.4,-0.4,"14","D",-0.04,-0.04,0,"D",0,"D",0,"D",0,"D",0,"D",2490,"D",0,"D",0,"D",0,"D",6500,"D",138,"D",0,"D",0,"D",0,"D",0,0,0,0,0,0,0,0,2490,2490,0.01,0.01,0,0,0,0,0,0,0,0,2490,2490,0,0,0,0,0,0,0,0,0,0,0,0,0,0,0,0,0
"03292924",1,"2015","2014",3,0.153,0.153,"3",0.2106,0.2106,"44","D",0,0,0,"D",0,"D",18000,"D",0,"D",400,"D",0,"D",0,"D",0,"D",0,"D",3000,"D",0,"D",0,"D",2,"D",4408,"D",-8134,0,-8022.96,-8189.35,0,0,2754,2754,18400,18400,0,0,0,0,2000,2000,0,0,6022.96,6189.35,18400,18400,0,0,0,0,0,0,0,0,0,0,0,0,0,0,0,0,0
"03292924",2,"2015","2014",0,0,0,"1",-0.0765,-0.0765,"44","D",0,0,0,"D",0,"D",0,"D",0,"D",0,"D",0,"D",0,"D",0,"D",0,"D",0,"D",0,"D",0,"D",0,"D",0,"D",0,0,0,0,0,0,0,0,0,0,0,0,0,0,0,0,0,0,0,0,0,0,0,0,0,0,0,0,0,0,0,0,0,0,0,0,0,0,0
"03292944",1,"2015","2014",1,0.153,0.153,"3",0.3085,0.3085,"10","D",0,0,0,"D",0,"D",37603,"D",0,"D",0,"D",0,"D",0,"D",0,"D",0,"D",8000,"D",3760,"D",0,"D",0,"D",231,"D",1694,0,1780.98,1650.85,0,0,5753.26,5753.26,37603,37603,0,0,0,0,0,0,0,0,145.27,250.41,37372,37372,0,0,1926.26,1901.26,1926.26,1901.26,0,0,0,0,0,0,0,0,0,0,0
"03292954",1,"2015","2014",3,0.153,0.153,"3",0,0,"19","D",0.04,0.04,0,"D",0,"D",15164,"D",0,"D",0,"D",0,"D",0,"D",0,"D",0,"D",150,"D",60,"D",0,"D",1,"D",10848,"D",-7209,-137,-7143,-7242,-98.44,-155.91,2320.09,2320.09,15164,15164,15164.01,15164.01,0,0,1000,1000,0,0,6143,6242,15164,15164,0,0,0,0,0,0,0,0,0,0,0,0,0,0,215.01,218.47,0
"03292974",1,"2015","2014",0,0.153,0.153,"2",0.15,0.15,"34","D",0.0575,0.058,2,"D",1,"D",79200,"D",0,"D",1298,"D",1600,"D",0,"D",0,"D",0,"D",500,"D",504,"D",0,"D",0,"D",1200,"D",8012,3869,8182.2,7927.2,3891.68,3858.14,12117.6,12117.6,82098,82098,82098.01,82098.01,0,0,0,0,0,0,0,0,82098,82098,0,0,8182.2,7927.2,8182.2,7927.2,15000,15000,1700,1700,0,0,0,0,0,0,0
"03292994",1,"2015","2014",0,0,0,"1",0.2356,0.2355,"34","D",0.0575,0.058,0,"D",0,"D",0,"D",0,"D",53000,"D",3000,"D",0,"D",0,"D",0,"D",700,"D",80,"D",0,"D",0,"D",3080,"D",7155,2797,7200.5,7131.56,2813,2788.75,0,0,56000,56000,56000.01,56000.01,0,0,0,0,0,0,0,0,52920,52920,0,0,7200.5,7131.56,7200.5,7131.56,7500,7500,3780,3780,0,0,0,0,0,0,0
"03292994",2,"2015","2014",1,0,0,"3",-0.34,-0.34,"34","D",0,0,0,"D",0,"D",0,"D",0,"D",0,"D",0,"D",0,"D",0,"D",0,"D",0,"D",0,"D",0,"D",0,"D",0,"D",0,0,0,0,0,0,0,0,0,0,0.01,0.01,0,0,0,0,0,0,0,0,0,0,0,0,0,0,0,0,12000,12000,0,0,0,0,0,0,0,0,0
"03293004",1,"2015","2014",2,0.0741,0.0741,"2",0.2385,0.238,"17","D",0.046,0.048,0,"D",0,"D",72000,"D",126000,"D",-11000,"D",0,"D",0,"D",0,"D",0,"D",8900,"D",435,"D",0,"D",2,"D",11652,"D",27227,7690,27318.95,27180.43,7787.21,7641.3,29178,29364,187000,187000,198000.01,198000.01,0,0,0,0,0,0,0,0,175348,175348,0,0,27318.95,27180.43,27318.95,27180.43,7500,7500,13641.55,10493.5,0,0,0,0,0,0,0
"03293004",2,"2015","2014",0,0.153,0.153,"1",0.2775,0.2775,"17","D",0.046,0.048,0,"D",0,"D",26673,"D",0,"D",0,"D",0,"D",19462,"D",0,"D",0,"D",0,"D",0,"D",0,"D",0,"D",0,"D",2986,705,3006.21,2976.21,713.3,700.46,4080.97,4080.97,33216.4,33216.4,26673.01,26673.01,0,0,0,0,0,0,0,0,33216.4,33216.4,0,0,3006.21,2976.21,3006.21,2976.21,3000,3000,0,0,0,0,0,0,0,0,0
"03293034",1,"2015","2014",1,0.153,0.153,"2",0.25,0.25,"03","D",0.0336,0.0336,0,"D",0,"D",50000,"D",50000,"D",0,"D",0,"D",0,"D",0,"D",15336,"D",0,"D",447,"D",0,"D",0,"D",0,"D",10508,2430,10650,10437.5,2436.44,2426.07,15300,15300,100000,100000,100000.01,100000.01,0,0,0,0,0,0,0,0,100000,100000,0,0,10650,10437.5,10650,10437.5,10018,10182,2883.44,2873.07,0,0,0,0,0,0,0
"03293054",1,"2015","2014",1,0.153,0.153,"2",0.15,0.15,"02","D",0,0,0,"D",0,"D",0,"D",40000,"D",6116,"D",0,"D",0,"D",0,"D",0,"D",5450,"D",530,"D",0,"D",0,"D",5196,"D",2327,0,2372.4,2304.9,0,0,6120,6120,46116,46116,0,0,0,0,0,0,0,0,0,0,46116,46116,0,0,2372.4,2304.9,2372.4,2304.9,0,0,0,0,0,0,0,0,0,0,0
"03293084",1,"2015","2014",3,0,0,"3",-0.45,-0.45,"33","D",-0.135,-0.135,0,"D",0,"D",0,"D",0,"D",400,"D",2550,"D",0,"D",0,"D",6460,"D",0,"D",0,"D",0,"D",1,"D",0,"D",0,-300,0,0,-300,-300,0,0,2950,2950,2950.01,2950.01,0,0,0,0,0,0,0,0,2950,2950,0,0,0,0,0,0,10950,11100,0,0,0,0,0,0,0,0,0
"03293134",1,"2015","2014",0,0,0,"1",0.1,0.1,"11","D",0.06,0.06,0,"D",0,"D",0,"D",0,"D",17127,"D",0,"D",0,"D",0,"D",0,"D",0,"D",0,"D",0,"D",0,"D",0,"D",688,533,697.7,682.7,532.62,532.62,0,0,17127,17127,17127.01,17127.01,0,0,0,0,0,0,0,0,17127,17127,0,0,697.7,682.7,697.7,682.7,2300,2300,0,0,0,0,0,0,0,0,0
"03293154",1,"2015","2014",0,0,0,"1",0,0,"26","D",0,0,1,"D",1,"D",0,"D",0,"D",0,"D",0,"D",12800,"D",0,"D",0,"D",3000,"D",0,"D",0,"D",0,"D",0,"D",0,-1100,0,0,-1100,-1100,0,0,0,0,0.01,0.01,0,0,0,0,0,0,0,0,0,0,0,0,0,0,0,0,7750,7850,0,0,1100,1100,0,0,0,0,0
"03293164",1,"2015","2014",2,0,0,"3",-0.4,-0.4,"44","D",0,0,0,"D",0,"D",0,"D",0,"D",0,"D",0,"D",0,"D",0,"D",0,"D",1400,"D",0,"D",0,"D",0,"D",6664,"D",0,0,0,0,0,0,0,0,0,0,0,0,0,0,0,0,0,0,0,0,0,0,0,0,0,0,0,0,0,0,0,0,0,0,0,0,0,0,0
"03293174",1,"2015","2014",1,0.153,0.153,"3",0.2598,0.2598,"34","D",0.0575,0.058,0,"D",0,"D",28800,"D",0,"D",0,"D",0,"D",0,"D",0,"D",6600,"D",0,"D",12,"D",0,"D",1,"D",120,"D",-1459,844,-1371.99,-1502.13,849.4,841,4406.4,4406.4,28800,28800,28800.01,28800.01,1000,1000,0,0,0,0,1551.99,1657.13,28800,28800,0,0,1180,1155,1180,1155,12000,12000,120,120,0,0,0,0,0,0,0
"03293174",2,"2015","2014",0,0.153,0.153,"1",0.1765,0.1765,"34","D",0.0575,0.058,0,"D",0,"D",13920,"D",0,"D",0,"D",0,"D",0,"D",0,"D",0,"D",0,"D",0,"D",0,"D",0,"D",0,"D",304,370,325.47,292.76,372.36,369.15,2129.76,2129.76,13920,13920,13920.01,13920.01,0,0,0,0,0,0,51.53,69.24,13920,13920,0,0,377,362,377,362,7500,7500,0,0,0,0,0,0,0,0,0
"03293184",1,"2015","2014",0,0.153,0.153,"2",0.2775,0.2775,"23","D",0.0425,0.0425,1,"D",1,"D",29927,"D",0,"D",0,"D",15208,"D",28301,"D",0,"D",0,"D",1000,"D",0,"D",0,"D",0,"D",3012,"D",5442,932,5486.65,5419.15,931.9,931.9,4578.83,4578.83,64127.68,64127.68,29927.01,29927.01,0,0,0,0,0,0,0,0,64127.68,64127.68,0,0,5486.65,5419.15,5486.65,5419.15,0,0,0,0,0,0,0,0,0,0,0
"03293194",1,"2015","2014",0,0.0428,0.0428,"2",0.25,0.25,"01","D",0.0371,0.0371,0,"D",0,"D",150000,"D",18742,"D",76,"D",0,"D",0,"D",0,"D",0,"D",3500,"D",350,"D",0,"D",0,"D",484,"D",28709,6036,28842,28642,6032.89,6037.15,21725.53,21911.53,168818,168818,168818.01,168818.01,0,0,0,0,0,0,0,0,168818,168818,0,0,28842,28642,28842,28642,4000,4000,14718.26,14833.01,0,0,0,0,0,0,0
"03293204",1,"2015","2014",2,0,0,"3",-0.4,-0.4,"10","D",0,0,0,"D",0,"D",0,"D",0,"D",0,"D",0,"D",0,"D",0,"D",0,"D",2700,"D",0,"D",0,"D",0,"D",1210,"D",0,0,0,0,0,0,0,0,0,0,0,0,0,0,0,0,0,0,0,0,0,0,0,0,0,0,0,0,0,0,0,0,0,0,0,0,0,0,0
"03293224",1,"2015","2014",2,0.153,0.153,"2",0.15,0.15,"0","T",0,0,0,"D",0,"D",54099,"D",20887,"D",0,"D",0,"D",0,"D",0,"D",0,"D",0,"D",380,"D",0,"D",1,"D",0,"D",5060,0,5110.4,5035.4,0,0,11472.86,11472.86,74986,74986,0,0,1000,1000,0,0,0,0,0,0,74986,74986,0,0,6110.4,6035.4,6110.4,6035.4,0,0,0,0,0,0,0,0,0,0,0
"03293234",1,"2015","2014",2,0.153,0.153,"2",0.1423,0.1422,"22","D",0.0515,0.052,0,"D",0,"D",0,"D",67476,"D",0,"D",0,"D",0,"D",0,"D",0,"D",5000,"D",0,"D",0,"D",1,"D",9180,"D",3303,2556,3330.99,3289.7,2572.75,2548.01,10323.83,10323.83,67476,67476,67476.01,67476.01,1000,1000,0,0,0,0,0,0,58296,58296,0,0,4330.99,4289.7,4330.99,4289.7,0,0,0,0,0,0,0,0,0,0,0
"03293234",2,"2015","2014",0,0.153,0.153,"1",0.15,0.15,"22","D",0.0476,0.048,0,"D",0,"D",22940,"D",0,"D",0,"D",0,"D",0,"D",0,"D",0,"D",0,"D",0,"D",0,"D",0,"D",0,"D",1445,867,1464.75,1434.75,872.82,864.43,3509.82,3509.82,22940,22940,22940.01,22940.01,0,0,0,0,0,0,0,0,22940,22940,0,0,1464.75,1434.75,1464.75,1434.75,0,0,0,0,0,0,0,0,0,0,0
"03293234",3,"2015","2014",0,0.153,0.153,"1",0,0,"22","D",0.1,0.1,0,"D",0,"D",8000,"D",0,"D",0,"D",0,"D",0,"D",0,"D",0,"D",0,"D",0,"D",0,"D",0,"D",0,"D",-501,-75,-496,-503,-74.4,-75.45,1224,1224,8000,8000,8000.01,8000.01,0,0,0,0,0,0,496,503,8000,8000,0,0,0,0,0,0,0,0,0,0,0,0,0,0,74.4,75.45,0
"03293244",1,"2015","2014",1,0.153,0.153,"2",0,0.099,"21","D",0.04,0.04,0,"D",0,"D",0,"D",20000,"D",0,"D",0,"D",0,"D",0,"D",0,"D",2000,"D",0,"D",0,"D",1,"D",5676,"D",-4337,-767,-4293.15,-4359,-747.29,-777.58,3060,3060,20000,20000,20000.01,20000.01,11.85,0,988.15,1000,0,0,3305,3359,14324,14324,0,0,11.85,0,11.85,0,3000,3000,7676,7676,0,0,0,0,2399.79,2457.08,0
"03293284",1,"2015","2014",0,0.153,0.153,"2",0.1,0.1,"10","D",0,0,0,"D",0,"D",23077,"D",0,"D",0,"D",0,"D",0,"D",0,"D",5600,"D",0,"D",0,"D",0,"D",0,"D",0,"D",258,0,277.7,247.7,0,0,3530.78,3530.78,23077,23077,0,0,0,0,0,0,0,0,0,0,23077,23077,0,0,277.7,247.7,277.7,247.7,0,0,0,0,0,0,0,0,0,0,0
"03293304",1,"2015","2014",2,0.153,0.153,"2",0.15,0.15,"23","D",0.0425,0.0425,0,"D",0,"D",44392,"D",35119,"D",0,"D",0,"D",0,"D",0,"D",8400,"D",0,"D",290,"D",3800,"D",2,"D",480,"D",3979,2699,4029.15,3954.15,2699.22,2699.22,12165.18,12165.18,79511,79511,79511.01,79511.01,2000,2000,0,0,760,760,0,0,79511,79511,0,0,6789.15,6714.15,6789.15,6714.15,0,0,0,0,0,0,0,0,0,0,0
"03293314",1,"2015","2014",1,0.153,0.153,"3",0.3098,0.3098,"33","D",0.1004,0.1004,0,"D",0,"D",30000,"D",0,"D",400,"D",0,"D",0,"D",0,"D",10200,"D",0,"D",0,"D",0,"D",1,"D",0,"D",-1036,30,-933.81,-1086.45,59.09,15.17,4590,4590,30400,30400,30400.01,30400.01,1000,1000,0,0,0,0,1296.31,1401.45,30400,30400,0,0,1362.5,1315,1362.5,1315,10950,11100,0,0,0,0,0,0,354.75,386.29,0
"03293324",1,"2015","2014",1,0.153,0.153,"3",0.2598,0.2598,"05","D",0,0,0,"D",0,"D",20144,"D",0,"D",0,"D",0,"D",0,"D",0,"D",18000,"D",0,"D",0,"D",0,"D",1,"D",0,"D",-3708,0,-3620.82,-3750.96,0,0,3082.03,3082.03,20144,20144,20144.01,20144.01,314.4,289.4,685.6,710.6,0,0,2935.22,3040.36,20144,20144,0,0,314.4,289.4,314.4,289.4,7984,8088,0,0,0,0,0,0,0,0,0
"03293324",2,"2015","2014",2,0.153,0.153,"2",0.2106,0.2106,"05","D",0,0,0,"D",0,"D",27810,"D",0,"D",0,"D",0,"D",0,"D",0,"D",0,"D",0,"D",0,"D",0,"D",2,"D",0,"D",-6615,0,-6501.77,-6671.9,0,0,4254.93,4254.93,27810,27810,27810.01,27810.01,0,0,2000,2000,0,0,4501.77,4671.9,27810,27810,0,0,0,0,0,0,7984,8088,0,0,0,0,0,0,0,0,0
"03293344",1,"2015","2014",3,0.153,0.153,"2",-0.45,-0.45,"03","D",0,0,0,"D",0,"D",4000,"D",7000,"D",151,"D",0,"D",0,"D",0,"D",0,"D",0,"D",0,"D",0,"D",1,"D",0,"D",-5950,-100,-5950,-5950,-100,-100,1683,1683,11151,11151,11151.01,11151.01,0,0,1000,1000,0,0,4950,4950,11151,11151,0,0,0,0,0,0,10018,10182,278.81,278.81,0,0,0,0,0,0,0
"03293384",1,"2015","2014",0,0,0,"1",0,0,"24","D",0.0119,0.0119,1,"D",1,"D",0,"D",0,"D",0,"D",0,"D",19714,"D",0,"D",10680,"D",0,"D",0,"D",0,"D",0,"D",2004,"D",0,-1356,0,0,-1355.67,-1356.26,0,0,0,0,0.01,0.01,0,0,0,0,0,0,0,0,0,0,0,0,0,0,0,0,7750,7850,0,0,1355.67,1356.26,0,0,0,0,0
"03293394",1,"2015","2014",0,0.153,0.153,"1",-0.0765,-0.0765,"23","D",0.0339,0.0339,0,"D",0,"D",2180,"D",0,"D",0,"D",0,"D",0,"D",0,"D",6000,"D",0,"D",0,"D",0,"D",0,"D",0,"D",-167,-871,-166.77,-166.77,-871.04,-871.04,333.54,333.54,2180,2180,2180.01,2180.01,0,0,0,0,0,0,166.77,166.77,2180,2180,0,0,0,0,0,0,0,0,0,0,674.2,674.2,0,0,10.01,10.01,0
"03293404",1,"2015","2014",0,0.153,0.153,"2",0.2393,0.2385,"36","D",0.0429,0.046,0,"D",0,"D",62000,"D",105000,"D",2700,"D",0,"D",0,"D",0,"D",0,"D",3300,"D",104,"D",0,"D",0,"D",11292,"D",26919,5878,26954.53,26901.16,6135.89,5749.36,25551,25551,169700,169700,169700.01,169700.01,0,0,0,0,0,0,0,0,158408,158408,0,0,26954.53,26901.16,26954.53,26901.16,0,0,0,0,0,0,0,0,0,0,0
"03293414",1,"2015","2014",0,0.153,0.153,"2",0.15,0.15,"39","D",0.0307,0.0307,0,"D",0,"D",45000,"D",40000,"D",0,"D",0,"D",0,"D",0,"D",0,"D",3900,"D",25,"D",0,"D",0,"D",3684,"D",8758,2610,8797.5,8737.5,2609.5,2609.5,13005,13005,85000,85000,85000.01,85000.01,0,0,0,0,0,0,0,0,85000,85000,0,0,8797.5,8737.5,8797.5,8737.5,0,0,0,0,0,0,0,0,0,0,0
"03293464",1,"2015","2014",2,0,0,"3",0,0,"44","D",0,0,0,"D",0,"D",0,"D",0,"D",4271,"D",3000,"D",0,"D",0,"D",0,"D",4000,"D",350,"D",0,"D",0,"D",200,"D",0,0,0,0,0,0,0,0,7271,7271,0,0,0,0,0,0,0,0,0,0,7271,7271,0,0,0,0,0,0,0,0,0,0,0,0,0,0,0,0,0
"03293474",1,"2015","2014",0,0.153,0.153,"1",0.15,0.15,"33","D",0.0456,0.0456,1,"D",1,"D",18000,"D",0,"D",0,"D",0,"D",15574,"D",0,"D",9360,"D",0,"D",15,"D",0,"D",0,"D",0,"D",659,368,669.35,654.35,371.88,366.4,2754,2754,18393.5,18393.5,18000.01,18000.01,0,0,0,0,0,0,0,0,18393.5,18393.5,0,0,669.35,654.35,669.35,654.35,7800,7900,0,0,0,0,0,0,0,0,0
"03293494",1,"2015","2014",0,0.153,0.153,"2",0.2384,0.2384,"06","D",0.0463,0.0463,0,"D",0,"D",25912,"D",100000,"D",0,"D",0,"D",0,"D",0,"D",0,"D",4200,"D",289,"D",0,"D",0,"D",8076,"D",16762,4848,16853.7,16716.36,4882.2,4831.57,19264.54,19264.54,125912,125912,0,0,0,0,0,0,0,0,0,0,117836,117836,0,0,16853.7,16716.36,16853.7,16716.36,0,0,0,0,0,0,0,0,0,0,0
"03293524",1,"2015","2014",2,0,0,"3",-0.4,-0.4,"36","D",0,0,0,"D",0,"D",0,"D",0,"D",0,"D",0,"D",0,"D",0,"D",0,"D",60,"D",0,"D",0,"D",0,"D",0,"D",0,0,0,0,0,0,0,0,0,0,0.01,0.01,0,0,0,0,0,0,0,0,0,0,0,0,0,0,0,0,0,0,0,0,0,0,0,0,0,0,0
"03293534",1,"2015","2014",0,0,0,"1",0,0,"0","T",0,0,1,"D",1,"D",0,"D",0,"D",0,"D",0,"D",12514,"D",0,"D",3048,"D",0,"D",93,"D",0,"D",0,"D",120,"D",0,0,0,0,0,0,0,0,0,0,0,0,0,0,0,0,0,0,0,0,0,0,0,0,0,0,0,0,0,0,0,0,0,0,0,0,0,0,0
"03293554",1,"2015","2014",2,0,0,"3",0,0,"14","D",0.0375,0.05,0,"D",0,"D",0,"D",0,"D",16000,"D",0,"D",0,"D",0,"D",0,"D",2220,"D",0,"D",0,"D",0,"D",60,"D",0,288,0,0,370.25,247.13,0,0,16000,16000,16000.01,16000.01,0,0,0,0,0,0,0,0,16000,16000,0,0,0,0,0,0,0,0,0,0,111,111,0,0,0,0,0
"03293584",1,"2015","2014",1,0.153,0.153,"3",0.3098,0.3098,"12","D",0.068,0.068,0,"D",0,"D",12098,"D",0,"D",3000,"D",18420,"D",0,"D",0,"D",0,"D",1400,"D",60,"D",0,"D",1,"D",0,"D",-70,1389,32.14,-120.49,1388.82,1388.82,1850.99,1850.99,33518,33518,33518.01,33518.01,1000,1000,0,0,0,0,798.06,903.19,33518,33518,0,0,1830.2,1782.7,1830.2,1782.7,3212,3212,2848.82,2848.82,0,0,0,0,0,0,0
"03293584",2,"2015","2014",0,0.153,0.153,"1",0.15,0.15,"12","D",0.072,0.072,0,"D",0,"D",26606,"D",0,"D",0,"D",0,"D",0,"D",0,"D",0,"D",0,"D",0,"D",0,"D",0,"D",0,"D",1995,1255,2014.65,1984.65,1255.46,1255.46,4070.72,4070.72,26606,26606,26606.01,26606.01,0,0,0,0,0,0,0,0,26606,26606,0,0,2014.65,1984.65,2014.65,1984.65,2200,2200,1255.46,1255.46,0,0,0,0,0,0,0
"03293584",3,"2015","2014",0,0.153,0.153,"1",0.25,0.25,"12","D",0.0763,0.0763,0,"D",0,"D",58801,"D",0,"D",0,"D",0,"D",0,"D",0,"D",0,"D",0,"D",0,"D",0,"D",0,"D",0,"D",7952,3706,8019,7919,3705.51,3705.51,8996.55,8996.55,58801,58801,58801.01,58801.01,0,0,0,0,0,0,0,0,58801,58801,0,0,8019,7919,8019,7919,2200,2200,3694.43,3694.43,0,0,0,0,0,0,0
"03293604",1,"2015","2014",1,0.153,0.153,"2",0.1489,0.1489,"43","D",0,0,0,"D",0,"D",34000,"D",85000,"D",-22878,"D",0,"D",0,"D",0,"D",0,"D",1300,"D",1054,"D",0,"D",1,"D",9836,"D",8635,0,8659.5,8622,0,0,18207,18207,96122,96122,0,0,1000,1000,0,0,0,0,0,0,86286,86286,0,0,9659.5,9622,9659.5,9622,0,0,0,0,0,0,0,0,0,0,0
"03293624",1,"2015","2014",0,0.153,0.153,"1",0.15,0.15,"28","D",0.0501,0.0501,0,"D",0,"D",34075,"D",0,"D",30,"D",0,"D",0,"D",0,"D",0,"D",1700,"D",80,"D",0,"D",0,"D",0,"D",3120,961,3139.5,3109.5,968.54,956.71,5213.47,5213.47,34105,34105,34105.01,34105.01,0,0,0,0,0,0,0,0,34105,34105,0,0,3139.5,3109.5,3139.5,3109.5,6200,6300,0,0,0,0,0,0,0,0,0
"03293624",2,"2015","2014",0,0.153,0.153,"1",0.25,0.25,"28","D",0.0684,0.0684,0,"D",0,"D",59028,"D",0,"D",0,"D",0,"D",0,"D",0,"D",0,"D",0,"D",0,"D",0,"D",0,"D",0,"D",8009,2638,8075.75,7975.75,2653.24,2631.08,9031.28,9031.28,59028,59028,59028.01,59028.01,0,0,0,0,0,0,0,0,59028,59028,0,0,8075.75,7975.75,8075.75,7975.75,6200,6300,0,0,0,0,0,0,0,0,0
"03293624",3,"2015","2014",0,0.153,0.153,"1",0.15,0.15,"28","D",0.0351,0.0351,0,"D",0,"D",23153,"D",0,"D",0,"D",0,"D",0,"D",0,"D",0,"D",0,"D",0,"D",0,"D",0,"D",0,"D",1477,432,1496.7,1466.7,435.55,429.54,3542.41,3542.41,23153,23153,23153.01,23153.01,0,0,0,0,0,0,0,0,23153,23153,0,0,1496.7,1466.7,1496.7,1466.7,6200,6300,0,0,0,0,0,0,0,0,0
"03293644",1,"2015","2014",1,0.153,0.153,"3",0.1,0.1,"02","D",0,0,0,"D",0,"D",14082,"D",0,"D",6872,"D",0,"D",0,"D",0,"D",12000,"D",0,"D",19,"D",0,"D",1,"D",0,"D",-621,0,-604.6,-629.6,0,0,2154.55,2154.55,20954,20954,0,0,395.4,370.4,604.6,629.6,0,0,0,0,20954,20954,0,0,395.4,370.4,395.4,370.4,0,0,0,0,0,0,0,0,0,0,0
"03293664",1,"2015","2014",2,0.153,0.153,"2",0.5746,0.5746,"36","D",0.0687,0.0707,0,"D",0,"D",0,"D",40000,"D",0,"D",0,"D",9024,"D",0,"D",5700,"D",0,"D",0,"D",0,"D",2,"D",0,"D",-1358,561,-1217.96,-1428.09,600.89,540.38,6120,6120,44947.2,44947.2,40000.01,40000.01,1674.72,1634.72,325.28,365.28,0,0,892.68,1062.81,44947.2,44947.2,0,0,1674.72,1634.72,1674.72,1634.72,0,0,0,0,0,0,0,0,89.27,106.28,0
"03293674",1,"2015","2014",1,0.153,0.153,"2",0.15,0.15,"05","D",0.06,0.06,0,"D",0,"D",0,"D",80000,"D",0,"D",0,"D",20662,"D",0,"D",21600,"D",0,"D",1155,"D",0,"D",0,"D",0,"D",10044,1696,10089.41,10021.91,1722.24,1683.38,12240,12240,97562.7,97562.7,80000.01,80000.01,0,0,0,0,0,0,0,0,97562.7,97562.7,0,0,10089.41,10021.91,10089.41,10021.91,7984,8088,1155,1155,0,0,0,0,0,0,0
"03293684",1,"2015","2014",0,0.038,0.038,"1",0.4067,0.4067,"48","D",0,0,0,"D",0,"D",469961,"D",0,"D",4356,"D",0,"D",0,"D",0,"D",0,"D",3700,"D",0,"D",0,"D",0,"D",15384,"D",138654,0,139136.77,138411.96,0,0,30566.52,30752.52,474317,474317,0,0,0,0,0,0,0,0,0,0,458933,458933,0,0,138971.25,138246.43,138971.25,138246.43,0,0,0,0,0,0,0,0,0,0,0
"03293684",2,"2015","2014",0,0.153,0.153,"1",0.15,0.15,"48","D",0,0,0,"D",0,"D",32000,"D",0,"D",-6500,"D",0,"D",0,"D",0,"D",0,"D",0,"D",0,"D",0,"D",0,"D",0,"D",1829,0,1848.75,1818.75,0,0,4896,4896,25500,25500,0,0,0,0,0,0,0,0,0,0,25500,25500,0,0,1848.75,1818.75,1848.75,1818.75,0,0,0,0,0,0,0,0,0,0,0
"03293694",1,"2015","2014",2,0,0,"3",-0.4,-0.4,"0","T",0,0,0,"D",0,"D",0,"D",0,"D",0,"D",9270,"D",0,"D",0,"D",0,"D",8500,"D",170,"D",0,"D",0,"D",6444,"D",0,0,0,0,0,0,0,0,9270,9270,0,0,0,0,0,0,0,0,0,0,9270,9270,0,0,0,0,0,0,0,0,0,0,0,0,0,0,0,0,0
"03293704",1,"2015","2014",2,0.153,0.153,"3",0.2106,0.3106,"14","D",0.0586,0.0711,0,"D",0,"D",21046,"D",0,"D",0,"D",0,"D",0,"D",0,"D",10800,"D",0,"D",0,"D",0,"D",2,"D",0,"D",-6883,121,-6773.11,-6938.1,255.28,53.54,3220.04,3220.04,21046,21046,21046.01,21046.01,9.6,0,1990.4,2000,0,0,4782.71,4938.1,21046,21046,0,0,9.6,0,9.6,0,0,0,0,0,0,0,0,0,478.27,493.81,0
"03293704",2,"2015","2014",0,0.153,0.153,"1",0.15,0.15,"14","D",0.0375,0.05,0,"D",0,"D",21096,"D",0,"D",0,"D",0,"D",0,"D",0,"D",0,"D",0,"D",0,"D",0,"D",0,"D",0,"D",1168,790,1188.15,1158.15,948.55,710.48,3227.69,3227.69,21096,21096,21096.01,21096.01,0,0,0,0,0,0,0,0,21096,21096,0,0,1188.15,1158.15,1188.15,1158.15,0,0,0,0,0,0,0,0,0,0,0
"03293714",1,"2015","2014",0,0.153,0.153,"1",0.25,0.25,"05","D",0.08,0.08,0,"D",0,"D",46704,"D",0,"D",4302,"D",0,"D",0,"D",0,"D",4200,"D",0,"D",120,"D",0,"D",0,"D",240,"D",6004,1804,6070.25,5970.25,1823.23,1794.3,7145.71,7145.71,51006,51006,51006.01,51006.01,0,0,0,0,0,0,0,0,51006,51006,0,0,6070.25,5970.25,6070.25,5970.25,3992,4044,360,360,0,0,0,0,0,0,0
"03293724",1,"2015","2014",0,0,0,"1",0.141,0.141,"05","D",0.06,0.06,0,"D",0,"D",0,"D",0,"D",0,"D",40764,"D",0,"D",0,"D",0,"D",2700,"D",100,"D",0,"D",0,"D",5084,"D",3751,830,3759.76,3746.91,839.94,825.63,0,0,40764,40764,40764.01,40764.01,0,0,0,0,0,0,0,0,35680,35680,0,0,3759.76,3746.91,3759.76,3746.91,3992,4044,7884,7884,0,0,0,0,0,0,0
"03293734",1,"2015","2014",1,0.153,0.153,"3",0.3098,0.15,"39","D",0.0307,0.0307,0,"D",0,"D",38920,"D",0,"D",0,"D",0,"D",0,"D",0,"D",17400,"D",0,"D",2159,"D",0,"D",1,"D",300,"D",1582,1195,1640.5,1553.05,1194.84,1194.84,5954.76,5954.76,38920,38920,38920.01,38920.01,1000,1000,0,0,0,0,0,39.95,38920,38920,0,0,2640.5,2593,2640.5,2593,0,0,0,0,0,0,0,0,0,0,0
"03293754",1,"2015","2014",3,0.153,0.153,"3",-0.6,-0.6,"05","D",0,0,0,"D",0,"D",10000,"D",0,"D",0,"D",0,"D",0,"D",0,"D",4000,"D",0,"D",0,"D",0,"D",3,"D",0,"D",-5550,0,-5550,-5550,0,0,1530,1530,10000,10000,10000.01,10000.01,0,0,1050,1050,0,0,4500,4500,10000,10000,0,0,0,0,0,0,7984,8088,0,0,0,0,0,0,0,0,0
"03293784",1,"2015","2014",0,0,0,"1",-0.0765,-0.0765,"28","D",-0.0077,-0.0077,0,"D",0,"D",0,"D",0,"D",0,"D",0,"D",11698,"D",0,"D",3312,"D",0,"D",0,"D",0,"D",0,"D",0,"D",0,0,0,0,0,0,0,0,0,0,0.01,0.01,0,0,0,0,0,0,0,0,0,0,0,0,0,0,0,0,6200,6300,0,0,0,0,0,0,0,0,0
"03293804",1,"2015","2014",0,0.153,0.153,"2",0.25,0.25,"07","D",0.067,0.067,1,"D",0,"D",26953,"D",83396,"D",0,"D",0,"D",0,"D",0,"D",0,"D",5500,"D",15,"D",0,"D",0,"D",0,"D",13883,5032,14224.75,13712.25,5032.38,5032.38,16883.4,16883.4,110349,110349,110349.01,110349.01,0,0,0,0,0,0,0,0,110349,110349,0,0,14224.75,13712.25,14224.75,13712.25,0,0,0,0,0,0,0,0,0,0,0
"03293824",1,"2015","2014",2,0,0,"3",-0.4,-0.4,"33","D",-0.12,-0.12,0,"D",0,"D",0,"D",0,"D",0,"D",0,"D",0,"D",0,"D",0,"D",6800,"D",0,"D",0,"D",0,"D",0,"D",0,-275,0,0,-275,-275,0,0,0,0,0.01,0.01,0,0,0,0,0,0,0,0,0,0,0,0,0,0,0,0,10950,11100,0,0,75,75,0,0,0,0,0
"03293854",1,"2015","2014",0,0.153,0.153,"2",0.1,0.1,"22","D",0.0515,0.052,0,"D",0,"D",0,"D",33679,"D",0,"D",0,"D",0,"D",0,"D",0,"D",3500,"D",0,"D",0,"D",0,"D",0,"D",1318,1285,1337.9,1307.9,1293.71,1281.27,5152.89,5152.89,33679,33679,33679.01,33679.01,0,0,0,0,0,0,0,0,33679,33679,0,0,1337.9,1307.9,1337.9,1307.9,0,0,0,0,0,0,0,0,0,0,0
"03293864",1,"2015","2014",0,0.153,0.153,"1",0.25,0.25,"15","D",0.033,0.034,0,"D",0,"D",54000,"D",0,"D",0,"D",0,"D",0,"D",0,"D",0,"D",520,"D",150,"D",0,"D",0,"D",600,"D",6752,1749,6818.75,6718.75,1784.32,1731.84,8262,8262,54000,54000,54000.01,54000.01,0,0,0,0,0,0,0,0,54000,54000,0,0,6818.75,6718.75,6818.75,6718.75,0,0,0,0,0,0,0,0,0,0,0
"03293864",2,"2015","2014",0,0.153,0.153,"1",0.15,0.15,"15","D",0.033,0.034,0,"D",0,"D",31963,"D",0,"D",0,"D",0,"D",0,"D",0,"D",0,"D",0,"D",0,"D",0,"D",0,"D",0,"D",2798,1032,2818.2,2788.2,1052.74,1021.78,4890.34,4890.34,31963,31963,31963.01,31963.01,0,0,0,0,0,0,0,0,31963,31963,0,0,2818.2,2788.2,2818.2,2788.2,0,0,0,0,0,0,0,0,0,0,0
"03293884",1,"2015","2014",2,0.153,0.153,"3",-0.4,-0.4,"34","D",0,0,0,"D",0,"D",10000,"D",0,"D",0,"D",0,"D",0,"D",0,"D",0,"D",1600,"D",300,"D",0,"D",0,"D",5688,"D",-4000,0,-4000,-4000,0,0,1530,1530,10000,10000,10000.01,10000.01,0,0,0,0,0,0,4000,4000,10000,10000,0,0,0,0,0,0,12000,12000,7288,7288,0,0,0,0,0,0,0
"03293904",1,"2015","2014",1,0.0509,0.0509,"2",0.2787,0.2787,"48","D",0,0,0,"D",0,"D",26679,"D",228786,"D",-19100,"D",0,"D",0,"D",0,"D",0,"D",6000,"D",1300,"D",0,"D",1,"D",20020,"D",41746,0,41904.31,41666.81,0,0,25273.87,25459.87,236365,236365,0,0,0,0,0,0,0,0,0,0,216345,216345,0,0,41904.31,41666.81,41904.31,41666.81,0,0,0,0,0,0,0,0,0,0,0
"03293934",1,"2015","2014",0,0,0,"1",-0.0765,-0.0765,"43","D",0,0,0,"D",0,"D",0,"D",0,"D",0,"D",0,"D",16414,"D",0,"D",0,"D",620,"D",260,"D",0,"D",0,"D",400,"D",0,0,0,0,0,0,0,0,0,0,0,0,0,0,0,0,0,0,0,0,0,0,0,0,0,0,0,0,0,0,0,0,0,0,0,0,0,0,0
"03293964",1,"2015","2014",0,0.153,0.153,"1",0.25,0.25,"43","D",0,0,0,"D",0,"D",70000,"D",0,"D",-5000,"D",0,"D",0,"D",0,"D",0,"D",600,"D",0,"D",0,"D",0,"D",0,"D",9502,0,9568.75,9468.75,0,0,10710,10710,65000,65000,0,0,0,0,0,0,0,0,0,0,65000,65000,0,0,9568.75,9468.75,9568.75,9468.75,0,0,0,0,0,0,0,0,0,0,0
"03293994",1,"2015","2014",0,0.153,0.153,"1",0.25,0.25,"10","D",0,0,0,"D",0,"D",65000,"D",0,"D",0,"D",0,"D",0,"D",0,"D",19140,"D",0,"D",20,"D",0,"D",0,"D",0,"D",9502,0,9568.75,9468.75,0,0,9945,9945,65000,65000,0,0,0,0,0,0,0,0,0,0,65000,65000,0,0,9568.75,9468.75,9568.75,9468.75,0,0,0,0,0,0,0,0,0,0,0
"03293994",2,"2015","2014",0,0.153,0.153,"1",0.25,0.25,"10","D",0,0,0,"D",0,"D",60000,"D",0,"D",0,"D",0,"D",0,"D",0,"D",0,"D",0,"D",0,"D",0,"D",0,"D",0,"D",8252,0,8318.75,8218.75,0,0,9180,9180,60000,60000,0,0,0,0,0,0,0,0,0,0,60000,60000,0,0,8318.75,8218.75,8318.75,8218.75,0,0,0,0,0,0,0,0,0,0,0
"03294024",1,"2015","2014",0,0,0,"1",-0.0765,-0.0765,"0","T",0,0,0,"D",0,"D",0,"D",0,"D",0,"D",0,"D",17088,"D",0,"D",0,"D",0,"D",3,"D",0,"D",0,"D",0,"D",0,0,0,0,0,0,0,0,0,0,0,0,0,0,0,0,0,0,0,0,0,0,0,0,0,0,0,0,0,0,0,0,0,0,0,0,0,0,0
"03294034",1,"2015","2014",0,0.153,0.153,"1",0,0,"17","D",0,0,1,"D",1,"D",322,"D",0,"D",1674,"D",0,"D",11074,"D",0,"D",0,"D",1100,"D",101,"D",0,"D",0,"D",332,"D",0,-336,0,0,-336,-336,49.27,49.27,1996,1996,322.01,322.01,0,0,0,0,0,0,0,0,1996,1996,0,0,0,0,0,0,3850,3850,0,0,336,336,0,0,0,0,0
"03294054",1,"2015","2014",0,0.153,0.153,"1",0.2376,0.2376,"07","D",0.0495,0.0495,0,"D",0,"D",40000,"D",0,"D",12000,"D",0,"D",0,"D",0,"D",0,"D",6500,"D",0,"D",0,"D",0,"D",0,"D",5719,1899,5776.5,5690.25,1869,1914,6120,6120,52000,52000,52000.01,52000.01,0,0,0,0,0,0,0,0,52000,52000,0,0,5776.5,5690.25,5776.5,5690.25,0,0,0,0,0,0,0,0,0,0,0
"03294064",1,"2015","2014",0,0.153,0.153,"1",-0.0765,0,"37","D",-0.0038,0,0,"D",0,"D",6569,"D",0,"D",0,"D",0,"D",0,"D",0,"D",17400,"D",0,"D",0,"D",0,"D",0,"D",0,"D",-500,-65,-496,-502.53,-64.8,-65.13,1005.06,1005.06,6569,6569,6569.01,6569.01,0,0,0,0,0,0,496,502.53,6569,6569,0,0,0,0,0,0,6200,6300,0,0,0,0,0,0,24.8,25.13,0
"03294064",2,"2015","2014",1,0,0,"3",-0.34,-0.34,"37","D",-0.017,-0.017,0,"D",0,"D",0,"D",0,"D",0,"D",0,"D",0,"D",0,"D",0,"D",0,"D",0,"D",0,"D",0,"D",0,"D",0,-80,0,0,-80,-80,0,0,0,0,0.01,0.01,0,0,0,0,0,0,0,0,0,0,0,0,0,0,0,0,9100,9250,0,0,0,0,0,0,0,0,0
"03294074",1,"2015","2014",0,0.153,0.153,"1",-0.0765,-0.0765,"03","D",0,0,0,"D",0,"D",1509,"D",0,"D",0,"D",0,"D",0,"D",0,"D",9360,"D",0,"D",151,"D",0,"D",0,"D",119,"D",-115,-25,-115.44,-115.44,-25,-25,230.88,230.88,1509,1509,1509.01,1509.01,0,0,0,0,0,0,115.44,115.44,1509,1509,0,0,0,0,0,0,5009,5091,334.19,334.19,0,0,0,0,0,0,0
"03294094",1,"2015","2014",0,0.153,0.153,"1",0.2423,0.2423,"39","D",0.0307,0.0307,0,"D",0,"D",92000,"D",0,"D",0,"D",0,"D",0,"D",0,"D",0,"D",3200,"D",489,"D",0,"D",0,"D",4812,"D",14987,2824,15037.4,14962.4,2824.4,2824.4,14076,14076,92000,92000,92000.01,92000.01,0,0,0,0,0,0,0,0,87188,87188,0,0,15037.4,14962.4,15037.4,14962.4,0,0,0,0,0,0,0,0,0,0,0
"03294144",1,"2015","2014",0,0,0,"1",0,0,"23","D",0,0,1,"D",1,"D",0,"D",0,"D",0,"D",0,"D",15007,"D",0,"D",25680,"D",0,"D",803,"D",0,"D",0,"D",0,"D",0,-1200,0,0,-1200,-1200,0,0,0,0,0.01,0.01,0,0,0,0,0,0,0,0,0,0,0,0,0,0,0,0,0,0,0,0,1200,1200,0,0,0,0,0
"03294154",1,"2015","2014",2,0,0,"3",-0.4,-0.4,"14","D",-0.04,-0.04,0,"D",0,"D",0,"D",0,"D",0,"D",0,"D",0,"D",0,"D",0,"D",4000,"D",0,"D",0,"D",0,"D",0,"D",0,0,0,0,0,0,0,0,0,0,0.01,0.01,0,0,0,0,0,0,0,0,0,0,0,0,0,0,0,0,0,0,0,0,0,0,0,0,0,0,0
"03294164",1,"2015","2014",2,0,0,"3",-0.4,-0.4,"05","D",0,0,0,"D",0,"D",0,"D",0,"D",0,"D",0,"D",0,"D",0,"D",0,"D",250,"D",0,"D",0,"D",0,"D",0,"D",0,0,0,0,0,0,0,0,0,0,0.01,0.01,0,0,0,0,0,0,0,0,0,0,0,0,0,0,0,0,7984,8088,250,250,0,0,0,0,0,0,0
"03294174",1,"2015","2014",0,0.153,0.153,"1",0.1,0.1,"11","D",0.06,0.06,0,"D",0,"D",16000,"D",0,"D",0,"D",0,"D",0,"D",0,"D",0,"D",0,"D",0,"D",0,"D",0,"D",0,"D",575,465,585,570,465,465,2448,2448,16000,16000,16000.01,16000.01,0,0,0,0,0,0,0,0,16000,16000,0,0,585,570,585,570,2300,2300,0,0,0,0,0,0,0,0,0
"03294204",1,"2015","2014",2,0.0767,0.0767,"2",0.2624,0.2624,"50","D",0.0627,0.0627,0,"D",0,"D",126119,"D",78977,"D",-7906,"D",0,"D",0,"D",0,"D",0,"D",6600,"D",2304,"D",7020,"D",2,"D",8964,"D",28813,10187,28979.62,28729.98,10191.23,10184.56,30248.93,30434.93,197190,197190,191190.01,191190.01,0,0,0,0,1200,1200,0,0,188226,188226,0,0,30179.62,29929.98,30179.62,29929.98,0,0,8964,8964,0,0,0,0,0,0,0
"03294214",1,"2015","2014",4,0.153,0.153,"2",0.15,0.15,"47","D",0.0564,0.0564,0,"D",0,"D",80000,"D",2500,"D",0,"D",0,"D",0,"D",0,"D",0,"D",0,"D",0,"D",0,"D",2,"D",900,"D",3993,3762,4052.5,3962.5,3761.53,3761.53,12622.5,12622.5,82500,82500,82500.01,82500.01,2000,2000,0,0,0,0,0,0,82500,82500,0,0,6052.5,5962.5,6052.5,5962.5,6000,6000,0,0,0,0,0,0,0,0,0
"03294214",2,"2015","2014",0,0.153,0.153,"1",0.1,0.1,"47","D",0.05,0.05,0,"D",0,"D",18434,"D",0,"D",0,"D",0,"D",0,"D",0,"D",0,"D",0,"D",0,"D",0,"D",0,"D",0,"D",818,595,828.4,813.4,595.2,595.2,2820.4,2820.4,18434,18434,18434.01,18434.01,0,0,0,0,0,0,0,0,18434,18434,0,0,828.4,813.4,828.4,813.4,3000,3000,0,0,0,0,0,0,0,0,0
"03294214",3,"2015","2014",0,0.153,0.153,"1",0.1,0.1,"47","D",0.05,0.05,0,"D",0,"D",19018,"D",0,"D",0,"D",0,"D",0,"D",0,"D",0,"D",0,"D",0,"D",0,"D",0,"D",0,"D",877,624,886.8,871.8,624.4,624.4,2909.75,2909.75,19018,19018,19018.01,19018.01,0,0,0,0,0,0,0,0,19018,19018,0,0,886.8,871.8,886.8,871.8,3000,3000,0,0,0,0,0,0,0,0,0
"03294224",1,"2015","2014",0,0.153,0.153,"2",0.15,0.15,"10","D",0,0,0,"D",0,"D",20000,"D",41600,"D",-4000,"D",0,"D",0,"D",0,"D",0,"D",460,"D",15,"D",0,"D",0,"D",3068,"D",4648,0,4687.5,4627.5,0,0,9424.8,9424.8,57600,57600,0,0,0,0,0,0,0,0,0,0,57600,57600,0,0,4687.5,4627.5,4687.5,4627.5,0,0,0,0,0,0,0,0,0,0,0
"03294224",2,"2015","2014",0,0.153,0.153,"1",0.1765,0.1765,"10","D",0,0,0,"D",0,"D",10800,"D",0,"D",0,"D",0,"D",0,"D",0,"D",0,"D",0,"D",0,"D",0,"D",0,"D",0,"D",-247,0,-225.21,-257.92,0,0,1652.4,1652.4,10800,10800,0,0,0,0,0,0,0,0,290.21,307.92,10800,10800,0,0,65,50,65,50,0,0,0,0,0,0,0,0,0,0,0
"03294234",1,"2015","2014",0,0,0,"1",-0.0765,-0.0765,"05","D",0,0,0,"D",0,"D",0,"D",0,"D",0,"D",1100,"D",12000,"D",0,"D",0,"D",1200,"D",28,"D",0,"D",0,"D",5444,"D",0,0,0,0,0,0,0,0,1100,1100,1100.01,1100.01,0,0,0,0,0,0,0,0,1100,1100,0,0,0,0,0,0,3992,4044,6672,6672,0,0,0,0,0,0,0
"03294264",1,"2015","2014",1,0.153,0.153,"3",0.2267,0.2268,"05","D",0.093,0.093,0,"D",0,"D",80000,"D",0,"D",8000,"D",0,"D",0,"D",0,"D",0,"D",1000,"D",150,"D",0,"D",0,"D",13632,"D",10060,2421,10127.4,10026.35,2458.39,2402.61,12240,12240,88000,88000,88000.01,88000.01,0,0,0,0,0,0,0,0,74368,74368,0,0,10127.4,10026.35,10127.4,10026.35,7984,8088,14782,14782,0,0,0,0,0,0,0
"03294264",2,"2015","2014",0,0.153,0.153,"1",0.25,0.25,"05","D",0.093,0.093,0,"D",0,"D",70000,"D",0,"D",0,"D",0,"D",0,"D",0,"D",0,"D",0,"D",0,"D",0,"D",0,"D",0,"D",10752,3514,10818.75,10718.75,3539.54,3501.34,10710,10710,70000,70000,70000.01,70000.01,0,0,0,0,0,0,0,0,70000,70000,0,0,10818.75,10718.75,10818.75,10718.75,3992,4044,0,0,0,0,0,0,0,0,0
"03294324",1,"2015","2014",1,0.153,0.153,"3",0,0,"15","D",0.033,0.034,0,"D",0,"D",17000,"D",0,"D",0,"D",0,"D",0,"D",0,"D",0,"D",4500,"D",6,"D",0,"D",0,"D",5232,"D",-3341,66,-3305,-3359,77,61,2601,2601,17000,17000,17000.01,17000.01,0,0,0,0,0,0,3305,3359,17000,17000,0,0,0,0,0,0,0,0,0,0,0,0,0,0,297,302,0
"03294334",1,"2015","2014",0,0.153,0.153,"1",0.15,0.15,"39","D",0.0307,0.0307,0,"D",0,"D",22425,"D",0,"D",0,"D",0,"D",0,"D",0,"D",4200,"D",0,"D",0,"D",0,"D",0,"D",0,"D",1368,688,1387.5,1357.5,688.45,688.45,3431.02,3431.02,22425,22425,22425.01,22425.01,0,0,0,0,0,0,0,0,22425,22425,0,0,1387.5,1357.5,1387.5,1357.5,0,0,0,0,0,0,0,0,0,0,0
"03294354",1,"2015","2014",0,0.153,0.153,"1",0,0,"22","D",0.0515,0.052,0,"D",0,"D",60000,"D",0,"D",67,"D",0,"D",0,"D",0,"D",0,"D",18180,"D",13,"D",0,"D",0,"D",48140,"D",0,2773,0,0,2790.68,2763.85,9180,9180,60067,60067,60067.01,60067.01,0,0,0,0,0,0,0,0,11927,11927,0,0,0,0,0,0,0,0,0,0,0,0,0,0,0,0,0
"03294354",2,"2015","2014",0,0.029,0.029,"1",0.2656,0.2654,"22","D",0.0515,0.052,0,"D",0,"D",150000,"D",0,"D",0,"D",0,"D",0,"D",0,"D",0,"D",0,"D",0,"D",0,"D",0,"D",0,"D",31913,7419,31978.93,31880.54,7467.2,7395.4,18858,19044,150000,150000,150000.01,150000.01,0,0,0,0,0,0,0,0,150000,150000,0,0,31978.93,31880.54,31978.93,31880.54,0,0,0,0,0,0,0,0,0,0,0
"03294404",1,"2015","2014",0,0.153,0.153,"1",0.15,0.15,"07","D",0.09,0.09,0,"D",0,"D",43000,"D",0,"D",0,"D",0,"D",0,"D",0,"D",15540,"D",0,"D",0,"D",0,"D",0,"D",60,"D",4454,1733,4473.75,4443.75,1732.5,1732.5,6579,6579,43000,43000,43000.01,43000.01,0,0,0,0,0,0,0,0,43000,43000,0,0,4473.75,4443.75,4473.75,4443.75,0,0,0,0,0,0,0,0,0,0,0
"03294404",2,"2015","2014",0,0.153,0.153,"1",0.15,0.15,"07","D",0.09,0.09,0,"D",0,"D",35000,"D",0,"D",0,"D",0,"D",0,"D",0,"D",0,"D",0,"D",0,"D",0,"D",0,"D",0,"D",3254,1013,3273.75,3243.75,1012.5,1012.5,5355,5355,35000,35000,35000.01,35000.01,0,0,0,0,0,0,0,0,35000,35000,0,0,3273.75,3243.75,3273.75,3243.75,0,0,0,0,0,0,0,0,0,0,0
"03294434",1,"2015","2014",0,0.153,0.153,"1",0.15,0.15,"18","D",0.058,0.058,0,"D",0,"D",39000,"D",0,"D",0,"D",0,"D",0,"D",0,"D",6960,"D",0,"D",0,"D",0,"D",0,"D",100,"D",3854,1927,3873.75,3843.75,1928.8,1926.48,5967,5967,39000,39000,39000.01,39000.01,0,0,0,0,0,0,0,0,39000,39000,0,0,3873.75,3843.75,3873.75,3843.75,2400,2440,100,100,0,0,0,0,0,0,0
"03294454",1,"2015","2014",0,0.153,0.153,"1",0.25,0.25,"43","D",0,0,0,"D",0,"D",42500,"D",0,"D",3600,"D",1198,"D",3893,"D",0,"D",0,"D",550,"D",35,"D",0,"D",0,"D",0,"D",5904,0,5970.51,5870.51,0,0,6502.5,6502.5,50607.05,50607.05,0,0,0,0,0,0,0,0,0,0,50607.05,50607.05,0,0,5970.51,5870.51,5970.51,5870.51,0,0,0,0,0,0,0,0,0,0,0
"03294514",1,"2015","2014",0,0.153,0.153,"1",0.15,0.15,"19","D",0.034,0.034,0,"D",0,"D",25130,"D",0,"D",0,"D",0,"D",0,"D",0,"D",6000,"D",0,"D",0,"D",0,"D",0,"D",0,"D",1773,604,1793.25,1763.25,603.47,604.67,3844.89,3844.89,25130,25130,25130.01,25130.01,0,0,0,0,0,0,0,0,25130,25130,0,0,1793.25,1763.25,1793.25,1763.25,0,0,0,0,0,0,0,0,0,0,0
"03294534",1,"2015","2014",0,0.153,0.153,"2",0.15,0.15,"28","D",0.0501,0.0501,0,"D",0,"D",0,"D",78390,"D",-15594,"D",0,"D",0,"D",0,"D",0,"D",3300,"D",5,"D",0,"D",0,"D",0,"D",5427,1650,5466.9,5406.9,1665.84,1642.17,11993.67,11993.67,62796,62796,62796.01,62796.01,0,0,0,0,0,0,0,0,62796,62796,0,0,5466.9,5406.9,5466.9,5406.9,12400,12600,0,0,0,0,0,0,0,0,0
"03294544",1,"2015","2014",0,0.153,0.153,"1",0.15,0.15,"37","D",0.0525,0.0525,0,"D",0,"D",26334,"D",0,"D",0,"D",0,"D",0,"D",0,"D",0,"D",1100,"D",0,"D",0,"D",0,"D",0,"D",1954,791,1973.85,1943.85,794.29,789.04,4029.1,4029.1,26334,26334,26334.01,26334.01,0,0,0,0,0,0,0,0,26334,26334,0,0,1973.85,1943.85,1973.85,1943.85,6200,6300,0,0,0,0,0,0,0,0,0
"03294554",1,"2015","2014",0,0.153,0.153,"2",0.25,0.25,"26","D",0.12,0.12,2,"D",2,"D",10000,"D",30000,"D",-391,"D",42792,"D",32588,"D",0,"D",0,"D",3200,"D",0,"D",0,"D",0,"D",6972,"D",13413,2988,13562.7,13337.7,3000.11,2982.11,6120,6120,110100.8,110100.8,110100.81,110100.81,0,0,0,0,0,0,0,0,110100.8,110100.8,0,0,13562.7,13337.7,13562.7,13337.7,14800,15100,0,0,0,0,0,0,0,0,0
"03294614",1,"2015","2014",0,0.153,0.153,"1",0.15,0.15,"22","D",0.0515,0.052,0,"D",0,"D",42000,"D",0,"D",-160,"D",0,"D",0,"D",0,"D",10200,"D",2500,"D",0,"D",0,"D",0,"D",0,"D",4280,1676,4299.75,4269.75,1686.88,1670.66,6426,6426,41840,41840,41840.01,41840.01,0,0,0,0,0,0,0,0,41840,41840,0,0,4299.75,4269.75,4299.75,4269.75,0,0,0,0,0,0,0,0,0,0,0
"03294634",1,"2015","2014",1,0.153,0.153,"2",0.15,0.15,"31","D",0.0175,0.0175,1,"D",1,"D",45432,"D",6923,"D",36,"D",0,"D",22882,"D",0,"D",0,"D",8000,"D",835,"D",0,"D",0,"D",0,"D",6001,628,6051.11,5976.11,628.09,628.09,8010.31,8010.31,71840.7,71840.7,52391.01,52391.01,0,0,0,0,0,0,0,0,71840.7,71840.7,0,0,6051.11,5976.11,6051.11,5976.11,0,0,0,0,0,0,0,0,0,0,0
"03294654",1,"2015","2014",0,0.153,0.153,"2",0.15,0.15,"17","D",0.046,0.048,0,"D",0,"D",18000,"D",51000,"D",0,"D",0,"D",6600,"D",0,"D",0,"D",1700,"D",320,"D",0,"D",0,"D",0,"D",7199,2070,7239,7179,2106,2052,10557,10557,74610,74610,69000.01,69000.01,0,0,0,0,0,0,0,0,74610,74610,0,0,7239,7179,7239,7179,7500,7500,0,0,0,0,0,0,0,0,0
"03294754",1,"2015","2014",4,0.029,0.029,"2",0.325,0.325,"33","D",0.0745,0.0745,1,"D",0,"D",0,"D",228786,"D",0,"D",0,"D",23650,"D",0,"D",0,"D",14800,"D",114,"D",0,"D",0,"D",9212,"D",46047,13575,46376.36,45882.36,13574.81,13574.81,21142.79,21328.79,248888.5,248888.5,228786.01,228786.01,0,0,0,0,0,0,0,0,239676.5,239676.5,6632.81,6418.31,39743.55,39464.05,39743.55,39464.05,15650,15850,20653.54,20653.54,0,0,0,0,0,0,0
"03294814",1,"2015","2014",0,0,0,"1",-0.0765,-0.0765,"0","T",0,0,0,"D",0,"D",0,"D",0,"D",0,"D",977,"D",17470,"D",0,"D",0,"D",300,"D",108,"D",0,"D",0,"D",0,"D",0,0,0,0,0,0,0,0,977,977,0,0,0,0,0,0,0,0,0,0,977,977,0,0,0,0,0,0,0,0,0,0,0,0,0,0,0,0,0
"03294824",1,"2015","2014",2,0,0,"3",-0.4,-0.4,"0","T",0,0,0,"D",0,"D",0,"D",0,"D",0,"D",0,"D",0,"D",0,"D",0,"D",3800,"D",0,"D",0,"D",0,"D",7170,"D",0,0,0,0,0,0,0,0,0,0,0,0,0,0,0,0,0,0,0,0,0,0,0,0,0,0,0,0,0,0,0,0,0,0,0,0,0,0,0
"03294864",1,"2015","2014",1,0.153,0.153,"3",0.3098,0.15,"0","T",0,0,0,"D",0,"D",39000,"D",0,"D",-910,"D",0,"D",0,"D",0,"D",0,"D",1100,"D",0,"D",0,"D",1,"D",3020,"D",1466,0,1516,1441.33,0,0,5967,5967,38090,38090,0,0,1000,1000,0,0,0,0,0,27.17,38090,38090,0,0,2516,2468.5,2516,2468.5,0,0,0,0,0,0,0,0,0,0,0
"03294864",2,"2015","2014",0,0.029,0.029,"1",0.28,0.28,"0","T",0,0,0,"D",0,"D",125000,"D",0,"D",-9338,"D",0,"D",0,"D",0,"D",0,"D",0,"D",0,"D",0,"D",0,"D",0,"D",22621,0,22719.11,22572.61,0,0,18133,18319,115662,115662,0,0,0,0,0,0,0,0,0,0,115662,115662,0,0,22719.11,22572.61,22719.11,22572.61,0,0,0,0,0,0,0,0,0,0,0
"03294914",1,"2015","2014",1,0.153,0.153,"2",0.15,0.15,"34","D",0.0575,0.058,0,"D",0,"D",50747,"D",3188,"D",0,"D",0,"D",12900,"D",0,"D",0,"D",2450,"D",241,"D",0,"D",0,"D",3864,"D",5145,2245,5190,5122.5,2258.23,2238.76,8252.05,8252.05,64900,64900,53935.01,53935.01,0,0,0,0,0,0,0,0,64900,64900,0,0,5190,5122.5,5190,5122.5,15000,15000,6314,6314,0,0,0,0,0,0,0
"03294934",1,"2015","2014",0,0.153,0.153,"1",0.15,0.15,"10","D",0,0,0,"D",0,"D",24000,"D",0,"D",0,"D",0,"D",0,"D",0,"D",18000,"D",3100,"D",360,"D",0,"D",0,"D",0,"D",1604,0,1623.75,1593.75,0,0,3672,3672,24000,24000,0,0,0,0,0,0,0,0,0,0,24000,24000,0,0,1623.75,1593.75,1623.75,1593.75,0,0,0,0,0,0,0,0,0,0,0
"03294934",2,"2015","2014",0,0.038,0.038,"1",0.33,0.33,"10","D",0,0,0,"D",0,"D",241175,"D",0,"D",0,"D",0,"D",0,"D",0,"D",0,"D",0,"D",0,"D",0,"D",0,"D",0,"D",59896,0,60096.5,59795,0,0,21872.65,22058.65,241175,241175,0,0,0,0,0,0,0,0,0,0,241175,241175,0,0,60096.5,59795,60096.5,59795,0,0,0,0,0,0,0,0,0,0,0
"03294944",1,"2015","2014",3,0,0,"3",-0.45,-0.45,"44","D",0,0,0,"D",0,"D",0,"D",0,"D",0,"D",0,"D",0,"D",0,"D",3660,"D",0,"D",0,"D",0,"D",3,"D",0,"D",0,0,0,0,0,0,0,0,0,0,0,0,0,0,0,0,0,0,0,0,0,0,0,0,0,0,0,0,0,0,0,0,0,0,0,0,0,0,0
"03295074",1,"2015","2014",0,0,0,"1",0,-0.0765,"44","D",0,0,1,"D",0,"D",0,"D",0,"D",0,"D",0,"D",12502,"D",0,"D",14100,"D",0,"D",0,"D",0,"D",0,"D",0,"D",0,0,0,0,0,0,0,0,0,0,0,0,0,0,0,0,0,0,0,0,0,0,0,0,0,0,0,0,0,0,0,0,0,0,0,0,0,0,0
"03295094",1,"2015","2014",0,0.0377,0.0377,"2",0.325,0.325,"33","D",0.0758,0.0758,1,"D",0,"D",17348,"D",228786,"D",0,"D",0,"D",0,"D",0,"D",0,"D",23680,"D",295,"D",0,"D",0,"D",4000,"D",46846,14937,47175.05,46681.05,14936.7,14936.7,23797.04,23983.04,246134,246134,246134.01,246134.01,0,0,0,0,0,0,0,0,242134,242134,5237.81,4967.31,41937.24,41713.74,41937.24,41713.74,15650,15850,21522.01,21522.01,0,0,0,0,0,0,0
"03295104",1,"2015","2014",0,0.153,0.153,"1",0.1455,0.1452,"36","D",0.0297,0.0317,0,"D",0,"D",24434,"D",0,"D",6000,"D",0,"D",0,"D",0,"D",0,"D",3200,"D",212,"D",0,"D",0,"D",6924,"D",1880,521,1886.78,1877.11,544.47,508.91,3738.4,3738.4,30434,30434,30434.01,30434.01,0,0,0,0,0,0,0,0,23510,23510,0,0,1886.78,1877.11,1886.78,1877.11,0,0,0,0,0,0,0,0,0,0,0
"03295104",2,"2015","2014",1,0,0,"3",-0.34,-0.34,"36","D",0,0,0,"D",0,"D",0,"D",0,"D",0,"D",0,"D",0,"D",0,"D",0,"D",0,"D",0,"D",0,"D",0,"D",0,"D",0,0,0,0,0,0,0,0,0,0,0.01,0.01,0,0,0,0,0,0,0,0,0,0,0,0,0,0,0,0,0,0,0,0,0,0,0,0,0,0,0
"03295124",1,"2015","2014",0,0.153,0.153,"1",0.15,0.15,"34","D",0.0575,0.058,0,"D",0,"D",30000,"D",0,"D",1700,"D",0,"D",0,"D",0,"D",9000,"D",0,"D",0,"D",0,"D",0,"D",0,"D",2759,1396,2778.75,2748.75,1403.6,1391.5,4590,4590,31700,31700,31700.01,31700.01,0,0,0,0,0,0,0,0,31700,31700,0,0,2778.75,2748.75,2778.75,2748.75,7500,7500,0,0,0,0,0,0,0,0,0
"03295144",1,"2015","2014",0,0.153,0.153,"1",0.15,0.15,"33","D",0.0645,0.0645,0,"D",0,"D",43870,"D",0,"D",0,"D",0,"D",0,"D",0,"D",9600,"D",0,"D",0,"D",0,"D",0,"D",0,"D",4584,1988,4604.25,4574.25,1997.63,1983.41,6712.11,6712.11,43870,43870,43870.01,43870.01,0,0,0,0,0,0,0,0,43870,43870,0,0,4604.25,4574.25,4604.25,4574.25,7800,7900,0,0,0,0,0,0,0,0,0
"03295144",2,"2015","2014",0,0.153,0.153,"1",0.1,0.1,"33","D",0.0454,0.0454,0,"D",0,"D",17959,"D",0,"D",0,"D",0,"D",0,"D",0,"D",0,"D",0,"D",0,"D",0,"D",0,"D",0,"D",771,366,780.9,765.9,369.87,364.39,2747.73,2747.73,17959,17959,17959.01,17959.01,0,0,0,0,0,0,0,0,17959,17959,0,0,780.9,765.9,780.9,765.9,7800,7900,0,0,0,0,0,0,0,0,0
"03295154",1,"2015","2014",2,0,0,"3",-0.4,-0.4,"34","D",0,0,0,"D",0,"D",0,"D",0,"D",550,"D",0,"D",0,"D",0,"D",7800,"D",0,"D",0,"D",0,"D",2,"D",0,"D",0,0,0,0,0,0,0,0,550,550,550.01,550.01,0,0,0,0,0,0,0,0,550,550,0,0,0,0,0,0,12000,12000,0,0,0,0,0,0,0,0,0
"03295164",1,"2015","2014",0,0.153,0.153,"1",0.15,0.15,"36","D",0.0297,0.0317,0,"D",0,"D",36000,"D",0,"D",0,"D",0,"D",0,"D",0,"D",8080,"D",0,"D",0,"D",0,"D",0,"D",0,"D",3404,710,3423.75,3393.75,740.86,694.16,5508,5508,36000,36000,36000.01,36000.01,0,0,0,0,0,0,0,0,36000,36000,0,0,3423.75,3393.75,3423.75,3393.75,0,0,0,0,0,0,0,0,0,0,0
"03295174",1,"2015","2014",0,0,0,"1",0.2483,0.2483,"31","D",0.035,0.035,1,"D",1,"D",0,"D",0,"D",1,"D",60000,"D",2532,"D",0,"D",0,"D",7000,"D",210,"D",0,"D",0,"D",720,"D",8193,578,8243.18,8168.18,577.54,577.54,0,0,62153.2,62153.2,45001.01,45001.01,0,0,0,0,0,0,0,0,61433.2,61433.2,0,0,8243.18,8168.18,8243.18,8168.18,0,0,0,0,0,0,0,0,0,0,0
"03295194",1,"2015","2014",0,0,0,"1",0,0,"05","D",0,0,1,"D",1,"D",0,"D",0,"D",0,"D",236,"D",11724,"D",0,"D",3972,"D",0,"D",0,"D",0,"D",0,"D",600,"D",0,0,0,0,0,0,0,0,236,236,236.01,236.01,0,0,0,0,0,0,0,0,236,236,0,0,0,0,0,0,3992,4044,600,600,0,0,0,0,0,0,0
"03295204",1,"2015","2014",1,0.153,0.153,"3",0.2598,0.2598,"10","D",0,0,0,"D",0,"D",20000,"D",0,"D",0,"D",0,"D",0,"D",0,"D",9780,"D",0,"D",0,"D",0,"D",1,"D",0,"D",-3745,0,-3658.23,-3788.37,0,0,3060,3060,20000,20000,0,0,300,275,700,725,0,0,2958.23,3063.37,20000,20000,0,0,300,275,300,275,0,0,0,0,0,0,0,0,0,0,0
"03295234",1,"2015","2014",1,0.153,0.153,"3",0.1442,0.1442,"01","D",0.039,0.039,0,"D",0,"D",62097,"D",0,"D",0,"D",0,"D",0,"D",0,"D",0,"D",2500,"D",1173,"D",0,"D",0,"D",6264,"D",5694,1871,5711.03,5685.84,1869.93,1871.19,9500.84,9500.84,62097,62097,62097.01,62097.01,0,0,0,0,0,0,0,0,55833,55833,0,0,5711.03,5685.84,5711.03,5685.84,2000,2000,14687.42,14687.42,0,0,0,0,0,0,0
"03295244",1,"2015","2014",0,0.0829,0.0829,"2",0.2714,0.2714,"39","D",0.0307,0.0307,0,"D",0,"D",100020,"D",130000,"D",0,"D",0,"D",0,"D",0,"D",0,"D",6500,"D",375,"D",0,"D",0,"D",26340,"D",38014,7062,38163.15,37939.65,7061.61,7061.61,33581.06,33767.06,230020,230020,230020.01,230020.01,0,0,0,0,0,0,0,0,203680,203680,0,0,38163.15,37939.65,38163.15,37939.65,0,0,0,0,0,0,0,0,0,0,0
"03295274",1,"2015","2014",1,0.153,0.153,"3",0.1,0.1,"05","D",0,0,0,"D",0,"D",17256,"D",0,"D",0,"D",0,"D",0,"D",0,"D",11796,"D",0,"D",0,"D",0,"D",0,"D",0,"D",-3332,0,-3279.4,-3358.4,0,0,2640.17,2640.17,17256,17256,17256.01,17256.01,0,0,0,0,0,0,3305,3359,17256,17256,0,0,25.6,0.6,25.6,0.6,7984,8088,0,0,0,0,0,0,0,0,0
"03295274",3,"2015","2014",0,0.153,0.153,"1",0.1765,0.1765,"05","D",0,0,0,"D",0,"D",10513,"D",0,"D",0,"D",0,"D",0,"D",0,"D",0,"D",0,"D",0,"D",0,"D",0,"D",0,"D",-298,0,-275.87,-308.58,0,0,1608.49,1608.49,10513,10513,10513.01,10513.01,0,0,0,0,0,0,312.17,329.88,10513,10513,0,0,36.3,21.3,36.3,21.3,3992,4044,0,0,0,0,0,0,0,0,0
"03295334",1,"2015","2014",0,0,0,"1",0,0,"0","T",0,0,1,"D",1,"D",0,"D",0,"D",2942,"D",0,"D",17062,"D",0,"D",4668,"D",0,"D",0,"D",0,"D",0,"D",1200,"D",0,0,0,0,0,0,0,0,2942,2942,0,0,0,0,0,0,0,0,0,0,2942,2942,0,0,0,0,0,0,0,0,0,0,0,0,0,0,0,0,0
"03295364",1,"2015","2014",0,0.153,0.153,"2",0.15,0.25,"0","T",0,0,1,"D",1,"D",6500,"D",106238,"D",-6500,"D",1000,"D",0,"D",0,"D",0,"D",2200,"D",1170,"D",0,"D",0,"D",21004,"D",10356,0,10453.5,10307.1,0,0,17248.91,17248.91,107238,107238,0,0,0,0,0,0,0,0,0,0,86234,86234,0,0,10453.5,10307.1,10453.5,10307.1,0,0,0,0,0,0,0,0,0,0,0
"03295384",1,"2015","2014",0,0,0,"1",0,0,"36","D",0,0,1,"D",1,"D",0,"D",0,"D",1000,"D",0,"D",3424,"D",0,"D",0,"D",1100,"D",52,"D",0,"D",0,"D",120,"D",0,0,0,0,0,0,0,0,1000,1000,1000.01,1000.01,0,0,0,0,0,0,0,0,1000,1000,0,0,0,0,0,0,0,0,0,0,0,0,0,0,0,0,0
"03295384",3,"2015","2014",0,0,0,"1",-0.0765,-0.0765,"36","D",0,0,0,"D",0,"D",0,"D",0,"D",0,"D",0,"D",0,"D",0,"D",0,"D",0,"D",0,"D",0,"D",0,"D",0,"D",0,0,0,0,0,0,0,0,0,0,0.01,0.01,0,0,0,0,0,0,0,0,0,0,0,0,0,0,0,0,0,0,0,0,0,0,0,0,0,0,0
"03295424",1,"2015","2014",0,0.153,0.153,"2",0.0765,0.0765,"43","D",0,0,1,"D",1,"D",0,"D",18000,"D",0,"D",0,"D",9490,"D",0,"D",0,"D",850,"D",105,"D",0,"D",0,"D",3608,"D",-170,0,-154.81,-177.87,0,0,2754,2754,18000,18000,0,0,0,0,0,0,0,0,154.81,177.87,18000,18000,0,0,0,0,0,0,0,0,0,0,0,0,0,0,0,0,0
"03295434",1,"2015","2014",0,0,0,"1",0,0,"33","D",0,0,1,"D",1,"D",0,"D",0,"D",0,"D",0,"D",22498,"D",0,"D",6000,"D",0,"D",40,"D",0,"D",0,"D",240,"D",0,0,0,0,0,0,0,0,0,0,0.01,0.01,0,0,0,0,0,0,0,0,0,0,0,0,0,0,0,0,7800,7900,0,0,0,0,0,0,0,0,0
"03295444",1,"2015","2014",1,0.153,0.153,"3",0,0,"33","D",0,0,0,"D",0,"D",11861,"D",0,"D",0,"D",0,"D",0,"D",0,"D",8544,"D",0,"D",0,"D",0,"D",0,"D",0,"D",-3341,-1102,-3305,-3359,-1091.5,-1107.7,1814.73,1814.73,11861,11861,11861.01,11861.01,0,0,0,0,0,0,3305,3359,11861,11861,0,0,0,0,0,0,10950,11100,0,0,0,0,0,0,991.5,1007.7,0
"03295464",1,"2015","2014",2,0.153,0.153,"3",0.3106,0.3106,"0","T",0,0,0,"D",0,"D",24500,"D",0,"D",0,"D",0,"D",0,"D",0,"D",8400,"D",0,"D",0,"D",0,"D",2,"D",0,"D",-5824,0,-5700.3,-5885.69,0,0,3748.5,3748.5,24500,24500,0,0,355,325,1645,1675,0,0,4055.3,4210.69,24500,24500,0,0,355,325,355,325,0,0,0,0,0,0,0,0,0,0,0
"03295474",1,"2015","2014",1,0.153,0.153,"3",-0.49,-0.49,"33","D",-0.1515,-0.1515,0,"D",0,"D",6400,"D",0,"D",0,"D",0,"D",0,"D",0,"D",6000,"D",0,"D",0,"D",0,"D",1,"D",0,"D",-2686,-821,-2686,-2686,-821.1,-821.1,979.2,979.2,6400,6400,6400.01,6400.01,0,0,510,510,0,0,2176,2176,6400,6400,0,0,0,0,0,0,10950,11100,0,0,0,0,0,0,652.8,652.8,0
"03295484",1,"2015","2014",0,0,0,"1",-0.0765,-0.0765,"01","D",0,0,0,"D",0,"D",0,"D",0,"D",0,"D",0,"D",10258,"D",0,"D",5760,"D",0,"D",0,"D",0,"D",0,"D",0,"D",0,0,0,0,0,0,0,0,0,0,0.01,0.01,0,0,0,0,0,0,0,0,0,0,0,0,0,0,0,0,2500,2500,0,0,0,0,0,0,0,0,0
"03295494",1,"2015","2014",0,0,0,"2",0.25,0.25,"0","T",0,0,2,"D",2,"D",0,"D",0,"D",2500,"D",96696,"D",39550,"D",0,"D",0,"D",8700,"D",50,"D",0,"D",0,"D",10816,"D",17949,0,18049.38,17899.38,0,0,0,0,132813.5,132813.5,0,0,0,0,0,0,0,0,0,0,121997.5,121997.5,0,0,18049.38,17899.38,18049.38,17899.38,0,0,0,0,0,0,0,0,0,0,0
"03295514",1,"2015","2014",2,0.153,0.153,"2",0.25,0.25,"14","D",0.0375,0.05,0,"D",0,"D",49000,"D",82290,"D",792,"D",0,"D",0,"D",0,"D",14400,"D",0,"D",410,"D",0,"D",1,"D",1068,"D",17533,5147,17683,17458,6179.1,4630.58,20087.37,20087.37,132082,132082,132082.01,132082.01,0,0,0,0,0,0,0,0,132082,132082,0,0,17683,17458,17683,17458,0,0,0,0,0,0,0,0,0,0,0
"03295554",1,"2015","2014",1,0.153,0.153,"3",0,0,"34","D",0,0,0,"D",0,"D",11976,"D",0,"D",0,"D",0,"D",0,"D",0,"D",11700,"D",0,"D",0,"D",0,"D",1,"D",0,"D",-4341,0,-4305,-4359,0,0,1832.33,1832.33,11976,11976,11976.01,11976.01,0,0,1000,1000,0,0,3305,3359,11976,11976,0,0,0,0,0,0,12000,12000,0,0,0,0,0,0,0,0,0
"03295604",1,"2015","2014",0,0.153,0.153,"1",0.2329,0.2329,"28","D",0.0684,0.0684,1,"D",1,"D",61053,"D",0,"D",-2465,"D",0,"D",13330,"D",0,"D",0,"D",3900,"D",262,"D",0,"D",0,"D",4544,"D",9318,3217,9365.19,9294.02,3226.74,3211.42,9341.11,9341.11,69918.5,69918.5,69918.51,69918.51,0,0,0,0,0,0,0,0,65374.5,65374.5,0,0,9365.19,9294.02,9365.19,9294.02,0,0,8706,8706,0,0,0,0,0,0,0
"03295604",2,"2015","2014",0,0.153,0.153,"1",0.15,0.15,"28","D",0.0501,0.0501,0,"D",0,"D",33358,"D",0,"D",-100,"D",0,"D",0,"D",0,"D",0,"D",0,"D",0,"D",0,"D",0,"D",0,"D",2992,918,3012.45,2982.45,926.11,914.27,5103.77,5103.77,33258,33258,33258.01,33258.01,0,0,0,0,0,0,0,0,33258,33258,0,0,3012.45,2982.45,3012.45,2982.45,6200,6300,0,0,0,0,0,0,0,0,0
"03295604",3,"2015","2014",1,0,0,"3",-0.34,-0.34,"28","D",-0.034,-0.034,0,"D",0,"D",0,"D",0,"D",0,"D",0,"D",0,"D",0,"D",0,"D",0,"D",0,"D",0,"D",0,"D",0,"D",0,0,0,0,0,0,0,0,0,0,0.01,0.01,0,0,0,0,0,0,0,0,0,0,0,0,0,0,0,0,9100,9250,0,0,0,0,0,0,0,0,0
"03295624",1,"2015","2014",0,0.153,0.153,"1",0.1402,0.1402,"50","D",0.0654,0.0654,0,"D",0,"D",28000,"D",0,"D",0,"D",0,"D",0,"D",0,"D",0,"D",3500,"D",0,"D",0,"D",0,"D",3884,"D",1948,588,1956.43,1943.69,598.11,583.04,4284,4284,28000,28000,28000.01,28000.01,0,0,0,0,0,0,0,0,24116,24116,0,0,1956.43,1943.69,1956.43,1943.69,8484,8683.65,3884,3884,0,0,0,0,0,0,0
"03295644",1,"2015","2014",6,0,0,"3",-0.45,-0.45,"08","D",0,0,0,"D",0,"D",0,"D",0,"D",0,"D",0,"D",0,"D",0,"D",0,"D",700,"D",0,"D",0,"D",3,"D",7340,"D",0,0,0,0,0,0,0,0,0,0,0.01,0.01,0,0,0,0,0,0,0,0,0,0,0,0,0,0,0,0,3250,3250,8040,8040,0,0,0,0,0,0,0
"03295654",1,"2015","2014",2,0.153,0.153,"3",0.1425,0.1425,"37","D",0.0499,0.0499,0,"D",0,"D",59000,"D",0,"D",0,"D",0,"D",0,"D",0,"D",0,"D",1600,"D",0,"D",0,"D",1,"D",9776,"D",3427,1806,3448.53,3416.03,1805.73,1805.73,9027,9027,59000,59000,59000.01,59000.01,1000,1000,0,0,0,0,0,0,49224,49224,0,0,4448.53,4416.03,4448.53,4416.03,9100,9250,13176.5,13176.5,0,0,50,50,0,0,0
"03295654",2,"2015","2014",0,0.153,0.153,"1",0.1,0.1,"37","D",0.05,0.05,0,"D",0,"D",15000,"D",0,"D",0,"D",0,"D",0,"D",0,"D",0,"D",0,"D",0,"D",0,"D",0,"D",0,"D",475,158,485,470,161.5,156.5,2295,2295,15000,15000,15000.01,15000.01,0,0,0,0,0,0,0,0,15000,15000,0,0,485,470,485,470,6200,6300,0,0,0,0,0,0,0,0,0
"03295694",1,"2015","2014",0,0.0847,0.0847,"2",0.258,0.258,"24","D",0.0785,0.0785,0,"D",0,"D",102000,"D",125000,"D",-3990,"D",0,"D",0,"D",0,"D",0,"D",7600,"D",10,"D",0,"D",0,"D",4396,"D",40120,13738,40259.98,40050.71,13771.94,13721.1,33739,33925,223010,223010,223010.01,223010.01,0,0,0,0,0,0,0,0,218614,218614,0,0,40259.98,40050.71,40259.98,40050.71,0,0,25777.94,25727.1,0,0,0,0,0,0,0
"03295734",1,"2015","2014",0,0,0,"1",0.2267,0.2267,"05","D",0.093,0.093,0,"D",0,"D",0,"D",0,"D",41074,"D",43572,"D",0,"D",0,"D",43356,"D",0,"D",300,"D",0,"D",0,"D",2280,"D",14116,4876,14159.85,14094.39,4901.61,4863.42,0,0,84646,84646,84646.01,84646.01,0,0,0,0,0,0,0,0,82366,82366,0,0,14159.85,14094.4,14159.85,14094.39,3992,4044,2580,2580,0,0,0,0,0,0,0
"03295744",1,"2015","2014",0,0.153,0.153,"1",0.2275,0.2275,"38","D",0.09,0.09,0,"D",0,"D",56840,"D",0,"D",42416,"D",0,"D",0,"D",0,"D",13000,"D",0,"D",0,"D",0,"D",0,"D",0,"D",17699,7737,17745.47,17675.13,7749.14,7730.49,8696.52,8696.52,99256,99256,99256.01,99256.01,0,0,0,0,0,0,0,0,99256,99256,0,0,17745.47,17675.13,17745.47,17675.13,2115.6,2144.96,0,0,0,0,0,0,0,0,0
"03295744",2,"2015","2014",0,0.153,0.153,"1",0.15,0.15,"38","D",0.0765,0.0765,0,"D",0,"D",39710,"D",0,"D",0,"D",0,"D",0,"D",0,"D",0,"D",0,"D",0,"D",0,"D",0,"D",0,"D",3960,2599,3980.25,3950.25,2603.27,2596.33,6075.63,6075.63,39710,39710,39710.01,39710.01,0,0,0,0,0,0,0,0,39710,39710,0,0,3980.25,3950.25,3980.25,3950.25,2115.6,2144.96,0,0,0,0,0,0,0,0,0
"03295754",1,"2015","2014",0,0.153,0.153,"2",0.1429,0.1429,"21","D",0.0475,0.0475,0,"D",0,"D",53493,"D",31823,"D",0,"D",0,"D",0,"D",0,"D",0,"D",1900,"D",0,"D",0,"D",0,"D",14720,"D",7764,2850,7784.47,7754.47,2849.56,2849.56,13053.35,13053.35,85316,85316,84116.01,84116.01,0,0,0,0,0,0,0,0,70596,70596,0,0,7784.47,7754.47,7784.47,7754.47,4000,4000,16620,16620,0,0,0,0,0,0,0
"03295774",1,"2015","2014",0,0,0,"1",0,0,"0","T",0,0,1,"D",1,"D",0,"D",0,"D",0,"D",0,"D",11062,"D",0,"D",0,"D",1000,"D",12,"D",0,"D",0,"D",960,"D",0,0,0,0,0,0,0,0,0,0,0,0,0,0,0,0,0,0,0,0,0,0,0,0,0,0,0,0,0,0,0,0,0,0,0,0,0,0,0
"03295784",1,"2015","2014",2,0,0,"3",-0.4,-0.4,"22","D",-0.06,-0.06,0,"D",0,"D",0,"D",0,"D",0,"D",2400,"D",0,"D",0,"D",0,"D",3000,"D",67,"D",0,"D",0,"D",0,"D",0,0,0,0,0,0,0,0,2400,2400,2400.01,2400.01,0,0,0,0,0,0,0,0,2400,2400,0,0,0,0,0,0,0,0,0,0,0,0,0,0,0,0,0
"03295814",1,"2015","2014",0,0.153,0.153,"1",0.15,0.15,"03","D",0.0288,0.0288,0,"D",0,"D",27317,"D",0,"D",0,"D",0,"D",0,"D",0,"D",4800,"D",0,"D",495,"D",0,"D",0,"D",0,"D",2101,551,2121.3,2091.3,552.99,550.16,4179.5,4179.5,27317,27317,27317.01,27317.01,0,0,0,0,0,0,0,0,27317,27317,0,0,2121.3,2091.3,2121.3,2091.3,5009,5091,1047.99,1045.16,0,0,0,0,0,0,0
"03295834",1,"2015","2014",0,0.153,0.153,"2",0.15,0.15,"0","T",0,0,0,"D",0,"D",38200,"D",27180,"D",7800,"D",0,"D",0,"D",0,"D",0,"D",2200,"D",50,"D",0,"D",0,"D",3000,"D",6985,0,7024.5,6964.5,0,0,10003.14,10003.14,73180,73180,0,0,0,0,0,0,0,0,0,0,73180,73180,0,0,7024.5,6964.5,7024.5,6964.5,0,0,0,0,0,0,0,0,0,0,0
"03295874",1,"2015","2014",1,0.153,0.153,"3",-0.34,-0.34,"43","D",0,0,0,"D",0,"D",2000,"D",0,"D",0,"D",0,"D",0,"D",0,"D",240,"D",0,"D",9,"D",0,"D",0,"D",0,"D",-680,0,-680,-680,0,0,306,306,2000,2000,0,0,0,0,0,0,0,0,680,680,2000,2000,0,0,0,0,0,0,0,0,0,0,0,0,0,0,0,0,0
"03295884",1,"2015","2014",0,0.153,0.153,"1",0.15,0.15,"0","T",0,0,0,"D",0,"D",45233,"D",0,"D",0,"D",0,"D",0,"D",0,"D",9000,"D",0,"D",0,"D",0,"D",0,"D",0,"D",4789,0,4808.7,4778.7,0,0,6920.65,6920.65,45233,45233,0,0,0,0,0,0,0,0,0,0,45233,45233,0,0,4808.7,4778.7,4808.7,4778.7,0,0,0,0,0,0,0,0,0,0,0
"03295904",1,"2015","2014",2,0,0,"3",-0.4,-0.4,"10","D",0,0,0,"D",0,"D",0,"D",0,"D",0,"D",0,"D",0,"D",0,"D",0,"D",800,"D",0,"D",0,"D",0,"D",0,"D",0,0,0,0,0,0,0,0,0,0,0,0,0,0,0,0,0,0,0,0,0,0,0,0,0,0,0,0,0,0,0,0,0,0,0,0,0,0,0
"03295924",1,"2015","2014",0,0.153,0.153,"2",0.1397,0.1397,"28","D",0.0684,0.0684,0,"D",0,"D",24000,"D",75000,"D",-706,"D",0,"D",0,"D",0,"D",0,"D",3500,"D",83,"D",0,"D",0,"D",10980,"D",9879,3786,9896.13,9870.72,3806.8,3776.17,15147,15147,98294,98294,98294.01,98294.01,0,0,0,0,0,0,0,0,87314,87314,0,0,9896.13,9870.72,9896.13,9870.72,0,0,14563,14563,0,0,0,0,0,0,0
"03295934",1,"2015","2014",0,0,0,"1",-0.0765,-0.0765,"48","D",0,0,0,"D",0,"D",0,"D",0,"D",0,"D",0,"D",14844,"D",0,"D",5916,"D",0,"D",0,"D",0,"D",0,"D",0,"D",0,0,0,0,0,0,0,0,0,0,0,0,0,0,0,0,0,0,0,0,0,0,0,0,0,0,0,0,0,0,0,0,0,0,0,0,0,0,0
"03295954",1,"2015","2014",2,0.153,0.153,"2",0.15,0.15,"02","D",0,0,0,"D",0,"D",30000,"D",12000,"D",8288,"D",0,"D",0,"D",0,"D",14400,"D",0,"D",100,"D",0,"D",2,"D",0,"D",356,0,405.7,330.7,0,0,6426,6426,50288,50288,0,0,2000,2000,0,0,0,0,0,0,50288,50288,0,0,2405.7,2330.7,2405.7,2330.7,0,0,0,0,0,0,0,0,0,0,0
"03295974",1,"2015","2014",0,0.153,0.153,"1",0.15,0.15,"05","D",0.06,0.06,0,"D",0,"D",39521,"D",0,"D",0,"D",0,"D",0,"D",0,"D",25200,"D",0,"D",0,"D",0,"D",0,"D",0,"D",3932,987,3951.9,3921.9,998.88,981.45,6046.71,6046.71,39521,39521,39521.01,39521.01,0,0,0,0,0,0,0,0,39521,39521,0,0,3951.9,3921.9,3951.9,3921.9,3992,4044,0,0,0,0,0,0,0,0,0
"03296004",1,"2015","2014",3,0.038,0.038,"2",0.35,0.35,"38","D",0.0997,0.0997,0,"D",0,"D",127000,"D",228786,"D",55097,"D",0,"D",0,"D",0,"D",0,"D",6900,"D",20,"D",3200,"D",3,"D",12040,"D",103062,35454,103455.74,102865.74,35470.69,35446.3,40285.87,40657.87,410883,410883,410883.01,410883.01,0,0,0,0,640,640,0,0,398843,398843,8419.61,8513.82,93582.44,92898.23,93582.44,92898.23,4231.2,4289.91,18849.26,18914.84,0,0,0,0,0,0,0
"03296054",1,"2015","2014",2,0.0811,0.0811,"2",0.388,0.388,"39","D",0.0307,0.0307,0,"D",0,"D",87000,"D",120000,"D",67129,"D",0,"D",0,"D",0,"D",0,"D",6000,"D",200,"D",0,"D",2,"D",2400,"D",58036,8416,58429.05,57839.05,8415.76,8415.76,31299,31485,274129,274129,274129.01,274129.01,0,0,0,0,0,0,0,0,271729,271729,1974.28,1825.78,55537.87,55096.37,55537.87,55096.37,0,0,0,0,0,0,0,0,0,0,0
"03296064",1,"2015","2014",0,0,0,"1",0,0,"21","D",0,0,1,"D",1,"D",0,"D",0,"D",0,"D",0,"D",11964,"D",0,"D",0,"D",900,"D",0,"D",0,"D",0,"D",0,"D",0,0,0,0,0,0,0,0,0,0,0.01,0.01,0,0,0,0,0,0,0,0,0,0,0,0,0,0,0,0,1500,1500,0,0,0,0,0,0,0,0,0
"03296114",1,"2015","2014",2,0.153,0.153,"2",0.2389,0.2381,"36","D",0.0444,0.0475,0,"D",0,"D",90000,"D",32000,"D",0,"D",0,"D",0,"D",0,"D",0,"D",6000,"D",320,"D",0,"D",0,"D",11196,"D",12868,3597,12944.93,12829.06,3754.27,3517.75,18666,18666,122000,122000,122000.01,122000.01,0,0,0,0,0,0,0,0,110804,110804,0,0,12944.93,12829.06,12944.93,12829.06,0,0,0,0,0,0,0,0,0,0,0
"03296134",1,"2015","2014",0,0,0,"1",-0.0765,-0.0765,"23","D",0.0339,0.0339,0,"D",0,"D",0,"D",0,"D",0,"D",0,"D",0,"D",0,"D",6024,"D",0,"D",0,"D",0,"D",0,"D",0,"D",0,-948,0,0,-947.84,-947.84,0,0,0,0,0.01,0.01,0,0,0,0,0,0,0,0,0,0,0,0,0,0,0,0,0,0,0,0,722.86,722.86,0,0,0,0,0
"03296144",1,"2015","2014",2,0.153,0.153,"3",0.3106,0.3106,"33","D",0.1157,0.1157,0,"D",0,"D",31200,"D",0,"D",0,"D",0,"D",0,"D",0,"D",14400,"D",0,"D",0,"D",0,"D",1,"D",0,"D",-2743,-395,-2619.28,-2804.67,-355.8,-414.79,4773.6,4773.6,31200,31200,31200.01,31200.01,1000,995,0,5,0,0,2644.28,2799.67,31200,31200,0,0,1025,995,1025,995,10950,11100,0,0,0,0,0,0,758.14,804.76,0
"03296144",2,"2015","2014",0,0.153,0.153,"1",0.15,0.15,"33","D",0.0645,0.0645,0,"D",0,"D",30400,"D",0,"D",0,"D",0,"D",0,"D",0,"D",0,"D",0,"D",0,"D",0,"D",0,"D",0,"D",2564,1119,2583.75,2553.75,1128.81,1114.6,4651.2,4651.2,30400,30400,30400.01,30400.01,0,0,0,0,0,0,0,0,30400,30400,0,0,2583.75,2553.75,2583.75,2553.75,7800,7900,0,0,0,0,0,0,0,0,0
"03296144",3,"2015","2014",2,0,0,"3",-0.4,-0.4,"33","D",-0.12,-0.12,0,"D",0,"D",0,"D",0,"D",0,"D",0,"D",0,"D",0,"D",0,"D",0,"D",0,"D",0,"D",1,"D",0,"D",0,-200,0,0,-200,-200,0,0,0,0,0.01,0.01,0,0,0,0,0,0,0,0,0,0,0,0,0,0,0,0,10950,11100,0,0,0,0,0,0,0,0,0
"03296184",1,"2015","2014",0,0,0,"1",0,0,"25","D",0,0,1,"D",1,"D",0,"D",0,"D",0,"D",0,"D",8220,"D",0,"D",0,"D",0,"D",0,"D",0,"D",0,"D",0,"D",0,0,0,0,0,0,0,0,0,0,0.01,0.01,0,0,0,0,0,0,0,0,0,0,0,0,0,0,0,0,2300,2300,0,0,0,0,0,0,0,0,0
"03296194",1,"2015","2014",0,0.153,0.153,"1",0.1765,0.1,"37","D",0.0538,0.05,0,"D",0,"D",14772,"D",0,"D",0,"D",0,"D",0,"D",0,"D",3600,"D",0,"D",0,"D",0,"D",0,"D",0,"D",449,147,462.2,443.13,150.1,144.9,2260.12,2260.12,14772,14772,14772.01,14772.01,0,0,0,0,0,0,0,4.07,14772,14772,0,0,462.2,447.2,462.2,447.2,6200,6300,0,0,0,0,0,0,0,0.2,0
"03296194",2,"2015","2014",0,0.153,0.153,"1",0.1765,0.1765,"37","D",0.0538,0.0538,0,"D",0,"D",14539,"D",0,"D",0,"D",0,"D",0,"D",0,"D",0,"D",0,"D",0,"D",0,"D",0,"D",0,"D",413,134,434.72,402.01,138.24,132.36,2224.47,2224.47,14539,14539,14539.01,14539.01,0,0,0,0,0,0,4.18,21.89,14539,14539,0,0,438.9,423.9,438.9,423.9,6200,6300,0,0,0,0,0,0,0.21,1.09,0
"03296204",1,"2015","2014",2,0.153,0.153,"2",0.1429,0.1429,"21","D",0.0475,0.0475,0,"D",0,"D",60000,"D",49474,"D",-1139,"D",0,"D",0,"D",0,"D",0,"D",3000,"D",0,"D",0,"D",2,"D",12788,"D",8023,3678,8052.78,8007.78,3678.48,3678.48,16749.52,16749.52,108335,108335,107135.01,107135.01,2000,2000,0,0,0,0,0,0,95547,95547,0,0,10052.78,10007.78,10052.78,10007.78,4000,4000,15788,15788,0,0,0,0,0,0,0
"03296284",1,"2015","2014",0,0.153,0.153,"2",0.2339,0.2339,"33","D",0.0645,0.0645,0,"D",0,"D",28000,"D",72000,"D",0,"D",0,"D",0,"D",0,"D",0,"D",6500,"D",393,"D",0,"D",0,"D",3860,"D",10758,4764,10853.55,10710.66,4782.8,4754.37,15300,15300,100000,100000,100000.01,100000.01,0,0,0,0,0,0,0,0,96140,96140,0,0,10853.55,10710.66,10853.55,10710.66,15650,15850,10753,10753,0,0,0,0,0,0,0
"03296284",2,"2015","2014",1,0,0,"3",-0.34,-0.34,"33","D",-0.102,-0.102,0,"D",0,"D",0,"D",0,"D",0,"D",0,"D",0,"D",0,"D",0,"D",0,"D",0,"D",0,"D",0,"D",0,"D",0,-100,0,0,-100,-100,0,0,0,0,0.01,0.01,0,0,0,0,0,0,0,0,0,0,0,0,0,0,0,0,10950,11100,0,0,0,0,0,0,0,0,0
"03296294",1,"2015","2014",0,0,0,"1",0.1454,0.1454,"39","D",0.0307,0.0307,0,"D",0,"D",0,"D",0,"D",41074,"D",0,"D",0,"D",0,"D",0,"D",6000,"D",0,"D",0,"D",0,"D",0,"D",4016,1261,4025.7,4010.7,1260.97,1260.97,0,0,41074,41074,41074.01,41074.01,0,0,0,0,0,0,0,0,41074,41074,0,0,4025.7,4010.7,4025.7,4010.7,0,0,0,0,0,0,0,0,0,0,0
"03296314",1,"2015","2014",0,0.153,0.153,"1",0.25,0.25,"0","T",0,0,0,"D",0,"D",48000,"D",0,"D",0,"D",0,"D",0,"D",0,"D",0,"D",1200,"D",2175,"D",0,"D",0,"D",0,"D",5252,0,5318.75,5218.75,0,0,7344,7344,48000,48000,0,0,0,0,0,0,0,0,0,0,48000,48000,0,0,5318.75,5218.75,5318.75,5218.75,0,0,0,0,0,0,0,0,0,0,0
"03296354",1,"2015","2014",0,0.153,0.153,"1",0.25,0.25,"29","D",0,0,0,"D",0,"D",70000,"D",0,"D",0,"D",0,"D",0,"D",0,"D",0,"D",1000,"D",105,"D",0,"D",0,"D",84,"D",10752,0,10818.75,10718.75,0,0,10710,10710,70000,70000,0,0,0,0,0,0,0,0,0,0,70000,70000,0,0,10818.75,10718.75,10818.75,10718.75,0,0,0,0,0,0,0,0,0,0,0
"03296374",1,"2015","2014",0,0,0,"1",0,0,"14","D",0,0,1,"D",1,"D",0,"D",0,"D",0,"D",0,"D",10932,"D",0,"D",0,"D",2400,"D",276,"D",0,"D",0,"D",2028,"D",0,0,0,0,0,0,0,0,0,0,0.01,0.01,0,0,0,0,0,0,0,0,0,0,0,0,0,0,0,0,0,0,0,0,0,0,0,0,0,0,0
"03296384",1,"2015","2014",1,0.153,0.153,"2",0.25,0.25,"36","D",0.0381,0.0392,0,"D",0,"D",57830,"D",46506,"D",0,"D",0,"D",0,"D",0,"D",13520,"D",0,"D",30,"D",0,"D",1,"D",0,"D",10592,2915,10734,10521.5,3042.63,2850.92,15963.41,15963.41,104336,104336,104336.01,104336.01,1000,1000,0,0,0,0,0,0,104336,104336,0,0,11734,11521.5,11734,11521.5,0,0,0,0,0,0,0,0,0,0,0
"03296404",1,"2015","2014",0,0.153,0.153,"2",0.15,0.15,"29","D",0,0,0,"D",0,"D",51279,"D",32541,"D",0,"D",0,"D",0,"D",0,"D",0,"D",800,"D",2,"D",0,"D",0,"D",0,"D",8581,0,8620.5,8560.5,0,0,12824.46,12824.46,83820,83820,0,0,0,0,0,0,0,0,0,0,83820,83820,0,0,8620.5,8560.5,8620.5,8560.5,0,0,0,0,0,0,0,0,0,0,0
"03296414",1,"2015","2014",0,0.153,0.153,"1",0.15,0.15,"02","D",0,0,0,"D",0,"D",30000,"D",0,"D",2072,"D",0,"D",0,"D",0,"D",15000,"D",0,"D",0,"D",0,"D",0,"D",0,"D",2815,0,2834.55,2804.55,0,0,4590,4590,32072,32072,0,0,0,0,0,0,0,0,0,0,32072,32072,0,0,2834.55,2804.55,2834.55,2804.55,0,0,0,0,0,0,0,0,0,0,0
"03296444",1,"2015","2014",4,0.153,0.153,"3",-0.45,-0.45,"01","D",0,0,0,"D",0,"D",2439,"D",0,"D",0,"D",0,"D",0,"D",0,"D",8340,"D",0,"D",20,"D",0,"D",4,"D",0,"D",-1098,0,-1097.55,-1097.55,0,0,373.17,373.17,2439,2439,2439.01,2439.01,0,0,0,0,0,0,1097.55,1097.55,2439,2439,0,0,0,0,0,0,4700,4700,206.58,206.58,0,0,0,0,0,0,0
"03296474",1,"2015","2014",0,0,0,"1",0,0,"33","D",0,0,1,"D",1,"D",0,"D",0,"D",0,"D",0,"D",13025,"D",0,"D",4932,"D",0,"D",475,"D",0,"D",0,"D",0,"D",0,0,0,0,0,0,0,0,0,0,0.01,0.01,0,0,0,0,0,0,0,0,0,0,0,0,0,0,0,0,7800,7900,0,0,0,0,0,0,0,0,0
"03296494",1,"2015","2014",0,0,0,"1",0,0,"33","D",0,0,1,"D",1,"D",0,"D",0,"D",0,"D",0,"D",12406,"D",0,"D",8904,"D",0,"D",80,"D",0,"D",0,"D",3000,"D",0,0,0,0,0,0,0,0,0,0,0.01,0.01,0,0,0,0,0,0,0,0,0,0,0,0,0,0,0,0,7800,7900,0,0,0,0,0,0,0,0,0
"03296514",1,"2015","2014",1,0.153,0.153,"3",0.152,0.152,"05","D",0.0209,0.0209,0,"D",0,"D",42716,"D",0,"D",0,"D",0,"D",0,"D",0,"D",12000,"D",0,"D",25,"D",400,"D",1,"D",120,"D",2094,56,2125.33,2077.83,62.2,53.1,6535.55,6535.55,42716,42716,42716.01,42716.01,1000,1000,0,0,84.57,84.57,0,0,42716,42716,0,0,3209.9,3162.4,3209.9,3162.4,7984,8088,145,145,0,0,36.36,36.36,0,0,0
"03296524",1,"2015","2014",0,0.029,0.029,"1",0.354,0.354,"23","D",0.0425,0.0425,0,"D",0,"D",145992,"D",0,"D",62951,"D",0,"D",0,"D",0,"D",10320,"D",1300,"D",90,"D",0,"D",0,"D",3496,"D",47180,8710,47359.07,47090.57,8710.08,8710.08,18741.77,18927.77,208943,208943,208943.01,208943.01,0,0,0,0,0,0,0,0,205447,205447,0,0,47019.23,46750.73,47019.23,46750.73,0,0,0,0,0,0,0,0,0,0,0
"03296524",2,"2015","2014",0,0.153,0.153,"1",0.25,0.25,"23","D",0.0425,0.0425,0,"D",0,"D",90000,"D",0,"D",-5000,"D",0,"D",0,"D",0,"D",0,"D",0,"D",0,"D",0,"D",0,"D",0,"D",14502,3443,14568.75,14468.75,3442.5,3442.5,13770,13770,85000,85000,85000.01,85000.01,0,0,0,0,0,0,0,0,85000,85000,0,0,14568.75,14468.75,14568.75,14468.75,0,0,0,0,0,0,0,0,0,0,0
"03296534",1,"2015","2014",0,0.153,0.153,"1",0.15,0.15,"33","D",0.0645,0.0645,0,"D",0,"D",43811,"D",0,"D",0,"D",0,"D",0,"D",0,"D",14700,"D",0,"D",0,"D",0,"D",0,"D",1680,"D",4575,1984,4595.4,4565.4,1993.82,1979.61,6703.08,6703.08,43811,43811,43811.01,43811.01,0,0,0,0,0,0,0,0,43811,43811,0,0,4595.4,4565.4,4595.4,4565.4,7800,7900,0,0,0,0,0,0,0,0,0
"03296554",1,"2015","2014",2,0,0,"3",-0.4,-0.4,"22","D",-0.06,-0.06,0,"D",0,"D",0,"D",0,"D",0,"D",0,"D",0,"D",0,"D",6300,"D",0,"D",0,"D",0,"D",0,"D",0,"D",0,0,0,0,0,0,0,0,0,0,0.01,0.01,0,0,0,0,0,0,0,0,0,0,0,0,0,0,0,0,0,0,0,0,0,0,0,0,0,0,0
"03296574",1,"2015","2014",2,0.153,0.153,"2",0.3106,0.3106,"33","D",0.1082,0.1082,0,"D",0,"D",31221,"D",6134,"D",0,"D",0,"D",0,"D",0,"D",0,"D",4500,"D",10,"D",0,"D",1,"D",0,"D",-2716,-315,-2576.09,-2786.23,-273.75,-335.75,5715.31,5715.31,37355,37355,37355.01,37355.01,915.5,875.5,84.5,124.5,0,0,2491.59,2661.73,37355,37355,0,0,915.5,875.5,915.5,875.5,15650,15850,0,0,0,0,0,0,747.48,798.52,0
"03296574",2,"2015","2014",0,0.153,0.153,"1",0.15,0.15,"33","D",0.0645,0.0645,0,"D",0,"D",30448,"D",0,"D",0,"D",0,"D",0,"D",0,"D",0,"D",0,"D",0,"D",0,"D",0,"D",0,"D",2571,1122,2590.95,2560.95,1131.91,1117.69,4658.54,4658.54,30448,30448,30448.01,30448.01,0,0,0,0,0,0,0,0,30448,30448,0,0,2590.95,2560.95,2590.95,2560.95,7800,7900,0,0,0,0,0,0,0,0,0
"03296574",3,"2015","2014",2,0,0,"3",-0.4,-0.4,"33","D",-0.12,-0.12,0,"D",0,"D",0,"D",0,"D",0,"D",0,"D",0,"D",0,"D",0,"D",0,"D",0,"D",0,"D",1,"D",0,"D",0,-200,0,0,-200,-200,0,0,0,0,0.01,0.01,0,0,0,0,0,0,0,0,0,0,0,0,0,0,0,0,10950,11100,0,0,0,0,0,0,0,0,0
"03296584",1,"2015","2014",1,0.153,0.153,"2",0.1432,0.1432,"07","D",0.045,0.045,0,"D",0,"D",99000,"D",0,"D",-12811,"D",0,"D",0,"D",0,"D",0,"D",5100,"D",235,"D",0,"D",1,"D",12272,"D",6095,3219,6119.52,6082.02,3218.51,3218.51,15147,15147,86189,86189,86189.01,86189.01,1000,1000,0,0,0,0,0,0,73917,73917,0,0,7119.52,7082.02,7119.52,7082.02,0,0,0,0,0,0,0,0,0,0,0
"03296604",1,"2015","2014",2,0.153,0.153,"2",-0.15,-0.15,"50","D",0.0703,0.0703,0,"D",0,"D",15000,"D",0,"D",0,"D",0,"D",0,"D",0,"D",0,"D",3500,"D",0,"D",0,"D",2,"D",6308,"D",-7319,-1310,-7260,-7348,-1303.55,-1313.23,2295,2295,15000,15000,15000.01,15000.01,0,0,1800,1800,0,0,5460,5548,15000,15000,0,0,0,0,0,0,18158,18464.09,6308,6308,702.95,702.95,0,0,600.6,610.28,0
"03296634",1,"2015","2014",2,0,0,"3",-0.4,-0.4,"45","D",0,0,0,"D",0,"D",0,"D",0,"D",-9240,"D",4493,"D",0,"D",0,"D",11700,"D",80,"D",0,"D",0,"D",0,"D",1585,"D",0,0,0,0,0,0,0,0,-4747,-4747,-4746.99,-4746.99,0,0,0,0,0,0,0,0,0,0,0,0,0,0,0,0,0,0,0,0,0,0,0,0,0,0,0
"03296664",1,"2015","2014",0,0,0,"1",0,0,"47","D",0,0,1,"D",1,"D",0,"D",0,"D",0,"D",800,"D",20398,"D",0,"D",0,"D",3100,"D",472,"D",0,"D",0,"D",1200,"D",0,0,0,0,0,0,0,0,800,800,800.01,800.01,0,0,0,0,0,0,0,0,800,800,0,0,0,0,0,0,0,0,0,0,0,0,0,0,0,0,0
"03296674",1,"2015","2014",2,0.153,0.153,"2",0.388,0.388,"02","D",0,0,0,"D",0,"D",96000,"D",105000,"D",56951,"D",0,"D",0,"D",0,"D",16800,"D",0,"D",355,"D",320,"D",2,"D",0,"D",52535,0,52927.99,52337.99,0,0,30753,30753,257951,257951,0,0,0,0,0,0,64,64,0,0,257951,257951,967.52,830.07,51722.33,51269.78,51722.33,51269.78,0,0,0,0,0,0,0,0,0,0,0
"03296684",1,"2015","2014",1,0.153,0.153,"3",0.2598,0.2598,"41","D",0,0,0,"D",0,"D",22000,"D",0,"D",-2854,"D",0,"D",0,"D",0,"D",5216,"D",0,"D",0,"D",0,"D",0,"D",0,"D",-2511,0,-2424.03,-2554.17,0,0,3366,3366,19146,19146,2146.01,1896.01,0,0,0,0,0,0,2638.63,2743.77,19146,19146,0,0,214.6,189.6,214.6,189.6,0,0,0,0,0,0,0,0,0,0,0
"03296704",1,"2015","2014",2,0,0,"3",-0.4,-0.4,"44","D",0,0,0,"D",0,"D",0,"D",0,"D",1235,"D",0,"D",0,"D",0,"D",0,"D",2800,"D",124,"D",0,"D",0,"D",7212,"D",0,0,0,0,0,0,0,0,1235,1235,0,0,0,0,0,0,0,0,0,0,1235,1235,0,0,0,0,0,0,0,0,0,0,0,0,0,0,0,0,0
"03296714",1,"2015","2014",0,0.153,0.153,"2",0.25,0.25,"14","D",0.0375,0.05,0,"D",0,"D",84000,"D",45000,"D",-4144,"D",0,"D",0,"D",0,"D",23400,"D",0,"D",540,"D",0,"D",0,"D",400,"D",17718,5024,17851.5,17651.5,6030.3,4520.85,19737,19737,124856,124856,124856.01,124856.01,0,0,0,0,0,0,0,0,124856,124856,0,0,17851.5,17651.5,17851.5,17651.5,0,0,0,0,0,0,0,0,0,0,0
"03296734",1,"2015","2014",0,0,0,"1",0,0,"0","T",0,0,1,"D",1,"D",0,"D",0,"D",8240,"D",0,"D",15106,"D",0,"D",0,"D",600,"D",231,"D",0,"D",0,"D",0,"D",0,0,0,0,0,0,0,0,8240,8240,0,0,0,0,0,0,0,0,0,0,8240,8240,0,0,0,0,0,0,0,0,0,0,0,0,0,0,0,0,0
"03296804",1,"2015","2014",0,0.153,0.153,"2",0.15,0.15,"14","D",0.0375,0.05,0,"D",0,"D",43784,"D",49196,"D",0,"D",0,"D",0,"D",0,"D",22800,"D",0,"D",153,"D",0,"D",0,"D",0,"D",9955,3696,9994.5,9934.5,4436.5,3325.5,14225.94,14225.94,92980,92980,92980.01,92980.01,0,0,0,0,0,0,0,0,92980,92980,0,0,9994.5,9934.5,9994.5,9934.5,0,0,0,0,0,0,0,0,0,0,0
"03296804",2,"2015","2014",0,0.153,0.153,"1",0.15,0.15,"14","D",0.0375,0.05,0,"D",0,"D",28478,"D",0,"D",0,"D",0,"D",0,"D",0,"D",0,"D",0,"D",0,"D",0,"D",0,"D",0,"D",2275,1097,2295.45,2265.45,1317.65,987.3,4357.13,4357.13,28478,28478,28478.01,28478.01,0,0,0,0,0,0,0,0,28478,28478,0,0,2295.45,2265.45,2295.45,2265.45,0,0,0,0,0,0,0,0,0,0,0
"03296814",1,"2015","2014",0,0,0,"1",-0.0765,-0.0765,"0","T",0,0,0,"D",0,"D",0,"D",0,"D",2000,"D",0,"D",0,"D",0,"D",0,"D",2000,"D",200,"D",0,"D",0,"D",2018,"D",0,0,0,0,0,0,0,0,2000,2000,0,0,0,0,0,0,0,0,0,0,2000,2000,0,0,0,0,0,0,0,0,0,0,0,0,0,0,0,0,0
"03296824",1,"2015","2014",1,0.153,0.153,"2",0.3,0.3,"22","D",0.0515,0.052,0,"D",0,"D",67142,"D",58603,"D",-5466,"D",0,"D",0,"D",0,"D",23700,"D",0,"D",0,"D",160,"D",1,"D",0,"D",15060,5160,15201.7,14989.2,5193.71,5143.77,19238.98,19238.98,120279,120279,120279.01,120279.01,486.05,486.05,0,0,32,32,0,0,120279,120279,0,0,15719.75,15507.25,15719.75,15507.25,0,0,0,0,0,0,0,0,0,0,0
"03296834",1,"2015","2014",0,0.153,0.153,"1",0.15,0.15,"36","D",0.0297,0.0317,0,"D",0,"D",30000,"D",0,"D",0,"D",0,"D",0,"D",0,"D",9000,"D",0,"D",4,"D",0,"D",0,"D",0,"D",2504,508,2523.75,2493.75,530.72,496.02,4590,4590,30000,30000,30000.01,30000.01,0,0,0,0,0,0,0,0,30000,30000,0,0,2523.75,2493.75,2523.75,2493.75,0,0,0,0,0,0,0,0,0,0,0
"03296834",2,"2015","2014",0,0.153,0.153,"1",0.15,0.15,"36","D",0.0297,0.0317,0,"D",0,"D",35000,"D",0,"D",0,"D",0,"D",0,"D",0,"D",0,"D",0,"D",0,"D",0,"D",0,"D",0,"D",3254,679,3273.75,3243.75,709.17,664.47,5355,5355,35000,35000,35000.01,35000.01,0,0,0,0,0,0,0,0,35000,35000,0,0,3273.75,3243.75,3273.75,3243.75,0,0,0,0,0,0,0,0,0,0,0
"03296844",1,"2015","2014",0,0,0,"1",0.25,0.25,"39","D",0.0307,0.0307,1,"D",1,"D",0,"D",0,"D",26010,"D",62772,"D",4462,"D",0,"D",17160,"D",0,"D",0,"D",0,"D",0,"D",0,"D",16008,799,16074.93,15974.93,798.51,798.51,0,0,92574.7,92574.7,26010.01,26010.01,0,0,0,0,0,0,0,0,92574.7,92574.7,0,0,16074.93,15974.93,16074.93,15974.93,0,0,0,0,0,0,0,0,0,0,0
"03296854",1,"2015","2014",0,0.0488,0.0488,"2",0.25,0.25,"0","T",0,0,0,"D",0,"D",126000,"D",24000,"D",0,"D",0,"D",0,"D",0,"D",0,"D",1800,"D",1446,"D",0,"D",0,"D",8028,"D",24004,0,24137.5,23937.5,0,0,21834,22020,150000,150000,0,0,0,0,0,0,0,0,0,0,150000,150000,0,0,24137.5,23937.5,24137.5,23937.5,0,0,0,0,0,0,0,0,0,0,0
"03296874",1,"2015","2014",0,0.153,0.153,"1",0.25,0.25,"50","D",0.0702,0.0702,0,"D",0,"D",60000,"D",0,"D",-548,"D",0,"D",0,"D",0,"D",10980,"D",0,"D",120,"D",0,"D",0,"D",0,"D",8115,2820,8181.75,8081.75,2831.28,2813.75,9180,9180,59452,59452,59452.01,59452.01,0,0,0,0,0,0,0,0,59452,59452,0,0,8181.75,8081.75,8181.75,8081.75,4709.76,4909.41,0,0,0,0,0,0,0,0,0
"03296874",2,"2015","2014",0,0.153,0.153,"1",-0.0765,-0.0765,"50","D",0,0,0,"D",0,"D",6205,"D",0,"D",0,"D",0,"D",0,"D",0,"D",0,"D",0,"D",0,"D",0,"D",0,"D",0,"D",-475,0,-474.68,-474.68,0,0,949.36,949.36,6205,6205,6205.01,6205.01,0,0,0,0,0,0,474.68,474.68,6205,6205,0,0,0,0,0,0,10080,10249.92,0,0,0,0,0,0,0,0,0
"03296884",1,"2015","2014",2,0.153,0.153,"2",0.15,0.15,"14","D",0.0375,0.05,0,"D",0,"D",77376,"D",0,"D",0,"D",0,"D",0,"D",0,"D",0,"D",7000,"D",550,"D",0,"D",2,"D",0,"D",4419,2517,4468.9,4393.9,3093.8,2229.1,11838.53,11838.53,77376,77376,77376.01,77376.01,2000,2000,0,0,0,0,0,0,77376,77376,0,0,6468.9,6393.9,6468.9,6393.9,0,0,0,0,350,350,0,0,0,0,0
"03296904",1,"2015","2014",0,0.153,0.153,"2",0.25,0.25,"18","D",0.058,0.058,1,"D",1,"D",68561,"D",28440,"D",143,"D",0,"D",0,"D",0,"D",0,"D",410,"D",340,"D",0,"D",0,"D",0,"D",10482,4925,10623.5,10411,4927.95,4923.31,14841.15,14841.15,97144,97144,97144.01,97144.01,0,0,0,0,0,0,0,0,97144,97144,0,0,10623.5,10411,10623.5,10411,2400,2440,750,750,0,0,0,0,0,0,0
"03296924",1,"2015","2014",0,0.153,0.153,"2",0.15,0.15,"0","T",0,0,0,"D",0,"D",43000,"D",23764,"D",-40,"D",0,"D",0,"D",0,"D",0,"D",350,"D",285,"D",0,"D",0,"D",240,"D",6016,0,6056.1,5996.1,0,0,10214.89,10214.89,66724,66724,0,0,0,0,0,0,0,0,0,0,66724,66724,0,0,6056.1,5996.1,6056.1,5996.1,0,0,0,0,0,0,0,0,0,0,0
"03296924",2,"2015","2014",0,0.153,0.153,"1",0.1,0.1,"0","T",0,0,0,"D",0,"D",15490,"D",0,"D",0,"D",0,"D",0,"D",0,"D",0,"D",0,"D",0,"D",0,"D",0,"D",0,"D",524,0,534,519,0,0,2369.97,2369.97,15490,15490,0,0,0,0,0,0,0,0,0,0,15490,15490,0,0,534,519,534,519,0,0,0,0,0,0,0,0,0,0,0
"03296924",3,"2015","2014",0,0.153,0.153,"1",0.15,0.15,"0","T",0,0,0,"D",0,"D",42165,"D",0,"D",0,"D",0,"D",0,"D",0,"D",0,"D",0,"D",0,"D",0,"D",0,"D",0,"D",4329,0,4348.5,4318.5,0,0,6451.24,6451.24,42165,42165,0,0,0,0,0,0,0,0,0,0,42165,42165,0,0,4348.5,4318.5,4348.5,4318.5,0,0,0,0,0,0,0,0,0,0,0
"03296934",1,"2015","2014",0,0.153,0.153,"1",0.15,0.15,"05","D",0.06,0.06,0,"D",0,"D",40000,"D",0,"D",0,"D",0,"D",0,"D",0,"D",14400,"D",0,"D",1990,"D",0,"D",0,"D",0,"D",4004,1016,4023.75,3993.75,1027.62,1010.19,6120,6120,40000,40000,40000.01,40000.01,0,0,0,0,0,0,0,0,40000,40000,0,0,4023.75,3993.75,4023.75,3993.75,3992,4044,1990,1990,0,0,0,0,0,0,0
"03296964",1,"2015","2014",1,0,0,"3",-0.34,-0.34,"19","D",-0.0119,-0.0119,1,"D",1,"D",0,"D",0,"D",0,"D",4720,"D",18487,"D",0,"D",0,"D",40,"D",0,"D",0,"D",0,"D",0,"D",0,0,0,0,0,0,0,0,4720,4720,0.01,0.01,0,0,0,0,0,0,0,0,4720,4720,0,0,0,0,0,0,0,0,0,0,0,0,0,0,0,0,0
"03296974",1,"2015","2014",1,0.153,0.153,"3",0.2598,0.2598,"34","D",0.0575,0.058,0,"D",0,"D",12265,"D",0,"D",5,"D",15000,"D",0,"D",0,"D",6960,"D",0,"D",784,"D",0,"D",0,"D",0,"D",-856,881,-769.49,-899.62,885.66,878.03,1876.54,1876.54,27270,27270,27270.01,27270.01,0,0,0,0,0,0,1796.49,1901.62,27270,27270,0,0,1027,1002,1027,1002,12000,12000,0,0,0,0,0,0,0,0,0
"03296994",1,"2015","2014",1,0.153,0.153,"3",0,0.1,"05","D",0,0,0,"D",0,"D",17000,"D",0,"D",0,"D",0,"D",0,"D",0,"D",9600,"D",0,"D",0,"D",0,"D",1,"D",0,"D",-4341,0,-4305,-4359,0,0,2601,2601,17000,17000,17000.01,17000.01,0,0,1000,1000,0,0,3305,3359,17000,17000,0,0,0,0,0,0,7984,8088,0,0,0,0,0,0,0,0,0
"03297034",1,"2015","2014",2,0.153,0.153,"2",0.2681,0.2681,"23","D",0.0425,0.0425,0,"D",0,"D",99336,"D",110342,"D",-4500,"D",0,"D",0,"D",0,"D",0,"D",5000,"D",0,"D",0,"D",2,"D",9760,"D",33721,8040,33888.82,33637.32,8040.07,8040.07,32080.73,32080.73,205178,205178,205178.01,205178.01,0,0,0,0,0,0,0,0,195418,195418,0,0,33888.82,33637.32,33888.82,33637.32,0,0,0,0,0,0,0,0,0,0,0
"03297044",1,"2015","2014",1,0.153,0.153,"2",0,0,"05","D",0,0,0,"D",0,"D",18500,"D",0,"D",0,"D",0,"D",0,"D",0,"D",9600,"D",0,"D",0,"D",0,"D",1,"D",0,"D",-4341,0,-4305,-4359,0,0,2830.5,2830.5,18500,18500,18500.01,18500.01,0,0,1000,1000,0,0,3305,3359,18500,18500,0,0,0,0,0,0,7984,8088,0,0,0,0,0,0,0,0,0
"03297054",1,"2015","2014",0,0.153,0.029,"2",0.25,0.25,"44","D",0,0,0,"D",0,"D",117257,"D",0,"D",0,"D",0,"D",0,"D",0,"D",0,"D",1200,"D",0,"D",0,"D",0,"D",0,"D",15818,0,15951.75,15751.75,0,0,17908.45,17940.32,117257,117257,0,0,0,0,0,0,0,0,0,0,117257,117257,0,0,15951.75,15751.75,15951.75,15751.75,0,0,0,0,0,0,0,0,0,0,0
"03297084",1,"2015","2014",0,0.153,0.153,"1",0.15,0.15,"0","T",0,0,0,"D",0,"D",32738,"D",0,"D",0,"D",0,"D",0,"D",0,"D",7800,"D",0,"D",0,"D",0,"D",0,"D",0,"D",2914,0,2934.45,2904.45,0,0,5008.91,5008.91,32738,32738,0,0,0,0,0,0,0,0,0,0,32738,32738,0,0,2934.45,2904.45,2934.45,2904.45,0,0,0,0,0,0,0,0,0,0,0
"03297094",1,"2015","2014",1,0.153,0.153,"2",0,0,"06","D",0,0,0,"D",0,"D",0,"D",20150,"D",0,"D",0,"D",0,"D",0,"D",10200,"D",0,"D",0,"D",0,"D",1,"D",0,"D",-4341,-241,-4305,-4359,0,-361.9,3082.95,3082.95,20150,20150,0,0,0,0,1000,1000,0,0,3305,3359,20150,20150,0,0,0,0,0,0,0,0,0,0,0,0,0,0,0,335.9,0
"03297104",1,"2015","2014",0,0.153,0.153,"1",0.15,0.15,"19","D",0.034,0.034,0,"D",0,"D",40000,"D",0,"D",0,"D",0,"D",0,"D",0,"D",0,"D",1000,"D",0,"D",0,"D",0,"D",3056,"D",4004,1110,4023.75,3993.75,1109.05,1110.25,6120,6120,40000,40000,40000.01,40000.01,0,0,0,0,0,0,0,0,40000,40000,0,0,4023.75,3993.75,4023.75,3993.75,0,0,0,0,0,0,0,0,0,0,0
"03297184",1,"2015","2014",2,0.0691,0.0691,"2",0.35,0.35,"11","D",0.06,0.0618,0,"D",0,"D",228786,"D",76644,"D",0,"D",0,"D",0,"D",0,"D",0,"D",5500,"D",125,"D",200,"D",2,"D",26708,"D",59526,15310,59919.7,59329.7,15310.5,15309.82,33368.2,33554.2,305430,305430,305430.01,305430.01,0,0,0,0,40,40,0,0,278722,278722,4180.04,4050.93,55779.66,55318.77,55779.66,55318.77,3000,3000,32321.6,32333,0,0,12,12,0,0,0
"03297224",1,"2015","2014",2,0.153,0.153,"3",0.3106,0.3106,"14","D",0.0586,0.0711,0,"D",0,"D",15000,"D",0,"D",7500,"D",0,"D",0,"D",0,"D",14400,"D",0,"D",0,"D",0,"D",1,"D",0,"D",-1328,624,-1171.5,-1406.89,773.6,548.69,2295,2295,22500,22500,22500.01,22500.01,155,125,845,875,0,0,326.5,531.89,22500,22500,0,0,155,125,155,125,0,0,0,0,0,0,0,0,32.65,53.19,0
"03297244",1,"2015","2014",0,0,0,"1",0,0,"47","D",0,0,1,"D",1,"D",0,"D",0,"D",0,"D",400,"D",12406,"D",0,"D",0,"D",0,"D",100,"D",0,"D",0,"D",120,"D",0,0,0,0,0,0,0,0,400,400,400.01,400.01,0,0,0,0,0,0,0,0,400,400,0,0,0,0,0,0,0,0,0,0,0,0,0,0,0,0,0
"03297284",1,"2015","2014",0,0.153,0.153,"2",0.25,0.28,"48","D",0,0,0,"D",0,"D",77000,"D",104000,"D",-11319,"D",0,"D",0,"D",0,"D",0,"D",2000,"D",570,"D",0,"D",0,"D",492,"D",28930,0,29073.68,28857.75,0,0,27693,27693,169681,169681,0,0,0,0,0,0,0,0,0,0,169681,169681,0,0,29073.68,28857.75,29073.68,28857.75,0,0,0,0,0,0,0,0,0,0,0
"03297294",1,"2015","2014",3,0.153,0.153,"2",0.15,0.15,"05","D",0.04,0.04,0,"D",0,"D",0,"D",65000,"D",300,"D",0,"D",0,"D",0,"D",15000,"D",0,"D",98,"D",0,"D",2,"D",0,"D",2010,48,2065,1982.5,67.77,38.05,9945,9945,65300,65300,65300.01,65300.01,2000,2000,0,0,0,0,0,0,65300,65300,0,0,4065,3982.5,4065,3982.5,7984,8088,98,98,0,0,0,0,0,0,0
"03297304",1,"2015","2014",0,0,0,"1",0,0,"0","T",0,0,1,"D",1,"D",0,"D",0,"D",0,"D",2055,"D",0,"D",0,"D",0,"D",410,"D",0,"D",0,"D",0,"D",0,"D",0,0,0,0,0,0,0,0,2055,2055,0,0,0,0,0,0,0,0,0,0,2055,2055,0,0,0,0,0,0,0,0,0,0,0,0,0,0,0,0,0
"03297324",1,"2015","2014",0,0.153,0.153,"2",0.1,0.1,"39","D",0.0307,0.0307,0,"D",0,"D",30000,"D",0,"D",0,"D",0,"D",0,"D",0,"D",0,"D",2800,"D",315,"D",0,"D",0,"D",2812,"D",950,921,970,940,921,921,4590,4590,30000,30000,30000.01,30000.01,0,0,0,0,0,0,0,0,30000,30000,0,0,970,940,970,940,0,0,0,0,0,0,0,0,0,0,0
"03297334",1,"2015","2014",0,0.153,0.153,"1",0.25,0.25,"22","D",0.0515,0.052,0,"D",0,"D",80000,"D",0,"D",-2446,"D",0,"D",0,"D",0,"D",12000,"D",0,"D",115,"D",0,"D",0,"D",0,"D",12641,3521,12707.25,12607.25,3544.01,3509.93,12240,12240,77554,77554,77554.01,77554.01,0,0,0,0,0,0,0,0,77554,77554,0,0,12707.25,12607.25,12707.25,12607.25,0,0,0,0,0,0,0,0,0,0,0
"03297354",1,"2015","2014",0,0.153,0.153,"1",0.25,0.25,"12","D",0.0763,0.0763,0,"D",0,"D",61196,"D",0,"D",0,"D",0,"D",0,"D",0,"D",18600,"D",0,"D",110,"D",0,"D",0,"D",0,"D",8551,3880,8617.75,8517.75,3879.82,3879.82,9362.99,9362.99,61196,61196,61196.01,61196.01,0,0,0,0,0,0,0,0,61196,61196,0,0,8617.75,8517.75,8617.75,8517.75,2200,2200,3976.64,3976.64,0,0,0,0,0,0,0
"03297364",1,"2015","2014",0,0.153,0.153,"2",0,0,"38","D",0.07,0.07,2,"D",2,"D",16215,"D",0,"D",-520,"D",0,"D",27728,"D",0,"D",0,"D",2600,"D",26,"D",0,"D",0,"D",0,"D",0,140,0,0,148.47,136.36,2480.89,2480.89,15695,15695,15695.01,15695.01,0,0,0,0,0,0,0,0,15695,15695,0,0,0,0,0,0,6231.2,6289.91,2774.47,2762.36,0,0,0,0,0,0,0
"03297404",1,"2015","2014",0,0,0,"1",0,0,"24","D",0,0,1,"D",1,"D",0,"D",0,"D",0,"D",0,"D",26182,"D",0,"D",24660,"D",0,"D",1366,"D",0,"D",0,"D",2400,"D",0,-1666,0,0,-1659,-1670,0,0,0,0,0.01,0.01,0,0,0,0,0,0,0,0,0,0,0,0,0,0,0,0,7750,7850,0,0,1659,1670,0,0,0,0,0
"03297424",1,"2015","2014",2,0.0568,0.0568,"2",0.35,0.35,"39","D",0.0307,0.0307,0,"D",0,"D",43145,"D",241175,"D",0,"D",0,"D",0,"D",0,"D",0,"D",2500,"D",175,"D",0,"D",1,"D",0,"D",61526,8729,61919,61329,8728.62,8728.62,28412.14,28598.14,284320,284320,284320.01,284320.01,0,0,0,0,0,0,0,0,284320,284320,1494.9,1412.4,60424.1,59916.6,60424.1,59916.6,0,0,0,0,0,0,0,0,0,0,0
"03297434",1,"2015","2014",0,0.153,0.153,"2",0.15,0.15,"34","D",0.0575,0.058,0,"D",0,"D",42000,"D",30000,"D",0,"D",0,"D",0,"D",0,"D",0,"D",100,"D",15,"D",0,"D",0,"D",0,"D",6808,3287,6847.5,6787.5,3306,3277.5,11016,11016,72000,72000,72000.01,72000.01,0,0,0,0,0,0,0,0,72000,72000,0,0,6847.5,6787.5,6847.5,6787.5,15000,15000,100,100,0,0,0,0,0,0,0
"03297464",1,"2015","2014",1,0,0,"3",-0.34,-0.34,"0","T",0,0,1,"D",1,"D",0,"D",0,"D",0,"D",0,"D",0,"D",0,"D",0,"D",800,"D",0,"D",0,"D",0,"D",7620,"D",0,0,0,0,0,0,0,0,0,0,0,0,0,0,0,0,0,0,0,0,0,0,0,0,0,0,0,0,0,0,0,0,0,0,0,0,0,0,0
"03297474",1,"2015","2014",0,0,0,"1",0,0,"0","T",0,0,1,"D",1,"D",0,"D",0,"D",0,"D",0,"D",16654,"D",0,"D",3024,"D",0,"D",0,"D",0,"D",0,"D",0,"D",0,0,0,0,0,0,0,0,0,0,0,0,0,0,0,0,0,0,0,0,0,0,0,0,0,0,0,0,0,0,0,0,0,0,0,0,0,0,0
"03297484",1,"2015","2014",5,0.153,0.153,"2",0,0,"05","D",0,0,0,"D",0,"D",0,"D",22768,"D",0,"D",0,"D",0,"D",0,"D",19200,"D",0,"D",0,"D",0,"D",2,"D",240,"D",-8209,0,-8143,-8242,0,0,3483.5,3483.5,22768,22768,22768.01,22768.01,0,0,2000,2000,0,0,6143,6242,22768,22768,0,0,0,0,0,0,7984,8088,240,240,0,0,0,0,0,0,0
"03297494",1,"2015","2014",4,0.153,0.153,"3",0.3606,0.3606,"10","D",0,0,0,"D",0,"D",44000,"D",0,"D",0,"D",0,"D",0,"D",0,"D",13956,"D",0,"D",0,"D",0,"D",4,"D",0,"D",-3164,0,-3006.6,-3242.99,0,0,6732,6732,44000,44000,0,0,1625,1555,2375,2445,0,0,631.6,797.99,44000,44000,0,0,1625,1555,1625,1555,0,0,0,0,0,0,0,0,0,0,0
"03297494",2,"2015","2014",0,0.153,0.153,"1",0.15,0.15,"10","D",0,0,0,"D",0,"D",22000,"D",0,"D",0,"D",0,"D",0,"D",0,"D",0,"D",0,"D",0,"D",0,"D",0,"D",0,"D",1304,0,1323.75,1293.75,0,0,3366,3366,22000,22000,0,0,0,0,0,0,0,0,0,0,22000,22000,0,0,1323.75,1293.75,1323.75,1293.75,0,0,0,0,0,0,0,0,0,0,0
"03297504",1,"2015","2014",0,0,0,"1",0,0,"21","D",-0.01,-0.01,0,"D",0,"D",0,"D",0,"D",7632,"D",0,"D",13414,"D",0,"D",5004,"D",0,"D",0,"D",0,"D",0,"D",0,"D",0,87,0,0,87.28,87.28,0,0,7632,7632,7632.01,7632.01,0,0,0,0,0,0,0,0,7632,7632,0,0,0,0,0,0,1500,1500,0,0,0,0,0,0,0,0,0
"03297514",1,"2015","2014",2,0,0,"3",-0.4,-0.4,"43","D",0,0,0,"D",0,"D",0,"D",0,"D",660,"D",2078,"D",0,"D",0,"D",0,"D",680,"D",274,"D",0,"D",0,"D",5041,"D",0,0,0,0,0,0,0,0,2738,2738,0,0,0,0,0,0,0,0,0,0,2738,2738,0,0,0,0,0,0,0,0,0,0,0,0,0,0,0,0,0
"03297534",1,"2015","2014",0,0,0,"1",-0.0765,-0.0765,"0","T",0,0,0,"D",0,"D",0,"D",0,"D",0,"D",0,"D",0,"D",0,"D",816,"D",0,"D",10,"D",0,"D",0,"D",0,"D",0,0,0,0,0,0,0,0,0,0,0,0,0,0,0,0,0,0,0,0,0,0,0,0,0,0,0,0,0,0,0,0,0,0,0,0,0,0,0
"03297544",1,"2015","2014",0,0.153,0.153,"2",0.1,0.1,"45","D",0.05,0.05,0,"D",0,"D",1300,"D",24624,"D",0,"D",0,"D",0,"D",0,"D",0,"D",1200,"D",847,"D",0,"D",0,"D",2272,"D",542,186,562.4,532.4,196.7,180.2,3966.37,3966.37,25924,25924,25924.01,25924.01,0,0,0,0,0,0,0,0,25924,25924,0,0,562.4,532.4,562.4,532.4,0,0,0,0,0,0,0,0,0,0,0
"03297554",1,"2015","2014",0,0.153,0.153,"1",0.2639,0.2638,"34","D",0.0575,0.058,1,"D",1,"D",114000,"D",0,"D",-6499,"D",0,"D",15084,"D",0,"D",0,"D",2100,"D",390,"D",0,"D",0,"D",600,"D",23201,5767,23270.81,23166.31,5800.06,5750.06,17442,17442,120322.4,120322.4,107501.01,107501.01,0,0,0,0,0,0,0,0,119722.4,119722.4,0,0,23270.81,23166.31,23270.81,23166.31,7500,7500,2700,2700,0,0,0,0,0,0,0
"03297574",1,"2015","2014",0,0.153,0.153,"2",0.149,0.149,"44","D",0,0,0,"D",0,"D",12500,"D",65000,"D",-4819,"D",0,"D",0,"D",0,"D",0,"D",2600,"D",180,"D",0,"D",0,"D",14040,"D",6131,0,6151.1,6121.1,0,0,11857.5,11857.5,72681,72681,0,0,0,0,0,0,0,0,0,0,58641,58641,0,0,6151.1,6121.1,6151.1,6121.1,0,0,0,0,0,0,0,0,0,0,0
"03297594",1,"2015","2014",0,0.0365,0.0365,"2",0.263,0.263,"50","D",0.0609,0.0609,0,"D",0,"D",228786,"D",14722,"D",155,"D",0,"D",0,"D",0,"D",0,"D",6800,"D",0,"D",0,"D",0,"D",9356,"D",44785,13583,44932.37,44710.74,13587.81,13581.13,23395.26,23581.26,243663,243663,243663.01,243663.01,0,0,0,0,0,0,0,0,234307,234307,0,0,44932.37,44710.74,44932.37,44710.74,0,0,9356,9356,0,0,0,0,0,0,0
"03297604",1,"2015","2014",2,0.153,0.153,"2",0.141,0.141,"05","D",0.06,0.06,0,"D",0,"D",95000,"D",0,"D",0,"D",0,"D",0,"D",0,"D",0,"D",6100,"D",45,"D",0,"D",2,"D",15408,"D",5492,1451,5518.28,5478.78,1475.1,1438.48,14535,14535,95000,95000,95000.01,95000.01,2000,2000,0,0,0,0,0,0,79592,79592,0,0,7518.28,7478.78,7518.28,7478.78,7984,8088,21553,21553,0,0,0,0,0,0,0
"03297634",1,"2015","2014",1,0.153,0.153,"3",0.15,0.15,"12","D",0.076,0.076,0,"D",0,"D",42431,"D",0,"D",0,"D",0,"D",0,"D",0,"D",6600,"D",0,"D",12,"D",0,"D",1,"D",0,"D",2135,2051,2167.15,2119.65,2051.16,2051.16,6491.94,6491.94,42431,42431,42431.01,42431.01,1000,1000,0,0,0,0,0,0,42431,42431,0,0,3167.15,3119.65,3167.15,3119.65,3212,3212,2063.16,2063.16,0,0,0,0,0,0,0
"03297644",1,"2015","2014",0,0.029,0.029,"2",0.35,0.35,"45","D",0.05,0.05,0,"D",0,"D",228786,"D",0,"D",30050,"D",96696,"D",0,"D",0,"D",0,"D",2900,"D",2943,"D",0,"D",0,"D",10268,"D",83998,17777,84391.3,83801.3,17776.6,17776.6,21142.79,21328.79,355532,355532,355532.01,355532.01,0,0,0,0,0,0,0,0,345264,345264,2256.62,2212.24,80992.78,80447.16,80992.78,80447.16,0,0,0,0,0,0,0,0,0,0,0
"03297654",1,"2015","2014",3,0.153,0.153,"2",0.2106,0.2106,"21","D",0.1012,0.1001,0,"D",0,"D",4000,"D",28000,"D",0,"D",0,"D",0,"D",0,"D",0,"D",0,"D",0,"D",0,"D",3,"D",0,"D",-7423,-660,-7302.36,-7483.49,-615.09,-682.79,4896,4896,32000,32000,30800.01,30800.01,0,0,3000,3000,0,0,4302.36,4483.49,32000,32000,0,0,0,0,0,0,4000,4000,0,0,0,0,0,0,2766.26,2924.53,0
"03297654",2,"2015","2014",0,0.153,0.153,"1",0.1,0.1,"21","D",0.0475,0.0475,0,"D",0,"D",18000,"D",0,"D",0,"D",0,"D",0,"D",0,"D",0,"D",0,"D",0,"D",0,"D",0,"D",0,"D",775,556,785,770,555.5,555.5,2754,2754,18000,18000,18000.01,18000.01,0,0,0,0,0,0,0,0,18000,18000,0,0,785,770,785,770,2000,2000,0,0,0,0,0,0,0,0,0
"03297664",1,"2015","2014",0,0,0,"1",0,0,"39","D",0,0,1,"D",1,"D",0,"D",0,"D",0,"D",0,"D",5062,"D",0,"D",0,"D",3000,"D",0,"D",0,"D",0,"D",2464,"D",0,0,0,0,0,0,0,0,0,0,0.01,0.01,0,0,0,0,0,0,0,0,0,0,0,0,0,0,0,0,0,0,0,0,0,0,0,0,0,0,0
"03297674",1,"2015","2014",0,0,0,"1",0,-0.0765,"06","D",0,0,1,"D",0,"D",0,"D",0,"D",0,"D",0,"D",9982,"D",0,"D",0,"D",0,"D",20,"D",0,"D",0,"D",7016,"D",0,-9,0,0,0,-13,0,0,0,0,0,0,0,0,0,0,0,0,0,0,0,0,0,0,0,0,0,0,0,0,0,0,0,0,0,0,0,0,0
"03297724",1,"2015","2014",0,0.153,0.153,"1",0.25,0.25,"48","D",0,0,0,"D",0,"D",54000,"D",0,"D",-3608,"D",0,"D",0,"D",0,"D",9600,"D",0,"D",0,"D",0,"D",0,"D",600,"D",5850,0,5916.75,5816.75,0,0,8262,8262,50392,50392,0,0,0,0,0,0,0,0,0,0,50392,50392,0,0,5916.75,5816.75,5916.75,5816.75,0,0,0,0,0,0,0,0,0,0,0
"03297734",1,"2015","2014",0,0.056,0.056,"2",0.2318,0.2597,"33","D",0.0729,0.0726,0,"D",0,"D",39000,"D",140000,"D",0,"D",0,"D",0,"D",0,"D",0,"D",8000,"D",155,"D",0,"D",0,"D",2484,"D",29069,10670,29180.28,29013.85,10699.28,10655.61,24535,24721,179000,179000,179000.01,179000.01,0,0,0,0,0,0,0,0,176516,176516,0,0,29180.28,29013.85,29180.28,29013.85,15650,15850,10639,10639,0,0,0,0,0,0,0
"03297744",1,"2015","2014",0,0.153,0.153,"2",0.15,0.15,"50","D",0.0751,0.0751,0,"D",0,"D",35360,"D",22960,"D",-3536,"D",0,"D",0,"D",0,"D",0,"D",2300,"D",320,"D",0,"D",0,"D",848,"D",4225,1460,4265.1,4205.1,1480.04,1449.83,8922.96,8922.96,54784,54784,54784.01,54784.01,0,0,0,0,0,0,0,0,54784,54784,0,0,4265.1,4205.1,4265.1,4205.1,11427.69,11802.95,848,848,0,0,0,0,0,0,0
"03297774",1,"2015","2014",0,0.153,0.153,"1",0.15,0.15,"28","D",0.0684,0.0684,0,"D",0,"D",45000,"D",0,"D",-2500,"D",0,"D",0,"D",0,"D",7200,"D",0,"D",397,"D",0,"D",0,"D",120,"D",4379,1508,4398.75,4368.75,1522.72,1500.56,6885,6885,42500,42500,42500.01,42500.01,0,0,0,0,0,0,0,0,42500,42500,0,0,4398.75,4368.75,4398.75,4368.75,6200,6300,0,0,0,0,0,0,0,0,0
"03297794",1,"2015","2014",0,0.153,0.153,"2",0.15,0.15,"21","D",0.0475,0.0475,1,"D",1,"D",64000,"D",0,"D",0,"D",0,"D",2534,"D",0,"D",0,"D",2000,"D",0,"D",0,"D",0,"D",4132,"D",5746,2446,5790.59,5723.09,2446,2446,9792,9792,66153.9,66153.9,64000.01,64000.01,0,0,0,0,0,0,0,0,66153.9,66153.9,0,0,5790.59,5723.09,5790.59,5723.09,4000,4000,0,0,0,0,0,0,0,0,0
"03297804",1,"2015","2014",1,0.153,0.153,"2",0.1598,0.1598,"05","D",0,0,0,"D",0,"D",25000,"D",0,"D",0,"D",0,"D",0,"D",0,"D",0,"D",10900,"D",2957,"D",0,"D",0,"D",1736,"D",-3104,0,-3026.95,-3143.27,0,0,3825,3825,25000,25000,25000.01,25000.01,0,0,0,0,0,0,3026.95,3143.27,23264,23264,0,0,0,0,0,0,7984,8088,15593,15593,0,0,0,0,0,0,0
"03297824",1,"2015","2014",1,0.153,0.153,"3",0.28,0.28,"05","D",0.08,0.08,0,"D",0,"D",80980,"D",0,"D",2690,"D",0,"D",3300,"D",0,"D",0,"D",5500,"D",577,"D",0,"D",1,"D",12756,"D",8418,1707,8487.69,8383.72,1736.23,1692.14,12389.94,12389.94,86475,86475,83670.01,83670.01,426.25,426.25,0,0,0,0,0,0,73719,73719,0,0,8913.94,8809.97,8913.94,8809.96,7984,8088,18833,18833,0,0,0,0,0,0,0
"03297844",1,"2015","2014",0,0,0,"1",-0.0765,-0.0765,"33","D",-0.0229,-0.0229,0,"D",0,"D",0,"D",0,"D",0,"D",0,"D",0,"D",1920,"D",0,"D",0,"D",0,"D",0,"D",0,"D",96,"D",0,0,0,0,0,0,0,0,0,0,0.01,0.01,0,0,0,0,0,0,0,0,0,0,0,0,0,0,0,0,7800,7900,0,0,0,0,0,0,0,0,0
"03297904",1,"2015","2014",0,0.153,0.153,"2",0.141,0.141,"05","D",0.06,0.06,0,"D",0,"D",38953,"D",76516,"D",6000,"D",0,"D",0,"D",0,"D",0,"D",9350,"D",17745,"D",0,"D",0,"D",18672,"D",8904,2257,8921.34,8895.63,2276.4,2247.78,17666.76,17666.76,121469,121469,121469.01,121469.01,0,0,0,0,0,0,0,0,102797,102797,0,0,8921.34,8895.63,8921.34,8895.63,7984,8088,45767,45767,0,0,0,0,0,0,0
"03297914",1,"2015","2014",2,0,0,"3",-0.4,-0.4,"34","D",0.0575,0.058,0,"D",0,"D",0,"D",0,"D",0,"D",15500,"D",0,"D",0,"D",0,"D",3000,"D",87,"D",0,"D",0,"D",3600,"D",0,202,0,0,203,201.25,0,0,15500,15500,15500.01,15500.01,0,0,0,0,0,0,0,0,15500,15500,0,0,0,0,0,0,12000,12000,6600,6600,0,0,0,0,0,0,0
"03297924",1,"2015","2014",0,0.153,0.153,"1",0.15,0.15,"33","D",0.0645,0.0645,1,"D",1,"D",30946,"D",0,"D",0,"D",0,"D",0,"D",0,"D",0,"D",1700,"D",0,"D",0,"D",0,"D",0,"D",2413,1155,2433.15,2403.15,1164.03,1149.81,4734.74,4734.74,30946,30946,30946.01,30946.01,0,0,0,0,0,0,0,0,30946,30946,0,0,2433.15,2403.15,2433.15,2403.15,7800,7900,0,0,0,0,0,0,0,0,0
"03297964",1,"2015","2014",2,0.153,0.153,"3",0.15,0.15,"19","D",0.034,0.034,0,"D",0,"D",47450,"D",0,"D",0,"D",0,"D",0,"D",0,"D",10428,"D",0,"D",0,"D",0,"D",2,"D",0,"D",1291,1352,1327.5,1272.5,1374.9,1341.1,7259.85,7259.85,47450,47450,47450.01,47450.01,2000,2000,0,0,0,0,0,0,47450,47450,0,0,3327.5,3272.5,3327.5,3272.5,0,0,0,0,0,0,0,0,0,0,0
"03297974",1,"2015","2014",1,0.153,0.153,"3",0.3098,0.3098,"39","D",0.0307,0.0307,0,"D",0,"D",34000,"D",0,"D",0,"D",0,"D",0,"D",0,"D",9600,"D",0,"D",0,"D",0,"D",0,"D",0,"D",1080,1044,1181.47,1028.83,1043.8,1043.8,5202,5202,34000,34000,34000.01,34000.01,0,0,0,0,0,0,721.03,826.17,34000,34000,0,0,1902.5,1855,1902.5,1855,0,0,0,0,0,0,0,0,0,0,0
"03297984",1,"2015","2014",0,0.153,0.153,"2",0.0765,0.0765,"14","D",0.0452,0.0577,0,"D",0,"D",14000,"D",0,"D",-875,"D",0,"D",10582,"D",0,"D",0,"D",4000,"D",590,"D",0,"D",0,"D",0,"D",-476,121,-460.81,-483.88,197.67,82.55,2142,2142,13125,13125,13125.01,13125.01,0,0,0,0,0,0,460.81,483.88,13125,13125,0,0,0,0,0,0,0,0,0,0,200,200,0,0,46.08,48.39,0
"03298014",1,"2015","2014",2,0,0,"3",-0.4,-0.4,"34","D",0,0,0,"D",0,"D",0,"D",0,"D",0,"D",0,"D",0,"D",0,"D",0,"D",1100,"D",0,"D",0,"D",0,"D",0,"D",0,0,0,0,0,0,0,0,0,0,0.01,0.01,0,0,0,0,0,0,0,0,0,0,0,0,0,0,0,0,12000,12000,1100,1100,0,0,0,0,0,0,0
"03298044",1,"2015","2014",1,0.153,0.153,"3",0.141,0.141,"05","D",0.06,0.06,0,"D",0,"D",67000,"D",0,"D",0,"D",0,"D",0,"D",0,"D",0,"D",2600,"D",45,"D",0,"D",0,"D",7808,"D",6469,1095,6482.37,6461.7,1114.54,1085.67,10251,10251,67000,67000,67000.01,67000.01,0,0,0,0,0,0,0,0,59192,59192,0,0,6482.37,6461.7,6482.37,6461.7,7984,8088,10453,10453,0,0,0,0,0,0,0
"03298064",1,"2015","2014",1,0.153,0.153,"2",0.1906,0.1905,"45","D",0.063,0.063,0,"D",0,"D",19000,"D",95000,"D",0,"D",0,"D",0,"D",0,"D",0,"D",1100,"D",610,"D",0,"D",1,"D",23068,"D",9153,4801,9176.99,9141.34,4808.73,4796.4,17442,17442,114000,114000,114000.01,114000.01,800,800,0,0,0,0,0,0,90932,90932,0,0,9976.99,9941.34,9976.99,9941.34,0,0,0,0,0,0,0,0,0,0,0
"03298084",1,"2015","2014",0,0.153,0.153,"2",0.1451,0.1451,"19","D",0.0329,0.0329,0,"D",0,"D",70000,"D",20000,"D",0,"D",0,"D",0,"D",0,"D",0,"D",600,"D",0,"D",0,"D",0,"D",10148,"D",9398,2515,9419.05,9387.68,2508.99,2517.87,13770,13770,90000,90000,90000.01,90000.01,0,0,0,0,0,0,0,0,79852,79852,0,0,9419.05,9387.68,9419.05,9387.68,0,0,0,0,0,0,0,0,0,0,0
"03298094",1,"2015","2014",0,0.153,0.153,"1",0.15,0.15,"22","D",0.0515,0.052,0,"D",0,"D",41000,"D",0,"D",0,"D",0,"D",0,"D",0,"D",9000,"D",0,"D",75,"D",0,"D",0,"D",100,"D",4154,1633,4173.75,4143.75,1643.2,1627.4,6273,6273,41000,41000,41000.01,41000.01,0,0,0,0,0,0,0,0,41000,41000,0,0,4173.75,4143.75,4173.75,4143.75,0,0,0,0,0,0,0,0,0,0,0
"03298094",2,"2015","2014",0,0.153,0.153,"1",0.25,0.25,"22","D",0.0515,0.052,0,"D",0,"D",55000,"D",0,"D",0,"D",0,"D",0,"D",0,"D",0,"D",0,"D",0,"D",0,"D",0,"D",0,"D",7002,2511,7068.75,6968.75,2527.2,2502.9,8415,8415,55000,55000,55000.01,55000.01,0,0,0,0,0,0,0,0,55000,55000,0,0,7068.75,6968.75,7068.75,6968.75,0,0,0,0,0,0,0,0,0,0,0
"03298104",1,"2015","2014",0,0,0,"1",0.15,0.15,"0","T",0,0,1,"D",1,"D",0,"D",0,"D",0,"D",37200,"D",11842,"D",0,"D",0,"D",0,"D",55,"D",0,"D",0,"D",1232,"D",4861,0,4881.11,4851.11,0,0,0,0,47265.7,47265.7,0,0,0,0,0,0,0,0,0,0,47265.7,47265.7,0,0,4881.11,4851.11,4881.11,4851.11,0,0,0,0,0,0,0,0,0,0,0
"03298134",1,"2015","2014",3,0.153,0.153,"3",-0.6,-0.6,"0","T",0,0,0,"D",0,"D",4800,"D",0,"D",0,"D",0,"D",0,"D",0,"D",6520,"D",0,"D",0,"D",0,"D",3,"D",0,"D",-2430,0,-2430,-2430,0,0,734.4,734.4,4800,4800,0,0,0,0,270,270,0,0,2160,2160,4800,4800,0,0,0,0,0,0,0,0,0,0,0,0,0,0,0,0,0
"03298134",3,"2015","2014",0,0,0,"1",-0.0765,-0.0765,"0","T",0,0,0,"D",0,"D",0,"D",0,"D",0,"D",0,"D",0,"D",0,"D",0,"D",0,"D",0,"D",0,"D",0,"D",0,"D",0,0,0,0,0,0,0,0,0,0,0,0,0,0,0,0,0,0,0,0,0,0,0,0,0,0,0,0,0,0,0,0,0,0,0,0,0,0,0
"03298154",1,"2015","2014",2,0.0773,0.0773,"2",0.35,0.35,"07","D",0.06,0.06,0,"D",0,"D",106000,"D",228786,"D",0,"D",0,"D",0,"D",0,"D",0,"D",16180,"D",1460,"D",0,"D",2,"D",12972,"D",74649,18587,75041.9,74451.9,18587.16,18587.16,38123.87,38309.87,334786,334786,334786.01,334786.01,0,0,0,0,0,0,0,0,321814,321814,8573.01,8661.69,66468.89,65790.21,66468.89,65790.21,0,0,0,0,0,0,0,0,0,0,0
"03298234",1,"2015","2014",0,0,0,"1",0,0,"0","T",0,0,1,"D",1,"D",0,"D",0,"D",0,"D",51,"D",11950,"D",0,"D",2508,"D",0,"D",0,"D",0,"D",0,"D",0,"D",0,0,0,0,0,0,0,0,51,51,0,0,0,0,0,0,0,0,0,0,51,51,0,0,0,0,0,0,0,0,0,0,0,0,0,0,0,0,0
"03298244",1,"2015","2014",0,0.153,0.153,"1",0.15,0.15,"50","D",0.0702,0.0702,0,"D",0,"D",45000,"D",0,"D",0,"D",0,"D",0,"D",0,"D",7140,"D",0,"D",0,"D",0,"D",0,"D",0,"D",4754,1896,4773.75,4743.75,1907.6,1890.08,6885,6885,45000,45000,45000.01,45000.01,0,0,0,0,0,0,0,0,45000,45000,0,0,4773.75,4743.75,4773.75,4743.75,6444,6643.65,0,0,0,0,0,0,0,0,0
"03298264",1,"2015","2014",2,0,0,"3",-0.4,-0.4,"05","D",0,0,0,"D",0,"D",0,"D",0,"D",0,"D",895,"D",0,"D",0,"D",0,"D",3000,"D",540,"D",0,"D",0,"D",8350,"D",0,0,0,0,0,0,0,0,895,895,895.01,895.01,0,0,0,0,0,0,0,0,895,895,0,0,0,0,0,0,7984,8088,11890,11890,0,0,0,0,0,0,0
"03298274",1,"2015","2014",3,0.153,0.153,"2",0.25,0.25,"44","D",0,0,0,"D",0,"D",103109,"D",42794,"D",0,"D",0,"D",0,"D",0,"D",0,"D",8000,"D",0,"D",0,"D",0,"D",0,"D",19992,0,20150.75,19913.25,0,0,22323.16,22323.16,145903,145903,0,0,0,0,0,0,0,0,0,0,145903,145903,0,0,20150.75,19913.25,20150.75,19913.25,0,0,0,0,0,0,0,0,0,0,0
"03298294",1,"2015","2014",2,0.029,0.029,"2",0.2686,0.2686,"03","D",0.0407,0.0407,0,"D",0,"D",0,"D",228786,"D",0,"D",0,"D",0,"D",0,"D",0,"D",3000,"D",3871,"D",160,"D",2,"D",20668,"D",37160,6601,37324.03,37077.68,6612.85,6594.43,21142.79,21328.79,228786,228786,228786.01,228786.01,0,0,0,0,0,0,0,0,208118,208118,0,0,37324.03,37077.68,37324.03,37077.68,10018,10182,34139.46,34121.07,0,0,0,0,0,0,0
"03298304",1,"2015","2014",1,0.153,0.153,"3",0.325,0.325,"24","D",0.0785,0.0785,0,"D",0,"D",52000,"D",0,"D",113483,"D",0,"D",0,"D",0,"D",0,"D",4900,"D",266,"D",0,"D",0,"D",12480,"D",28152,9469,28373.48,28041.98,9487.16,9460.22,7956,7956,165483,165483,165483.01,165483.01,0,0,0,0,0,0,0,0,153003,153003,1261.52,1101.98,27111.95,26940,27111.95,26940,0,0,27133.16,27106.22,0,0,0,0,0,0,0
"03298314",1,"2015","2014",1,0.153,0.153,"3",0.2598,0.2598,"50","D",0.0787,0.0787,0,"D",0,"D",27000,"D",0,"D",0,"D",0,"D",0,"D",0,"D",0,"D",0,"D",450,"D",0,"D",1,"D",0,"D",-1926,615,-1839.63,-1969.77,631.3,607.42,4131,4131,27000,27000,27000.01,27000.01,1000,975,0,25,0,0,1839.63,1944.77,27000,27000,0,0,1000,975,1000,975,10092.6,10371.05,0,0,0,0,0,0,73.59,77.79,0
"03298314",2,"2015","2014",0,0,0,"1",-0.0765,-0.0765,"50","D",0,0,0,"D",0,"D",0,"D",0,"D",0,"D",0,"D",0,"D",0,"D",0,"D",0,"D",0,"D",0,"D",0,"D",0,"D",0,0,0,0,0,0,0,0,0,0,0.01,0.01,0,0,0,0,0,0,0,0,0,0,0,0,0,0,0,0,10080,10249.92,0,0,0,0,0,0,0,0,0
"03298344",1,"2015","2014",2,0,0,"3",-0.4,-0.4,"45","D",0,0,0,"D",0,"D",0,"D",0,"D",7,"D",1200,"D",0,"D",0,"D",0,"D",1100,"D",121,"D",0,"D",0,"D",6056,"D",0,0,0,0,0,0,0,0,1207,1207,1207.01,1207.01,0,0,0,0,0,0,0,0,1207,1207,0,0,0,0,0,0,0,0,0,0,0,0,0,0,0,0,0
"03298414",1,"2015","2014",1,0.153,0.153,"2",0.15,0.15,"01","D",0.0387,0.0387,0,"D",0,"D",0,"D",52000,"D",0,"D",0,"D",16800,"D",0,"D",0,"D",300,"D",156,"D",0,"D",0,"D",2484,"D",5352,1732,5397,5329.5,1729.25,1732.63,7956,7956,66280,66280,52000.01,52000.01,0,0,0,0,0,0,0,0,66280,66280,0,0,5397,5329.5,5397,5329.5,4000,4000,6918,6918,0,0,0,0,0,0,0
"03298444",1,"2015","2014",0,0.153,0.153,"1",0.15,0.15,"06","D",0.0463,0.0463,0,"D",0,"D",35000,"D",0,"D",0,"D",0,"D",0,"D",0,"D",8400,"D",0,"D",325,"D",0,"D",0,"D",0,"D",3254,1137,3273.75,3243.75,1150.56,1130.61,5355,5355,35000,35000,0,0,0,0,0,0,0,0,0,0,35000,35000,0,0,3273.75,3243.75,3273.75,3243.75,0,0,0,0,0,0,0,0,0,0,0
"03298484",1,"2015","2014",0,0,0,"2",0.1819,0.1819,"39","D",0.0307,0.0307,0,"D",0,"D",0,"D",0,"D",969,"D",44265,"D",24159,"D",0,"D",0,"D",7200,"D",0,"D",0,"D",0,"D",31728,"D",1427,1389,1433.38,1423.38,1388.68,1388.68,0,0,62550.48,62550.48,45234.01,45234.01,0,0,0,0,0,0,0,0,30822.48,30822.48,0,0,1433.38,1423.38,1433.38,1423.38,0,0,0,0,0,0,0,0,0,0,0
"03298494",1,"2015","2014",0,0.153,0.153,"2",0.15,0.15,"05","D",0.08,0.08,0,"D",0,"D",42000,"D",52000,"D",-3900,"D",0,"D",0,"D",0,"D",9300,"D",0,"D",97,"D",0,"D",0,"D",0,"D",9523,2655,9562.5,9502.5,2693.49,2635.64,14382,14382,90100,90100,90100.01,90100.01,0,0,0,0,0,0,0,0,90100,90100,0,0,9562.5,9502.5,9562.5,9502.5,7984,8088,97,97,0,0,0,0,0,0,0
"03298524",1,"2015","2014",0,0,0,"1",-0.0765,-0.0765,"22","D",-0.0115,-0.0115,0,"D",0,"D",0,"D",0,"D",0,"D",0,"D",16330,"D",0,"D",5100,"D",0,"D",0,"D",0,"D",0,"D",0,"D",0,0,0,0,0,0,0,0,0,0,0.01,0.01,0,0,0,0,0,0,0,0,0,0,0,0,0,0,0,0,0,0,0,0,0,0,0,0,0,0,0
"03298534",1,"2015","2014",0,0,0,"1",0,0,"44","D",0,0,1,"D",1,"D",0,"D",0,"D",0,"D",0,"D",12150,"D",0,"D",0,"D",500,"D",0,"D",0,"D",0,"D",0,"D",0,0,0,0,0,0,0,0,0,0,0,0,0,0,0,0,0,0,0,0,0,0,0,0,0,0,0,0,0,0,0,0,0,0,0,0,0,0,0
"03298564",1,"2015","2014",0,0.153,0.153,"1",0.2427,0.2427,"19","D",0.0291,0.0291,0,"D",0,"D",50000,"D",0,"D",0,"D",0,"D",0,"D",0,"D",0,"D",650,"D",2940,"D",0,"D",0,"D",2940,"D",5339,1390,5390.12,5313.42,1385.81,1392.61,7650,7650,50000,50000,50000.01,50000.01,0,0,0,0,0,0,0,0,47060,47060,0,0,5390.12,5313.42,5390.12,5313.42,0,0,0,0,0,0,0,0,0,0,0
"03298614",1,"2015","2014",0,0,0,"1",0.175,0.175,"10","D",0,0,1,"D",1,"D",0,"D",0,"D",0,"D",16485,"D",0,"D",0,"D",0,"D",30,"D",0,"D",0,"D",0,"D",0,"D",392,0,402.38,387.38,0,0,0,0,16485,16485,0,0,0,0,0,0,0,0,0,0,16485,16485,0,0,478.5,463.5,478.5,463.5,0,0,0,0,0,0,0,0,0,0,0
"03298614",2,"2015","2014",0,0,0,"1",-0.0765,-0.0765,"10","D",0,0,0,"D",0,"D",0,"D",0,"D",0,"D",0,"D",12811,"D",0,"D",0,"D",0,"D",0,"D",0,"D",0,"D",0,"D",0,0,0,0,0,0,0,0,0,0,0,0,0,0,0,0,0,0,0,0,0,0,0,0,0,0,0,0,0,0,0,0,0,0,0,0,0,0,0
"03298634",1,"2015","2014",3,0.153,0.153,"3",0.15,0.15,"18","D",0.058,0.058,0,"D",0,"D",60422,"D",0,"D",0,"D",0,"D",0,"D",0,"D",9000,"D",0,"D",504,"D",0,"D",1,"D",0,"D",3639,3140,3680.8,3618.3,3141.28,3138.96,9244.57,9244.57,60422,60422,60422.01,60422.01,1000,1000,0,0,0,0,0,0,60422,60422,0,0,4680.8,4618.3,4680.8,4618.3,2400,2440,504,504,0,0,0,0,0,0,0
"03298674",1,"2015","2014",0,0.153,0.153,"1",0.25,0.25,"44","D",0,0,0,"D",0,"D",51000,"D",0,"D",0,"D",0,"D",0,"D",0,"D",11364,"D",0,"D",84,"D",0,"D",0,"D",300,"D",6002,0,6068.75,5968.75,0,0,7803,7803,51000,51000,0,0,0,0,0,0,0,0,0,0,51000,51000,0,0,6068.75,5968.75,6068.75,5968.75,0,0,0,0,0,0,0,0,0,0,0
"03298714",1,"2015","2014",1,0.153,0.153,"2",0.15,0.15,"0","T",0,0,0,"D",0,"D",80000,"D",0,"D",-16000,"D",0,"D",0,"D",0,"D",13200,"D",0,"D",4664,"D",0,"D",1,"D",240,"D",4010,0,4055,3987.5,0,0,12240,12240,64000,64000,0,0,1000,1000,0,0,0,0,0,0,64000,64000,0,0,5055,4987.5,5055,4987.5,0,0,0,0,0,0,0,0,0,0,0
"03298734",1,"2015","2014",1,0.153,0.153,"2",0.15,0.15,"36","D",0.0316,0.0324,0,"D",0,"D",28000,"D",42000,"D",0,"D",0,"D",0,"D",0,"D",0,"D",1100,"D",50,"D",0,"D",1,"D",5524,"D",4910,1570,4955,4887.5,1639.27,1535.94,10710,10710,70000,70000,70000.01,70000.01,1000,1000,0,0,0,0,0,0,70000,70000,0,0,5955,5887.5,5955,5887.5,0,0,0,0,0,0,0,0,0,0,0
"03298744",1,"2015","2014",0,0.153,0.153,"2",0.35,0.35,"39","D",0.0307,0.0307,0,"D",0,"D",108813,"D",108750,"D",0,"D",96696,"D",0,"D",0,"D",0,"D",7000,"D",1550,"D",0,"D",0,"D",4932,"D",70278,9648,70671.45,70081.45,9647.75,9647.75,33287.14,33287.14,314259,314259,314259.01,314259.01,0,0,0,0,0,0,0,0,309327,309327,1018.07,984.58,69653.38,69096.87,69653.38,69096.87,0,0,0,0,0,0,0,0,0,0,0
"03298764",1,"2015","2014",0,0,0,"1",0.2692,0.2692,"26","D",0.0554,0.0554,1,"D",1,"D",0,"D",0,"D",6000,"D",30000,"D",17062,"D",0,"D",0,"D",8000,"D",0,"D",0,"D",0,"D",0,"D",5061,669,5071.1,5056.1,669,669,0,0,49451.35,49451.35,49451.37,49451.37,0,0,0,0,0,0,0,0,49451.35,49451.35,0,0,5071.1,5056.1,5071.1,5056.1,0,0,8000,8000,0,0,0,0,0,0,0
"03298814",1,"2015","2014",2,0.153,0.153,"2",-0.4,-0.4,"03","D",0,0,0,"D",0,"D",0,"D",12046,"D",0,"D",0,"D",0,"D",0,"D",3600,"D",0,"D",14,"D",0,"D",0,"D",0,"D",-4818,-100,-4818.4,-4818.4,-100,-100,1843.04,1843.04,12046,12046,12046.01,12046.01,0,0,0,0,0,0,4818.4,4818.4,12046,12046,0,0,0,0,0,0,10018,10182,299.15,299.15,0,0,0,0,0,0,0
"03298824",1,"2015","2014",0,0,0,"1",0,0,"36","D",0,0,1,"D",1,"D",0,"D",0,"D",0,"D",1239,"D",0,"D",0,"D",0,"D",1200,"D",0,"D",0,"D",0,"D",0,"D",0,0,0,0,0,0,0,0,1239,1239,1239.01,1239.01,0,0,0,0,0,0,0,0,1239,1239,0,0,0,0,0,0,0,0,0,0,0,0,0,0,0,0,0
"03298834",1,"2015","2014",0,0.153,0.153,"1",-0.0765,-0.0765,"36","D",0,0,0,"D",0,"D",6200,"D",0,"D",65,"D",0,"D",0,"D",0,"D",0,"D",0,"D",0,"D",0,"D",0,"D",0,"D",-474,0,-474.3,-474.3,0,0,948.6,948.6,6265,6265,6265.01,6265.01,0,0,0,0,0,0,474.3,474.3,6265,6265,0,0,0,0,0,0,0,0,0,0,0,0,0,0,0,0,0
"03298844",1,"2015","2014",0,0.153,0.153,"1",0.15,0.15,"07","D",0.09,0.09,0,"D",0,"D",32000,"D",0,"D",7200,"D",0,"D",0,"D",0,"D",14400,"D",0,"D",0,"D",0,"D",0,"D",0,"D",3884,1391,3903.75,3873.75,1390.5,1390.5,4896,4896,39200,39200,39200.01,39200.01,0,0,0,0,0,0,0,0,39200,39200,0,0,3903.75,3873.75,3903.75,3873.75,0,0,0,0,0,0,0,0,0,0,0
"03298854",1,"2015","2014",2,0.153,0.153,"2",0,0,"34","D",0.0575,0.058,0,"D",0,"D",18496,"D",0,"D",0,"D",0,"D",0,"D",0,"D",0,"D",500,"D",0,"D",0,"D",1,"D",48,"D",-6519,77,-6460,-6548,77.77,76.02,2829.89,2829.89,18496,18496,18496.01,18496.01,0,0,1000,1000,0,0,5460,5548,18496,18496,0,0,0,0,0,0,15000,15000,548,548,0,0,0,0,0,0,0
"03298884",1,"2015","2014",0,0.153,0.153,"1",0.225,0.225,"31","D",0.064,0.014,1,"D",0,"D",20800,"D",0,"D",0,"D",0,"D",19368,"D",0,"D",8400,"D",0,"D",0,"D",0,"D",0,"D",0,"D",1380,-97,1555.05,1292.55,127.2,-208.8,3182.4,3182.4,23542,23542,20800.01,20800.01,0,0,0,0,0,0,0,0,23542,23542,0,0,1555.05,1292.55,1555.05,1292.55,0,0,0,0,0,0,0,0,0,0,0
"03298894",1,"2015","2014",0,0,0,"1",0.15,0.15,"05","D",0,0,1,"D",1,"D",0,"D",0,"D",0,"D",12000,"D",26242,"D",0,"D",0,"D",1200,"D",65,"D",0,"D",0,"D",3200,"D",26,0,36.05,21.05,0,0,0,0,12060.5,12060.5,12000.01,12000.01,0,0,0,0,0,0,0,0,12060.5,12060.5,0,0,36.05,21.05,36.05,21.05,3992,4044,4465,4465,0,0,0,0,0,0,0
"03298904",1,"2015","2014",3,0.153,0.153,"2",0.2267,0.2267,"05","D",0.093,0.093,1,"D",1,"D",102658,"D",56846,"D",0,"D",0,"D",2700,"D",0,"D",0,"D",1800,"D",6166,"D",0,"D",2,"D",0,"D",23177,7726,23286.76,23121.61,7785.94,7696.56,24404.11,24404.11,161799,161799,159504.01,159504.01,0,0,0,0,0,0,0,0,161799,161799,0,0,23286.76,23121.61,23286.76,23121.61,7984,8088,7966,7966,0,0,0,0,0,0,0
"03298924",1,"2015","2014",0,0.153,0.153,"1",0,0,"23","D",0.06,0.06,0,"D",0,"D",8000,"D",0,"D",0,"D",0,"D",0,"D",0,"D",0,"D",2900,"D",0,"D",0,"D",0,"D",4304,"D",-501,-1145,-496,-503,-1144.74,-1145.16,1224,1224,8000,8000,8000.01,8000.01,0,0,0,0,0,0,496,503,8000,8000,0,0,0,0,0,0,0,0,0,0,1200,1200,0,0,29.76,30.18,0
"03298934",1,"2015","2014",0,0.153,0.153,"2",0.15,0.15,"33","D",0.04,0.04,2,"D",2,"D",32223,"D",0,"D",0,"D",0,"D",14263,"D",0,"D",0,"D",900,"D",0,"D",0,"D",0,"D",0,"D",1293,658,1320.03,1280.03,662.92,654.92,4930.12,4930.12,35900.25,35900.25,32223.01,32223.01,0,0,0,0,0,0,0,0,35900.25,35900.25,0,0,1320.03,1280.03,1320.03,1280.03,15650,15850,0,0,0,0,0,0,0,0,0
"03298944",1,"2015","2014",2,0.029,0.029,"2",0.2671,0.2663,"36","D",0.046,0.0491,1,"D",0,"D",0,"D",228786,"D",-18000,"D",600,"D",4844,"D",0,"D",0,"D",5000,"D",3780,"D",0,"D",1,"D",15932,"D",33855,7937,33910.19,33826.74,8337.14,7736.97,21142.79,21328.79,215503.4,215503.4,211386.01,211386.01,0,0,0,0,0,0,0,0,199571.4,199571.4,0,0,33910.19,33826.74,33910.19,33826.74,0,0,0,0,0,0,0,0,0,0,0
"03298944",2,"2015","2014",2,0,0,"3",-0.4,-0.4,"36","D",0,0,0,"D",0,"D",0,"D",0,"D",0,"D",0,"D",0,"D",0,"D",0,"D",0,"D",0,"D",0,"D",1,"D",0,"D",0,0,0,0,0,0,0,0,0,0,0.01,0.01,0,0,0,0,0,0,0,0,0,0,0,0,0,0,0,0,0,0,0,0,0,0,0,0,0,0,0
"03298954",1,"2015","2014",2,0.153,0.153,"2",0.3,0.3,"36","D",0.0444,0.046,0,"D",0,"D",60000,"D",60000,"D",-4155,"D",0,"D",0,"D",0,"D",0,"D",2500,"D",60,"D",0,"D",2,"D",60,"D",11766,3322,11916,11691,3467.41,3248.95,18360,18360,115845,115845,115845.01,115845.01,1707.75,1707.75,0,0,0,0,0,0,115845,115845,0,0,13623.75,13398.75,13623.75,13398.75,0,0,0,0,0,0,0,0,0,0,0
"03298964",1,"2015","2014",0,0.153,0.153,"2",0.1431,0.1431,"06","D",0.0463,0.0463,0,"D",0,"D",6700,"D",45000,"D",-2787,"D",0,"D",0,"D",0,"D",0,"D",1800,"D",250,"D",0,"D",0,"D",12632,"D",2843,1192,2859.28,2835.38,1219.13,1178.5,7910.1,7910.1,48913,48913,0,0,0,0,0,0,0,0,0,0,36281,36281,0,0,2859.28,2835.38,2859.28,2835.38,0,0,0,0,0,0,0,0,0,0,0
"03298964",2,"2015","2014",0,0.153,0.153,"1",0.15,0.15,"06","D",0.0463,0.0463,0,"D",0,"D",26767,"D",0,"D",0,"D",0,"D",0,"D",0,"D",0,"D",0,"D",0,"D",0,"D",0,"D",0,"D",2019,756,2038.8,2008.8,769.37,749.42,4095.35,4095.35,26767,26767,0,0,0,0,0,0,0,0,0,0,26767,26767,0,0,2038.8,2008.8,2038.8,2008.8,0,0,0,0,0,0,0,0,0,0,0
"03298974",1,"2015","2014",2,0.153,0.153,"2",0.3106,0.3106,"44","D",0,0,0,"D",0,"D",43000,"D",0,"D",-74,"D",0,"D",0,"D",0,"D",0,"D",800,"D",0,"D",0,"D",2,"D",680,"D",-1970,0,-1830.16,-2040.29,0,0,6579,6579,42926,42926,0,0,1472.6,1432.6,527.4,567.4,0,0,1302.76,1472.89,42926,42926,0,0,1472.6,1432.6,1472.6,1432.6,0,0,0,0,0,0,0,0,0,0,0
"03299004",1,"2015","2014",0,0.153,0.153,"2",0.25,0.25,"39","D",0.0307,0.0307,0,"D",0,"D",72000,"D",60000,"D",0,"D",0,"D",0,"D",0,"D",0,"D",1100,"D",343,"D",0,"D",0,"D",4604,"D",19504,4052,19637.5,19437.5,4052.4,4052.4,20196,20196,132000,132000,132000.01,132000.01,0,0,0,0,0,0,0,0,132000,132000,0,0,19637.5,19437.5,19637.5,19437.5,0,0,0,0,0,0,0,0,0,0,0
"03299004",2,"2015","2014",0,0.153,0.153,"1",0.1,0.1,"39","D",0.0307,0.0307,0,"D",0,"D",15785,"D",0,"D",0,"D",0,"D",0,"D",0,"D",0,"D",0,"D",0,"D",0,"D",0,"D",0,"D",554,485,563.5,548.5,484.6,484.6,2415.1,2415.1,15785,15785,15785.01,15785.01,0,0,0,0,0,0,0,0,15785,15785,0,0,563.5,548.5,563.5,548.5,0,0,0,0,0,0,0,0,0,0,0
"03299024",1,"2015","2014",0,0.153,0.153,"2",0.15,0.15,"39","D",0.0307,0.0307,1,"D",1,"D",17000,"D",34333,"D",17632,"D",0,"D",25296,"D",0,"D",0,"D",2500,"D",80,"D",0,"D",0,"D",0,"D",9392,2117,9437.49,9369.99,2117.23,2117.23,7853.95,7853.95,90466.6,90466.6,68965.01,68965.01,0,0,0,0,0,0,0,0,90466.6,90466.6,0,0,9437.49,9369.99,9437.49,9369.99,0,0,0,0,0,0,0,0,0,0,0
"03299074",1,"2015","2014",0,0,0,"1",0,0,"44","D",0,0,1,"D",1,"D",0,"D",0,"D",0,"D",0,"D",28762,"D",0,"D",0,"D",1800,"D",0,"D",0,"D",0,"D",0,"D",0,0,0,0,0,0,0,0,0,0,0,0,0,0,0,0,0,0,0,0,0,0,0,0,0,0,0,0,0,0,0,0,0,0,0,0,0,0,0
"03299094",1,"2015","2014",1,0.153,0.153,"3",0,0,"33","D",0.04,0.04,0,"D",0,"D",13131,"D",0,"D",0,"D",0,"D",0,"D",0,"D",4352,"D",0,"D",0,"D",0,"D",1,"D",0,"D",-4341,-1289,-4305,-4359,-1274.26,-1296.46,2009.04,2009.04,13131,13131,13131.01,13131.01,0,0,1000,1000,0,0,3305,3359,13131,13131,0,0,0,0,0,0,10950,11100,0,0,0,0,0,0,944.26,966.46,0
"03299094",2,"2015","2014",0,0.153,0.153,"1",0.15,0.15,"33","D",0.06,0.06,0,"D",0,"D",23642,"D",0,"D",0,"D",0,"D",0,"D",0,"D",0,"D",0,"D",0,"D",0,"D",0,"D",0,"D",1550,671,1570.05,1540.05,678.56,667.59,3617.23,3617.23,23642,23642,23642.01,23642.01,0,0,0,0,0,0,0,0,23642,23642,0,0,1570.05,1540.05,1570.05,1540.05,7800,7900,0,0,0,0,0,0,0,0,0
"03299104",1,"2015","2014",0,0.153,0.153,"1",0.15,0.15,"0","T",0,0,0,"D",0,"D",46891,"D",0,"D",0,"D",0,"D",0,"D",0,"D",0,"D",1800,"D",0,"D",0,"D",0,"D",1468,"D",5037,0,5057.4,5027.4,0,0,7174.32,7174.32,46891,46891,0,0,0,0,0,0,0,0,0,0,46891,46891,0,0,5057.4,5027.4,5057.4,5027.4,0,0,0,0,0,0,0,0,0,0,0
"03299124",1,"2015","2014",0,0.153,0.153,"1",0,0,"33","D",0,0,1,"D",1,"D",600,"D",0,"D",0,"D",0,"D",0,"D",0,"D",0,"D",5000,"D",60,"D",0,"D",0,"D",1894,"D",0,-375,0,0,-375,-375,91.8,91.8,600,600,600.01,600.01,0,0,0,0,0,0,0,0,600,600,0,0,0,0,0,0,7800,7900,0,0,375,375,0,0,0,0,0
"03299134",1,"2015","2014",0,0.153,0.153,"1",0.2356,0.2355,"34","D",0.0575,0.058,0,"D",0,"D",64516,"D",0,"D",0,"D",0,"D",0,"D",0,"D",0,"D",3400,"D",250,"D",0,"D",0,"D",0,"D",9213,3288,9258.52,9190.65,3306.93,3278.42,9870.95,9870.95,64516,64516,64516.01,64516.01,0,0,0,0,0,0,0,0,64516,64516,0,0,9258.52,9190.65,9258.52,9190.65,7500,7500,3400,3400,0,0,0,0,0,0,0
"03299154",1,"2015","2014",0,0,0,"1",0.25,0.25,"15","D",0.033,0.034,1,"D",1,"D",0,"D",0,"D",0,"D",50400,"D",24262,"D",0,"D",0,"D",2600,"D",50,"D",0,"D",0,"D",160,"D",10620,1530,10686.93,10586.93,1560.6,1514.7,0,0,71022.7,71022.7,50400.01,50400.01,0,0,0,0,0,0,0,0,71022.7,71022.7,0,0,10686.93,10586.93,10686.93,10586.93,0,0,0,0,0,0,0,0,0,0,0
"03299154",2,"2015","2014",0,0,0,"1",0,-0.0765,"15","D",0,0,1,"D",0,"D",0,"D",0,"D",0,"D",0,"D",0,"D",0,"D",0,"D",0,"D",0,"D",0,"D",0,"D",0,"D",0,-67,0,0,0,-100,0,0,0,0,0.01,0.01,0,0,0,0,0,0,0,0,0,0,0,0,0,0,0,0,0,0,0,0,0,0,0,0,0,0,0
"03299164",1,"2015","2014",2,0,0,"3",-0.4,-0.4,"44","D",0,0,0,"D",0,"D",0,"D",0,"D",0,"D",0,"D",0,"D",0,"D",0,"D",3000,"D",0,"D",0,"D",0,"D",600,"D",0,0,0,0,0,0,0,0,0,0,0,0,0,0,0,0,0,0,0,0,0,0,0,0,0,0,0,0,0,0,0,0,0,0,0,0,0,0,0
"03299184",1,"2015","2014",3,0.0817,0.0817,"2",0.325,0.325,"22","D",0.0515,0.052,0,"D",0,"D",96000,"D",130000,"D",0,"D",0,"D",0,"D",0,"D",0,"D",6900,"D",300,"D",0,"D",3,"D",19428,"D",35288,10488,35617.4,35123.4,10556,10454.5,32966,33152,226000,226000,226000.01,226000.01,0,0,0,0,0,0,0,0,206572,206572,1031.92,775,34585.48,34348.4,34585.48,34348.4,0,0,0,0,0,0,0,0,0,0,0
"03299194",1,"2015","2014",2,0.153,0.153,"2",0.2775,0.2775,"18","D",0.058,0.058,0,"D",0,"D",0,"D",46000,"D",0,"D",0,"D",29302,"D",0,"D",0,"D",0,"D",300,"D",0,"D",2,"D",0,"D",2736,2303,2785.5,2710.5,2304.8,2302.48,7038,7038,66153.35,66153.35,46000.01,46000.01,2000,2000,0,0,0,0,0,0,66153.35,66153.35,0,0,4785.5,4710.5,4785.5,4710.5,2400,2440,300,300,0,0,0,0,0,0,0
"03299214",1,"2015","2014",1,0.153,0.153,"2",0.1598,0.2598,"33","D",0.0879,0.0879,0,"D",0,"D",24500,"D",0,"D",0,"D",0,"D",0,"D",0,"D",16200,"D",0,"D",0,"D",0,"D",0,"D",0,"D",-3176,-747,-3081.85,-3223.17,-718.05,-760.95,3748.5,3748.5,24500,24500,24500.01,24500.01,0,0,0,0,0,0,3106.85,3223.17,24500,24500,0,0,25,0,25,0,15650,15850,0,0,0,0,0,0,859.39,894.28,0
"03299234",1,"2015","2014",2,0.153,0.153,"2",0.3106,0.3106,"0","T",0,0,0,"D",0,"D",13959,"D",18190,"D",0,"D",0,"D",0,"D",0,"D",0,"D",1600,"D",962,"D",0,"D",2,"D",1440,"D",-5333,0,-5193.08,-5403.21,0,0,4918.8,4918.8,32149,32149,0,0,394.9,354.9,1605.1,1645.1,0,0,3587.98,3758.11,32149,32149,0,0,394.9,354.9,394.9,354.9,0,0,0,0,0,0,0,0,0,0,0
"03299264",1,"2015","2014",4,0.153,0.153,"3",0.3106,0.3106,"10","D",0,0,0,"D",0,"D",36356,"D",0,"D",0,"D",0,"D",0,"D",0,"D",0,"D",40,"D",0,"D",0,"D",3,"D",4352,"D",-4628,0,-4490.82,-4697.22,0,0,5562.47,5562.47,36356,36356,0,0,750.6,710.6,2249.4,2289.4,0,0,2241.42,2407.82,36356,36356,0,0,750.6,710.6,750.6,710.6,0,0,0,0,0,0,0,0,0,0,0
"03299394",1,"2015","2014",0,0.153,0.153,"1",0.2484,0.2484,"48","D",0,0,0,"D",0,"D",80065,"D",0,"D",-10858,"D",0,"D",0,"D",0,"D",0,"D",2600,"D",12,"D",0,"D",0,"D",15184,"D",7458,0,7507.6,7432.6,0,0,12249.94,12249.94,69207,69207,0,0,0,0,0,0,0,0,0,0,54023,54023,0,0,7507.6,7432.6,7507.6,7432.6,0,0,0,0,0,0,0,0,0,0,0
"03299404",1,"2015","2014",0,0.153,0.153,"1",0.15,0.15,"25","D",0.05,0.05,0,"D",0,"D",34000,"D",0,"D",0,"D",0,"D",0,"D",0,"D",0,"D",0,"D",0,"D",0,"D",0,"D",3000,"D",3104,1100,3123.75,3093.75,1100,1100,5202,5202,34000,34000,34000.01,34000.01,0,0,0,0,0,0,0,0,34000,34000,0,0,3123.75,3093.75,3123.75,3093.75,2300,2300,3000,3000,0,0,0,0,0,0,0
"03299414",1,"2015","2014",2,0,0,"3",-0.4,-0.4,"29","D",0,0,0,"D",0,"D",0,"D",0,"D",0,"D",400,"D",2132,"D",0,"D",14400,"D",0,"D",253,"D",0,"D",1,"D",1303,"D",0,0,0,0,0,0,0,0,400,400,0,0,0,0,0,0,0,0,0,0,400,400,0,0,0,0,0,0,0,0,0,0,0,0,0,0,0,0,0
"03299434",1,"2015","2014",2,0,0,"3",-0.4,-0.4,"0","T",0,0,0,"D",0,"D",0,"D",0,"D",0,"D",0,"D",9744,"D",0,"D",0,"D",350,"D",1,"D",0,"D",2,"D",2464,"D",0,0,0,0,0,0,0,0,0,0,0,0,0,0,0,0,0,0,0,0,0,0,0,0,0,0,0,0,0,0,0,0,0,0,0,0,0,0,0
"03299444",1,"2015","2014",1,0.038,0.038,"2",0.3605,0.3605,"02","D",0,0,0,"D",0,"D",228786,"D",228786,"D",0,"D",0,"D",0,"D",0,"D",0,"D",4000,"D",250,"D",0,"D",0,"D",35148,"D",115395,0,115764.53,115210.11,0,0,44153.74,44525.74,457572,457572,0,0,0,0,0,0,0,0,0,0,422424,422424,0,0,115764.53,115210.11,115764.53,115210.11,0,0,0,0,0,0,0,0,0,0,0
"03299464",1,"2015","2014",2,0,0,"3",0.15,0.15,"03","D",0.0259,0.0259,0,"D",0,"D",0,"D",0,"D",36000,"D",0,"D",0,"D",0,"D",0,"D",2100,"D",1160,"D",0,"D",0,"D",4280,"D",1573,442,1610,1555,445.01,440.77,0,0,36000,36000,36000.01,36000.01,0,0,0,0,0,0,0,0,36000,36000,0,0,1610,1555,1610,1555,10018,10182,7985.01,7980.77,0,0,0,0,0,0,0
"03299484",1,"2015","2014",2,0.153,0.153,"2",0.3106,0.3106,"0","T",0,0,0,"D",0,"D",15001,"D",22000,"D",0,"D",0,"D",0,"D",0,"D",0,"D",300,"D",450,"D",0,"D",0,"D",3584,"D",-1826,0,-1686.05,-1896.18,0,0,5661.15,5661.15,37001,37001,0,0,0,0,0,0,0,0,2566.15,2736.28,37001,37001,0,0,880.1,840.1,880.1,840.1,0,0,0,0,0,0,0,0,0,0,0
"03299504",1,"2015","2014",1,0.153,0.153,"3",0.2598,0.2598,"28","D",0.0511,0.0511,0,"D",0,"D",26520,"D",0,"D",0,"D",0,"D",0,"D",0,"D",9840,"D",0,"D",215,"D",0,"D",0,"D",0,"D",-1051,91,-964.34,-1094.47,105.01,84.29,4057.56,4057.56,26520,26520,26520.01,26520.01,0,0,0,0,0,0,1916.34,2021.47,26520,26520,0,0,952,927,952,927,9100,9250,0,0,0,0,0,0,191.63,202.15,0
"03299514",1,"2015","2014",2,0.153,0.153,"3",0.3106,0.3106,"44","D",0,0,0,"D",0,"D",30000,"D",0,"D",0,"D",0,"D",0,"D",0,"D",12000,"D",0,"D",0,"D",0,"D",0,"D",0,"D",-2116,0,-1992,-2177.39,0,0,4590,4590,30000,30000,0,0,0,0,0,0,0,0,2897,3052.39,30000,30000,0,0,905,875,905,875,0,0,0,0,0,0,0,0,0,0,0
"03299564",1,"2015","2014",1,0.153,0.153,"2",0.15,0.15,"0","T",0,0,0,"D",0,"D",0,"D",48500,"D",-4849,"D",0,"D",0,"D",0,"D",9000,"D",0,"D",0,"D",0,"D",1,"D",0,"D",958,0,1002.65,935.15,0,0,7420.5,7420.5,43651,43651,0,0,1000,1000,0,0,0,0,0,0,43651,43651,0,0,2002.65,1935.15,2002.65,1935.15,0,0,0,0,0,0,0,0,0,0,0
"03299574",1,"2015","2014",0,0.153,0.153,"1",0.25,0.25,"44","D",0,0,0,"D",0,"D",71000,"D",0,"D",-9236,"D",0,"D",0,"D",0,"D",0,"D",1300,"D",0,"D",0,"D",0,"D",2148,"D",8693,0,8759.75,8659.75,0,0,10863,10863,61764,61764,0,0,0,0,0,0,0,0,0,0,61764,61764,0,0,8759.75,8659.75,8759.75,8659.75,0,0,0,0,0,0,0,0,0,0,0
"03299604",1,"2015","2014",2,0.153,0.153,"2",0.15,0.15,"45","D",0.063,0.063,0,"D",0,"D",64000,"D",9660,"D",-580,"D",0,"D",0,"D",0,"D",0,"D",1600,"D",1091,"D",0,"D",1,"D",6104,"D",4775,2778,4824.5,4749.5,2795.7,2769.12,11269.98,11269.98,73080,73080,73080.01,73080.01,1000,1000,0,0,0,0,0,0,73080,73080,0,0,5824.5,5749.5,5824.5,5749.5,0,0,0,0,0,0,0,0,0,0,0
"03299624",1,"2015","2014",0,0.153,0.153,"1",0.25,0.25,"44","D",0,0,0,"D",0,"D",55000,"D",0,"D",-1500,"D",0,"D",0,"D",0,"D",0,"D",2000,"D",0,"D",0,"D",0,"D",0,"D",6627,0,6693.75,6593.75,0,0,8415,8415,53500,53500,0,0,0,0,0,0,0,0,0,0,53500,53500,0,0,6693.75,6593.75,6693.75,6593.75,0,0,0,0,0,0,0,0,0,0,0
"03299624",2,"2015","2014",0,0.153,0.153,"1",0.1,0.1,"44","D",0,0,0,"D",0,"D",16967,"D",0,"D",0,"D",0,"D",0,"D",0,"D",0,"D",0,"D",0,"D",0,"D",0,"D",0,"D",672,0,681.7,666.7,0,0,2595.95,2595.95,16967,16967,0,0,0,0,0,0,0,0,0,0,16967,16967,0,0,681.7,666.7,681.7,666.7,0,0,0,0,0,0,0,0,0,0,0
"03299624",3,"2015","2014",0,0.153,0.153,"1",0.1765,0.1765,"44","D",0,0,0,"D",0,"D",13001,"D",0,"D",0,"D",0,"D",0,"D",0,"D",0,"D",0,"D",0,"D",0,"D",0,"D",0,"D",141,0,163.26,130.55,0,0,1989.15,1989.15,13001,13001,0,0,0,0,0,0,0,0,121.84,139.55,13001,13001,0,0,285.1,270.1,285.1,270.1,0,0,0,0,0,0,0,0,0,0,0
"03299654",1,"2015","2014",0,0,0,"1",0,0,"0","T",0,0,1,"D",1,"D",0,"D",0,"D",0,"D",957,"D",18538,"D",0,"D",0,"D",400,"D",1950,"D",0,"D",0,"D",8586,"D",0,0,0,0,0,0,0,0,957,957,0,0,0,0,0,0,0,0,0,0,957,957,0,0,0,0,0,0,0,0,0,0,0,0,0,0,0,0,0
"03299704",1,"2015","2014",0,0.0727,0.0727,"2",0.35,0.35,"34","D",0.0575,0.058,0,"D",0,"D",88907,"D",228786,"D",0,"D",0,"D",0,"D",0,"D",0,"D",5800,"D",20481,"D",0,"D",0,"D",15976,"D",67615,17167,68007.95,67417.95,17266.19,17117.35,35354.8,35540.8,317693,317693,317693.01,317693.01,0,0,0,0,0,0,0,0,301717,301717,9125.57,9042.06,58882.38,58375.89,58882.38,58375.89,15000,15000,20000,20000,0,0,0,0,0,0,0
"03299764",1,"2015","2014",0,0,0,"1",0,0,"19","D",0,0,1,"D",1,"D",0,"D",0,"D",1167,"D",0,"D",12125,"D",0,"D",0,"D",1500,"D",0,"D",0,"D",0,"D",0,"D",0,0,0,0,0,0,0,0,1167,1167,1167.01,1167.01,0,0,0,0,0,0,0,0,1167,1167,0,0,0,0,0,0,0,0,0,0,0,0,0,0,0,0,0
"03299774",1,"2015","2014",0,0.153,0.153,"2",0.0765,0.0765,"0","T",0,0,0,"D",0,"D",6758,"D",10263,"D",0,"D",140,"D",0,"D",0,"D",0,"D",750,"D",653,"D",0,"D",0,"D",0,"D",-234,0,-218.99,-242.06,0,0,2604.21,2604.21,17161,17161,0,0,0,0,0,0,0,0,218.99,242.06,17161,17161,0,0,0,0,0,0,0,0,0,0,0,0,0,0,0,0,0
"03299814",1,"2015","2014",0,0,0,"1",-0.0765,-0.0765,"0","T",0,0,0,"D",0,"D",0,"D",0,"D",0,"D",921,"D",11014,"D",0,"D",0,"D",90,"D",20,"D",0,"D",0,"D",0,"D",0,0,0,0,0,0,0,0,921,921,0,0,0,0,0,0,0,0,0,0,921,921,0,0,0,0,0,0,0,0,0,0,0,0,0,0,0,0,0
"03299844",1,"2015","2014",0,0,0,"1",0,0,"47","D",0,0,1,"D",1,"D",0,"D",0,"D",0,"D",0,"D",10846,"D",0,"D",0,"D",0,"D",3,"D",0,"D",0,"D",0,"D",0,0,0,0,0,0,0,0,0,0,0.01,0.01,0,0,0,0,0,0,0,0,0,0,0,0,0,0,0,0,0,0,0,0,0,0,0,0,0,0,0
"03299854",1,"2015","2014",0,0.153,0.153,"1",0.15,0.15,"10","D",0,0,0,"D",0,"D",25021,"D",0,"D",0,"D",0,"D",0,"D",0,"D",0,"D",500,"D",25,"D",0,"D",0,"D",3828,"D",1757,0,1776.9,1746.9,0,0,3828.21,3828.21,25021,25021,0,0,0,0,0,0,0,0,0,0,25021,25021,0,0,1776.9,1746.9,1776.9,1746.9,0,0,0,0,0,0,0,0,0,0,0
"03299854",2,"2015","2014",0,0.153,0.153,"1",0.15,0.15,"10","D",0,0,0,"D",0,"D",19695,"D",0,"D",0,"D",0,"D",0,"D",0,"D",0,"D",0,"D",0,"D",0,"D",0,"D",0,"D",958,0,978,948,0,0,3013.33,3013.33,19695,19695,0,0,0,0,0,0,0,0,0,0,19695,19695,0,0,978,948,978,948,0,0,0,0,0,0,0,0,0,0,0
"03299854",3,"2015","2014",0,0.153,0.153,"1",0.15,0.15,"10","D",0,0,0,"D",0,"D",21735,"D",0,"D",0,"D",0,"D",0,"D",0,"D",0,"D",0,"D",0,"D",0,"D",0,"D",0,"D",1264,0,1284,1254,0,0,3325.45,3325.45,21735,21735,0,0,0,0,0,0,0,0,0,0,21735,21735,0,0,1284,1254,1284,1254,0,0,0,0,0,0,0,0,0,0,0
"03299904",1,"2015","2014",0,0.153,0.153,"2",0.25,0.25,"05","D",0.08,0.08,0,"D",0,"D",36000,"D",74400,"D",-2322,"D",0,"D",0,"D",0,"D",0,"D",2000,"D",0,"D",0,"D",0,"D",0,"D",13524,4093,13657,13457,4131.73,4073.88,16891.2,16891.2,108078,108078,108078.01,108078.01,0,0,0,0,0,0,0,0,108078,108078,0,0,13657,13457,13657,13457,7984,8088,2000,2000,0,0,0,0,0,0,0
"03299904",2,"2015","2014",0,0.153,0.153,"1",0.15,0.15,"05","D",0.06,0.08,0,"D",0,"D",51600,"D",0,"D",-7200,"D",0,"D",0,"D",0,"D",0,"D",0,"D",0,"D",0,"D",0,"D",0,"D",4664,1281,4683.75,4653.75,1294.75,1274.19,7894.8,7894.8,44400,44400,44400.01,44400.01,0,0,0,0,0,0,0,0,44400,44400,0,0,4683.75,4653.75,4683.75,4653.75,3992,4044,0,0,0,0,0,0,0,0,0
"03299934",1,"2015","2014",5,0.153,0.153,"3",0.2106,0.2106,"28","D",0.0211,0.0211,0,"D",0,"D",24899,"D",0,"D",0,"D",0,"D",0,"D",0,"D",0,"D",6000,"D",0,"D",0,"D",1,"D",10760,"D",-5765,-477,-5654.27,-5820.66,-465.43,-482.07,3809.55,3809.55,24899,24899,24899.01,24899.01,0,0,1000,1000,0,0,4654.27,4820.66,24899,24899,0,0,0,0,0,0,9100,9250,0,0,0,0,0,0,465.43,482.07,0
"03299954",1,"2015","2014",0,0.153,0.153,"1",0.2285,0.2285,"24","D",0.0859,0.0859,0,"D",0,"D",55060,"D",0,"D",0,"D",0,"D",0,"D",0,"D",0,"D",2000,"D",165,"D",0,"D",0,"D",4280,"D",6355,2471,6403.25,6330.47,2477.01,2468.13,8424.18,8424.18,55060,55060,55060.01,55060.01,0,0,0,0,0,0,0,0,50780,50780,0,0,6403.25,6330.47,6403.25,6330.47,0,0,8922.01,8913.13,252.08,252.08,0,0,0,0,0
"03299964",1,"2015","2014",0,0.153,0.153,"2",0.1451,0.1451,"19","D",0.0329,0.0329,0,"D",0,"D",60000,"D",0,"D",0,"D",0,"D",0,"D",0,"D",0,"D",1300,"D",11240,"D",0,"D",0,"D",4788,"D",4092,1312,4112.61,4081.27,1306.19,1315.09,9180,9180,60000,60000,60000.01,60000.01,0,0,0,0,0,0,0,0,55212,55212,0,0,4112.61,4081.27,4112.61,4081.27,0,0,0,0,0,0,0,0,0,0,0
"03300004",1,"2015","2014",3,0.153,0.153,"2",0.1486,0.1486,"05","D",0,0,0,"D",0,"D",55588,"D",0,"D",7650,"D",0,"D",0,"D",0,"D",0,"D",3900,"D",0,"D",0,"D",3,"D",9876,"D",381,0,415.53,363.03,0,0,8504.96,8504.96,63238,63238,63238.01,63238.01,3000,3000,0,0,0,0,0,0,53362,53362,0,0,3415.53,3363.03,3415.53,3363.03,7984,8088,13776,13776,0,0,0,0,0,0,0
"03300014",1,"2015","2014",0,0.153,0.153,"1",0.25,0.25,"44","D",0,0,0,"D",0,"D",48000,"D",0,"D",35005,"D",0,"D",0,"D",0,"D",10800,"D",0,"D",0,"D",0,"D",0,"D",300,"D",14003,0,14070,13970,0,0,7344,7344,83005,83005,0,0,0,0,0,0,0,0,0,0,83005,83005,0,0,14070,13970,14070,13970,0,0,0,0,0,0,0,0,0,0,0
"03300024",1,"2015","2014",2,0.153,0.153,"2",0.15,0.15,"0","T",0,0,0,"D",0,"D",58000,"D",35000,"D",-2932,"D",0,"D",0,"D",0,"D",0,"D",4500,"D",277,"D",0,"D",2,"D",3568,"D",6323,0,6372.7,6297.7,0,0,14229,14229,90068,90068,0,0,2000,2000,0,0,0,0,0,0,90068,90068,0,0,8372.7,8297.7,8372.7,8297.7,0,0,0,0,0,0,0,0,0,0,0
"03300034",1,"2015","2014",0,0,0,"1",0.15,0.15,"23","D",0.0425,0.0425,1,"D",1,"D",0,"D",0,"D",6000,"D",11394,"D",17194,"D",0,"D",0,"D",310,"D",150,"D",0,"D",0,"D",1200,"D",609,85,618.95,603.95,85,85,0,0,17889.5,17889.5,6000.01,6000.01,0,0,0,0,0,0,0,0,17889.5,17889.5,0,0,618.95,603.95,618.95,603.95,0,0,0,0,0,0,0,0,0,0,0
"03300074",1,"2015","2014",0,0.153,0.153,"1",0.2375,0.2375,"45","D",0.05,0.05,0,"D",0,"D",90000,"D",0,"D",1,"D",0,"D",0,"D",0,"D",7800,"D",0,"D",0,"D",0,"D",0,"D",2640,"D",15534,4500,15583.99,15508.99,4500.05,4500.05,13770,13770,90001,90001,90001.01,90001.01,0,0,0,0,0,0,0,0,87361,87361,0,0,15583.99,15508.99,15583.99,15508.99,0,0,0,0,0,0,0,0,0,0,0
"03300094",1,"2015","2014",0,0,0,"2",0.15,0.15,"03","D",0.0259,0.0259,2,"D",2,"D",0,"D",0,"D",2600,"D",20087,"D",31828,"D",0,"D",0,"D",2200,"D",395,"D",0,"D",0,"D",0,"D",302,108,328.75,288.75,110.57,106.32,0,0,25987.5,25987.5,22687.01,22687.01,0,0,0,0,0,0,0,0,25987.5,25987.5,0,0,328.75,288.75,328.75,288.75,10018,10182,3252.67,3252.67,0,0,0,0,0,0,0
"03300114",1,"2015","2014",0,0.153,0.153,"2",0.25,0.25,"31","D",0.0553,0.0553,2,"D",2,"D",8000,"D",83000,"D",50,"D",15960,"D",16462,"D",0,"D",0,"D",9900,"D",105,"D",0,"D",0,"D",0,"D",16138,2369,16288.18,16063.18,2369.33,2369.33,13923,13923,121002.7,121002.7,107010.01,107010.01,0,0,0,0,0,0,0,0,121002.7,121002.7,0,0,16288.18,16063.18,16288.18,16063.18,0,0,0,0,0,0,0,0,0,0,0
"03300154",1,"2015","2014",0,0.153,0.153,"2",0.2775,0.2775,"0","T",0,0,2,"D",2,"D",0,"D",44340,"D",-4157,"D",0,"D",32400,"D",0,"D",0,"D",3500,"D",315,"D",0,"D",0,"D",1800,"D",4144,0,4193.78,4118.78,0,0,6784.02,6784.02,56708.55,56708.55,0,0,0,0,0,0,0,0,0,0,56708.55,56708.55,0,0,4193.78,4118.78,4193.78,4118.78,0,0,0,0,0,0,0,0,0,0,0
"03300164",1,"2015","2014",2,0.153,0.153,"2",0.15,0.15,"33","D",0.059,0.059,0,"D",0,"D",32783,"D",16766,"D",0,"D",0,"D",18898,"D",0,"D",15588,"D",0,"D",0,"D",0,"D",1,"D",0,"D",3654,875,3704.35,3629.35,1122.52,750.57,7581,7581,65612.3,65612.3,49549.01,49549.01,1000,1000,0,0,0,0,0,0,65612.3,65612.3,0,0,4704.35,4629.35,4704.35,4629.35,15650,15850,0,0,0,0,0,0,0,0,0
"03300184",1,"2015","2014",0,0.153,0.153,"2",0.15,0.15,"0","T",0,0,0,"D",0,"D",52000,"D",0,"D",0,"D",0,"D",10162,"D",0,"D",0,"D",1200,"D",440,"D",0,"D",0,"D",1324,"D",5103,0,5143.16,5083.16,0,0,7956,7956,60637.7,60637.7,0,0,0,0,0,0,0,0,0,0,60637.7,60637.7,0,0,5143.16,5083.16,5143.16,5083.16,0,0,0,0,0,0,0,0,0,0,0
"03300194",1,"2015","2014",2,0.029,0.029,"2",0.28,0.266,"14","D",0.0375,0.05,0,"D",0,"D",0,"D",228786,"D",-4560,"D",0,"D",0,"D",0,"D",43356,"D",0,"D",2540,"D",0,"D",2,"D",800,"D",41768,8986,41650.92,41826.78,10786.3,8085.98,21142.79,21328.79,224226,224226,224226.01,224226.01,0,0,0,0,0,0,0,0,223426,224226,0,0,41650.92,41826.78,41650.92,41826.78,0,0,0,0,0,0,0,0,0,0,0
"03300204",1,"2015","2014",2,0.153,0.153,"2",0.1488,0.1488,"05","D",0.06,0.06,0,"D",0,"D",61252,"D",19837,"D",30,"D",0,"D",0,"D",0,"D",0,"D",7500,"D",0,"D",0,"D",1,"D",8680,"D",5271,940,5300.73,5255.73,964.62,928,12406.62,12406.62,81119,81119,81119.01,81119.01,1000,1000,0,0,0,0,0,0,72439,72439,0,0,6300.73,6255.73,6300.73,6255.73,7984,8088,16180,16180,0,0,0,0,0,0,0
"03300244",1,"2015","2014",0,0,0,"1",0.1,0.1,"10","D",0,0,0,"D",0,"D",0,"D",0,"D",0,"D",16800,"D",13462,"D",0,"D",0,"D",3000,"D",0,"D",0,"D",0,"D",0,"D",655,0,665,650,0,0,0,0,16800,16800,0,0,0,0,0,0,0,0,0,0,16800,16800,0,0,665,650,665,650,0,0,0,0,0,0,0,0,0,0,0
"03300264",1,"2015","2014",0,0,0,"1",-0.0765,-0.0765,"21","D",-0.0195,-0.0191,0,"D",0,"D",0,"D",0,"D",0,"D",0,"D",9624,"D",0,"D",1068,"D",0,"D",2,"D",0,"D",0,"D",24,"D",0,0,0,0,0,0,0,0,0,0,0.01,0.01,0,0,0,0,0,0,0,0,0,0,0,0,0,0,0,0,1500,1500,0,0,0,0,0,0,0,0,0
"03300274",1,"2015","2014",2,0,0,"3",-0.4,-0.4,"01","D",0,0,0,"D",0,"D",0,"D",0,"D",0,"D",4000,"D",0,"D",0,"D",0,"D",0,"D",0,"D",0,"D",0,"D",0,"D",0,0,0,0,0,0,0,0,4000,4000,4000.01,4000.01,0,0,0,0,0,0,0,0,4000,4000,0,0,0,0,0,0,4700,4700,0,0,0,0,0,0,0,0,0
"03300294",1,"2015","2014",2,0.153,0.153,"3",0.3606,0.3606,"22","D",0.0831,0.0836,0,"D",0,"D",34917,"D",0,"D",0,"D",0,"D",0,"D",0,"D",10800,"D",0,"D",400,"D",0,"D",1,"D",0,"D",-1554,424,-1413.93,-1624.32,444.46,414.2,5342.3,5342.3,34917,34917,34917.01,34917.01,1000,1000,0,0,0,0,1861.48,2016.87,34917,34917,0,0,1447.55,1392.55,1447.55,1392.55,0,0,0,0,0,0,0,0,279.22,302.53,0
"03300324",1,"2015","2014",1,0.153,0.153,"3",0.1403,0.2339,"33","D",0.0645,0.0645,0,"D",0,"D",80611,"D",0,"D",100,"D",0,"D",0,"D",0,"D",0,"D",7000,"D",0,"D",0,"D",0,"D",12308,"D",6875,3395,6937.58,6844.3,3402.66,3391.01,12333.48,12333.48,80711,80711,80711.01,80711.01,0,0,0,0,0,0,0,0,68403,68403,0,0,6937.58,6844.3,6937.58,6844.3,10950,11100,19308,19308,0,0,0,0,0,0,0
"03300324",2,"2015","2014",0,0.153,0.153,"1",0.15,0.15,"33","D",0.0645,0.0645,0,"D",0,"D",33282,"D",0,"D",0,"D",0,"D",0,"D",0,"D",0,"D",0,"D",0,"D",0,"D",0,"D",0,"D",2996,1305,3016.05,2986.05,1314.7,1300.49,5092.15,5092.15,33282,33282,33282.01,33282.01,0,0,0,0,0,0,0,0,33282,33282,0,0,3016.05,2986.05,3016.05,2986.05,7800,7900,0,0,0,0,0,0,0,0,0
"03300344",1,"2015","2014",0,0.0366,0.0366,"2",0.25,0.25,"34","D",0.0575,0.058,1,"D",1,"D",8500,"D",130000,"D",0,"D",0,"D",16342,"D",0,"D",0,"D",1800,"D",270,"D",0,"D",0,"D",1800,"D",24294,7122,24435.18,24222.68,7163,7101.25,19578.5,19764.5,152390.7,152390.7,138500.01,138500.01,0,0,0,0,0,0,0,0,152390.7,152390.7,0,0,24435.18,24222.68,24435.18,24222.68,15000,15000,3600,3600,0,0,0,0,0,0,0
"03300374",1,"2015","2014",0,0.153,0.153,"2",0.15,0.15,"03","D",0.0336,0.0336,0,"D",0,"D",44231,"D",32714,"D",0,"D",0,"D",0,"D",0,"D",0,"D",800,"D",0,"D",0,"D",0,"D",2784,"D",7549,1803,7589.25,7529.25,1809.63,1799.26,11772.58,11772.58,76945,76945,76945.01,76945.01,0,0,0,0,0,0,0,0,76945,76945,0,0,7589.25,7529.25,7589.25,7529.25,10018,10182,5393.63,5383.26,0,0,0,0,0,0,0
"03300374",2,"2015","2014",0,0.153,0.153,"1",0.1765,0.1765,"03","D",0.0259,0.0259,0,"D",0,"D",12645,"D",0,"D",0,"D",0,"D",0,"D",0,"D",0,"D",0,"D",0,"D",0,"D",0,"D",0,"D",79,142,100.43,67.72,143.38,141.26,1934.68,1934.68,12645,12645,12645.01,12645.01,0,0,0,0,0,0,149.07,166.78,12645,12645,0,0,249.5,234.5,249.5,234.5,5009,5091,238.5,238.5,0,0,0,0,0,0,0
"03300394",1,"2015","2014",0,0,0,"1",0.225,0.225,"34","D",0.0575,0.058,1,"D",1,"D",0,"D",0,"D",25500,"D",0,"D",16810,"D",0,"D",0,"D",1800,"D",175,"D",0,"D",0,"D",2400,"D",2264,1038,2284.13,2254.13,1044,1035,0,0,29952.5,29952.5,25500.01,25500.01,0,0,0,0,0,0,0,0,29952.5,29952.5,0,0,2284.13,2254.13,2284.13,2254.13,7500,7500,4200,4200,0,0,0,0,0,0,0
"03300414",1,"2015","2014",0,0.029,0.029,"2",0.35,0.35,"22","D",0.0515,0.052,2,"D",2,"D",228786,"D",0,"D",0,"D",0,"D",44845,"D",0,"D",0,"D",26436,"D",31,"D",0,"D",0,"D",0,"D",55430,11190,55823.49,55233.49,11262.47,11154.18,21142.79,21328.79,266904.25,266904.25,228786.01,228786.01,0,0,0,0,0,0,0,0,266904.25,266904.25,6619.55,6222.73,49203.94,49010.76,49203.94,49010.76,0,0,0,0,0,0,0,0,0,0,0
"03300424",1,"2015","2014",1,0.153,0.029,"2",0.138,0.23,"05","D",0.08,0.08,0,"D",0,"D",118000,"D",0,"D",-9440,"D",0,"D",0,"D",0,"D",0,"D",4800,"D",180,"D",0,"D",0,"D",14472,"D",10242,2884,10297.04,10213.75,2919.85,2866.32,17930,18054,108560,108560,108560.01,108560.01,0,0,0,0,0,0,0,0,94088,94088,0,0,10297.04,10213.75,10297.04,10213.75,7984,8088,19452,19452,0,0,0,0,0,0,0
"03300434",1,"2015","2014",1,0.0548,0.0548,"2",0.28,0.28,"39","D",0.0307,0.0307,0,"D",0,"D",42000,"D",160000,"D",0,"D",0,"D",0,"D",0,"D",0,"D",3200,"D",0,"D",0,"D",1,"D",2388,"D",36821,6201,37017,36723.5,6201.4,6201.4,25574,25760,202000,202000,202000.01,202000.01,0,0,0,0,0,0,0,0,202000,202000,0,0,37017,36723.5,37017,36723.5,0,0,0,0,0,0,0,0,0,0,0
"03300474",1,"2015","2014",1,0.153,0.153,"3",0.1463,0.1463,"31","D",0.0245,0.0245,0,"D",0,"D",60000,"D",0,"D",-2000,"D",2500,"D",0,"D",0,"D",0,"D",6800,"D",0,"D",0,"D",1,"D",20256,"D",2035,883,2051.59,2026.59,883.4,883.4,9180,9180,60500,60500,62500.01,62500.01,1000,1000,0,0,0,0,0,0,40244,40244,0,0,3051.59,3026.59,3051.59,3026.59,0,0,0,0,0,0,0,0,0,0,0
"03300474",2,"2015","2014",0,0.153,0.153,"1",0.25,0.25,"31","D",0.0553,0.0553,0,"D",0,"D",70000,"D",0,"D",0,"D",0,"D",0,"D",0,"D",0,"D",0,"D",0,"D",0,"D",0,"D",0,"D",10752,2320,10818.75,10718.75,2319.75,2319.75,10710,10710,70000,70000,70000.01,70000.01,0,0,0,0,0,0,0,0,70000,70000,0,0,10818.75,10718.75,10818.75,10718.75,0,0,0,0,0,0,0,0,0,0,0
"03300514",1,"2015","2014",2,0,0,"3",-0.4,-0.4,"36","D",0,0,0,"D",0,"D",0,"D",0,"D",6,"D",1796,"D",0,"D",0,"D",0,"D",270,"D",0,"D",0,"D",0,"D",80,"D",0,0,0,0,0,0,0,0,1802,1802,1802.01,1802.01,0,0,0,0,0,0,0,0,1802,1802,0,0,0,0,0,0,0,0,0,0,0,0,0,0,0,0,0
"03300524",1,"2015","2014",3,0.153,0.153,"2",-0.45,-0.45,"36","D",0,0,0,"D",0,"D",0,"D",12000,"D",0,"D",0,"D",0,"D",0,"D",6000,"D",0,"D",0,"D",0,"D",1,"D",760,"D",-6400,0,-6400,-6400,0,0,1836,1836,12000,12000,12000.01,12000.01,0,0,1000,1000,0,0,5400,5400,12000,12000,0,0,0,0,0,0,0,0,0,0,0,0,0,0,0,0,0
"03300554",1,"2015","2014",0,0.153,0.153,"2",0.2486,0.2486,"44","D",0,0,0,"D",0,"D",48000,"D",80000,"D",-300,"D",0,"D",0,"D",0,"D",0,"D",5600,"D",5460,"D",0,"D",0,"D",5460,"D",17130,0,17229.61,17079.61,0,0,19584,19584,127700,127700,0,0,0,0,0,0,0,0,0,0,122240,122240,0,0,17229.61,17079.61,17229.61,17079.61,0,0,0,0,0,0,0,0,0,0,0
"03300554",2,"2015","2014",2,0.153,0.153,"2",0.15,0.15,"44","D",0,0,0,"D",0,"D",88000,"D",0,"D",0,"D",0,"D",0,"D",0,"D",0,"D",0,"D",0,"D",0,"D",2,"D",0,"D",6013,0,6062.5,5987.5,0,0,13464,13464,88000,88000,0,0,2000,2000,0,0,0,0,0,0,88000,88000,0,0,8062.5,7987.5,8062.5,7987.5,0,0,0,0,0,0,0,0,0,0,0
"03300574",1,"2015","2014",0,0.153,0.153,"1",0.1489,0.1489,"10","D",0,0,0,"D",0,"D",42000,"D",0,"D",0,"D",0,"D",0,"D",0,"D",0,"D",1100,"D",0,"D",0,"D",0,"D",6208,"D",4067,0,4077.05,4062.05,0,0,6426,6426,42000,42000,0,0,0,0,0,0,0,0,0,0,35792,35792,0,0,4077.06,4062.06,4077.05,4062.05,0,0,0,0,0,0,0,0,0,0,0
"03300584",1,"2015","2014",0,0.153,0.153,"2",0.15,0.15,"22","D",0.0515,0.052,0,"D",0,"D",32946,"D",31235,"D",0,"D",0,"D",0,"D",0,"D",16800,"D",0,"D",0,"D",0,"D",0,"D",0,"D",5635,2500,5674.65,5614.65,2515.81,2491.62,9819.69,9819.69,64181,64181,64181.01,64181.01,0,0,0,0,0,0,0,0,64181,64181,0,0,5674.65,5614.65,5674.65,5614.65,0,0,0,0,0,0,0,0,0,0,0
"03300584",2,"2015","2014",1,0,0,"3",-0.34,-0.34,"22","D",-0.051,-0.051,0,"D",0,"D",0,"D",0,"D",0,"D",0,"D",0,"D",0,"D",0,"D",0,"D",0,"D",0,"D",1,"D",0,"D",0,0,0,0,0,0,0,0,0,0,0.01,0.01,0,0,0,0,0,0,0,0,0,0,0,0,0,0,0,0,0,0,0,0,0,0,0,0,0,0,0
"03300624",1,"2015","2014",0,0.153,0.153,"2",0.2639,0.2638,"34","D",0.0575,0.058,0,"D",0,"D",110000,"D",95000,"D",-6380,"D",0,"D",0,"D",0,"D",0,"D",2200,"D",2,"D",0,"D",0,"D",18500,"D",31819,10300,31951.25,31752.76,10359.96,10270.65,31365,31365,198620,198620,198620.01,198620.01,0,0,0,0,0,0,0,0,180120,180120,0,0,31951.25,31752.76,31951.25,31752.76,15000,15000,20000,20000,0,0,0,0,0,0,0
"03300634",1,"2015","2014",0,0,0,"1",0,0,"25","D",0,0,1,"D",1,"D",0,"D",0,"D",0,"D",0,"D",19510,"D",0,"D",14324,"D",0,"D",0,"D",0,"D",0,"D",0,"D",0,0,0,0,0,0,0,0,0,0,0.01,0.01,0,0,0,0,0,0,0,0,0,0,0,0,0,0,0,0,2300,2300,0,0,0,0,0,0,0,0,0
"03300694",1,"2015","2014",0,0.029,0.029,"2",0.325,0.325,"12","D",0.0785,0.0785,0,"D",0,"D",0,"D",230142,"D",2055,"D",0,"D",0,"D",0,"D",0,"D",11000,"D",545,"D",0,"D",0,"D",10688,"D",40143,14679,40471.93,39977.93,14679.47,14679.47,21182.12,21368.12,232197,232197,232197.01,232197.01,0,0,0,0,0,0,0,0,221509,221509,726.99,456.49,39744.94,39521.44,39744.94,39521.44,4400,4400,34842.46,34842.46,0,0,0,0,0,0,0
"03300694",2,"2015","2014",0,0.038,0.038,"1",0.35,0.35,"12","D",0.1022,0.1022,0,"D",0,"D",228786,"D",0,"D",0,"D",0,"D",0,"D",0,"D",0,"D",0,"D",0,"D",0,"D",0,"D",0,"D",53153,17743,53430.1,53015.1,17742.61,17742.61,21401.87,21587.87,228786,228786,228786.01,228786.01,0,0,0,0,0,0,0,0,228786,228786,1170.47,1023.97,52259.63,51991.13,52259.63,51991.13,2200,2200,15699.5,15699.5,0,0,0,0,0,0,0
"03300714",1,"2015","2014",1,0.153,0.153,"3",0.15,0.15,"02","D",0,0,0,"D",0,"D",52300,"D",0,"D",-2500,"D",0,"D",0,"D",0,"D",16560,"D",0,"D",0,"D",0,"D",0,"D",68,"D",4241,0,4272.5,4225,0,0,8001.9,8001.9,49800,49800,0,0,0,0,0,0,0,0,0,0,49800,49800,0,0,4272.5,4225,4272.5,4225,0,0,0,0,0,0,0,0,0,0,0
"03300724",1,"2015","2014",2,0.153,0.153,"2",0.15,0.15,"06","D",0.0463,0.0463,0,"D",0,"D",40000,"D",28000,"D",0,"D",0,"D",0,"D",0,"D",0,"D",610,"D",210,"D",960,"D",2,"D",6948,"D",2821,1806,2870.5,2795.5,1842.74,1788.22,10404,10404,68000,68000,0,0,2000,2000,0,0,192,192,0,0,68000,68000,0,0,5062.5,4987.5,5062.5,4987.5,0,0,0,0,0,0,0,0,0,0,0
"03300734",1,"2015","2014",0,0.153,0.153,"2",0.1,0.1,"0","T",0,0,0,"D",0,"D",25463,"D",0,"D",0,"D",0,"D",0,"D",0,"D",0,"D",2500,"D",0,"D",0,"D",0,"D",0,"D",496,0,516.3,486.3,0,0,3895.84,3895.84,25463,25463,0,0,0,0,0,0,0,0,0,0,25463,25463,0,0,516.3,486.3,516.3,486.3,0,0,0,0,0,0,0,0,0,0,0
"03300744",1,"2015","2014",0,0,0,"1",0,0,"10","D",0,0,1,"D",1,"D",0,"D",0,"D",0,"D",0,"D",20722,"D",0,"D",0,"D",1500,"D",2072,"D",0,"D",0,"D",4378,"D",0,0,0,0,0,0,0,0,0,0,0,0,0,0,0,0,0,0,0,0,0,0,0,0,0,0,0,0,0,0,0,0,0,0,0,0,0,0,0
"03300764",1,"2015","2014",0,0.153,0.153,"2",0.25,0.25,"05","D",0.08,0.08,1,"D",1,"D",25000,"D",70000,"D",0,"D",0,"D",30262,"D",0,"D",0,"D",1700,"D",100,"D",0,"D",0,"D",0,"D",16377,2938,16518.18,16305.68,2977.49,2918.64,14535,14535,120722.7,120722.7,95000.01,95000.01,0,0,0,0,0,0,0,0,120722.7,120722.7,0,0,16518.18,16305.68,16518.18,16305.68,7984,8088,1800,1800,0,0,0,0,0,0,0
"03300794",1,"2015","2014",0,0.153,0.153,"2",0.2389,0.2385,"36","D",0.0444,0.046,0,"D",0,"D",80000,"D",40000,"D",-4021,"D",0,"D",0,"D",0,"D",0,"D",4600,"D",153,"D",0,"D",0,"D",6936,"D",14840,3480,14901.97,14809.18,3632.12,3403.29,18360,18360,115979,115979,115979.01,115979.01,0,0,0,0,0,0,0,0,109043,109043,0,0,14901.97,14809.18,14901.97,14809.18,0,0,0,0,0,0,0,0,0,0,0
"03300804",1,"2015","2014",1,0,0,"3",-0.34,-0.34,"01","D",0,0,0,"D",0,"D",0,"D",0,"D",0,"D",0,"D",6912,"D",0,"D",5100,"D",0,"D",200,"D",0,"D",0,"D",1200,"D",0,0,0,0,0,0,0,0,0,0,0.01,0.01,0,0,0,0,0,0,0,0,0,0,0,0,0,0,0,0,4700,4700,1400,1400,0,0,0,0,0,0,0
"03300834",1,"2015","2014",0,0,0,"1",0,0,"41","D",0,0,1,"D",1,"D",0,"D",0,"D",0,"D",0,"D",10990,"D",0,"D",1764,"D",0,"D",0,"D",0,"D",0,"D",1500,"D",0,0,0,0,0,0,0,0,0,0,-15000,-15000,0,0,0,0,0,0,0,0,0,0,0,0,0,0,0,0,0,0,0,0,0,0,0,0,0,0,0
"03300874",1,"2015","2014",1,0,0,"3",-0.34,-0.34,"39","D",0,0,0,"D",0,"D",0,"D",0,"D",0,"D",0,"D",0,"D",0,"D",0,"D",1200,"D",0,"D",0,"D",0,"D",5,"D",0,0,0,0,0,0,0,0,0,0,0.01,0.01,0,0,0,0,0,0,0,0,0,0,0,0,0,0,0,0,0,0,0,0,0,0,0,0,0,0,0
"03300884",1,"2015","2014",0,0.153,0.153,"2",0.1414,0.1413,"34","D",0.0575,0.058,2,"D",2,"D",45794,"D",0,"D",0,"D",0,"D",0,"D",0,"D",0,"D",2800,"D",0,"D",0,"D",0,"D",10660,"D",2471,1776,2489.69,2462,1786.05,1770.66,7006.48,7006.48,45794,45794,45794.01,45794.01,0,0,0,0,0,0,0,0,35134,35134,0,0,2489.69,2462,2489.69,2462,15000,15000,13460,13460,0,0,0,0,0,0,0
"03300904",1,"2015","2014",0,0,0,"1",0,0,"0","T",0,0,1,"D",1,"D",0,"D",0,"D",6540,"D",0,"D",15598,"D",0,"D",0,"D",1200,"D",540,"D",0,"D",0,"D",300,"D",0,0,0,0,0,0,0,0,6540,6540,0,0,0,0,0,0,0,0,0,0,6540,6540,0,0,0,0,0,0,0,0,0,0,0,0,0,0,0,0,0
"03300914",1,"2015","2014",0,0,0,"2",0.15,0.25,"39","D",0,0,2,"D",2,"D",0,"D",0,"D",0,"D",96696,"D",0,"D",0,"D",0,"D",520,"D",0,"D",0,"D",0,"D",240,"D",10148,0,10211.5,10116.9,0,0,0,0,96696,96696,0.01,0.01,0,0,0,0,0,0,0,0,96696,96696,0,0,10211.5,10116.9,10211.5,10116.9,0,0,0,0,0,0,0,0,0,0,0
"03300924",1,"2015","2014",0,0.029,0.029,"1",0.2624,0.2624,"50","D",0.0627,0.0627,0,"D",0,"D",130000,"D",0,"D",2920,"D",0,"D",0,"D",0,"D",0,"D",3800,"D",139,"D",0,"D",0,"D",8844,"D",23599,7250,23677.15,23560.05,7253.42,7248.42,18278,18464,132920,132920,132920.01,132920.01,0,0,0,0,0,0,0,0,124076,124076,0,0,23677.15,23560.05,23677.15,23560.05,0,0,8844,8844,0,0,0,0,0,0,0
"03300934",1,"2015","2014",0,0,0,"1",-0.0765,-0.0765,"10","D",0,0,0,"D",0,"D",0,"D",0,"D",0,"D",0,"D",16594,"D",0,"D",3048,"D",0,"D",20,"D",0,"D",0,"D",0,"D",0,0,0,0,0,0,0,0,0,0,0,0,0,0,0,0,0,0,0,0,0,0,0,0,0,0,0,0,0,0,0,0,0,0,0,0,0,0,0
"03300964",1,"2015","2014",2,0.153,0.153,"2",0.141,0.141,"11","D",0.06,0.06,0,"D",0,"D",0,"D",70345,"D",0,"D",0,"D",0,"D",0,"D",0,"D",1100,"D",2067,"D",0,"D",2,"D",7192,"D",3310,2535,3340.13,3295.13,2535.16,2535.16,10762.78,10762.78,70345,70345,70345.01,70345.01,2000,2000,0,0,0,0,0,0,63153,63153,0,0,5340.13,5295.13,5340.13,5295.13,3000,3000,10359,10359,0,0,0,0,0,0,0
"03300974",1,"2015","2014",0,0.153,0.153,"2",0.1,0.1,"33","D",0.041,0.041,0,"D",0,"D",12121,"D",7611,"D",0,"D",1200,"D",13862,"D",0,"D",0,"D",3800,"D",233,"D",0,"D",0,"D",1848,"D",43,132,63.2,33.2,137.21,129.21,3019,3019,20932,20932,20932.01,20932.01,0,0,0,0,0,0,0,0,20932,20932,0,0,63.2,33.2,63.2,33.2,15650,15850,0,0,0,0,0,0,0,0,0
"03300974",2,"2015","2014",0,0.153,0.153,"1",0.15,0.15,"33","D",0.0645,0.0645,0,"D",0,"D",30702,"D",0,"D",0,"D",0,"D",0,"D",0,"D",0,"D",0,"D",0,"D",0,"D",0,"D",0,"D",2609,1139,2629.05,2599.05,1148.29,1134.08,4697.41,4697.41,30702,30702,30702.01,30702.01,0,0,0,0,0,0,0,0,30702,30702,0,0,2629.05,2599.05,2629.05,2599.05,7800,7900,0,0,0,0,0,0,0,0,0
"03301004",1,"2015","2014",2,0,0,"3",-0.3,-0.3,"45","D",0.063,0.063,0,"D",0,"D",0,"D",0,"D",0,"D",24000,"D",0,"D",0,"D",0,"D",1700,"D",790,"D",0,"D",0,"D",100,"D",285,154,305,275,167.75,147.81,0,0,24000,24000,24000.01,24000.01,0,0,0,0,0,0,0,0,24000,24000,0,0,305,275,305,275,0,0,0,0,0,0,0,0,0,0,0
"03301014",1,"2015","2014",0,0,0,"1",0,0,"34","D",0,0,0,"D",0,"D",0,"D",0,"D",4657,"D",0,"D",14928,"D",0,"D",0,"D",5380,"D",212,"D",0,"D",0,"D",400,"D",0,0,0,0,0,0,0,0,4657,4657,4657.01,4657.01,0,0,0,0,0,0,0,0,4657,4657,0,0,0,0,0,0,7500,7500,5780,5780,0,0,0,0,0,0,0
"03301034",1,"2015","2014",0,0.029,0.029,"2",0.3666,0.3666,"44","D",0,0,0,"D",0,"D",0,"D",228786,"D",67951,"D",0,"D",0,"D",0,"D",0,"D",10000,"D",450,"D",0,"D",0,"D",14320,"D",63989,0,64261.23,63852.73,0,0,21142.79,21328.79,296737,296737,0,0,0,0,0,0,0,0,0,0,282417,282417,0,0,62485.23,62076.73,62485.23,62076.73,0,0,0,0,0,0,0,0,0,0,0
"03301064",1,"2015","2014",2,0.153,0.153,"3",0.3106,0.3106,"48","D",0,0,0,"D",0,"D",24000,"D",0,"D",0,"D",0,"D",0,"D",0,"D",18000,"D",0,"D",0,"D",0,"D",1,"D",0,"D",-4979,0,-4855.6,-5040.99,0,0,3672,3672,24000,24000,0,0,305,275,695,725,0,0,4160.6,4315.99,24000,24000,0,0,305,275,305,275,0,0,0,0,0,0,0,0,0,0,0
"03301094",1,"2015","2014",2,0.153,0.153,"3",0.25,0.25,"01","D",0.0337,0.0337,0,"D",0,"D",95737,"D",0,"D",0,"D",0,"D",0,"D",0,"D",0,"D",370,"D",0,"D",0,"D",1,"D",604,"D",12999,3482,13109.25,12944.25,3476.49,3484.74,14647.76,14647.76,95737,95737,95737.01,95737.01,0,0,0,0,0,0,0,0,95737,95737,0,0,13109.25,12944.25,13109.25,12944.25,2000,2000,8297.88,8297.88,0,0,0,0,0,0,0
"03301104",1,"2015","2014",0,0.153,0.153,"1",0.15,0.15,"11","D",0.06,0.06,0,"D",0,"D",30903,"D",0,"D",0,"D",0,"D",0,"D",0,"D",0,"D",570,"D",0,"D",0,"D",0,"D",0,"D",2639,1364,2659.2,2629.2,1364.18,1364.18,4728.16,4728.16,30903,30903,30903.01,30903.01,0,0,0,0,0,0,0,0,30903,30903,0,0,2659.2,2629.2,2659.2,2629.2,2300,2300,0,0,0,0,0,0,0,0,0
"03301114",1,"2015","2014",2,0.153,0.153,"3",-0.55,-0.55,"34","D",0,0,0,"D",0,"D",3823,"D",0,"D",160,"D",0,"D",0,"D",0,"D",8160,"D",0,"D",0,"D",0,"D",2,"D",0,"D",-1653,0,-1652.65,-1652.65,0,0,584.92,584.92,3983,3983,3983.01,3983.01,0,0,123.45,123.45,0,0,1529.2,1529.2,3983,3983,0,0,0,0,0,0,12000,12000,0,0,0,0,0,0,0,0,0
"03301124",1,"2015","2014",0,0,0,"1",-0.0765,-0.0765,"26","D",0,0,0,"D",0,"D",0,"D",0,"D",0,"D",533,"D",0,"D",0,"D",1800,"D",0,"D",18,"D",0,"D",0,"D",0,"D",0,0,0,0,0,0,0,0,533,533,533.01,533.01,0,0,0,0,0,0,0,0,533,533,0,0,0,0,0,0,6200,6300,0,0,0,0,0,0,0,0,0
"03301164",1,"2015","2014",0,0.153,0.153,"2",0.25,0.25,"28","D",0.0684,0.0684,0,"D",0,"D",88305,"D",36860,"D",-7668,"D",0,"D",0,"D",0,"D",0,"D",2200,"D",3013,"D",0,"D",0,"D",1920,"D",15878,5239,16011.75,15811.75,5268.23,5223.92,19150.24,19150.24,117497,117497,117497.01,117497.01,0,0,0,0,0,0,0,0,117497,117497,0,0,16011.75,15811.75,16011.75,15811.75,12400,12600,0,0,0,0,0,0,0,0,0
"03301174",1,"2015","2014",1,0.153,0.153,"2",0,0,"44","D",0,0,0,"D",0,"D",0,"D",16297,"D",0,"D",0,"D",0,"D",0,"D",0,"D",0,"D",78,"D",0,"D",1,"D",0,"D",-4341,0,-4305,-4359,0,0,2493.44,2493.44,16297,16297,0,0,0,0,1000,1000,0,0,3305,3359,16297,16297,0,0,0,0,0,0,0,0,0,0,0,0,0,0,0,0,0
"03301214",1,"2015","2014",0,0.153,0.153,"1",0.25,0.25,"05","D",0.093,0.093,0,"D",0,"D",65000,"D",0,"D",-3250,"D",0,"D",0,"D",0,"D",13200,"D",0,"D",0,"D",0,"D",0,"D",0,"D",8690,2747,8756.25,8656.25,2772.29,2734.09,9945,9945,61750,61750,61750.01,61750.01,0,0,0,0,0,0,0,0,61750,61750,0,0,8756.25,8656.25,8756.25,8656.25,3992,4044,0,0,0,0,0,0,0,0,0
"03301224",1,"2015","2014",2,0.153,0.153,"2",0.15,0.15,"36","D",0.0331,0.0347,0,"D",0,"D",32569,"D",55471,"D",0,"D",0,"D",0,"D",0,"D",0,"D",2400,"D",0,"D",0,"D",2,"D",0,"D",6019,2233,6068.5,5993.5,2330.73,2183.83,13470.12,13470.12,88040,88040,88040.01,88040.01,2000,2000,0,0,0,0,0,0,88040,88040,0,0,8068.5,7993.5,8068.5,7993.5,0,0,0,0,0,0,0,0,0,0,0
"03301234",1,"2015","2014",0,0,0,"1",0,0,"36","D",0,0,1,"D",1,"D",0,"D",0,"D",600,"D",4000,"D",18862,"D",0,"D",0,"D",1500,"D",128,"D",0,"D",0,"D",1920,"D",0,0,0,0,0,0,0,0,4600,4600,4600.01,4600.01,0,0,0,0,0,0,0,0,4600,4600,0,0,0,0,0,0,0,0,0,0,0,0,0,0,0,0,0
"03301244",1,"2015","2014",4,0.153,0.153,"3",0.0991,0.0991,"03","D",0.0257,0.0257,0,"D",0,"D",49523,"D",0,"D",0,"D",0,"D",0,"D",0,"D",0,"D",6300,"D",200,"D",0,"D",4,"D",12048,"D",-2965,437,-2948.09,-2973.09,436.91,436.91,7577.02,7577.02,49523,49523,49523.01,49523.01,1051.91,1026.91,2948.09,2973.09,0,0,0,0,37475,37475,0,0,1051.91,1026.91,1051.91,1026.91,10018,10182,19253.87,19253.87,0,0,0,0,0,0,0
"03301244",2,"2015","2014",0,0.153,0.153,"1",0.15,0.15,"03","D",0.0288,0.0288,0,"D",0,"D",27121,"D",0,"D",0,"D",0,"D",0,"D",0,"D",0,"D",0,"D",0,"D",0,"D",0,"D",0,"D",2072,545,2091.9,2061.9,547.35,544.51,4149.51,4149.51,27121,27121,27121.01,27121.01,0,0,0,0,0,0,0,0,27121,27121,0,0,2091.9,2061.9,2091.9,2061.9,5009,5091,547.35,544.51,0,0,0,0,0,0,0
"03301264",1,"2015","2014",0,0.153,0.153,"1",0.25,0.25,"39","D",0.0307,0.0307,0,"D",0,"D",60000,"D",0,"D",-7255,"D",0,"D",0,"D",0,"D",12000,"D",0,"D",0,"D",0,"D",0,"D",0,"D",6438,1619,6505,6405,1619.27,1619.27,9180,9180,52745,52745,52745.01,52745.01,0,0,0,0,0,0,0,0,52745,52745,0,0,6505,6405,6505,6405,0,0,0,0,0,0,0,0,0,0,0
"03301274",1,"2015","2014",0,0.153,0.153,"1",0.15,0.15,"0","T",0,0,0,"D",0,"D",27766,"D",0,"D",-843,"D",0,"D",0,"D",0,"D",0,"D",0,"D",20,"D",0,"D",0,"D",0,"D",2042,0,2062.2,2032.2,0,0,4248.2,4248.2,26923,26923,0,0,0,0,0,0,0,0,0,0,26923,26923,0,0,2062.2,2032.2,2062.2,2032.2,0,0,0,0,0,0,0,0,0,0,0
"03301284",1,"2015","2014",3,0.153,0.153,"2",0.1391,0.1391,"12","D",0.0733,0.0733,0,"D",0,"D",109958,"D",0,"D",0,"D",0,"D",0,"D",0,"D",0,"D",1600,"D",250,"D",0,"D",2,"D",11852,"D",7705,5559,7740.12,7687.62,5559.31,5559.31,16823.57,16823.57,109958,109958,109958.01,109958.01,2000,2000,0,0,0,0,0,0,98106,98106,0,0,9740.12,9687.62,9740.12,9687.62,4400,4400,19223.9,19223.9,0,0,0,0,0,0,0
"03301294",1,"2015","2014",0,0.153,0.153,"2",0,0,"45","D",0,0,2,"D",2,"D",11090,"D",0,"D",0,"D",1340,"D",37124,"D",0,"D",0,"D",2530,"D",205,"D",0,"D",0,"D",0,"D",0,0,0,0,0,0,1696.77,1696.77,12430,12430,12430.01,12430.01,0,0,0,0,0,0,0,0,12430,12430,0,0,0,0,0,0,0,0,0,0,0,0,0,0,0,0,0
"03301314",1,"2015","2014",0,0,0,"1",-0.0765,-0.0765,"03","D",0,0,0,"D",0,"D",0,"D",0,"D",0,"D",0,"D",16032,"D",0,"D",8400,"D",0,"D",81,"D",0,"D",0,"D",0,"D",0,-25,0,0,-25,-25,0,0,0,0,0.01,0.01,0,0,0,0,0,0,0,0,0,0,0,0,0,0,0,0,5009,5091,357.13,357.13,0,0,0,0,0,0,0
"03301364",1,"2015","2014",0,0.0489,0.0489,"2",0.2406,0.2375,"14","D",0.0375,0.05,0,"D",0,"D",23000,"D",120000,"D",-5000,"D",0,"D",0,"D",0,"D",0,"D",16580,"D",4912,"D",0,"D",0,"D",4692,"D",16406,4743,16226.88,16495.31,5858.5,4184.75,21507,21693,138000,138000,138000.01,138000.01,0,0,0,0,0,0,0,0,133308,133308,0,0,16226.88,16495.31,16226.88,16495.31,0,0,0,0,829,829,0,0,0,0,0
"03301364",2,"2015","2014",0,0.153,0.153,"1",0.15,0.15,"14","D",0.0375,0.05,0,"D",0,"D",29000,"D",0,"D",0,"D",0,"D",0,"D",0,"D",0,"D",0,"D",0,"D",0,"D",0,"D",0,"D",2354,1119,2373.75,2343.75,1343.75,1006.88,4437,4437,29000,29000,29000.01,29000.01,0,0,0,0,0,0,0,0,29000,29000,0,0,2373.75,2343.75,2373.75,2343.75,0,0,0,0,0,0,0,0,0,0,0
"03301414",1,"2015","2014",0,0,0,"2",0.25,0.25,"38","D",0.0826,0.0826,2,"D",2,"D",0,"D",0,"D",6000,"D",74491,"D",28508,"D",0,"D",0,"D",6200,"D",191,"D",0,"D",0,"D",300,"D",12068,4784,12218.2,11993.2,4798.45,4777.33,0,0,104722.8,104722.8,80491.01,80491.01,0,0,0,0,0,0,0,0,104722.8,104722.8,0,0,12218.2,11993.2,12218.2,11993.2,6231.2,6289.91,11447.12,11426.19,0,0,0,0,0,0,0
"03301424",1,"2015","2014",0,0,0,"1",-0.0765,-0.0765,"14","D",-0.0077,-0.0077,0,"D",0,"D",0,"D",0,"D",0,"D",0,"D",0,"D",0,"D",3060,"D",0,"D",0,"D",0,"D",0,"D",0,"D",0,0,0,0,0,0,0,0,0,0,0.01,0.01,0,0,0,0,0,0,0,0,0,0,0,0,0,0,0,0,0,0,0,0,0,0,0,0,0,0,0
"03301434",1,"2015","2014",4,0.153,0.153,"2",0.15,0.15,"05","D",0,0,0,"D",0,"D",29000,"D",31000,"D",0,"D",0,"D",0,"D",0,"D",24000,"D",0,"D",5,"D",0,"D",3,"D",0,"D",-383,0,-322.5,-412.5,0,0,9180,9180,60000,60000,60000.01,60000.01,2677.5,2587.5,322.5,412.5,0,0,0,0,60000,60000,0,0,2677.5,2587.5,2677.5,2587.5,7984,8088,5,5,0,0,0,0,0,0,0
"03301454",1,"2015","2014",4,0.153,0.153,"3",0.0606,0.0606,"17","D",0.0358,0.0358,0,"D",0,"D",20000,"D",0,"D",3700,"D",0,"D",0,"D",0,"D",0,"D",90,"D",179,"D",0,"D",4,"D",0,"D",-7251,-817,-7106.78,-7323.17,-792.65,-829.44,3060,3060,23700,23700,20000.01,20000.01,0,0,2550,2550,0,0,4556.78,4773.17,23700,23700,0,0,0,0,0,0,5500,5500,0,0,18,18,0,0,774.65,811.44,0
"03301454",2,"2015","2014",0,0.153,0.153,"1",0.1765,0.1765,"17","D",0.04,0.04,0,"D",0,"D",10564,"D",0,"D",0,"D",0,"D",0,"D",0,"D",0,"D",0,"D",0,"D",0,"D",0,"D",0,"D",-289,89,-266.87,-299.58,91.07,88.06,1616.29,1616.29,10564,10564,10564.01,10564.01,0,0,0,0,0,0,308.27,325.98,10564,10564,0,0,41.4,26.4,41.4,26.4,3000,3000,0,0,0,0,0,0,52.41,55.42,0
"03301494",1,"2015","2014",1,0,0,"3",-0.34,-0.34,"19","D",-0.0119,-0.0119,0,"D",0,"D",0,"D",0,"D",0,"D",0,"D",0,"D",0,"D",5940,"D",0,"D",0,"D",0,"D",0,"D",0,"D",0,0,0,0,0,0,0,0,0,0,0.01,0.01,0,0,0,0,0,0,0,0,0,0,0,0,0,0,0,0,0,0,0,0,0,0,0,0,0,0,0
"03301504",1,"2015","2014",0,0.153,0.153,"2",0.2275,0.2275,"38","D",0.09,0.09,0,"D",0,"D",100000,"D",60000,"D",5,"D",0,"D",0,"D",0,"D",0,"D",4490,"D",122,"D",0,"D",0,"D",13416,"D",22295,11347,22391.14,22246.89,11362.43,11339.43,24480,24480,160005,160005,160005.01,160005.01,0,0,0,0,0,0,0,0,146589,146589,0,0,22391.14,22246.89,22391.14,22246.89,4231.2,4289.91,18028,18028,0,0,0,0,0,0,0
"03301504",2,"2015","2014",0,0.153,0.153,"1",0.15,0.15,"38","D",0.0765,0.0765,0,"D",0,"D",25034,"D",0,"D",0,"D",0,"D",0,"D",0,"D",0,"D",0,"D",0,"D",0,"D",0,"D",0,"D",1759,1476,1778.85,1748.85,1480.56,1473.62,3830.2,3830.2,25034,25034,25034.01,25034.01,0,0,0,0,0,0,0,0,25034,25034,0,0,1778.85,1748.85,1778.85,1748.85,2115.6,2144.96,0,0,0,0,0,0,0,0,0
"03301524",1,"2015","2014",2,0,0,"3",-0.4,-0.4,"47","D",0,0,0,"D",0,"D",0,"D",0,"D",0,"D",0,"D",0,"D",0,"D",0,"D",6000,"D",0,"D",0,"D",0,"D",1276,"D",0,0,0,0,0,0,0,0,0,0,0.01,0.01,0,0,0,0,0,0,0,0,0,0,0,0,0,0,0,0,0,0,0,0,0,0,0,0,0,0,0
"03301544",1,"2015","2014",1,0.153,0.153,"2",0.2598,0.2598,"44","D",0,0,0,"D",0,"D",39000,"D",0,"D",0,"D",0,"D",0,"D",0,"D",0,"D",2100,"D",0,"D",0,"D",1,"D",3544,"D",-416,0,-314.75,-466.07,0,0,5967,5967,39000,39000,0,0,1000,1000,0,0,0,0,789.75,906.07,39000,39000,0,0,1475,1440,1475,1440,0,0,0,0,0,0,0,0,0,0,0
"03301554",1,"2015","2014",0,0,0,"2",0.15,0.15,"0","T",0,0,2,"D",2,"D",0,"D",0,"D",15600,"D",24600,"D",6668,"D",0,"D",0,"D",8900,"D",307,"D",0,"D",0,"D",2600,"D",2168,0,2217.6,2142.6,0,0,0,0,43534,43534,0,0,0,0,0,0,0,0,0,0,43534,43534,0,0,2217.6,2142.6,2217.6,2142.6,0,0,0,0,0,0,0,0,0,0,0
"03301554",2,"2015","2014",0,0,0,"1",0.0235,0.0235,"0","T",0,0,0,"D",0,"D",0,"D",0,"D",0,"D",12300,"D",0,"D",0,"D",0,"D",0,"D",0,"D",0,"D",0,"D",0,"D",205,0,215,200,0,0,0,0,12300,12300,0,0,0,0,0,0,0,0,0,0,12300,12300,0,0,215,200,215,200,0,0,0,0,0,0,0,0,0,0,0
"03301584",1,"2015","2014",0,0,0,"1",0,-0.0765,"34","D",0,0,1,"D",0,"D",0,"D",0,"D",0,"D",0,"D",12130,"D",0,"D",0,"D",1900,"D",0,"D",0,"D",0,"D",240,"D",0,0,0,0,0,0,0,0,0,0,0.01,0.01,0,0,0,0,0,0,0,0,0,0,0,0,0,0,0,0,7500,7500,2140,2140,0,0,0,0,0,0,0
"03301594",1,"2015","2014",0,0.0883,0.0883,"2",0.2646,0.2646,"07","D",0.055,0.055,0,"D",0,"D",120000,"D",110000,"D",-35600,"D",0,"D",0,"D",0,"D",0,"D",5300,"D",528,"D",0,"D",0,"D",600,"D",34664,10192,34813.4,34589.9,10192,10192,34818,35004,194400,194400,194400.01,194400.01,0,0,0,0,0,0,0,0,193800,193800,0,0,34813.4,34589.9,34813.4,34589.9,0,0,0,0,0,0,0,0,0,0,0
"03301634",1,"2015","2014",2,0.153,0.153,"3",0.25,0.25,"0","T",0,0,0,"D",0,"D",17791,"D",0,"D",4330,"D",96696,"D",0,"D",0,"D",24,"D",0,"D",471,"D",0,"D",2,"D",0,"D",18769,0,18879.25,18714.25,0,0,2722.02,2722.02,118817,118817,0,0,0,0,0,0,0,0,0,0,118817,118817,0,0,18879.25,18714.25,18879.25,18714.25,0,0,0,0,0,0,0,0,0,0,0
"03301664",1,"2015","2014",1,0.153,0.153,"3",0,0,"05","D",0,0,0,"D",0,"D",12000,"D",0,"D",0,"D",0,"D",0,"D",0,"D",14040,"D",0,"D",0,"D",0,"D",1,"D",0,"D",-4341,0,-4305,-4359,0,0,1836,1836,12000,12000,12000.01,12000.01,0,0,1000,1000,0,0,3305,3359,12000,12000,0,0,0,0,0,0,7984,8088,0,0,0,0,0,0,0,0,0
"03301714",1,"2015","2014",0,0,0,"1",0,0,"23","D",0.0175,0.0175,1,"D",1,"D",0,"D",0,"D",0,"D",6000,"D",5002,"D",0,"D",0,"D",4000,"D",0,"D",0,"D",0,"D",0,"D",0,-1232,0,0,-1232.45,-1232.45,0,0,6000,6000,0.01,0.01,0,0,0,0,0,0,0,0,6000,6000,0,0,0,0,0,0,0,0,0,0,1200,1200,0,0,0,0,0
"03301794",1,"2015","2014",4,0.153,0.153,"2",0.1426,0.1426,"0","T",0,0,0,"D",0,"D",2143,"D",55466,"D",0,"D",0,"D",0,"D",560,"D",8348,"D",0,"D",0,"D",2260,"D",4,"D",0,"D",-2170,0,-2109.75,-2199.75,0,0,8814.18,8814.18,57609,57609,0,0,1890.25,1800.25,2109.75,2199.75,428.6,428.6,0,0,57609,57609,0,0,2318.85,2228.85,2318.85,2228.85,0,0,0,0,0,0,0,0,0,0,0
"03301814",1,"2015","2014",0,0.029,0.029,"2",0.2788,0.2788,"44","D",0,0,0,"D",0,"D",122000,"D",122000,"D",0,"D",0,"D",0,"D",0,"D",0,"D",16180,"D",0,"D",0,"D",0,"D",18360,"D",43040,0,43189.21,42965.71,0,0,36092,36464,244000,244000,0,0,0,0,0,0,0,0,0,0,225640,225640,0,0,43189.21,42965.71,43189.21,42965.71,0,0,0,0,0,0,0,0,0,0,0
"03301834",1,"2015","2014",0,0.153,0.153,"1",0.1488,0.1488,"10","D",0,0,0,"D",0,"D",33500,"D",0,"D",-1675,"D",0,"D",0,"D",0,"D",0,"D",690,"D",546,"D",0,"D",0,"D",7324,"D",2363,0,2373.07,2358.07,0,0,5125.5,5125.5,31825,31825,0,0,0,0,0,0,0,0,0,0,24501,24501,0,0,2373.07,2358.07,2373.07,2358.07,0,0,0,0,0,0,0,0,0,0,0
"03301834",2,"2015","2014",0,0.153,0.153,"1",0.15,0.15,"10","D",0,0,0,"D",0,"D",45500,"D",0,"D",-4500,"D",0,"D",0,"D",0,"D",0,"D",0,"D",0,"D",0,"D",0,"D",0,"D",4154,0,4173.75,4143.75,0,0,6961.5,6961.5,41000,41000,0,0,0,0,0,0,0,0,0,0,41000,41000,0,0,4173.75,4143.75,4173.75,4143.75,0,0,0,0,0,0,0,0,0,0,0
"03301844",1,"2015","2014",0,0,0,"1",0.15,0.15,"10","D",0,0,1,"D",0,"D",0,"D",0,"D",0,"D",16843,"D",17566,"D",0,"D",0,"D",3800,"D",0,"D",0,"D",0,"D",0,"D",587,0,700.6,530.6,0,0,0,0,17156,17156,0,0,0,0,0,0,0,0,0,0,17156,17156,0,0,700.6,530.6,700.6,530.6,0,0,0,0,0,0,0,0,0,0,0
"03301864",1,"2015","2014",5,0.153,0.153,"3",-0.6,-0.6,"10","D",0,0,0,"D",0,"D",8096,"D",0,"D",0,"D",0,"D",0,"D",0,"D",0,"D",2000,"D",0,"D",0,"D",3,"D",2660,"D",-4408,0,-4407.6,-4407.6,0,0,1238.69,1238.69,8096,8096,0,0,0,0,764.4,764.4,0,0,3643.2,3643.2,8096,8096,0,0,0,0,0,0,0,0,0,0,0,0,0,0,0,0,0
"03301884",1,"2015","2014",0,0.153,0.153,"2",0.15,0.15,"34","D",0.0575,0.058,0,"D",0,"D",38000,"D",32652,"D",0,"D",0,"D",0,"D",0,"D",0,"D",890,"D",40,"D",0,"D",0,"D",3012,"D",6605,3209,6645.3,6585.3,3227.82,3199.99,10809.76,10809.76,70652,70652,70652.01,70652.01,0,0,0,0,0,0,0,0,70652,70652,0,0,6645.3,6585.3,6645.3,6585.3,15000,15000,3902,3902,0,0,0,0,0,0,0
"03301904",1,"2015","2014",0,0,0,"1",0,0,"22","D",0,0,1,"D",1,"D",0,"D",0,"D",0,"D",0,"D",15142,"D",0,"D",5100,"D",0,"D",100,"D",0,"D",0,"D",0,"D",0,0,0,0,0,0,0,0,0,0,0.01,0.01,0,0,0,0,0,0,0,0,0,0,0,0,0,0,0,0,0,0,0,0,0,0,0,0,0,0,0
"03301914",1,"2015","2014",3,0.153,0.153,"2",0,0,"33","D",0,0,0,"D",0,"D",0,"D",17784,"D",0,"D",0,"D",0,"D",0,"D",4968,"D",0,"D",0,"D",0,"D",1,"D",180,"D",-7209,-2193,-7143,-7242,-2172.9,-2202.6,2720.95,2720.95,17784,17784,17784.01,17784.01,0,0,1000,1000,0,0,6143,6242,17784,17784,0,0,0,0,0,0,15650,15850,0,0,0,0,0,0,1842.9,1872.6,0
"03301934",1,"2015","2014",3,0,0,"3",-0.45,-0.45,"05","D",0,0,0,"D",0,"D",0,"D",0,"D",140,"D",6100,"D",0,"D",0,"D",0,"D",2400,"D",386,"D",0,"D",0,"D",8288,"D",0,0,0,0,0,0,0,0,6240,6240,6240.01,6240.01,0,0,0,0,0,0,0,0,6240,6240,0,0,0,0,0,0,7984,8088,11074,11074,0,0,0,0,0,0,0
"03301944",1,"2015","2014",1,0,0,"3",0,0,"10","D",0,0,1,"D",1,"D",0,"D",0,"D",5000,"D",1440,"D",17266,"D",0,"D",0,"D",860,"D",209,"D",0,"D",0,"D",600,"D",0,0,0,0,0,0,0,0,6440,6440,0,0,0,0,0,0,0,0,0,0,6440,6440,0,0,0,0,0,0,0,0,0,0,0,0,0,0,0,0,0
"03301954",1,"2015","2014",0,0.153,0.153,"1",0,0,"16","D",0,0,0,"D",0,"D",7764,"D",0,"D",0,"D",0,"D",0,"D",0,"D",3120,"D",0,"D",0,"D",0,"D",0,"D",512,"D",-501,-75,-496,-503,-74.4,-75.45,1187.89,1187.89,7764,7764,7764.01,7764.01,0,0,0,0,0,0,496,503,7764,7764,0,0,0,0,0,0,1920,1950,0,0,0,0,0,0,74.4,75.45,0
"03301964",1,"2015","2014",1,0.153,0.153,"2",0.25,0.25,"05","D",0.08,0.08,1,"D",1,"D",0,"D",26484,"D",67951,"D",4800,"D",29612,"D",0,"D",0,"D",4500,"D",65,"D",0,"D",0,"D",4800,"D",16301,2836,16451.3,16226.3,2872.81,2818.28,4052.05,4052.05,124405.2,124405.2,99235.01,99235.01,0,0,0,0,0,0,0,0,124405.2,124405.2,0,0,16451.3,16226.3,16451.3,16226.3,7984,8088,9365,9365,0,0,0,0,0,0,0
"03301974",1,"2015","2014",0,0,0,"1",0,0,"43","D",0,0,1,"D",1,"D",0,"D",0,"D",0,"D",0,"D",21442,"D",0,"D",0,"D",700,"D",321,"D",0,"D",0,"D",600,"D",0,0,0,0,0,0,0,0,0,0,0,0,0,0,0,0,0,0,0,0,0,0,0,0,0,0,0,0,0,0,0,0,0,0,0,0,0,0,0
"03301984",1,"2015","2014",0,0.029,0.029,"1",0.266,0.266,"25","D",0.05,0.05,0,"D",0,"D",120000,"D",0,"D",0,"D",0,"D",0,"D",0,"D",0,"D",3900,"D",250,"D",0,"D",0,"D",0,"D",22933,5343,23011.85,22893.35,5342.5,5342.5,17988,18174,120000,120000,120000.01,120000.01,0,0,0,0,0,0,0,0,120000,120000,0,0,23011.85,22893.35,23011.85,22893.35,2300,2300,4150,4150,0,0,0,0,0,0,0
"03302014",1,"2015","2014",3,0.153,0.153,"2",0.3106,0.3106,"05","D",0,0,0,"D",0,"D",0,"D",42000,"D",0,"D",0,"D",0,"D",0,"D",0,"D",1500,"D",0,"D",0,"D",1,"D",2252,"D",-2362,0,-2211.36,-2437.49,0,0,6426,6426,42000,42000,42000.01,42000.01,985,940,15,60,0,0,2196.36,2377.49,42000,42000,0,0,985,940,985,940,7984,8088,3752,3752,0,0,0,0,0,0,0
"03302014",2,"2015","2014",3,0,0,"3",-0.45,-0.45,"05","D",0,0,0,"D",0,"D",0,"D",0,"D",0,"D",0,"D",0,"D",0,"D",0,"D",0,"D",0,"D",0,"D",1,"D",0,"D",0,0,0,0,0,0,0,0,0,0,0.01,0.01,0,0,0,0,0,0,0,0,0,0,0,0,0,0,0,0,7984,8088,0,0,0,0,0,0,0,0,0
"03302054",1,"2015","2014",6,0,0,"3",-0.0765,-0.0765,"03","D",0,0,0,"D",0,"D",0,"D",0,"D",4080,"D",0,"D",0,"D",0,"D",0,"D",60,"D",0,"D",0,"D",4,"D",0,"D",0,-100,0,0,-100,-100,0,0,4080,4080,4080.01,4080.01,0,0,0,0,0,0,0,0,4080,4080,0,0,0,0,0,0,10018,10182,60.06,60.06,0,0,0,0,0,0,0
"03302064",1,"2015","2014",0,0.153,0.153,"1",0.2329,0.2329,"28","D",0.0684,0.0684,0,"D",0,"D",45500,"D",0,"D",7680,"D",21456,"D",0,"D",0,"D",0,"D",2800,"D",228,"D",0,"D",0,"D",12048,"D",8933,3103,8980.32,8909.15,3113.7,3098.39,6961.5,6961.5,74636,74636,74636.01,74636.01,0,0,0,0,0,0,0,0,62588,62588,0,0,8980.32,8909.15,8980.32,8909.15,0,0,15076,15076,0,0,0,0,0,0,0
"03302064",2,"2015","2014",0,0.153,0.153,"1",0.25,0.25,"28","D",0.0684,0.0684,0,"D",0,"D",62000,"D",0,"D",-1200,"D",0,"D",0,"D",0,"D",0,"D",0,"D",0,"D",0,"D",0,"D",0,"D",8452,2760,8518.75,8418.75,2774.44,2752.28,9486,9486,60800,60800,60800.01,60800.01,0,0,0,0,0,0,0,0,60800,60800,0,0,8518.75,8418.75,8518.75,8418.75,6200,6300,0,0,0,0,0,0,0,0,0
"03302084",1,"2015","2014",0,0,0,"1",0.1488,0.1488,"05","D",0.02,0.02,1,"D",1,"D",0,"D",0,"D",22400,"D",17400,"D",16474,"D",0,"D",0,"D",540,"D",455,"D",0,"D",0,"D",21600,"D",3526,49,3536.42,3521.42,50.61,47.61,0,0,53802.9,53802.9,39800.01,39800.01,0,0,0,0,0,0,0,0,32202.9,32202.9,0,0,3536.42,3521.42,3536.42,3521.42,3992,4044,22595,22595,0,0,0,0,0,0,0
"03302084",2,"2015","2014",0,0,0,"1",0.15,0.15,"05","D",0,0,1,"D",1,"D",0,"D",0,"D",0,"D",17400,"D",17842,"D",0,"D",0,"D",0,"D",0,"D",0,"D",0,"D",0,"D",626,0,636.05,621.05,0,0,0,0,18060.5,18060.5,17400.01,17400.01,0,0,0,0,0,0,0,0,18060.5,18060.5,0,0,636.05,621.05,636.05,621.05,3992,4044,0,0,0,0,0,0,0,0,0
"03302114",1,"2015","2014",2,0,0,"3",-0.4,-0.4,"03","D",0,0,0,"D",0,"D",0,"D",0,"D",0,"D",200,"D",0,"D",0,"D",18000,"D",0,"D",20,"D",0,"D",0,"D",380,"D",0,-75,0,0,-75,-75,0,0,200,200,200.01,200.01,0,0,0,0,0,0,0,0,200,200,0,0,0,0,0,0,10018,10182,421.75,421.75,0,0,0,0,0,0,0
"03302134",1,"2015","2014",0,0.153,0.153,"2",0.25,0.25,"05","D",0.08,0.08,0,"D",0,"D",61698,"D",36957,"D",0,"D",0,"D",0,"D",0,"D",23640,"D",0,"D",220,"D",0,"D",0,"D",3600,"D",11168,3339,11301.25,11101.25,3377.89,3320.04,15094.21,15094.21,98655,98655,98655.01,98655.01,0,0,0,0,0,0,0,0,98655,98655,0,0,11301.25,11101.25,11301.25,11101.25,7984,8088,3820,3820,0,0,0,0,0,0,0
"03302144",1,"2015","2014",2,0.153,0.0827,"2",0.28,0.28,"10","D",0,0,0,"D",0,"D",118000,"D",90000,"D",-4500,"D",0,"D",0,"D",0,"D",0,"D",2200,"D",170,"D",0,"D",2,"D",6444,"D",36126,0,36331,36023.5,0,0,31700,31824,203500,203500,0,0,0,0,0,0,0,0,0,0,203500,203500,0,0,36331,36023.5,36331,36023.5,0,0,0,0,0,0,0,0,0,0,0
"03302174",1,"2015","2014",4,0.153,0.153,"2",0.15,0.15,"28","D",0.0684,0.0684,0,"D",0,"D",65000,"D",0,"D",6899,"D",0,"D",0,"D",0,"D",0,"D",2100,"D",0,"D",0,"D",4,"D",6684,"D",402,1602,462.35,372.35,1637.33,1585.02,9945,9945,71899,71899,71899.01,71899.01,4000,4000,0,0,0,0,0,0,71899,71899,0,0,4462.35,4372.35,4462.35,4372.35,12400,12600,0,0,0,0,0,0,0,0,0
"03302214",1,"2015","2014",0,0.153,0.153,"2",0.325,0.325,"22","D",0.0515,0.052,1,"D",1,"D",70000,"D",72000,"D",6000,"D",65000,"D",19740,"D",0,"D",0,"D",8400,"D",12440,"D",0,"D",0,"D",21220,"D",35934,10308,36263.18,35769.18,10374,10274.25,21726,21726,229779,229779,213000.01,213000.01,0,0,0,0,0,0,0,0,208559,208559,1571.58,1273.15,34691.6,34496.03,34691.6,34496.03,0,0,0,0,0,0,0,0,0,0,0
"03302224",1,"2015","2014",1,0.038,0.038,"2",0.35,0.35,"09","D",0.085,0.085,0,"D",0,"D",145000,"D",148000,"D",-17640,"D",0,"D",0,"D",0,"D",0,"D",5500,"D",27517,"D",0,"D",1,"D",26952,"D",48956,15362,49349.8,48759.8,15468.36,15308.24,37900,38272,275360,275360,275360.01,275360.01,0,0,0,0,0,0,0,0,248408,248408,9442.46,9045.13,39907.34,39714.67,39907.34,39714.67,4150,8350,59969,59969,0,0,0,0,0,0,0
"03302244",1,"2015","2014",1,0.153,0.153,"2",0.1414,0.1414,"47","D",0.0575,0.0575,0,"D",0,"D",52668,"D",30595,"D",0,"D",0,"D",0,"D",0,"D",0,"D",3100,"D",1420,"D",0,"D",1,"D",12640,"D",5737,3126,5761.63,5724.13,3125.5,3125.5,12739.24,12739.24,83263,83263,83263.01,83263.01,1000,1000,0,0,0,0,0,0,70623,70623,0,0,6761.63,6724.13,6761.63,6724.13,6000,6000,17160,17160,0,0,0,0,0,0,0
"03302284",1,"2015","2014",3,0.153,0.153,"2",0.3106,0.3106,"33","D",0.1082,0.1082,0,"D",0,"D",13287,"D",25728,"D",0,"D",0,"D",0,"D",0,"D",0,"D",1200,"D",0,"D",0,"D",0,"D",2616,"D",-2289,-358,-2138.5,-2364.63,-314.07,-379.37,5969.29,5969.29,39015,39015,39015.01,39015.01,0,0,0,0,0,0,2825,3006.13,39015,39015,0,0,686.5,641.5,686.5,641.5,15650,15850,0,0,0,0,0,0,847.5,901.84,0
"03302284",2,"2015","2014",3,0,0,"3",-0.45,-0.45,"33","D",-0.135,-0.135,0,"D",0,"D",0,"D",0,"D",0,"D",0,"D",0,"D",0,"D",0,"D",0,"D",0,"D",0,"D",0,"D",0,"D",0,-300,0,0,-300,-300,0,0,0,0,0.01,0.01,0,0,0,0,0,0,0,0,0,0,0,0,0,0,0,0,10950,11100,0,0,0,0,0,0,0,0,0
"03302304",1,"2015","2014",0,0,0,"1",0.2267,0.254,"05","D",0.093,0.093,1,"D",1,"D",0,"D",0,"D",0,"D",96696,"D",23062,"D",0,"D",0,"D",16180,"D",20,"D",0,"D",0,"D",900,"D",18462,4672,18530.72,18428.21,4695.22,4660.86,0,0,116298.7,116298.7,96696.01,96696.01,0,0,0,0,0,0,0,0,115398.7,115398.7,0,0,18530.73,18428.21,18530.72,18428.21,3992,4044,17100,17100,0,0,0,0,0,0,0
"03302314",1,"2015","2014",0,0,0,"1",0,0,"47","D",0,0,1,"D",1,"D",0,"D",0,"D",0,"D",0,"D",13462,"D",0,"D",43356,"D",0,"D",400,"D",0,"D",0,"D",1440,"D",0,0,0,0,0,0,0,0,0,0,0.01,0.01,0,0,0,0,0,0,0,0,0,0,0,0,0,0,0,0,0,0,0,0,0,0,0,0,0,0,0
"03302324",1,"2015","2014",2,0,0,"3",-0.4,-0.4,"05","D",0,0,0,"D",0,"D",0,"D",0,"D",0,"D",3500,"D",0,"D",0,"D",0,"D",5000,"D",125,"D",0,"D",0,"D",21768,"D",0,0,0,0,0,0,0,0,3500,3500,3500.01,3500.01,0,0,0,0,0,0,0,0,3500,3500,0,0,0,0,0,0,7984,8088,26893,26893,0,0,0,0,0,0,0
"03302334",1,"2015","2014",0,0,0,"1",0,0,"05","D",0,0,1,"D",1,"D",0,"D",0,"D",0,"D",263,"D",12226,"D",0,"D",0,"D",700,"D",60,"D",0,"D",0,"D",1200,"D",0,0,0,0,0,0,0,0,263,263,263.01,263.01,0,0,0,0,0,0,0,0,263,263,0,0,0,0,0,0,3992,4044,1960,1960,0,0,0,0,0,0,0
"03302374",1,"2015","2014",1,0.153,0.153,"3",0.2598,0.2598,"44","D",0,0,0,"D",0,"D",26400,"D",0,"D",0,"D",0,"D",0,"D",0,"D",1936,"D",0,"D",0,"D",0,"D",0,"D",600,"D",-1082,0,-995.51,-1125.65,0,0,4039.2,4039.2,26400,26400,0,0,0,0,0,0,0,0,1935.51,2040.65,26400,26400,0,0,940,915,940,915,0,0,0,0,0,0,0,0,0,0,0
"03302384",1,"2015","2014",0,0,0,"1",0,0,"50","D",0.0703,0.0703,1,"D",1,"D",0,"D",0,"D",8000,"D",720,"D",17938,"D",0,"D",0,"D",2900,"D",226,"D",0,"D",0,"D",0,"D",0,-411,0,0,-410.63,-410.63,0,0,8720,8720,8720.01,8720.01,0,0,0,0,0,0,0,0,8720,8720,0,0,0,0,0,0,10080,10249.92,0,0,410.63,410.63,0,0,0,0,0
"03302394",1,"2015","2014",0,0.153,0.153,"2",0.15,0.15,"22","D",0.0494,0.0499,1,"D",1,"D",15000,"D",42000,"D",-2145,"D",0,"D",23062,"D",0,"D",0,"D",4000,"D",400,"D",0,"D",0,"D",576,"D",6991,2225,7036.16,6968.66,2239.12,2217.59,8721,8721,74457.7,74457.7,54855.01,54855.01,0,0,0,0,0,0,0,0,74457.7,74457.7,0,0,7036.16,6968.66,7036.16,6968.66,0,0,0,0,0,0,0,0,0,0,0
"03302414",1,"2015","2014",2,0.153,0.153,"2",0.3097,0.3097,"10","D",0,0,0,"D",0,"D",29000,"D",12500,"D",0,"D",0,"D",0,"D",0,"D",0,"D",4300,"D",0,"D",0,"D",2,"D",12420,"D",-2912,0,-2785.28,-2975.42,0,0,6349.5,6349.5,41500,41500,0,0,833.37,813.37,1166.63,1186.63,0,0,1618.66,1788.79,29080,29080,0,0,833.37,813.37,833.37,813.37,0,0,0,0,0,0,0,0,0,0,0
"03302424",1,"2015","2014",1,0.153,0.153,"2",0.141,0.141,"11","D",0.06,0.06,0,"D",0,"D",60000,"D",24676,"D",0,"D",0,"D",0,"D",0,"D",0,"D",780,"D",30,"D",0,"D",0,"D",6504,"D",8331,3758,8355.64,8318.14,3757.72,3757.72,12955.43,12955.43,84676,84676,84676.01,84676.01,0,0,0,0,0,0,0,0,78172,78172,0,0,8355.64,8318.14,8355.64,8318.14,3000,3000,7314,7314,0,0,0,0,0,0,0
"03302424",2,"2015","2014",0,0.153,0.153,"1",0.15,0.15,"11","D",0.06,0.06,0,"D",0,"D",23585,"D",0,"D",0,"D",0,"D",0,"D",0,"D",0,"D",0,"D",0,"D",0,"D",0,"D",0,"D",1542,925,1561.5,1531.5,925.1,925.1,3608.5,3608.5,23585,23585,23585.01,23585.01,0,0,0,0,0,0,0,0,23585,23585,0,0,1561.5,1531.5,1561.5,1531.5,2300,2300,0,0,0,0,0,0,0,0,0
"03302434",1,"2015","2014",0,0.153,0.153,"1",0.2339,0.2339,"33","D",0.0645,0.0645,0,"D",0,"D",36000,"D",0,"D",36934,"D",0,"D",0,"D",0,"D",13200,"D",5200,"D",45,"D",0,"D",0,"D",4300,"D",9727,3755,9776.07,9703.02,3759.7,3751.94,5508,5508,72934,72934,72934.01,72934.01,0,0,0,0,0,0,0,0,68634,68634,0,0,9776.07,9703.02,9776.07,9703.02,7800,7900,9545,9545,0,0,0,0,0,0,0
"03302454",1,"2015","2014",1,0.153,0.153,"2",0.1493,0.1493,"39","D",0,0,2,"D",2,"D",2400,"D",0,"D",13801,"D",50172,"D",26144,"D",0,"D",0,"D",2400,"D",1366,"D",0,"D",0,"D",16600,"D",7401,0,7426.43,7388.93,0,0,367.2,367.2,88595.4,88595.4,16201.01,16201.01,0,0,0,0,0,0,0,0,71995.4,71995.4,0,0,7426.43,7388.93,7426.43,7388.93,0,0,0,0,0,0,0,0,0,0,0
"03302484",1,"2015","2014",2,0.153,0.153,"3",0.356,0.356,"39","D",0.0307,0.0307,0,"D",0,"D",38244,"D",0,"D",0,"D",0,"D",0,"D",0,"D",0,"D",6400,"D",136,"D",0,"D",0,"D",2032,"D",564,1174,689.47,501.58,1174.09,1174.09,5851.33,5851.33,38244,38244,38244.01,38244.01,0,0,0,0,0,0,1160.81,1316.2,36212,36212,0,0,1850.29,1817.79,1850.29,1817.79,0,0,0,0,0,0,0,0,0,0,0
"03302514",1,"2015","2014",0,0.153,0.153,"1",0.15,0.15,"28","D",0.0351,0.0351,0,"D",0,"D",24006,"D",0,"D",0,"D",0,"D",0,"D",0,"D",7020,"D",1400,"D",30,"D",0,"D",0,"D",0,"D",1605,461,1624.65,1594.65,465.49,459.48,3672.92,3672.92,24006,24006,24006.01,24006.01,0,0,0,0,0,0,0,0,24006,24006,0,0,1624.65,1594.65,1624.65,1594.65,6200,6300,0,0,0,0,0,0,0,0,0
"03302524",1,"2015","2014",0,0.153,0.153,"1",0.25,0.25,"33","D",0.0645,0.0645,0,"D",0,"D",55000,"D",0,"D",4200,"D",0,"D",0,"D",0,"D",16980,"D",0,"D",265,"D",0,"D",0,"D",400,"D",8052,2977,8118.75,8018.75,2986.41,2972.2,8415,8415,59200,59200,59200.01,59200.01,0,0,0,0,0,0,0,0,59200,59200,0,0,8118.75,8018.75,8118.75,8018.75,7800,7900,0,0,0,0,0,0,0,0,0
"03302584",1,"2015","2014",0,0,0,"1",0.225,0.225,"43","D",0,0,1,"D",1,"D",0,"D",0,"D",17470,"D",2032,"D",24442,"D",0,"D",0,"D",500,"D",620,"D",0,"D",0,"D",0,"D",1201,0,1220.78,1190.78,0,0,0,0,22863.5,22863.5,0,0,0,0,0,0,0,0,0,0,22863.5,22863.5,0,0,1220.78,1190.78,1220.78,1190.78,0,0,0,0,0,0,0,0,0,0,0
"03302584",2,"2015","2014",1,0,0,"3",-0.34,-0.34,"43","D",0,0,0,"D",0,"D",0,"D",0,"D",0,"D",0,"D",0,"D",0,"D",0,"D",0,"D",0,"D",0,"D",0,"D",0,"D",0,0,0,0,0,0,0,0,0,0,0,0,0,0,0,0,0,0,0,0,0,0,0,0,0,0,0,0,0,0,0,0,0,0,0,0,0,0,0
"03302594",1,"2015","2014",2,0.153,0.153,"3",0.3106,0.3106,"37","D",0.0505,0.0505,0,"D",0,"D",22463,"D",0,"D",0,"D",0,"D",0,"D",0,"D",0,"D",6000,"D",0,"D",0,"D",0,"D",380,"D",-4457,-172,-4332.99,-4518.38,-162.69,-176.46,3436.84,3436.84,22463,22463,22463.01,22463.01,0,0,0,0,0,0,4484.29,4639.68,22463,22463,0,0,151.3,121.3,151.3,121.3,9100,9250,0,0,0,0,0,0,224.21,231.98,0
"03302614",1,"2015","2014",2,0.153,0.153,"3",0.3606,0.3606,"11","D",0.06,0.06,0,"D",0,"D",42404,"D",0,"D",0,"D",0,"D",0,"D",0,"D",9600,"D",0,"D",25,"D",0,"D",0,"D",0,"D",2146,1624,2285.88,2075.49,1624.24,1624.24,6487.81,6487.81,42404,42404,42404.01,42404.01,0,0,0,0,0,0,284.72,440.11,42404,42404,0,0,2570.6,2515.6,2570.6,2515.6,2300,2300,0,0,0,0,0,0,0,0,0
"03302614",2,"2015","2014",2,0,0,"3",-0.4,-0.4,"11","D",0,0,0,"D",0,"D",0,"D",0,"D",0,"D",0,"D",0,"D",0,"D",0,"D",0,"D",0,"D",0,"D",0,"D",0,"D",0,0,0,0,0,0,0,0,0,0,0.01,0.01,0,0,0,0,0,0,0,0,0,0,0,0,0,0,0,0,2300,2300,0,0,0,0,0,0,0,0,0
"03302624",1,"2015","2014",0,0.029,0.029,"1",0.2698,0.2698,"01","D",0.0365,0.0365,0,"D",0,"D",155000,"D",0,"D",-30525,"D",0,"D",0,"D",0,"D",0,"D",780,"D",860,"D",0,"D",0,"D",7856,"D",23057,4030,23135.79,23017.24,4029.64,4029.83,19003,19189,124475,124475,124475.01,124475.01,0,0,0,0,0,0,0,0,116619,116619,0,0,23135.79,23017.24,23135.79,23017.24,2000,2000,18446.5,18561.25,0,0,0,0,0,0,0
"03302654",1,"2015","2014",0,0.038,0.038,"1",0.3287,0.3287,"44","D",0,0,0,"D",0,"D",228786,"D",0,"D",0,"D",0,"D",0,"D",0,"D",0,"D",8000,"D",1500,"D",0,"D",0,"D",19080,"D",47941,0,48120.45,47851.95,0,0,21401.87,21587.87,228786,228786,0,0,0,0,0,0,0,0,0,0,209706,209706,0,0,48120.45,47851.95,48120.45,47851.95,0,0,0,0,0,0,0,0,0,0,0
"03302694",1,"2015","2014",0,0.153,0.153,"1",0.25,0.25,"47","D",0.0575,0.0575,0,"D",0,"D",72500,"D",0,"D",-1500,"D",0,"D",0,"D",0,"D",16320,"D",0,"D",1000,"D",0,"D",0,"D",600,"D",11002,3599,11068.75,10968.75,3599.03,3599.03,11092.5,11092.5,71000,71000,71000.01,71000.01,0,0,0,0,0,0,0,0,71000,71000,0,0,11068.75,10968.75,11068.75,10968.75,3000,3000,0,0,0,0,0,0,0,0,0
"03302694",2,"2015","2014",0,0.153,0.153,"1",0.15,0.15,"47","D",0.0575,0.0575,0,"D",0,"D",40000,"D",0,"D",0,"D",0,"D",0,"D",0,"D",0,"D",0,"D",0,"D",0,"D",0,"D",0,"D",4004,1817,4023.75,3993.75,1816.53,1816.53,6120,6120,40000,40000,40000.01,40000.01,0,0,0,0,0,0,0,0,40000,40000,0,0,4023.75,3993.75,4023.75,3993.75,3000,3000,0,0,0,0,0,0,0,0,0
"03302714",1,"2015","2014",0,0.153,0.153,"1",0.15,0.15,"34","D",0.0575,0.058,0,"D",0,"D",28000,"D",0,"D",-650,"D",0,"D",0,"D",0,"D",9228,"D",0,"D",0,"D",0,"D",0,"D",0,"D",2106,1145,2126.25,2096.25,1151.3,1141.38,4284,4284,27350,27350,27350.01,27350.01,0,0,0,0,0,0,0,0,27350,27350,0,0,2126.25,2096.25,2126.25,2096.25,7500,7500,0,0,0,0,0,0,0,0,0
"03302714",2,"2015","2014",0,0.153,0.153,"1",0.15,0.15,"34","D",0.0575,0.058,0,"D",0,"D",38000,"D",0,"D",-1200,"D",0,"D",0,"D",0,"D",0,"D",0,"D",0,"D",0,"D",0,"D",0,"D",3524,1690,3543.75,3513.75,1699.4,1684.75,5814,5814,36800,36800,36800.01,36800.01,0,0,0,0,0,0,0,0,36800,36800,0,0,3543.75,3513.75,3543.75,3513.75,7500,7500,0,0,0,0,0,0,0,0,0
"03302724",1,"2015","2014",0,0.153,0.153,"2",0.141,0.141,"05","D",0.06,0.06,0,"D",0,"D",60000,"D",16000,"D",0,"D",0,"D",0,"D",0,"D",0,"D",3600,"D",505,"D",0,"D",0,"D",10968,"D",6821,1371,6838.06,6812.36,1389.9,1361.28,11628,11628,76000,76000,76000.01,76000.01,0,0,0,0,0,0,0,0,65032,65032,0,0,6838.06,6812.36,6838.06,6812.36,7984,8088,15073,15073,0,0,0,0,0,0,0
"03302724",2,"2015","2014",2,0,0,"3",-0.4,-0.4,"05","D",0,0,0,"D",0,"D",0,"D",0,"D",0,"D",0,"D",0,"D",0,"D",0,"D",0,"D",0,"D",0,"D",0,"D",0,"D",0,0,0,0,0,0,0,0,0,0,0.01,0.01,0,0,0,0,0,0,0,0,0,0,0,0,0,0,0,0,7984,8088,0,0,0,0,0,0,0,0,0
"03302724",3,"2015","2014",2,0,0,"3",-0.4,-0.4,"05","D",0,0,0,"D",0,"D",0,"D",0,"D",0,"D",0,"D",0,"D",0,"D",0,"D",0,"D",0,"D",0,"D",0,"D",0,"D",0,0,0,0,0,0,0,0,0,0,0.01,0.01,0,0,0,0,0,0,0,0,0,0,0,0,0,0,0,0,7984,8088,0,0,0,0,0,0,0,0,0
"03302734",1,"2015","2014",3,0,0,"3",-0.45,-0.45,"44","D",0,0,0,"D",0,"D",0,"D",0,"D",0,"D",0,"D",0,"D",0,"D",0,"D",240,"D",0,"D",0,"D",0,"D",1740,"D",0,0,0,0,0,0,0,0,0,0,0,0,0,0,0,0,0,0,0,0,0,0,0,0,0,0,0,0,0,0,0,0,0,0,0,0,0,0,0
"03302754",1,"2015","2014",0,0,0,"1",0,0,"01","D",0.0185,0.0185,1,"D",1,"D",0,"D",0,"D",5319,"D",0,"D",18103,"D",0,"D",0,"D",0,"D",0,"D",0,"D",0,"D",3600,"D",0,4,0,0,4.38,4.38,0,0,5319,5319,5319.01,5319.01,0,0,0,0,0,0,0,0,5319,5319,0,0,0,0,0,0,2500,2500,3600,3600,0,0,0,0,0,0,0
"03302784",1,"2015","2014",0,0,0,"1",0,-0.0765,"0","T",0,0,1,"D",0,"D",0,"D",0,"D",0,"D",0,"D",25733,"D",0,"D",0,"D",2100,"D",0,"D",0,"D",0,"D",2256,"D",0,0,0,0,0,0,0,0,0,0,0,0,0,0,0,0,0,0,0,0,0,0,0,0,0,0,0,0,0,0,0,0,0,0,0,0,0,0,0
"03302794",1,"2015","2014",0,0.153,0.153,"1",0.15,0.15,"24","D",0.067,0.067,0,"D",0,"D",28000,"D",0,"D",-238,"D",0,"D",0,"D",0,"D",9540,"D",1200,"D",40,"D",0,"D",0,"D",0,"D",2168,95,2188.05,2158.05,100.68,92.65,4284,4284,27762,27762,27762.01,27762.01,0,0,0,0,0,0,0,0,27762,27762,0,0,2188.05,2158.05,2188.05,2158.05,6200,6300,0,0,841.56,841.56,0,0,0,0,0
"03302794",2,"2015","2014",0,0.153,0.153,"1",0.15,0.15,"24","D",0.0535,0.0535,0,"D",0,"D",26559,"D",0,"D",0,"D",0,"D",0,"D",0,"D",0,"D",0,"D",0,"D",0,"D",0,"D",0,"D",1988,873,2007.6,1977.6,877.88,869.86,4063.53,4063.53,26559,26559,26559.01,26559.01,0,0,0,0,0,0,0,0,26559,26559,0,0,2007.6,1977.6,2007.6,1977.6,6200,6300,0,0,0,0,0,0,0,0,0
"03302814",1,"2015","2014",2,0.153,0.153,"2",0.15,0.15,"10","D",0,0,0,"D",0,"D",0,"D",90000,"D",190,"D",0,"D",0,"D",0,"D",26400,"D",0,"D",4442,"D",0,"D",2,"D",0,"D",6341,0,6391,6316,0,0,13770,13770,90190,90190,0,0,2000,2000,0,0,0,0,0,0,90190,90190,0,0,8391,8316,8391,8316,0,0,0,0,0,0,0,0,0,0,0
"03302864",1,"2015","2014",1,0.153,0.153,"3",0.15,0.15,"23","D",0.0425,0.0425,0,"D",0,"D",62109,"D",0,"D",0,"D",0,"D",0,"D",0,"D",0,"D",6000,"D",400,"D",0,"D",1,"D",0,"D",5087,2300,5118.85,5071.35,2299.63,2299.63,9502.68,9502.68,62109,62109,62109.01,62109.01,1000,1000,0,0,0,0,0,0,62109,62109,0,0,6118.85,6071.35,6118.85,6071.35,0,0,0,0,0,0,0,0,0,0,0
"03302864",2,"2015","2014",0,0.153,0.153,"1",0.15,0.15,"23","D",0.0425,0.0425,0,"D",0,"D",26194,"D",0,"D",0,"D",0,"D",0,"D",0,"D",0,"D",0,"D",0,"D",0,"D",0,"D",0,"D",1933,943,1952.85,1922.85,943.25,943.25,4007.68,4007.68,26194,26194,26194.01,26194.01,0,0,0,0,0,0,0,0,26194,26194,0,0,1952.85,1922.85,1952.85,1922.85,0,0,0,0,0,0,0,0,0,0,0
"03302874",1,"2015","2014",0,0,0,"1",0,0,"12","D",0,0,1,"D",1,"D",0,"D",0,"D",0,"D",3600,"D",17062,"D",0,"D",9600,"D",0,"D",12,"D",0,"D",0,"D",0,"D",0,-185,0,0,-185,-185,0,0,3600,3600,3600.01,3600.01,0,0,0,0,0,0,0,0,3600,3600,0,0,0,0,0,0,2200,2200,330.6,330.6,0,0,0,0,0,0,0
"03302884",1,"2015","2014",2,0.153,0.153,"3",0.3106,0.3106,"33","D",0.1082,0.1082,0,"D",0,"D",29000,"D",0,"D",0,"D",0,"D",0,"D",0,"D",13872,"D",0,"D",0,"D",0,"D",0,"D",0,"D",-2426,-509,-2302.6,-2487.99,-472.28,-527.12,4437,4437,29000,29000,29000.01,29000.01,0,0,0,0,0,0,3107.6,3262.99,29000,29000,0,0,805,775,805,775,10950,11100,0,0,0,0,0,0,882.99,929.61,0
"03302904",1,"2015","2014",0,0.153,0.153,"1",0.15,0.15,"33","D",0.0406,0.0406,1,"D",1,"D",15000,"D",0,"D",760,"D",0,"D",18502,"D",0,"D",0,"D",3500,"D",42,"D",0,"D",0,"D",3156,"D",397,269,406.55,391.55,271.77,267.77,2295,2295,15765.5,15765.5,15760.01,15760.01,0,0,0,0,0,0,0,0,15765.5,15765.5,0,0,406.55,391.55,406.55,391.55,7800,7900,0,0,0,0,0,0,0,0,0
"03302914",1,"2015","2014",1,0.153,0.153,"2",0.1442,0.1442,"01","D",0.039,0.039,0,"D",0,"D",37290,"D",35163,"D",-9600,"D",0,"D",0,"D",0,"D",0,"D",1600,"D",485,"D",0,"D",1,"D",14496,"D",2986,1632,3011.18,2973.39,1630.91,1632.8,11085.31,11085.31,62853,62853,62853.01,62853.01,1000,1000,0,0,0,0,0,0,48357,48357,0,0,4011.18,3973.39,4011.18,3973.39,4000,4000,22123.66,22123.66,0,0,0,0,0,0,0
"03302934",1,"2015","2014",1,0.153,0.153,"3",0.1414,0.1414,"47","D",0.0575,0.0575,0,"D",0,"D",58000,"D",0,"D",0,"D",0,"D",0,"D",0,"D",0,"D",850,"D",35,"D",0,"D",0,"D",7376,"D",5237,2496,5254.02,5229.02,2495.54,2495.54,8874,8874,58000,58000,58000.01,58000.01,0,0,0,0,0,0,0,0,50624,50624,0,0,5254.02,5229.02,5254.02,5229.02,3000,3000,8261,8261,0,0,0,0,0,0,0
"03302944",1,"2015","2014",0,0.038,0.038,"1",0.3286,0.3286,"48","D",0,0,0,"D",0,"D",228786,"D",0,"D",-17600,"D",0,"D",0,"D",0,"D",0,"D",4500,"D",0,"D",0,"D",0,"D",8012,"D",47414,0,47592.86,47324.36,0,0,21401.87,21587.87,211186,211186,0,0,0,0,0,0,0,0,0,0,203174,203174,0,0,47592.86,47324.36,47592.86,47324.36,0,0,0,0,0,0,0,0,0,0,0
"03302954",1,"2015","2014",0,0,0,"1",0,0,"07","D",0,0,1,"D",1,"D",0,"D",0,"D",0,"D",0,"D",13846,"D",0,"D",2700,"D",0,"D",80,"D",0,"D",0,"D",240,"D",0,0,0,0,0,0,0,0,0,0,0.01,0.01,0,0,0,0,0,0,0,0,0,0,0,0,0,0,0,0,0,0,0,0,0,0,0,0,0,0,0
"03302974",1,"2015","2014",1,0,0,"3",-0.34,-0.34,"11","D",0,0,0,"D",0,"D",0,"D",0,"D",0,"D",0,"D",21180,"D",0,"D",0,"D",500,"D",45,"D",0,"D",1,"D",1880,"D",0,0,0,0,0,0,0,0,0,0,0.01,0.01,0,0,0,0,0,0,0,0,0,0,0,0,0,0,0,0,2300,2300,0,0,0,0,0,0,0,0,0
"03303004",1,"2015","2014",1,0.029,0.029,"2",0.2305,0.2306,"33","D",0.078,0.0777,0,"D",0,"D",151000,"D",0,"D",0,"D",0,"D",0,"D",0,"D",0,"D",1100,"D",0,"D",0,"D",1,"D",3328,"D",23193,8365,23235.65,23172.34,8629.4,8232.65,18887,19073,151000,151000,151000.01,151000.01,0,0,0,0,0,0,0,0,147672,147672,0,0,23235.65,23172.34,23235.65,23172.34,15650,15850,4428,4428,0,0,0,0,0,0,0
"03303014",1,"2015","2014",2,0,0,"3",-0.4,-0.4,"34","D",0,0,0,"D",0,"D",0,"D",0,"D",0,"D",0,"D",0,"D",0,"D",12224,"D",0,"D",0,"D",0,"D",0,"D",370,"D",0,0,0,0,0,0,0,0,0,0,0.01,0.01,0,0,0,0,0,0,0,0,0,0,0,0,0,0,0,0,12000,12000,370,370,0,0,0,0,0,0,0
"03303034",1,"2015","2014",0,0.153,0.153,"2",0.15,0.1454,"39","D",0.0307,0.0307,0,"D",0,"D",50000,"D",40440,"D",-3818,"D",0,"D",0,"D",0,"D",0,"D",4900,"D",180,"D",0,"D",0,"D",4824,"D",8993,2659,9016.31,8980.8,2659.3,2659.3,13837.32,13837.32,86622,86622,86622.01,86622.01,0,0,0,0,0,0,0,0,81798,86622,0,0,9016.31,8980.8,9016.31,8980.8,0,0,0,0,0,0,0,0,0,0,0
"03303044",1,"2015","2014",0,0.029,0.029,"2",0.25,0.25,"05","D",0.093,0.093,0,"D",0,"D",0,"D",123240,"D",118,"D",0,"D",0,"D",0,"D",0,"D",2600,"D",30,"D",0,"D",0,"D",0,"D",17344,5480,17477,17277,5531.36,5454.98,18081.96,18267.96,123358,123358,123358.01,123358.01,0,0,0,0,0,0,0,0,123358,123358,0,0,17477,17277,17477,17277,7984,8088,2630,2630,0,0,0,0,0,0,0
"03303084",1,"2015","2014",2,0,0,"3",-0.4,-0.4,"18","D",0,0,0,"D",0,"D",0,"D",0,"D",0,"D",0,"D",0,"D",0,"D",0,"D",1300,"D",0,"D",0,"D",0,"D",4236,"D",0,0,0,0,0,0,0,0,0,0,0.01,0.01,0,0,0,0,0,0,0,0,0,0,0,0,0,0,0,0,2400,2440,5536,5536,0,0,0,0,0,0,0
"03303094",1,"2015","2014",2,0,0,"3",-0.4,-0.4,"24","D",0,0,0,"D",0,"D",0,"D",0,"D",2433,"D",3100,"D",0,"D",0,"D",0,"D",2400,"D",1253,"D",0,"D",0,"D",1942,"D",0,-2040,0,0,-2040,-2040,0,0,5533,5533,5533.01,5533.01,0,0,0,0,0,0,0,0,5533,5533,0,0,0,0,0,0,9100,9250,0,0,2040,2040,0,0,0,0,0
"03303124",1,"2015","2014",2,0.0829,0.0829,"2",0.325,0.325,"50","D",0.0627,0.0627,0,"D",0,"D",130000,"D",100000,"D",79,"D",0,"D",0,"D",0,"D",0,"D",16180,"D",0,"D",0,"D",2,"D",17348,"D",37290,12206,37619.08,37125.08,12210.37,12203.7,33578,33764,230079,230079,230079.01,230079.01,0,0,0,0,0,0,0,0,212731,212731,3180.7,2936.33,34438.38,34188.75,34438.38,34188.75,0,0,17348,17348,0,0,0,0,0,0,0
"03303134",1,"2015","2014",0,0.153,0.153,"2",0.15,0.15,"44","D",0,0,0,"D",0,"D",35000,"D",30680,"D",0,"D",0,"D",0,"D",0,"D",0,"D",1300,"D",39,"D",0,"D",0,"D",0,"D",5860,0,5899.5,5839.5,0,0,10049.04,10049.04,65680,65680,0,0,0,0,0,0,0,0,0,0,65680,65680,0,0,5899.5,5839.5,5899.5,5839.5,0,0,0,0,0,0,0,0,0,0,0
"03303184",1,"2015","2014",0,0.153,0.153,"2",0.1,0.1,"0","T",0,0,0,"D",0,"D",38063,"D",0,"D",0,"D",0,"D",0,"D",0,"D",0,"D",380,"D",75,"D",0,"D",0,"D",0,"D",1756,0,1776.3,1746.3,0,0,5823.64,5823.64,38063,38063,0,0,0,0,0,0,0,0,0,0,38063,38063,0,0,1776.3,1746.3,1776.3,1746.3,0,0,0,0,0,0,0,0,0,0,0
"03303214",1,"2015","2014",0,0.153,0.153,"2",0.2485,0.2485,"44","D",0,0,0,"D",0,"D",65000,"D",48000,"D",-2600,"D",0,"D",0,"D",0,"D",0,"D",3900,"D",1152,"D",0,"D",0,"D",16920,"D",11463,0,11562.89,11412.89,0,0,17289,17289,110400,110400,0,0,0,0,0,0,0,0,0,0,93480,93480,0,0,11562.89,11412.89,11562.89,11412.89,0,0,0,0,0,0,0,0,0,0,0
"03303234",1,"2015","2014",0,0.153,0.153,"1",0.15,0.15,"31","D",0.014,0.014,0,"D",0,"D",20800,"D",0,"D",0,"D",0,"D",0,"D",0,"D",15000,"D",0,"D",0,"D",0,"D",0,"D",0,"D",1124,127,1143.75,1113.75,127.2,127.2,3182.4,3182.4,20800,20800,20800.01,20800.01,0,0,0,0,0,0,0,0,20800,20800,0,0,1143.75,1113.75,1143.75,1113.75,0,0,0,0,0,0,0,0,0,0,0
"03303234",2,"2015","2014",0,0.153,0.153,"1",0.15,0.15,"31","D",0.0175,0.0175,0,"D",0,"D",23920,"D",0,"D",0,"D",0,"D",0,"D",0,"D",0,"D",0,"D",0,"D",0,"D",0,"D",0,"D",1592,331,1611.75,1581.75,331.1,331.1,3659.76,3659.76,23920,23920,23920.01,23920.01,0,0,0,0,0,0,0,0,23920,23920,0,0,1611.75,1581.75,1611.75,1581.75,0,0,0,0,0,0,0,0,0,0,0
"03303264",1,"2015","2014",2,0.153,0.153,"2",0.1,0.1,"39","D",0.0307,0.0307,0,"D",0,"D",13000,"D",11000,"D",19000,"D",0,"D",0,"D",0,"D",0,"D",2500,"D",0,"D",0,"D",1,"D",0,"D",453,1320,480,440,1320.1,1320.1,3672,3672,43000,43000,43000.01,43000.01,1000,1000,0,0,0,0,0,0,43000,43000,0,0,1480,1440,1480,1440,0,0,0,0,0,0,0,0,0,0,0
"03324173",1,"2015","2014",2,0.153,0.153,"2",0.1384,0.1384,"38","D",0.0775,0.0775,0,"D",0,"D",12000,"D",36000,"D",20067,"D",0,"D",0,"D",0,"D",0,"D",7500,"D",1341,"D",0,"D",2,"D",12452,"D",1288,2858,1308.8,1266.22,2865.87,2849.7,7344,7344,68067,68067,68067.01,68067.01,2000,2000,0,0,0,0,0,0,55615,55615,0,0,3308.8,3266.22,3308.8,3266.22,4231.2,4289.91,21293,21293,0,0,0,0,0,0,0
"03324173",2,"2015","2014",2,0,0,"3",-0.4,-0.4,"38","D",-0.032,-0.032,0,"D",0,"D",0,"D",0,"D",0,"D",0,"D",0,"D",0,"D",0,"D",0,"D",0,"D",0,"D",2,"D",0,"D",0,0,0,0,0,0,0,0,0,0,0.01,0.01,0,0,0,0,0,0,0,0,0,0,0,0,0,0,0,0,3405.6,3452.86,0,0,0,0,0,0,0,0,0
"03324183",1,"2015","2014",0,0.153,0.153,"1",0.15,0.15,"03","D",0.0288,0.0288,1,"D",1,"D",30713,"D",0,"D",0,"D",0,"D",0,"D",0,"D",0,"D",2200,"D",100,"D",0,"D",0,"D",0,"D",2383,589,2398.2,2368.2,590.32,587.48,4699.09,4699.09,30713,30713,30713.01,30713.01,0,0,0,0,0,0,0,0,30713,30713,0,0,2398.2,2368.2,2398.2,2368.2,5009,5091,2890.32,2887.48,0,0,0,0,0,0,0
"03324183",2,"2015","2014",0,0.153,0.153,"1",0.15,0.15,"03","D",0.0288,0.0288,0,"D",0,"D",20730,"D",0,"D",0,"D",0,"D",0,"D",0,"D",0,"D",0,"D",0,"D",0,"D",0,"D",0,"D",1118,362,1133.25,1103.25,363.28,360.45,3171.69,3171.69,20730,20730,20730.01,20730.01,0,0,0,0,0,0,0,0,20730,20730,0,0,1133.25,1103.25,1133.25,1103.25,5009,5091,363.29,360.45,0,0,0,0,0,0,0
"03324203",1,"2015","2014",4,0.0711,0.0711,"2",0.35,0.35,"12","D",0.0825,0.0825,0,"D",0,"D",83402,"D",228786,"D",-2428,"D",0,"D",0,"D",0,"D",0,"D",1200,"D",25,"D",0,"D",2,"D",37148,"D",57526,19960,57821.2,57231.2,19960.05,19960.05,34462.99,34648.99,309760,309760,309760.01,309760.01,0,0,0,0,0,0,0,0,272612,272612,6425.48,6500.15,51395.72,50731.05,51395.72,50731.05,4400,4400,50000,50000,0,0,0,0,0,0,0
"03324203",2,"2015","2014",4,0,0,"3",-0.45,-0.45,"12","D",0,0,0,"D",0,"D",0,"D",0,"D",0,"D",0,"D",0,"D",0,"D",0,"D",0,"D",0,"D",0,"D",2,"D",0,"D",0,-425,0,0,-425,-425,0,0,0,0,0.01,0.01,0,0,0,0,0,0,0,0,0,0,0,0,0,0,0,0,3212,3212,0.13,0.13,0,0,0,0,0,0,0
"03324213",1,"2015","2014",0,0.153,0.153,"2",0.25,0.25,"44","D",0,0,0,"D",0,"D",75000,"D",46998,"D",0,"D",0,"D",0,"D",0,"D",0,"D",1700,"D",3871,"D",0,"D",0,"D",2012,"D",17037,0,17137,16937,0,0,18665.69,18665.69,121998,121998,0,0,0,0,0,0,0,0,0,0,121998,121998,0,0,17137,16937,17137,16937,0,0,0,0,0,0,0,0,0,0,0
"03324223",1,"2015","2014",0,0.153,0.153,"1",0.15,0.15,"06","D",0.0463,0.0463,0,"D",0,"D",24390,"D",0,"D",0,"D",0,"D",0,"D",0,"D",9600,"D",0,"D",0,"D",0,"D",0,"D",0,"D",1667,649,1682.25,1652.25,659.31,639.37,3731.67,3731.67,24390,24390,0,0,0,0,0,0,0,0,0,0,24390,24390,0,0,1682.25,1652.25,1682.25,1652.25,0,0,0,0,0,0,0,0,0,0,0
"03324243",1,"2015","2014",0,0.153,0.153,"1",0.2267,0.2267,"05","D",0.093,0.093,0,"D",0,"D",102742,"D",0,"D",-1429,"D",0,"D",0,"D",0,"D",0,"D",5000,"D",0,"D",0,"D",0,"D",11084,"D",14811,5310,14844.23,14777.57,5327.09,5293.73,15719.53,15719.53,101313,101313,101313.01,101313.01,0,0,0,0,0,0,0,0,90229,90229,0,0,14844.23,14777.57,14844.23,14777.57,3992,4044,16084,16084,0,0,0,0,0,0,0
"03324273",1,"2015","2014",0,0.153,0.153,"1",0.1489,0.1489,"05","D",0.06,0.06,0,"D",0,"D",60000,"D",0,"D",-4293,"D",0,"D",0,"D",0,"D",0,"D",3300,"D",193,"D",0,"D",0,"D",22508,"D",3289,642,3296.93,3281.93,649.5,635.19,9180,9180,55707,55707,55707.01,55707.01,0,0,0,0,0,0,0,0,33199,33199,0,0,3296.93,3281.93,3296.93,3281.93,3992,4044,26001,26001,0,0,0,0,0,0,0
"03324273",2,"2015","2014",1,0,0,"3",-0.34,-0.34,"05","D",0,0,0,"D",0,"D",0,"D",0,"D",0,"D",0,"D",0,"D",0,"D",0,"D",0,"D",0,"D",0,"D",0,"D",0,"D",0,0,0,0,0,0,0,0,0,0,0.01,0.01,0,0,0,0,0,0,0,0,0,0,0,0,0,0,0,0,7984,8088,0,0,0,0,0,0,0,0,0
"03324283",1,"2015","2014",1,0,0,"3",-0.34,-0.34,"44","D",0,0,0,"D",0,"D",0,"D",0,"D",0,"D",0,"D",12766,"D",0,"D",0,"D",100,"D",21,"D",0,"D",0,"D",0,"D",0,0,0,0,0,0,0,0,0,0,0,0,0,0,0,0,0,0,0,0,0,0,0,0,0,0,0,0,0,0,0,0,0,0,0,0,0,0,0
"03324293",1,"2015","2014",0,0,0,"1",0,0,"05","D",0,0,1,"D",1,"D",0,"D",0,"D",0,"D",0,"D",9137,"D",0,"D",4800,"D",0,"D",62,"D",0,"D",0,"D",720,"D",0,0,0,0,0,0,0,0,0,0,0.01,0.01,0,0,0,0,0,0,0,0,0,0,0,0,0,0,0,0,3992,4044,782,782,0,0,0,0,0,0,0
"03324303",1,"2015","2014",3,0.153,0.153,"2",0.15,0.15,"39","D",0.0307,0.0307,0,"D",0,"D",46948,"D",44993,"D",-3168,"D",0,"D",0,"D",0,"D",0,"D",3600,"D",0,"D",6000,"D",3,"D",5320,"D",3345,2725,3385.95,3303.45,2725.33,2725.33,14066.97,14066.97,88773,88773,88773.01,88773.01,3000,3000,0,0,1200,1200,0,0,88773,88773,0,0,7585.95,7503.45,7585.95,7503.45,0,0,0,0,0,0,0,0,0,0,0
"03324323",1,"2015","2014",0,0.153,0.153,"2",0.25,0.25,"0","T",0,0,0,"D",0,"D",46500,"D",58000,"D",-7120,"D",0,"D",0,"D",0,"D",0,"D",2300,"D",634,"D",0,"D",0,"D",8748,"D",10883,0,10982.5,10782.5,0,0,15988.5,15988.5,97380,97380,0,0,0,0,0,0,0,0,0,0,97380,97380,0,0,10982.5,10782.5,10982.5,10782.5,0,0,0,0,0,0,0,0,0,0,0
"03324333",1,"2015","2014",0,0.153,0.153,"2",0.2775,0.2775,"24","D",0.1144,0.1155,1,"D",0,"D",18000,"D",22000,"D",-1050,"D",0,"D",21784,"D",0,"D",0,"D",3300,"D",435,"D",0,"D",0,"D",1200,"D",3411,666,3534.86,3287.36,771.55,560.22,6120,6120,49915.7,49915.7,49915.72,49915.72,0,0,0,0,0,0,0,0,49915.7,49915.7,0,0,3534.86,3287.36,3534.86,3287.36,12400,13850,0,0,812.89,941.3,0,0,0,0,0
"03324403",1,"2015","2014",2,0,0,"3",-0.4,-0.4,"06","D",-0.04,0,0,"D",0,"D",0,"D",0,"D",0,"D",0,"D",0,"D",0,"D",0,"D",1600,"D",0,"D",0,"D",0,"D",105,"D",0,-7,0,0,0,-13,0,0,0,0,0,0,0,0,0,0,0,0,0,0,0,0,0,0,0,0,0,0,0,0,0,0,0,0,0,0,0,0,0
"03324433",1,"2015","2014",5,0,0,"3",-0.45,-0.45,"44","D",0,0,0,"D",0,"D",0,"D",0,"D",0,"D",0,"D",0,"D",98,"D",6300,"D",0,"D",0,"D",0,"D",1,"D",0,"D",0,0,0,0,0,0,0,0,0,0,0,0,0,0,0,0,0,0,0,0,0,0,0,0,0,0,0,0,0,0,0,0,0,0,0,0,0,0,0
"03324463",1,"2015","2014",0,0.153,0.153,"2",0.2356,0.2356,"47","D",0.0575,0.0575,0,"D",0,"D",67384,"D",56000,"D",8548,"D",0,"D",0,"D",0,"D",0,"D",5400,"D",2248,"D",0,"D",0,"D",0,"D",19102,6524,19177.41,19027.41,6524.38,6524.38,18877.75,18877.75,131932,131932,131932.01,131932.01,0,0,0,0,0,0,0,0,131932,131932,0,0,19177.41,19027.41,19177.41,19027.41,6000,6000,7648,7648,0,0,0,0,0,0,0
"03324523",1,"2015","2014",0,0,0,"1",0,0,"25","D",0,0,1,"D",1,"D",0,"D",0,"D",0,"D",0,"D",15233,"D",0,"D",0,"D",1600,"D",47,"D",0,"D",0,"D",0,"D",0,0,0,0,0,0,0,0,0,0,0.01,0.01,0,0,0,0,0,0,0,0,0,0,0,0,0,0,0,0,2300,2300,1647,1647,0,0,0,0,0,0,0
"03324583",1,"2015","2014",2,0.153,0.153,"2",0.15,0.15,"19","D",0.034,0.034,0,"D",0,"D",22000,"D",48000,"D",0,"D",0,"D",0,"D",0,"D",10500,"D",0,"D",20,"D",0,"D",1,"D",1200,"D",4325,1889,4362.5,4287.5,1905.5,1872.5,10710,10710,70000,70000,70000.01,70000.01,1000,1000,0,0,0,0,0,0,70000,70000,0,0,5362.5,5287.5,5362.5,5287.5,0,0,0,0,0,0,0,0,0,0,0
"03324613",1,"2015","2014",0,0,0,"1",0.225,0.225,"36","D",0.0297,0.0317,1,"D",1,"D",0,"D",0,"D",7632,"D",16440,"D",19320,"D",0,"D",0,"D",750,"D",15,"D",0,"D",0,"D",0,"D",2042,81,2056.95,2026.95,92.86,70.02,0,0,28438,28438,24072.01,24072.01,0,0,0,0,0,0,0,0,28438,28438,0,0,2056.95,2026.95,2056.95,2026.95,0,0,0,0,0,0,0,0,0,0,0
"03324613",2,"2015","2014",0,0.153,0.153,"1",0.25,0.25,"36","D",0.0347,0.037,0,"D",0,"D",48495,"D",0,"D",0,"D",0,"D",0,"D",0,"D",0,"D",0,"D",0,"D",0,"D",0,"D",0,"D",5393,1133,5442.5,5342.5,1170.38,1096.59,7419.73,7419.73,48495,48495,48495.01,48495.01,0,0,0,0,0,0,0,0,48495,48495,0,0,5442.5,5342.5,5442.5,5342.5,0,0,0,0,0,0,0,0,0,0,0
"03324623",1,"2015","2014",0,0.153,0.153,"2",0.2622,0.2622,"31","D",0.0637,0.0637,0,"D",0,"D",101804,"D",112000,"D",50,"D",0,"D",0,"D",0,"D",0,"D",8400,"D",300,"D",0,"D",0,"D",2068,"D",39290,8918,39402.17,39178.67,8917.52,8917.52,32712.01,32712.01,213854,213854,213854.01,213854.01,0,0,0,0,0,0,0,0,211786,211786,0,0,39402.17,39178.67,39402.17,39178.67,0,0,0,0,0,0,0,0,0,0,0
"03324623",2,"2015","2014",0,0.153,0.153,"1",0.1765,0.1765,"31","D",0.037,0.0293,0,"D",0,"D",11508,"D",0,"D",0,"D",0,"D",0,"D",0,"D",0,"D",0,"D",0,"D",0,"D",0,"D",0,"D",-117,85,-100.25,-132.96,99.9,70.98,1760.72,1760.72,11508,11508,11508.01,11508.01,0,0,0,0,0,0,236.05,253.76,11508,11508,0,0,135.8,120.8,135.8,120.8,0,0,0,0,0,0,0,0,47.21,76.13,0
"03324623",3,"2015","2014",1,0,0,"3",-0.34,-0.34,"31","D",-0.102,-0.068,0,"D",0,"D",0,"D",0,"D",0,"D",0,"D",0,"D",0,"D",0,"D",0,"D",0,"D",0,"D",0,"D",0,"D",0,0,0,0,0,0,0,0,0,0,0.01,0.01,0,0,0,0,0,0,0,0,0,0,0,0,0,0,0,0,0,0,0,0,0,0,0,0,0,0,0
"03324633",1,"2015","2014",0,0.153,0.153,"1",0.2681,0.2681,"23","D",0.0425,0.0425,0,"D",0,"D",100000,"D",0,"D",0,"D",13000,"D",0,"D",0,"D",0,"D",3000,"D",0,"D",0,"D",0,"D",6708,"D",19635,4633,19694.41,19575.91,4632.5,4632.5,15300,15300,113000,113000,113000.01,113000.01,0,0,0,0,0,0,0,0,106292,106292,0,0,19694.41,19575.91,19694.41,19575.91,0,0,0,0,0,0,0,0,0,0,0
"03324653",1,"2015","2014",1,0.153,0.153,"2",0.15,0.15,"05","D",0,0,0,"D",0,"D",24000,"D",21000,"D",0,"D",0,"D",0,"D",0,"D",14888,"D",0,"D",1,"D",0,"D",1,"D",40,"D",1171,0,1205,1137.5,0,0,6885,6885,45000,45000,45000.01,45000.01,1000,1000,0,0,0,0,0,0,45000,45000,0,0,2205,2137.5,2205,2137.5,7984,8088,41,41,0,0,0,0,0,0,0
"03324673",1,"2015","2014",1,0.153,0.153,"2",0.2598,0.2598,"44","D",0,0,0,"D",0,"D",25333,"D",0,"D",0,"D",0,"D",0,"D",0,"D",7200,"D",0,"D",0,"D",0,"D",1,"D",0,"D",-3941,0,-3865.43,-4016.76,0,0,3875.95,3875.95,25333,25333,0,0,108.3,73.3,891.7,926.7,0,0,2973.73,3090.06,25333,25333,0,0,108.3,73.3,108.3,73.3,0,0,0,0,0,0,0,0,0,0,0
"03324733",1,"2015","2014",0,0.153,0.153,"2",0.1425,0.1425,"22","D",0.0497,0.0502,0,"D",0,"D",20021,"D",66243,"D",0,"D",0,"D",0,"D",0,"D",0,"D",6000,"D",0,"D",0,"D",0,"D",4588,"D",8666,3850,8678.57,8654.15,3868.84,3831.64,13198.39,13198.39,86264,86264,86264.01,86264.01,0,0,0,0,0,0,0,0,81676,81676,0,0,8678.57,8654.15,8678.57,8654.15,0,0,0,0,0,0,0,0,0,0,0
"03324733",2,"2015","2014",0,0.153,0.153,"1",0.1,0.1,"22","D",0.0476,0.048,0,"D",0,"D",18919,"D",0,"D",0,"D",0,"D",0,"D",0,"D",0,"D",0,"D",0,"D",0,"D",0,"D",0,"D",869,676,876.9,861.9,679.73,673.19,2894.61,2894.61,18919,18919,18919.01,18919.01,0,0,0,0,0,0,0,0,18919,18919,0,0,876.9,861.9,876.9,861.9,0,0,0,0,0,0,0,0,0,0,0
"03324733",3,"2015","2014",0,0.153,0.153,"1",0.1765,0.1765,"22","D",0.059,0.0595,0,"D",0,"D",12300,"D",0,"D",0,"D",0,"D",0,"D",0,"D",0,"D",0,"D",0,"D",0,"D",0,"D",0,"D",23,332,39.54,6.83,335.55,329.41,1881.9,1881.9,12300,12300,12300.01,12300.01,0,0,0,0,0,0,175.46,193.17,12300,12300,0,0,215,200,215,200,0,0,0,0,0,0,0,0,26.32,28.98,0
"03324743",1,"2015","2014",2,0,0,"3",-0.4,-0.4,"47","D",0,0,0,"D",0,"D",0,"D",0,"D",21,"D",0,"D",0,"D",0,"D",0,"D",0,"D",2,"D",0,"D",0,"D",2928,"D",0,0,0,0,0,0,0,0,21,21,21.01,21.01,0,0,0,0,0,0,0,0,21,21,0,0,0,0,0,0,0,0,0,0,0,0,0,0,0,0,0
"03324753",1,"2015","2014",0,0.153,0.153,"1",0.15,0.15,"38","D",0.0765,0.0765,0,"D",0,"D",44676,"D",0,"D",-1200,"D",0,"D",0,"D",0,"D",15600,"D",0,"D",60,"D",0,"D",0,"D",600,"D",4530,2888,4545.15,4515.15,2891.37,2884.43,6835.43,6835.43,43476,43476,43476.01,43476.01,0,0,0,0,0,0,0,0,43476,43476,0,0,4545.15,4515.15,4545.15,4515.15,2115.6,2144.96,660,660,0,0,0,0,0,0,0
"03324753",2,"2015","2014",0,0.153,0.153,"1",0.15,0.15,"38","D",0.0765,0.0765,0,"D",0,"D",43787,"D",0,"D",0,"D",0,"D",0,"D",0,"D",0,"D",0,"D",0,"D",0,"D",0,"D",0,"D",4577,2912,4591.8,4561.8,2915.16,2908.22,6699.41,6699.41,43787,43787,43787.01,43787.01,0,0,0,0,0,0,0,0,43787,43787,0,0,4591.8,4561.8,4591.8,4561.8,2115.6,2144.96,0,0,0,0,0,0,0,0,0
"03324783",1,"2015","2014",2,0.038,0.038,"2",0.35,0.35,"22","D",0.0515,0.052,0,"D",0,"D",120000,"D",150000,"D",0,"D",0,"D",0,"D",0,"D",0,"D",8000,"D",200,"D",0,"D",1,"D",0,"D",56612,12834,56907,56317,12896,12772,37026,37398,270000,270000,270000.01,270000.01,0,0,0,0,0,0,0,0,270000,270000,1208.5,1126,55698.5,55191,55698.5,55191,0,0,0,0,0,0,0,0,0,0,0
"03324793",1,"2015","2014",3,0.039,0.039,"2",0.35,0.35,"06","D",0.0463,0.0463,0,"D",0,"D",20141,"D",228786,"D",0,"D",0,"D",0,"D",0,"D",0,"D",3600,"D",0,"D",200,"D",3,"D",2036,"D",48484,10303,48778.85,48188.85,10349.95,10256.37,24224.37,24410.37,248927,248927,0,0,0,0,0,0,40,40,0,0,246891,246891,1878.36,1527.65,46940.49,46701.2,46940.49,46701.2,0,0,0,0,0,0,0,0,0,0,0
"03324803",1,"2015","2014",0,0.153,0.153,"1",0.1,0.1,"02","D",0,0,0,"D",0,"D",15000,"D",0,"D",0,"D",0,"D",0,"D",0,"D",10800,"D",0,"D",180,"D",0,"D",0,"D",0,"D",478,0,485,470,0,0,2295,2295,15000,15000,0,0,0,0,0,0,0,0,0,0,15000,15000,0,0,485,470,485,470,0,0,0,0,0,0,0,0,0,0,0
"03324803",2,"2015","2014",0,0.153,0.153,"1",0.15,0.15,"02","D",0,0,0,"D",0,"D",25000,"D",0,"D",0,"D",0,"D",0,"D",0,"D",0,"D",0,"D",0,"D",0,"D",0,"D",0,"D",1759,0,1773.75,1743.75,0,0,3825,3825,25000,25000,0,0,0,0,0,0,0,0,0,0,25000,25000,0,0,1773.75,1743.75,1773.75,1743.75,0,0,0,0,0,0,0,0,0,0,0
"03324813",1,"2015","2014",0,0.153,0.153,"2",0.15,0.15,"0","T",0,0,0,"D",0,"D",31786,"D",19027,"D",0,"D",0,"D",0,"D",0,"D",0,"D",6000,"D",185,"D",0,"D",0,"D",0,"D",3639,0,3669.45,3609.45,0,0,7774.39,7774.39,50813,50813,0,0,0,0,0,0,0,0,0,0,50813,50813,0,0,3669.45,3609.45,3669.45,3609.45,0,0,0,0,0,0,0,0,0,0,0
"03324833",1,"2015","2014",0,0.153,0.153,"1",0.1491,0.1491,"29","D",0,0,0,"D",0,"D",35000,"D",0,"D",-1250,"D",11220,"D",0,"D",0,"D",0,"D",1200,"D",208,"D",0,"D",0,"D",6600,"D",4406,0,4413.25,4398.25,0,0,5355,5355,44970,44970,0,0,0,0,0,0,0,0,0,0,38370,38370,0,0,4413.25,4398.25,4413.25,4398.25,0,0,0,0,0,0,0,0,0,0,0
"03324843",1,"2015","2014",1,0.153,0.153,"3",0.3,0.3,"14","D",0.0375,0.05,0,"D",0,"D",76658,"D",0,"D",0,"D",0,"D",0,"D",0,"D",18000,"D",0,"D",0,"D",0,"D",1,"D",0,"D",8334,3167,8409.9,8257.4,3620.4,2713.43,11728.67,11728.67,76658,76658,76658.01,76658.01,917.1,917.1,0,0,0,0,0,0,76658,76658,0,0,9327,9174.5,9327,9174.5,0,0,0,0,0,0,0,0,0,0,0
"03324843",2,"2015","2014",0,0,0,"1",-0.0765,-0.0765,"14","D",-0.0077,-0.0077,0,"D",0,"D",0,"D",0,"D",0,"D",0,"D",0,"D",0,"D",0,"D",0,"D",0,"D",0,"D",0,"D",0,"D",0,0,0,0,0,0,0,0,0,0,0.01,0.01,0,0,0,0,0,0,0,0,0,0,0,0,0,0,0,0,0,0,0,0,0,0,0,0,0,0,0
"03324853",1,"2015","2014",0,0.153,0.153,"2",0.15,0.15,"10","D",0,0,0,"D",0,"D",6000,"D",40000,"D",0,"D",0,"D",0,"D",0,"D",0,"D",2500,"D",0,"D",0,"D",0,"D",0,"D",2918,0,2947.5,2887.5,0,0,7038,7038,46000,46000,0,0,0,0,0,0,0,0,0,0,46000,46000,0,0,2947.5,2887.5,2947.5,2887.5,0,0,0,0,0,0,0,0,0,0,0
"03324863",1,"2015","2014",0,0.153,0.153,"1",0.2339,0.2339,"33","D",0.0645,0.0645,0,"D",0,"D",84000,"D",0,"D",209,"D",0,"D",0,"D",0,"D",21000,"D",0,"D",1420,"D",0,"D",0,"D",7560,"D",12509,4520,12545.15,12472.1,4523.38,4515.62,12852,12852,84209,84209,84209.01,84209.01,0,0,0,0,0,0,0,0,76649,76649,0,0,12545.15,12472.1,12545.15,12472.1,7800,7900,8980,8980,0,0,0,0,0,0,0
"03324874",1,"2015","2014",1,0,0,"3",0.1,0.1,"14","D",0.0375,0.05,0,"D",0,"D",0,"D",0,"D",20000,"D",0,"D",0,"D",0,"D",29040,"D",0,"D",150,"D",0,"D",0,"D",0,"D",288,688,300,275,787.5,588.75,0,0,20000,20000,20000.01,20000.01,0,0,0,0,0,0,0,0,20000,20000,0,0,300,275,300,275,0,0,0,0,0,0,0,0,0,0,0
"03324903",1,"2015","2014",0,0.153,0.153,"1",0.4596,0.4596,"31","D",0.0175,0.0175,1,"D",1,"D",35000,"D",0,"D",1500,"D",0,"D",21982,"D",0,"D",0,"D",6400,"D",1592,"D",0,"D",0,"D",520,"D",5625,422,5662.73,5587.73,421.75,421.75,5355,5355,52467.35,52467.35,36500.01,36500.01,0,0,0,0,0,0,0,0,51947.35,51947.35,0,0,5662.73,5587.73,5662.73,5587.73,0,0,0,0,0,0,0,0,0,0,0
"03324913",1,"2015","2014",0,0.153,0.153,"2",0.25,0.25,"43","D",0,0,0,"D",0,"D",42000,"D",80000,"D",-4827,"D",0,"D",0,"D",0,"D",0,"D",800,"D",80,"D",0,"D",0,"D",1400,"D",15831,0,15930.75,15730.75,0,0,18666,18666,117173,117173,0,0,0,0,0,0,0,0,0,0,117173,117173,0,0,15930.75,15730.75,15930.75,15730.75,0,0,0,0,0,0,0,0,0,0,0
"03324933",1,"2015","2014",2,0,0,"3",0,0,"45","D",0,0,0,"D",0,"D",0,"D",0,"D",10000,"D",1200,"D",0,"D",0,"D",0,"D",2800,"D",200,"D",0,"D",0,"D",10360,"D",0,0,0,0,0,0,0,0,11200,11200,11200.01,11200.01,0,0,0,0,0,0,0,0,11200,11200,0,0,0,0,0,0,0,0,0,0,0,0,0,0,0,0,0
"03324953",1,"2015","2014",2,0,0,"3",0.15,0.15,"44","D",0,0,0,"D",0,"D",0,"D",0,"D",67951,"D",0,"D",0,"D",0,"D",0,"D",5600,"D",569,"D",0,"D",0,"D",0,"D",6375,0,6402.65,6347.65,0,0,0,0,67951,67951,0,0,0,0,0,0,0,0,0,0,67951,67951,0,0,6402.65,6347.65,6402.65,6347.65,0,0,0,0,0,0,0,0,0,0,0
"03324963",1,"2015","2014",0,0.153,0.153,"1",-0.0765,-0.0765,"0","T",0,0,0,"D",0,"D",2400,"D",0,"D",0,"D",0,"D",0,"D",0,"D",1440,"D",0,"D",0,"D",0,"D",0,"D",120,"D",-184,0,-183.6,-183.6,0,0,367.2,367.2,2400,2400,0,0,0,0,0,0,0,0,183.6,183.6,2400,2400,0,0,0,0,0,0,0,0,0,0,0,0,0,0,0,0,0
"03324973",1,"2015","2014",1,0.153,0.153,"2",0.0991,0.0991,"31","D",0.0175,0.0175,0,"D",0,"D",20000,"D",26731,"D",0,"D",0,"D",0,"D",0,"D",0,"D",10600,"D",1100,"D",720,"D",1,"D",15768,"D",-478,512,-470.08,-485.08,511.54,511.54,7149.84,7149.84,46731,46731,46731.01,46731.01,529.92,514.92,470.08,485.08,144,144,0,0,30963,30963,0,0,673.92,658.92,673.92,658.92,0,0,0,0,0,0,0,0,0,0,0
"03324983",1,"2015","2014",0,0.153,0.153,"1",0.25,0.25,"05","D",0.093,0.093,0,"D",0,"D",72000,"D",0,"D",0,"D",0,"D",0,"D",0,"D",22860,"D",0,"D",30,"D",0,"D",0,"D",0,"D",11269,3706,11318.75,11218.75,3725.54,3687.34,11016,11016,72000,72000,72000.01,72000.01,0,0,0,0,0,0,0,0,72000,72000,0,0,11318.75,11218.75,11318.75,11218.75,3992,4044,30,30,0,0,0,0,0,0,0
"03324983",2,"2015","2014",0,0.153,0.153,"1",0.25,0.25,"05","D",0.08,0.093,0,"D",0,"D",55000,"D",0,"D",0,"D",0,"D",0,"D",0,"D",0,"D",0,"D",0,"D",0,"D",0,"D",0,"D",7019,2129,7068.75,6968.75,2144.54,2113.82,8415,8415,55000,55000,55000.01,55000.01,0,0,0,0,0,0,0,0,55000,55000,0,0,7068.75,6968.75,7068.75,6968.75,3992,4044,0,0,0,0,0,0,0,0,0
"03325013",1,"2015","2014",0,0.153,0.153,"1",-0.0765,-0.0765,"34","D",0,0,0,"D",0,"D",1651,"D",0,"D",0,"D",0,"D",0,"D",0,"D",7800,"D",0,"D",0,"D",0,"D",0,"D",0,"D",-126,0,-126.3,-126.3,0,0,252.6,252.6,1651,1651,1651.01,1651.01,0,0,0,0,0,0,126.3,126.3,1651,1651,0,0,0,0,0,0,7500,7500,0,0,0,0,0,0,0,0,0
"03325043",1,"2015","2014",0,0.153,0.153,"1",0.15,0.15,"39","D",0.0307,0.0307,0,"D",0,"D",35000,"D",0,"D",-1410,"D",0,"D",0,"D",0,"D",7800,"D",0,"D",0,"D",0,"D",0,"D",0,"D",3047,1031,3062.25,3032.25,1031.21,1031.21,5355,5355,33590,33590,33590.01,33590.01,0,0,0,0,0,0,0,0,33590,33590,0,0,3062.25,3032.25,3062.25,3032.25,0,0,0,0,0,0,0,0,0,0,0
"03325063",1,"2015","2014",2,0,0,"3",-0.4,-0.4,"05","D",0,0,0,"D",0,"D",0,"D",0,"D",0,"D",11076,"D",15782,"D",0,"D",0,"D",1300,"D",0,"D",0,"D",1,"D",4368,"D",0,0,0,0,0,0,0,0,11076,11076,11076.01,11076.01,0,0,0,0,0,0,0,0,11076,11076,0,0,0,0,0,0,7984,8088,5668,5668,0,0,0,0,0,0,0
"03325103",1,"2015","2014",0,0.153,0.153,"1",0.1,0.1,"31","D",0.014,0.014,0,"D",0,"D",17000,"D",0,"D",-6025,"D",0,"D",0,"D",0,"D",0,"D",4600,"D",405,"D",0,"D",0,"D",300,"D",75,160,82.5,67.5,159.6,159.6,2601,2601,10975,10975,17000.01,17000.01,0,0,0,0,0,0,0,0,10975,10975,0,0,82.5,67.5,82.5,67.5,0,0,0,0,0,0,0,0,0,0,0
"03325133",1,"2015","2014",0,0.153,0.153,"1",0.0765,0.0765,"23","D",0.0856,0.0856,0,"D",0,"D",10000,"D",0,"D",0,"D",0,"D",0,"D",0,"D",0,"D",1000,"D",0,"D",0,"D",0,"D",0,"D",-360,-207,-351.41,-369.12,-206.05,-207.11,1530,1530,10000,10000,10000.01,10000.01,0,0,0,0,0,0,351.41,369.12,10000,10000,0,0,0,0,0,0,0,0,0,0,389.98,389.98,0,0,21.08,22.15,0
"03325153",1,"2015","2014",0,0.153,0.153,"1",0.15,0.15,"44","D",0,0,1,"D",1,"D",32011,"D",0,"D",0,"D",0,"D",0,"D",0,"D",0,"D",4000,"D",0,"D",0,"D",0,"D",2004,"D",2578,0,2592.9,2562.9,0,0,4897.68,4897.68,32011,32011,0,0,0,0,0,0,0,0,0,0,32011,32011,0,0,2592.9,2562.9,2592.9,2562.9,0,0,0,0,0,0,0,0,0,0,0
"03325173",1,"2015","2014",1,0.153,0.153,"3",0.1403,0.1403,"33","D",0.0645,0.0645,0,"D",0,"D",57361,"D",0,"D",1569,"D",0,"D",0,"D",0,"D",0,"D",3800,"D",80,"D",0,"D",1,"D",5460,"D",4290,2021,4274.97,4305.67,2206.88,1835.55,8776.23,8776.23,58930,58930,58930.01,58930.01,1000,1000,0,0,0,0,0,0,53470,53470,0,0,5274.97,5305.67,5274.97,5305.67,10950,11100,9340,9340,0,0,0,0,0,0,0
"03325173",2,"2015","2014",0,0.153,0.153,"1",0.25,0.25,"33","D",0.0645,0.0645,0,"D",0,"D",68000,"D",0,"D",-3723,"D",0,"D",0,"D",0,"D",0,"D",0,"D",0,"D",0,"D",0,"D",0,"D",9338,3307,9388,9288,3313.88,3299.66,10404,10404,64277,64277,64277.01,64277.01,0,0,0,0,0,0,0,0,64277,64277,0,0,9388,9288,9388,9288,7800,7900,0,0,0,0,0,0,0,0,0
"03325193",1,"2015","2014",0,0,0,"1",-0.0765,-0.0765,"33","D",-0.0229,-0.0229,0,"D",0,"D",0,"D",0,"D",0,"D",0,"D",16678,"D",0,"D",5316,"D",0,"D",18,"D",0,"D",0,"D",0,"D",0,0,0,0,0,0,0,0,0,0,0.01,0.01,0,0,0,0,0,0,0,0,0,0,0,0,0,0,0,0,7800,7900,0,0,0,0,0,0,0,0,0
"03325203",1,"2015","2014",1,0.153,0.153,"3",0,0,"33","D",0.04,0.04,0,"D",0,"D",12496,"D",0,"D",0,"D",0,"D",3123,"D",0,"D",3276,"D",0,"D",0,"D",0,"D",0,"D",0,"D",-3332,-1081,-3305,-3359,-1069.66,-1091.86,1911.89,1911.89,12496,12496,12496.01,12496.01,0,0,0,0,0,0,3305,3359,12496,12496,0,0,0,0,0,0,10950,11100,0,0,0,0,0,0,969.66,991.86,0
"03325243",1,"2015","2014",2,0.153,0.153,"2",0.2267,0.2267,"05","D",0.093,0.093,0,"D",0,"D",114000,"D",85000,"D",25,"D",0,"D",0,"D",0,"D",0,"D",6000,"D",0,"D",0,"D",2,"D",21068,"D",28142,10090,28219.85,28063.53,10127.58,10052.87,30447,30447,199025,199025,199025.01,199025.01,0,0,0,0,0,0,0,0,177957,177957,0,0,28219.85,28063.53,28219.85,28063.53,7984,8088,27068,27068,0,0,0,0,0,0,0
"03325263",1,"2015","2014",0,0.153,0.153,"1",0.15,0.15,"17","D",0.046,0.048,0,"D",0,"D",23400,"D",0,"D",0,"D",0,"D",0,"D",0,"D",5340,"D",0,"D",45,"D",0,"D",0,"D",0,"D",1519,505,1533.75,1503.75,508.2,501.9,3580.2,3580.2,23400,23400,23400.01,23400.01,0,0,0,0,0,0,0,0,23400,23400,0,0,1533.75,1503.75,1533.75,1503.75,3000,3000,0,0,48,48,0,0,0,0,0
"03325263",2,"2015","2014",0,0.153,0.153,"1",0.15,0.15,"17","D",0.046,0.048,0,"D",0,"D",23700,"D",0,"D",0,"D",0,"D",0,"D",0,"D",0,"D",0,"D",0,"D",0,"D",0,"D",0,"D",1564,567,1578.75,1548.75,570.6,563.7,3626.1,3626.1,23700,23700,23700.01,23700.01,0,0,0,0,0,0,0,0,23700,23700,0,0,1578.75,1548.75,1578.75,1548.75,3000,3000,0,0,0,0,0,0,0,0,0
"03325303",1,"2015","2014",0,0.153,0.153,"2",0.2406,0.2375,"14","D",0.0375,0.05,0,"D",0,"D",65000,"D",76280,"D",0,"D",0,"D",0,"D",0,"D",0,"D",7000,"D",300,"D",0,"D",0,"D",22204,"D",16195,5644,16056.13,16334.81,6501.5,4786.75,21615.84,21615.84,141280,141280,141280.01,141280.01,0,0,0,0,0,0,0,0,119076,119076,0,0,16056.13,16334.81,16056.13,16334.81,0,0,0,0,350,350,0,0,0,0,0
"03325313",1,"2015","2014",0,0,0,"1",0,0,"0","T",0,0,1,"D",1,"D",0,"D",0,"D",0,"D",0,"D",20194,"D",0,"D",0,"D",100,"D",2019,"D",0,"D",0,"D",5839,"D",0,0,0,0,0,0,0,0,0,0,0,0,0,0,0,0,0,0,0,0,0,0,0,0,0,0,0,0,0,0,0,0,0,0,0,0,0,0,0
"03325323",1,"2015","2014",0,0.153,0.153,"1",0.15,0.15,"23","D",0.0635,0.0635,0,"D",0,"D",25000,"D",0,"D",0,"D",0,"D",0,"D",0,"D",6180,"D",0,"D",0,"D",0,"D",0,"D",0,"D",1759,676,1773.75,1743.75,675.92,675.92,3825,3825,25000,25000,25000.01,25000.01,0,0,0,0,0,0,0,0,25000,25000,0,0,1773.75,1743.75,1773.75,1743.75,0,0,0,0,216.58,216.58,0,0,0,0,0
"03325363",1,"2015","2014",1,0.153,0.153,"2",0.2598,0.2598,"33","D",0.0879,0.0879,0,"D",0,"D",8729,"D",20017,"D",0,"D",0,"D",0,"D",0,"D",6600,"D",0,"D",0,"D",0,"D",0,"D",0,"D",-2054,-366,-1978.74,-2130.06,-344.66,-387.56,4398.14,4398.14,28746,28746,28746.01,28746.01,0,0,0,0,0,0,2428.34,2544.66,28746,28746,0,0,449.6,414.6,449.6,414.6,15650,15850,0,0,0,0,0,0,677.58,712.48,0
"03325373",1,"2015","2014",0,0.0552,0.0552,"2",0.28,0.3834,"11","D",0.0618,0.0618,0,"D",0,"D",469961,"D",75447,"D",0,"D",0,"D",0,"D",0,"D",0,"D",5000,"D",0,"D",0,"D",0,"D",17820,"D",144130,31080,144243.97,144016.64,31083.92,31075.19,42338.93,42524.93,545408,545408,545408.01,545408.01,0,0,0,0,0,0,0,0,527588,527588,0,663.83,144243.97,143352.81,144243.97,143352.81,3000,3000,15609.26,15754.76,0,0,0,0,0,0,0
"03325383",1,"2015","2014",0,0.153,0.153,"1",0.2267,0.2267,"05","D",0.093,0.093,0,"D",0,"D",87283,"D",0,"D",3757,"D",0,"D",0,"D",0,"D",0,"D",0,"D",3871,"D",0,"D",0,"D",920,"D",15042,5405,15075.51,15008.85,5421.95,5388.59,13354.3,13354.3,91040,91040,91040.01,91040.01,0,0,0,0,0,0,0,0,90120,90120,0,0,15075.51,15008.85,15075.51,15008.85,3992,4044,4791,4791,0,0,0,0,0,0,0
"03325393",1,"2015","2014",1,0.153,0.153,"2",0.2267,0.2267,"05","D",0.093,0.093,0,"D",0,"D",64650,"D",103297,"D",0,"D",0,"D",0,"D",0,"D",0,"D",4500,"D",5664,"D",0,"D",0,"D",8004,"D",24023,8363,24095.24,23950.42,8398.03,8327.32,25695.89,25695.89,167947,167947,167947.01,167947.01,0,0,0,0,0,0,0,0,159943,159943,0,0,24095.24,23950.42,24095.24,23950.42,7984,8088,18168,18168,0,0,0,0,0,0,0
"03325443",1,"2015","2014",2,0.153,0.153,"3",0.3106,0.3606,"33","D",0.1222,0.1222,0,"D",0,"D",34000,"D",0,"D",0,"D",0,"D",0,"D",0,"D",0,"D",1200,"D",410,"D",0,"D",1,"D",0,"D",-1840,-58,-1744.6,-1934.99,-26.57,-89.65,5202,5202,34000,34000,34000.01,34000.01,1000,1000,0,0,0,0,2054.6,2209.99,34000,34000,0,0,1310,1275,1310,1275,10950,11100,0,0,0,0,0,0,616.38,663,0
"03325443",2,"2015","2014",0,0,0,"1",0,0,"33","D",0,0,1,"D",1,"D",0,"D",0,"D",0,"D",7934,"D",13462,"D",0,"D",0,"D",0,"D",0,"D",0,"D",0,"D",0,"D",0,0,0,0,0,0,0,0,7934,7934,0.01,0.01,0,0,0,0,0,0,0,0,7934,7934,0,0,0,0,0,0,7800,7900,0,0,0,0,0,0,0,0,0
"03325463",1,"2015","2014",0,0,0,"2",0.2305,0.2306,"33","D",0.078,0.0777,2,"D",2,"D",0,"D",0,"D",67951,"D",96696,"D",33451,"D",0,"D",0,"D",1700,"D",125,"D",0,"D",0,"D",29400,"D",28721,5622,28790.62,28651.13,5642.85,5600.82,0,0,193080.35,193080.35,124647.01,124647.01,0,0,0,0,0,0,0,0,163680.35,163680.35,0,0,28790.62,28651.13,28790.62,28651.13,15650,15850,31225,31225,0,0,0,0,0,0,0
"03325483",1,"2015","2014",0,0,0,"1",0.2295,0.2295,"38","D",0.0826,0.0826,1,"D",1,"D",0,"D",0,"D",60168,"D",0,"D",28234,"D",0,"D",0,"D",2200,"D",6364,"D",0,"D",0,"D",8376,"D",10981,2652,11016.4,10945.04,2659.75,2645.06,0,0,84166.9,84166.9,60168.01,60168.01,0,0,0,0,0,0,0,0,75790.9,75790.9,0,0,11016.4,10945.04,11016.4,10945.04,3315.6,3344.96,19576.29,19561.73,0,0,0,0,0,0,0
"03325493",1,"2015","2014",0,0.153,0.153,"1",0.2275,0.2275,"38","D",0.09,0.09,0,"D",0,"D",98000,"D",0,"D",-2980,"D",0,"D",0,"D",0,"D",0,"D",1700,"D",321,"D",0,"D",0,"D",16140,"D",12567,5916,12602.55,12531.55,5923.81,5907.81,14994,14994,95020,95020,95020.01,95020.01,0,0,0,0,0,0,0,0,78880,78880,0,0,12602.55,12531.55,12602.55,12531.55,2115.6,2144.96,18161,18161,0,0,0,0,0,0,0
"03325503",1,"2015","2014",0,0,0,"1",0,0,"10","D",0,0,1,"D",1,"D",0,"D",0,"D",0,"D",0,"D",4244,"D",0,"D",0,"D",1100,"D",25,"D",0,"D",0,"D",0,"D",0,0,0,0,0,0,0,0,0,0,0,0,0,0,0,0,0,0,0,0,0,0,0,0,0,0,0,0,0,0,0,0,0,0,0,0,0,0,0
"03325503",3,"2015","2014",0,0,0,"1",0,0,"10","D",0,0,1,"D",1,"D",0,"D",0,"D",0,"D",0,"D",0,"D",0,"D",0,"D",0,"D",0,"D",0,"D",0,"D",0,"D",0,0,0,0,0,0,0,0,0,0,0,0,0,0,0,0,0,0,0,0,0,0,0,0,0,0,0,0,0,0,0,0,0,0,0,0,0,0,0
"03325513",1,"2015","2014",0,0,0,"1",0,0,"44","D",0,0,1,"D",1,"D",0,"D",0,"D",0,"D",0,"D",14844,"D",0,"D",0,"D",500,"D",40,"D",0,"D",0,"D",600,"D",0,0,0,0,0,0,0,0,0,0,0,0,0,0,0,0,0,0,0,0,0,0,0,0,0,0,0,0,0,0,0,0,0,0,0,0,0,0,0
"03325573",1,"2015","2014",0,0.153,0.153,"1",0.15,0.15,"26","D",0.051,0.051,0,"D",0,"D",34166,"D",0,"D",0,"D",0,"D",0,"D",0,"D",4800,"D",0,"D",150,"D",0,"D",0,"D",0,"D",3134,1136,3148.65,3118.65,1138.04,1133.84,5227.4,5227.4,34166,34166,34166.01,34166.01,0,0,0,0,0,0,0,0,34166,34166,0,0,3148.65,3118.65,3148.65,3118.65,6200,6300,0,0,0,0,0,0,0,0,0
"03325583",1,"2015","2014",3,0.153,0.153,"3",0.1444,0.1425,"14","D",0.0375,0.05,0,"D",0,"D",69078,"D",0,"D",0,"D",0,"D",0,"D",0,"D",0,"D",3800,"D",30,"D",2268,"D",3,"D",16588,"D",439,2458,402.07,476.21,2838.9,2077.93,10568.93,10568.93,69078,69078,69078.01,69078.01,3000,3000,0,0,453.6,453.6,0,0,52490,52490,0,0,3855.67,3929.81,3855.66,3929.81,0,0,0,0,190,190,0,0,0,0,0
"03325593",1,"2015","2014",0,0,0,"1",0,0,"02","D",0,0,1,"D",1,"D",0,"D",0,"D",2000,"D",0,"D",25522,"D",0,"D",0,"D",5500,"D",8,"D",0,"D",0,"D",240,"D",0,0,0,0,0,0,0,0,2000,2000,0,0,0,0,0,0,0,0,0,0,2000,2000,0,0,0,0,0,0,0,0,0,0,0,0,0,0,0,0,0
"03325603",1,"2015","2014",0,0.153,0.153,"1",0.2356,0.2355,"34","D",0.0575,0.058,0,"D",0,"D",60000,"D",0,"D",-1409,"D",0,"D",0,"D",0,"D",0,"D",2000,"D",0,"D",0,"D",0,"D",6252,"D",6689,2907,6723.58,6654.88,2919.66,2894.49,9180,9180,58591,58591,58591.01,58591.01,0,0,0,0,0,0,0,0,52339,52339,0,0,6723.58,6654.88,6723.58,6654.88,7500,7500,8252,8252,0,0,0,0,0,0,0
"03325613",1,"2015","2014",1,0.153,0.153,"3",0,0,"44","D",0,0,0,"D",0,"D",14000,"D",0,"D",0,"D",0,"D",0,"D",0,"D",0,"D",6600,"D",0,"D",0,"D",1,"D",0,"D",-4332,0,-4305,-4359,0,0,2142,2142,14000,14000,0,0,0,0,1000,1000,0,0,3305,3359,14000,14000,0,0,0,0,0,0,0,0,0,0,0,0,0,0,0,0,0
"03325613",2,"2015","2014",0,0.153,0.153,"1",0.15,0.15,"44","D",0,0,0,"D",0,"D",24960,"D",0,"D",0,"D",0,"D",0,"D",0,"D",0,"D",0,"D",0,"D",0,"D",0,"D",0,"D",1753,0,1767.75,1737.75,0,0,3818.88,3818.88,24960,24960,0,0,0,0,0,0,0,0,0,0,24960,24960,0,0,1767.75,1737.75,1767.75,1737.75,0,0,0,0,0,0,0,0,0,0,0
"03325623",1,"2015","2014",3,0,0,"3",-0.45,-0.45,"05","D",0,0,0,"D",0,"D",0,"D",0,"D",505,"D",0,"D",0,"D",0,"D",0,"D",90,"D",20,"D",0,"D",0,"D",0,"D",0,0,0,0,0,0,0,0,505,505,505.01,505.01,0,0,0,0,0,0,0,0,505,505,0,0,0,0,0,0,7984,8088,110,110,0,0,0,0,0,0,0
"03325633",1,"2015","2014",0,0.153,0.153,"1",0.2356,0.2355,"34","D",0.0575,0.058,0,"D",0,"D",50647,"D",0,"D",0,"D",0,"D",0,"D",0,"D",0,"D",750,"D",0,"D",0,"D",0,"D",3304,"D",5857,2492,5891.37,5821.76,2502.53,2480.95,7748.99,7748.99,50647,50647,50647.01,50647.01,0,0,0,0,0,0,0,0,47343,47343,0,0,5891.37,5821.76,5891.37,5821.76,7500,7500,4054,4054,0,0,0,0,0,0,0
"03325633",2,"2015","2014",1,0,0,"3",-0.34,-0.34,"34","D",0,0,0,"D",0,"D",0,"D",0,"D",0,"D",0,"D",0,"D",0,"D",0,"D",0,"D",0,"D",0,"D",0,"D",0,"D",0,0,0,0,0,0,0,0,0,0,0.01,0.01,0,0,0,0,0,0,0,0,0,0,0,0,0,0,0,0,12000,12000,0,0,0,0,0,0,0,0,0
"03325713",1,"2015","2014",0,0.153,0.153,"1",0.15,0.15,"10","D",0,0,1,"D",1,"D",19627,"D",0,"D",0,"D",0,"D",11746,"D",0,"D",0,"D",1200,"D",0,"D",0,"D",0,"D",276,"D",810,0,817.7,802.7,0,0,3002.93,3002.93,19877,19877,0,0,0,0,0,0,0,0,0,0,19877,19877,0,0,817.7,802.7,817.7,802.7,0,0,0,0,0,0,0,0,0,0,0
"03325713",2,"2015","2014",0,0.153,0.153,"1",0.1,0.1,"10","D",0,0,0,"D",0,"D",17000,"D",0,"D",0,"D",0,"D",0,"D",0,"D",0,"D",0,"D",0,"D",0,"D",0,"D",0,"D",678,0,685,670,0,0,2601,2601,17000,17000,0,0,0,0,0,0,0,0,0,0,17000,17000,0,0,685,670,685,670,0,0,0,0,0,0,0,0,0,0,0
"03325713",3,"2015","2014",0,0.153,0.153,"1",0.15,0.15,"10","D",0,0,0,"D",0,"D",27040,"D",0,"D",0,"D",0,"D",0,"D",0,"D",0,"D",0,"D",0,"D",0,"D",0,"D",0,"D",2065,0,2079.75,2049.75,0,0,4137.12,4137.12,27040,27040,0,0,0,0,0,0,0,0,0,0,27040,27040,0,0,2079.75,2049.75,2079.75,2049.75,0,0,0,0,0,0,0,0,0,0,0
"03325763",1,"2015","2014",0,0,0,"1",0,0,"31","D",0,0,1,"D",1,"D",0,"D",0,"D",0,"D",0,"D",10140,"D",0,"D",2244,"D",0,"D",0,"D",0,"D",0,"D",0,"D",0,-404,0,0,-403.92,-403.92,0,0,0,0,0,0,0,0,0,0,0,0,0,0,0,0,0,0,0,0,0,0,0,0,0,0,0,0,0,0,0,0,0
"03325773",1,"2015","2014",0,0,0,"1",0,0,"47","D",0,0,1,"D",1,"D",0,"D",0,"D",0,"D",0,"D",15202,"D",0,"D",0,"D",500,"D",619,"D",0,"D",0,"D",0,"D",0,0,0,0,0,0,0,0,0,0,0.01,0.01,0,0,0,0,0,0,0,0,0,0,0,0,0,0,0,0,0,0,0,0,0,0,0,0,0,0,0
"03325803",1,"2015","2014",2,0.153,0.153,"3",0.31,0.31,"11","D",0.03,0.03,0,"D",0,"D",23038,"D",0,"D",0,"D",0,"D",0,"D",0,"D",0,"D",5000,"D",35,"D",0,"D",0,"D",4480,"D",-4308,105,-4223.17,-4393.56,104.69,104.69,3524.81,3524.81,23038,23038,23038.01,23038.01,0,0,0,0,0,0,4363.19,4518.59,18558,18558,0,0,140.03,125.03,140.03,125.03,2300,2300,9515,9515,0,0,0,0,0,0,0
"03325823",1,"2015","2014",3,0.153,0.153,"3",-0.15,0.0606,"50","D",0.0703,0.1419,0,"D",0,"D",18000,"D",0,"D",0,"D",0,"D",0,"D",0,"D",0,"D",1800,"D",0,"D",0,"D",3,"D",180,"D",-8425,-2609,-8357.2,-8492,-2586.06,-2631.9,2754,2754,18000,18000,18000.01,18000.01,0,0,2250,2250,0,0,6107.2,6242,18000,18000,0,0,0,0,0,0,12234.6,12513.05,180,180,509.62,509.62,0,0,2076.45,2122.28,0
"03325823",2,"2015","2014",0,0.153,0.153,"1",0.1,0.1,"50","D",0.0448,0.0448,0,"D",0,"D",18074,"D",0,"D",0,"D",0,"D",0,"D",0,"D",0,"D",0,"D",0,"D",0,"D",0,"D",0,"D",785,304,792.4,777.4,307.96,299.97,2765.32,2765.32,18074,18074,18074.01,18074.01,0,0,0,0,0,0,0,0,18074,18074,0,0,792.4,777.4,792.4,777.4,9675.12,9874.77,0,0,0,0,0,0,0,0,0
"03325833",1,"2015","2014",0,0.153,0.153,"2",0.149,0.149,"48","D",0,0,1,"D",1,"D",34176,"D",0,"D",-3103,"D",22800,"D",19462,"D",0,"D",0,"D",2600,"D",2340,"D",0,"D",0,"D",7984,"D",6361,0,6376.17,6346.17,0,0,5228.93,5228.93,70415.7,70415.7,0,0,0,0,0,0,0,0,0,0,62431.7,62431.7,0,0,6376.17,6346.17,6376.17,6346.17,0,0,0,0,0,0,0,0,0,0,0
"03325863",1,"2015","2014",0,0,0,"1",0,0,"45","D",0,0,1,"D",1,"D",0,"D",0,"D",0,"D",0,"D",2580,"D",0,"D",0,"D",1200,"D",258,"D",0,"D",0,"D",3426,"D",0,0,0,0,0,0,0,0,0,0,0.01,0.01,0,0,0,0,0,0,0,0,0,0,0,0,0,0,0,0,0,0,0,0,0,0,0,0,0,0,0
"03325893",1,"2015","2014",2,0.153,0.153,"2",0.15,0.15,"0","T",0,0,0,"D",0,"D",84000,"D",7200,"D",0,"D",0,"D",0,"D",0,"D",0,"D",990,"D",0,"D",0,"D",2,"D",5112,"D",6505,0,6542.5,6467.5,0,0,13953.6,13953.6,91200,91200,0,0,2000,2000,0,0,0,0,0,0,91200,91200,0,0,8542.5,8467.5,8542.5,8467.5,0,0,0,0,0,0,0,0,0,0,0
"03325933",1,"2015","2014",0,0.153,0.153,"2",0.15,0.15,"05","D",0.06,0.06,1,"D",0,"D",42402,"D",43628,"D",0,"D",0,"D",0,"D",0,"D",0,"D",840,"D",270,"D",0,"D",0,"D",0,"D",8828,2345,8952,8704.5,2417.04,2273.18,13162.59,13162.59,86030,86030,86030.01,86030.01,0,0,0,0,0,0,0,0,86030,86030,0,0,8952,8704.5,8952,8704.5,7984,8088,1110,1110,0,0,0,0,0,0,0
"03325963",1,"2015","2014",0,0,0,"1",0,0,"50","D",0,0,1,"D",1,"D",0,"D",0,"D",0,"D",3090,"D",28606,"D",0,"D",17400,"D",0,"D",234,"D",0,"D",0,"D",1200,"D",0,0,0,0,0,0,0,0,3090,3090,3090.01,3090.01,0,0,0,0,0,0,0,0,3090,3090,0,0,0,0,0,0,10080,10249.92,1200,1200,0,0,0,0,0,0,0
"03325963",2,"2015","2014",1,0,0,"3",-0.34,-0.34,"50","D",-0.0136,-0.0136,0,"D",0,"D",0,"D",0,"D",0,"D",0,"D",0,"D",0,"D",0,"D",0,"D",0,"D",0,"D",0,"D",0,"D",0,0,0,0,0,0,0,0,0,0,0.01,0.01,0,0,0,0,0,0,0,0,0,0,0,0,0,0,0,0,13020,13239.48,0,0,0,0,0,0,0,0,0
"03325993",1,"2015","2014",4,0.153,0.153,"3",0.15,0.15,"0","T",0,0,0,"D",0,"D",68636,"D",0,"D",0,"D",0,"D",0,"D",0,"D",0,"D",370,"D",0,"D",0,"D",2,"D",3404,"D",3285,0,3320.4,3250.4,0,0,10501.31,10501.31,68636,68636,0,0,2000,2000,0,0,0,0,0,0,68636,68636,0,0,5320.4,5250.4,5320.4,5250.4,0,0,0,0,0,0,0,0,0,0,0
"03326013",1,"2015","2014",2,0,0,"3",-0.4,-0.4,"14","D",-0.04,-0.04,0,"D",0,"D",0,"D",0,"D",0,"D",0,"D",0,"D",0,"D",0,"D",4,"D",0,"D",0,"D",0,"D",498,"D",0,0,0,0,0,0,0,0,0,0,0.01,0.01,0,0,0,0,0,0,0,0,0,0,0,0,0,0,0,0,0,0,0,0,0,0,0,0,0,0,0
"03326043",1,"2015","2014",0,0.038,0.038,"1",0.35,0.35,"34","D",0.0575,0.058,0,"D",0,"D",228786,"D",0,"D",35000,"D",0,"D",0,"D",0,"D",0,"D",3700,"D",0,"D",0,"D",0,"D",11840,"D",62659,14336,62866.1,62451.1,14398.27,14274.15,21401.87,21587.87,263786,263786,263786.01,263786.01,0,0,0,0,0,0,0,0,251946,251946,1616.73,1510.87,59919.37,59610.23,59919.37,59610.23,7500,7500,15540,15540,0,0,0,0,0,0,0
"03326103",1,"2015","2014",1,0.0735,0.0735,"2",0.35,0.35,"34","D",0.0575,0.058,0,"D",0,"D",241175,"D",96832,"D",0,"D",0,"D",0,"D",0,"D",0,"D",4000,"D",40,"D",0,"D",1,"D",0,"D",80414,18654,80709.45,80119.45,18734.41,18572.9,37109.43,37295.43,338007,338007,338007.01,338007.01,0,0,0,0,0,0,0,0,338007,338007,234.11,275.71,80475.34,79843.74,80475.34,79843.74,15000,15000,4000,4000,0,0,0,0,0,0,0
"03326123",1,"2015","2014",2,0,0,"3",-0.4,-0.4,"44","D",0,0,0,"D",0,"D",0,"D",0,"D",0,"D",0,"D",0,"D",0,"D",0,"D",1200,"D",0,"D",0,"D",0,"D",3824,"D",0,0,0,0,0,0,0,0,0,0,0,0,0,0,0,0,0,0,0,0,0,0,0,0,0,0,0,0,0,0,0,0,0,0,0,0,0,0,0
"03326133",1,"2015","2014",7,0.153,0.153,"2",0.1,0.1,"44","D",0,0,0,"D",0,"D",0,"D",54000,"D",3900,"D",0,"D",0,"D",0,"D",0,"D",2500,"D",0,"D",0,"D",5,"D",2320,"D",-4038,0,-4005,-4070,0,0,8262,8262,57900,57900,0,0,995,930,4005,4070,0,0,0,0,57900,57900,0,0,995,930,995,930,0,0,0,0,0,0,0,0,0,0,0
"03326133",2,"2015","2014",7,0,0,"3",-0.45,-0.45,"44","D",0,0,0,"D",0,"D",0,"D",0,"D",0,"D",0,"D",0,"D",0,"D",0,"D",0,"D",0,"D",0,"D",5,"D",0,"D",0,0,0,0,0,0,0,0,0,0,0,0,0,0,0,0,0,0,0,0,0,0,0,0,0,0,0,0,0,0,0,0,0,0,0,0,0,0,0
"03326143",1,"2015","2014",1,0.153,0.153,"3",0.1487,0.1487,"05","D",0.04,0.04,0,"D",0,"D",54445,"D",0,"D",0,"D",0,"D",0,"D",0,"D",0,"D",3000,"D",0,"D",0,"D",0,"D",10344,"D",4203,305,4215.87,4190.87,313.08,296.53,8330.08,8330.08,54445,54445,54445.01,54445.01,0,0,0,0,0,0,0,0,44101,44101,0,0,4215.87,4190.87,4215.87,4190.87,7984,8088,13344,13344,0,0,0,0,0,0,0
"03326153",1,"2015","2014",2,0.153,0.153,"2",0.15,0.15,"29","D",0,0,0,"D",0,"D",65000,"D",1400,"D",0,"D",0,"D",0,"D",0,"D",0,"D",1100,"D",230,"D",0,"D",2,"D",3340,"D",2785,0,2822.5,2747.5,0,0,10159.2,10159.2,66400,66400,0,0,2000,2000,0,0,0,0,0,0,66400,66400,0,0,4822.5,4747.5,4822.5,4747.5,0,0,0,0,0,0,0,0,0,0,0
"03326163",1,"2015","2014",0,0.153,0.153,"1",-0.0765,-0.0765,"34","D",0,0,0,"D",0,"D",5200,"D",0,"D",0,"D",0,"D",0,"D",0,"D",0,"D",3000,"D",0,"D",0,"D",0,"D",0,"D",-398,0,-397.8,-397.8,0,0,795.6,795.6,5200,5200,5200.01,5200.01,0,0,0,0,0,0,397.8,397.8,5200,5200,0,0,0,0,0,0,7500,7500,3000,3000,0,0,0,0,0,0,0
"03326173",1,"2015","2014",1,0.153,0.153,"3",0.3098,0.3098,"44","D",0,0,0,"D",0,"D",38000,"D",0,"D",0,"D",0,"D",0,"D",0,"D",21960,"D",0,"D",0,"D",0,"D",0,"D",0,"D",2344,0,2420.67,2268.03,0,0,5814,5814,38000,38000,0,0,0,0,0,0,0,0,81.83,186.97,38000,38000,0,0,2502.5,2455,2502.5,2455,0,0,0,0,0,0,0,0,0,0,0
"03326173",2,"2015","2014",0,0.153,0.153,"1",0.25,0.25,"44","D",0,0,0,"D",0,"D",60000,"D",0,"D",0,"D",0,"D",0,"D",0,"D",0,"D",0,"D",0,"D",0,"D",0,"D",0,"D",8269,0,8318.75,8218.75,0,0,9180,9180,60000,60000,0,0,0,0,0,0,0,0,0,0,60000,60000,0,0,8318.75,8218.75,8318.75,8218.75,0,0,0,0,0,0,0,0,0,0,0
"03326203",1,"2015","2014",1,0.153,0.153,"2",0.3,0.3,"03","D",0.0336,0.0336,0,"D",0,"D",58000,"D",63000,"D",-6500,"D",0,"D",0,"D",0,"D",0,"D",1100,"D",250,"D",0,"D",1,"D",2144,"D",13394,2918,13500,13287.5,2923.64,2913.27,18513,18513,114500,114500,114500.01,114500.01,775,775,0,0,0,0,0,0,114500,114500,0,0,14275,14062.5,14275,14062.5,10018,10182,6417.64,6407.27,0,0,0,0,0,0,0
"03326213",1,"2015","2014",0,0.153,0.153,"1",0.15,0.15,"31","D",0.0175,0.0175,0,"D",0,"D",25000,"D",0,"D",0,"D",0,"D",0,"D",0,"D",0,"D",0,"D",0,"D",0,"D",0,"D",0,"D",1759,350,1773.75,1743.75,350,350,3825,3825,25000,25000,25000.01,25000.01,0,0,0,0,0,0,0,0,25000,25000,0,0,1773.75,1743.75,1773.75,1743.75,0,0,0,0,0,0,0,0,0,0,0
"03326213",2,"2015","2014",0,0.153,0.153,"1",0.15,0.15,"31","D",0.0175,0.0175,0,"D",0,"D",31000,"D",0,"D",0,"D",0,"D",0,"D",0,"D",0,"D",0,"D",0,"D",0,"D",0,"D",0,"D",2659,455,2673.75,2643.75,455,455,4743,4743,31000,31000,31000.01,31000.01,0,0,0,0,0,0,0,0,31000,31000,0,0,2673.75,2643.75,2673.75,2643.75,0,0,0,0,0,0,0,0,0,0,0
"03326223",1,"2015","2014",0,0.153,0.153,"1",0.1455,0.1452,"36","D",0.0297,0.0317,0,"D",0,"D",42000,"D",0,"D",267,"D",0,"D",0,"D",0,"D",0,"D",4300,"D",0,"D",0,"D",0,"D",4664,"D",3804,918,3807.09,3801.05,947.38,887.65,6426,6426,42267,42267,42267.01,42267.01,0,0,0,0,0,0,0,0,37603,37603,0,0,3807.09,3801.05,3807.09,3801.05,0,0,0,0,0,0,0,0,0,0,0
"03326243",1,"2015","2014",0,0,0,"1",0,0,"43","D",0,0,1,"D",1,"D",0,"D",0,"D",600,"D",7200,"D",14878,"D",0,"D",0,"D",900,"D",68,"D",0,"D",0,"D",0,"D",0,0,0,0,0,0,0,0,7800,7800,0,0,0,0,0,0,0,0,0,0,7800,7800,0,0,0,0,0,0,0,0,0,0,0,0,0,0,0,0,0
"03326253",1,"2015","2014",0,0,0,"1",0,0,"0","T",0,0,1,"D",1,"D",0,"D",0,"D",0,"D",0,"D",25714,"D",0,"D",0,"D",16180,"D",0,"D",0,"D",0,"D",3600,"D",0,0,0,0,0,0,0,0,0,0,0,0,0,0,0,0,0,0,0,0,0,0,0,0,0,0,0,0,0,0,0,0,0,0,0,0,0,0,0
"03326263",1,"2015","2014",2,0,0,"3",-0.4,-0.4,"33","D",-0.118,-0.118,0,"D",0,"D",0,"D",0,"D",0,"D",4420,"D",0,"D",0,"D",0,"D",5000,"D",442,"D",0,"D",0,"D",6030,"D",0,-268,0,0,-268.16,-268.16,0,0,4420,4420,4420.01,4420.01,0,0,0,0,0,0,0,0,4420,4420,0,0,0,0,0,0,10950,11100,0,0,68.16,68.16,0,0,0,0,0
"03326303",1,"2015","2014",0,0.153,0.153,"1",0.2381,0.2381,"21","D",0.0475,0.0475,0,"D",0,"D",75000,"D",0,"D",6900,"D",0,"D",0,"D",0,"D",0,"D",2800,"D",232,"D",0,"D",0,"D",6072,"D",12217,3253,12254.42,12179.42,3253.31,3253.31,11475,11475,81900,81900,81900.01,81900.01,0,0,0,0,0,0,0,0,75828,75828,0,0,12254.42,12179.42,12254.42,12179.42,2000,2000,9104,9104,0,0,0,0,0,0,0
"03326313",1,"2015","2014",0,0.153,0.153,"1",0.25,0.25,"01","D",0.0337,0.0337,0,"D",0,"D",54000,"D",0,"D",0,"D",0,"D",0,"D",0,"D",3600,"D",0,"D",0,"D",0,"D",0,"D",0,"D",6769,2040,6818.75,6718.75,2037.51,2042.51,8262,8262,54000,54000,54000.01,54000.01,0,0,0,0,0,0,0,0,54000,54000,0,0,6818.75,6718.75,6818.75,6718.75,2000,2000,4131,4131,0,0,0,0,0,0,0
"03326323",1,"2015","2014",2,0.153,0.153,"2",0,0,"05","D",0,0,0,"D",0,"D",19200,"D",0,"D",0,"D",0,"D",0,"D",0,"D",0,"D",3000,"D",0,"D",0,"D",2,"D",0,"D",-7504,0,-7460,-7548,0,0,2937.6,2937.6,19200,19200,19200.01,19200.01,0,0,2000,2000,0,0,5460,5548,19200,19200,0,0,0,0,0,0,7984,8088,3000,3000,0,0,0,0,0,0,0
"03326363",1,"2015","2014",0,0,0,"2",0.15,0.15,"23","D",0.0635,0.0635,0,"D",0,"D",0,"D",0,"D",10,"D",39084,"D",1326,"D",0,"D",0,"D",2930,"D",270,"D",0,"D",0,"D",0,"D",1981,412,2011.05,1951.05,412.13,412.13,0,0,39757,39757,39094.01,39094.01,0,0,0,0,0,0,0,0,39757,39757,0,0,2011.05,1951.05,2011.05,1951.05,0,0,0,0,909.37,909.37,0,0,0,0,0
"03326373",1,"2015","2014",0,0.153,0.153,"1",0.15,0.15,"26","D",0.051,0.051,0,"D",0,"D",23400,"D",0,"D",0,"D",0,"D",0,"D",0,"D",4620,"D",0,"D",0,"D",0,"D",0,"D",0,"D",1519,587,1533.75,1503.75,588.98,584.78,3580.2,3580.2,23400,23400,23400.01,23400.01,0,0,0,0,0,0,0,0,23400,23400,0,0,1533.75,1503.75,1533.75,1503.75,6200,6300,0,0,0,0,0,0,0,0,0
"03326403",1,"2015","2014",0,0.153,0.153,"2",0.1444,0.1425,"14","D",0.0375,0.05,0,"D",0,"D",56599,"D",46229,"D",0,"D",0,"D",0,"D",0,"D",0,"D",5000,"D",440,"D",0,"D",0,"D",15788,"D",9523,4062,9445.66,9600.78,4678.9,3444.8,15732.68,15732.68,102828,102828,102828.01,102828.01,0,0,0,0,0,0,0,0,87040,87040,0,0,9445.67,9600.78,9445.66,9600.78,0,0,0,0,250,250,0,0,0,0,0
"03326423",1,"2015","2014",0,0,0,"1",0.2775,0.2775,"05","D",0.04,0.04,1,"D",1,"D",0,"D",0,"D",0,"D",27747,"D",13284,"D",0,"D",43356,"D",0,"D",0,"D",0,"D",0,"D",0,"D",2663,224,2677.9,2647.9,229.26,219.41,0,0,32577.65,32577.65,27747.01,27747.01,0,0,0,0,0,0,0,0,32577.65,32577.65,0,0,2677.9,2647.9,2677.9,2647.9,3992,4044,0,0,0,0,0,0,0,0,0
"03326453",1,"2015","2014",0,0.153,0.153,"2",0.15,0.15,"0","T",0,0,2,"D",2,"D",38782,"D",100,"D",6146,"D",21259,"D",29485,"D",0,"D",0,"D",4300,"D",275,"D",0,"D",0,"D",400,"D",9352,0,9389.89,9314.89,0,0,5948.95,5948.95,91349.25,91349.25,0,0,0,0,0,0,0,0,0,0,91349.25,91349.25,0,0,9389.89,9314.89,9389.89,9314.89,0,0,0,0,0,0,0,0,0,0,0
"03326463",1,"2015","2014",2,0,0,"3",-0.4,-0.4,"0","T",0,0,0,"D",0,"D",0,"D",0,"D",0,"D",0,"D",0,"D",0,"D",0,"D",4200,"D",0,"D",0,"D",0,"D",720,"D",0,0,0,0,0,0,0,0,0,0,0,0,0,0,0,0,0,0,0,0,0,0,0,0,0,0,0,0,0,0,0,0,0,0,0,0,0,0,0
"03326483",1,"2015","2014",2,0,0,"3",-0.4,-0.4,"01","D",0,0,0,"D",0,"D",0,"D",0,"D",0,"D",0,"D",0,"D",0,"D",0,"D",0,"D",0,"D",0,"D",0,"D",0,"D",0,0,0,0,0,0,0,0,0,0,0.01,0.01,0,0,0,0,0,0,0,0,0,0,0,0,0,0,0,0,4700,4700,0,0,0,0,0,0,0,0,0
"03326503",1,"2015","2014",1,0.153,0.153,"3",0.3098,0.15,"34","D",0.0575,0.058,0,"D",0,"D",38766,"D",0,"D",0,"D",0,"D",0,"D",0,"D",9000,"D",0,"D",0,"D",0,"D",0,"D",0,"D",2561,1546,2617.4,2505.34,1552.43,1539.05,5931.2,5931.2,38766,38766,38766.01,38766.01,0,0,0,0,0,0,0,64.56,38766,38766,0,0,2617.4,2569.9,2617.4,2569.9,12000,12000,0,0,0,0,0,0,0,0,0
"03326513",1,"2015","2014",1,0.153,0.153,"3",0,0.1,"29","D",0,0,0,"D",0,"D",17000,"D",0,"D",0,"D",0,"D",0,"D",0,"D",10800,"D",0,"D",0,"D",0,"D",0,"D",0,"D",-3332,0,-3305,-3359,0,0,2601,2601,17000,17000,0,0,0,0,0,0,0,0,3305,3359,17000,17000,0,0,0,0,0,0,0,0,0,0,0,0,0,0,0,0,0
"03326523",1,"2015","2014",0,0,0,"1",0,0,"02","D",0,0,1,"D",1,"D",0,"D",0,"D",0,"D",5456,"D",16635,"D",0,"D",12000,"D",0,"D",680,"D",0,"D",0,"D",0,"D",0,0,0,0,0,0,0,0,5456,5456,0,0,0,0,0,0,0,0,0,0,5456,5456,0,0,0,0,0,0,0,0,0,0,0,0,0,0,0,0,0
"03326553",1,"2015","2014",0,0.153,0.153,"1",0.1,0.1,"05","D",0,0,1,"D",1,"D",14000,"D",0,"D",-1000,"D",0,"D",15862,"D",0,"D",0,"D",2100,"D",408,"D",0,"D",0,"D",0,"D",123,0,130,115,0,0,2142,2142,13000,13000,13000.01,13000.01,0,0,0,0,0,0,0,0,13000,13000,0,0,130,115,130,115,3992,4044,2508,2508,0,0,0,0,0,0,0
"03326553",2,"2015","2014",0,0,0,"1",0.1,0.1,"05","D",0.02,0.02,0,"D",0,"D",0,"D",0,"D",0,"D",15000,"D",17040,"D",0,"D",0,"D",0,"D",0,"D",0,"D",0,"D",0,"D",478,33,485,470,34.67,31.63,0,0,15000,15000,15000.01,15000.01,0,0,0,0,0,0,0,0,15000,15000,0,0,485,470,485,470,3992,4044,0,0,0,0,0,0,0,0,0
"03326613",1,"2015","2014",0,0.153,0.153,"2",0.0992,0.0992,"10","D",0,0,0,"D",0,"D",0,"D",41078,"D",0,"D",0,"D",0,"D",0,"D",0,"D",1800,"D",0,"D",0,"D",0,"D",16604,"D",1414,0,1419.07,1409.07,0,0,6284.93,6284.93,41078,41078,0,0,0,0,0,0,0,0,0,0,24474,24474,0,0,1419.07,1409.07,1419.07,1409.07,0,0,0,0,0,0,0,0,0,0,0
"03326683",1,"2015","2014",1,0.153,0.153,"3",-0.34,-0.34,"05","D",0,0,0,"D",0,"D",6951,"D",0,"D",0,"D",0,"D",0,"D",0,"D",4440,"D",0,"D",25,"D",0,"D",0,"D",0,"D",-2363,0,-2363.34,-2363.34,0,0,1063.5,1063.5,6951,6951,6951.01,6951.01,0,0,0,0,0,0,2363.34,2363.34,6951,6951,0,0,0,0,0,0,7984,8088,25,25,0,0,0,0,0,0,0
"03326693",1,"2015","2014",1,0.153,0.153,"2",0.2598,0.2598,"28","D",0.0511,0.0511,0,"D",0,"D",3000,"D",34095,"D",0,"D",0,"D",0,"D",0,"D",0,"D",0,"D",41,"D",0,"D",0,"D",0,"D",115,298,190.33,39.01,310.38,284.72,5675.53,5675.53,37095,37095,37095.01,37095.01,0,0,0,0,0,0,1094.17,1210.49,37095,37095,0,0,1284.5,1249.5,1284.5,1249.5,12400,12600,0,0,0,0,0,0,109.42,121.05,0
"03326723",1,"2015","2014",0,0.153,0.153,"1",0.15,0.15,"48","D",0,0,0,"D",0,"D",4000,"D",0,"D",72,"D",24000,"D",844,"D",0,"D",7728,"D",0,"D",10,"D",0,"D",0,"D",0,"D",2283,0,2297.85,2267.85,0,0,612,612,28494,28494,0,0,0,0,0,0,0,0,0,0,28494,28494,0,0,2297.85,2267.85,2297.85,2267.85,0,0,0,0,0,0,0,0,0,0,0
"03326743",1,"2015","2014",0,0,0,"1",0,0,"0","T",0,0,1,"D",1,"D",0,"D",0,"D",0,"D",0,"D",13162,"D",0,"D",0,"D",600,"D",105,"D",0,"D",0,"D",0,"D",0,0,0,0,0,0,0,0,0,0,0,0,0,0,0,0,0,0,0,0,0,0,0,0,0,0,0,0,0,0,0,0,0,0,0,0,0,0,0
"03326743",3,"2015","2014",0,0,0,"1",0,0,"0","T",0,0,1,"D",1,"D",0,"D",0,"D",0,"D",0,"D",13330,"D",0,"D",0,"D",0,"D",0,"D",0,"D",0,"D",0,"D",0,0,0,0,0,0,0,0,0,0,0,0,0,0,0,0,0,0,0,0,0,0,0,0,0,0,0,0,0,0,0,0,0,0,0,0,0,0,0
"03326753",1,"2015","2014",2,0.153,0.153,"2",0.3,0.3,"0","T",0,0,0,"D",0,"D",55000,"D",77452,"D",-15490,"D",0,"D",0,"D",0,"D",0,"D",0,"D",0,"D",0,"D",2,"D",0,"D",12139,0,12251.1,12026.1,0,0,20265.16,20265.16,116962,116962,0,0,1651.9,1651.9,0,0,0,0,0,0,116962,116962,0,0,13903,13678,13903,13678,0,0,0,0,0,0,0,0,0,0,0
"03326773",1,"2015","2014",1,0.038,0.038,"2",0.35,0.35,"05","D",0.093,0.093,0,"D",0,"D",228786,"D",139000,"D",37000,"D",0,"D",0,"D",0,"D",43356,"D",0,"D",460,"D",1600,"D",1,"D",4000,"D",103473,31691,103768.1,103178.1,31749.17,31632.78,40741.87,41113.87,404786,404786,404786.01,404786.01,0,0,0,0,320,320,0,0,400786,400786,4950.22,4908.98,97731.88,97183.12,97731.88,97183.12,7984,8088,1342.4,1617.56,0,0,0,0,0,0,0
"03326783",1,"2015","2014",0,0.038,0.038,"1",0.311,0.3109,"34","D",0.0575,0.058,0,"D",0,"D",228786,"D",0,"D",-5500,"D",0,"D",0,"D",0,"D",0,"D",1800,"D",344,"D",0,"D",0,"D",6192,"D",49251,12433,49367.52,49134.55,12487.05,12379.41,21401.87,21587.87,223286,223286,223286.01,223286.01,0,0,0,0,0,0,0,0,217094,217094,0,0,49367.52,49134.55,49367.52,49134.55,7500,7500,7992,7992,0,0,0,0,0,0,0
"03326793",1,"2015","2014",0,0.153,0.153,"1",0.25,0.25,"0","T",0,0,0,"D",0,"D",73000,"D",0,"D",-2191,"D",0,"D",0,"D",0,"D",10500,"D",0,"D",0,"D",0,"D",0,"D",0,"D",10971,0,11021,10921,0,0,11169,11169,70809,70809,0,0,0,0,0,0,0,0,0,0,70809,70809,0,0,11021,10921,11021,10921,0,0,0,0,0,0,0,0,0,0,0
"03326824",1,"2015","2014",6,0.153,0.153,"2",0.2106,0.2106,"38","D",0.1068,0.1068,0,"D",0,"D",8000,"D",37000,"D",0,"D",0,"D",0,"D",0,"D",0,"D",5200,"D",0,"D",0,"D",5,"D",15492,"D",-6655,49,-6564.56,-6745.69,72.56,26.06,6885,6885,45000,45000,45000.01,45000.01,0,0,5000,5000,0,0,1564.56,1745.69,29508,29508,0,0,0,0,0,0,4231.2,4289.91,20692,20692,0,0,0,0,125.16,139.66,0
"03326843",1,"2015","2014",3,0.153,0.153,"2",0.15,0.15,"28","D",0.0684,0.0684,0,"D",0,"D",6000,"D",85000,"D",-5730,"D",0,"D",0,"D",0,"D",0,"D",3100,"D",903,"D",200,"D",3,"D",1200,"D",3979,2635,4020.5,3938,2659.91,2609.6,13923,13923,85270,85270,85270.01,85270.01,3000,3000,0,0,40,40,0,0,85270,85270,0,0,7060.5,6978,7060.5,6978,12400,12600,0,0,0,0,10,10,0,0,0
"03326883",1,"2015","2014",0,0,0,"1",0.1489,0.141,"05","D",0.06,0.06,1,"D",1,"D",0,"D",0,"D",10,"D",45120,"D",7450,"D",0,"D",0,"D",4500,"D",130,"D",0,"D",0,"D",7296,"D",4765,744,4771.52,4757.74,751.38,736.07,0,0,51462.5,51462.5,45130.01,45130.01,0,0,0,0,0,0,0,0,44166.5,44166.5,0,0,4771.52,4757.74,4771.52,4757.74,3992,4044,11926,11926,0,0,0,0,0,0,0
"03326893",1,"2015","2014",1,0.153,0.153,"2",0.15,0.15,"0","T",0,0,0,"D",0,"D",24795,"D",23148,"D",265,"D",0,"D",0,"D",0,"D",0,"D",1200,"D",60,"D",0,"D",0,"D",5672,"D",2652,0,2686.2,2618.7,0,0,7335.28,7335.28,48208,48208,0,0,0,0,0,0,0,0,0,0,48208,48208,0,0,2686.2,2618.7,2686.2,2618.7,0,0,0,0,0,0,0,0,0,0,0
"03326903",1,"2015","2014",0,0.153,0.153,"2",0.15,0.15,"23","D",0.0425,0.0425,0,"D",0,"D",36807,"D",54319,"D",0,"D",0,"D",0,"D",0,"D",0,"D",1000,"D",30,"D",0,"D",0,"D",2844,"D",9686,3533,9716.4,9656.4,3532.86,3532.86,13942.28,13942.28,91126,91126,91126.01,91126.01,0,0,0,0,0,0,0,0,91126,91126,0,0,9716.4,9656.4,9716.4,9656.4,0,0,0,0,0,0,0,0,0,0,0
"03326903",2,"2015","2014",1,0,0,"3",-0.34,-0.34,"23","D",-0.0029,-0.0029,0,"D",0,"D",0,"D",0,"D",0,"D",0,"D",0,"D",0,"D",0,"D",0,"D",0,"D",0,"D",0,"D",0,"D",0,-303,0,0,-302.98,-302.98,0,0,0,0,0.01,0.01,0,0,0,0,0,0,0,0,0,0,0,0,0,0,0,0,0,0,0,0,0,0,0,0,0,0,0
"03326933",1,"2015","2014",2,0.0602,0.0602,"2",0.28,0.28,"0","T",0,0,0,"D",0,"D",228786,"D",50000,"D",-76958,"D",0,"D",0,"D",0,"D",0,"D",8500,"D",1300,"D",0,"D",1,"D",10220,"D",33603,0,33729.24,33477.74,0,0,29051.87,29237.87,201828,201828,0,0,0,0,0,0,0,0,0,0,191608,191608,0,0,33729.24,33477.74,33729.24,33477.74,0,0,0,0,0,0,0,0,0,0,0
"03326943",1,"2015","2014",0,0.153,0.153,"1",0.1429,0.1428,"22","D",0.0476,0.048,0,"D",0,"D",275,"D",0,"D",0,"D",45000,"D",0,"D",0,"D",0,"D",4000,"D",10,"D",0,"D",0,"D",540,"D",4738,2114,4743.84,4731.9,2124.41,2103.98,42.07,42.07,45275,45275,45275.01,45275.01,0,0,0,0,0,0,0,0,44735,44735,0,0,4743.84,4731.9,4743.84,4731.9,0,0,0,0,0,0,0,0,0,0,0
"03326973",1,"2015","2014",0,0,0,"1",-0.0765,-0.0765,"25","D",0,0,0,"D",0,"D",0,"D",0,"D",0,"D",0,"D",0,"D",0,"D",2940,"D",0,"D",0,"D",0,"D",0,"D",0,"D",0,0,0,0,0,0,0,0,0,0,0.01,0.01,0,0,0,0,0,0,0,0,0,0,0,0,0,0,0,0,2300,2300,0,0,0,0,0,0,0,0,0
"03326993",1,"2015","2014",1,0.0538,0.0538,"2",0.3614,0.3611,"39","D",0.0307,0.0307,0,"D",0,"D",341175,"D",50000,"D",0,"D",0,"D",0,"D",0,"D",0,"D",1000,"D",0,"D",0,"D",1,"D",11820,"D",96139,12009,96435.13,95842.57,12009.07,12009.07,33322.65,33508.65,391175,391175,391175.01,391175.01,0,0,0,0,0,0,0,0,379355,379355,0,0,96435.13,95842.57,96435.13,95842.57,0,0,0,0,0,0,0,0,0,0,0
"03327033",1,"2015","2014",0,0.153,0.153,"2",0.15,0.15,"43","D",0,0,0,"D",0,"D",54428,"D",0,"D",0,"D",0,"D",13870,"D",0,"D",0,"D",370,"D",2464,"D",0,"D",0,"D",7328,"D",5950,0,5980.13,5920.13,0,0,8327.48,8327.48,66217.5,66217.5,0,0,0,0,0,0,0,0,0,0,66217.5,66217.5,0,0,5980.13,5920.13,5980.13,5920.13,0,0,0,0,0,0,0,0,0,0,0
"03327053",1,"2015","2014",0,0,0,"1",0,0,"06","D",0,0,1,"D",1,"D",0,"D",0,"D",0,"D",1400,"D",22066,"D",0,"D",0,"D",750,"D",656,"D",0,"D",0,"D",1100,"D",0,-7,0,0,0,-13,0,0,1400,1400,0,0,0,0,0,0,0,0,0,0,1400,1400,0,0,0,0,0,0,0,0,0,0,0,0,0,0,0,0,0
"03327073",1,"2015","2014",0,0.153,0.153,"1",0.2356,0.2356,"47","D",0.0575,0.0575,0,"D",0,"D",75000,"D",0,"D",0,"D",0,"D",0,"D",0,"D",0,"D",9000,"D",0,"D",0,"D",0,"D",13748,"D",7221,2694,7258.37,7183.37,2693.52,2693.52,11475,11475,75000,75000,75000.01,75000.01,0,0,0,0,0,0,0,0,61252,61252,0,0,7258.37,7183.37,7258.37,7183.37,3000,3000,22748,22748,0,0,0,0,0,0,0
"03327123",1,"2015","2014",1,0.153,0.153,"2",0.15,0.15,"10","D",0,0,0,"D",0,"D",0,"D",50743,"D",0,"D",0,"D",14400,"D",0,"D",11700,"D",50,"D",580,"D",0,"D",0,"D",600,"D",4869,0,4902.45,4834.95,0,0,7763.68,7763.68,62983,62983,0,0,0,0,0,0,0,0,0,0,62983,62983,0,0,4902.45,4834.95,4902.45,4834.95,0,0,0,0,0,0,0,0,0,0,0
"03327143",1,"2015","2014",0,0,0,"1",-0.0765,-0.0765,"05","D",0,0,0,"D",0,"D",0,"D",0,"D",0,"D",0,"D",0,"D",0,"D",0,"D",800,"D",0,"D",0,"D",0,"D",2287,"D",0,0,0,0,0,0,0,0,0,0,0.01,0.01,0,0,0,0,0,0,0,0,0,0,0,0,0,0,0,0,3992,4044,3087,3087,0,0,0,0,0,0,0
"03327153",1,"2015","2014",4,0.153,0.153,"2",0.15,0.15,"34","D",0.0575,0.058,0,"D",0,"D",60000,"D",0,"D",0,"D",0,"D",0,"D",0,"D",9360,"D",0,"D",15,"D",0,"D",2,"D",20,"D",633,2399,677.5,587.5,2410,2387.5,9180,9180,60000,60000,60000.01,60000.01,2000,2000,0,0,0,0,0,0,60000,60000,0,0,2677.5,2587.5,2677.5,2587.5,15000,15000,20,20,0,0,0,0,0,0,0
"03327153",2,"2015","2014",4,0,0,"3",-0.45,-0.45,"34","D",0,0,0,"D",0,"D",0,"D",0,"D",0,"D",0,"D",0,"D",0,"D",0,"D",0,"D",0,"D",0,"D",2,"D",0,"D",0,0,0,0,0,0,0,0,0,0,0.01,0.01,0,0,0,0,0,0,0,0,0,0,0,0,0,0,0,0,12000,12000,0,0,0,0,0,0,0,0,0
"03327173",1,"2015","2014",0,0.038,0.038,"1",0.325,0.325,"05","D",0.0986,0.0986,0,"D",0,"D",228786,"D",0,"D",-5500,"D",0,"D",0,"D",0,"D",0,"D",5000,"D",1752,"D",0,"D",0,"D",19428,"D",44736,16078,44901.35,44569.85,16101.2,16055.05,21401.87,21587.87,223286,223286,223286.01,223286.01,0,0,0,0,0,0,0,0,203858,203858,2150.26,1924.33,42751.09,42645.52,42751.09,42645.52,3992,4044,23367.62,23505.2,0,0,0,0,0,0,0
"03327173",2,"2015","2014",0,0.153,0.153,"1",0.25,0.25,"05","D",0.093,0.093,0,"D",0,"D",83000,"D",0,"D",-5500,"D",0,"D",0,"D",0,"D",0,"D",0,"D",0,"D",0,"D",0,"D",0,"D",12644,4218,12693.75,12593.75,4237.04,4198.84,12699,12699,77500,77500,77500.01,77500.01,0,0,0,0,0,0,0,0,77500,77500,0,0,12693.75,12593.75,12693.75,12593.75,3992,4044,0,0,0,0,0,0,0,0,0
"03327213",1,"2015","2014",2,0.038,0.038,"2",0.35,0.35,"03","D",0.0436,0.0436,0,"D",0,"D",469961,"D",0,"D",6261,"D",743,"D",0,"D",0,"D",0,"D",5200,"D",0,"D",0,"D",2,"D",0,"D",129288,18131,129582.67,128992.67,18146.88,18114.46,30116.52,30302.52,476965,476965,476965.01,476965.01,0,0,0,0,0,0,0,0,476965,476965,907.69,916.04,128437.06,127838.71,128437.06,127838.71,10018,10182,20582.99,20551,0,0,0,0,0,0,0
"03327223",1,"2015","2014",1,0.153,0.153,"2",0.1487,0.1487,"05","D",0.04,0.04,0,"D",0,"D",33000,"D",29120,"D",-36,"D",0,"D",0,"D",0,"D",0,"D",2700,"D",0,"D",0,"D",1,"D",13056,"D",3112,405,3130.76,3093.26,414.25,396.69,9504.36,9504.36,62084,62084,62084.01,62084.01,1000,1000,0,0,0,0,0,0,49028,49028,0,0,4130.76,4093.26,4130.76,4093.26,7984,8088,15756,15756,0,0,0,0,0,0,0
"03327233",1,"2015","2014",0,0,0,"2",0.15,0.15,"0","T",0,0,0,"D",0,"D",0,"D",0,"D",-6000,"D",96696,"D",0,"D",0,"D",0,"D",7600,"D",6704,"D",0,"D",0,"D",8856,"D",8023,0,8037.9,8007.9,0,0,0,0,90696,90696,0,0,0,0,0,0,0,0,0,0,81840,81840,0,0,8037.9,8007.9,8037.9,8007.9,0,0,0,0,0,0,0,0,0,0,0
"03327243",1,"2015","2014",0,0.153,0.153,"1",0.15,0.15,"39","D",0.0307,0.0307,0,"D",0,"D",25298,"D",0,"D",0,"D",0,"D",0,"D",0,"D",5700,"D",0,"D",0,"D",0,"D",0,"D",0,"D",1803,777,1818.45,1788.45,776.65,776.65,3870.59,3870.59,25298,25298,25298.01,25298.01,0,0,0,0,0,0,0,0,25298,25298,0,0,1818.45,1788.45,1818.45,1788.45,0,0,0,0,0,0,0,0,0,0,0
"03327263",1,"2015","2014",2,0.153,0.153,"2",0.15,0.15,"29","D",0,0,0,"D",0,"D",36000,"D",32000,"D",0,"D",0,"D",0,"D",0,"D",15360,"D",0,"D",0,"D",0,"D",1,"D",0,"D",4025,0,4062.5,3987.5,0,0,10404,10404,68000,68000,0,0,1000,1000,0,0,0,0,0,0,68000,68000,0,0,5062.5,4987.5,5062.5,4987.5,0,0,0,0,0,0,0,0,0,0,0
"03327273",1,"2015","2014",0,0.153,0.153,"2",0.15,0.15,"44","D",0,0,1,"D",1,"D",0,"D",43000,"D",0,"D",0,"D",0,"D",0,"D",8280,"D",0,"D",270,"D",0,"D",0,"D",0,"D",2284,0,2317.5,2250,0,0,6579,6579,43000,43000,0,0,0,0,0,0,0,0,0,0,43000,43000,0,0,2317.5,2250,2317.5,2250,0,0,0,0,0,0,0,0,0,0,0
"03327283",1,"2015","2014",0,0.153,0.153,"2",0.15,0.15,"0","T",0,0,0,"D",0,"D",38500,"D",66000,"D",-12121,"D",0,"D",0,"D",0,"D",0,"D",1000,"D",300,"D",0,"D",0,"D",10804,"D",9874,0,9904.35,9844.35,0,0,15988.5,15988.5,92379,92379,0,0,0,0,0,0,0,0,0,0,92379,92379,0,0,9904.35,9844.35,9904.35,9844.35,0,0,0,0,0,0,0,0,0,0,0
"03327323",1,"2015","2014",2,0.029,0.029,"2",0.194,0.194,"01","D",0.0403,0.0403,0,"D",0,"D",0,"D",120000,"D",-7200,"D",0,"D",0,"D",0,"D",0,"D",1700,"D",438,"D",300,"D",2,"D",35256,"D",5735,2773,5757.19,5712.71,2774.92,2771.4,17988,18174,112800,112800,112800.01,112800.01,1860,1860,0,0,0,0,0,0,77544,77544,0,0,7617.19,7572.71,7617.19,7572.71,4000,4000,46344.5,46459.25,0,0,0,0,0,0,0
"03327333",1,"2015","2014",0,0.066,0.066,"2",0.2267,0.2267,"05","D",0.093,0.093,0,"D",0,"D",120000,"D",51000,"D",-635,"D",0,"D",0,"D",0,"D",0,"D",2300,"D",400,"D",0,"D",0,"D",12808,"D",26084,9170,26150.93,26017.61,9203.28,9136.57,25791,25977,170365,170365,170365.01,170365.01,0,0,0,0,0,0,0,0,157557,157557,0,0,26150.93,26017.61,26150.93,26017.61,7984,8088,15508,15508,0,0,0,0,0,0,0
"03327333",2,"2015","2014",0,0.153,0.153,"1",0.1,0.1,"05","D",0.02,0.02,0,"D",0,"D",15000,"D",0,"D",0,"D",0,"D",0,"D",0,"D",0,"D",0,"D",0,"D",0,"D",0,"D",0,"D",478,33,485,470,34.67,31.63,2295,2295,15000,15000,15000.01,15000.01,0,0,0,0,0,0,0,0,15000,15000,0,0,485,470,485,470,3992,4044,0,0,0,0,0,0,0,0,0
"03327333",3,"2015","2014",1,0,0,"3",-0.34,-0.34,"05","D",0,0,0,"D",0,"D",0,"D",0,"D",0,"D",0,"D",0,"D",0,"D",0,"D",0,"D",0,"D",0,"D",0,"D",0,"D",0,0,0,0,0,0,0,0,0,0,0.01,0.01,0,0,0,0,0,0,0,0,0,0,0,0,0,0,0,0,7984,8088,0,0,0,0,0,0,0,0,0
"03327363",1,"2015","2014",1,0.153,0.153,"3",0.3098,0.3098,"05","D",0,0,0,"D",0,"D",35808,"D",0,"D",-716,"D",0,"D",0,"D",0,"D",9000,"D",0,"D",40,"D",0,"D",1,"D",60,"D",558,0,634.18,481.55,0,0,5478.62,5478.62,35092,35092,35092.01,35092.01,1000,1000,0,0,0,0,432.12,537.25,35092,35092,0,0,2066.3,2018.8,2066.3,2018.8,7984,8088,100,100,0,0,0,0,0,0,0
"03327393",1,"2015","2014",2,0.153,0.153,"2",0.15,0.15,"22","D",0.0513,0.0518,0,"D",0,"D",2000,"D",75000,"D",-7,"D",0,"D",0,"D",0,"D",0,"D",3000,"D",90,"D",0,"D",2,"D",5160,"D",4374,3037,4411.45,4336.45,3051.72,3022.38,11781,11781,76993,76993,76993.01,76993.01,2000,2000,0,0,0,0,0,0,76993,76993,0,0,6411.45,6336.45,6411.45,6336.45,0,0,0,0,0,0,0,0,0,0,0
"03327403",1,"2015","2014",0,0,0,"1",0.1,0.1,"10","D",0,0,0,"D",0,"D",0,"D",0,"D",0,"D",17195,"D",0,"D",0,"D",8760,"D",0,"D",415,"D",0,"D",0,"D",0,"D",697,0,704.5,689.5,0,0,0,0,17195,17195,0,0,0,0,0,0,0,0,0,0,17195,17195,0,0,704.5,689.5,704.5,689.5,0,0,0,0,0,0,0,0,0,0,0
"03327413",1,"2015","2014",0,0.153,0.153,"2",0.15,0.15,"05","D",0.04,0.04,0,"D",0,"D",9776,"D",46210,"D",0,"D",0,"D",0,"D",0,"D",0,"D",2700,"D",200,"D",0,"D",0,"D",600,"D",4415,805,4445.4,4385.4,814.21,796.49,8565.86,8565.86,55986,55986,55986.01,55986.01,0,0,0,0,0,0,0,0,55986,55986,0,0,4445.4,4385.4,4445.4,4385.4,7984,8088,3500,3500,0,0,0,0,0,0,0
"03327453",1,"2015","2014",0,0.153,0.153,"1",0.4625,0.4625,"44","D",0,0,1,"D",1,"D",35771,"D",0,"D",2515,"D",0,"D",23628,"D",0,"D",0,"D",680,"D",260,"D",0,"D",0,"D",632,"D",6999,0,7049,6949,0,0,5472.96,5472.96,56471,56471,0,0,0,0,0,0,0,0,0,0,56471,56471,0,0,7049,6949,7049,6949,0,0,0,0,0,0,0,0,0,0,0
"03327473",1,"2015","2014",0,0,0,"1",0,0,"48","D",0,0,1,"D",1,"D",0,"D",0,"D",0,"D",0,"D",0,"D",40,"D",1020,"D",0,"D",0,"D",0,"D",0,"D",0,"D",0,0,0,0,0,0,0,0,0,0,0,0,0,0,0,0,0,0,0,0,0,0,0,0,0,0,0,0,0,0,0,0,0,0,0,0,0,0,0
"03327483",1,"2015","2014",1,0.153,0.153,"2",0.15,0.1403,"33","D",0.0645,0.0645,0,"D",0,"D",42749,"D",27662,"D",0,"D",0,"D",0,"D",0,"D",0,"D",9900,"D",0,"D",0,"D",0,"D",0,"D",5967,2696,5985.18,5949.15,2709.81,2681.38,10772.88,10772.88,70411,70411,70411.01,70411.01,0,0,0,0,0,0,0,0,70411,70411,0,0,5985.18,5949.15,5985.18,5949.15,15650,15850,9900,0,0,0,0,0,0,0,0
"03327483",2,"2015","2014",0,0.153,0.153,"1",0.15,0.15,"33","D",0.06,0.06,0,"D",0,"D",22109,"D",0,"D",0,"D",0,"D",0,"D",0,"D",0,"D",0,"D",0,"D",0,"D",0,"D",0,"D",1325,581,1340.1,1310.1,586.58,575.61,3382.68,3382.68,22109,22109,22109.01,22109.01,0,0,0,0,0,0,0,0,22109,22109,0,0,1340.1,1310.1,1340.1,1310.1,7800,7900,0,0,0,0,0,0,0,0,0
"03327483",3,"2015","2014",0,0.153,0.153,"1",0.15,0.15,"33","D",0.0645,0.0645,0,"D",0,"D",33492,"D",0,"D",0,"D",0,"D",0,"D",0,"D",0,"D",0,"D",0,"D",0,"D",0,"D",0,"D",3033,1321,3047.55,3017.55,1328.25,1314.03,5124.28,5124.28,33492,33492,33492.01,33492.01,0,0,0,0,0,0,0,0,33492,33492,0,0,3047.55,3017.55,3047.55,3017.55,7800,7900,0,0,0,0,0,0,0,0,0
"03327483",4,"2015","2014",0,0.153,0.153,"1",0.15,0.15,"33","D",0.0535,0.06,0,"D",0,"D",21361,"D",0,"D",0,"D",0,"D",0,"D",0,"D",0,"D",0,"D",0,"D",0,"D",0,"D",0,"D",1213,537,1227.9,1197.9,541.7,532.97,3268.23,3268.23,21361,21361,21361.01,21361.01,0,0,0,0,0,0,0,0,21361,21361,0,0,1227.9,1197.9,1227.9,1197.9,7800,7900,0,0,0,0,0,0,0,0,0
"03327503",1,"2015","2014",2,0,0,"3",-0.4,-0.4,"33","D",-0.12,-0.12,0,"D",0,"D",0,"D",0,"D",0,"D",0,"D",11758,"D",0,"D",3420,"D",0,"D",0,"D",0,"D",1,"D",300,"D",0,-200,0,0,-200,-200,0,0,0,0,0.01,0.01,0,0,0,0,0,0,0,0,0,0,0,0,0,0,0,0,10950,11100,0,0,0,0,0,0,0,0,0
"03327513",1,"2015","2014",0,0.153,0.153,"2",0.0765,0.0765,"18","D",0.0406,0.0464,0,"D",0,"D",0,"D",20000,"D",0,"D",0,"D",23038,"D",0,"D",0,"D",480,"D",110,"D",0,"D",0,"D",480,"D",-13,612,-1.81,-24.87,653.44,570.14,3060,3060,20000,20000,20000.01,20000.01,0,0,0,0,0,0,1.81,24.87,20000,20000,0,0,0,0,0,0,2400,2440,1070,1070,0,0,0,0,0,0,0
"03327533",1,"2015","2014",0,0.153,0.153,"2",0.2333,0.2333,"07","D",0.067,0.067,0,"D",0,"D",75000,"D",40000,"D",-2859,"D",0,"D",0,"D",0,"D",0,"D",4500,"D",25,"D",0,"D",0,"D",12508,"D",12140,5197,12215.14,12065.14,5197.45,5197.45,17595,17595,112141,112141,112141.01,112141.01,0,0,0,0,0,0,0,0,99633,99633,0,0,12215.14,12065.14,12215.14,12065.14,0,0,0,0,0,0,0,0,0,0,0
"03327563",1,"2015","2014",0,0.153,0.153,"2",0.25,0.25,"05","D",0.093,0.093,2,"D",2,"D",68054,"D",47992,"D",0,"D",0,"D",21869,"D",0,"D",0,"D",1500,"D",4487,"D",0,"D",0,"D",3688,"D",19584,4444,19696.16,19471.16,4478.09,4409.37,17755.04,17755.04,134634.65,134634.65,116046.01,116046.01,0,0,0,0,0,0,0,0,134634.65,134634.65,0,0,19696.16,19471.16,19696.16,19471.16,7984,8088,9675,9675,0,0,0,0,0,0,0
"03327623",1,"2015","2014",0,0.153,0.153,"2",0.2325,0.2325,"41","D",0.07,0.07,0,"D",0,"D",46011,"D",74351,"D",0,"D",0,"D",0,"D",0,"D",0,"D",1200,"D",2749,"D",0,"D",0,"D",19300,"D",12555,5542,12629.42,12481.17,5545.31,5538.31,18415.39,18415.39,120362,120362,83667.7,83574.7,0,0,0,0,0,0,0,0,101062,101062,0,0,12629.42,12481.17,12629.42,12481.17,0,0,0,0,0,0,0,0,0,0,0
"03327623",2,"2015","2014",0,0.153,0.153,"1",0.15,0.15,"41","D",0.06,0.06,0,"D",0,"D",24000,"D",0,"D",0,"D",0,"D",0,"D",0,"D",0,"D",0,"D",0,"D",0,"D",0,"D",0,"D",1609,481,1623.75,1593.75,485.4,476.4,3672,3672,24000,24000,13850.01,13700.01,0,0,0,0,0,0,0,0,24000,24000,0,0,1623.75,1593.75,1623.75,1593.75,0,0,0,0,0,0,0,0,0,0,0
"03327633",1,"2015","2014",0,0.153,0.153,"1",0.2311,0.2311,"12","D",0.0763,0.0763,0,"D",0,"D",74853,"D",0,"D",0,"D",0,"D",0,"D",0,"D",0,"D",2700,"D",40,"D",0,"D",0,"D",1164,"D",11419,4633,11456.26,11381.26,4633.1,4633.1,11452.51,11452.51,74853,74853,74853.01,74853.01,0,0,0,0,0,0,0,0,73689,73689,0,0,11456.26,11381.26,11456.26,11381.26,2200,2200,8502.98,8502.98,0,0,0,0,0,0,0
"03327663",1,"2015","2014",2,0.153,0.153,"2",0.15,0.15,"33","D",0.0645,0.0645,0,"D",0,"D",18200,"D",32000,"D",15009,"D",0,"D",3960,"D",0,"D",0,"D",1900,"D",310,"D",0,"D",2,"D",1500,"D",3111,1561,3148.75,3073.75,1749.78,1371.35,7680.6,7680.6,68575,68575,65209.01,65209.01,2000,2000,0,0,0,0,0,0,68575,68575,0,0,5148.75,5073.75,5148.75,5073.75,15650,15850,0,0,0,0,0,0,0,0,0
"03327673",1,"2015","2014",0,0.153,0.153,"2",0.1489,0.1489,"10","D",0,0,2,"D",2,"D",41061,"D",18032,"D",0,"D",0,"D",0,"D",0,"D",0,"D",15800,"D",125,"D",0,"D",0,"D",3600,"D",3719,0,3734.24,3704.24,0,0,9041.23,9041.23,59093,59093,0,0,0,0,0,0,0,0,0,0,55493,55493,0,0,3734.24,3704.24,3734.24,3704.24,0,0,0,0,0,0,0,0,0,0,0
"03327683",1,"2015","2014",0,0.153,0.153,"2",0.1,0.1,"29","D",0,0,1,"D",1,"D",39000,"D",0,"D",-2867,"D",200,"D",0,"D",0,"D",8400,"D",0,"D",0,"D",0,"D",0,"D",1800,"D",1466,0,1483.3,1448.3,0,0,5967,5967,36333,36333,0,0,0,0,0,0,0,0,0,0,36333,36333,0,0,1483.3,1448.3,1483.3,1448.3,0,0,0,0,0,0,0,0,0,0,0
"03327713",1,"2015","2014",1,0.153,0.153,"3",-0.49,-0.49,"34","D",0,0,0,"D",0,"D",7334,"D",0,"D",0,"D",0,"D",0,"D",0,"D",7800,"D",0,"D",0,"D",0,"D",1,"D",0,"D",-3144,0,-3143.66,-3143.66,0,0,1122.1,1122.1,7334,7334,7334.01,7334.01,0,0,650.1,650.1,0,0,2493.56,2493.56,7334,7334,0,0,0,0,0,0,12000,12000,0,0,0,0,0,0,0,0,0
"03327713",2,"2015","2014",0,0.153,0.153,"1",0.15,0.15,"34","D",0.0575,0.058,0,"D",0,"D",20256,"D",0,"D",0,"D",0,"D",0,"D",0,"D",0,"D",0,"D",0,"D",0,"D",0,"D",0,"D",1047,737,1062.15,1032.15,739.85,733.47,3099.17,3099.17,20256,20256,20256.01,20256.01,0,0,0,0,0,0,0,0,20256,20256,0,0,1062.15,1032.15,1062.15,1032.15,7500,7500,0,0,0,0,0,0,0,0,0
"03327763",1,"2015","2014",2,0.153,0.153,"2",0.15,0.15,"06","D",0.0463,0.0463,0,"D",0,"D",45000,"D",43000,"D",0,"D",0,"D",0,"D",0,"D",20000,"D",0,"D",0,"D",0,"D",0,"D",500,"D",8025,2738,8062.5,7987.5,2768.74,2708.22,13464,13464,88000,88000,0,0,0,0,0,0,0,0,0,0,88000,88000,0,0,8062.5,7987.5,8062.5,7987.5,0,0,0,0,0,0,0,0,0,0,0
"03327763",2,"2015","2014",0,0.153,0.153,"2",0.1,0.15,"06","D",0.0463,0.0463,0,"D",0,"D",16343,"D",22333,"D",0,"D",0,"D",0,"D",0,"D",0,"D",0,"D",0,"D",0,"D",0,"D",0,"D",1828,826,1848.9,1807.6,850.81,800.92,5917.43,5917.43,38676,38676,0,0,0,0,0,0,0,0,0,0,38676,38676,0,0,1848.9,1807.6,1848.9,1807.6,0,0,0,0,0,0,0,0,0,0,0
"03327773",1,"2015","2014",2,0.153,0.153,"2",0.1419,0.1419,"08","D",0.0537,0.0537,0,"D",0,"D",54000,"D",17000,"D",-2400,"D",0,"D",0,"D",0,"D",0,"D",1600,"D",5120,"D",0,"D",2,"D",6044,"D",2782,1957,2804.36,2759.36,1956.95,1956.95,10863,10863,68600,68600,68600.01,68600.01,2000,2000,0,0,0,0,0,0,62556,62556,0,0,4804.36,4759.36,4804.36,4759.36,6500,6500,12764,12764,0,0,0,0,0,0,0
"03327803",1,"2015","2014",0,0.153,0.153,"2",0.1,0.1,"34","D",0.0575,0.058,1,"D",0,"D",0,"D",30766,"D",0,"D",0,"D",0,"D",0,"D",0,"D",2500,"D",0,"D",0,"D",0,"D",0,"D",969,910,1046.6,891.6,914.43,906.55,4707.2,4707.2,30766,30766,30766.01,30766.01,0,0,0,0,0,0,0,0,30766,30766,0,0,1046.6,891.6,1046.6,891.6,15000,15000,2500,2500,0,0,0,0,0,0,0
"03327823",1,"2015","2014",3,0.153,0.153,"3",-0.15,-0.15,"01","D",0.05,0.05,0,"D",0,"D",16000,"D",0,"D",0,"D",0,"D",0,"D",0,"D",3900,"D",0,"D",0,"D",0,"D",2,"D",0,"D",-8143,225,-8093,-8192,225,225,2448,2448,16000,16000,16000.01,16000.01,0,0,1950,1950,0,0,6143,6242,16000,16000,0,0,0,0,0,0,4700,4700,1224,1224,0,0,0,0,0,0,0
"03327863",1,"2015","2014",2,0.153,0.153,"2",0.1436,0.1436,"23","D",0.0425,0.0425,0,"D",0,"D",107000,"D",0,"D",-2258,"D",0,"D",0,"D",0,"D",0,"D",6000,"D",7,"D",0,"D",2,"D",12576,"D",7058,3772,7080.62,7035.62,3771.54,3771.54,16371,16371,104742,104742,104742.01,104742.01,2000,2000,0,0,0,0,0,0,92166,92166,0,0,9080.62,9035.62,9080.62,9035.62,0,0,0,0,0,0,0,0,0,0,0
"03327873",1,"2015","2014",0,0,0,"1",0.15,0.15,"23","D",0,0,1,"D",1,"D",0,"D",0,"D",1,"D",15000,"D",23062,"D",0,"D",0,"D",2700,"D",540,"D",0,"D",0,"D",0,"D",399,-1200,406.7,391.7,-1200,-1200,0,0,15767,15767,1.01,1.01,0,0,0,0,0,0,0,0,15767,15767,0,0,406.7,391.7,406.7,391.7,0,0,0,0,1200,1200,0,0,0,0,0
"03327883",1,"2015","2014",3,0,0,"3",-0.45,-0.45,"05","D",0,0,0,"D",0,"D",0,"D",0,"D",0,"D",1975,"D",0,"D",0,"D",10656,"D",0,"D",175,"D",0,"D",0,"D",80,"D",0,0,0,0,0,0,0,0,1975,1975,1975.01,1975.01,0,0,0,0,0,0,0,0,1975,1975,0,0,0,0,0,0,7984,8088,255,255,0,0,0,0,0,0,0
"03327893",1,"2015","2014",0,0.038,0.038,"1",0.28,0.28,"45","D",0.05,0.05,0,"D",0,"D",348786,"D",0,"D",-3490,"D",0,"D",0,"D",0,"D",15768,"D",500,"D",320,"D",0,"D",0,"D",0,"D",93004,17265,93032.88,92974.88,17264.8,17264.8,25961.87,26147.87,345296,345296,345296.01,345296.01,0,0,0,0,0,0,0,0,345296,345296,646.63,927.97,92386.25,92046.91,92386.25,92046.91,0,0,0,0,0,0,0,0,0,0,0
"03327903",1,"2015","2014",1,0.153,0.153,"2",0.1492,0.1492,"14","D",0,0,0,"D",0,"D",0,"D",20000,"D",-7924,"D",64800,"D",0,"D",0,"D",0,"D",10000,"D",3156,"D",0,"D",1,"D",5356,"D",4922,0,4940.25,4902.75,0,0,3060,3060,76876,76876,12076.01,12076.01,1000,1000,0,0,0,0,0,0,71520,71520,0,0,5940.25,5902.75,5940.25,5902.75,0,0,0,0,285.05,210.98,0,0,0,0,0
"03327923",1,"2015","2014",0,0.153,0.153,"1",0,0,"0","T",0,0,1,"D",1,"D",12490,"D",0,"D",0,"D",0,"D",0,"D",0,"D",0,"D",60,"D",40,"D",0,"D",0,"D",512,"D",0,0,0,0,0,0,1910.97,1910.97,12490,12490,0,0,0,0,0,0,0,0,0,0,12490,12490,0,0,79,64,79,64,0,0,0,0,0,0,0,0,0,0,0
"03327953",1,"2015","2014",3,0,0,"3",-0.45,-0.45,"10","D",0,0,0,"D",0,"D",0,"D",0,"D",0,"D",0,"D",0,"D",0,"D",7200,"D",0,"D",0,"D",0,"D",0,"D",320,"D",0,0,0,0,0,0,0,0,0,0,0,0,0,0,0,0,0,0,0,0,0,0,0,0,0,0,0,0,0,0,0,0,0,0,0,0,0,0,0
"03327974",1,"2015","2014",0,0.153,0.153,"1",0.1405,0.1405,"45","D",0.063,0.063,0,"D",0,"D",53697,"D",0,"D",-1618,"D",0,"D",0,"D",0,"D",14388,"D",0,"D",25,"D",0,"D",0,"D",15600,"D",4116,1987,4123.49,4109.25,1989.06,1984.01,8215.64,8215.64,52079,52079,52079.01,52079.01,0,0,0,0,0,0,0,0,36479,36479,0,0,4123.49,4109.25,4123.49,4109.25,0,0,0,0,0,0,0,0,0,0,0
"03327983",1,"2015","2014",2,0.153,0.153,"2",0.3106,0.3106,"17","D",0.0818,0.0838,0,"D",0,"D",12000,"D",35000,"D",-1026,"D",0,"D",0,"D",0,"D",0,"D",900,"D",54,"D",0,"D",2,"D",6964,"D",-788,741,-682.96,-893.09,755.74,725.82,7191,7191,45974,45974,47000.01,47000.01,1777.4,1737.4,222.6,262.6,0,0,460.36,630.49,45974,45974,0,0,1777.4,1737.4,1777.4,1737.4,7500,7500,0,0,0,0,0,0,78.26,107.18,0
"03328013",1,"2015","2014",2,0.153,0.153,"3",0.15,0.15,"0","T",0,0,0,"D",0,"D",59000,"D",0,"D",0,"D",0,"D",0,"D",0,"D",0,"D",300,"D",0,"D",0,"D",2,"D",0,"D",3033,0,3060,3005,0,0,9027,9027,59000,59000,0,0,2000,2000,0,0,0,0,0,0,59000,59000,0,0,5060,5005,5060,5005,0,0,0,0,0,0,0,0,0,0,0
"03328063",1,"2015","2014",4,0.029,0.029,"2",0.2984,0.2984,"44","D",0,0,0,"D",0,"D",140000,"D",0,"D",0,"D",0,"D",0,"D",0,"D",0,"D",4500,"D",10,"D",0,"D",2,"D",8028,"D",16672,0,16772.28,16572.28,0,0,18568,18754,140000,140000,0,0,500,500,0,0,0,0,0,0,131972,131972,0,0,17272.28,17072.28,17272.28,17072.28,0,0,0,0,0,0,0,0,0,0,0
"03328063",2,"2015","2014",4,0,0,"3",-0.45,-0.45,"44","D",0,0,0,"D",0,"D",0,"D",0,"D",0,"D",0,"D",0,"D",0,"D",0,"D",0,"D",0,"D",0,"D",2,"D",0,"D",0,0,0,0,0,0,0,0,0,0,0,0,0,0,0,0,0,0,0,0,0,0,0,0,0,0,0,0,0,0,0,0,0,0,0,0,0,0,0
"03328073",1,"2015","2014",0,0.153,0.153,"1",0.15,0.15,"0","T",0,0,0,"D",0,"D",22656,"D",0,"D",-100,"D",0,"D",0,"D",0,"D",5520,"D",0,"D",500,"D",0,"D",0,"D",0,"D",1392,0,1407.15,1377.15,0,0,3466.37,3466.37,22556,22556,0,0,0,0,0,0,0,0,0,0,22556,22556,0,0,1407.15,1377.15,1407.15,1377.15,0,0,0,0,0,0,0,0,0,0,0
"03328103",1,"2015","2014",1,0.153,0.153,"2",0.2267,0.2267,"05","D",0.093,0.093,0,"D",0,"D",65800,"D",89400,"D",-17817,"D",0,"D",0,"D",0,"D",0,"D",2800,"D",9384,"D",0,"D",0,"D",17536,"D",14473,4446,14545.44,14400.62,4481.24,4410.53,23745.6,23745.6,137383,137383,137383.01,137383.01,0,0,0,0,0,0,0,0,119847,119847,0,0,14545.44,14400.62,14545.44,14400.62,7984,8088,29720,29720,0,0,0,0,0,0,0
"03328123",1,"2015","2014",0,0,0,"1",-0.0765,-0.0765,"39","D",0,0,0,"D",0,"D",0,"D",0,"D",0,"D",0,"D",17062,"D",0,"D",9600,"D",0,"D",0,"D",0,"D",0,"D",0,"D",0,0,0,0,0,0,0,0,0,0,0.01,0.01,0,0,0,0,0,0,0,0,0,0,0,0,0,0,0,0,0,0,0,0,0,0,0,0,0,0,0
"03328143",1,"2015","2014",2,0,0,"3",-0.4,-0.4,"05","D",0,0,0,"D",0,"D",0,"D",0,"D",0,"D",0,"D",0,"D",0,"D",0,"D",1000,"D",0,"D",0,"D",0,"D",300,"D",0,0,0,0,0,0,0,0,0,0,0.01,0.01,0,0,0,0,0,0,0,0,0,0,0,0,0,0,0,0,7984,8088,1300,1300,0,0,0,0,0,0,0
"03328163",1,"2015","2014",0,0.153,0.153,"1",0.15,0.15,"31","D",0.0175,0.0175,0,"D",0,"D",32000,"D",0,"D",0,"D",0,"D",0,"D",0,"D",0,"D",0,"D",0,"D",0,"D",0,"D",0,"D",2809,473,2823.75,2793.75,472.5,472.5,4896,4896,32000,32000,32000.01,32000.01,0,0,0,0,0,0,0,0,32000,32000,0,0,2823.75,2793.75,2823.75,2793.75,0,0,0,0,0,0,0,0,0,0,0
"03328193",1,"2015","2014",0,0.153,0.153,"1",0.25,0.25,"21","D",0.0475,0.0475,0,"D",0,"D",50000,"D",0,"D",0,"D",0,"D",0,"D",0,"D",22200,"D",0,"D",0,"D",0,"D",0,"D",0,"D",5769,2076,5818.75,5718.75,2075.5,2075.5,7650,7650,50000,50000,50000.01,50000.01,0,0,0,0,0,0,0,0,50000,50000,0,0,5818.75,5718.75,5818.75,5718.75,2000,2000,0,0,0,0,0,0,0,0,0
"03328203",1,"2015","2014",0,0.153,0.153,"1",0.25,0.25,"24","D",0.0705,0.0705,0,"D",0,"D",54600,"D",0,"D",1510,"D",0,"D",0,"D",0,"D",8700,"D",0,"D",0,"D",0,"D",0,"D",540,"D",7296,2812,7346.25,7246.25,2820.38,2804.45,8353.8,8353.8,56110,56110,56110.01,56110.01,0,0,0,0,0,0,0,0,56110,56110,0,0,7346.25,7246.25,7346.25,7246.25,6200,6300,0,0,0,0,0,0,0,0,0
"03328213",1,"2015","2014",0,0,0,"1",-0.0765,-0.0765,"03","D",0,0,0,"D",0,"D",0,"D",0,"D",0,"D",0,"D",14362,"D",0,"D",7968,"D",0,"D",75,"D",0,"D",0,"D",600,"D",0,-25,0,0,-25,-25,0,0,0,0,0.01,0.01,0,0,0,0,0,0,0,0,0,0,0,0,0,0,0,0,5009,5091,933,933,0,0,0,0,0,0,0
"03328263",1,"2015","2014",2,0,0,"3",-0.4,-0.4,"44","D",0,0,0,"D",0,"D",0,"D",0,"D",0,"D",2400,"D",0,"D",0,"D",0,"D",4400,"D",240,"D",0,"D",0,"D",3340,"D",0,0,0,0,0,0,0,0,2400,2400,0,0,0,0,0,0,0,0,0,0,2400,2400,0,0,0,0,0,0,0,0,0,0,0,0,0,0,0,0,0
"03328273",1,"2015","2014",3,0.153,0.153,"2",0.1402,0.1402,"50","D",0.0652,0.0652,0,"D",0,"D",45761,"D",58104,"D",-720,"D",0,"D",0,"D",0,"D",0,"D",3300,"D",2730,"D",0,"D",2,"D",6312,"D",7015,4730,7040.07,6989.29,4735.84,4724.4,15891.34,15891.34,103145,103145,103145.01,103145.01,2000,2000,0,0,0,0,0,0,96833,96833,0,0,9040.07,8989.29,9040.07,8989.29,1864.3,2239.56,6312,6312,0,0,0,0,0,0,0
"03328273",2,"2015","2014",3,0,0,"3",-0.45,-0.45,"50","D",-0.153,-0.153,0,"D",0,"D",0,"D",0,"D",0,"D",0,"D",0,"D",0,"D",0,"D",0,"D",0,"D",0,"D",2,"D",0,"D",0,0,0,0,0,0,0,0,0,0,0.01,0.01,0,0,0,0,0,0,0,0,0,0,0,0,0,0,0,0,13020,13239.48,0,0,0,0,0,0,0,0,0
"03328293",1,"2015","2014",0,0.153,0.153,"1",0.15,0.15,"10","D",0,0,0,"D",0,"D",40000,"D",0,"D",0,"D",0,"D",0,"D",0,"D",15600,"D",150,"D",0,"D",0,"D",0,"D",2400,"D",4009,0,4023.75,3993.75,0,0,6120,6120,40000,40000,0,0,0,0,0,0,0,0,0,0,40000,40000,0,0,4023.75,3993.75,4023.75,3993.75,0,0,0,0,0,0,0,0,0,0,0
"03328303",1,"2015","2014",2,0.038,0.038,"2",0.35,0.35,"11","D",0.0618,0.0618,0,"D",0,"D",228786,"D",228786,"D",4200,"D",0,"D",0,"D",0,"D",0,"D",9500,"D",250,"D",0,"D",2,"D",5264,"D",122049,26019,122344.4,121754.4,26023.58,26014.85,44153.74,44525.74,461772,461772,461772.01,461772.01,0,0,0,0,0,0,0,0,456508,456508,5479.67,5441.04,116705.13,116153.76,116705.13,116153.76,3000,3000,10312.34,10457.84,0,0,0,0,0,0,0
"03328323",1,"2015","2014",2,0.153,0.153,"2",0,0,"05","D",0,0,0,"D",0,"D",7200,"D",10000,"D",0,"D",0,"D",0,"D",0,"D",1188,"D",0,"D",0,"D",0,"D",2,"D",0,"D",-7504,0,-7460,-7548,0,0,2631.6,2631.6,17200,17200,17200.01,17200.01,0,0,2000,2000,0,0,5460,5548,17200,17200,0,0,0,0,0,0,7984,8088,0,0,0,0,0,0,0,0,0
"03328333",1,"2015","2014",0,0.153,0.153,"1",0.15,0.15,"01","D",0.0387,0.0387,0,"D",0,"D",44600,"D",0,"D",0,"D",0,"D",0,"D",0,"D",7800,"D",0,"D",69,"D",0,"D",0,"D",0,"D",4699,1706,4713.75,4683.75,1705.27,1706.77,6823.8,6823.8,44600,44600,44600.01,44600.01,0,0,0,0,0,0,0,0,44600,44600,0,0,4713.75,4683.75,4713.75,4683.75,2000,2000,3480.9,3480.9,0,0,0,0,0,0,0
"03328343",1,"2015","2014",0,0.153,0.153,"1",0.15,0.15,"33","D",0.0657,0.0657,0,"D",0,"D",25000,"D",0,"D",0,"D",0,"D",0,"D",0,"D",7356,"D",0,"D",400,"D",0,"D",0,"D",0,"D",1759,755,1773.75,1743.75,760.04,749.07,3825,3825,25000,25000,25000.01,25000.01,0,0,0,0,0,0,0,0,25000,25000,0,0,1773.75,1743.75,1773.75,1743.75,7800,7900,0,0,0,0,0,0,0,0,0
"03328363",1,"2015","2014",0,0,0,"1",0,0,"0","T",0,0,1,"D",1,"D",0,"D",0,"D",1072,"D",0,"D",0,"D",0,"D",0,"D",40,"D",0,"D",0,"D",0,"D",0,"D",0,0,0,0,0,0,0,0,1072,1072,0,0,0,0,0,0,0,0,0,0,1072,1072,0,0,0,0,0,0,0,0,0,0,0,0,0,0,0,0,0
"03328383",1,"2015","2014",0,0.153,0.153,"1",0,0,"0","T",0,0,0,"D",0,"D",7334,"D",0,"D",0,"D",0,"D",0,"D",0,"D",10200,"D",0,"D",0,"D",0,"D",0,"D",0,"D",-500,0,-496,-503,0,0,1122.1,1122.1,7334,7334,0,0,0,0,0,0,0,0,496,503,7334,7334,0,0,0,0,0,0,0,0,0,0,0,0,0,0,0,0,0
"03328393",1,"2015","2014",2,0.029,0.029,"2",0.2375,0.2375,"25","D",0.05,0.05,0,"D",0,"D",150000,"D",0,"D",0,"D",0,"D",0,"D",0,"D",0,"D",2280,"D",875,"D",0,"D",1,"D",11076,"D",20145,5888,20232.64,20057.64,5888.45,5888.45,18858,19044,150000,150000,150000.01,150000.01,0,0,0,0,0,0,0,0,138924,138924,0,0,20232.64,20057.64,20232.64,20057.64,4600,4600,14231,14231,0,0,0,0,0,0,0
"03328414",1,"2015","2014",3,0.153,0.153,"2",0.15,0.15,"36","D",0.0381,0.0407,0,"D",0,"D",112000,"D",3000,"D",-12274,"D",0,"D",0,"D",0,"D",0,"D",3100,"D",455,"D",0,"D",1,"D",5140,"D",8638,2752,8678.9,8596.4,2841.49,2662.45,17595,17595,102726,102726,102726.01,102726.01,1000,1000,0,0,0,0,0,0,102726,102726,0,0,9678.9,9596.4,9678.9,9596.4,0,0,0,0,0,0,0,0,0,0,0
"03328414",2,"2015","2014",3,0,0,"3",-0.45,-0.45,"36","D",0,0,0,"D",0,"D",0,"D",0,"D",0,"D",0,"D",0,"D",0,"D",0,"D",0,"D",0,"D",0,"D",1,"D",0,"D",0,0,0,0,0,0,0,0,0,0,0.01,0.01,0,0,0,0,0,0,0,0,0,0,0,0,0,0,0,0,0,0,0,0,0,0,0,0,0,0,0
"03328463",1,"2015","2014",1,0.153,0.153,"2",0.2406,0.2375,"14","D",0.0375,0.05,0,"D",0,"D",77382,"D",50000,"D",7652,"D",0,"D",0,"D",0,"D",0,"D",8100,"D",465,"D",0,"D",1,"D",10580,"D",16335,5222,16215.26,16455.53,6027.95,4416.9,19489.45,19489.45,135034,135034,135034.01,135034.01,0,0,0,0,0,0,0,0,124454,124454,0,0,16215.26,16455.53,16215.26,16455.53,0,0,0,0,405,405,0,0,0,0,0
"03328483",1,"2015","2014",0,0.153,0.153,"2",0.15,0.15,"34","D",0.0575,0.058,0,"D",0,"D",34000,"D",24371,"D",0,"D",0,"D",0,"D",0,"D",6900,"D",0,"D",0,"D",0,"D",0,"D",0,"D",4773,2505,4803.15,4743.15,2515.52,2493.83,8930.76,8930.76,58371,58371,58371.01,58371.01,0,0,0,0,0,0,0,0,58371,58371,0,0,4803.15,4743.15,4803.15,4743.15,15000,15000,0,0,0,0,0,0,0,0,0
"03328513",1,"2015","2014",0,0.153,0.153,"2",0.2775,0.2775,"0","T",0,0,2,"D",2,"D",4800,"D",34000,"D",0,"D",259,"D",38576,"D",0,"D",0,"D",1000,"D",369,"D",0,"D",0,"D",4836,"D",4238,0,4275.59,4200.59,0,0,5936.4,5936.4,57253.95,57253.95,0,0,0,0,0,0,0,0,0,0,57253.95,57253.95,0,0,4275.59,4200.59,4275.59,4200.59,0,0,0,0,0,0,0,0,0,0,0
"03328513",2,"2015","2014",0,0.153,0.153,"1",0.25,0.25,"0","T",0,0,0,"D",0,"D",59643,"D",0,"D",0,"D",0,"D",0,"D",0,"D",0,"D",0,"D",0,"D",0,"D",0,"D",0,"D",8180,0,8229.5,8129.5,0,0,9125.38,9125.38,59643,59643,0,0,0,0,0,0,0,0,0,0,59643,59643,0,0,8229.5,8129.5,8229.5,8129.5,0,0,0,0,0,0,0,0,0,0,0
"03328543",1,"2015","2014",1,0,0,"3",-0.34,-0.34,"41","D",0,0,1,"D",0,"D",0,"D",0,"D",0,"D",0,"D",15372,"D",0,"D",6060,"D",0,"D",0,"D",0,"D",0,"D",0,"D",0,0,0,0,0,0,0,0,0,0,0,-15000,0,0,0,0,0,0,0,0,0,0,0,0,0,0,0,0,0,0,0,0,0,0,0,0,0,0,0
"03328573",1,"2015","2014",2,0.153,0.153,"2",0.25,0.25,"0","T",0,0,0,"D",0,"D",80000,"D",55000,"D",0,"D",0,"D",0,"D",0,"D",0,"D",2000,"D",1302,"D",0,"D",0,"D",1200,"D",18300,0,18412.5,18187.5,0,0,20655,20655,135000,135000,0,0,0,0,0,0,0,0,0,0,135000,135000,0,0,18412.5,18187.5,18412.5,18187.5,0,0,0,0,0,0,0,0,0,0,0
"03328633",1,"2015","2014",0,0,0,"1",0,0,"39","D",0,0,1,"D",1,"D",0,"D",0,"D",0,"D",0,"D",16510,"D",0,"D",43356,"D",0,"D",100,"D",0,"D",0,"D",0,"D",0,0,0,0,0,0,0,0,0,0,0.01,0.01,0,0,0,0,0,0,0,0,0,0,0,0,0,0,0,0,0,0,0,0,0,0,0,0,0,0,0
"03328653",1,"2015","2014",0,0,0,"1",0,-0.0765,"05","D",0,0,1,"D",0,"D",0,"D",0,"D",0,"D",0,"D",18960,"D",0,"D",21600,"D",0,"D",370,"D",0,"D",0,"D",1200,"D",0,0,0,0,0,0,0,0,0,0,0.01,0.01,0,0,0,0,0,0,0,0,0,0,0,0,0,0,0,0,3992,4044,1570,1570,0,0,0,0,0,0,0
"03328663",1,"2015","2014",1,0.153,0.153,"3",0.15,0.15,"01","D",0.0387,0.0387,0,"D",0,"D",42000,"D",0,"D",571,"D",0,"D",0,"D",0,"D",6000,"D",0,"D",0,"D",0,"D",0,"D",0,"D",3164,1595,3188.15,3140.65,1593.49,1595.87,6426,6426,42571,42571,42571.01,42571.01,0,0,0,0,0,0,0,0,42571,42571,0,0,3188.15,3140.65,3188.15,3140.65,2000,2000,3213,3213,0,0,0,0,0,0,0
"03328703",1,"2015","2014",0,0.153,0.153,"1",0.25,0.25,"44","D",0,0,0,"D",0,"D",60000,"D",0,"D",0,"D",0,"D",0,"D",0,"D",0,"D",2000,"D",0,"D",0,"D",0,"D",2816,"D",8269,0,8318.75,8218.75,0,0,9180,9180,60000,60000,0,0,0,0,0,0,0,0,0,0,60000,60000,0,0,8318.75,8218.75,8318.75,8218.75,0,0,0,0,0,0,0,0,0,0,0
"03328713",1,"2015","2014",0,0,0,"1",0,-0.0765,"33","D",0.017,-0.021,1,"D",0,"D",0,"D",0,"D",1816,"D",0,"D",12588,"D",0,"D",0,"D",4000,"D",0,"D",0,"D",0,"D",0,"D",0,-115,0,0,-51.82,-178,0,0,1816,1816,1816.01,1816.01,0,0,0,0,0,0,0,0,1816,1816,0,0,0,0,0,0,7800,7900,0,0,51.82,178,0,0,0,0,0
"03328723",1,"2015","2014",0,0,0,"1",0,0,"10","D",0,0,1,"D",1,"D",0,"D",0,"D",0,"D",0,"D",8662,"D",0,"D",0,"D",1400,"D",0,"D",0,"D",0,"D",240,"D",0,0,0,0,0,0,0,0,0,0,0,0,0,0,0,0,0,0,0,0,0,0,0,0,0,0,0,0,0,0,0,0,0,0,0,0,0,0,0
"03328733",1,"2015","2014",0,0.153,0.153,"2",0,0.175,"08","D",0,0,2,"D",2,"D",23000,"D",0,"D",0,"D",900,"D",0,"D",0,"D",14460,"D",0,"D",0,"D",0,"D",0,"D",0,"D",19,0,37.5,0,0,0,3519,3519,23900,23900,23000.01,23000.01,0,0,0,0,0,0,0,0,23900,23900,0,0,120,80,120,80,11500,11500,0,0,0,0,0,0,0,0,0
"03328743",1,"2015","2014",1,0.153,0.153,"3",0.3098,0.3098,"05","D",0,0,0,"D",0,"D",34998,"D",0,"D",0,"D",0,"D",0,"D",0,"D",18600,"D",0,"D",4,"D",0,"D",0,"D",0,"D",1414,0,1490.65,1338.01,0,0,5354.69,5354.69,34998,34998,34998.01,34998.01,0,0,0,0,0,0,561.55,666.69,34998,34998,0,0,2052.2,2004.7,2052.2,2004.7,7984,8088,4,4,0,0,0,0,0,0,0
"03328753",1,"2015","2014",0,0.153,0.153,"1",0.15,0.15,"38","D",0.0765,0.0765,0,"D",0,"D",43000,"D",0,"D",0,"D",0,"D",0,"D",0,"D",11820,"D",0,"D",9,"D",0,"D",0,"D",0,"D",4459,2851,4473.75,4443.75,2854.96,2848.02,6579,6579,43000,43000,43000.01,43000.01,0,0,0,0,0,0,0,0,43000,43000,0,0,4473.75,4443.75,4473.75,4443.75,2115.6,2144.96,9,9,0,0,0,0,0,0,0
"03328803",1,"2015","2014",0,0,0,"1",0,0,"05","D",0,0,1,"D",1,"D",0,"D",0,"D",0,"D",0,"D",7918,"D",0,"D",2904,"D",0,"D",1,"D",0,"D",0,"D",0,"D",0,0,0,0,0,0,0,0,0,0,0.01,0.01,0,0,0,0,0,0,0,0,0,0,0,0,0,0,0,0,3992,4044,1,1,0,0,0,0,0,0,0
"03328813",1,"2015","2014",3,0.153,0.153,"2",0.1,0.1,"03","D",0.0259,0.0259,0,"D",0,"D",23000,"D",1800,"D",10200,"D",0,"D",0,"D",0,"D",0,"D",0,"D",0,"D",0,"D",0,"D",4436,"D",263,303,285,240,305.15,300.91,3794.4,3794.4,35000,35000,35000.01,35000.01,0,0,0,0,0,0,0,0,35000,35000,0,0,285,240,285,240,10018,10182,4896.56,4896.56,0,0,0,0,0,0,0
"03328823",1,"2015","2014",0,0.0502,0.0502,"2",0.3287,0.3287,"10","D",0,0,0,"D",0,"D",25000,"D",228786,"D",8000,"D",0,"D",0,"D",0,"D",18000,"D",3100,"D",480,"D",0,"D",0,"D",10612,"D",54539,0,54743.05,54334.55,0,0,25001.87,25187.87,261786,261786,0,0,0,0,0,0,0,0,0,0,251174,251174,0,0,54439.05,54030.55,54439.05,54030.55,0,0,0,0,0,0,0,0,0,0,0
"03328823",2,"2015","2014",2,0,0,"3",-0.4,-0.4,"10","D",0,0,0,"D",0,"D",0,"D",0,"D",0,"D",0,"D",0,"D",0,"D",0,"D",0,"D",0,"D",0,"D",0,"D",0,"D",0,0,0,0,0,0,0,0,0,0,0,0,0,0,0,0,0,0,0,0,0,0,0,0,0,0,0,0,0,0,0,0,0,0,0,0,0,0,0
"03328823",3,"2015","2014",2,0,0,"3",-0.4,-0.4,"10","D",0,0,0,"D",0,"D",0,"D",0,"D",0,"D",0,"D",0,"D",0,"D",0,"D",0,"D",0,"D",0,"D",0,"D",0,"D",0,0,0,0,0,0,0,0,0,0,0,0,0,0,0,0,0,0,0,0,0,0,0,0,0,0,0,0,0,0,0,0,0,0,0,0,0,0,0
"03328833",1,"2015","2014",0,0.153,0.153,"1",0.2267,0.2267,"05","D",0.093,0.093,0,"D",0,"D",102153,"D",0,"D",-6500,"D",0,"D",0,"D",0,"D",0,"D",10000,"D",400,"D",0,"D",0,"D",12432,"D",11997,4156,12030.71,11964.05,4173.14,4139.79,15629.41,15629.41,95653,95653,95653.01,95653.01,0,0,0,0,0,0,0,0,83221,83221,0,0,12030.71,11964.05,12030.71,11964.05,3992,4044,22832,22832,0,0,0,0,0,0,0
"03328853",1,"2015","2014",0,0.153,0.153,"2",0.28,0.28,"10","D",0,0,0,"D",0,"D",105000,"D",105000,"D",0,"D",0,"D",0,"D",0,"D",0,"D",2000,"D",0,"D",0,"D",0,"D",3528,"D",40223,0,40363,40083.5,0,0,32130,32130,210000,210000,0,0,0,0,0,0,0,0,0,0,210000,210000,0,0,40363,40083.5,40363,40083.5,0,0,0,0,0,0,0,0,0,0,0
"03328873",1,"2015","2014",0,0.153,0.153,"1",0.25,0.25,"26","D",0.06,0.06,0,"D",0,"D",58000,"D",0,"D",-2412,"D",0,"D",0,"D",0,"D",6720,"D",0,"D",0,"D",0,"D",0,"D",0,"D",7166,2309,7215.75,7115.75,2312.28,2306.28,8874,8874,55588,55588,55588.01,55588.01,0,0,0,0,0,0,0,0,55588,55588,0,0,7215.75,7115.75,7215.75,7115.75,6200,6300,0,0,0,0,0,0,0,0,0
"03328883",1,"2015","2014",3,0,0,"3",-0.45,-0.45,"34","D",0,0,0,"D",0,"D",0,"D",0,"D",0,"D",0,"D",0,"D",0,"D",0,"D",1000,"D",0,"D",0,"D",0,"D",6540,"D",0,0,0,0,0,0,0,0,0,0,0.01,0.01,0,0,0,0,0,0,0,0,0,0,0,0,0,0,0,0,12000,12000,7540,7540,0,0,0,0,0,0,0
"03328883",2,"2015","2014",3,0,0,"3",-0.45,-0.45,"34","D",0,0,0,"D",0,"D",0,"D",0,"D",0,"D",0,"D",0,"D",0,"D",0,"D",0,"D",0,"D",0,"D",0,"D",0,"D",0,0,0,0,0,0,0,0,0,0,0.01,0.01,0,0,0,0,0,0,0,0,0,0,0,0,0,0,0,0,12000,12000,0,0,0,0,0,0,0,0,0
"03328893",1,"2015","2014",0,0,0,"1",0,0,"24","D",0,0,1,"D",1,"D",0,"D",0,"D",1,"D",3240,"D",18000,"D",0,"D",0,"D",300,"D",290,"D",0,"D",0,"D",5372,"D",0,0,0,0,0,0,0,0,3241,3241,3241.01,3241.01,0,0,0,0,0,0,0,0,3241,3241,0,0,0,0,0,0,7750,7850,0,0,0,0,0,0,0,0,0
"03328903",1,"2015","2014",2,0,0,"3",-0.4,-0.4,"39","D",0,0,0,"D",0,"D",0,"D",0,"D",553,"D",4917,"D",0,"D",0,"D",0,"D",7900,"D",165,"D",0,"D",0,"D",5392,"D",0,0,0,0,0,0,0,0,5470,5470,5470.01,5470.01,0,0,0,0,0,0,0,0,5470,5470,0,0,0,0,0,0,0,0,0,0,0,0,0,0,0,0,0
"03328923",1,"2015","2014",1,0.0587,0.0587,"2",0.2635,0.2635,"26","D",0.0589,0.0589,0,"D",0,"D",51948,"D",165301,"D",3451,"D",0,"D",0,"D",0,"D",0,"D",2200,"D",6348,"D",0,"D",0,"D",192,"D",40201,10565,40318.72,40083.15,10568.13,10561.24,27249.77,27435.77,220700,220700,220700.01,220700.01,0,0,0,0,0,0,0,0,220508,220508,0,0,40318.72,40083.15,40318.72,40083.15,0,0,21664.52,21779.27,0,0,0,0,0,0,0
"03328933",1,"2015","2014",0,0,0,"1",0.225,0.225,"14","D",0,0,1,"D",1,"D",0,"D",0,"D",6,"D",27600,"D",6742,"D",0,"D",6684,"D",0,"D",300,"D",0,"D",0,"D",0,"D",2365,0,2380.43,2350.43,0,0,0,0,30594.5,30594.5,6.01,6.01,0,0,0,0,0,0,0,0,30594.5,30594.5,0,0,2380.43,2350.43,2380.43,2350.43,0,0,0,0,0,0,0,0,0,0,0
"03328953",1,"2015","2014",2,0,0,"3",-0.4,-0.4,"0","T",0,0,0,"D",0,"D",0,"D",0,"D",0,"D",8580,"D",0,"D",0,"D",0,"D",130,"D",52,"D",0,"D",0,"D",0,"D",0,0,0,0,0,0,0,0,8580,8580,0,0,0,0,0,0,0,0,0,0,8580,8580,0,0,0,0,0,0,0,0,0,0,0,0,0,0,0,0,0
"03328983",1,"2015","2014",4,0.153,0.153,"2",0.15,0.15,"0","T",0,0,0,"D",0,"D",36000,"D",27000,"D",-47,"D",0,"D",0,"D",0,"D",0,"D",400,"D",0,"D",0,"D",2,"D",4488,"D",1075,0,1120.45,1030.45,0,0,9639,9639,62953,62953,0,0,2000,2000,0,0,0,0,0,0,62953,62953,0,0,3120.45,3030.45,3120.45,3030.45,0,0,0,0,0,0,0,0,0,0,0
"03329033",1,"2015","2014",0,0.153,0.153,"2",0.1397,0.1397,"28","D",0.0684,0.0684,0,"D",0,"D",35000,"D",45000,"D",400,"D",0,"D",0,"D",0,"D",0,"D",3500,"D",1637,"D",0,"D",0,"D",9540,"D",7367,2560,7379.69,7354.29,2575.05,2544.42,12240,12240,80400,80400,80400.01,80400.01,0,0,0,0,0,0,0,0,70860,70860,0,0,7379.69,7354.29,7379.69,7354.29,0,0,14677,14677,0,0,0,0,0,0,0
"03329053",1,"2015","2014",1,0.153,0.153,"2",0.1598,0.1598,"01","D",0.0684,0.0684,1,"D",1,"D",25274,"D",0,"D",-778,"D",0,"D",13399,"D",0,"D",0,"D",300,"D",443,"D",0,"D",1,"D",2880,"D",-4041,668,-3983.16,-4099.48,668.41,668.41,3866.92,3866.92,24496,24496,24496.01,24496.01,0,0,1000,1000,0,0,2983.16,3099.48,24496,24496,0,0,0,0,0,0,6027.79,6027.79,5556.46,5556.46,0,0,0,0,0,0,0
"03329083",1,"2015","2014",1,0.153,0.153,"3",0,0,"41","D",0,0,0,"D",0,"D",1,"D",0,"D",7000,"D",0,"D",0,"D",0,"D",4500,"D",0,"D",0,"D",0,"D",1,"D",0,"D",0,0,0,0,0,0,0.15,0.15,7001,7001,0,0,0,0,0,0,0,0,0,0,7001,7001,0,0,0,0,0,0,0,0,0,0,0,0,0,0,0,0,0
"03329103",1,"2015","2014",3,0.153,0.153,"2",0.3,0.3,"44","D",0,0,0,"D",0,"D",97051,"D",13000,"D",0,"D",0,"D",0,"D",0,"D",0,"D",5300,"D",310,"D",0,"D",2,"D",2880,"D",9072,0,9190.3,8952.8,0,0,16837.8,16837.8,110051,110051,0,0,1997.45,1997.45,0,0,0,0,0,0,110051,110051,0,0,11187.75,10950.25,11187.75,10950.25,0,0,0,0,0,0,0,0,0,0,0
"03329113",1,"2015","2014",1,0.153,0.153,"3",0.15,0.15,"19","D",0.034,0.034,0,"D",0,"D",48000,"D",0,"D",0,"D",0,"D",0,"D",0,"D",9960,"D",0,"D",0,"D",0,"D",1,"D",0,"D",2979,1342,3002.5,2955,1349.9,1333.8,7344,7344,48000,48000,48000.01,48000.01,1000,1000,0,0,0,0,0,0,48000,48000,0,0,4002.5,3955,4002.5,3955,0,0,0,0,0,0,0,0,0,0,0
"03329123",1,"2015","2014",0,0,0,"1",0,0,"05","D",0,0,1,"D",1,"D",0,"D",0,"D",0,"D",0,"D",13630,"D",0,"D",3504,"D",0,"D",5,"D",0,"D",0,"D",0,"D",0,0,0,0,0,0,0,0,0,0,0.01,0.01,0,0,0,0,0,0,0,0,0,0,0,0,0,0,0,0,3992,4044,5,5,0,0,0,0,0,0,0
"03329133",1,"2015","2014",0,0.153,0.153,"2",0.25,0.25,"34","D",0.0575,0.058,2,"D",2,"D",0,"D",103398,"D",0,"D",0,"D",19102,"D",0,"D",0,"D",500,"D",100,"D",0,"D",0,"D",480,"D",15834,5105,15946.18,15721.18,5127.08,5082.89,15819.89,15819.89,119634.7,119634.7,103398.01,103398.01,0,0,0,0,0,0,0,0,119634.7,119634.7,0,0,15946.18,15721.18,15946.18,15721.18,15000,15000,980,980,0,0,0,0,0,0,0
"03329173",1,"2015","2014",1,0.153,0.153,"2",0.15,0.15,"19","D",0.034,0.034,0,"D",0,"D",60000,"D",25894,"D",0,"D",0,"D",0,"D",0,"D",0,"D",320,"D",75,"D",0,"D",1,"D",3264,"D",7305,2435,7339.1,7271.6,2442.2,2426.9,13141.78,13141.78,85894,85894,85894.01,85894.01,1000,1000,0,0,0,0,0,0,85894,85894,0,0,8339.1,8271.6,8339.1,8271.6,0,0,0,0,0,0,0,0,0,0,0
"03329183",1,"2015","2014",1,0.153,0.153,"3",0.1904,0.1904,"50","D",0.0642,0.0642,0,"D",0,"D",79238,"D",0,"D",0,"D",0,"D",0,"D",0,"D",0,"D",4000,"D",0,"D",0,"D",1,"D",18024,"D",5446,3351,5458.32,5434.45,3354.55,3347,12123.41,12123.41,79238,79238,79238.01,79238.01,788.1,788.1,0,0,0,0,0,0,61214,61214,0,0,6246.42,6222.55,6246.42,6222.55,2371.84,2572.11,18024,18024,0,0,0,0,0,0,0
"03329193",1,"2015","2014",0,0.153,0.153,"2",0.2361,0.2361,"26","D",0.0554,0.0554,0,"D",0,"D",85000,"D",50000,"D",-13467,"D",0,"D",0,"D",0,"D",0,"D",1000,"D",312,"D",0,"D",0,"D",9600,"D",16139,4716,16213.85,16063.85,4715.61,4715.61,20655,20655,121533,121533,121533.01,121533.01,0,0,0,0,0,0,0,0,111933,111933,0,0,16213.85,16063.85,16213.85,16063.85,0,0,21239.5,21239.5,0,0,0,0,0,0,0
"03329203",1,"2015","2014",0,0,0,"2",0.2775,0.2603,"24","D",0.1304,0.1147,2,"D",1,"D",0,"D",0,"D",600,"D",50000,"D",33164,"D",0,"D",0,"D",6500,"D",637,"D",0,"D",0,"D",4020,"D",7137,2995,7216.37,7058.21,3088.59,2900.63,0,0,76304.7,76304.7,76304.72,76304.72,0,0,0,0,0,0,0,0,72284.7,76304.7,0,0,7216.37,7058.21,7216.37,7058.21,0,15100,14245.59,0,0,0,0,0,0,0,0
"03329243",1,"2015","2014",2,0.153,0.153,"2",0.3106,0.3106,"14","D",0.0586,0.0711,0,"D",0,"D",27122,"D",17364,"D",0,"D",0,"D",0,"D",0,"D",14400,"D",0,"D",0,"D",0,"D",1,"D",600,"D",-466,1465,-361.2,-571.34,1700.32,1229.73,6806.36,6806.36,44486,44486,44486.01,44486.01,1000,1000,0,0,0,0,989.8,1159.94,44486,44486,0,0,1628.6,1588.6,1628.6,1588.6,0,0,0,0,0,0,0,0,98.98,115.99,0
"03329243",2,"2015","2014",0,0.153,0.153,"1",0.0765,0.0765,"14","D",0.0452,0.0577,0,"D",0,"D",8314,"D",0,"D",0,"D",0,"D",0,"D",0,"D",0,"D",0,"D",0,"D",0,"D",0,"D",0,"D",-489,221,-480.39,-498.1,261.41,181.34,1272.04,1272.04,8314,8314,8314.01,8314.01,0,0,0,0,0,0,480.39,498.1,8314,8314,0,0,0,0,0,0,0,0,0,0,0,0,0,0,48.04,49.81,0
"03329283",1,"2015","2014",2,0.153,0.153,"2",0.2362,0.2362,"31","D",0.0553,0.0553,0,"D",0,"D",80000,"D",70247,"D",0,"D",0,"D",0,"D",0,"D",0,"D",7500,"D",0,"D",0,"D",2,"D",17528,"D",17771,4836,17858.37,17683.37,4835.52,4835.52,22987.79,22987.79,150247,150247,150247.01,150247.01,0,0,0,0,0,0,0,0,132719,132719,0,0,17858.37,17683.37,17858.37,17683.37,0,0,0,0,0,0,0,0,0,0,0
"03329313",1,"2015","2014",2,0.153,0.153,"2",0.1489,0.1489,"44","D",0,0,0,"D",0,"D",82651,"D",0,"D",0,"D",0,"D",0,"D",0,"D",0,"D",16180,"D",0,"D",0,"D",2,"D",20256,"D",1475,0,1497.45,1452.45,0,0,12645.6,12645.6,82651,82651,0,0,2000,2000,0,0,0,0,0,0,62395,62395,0,0,3497.45,3452.45,3497.45,3452.45,0,0,0,0,0,0,0,0,0,0,0
"03329343",1,"2015","2014",0,0.153,0.153,"2",0.15,0.15,"48","D",0,0,0,"D",0,"D",50000,"D",25000,"D",0,"D",0,"D",0,"D",0,"D",13140,"D",0,"D",40,"D",0,"D",0,"D",0,"D",7268,0,7297.5,7237.5,0,0,11475,11475,75000,75000,0,0,0,0,0,0,0,0,0,0,75000,75000,0,0,7297.5,7237.5,7297.5,7237.5,0,0,0,0,0,0,0,0,0,0,0
"03329393",1,"2015","2014",0,0,0,"1",0,0,"39","D",0,0,1,"D",1,"D",0,"D",0,"D",280,"D",522,"D",21838,"D",0,"D",0,"D",2700,"D",0,"D",0,"D",0,"D",0,"D",0,0,0,0,0,0,0,0,802,802,280.01,280.01,0,0,0,0,0,0,0,0,802,802,0,0,0,0,0,0,0,0,0,0,0,0,0,0,0,0,0
"03329403",1,"2015","2014",0,0,0,"2",0.15,0.25,"44","D",0,0,1,"D",1,"D",0,"D",0,"D",0,"D",96696,"D",0,"D",0,"D",0,"D",0,"D",110,"D",0,"D",0,"D",1800,"D",10408,0,10511.5,10304.4,0,0,0,0,96696,96696,0,0,0,0,0,0,0,0,0,0,96696,96696,0,0,10511.5,10304.4,10511.5,10304.4,0,0,0,0,0,0,0,0,0,0,0
"03329423",1,"2015","2014",0,0,0,"1",-0.0765,-0.0765,"05","D",0,0,0,"D",0,"D",0,"D",0,"D",0,"D",0,"D",10668,"D",0,"D",2436,"D",0,"D",0,"D",0,"D",0,"D",0,"D",0,0,0,0,0,0,0,0,0,0,0.01,0.01,0,0,0,0,0,0,0,0,0,0,0,0,0,0,0,0,3992,4044,0,0,0,0,0,0,0,0,0
"03329433",1,"2015","2014",0,0,0,"1",-0.0765,-0.0765,"33","D",-0.021,-0.021,0,"D",0,"D",0,"D",0,"D",0,"D",1810,"D",0,"D",400,"D",0,"D",3800,"D",162,"D",0,"D",0,"D",0,"D",0,-73,0,0,-72.58,-72.58,0,0,1810,1810,1810.01,1810.01,0,0,0,0,0,0,0,0,1810,1810,0,0,0,0,0,0,7800,7900,0,0,72.58,72.58,0,0,0,0,0
"03329453",1,"2015","2014",0,0.153,0.153,"2",0.25,0.25,"07","D",0.067,0.067,0,"D",0,"D",110000,"D",24331,"D",-9919,"D",0,"D",0,"D",0,"D",0,"D",0,"D",637,"D",0,"D",0,"D",120,"D",17641,6230,17740.5,17540.5,6229.6,6229.6,20552.64,20552.64,124412,124412,124412.01,124412.01,0,0,0,0,0,0,0,0,124412,124412,0,0,17740.5,17540.5,17740.5,17540.5,0,0,0,0,0,0,0,0,0,0,0
"03329473",1,"2015","2014",0,0,0,"1",0,0,"24","D",0,0,1,"D",1,"D",0,"D",0,"D",0,"D",800,"D",3044,"D",0,"D",0,"D",2200,"D",384,"D",0,"D",0,"D",13336,"D",0,-1870,0,0,-1870,-1870,0,0,800,800,800.01,800.01,0,0,0,0,0,0,0,0,800,800,0,0,0,0,0,0,7750,7850,0,0,1870,1870,0,0,0,0,0
"03329483",1,"2015","2014",0,0.153,0.153,"2",0.15,0.15,"44","D",0,0,0,"D",0,"D",20800,"D",20800,"D",-594,"D",0,"D",0,"D",0,"D",0,"D",1200,"D",75,"D",0,"D",0,"D",480,"D",2168,0,2198.4,2138.4,0,0,6364.8,6364.8,41006,41006,0,0,0,0,0,0,0,0,0,0,41006,41006,0,0,2198.4,2138.4,2198.4,2138.4,0,0,0,0,0,0,0,0,0,0,0
"03329503",1,"2015","2014",0,0,0,"1",0,0,"34","D",0,0,1,"D",1,"D",0,"D",0,"D",1600,"D",1600,"D",8938,"D",0,"D",0,"D",650,"D",0,"D",0,"D",0,"D",4056,"D",0,0,0,0,0,0,0,0,3200,3200,3200.01,3200.01,0,0,0,0,0,0,0,0,3200,3200,0,0,0,0,0,0,7500,7500,4706,4706,0,0,0,0,0,0,0
"03329513",1,"2015","2014",2,0,0,"3",-0.4,-0.4,"14","D",-0.04,-0.04,0,"D",0,"D",0,"D",0,"D",0,"D",0,"D",0,"D",0,"D",5040,"D",0,"D",0,"D",0,"D",0,"D",0,"D",0,0,0,0,0,0,0,0,0,0,0.01,0.01,0,0,0,0,0,0,0,0,0,0,0,0,0,0,0,0,0,0,0,0,0,0,0,0,0,0,0
"03329543",1,"2015","2014",0,0.153,0.153,"2",0.2332,0.2332,"07","D",0.067,0.067,0,"D",0,"D",59458,"D",46858,"D",12374,"D",0,"D",0,"D",0,"D",0,"D",6000,"D",0,"D",0,"D",0,"D",3000,"D",15676,5636,15750.94,15600.94,5636.23,5636.23,16266.35,16266.35,118690,118690,118690.01,118690.01,0,0,0,0,0,0,0,0,115690,115690,0,0,15750.94,15600.94,15750.94,15600.94,0,0,0,0,0,0,0,0,0,0,0
"03329603",1,"2015","2014",0,0,0,"1",0.15,0.25,"10","D",0,0,0,"D",0,"D",0,"D",0,"D",41074,"D",0,"D",7176,"D",0,"D",0,"D",0,"D",0,"D",0,"D",0,"D",0,"D",5091,0,5112.15,5069.79,0,0,0,0,47173.6,47173.6,0,0,0,0,0,0,0,0,0,0,47173.6,47173.6,0,0,5112.15,5069.79,5112.15,5069.79,0,0,0,0,0,0,0,0,0,0,0
"03329613",1,"2015","2014",2,0.153,0.153,"2",0.15,0.15,"21","D",0.0475,0.0475,0,"D",0,"D",80000,"D",0,"D",0,"D",0,"D",0,"D",0,"D",0,"D",2100,"D",240,"D",0,"D",0,"D",3540,"D",6825,2950,6862.5,6787.5,2949.5,2949.5,12240,12240,80000,80000,80000.01,80000.01,0,0,0,0,0,0,0,0,80000,80000,0,0,6862.5,6787.5,6862.5,6787.5,4000,4000,0,0,0,0,0,0,0,0,0
"03329663",1,"2015","2014",2,0.029,0.029,"2",0.2842,0.2875,"45","D",0.063,0.05,0,"D",0,"D",141000,"D",0,"D",0,"D",0,"D",0,"D",0,"D",0,"D",1800,"D",679,"D",0,"D",2,"D",10236,"D",17535,7046,17621.25,17448.46,7050,7041.18,18597,18783,141000,141000,141000.01,141000.01,450,450,0,0,0,0,0,0,130764,130764,0,0,18071.25,17898.46,18071.25,17898.46,0,0,0,0,0,0,0,0,0,0,0
"03329673",1,"2015","2014",3,0.153,0.153,"3",-0.45,-0.45,"14","D",-0.045,-0.045,0,"D",0,"D",11563,"D",0,"D",0,"D",3900,"D",0,"D",0,"D",0,"D",7800,"D",246,"D",0,"D",0,"D",500,"D",-5203,-520,-5203.35,-5203.35,-520.34,-520.34,1769.14,1769.14,15463,15463,11563.01,11563.01,0,0,0,0,0,0,5203.35,5203.35,15463,15463,0,0,0,0,0,0,0,0,0,0,153.15,111.11,0,0,520.34,520.34,0
"03329693",1,"2015","2014",0,0.153,0.153,"1",0.15,0.15,"45","D",0.063,0.063,0,"D",0,"D",43000,"D",0,"D",0,"D",0,"D",0,"D",0,"D",7500,"D",0,"D",563,"D",0,"D",0,"D",0,"D",4459,1977,4473.75,4443.75,1982.58,1971.54,6579,6579,43000,43000,43000.01,43000.01,0,0,0,0,0,0,0,0,43000,43000,0,0,4473.75,4443.75,4473.75,4443.75,0,0,0,0,0,0,0,0,0,0,0
"03329723",1,"2015","2014",1,0.153,0.153,"3",0.1405,0.1405,"45","D",0.063,0.063,0,"D",0,"D",61863,"D",0,"D",-80,"D",0,"D",0,"D",0,"D",0,"D",800,"D",408,"D",0,"D",0,"D",7620,"D",5688,2738,5699.43,5675.73,2742.14,2733.46,9465.04,9465.04,61783,61783,61783.01,61783.01,0,0,0,0,0,0,0,0,54163,54163,0,0,5699.43,5675.73,5699.43,5675.73,0,0,0,0,0,0,0,0,0,0,0
"03329783",1,"2015","2014",6,0.153,0.153,"2",0.15,0.15,"0","T",0,0,0,"D",0,"D",83062,"D",0,"D",0,"D",0,"D",0,"D",0,"D",3000,"D",0,"D",80,"D",0,"D",6,"D",288,"D",-1101,0,-1048.2,-1153.2,0,0,12708.49,12708.49,83062,83062,0,0,4951.8,4846.8,1048.2,1153.2,0,0,0,0,83062,83062,0,0,4951.8,4846.8,4951.8,4846.8,0,0,0,0,0,0,0,0,0,0,0
"03329793",1,"2015","2014",0,0,0,"1",0,0,"17","D",0,0,1,"D",1,"D",0,"D",0,"D",0,"D",0,"D",17386,"D",0,"D",5400,"D",0,"D",0,"D",0,"D",0,"D",1680,"D",0,-192,0,0,-192,-192,0,0,0,0,0.01,0.01,0,0,0,0,0,0,0,0,0,0,0,0,0,0,0,0,3850,3850,0,0,192,192,0,0,0,0,0
"03329803",1,"2015","2014",1,0,0,"3",-0.34,-0.34,"44","D",0,0,0,"D",0,"D",0,"D",0,"D",0,"D",1500,"D",0,"D",0,"D",9600,"D",0,"D",0,"D",0,"D",1,"D",0,"D",0,0,0,0,0,0,0,0,1500,1500,0,0,0,0,0,0,0,0,0,0,1500,1500,0,0,0,0,0,0,0,0,0,0,0,0,0,0,0,0,0
"03329813",1,"2015","2014",0,0,0,"1",0,0,"15","D",0,0,1,"D",1,"D",0,"D",0,"D",-42000,"D",0,"D",13702,"D",0,"D",0,"D",3300,"D",100,"D",0,"D",0,"D",2764,"D",0,-100,0,0,-100,-100,0,0,-42000,-42000,0,0,0,0,0,0,0,0,0,0,0,0,0,0,0,0,0,0,0,0,0,0,0,0,0,0,0,0,0
"03329833",1,"2015","2014",0,0,0,"1",-0.0765,-0.0765,"22","D",-0.0115,-0.0115,0,"D",0,"D",0,"D",0,"D",0,"D",0,"D",0,"D",0,"D",6600,"D",0,"D",0,"D",0,"D",0,"D",0,"D",0,0,0,0,0,0,0,0,0,0,0.01,0.01,0,0,0,0,0,0,0,0,0,0,0,0,0,0,0,0,0,0,0,0,0,0,0,0,0,0,0
"03329843",1,"2015","2014",2,0.153,0.153,"2",0.15,0.15,"0","T",0,0,0,"D",0,"D",39400,"D",12480,"D",0,"D",0,"D",0,"D",0,"D",0,"D",0,"D",20,"D",0,"D",2,"D",5280,"D",607,0,644.5,569.5,0,0,7937.64,7937.64,51880,51880,0,0,2000,2000,0,0,0,0,0,0,51880,51880,0,0,2644.5,2569.5,2644.5,2569.5,0,0,0,0,0,0,0,0,0,0,0
"03329853",1,"2015","2014",0,0.153,0.153,"1",0.25,0.25,"22","D",0.0515,0.052,0,"D",0,"D",90000,"D",0,"D",0,"D",0,"D",0,"D",0,"D",13200,"D",0,"D",0,"D",0,"D",0,"D",0,"D",15769,4171,15818.75,15718.75,4191.2,4150.9,13770,13770,90000,90000,90000.01,90000.01,0,0,0,0,0,0,0,0,90000,90000,0,0,15818.75,15718.75,15818.75,15718.75,0,0,0,0,0,0,0,0,0,0,0
"03329873",1,"2015","2014",2,0,0,"3",-0.4,-0.4,"44","D",0,0,0,"D",0,"D",0,"D",0,"D",0,"D",0,"D",0,"D",0,"D",0,"D",3000,"D",0,"D",0,"D",0,"D",2150,"D",0,0,0,0,0,0,0,0,0,0,0,0,0,0,0,0,0,0,0,0,0,0,0,0,0,0,0,0,0,0,0,0,0,0,0,0,0,0,0
"03329883",1,"2015","2014",1,0.153,0.153,"3",0.3018,0.2999,"14","D",0.0535,0.066,0,"D",0,"D",32000,"D",0,"D",0,"D",0,"D",0,"D",0,"D",0,"D",1800,"D",0,"D",0,"D",1,"D",6760,"D",-574,1014,-536.15,-612.4,1193.44,834.17,4896,4896,32000,32000,32000.01,32000.01,1000,1000,0,0,0,0,1040.63,1145.77,25240,25240,0,0,1504.48,1533.37,1504.48,1533.37,0,0,0,0,90,90,0,0,104.06,114.58,0
"03329893",1,"2015","2014",0,0.153,0.153,"2",0.15,0.15,"0","T",0,0,0,"D",0,"D",70000,"D",0,"D",0,"D",0,"D",0,"D",0,"D",0,"D",1200,"D",0,"D",0,"D",0,"D",7100,"D",6518,0,6547.5,6487.5,0,0,10710,10710,70000,70000,0,0,0,0,0,0,0,0,0,0,70000,70000,0,0,6547.5,6487.5,6547.5,6487.5,0,0,0,0,0,0,0,0,0,0,0
"03329903",1,"2015","2014",2,0.153,0.153,"3",0.3606,0.3606,"29","D",0,0,0,"D",0,"D",40000,"D",0,"D",0,"D",0,"D",0,"D",0,"D",12600,"D",0,"D",0,"D",0,"D",2,"D",0,"D",-686,0,-581,-791.39,0,0,6120,6120,40000,40000,0,0,2000,2000,0,0,0,0,791,946.39,40000,40000,0,0,2210,2155,2210,2155,0,0,0,0,0,0,0,0,0,0,0
"03329913",1,"2015","2014",1,0.038,0.038,"2",0.35,0.35,"12","D",0.1012,0.1012,0,"D",0,"D",228786,"D",241175,"D",0,"D",0,"D",0,"D",0,"D",0,"D",6000,"D",75,"D",0,"D",1,"D",15328,"D",121234,35704,121528.55,120938.55,35704.42,35704.42,44624.52,44996.52,469961,469961,469961.01,469961.01,0,0,0,0,0,0,0,0,454633,454633,7409.76,7374.19,114118.79,113564.37,114118.79,113564.37,4400,4400,47766.96,47766.96,0,0,0,0,0,0,0
"03329933",1,"2015","2014",0,0.153,0.153,"1",0.1765,0.1765,"33","D",0.0404,0.0404,0,"D",0,"D",13000,"D",0,"D",600,"D",0,"D",0,"D",1900,"D",6600,"D",0,"D",0,"D",0,"D",0,"D",0,"D",253,183,268.99,236.28,184.54,180.54,1989,1989,13600,13600,13600.01,13600.01,0,0,0,0,0,0,76.01,93.72,13600,13600,0,0,345,330,345,330,7800,7900,0,0,0,0,0,0,0,0,0
"03330003",1,"2015","2014",0,0,0,"1",0,0,"0","T",0,0,1,"D",1,"D",0,"D",0,"D",12,"D",0,"D",16918,"D",0,"D",0,"D",1800,"D",598,"D",0,"D",0,"D",0,"D",0,0,0,0,0,0,0,0,12,12,0,0,0,0,0,0,0,0,0,0,12,12,0,0,0,0,0,0,0,0,0,0,0,0,0,0,0,0,0
"03330033",1,"2015","2014",0,0.086,0.086,"2",0.2789,0.2789,"10","D",0,0,0,"D",0,"D",114000,"D",134000,"D",-28100,"D",0,"D",0,"D",0,"D",0,"D",6700,"D",235,"D",0,"D",0,"D",16944,"D",39337,0,39448.42,39224.92,0,0,35836,36022,219900,219900,0,0,0,0,0,0,0,0,0,0,202956,202956,0,0,39448.42,39224.92,39448.42,39224.92,0,0,0,0,0,0,0,0,0,0,0
"03330043",1,"2015","2014",1,0.153,0.153,"2",0.25,0.25,"0","T",0,0,0,"D",0,"D",60000,"D",40000,"D",0,"D",0,"D",0,"D",0,"D",8400,"D",0,"D",0,"D",0,"D",1,"D",0,"D",9544,0,9650,9437.5,0,0,15300,15300,100000,100000,0,0,1000,1000,0,0,0,0,0,0,100000,100000,0,0,10650,10437.5,10650,10437.5,0,0,0,0,0,0,0,0,0,0,0
"03330063",1,"2015","2014",0,0.153,0.153,"2",0.15,0.15,"10","D",0,0,0,"D",0,"D",30598,"D",32415,"D",2800,"D",0,"D",0,"D",0,"D",15000,"D",0,"D",0,"D",0,"D",0,"D",0,"D",5889,0,5919.45,5859.45,0,0,9640.99,9640.99,65813,65813,0,0,0,0,0,0,0,0,0,0,65813,65813,0,0,5919.45,5859.45,5919.45,5859.45,0,0,0,0,0,0,0,0,0,0,0
"03330083",1,"2015","2014",0,0,0,"1",0,0,"23","D",0,0,1,"D",1,"D",0,"D",0,"D",0,"D",650,"D",17062,"D",0,"D",43356,"D",0,"D",200,"D",0,"D",0,"D",0,"D",0,-1200,0,0,-1200,-1200,0,0,650,650,0.01,0.01,0,0,0,0,0,0,0,0,650,650,0,0,0,0,0,0,0,0,0,0,1200,1200,0,0,0,0,0
"03330123",1,"2015","2014",2,0.153,0.153,"2",0.2985,0.2985,"10","D",0,0,0,"D",0,"D",71000,"D",48000,"D",-7155,"D",0,"D",0,"D",0,"D",0,"D",1800,"D",0,"D",0,"D",2,"D",10108,"D",10450,0,10537.95,10362.95,0,0,18207,18207,111845,111845,0,0,1907.75,1907.75,0,0,0,0,0,0,101737,101737,0,0,12445.7,12270.7,12445.7,12270.7,0,0,0,0,0,0,0,0,0,0,0
"03330143",1,"2015","2014",1,0.153,0.153,"3",0.2678,0.2678,"15","D",0.0474,0.0484,0,"D",0,"D",25000,"D",0,"D",0,"D",0,"D",0,"D",0,"D",3000,"D",0,"D",0,"D",1600,"D",1,"D",0,"D",-2904,421,-2839.23,-2969.37,434.67,406.71,3825,3825,25000,25000,25000.01,25000.01,320,295,680,705,480,480,2159.23,2264.37,25000,25000,0,0,800,775,800,775,0,0,0,0,0,0,0,0,194.33,203.79,0
"03330153",1,"2015","2014",0,0,0,"1",0,0,"0","T",0,0,1,"D",1,"D",0,"D",0,"D",0,"D",0,"D",12874,"D",0,"D",8400,"D",0,"D",0,"D",0,"D",0,"D",0,"D",0,0,0,0,0,0,0,0,0,0,0,0,0,0,0,0,0,0,0,0,0,0,0,0,0,0,0,0,0,0,0,0,0,0,0,0,0,0,0
"03330193",1,"2015","2014",0,0.153,0.153,"2",0.25,0.25,"44","D",0,0,0,"D",0,"D",71000,"D",33185,"D",-2803,"D",0,"D",0,"D",0,"D",0,"D",4000,"D",225,"D",0,"D",0,"D",6812,"D",11883,0,11983,11783,0,0,15940.3,15940.3,101382,101382,0,0,0,0,0,0,0,0,0,0,101382,101382,0,0,11983,11783,11983,11783,0,0,0,0,0,0,0,0,0,0,0
"03330193",2,"2015","2014",1,0,0,"3",-0.34,-0.34,"44","D",0,0,0,"D",0,"D",0,"D",0,"D",0,"D",0,"D",0,"D",0,"D",0,"D",0,"D",0,"D",0,"D",0,"D",0,"D",0,0,0,0,0,0,0,0,0,0,0,0,0,0,0,0,0,0,0,0,0,0,0,0,0,0,0,0,0,0,0,0,0,0,0,0,0,0,0
"03330203",1,"2015","2014",0,0.153,0.153,"2",0.1,0.1,"50","D",0.064,0.064,0,"D",0,"D",7135,"D",28635,"D",0,"D",0,"D",0,"D",0,"D",0,"D",1700,"D",0,"D",0,"D",0,"D",3672,"D",1532,419,1547,1517,432.66,406.2,5472.81,5472.81,35770,35770,35770.01,35770.01,0,0,0,0,0,0,0,0,35770,35770,0,0,1547,1517,1547,1517,15187.71,15562.97,3672,3672,0,0,0,0,0,0,0
"03330213",1,"2015","2014",2,0.0295,0.0295,"2",0.254,0.254,"05","D",0.093,0.093,0,"D",0,"D",228786,"D",901,"D",-5490,"D",0,"D",0,"D",0,"D",0,"D",4700,"D",0,"D",0,"D",2,"D",17648,"D",35611,12870,35726.61,35496.03,12907.54,12832.83,21280.65,21466.65,224197,224197,224197.01,224197.01,0,0,0,0,0,0,0,0,206549,206549,0,0,35726.61,35496.03,35726.61,35496.03,7984,8088,22348,22348,0,0,0,0,0,0,0
"03330213",2,"2015","2014",2,0,0,"3",-0.4,-0.4,"05","D",0,0,0,"D",0,"D",0,"D",0,"D",0,"D",0,"D",0,"D",0,"D",0,"D",0,"D",0,"D",0,"D",2,"D",0,"D",0,0,0,0,0,0,0,0,0,0,0.01,0.01,0,0,0,0,0,0,0,0,0,0,0,0,0,0,0,0,7984,8088,0,0,0,0,0,0,0,0,0
"03330223",1,"2015","2014",2,0.153,0.153,"2",0.3106,0.3106,"44","D",0,0,0,"D",0,"D",35000,"D",10000,"D",0,"D",0,"D",0,"D",0,"D",7200,"D",0,"D",70,"D",0,"D",1,"D",0,"D",-307,0,-201.56,-411.69,0,0,6885,6885,45000,45000,0,0,1000,1000,0,0,0,0,881.56,1051.69,45000,45000,0,0,1680,1640,1680,1640,0,0,0,0,0,0,0,0,0,0,0
"03330243",1,"2015","2014",3,0.0508,0.0508,"2",0.35,0.35,"21","D",0.055,0.055,0,"D",0,"D",252241,"D",29000,"D",-4562,"D",0,"D",0,"D",0,"D",0,"D",7230,"D",1989,"D",0,"D",2,"D",25780,"D",49927,12236,50221.65,49631.65,12236.4,12236.4,26541.16,26727.16,276679,276679,275479.01,275479.01,0,0,0,0,0,0,0,0,250899,250899,4260.44,3935.94,45961.21,45695.71,45961.21,45695.71,4000,4000,34999,34999,0,0,0,0,0,0,0
"03330243",2,"2015","2014",3,0,0,"3",-0.45,-0.45,"21","D",-0.1148,-0.1125,0,"D",0,"D",0,"D",0,"D",0,"D",0,"D",0,"D",0,"D",0,"D",0,"D",0,"D",0,"D",2,"D",0,"D",0,0,0,0,0,0,0,0,0,0,0.01,0.01,0,0,0,0,0,0,0,0,0,0,0,0,0,0,0,0,3000,3000,0,0,0,0,0,0,0,0,0
"03330263",1,"2015","2014",2,0.153,0.153,"3",0.3106,0.3106,"45","D",0.063,0.063,0,"D",0,"D",24000,"D",0,"D",700,"D",0,"D",0,"D",0,"D",8700,"D",0,"D",67,"D",0,"D",2,"D",0,"D",-5731,202,-5638.18,-5823.57,211.85,191.91,3672,3672,24700,24700,24700.01,24700.01,375,345,1625,1655,0,0,4013.18,4168.57,24700,24700,0,0,375,345,375,345,0,0,0,0,0,0,0,0,0,0,0
"03330283",1,"2015","2014",0,0.153,0.153,"1",0.2376,0.2376,"37","D",0.0499,0.0499,0,"D",0,"D",55254,"D",0,"D",11288,"D",0,"D",0,"D",0,"D",0,"D",1600,"D",2000,"D",0,"D",0,"D",6652,"D",8266,2559,8303.47,8228.47,2558.54,2558.54,8453.86,8453.86,66542,66542,66542.01,66542.01,0,0,0,0,0,0,0,0,59890,59890,0,0,8303.47,8228.47,8303.47,8228.47,6200,6300,12803.12,12803.12,0,0,0,0,0,0,0
"03330293",1,"2015","2014",0,0,0,"1",0,0,"0","T",0,0,1,"D",1,"D",0,"D",0,"D",0,"D",0,"D",2286,"D",0,"D",0,"D",1100,"D",0,"D",0,"D",0,"D",0,"D",0,0,0,0,0,0,0,0,0,0,0,0,0,0,0,0,0,0,0,0,0,0,0,0,0,0,0,0,0,0,0,0,0,0,0,0,0,0,0
"03330303",1,"2015","2014",0,0.153,0.153,"2",0.15,0.15,"0","T",0,0,0,"D",0,"D",40000,"D",23000,"D",-6132,"D",230,"D",0,"D",0,"D",0,"D",800,"D",0,"D",0,"D",0,"D",240,"D",4582,0,4612.2,4552.2,0,0,9639,9639,57098,57098,0,0,0,0,0,0,0,0,0,0,57098,57098,0,0,4612.2,4552.2,4612.2,4552.2,0,0,0,0,0,0,0,0,0,0,0
"03330313",1,"2015","2014",0,0.153,0.153,"1",0.25,0.25,"33","D",0.0645,0.0645,0,"D",0,"D",56119,"D",0,"D",0,"D",0,"D",0,"D",0,"D",4140,"D",0,"D",45,"D",0,"D",0,"D",0,"D",7299,2781,7348.5,7248.5,2787.69,2773.47,8586.21,8586.21,56119,56119,56119.01,56119.01,0,0,0,0,0,0,0,0,56119,56119,0,0,7348.5,7248.5,7348.5,7248.5,7800,7900,0,0,0,0,0,0,0,0,0
"03330333",1,"2015","2014",4,0.153,0.153,"3",0.3606,0.3606,"0","T",0,0,0,"D",0,"D",46438,"D",0,"D",0,"D",0,"D",0,"D",0,"D",0,"D",1800,"D",0,"D",460,"D",4,"D",0,"D",-2338,0,-2219.45,-2455.85,0,0,7105.01,7105.01,46438,46438,0,0,1898.7,1828.7,2101.3,2171.3,92,92,118.15,284.55,46438,46438,0,0,1990.7,1920.7,1990.7,1920.7,0,0,0,0,0,0,0,0,0,0,0
"03330333",2,"2015","2014",0,0.153,0.153,"1",0.1765,0.1765,"0","T",0,0,0,"D",0,"D",11942,"D",0,"D",0,"D",0,"D",0,"D",0,"D",0,"D",0,"D",0,"D",0,"D",0,"D",0,"D",-40,0,-23.65,-56.36,0,0,1827.13,1827.13,11942,11942,0,0,0,0,0,0,0,0,202.85,220.56,11942,11942,0,0,179.2,164.2,179.2,164.2,0,0,0,0,0,0,0,0,0,0,0
"03330343",1,"2015","2014",0,0.153,0.153,"1",0.2339,0.2339,"33","D",0.0645,0.0645,0,"D",0,"D",75000,"D",0,"D",0,"D",0,"D",0,"D",0,"D",16800,"D",0,"D",0,"D",0,"D",0,"D",3600,"D",11682,3998,11717.37,11645.93,4005.51,3991.3,11475,11475,75000,75000,75000.01,75000.01,0,0,0,0,0,0,0,0,71400,71400,0,0,11717.37,11645.93,11717.37,11645.93,7800,7900,3600,3600,0,0,0,0,0,0,0
"03330353",1,"2015","2014",4,0.153,0.153,"2",0.3106,0.3106,"05","D",0,0,0,"D",0,"D",0,"D",40000,"D",0,"D",0,"D",0,"D",0,"D",8400,"D",0,"D",0,"D",0,"D",4,"D",0,"D",-6343,0,-6227.56,-6458.69,0,0,6120,6120,40000,40000,40000.01,40000.01,390,340,3610,3660,0,0,2617.56,2798.69,40000,40000,0,0,390,340,390,340,7984,8088,0,0,0,0,0,0,0,0,0
"03330393",1,"2015","2014",0,0.153,0.153,"2",0.1,0.1,"05","D",0.02,0.02,0,"D",0,"D",0,"D",34000,"D",0,"D",0,"D",0,"D",0,"D",12000,"D",0,"D",0,"D",0,"D",0,"D",300,"D",1355,26,1370,1340,29.35,23.25,5202,5202,34000,34000,34000.01,34000.01,0,0,0,0,0,0,0,0,34000,34000,0,0,1370,1340,1370,1340,7984,8088,300,300,0,0,0,0,0,0,0
"03330403",1,"2015","2014",0,0,0,"1",0,0,"05","D",0,0,1,"D",1,"D",0,"D",0,"D",0,"D",0,"D",13462,"D",0,"D",6300,"D",0,"D",4,"D",0,"D",0,"D",0,"D",0,0,0,0,0,0,0,0,0,0,0.01,0.01,0,0,0,0,0,0,0,0,0,0,0,0,0,0,0,0,3992,4044,4,4,0,0,0,0,0,0,0
"03330433",1,"2015","2014",4,0.153,0.153,"2",0.15,0.15,"36","D",0.0324,0.0347,0,"D",0,"D",52000,"D",40000,"D",0,"D",0,"D",0,"D",0,"D",0,"D",1800,"D",10,"D",0,"D",4,"D",7632,"D",3433,2276,3477.5,3387.5,2350.4,2202.27,14076,14076,92000,92000,92000.01,92000.01,4000,4000,0,0,0,0,0,0,92000,92000,0,0,7477.5,7387.5,7477.5,7387.5,0,0,0,0,0,0,0,0,0,0,0
"03330463",1,"2015","2014",1,0.153,0.153,"2",0.15,0.15,"05","D",0.08,0.08,0,"D",0,"D",36000,"D",60000,"D",-3000,"D",0,"D",0,"D",0,"D",0,"D",1700,"D",0,"D",0,"D",0,"D",3576,"D",9371,2562,9405,9337.5,2592.49,2530.64,14688,14688,93000,93000,93000.01,93000.01,0,0,0,0,0,0,0,0,93000,93000,0,0,9405,9337.5,9405,9337.5,7984,8088,5276,5276,0,0,0,0,0,0,0
"03330473",1,"2015","2014",1,0.153,0.153,"3",0.3098,0.3098,"25","D",0.05,0.05,0,"D",0,"D",32000,"D",0,"D",0,"D",0,"D",0,"D",0,"D",0,"D",1200,"D",0,"D",0,"D",1,"D",2028,"D",-514,805,-438.13,-590.77,805,805,4896,4896,32000,32000,32000.01,32000.01,1000,1000,0,0,0,0,1040.63,1145.77,32000,32000,0,0,1602.5,1555,1602.5,1555,3400,3400,3228,3228,0,0,0,0,0,0,0
"03330483",1,"2015","2014",3,0.153,0.153,"2",0.3046,0.3046,"12","D",0.0602,0.0602,0,"D",0,"D",0,"D",45963,"D",0,"D",0,"D",0,"D",0,"D",0,"D",900,"D",0,"D",0,"D",3,"D",14520,"D",-3478,925,-3374.52,-3580.65,924.75,924.75,7032.34,7032.34,45963,45963,45963.01,45963.01,987.23,962.23,2012.77,2037.77,0,0,1361.75,1542.88,31443,31443,0,0,987.23,962.23,987.23,962.23,4400,4400,16340.72,16340.72,0,0,0,0,0,0,0
"03330493",1,"2015","2014",0,0.153,0.153,"2",0.15,0.15,"17","D",0.046,0.048,0,"D",0,"D",60000,"D",14000,"D",6000,"D",0,"D",3240,"D",0,"D",0,"D",4000,"D",525,"D",0,"D",0,"D",2196,"D",8431,2443,8460.6,8400.6,2478.19,2408.68,11322,11322,82754,82754,76754.01,76754.01,0,0,0,0,0,0,0,0,82754,82754,0,0,8460.6,8400.6,8460.6,8400.6,7500,7500,0,0,0,0,0,0,0,0,0
"03330523",1,"2015","2014",0,0.153,0.153,"1",0.15,0.15,"39","D",0.0307,0.0307,0,"D",0,"D",25000,"D",0,"D",8892,"D",0,"D",0,"D",0,"D",11100,"D",0,"D",0,"D",0,"D",0,"D",0,"D",3093,1040,3107.55,3077.55,1040.48,1040.48,3825,3825,33892,33892,33892.01,33892.01,0,0,0,0,0,0,0,0,33892,33892,0,0,3107.55,3077.55,3107.55,3077.55,0,0,0,0,0,0,0,0,0,0,0
"03330523",2,"2015","2014",0,0.153,0.153,"1",0.1,0.1,"39","D",0.0307,0.0307,0,"D",0,"D",17000,"D",0,"D",0,"D",0,"D",0,"D",0,"D",0,"D",0,"D",0,"D",0,"D",0,"D",0,"D",678,522,685,670,521.9,521.9,2601,2601,17000,17000,17000.01,17000.01,0,0,0,0,0,0,0,0,17000,17000,0,0,685,670,685,670,0,0,0,0,0,0,0,0,0,0,0
"03330563",1,"2015","2014",0,0.153,0.153,"1",0.15,0.15,"05","D",0.08,0.08,0,"D",0,"D",45000,"D",0,"D",0,"D",0,"D",0,"D",0,"D",21600,"D",0,"D",0,"D",0,"D",0,"D",0,"D",4759,1328,4773.75,4743.75,1342.75,1313.82,6885,6885,45000,45000,45000.01,45000.01,0,0,0,0,0,0,0,0,45000,45000,0,0,4773.75,4743.75,4773.75,4743.75,3992,4044,0,0,0,0,0,0,0,0,0
"03330563",2,"2015","2014",0,0.153,0.153,"1",0.15,0.15,"05","D",0.02,0.02,0,"D",0,"D",20000,"D",0,"D",0,"D",0,"D",0,"D",0,"D",0,"D",0,"D",0,"D",0,"D",0,"D",0,"D",1009,133,1023.75,993.75,134.67,131.63,3060,3060,20000,20000,20000.01,20000.01,0,0,0,0,0,0,0,0,20000,20000,0,0,1023.75,993.75,1023.75,993.75,3992,4044,0,0,0,0,0,0,0,0,0
"03330573",1,"2015","2014",1,0.0305,0.0305,"2",0.325,0.325,"50","D",0.0623,0.0623,0,"D",0,"D",241175,"D",3000,"D",57,"D",0,"D",0,"D",0,"D",0,"D",8500,"D",1310,"D",0,"D",1,"D",6872,"D",45377,14052,45623.5,45129.5,14055.45,14048.78,21961.07,22147.07,244232,244232,244232.01,244232.01,0,0,0,0,0,0,0,0,237360,237360,1916.03,1657.66,43707.47,43471.84,43707.47,43471.84,0,0,6872,6872,0,0,0,0,0,0,0
"03330583",1,"2015","2014",0,0.153,0.153,"2",0.1,0.1,"05","D",0,0.02,0,"D",0,"D",14400,"D",15000,"D",3200,"D",0,"D",0,"D",0,"D",16800,"D",0,"D",60,"D",0,"D",0,"D",0,"D",1215,1,1230,1200,1.35,0,4498.2,4498.2,32600,32600,32600.01,32600.01,0,0,0,0,0,0,0,0,32600,32600,0,0,1230,1200,1230,1200,7984,8088,60,60,0,0,0,0,0,0,0
"03330583",2,"2015","2014",1,0.153,0.153,"2",0.2698,0.2698,"05","D",0.005,0.005,0,"D",0,"D",15000,"D",18000,"D",0,"D",0,"D",0,"D",0,"D",0,"D",0,"D",0,"D",2000,"D",1,"D",0,"D",-2469,-260,-2393.55,-2544.87,-260,-260,5049,5049,33000,33000,33000.01,33000.01,355,320,645,680,520,520,1748.55,1864.87,33000,33000,0,0,875,840,875,840,7984,8088,0,0,0,0,260,260,0,0,0
"03330603",1,"2015","2014",0,0.153,0.153,"2",0.15,0.15,"18","D",0.058,0.058,0,"D",0,"D",40000,"D",50000,"D",-700,"D",0,"D",0,"D",0,"D",0,"D",500,"D",0,"D",0,"D",0,"D",3700,"D",9413,4511,9442.5,9382.5,4513,4508.36,13770,13770,89300,89300,89300.01,89300.01,0,0,0,0,0,0,0,0,89300,89300,0,0,9442.5,9382.5,9442.5,9382.5,2400,2440,4200,4200,0,0,0,0,0,0,0
"03330613",1,"2015","2014",0,0.153,0.153,"1",0.25,0.25,"11","D",0.06,0.06,0,"D",0,"D",52000,"D",0,"D",500,"D",0,"D",0,"D",0,"D",3600,"D",0,"D",0,"D",0,"D",0,"D",0,"D",6394,2660,6443.75,6343.75,2660,2660,7956,7956,52500,52500,52500.01,52500.01,0,0,0,0,0,0,0,0,52500,52500,0,0,6443.75,6343.75,6443.75,6343.75,2300,2300,0,0,0,0,0,0,0,0,0
"03330633",1,"2015","2014",1,0.153,0.153,"3",0.388,0.388,"33","D",0.0665,0.0665,1,"D",1,"D",76906,"D",0,"D",138200,"D",0,"D",26350,"D",0,"D",0,"D",6050,"D",352,"D",0,"D",0,"D",3200,"D",56579,13505,56786.36,56371.36,13509.87,13499.9,11766.62,11766.62,237503.5,237503.5,215106.01,215106.01,0,0,0,0,0,0,0,0,234303.5,234303.5,6957.57,6719.28,48403.66,48226.95,48403.66,48226.95,10950,11100,7201.5,7201.5,0,0,0,0,0,0,0
"03330643",1,"2015","2014",0,0.153,0.153,"2",0.2356,0.2355,"34","D",0.0575,0.058,0,"D",0,"D",24517,"D",105779,"D",15,"D",0,"D",0,"D",0,"D",5200,"D",2500,"D",140,"D",0,"D",0,"D",11432,"D",17057,6659,17125.24,16989.65,6688.04,6630.38,19935.29,19935.29,130311,130311,130311.01,130311.01,0,0,0,0,0,0,0,0,118879,118879,0,0,17125.24,16989.65,17125.24,16989.65,15000,15000,13932,13932,0,0,0,0,0,0,0
"03330653",1,"2015","2014",0,0.153,0.153,"2",0,0,"0","T",0,0,0,"D",0,"D",0,"D",12870,"D",130,"D",167,"D",19462,"D",0,"D",0,"D",450,"D",1510,"D",0,"D",0,"D",0,"D",-500,0,-496,-503,0,0,1969.11,1969.11,13167,13167,0,0,0,0,0,0,0,0,496,503,13167,13167,0,0,0,0,0,0,0,0,0,0,0,0,0,0,0,0,0
"03330653",2,"2015","2014",0,0.153,0.153,"1",0.1765,0.1765,"0","T",0,0,0,"D",0,"D",12492,"D",0,"D",0,"D",0,"D",0,"D",0,"D",0,"D",0,"D",0,"D",0,"D",0,"D",0,"D",57,0,73.42,40.71,0,0,1911.28,1911.28,12492,12492,0,0,0,0,0,0,0,0,160.78,178.49,12492,12492,0,0,234.2,219.2,234.2,219.2,0,0,0,0,0,0,0,0,0,0,0
"03330663",1,"2015","2014",1,0.153,0.153,"2",0,0,"10","D",0,0,0,"D",0,"D",21500,"D",0,"D",0,"D",0,"D",0,"D",0,"D",13368,"D",0,"D",0,"D",0,"D",1,"D",0,"D",-4332,0,-4305,-4359,0,0,3289.5,3289.5,21500,21500,0,0,0,0,1000,1000,0,0,3305,3359,21500,21500,0,0,0,0,0,0,0,0,0,0,0,0,0,0,0,0,0
"03330673",1,"2015","2014",0,0.153,0.153,"2",0.15,0.15,"33","D",0.059,0.059,0,"D",0,"D",45000,"D",640,"D",75,"D",0,"D",0,"D",0,"D",14400,"D",0,"D",420,"D",0,"D",0,"D",240,"D",2875,1333,2904.75,2844.75,1344.31,1322.37,6982.92,6982.92,45715,45715,45715.01,45715.01,0,0,0,0,0,0,0,0,45715,45715,0,0,2904.75,2844.75,2904.75,2844.75,15650,15850,0,0,0,0,0,0,0,0,0
"03330723",1,"2015","2014",0,0.0703,0.0703,"2",0.28,0.28,"44","D",0,0,0,"D",0,"D",120000,"D",60000,"D",1267,"D",0,"D",0,"D",0,"D",0,"D",2200,"D",0,"D",0,"D",0,"D",3312,"D",32178,0,32317.76,32038.26,0,0,27168,27354,181267,181267,0,0,0,0,0,0,0,0,0,0,181267,181267,0,0,32317.76,32038.26,32317.76,32038.26,0,0,0,0,0,0,0,0,0,0,0
"03330753",1,"2015","2014",0,0.153,0.153,"1",0.15,0.15,"10","D",0,0,0,"D",0,"D",25971,"D",0,"D",0,"D",0,"D",0,"D",0,"D",6600,"D",0,"D",0,"D",0,"D",0,"D",0,"D",1904,0,1919.4,1889.4,0,0,3973.56,3973.56,25971,25971,0,0,0,0,0,0,0,0,0,0,25971,25971,0,0,1919.4,1889.4,1919.4,1889.4,0,0,0,0,0,0,0,0,0,0,0
"03330763",1,"2015","2014",0,0.153,0.153,"1",0.15,0.15,"23","D",0.0425,0.0425,1,"D",1,"D",41739,"D",0,"D",0,"D",0,"D",0,"D",0,"D",7200,"D",0,"D",0,"D",0,"D",0,"D",0,"D",4037,1604,4052.1,4022.1,1603.91,1603.91,6386.07,6386.07,41739,41739,41739.01,41739.01,0,0,0,0,0,0,0,0,41739,41739,0,0,4052.1,4022.1,4052.1,4022.1,0,0,0,0,0,0,0,0,0,0,0
"03330773",1,"2015","2014",2,0.153,0.153,"2",0.15,0.15,"33","D",0.0645,0.0645,0,"D",0,"D",45686,"D",34896,"D",0,"D",0,"D",0,"D",0,"D",0,"D",3500,"D",20,"D",0,"D",1,"D",2028,"D",5912,2882,5949.8,5874.8,3071.34,2692.91,12329.05,12329.05,80582,80582,80582.01,80582.01,1000,1000,0,0,0,0,0,0,80582,80582,0,0,6949.8,6874.8,6949.8,6874.8,15650,15850,0,0,0,0,0,0,0,0,0
"03330773",2,"2015","2014",2,0,0,"3",-0.4,-0.4,"33","D",-0.12,-0.12,0,"D",0,"D",0,"D",0,"D",0,"D",0,"D",0,"D",0,"D",0,"D",0,"D",0,"D",0,"D",1,"D",0,"D",0,-200,0,0,-200,-200,0,0,0,0,0.01,0.01,0,0,0,0,0,0,0,0,0,0,0,0,0,0,0,0,10950,11100,0,0,0,0,0,0,0,0,0
"03330823",1,"2015","2014",0,0.0457,0.0457,"2",0.35,0.35,"05","D",0.093,0.093,1,"D",1,"D",241175,"D",15949,"D",284,"D",0,"D",21113,"D",0,"D",0,"D",6000,"D",0,"D",0,"D",0,"D",24936,"D",49769,15722,50064.11,49474.11,15755.48,15687.77,24006.39,24192.39,275354.05,275354.05,257408.01,257408.01,0,0,0,0,0,0,0,0,250418.05,250418.05,992.8,607.34,49060.52,48855.98,49060.52,48855.98,7984,8088,30936,30936,0,0,0,0,0,0,0
"03330873",1,"2015","2014",1,0.153,0.153,"2",0.2598,0.2598,"0","T",0,0,0,"D",0,"D",28143,"D",0,"D",0,"D",0,"D",0,"D",0,"D",5400,"D",0,"D",2814,"D",0,"D",1,"D",2185,"D",-3211,0,-3135.4,-3286.72,0,0,4305.88,4305.88,28143,28143,0,0,389.3,354.3,610.7,645.7,0,0,2524.7,2641.02,28143,28143,0,0,389.3,354.3,389.3,354.3,0,0,0,0,0,0,0,0,0,0,0
"03330893",1,"2015","2014",0,0,0,"1",-0.0765,-0.0765,"10","D",0,0,0,"D",0,"D",0,"D",0,"D",0,"D",0,"D",10342,"D",0,"D",924,"D",0,"D",16,"D",0,"D",0,"D",0,"D",0,0,0,0,0,0,0,0,0,0,0,0,0,0,0,0,0,0,0,0,0,0,0,0,0,0,0,0,0,0,0,0,0,0,0,0,0,0,0
"03330903",1,"2015","2014",0,0.153,0.153,"1",0.15,0.15,"44","D",0,0,0,"D",0,"D",20000,"D",0,"D",0,"D",0,"D",0,"D",0,"D",0,"D",2100,"D",0,"D",0,"D",0,"D",0,"D",1009,0,1023.75,993.75,0,0,3060,3060,20000,20000,0,0,0,0,0,0,0,0,0,0,20000,20000,0,0,1023.75,993.75,1023.75,993.75,0,0,0,0,0,0,0,0,0,0,0
"03330963",1,"2015","2014",0,0.153,0.153,"1",0.25,0.25,"0","T",0,0,0,"D",0,"D",52000,"D",0,"D",-4140,"D",0,"D",0,"D",0,"D",10200,"D",0,"D",0,"D",0,"D",0,"D",0,"D",5234,0,5283.75,5183.75,0,0,7956,7956,47860,47860,0,0,0,0,0,0,0,0,0,0,47860,47860,0,0,5283.75,5183.75,5283.75,5183.75,0,0,0,0,0,0,0,0,0,0,0
"03330973",1,"2015","2014",2,0.153,0.153,"2",0.15,0.15,"23","D",0.0425,0.0425,1,"D",1,"D",59429,"D",0,"D",0,"D",9242,"D",28750,"D",0,"D",0,"D",2200,"D",320,"D",0,"D",0,"D",7612,"D",8608,1846,8648.78,8566.28,1845.73,1845.73,9092.64,9092.64,93108.5,93108.5,59429.01,59429.01,0,0,0,0,0,0,0,0,93108.5,93108.5,0,0,8648.78,8566.28,8648.78,8566.28,0,0,0,0,0,0,0,0,0,0,0
"03330993",1,"2015","2014",0,0.038,0.038,"1",0.35,0.35,"28","D",0.0786,0.0786,0,"D",0,"D",321175,"D",0,"D",-12800,"D",0,"D",0,"D",0,"D",0,"D",3500,"D",135,"D",0,"D",0,"D",10960,"D",77243,19683,77450.25,77035.25,19710.94,19654.84,24912.65,25098.65,308375,308375,308375.01,308375.01,0,0,0,0,0,0,0,0,297415,297415,3351.44,3262.14,74098.81,73773.11,74098.81,73773.11,0,0,9177.5,9582.5,0,0,0,0,0,0,0
"03331043",1,"2015","2014",0,0.153,0.153,"2",0.25,0.25,"02","D",0,0,2,"D",2,"D",2000,"D",0,"D",48216,"D",96696,"D",22366,"D",0,"D",0,"D",7100,"D",550,"D",0,"D",0,"D",0,"D",27406,0,27518.28,27293.28,0,0,306,306,165923.1,165923.1,0,0,0,0,0,0,0,0,0,0,165923.1,165923.1,0,0,27518.28,27293.28,27518.28,27293.28,0,0,0,0,0,0,0,0,0,0,0
"03331053",1,"2015","2014",2,0,0,"3",-0.4,-0.4,"22","D",-0.06,-0.06,0,"D",0,"D",0,"D",0,"D",0,"D",0,"D",0,"D",0,"D",0,"D",0,"D",0,"D",0,"D",0,"D",150,"D",0,0,0,0,0,0,0,0,0,0,0.01,0.01,0,0,0,0,0,0,0,0,0,0,0,0,0,0,0,0,0,0,0,0,0,0,0,0,0,0,0
"03331063",1,"2015","2014",2,0.029,0.029,"2",0.254,0.325,"05","D",0.093,0.093,1,"D",0,"D",0,"D",228786,"D",0,"D",0,"D",0,"D",0,"D",43356,"D",0,"D",0,"D",0,"D",0,"D",0,"D",42708,14573,42836.95,42578.08,14670.17,14476.78,21142.79,21328.79,228786,228786,228786.01,228786.01,0,0,0,0,0,0,0,0,228786,228786,61.52,0,42775.43,42578.08,42775.43,42578.08,7984,8088,0,0,0,0,0,0,0,0,0
"03331093",1,"2015","2014",0,0.153,0.153,"2",0,0,"14","D",0,0,2,"D",2,"D",9000,"D",0,"D",0,"D",1100,"D",28560,"D",0,"D",0,"D",6400,"D",0,"D",0,"D",0,"D",0,"D",0,0,0,0,0,0,1377,1377,10100,10100,9000.01,9000.01,0,0,0,0,0,0,0,0,10100,10100,0,0,0,0,0,0,0,0,0,0,137.5,101.25,0,0,0,0,0
"03331123",1,"2015","2014",0,0.153,0.153,"1",0.25,0.25,"19","D",0.045,0.045,0,"D",0,"D",90000,"D",0,"D",0,"D",0,"D",0,"D",0,"D",0,"D",60,"D",0,"D",0,"D",0,"D",0,"D",15769,3124,15818.75,15718.75,3120.88,3126.88,13770,13770,90000,90000,90000.01,90000.01,0,0,0,0,0,0,0,0,90000,90000,0,0,15818.75,15718.75,15818.75,15718.75,0,0,0,0,0,0,0,0,0,0,0
"03331153",1,"2015","2014",2,0.153,0.153,"2",0.2362,0.2362,"31","D",0.0552,0.0552,0,"D",0,"D",35000,"D",65000,"D",0,"D",5500,"D",0,"D",0,"D",0,"D",5500,"D",165,"D",0,"D",2,"D",5120,"D",8735,2474,8822.81,8647.81,2473.75,2473.75,15300,15300,105500,105500,105500.01,105500.01,2000,2000,0,0,0,0,0,0,100380,100380,0,0,10822.81,10647.81,10822.81,10647.81,0,0,0,0,0,0,0,0,0,0,0
"03331173",1,"2015","2014",0,0,0,"2",0.15,0.15,"0","T",0,0,1,"D",1,"D",0,"D",0,"D",9025,"D",11424,"D",34942,"D",0,"D",0,"D",5400,"D",210,"D",0,"D",0,"D",5896,"D",173,0,190.9,155.9,0,0,0,0,23409,23409,0,0,0,0,0,0,0,0,0,0,23409,23409,0,0,190.9,155.9,190.9,155.9,0,0,0,0,0,0,0,0,0,0,0
"03331213",1,"2015","2014",0,0.153,0.153,"1",0.15,0.15,"39","D",0.0307,0.0307,0,"D",0,"D",48000,"D",0,"D",-2510,"D",0,"D",0,"D",0,"D",0,"D",1100,"D",6,"D",0,"D",0,"D",240,"D",4832,1397,4847.25,4817.25,1396.54,1396.54,7344,7344,45490,45490,45490.01,45490.01,0,0,0,0,0,0,0,0,45490,45490,0,0,4847.25,4817.25,4847.25,4817.25,0,0,0,0,0,0,0,0,0,0,0
"03331293",1,"2015","2014",2,0.0548,0.0548,"2",0.35,0.35,"10","D",0,0,0,"D",0,"D",46627,"D",297340,"D",0,"D",0,"D",0,"D",0,"D",0,"D",1200,"D",0,"D",0,"D",1,"D",1200,"D",82500,0,82795.45,82205.45,0,0,31110.49,31296.49,343967,343967,0,0,0,0,0,0,0,0,0,0,343967,343967,1064.53,1166.35,81730.92,81039.1,81730.92,81039.1,0,0,0,0,0,0,0,0,0,0,0
"03331303",1,"2015","2014",0,0.153,0.153,"1",0.1454,0.1454,"39","D",0.0307,0.0307,0,"D",0,"D",44000,"D",0,"D",3422,"D",0,"D",0,"D",0,"D",0,"D",5400,"D",0,"D",0,"D",0,"D",11136,"D",3361,1456,3368.27,3353.27,1455.86,1455.86,6732,6732,47422,47422,47422.01,47422.01,0,0,0,0,0,0,0,0,36286,36286,0,0,3368.27,3353.27,3368.27,3353.27,0,0,0,0,0,0,0,0,0,0,0
"03331303",2,"2015","2014",0,0.153,0.153,"2",0.25,0.25,"39","D",0.0307,0.0307,0,"D",0,"D",90000,"D",70000,"D",-3441,"D",0,"D",0,"D",0,"D",0,"D",0,"D",0,"D",0,"D",0,"D",0,"D",25677,4806,25777.25,25577.25,4806.36,4806.36,24480,24480,156559,156559,156559.01,156559.01,0,0,0,0,0,0,0,0,156559,156559,0,0,25777.25,25577.25,25777.25,25577.25,0,0,0,0,0,0,0,0,0,0,0
"03331303",3,"2015","2014",0,0.153,0.153,"1",0.15,0.15,"39","D",0.0307,0.0307,0,"D",0,"D",38000,"D",0,"D",0,"D",0,"D",0,"D",0,"D",0,"D",0,"D",0,"D",0,"D",0,"D",0,"D",3709,1167,3723.75,3693.75,1166.6,1166.6,5814,5814,38000,38000,38000.01,38000.01,0,0,0,0,0,0,0,0,38000,38000,0,0,3723.75,3693.75,3723.75,3693.75,0,0,0,0,0,0,0,0,0,0,0
"03331323",1,"2015","2014",1,0.153,0.153,"2",0.3,0.3,"06","D",0.0463,0.0463,0,"D",0,"D",68000,"D",50000,"D",10,"D",0,"D",0,"D",0,"D",0,"D",1700,"D",728,"D",300,"D",1,"D",0,"D",14387,4312,14493,14280.5,4341.09,4282.88,18054,18054,118010,118010,0,0,599.5,599.5,0,0,60,60,0,0,118010,118010,0,0,15152.5,14940,15152.5,14940,0,0,0,0,0,0,0,0,0,0,0
"03331373",1,"2015","2014",3,0.153,0.153,"2",-0.15,-0.15,"50","D",0.0703,0.0703,0,"D",0,"D",300,"D",17000,"D",0,"D",0,"D",0,"D",0,"D",9900,"D",0,"D",0,"D",0,"D",3,"D",0,"D",-8338,-2664,-8288,-8387,-2647.45,-2681.11,2646.9,2646.9,17300,17300,17300.01,17300.01,0,0,2145,2145,0,0,6143,6242,17300,17300,0,0,0,0,0,0,18158,18464.09,0,0,558.83,558.83,0,0,2088.62,2122.28,0
"03331383",1,"2015","2014",0,0.0303,0.0303,"2",0.2714,0.2714,"39","D",0.0307,0.0307,0,"D",0,"D",2433,"D",228786,"D",4000,"D",0,"D",0,"D",0,"D",0,"D",6400,"D",1577,"D",0,"D",0,"D",6156,"D",44805,7221,44917.14,44693.64,7221.22,7221.22,21515.04,21701.04,235219,235219,235219.01,235219.01,0,0,0,0,0,0,0,0,229063,229063,0,0,44917.14,44693.64,44917.14,44693.64,0,0,0,0,0,0,0,0,0,0,0
"03331453",1,"2015","2014",2,0.153,0.153,"2",0.15,0.15,"36","D",0.0346,0.037,0,"D",0,"D",85000,"D",0,"D",-4000,"D",0,"D",0,"D",0,"D",11692,"D",0,"D",90,"D",0,"D",2,"D",0,"D",4975,2124,5012.5,4937.5,2193.06,2054.84,13005,13005,81000,81000,81000.01,81000.01,2000,2000,0,0,0,0,0,0,81000,81000,0,0,7012.5,6937.5,7012.5,6937.5,0,0,0,0,0,0,0,0,0,0,0
"03331503",1,"2015","2014",0,0.153,0.153,"2",0.2305,0.2306,"33","D",0.078,0.0777,0,"D",0,"D",45000,"D",65000,"D",-266,"D",0,"D",0,"D",0,"D",0,"D",6000,"D",22,"D",0,"D",0,"D",6472,"D",12608,5460,12675.16,12540.05,5489.37,5429.8,16830,16830,109734,109734,109734.01,109734.01,0,0,0,0,0,0,0,0,103262,103262,0,0,12675.16,12540.05,12675.16,12540.05,15650,15850,12494,12494,0,0,0,0,0,0,0
"03331513",1,"2015","2014",0,0.153,0.153,"1",0.2356,0.2355,"34","D",0.0575,0.058,0,"D",0,"D",50000,"D",0,"D",40000,"D",0,"D",0,"D",0,"D",0,"D",1200,"D",70,"D",0,"D",0,"D",2400,"D",15223,4764,15255,15190.31,4785,4743.75,7650,7650,90000,90000,90000.01,90000.01,0,0,0,0,0,0,0,0,87600,87600,0,0,15255,15190.31,15255,15190.31,7500,7500,3600,3600,0,0,0,0,0,0,0
"03331523",1,"2015","2014",2,0,0,"3",-0.4,-0.4,"25","D",0,0,0,"D",0,"D",0,"D",0,"D",1039,"D",3944,"D",0,"D",0,"D",0,"D",1250,"D",153,"D",0,"D",0,"D",1240,"D",0,0,0,0,0,0,0,0,4983,4983,4983.01,4983.01,0,0,0,0,0,0,0,0,4983,4983,0,0,0,0,0,0,3400,3400,2643,2643,0,0,0,0,0,0,0
"03331543",1,"2015","2014",3,0.153,0.153,"2",0.25,0.25,"03","D",0.0407,0.0407,0,"D",0,"D",65000,"D",65000,"D",0,"D",0,"D",0,"D",0,"D",0,"D",800,"D",501,"D",0,"D",1,"D",6192,"D",16056,3307,16175,15937.5,3316.08,3297.64,19890,19890,130000,130000,130000.01,130000.01,0,0,0,0,0,0,0,0,130000,130000,0,0,16175,15937.5,16175,15937.5,10018,10182,10807.6,10789.5,0,0,0,0,0,0,0
"03331563",1,"2015","2014",0,0,0,"1",0,0,"36","D",0,0,1,"D",1,"D",0,"D",0,"D",0,"D",125,"D",10234,"D",0,"D",0,"D",1200,"D",70,"D",0,"D",0,"D",1200,"D",0,0,0,0,0,0,0,0,125,125,125.01,125.01,0,0,0,0,0,0,0,0,125,125,0,0,0,0,0,0,0,0,0,0,0,0,0,0,0,0,0
"03331583",1,"2015","2014",0,0.153,0.153,"1",0.25,0.25,"05","D",0.093,0.093,0,"D",0,"D",77000,"D",0,"D",0,"D",0,"D",0,"D",0,"D",19200,"D",0,"D",0,"D",0,"D",0,"D",0,"D",12519,4171,12568.75,12468.75,4190.54,4152.34,11781,11781,77000,77000,77000.01,77000.01,0,0,0,0,0,0,0,0,77000,77000,0,0,12568.75,12468.75,12568.75,12468.75,3992,4044,0,0,0,0,0,0,0,0,0
"03331603",1,"2015","2014",4,0.153,0.153,"3",0.15,0.15,"0","T",0,0,0,"D",0,"D",54675,"D",0,"D",0,"D",0,"D",0,"D",0,"D",4200,"D",0,"D",0,"D",0,"D",3,"D",0,"D",191,0,226.25,156.25,0,0,8365.27,8365.27,54675,54675,0,0,3000,3000,0,0,0,0,0,0,54675,54675,0,0,3226.25,3156.25,3226.25,3156.25,0,0,0,0,0,0,0,0,0,0,0
"03331613",1,"2015","2014",0,0.153,0.153,"1",0.28,0.28,"21","D",0.05,0.05,0,"D",0,"D",104000,"D",0,"D",0,"D",0,"D",0,"D",0,"D",18000,"D",0,"D",75,"D",0,"D",0,"D",0,"D",19381,4718,19453.75,19307.25,4717.5,4717.5,15912,15912,104000,104000,104000.01,104000.01,0,0,0,0,0,0,0,0,104000,104000,0,0,19453.75,19307.25,19453.75,19307.25,2000,2000,0,0,0,0,0,0,0,0,0
"03331613",2,"2015","2014",0,0,0,"1",-0.0765,-0.0765,"21","D",-0.0195,-0.0191,0,"D",0,"D",0,"D",0,"D",0,"D",0,"D",0,"D",0,"D",0,"D",0,"D",0,"D",0,"D",0,"D",0,"D",0,0,0,0,0,0,0,0,0,0,0.01,0.01,0,0,0,0,0,0,0,0,0,0,0,0,0,0,0,0,1500,1500,0,0,0,0,0,0,0,0,0
"03331643",1,"2015","2014",1,0.153,0.153,"2",0.15,0.15,"44","D",0,0,0,"D",0,"D",42216,"D",25831,"D",0,"D",0,"D",0,"D",0,"D",16800,"D",0,"D",0,"D",0,"D",1,"D",0,"D",4628,0,4662.05,4594.55,0,0,10411.19,10411.19,68047,68047,0,0,1000,1000,0,0,0,0,0,0,68047,68047,0,0,5662.05,5594.55,5662.05,5594.55,0,0,0,0,0,0,0,0,0,0,0
"03331663",1,"2015","2014",4,0.153,0.153,"3",-0.6,-0.6,"05","D",0,0,0,"D",0,"D",11597,"D",0,"D",0,"D",0,"D",0,"D",0,"D",6000,"D",0,"D",0,"D",1600,"D",2,"D",0,"D",-6508,0,-6508.2,-6508.2,0,0,1774.34,1774.34,11597,11597,11597.01,11597.01,0,0,1289.55,1289.55,0,0,5218.65,5218.65,11597,11597,0,0,0,0,0,0,7984,8088,0,0,0,0,0,0,0,0,0
"03331673",1,"2015","2014",3,0.0598,0.0598,"2",0.2309,0.2309,"24","D",0.0765,0.0765,0,"D",0,"D",130000,"D",43000,"D",1530,"D",0,"D",0,"D",0,"D",0,"D",5000,"D",120,"D",4000,"D",3,"D",13172,"D",22718,8893,22806.57,22628.63,8911.71,8873.49,24857,25043,174530,174530,174530.01,174530.01,0,0,0,0,800,800,0,0,161358,161358,0,0,23606.57,23428.63,23606.57,23428.63,0,0,27203.71,27165.49,0,0,0,0,0,0,0
"03331703",1,"2015","2014",0,0.153,0.153,"1",0.25,0.25,"44","D",0,0,0,"D",0,"D",52000,"D",0,"D",0,"D",0,"D",0,"D",0,"D",0,"D",400,"D",0,"D",0,"D",0,"D",0,"D",6269,0,6318.75,6218.75,0,0,7956,7956,52000,52000,0,0,0,0,0,0,0,0,0,0,52000,52000,0,0,6318.75,6218.75,6318.75,6218.75,0,0,0,0,0,0,0,0,0,0,0
"03331703",2,"2015","2014",0,0.153,0.153,"1",0.25,0.25,"44","D",0,0,1,"D",1,"D",54000,"D",0,"D",0,"D",0,"D",0,"D",0,"D",0,"D",0,"D",0,"D",0,"D",0,"D",0,"D",6381,0,6431.25,6331.25,0,0,8262,8262,54000,54000,0,0,0,0,0,0,0,0,0,0,54000,54000,0,0,6431.25,6331.25,6431.25,6331.25,0,0,0,0,0,0,0,0,0,0,0
"03331723",1,"2015","2014",0,0.153,0.153,"2",0.28,0.28,"36","D",0.0429,0.046,0,"D",0,"D",52192,"D",75719,"D",57451,"D",0,"D",0,"D",0,"D",0,"D",2900,"D",135,"D",0,"D",0,"D",80,"D",33325,6650,33464.36,33184.86,6865.85,6433.35,19570.38,19570.38,185362,185362,185362.01,185362.01,0,0,0,0,0,0,0,0,185362,185362,0,0,33464.36,33184.86,33464.36,33184.86,0,0,0,0,0,0,0,0,0,0,0
"03331733",1,"2015","2014",0,0.153,0.153,"2",0.1,0.1,"31","D",0.014,0.014,1,"D",1,"D",0,"D",25000,"D",0,"D",0,"D",5662,"D",0,"D",0,"D",4000,"D",0,"D",0,"D",0,"D",120,"D",333,252,350,315,252,252,3825,3825,25000,25000,25000.01,25000.01,0,0,0,0,0,0,0,0,25000,25000,0,0,350,315,350,315,0,0,0,0,0,0,0,0,0,0,0
"03331733",2,"2015","2014",0,0.153,0.153,"1",0.15,0.15,"31","D",0.0175,0.0175,0,"D",0,"D",30000,"D",0,"D",0,"D",0,"D",0,"D",0,"D",0,"D",0,"D",0,"D",0,"D",0,"D",0,"D",2509,438,2523.75,2493.75,437.5,437.5,4590,4590,30000,30000,30000.01,30000.01,0,0,0,0,0,0,0,0,30000,30000,0,0,2523.75,2493.75,2523.75,2493.75,0,0,0,0,0,0,0,0,0,0,0
"03331743",1,"2015","2014",0,0.153,0.153,"2",0.25,0.25,"03","D",0.0336,0.0336,0,"D",0,"D",75000,"D",35000,"D",-55,"D",0,"D",0,"D",0,"D",0,"D",1700,"D",1250,"D",0,"D",0,"D",1320,"D",14024,2913,14123.75,13923.75,2918.43,2908.06,16830,16830,109945,109945,109945.01,109945.01,0,0,0,0,0,0,0,0,109945,109945,0,0,14123.75,13923.75,14123.75,13923.75,10018,10182,7188.43,7178.06,0,0,0,0,0,0,0
"03331743",2,"2015","2014",0,0.153,0.153,"1",0.25,0.25,"03","D",0.0336,0.0424,0,"D",0,"D",57347,"D",0,"D",0,"D",0,"D",0,"D",0,"D",0,"D",0,"D",0,"D",0,"D",0,"D",0,"D",7606,1537,7655.5,7555.5,1541.09,1533.81,8774.09,8774.09,57347,57347,57347.01,57347.01,0,0,0,0,0,0,0,0,57347,57347,0,0,7655.5,7555.5,7655.5,7555.5,5009,5091,1541.09,1533.81,0,0,0,0,0,0,0
"03331743",3,"2015","2014",1,0,0,"3",-0.34,-0.34,"03","D",0,0,0,"D",0,"D",0,"D",0,"D",0,"D",0,"D",0,"D",0,"D",0,"D",0,"D",0,"D",0,"D",0,"D",0,"D",0,-50,0,0,-50,-50,0,0,0,0,0.01,0.01,0,0,0,0,0,0,0,0,0,0,0,0,0,0,0,0,10018,10182,0.05,0.05,0,0,0,0,0,0,0
"03331763",1,"2015","2014",1,0.153,0.153,"3",0.1463,0.1463,"31","D",0.0245,0.0245,0,"D",0,"D",65000,"D",0,"D",0,"D",0,"D",0,"D",0,"D",0,"D",6300,"D",0,"D",0,"D",0,"D",4092,"D",6203,957,6215.16,6190.16,956.9,956.9,9945,9945,65000,65000,65000.01,65000.01,0,0,0,0,0,0,0,0,60908,60908,0,0,6215.17,6190.17,6215.16,6190.16,0,0,0,0,0,0,0,0,0,0,0
"03331783",1,"2015","2014",0,0,0,"1",0,0,"23","D",0.035,0.035,1,"D",1,"D",0,"D",0,"D",0,"D",744,"D",16918,"D",0,"D",7608,"D",0,"D",230,"D",0,"D",0,"D",0,"D",0,-903,0,0,-903.39,-903.39,0,0,744,744,0.01,0.01,0,0,0,0,0,0,0,0,744,744,0,0,0,0,0,0,0,0,0,0,903.39,903.39,0,0,0,0,0
"03331793",1,"2015","2014",5,0.153,0.153,"2",0.3106,0.3106,"02","D",0,0,0,"D",0,"D",16680,"D",25000,"D",4129,"D",0,"D",0,"D",0,"D",15180,"D",0,"D",0,"D",0,"D",4,"D",0,"D",-4182,0,-4039.28,-4325.41,0,0,6377.04,6377.04,45809,45809,0,0,575.9,520.9,3424.1,3479.1,0,0,615.18,846.31,45809,45809,0,0,575.9,520.9,575.9,520.9,0,0,0,0,0,0,0,0,0,0,0
"03331803",1,"2015","2014",1,0.153,0.153,"2",0.15,0.15,"05","D",0.04,0.04,0,"D",0,"D",46742,"D",14538,"D",0,"D",0,"D",0,"D",0,"D",11700,"D",0,"D",0,"D",2000,"D",1,"D",0,"D",3213,390,3247,3179.5,400.97,379.25,9375.84,9375.84,61280,61280,61280.01,61280.01,1000,1000,0,0,400,400,0,0,61280,61280,0,0,4647,4579.5,4647,4579.5,7984,8088,0,0,0,0,172,172,0,0,0
"03331813",1,"2015","2014",2,0.153,0.153,"2",0.2324,0.2324,"24","D",0.0705,0.0705,0,"D",0,"D",75000,"D",60000,"D",3735,"D",0,"D",0,"D",0,"D",0,"D",4500,"D",0,"D",0,"D",1,"D",16840,"D",15446,6310,15530.54,15361.74,6322.84,6298.04,20655,20655,138735,138735,138735.01,138735.01,0,0,0,0,0,0,0,0,121895,121895,0,0,15530.54,15361.74,15530.54,15361.74,0,0,27662.85,27638.04,0,0,0,0,0,0,0
"03331823",1,"2015","2014",0,0.153,0.153,"1",0.2371,0.237,"22","D",0.0515,0.052,0,"D",0,"D",93519,"D",0,"D",8000,"D",0,"D",0,"D",0,"D",0,"D",6000,"D",120,"D",0,"D",0,"D",18588,"D",12803,4922,12834.95,12771.84,4946.19,4898.63,14308.41,14308.41,101519,101519,101519.01,101519.01,0,0,0,0,0,0,0,0,82931,82931,0,0,12834.95,12771.84,12834.95,12771.84,0,0,0,0,0,0,0,0,0,0,0
"03331883",1,"2015","2014",2,0,0,"3",-0.4,-0.4,"18","D",0,0,0,"D",0,"D",0,"D",0,"D",0,"D",12066,"D",0,"D",0,"D",0,"D",50,"D",569,"D",0,"D",0,"D",0,"D",0,0,0,0,0,0,0,0,12066,12066,0.01,0.01,0,0,0,0,0,0,0,0,12066,12066,0,0,0,0,0,0,2400,2440,619,619,0,0,0,0,0,0,0
"03331893",1,"2015","2014",0,0.153,0.153,"2",0.15,0.15,"33","D",0.0525,0.0525,1,"D",0,"D",42000,"D",0,"D",0,"D",0,"D",0,"D",0,"D",0,"D",7600,"D",1872,"D",0,"D",0,"D",1068,"D",2224,1121,2347.5,2100,1129.19,1112.69,6426,6426,42000,42000,42000.01,42000.01,0,0,0,0,0,0,0,0,42000,42000,0,0,2347.5,2100,2347.5,2100,15650,15850,0,0,0,0,0,0,0,0,0
"03331903",1,"2015","2014",1,0.153,0.153,"3",-0.49,-0.49,"01","D",0,0,0,"D",0,"D",8460,"D",0,"D",0,"D",0,"D",0,"D",0,"D",0,"D",0,"D",0,"D",0,"D",1,"D",1200,"D",-3695,0,-3695.4,-3695.4,0,0,1294.38,1294.38,8460,8460,8460.01,8460.01,0,0,819,819,0,0,2876.4,2876.4,8460,8460,0,0,0,0,0,0,4700,4700,1847.19,1847.19,0,0,0,0,0,0,0
"03331913",1,"2015","2014",0,0.153,0.153,"1",0.1706,0.1706,"22","D",0.059,0.0595,0,"D",0,"D",13802,"D",0,"D",0,"D",0,"D",0,"D",0,"D",0,"D",110,"D",0,"D",0,"D",0,"D",5772,"D",283,422,293.95,271.92,424.92,418.09,2111.71,2111.71,13802,13802,13802.01,13802.01,0,0,0,0,0,0,60.56,78.27,8030,8030,0,0,354.51,350.19,354.51,350.19,0,0,0,0,0,0,0,0,9.08,11.74,0
"03331923",1,"2015","2014",0,0.153,0.153,"1",0.1,0.1,"37","D",0.0525,0.0525,0,"D",0,"D",18647,"D",0,"D",0,"D",0,"D",0,"D",0,"D",5280,"D",0,"D",0,"D",0,"D",0,"D",0,"D",842,348,849.7,834.7,350.72,345.47,2852.99,2852.99,18647,18647,18647.01,18647.01,0,0,0,0,0,0,0,0,18647,18647,0,0,849.7,834.7,849.7,834.7,6200,6300,0,0,0,0,0,0,0,0,0
"03331933",1,"2015","2014",1,0.153,0.153,"3",0.15,0.15,"23","D",0.0635,0.0635,0,"D",0,"D",45862,"D",0,"D",0,"D",0,"D",0,"D",0,"D",11400,"D",0,"D",2901,"D",0,"D",0,"D",0,"D",3658,1204,3681.8,3634.3,1204.26,1204.26,7016.89,7016.89,45862,45862,45862.01,45862.01,0,0,0,0,0,0,0,0,45862,45862,0,0,3681.8,3634.3,3681.8,3634.3,0,0,0,0,404.88,404.88,0,0,0,0,0
"03331943",1,"2015","2014",4,0.153,0.153,"2",0.3106,0.3106,"0","T",0,0,0,"D",0,"D",0,"D",48000,"D",2000,"D",0,"D",0,"D",0,"D",0,"D",500,"D",150,"D",0,"D",1,"D",3172,"D",-237,0,-121.56,-352.69,0,0,7344,7344,50000,50000,0,0,1000,1000,0,0,0,0,511.56,692.69,50000,50000,0,0,1390,1340,1390,1340,0,0,0,0,0,0,0,0,0,0,0
"03331943",2,"2015","2014",4,0,0,"3",-0.45,-0.45,"0","T",0,0,0,"D",0,"D",0,"D",0,"D",0,"D",0,"D",0,"D",0,"D",0,"D",0,"D",0,"D",0,"D",1,"D",0,"D",0,0,0,0,0,0,0,0,0,0,0,0,0,0,0,0,0,0,0,0,0,0,0,0,0,0,0,0,0,0,0,0,0,0,0,0,0,0,0
"03331943",3,"2015","2014",4,0,0,"3",-0.45,-0.45,"0","T",0,0,0,"D",0,"D",0,"D",0,"D",0,"D",0,"D",0,"D",0,"D",0,"D",0,"D",0,"D",0,"D",1,"D",0,"D",0,0,0,0,0,0,0,0,0,0,0,0,0,0,0,0,0,0,0,0,0,0,0,0,0,0,0,0,0,0,0,0,0,0,0,0,0,0,0
"03331953",1,"2015","2014",2,0.153,0.153,"2",0.15,0.15,"12","D",0.0733,0.0733,0,"D",0,"D",0,"D",97301,"D",3554,"D",0,"D",0,"D",0,"D",28800,"D",0,"D",859,"D",0,"D",2,"D",80,"D",7953,5910,7990.75,7915.75,5909.51,5909.51,14887.05,14887.05,100855,100855,100855.01,100855.01,2000,2000,0,0,0,0,0,0,100855,100855,0,0,9990.75,9915.75,9990.75,9915.75,4400,4400,6832.03,6832.03,0,0,0,0,0,0,0
"03331963",1,"2015","2014",0,0,0,"1",-0.0765,-0.0765,"05","D",0,0,0,"D",0,"D",0,"D",0,"D",0,"D",0,"D",0,"D",0,"D",0,"D",0,"D",0,"D",0,"D",0,"D",0,"D",0,0,0,0,0,0,0,0,0,0,0.01,0.01,0,0,0,0,0,0,0,0,0,0,0,0,0,0,0,0,3992,4044,0,0,0,0,0,0,0,0,0
"03332033",1,"2015","2014",0,0.153,0.153,"1",0.15,0.15,"31","D",0.0175,0.0175,0,"D",0,"D",24611,"D",0,"D",0,"D",0,"D",0,"D",0,"D",12000,"D",0,"D",0,"D",0,"D",0,"D",0,"D",1700,193,1715.4,1685.4,193.19,193.19,3765.48,3765.48,24611,24611,24611.01,24611.01,0,0,0,0,0,0,0,0,24611,24611,0,0,1715.4,1685.4,1715.4,1685.4,0,0,0,0,0,0,0,0,0,0,0
"03332033",2,"2015","2014",0,0.153,0.153,"1",0.15,0.15,"31","D",0.0175,0.0175,0,"D",0,"D",24000,"D",0,"D",0,"D",0,"D",0,"D",0,"D",0,"D",0,"D",0,"D",0,"D",0,"D",0,"D",1609,333,1623.75,1593.75,332.5,332.5,3672,3672,24000,24000,24000.01,24000.01,0,0,0,0,0,0,0,0,24000,24000,0,0,1623.75,1593.75,1623.75,1593.75,0,0,0,0,0,0,0,0,0,0,0
"03332043",1,"2015","2014",0,0.153,0.153,"1",0.1413,0.1413,"18","D",0.058,0.058,0,"D",0,"D",49000,"D",0,"D",1,"D",0,"D",0,"D",0,"D",0,"D",1500,"D",0,"D",0,"D",0,"D",6640,"D",4749,2176,4756.51,4741.51,2175.94,2175.94,7497,7497,49001,49001,49001.01,49001.01,0,0,0,0,0,0,0,0,42361,42361,0,0,4756.51,4741.51,4756.51,4741.51,2400,2440,8140,8140,0,0,0,0,0,0,0
"03332063",1,"2015","2014",0,0.153,0.153,"2",0.15,0.15,"0","T",0,0,0,"D",0,"D",45000,"D",33225,"D",0,"D",0,"D",0,"D",0,"D",0,"D",480,"D",1200,"D",0,"D",0,"D",2248,"D",7751,0,7781.25,7721.25,0,0,11968.42,11968.42,78225,78225,0,0,0,0,0,0,0,0,0,0,78225,78225,0,0,7781.25,7721.25,7781.25,7721.25,0,0,0,0,0,0,0,0,0,0,0
"03332073",1,"2015","2014",2,0.153,0.153,"2",0.2898,0.2898,"03","D",0.0407,0.0407,0,"D",0,"D",69267,"D",69496,"D",0,"D",0,"D",0,"D",0,"D",0,"D",1400,"D",775,"D",0,"D",2,"D",15624,"D",16521,3338,16606.45,16436.05,3347.06,3328.64,21230.74,21230.74,138763,138763,138763.01,138763.01,561.85,561.85,0,0,0,0,0,0,123139,123139,0,0,17168.3,16997.9,17168.3,16997.9,10018,10182,21139.79,21121.41,0,0,0,0,0,0,0
"03332093",1,"2015","2014",0,0,0,"1",0,0,"14","D",0,0,1,"D",1,"D",0,"D",0,"D",0,"D",527,"D",14350,"D",0,"D",8400,"D",0,"D",0,"D",0,"D",0,"D",0,"D",0,0,0,0,0,0,0,0,527,527,0.01,0.01,0,0,0,0,0,0,0,0,527,527,0,0,0,0,0,0,0,0,0,0,0,0,0,0,0,0,0
"03332143",1,"2015","2014",0,0,0,"1",0,0,"06","D",0,0,1,"D",1,"D",0,"D",0,"D",5000,"D",0,"D",0,"D",0,"D",10200,"D",0,"D",4,"D",0,"D",0,"D",60,"D",0,-7,0,0,0,-13,0,0,5000,5000,0,0,0,0,0,0,0,0,0,0,5000,5000,0,0,0,0,0,0,0,0,0,0,0,0,0,0,0,0,0
"03332173",1,"2015","2014",1,0.153,0.153,"2",0.2393,0.2393,"19","D",0.0431,0.0431,0,"D",0,"D",72000,"D",72000,"D",0,"D",0,"D",0,"D",0,"D",0,"D",2100,"D",0,"D",0,"D",1,"D",13960,"D",19585,4286,19666.28,19502.89,4283.93,4287.52,22032,22032,144000,144000,144000.01,144000.01,0,0,0,0,0,0,0,0,130040,130040,0,0,19666.28,19502.89,19666.28,19502.89,0,0,0,0,0,0,0,0,0,0,0
"03332263",1,"2015","2014",0,0.153,0.153,"1",0.1765,0.1765,"18","D",0.0058,0.0058,0,"D",0,"D",12000,"D",0,"D",0,"D",0,"D",0,"D",0,"D",0,"D",200,"D",0,"D",0,"D",0,"D",260,"D",-30,36,-13.41,-46.12,36.28,36.05,1836,1836,12000,12000,12000.01,12000.01,0,0,0,0,0,0,198.41,216.12,12000,12000,0,0,185,170,185,170,2400,2440,460,460,0,0,0,0,0,0,0
"03332273",1,"2015","2014",0,0,0,"1",-0.0765,-0.0765,"50","D",0,0,0,"D",0,"D",0,"D",0,"D",0,"D",0,"D",0,"D",0,"D",2964,"D",0,"D",0,"D",0,"D",0,"D",6,"D",0,-593,0,0,-592.8,-592.8,0,0,0,0,0.01,0.01,0,0,0,0,0,0,0,0,0,0,0,0,0,0,0,0,10080,10249.92,6,6,592.8,592.8,0,0,0,0,0
"03332283",1,"2015","2014",2,0.153,0.153,"3",0.3106,0.3106,"36","D",0.0124,0.0132,0,"D",0,"D",27000,"D",0,"D",0,"D",0,"D",0,"D",0,"D",0,"D",1200,"D",0,"D",0,"D",1,"D",0,"D",-4016,124,-3923.8,-4109.19,129.42,119.39,4131,4131,27000,27000,27000.01,27000.01,605,575,395,425,0,0,3528.8,3684.19,27000,27000,0,0,605,575,605,575,0,0,0,0,0,0,0,0,129.42,119.39,0
"03332323",1,"2015","2014",0,0.153,0.153,"1",0.1455,0.1452,"36","D",0.0297,0.0317,0,"D",0,"D",39000,"D",0,"D",-390,"D",0,"D",0,"D",0,"D",0,"D",2300,"D",0,"D",0,"D",0,"D",4660,"D",3574,798,3577.71,3570.5,823.57,771.65,5967,5967,38610,38610,38610.01,38610.01,0,0,0,0,0,0,0,0,33950,33950,0,0,3577.71,3570.5,3577.71,3570.5,0,0,0,0,0,0,0,0,0,0,0
"03332323",2,"2015","2014",0,0.153,0.153,"1",0.15,0.15,"36","D",0.0297,0.0317,0,"D",0,"D",25000,"D",0,"D",0,"D",0,"D",0,"D",0,"D",0,"D",0,"D",0,"D",0,"D",0,"D",0,"D",1759,360,1773.75,1743.75,372.27,347.57,3825,3825,25000,25000,25000.01,25000.01,0,0,0,0,0,0,0,0,25000,25000,0,0,1773.75,1743.75,1773.75,1743.75,0,0,0,0,0,0,0,0,0,0,0
"03332333",1,"2015","2014",0,0,0,"1",0,0,"01","D",0,0,1,"D",1,"D",0,"D",0,"D",0,"D",0,"D",27862,"D",0,"D",0,"D",400,"D",65,"D",0,"D",0,"D",2400,"D",0,0,0,0,0,0,0,0,0,0,0.01,0.01,0,0,0,0,0,0,0,0,0,0,0,0,0,0,0,0,2500,2500,2865,2865,0,0,0,0,0,0,0
"03332343",1,"2015","2014",0,0.153,0.153,"1",0.15,0.15,"41","D",0.05,0.05,0,"D",0,"D",20800,"D",0,"D",0,"D",0,"D",0,"D",0,"D",2400,"D",0,"D",0,"D",0,"D",0,"D",0,"D",1129,298,1143.75,1113.75,302.1,294.6,3182.4,3182.4,20800,20800,10650.01,10500.01,0,0,0,0,0,0,0,0,20800,20800,0,0,1143.75,1113.75,1143.75,1113.75,0,0,0,0,0,0,0,0,0,0,0
"03332353",1,"2015","2014",0,0.153,0.153,"2",0.15,0.15,"07","D",0.085,0.085,0,"D",0,"D",20000,"D",29000,"D",758,"D",0,"D",0,"D",0,"D",0,"D",5800,"D",1704,"D",0,"D",0,"D",3976,"D",3481,529,3511.2,3451.2,529.43,529.43,7497,7497,49758,49758,49758.01,49758.01,0,0,0,0,0,0,0,0,49758,49758,0,0,3511.2,3451.2,3511.2,3451.2,0,0,0,0,0,0,0,0,0,0,0
"03332363",1,"2015","2014",0,0.053,0.053,"2",0.2699,0.2699,"01","D",0.036,0.036,0,"D",0,"D",228786,"D",31587,"D",-976,"D",0,"D",0,"D",0,"D",0,"D",1100,"D",60,"D",0,"D",0,"D",18880,"D",49510,8691,49622.73,49397.65,8688.37,8693.88,26068.96,26254.96,259397,259397,259397.01,259397.01,0,0,0,0,0,0,0,0,240517,240517,0,0,49622.73,49397.65,49622.73,49397.65,4000,4000,31406.91,31521.66,0,0,0,0,0,0,0
"03332373",1,"2015","2014",2,0,0,"3",-0.4,-0.4,"39","D",0,0,0,"D",0,"D",0,"D",0,"D",0,"D",0,"D",0,"D",0,"D",0,"D",0,"D",0,"D",0,"D",2,"D",0,"D",0,0,0,0,0,0,0,0,0,0,0.01,0.01,0,0,0,0,0,0,0,0,0,0,0,0,0,0,0,0,0,0,0,0,0,0,0,0,0,0,0
"03332383",1,"2015","2014",3,0.153,0.153,"2",0.15,0.15,"0","T",0,0,0,"D",0,"D",80000,"D",400,"D",0,"D",0,"D",0,"D",0,"D",0,"D",1700,"D",495,"D",0,"D",2,"D",7488,"D",4289,0,4330,4247.5,0,0,12301.2,12301.2,80400,80400,0,0,2000,2000,0,0,0,0,0,0,80400,80400,0,0,6330,6247.5,6330,6247.5,0,0,0,0,0,0,0,0,0,0,0
"03332423",1,"2015","2014",1,0.0524,0.0524,"2",0.35,0.35,"05","D",0.093,0.0986,0,"D",0,"D",30000,"D",228786,"D",96025,"D",0,"D",0,"D",0,"D",6800,"D",7000,"D",3255,"D",0,"D",0,"D",560,"D",89749,26439,90043.8,89453.8,26489.29,26389.5,25811.87,25997.87,354811,354811,354811.01,354811.01,0,0,0,0,0,0,0,0,354251,354251,7574.28,7558.3,78820.57,78246.55,78820.57,78246.55,7984,8088,10695.9,10815,0,0,0,0,0,0,0
"03332433",1,"2015","2014",1,0.153,0.153,"3",0.1405,0.1405,"23","D",0.0635,0.0635,0,"D",0,"D",45000,"D",0,"D",3550,"D",0,"D",0,"D",0,"D",0,"D",1850,"D",320,"D",0,"D",0,"D",11060,"D",3219,1558,3231.74,3206.74,1558.4,1558.4,6885,6885,48550,48550,48550.01,48550.01,0,0,0,0,0,0,0,0,37490,37490,0,0,3231.74,3206.74,3231.74,3206.74,0,0,0,0,164.98,164.98,0,0,0,0,0
"03332443",1,"2015","2014",3,0.153,0.153,"2",0.15,0.15,"19","D",0.034,0.034,0,"D",0,"D",57809,"D",16862,"D",0,"D",0,"D",0,"D",0,"D",0,"D",100,"D",195,"D",0,"D",3,"D",4288,"D",2429,2123,2470.65,2388.15,2148.01,2097.31,11424.66,11424.66,74671,74671,74671.01,74671.01,3000,3000,0,0,0,0,0,0,74671,74671,0,0,5470.65,5388.15,5470.65,5388.15,0,0,0,0,0,0,0,0,0,0,0
"03332453",1,"2015","2014",0,0.153,0.153,"2",0.1,0.1,"45","D",0.063,0.063,0,"D",0,"D",18000,"D",13000,"D",40,"D",0,"D",0,"D",0,"D",0,"D",1500,"D",0,"D",0,"D",0,"D",10532,"D",1059,492,1074,1044,502.68,480.6,4743,4743,31040,31040,31040.01,31040.01,0,0,0,0,0,0,0,0,31040,31040,0,0,1074,1044,1074,1044,0,0,0,0,0,0,0,0,0,0,0
"03332453",2,"2015","2014",0,0.153,0.153,"1",0.1765,0.1765,"45","D",0.05,0.05,0,"D",0,"D",13000,"D",0,"D",0,"D",0,"D",0,"D",0,"D",0,"D",0,"D",0,"D",0,"D",0,"D",0,"D",147,96,163.09,130.38,100.25,92,1989,1989,13000,13000,13000.01,13000.01,0,0,0,0,0,0,121.91,139.62,13000,13000,0,0,285,270,285,270,0,0,0,0,0,0,0,0,0,0,0
"03332463",1,"2015","2014",1,0.153,0.153,"2",0.2267,0.2267,"05","D",0.093,0.093,0,"D",0,"D",69339,"D",59912,"D",0,"D",28000,"D",0,"D",0,"D",0,"D",9000,"D",500,"D",0,"D",1,"D",12404,"D",20750,7020,20822.79,20677.97,7055.85,6985.14,19775.4,19775.4,157251,157251,157251.01,157251.01,0,0,0,0,0,0,0,0,144847,144847,0,0,20822.79,20677.97,20822.79,20677.97,7984,8088,21904,21904,0,0,0,0,0,0,0
"03332483",1,"2015","2014",2,0.153,0.153,"3",0,0,"48","D",0,0,0,"D",0,"D",14617,"D",0,"D",0,"D",0,"D",0,"D",0,"D",0,"D",1100,"D",0,"D",0,"D",0,"D",4516,"D",-5504,0,-5460,-5548,0,0,2236.4,2236.4,14617,14617,0,0,0,0,0,0,0,0,5460,5548,14617,14617,0,0,0,0,0,0,0,0,0,0,0,0,0,0,0,0,0
"03332513",1,"2015","2014",0,0.153,0.153,"1",0.25,0.25,"22","D",0.0515,0.052,0,"D",0,"D",70000,"D",0,"D",0,"D",0,"D",0,"D",0,"D",21420,"D",0,"D",5,"D",0,"D",0,"D",0,"D",10769,3136,10818.75,10718.75,3151.2,3120.9,10710,10710,70000,70000,70000.01,70000.01,0,0,0,0,0,0,0,0,70000,70000,0,0,10818.75,10718.75,10818.75,10718.75,0,0,0,0,0,0,0,0,0,0,0
"03332523",1,"2015","2014",0,0.153,0.153,"1",0.15,0.15,"07","D",0.0375,0.0375,0,"D",0,"D",25000,"D",0,"D",0,"D",0,"D",0,"D",0,"D",10800,"D",0,"D",351,"D",0,"D",0,"D",0,"D",1759,244,1773.75,1743.75,243.75,243.75,3825,3825,25000,25000,25000.01,25000.01,0,0,0,0,0,0,0,0,25000,25000,0,0,1773.75,1743.75,1773.75,1743.75,0,0,0,0,0,0,0,0,0,0,0
"03332523",2,"2015","2014",0,0.153,0.153,"1",0.15,0.15,"07","D",0.045,0.045,0,"D",0,"D",44351,"D",0,"D",0,"D",0,"D",0,"D",0,"D",0,"D",0,"D",0,"D",0,"D",0,"D",0,"D",4661,1816,4676.4,4646.4,1815.8,1815.8,6785.7,6785.7,44351,44351,44351.01,44351.01,0,0,0,0,0,0,0,0,44351,44351,0,0,4676.4,4646.4,4676.4,4646.4,0,0,0,0,0,0,0,0,0,0,0
"03332533",1,"2015","2014",1,0.0411,0.0411,"2",0.2267,0.2267,"05","D",0.093,0.093,0,"D",0,"D",14000,"D",130000,"D",20178,"D",0,"D",0,"D",0,"D",0,"D",1900,"D",1337,"D",0,"D",1,"D",19320,"D",22173,7604,22245.42,22100.59,7639.34,7568.62,20420,20606,164178,164178,164178.01,164178.01,0,0,0,0,0,0,0,0,144858,144858,0,0,22245.42,22100.59,22245.42,22100.59,7984,8088,22557,22557,0,0,0,0,0,0,0
"03332543",1,"2015","2014",2,0,0,"3",-0.4,-0.4,"43","D",0,0,0,"D",0,"D",0,"D",0,"D",0,"D",0,"D",0,"D",0,"D",0,"D",300,"D",0,"D",0,"D",0,"D",12,"D",0,0,0,0,0,0,0,0,0,0,0,0,0,0,0,0,0,0,0,0,0,0,0,0,0,0,0,0,0,0,0,0,0,0,0,0,0,0,0
"03332553",1,"2015","2014",0,0.153,0.153,"1",0.15,0.15,"44","D",0,0,0,"D",0,"D",28000,"D",0,"D",0,"D",0,"D",0,"D",0,"D",0,"D",0,"D",0,"D",0,"D",0,"D",0,"D",2209,0,2223.75,2193.75,0,0,4284,4284,28000,28000,0,0,0,0,0,0,0,0,0,0,28000,28000,0,0,2223.75,2193.75,2223.75,2193.75,0,0,0,0,0,0,0,0,0,0,0
"03332563",1,"2015","2014",0,0.153,0.153,"1",0.15,0.15,"07","D",0.045,0.045,0,"D",0,"D",36000,"D",0,"D",9504,"D",0,"D",0,"D",0,"D",6900,"D",0,"D",30,"D",0,"D",0,"D",0,"D",4834,1868,4849.35,4819.35,1867.68,1867.68,5508,5508,45504,45504,45504.01,45504.01,0,0,0,0,0,0,0,0,45504,45504,0,0,4849.35,4819.35,4849.35,4819.35,0,0,0,0,0,0,0,0,0,0,0
"03332573",1,"2015","2014",1,0.153,0.153,"3",0.3098,0.3098,"44","D",0,0,0,"D",0,"D",31000,"D",0,"D",0,"D",0,"D",0,"D",0,"D",0,"D",1300,"D",0,"D",0,"D",0,"D",0,"D",176,0,252.07,99.43,0,0,4743,4743,31000,31000,0,0,0,0,0,0,0,0,1200.43,1305.57,31000,31000,0,0,1452.5,1405,1452.5,1405,0,0,0,0,0,0,0,0,0,0,0
"03332593",1,"2015","2014",0,0.153,0.153,"1",0.25,0.25,"33","D",0.0645,0.0645,0,"D",0,"D",81809,"D",0,"D",0,"D",0,"D",0,"D",0,"D",11628,"D",0,"D",0,"D",0,"D",0,"D",0,"D",13721,4438,13771,13671,4444.69,4430.48,12516.78,12516.78,81809,81809,81809.01,81809.01,0,0,0,0,0,0,0,0,81809,81809,0,0,13771,13671,13771,13671,7800,7900,0,0,0,0,0,0,0,0,0
"03332603",1,"2015","2014",2,0.153,0.153,"3",0.3606,0.3606,"36","D",0.0508,0.0528,0,"D",0,"D",43288,"D",0,"D",0,"D",0,"D",0,"D",0,"D",0,"D",1500,"D",180,"D",0,"D",0,"D",2880,"D",2499,812,2604.66,2394.26,846.29,776.78,6623.06,6623.06,43288,43288,43288.01,43288.01,0,0,0,0,0,0,98.54,253.94,43288,43288,0,0,2703.2,2648.2,2703.2,2648.2,0,0,0,0,0,0,0,0,9.85,25.39,0
"03332613",1,"2015","2014",2,0.153,0.153,"2",0.1429,0.1429,"21","D",0.0475,0.0475,0,"D",0,"D",65000,"D",11500,"D",0,"D",0,"D",0,"D",0,"D",0,"D",1100,"D",0,"D",0,"D",2,"D",14880,"D",3454,2157,3476.92,3431.92,2157.2,2157.2,11704.5,11704.5,76500,76500,75300.01,75300.01,2000,2000,0,0,0,0,0,0,61620,61620,0,0,5476.92,5431.92,5476.92,5431.92,4000,4000,15980,15980,0,0,0,0,0,0,0
"03332623",1,"2015","2014",0,0.153,0.153,"1",0.1,0.1,"39","D",0.0307,0.0307,0,"D",0,"D",17000,"D",0,"D",0,"D",0,"D",0,"D",0,"D",0,"D",1500,"D",0,"D",0,"D",0,"D",0,"D",678,522,685,670,521.9,521.9,2601,2601,17000,17000,17000.01,17000.01,0,0,0,0,0,0,0,0,17000,17000,0,0,685,670,685,670,0,0,0,0,0,0,0,0,0,0,0
"03332623",2,"2015","2014",0,0.153,0.153,"1",0.15,0.15,"39","D",0.0307,0.0307,0,"D",0,"D",24072,"D",0,"D",0,"D",0,"D",0,"D",0,"D",0,"D",0,"D",0,"D",0,"D",0,"D",0,"D",1620,739,1634.55,1604.55,739.01,739.01,3683.02,3683.02,24072,24072,24072.01,24072.01,0,0,0,0,0,0,0,0,24072,24072,0,0,1634.55,1604.55,1634.55,1604.55,0,0,0,0,0,0,0,0,0,0,0
"03332653",1,"2015","2014",3,0,0,"3",0,0,"01","D",0,0,0,"D",0,"D",0,"D",0,"D",3767,"D",0,"D",0,"D",0,"D",0,"D",3030,"D",377,"D",0,"D",0,"D",3743,"D",0,0,0,0,0,0,0,0,3767,3767,3767.01,3767.01,0,0,0,0,0,0,0,0,3767,3767,0,0,0,0,0,0,4700,4700,7150,7150,0,0,0,0,0,0,0
"03332663",1,"2015","2014",3,0.153,0.153,"2",0.1403,0.1403,"50","D",0.0647,0.0647,0,"D",0,"D",1500,"D",90000,"D",-300,"D",0,"D",0,"D",0,"D",0,"D",4000,"D",381,"D",600,"D",3,"D",12668,"D",3502,4029,3527.41,3476.62,4034.96,4023.52,13999.5,13999.5,91200,91200,90600.01,90600.01,3000,3000,0,0,120,120,0,0,78532,78532,0,0,6647.41,6596.62,6647.41,6596.62,4345.07,4720.33,12668,12668,0,0,0,0,0,0,0
"03332673",1,"2015","2014",0,0.153,0.153,"1",0.1765,0.1765,"43","D",0,0,0,"D",0,"D",10874,"D",0,"D",53,"D",0,"D",0,"D",0,"D",0,"D",1000,"D",335,"D",0,"D",0,"D",0,"D",-219,0,-202.8,-235.51,0,0,1663.72,1663.72,10927,10927,0,0,0,0,0,0,0,0,280.5,298.21,10927,10927,0,0,77.7,62.7,77.7,62.7,0,0,0,0,0,0,0,0,0,0,0
"03332673",2,"2015","2014",0,0.153,0.153,"1",0.25,0.25,"43","D",0,0,0,"D",0,"D",57933,"D",0,"D",0,"D",0,"D",0,"D",0,"D",0,"D",0,"D",0,"D",0,"D",0,"D",0,"D",7752,0,7802,7702,0,0,8863.75,8863.75,57933,57933,0,0,0,0,0,0,0,0,0,0,57933,57933,0,0,7802,7702,7802,7702,0,0,0,0,0,0,0,0,0,0,0
"03332683",1,"2015","2014",1,0.153,0.153,"3",-0.34,-0.34,"05","D",0,0,0,"D",0,"D",8000,"D",0,"D",200,"D",0,"D",20400,"D",0,"D",0,"D",2600,"D",1589,"D",0,"D",0,"D",380,"D",-2720,0,-2720,-2720,0,0,1224,1224,8200,8200,8200.01,8200.01,0,0,0,0,0,0,2720,2720,8200,8200,0,0,0,0,0,0,7984,8088,4569,4569,0,0,0,0,0,0,0
"03332693",1,"2015","2014",0,0.153,0.153,"2",0.15,0.15,"28","D",0.0501,0.0501,0,"D",0,"D",12000,"D",48000,"D",4200,"D",0,"D",0,"D",0,"D",0,"D",1500,"D",1724,"D",0,"D",0,"D",5352,"D",5648,1724,5677.5,5617.5,1736.18,1712.51,9180,9180,64200,64200,64200.01,64200.01,0,0,0,0,0,0,0,0,64200,64200,0,0,5677.5,5617.5,5677.5,5617.5,12400,12600,0,0,0,0,0,0,0,0,0
"03332713",1,"2015","2014",0,0.153,0.153,"1",0.1488,0.1488,"05","D",0.02,0.02,1,"D",1,"D",29446,"D",0,"D",7000,"D",0,"D",13306,"D",0,"D",0,"D",6200,"D",0,"D",0,"D",0,"D",15260,"D",2785,5,2792.24,2777.24,6.23,3.23,4505.24,4505.24,47756.1,47756.1,36446.01,36446.01,0,0,0,0,0,0,0,0,32496.1,32496.1,0,0,2792.24,2777.24,2792.24,2777.24,3992,4044,21460,21460,0,0,0,0,0,0,0
"03332723",1,"2015","2014",0,0,0,"1",-0.0765,-0.0765,"0","T",0,0,0,"D",0,"D",0,"D",0,"D",0,"D",0,"D",9502,"D",0,"D",4800,"D",0,"D",0,"D",0,"D",0,"D",0,"D",0,0,0,0,0,0,0,0,0,0,0,0,0,0,0,0,0,0,0,0,0,0,0,0,0,0,0,0,0,0,0,0,0,0,0,0,0,0,0
"03332733",1,"2015","2014",0,0.153,0.153,"2",0.15,0.15,"39","D",0.0307,0.0307,0,"D",0,"D",1040,"D",61743,"D",10176,"D",0,"D",16284,"D",0,"D",0,"D",2200,"D",1005,"D",0,"D",0,"D",6732,"D",9038,2240,9067.56,9007.56,2239.84,2239.84,9605.8,9605.8,86800.4,86800.4,72959.01,72959.01,0,0,0,0,0,0,0,0,86800.4,86800.4,0,0,9067.56,9007.56,9067.56,9007.56,0,0,0,0,0,0,0,0,0,0,0
"03332743",1,"2015","2014",2,0,0,"3",-0.4,-0.4,"11","D",0,0,0,"D",0,"D",0,"D",0,"D",0,"D",1300,"D",0,"D",0,"D",11400,"D",0,"D",2,"D",0,"D",0,"D",0,"D",0,0,0,0,0,0,0,0,1300,1300,1300.01,1300.01,0,0,0,0,0,0,0,0,1300,1300,0,0,0,0,0,0,2300,2300,0,0,0,0,0,0,0,0,0
"03332804",1,"2015","2014",3,0.153,0.153,"2",0.1489,0.1489,"44","D",0,0,0,"D",0,"D",0,"D",90000,"D",-6279,"D",0,"D",0,"D",0,"D",0,"D",6200,"D",175,"D",0,"D",3,"D",12800,"D",2614,0,2640.54,2588.04,0,0,13770,13770,83721,83721,0,0,3000,3000,0,0,0,0,0,0,70921,70921,0,0,5640.54,5588.04,5640.54,5588.04,0,0,0,0,0,0,0,0,0,0,0
"03332833",1,"2015","2014",3,0.029,0.029,"2",0.2405,0.2405,"01","D",0.038,0.038,0,"D",0,"D",160351,"D",0,"D",120,"D",0,"D",0,"D",0,"D",0,"D",0,"D",1252,"D",0,"D",0,"D",6000,"D",23547,5758,23640.88,23452.46,5756.38,5760.06,19158.18,19344.18,160471,160471,160471.01,160471.01,0,0,0,0,0,0,0,0,154471,154471,0,0,23640.88,23452.46,23640.88,23452.46,4000,4000,16202.5,16317.25,0,0,0,0,0,0,0
"03332853",1,"2015","2014",0,0.153,0.153,"2",0.25,0.25,"26","D",0.06,0.06,0,"D",0,"D",67000,"D",60000,"D",-10759,"D",0,"D",0,"D",0,"D",0,"D",1500,"D",0,"D",0,"D",0,"D",1252,"D",15598,4922,15697.75,15497.75,4928.46,4916.46,19431,19431,116241,116241,116241.01,116241.01,0,0,0,0,0,0,0,0,116241,116241,0,0,15697.75,15497.75,15697.75,15497.75,12400,12600,0,0,0,0,0,0,0,0,0
"03332873",1,"2015","2014",1,0.153,0.153,"2",0.15,0.15,"47","D",0.0575,0.0575,0,"D",0,"D",0,"D",49000,"D",0,"D",0,"D",0,"D",0,"D",0,"D",1800,"D",1755,"D",0,"D",0,"D",0,"D",2771,2055,2805,2737.5,2054.58,2054.58,7497,7497,49000,49000,49000.01,49000.01,0,0,0,0,0,0,0,0,49000,49000,0,0,2805,2737.5,2805,2737.5,6000,6000,0,0,0,0,0,0,0,0,0
"03332893",1,"2015","2014",0,0,0,"1",0,0,"44","D",0,0,1,"D",1,"D",0,"D",0,"D",0,"D",0,"D",15874,"D",0,"D",0,"D",4000,"D",15,"D",0,"D",0,"D",240,"D",0,0,0,0,0,0,0,0,0,0,0,0,0,0,0,0,0,0,0,0,0,0,0,0,0,0,0,0,0,0,0,0,0,0,0,0,0,0,0
"03332903",1,"2015","2014",0,0.153,0.153,"2",0.15,0.15,"10","D",0,0,0,"D",0,"D",50000,"D",15000,"D",0,"D",0,"D",0,"D",0,"D",9900,"D",0,"D",0,"D",0,"D",0,"D",0,"D",5768,0,5797.5,5737.5,0,0,9945,9945,65000,65000,0,0,0,0,0,0,0,0,0,0,65000,65000,0,0,5797.5,5737.5,5797.5,5737.5,0,0,0,0,0,0,0,0,0,0,0
"03332923",1,"2015","2014",3,0.029,0.029,"2",0.325,0.325,"21","D",0.055,0.055,0,"D",0,"D",228786,"D",0,"D",2000,"D",0,"D",0,"D",0,"D",0,"D",11000,"D",100,"D",0,"D",3,"D",31788,"D",32909,9289,33155.85,32661.85,9289.39,9289.39,21142.79,21328.79,230786,230786,229786.01,229786.01,0,0,0,0,0,0,0,0,198998,198998,1428.44,1199.94,31727.41,31461.91,31727.41,31461.91,4000,4000,42888,42888,0,0,0,0,0,0,0
"03332933",1,"2015","2014",0,0,0,"1",0,-0.0765,"18","D",0,0,1,"D",0,"D",0,"D",0,"D",0,"D",0,"D",10210,"D",0,"D",0,"D",0,"D",0,"D",0,"D",0,"D",0,"D",0,0,0,0,0,0,0,0,0,0,0.01,0.01,0,0,0,0,0,0,0,0,0,0,0,0,0,0,0,0,2400,2440,0,0,0,0,0,0,0,0,0
"03332943",1,"2015","2014",2,0.153,0.153,"2",0.2106,0.2106,"05","D",0,0,0,"D",0,"D",0,"D",24000,"D",0,"D",0,"D",0,"D",0,"D",0,"D",5000,"D",240,"D",0,"D",1,"D",1520,"D",-6389,0,-6304.16,-6474.29,0,0,3672,3672,24000,24000,24000.01,24000.01,0,0,1000,1000,0,0,5304.16,5474.29,24000,24000,0,0,0,0,0,0,7984,8088,6760,6760,0,0,0,0,0,0,0
"03332993",1,"2015","2014",2,0,0,"3",-0.4,-0.4,"0","T",0,0,0,"D",0,"D",0,"D",0,"D",0,"D",0,"D",0,"D",0,"D",0,"D",7000,"D",0,"D",0,"D",0,"D",2273,"D",0,0,0,0,0,0,0,0,0,0,0,0,0,0,0,0,0,0,0,0,0,0,0,0,0,0,0,0,0,0,0,0,0,0,0,0,0,0,0
"03333003",1,"2015","2014",2,0.153,0.153,"2",0.2768,0.2768,"05","D",0.093,0.093,0,"D",0,"D",107000,"D",26000,"D",-5599,"D",0,"D",0,"D",0,"D",0,"D",3500,"D",545,"D",0,"D",2,"D",15708,"D",12430,4109,12507.84,12351.52,4146.85,4072.13,20349,20349,127401,127401,127401.01,127401.01,1129.95,1129.95,0,0,0,0,0,0,111693,111693,0,0,13637.79,13481.47,13637.79,13481.47,7984,8088,19753,19753,0,0,0,0,0,0,0
"03333024",1,"2015","2014",0,0.153,0.153,"1",0.15,0.15,"33","D",0.0645,0.0645,0,"D",0,"D",45000,"D",0,"D",0,"D",0,"D",0,"D",0,"D",12864,"D",0,"D",0,"D",0,"D",0,"D",0,"D",4759,2063,4773.75,4743.75,2070.51,2056.3,6885,6885,45000,45000,45000.01,45000.01,0,0,0,0,0,0,0,0,45000,45000,0,0,4773.75,4743.75,4773.75,4743.75,7800,7900,0,0,0,0,0,0,0,0,0
"03333024",2,"2015","2014",0,0.153,0.153,"1",0.1,0.1,"33","D",0.0454,0.0454,0,"D",0,"D",17000,"D",0,"D",0,"D",0,"D",0,"D",0,"D",0,"D",0,"D",0,"D",0,"D",0,"D",0,"D",678,324,685,670,326.35,320.87,2601,2601,17000,17000,17000.01,17000.01,0,0,0,0,0,0,0,0,17000,17000,0,0,685,670,685,670,7800,7900,0,0,0,0,0,0,0,0,0
"03333053",1,"2015","2014",0,0.153,0.153,"2",0.15,0.15,"0","T",0,0,0,"D",0,"D",25000,"D",65000,"D",30,"D",0,"D",0,"D",0,"D",0,"D",360,"D",867,"D",0,"D",0,"D",60,"D",9522,0,9552,9492,0,0,13770,13770,90030,90030,0,0,0,0,0,0,0,0,0,0,90030,90030,0,0,9552,9492,9552,9492,0,0,0,0,0,0,0,0,0,0,0
"03333083",1,"2015","2014",0,0.0495,0.0495,"2",0.25,0.25,"05","D",0.093,0.093,0,"D",0,"D",119832,"D",23799,"D",0,"D",0,"D",0,"D",0,"D",43356,"D",0,"D",100,"D",0,"D",0,"D",0,"D",22445,7379,22545.25,22345.25,7416.75,7340.37,21624.37,21810.37,143631,143631,143631.01,143631.01,0,0,0,0,0,0,0,0,143631,143631,0,0,22545.25,22345.25,22545.25,22345.25,7984,8088,100,100,0,0,0,0,0,0,0
"03333083",2,"2015","2014",0,0.153,0.153,"1",0.15,0.15,"05","D",0.04,0.04,0,"D",0,"D",24226,"D",0,"D",0,"D",0,"D",0,"D",0,"D",0,"D",0,"D",0,"D",0,"D",0,"D",0,"D",1643,252,1657.65,1627.65,256.42,247.57,3706.58,3706.58,24226,24226,24226.01,24226.01,0,0,0,0,0,0,0,0,24226,24226,0,0,1657.65,1627.65,1657.65,1627.65,3992,4044,0,0,0,0,0,0,0,0,0
"03333103",1,"2015","2014",0,0.0499,0.0499,"2",0.25,0.25,"02","D",0,0,0,"D",0,"D",123204,"D",25012,"D",0,"D",0,"D",0,"D",0,"D",0,"D",10600,"D",8844,"D",0,"D",0,"D",8844,"D",19644,0,19719.25,19569.25,0,0,21907.75,22093.75,148216,148216,0,0,0,0,0,0,0,0,0,0,139372,139372,0,0,19719.25,19569.25,19719.25,19569.25,0,0,0,0,0,0,0,0,0,0,0
"03333143",1,"2015","2014",1,0.153,0.153,"3",-0.34,-0.34,"34","D",0,0,0,"D",0,"D",5000,"D",0,"D",0,"D",0,"D",0,"D",0,"D",0,"D",1100,"D",0,"D",0,"D",0,"D",1644,"D",-1700,0,-1700,-1700,0,0,765,765,5000,5000,5000.01,5000.01,0,0,0,0,0,0,1700,1700,5000,5000,0,0,0,0,0,0,12000,12000,2744,2744,0,0,0,0,0,0,0
"03333163",1,"2015","2014",0,0.153,0.153,"2",0.15,0.15,"10","D",0,0,0,"D",0,"D",50000,"D",40000,"D",0,"D",0,"D",0,"D",0,"D",0,"D",2300,"D",0,"D",0,"D",0,"D",7284,"D",9518,0,9547.5,9487.5,0,0,13770,13770,90000,90000,0,0,0,0,0,0,0,0,0,0,90000,90000,0,0,9547.5,9487.5,9547.5,9487.5,0,0,0,0,0,0,0,0,0,0,0
"03333163",2,"2015","2014",0,0.153,0.153,"1",0.15,0.15,"10","D",0,0,0,"D",0,"D",30000,"D",0,"D",0,"D",0,"D",0,"D",0,"D",0,"D",0,"D",0,"D",0,"D",0,"D",0,"D",2509,0,2523.75,2493.75,0,0,4590,4590,30000,30000,0,0,0,0,0,0,0,0,0,0,30000,30000,0,0,2523.75,2493.75,2523.75,2493.75,0,0,0,0,0,0,0,0,0,0,0
"03333183",1,"2015","2014",2,0.153,0.153,"2",0,0,"14","D",0.0375,0.05,0,"D",0,"D",20000,"D",0,"D",0,"D",0,"D",0,"D",0,"D",21252,"D",0,"D",10,"D",0,"D",2,"D",0,"D",-7504,-49,-7460,-7548,29,-127.3,3060,3060,20000,20000,20000.01,20000.01,0,0,2000,2000,0,0,5460,5548,20000,20000,0,0,0,0,0,0,0,0,0,0,0,0,0,0,546,554.8,0
"03333213",1,"2015","2014",2,0,0,"3",-0.4,-0.4,"01","D",0,0,0,"D",0,"D",0,"D",0,"D",0,"D",917,"D",13030,"D",0,"D",0,"D",160,"D",141,"D",0,"D",0,"D",1424,"D",0,0,0,0,0,0,0,0,917,917,917.01,917.01,0,0,0,0,0,0,0,0,917,917,0,0,0,0,0,0,4700,4700,1725,1725,0,0,0,0,0,0,0
"03333243",1,"2015","2014",3,0.0508,0.0508,"2",0.25,0.28,"18","D",0.0596,0.0596,0,"D",0,"D",150000,"D",32000,"D",585,"D",0,"D",0,"D",0,"D",19200,"D",0,"D",1620,"D",0,"D",2,"D",0,"D",29226,10037,29368.8,29083.75,10039.32,10034.6,23754,23940,182585,182585,182585.01,182585.01,0,0,0,0,0,0,0,0,182585,182585,0,0,29368.8,29083.75,29368.8,29083.75,2400,2440,1620,1620,0,0,0,0,0,0,0
"03333243",2,"2015","2014",3,0,0,"3",-0.45,-0.45,"18","D",0,0,0,"D",0,"D",0,"D",0,"D",0,"D",0,"D",0,"D",0,"D",0,"D",0,"D",0,"D",0,"D",2,"D",0,"D",0,0,0,0,0,0,0,0,0,0,0.01,0.01,0,0,0,0,0,0,0,0,0,0,0,0,0,0,0,0,2400,2440,0,0,0,0,0,0,0,0,0
"03333273",1,"2015","2014",0,0.038,0.038,"1",0.35,0.35,"38","D",0.099,0.099,0,"D",0,"D",228786,"D",0,"D",1000,"D",0,"D",0,"D",0,"D",0,"D",0,"D",700,"D",0,"D",0,"D",0,"D",53611,20546,53818.1,53403.1,20554.72,20537.91,21401.87,21587.87,229786,229786,229786.01,229786.01,0,0,0,0,0,0,0,0,229786,229786,2410.03,2257.98,51370.07,51107.12,51370.07,51107.12,2115.6,2144.96,700,700,0,0,0,0,0,0,0
"03333273",2,"2015","2014",0,0.153,0.153,"1",0.25,0.25,"38","D",0.09,0.09,0,"D",0,"D",72000,"D",0,"D",0,"D",0,"D",0,"D",0,"D",0,"D",0,"D",0,"D",0,"D",0,"D",0,"D",11269,5287,11318.75,11218.75,5296.1,5277.45,11016,11016,72000,72000,72000.01,72000.01,0,0,0,0,0,0,0,0,72000,72000,0,0,11318.75,11218.75,11318.75,11218.75,2115.6,2144.96,0,0,0,0,0,0,0,0,0
"03333293",1,"2015","2014",2,0,0,"3",-0.4,-0.4,"44","D",0,0,0,"D",0,"D",0,"D",0,"D",0,"D",0,"D",0,"D",0,"D",0,"D",4800,"D",0,"D",0,"D",0,"D",200,"D",0,0,0,0,0,0,0,0,0,0,0,0,0,0,0,0,0,0,0,0,0,0,0,0,0,0,0,0,0,0,0,0,0,0,0,0,0,0,0
"03333313",1,"2015","2014",3,0.153,0.153,"3",0.3606,0.15,"07","D",0.1479,0.09,0,"D",0,"D",45000,"D",0,"D",2260,"D",0,"D",0,"D",0,"D",0,"D",6300,"D",600,"D",0,"D",0,"D",200,"D",2620,1085,2706.5,2532.57,1100.4,1069.76,6885,6885,47260,47260,47260.01,47260.01,0,0,0,0,0,0,0,111.43,47260,47260,0,0,2706.5,2644,2706.5,2644,0,0,0,0,0,0,0,0,0,30.64,0
"03333323",1,"2015","2014",0,0.153,0.153,"2",0.15,0.15,"47","D",0.0549,0.0549,0,"D",0,"D",25903,"D",14000,"D",0,"D",0,"D",0,"D",0,"D",0,"D",500,"D",52,"D",0,"D",0,"D",540,"D",2003,1357,2032.95,1972.95,1356.95,1356.95,6105.16,6105.16,39903,39903,39903.01,39903.01,0,0,0,0,0,0,0,0,39903,39903,0,0,2032.95,1972.95,2032.95,1972.95,6000,6000,0,0,0,0,0,0,0,0,0
"03333333",1,"2015","2014",3,0.153,0.153,"2",0.0943,0.0942,"34","D",0.0575,0.058,0,"D",0,"D",35849,"D",29476,"D",0,"D",0,"D",0,"D",0,"D",0,"D",600,"D",0,"D",0,"D",1,"D",26988,"D",534,2518,545.81,523.08,2528.85,2506.19,9994.72,9994.72,65325,65325,65325.01,65325.01,1000,1000,0,0,0,0,0,0,38337,38337,0,0,1545.82,1523.08,1545.81,1523.08,15000,15000,20000,20000,0,0,0,0,0,0,0
"03333373",1,"2015","2014",0,0.153,0.153,"1",0.15,0.15,"47","D",0.0575,0.0575,0,"D",0,"D",33655,"D",0,"D",0,"D",0,"D",0,"D",0,"D",0,"D",500,"D",22,"D",0,"D",0,"D",0,"D",3057,1452,3072,3042,1451.69,1451.69,5149.21,5149.21,33655,33655,33655.01,33655.01,0,0,0,0,0,0,0,0,33655,33655,0,0,3072,3042,3072,3042,3000,3000,0,0,0,0,0,0,0,0,0
"03333373",2,"2015","2014",1,0,0,"3",-0.34,-0.34,"47","D",0,0,0,"D",0,"D",0,"D",0,"D",0,"D",0,"D",0,"D",0,"D",0,"D",0,"D",0,"D",0,"D",0,"D",0,"D",0,0,0,0,0,0,0,0,0,0,0.01,0.01,0,0,0,0,0,0,0,0,0,0,0,0,0,0,0,0,0,0,0,0,0,0,0,0,0,0,0
"03333383",1,"2015","2014",0,0.153,0.153,"2",0.25,0.25,"39","D",0.0307,0.0307,1,"D",1,"D",28939,"D",0,"D",67951,"D",0,"D",22006,"D",0,"D",0,"D",2500,"D",566,"D",0,"D",0,"D",360,"D",15130,2975,15236.28,15023.78,2974.52,2974.52,4427.67,4427.67,115595.1,115595.1,96890.01,96890.01,0,0,0,0,0,0,0,0,115595.1,115595.1,0,0,15236.28,15023.78,15236.28,15023.78,0,0,0,0,0,0,0,0,0,0,0
"03333453",1,"2015","2014",2,0.153,0.153,"2",0.1444,0.1425,"14","D",0.0375,0.05,0,"D",0,"D",0,"D",103784,"D",-12987,"D",0,"D",0,"D",0,"D",0,"D",15200,"D",800,"D",0,"D",2,"D",24116,"D",1876,2839,1821.42,1931.29,3354.85,2322.39,15878.95,15878.95,90797,90797,90797.01,90797.01,2000,2000,0,0,0,0,0,0,66681,66681,0,0,3821.42,3931.29,3821.42,3931.29,0,0,0,0,760,760,0,0,0,0,0
"03333473",1,"2015","2014",0,0.153,0.153,"2",0.15,0.15,"07","D",0.09,0.09,0,"D",0,"D",21000,"D",31200,"D",0,"D",0,"D",0,"D",0,"D",10428,"D",0,"D",507,"D",0,"D",0,"D",0,"D",3848,1098,3877.5,3817.5,1098,1098,7986.6,7986.6,52200,52200,52200.01,52200.01,0,0,0,0,0,0,0,0,52200,52200,0,0,3877.5,3817.5,3877.5,3817.5,0,0,0,0,0,0,0,0,0,0,0
"03333493",1,"2015","2014",2,0,0,"3",-0.4,-0.4,"39","D",0,0,0,"D",0,"D",0,"D",0,"D",2,"D",144,"D",0,"D",0,"D",0,"D",1300,"D",15,"D",0,"D",0,"D",5,"D",0,0,0,0,0,0,0,0,146,146,146.01,146.01,0,0,0,0,0,0,0,0,146,146,0,0,0,0,0,0,0,0,0,0,0,0,0,0,0,0,0
"03333503",1,"2015","2014",0,0.153,0.153,"1",0.15,0.15,"19","D",0.034,0.034,0,"D",0,"D",22000,"D",0,"D",0,"D",0,"D",0,"D",0,"D",0,"D",0,"D",40,"D",0,"D",0,"D",2476,"D",1309,498,1323.75,1293.75,497.05,498.25,3366,3366,22000,22000,22000.01,22000.01,0,0,0,0,0,0,0,0,22000,22000,0,0,1323.75,1293.75,1323.75,1293.75,0,0,0,0,0,0,0,0,0,0,0
"03333503",2,"2015","2014",0,0.153,0.153,"1",0.1,0.1,"19","D",0.036,0.036,0,"D",0,"D",15000,"D",0,"D",0,"D",0,"D",0,"D",0,"D",0,"D",0,"D",0,"D",0,"D",0,"D",0,"D",478,251,485,470,250.6,251.2,2295,2295,15000,15000,15000.01,15000.01,0,0,0,0,0,0,0,0,15000,15000,0,0,485,470,485,470,0,0,0,0,0,0,0,0,0,0,0
"03333543",1,"2015","2014",0,0.153,0.153,"1",-0.0765,-0.0765,"28","D",-0.0077,-0.0077,0,"D",0,"D",6000,"D",0,"D",0,"D",0,"D",0,"D",0,"D",0,"D",2400,"D",477,"D",0,"D",0,"D",0,"D",-459,-46,-459,-459,-45.9,-45.9,918,918,6000,6000,6000.01,6000.01,0,0,0,0,0,0,459,459,6000,6000,0,0,0,0,0,0,6200,6300,0,0,0,0,0,0,45.9,45.9,0
"03333563",1,"2015","2014",2,0,0,"3",-0.4,-0.4,"05","D",0,0,0,"D",0,"D",0,"D",0,"D",0,"D",0,"D",0,"D",0,"D",14400,"D",0,"D",0,"D",0,"D",0,"D",3400,"D",0,0,0,0,0,0,0,0,0,0,0.01,0.01,0,0,0,0,0,0,0,0,0,0,0,0,0,0,0,0,7984,8088,3400,3400,0,0,0,0,0,0,0
"03333583",1,"2015","2014",1,0.153,0.153,"2",0.15,0.15,"31","D",0.0245,0.0245,0,"D",0,"D",50000,"D",20000,"D",-400,"D",0,"D",0,"D",0,"D",14400,"D",0,"D",0,"D",0,"D",0,"D",0,"D",5861,1059,5895,5827.5,1059.25,1059.25,10710,10710,69600,69600,70000.01,70000.01,0,0,0,0,0,0,0,0,69600,69600,0,0,5895,5827.5,5895,5827.5,0,0,0,0,0,0,0,0,0,0,0
"03333603",1,"2015","2014",0,0.153,0.153,"1",0.2384,0.2384,"06","D",0.0463,0.0463,0,"D",0,"D",84000,"D",0,"D",0,"D",0,"D",0,"D",0,"D",0,"D",1700,"D",50,"D",0,"D",0,"D",8824,"D",12386,3205,12421.07,12351.89,3216.74,3193.42,12852,12852,84000,84000,0,0,0,0,0,0,0,0,0,0,75176,75176,0,0,12421.07,12351.89,12421.07,12351.89,0,0,0,0,0,0,0,0,0,0,0
"03333603",2,"2015","2014",0,0.153,0.153,"1",0.15,0.15,"06","D",0.0463,0.0463,0,"D",0,"D",40000,"D",0,"D",-900,"D",0,"D",0,"D",0,"D",0,"D",0,"D",0,"D",0,"D",0,"D",0,"D",3874,1328,3888.75,3858.75,1340.39,1315.44,6120,6120,39100,39100,0,0,0,0,0,0,0,0,0,0,39100,39100,0,0,3888.75,3858.75,3888.75,3858.75,0,0,0,0,0,0,0,0,0,0,0
"03333613",1,"2015","2014",0,0.153,0.153,"2",0.2775,0.2775,"10","D",0,0,1,"D",1,"D",0,"D",38000,"D",0,"D",0,"D",24312,"D",0,"D",0,"D",1400,"D",0,"D",0,"D",0,"D",4192,"D",3219,0,3252.39,3184.89,0,0,5814,5814,49232.6,49232.6,0,0,0,0,0,0,0,0,0,0,49232.6,49232.6,0,0,3252.39,3184.89,3252.39,3184.89,0,0,0,0,0,0,0,0,0,0,0
"03333623",1,"2015","2014",0,0.153,0.153,"2",0.25,0.25,"39","D",0.0307,0.0307,0,"D",0,"D",62658,"D",61519,"D",0,"D",0,"D",0,"D",0,"D",16608,"D",0,"D",100,"D",0,"D",0,"D",2400,"D",17582,3812,17681.75,17481.75,3812.23,3812.23,18999.08,18999.08,124177,124177,124177.01,124177.01,0,0,0,0,0,0,0,0,124177,124177,0,0,17681.75,17481.75,17681.75,17481.75,0,0,0,0,0,0,0,0,0,0,0
"03333653",1,"2015","2014",0,0.153,0.153,"1",0.15,0.15,"45","D",0.063,0.063,0,"D",0,"D",30000,"D",0,"D",-62,"D",0,"D",0,"D",0,"D",5400,"D",0,"D",299,"D",0,"D",0,"D",0,"D",2499,1154,2514.45,2484.45,1159.67,1148.63,4590,4590,29938,29938,29938.01,29938.01,0,0,0,0,0,0,0,0,29938,29938,0,0,2514.45,2484.45,2514.45,2484.45,0,0,0,0,0,0,0,0,0,0,0
"03333663",1,"2015","2014",0,0.153,0.153,"1",0.15,0.25,"05","D",0.08,0.08,0,"D",0,"D",49000,"D",0,"D",-1441,"D",0,"D",0,"D",0,"D",13500,"D",0,"D",0,"D",0,"D",0,"D",0,"D",5168,1533,5208.5,5127.6,1547.47,1518.54,7497,7497,47559,47559,47559.01,47559.01,0,0,0,0,0,0,0,0,47559,47559,0,0,5208.5,5127.6,5208.5,5127.6,3992,4044,0,0,0,0,0,0,0,0,0
"03333683",1,"2015","2014",0,0.153,0.153,"1",0.149,0.149,"23","D",0.0425,0.0425,0,"D",0,"D",34540,"D",0,"D",0,"D",0,"D",0,"D",0,"D",0,"D",7000,"D",0,"D",0,"D",0,"D",0,"D",3014,98,3021.17,3006.17,97.95,97.95,5284.62,5284.62,34540,34540,34540.01,34540.01,0,0,0,0,0,0,0,0,34540,34540,0,0,3021.17,3006.17,3021.17,3006.17,0,0,0,0,1200,1200,0,0,0,0,0
"03333723",1,"2015","2014",3,0.153,0.153,"2",0.3106,0.3106,"44","D",0,0,0,"D",0,"D",25000,"D",15000,"D",0,"D",0,"D",0,"D",0,"D",0,"D",1500,"D",0,"D",0,"D",3,"D",0,"D",-4946,0,-4832.56,-5058.69,0,0,6120,6120,40000,40000,0,0,785,740,2215,2260,0,0,2617.56,2798.69,40000,40000,0,0,785,740,785,740,0,0,0,0,0,0,0,0,0,0,0
"03333754",1,"2015","2014",1,0.153,0.153,"3",0.2598,0.2598,"36","D",0,0,0,"D",0,"D",23000,"D",0,"D",0,"D",0,"D",0,"D",0,"D",4980,"D",0,"D",0,"D",0,"D",1,"D",0,"D",-2944,0,-2878.83,-3008.97,0,0,3519,3519,23000,23000,23000.01,23000.01,600,575,400,425,0,0,2478.83,2583.97,23000,23000,0,0,600,575,600,575,0,0,0,0,0,0,0,0,247.88,258.4,0
"03333773",1,"2015","2014",0,0.0739,0.0739,"2",0.2343,0.2343,"50","D",0.0627,0.0627,0,"D",0,"D",68000,"D",120000,"D",-7835,"D",0,"D",0,"D",0,"D",0,"D",5800,"D",87,"D",0,"D",0,"D",11972,"D",27880,9434,27954.66,27806.33,9437.34,9430.67,28392,28578,180165,180165,180165.01,180165.01,0,0,0,0,0,0,0,0,168193,168193,0,0,27954.66,27806.33,27954.66,27806.33,0,0,11972,11972,0,0,0,0,0,0,0
"03333783",1,"2015","2014",0,0.153,0.153,"2",0.1444,0.1425,"14","D",0.0375,0.05,0,"D",0,"D",34964,"D",45181,"D",0,"D",0,"D",0,"D",0,"D",0,"D",3500,"D",30,"D",0,"D",0,"D",8236,"D",7678,3144,7621.39,7733.97,3619.75,2669.19,12262.18,12262.18,80145,80145,80145.01,80145.01,0,0,0,0,0,0,0,0,71909,71909,0,0,7621.39,7733.97,7621.39,7733.97,0,0,0,0,175,175,0,0,0,0,0
"03333793",1,"2015","2014",1,0.038,0.038,"2",0.4066,0.4066,"44","D",0,0,0,"D",0,"D",293110,"D",228786,"D",0,"D",0,"D",0,"D",0,"D",0,"D",6700,"D",1270,"D",0,"D",1,"D",13252,"D",145984,0,146431.79,145537.17,0,0,46598.05,46970.05,521896,521896,0,0,0,0,0,0,0,0,0,0,508644,508644,0,0,146431.79,145537.17,146431.79,145537.17,0,0,0,0,0,0,0,0,0,0,0
"03333803",1,"2015","2014",0,0.153,0.153,"2",0.15,0.15,"12","D",0.0733,0.0733,0,"D",0,"D",54437,"D",38125,"D",0,"D",0,"D",0,"D",0,"D",24000,"D",0,"D",0,"D",0,"D",0,"D",0,"D",9902,5538,9931.8,9871.8,5537.95,5537.95,14161.99,14161.99,92562,92562,92562.01,92562.01,0,0,0,0,0,0,0,0,92562,92562,0,0,9931.8,9871.8,9931.8,9871.8,4400,4400,5530.29,5530.29,0,0,0,0,0,0,0
"03333833",1,"2015","2014",0,0,0,"1",-0.0765,-0.0765,"14","D",-0.0077,-0.0077,0,"D",0,"D",0,"D",0,"D",0,"D",0,"D",0,"D",0,"D",2100,"D",0,"D",0,"D",0,"D",0,"D",0,"D",0,0,0,0,0,0,0,0,0,0,0.01,0.01,0,0,0,0,0,0,0,0,0,0,0,0,0,0,0,0,0,0,0,0,0,0,0,0,0,0,0
"03333873",1,"2015","2014",0,0,0,"1",0,0,"24","D",0,0,0,"D",0,"D",0,"D",0,"D",8500,"D",0,"D",7152,"D",0,"D",43356,"D",0,"D",247,"D",0,"D",0,"D",980,"D",0,-1665,0,0,-1659,-1670,0,0,8500,8500,8500.01,8500.01,0,0,0,0,0,0,0,0,8500,8500,0,0,0,0,0,0,6200,6300,0,0,1659,1670,0,0,0,0,0
"03333883",1,"2015","2014",2,0.153,0.153,"2",0.2985,0.2985,"44","D",0,0,0,"D",0,"D",74000,"D",60000,"D",0,"D",0,"D",0,"D",0,"D",0,"D",4000,"D",0,"D",0,"D",2,"D",9084,"D",16756,0,16843.78,16668.78,0,0,20502,20502,134000,134000,0,0,800,800,0,0,0,0,0,0,124916,124916,0,0,17643.78,17468.78,17643.78,17468.78,0,0,0,0,0,0,0,0,0,0,0
"03333893",1,"2015","2014",0,0,0,"1",0,0,"44","D",0,0,1,"D",1,"D",0,"D",0,"D",0,"D",0,"D",19618,"D",0,"D",0,"D",150,"D",27,"D",0,"D",0,"D",0,"D",0,0,0,0,0,0,0,0,0,0,0,0,0,0,0,0,0,0,0,0,0,0,0,0,0,0,0,0,0,0,0,0,0,0,0,0,0,0,0
"03333953",1,"2015","2014",0,0.153,0.153,"2",0.25,0.25,"43","D",0,0,0,"D",0,"D",40000,"D",57442,"D",0,"D",0,"D",0,"D",0,"D",0,"D",900,"D",825,"D",0,"D",0,"D",5352,"D",10898,0,10998,10798,0,0,14908.63,14908.63,97442,97442,0,0,0,0,0,0,0,0,0,0,97442,97442,0,0,10998,10798,10998,10798,0,0,0,0,0,0,0,0,0,0,0
"03333973",1,"2015","2014",3,0.153,0.153,"3",-0.15,-0.15,"0","T",0,0,0,"D",0,"D",17172,"D",0,"D",0,"D",0,"D",0,"D",0,"D",10200,"D",0,"D",0,"D",0,"D",3,"D",0,"D",-8318,0,-8268.8,-8367.8,0,0,2627.32,2627.32,17172,17172,0,0,0,0,2125.8,2125.8,0,0,6143,6242,17172,17172,0,0,0,0,0,0,0,0,0,0,0,0,0,0,0,0,0
"03333973",2,"2015","2014",0,0.153,0.153,"1",0.1,0.1,"0","T",0,0,0,"D",0,"D",17671,"D",0,"D",0,"D",0,"D",0,"D",0,"D",0,"D",0,"D",0,"D",0,"D",0,"D",0,"D",745,0,752.1,737.1,0,0,2703.66,2703.66,17671,17671,0,0,0,0,0,0,0,0,0,0,17671,17671,0,0,752.1,737.1,752.1,737.1,0,0,0,0,0,0,0,0,0,0,0
"03333993",1,"2015","2014",1,0,0,"3",-0.34,-0.34,"41","D",0,0,0,"D",0,"D",0,"D",0,"D",0,"D",0,"D",0,"D",0,"D",0,"D",60,"D",0,"D",0,"D",0,"D",0,"D",0,0,0,0,0,0,0,0,0,0,0,0,0,0,0,0,0,0,0,0,0,0,0,0,0,0,0,0,0,0,0,0,0,0,0,0,0,0,0
"03334023",1,"2015","2014",0,0.153,0.153,"2",0.1,0.1,"39","D",0.0307,0.0307,0,"D",0,"D",16305,"D",16254,"D",0,"D",0,"D",0,"D",0,"D",7920,"D",0,"D",300,"D",0,"D",0,"D",0,"D",1211,1000,1225.9,1195.9,999.56,999.56,4981.53,4981.53,32559,32559,32559.01,32559.01,0,0,0,0,0,0,0,0,32559,32559,0,0,1225.9,1195.9,1225.9,1195.9,0,0,0,0,0,0,0,0,0,0,0
"03334033",1,"2015","2014",0,0.153,0.153,"2",0.15,0.15,"44","D",0,0,0,"D",0,"D",75000,"D",18241,"D",0,"D",0,"D",0,"D",0,"D",0,"D",2300,"D",355,"D",0,"D",0,"D",3988,"D",10004,0,10033.65,9973.65,0,0,14265.87,14265.87,93241,93241,0,0,0,0,0,0,0,0,0,0,93241,93241,0,0,10033.65,9973.65,10033.65,9973.65,0,0,0,0,0,0,0,0,0,0,0
"03334043",1,"2015","2014",0,0.153,0.153,"1",0.25,0.25,"33","D",0.0645,0.0645,0,"D",0,"D",85000,"D",0,"D",0,"D",0,"D",0,"D",0,"D",28128,"D",0,"D",380,"D",0,"D",0,"D",0,"D",14519,4643,14568.75,14468.75,4650.51,4636.3,13005,13005,85000,85000,85000.01,85000.01,0,0,0,0,0,0,0,0,85000,85000,0,0,14568.75,14468.75,14568.75,14468.75,7800,7900,0,0,0,0,0,0,0,0,0
"03334043",2,"2015","2014",0,0.153,0.153,"1",0.25,0.25,"33","D",0.0645,0.0645,0,"D",0,"D",65000,"D",0,"D",0,"D",0,"D",0,"D",0,"D",0,"D",0,"D",0,"D",0,"D",0,"D",0,"D",9519,3353,9568.75,9468.75,3360.51,3346.3,9945,9945,65000,65000,65000.01,65000.01,0,0,0,0,0,0,0,0,65000,65000,0,0,9568.75,9468.75,9568.75,9468.75,7800,7900,0,0,0,0,0,0,0,0,0
"03334043",3,"2015","2014",0,0.153,0.153,"1",0.25,0.25,"33","D",0.0645,0.0645,0,"D",0,"D",60911,"D",0,"D",0,"D",0,"D",0,"D",0,"D",0,"D",0,"D",0,"D",0,"D",0,"D",0,"D",8497,3090,8546.5,8446.5,3096.77,3082.56,9319.38,9319.38,60911,60911,60911.01,60911.01,0,0,0,0,0,0,0,0,60911,60911,0,0,8546.5,8446.5,8546.5,8446.5,7800,7900,0,0,0,0,0,0,0,0,0
"03334063",1,"2015","2014",0,0.153,0.153,"1",0,0,"33","D",0.0574,0.0574,1,"D",1,"D",12000,"D",0,"D",0,"D",0,"D",0,"D",0,"D",0,"D",1500,"D",150,"D",0,"D",0,"D",0,"D",0,-70,0,0,-68.08,-72.08,1836,1836,12000,12000,12000.01,12000.01,0,0,0,0,0,0,0,0,12000,12000,0,0,30,15,30,15,7800,7900,0,0,188,188,0,0,0,0,0
"03334103",1,"2015","2014",0,0.153,0.153,"1",0.15,0.15,"0","T",0,0,0,"D",0,"D",54600,"D",0,"D",20,"D",0,"D",0,"D",0,"D",0,"D",5000,"D",15,"D",0,"D",0,"D",10692,"D",4783,0,4790.7,4775.7,0,0,8353.8,8353.8,54620,54620,0,0,0,0,0,0,0,0,0,0,43928,43928,0,0,4790.7,4775.7,4790.7,4775.7,0,0,0,0,0,0,0,0,0,0,0
"03334103",2,"2015","2014",0,0.038,0.038,"1",0.3406,0.3404,"0","T",0,0,0,"D",0,"D",285681,"D",0,"D",0,"D",0,"D",0,"D",0,"D",0,"D",0,"D",0,"D",0,"D",0,"D",0,"D",74942,0,75111.76,74771.65,0,0,23563.88,23749.88,285681,285681,0,0,0,0,0,0,0,0,0,0,285681,285681,0,0,75111.76,74771.65,75111.76,74771.65,0,0,0,0,0,0,0,0,0,0,0
"03334113",1,"2015","2014",1,0.153,0.153,"2",0.15,0.15,"0","T",0,0,0,"D",0,"D",30000,"D",35000,"D",-900,"D",0,"D",0,"D",0,"D",8220,"D",0,"D",33,"D",0,"D",1,"D",0,"D",4036,0,4070,4002.5,0,0,9945,9945,64100,64100,0,0,1000,1000,0,0,0,0,0,0,64100,64100,0,0,5070,5002.5,5070,5002.5,0,0,0,0,0,0,0,0,0,0,0
"03334133",1,"2015","2014",0,0.0304,0.0304,"2",0.2487,0.2487,"10","D",0,0,0,"D",0,"D",130000,"D",1500,"D",0,"D",0,"D",0,"D",0,"D",0,"D",6600,"D",4252,"D",0,"D",0,"D",4564,"D",18394,0,18468.52,18318.52,0,0,18507.5,18693.5,131500,131500,0,0,0,0,0,0,0,0,0,0,126936,126936,0,0,18468.52,18318.52,18468.52,18318.52,0,0,0,0,0,0,0,0,0,0,0
"03334173",1,"2015","2014",0,0.153,0.153,"2",0,0,"14","D",0.0375,0.05,2,"D",2,"D",11000,"D",0,"D",0,"D",0,"D",32192,"D",0,"D",8400,"D",0,"D",280,"D",0,"D",0,"D",3000,"D",0,207,0,0,237.5,176.25,1683,1683,11000,11000,11000.01,11000.01,0,0,0,0,0,0,0,0,11000,11000,0,0,0,0,0,0,0,0,0,0,0,0,0,0,0,0,0
"03334203",1,"2015","2014",0,0.0751,0.0751,"2",0.2695,0.266,"14","D",0.0375,0.05,0,"D",0,"D",87000,"D",147000,"D",6000,"D",0,"D",0,"D",0,"D",0,"D",6900,"D",1807,"D",0,"D",0,"D",13080,"D",43232,9968,42930.74,43532.89,11442.5,8493.75,32082,32268,240000,240000,240000.01,240000.01,0,0,0,0,0,0,0,0,226920,226920,0,0,42930.74,43532.89,42930.74,43532.89,0,0,0,0,345,345,0,0,0,0,0
"03334213",1,"2015","2014",0,0.153,0.153,"1",0.25,0.25,"44","D",0,0,0,"D",0,"D",55000,"D",0,"D",0,"D",0,"D",0,"D",0,"D",14400,"D",0,"D",0,"D",0,"D",0,"D",2400,"D",7019,0,7068.75,6968.75,0,0,8415,8415,55000,55000,0,0,0,0,0,0,0,0,0,0,55000,55000,0,0,7068.75,6968.75,7068.75,6968.75,0,0,0,0,0,0,0,0,0,0,0
"03334243",1,"2015","2014",2,0.153,0.153,"2",0.15,0.15,"0","T",0,0,0,"D",0,"D",14000,"D",37500,"D",0,"D",0,"D",0,"D",0,"D",6480,"D",0,"D",72,"D",0,"D",2,"D",0,"D",550,0,587.5,512.5,0,0,7879.5,7879.5,51500,51500,0,0,2000,2000,0,0,0,0,0,0,51500,51500,0,0,2587.5,2512.5,2587.5,2512.5,0,0,0,0,0,0,0,0,0,0,0
"03334253",1,"2015","2014",2,0.153,0.153,"2",0,0,"14","D",0.0375,0.05,0,"D",0,"D",0,"D",20929,"D",0,"D",0,"D",0,"D",0,"D",3264,"D",0,"D",0,"D",0,"D",0,"D",0,"D",-5504,-9,-5460,-5548,75.45,-92.46,3202.14,3202.14,20929,20929,20929.01,20929.01,0,0,0,0,0,0,5460,5548,20929,20929,0,0,0,0,0,0,0,0,0,0,0,0,0,0,546,554.8,0
"03334263",1,"2015","2014",0,0.153,0.153,"2",0.2423,0.2423,"39","D",0.0307,0.0307,0,"D",0,"D",80801,"D",53456,"D",0,"D",0,"D",0,"D",0,"D",0,"D",2000,"D",2280,"D",0,"D",0,"D",4480,"D",20006,4122,20081.33,19931.33,4121.69,4121.69,20541.32,20541.32,134257,134257,134257.01,134257.01,0,0,0,0,0,0,0,0,129777,129777,0,0,20081.33,19931.33,20081.33,19931.33,0,0,0,0,0,0,0,0,0,0,0
"03334283",1,"2015","2014",0,0,0,"1",0.225,0.225,"33","D",0,0,1,"D",1,"D",0,"D",0,"D",0,"D",19236,"D",20518,"D",0,"D",0,"D",3700,"D",432,"D",0,"D",0,"D",0,"D",999,0,1013.78,983.78,0,0,0,0,21483.5,21483.5,0.01,0.01,0,0,0,0,0,0,0,0,21483.5,21483.5,0,0,1013.78,983.78,1013.78,983.78,7800,7900,0,0,0,0,0,0,0,0,0
"03334323",1,"2015","2014",0,0.153,0.153,"2",0.15,0.15,"10","D",0,0,2,"D",2,"D",0,"D",85000,"D",-19800,"D",0,"D",33944,"D",0,"D",0,"D",4000,"D",2800,"D",0,"D",0,"D",1200,"D",9758,0,9795.36,9720.36,0,0,13005,13005,94052.4,94052.4,0,0,0,0,0,0,0,0,0,0,94052.4,94052.4,0,0,9795.36,9720.36,9795.36,9720.36,0,0,0,0,0,0,0,0,0,0,0
"03334363",1,"2015","2014",6,0.153,0.153,"3",0.15,0.15,"45","D",0.063,0.063,0,"D",0,"D",64500,"D",0,"D",0,"D",0,"D",0,"D",0,"D",13200,"D",0,"D",550,"D",80,"D",5,"D",6960,"D",-1544,1994,-1501,-1586,2008.25,1979.31,9868.5,9868.5,64500,64500,64500.01,64500.01,3499,3414,1501,1586,16,16,0,0,64500,64500,0,0,3515,3430,3515,3430,0,0,0,0,0,0,0,0,0,0,0
"03334383",1,"2015","2014",0,0,0,"1",-0.0765,-0.0765,"43","D",0,0,0,"D",0,"D",0,"D",0,"D",0,"D",0,"D",13426,"D",0,"D",0,"D",120,"D",60,"D",0,"D",0,"D",788,"D",0,0,0,0,0,0,0,0,0,0,0,0,0,0,0,0,0,0,0,0,0,0,0,0,0,0,0,0,0,0,0,0,0,0,0,0,0,0,0
"03334483",1,"2015","2014",2,0,0,"3",-0.4,-0.4,"0","T",0,0,0,"D",0,"D",0,"D",0,"D",0,"D",0,"D",0,"D",0,"D",0,"D",220,"D",0,"D",0,"D",0,"D",2571,"D",0,0,0,0,0,0,0,0,0,0,0,0,0,0,0,0,0,0,0,0,0,0,0,0,0,0,0,0,0,0,0,0,0,0,0,0,0,0,0
"03334493",1,"2015","2014",0,0.153,0.153,"1",0.141,0.141,"05","D",0.06,0.06,0,"D",0,"D",41586,"D",0,"D",0,"D",0,"D",0,"D",0,"D",0,"D",10000,"D",0,"D",0,"D",0,"D",0,"D",3571,755,3577.3,3564.45,762.3,747.99,6362.66,6362.66,41586,41586,41586.01,41586.01,0,0,0,0,0,0,0,0,41586,41586,0,0,3577.3,3564.45,3577.3,3564.45,3992,4044,10000,10000,0,0,0,0,0,0,0
"03334533",1,"2015","2014",0,0.029,0.029,"2",0.35,0.35,"05","D",0.0986,0.0986,2,"D",2,"D",241175,"D",0,"D",129753,"D",0,"D",35564,"D",0,"D",0,"D",5000,"D",175,"D",0,"D",0,"D",14984,"D",102203,27862,102498.3,101908.3,27908.79,27814.49,21502.07,21688.07,401157.4,401157.4,370928.01,370928.01,0,0,0,0,0,0,0,0,386173.4,386173.4,4794.74,4707.19,92772.95,92270.5,92772.95,92270.5,7984,8088,17259.12,17534.28,0,0,0,0,0,0,0
"03334553",1,"2015","2014",0,0.153,0.153,"2",0.2384,0.267,"06","D",0.0463,0.0463,0,"D",0,"D",73000,"D",106000,"D",0,"D",0,"D",0,"D",0,"D",0,"D",1400,"D",940,"D",0,"D",0,"D",12004,"D",29028,7231,29106.5,28950.21,7257.8,7205.17,27387,27387,179000,179000,0,0,0,0,0,0,0,0,0,0,166996,166996,0,0,29106.5,28950.21,29106.5,28950.21,0,0,0,0,0,0,0,0,0,0,0
"03334563",1,"2015","2014",0,0.153,0.153,"2",0.2608,0.2608,"28","D",0.0684,0.0684,0,"D",0,"D",85000,"D",69500,"D",44507,"D",0,"D",0,"D",0,"D",0,"D",4400,"D",2496,"D",0,"D",0,"D",2900,"D",34821,11006,34928.02,34713.1,11021.63,10991,23638.5,23638.5,199007,199007,199007.01,199007.01,0,0,0,0,0,0,0,0,196107,196107,0,0,34928.02,34713.1,34928.02,34713.1,0,0,9796,9796,0,0,0,0,0,0,0
"03334573",1,"2015","2014",5,0.153,0.153,"2",0.2106,0.2106,"48","D",0,0,0,"D",0,"D",11116,"D",23999,"D",0,"D",0,"D",0,"D",0,"D",19200,"D",0,"D",0,"D",0,"D",4,"D",0,"D",-7737,0,-7646.34,-7827.47,0,0,5372.59,5372.59,35115,35115,0,0,0,0,4000,4000,0,0,3646.34,3827.47,35115,35115,0,0,0,0,0,0,0,0,0,0,0,0,0,0,0,0,0
"03334573",2,"2015","2014",0,0.153,0.153,"1",0.15,0.15,"48","D",0,0,0,"D",0,"D",37093,"D",0,"D",0,"D",0,"D",0,"D",0,"D",0,"D",0,"D",0,"D",0,"D",0,"D",0,"D",3573,0,3587.7,3557.7,0,0,5675.23,5675.23,37093,37093,0,0,0,0,0,0,0,0,0,0,37093,37093,0,0,3587.7,3557.7,3587.7,3557.7,0,0,0,0,0,0,0,0,0,0,0
"03334643",1,"2015","2014",0,0.153,0.153,"2",0.2305,0.2306,"33","D",0.078,0.0777,0,"D",0,"D",82176,"D",44000,"D",-8023,"D",0,"D",0,"D",0,"D",0,"D",16180,"D",220,"D",0,"D",0,"D",7924,"D",11729,5562,11798.83,11659.84,5583.67,5539.62,19304.93,19304.93,118153,118153,118153.01,118153.01,0,0,0,0,0,0,0,0,110229,110229,0,0,11798.83,11659.84,11798.83,11659.84,15650,15850,24324,24324,0,0,0,0,0,0,0
"03334643",2,"2015","2014",0,0.153,0.153,"1",0.15,0.15,"33","D",0.0645,0.0645,0,"D",0,"D",32000,"D",0,"D",0,"D",0,"D",0,"D",0,"D",0,"D",0,"D",0,"D",0,"D",0,"D",0,"D",2809,1225,2823.75,2793.75,1232.01,1217.8,4896,4896,32000,32000,32000.01,32000.01,0,0,0,0,0,0,0,0,32000,32000,0,0,2823.75,2793.75,2823.75,2793.75,7800,7900,0,0,0,0,0,0,0,0,0
"03334673",1,"2015","2014",0,0,0,"1",-0.0765,-0.0765,"18","D",0,0,0,"D",0,"D",0,"D",0,"D",0,"D",0,"D",9156,"D",0,"D",7800,"D",0,"D",0,"D",0,"D",0,"D",0,"D",0,0,0,0,0,0,0,0,0,0,0.01,0.01,0,0,0,0,0,0,0,0,0,0,0,0,0,0,0,0,2400,2440,0,0,0,0,0,0,0,0,0
"03334713",1,"2015","2014",2,0.0447,0.0447,"2",0.2632,0.2632,"07","D",0.06,0.06,0,"D",0,"D",175000,"D",25317,"D",0,"D",0,"D",0,"D",0,"D",0,"D",8000,"D",140,"D",0,"D",2,"D",12588,"D",30037,10519,30162.59,29911.09,10519.02,10519.02,23456.5,23642.5,200317,200317,200317.01,200317.01,0,0,0,0,0,0,0,0,187729,187729,0,0,30162.59,29911.09,30162.59,29911.09,0,0,0,0,0,0,0,0,0,0,0
"03334733",1,"2015","2014",2,0.153,0.153,"3",0.2758,0.2758,"36","D",0.0297,0.0317,0,"D",0,"D",35001,"D",0,"D",0,"D",0,"D",24622,"D",0,"D",0,"D",3000,"D",0,"D",0,"D",2,"D",8560,"D",1325,492,1341.53,1309.03,509.76,473.86,5355.15,5355.15,50816.2,50816.2,35001.01,35001.01,2000,2000,0,0,0,0,0,0,42256.2,42256.2,0,0,3341.53,3309.03,3341.53,3309.03,0,0,0,0,0,0,0,0,0,0,0
"03334783",1,"2015","2014",2,0,0,"3",-0.4,-0.4,"28","D",-0.04,-0.04,0,"D",0,"D",0,"D",0,"D",0,"D",0,"D",0,"D",0,"D",0,"D",3000,"D",0,"D",0,"D",0,"D",5405,"D",0,0,0,0,0,0,0,0,0,0,0.01,0.01,0,0,0,0,0,0,0,0,0,0,0,0,0,0,0,0,9100,9250,0,0,0,0,0,0,0,0,0
"03334793",1,"2015","2014",0,0.153,0.153,"1",0.15,0.15,"10","D",0,0,0,"D",0,"D",19646,"D",0,"D",0,"D",0,"D",0,"D",0,"D",10320,"D",0,"D",0,"D",0,"D",0,"D",0,"D",956,0,970.65,940.65,0,0,3005.84,3005.84,19646,19646,0,0,0,0,0,0,0,0,0,0,19646,19646,0,0,970.65,940.65,970.65,940.65,0,0,0,0,0,0,0,0,0,0,0
"03334803",1,"2015","2014",0,0.153,0.153,"2",0.15,0.15,"34","D",0.0575,0.058,0,"D",0,"D",28171,"D",19415,"D",0,"D",0,"D",0,"D",0,"D",6072,"D",0,"D",0,"D",0,"D",0,"D",0,"D",3155,1882,3185.4,3125.4,1889.99,1873.7,7280.66,7280.66,47586,47586,47586.01,47586.01,0,0,0,0,0,0,0,0,47586,47586,0,0,3185.4,3125.4,3185.4,3125.4,15000,15000,0,0,0,0,0,0,0,0,0
"03334813",1,"2015","2014",0,0.153,0.153,"2",0.2486,0.2486,"10","D",0,0,0,"D",0,"D",54869,"D",61298,"D",0,"D",0,"D",0,"D",0,"D",0,"D",4600,"D",0,"D",0,"D",0,"D",11448,"D",14423,0,14497.75,14347.75,0,0,17773.55,17773.55,116167,116167,0,0,0,0,0,0,0,0,0,0,104719,104719,0,0,14497.75,14347.75,14497.75,14347.75,0,0,0,0,0,0,0,0,0,0,0
"03334823",1,"2015","2014",2,0.153,0.153,"2",0.3106,0.3106,"36","D",0.0091,0.0094,0,"D",0,"D",12837,"D",17153,"D",0,"D",675,"D",0,"D",0,"D",0,"D",3000,"D",135,"D",0,"D",0,"D",8144,"D",-3759,81,-3654.01,-3864.14,84.79,77.94,4588.47,4588.47,30665,30665,30665.01,30665.01,0,0,0,0,0,0,3900.51,4070.64,30665,30665,0,0,246.5,206.5,246.5,206.5,0,0,0,0,0,0,0,0,141.32,129.91,0
"03334833",1,"2015","2014",0,0.153,0.153,"1",0.2483,0.2483,"10","D",0,0,0,"D",0,"D",53000,"D",0,"D",0,"D",0,"D",0,"D",0,"D",0,"D",3300,"D",0,"D",0,"D",0,"D",6024,"D",5596,0,5633.83,5558.83,0,0,8109,8109,53000,53000,0,0,0,0,0,0,0,0,0,0,46976,46976,0,0,5633.83,5558.83,5633.83,5558.83,0,0,0,0,0,0,0,0,0,0,0
"03334833",2,"2015","2014",0,0.153,0.153,"1",0.15,0.15,"10","D",0,0,0,"D",0,"D",23000,"D",0,"D",0,"D",0,"D",0,"D",0,"D",0,"D",0,"D",0,"D",0,"D",0,"D",0,"D",1459,0,1473.75,1443.75,0,0,3519,3519,23000,23000,0,0,0,0,0,0,0,0,0,0,23000,23000,0,0,1473.75,1443.75,1473.75,1443.75,0,0,0,0,0,0,0,0,0,0,0
"03334843",1,"2015","2014",4,0.153,0.153,"3",0.2106,0.2106,"44","D",0,0,0,"D",0,"D",21000,"D",0,"D",3000,"D",0,"D",0,"D",0,"D",0,"D",3000,"D",27,"D",0,"D",1,"D",10352,"D",-5927,0,-5843.6,-6009.99,0,0,3213,3213,24000,24000,0,0,0,0,1000,1000,0,0,4843.6,5009.99,24000,24000,0,0,0,0,0,0,0,0,0,0,0,0,0,0,0,0,0
"03334883",1,"2015","2014",0,0.153,0.153,"2",0.15,0.15,"0","T",0,0,0,"D",0,"D",30600,"D",60000,"D",-800,"D",0,"D",0,"D",0,"D",0,"D",1700,"D",731,"D",0,"D",0,"D",12084,"D",9185,0,9200.25,9170.25,0,0,13861.8,13861.8,89800,89800,0,0,0,0,0,0,0,0,0,0,77716,77716,0,0,9200.25,9170.25,9200.25,9170.25,0,0,0,0,0,0,0,0,0,0,0
"03334903",1,"2015","2014",0,0,0,"1",-0.0765,-0.0765,"0","T",0,0,0,"D",0,"D",0,"D",0,"D",0,"D",0,"D",17084,"D",0,"D",0,"D",4800,"D",0,"D",0,"D",0,"D",0,"D",0,0,0,0,0,0,0,0,0,0,0,0,0,0,0,0,0,0,0,0,0,0,0,0,0,0,0,0,0,0,0,0,0,0,0,0,0,0,0
"03334913",1,"2015","2014",0,0,0,"1",0,0,"33","D",0,0,1,"D",1,"D",0,"D",0,"D",82,"D",0,"D",15862,"D",0,"D",14508,"D",0,"D",322,"D",0,"D",0,"D",1500,"D",0,0,0,0,0,0,0,0,82,82,82.01,82.01,0,0,0,0,0,0,0,0,82,82,0,0,0,0,0,0,7800,7900,0,0,0,0,0,0,0,0,0
"03334953",1,"2015","2014",2,0,0,"3",-0.4,-0.4,"45","D",0,0,0,"D",0,"D",0,"D",0,"D",0,"D",800,"D",0,"D",0,"D",0,"D",4600,"D",80,"D",0,"D",0,"D",12983,"D",0,0,0,0,0,0,0,0,800,800,800.01,800.01,0,0,0,0,0,0,0,0,800,800,0,0,0,0,0,0,0,0,0,0,0,0,0,0,0,0,0
"03334983",1,"2015","2014",2,0.153,0.153,"2",0.2921,0.2921,"01","D",0.0316,0.0316,0,"D",0,"D",75001,"D",53000,"D",0,"D",0,"D",0,"D",0,"D",0,"D",680,"D",7917,"D",0,"D",2,"D",6952,"D",13640,4191,13729.08,13551.86,4186.54,4195.4,19584.15,19584.15,128001,128001,128001.01,128001.01,1099.95,1099.95,0,0,0,0,0,0,121049,121049,0,0,14829.03,14651.81,14829.03,14651.81,4000,4000,25341.08,25341.08,0,0,0,0,0,0,0
"03334993",1,"2015","2014",1,0.153,0.153,"2",0.2393,0.2385,"36","D",0.0429,0.046,0,"D",0,"D",81122,"D",40417,"D",0,"D",0,"D",0,"D",0,"D",0,"D",3300,"D",1000,"D",0,"D",0,"D",5388,"D",15709,3692,15759.75,15657.29,3812.02,3571.86,18595.47,18595.47,121539,121539,121539.01,121539.01,0,0,0,0,0,0,0,0,116151,116151,0,0,15759.75,15657.29,15759.75,15657.29,0,0,0,0,0,0,0,0,0,0,0
"03335013",1,"2015","2014",1,0.153,0.153,"3",0.1598,0.1598,"10","D",0,0,0,"D",0,"D",37000,"D",0,"D",0,"D",0,"D",0,"D",0,"D",0,"D",2200,"D",0,"D",0,"D",1,"D",30156,"D",-1294,0,-1241.63,-1346.77,0,0,5661,5661,37000,37000,0,0,0,0,1000,1000,0,0,241.63,346.77,6844,6844,0,0,0,0,0,0,0,0,0,0,0,0,0,0,0,0,0
"03335083",1,"2015","2014",0,0.153,0.153,"2",0.23,0.23,"05","D",0.08,0.08,0,"D",0,"D",0,"D",102000,"D",300,"D",0,"D",23736,"D",0,"D",0,"D",4200,"D",2813,"D",0,"D",0,"D",5956,"D",16228,3246,16296.48,16158.86,3270.69,3221.16,15606,15606,122475.6,122475.6,102300.01,102300.01,0,0,0,0,0,0,0,0,116519.6,116519.6,0,0,16296.48,16158.86,16296.48,16158.86,7984,8088,12969,12969,0,0,0,0,0,0,0
"03335093",1,"2015","2014",2,0.029,0.029,"2",0.2489,0.2489,"10","D",0,0,0,"D",0,"D",228786,"D",0,"D",-9606,"D",0,"D",0,"D",0,"D",0,"D",17980,"D",0,"D",0,"D",2,"D",40024,"D",27526,0,27613.54,27438.54,0,0,21142.79,21328.79,219180,219180,0,0,0,0,0,0,0,0,0,0,179156,179156,0,0,27613.54,27438.54,27613.54,27438.54,0,0,0,0,0,0,0,0,0,0,0
"03335103",1,"2015","2014",0,0.153,0.153,"1",0.15,0.15,"10","D",0,0,0,"D",0,"D",20000,"D",0,"D",0,"D",0,"D",0,"D",0,"D",13200,"D",0,"D",0,"D",0,"D",0,"D",0,"D",1009,0,1023.75,993.75,0,0,3060,3060,20000,20000,0,0,0,0,0,0,0,0,0,0,20000,20000,0,0,1023.75,993.75,1023.75,993.75,0,0,0,0,0,0,0,0,0,0,0
"03335123",1,"2015","2014",0,0.153,0.153,"2",0.15,0.15,"0","T",0,0,0,"D",0,"D",59353,"D",16850,"D",0,"D",0,"D",0,"D",0,"D",0,"D",1000,"D",0,"D",0,"D",0,"D",4200,"D",7448,0,7477.95,7417.95,0,0,11659.06,11659.06,76203,76203,0,0,0,0,0,0,0,0,0,0,76203,76203,0,0,7477.95,7417.95,7477.95,7417.95,0,0,0,0,0,0,0,0,0,0,0
"03335153",1,"2015","2014",1,0,0,"3",0.15,0.15,"09","D",0.06,0.06,0,"D",0,"D",0,"D",0,"D",0,"D",45600,"D",0,"D",0,"D",0,"D",880,"D",128,"D",0,"D",0,"D",2892,"D",3619,1902,3642.5,3595,1976.5,1826.5,0,0,45600,45600,45600.01,45600.01,0,0,0,0,0,0,0,0,45600,45600,0,0,3642.5,3595,3642.5,3595,4150,6500,0,0,0,0,0,0,0,0,0
"03335163",1,"2015","2014",0,0,0,"1",-0.0765,-0.0765,"0","T",0,0,0,"D",0,"D",0,"D",0,"D",0,"D",0,"D",14662,"D",0,"D",4200,"D",0,"D",0,"D",0,"D",0,"D",0,"D",0,0,0,0,0,0,0,0,0,0,0,0,0,0,0,0,0,0,0,0,0,0,0,0,0,0,0,0,0,0,0,0,0,0,0,0,0,0,0
"03335173",1,"2015","2014",2,0,0,"3",-0.4,-0.4,"06","D",-0.04,0,0,"D",0,"D",0,"D",0,"D",2400,"D",0,"D",0,"D",0,"D",2172,"D",0,"D",10,"D",0,"D",1,"D",0,"D",0,-7,0,0,0,-13,0,0,2400,2400,0,0,0,0,0,0,0,0,0,0,2400,2400,0,0,0,0,0,0,0,0,0,0,0,0,0,0,0,0,0
"03335183",1,"2015","2014",1,0.153,0.153,"3",0,0,"19","D",0,0.02,0,"D",0,"D",10198,"D",0,"D",0,"D",0,"D",0,"D",0,"D",1908,"D",0,"D",0,"D",0,"D",1,"D",960,"D",-4332,-115,-4305,-4359,-111.71,-117.57,1560.29,1560.29,10198,10198,10198.01,10198.01,0,0,1000,1000,0,0,3305,3359,10198,10198,0,0,0,0,0,0,0,0,0,0,0,0,0,0,115.68,117.57,0
"03335183",2,"2015","2014",0,0.153,0.153,"1",0.1,0.1,"19","D",0.036,0.036,0,"D",0,"D",15000,"D",0,"D",0,"D",0,"D",0,"D",0,"D",0,"D",0,"D",0,"D",0,"D",0,"D",0,"D",478,251,485,470,250.6,251.2,2295,2295,15000,15000,15000.01,15000.01,0,0,0,0,0,0,0,0,15000,15000,0,0,485,470,485,470,0,0,0,0,0,0,0,0,0,0,0
"03335193",1,"2015","2014",2,0,0,"3",-0.4,-0.4,"12","D",0,0,0,"D",0,"D",0,"D",0,"D",0,"D",5884,"D",0,"D",0,"D",0,"D",1400,"D",90,"D",0,"D",0,"D",7356,"D",0,-225,0,0,-225,-225,0,0,5884,5884,5884.01,5884.01,0,0,0,0,0,0,0,0,5884,5884,0,0,0,0,0,0,3212,3212,9046.62,9046.62,0,0,0,0,0,0,0
"03335203",1,"2015","2014",2,0.153,0.153,"3",-0.15,-0.15,"44","D",0,0,0,"D",0,"D",14999,"D",0,"D",0,"D",0,"D",0,"D",0,"D",7800,"D",0,"D",50,"D",0,"D",2,"D",720,"D",-7311,0,-7259.85,-7347.85,0,0,2294.85,2294.85,14999,14999,0,0,0,0,1799.85,1799.85,0,0,5460,5548,14999,14999,0,0,0,0,0,0,0,0,0,0,0,0,0,0,0,0,0
"03335203",2,"2015","2014",0,0.153,0.153,"1",0.1765,0.1765,"44","D",0,0,0,"D",0,"D",14000,"D",0,"D",0,"D",0,"D",0,"D",0,"D",0,"D",0,"D",0,"D",0,"D",0,"D",0,"D",321,0,339.59,306.88,0,0,2142,2142,14000,14000,0,0,0,0,0,0,0,0,45.41,63.12,14000,14000,0,0,385,370,385,370,0,0,0,0,0,0,0,0,0,0,0
"03335223",1,"2015","2014",0,0,0,"1",0,0,"36","D",0,0,1,"D",1,"D",0,"D",0,"D",0,"D",3000,"D",14662,"D",0,"D",0,"D",760,"D",0,"D",0,"D",0,"D",480,"D",0,0,0,0,0,0,0,0,3000,3000,3000.01,3000.01,0,0,0,0,0,0,0,0,3000,3000,0,0,0,0,0,0,0,0,0,0,0,0,0,0,0,0,0
"03335243",1,"2015","2014",1,0.153,0.153,"3",0.2598,0.2598,"33","D",0.0879,0.0879,0,"D",0,"D",18162,"D",0,"D",0,"D",0,"D",0,"D",380,"D",0,"D",1400,"D",3,"D",0,"D",0,"D",0,"D",-3212,-849,-3135.75,-3265.88,-827.1,-864.64,2778.79,2778.79,18162,18162,18162.01,18162.01,0,0,0,0,0,0,3251.95,3357.08,18162,18162,0,0,116.2,91.2,116.2,91.2,10950,11100,0,0,0,0,0,0,899.88,931.42,0
"03335273",1,"2015","2014",3,0.153,0.153,"2",0.3106,0.3106,"10","D",0,0,0,"D",0,"D",0,"D",34435,"D",0,"D",0,"D",0,"D",0,"D",19200,"D",0,"D",0,"D",0,"D",0,"D",0,"D",-3693,0,-3561.04,-3787.18,0,0,5268.55,5268.55,34435,34435,0,0,0,0,0,0,0,0,3789.54,3970.68,34435,34435,0,0,228.5,183.5,228.5,183.5,0,0,0,0,0,0,0,0,0,0,0
"03335303",1,"2015","2014",2,0.153,0.153,"3",0.3,0.3,"01","D",0.0312,0.0312,0,"D",0,"D",89000,"D",0,"D",0,"D",0,"D",0,"D",0,"D",0,"D",1700,"D",0,"D",0,"D",1,"D",3244,"D",11029,3071,11125,10960,3066.13,3074.38,13617,13617,89000,89000,89000.01,89000.01,300,300,0,0,0,0,0,0,89000,89000,0,0,11425,11260,11425,11260,2000,2000,11752.5,11752.5,0,0,0,0,0,0,0
"03335313",1,"2015","2014",2,0.153,0.153,"2",0.15,0.15,"47","D",0.0575,0.0575,0,"D",0,"D",48104,"D",73800,"D",-19940,"D",0,"D",0,"D",0,"D",0,"D",1200,"D",700,"D",0,"D",2,"D",0,"D",8113,4789,8157.1,8082.1,4789.03,4789.03,18651.31,18651.31,101964,101964,101964.01,101964.01,2000,2000,0,0,0,0,0,0,101964,101964,0,0,10157.1,10082.1,10157.1,10082.1,6000,6000,0,0,0,0,0,0,0,0,0
"03335313",2,"2015","2014",0,0.153,0.153,"2",0.0765,0.0765,"47","D",0,0,0,"D",0,"D",0,"D",14814,"D",0,"D",0,"D",0,"D",0,"D",0,"D",0,"D",0,"D",0,"D",0,"D",0,"D",-412,0,-398.54,-421.6,0,0,2266.54,2266.54,14814,14814,14814.01,14814.01,0,0,0,0,0,0,398.54,421.6,14814,14814,0,0,0,0,0,0,6000,6000,0,0,0,0,0,0,79.71,84.32,0
"03335333",1,"2015","2014",0,0,0,"1",0,0,"44","D",0,0,1,"D",1,"D",0,"D",0,"D",400,"D",0,"D",11350,"D",0,"D",1776,"D",0,"D",55,"D",0,"D",0,"D",0,"D",0,0,0,0,0,0,0,0,400,400,0,0,0,0,0,0,0,0,0,0,400,400,0,0,0,0,0,0,0,0,0,0,0,0,0,0,0,0,0
"03335343",1,"2015","2014",3,0.153,0.0594,"2",0.2906,0.2875,"14","D",0.0375,0.05,0,"D",0,"D",38000,"D",117000,"D",75,"D",0,"D",0,"D",0,"D",0,"D",5100,"D",922,"D",720,"D",3,"D",22748,"D",15874,5911,15719.13,15984.2,6967.5,5157.19,23715,23715,155075,155075,155075.01,155075.01,746.25,746.25,0,0,144,144,0,0,132327,132327,0,0,16609.38,16874.45,16609.38,16874.45,0,0,0,0,255,255,0,0,0,0,0
"03335353",1,"2015","2014",0,0.153,0.153,"2",0,0,"48","D",0,0,1,"D",1,"D",1600,"D",34320,"D",8800,"D",0,"D",18142,"D",0,"D",0,"D",2400,"D",73500,"D",0,"D",0,"D",0,"D",0,0,0,0,0,0,5495.76,5495.76,59042.35,59042.35,0,0,0,0,0,0,0,0,0,0,59042.35,59042.35,0,0,0,0,0,0,0,0,0,0,0,0,0,0,0,0,0
"03335373",1,"2015","2014",1,0.153,0.153,"2",0,0,"44","D",0,0,0,"D",0,"D",12000,"D",0,"D",11000,"D",0,"D",0,"D",0,"D",14400,"D",0,"D",40,"D",0,"D",0,"D",0,"D",0,0,0,0,0,0,1836,1836,23000,23000,0,0,0,0,0,0,0,0,0,0,23000,23000,0,0,0,0,0,0,0,0,0,0,0,0,0,0,0,0,0
"03335453",1,"2015","2014",2,0,0,"3",-0.4,-0.4,"39","D",0,0,0,"D",0,"D",0,"D",0,"D",2368,"D",0,"D",0,"D",0,"D",0,"D",4800,"D",180,"D",0,"D",0,"D",4560,"D",0,0,0,0,0,0,0,0,2368,2368,2368.01,2368.01,0,0,0,0,0,0,0,0,2368,2368,0,0,0,0,0,0,0,0,0,0,0,0,0,0,0,0,0
"03335493",1,"2015","2014",1,0.153,0.153,"2",0.15,0.15,"12","D",0.0672,0.0672,0,"D",0,"D",42829,"D",13119,"D",0,"D",0,"D",0,"D",0,"D",0,"D",1200,"D",0,"D",0,"D",1,"D",2028,"D",2808,2612,2847.2,2779.7,2612.42,2612.42,8560.04,8560.04,55948,55948,55948.01,55948.01,1000,1000,0,0,0,0,0,0,55948,55948,0,0,3847.2,3779.7,3847.2,3779.7,4400,4400,5832.38,5832.38,0,0,0,0,0,0,0
"03335513",1,"2015","2014",4,0,0,"3",-0.45,-0.45,"12","D",0,0,0,"D",0,"D",0,"D",0,"D",0,"D",0,"D",0,"D",0,"D",26400,"D",0,"D",0,"D",0,"D",0,"D",761,"D",0,-675,0,0,-675,-675,0,0,0,0,0.01,0.01,0,0,0,0,0,0,0,0,0,0,0,0,0,0,0,0,3212,3212,761.13,761.13,0,0,0,0,0,0,0
"03335513",2,"2015","2014",4,0,0,"3",-0.45,-0.45,"12","D",0,0,0,"D",0,"D",0,"D",0,"D",0,"D",0,"D",0,"D",0,"D",0,"D",0,"D",0,"D",0,"D",0,"D",0,"D",0,-425,0,0,-425,-425,0,0,0,0,0.01,0.01,0,0,0,0,0,0,0,0,0,0,0,0,0,0,0,0,3212,3212,0.13,0.13,0,0,0,0,0,0,0
"03335533",1,"2015","2014",1,0.153,0.153,"2",0.15,0.15,"10","D",0,0,0,"D",0,"D",40000,"D",45000,"D",0,"D",0,"D",0,"D",0,"D",0,"D",800,"D",50,"D",0,"D",1,"D",4416,"D",7166,0,7205,7137.5,0,0,13005,13005,85000,85000,0,0,1000,1000,0,0,0,0,0,0,85000,85000,0,0,8205,8137.5,8205,8137.5,0,0,0,0,0,0,0,0,0,0,0
"03335543",1,"2015","2014",2,0.153,0.153,"3",0.15,0.15,"05","D",0,0.04,0,"D",0,"D",35000,"D",0,"D",14600,"D",0,"D",0,"D",0,"D",23100,"D",0,"D",150,"D",0,"D",2,"D",0,"D",1618,0,1650,1595,0.68,0,5355,5355,49600,49600,49600.01,49600.01,2000,2000,0,0,0,0,0,0,49600,49600,0,0,3650,3595,3650,3595,7984,8088,150,150,0,0,0,0,0,0,0
"03335543",2,"2015","2014",0,0.153,0.153,"1",0.25,0.25,"05","D",0.08,0.08,0,"D",0,"D",60000,"D",0,"D",-5500,"D",0,"D",0,"D",0,"D",0,"D",0,"D",0,"D",0,"D",0,"D",0,"D",6885,2086,6943.75,6843.75,2102.75,2073.82,9180,9180,54500,54500,54500.01,54500.01,0,0,0,0,0,0,0,0,54500,54500,0,0,6943.75,6843.75,6943.75,6843.75,3992,4044,0,0,0,0,0,0,0,0,0
"03335593",1,"2015","2014",2,0.153,0.153,"3",0.0987,0.0987,"31","D",0.014,0.014,0,"D",0,"D",17995,"D",0,"D",12664,"D",0,"D",0,"D",0,"D",0,"D",11000,"D",1520,"D",0,"D",0,"D",300,"D",552,233,560.77,545.77,233.23,233.23,2753.23,2753.23,30659,30659,30659.01,30659.01,0,0,0,0,0,0,0,0,30359,30359,0,0,560.77,545.77,560.77,545.77,0,0,0,0,0,0,0,0,0,0,0
"03335623",1,"2015","2014",0,0.153,0.153,"2",0.15,0.15,"22","D",0.0507,0.0512,0,"D",0,"D",37000,"D",10000,"D",0,"D",0,"D",0,"D",0,"D",12000,"D",0,"D",105,"D",0,"D",0,"D",0,"D",3063,1677,3097.5,3037.5,1686.62,1670.4,7191,7191,47000,47000,47000.01,47000.01,0,0,0,0,0,0,0,0,47000,47000,0,0,3097.5,3037.5,3097.5,3037.5,0,0,0,0,0,0,0,0,0,0,0
"03335633",1,"2015","2014",0,0.153,0.153,"1",0.2406,0.2375,"14","D",0.0375,0.05,0,"D",0,"D",75787,"D",0,"D",0,"D",0,"D",0,"D",0,"D",0,"D",3500,"D",1034,"D",0,"D",0,"D",18144,"D",7360,2970,7268.98,7424.4,3508.1,2586.39,11595.41,11595.41,75787,75787,75787.01,75787.01,0,0,0,0,0,0,0,0,57643,57643,0,0,7268.98,7424.4,7268.98,7424.4,0,0,0,0,175,175,0,0,0,0,0
"03335643",1,"2015","2014",2,0,0,"3",-0.4,-0.4,"05","D",0,0,0,"D",0,"D",0,"D",0,"D",0,"D",8400,"D",0,"D",0,"D",43356,"D",0,"D",0,"D",0,"D",0,"D",0,"D",0,0,0,0,0,0,0,0,8400,8400,8400.01,8400.01,0,0,0,0,0,0,0,0,8400,8400,0,0,0,0,0,0,7984,8088,0,0,0,0,0,0,0,0,0
"03335673",1,"2015","2014",3,0.0469,0.0469,"2",0.325,0.325,"06","D",0.0463,0.0463,0,"D",0,"D",20000,"D",258786,"D",-3318,"D",0,"D",0,"D",0,"D",0,"D",7500,"D",1080,"D",0,"D",3,"D",41196,"D",44332,9481,44619.9,44125.9,9535.11,9441.54,25331.87,25517.87,275468,275468,0,0,0,0,0,0,0,0,0,0,234272,234272,2378.97,2124.27,42240.93,42001.63,42240.93,42001.63,0,0,0,0,0,0,0,0,0,0,0
"03335683",1,"2015","2014",2,0.153,0.153,"2",0.15,0.15,"12","D",0.076,0.076,0,"D",0,"D",50000,"D",15550,"D",0,"D",0,"D",0,"D",0,"D",12000,"D",0,"D",0,"D",0,"D",1,"D",0,"D",3651,3359,3695,3620,3358.82,3358.82,10029.15,10029.15,65550,65550,65550.01,65550.01,1000,1000,0,0,0,0,0,0,65550,65550,0,0,4695,4620,4695,4620,4400,4400,3358.82,3358.82,0,0,0,0,0,0,0
"03335693",1,"2015","2014",2,0.153,0.153,"2",0,0,"03","D",0,0,0,"D",0,"D",14000,"D",8200,"D",764,"D",0,"D",0,"D",0,"D",0,"D",900,"D",320,"D",0,"D",2,"D",0,"D",-7511,-100,-7460,-7548,-100,-100,3396.6,3396.6,22964,22964,22964.01,22964.01,0,0,2000,2000,0,0,5460,5548,22964,22964,0,0,0,0,0,0,10018,10182,1635.92,1635.92,0,0,0,0,0,0,0
"03335693",2,"2015","2014",0,0.153,0.153,"1",0.15,0.15,"03","D",0.0288,0.0288,0,"D",0,"D",20000,"D",0,"D",0,"D",0,"D",0,"D",0,"D",0,"D",0,"D",0,"D",0,"D",0,"D",0,"D",1006,341,1023.75,993.75,342.26,339.43,3060,3060,20000,20000,20000.01,20000.01,0,0,0,0,0,0,0,0,20000,20000,0,0,1023.75,993.75,1023.75,993.75,5009,5091,342.26,339.43,0,0,0,0,0,0,0
"03335703",1,"2015","2014",0,0.153,0.153,"1",0.15,0.15,"0","T",0,0,0,"D",0,"D",30010,"D",0,"D",0,"D",0,"D",0,"D",0,"D",7200,"D",0,"D",0,"D",0,"D",0,"D",0,"D",2508,0,2525.25,2495.25,0,0,4591.53,4591.53,30010,30010,0,0,0,0,0,0,0,0,0,0,30010,30010,0,0,2525.25,2495.25,2525.25,2495.25,0,0,0,0,0,0,0,0,0,0,0
"03335733",1,"2015","2014",0,0.153,0.153,"2",0.2362,0.2362,"07","D",0.055,0.055,0,"D",0,"D",50000,"D",115000,"D",-10133,"D",0,"D",0,"D",0,"D",0,"D",7000,"D",653,"D",0,"D",0,"D",4348,"D",23370,7988,23457.08,23307.08,7987.69,7987.69,25245,25245,154867,154867,154867.01,154867.01,0,0,0,0,0,0,0,0,150519,150519,0,0,23457.08,23307.08,23457.08,23307.08,0,0,0,0,0,0,0,0,0,0,0
"03335753",1,"2015","2014",2,0.153,0.153,"3",0.3606,0.15,"50","D",0.1008,0.0776,0,"D",0,"D",44302,"D",0,"D",-5500,"D",0,"D",0,"D",0,"D",0,"D",3600,"D",15,"D",0,"D",2,"D",464,"D",-25,1234,30.3,-65.09,1249.96,1223.05,6778.21,6778.21,38802,38802,38802.01,38802.01,2000,1975.3,0,24.7,0,0,0,40.39,38802,38802,0,0,2030.3,1975.3,2030.3,1975.3,7283.72,7562.18,464,464,0,0,0,0,0,4.44,0
"03335753",2,"2015","2014",0,0.153,0.153,"1",0.25,0.25,"50","D",0.0702,0.0702,0,"D",0,"D",62130,"D",0,"D",-5500,"D",0,"D",0,"D",0,"D",0,"D",0,"D",0,"D",0,"D",0,"D",0,"D",7418,2885,7476.25,7376.25,2895.71,2878.18,9505.89,9505.89,56630,56630,56630.01,56630.01,0,0,0,0,0,0,0,0,56630,56630,0,0,7476.25,7376.25,7476.25,7376.25,5048.4,5248.05,0,0,0,0,0,0,0,0,0
"03335763",1,"2015","2014",3,0,0,"3",-0.45,-0.45,"45","D",0,0,0,"D",0,"D",0,"D",0,"D",0,"D",0,"D",0,"D",0,"D",0,"D",5400,"D",0,"D",0,"D",0,"D",1270,"D",0,0,0,0,0,0,0,0,0,0,0.01,0.01,0,0,0,0,0,0,0,0,0,0,0,0,0,0,0,0,0,0,0,0,0,0,0,0,0,0,0
"03335783",1,"2015","2014",5,0.153,0.153,"2",0.3106,0.3106,"36","D",0.0508,0.0528,0,"D",0,"D",0,"D",44187,"D",700,"D",0,"D",0,"D",0,"D",0,"D",6000,"D",900,"D",0,"D",5,"D",0,"D",-6242,466,-6104.65,-6340.79,500.8,441.12,6760.61,6760.61,44887,44887,44887.01,44887.01,483.7,428.7,4516.3,4571.3,0,0,1588.35,1769.49,44887,44887,0,0,483.7,428.7,483.7,428.7,0,0,0,0,0,0,0,0,158.84,176.95,0
"03335803",1,"2015","2014",0,0.153,0.153,"2",0.15,0.15,"0","T",0,0,0,"D",0,"D",32448,"D",0,"D",0,"D",0,"D",20684,"D",0,"D",0,"D",800,"D",204,"D",0,"D",0,"D",1372,"D",1737,0,1754.3,1724.3,0,0,4964.54,4964.54,37843,37843,0,0,0,0,0,0,0,0,0,0,37843,37843,0,0,1754.3,1724.3,1754.3,1724.3,0,0,0,0,0,0,0,0,0,0,0
"03335813",1,"2015","2014",0,0.153,0.153,"1",0.15,0.15,"23","D",0.0635,0.0635,0,"D",0,"D",25799,"D",0,"D",0,"D",0,"D",0,"D",0,"D",6000,"D",0,"D",0,"D",0,"D",0,"D",0,"D",1876,748,1893.6,1863.6,748.26,748.26,3947.25,3947.25,25799,25799,25799.01,25799.01,0,0,0,0,0,0,0,0,25799,25799,0,0,1893.6,1863.6,1893.6,1863.6,0,0,0,0,178.2,178.2,0,0,0,0,0
"03335853",1,"2015","2014",0,0,0,"1",0.15,0.15,"31","D",0.0175,0.0175,0,"D",0,"D",0,"D",0,"D",0,"D",31230,"D",0,"D",0,"D",13072,"D",0,"D",127,"D",0,"D",0,"D",0,"D",2691,309,2708.25,2678.25,309.03,309.03,0,0,31230,31230,31230.01,31230.01,0,0,0,0,0,0,0,0,31230,31230,0,0,2708.25,2678.25,2708.25,2678.25,0,0,0,0,0,0,0,0,0,0,0
"03335863",1,"2015","2014",0,0.153,0.153,"1",0.1455,0.1452,"36","D",0.0297,0.0317,0,"D",0,"D",35000,"D",0,"D",0,"D",0,"D",0,"D",0,"D",0,"D",1200,"D",4,"D",0,"D",0,"D",5192,"D",3133,683,3137.97,3129.68,709.17,664.47,5355,5355,35000,35000,35000.01,35000.01,0,0,0,0,0,0,0,0,29808,29808,0,0,3137.97,3129.68,3137.97,3129.68,0,0,0,0,0,0,0,0,0,0,0
"03335933",1,"2015","2014",0,0.153,0.153,"2",0.2329,0.2329,"28","D",0.0684,0.0684,0,"D",0,"D",67000,"D",43000,"D",-3416,"D",0,"D",0,"D",0,"D",0,"D",2900,"D",926,"D",0,"D",0,"D",6428,"D",12570,4651,12652.86,12510.51,4668.57,4637.94,16830,16830,106584,106584,106584.01,106584.01,0,0,0,0,0,0,0,0,100156,100156,0,0,12652.86,12510.51,12652.86,12510.51,0,0,10254,10254,0,0,0,0,0,0,0
"03335953",1,"2015","2014",0,0.153,0.153,"2",0.1,0.1,"34","D",0.0575,0.058,0,"D",0,"D",4637,"D",31449,"D",0,"D",0,"D",0,"D",0,"D",0,"D",650,"D",0,"D",0,"D",0,"D",704,"D",1561,1217,1578.6,1548.6,1222.99,1212.45,5521.16,5521.16,36086,36086,36086.01,36086.01,0,0,0,0,0,0,0,0,36086,36086,0,0,1578.6,1548.6,1578.6,1548.6,15000,15000,1354,1354,0,0,0,0,0,0,0
"03335973",1,"2015","2014",3,0.153,0.153,"2",0.1384,0.1384,"38","D",0.0775,0.0775,0,"D",0,"D",33000,"D",45000,"D",0,"D",0,"D",0,"D",0,"D",0,"D",1600,"D",0,"D",0,"D",3,"D",6840,"D",2847,4574,2876.45,2826.72,4584.52,4565.99,11934,11934,78000,78000,78000.01,78000.01,3000,3000,0,0,0,0,0,0,71160,71160,0,0,5876.45,5826.72,5876.45,5826.72,4231.2,4289.91,8440,8440,0,0,0,0,0,0,0
"03336043",1,"2015","2014",2,0.153,0.153,"3",0.0955,0.1423,"45","D",0.063,0.063,0,"D",0,"D",24112,"D",0,"D",10587,"D",0,"D",0,"D",0,"D",0,"D",1100,"D",165,"D",360,"D",1,"D",7532,"D",226,854,240.76,214.76,859.96,849.02,3689.14,3689.14,34699,34699,34699.01,34699.01,1000,1000,0,0,90.54,90.54,0,0,27167,27167,0,0,1331.31,1305.3,1331.31,1305.3,0,0,0,0,0,0,0,0,0,0,0
"03336053",1,"2015","2014",1,0,0,"3",-0.34,-0.34,"01","D",0,0,1,"D",1,"D",0,"D",0,"D",0,"D",0,"D",24262,"D",0,"D",0,"D",0,"D",98,"D",0,"D",0,"D",2400,"D",0,0,0,0,0,0,0,0,0,0,0.01,0.01,0,0,0,0,0,0,0,0,0,0,0,0,0,0,0,0,4700,4700,2498,2498,0,0,0,0,0,0,0
"03336093",1,"2015","2014",0,0.153,0.153,"1",0.1488,0.1488,"44","D",0,0,1,"D",1,"D",41132,"D",0,"D",0,"D",0,"D",0,"D",0,"D",0,"D",3700,"D",125,"D",0,"D",0,"D",3600,"D",3917,0,3926.05,3911.05,0,0,6293.2,6293.2,41132,41132,0,0,0,0,0,0,0,0,0,0,37532,37532,0,0,3926.05,3911.05,3926.05,3911.05,0,0,0,0,0,0,0,0,0,0,0
"03336113",1,"2015","2014",2,0,0,"3",-0.4,-0.4,"21","D",-0.102,-0.1,0,"D",0,"D",0,"D",0,"D",0,"D",0,"D",0,"D",0,"D",0,"D",4700,"D",0,"D",0,"D",0,"D",4736,"D",0,0,0,0,0,0,0,0,0,0,0.01,0.01,0,0,0,0,0,0,0,0,0,0,0,0,0,0,0,0,3000,3000,0,0,0,0,0,0,0,0,0
"03336173",1,"2015","2014",2,0.153,0.153,"3",-0.55,-0.55,"33","D",-0.1695,-0.1695,1,"D",1,"D",8162,"D",0,"D",0,"D",0,"D",0,"D",0,"D",16200,"D",0,"D",0,"D",0,"D",1,"D",0,"D",-4039,-1235,-4039.1,-4039.1,-1234.96,-1234.96,1248.79,1248.79,8162,8162,8162.01,8162.01,0,0,774.3,774.3,0,0,3264.8,3264.8,8162,8162,0,0,0,0,0,0,10950,11100,0,0,0,0,0,0,979.44,979.44,0
"03336183",1,"2015","2014",1,0,0,"3",-0.34,-0.34,"10","D",0,0,1,"D",1,"D",0,"D",0,"D",0,"D",0,"D",25378,"D",0,"D",0,"D",1800,"D",227,"D",0,"D",0,"D",960,"D",0,0,0,0,0,0,0,0,0,0,0,0,0,0,0,0,0,0,0,0,0,0,0,0,0,0,0,0,0,0,0,0,0,0,0,0,0,0,0
"03336193",1,"2015","2014",0,0.153,0.153,"2",0.15,0.15,"10","D",0,0,1,"D",1,"D",26454,"D",29364,"D",0,"D",0,"D",0,"D",0,"D",0,"D",2200,"D",60,"D",0,"D",0,"D",0,"D",4201,0,4240.2,4172.7,0,0,8540.15,8540.15,55818,55818,0,0,0,0,0,0,0,0,0,0,55818,55818,0,0,4240.2,4172.7,4240.2,4172.7,0,0,0,0,0,0,0,0,0,0,0
"03336213",1,"2015","2014",2,0.153,0.153,"2",0.2341,0.2341,"31","D",0.0637,0.0637,0,"D",0,"D",75000,"D",100000,"D",0,"D",0,"D",0,"D",0,"D",0,"D",8000,"D",0,"D",0,"D",2,"D",36704,"D",18665,6277,18767.28,18592.28,6276.9,6276.9,26775,26775,175000,175000,175000.01,175000.01,0,0,0,0,0,0,0,0,138296,138296,0,0,18767.28,18592.28,18767.28,18592.28,0,0,0,0,0,0,0,0,0,0,0
"03336233",1,"2015","2014",2,0.153,0.153,"3",0,0,"0","T",0,0,0,"D",0,"D",17402,"D",0,"D",0,"D",0,"D",0,"D",0,"D",5100,"D",0,"D",0,"D",0,"D",2,"D",0,"D",-7511,0,-7460,-7548,0,0,2662.51,2662.51,17402,17402,0,0,0,0,2000,2000,0,0,5460,5548,17402,17402,0,0,0,0,0,0,0,0,0,0,0,0,0,0,0,0,0
"03336233",2,"2015","2014",0,0,0,"1",-0.0765,-0.0765,"0","T",0,0,0,"D",0,"D",0,"D",0,"D",0,"D",0,"D",0,"D",0,"D",0,"D",0,"D",0,"D",0,"D",0,"D",0,"D",0,0,0,0,0,0,0,0,0,0,0,0,0,0,0,0,0,0,0,0,0,0,0,0,0,0,0,0,0,0,0,0,0,0,0,0,0,0,0
"03336273",1,"2015","2014",0,0,0,"1",0.1,0.1,"50","D",0,0,1,"D",1,"D",0,"D",0,"D",300,"D",12000,"D",25138,"D",0,"D",18000,"D",0,"D",720,"D",0,"D",0,"D",5480,"D",51,0,60,45,0,0,0,0,12300,12300,12300.01,12300.01,0,0,0,0,0,0,0,0,12300,12300,0,0,60,45,60,45,10080,10249.92,5480,5480,0,0,0,0,0,0,0
"03336283",1,"2015","2014",0,0.153,0.153,"2",0.2775,0.2775,"05","D",0.02,0.02,2,"D",2,"D",11372,"D",29348,"D",0,"D",0,"D",17933,"D",0,"D",0,"D",1810,"D",0,"D",0,"D",0,"D",2440,"D",3377,63,3420.53,3345.53,67.75,59.65,6230.16,6230.16,51553.53,51553.53,40720.01,40720.01,0,0,0,0,0,0,0,0,51553.53,51553.53,0,0,3420.53,3345.53,3420.53,3345.53,7984,8088,4250,4250,0,0,0,0,0,0,0
"03336293",1,"2015","2014",3,0.153,0.153,"3",-0.6,-0.6,"05","D",0,0,0,"D",0,"D",8000,"D",0,"D",6000,"D",0,"D",0,"D",0,"D",0,"D",0,"D",0,"D",0,"D",2,"D",0,"D",-1729,0,-1700,-1750,0,0,1224,1224,14000,14000,14000.01,14000.01,0,0,750,750,0,0,950,1000,14000,14000,0,0,0,0,0,0,7984,8088,0,0,0,0,0,0,0,0,0
"03336293",2,"2015","2014",0,0.153,0.153,"1",-0.0765,-0.0765,"05","D",0,0,0,"D",0,"D",6000,"D",0,"D",0,"D",0,"D",0,"D",0,"D",0,"D",0,"D",0,"D",0,"D",0,"D",0,"D",-459,0,-459,-459,0,0,918,918,6000,6000,6000.01,6000.01,0,0,0,0,0,0,459,459,6000,6000,0,0,0,0,0,0,3992,4044,0,0,0,0,0,0,0,0,0
"03336323",1,"2015","2014",0,0.038,0.038,"1",0.35,0.35,"11","D",0.06,0.06,0,"D",0,"D",228786,"D",0,"D",-3400,"D",0,"D",0,"D",0,"D",21540,"D",3600,"D",0,"D",0,"D",0,"D",0,"D",51998,12955,52240.1,51825.1,12955.16,12955.16,21401.87,21587.87,225386,225386,225386.01,225386.01,0,0,0,0,0,0,0,0,225386,225386,771.17,624.67,51468.93,51200.43,51468.93,51200.43,2300,2300,3600,3600,0,0,0,0,0,0,0
"03336403",1,"2015","2014",0,0.153,0.153,"1",0.15,0.15,"33","D",0.0657,0.0657,1,"D",1,"D",26318,"D",0,"D",0,"D",0,"D",0,"D",0,"D",0,"D",5000,"D",0,"D",0,"D",0,"D",0,"D",1721,840,1738.95,1708.95,846.59,835.61,4026.65,4026.65,26318,26318,26318.01,26318.01,0,0,0,0,0,0,0,0,26318,26318,0,0,1738.95,1708.95,1738.95,1708.95,7800,7900,0,0,0,0,0,0,0,0,0
"03336403",2,"2015","2014",0,0.153,0.153,"1",0.1,0.1,"33","D",0.0454,0.0454,0,"D",0,"D",18866,"D",0,"D",0,"D",0,"D",0,"D",0,"D",0,"D",0,"D",0,"D",0,"D",0,"D",0,"D",863,408,871.6,856.6,411.03,405.55,2886.5,2886.5,18866,18866,18866.01,18866.01,0,0,0,0,0,0,0,0,18866,18866,0,0,871.6,856.6,871.6,856.6,7800,7900,0,0,0,0,0,0,0,0,0
"03336413",1,"2015","2014",2,0,0,"3",-0.4,-0.4,"01","D",0,0,0,"D",0,"D",0,"D",0,"D",0,"D",1300,"D",0,"D",0,"D",0,"D",0,"D",130,"D",0,"D",0,"D",370,"D",0,0,0,0,0,0,0,0,1300,1300,1300.01,1300.01,0,0,0,0,0,0,0,0,1300,1300,0,0,0,0,0,0,4700,4700,500,500,0,0,0,0,0,0,0
"03336423",1,"2015","2014",1,0.153,0.153,"2",0.15,0.15,"14","D",0.0375,0.05,0,"D",0,"D",17069,"D",35977,"D",0,"D",0,"D",0,"D",0,"D",0,"D",0,"D",6,"D",0,"D",1,"D",0,"D",2373,1992,2411.9,2344.4,2333.55,1747.35,8116.04,8116.04,53046,53046,53046.01,53046.01,1000,1000,0,0,0,0,0,0,53046,53046,0,0,3411.9,3344.4,3411.9,3344.4,0,0,0,0,0,0,0,0,0,0,0
"03336463",1,"2015","2014",2,0,0,"3",0,0,"05","D",0,0,0,"D",0,"D",0,"D",0,"D",4294,"D",0,"D",0,"D",0,"D",0,"D",2200,"D",429,"D",0,"D",0,"D",3842,"D",0,0,0,0,0,0,0,0,4294,4294,4294.01,4294.01,0,0,0,0,0,0,0,0,4294,4294,0,0,0,0,0,0,7984,8088,6471,6471,0,0,0,0,0,0,0
"03336473",1,"2015","2014",1,0.153,0.153,"2",0.141,0.141,"05","D",0.06,0.06,0,"D",0,"D",68000,"D",42000,"D",-6459,"D",0,"D",0,"D",0,"D",0,"D",5000,"D",125,"D",0,"D",1,"D",31432,"D",6131,1401,6149.55,6116.94,1420.32,1387.7,16830,16830,103541,103541,103541.01,103541.01,1000,1000,0,0,0,0,0,0,72109,72109,0,0,7149.55,7116.95,7149.55,7116.94,7984,8088,36557,36557,0,0,0,0,0,0,0
"03336483",1,"2015","2014",0,0,0,"2",0.1839,0.1839,"28","D",0,0.0649,2,"D",2,"D",0,"D",0,"D",217,"D",32500,"D",41780,"D",0,"D",0,"D",3500,"D",1417,"D",0,"D",0,"D",25840,"D",730,103,735.46,725.46,247.02,0,0,0,46882.95,46882.95,46882.97,32717.01,0,0,0,0,0,0,0,0,21042.95,21042.95,0,0,735.46,725.46,735.46,725.46,0,0,30757,30757,0,0,0,0,0,0,0
"03336503",1,"2015","2014",0,0.153,0.153,"1",0.1,0.1,"50","D",0.1151,0.1151,0,"D",0,"D",18000,"D",0,"D",0,"D",0,"D",0,"D",0,"D",7980,"D",0,"D",0,"D",0,"D",0,"D",0,"D",776,-348,785,770,-342.85,-350.84,2754,2754,18000,18000,18000.01,18000.01,0,0,0,0,0,0,0,0,18000,18000,0,0,785,770,785,770,9684,9883.65,0,0,456.89,456.89,0,0,0,0,0
"03336513",1,"2015","2014",2,0,0,"3",-0.4,-0.4,"26","D",0,0,0,"D",0,"D",0,"D",0,"D",0,"D",0,"D",0,"D",0,"D",0,"D",1900,"D",0,"D",0,"D",0,"D",2380,"D",0,0,0,0,0,0,0,0,0,0,0.01,0.01,0,0,0,0,0,0,0,0,0,0,0,0,0,0,0,0,9100,9250,0,0,0,0,0,0,0,0,0
"03336523",1,"2015","2014",0,0.153,0.153,"1",0.2376,0.2376,"37","D",0.0499,0.0499,0,"D",0,"D",85000,"D",0,"D",-5511,"D",0,"D",0,"D",0,"D",0,"D",1700,"D",217,"D",0,"D",0,"D",5400,"D",12033,3351,12076.46,12001.46,3350.87,3350.87,13005,13005,79489,79489,79489.01,79489.01,0,0,0,0,0,0,0,0,74089,74089,0,0,12076.46,12001.46,12076.46,12001.46,6200,6300,10658.15,10658.15,0,0,0,0,0,0,0
"03336563",1,"2015","2014",2,0,0,"3",0,0,"50","D",0,0,0,"D",0,"D",0,"D",0,"D",4200,"D",0,"D",0,"D",0,"D",0,"D",0,"D",0,"D",0,"D",2,"D",0,"D",0,0,0,0,0,0,0,0,4200,4200,4200.01,4200.01,0,0,0,0,0,0,0,0,4200,4200,0,0,0,0,0,0,13020,13239.48,0,0,0,0,0,0,0,0,0
"03336573",1,"2015","2014",0,0,0,"1",-0.0765,-0.0765,"10","D",0,0,0,"D",0,"D",0,"D",0,"D",0,"D",3337,"D",0,"D",0,"D",1860,"D",0,"D",0,"D",0,"D",0,"D",0,"D",0,0,0,0,0,0,0,0,3337,3337,0,0,0,0,0,0,0,0,0,0,3337,3337,0,0,0,0,0,0,0,0,0,0,0,0,0,0,0,0,0
"03336583",1,"2015","2014",4,0.153,0.153,"2",0.15,0.15,"0","T",0,0,0,"D",0,"D",46800,"D",0,"D",9396,"D",0,"D",0,"D",0,"D",0,"D",1400,"D",0,"D",0,"D",2,"D",800,"D",54,0,106.9,16.9,0,0,7160.4,7160.4,56196,56196,0,0,2000,2000,0,0,0,0,0,0,56196,56196,0,0,2106.9,2016.9,2106.9,2016.9,0,0,0,0,0,0,0,0,0,0,0
"03336583",2,"2015","2014",0,0.153,0.153,"1",0.15,0.15,"0","T",0,0,0,"D",0,"D",27000,"D",0,"D",0,"D",0,"D",0,"D",0,"D",0,"D",0,"D",0,"D",0,"D",0,"D",0,"D",2056,0,2073.75,2043.75,0,0,4131,4131,27000,27000,0,0,0,0,0,0,0,0,0,0,27000,27000,0,0,2073.75,2043.75,2073.75,2043.75,0,0,0,0,0,0,0,0,0,0,0
"03336583",3,"2015","2014",4,0,0,"3",-0.45,-0.45,"0","T",0,0,0,"D",0,"D",0,"D",0,"D",0,"D",0,"D",0,"D",0,"D",0,"D",0,"D",0,"D",0,"D",2,"D",0,"D",0,0,0,0,0,0,0,0,0,0,0,0,0,0,0,0,0,0,0,0,0,0,0,0,0,0,0,0,0,0,0,0,0,0,0,0,0,0,0
"03336583",4,"2015","2014",4,0,0,"3",-0.45,-0.45,"0","T",0,0,0,"D",0,"D",0,"D",0,"D",0,"D",0,"D",0,"D",0,"D",0,"D",0,"D",0,"D",0,"D",2,"D",0,"D",0,0,0,0,0,0,0,0,0,0,0,0,0,0,0,0,0,0,0,0,0,0,0,0,0,0,0,0,0,0,0,0,0,0,0,0,0,0,0
"03336593",1,"2015","2014",0,0.153,0.153,"1",0.15,0.15,"02","D",0,0,0,"D",0,"D",25943,"D",0,"D",2000,"D",0,"D",0,"D",0,"D",0,"D",390,"D",2,"D",0,"D",0,"D",3360,"D",2198,0,2215.2,2185.2,0,0,3969.28,3969.28,27943,27943,0,0,0,0,0,0,0,0,0,0,27943,27943,0,0,2215.2,2185.2,2215.2,2185.2,0,0,0,0,0,0,0,0,0,0,0
"03336653",1,"2015","2014",5,0.153,0.153,"3",0.15,0.15,"07","D",0.045,0.045,0,"D",0,"D",61000,"D",0,"D",4160,"D",0,"D",0,"D",0,"D",21576,"D",0,"D",900,"D",0,"D",3,"D",0,"D",1161,2644,1206.5,1129,2644.2,2644.2,9333,9333,65160,65160,65160.01,65160.01,3000,3000,0,0,0,0,0,0,65160,65160,0,0,4206.5,4129,4206.5,4129,0,0,0,0,0,0,0,0,0,0,0
"03336653",2,"2015","2014",0,0.153,0.153,"1",0,0.0765,"07","D",0,0.021,0,"D",0,"D",8127,"D",0,"D",0,"D",0,"D",0,"D",0,"D",0,"D",0,"D",0,"D",0,"D",0,"D",0,"D",-500,-137,-494.7,-503,-136.04,-138.33,1243.43,1243.43,8127,8127,8127.01,8127.01,0,0,0,0,0,0,494.7,503,8127,8127,0,0,0,0,0,0,0,0,0,0,0,0,0,0,136.04,138.33,0
"03336653",3,"2015","2014",0,0.153,0.153,"1",0.15,0.15,"07","D",0.0195,0.0195,0,"D",0,"D",22854,"D",0,"D",0,"D",0,"D",0,"D",0,"D",0,"D",0,"D",0,"D",0,"D",0,"D",0,"D",1434,163,1451.85,1421.85,162.9,162.9,3496.66,3496.66,22854,22854,22854.01,22854.01,0,0,0,0,0,0,0,0,22854,22854,0,0,1451.85,1421.85,1451.85,1421.85,0,0,0,0,0,0,0,0,0,0,0
"03336653",4,"2015","2014",5,0,0,"3",-0.45,-0.45,"07","D",-0.1238,-0.1238,0,"D",0,"D",0,"D",0,"D",0,"D",0,"D",0,"D",0,"D",0,"D",0,"D",0,"D",0,"D",3,"D",0,"D",0,0,0,0,0,0,0,0,0,0,0.01,0.01,0,0,0,0,0,0,0,0,0,0,0,0,0,0,0,0,0,0,0,0,0,0,0,0,0,0,0
"03336713",1,"2015","2014",3,0.153,0.153,"2",0.1,0.1,"33","D",0.059,0.059,0,"D",0,"D",7389,"D",35545,"D",5509,"D",0,"D",0,"D",0,"D",0,"D",0,"D",215,"D",0,"D",2,"D",6400,"D",-397,451,-370.7,-415.7,668.26,296.32,6568.9,6568.9,48443,48443,48443.01,48443.01,1629.3,1584.3,370.7,415.7,0,0,0,0,48443,48443,0,0,1629.3,1584.3,1629.3,1584.3,15650,15850,0,0,0,0,0,0,0,0,0
"03336713",2,"2015","2014",3,0,0,"3",-0.45,-0.45,"33","D",-0.135,-0.135,0,"D",0,"D",0,"D",0,"D",0,"D",0,"D",0,"D",0,"D",0,"D",0,"D",0,"D",0,"D",2,"D",0,"D",0,-300,0,0,-300,-300,0,0,0,0,0.01,0.01,0,0,0,0,0,0,0,0,0,0,0,0,0,0,0,0,10950,11100,0,0,0,0,0,0,0,0,0
"03336733",1,"2015","2014",2,0,0,"3",0.15,0.15,"44","D",0,0,0,"D",0,"D",0,"D",0,"D",42000,"D",3500,"D",0,"D",0,"D",0,"D",1200,"D",50,"D",0,"D",0,"D",6000,"D",3003,0,3035,2980,0,0,0,0,45500,45500,0,0,0,0,0,0,0,0,0,0,45500,45500,0,0,3035,2980,3035,2980,0,0,0,0,0,0,0,0,0,0,0
"03336763",1,"2015","2014",0,0.029,0.029,"2",0.2548,0.2548,"38","D",0.09,0.09,0,"D",0,"D",0,"D",228786,"D",0,"D",0,"D",0,"D",0,"D",0,"D",5500,"D",749,"D",0,"D",0,"D",21652,"D",36382,17036,36509.88,36291.14,17046.15,17029.15,21142.79,21328.79,228786,228786,228786.01,228786.01,0,0,0,0,0,0,0,0,207134,207134,0,0,36509.88,36291.14,36509.88,36291.14,4231.2,4289.91,27901,27901,0,0,0,0,0,0,0
"03336763",2,"2015","2014",1,0,0,"3",-0.34,-0.34,"38","D",-0.0272,-0.0272,0,"D",0,"D",0,"D",0,"D",0,"D",0,"D",0,"D",0,"D",0,"D",0,"D",0,"D",0,"D",1,"D",0,"D",0,0,0,0,0,0,0,0,0,0,0.01,0.01,0,0,0,0,0,0,0,0,0,0,0,0,0,0,0,0,3405.6,3452.86,0,0,0,0,0,0,0,0,0
"03336773",1,"2015","2014",1,0.153,0.153,"2",0.1425,0.1425,"28","D",0.0501,0.0501,0,"D",0,"D",32000,"D",35000,"D",0,"D",0,"D",0,"D",0,"D",0,"D",3000,"D",467,"D",0,"D",1,"D",12948,"D",3650,1538,3670.65,3635.5,1547.31,1531.66,10251,10251,67000,67000,67000.01,67000.01,1000,1000,0,0,0,0,0,0,54052,54052,0,0,4670.65,4635.5,4670.65,4635.5,0,0,16415,16415,0,0,0,0,0,0,0
"03336793",1,"2015","2014",0,0.029,0.029,"1",0.2656,0.2654,"22","D",0.0515,0.052,0,"D",0,"D",148000,"D",0,"D",0,"D",0,"D",0,"D",0,"D",23100,"D",6000,"D",100,"D",0,"D",0,"D",26416,"D",22329,7167,22387.25,22288.16,7207.2,7137.9,18800,18986,148000,148000,148000.01,148000.01,0,0,0,0,0,0,0,0,121584,121584,0,0,22387.25,22288.16,22387.25,22288.16,0,0,0,0,0,0,0,0,0,0,0
"03336833",1,"2015","2014",2,0,0,"3",-0.4,-0.4,"31","D",-0.12,-0.08,0,"D",0,"D",0,"D",0,"D",0,"D",11773,"D",0,"D",0,"D",0,"D",8000,"D",95,"D",0,"D",0,"D",0,"D",0,0,0,0,0,0,0,0,11773,11773,11773.01,11773.01,0,0,0,0,0,0,0,0,11773,11773,0,0,0,0,0,0,0,0,0,0,0,0,0,0,0,0,0
"03336843",1,"2015","2014",3,0.153,0.153,"2",0.2805,0.2806,"33","D",0.078,0.0777,0,"D",0,"D",88535,"D",35454,"D",80,"D",0,"D",0,"D",0,"D",0,"D",7000,"D",194,"D",0,"D",2,"D",0,"D",13045,6173,13094.94,13008.71,6409.06,6003.94,18970.32,18970.32,124069,124069,124069.01,124069.01,1296.55,1296.55,0,0,0,0,0,0,124069,124069,0,0,14391.49,14305.26,14391.49,14305.26,15650,15850,7194,7194,0,0,0,0,0,0,0
"03336853",1,"2015","2014",0,0.153,0.153,"2",0.1,0.1,"34","D",0.0575,0.058,0,"D",0,"D",2000,"D",21087,"D",0,"D",0,"D",0,"D",0,"D",0,"D",1750,"D",0,"D",0,"D",0,"D",1200,"D",261,467,278.7,248.7,469.05,465,3532.31,3532.31,23087,23087,23087.01,23087.01,0,0,0,0,0,0,0,0,23087,23087,0,0,278.7,248.7,278.7,248.7,15000,15000,2950,2950,0,0,0,0,0,0,0
"03336863",1,"2015","2014",5,0,0,"3",-0.45,-0.45,"45","D",0,0,1,"D",1,"D",0,"D",0,"D",0,"D",0,"D",21658,"D",0,"D",0,"D",950,"D",352,"D",0,"D",4,"D",0,"D",0,0,0,0,0,0,0,0,0,0,0.01,0.01,0,0,0,0,0,0,0,0,0,0,0,0,0,0,0,0,0,0,0,0,0,0,0,0,0,0,0
"03336883",1,"2015","2014",0,0,0,"1",0,0,"21","D",0,0,1,"D",1,"D",0,"D",0,"D",93,"D",0,"D",17616,"D",0,"D",0,"D",3600,"D",0,"D",0,"D",0,"D",0,"D",0,0,0,0,0,0,0,0,93,93,93.01,93.01,0,0,0,0,0,0,0,0,93,93,0,0,0,0,0,0,1500,1500,0,0,0,0,0,0,0,0,0
"03336903",1,"2015","2014",2,0.153,0.153,"3",0.1,0.1,"44","D",0,0,0,"D",0,"D",13661,"D",0,"D",14800,"D",0,"D",0,"D",240,"D",10200,"D",0,"D",984,"D",0,"D",1,"D",120,"D",-266,0,-248.9,-278.9,0,0,2090.13,2090.13,28461,28461,0,0,751.1,721.1,248.9,278.9,0,0,0,0,28461,28461,0,0,751.1,721.1,751.1,721.1,0,0,0,0,0,0,0,0,0,0,0
"03336913",1,"2015","2014",0,0,0,"1",-0.0765,-0.0765,"14","D",-0.0077,-0.0077,0,"D",0,"D",0,"D",0,"D",0,"D",0,"D",8796,"D",0,"D",6060,"D",0,"D",0,"D",0,"D",0,"D",0,"D",0,0,0,0,0,0,0,0,0,0,0.01,0.01,0,0,0,0,0,0,0,0,0,0,0,0,0,0,0,0,0,0,0,0,0,0,0,0,0,0,0
"03336933",1,"2015","2014",0,0,0,"1",0,0,"29","D",0,0,1,"D",1,"D",0,"D",0,"D",0,"D",8400,"D",13462,"D",0,"D",0,"D",1500,"D",127,"D",0,"D",0,"D",0,"D",0,0,0,0,0,0,0,0,8400,8400,0,0,0,0,0,0,0,0,0,0,8400,8400,0,0,0,0,0,0,0,0,0,0,0,0,0,0,0,0,0
"03336953",1,"2015","2014",2,0,0,"3",0.318,0.318,"05","D",0.113,0.113,0,"D",0,"D",0,"D",0,"D",504034,"D",0,"D",0,"D",0,"D",0,"D",3800,"D",0,"D",0,"D",0,"D",15864,"D",144557,44274,144590.89,144532.89,44369.05,44205.54,0,0,504034,504034,504034.01,504034.01,0,0,0,0,0,0,0,0,488170,488170,3858.74,4543.06,129178.86,128436.54,129178.86,128436.54,7984,8088,5299.13,5505.5,0,0,0,0,0,0,0
"03336963",1,"2015","2014",0,0,0,"1",0,0,"39","D",0,0,1,"D",1,"D",0,"D",0,"D",0,"D",2229,"D",0,"D",0,"D",26400,"D",0,"D",0,"D",0,"D",0,"D",0,"D",0,0,0,0,0,0,0,0,2229,2229,0.01,0.01,0,0,0,0,0,0,0,0,2229,2229,0,0,0,0,0,0,0,0,0,0,0,0,0,0,0,0,0
"03336983",1,"2015","2014",0,0.153,0.153,"2",0.1403,0.1403,"33","D",0.0645,0.0645,0,"D",0,"D",33347,"D",34968,"D",41,"D",0,"D",0,"D",0,"D",0,"D",8000,"D",0,"D",0,"D",0,"D",7376,"D",5428,2725,5443.24,5417.5,2741.76,2713.33,10452.19,10452.19,68356,68356,68356.01,68356.01,0,0,0,0,0,0,0,0,60980,60980,0,0,5443.24,5417.5,5443.24,5417.5,15650,15850,15376,15376,0,0,0,0,0,0,0
"03336983",2,"2015","2014",0,0.153,0.153,"1",0.15,0.15,"33","D",0.0645,0.0645,0,"D",0,"D",35503,"D",0,"D",0,"D",0,"D",0,"D",0,"D",0,"D",0,"D",0,"D",0,"D",0,"D",0,"D",3332,1450,3349.2,3319.2,1457.96,1443.74,5431.96,5431.96,35503,35503,35503.01,35503.01,0,0,0,0,0,0,0,0,35503,35503,0,0,3349.2,3319.2,3349.2,3319.2,7800,7900,0,0,0,0,0,0,0,0,0
"03336993",1,"2015","2014",0,0.153,0.153,"2",0.15,0.15,"23","D",0.0635,0.0635,0,"D",0,"D",15000,"D",30000,"D",0,"D",0,"D",0,"D",0,"D",0,"D",2000,"D",278,"D",0,"D",0,"D",232,"D",2763,1318,2797.5,2737.5,1317.52,1317.52,6885,6885,45000,45000,45000.01,45000.01,0,0,0,0,0,0,0,0,45000,45000,0,0,2797.5,2737.5,2797.5,2737.5,0,0,0,0,254.98,254.98,0,0,0,0,0
"03336993",2,"2015","2014",1,0,0,"3",-0.34,-0.34,"23","D",-0.0029,-0.0029,0,"D",0,"D",0,"D",0,"D",0,"D",0,"D",0,"D",0,"D",0,"D",0,"D",0,"D",0,"D",0,"D",0,"D",0,-303,0,0,-302.98,-302.98,0,0,0,0,0.01,0.01,0,0,0,0,0,0,0,0,0,0,0,0,0,0,0,0,0,0,0,0,0,0,0,0,0,0,0
"03337033",1,"2015","2014",0,0,0,"1",0,0,"34","D",0,0,1,"D",1,"D",0,"D",0,"D",0,"D",0,"D",16510,"D",0,"D",0,"D",880,"D",0,"D",0,"D",0,"D",3492,"D",0,0,0,0,0,0,0,0,0,0,0.01,0.01,0,0,0,0,0,0,0,0,0,0,0,0,0,0,0,0,7500,7500,4372,4372,0,0,0,0,0,0,0
"03337053",1,"2015","2014",2,0,0,"3",-0.4,-0.4,"44","D",0,0,0,"D",0,"D",0,"D",0,"D",0,"D",14000,"D",0,"D",0,"D",0,"D",2500,"D",610,"D",0,"D",0,"D",0,"D",0,0,0,0,0,0,0,0,14000,14000,0,0,0,0,0,0,0,0,0,0,14000,14000,0,0,0,0,0,0,0,0,0,0,0,0,0,0,0,0,0
"03337073",1,"2015","2014",0,0.0638,0.0638,"2",0.33,0.33,"44","D",0,0,0,"D",0,"D",228786,"D",59989,"D",-1000,"D",0,"D",0,"D",0,"D",19800,"D",0,"D",1820,"D",0,"D",0,"D",0,"D",63894,0,64171.25,63696.75,0,0,30670.09,30856.09,287775,287775,0,0,0,0,0,0,0,0,0,0,287775,287775,0,0,64171.25,63696.75,64171.25,63696.75,0,0,0,0,0,0,0,0,0,0,0
"03337083",1,"2015","2014",0,0.153,0.153,"1",0.25,0.25,"19","D",0.03,0.03,0,"D",0,"D",50000,"D",0,"D",0,"D",0,"D",0,"D",0,"D",11760,"D",0,"D",0,"D",0,"D",0,"D",0,"D",5760,1440,5818.75,5718.75,1437.25,1441.25,7650,7650,50000,50000,50000.01,50000.01,0,0,0,0,0,0,0,0,50000,50000,0,0,5818.75,5718.75,5818.75,5718.75,0,0,0,0,0,0,0,0,0,0,0
"03337093",1,"2015","2014",1,0,0,"3",-0.34,-0.34,"44","D",0,0,1,"D",1,"D",0,"D",0,"D",0,"D",0,"D",12638,"D",0,"D",0,"D",0,"D",40,"D",0,"D",0,"D",0,"D",0,0,0,0,0,0,0,0,0,0,0,0,0,0,0,0,0,0,0,0,0,0,0,0,0,0,0,0,0,0,0,0,0,0,0,0,0,0,0
"03337103",1,"2015","2014",4,0,0,"3",-0.45,-0.45,"03","D",0,0,0,"D",0,"D",0,"D",0,"D",0,"D",0,"D",0,"D",0,"D",0,"D",1000,"D",0,"D",0,"D",2,"D",5050,"D",0,-100,0,0,-100,-100,0,0,0,0,0.01,0.01,0,0,0,0,0,0,0,0,0,0,0,0,0,0,0,0,10018,10182,6050.06,6050.06,0,0,0,0,0,0,0
"03337113",1,"2015","2014",3,0.153,0.153,"3",-0.45,-0.45,"44","D",0,0,0,"D",0,"D",1000,"D",0,"D",1500,"D",0,"D",0,"D",0,"D",0,"D",0,"D",188,"D",0,"D",3,"D",0,"D",-450,0,-450,-450,0,0,153,153,2500,2500,0,0,0,0,0,0,0,0,450,450,2500,2500,0,0,0,0,0,0,0,0,0,0,0,0,0,0,0,0,0
"03337133",1,"2015","2014",3,0.153,0.153,"3",0.0606,0.0606,"44","D",0,0,0,"D",0,"D",22000,"D",0,"D",3000,"D",0,"D",0,"D",0,"D",10200,"D",0,"D",0,"D",1040,"D",3,"D",0,"D",-7580,0,-7483,-7649.39,0,0,3366,3366,25000,25000,0,0,0,0,2850,2850,10,0,4633,4799.39,25000,25000,0,0,10,0,10,0,0,0,0,0,0,0,0,0,0,0,0
"03337173",1,"2015","2014",0,0.153,0.153,"2",0.1,0.1,"05","D",0.02,0.02,0,"D",0,"D",10000,"D",18000,"D",8000,"D",0,"D",0,"D",0,"D",0,"D",4000,"D",5,"D",0,"D",0,"D",400,"D",1553,186,1570,1540,189.35,183.25,4284,4284,36000,36000,36000.01,36000.01,0,0,0,0,0,0,0,0,36000,36000,0,0,1570,1540,1570,1540,7984,8088,4405,4405,0,0,0,0,0,0,0
"03337173",2,"2015","2014",0,0.153,0.153,"1",0.15,0.15,"05","D",0.06,0.06,0,"D",0,"D",37000,"D",0,"D",0,"D",0,"D",0,"D",0,"D",0,"D",0,"D",0,"D",0,"D",0,"D",0,"D",3556,837,3573.75,3543.75,847.62,830.19,5661,5661,37000,37000,37000.01,37000.01,0,0,0,0,0,0,0,0,37000,37000,0,0,3573.75,3543.75,3573.75,3543.75,3992,4044,0,0,0,0,0,0,0,0,0
"03337203",1,"2015","2014",2,0,0,"3",0,0,"02","D",0,0,0,"D",0,"D",0,"D",0,"D",8000,"D",1600,"D",0,"D",0,"D",0,"D",5000,"D",1130,"D",0,"D",0,"D",1040,"D",0,0,0,0,0,0,0,0,9600,9600,0,0,0,0,0,0,0,0,0,0,9600,9600,0,0,0,0,0,0,0,0,0,0,0,0,0,0,0,0,0
"03337213",1,"2015","2014",2,0,0,"3",-0.4,-0.4,"0","T",0,0,0,"D",0,"D",0,"D",0,"D",369,"D",218,"D",0,"D",0,"D",0,"D",500,"D",0,"D",0,"D",0,"D",2400,"D",0,0,0,0,0,0,0,0,587,587,0,0,0,0,0,0,0,0,0,0,587,587,0,0,0,0,0,0,0,0,0,0,0,0,0,0,0,0,0
"03337243",1,"2015","2014",2,0.153,0.153,"2",0.15,0.15,"36","D",0.0316,0.0324,0,"D",0,"D",26000,"D",55000,"D",-2251,"D",0,"D",0,"D",0,"D",0,"D",1900,"D",0,"D",0,"D",2,"D",4000,"D",4631,1797,4674.85,4599.85,1865.55,1747.97,12393,12393,78749,78749,78749.01,78749.01,2000,2000,0,0,0,0,0,0,78749,78749,0,0,6674.85,6599.85,6674.85,6599.85,0,0,0,0,0,0,0,0,0,0,0
"03337273",1,"2015","2014",0,0,0,"2",0.2775,0.2775,"36","D",0.0297,0.0317,1,"D",1,"D",0,"D",0,"D",0,"D",36108,"D",28028,"D",0,"D",0,"D",5000,"D",1185,"D",0,"D",0,"D",300,"D",2925,400,2964.26,2896.76,424.56,382.05,0,0,47311.7,47311.7,36108.01,36108.01,0,0,0,0,0,0,0,0,47311.7,47311.7,0,0,2964.26,2896.76,2964.26,2896.76,0,0,0,0,0,0,0,0,0,0,0
"03337283",1,"2015","2014",0,0,0,"1",0,0,"41","D",0,0,0,"D",0,"D",0,"D",0,"D",6000,"D",0,"D",0,"D",0,"D",7860,"D",0,"D",130,"D",0,"D",0,"D",0,"D",0,0,0,0,0,0,0,0,6000,6000,0,0,0,0,0,0,0,0,0,0,6000,6000,0,0,0,0,0,0,0,0,0,0,0,0,0,0,0,0,0
"03337303",1,"2015","2014",3,0.153,0.153,"2",0.15,0.15,"05","D",0.06,0.06,0,"D",0,"D",40000,"D",40000,"D",-2538,"D",0,"D",0,"D",0,"D",18000,"D",0,"D",0,"D",0,"D",2,"D",0,"D",3841,877,3889.3,3806.8,903.96,857.1,12240,12240,77462,77462,77462.01,77462.01,2000,2000,0,0,0,0,0,0,77462,77462,0,0,5889.3,5806.8,5889.3,5806.8,7984,8088,0,0,0,0,0,0,0,0,0
"03337363",1,"2015","2014",2,0.029,0.029,"2",0.2698,0.2698,"01","D",0.0365,0.0365,0,"D",0,"D",0,"D",228786,"D",-4501,"D",1850,"D",0,"D",0,"D",0,"D",1700,"D",135,"D",0,"D",1,"D",12252,"D",39838,7900,39986.11,39732.67,7895.57,7902.5,21142.79,21328.79,226135,226135,226135.01,226135.01,0,0,0,0,0,0,0,0,213883,213883,0,0,39986.11,39732.67,39986.11,39732.67,4000,4000,23037.5,23152.25,0,0,0,0,0,0,0
"03337393",1,"2015","2014",0,0.153,0.153,"2",0.15,0.15,"37","D",0.0525,0.0525,0,"D",0,"D",34503,"D",46240,"D",0,"D",0,"D",0,"D",0,"D",0,"D",0,"D",365,"D",0,"D",0,"D",0,"D",8124,3084,8158.95,8098.95,3090.51,3080.01,12353.68,12353.68,80743,80743,80743.01,80743.01,0,0,0,0,0,0,0,0,80743,80743,0,0,8158.95,8098.95,8158.95,8098.95,12400,12600,0,0,0,0,0,0,0,0,0
"03337403",1,"2015","2014",5,0.153,0.153,"2",0.15,0.15,"0","T",0,0,0,"D",0,"D",46175,"D",24000,"D",0,"D",0,"D",0,"D",0,"D",0,"D",2100,"D",34,"D",0,"D",4,"D",11844,"D",-665,0,-625.45,-692.95,0,0,10736.77,10736.77,70175,70175,0,0,3374.55,3307.05,625.45,692.95,0,0,0,0,58331,58331,0,0,3374.55,3307.05,3374.55,3307.05,0,0,0,0,0,0,0,0,0,0,0
"03337413",1,"2015","2014",2,0.153,0.153,"3",0,0.2106,"29","D",0,0,0,"D",0,"D",18000,"D",0,"D",0,"D",0,"D",0,"D",0,"D",0,"D",1200,"D",0,"D",0,"D",2,"D",3916,"D",-7496,0,-7424.2,-7548,0,0,2754,2754,18000,18000,0,0,0,0,2000,2000,0,0,5424.2,5548,18000,18000,0,0,0,0,0,0,0,0,0,0,0,0,0,0,0,0,0
"03337423",1,"2015","2014",0,0,0,"1",0,0,"33","D",0,0,1,"D",1,"D",0,"D",0,"D",1300,"D",0,"D",6600,"D",0,"D",8400,"D",0,"D",3,"D",0,"D",0,"D",0,"D",0,0,0,0,0,0,0,0,1300,1300,1300.01,1300.01,0,0,0,0,0,0,0,0,1300,1300,0,0,0,0,0,0,7800,7900,0,0,0,0,0,0,0,0,0
"03337513",1,"2015","2014",0,0.153,0.153,"2",0.15,0.15,"0","T",0,0,0,"D",0,"D",0,"D",60000,"D",0,"D",0,"D",0,"D",0,"D",0,"D",200,"D",140,"D",0,"D",0,"D",96,"D",5013,0,5047.5,4987.5,0,0,9180,9180,60000,60000,0,0,0,0,0,0,0,0,0,0,60000,60000,0,0,5047.5,4987.5,5047.5,4987.5,0,0,0,0,0,0,0,0,0,0,0
"03337533",1,"2015","2014",0,0.153,0.153,"1",0.1,0.1,"08","D",0.048,0.048,0,"D",0,"D",15000,"D",0,"D",0,"D",0,"D",0,"D",0,"D",0,"D",0,"D",0,"D",0,"D",0,"D",0,"D",476,235,485,470,235,235,2295,2295,15000,15000,15000.01,15000.01,0,0,0,0,0,0,0,0,15000,15000,0,0,485,470,485,470,3250,3250,0,0,0,0,0,0,0,0,0
"03337533",2,"2015","2014",0,0,0,"1",-0.0765,-0.0765,"08","D",0,0,0,"D",0,"D",0,"D",0,"D",0,"D",0,"D",0,"D",0,"D",0,"D",0,"D",0,"D",0,"D",0,"D",0,"D",0,0,0,0,0,0,0,0,0,0,0.01,0.01,0,0,0,0,0,0,0,0,0,0,0,0,0,0,0,0,3250,3250,0,0,0,0,0,0,0,0,0
"03337553",1,"2015","2014",2,0.153,0.153,"2",0.3106,0.3106,"44","D",0,0,0,"D",0,"D",40000,"D",0,"D",0,"D",0,"D",0,"D",0,"D",0,"D",2800,"D",0,"D",0,"D",2,"D",6000,"D",-2877,0,-2754.56,-2964.69,0,0,6120,6120,40000,40000,0,0,1180,1140,820,860,0,0,1934.56,2104.69,40000,40000,0,0,1180,1140,1180,1140,0,0,0,0,0,0,0,0,0,0,0
"03337553",2,"2015","2014",2,0.153,0.153,"3",0.3,0.3,"44","D",0,0,0,"D",0,"D",80000,"D",0,"D",0,"D",0,"D",0,"D",0,"D",0,"D",0,"D",0,"D",0,"D",1,"D",0,"D",8329,0,8425,8260,0,0,12240,12240,80000,80000,0,0,750,750,0,0,0,0,0,0,80000,80000,0,0,9175,9010,9175,9010,0,0,0,0,0,0,0,0,0,0,0
"03337563",1,"2015","2014",0,0.153,0.153,"1",0.25,0.25,"44","D",0,0,0,"D",0,"D",52000,"D",0,"D",0,"D",0,"D",0,"D",0,"D",0,"D",0,"D",0,"D",0,"D",0,"D",0,"D",6260,0,6318.75,6218.75,0,0,7956,7956,52000,52000,0,0,0,0,0,0,0,0,0,0,52000,52000,0,0,6318.75,6218.75,6318.75,6218.75,0,0,0,0,0,0,0,0,0,0,0
"03337563",2,"2015","2014",0,0,0,"1",-0.0765,-0.0765,"44","D",0,0,0,"D",0,"D",0,"D",0,"D",0,"D",0,"D",0,"D",0,"D",0,"D",0,"D",0,"D",0,"D",0,"D",0,"D",0,0,0,0,0,0,0,0,0,0,0,0,0,0,0,0,0,0,0,0,0,0,0,0,0,0,0,0,0,0,0,0,0,0,0,0,0,0,0
"03337573",1,"2015","2014",0,0.153,0.153,"1",0.0765,0.0765,"05","D",0,0,0,"D",0,"D",9000,"D",0,"D",0,"D",0,"D",0,"D",0,"D",7200,"D",0,"D",0,"D",0,"D",0,"D",0,"D",-438,0,-427.91,-445.62,0,0,1377,1377,9000,9000,9000.01,9000.01,0,0,0,0,0,0,427.91,445.62,9000,9000,0,0,0,0,0,0,3992,4044,0,0,0,0,0,0,0,0,0
"03337573",3,"2015","2014",0,0.153,0.153,"1",0,0,"05","D",0,0,0,"D",0,"D",7500,"D",0,"D",0,"D",0,"D",0,"D",0,"D",0,"D",0,"D",0,"D",0,"D",0,"D",0,"D",-500,0,-496,-503,0,0,1147.5,1147.5,7500,7500,7500.01,7500.01,0,0,0,0,0,0,496,503,7500,7500,0,0,0,0,0,0,3992,4044,0,0,0,0,0,0,0,0,0
"03337583",1,"2015","2014",0,0.153,0.153,"2",0.25,0.25,"03","D",0.0424,0.0424,0,"D",0,"D",60000,"D",90000,"D",0,"D",0,"D",0,"D",0,"D",0,"D",1900,"D",200,"D",0,"D",0,"D",0,"D",24021,4564,24137.5,23937.5,4579.16,4553,22950,22950,150000,150000,150000.01,150000.01,0,0,0,0,0,0,0,0,150000,150000,0,0,24137.5,23937.5,24137.5,23937.5,10018,10182,6679.16,6653,0,0,0,0,0,0,0
"03337593",1,"2015","2014",2,0.153,0.153,"3",0.15,0.15,"03","D",0.0288,0.0288,0,"D",0,"D",56781,"D",0,"D",862,"D",0,"D",0,"D",0,"D",0,"D",550,"D",0,"D",0,"D",0,"D",2480,"D",4824,1057,4856.45,4801.45,1060.16,1054.49,8687.49,8687.49,57643,57643,57643.01,57643.01,0,0,0,0,0,0,0,0,57643,57643,0,0,4856.45,4801.45,4856.45,4801.45,10018,10182,4090.16,4084.49,0,0,0,0,0,0,0
"03337593",2,"2015","2014",0,0.153,0.153,"1",0.15,0.15,"03","D",0.0336,0.0336,0,"D",0,"D",36092,"D",0,"D",0,"D",0,"D",0,"D",0,"D",0,"D",0,"D",0,"D",0,"D",0,"D",0,"D",3420,822,3437.55,3407.55,824.83,819.64,5522.08,5522.08,36092,36092,36092.01,36092.01,0,0,0,0,0,0,0,0,36092,36092,0,0,3437.55,3407.55,3437.55,3407.55,5009,5091,824.83,819.65,0,0,0,0,0,0,0
"03337593",4,"2015","2014",0,0.153,0.153,"1",0.1,0.1,"03","D",0.0259,0.0259,0,"D",0,"D",16483,"D",0,"D",0,"D",0,"D",0,"D",0,"D",0,"D",0,"D",0,"D",0,"D",0,"D",0,"D",625,242,633.3,618.3,242.79,240.66,2521.9,2521.9,16483,16483,16483.01,16483.01,0,0,0,0,0,0,0,0,16483,16483,0,0,633.3,618.3,633.3,618.3,5009,5091,280.9,280.9,0,0,0,0,0,0,0
"03337623",1,"2015","2014",0,0.029,0.029,"1",0.2548,0.2548,"38","D",0.09,0.09,0,"D",0,"D",140000,"D",0,"D",-8594,"D",0,"D",0,"D",0,"D",13140,"D",0,"D",2266,"D",0,"D",0,"D",0,"D",25132,10813,25199.32,25084.46,10820.1,10807.1,18568,18754,131406,131406,131406.01,131406.01,0,0,0,0,0,0,0,0,131406,131406,0,0,25199.32,25084.46,25199.32,25084.46,2115.6,2144.96,2266,2266,0,0,0,0,0,0,0
"03337633",1,"2015","2014",0,0.153,0.153,"1",0.25,0.25,"33","D",0.0645,0.0645,0,"D",0,"D",60000,"D",0,"D",88,"D",0,"D",0,"D",0,"D",15888,"D",0,"D",270,"D",0,"D",0,"D",960,"D",8282,3035,8340.75,8240.75,3043.69,3029.47,9180,9180,60088,60088,60088.01,60088.01,0,0,0,0,0,0,0,0,60088,60088,0,0,8340.75,8240.75,8340.75,8240.75,7800,7900,0,0,0,0,0,0,0,0,0
"03337683",1,"2015","2014",2,0,0,"3",-0.4,-0.4,"0","T",0,0,0,"D",0,"D",0,"D",0,"D",0,"D",0,"D",0,"D",0,"D",0,"D",490,"D",0,"D",0,"D",0,"D",240,"D",0,0,0,0,0,0,0,0,0,0,0,0,0,0,0,0,0,0,0,0,0,0,0,0,0,0,0,0,0,0,0,0,0,0,0,0,0,0,0
"03337703",1,"2015","2014",0,0.153,0.153,"2",0.25,0.2423,"39","D",0.0307,0.0307,1,"D",0,"D",0,"D",100000,"D",0,"D",0,"D",0,"D",0,"D",0,"D",2600,"D",0,"D",0,"D",0,"D",6796,"D",11332,3070,11621,11125,3070,3070,15300,15300,100000,100000,100000.01,100000.01,0,0,0,0,0,0,0,0,93204,100000,0,0,11621,11125,11621,11125,0,0,0,0,0,0,0,0,0,0,0
"03337713",1,"2015","2014",2,0.153,0.153,"2",0.1429,0.1429,"21","D",0.0475,0.0475,0,"D",0,"D",62000,"D",16000,"D",0,"D",0,"D",0,"D",0,"D",0,"D",2500,"D",3,"D",0,"D",1,"D",17148,"D",4140,2054,4166.74,4121.74,2054.08,2054.08,11934,11934,78000,78000,76800.01,76800.01,1000,1000,0,0,0,0,0,0,60852,60852,0,0,5166.74,5121.74,5166.74,5121.74,4000,4000,19651,19651,0,0,0,0,0,0,0
"03337733",1,"2015","2014",1,0,0,"3",-0.34,-0.34,"26","D",0.015,0.02,0,"D",0,"D",0,"D",0,"D",0,"D",14844,"D",8998,"D",0,"D",0,"D",150,"D",400,"D",0,"D",0,"D",0,"D",0,14,0,0,15.88,13.41,0,0,14844,14844,14844.01,14844.01,0,0,0,0,0,0,0,0,14844,14844,0,0,0,0,0,0,9100,9250,0,0,0,0,0,0,0,0,0
"03337753",1,"2015","2014",0,0.153,0.153,"1",0.15,0.15,"05","D",0.06,0.06,0,"D",0,"D",44000,"D",0,"D",0,"D",0,"D",0,"D",0,"D",15180,"D",0,"D",0,"D",0,"D",0,"D",0,"D",4606,1257,4623.75,4593.75,1267.62,1250.19,6732,6732,44000,44000,44000.01,44000.01,0,0,0,0,0,0,0,0,44000,44000,0,0,4623.75,4593.75,4623.75,4593.75,3992,4044,0,0,0,0,0,0,0,0,0
"03337763",1,"2015","2014",0,0.153,0.153,"2",0.1405,0.1405,"45","D",0.063,0.063,0,"D",0,"D",62000,"D",6000,"D",0,"D",0,"D",0,"D",0,"D",0,"D",1200,"D",935,"D",0,"D",0,"D",11220,"D",5672,2768,5688.17,5659.68,2773.86,2763.78,10404,10404,68000,68000,68000.01,68000.01,0,0,0,0,0,0,0,0,56780,56780,0,0,5688.17,5659.68,5688.17,5659.68,0,0,0,0,0,0,0,0,0,0,0
"03337763",2,"2015","2014",1,0,0,"3",-0.34,-0.34,"45","D",0,0,0,"D",0,"D",0,"D",0,"D",0,"D",0,"D",0,"D",0,"D",0,"D",0,"D",0,"D",0,"D",0,"D",0,"D",0,0,0,0,0,0,0,0,0,0,0.01,0.01,0,0,0,0,0,0,0,0,0,0,0,0,0,0,0,0,0,0,0,0,0,0,0,0,0,0,0
"03337773",1,"2015","2014",1,0.153,0.153,"3",0,0,"21","D",0.0475,0.0475,0,"D",0,"D",16050,"D",0,"D",-446,"D",0,"D",0,"D",0,"D",17040,"D",0,"D",283,"D",0,"D",0,"D",1500,"D",-3337,-602,-3305,-3359,-584.06,-614.35,2455.65,2455.65,15604,15604,15604.01,15604.01,0,0,0,0,0,0,3305,3359,15604,15604,0,0,0,0,0,0,3000,3000,0,0,0,0,0,0,2236.56,2293.85,0
"03337783",1,"2015","2014",3,0.153,0.153,"2",0.2855,0.2855,"18","D",0.058,0.058,0,"D",0,"D",70000,"D",42000,"D",95,"D",0,"D",0,"D",0,"D",0,"D",1300,"D",200,"D",0,"D",2,"D",6384,"D",9417,5626,9525.94,9338.44,5626.24,5626.24,17136,17136,112095,112095,112095.01,112095.01,1895.25,1895.25,0,0,0,0,0,0,105711,105711,0,0,11421.19,11233.69,11421.19,11233.69,2400,2440,7884,7884,0,0,0,0,0,0,0
"03337793",1,"2015","2014",1,0.153,0.153,"2",0.25,0.25,"44","D",0,0,0,"D",0,"D",47000,"D",53500,"D",0,"D",0,"D",0,"D",0,"D",18000,"D",0,"D",50,"D",0,"D",1,"D",0,"D",9651,0,9775,9562.5,0,0,15376.5,15376.5,100500,100500,0,0,1000,1000,0,0,0,0,0,0,100500,100500,0,0,10775,10562.5,10775,10562.5,0,0,0,0,0,0,0,0,0,0,0
"03337803",1,"2015","2014",0,0,0,"1",0.15,0.15,"06","D",0.0463,0.0463,0,"D",0,"D",0,"D",0,"D",0,"D",19960,"D",0,"D",0,"D",4500,"D",0,"D",0,"D",0,"D",0,"D",900,"D",1000,443,1017.75,987.75,454.2,434.26,0,0,19960,19960,0,0,0,0,0,0,0,0,0,0,19960,19960,0,0,1017.75,987.75,1017.75,987.75,0,0,0,0,0,0,0,0,0,0,0
"03337813",1,"2015","2014",0,0.153,0.153,"1",0.15,0.15,"33","D",0.0645,0.0645,0,"D",0,"D",38016,"D",0,"D",0,"D",0,"D",0,"D",0,"D",4620,"D",0,"D",0,"D",0,"D",0,"D",0,"D",3709,1612,3726.15,3696.15,1620.04,1605.83,5816.45,5816.45,38016,38016,38016.01,38016.01,0,0,0,0,0,0,0,0,38016,38016,0,0,3726.15,3696.15,3726.15,3696.15,7800,7900,0,0,0,0,0,0,0,0,0
"03337833",1,"2015","2014",0,0.153,0.153,"2",0.25,0.25,"10","D",0,0,0,"D",0,"D",35000,"D",110000,"D",0,"D",0,"D",0,"D",0,"D",22680,"D",0,"D",380,"D",0,"D",0,"D",0,"D",22771,0,22887.5,22687.5,0,0,22185,22185,145000,145000,0,0,0,0,0,0,0,0,0,0,145000,145000,0,0,22887.5,22687.5,22887.5,22687.5,0,0,0,0,0,0,0,0,0,0,0
"03337833",2,"2015","2014",0,0.153,0.153,"1",0.15,0.15,"10","D",0,0,0,"D",0,"D",23214,"D",0,"D",0,"D",0,"D",0,"D",0,"D",0,"D",0,"D",0,"D",0,"D",0,"D",0,"D",1488,0,1505.85,1475.85,0,0,3551.74,3551.74,23214,23214,0,0,0,0,0,0,0,0,0,0,23214,23214,0,0,1505.85,1475.85,1505.85,1475.85,0,0,0,0,0,0,0,0,0,0,0
"03337833",3,"2015","2014",0,0.153,0.153,"1",0.1,0.1,"10","D",0,0,0,"D",0,"D",18568,"D",0,"D",0,"D",0,"D",0,"D",0,"D",0,"D",0,"D",0,"D",0,"D",0,"D",0,"D",833,0,841.8,826.8,0,0,2840.9,2840.9,18568,18568,0,0,0,0,0,0,0,0,0,0,18568,18568,0,0,841.8,826.8,841.8,826.8,0,0,0,0,0,0,0,0,0,0,0
"03337843",1,"2015","2014",0,0.153,0.153,"2",0,0.1,"0","T",0,0,0,"D",0,"D",12478,"D",8108,"D",0,"D",0,"D",0,"D",0,"D",0,"D",4000,"D",0,"D",0,"D",0,"D",0,"D",12,0,28.6,0,0,0,3149.66,3149.66,20586,20586,0,0,0,0,0,0,0,0,0,0,20586,20586,0,0,28.6,0,28.6,0,0,0,0,0,0,0,0,0,0,0,0
"03337843",2,"2015","2014",0,0.153,0.153,"1",0.1765,0.1765,"0","T",0,0,0,"D",0,"D",10372,"D",0,"D",0,"D",0,"D",0,"D",0,"D",0,"D",0,"D",0,"D",0,"D",0,"D",0,"D",-320,0,-300.76,-333.47,0,0,1586.92,1586.92,10372,10372,0,0,0,0,0,0,0,0,322.96,340.67,10372,10372,0,0,22.2,7.2,22.2,7.2,0,0,0,0,0,0,0,0,0,0,0
"03337863",1,"2015","2014",1,0.153,0.153,"3",0,0,"33","D",0.04,0.04,0,"D",0,"D",15762,"D",0,"D",0,"D",0,"D",0,"D",0,"D",3600,"D",0,"D",0,"D",0,"D",0,"D",0,"D",-3337,-952,-3305,-3359,-939.02,-961.22,2411.59,2411.59,15762,15762,15762.01,15762.01,0,0,0,0,0,0,3305,3359,15762,15762,0,0,0,0,0,0,10950,11100,0,0,0,0,0,0,914.87,931.07,0
"03337893",1,"2015","2014",1,0.153,0.153,"3",-0.49,-0.49,"10","D",0,0,0,"D",0,"D",3300,"D",0,"D",1000,"D",0,"D",0,"D",0,"D",2280,"D",0,"D",0,"D",0,"D",1,"D",0,"D",-1167,0,-1167,-1167,0,0,504.9,504.9,4300,4300,0,0,0,0,45,45,0,0,1122,1122,4300,4300,0,0,0,0,0,0,0,0,0,0,0,0,0,0,0,0,0
"03337933",1,"2015","2014",0,0,0,"1",0.15,0.15,"43","D",0,0,1,"D",1,"D",0,"D",0,"D",5600,"D",11460,"D",19798,"D",0,"D",0,"D",910,"D",0,"D",0,"D",0,"D",2880,"D",625,0,633.95,618.95,0,0,0,0,18039.5,18039.5,0,0,0,0,0,0,0,0,0,0,18039.5,18039.5,0,0,633.95,618.95,633.95,618.95,0,0,0,0,0,0,0,0,0,0,0
"03337943",1,"2015","2014",0,0,0,"1",0,0,"36","D",0,0,1,"D",1,"D",0,"D",0,"D",-4810,"D",77,"D",10786,"D",750,"D",0,"D",2700,"D",74,"D",0,"D",0,"D",0,"D",0,0,0,0,0,0,0,0,-4733,-4733,-4732.99,-4732.99,0,0,0,0,0,0,0,0,0,0,0,0,0,0,0,0,0,0,0,0,0,0,0,0,0,0,0
"03337953",1,"2015","2014",0,0.153,0.153,"1",0.1485,0.1485,"24","D",0.0682,0.0682,0,"D",0,"D",23840,"D",0,"D",-2675,"D",0,"D",0,"D",0,"D",0,"D",800,"D",0,"D",0,"D",0,"D",5192,"D",1164,336,1172.48,1157.48,340.43,332.4,3647.52,3647.52,21165,21165,21165.01,21165.01,0,0,0,0,0,0,0,0,15973,15973,0,0,1172.48,1157.48,1172.48,1157.48,0,0,6373.46,6373.46,248.87,248.87,0,0,0,0,0
"03338013",1,"2015","2014",1,0.153,0.153,"2",0,0,"29","D",0,0,0,"D",0,"D",0,"D",15000,"D",0,"D",0,"D",0,"D",0,"D",0,"D",460,"D",0,"D",0,"D",1,"D",0,"D",-4337,0,-4305,-4359,0,0,2295,2295,15000,15000,0,0,0,0,1000,1000,0,0,3305,3359,15000,15000,0,0,0,0,0,0,0,0,0,0,0,0,0,0,0,0,0
"03338043",1,"2015","2014",2,0.153,0.153,"2",0.3106,0.3106,"44","D",0,0,0,"D",0,"D",31000,"D",12720,"D",0,"D",0,"D",0,"D",0,"D",0,"D",4000,"D",0,"D",0,"D",0,"D",5492,"D",278,0,400.88,190.74,0,0,6689.16,6689.16,43720,43720,0,0,0,0,0,0,0,0,1151.12,1321.26,43720,43720,0,0,1552,1512,1552,1512,0,0,0,0,0,0,0,0,0,0,0
"03338043",2,"2015","2014",2,0,0,"3",-0.4,-0.4,"44","D",0,0,0,"D",0,"D",0,"D",0,"D",0,"D",0,"D",0,"D",0,"D",0,"D",0,"D",0,"D",0,"D",0,"D",0,"D",0,0,0,0,0,0,0,0,0,0,0,0,0,0,0,0,0,0,0,0,0,0,0,0,0,0,0,0,0,0,0,0,0,0,0,0,0,0,0
"03338063",1,"2015","2014",0,0,0,"1",0,0,"01","D",0,0,1,"D",1,"D",0,"D",0,"D",0,"D",0,"D",10702,"D",0,"D",24,"D",0,"D",123,"D",0,"D",0,"D",480,"D",0,0,0,0,0,0,0,0,0,0,0.01,0.01,0,0,0,0,0,0,0,0,0,0,0,0,0,0,0,0,2500,2500,603,603,0,0,0,0,0,0,0
"03338103",1,"2015","2014",0,0.153,0.153,"1",-0.0765,-0.0765,"36","D",0,0,0,"D",0,"D",4000,"D",0,"D",0,"D",0,"D",0,"D",0,"D",21180,"D",0,"D",234,"D",0,"D",0,"D",0,"D",-306,0,-306,-306,0,0,612,612,4000,4000,4000.01,4000.01,0,0,0,0,0,0,306,306,4000,4000,0,0,0,0,0,0,0,0,0,0,0,0,0,0,0,0,0
"03338143",1,"2015","2014",0,0,0,"1",0.2752,0.2752,"31","D",0.014,0.014,1,"D",1,"D",0,"D",0,"D",14400,"D",11772,"D",19906,"D",0,"D",0,"D",6000,"D",3577,"D",0,"D",0,"D",0,"D",2301,44,2309.73,2294.73,44.41,44.41,0,0,32478.25,32478.25,11172.01,11172.01,0,0,0,0,0,0,0,0,32478.25,32478.25,0,0,2309.73,2294.73,2309.73,2294.73,0,0,0,0,0,0,0,0,0,0,0
"03338153",1,"2015","2014",0,0.069,0.069,"2",0.33,0.33,"0","T",0,0,0,"D",0,"D",228786,"D",76230,"D",-23300,"D",0,"D",0,"D",0,"D",5200,"D",3000,"D",5873,"D",0,"D",0,"D",2400,"D",61895,0,62171.78,61697.28,0,0,33301.13,33487.13,281716,281716,0,0,0,0,0,0,0,0,0,0,281716,281716,0,0,62171.78,61697.28,62171.78,61697.28,0,0,0,0,0,0,0,0,0,0,0
"03338163",1,"2015","2014",2,0,0,"3",0.23,0.23,"05","D",0.08,0.08,0,"D",0,"D",0,"D",0,"D",51600,"D",45600,"D",0,"D",0,"D",0,"D",7650,"D",486,"D",0,"D",0,"D",20428,"D",8115,1679,8182.21,8066.73,1707.15,1659.06,0,0,97200,97200,97200.01,97200.01,0,0,0,0,0,0,0,0,76772,76772,0,0,8182.21,8066.74,8182.21,8066.73,7984,8088,28564,28564,0,0,0,0,0,0,0
"03338173",1,"2015","2014",2,0.153,0.153,"2",0.1444,0.1425,"14","D",0.0375,0.05,0,"D",0,"D",65000,"D",20000,"D",0,"D",0,"D",0,"D",0,"D",0,"D",5000,"D",0,"D",0,"D",2,"D",6952,"D",5201,3015,5143.45,5242.45,3575,2615,13005,13005,85000,85000,85000.01,85000.01,2000,2000,0,0,0,0,0,0,78048,78048,0,0,7143.45,7242.45,7143.45,7242.45,0,0,0,0,250,250,0,0,0,0,0
"03338223",1,"2015","2014",2,0.153,0.153,"3",-0.4,-0.4,"41","D",0,0,0,"D",0,"D",11155,"D",0,"D",0,"D",0,"D",0,"D",0,"D",6000,"D",0,"D",0,"D",0,"D",0,"D",0,"D",-4462,0,-4462,-4462,0,0,1706.71,1706.71,11155,11155,0,0,0,0,0,0,0,0,4462,4462,11155,11155,0,0,0,0,0,0,0,0,0,0,0,0,0,0,0,0,0
"03338233",1,"2015","2014",3,0,0,"3",-0.45,-0.45,"05","D",0,0,0,"D",0,"D",0,"D",0,"D",1165,"D",0,"D",0,"D",0,"D",10800,"D",700,"D",117,"D",0,"D",0,"D",6078,"D",0,0,0,0,0,0,0,0,1165,1165,1165.01,1165.01,0,0,0,0,0,0,0,0,1165,1165,0,0,0,0,0,0,7984,8088,6895,6895,0,0,0,0,0,0,0
"03338243",1,"2015","2014",0,0.153,0.153,"1",0.0959,0.0959,"01","D",0.0414,0.0414,0,"D",0,"D",30000,"D",0,"D",0,"D",0,"D",0,"D",0,"D",0,"D",2500,"D",0,"D",0,"D",0,"D",14116,"D",901,394,903.98,898.95,394.25,394.5,4590,4590,30000,30000,30000.01,30000.01,0,0,0,0,0,0,0,0,15884,15884,0,0,903.98,898.95,903.98,898.95,2000,2000,18911,18911,0,0,0,0,0,0,0
"03338303",1,"2015","2014",0,0.153,0.153,"1",0.15,0.15,"01","D",0.0387,0.0387,0,"D",0,"D",31500,"D",0,"D",0,"D",0,"D",0,"D",0,"D",6616,"D",0,"D",0,"D",0,"D",0,"D",460,"D",2731,1180,2748.75,2718.75,1179.08,1180.58,4819.5,4819.5,31500,31500,31500.01,31500.01,0,0,0,0,0,0,0,0,31500,31500,0,0,2748.75,2718.75,2748.75,2718.75,2000,2000,2869.75,2869.75,0,0,0,0,0,0,0
"03338343",1,"2015","2014",2,0.039,0.039,"2",0.267,0.267,"06","D",0.0463,0.0463,0,"D",0,"D",20000,"D",228786,"D",20,"D",0,"D",0,"D",0,"D",0,"D",3500,"D",40,"D",0,"D",2,"D",33576,"D",39425,9016,39556.68,39330.73,9069.71,8978.45,24202.79,24388.79,248806,248806,0,0,0,0,0,0,0,0,0,0,215230,215230,0,0,39556.68,39330.74,39556.68,39330.73,0,0,0,0,0,0,0,0,0,0,0
"03338373",1,"2015","2014",3,0.0356,0.0356,"2",0.325,0.325,"14","D",0.0375,0.05,0,"D",0,"D",228786,"D",12829,"D",5280,"D",0,"D",0,"D",0,"D",0,"D",6600,"D",695,"D",0,"D",0,"D",4352,"D",47020,9758,47307.98,46813.98,11483.5,8525.44,23105.63,23291.63,246895,246895,246895.01,246895.01,0,0,0,0,0,0,0,0,242543,242543,2936.92,1880.16,44371.06,44933.82,44371.06,44933.82,0,0,0,0,330,330,0,0,0,0,0
"03338373",2,"2015","2014",0,0.153,0.153,"1",0.15,0.15,"14","D",0.0375,0.05,0,"D",0,"D",34782,"D",0,"D",0,"D",0,"D",0,"D",0,"D",0,"D",0,"D",0,"D",0,"D",0,"D",0,"D",3224,1394,3241.05,3211.05,1632.85,1223.7,5321.65,5321.65,34782,34782,34782.01,34782.01,0,0,0,0,0,0,0,0,34782,34782,0,0,3241.05,3211.05,3241.05,3211.05,0,0,0,0,0,0,0,0,0,0,0
"03338373",3,"2015","2014",3,0,0,"3",-0.45,-0.45,"14","D",-0.045,-0.045,0,"D",0,"D",0,"D",0,"D",0,"D",0,"D",0,"D",0,"D",0,"D",0,"D",0,"D",0,"D",0,"D",0,"D",0,0,0,0,0,0,0,0,0,0,0.01,0.01,0,0,0,0,0,0,0,0,0,0,0,0,0,0,0,0,0,0,0,0,0,0,0,0,0,0,0
"03338383",1,"2015","2014",1,0.153,0.153,"3",0.1598,0.1598,"10","D",0,0,0,"D",0,"D",18443,"D",0,"D",-2096,"D",0,"D",0,"D",0,"D",7200,"D",0,"D",175,"D",0,"D",0,"D",0,"D",-3268,0,-3207.04,-3312.18,0,0,2821.78,2821.78,16347,16347,0,0,0,0,0,0,0,0,3207.04,3312.18,16347,16347,0,0,0,0,0,0,0,0,0,0,0,0,0,0,0,0,0
"03338393",1,"2015","2014",0,0.153,0.153,"1",0.15,0.15,"0","T",0,0,0,"D",0,"D",27000,"D",0,"D",0,"D",0,"D",0,"D",0,"D",7200,"D",0,"D",0,"D",0,"D",0,"D",0,"D",2056,0,2073.75,2043.75,0,0,4131,4131,27000,27000,0,0,0,0,0,0,0,0,0,0,27000,27000,0,0,2073.75,2043.75,2073.75,2043.75,0,0,0,0,0,0,0,0,0,0,0
"03338423",1,"2015","2014",2,0.153,0.153,"2",0.15,0.15,"02","D",0,0,0,"D",0,"D",34000,"D",37000,"D",11107,"D",0,"D",0,"D",0,"D",0,"D",4000,"D",100,"D",0,"D",2,"D",25356,"D",2594,0,2620,2575,0,0,10863,10863,82107,82107,0,0,2000,2000,0,0,0,0,0,0,56751,56751,0,0,4620,4575,4620,4575,0,0,0,0,0,0,0,0,0,0,0
"03338423",2,"2015","2014",0,0.153,0.153,"1",0.15,0.15,"02","D",0,0,0,"D",0,"D",20000,"D",0,"D",0,"D",0,"D",0,"D",0,"D",0,"D",0,"D",0,"D",0,"D",0,"D",0,"D",1006,0,1023.75,993.75,0,0,3060,3060,20000,20000,0,0,0,0,0,0,0,0,0,0,20000,20000,0,0,1023.75,993.75,1023.75,993.75,0,0,0,0,0,0,0,0,0,0,0
"03338433",1,"2015","2014",0,0.153,0.153,"1",0.15,0.15,"05","D",0.06,0.06,0,"D",0,"D",32000,"D",0,"D",8075,"D",0,"D",0,"D",0,"D",17400,"D",0,"D",1774,"D",0,"D",0,"D",0,"D",4018,1022,4035,4005,1032.12,1014.69,4896,4896,40075,40075,40075.01,40075.01,0,0,0,0,0,0,0,0,40075,40075,0,0,4035,4005,4035,4005,3992,4044,1774,1774,0,0,0,0,0,0,0
"03338433",2,"2015","2014",0,0.153,0.153,"1",0.15,0.15,"05","D",0.04,0.04,0,"D",0,"D",28000,"D",0,"D",0,"D",0,"D",0,"D",0,"D",0,"D",0,"D",0,"D",0,"D",0,"D",0,"D",2206,402,2223.75,2193.75,407.38,398.53,4284,4284,28000,28000,28000.01,28000.01,0,0,0,0,0,0,0,0,28000,28000,0,0,2223.75,2193.75,2223.75,2193.75,3992,4044,0,0,0,0,0,0,0,0,0
"03338533",1,"2015","2014",2,0.153,0.153,"2",0.15,0.15,"05","D",0.04,0.04,0,"D",0,"D",0,"D",65000,"D",0,"D",0,"D",0,"D",0,"D",0,"D",4500,"D",1350,"D",0,"D",2,"D",2156,"D",2569,493,2612.5,2537.5,507.89,483.05,9945,9945,65000,65000,65000.01,65000.01,2000,2000,0,0,0,0,0,0,65000,65000,0,0,4612.5,4537.5,4612.5,4537.5,7984,8088,8006,8006,0,0,0,0,0,0,0
"03338543",1,"2015","2014",0,0,0,"1",0,0,"31","D",0,0,1,"D",1,"D",0,"D",0,"D",10,"D",0,"D",18262,"D",0,"D",3900,"D",0,"D",20,"D",0,"D",0,"D",0,"D",0,-702,0,0,-702,-702,0,0,10,10,0,0,0,0,0,0,0,0,0,0,10,10,0,0,0,0,0,0,0,0,0,0,0,0,0,0,0,0,0
"03338563",1,"2015","2014",0,0.153,0.153,"1",0.1,0.1,"18","D",0.0348,0.0406,1,"D",1,"D",19601,"D",0,"D",0,"D",0,"D",0,"D",0,"D",0,"D",400,"D",600,"D",0,"D",0,"D",0,"D",781,489,790.1,775.1,534.56,456.8,2998.95,2998.95,19601,19601,19601.01,19601.01,0,0,0,0,0,0,0,0,19601,19601,0,0,790.1,775.1,790.1,775.1,2400,2440,1000,1000,0,0,0,0,0,0,0
"03338573",1,"2015","2014",1,0.0753,0.0753,"2",0.35,0.35,"31","D",0.0637,0.0637,0,"D",0,"D",228786,"D",98453,"D",0,"D",0,"D",0,"D",0,"D",0,"D",16180,"D",385,"D",0,"D",1,"D",25632,"D",67625,15943,67969.45,67379.45,15942.67,15942.67,36901.25,37087.25,327239,327239,327239.01,327239.01,0,0,0,0,0,0,0,0,301607,301607,6258.84,6286.72,61710.61,61092.73,61710.61,61092.73,0,0,0,0,0,0,0,0,0,0,0
"03338623",1,"2015","2014",0,0,0,"1",-0.0765,-0.0765,"28","D",-0.0077,-0.0077,0,"D",0,"D",0,"D",0,"D",0,"D",461,"D",0,"D",0,"D",600,"D",0,"D",59,"D",0,"D",0,"D",0,"D",0,0,0,0,0,0,0,0,461,461,461.01,461.01,0,0,0,0,0,0,0,0,461,461,0,0,0,0,0,0,6200,6300,0,0,0,0,0,0,0,0,0
"03338633",1,"2015","2014",0,0.153,0.153,"1",0.2384,0.2384,"06","D",0.0463,0.0463,0,"D",0,"D",85000,"D",0,"D",-17000,"D",0,"D",0,"D",0,"D",0,"D",1200,"D",0,"D",0,"D",0,"D",9252,"D",8595,2470,8635.35,8565.43,2481.59,2461.27,13005,13005,68000,68000,0,0,0,0,0,0,0,0,0,0,58748,58748,0,0,8635.35,8565.43,8635.35,8565.43,0,0,0,0,0,0,0,0,0,0,0
"03338633",2,"2015","2014",0,0.153,0.153,"1",-0.0765,-0.0765,"06","D",-0.0077,0,0,"D",0,"D",6000,"D",0,"D",0,"D",0,"D",0,"D",0,"D",0,"D",0,"D",0,"D",0,"D",0,"D",0,"D",-459,-34,-459,-459,0,-58.9,918,918,6000,6000,0,0,0,0,0,0,0,0,459,459,6000,6000,0,0,0,0,0,0,0,0,0,0,0,0,0,0,0,45.9,0
"03338663",1,"2015","2014",0,0.153,0.153,"1",0.23,0.23,"05","D",0.08,0.08,0,"D",0,"D",55000,"D",0,"D",-200,"D",0,"D",0,"D",0,"D",0,"D",1300,"D",0,"D",0,"D",0,"D",6732,"D",6070,1789,6109.86,6041.06,1803.55,1778.78,8415,8415,54800,54800,54800.01,54800.01,0,0,0,0,0,0,0,0,48068,48068,0,0,6109.86,6041.06,6109.86,6041.06,3992,4044,8032,8032,0,0,0,0,0,0,0
"03338673",1,"2015","2014",1,0.153,0.153,"3",0.2598,0.2598,"22","D",0.0715,0.072,0,"D",0,"D",18767,"D",0,"D",0,"D",0,"D",0,"D",300,"D",11400,"D",0,"D",0,"D",0,"D",1,"D",0,"D",-4054,-331,-3978.57,-4108.7,-320.86,-338.1,2871.35,2871.35,18767,18767,18767.01,18767.01,176.7,151.7,823.3,848.3,0,0,3155.27,3260.4,18767,18767,0,0,176.7,151.7,176.7,151.7,0,0,0,0,0,0,0,0,473.29,489.06,0
"03338693",1,"2015","2014",2,0.153,0.153,"2",0.3106,0.3106,"10","D",0,0,0,"D",0,"D",0,"D",42083,"D",0,"D",0,"D",0,"D",0,"D",12000,"D",0,"D",0,"D",0,"D",2,"D",0,"D",-2230,0,-2107.58,-2317.71,0,0,6438.7,6438.7,42083,42083,0,0,1388.3,1348.3,611.7,651.7,0,0,1495.88,1666.01,42083,42083,0,0,1388.3,1348.3,1388.3,1348.3,0,0,0,0,0,0,0,0,0,0,0
"03338703",1,"2015","2014",0,0.038,0.038,"2",0.35,0.35,"44","D",0,0,0,"D",0,"D",228786,"D",228786,"D",0,"D",0,"D",0,"D",0,"D",0,"D",11000,"D",130,"D",0,"D",0,"D",360,"D",123278,0,123612.7,123039.2,0,0,44153.74,44525.74,457572,457572,0,0,0,0,0,0,0,0,0,0,457572,457572,0,0,123612.7,123039.2,123612.7,123039.2,0,0,0,0,0,0,0,0,0,0,0
"03338733",1,"2015","2014",1,0.153,0.153,"2",0.2385,0.238,"17","D",0.046,0.048,0,"D",0,"D",60000,"D",77000,"D",150,"D",0,"D",0,"D",0,"D",0,"D",1900,"D",744,"D",0,"D",1,"D",9708,"D",18569,5143,18640.35,18517.88,5236.62,5076.5,20961,20961,137150,137150,137000.01,137000.01,0,0,0,0,0,0,0,0,127442,127442,0,0,18640.35,18517.88,18640.35,18517.88,7500,7500,8028.8,6176,0,0,0,0,0,0,0
"03338753",1,"2015","2014",0,0,0,"1",0,0,"19","D",0,0,1,"D",1,"D",0,"D",0,"D",0,"D",0,"D",12046,"D",0,"D",8800,"D",0,"D",0,"D",0,"D",0,"D",0,"D",0,0,0,0,0,0,0,0,0,0,0.01,0.01,0,0,0,0,0,0,0,0,0,0,0,0,0,0,0,0,0,0,0,0,0,0,0,0,0,0,0
"03338773",1,"2015","2014",0,0.153,0.153,"2",0,0,"34","D",0,0,0,"D",0,"D",0,"D",12368,"D",0,"D",0,"D",21711,"D",0,"D",0,"D",950,"D",0,"D",0,"D",0,"D",4092,"D",-500,0,-496,-503,0,0,1892.3,1892.3,12368,12368,12368.01,12368.01,0,0,0,0,0,0,496,503,12368,12368,0,0,0,0,0,0,15000,15000,5042,5042,0,0,0,0,0,0,0
"03338773",2,"2015","2014",0,0.153,0.153,"1",0.1,0.1,"34","D",0.0575,0.058,0,"D",0,"D",18918,"D",0,"D",0,"D",0,"D",0,"D",0,"D",0,"D",0,"D",0,"D",0,"D",0,"D",0,"D",868,659,876.8,861.8,662.24,656.54,2894.45,2894.45,18918,18918,18918.01,18918.01,0,0,0,0,0,0,0,0,18918,18918,0,0,876.8,861.8,876.8,861.8,7500,7500,0,0,0,0,0,0,0,0,0
"03338793",1,"2015","2014",0,0,0,"1",-0.0765,-0.0765,"36","D",0,0,0,"D",0,"D",0,"D",0,"D",0,"D",0,"D",24106,"D",0,"D",4980,"D",0,"D",0,"D",0,"D",0,"D",0,"D",0,0,0,0,0,0,0,0,0,0,0.01,0.01,0,0,0,0,0,0,0,0,0,0,0,0,0,0,0,0,0,0,0,0,0,0,0,0,0,0,0
"03338803",1,"2015","2014",2,0,0,"3",-0.4,-0.4,"19","D",-0.014,-0.014,0,"D",0,"D",0,"D",0,"D",0,"D",0,"D",0,"D",0,"D",0,"D",420,"D",0,"D",0,"D",0,"D",1500,"D",0,0,0,0,0,0,0,0,0,0,0.01,0.01,0,0,0,0,0,0,0,0,0,0,0,0,0,0,0,0,0,0,0,0,0,0,0,0,0,0,0
"03338833",1,"2015","2014",0,0.038,0.038,"1",0.2695,0.325,"14","D",0.0375,0.05,0,"D",0,"D",228786,"D",0,"D",1242,"D",0,"D",0,"D",0,"D",0,"D",7100,"D",0,"D",0,"D",0,"D",32728,"D",42901,9378,42817.2,42961.13,11040.15,8190.43,21401.87,21587.87,230028,230028,230028.01,230028.01,0,0,0,0,0,0,0,0,197300,197300,535.49,0,42234.51,42913.93,42234.51,42913.93,0,0,0,0,355,355,0,0,0,0,0
"03338833",2,"2015","2014",0,0.153,0.153,"1",0.25,0.25,"14","D",0.0375,0.05,0,"D",0,"D",97000,"D",0,"D",0,"D",0,"D",0,"D",0,"D",0,"D",0,"D",0,"D",0,"D",0,"D",0,"D",17510,4051,17568.75,17468.75,4743.75,3556.88,14841,14841,97000,97000,97000.01,97000.01,0,0,0,0,0,0,0,0,97000,97000,0,0,17568.75,17468.75,17568.75,17468.75,0,0,0,0,0,0,0,0,0,0,0
"03338853",1,"2015","2014",0,0.153,0.153,"2",0.0949,0.0948,"22","D",0.0515,0.052,2,"D",2,"D",0,"D",50,"D",-6000,"D",45696,"D",0,"D",0,"D",0,"D",16180,"D",90,"D",0,"D",0,"D",416,"D",1357,1528,1362.36,1353.84,1536.39,1521.62,7.65,7.65,39746,39746,39746.01,39746.01,0,0,0,0,0,0,0,0,39330,39330,0,0,1362.36,1353.84,1362.36,1353.84,0,0,0,0,0,0,0,0,0,0,0
"03338863",1,"2015","2014",0,0.153,0.153,"2",0.2333,0.2333,"07","D",0.067,0.067,0,"D",0,"D",52200,"D",70000,"D",5584,"D",0,"D",0,"D",0,"D",0,"D",15200,"D",1308,"D",0,"D",0,"D",6900,"D",14171,6291,14258.87,14108.87,6290.53,6290.53,18696.6,18696.6,127784,127784,127784.01,127784.01,0,0,0,0,0,0,0,0,120884,120884,0,0,14258.87,14108.87,14258.87,14108.87,0,0,0,0,0,0,0,0,0,0,0
"03338863",2,"2015","2014",0,0.153,0.153,"1",0.15,0.15,"07","D",0.015,0.015,0,"D",0,"D",21000,"D",0,"D",0,"D",0,"D",0,"D",0,"D",0,"D",0,"D",0,"D",0,"D",0,"D",0,"D",1156,98,1173.75,1143.75,97.5,97.5,3213,3213,21000,21000,21000.01,21000.01,0,0,0,0,0,0,0,0,21000,21000,0,0,1173.75,1143.75,1173.75,1143.75,0,0,0,0,0,0,0,0,0,0,0
"03338883",1,"2015","2014",0,0.153,0.153,"2",0.2355,0.2355,"18","D",0.058,0.058,0,"D",0,"D",78000,"D",34725,"D",0,"D",0,"D",0,"D",0,"D",0,"D",2500,"D",549,"D",0,"D",0,"D",8160,"D",13654,5500,13741.52,13591.52,5499.93,5499.93,17246.92,17246.92,112725,112725,112725.01,112725.01,0,0,0,0,0,0,0,0,104565,104565,0,0,13741.52,13591.52,13741.52,13591.52,2400,2440,11209,11209,0,0,0,0,0,0,0
"03338893",1,"2015","2014",3,0.153,0.153,"2",0.3106,0.3106,"03","D",0.0259,0.0259,0,"D",0,"D",33488,"D",0,"D",0,"D",2400,"D",0,"D",0,"D",10600,"D",0,"D",0,"D",0,"D",3,"D",120,"D",-6242,326,-6109.74,-6335.88,328.15,323.91,5123.66,5123.66,35888,35888,35888.01,35888.01,373.8,328.8,2626.2,2671.2,0,0,3483.54,3664.68,35888,35888,0,0,373.8,328.8,373.8,328.8,10018,10182,698.6,698.6,0,0,0,0,0,0,0
"03338923",1,"2015","2014",1,0.153,0.153,"3",0.3098,0.15,"03","D",0.0288,0.0288,0,"D",0,"D",39000,"D",0,"D",0,"D",0,"D",0,"D",0,"D",5400,"D",0,"D",0,"D",0,"D",1,"D",0,"D",1609,586,1652.5,1577.83,589.48,583.81,5967,5967,39000,39000,39000.01,39000.01,1000,1000,0,0,0,0,0,27.17,39000,39000,0,0,2652.5,2605,2652.5,2605,10018,10182,589.48,583.81,0,0,0,0,0,0,0
"03338923",2,"2015","2014",0,0,0,"1",-0.0765,-0.0765,"03","D",0,0,0,"D",0,"D",0,"D",0,"D",0,"D",0,"D",0,"D",0,"D",0,"D",0,"D",0,"D",0,"D",0,"D",0,"D",0,-25,0,0,-25,-25,0,0,0,0,0.01,0.01,0,0,0,0,0,0,0,0,0,0,0,0,0,0,0,0,5009,5091,0.04,0.04,0,0,0,0,0,0,0
"03338943",1,"2015","2014",0,0.153,0.153,"1",0.1414,0.1414,"47","D",0.0575,0.0575,0,"D",0,"D",31741,"D",0,"D",0,"D",0,"D",0,"D",0,"D",0,"D",1700,"D",210,"D",0,"D",0,"D",8332,"D",2031,925,2039.82,2024.82,925.22,925.22,4856.37,4856.37,31741,31741,31741.01,31741.01,0,0,0,0,0,0,0,0,23409,23409,0,0,2039.82,2024.82,2039.82,2024.82,3000,3000,10242,10242,0,0,0,0,0,0,0
"03338973",1,"2015","2014",2,0.153,0.153,"3",0.2775,0.2775,"36","D",0.0297,0.0317,1,"D",1,"D",19400,"D",0,"D",0,"D",15640,"D",15370,"D",0,"D",0,"D",4600,"D",35,"D",0,"D",0,"D",360,"D",2989,240,3020.94,2965.94,261,225.02,2968.2,2968.2,46956.25,46956.25,35040.01,35040.01,0,0,0,0,0,0,0,0,46956.25,46956.25,0,0,3020.94,2965.94,3020.94,2965.94,0,0,0,0,0,0,0,0,0,0,0
"03338973",2,"2015","2014",0,0.153,0.153,"1",0,0,"36","D",0,0,1,"D",1,"D",10000,"D",0,"D",0,"D",0,"D",18838,"D",0,"D",0,"D",0,"D",0,"D",0,"D",0,"D",0,"D",0,0,0,0,0,0,1530,1530,10000,10000,10000.01,10000.01,0,0,0,0,0,0,0,0,10000,10000,0,0,0,0,0,0,0,0,0,0,0,0,0,0,0,0,0
"03338973",3,"2015","2014",2,0,0,"3",-0.4,-0.4,"36","D",0,0,0,"D",0,"D",0,"D",0,"D",0,"D",0,"D",0,"D",0,"D",0,"D",0,"D",0,"D",0,"D",0,"D",0,"D",0,0,0,0,0,0,0,0,0,0,0.01,0.01,0,0,0,0,0,0,0,0,0,0,0,0,0,0,0,0,0,0,0,0,0,0,0,0,0,0,0
"03339053",1,"2015","2014",0,0.029,0.029,"2",0.3041,0.3041,"37","D",0.0499,0.0499,2,"D",2,"D",0,"D",139940,"D",121362,"D",0,"D",0,"D",0,"D",0,"D",4640,"D",160,"D",0,"D",0,"D",18508,"D",48790,11400,48919.94,48696.44,11400.4,11400.4,18566.26,18752.26,261302,261302,261302.01,261302.01,0,0,0,0,0,0,0,0,242794,242794,0,0,48490.47,48266.97,48490.47,48266.97,12400,12600,34675.33,34675.33,0,0,0,0,0,0,0
"03339103",1,"2015","2014",0,0.153,0.153,"1",0.1,0.1,"38","D",0.081,0.081,0,"D",0,"D",18000,"D",0,"D",0,"D",0,"D",0,"D",0,"D",5520,"D",0,"D",0,"D",0,"D",0,"D",0,"D",776,932,785,770,936.95,928.65,2754,2754,18000,18000,18000.01,18000.01,0,0,0,0,0,0,0,0,18000,18000,0,0,785,770,785,770,2115.6,2144.96,0,0,0,0,0,0,0,0,0
"03339133",1,"2015","2014",1,0,0,"3",-0.34,-0.34,"47","D",0,0,1,"D",1,"D",0,"D",0,"D",0,"D",0,"D",10462,"D",0,"D",0,"D",400,"D",155,"D",0,"D",0,"D",240,"D",0,0,0,0,0,0,0,0,0,0,0.01,0.01,0,0,0,0,0,0,0,0,0,0,0,0,0,0,0,0,0,0,0,0,0,0,0,0,0,0,0
"03339163",1,"2015","2014",0,0.153,0.153,"1",0.0765,0.1765,"47","D",0,0,0,"D",0,"D",10187,"D",0,"D",0,"D",0,"D",0,"D",0,"D",8268,"D",0,"D",0,"D",0,"D",0,"D",0,"D",-346,0,-333.41,-354.82,0,0,1558.61,1558.61,10187,10187,10187.01,10187.01,0,0,0,0,0,0,337.11,354.82,10187,10187,0,0,3.7,0,3.7,0,3000,3000,0,0,0,0,0,0,67.42,70.96,0
"03339163",2,"2015","2014",0,0.153,0.153,"1",0.1765,0.1765,"47","D",0.0653,0.0653,0,"D",0,"D",12432,"D",0,"D",0,"D",0,"D",0,"D",0,"D",0,"D",0,"D",0,"D",0,"D",0,"D",0,"D",44,260,62.83,30.12,262.03,258.48,1902.1,1902.1,12432,12432,12432.01,12432.01,0,0,0,0,0,0,165.37,183.08,12432,12432,0,0,228.2,213.2,228.2,213.2,3000,3000,0,0,0,0,0,0,33.07,36.62,0
"03339183",1,"2015","2014",1,0.153,0.153,"2",0.15,0.15,"18","D",0.058,0.058,0,"D",0,"D",24286,"D",31998,"D",1680,"D",0,"D",0,"D",0,"D",0,"D",250,"D",13,"D",0,"D",1,"D",4164,"D",3110,2678,3149.6,3082.1,2679.25,2676.93,8611.45,8611.45,57964,57964,57964.01,57964.01,1000,1000,0,0,0,0,0,0,57964,57964,0,0,4149.6,4082.1,4149.6,4082.1,2400,2440,4427,4427,0,0,0,0,0,0,0
"03339203",1,"2015","2014",0,0.153,0.153,"1",0.15,0.15,"30","D",0,0,0,"D",0,"D",38074,"D",0,"D",0,"D",0,"D",0,"D",0,"D",0,"D",4800,"D",0,"D",0,"D",0,"D",1348,"D",3717,0,3734.85,3704.85,0,0,5825.32,5825.32,38074,38074,0,0,0,0,0,0,0,0,0,0,38074,38074,0,0,3734.85,3704.85,3734.85,3704.85,0,0,0,0,0,0,0,0,0,0,0
"03339203",2,"2015","2014",0,0.153,0.153,"1",0.1765,0.1765,"30","D",0,0,0,"D",0,"D",12059,"D",0,"D",0,"D",0,"D",0,"D",0,"D",0,"D",0,"D",0,"D",0,"D",0,"D",0,"D",-22,0,-3,-35.71,0,0,1845.03,1845.03,12059,12059,0,0,0,0,0,0,0,0,193.9,211.61,12059,12059,0,0,190.9,175.9,190.9,175.9,0,0,0,0,0,0,0,0,0,0,0
"03339203",3,"2015","2014",1,0,0,"3",-0.34,-0.34,"30","D",0,0,0,"D",0,"D",0,"D",0,"D",0,"D",0,"D",0,"D",0,"D",0,"D",0,"D",0,"D",0,"D",0,"D",0,"D",0,0,0,0,0,0,0,0,0,0,0,0,0,0,0,0,0,0,0,0,0,0,0,0,0,0,0,0,0,0,0,0,0,0,0,0,0,0,0
"03339223",1,"2015","2014",2,0,0,"3",-0.4,-0.4,"18","D",0,0,0,"D",0,"D",0,"D",0,"D",0,"D",1000,"D",0,"D",0,"D",0,"D",200,"D",100,"D",0,"D",0,"D",6226,"D",0,0,0,0,0,0,0,0,1000,1000,0.01,0.01,0,0,0,0,0,0,0,0,1000,1000,0,0,0,0,0,0,2400,2440,6526,6526,0,0,0,0,0,0,0
"03339233",1,"2015","2014",0,0.153,0.153,"1",0.15,0.15,"33","D",0.0645,0.0645,0,"D",0,"D",32000,"D",0,"D",0,"D",0,"D",0,"D",0,"D",14400,"D",0,"D",0,"D",0,"D",0,"D",0,"D",2806,1224,2823.75,2793.75,1232.01,1217.8,4896,4896,32000,32000,32000.01,32000.01,0,0,0,0,0,0,0,0,32000,32000,0,0,2823.75,2793.75,2823.75,2793.75,7800,7900,0,0,0,0,0,0,0,0,0
"03339233",2,"2015","2014",0,0.153,0.153,"1",0.15,0.15,"33","D",0.06,0.06,0,"D",0,"D",24000,"D",0,"D",0,"D",0,"D",0,"D",0,"D",0,"D",0,"D",0,"D",0,"D",0,"D",0,"D",1606,694,1623.75,1593.75,700.04,689.07,3672,3672,24000,24000,24000.01,24000.01,0,0,0,0,0,0,0,0,24000,24000,0,0,1623.75,1593.75,1623.75,1593.75,7800,7900,0,0,0,0,0,0,0,0,0
"03339303",1,"2015","2014",2,0.153,0.153,"2",0.1405,0.1405,"45","D",0.063,0.063,0,"D",0,"D",65000,"D",0,"D",3000,"D",0,"D",0,"D",0,"D",0,"D",1000,"D",0,"D",0,"D",2,"D",9900,"D",2878,2557,2902.65,2859.84,2565.66,2551.08,9945,9945,68000,68000,68000.01,68000.01,2000,2000,0,0,0,0,0,0,58100,58100,0,0,4902.65,4859.84,4902.65,4859.84,0,0,0,0,0,0,0,0,0,0,0
"03339353",1,"2015","2014",1,0.153,0.153,"2",0.15,0.15,"36","D",0.0381,0.0407,0,"D",0,"D",46000,"D",48000,"D",500,"D",0,"D",0,"D",0,"D",0,"D",3000,"D",15,"D",0,"D",0,"D",2700,"D",9591,2550,9630,9562.5,2647.74,2480.89,14382,14382,94500,94500,94500.01,94500.01,0,0,0,0,0,0,0,0,94500,94500,0,0,9630,9562.5,9630,9562.5,0,0,0,0,0,0,0,0,0,0,0
"03339383",1,"2015","2014",1,0,0,"3",-0.34,-0.34,"23","D",0.0181,0.0181,0,"D",0,"D",0,"D",0,"D",0,"D",302,"D",6292,"D",0,"D",0,"D",1700,"D",0,"D",0,"D",0,"D",80,"D",0,-1069,0,0,-1069.09,-1069.09,0,0,302,302,302.01,302.01,0,0,0,0,0,0,0,0,302,302,0,0,0,0,0,0,0,0,0,0,881.5,881.5,0,0,0,0,0
"03339403",1,"2015","2014",1,0.153,0.153,"3",0.1489,0.1489,"44","D",0,0,0,"D",0,"D",60000,"D",0,"D",0,"D",0,"D",0,"D",0,"D",0,"D",4500,"D",0,"D",0,"D",0,"D",4432,"D",5696,0,5710.98,5685.98,0,0,9180,9180,60000,60000,0,0,0,0,0,0,0,0,0,0,55568,55568,0,0,5710.98,5685.98,5710.98,5685.98,0,0,0,0,0,0,0,0,0,0,0
"03339403",2,"2015","2014",1,0.153,0.153,"2",0.15,0.15,"44","D",0,0,0,"D",0,"D",50000,"D",30000,"D",0,"D",0,"D",0,"D",0,"D",0,"D",0,"D",0,"D",0,"D",1,"D",0,"D",6416,0,6455,6387.5,0,0,12240,12240,80000,80000,0,0,1000,1000,0,0,0,0,0,0,80000,80000,0,0,7455,7387.5,7455,7387.5,0,0,0,0,0,0,0,0,0,0,0
"03339413",1,"2015","2014",0,0,0,"1",0,0,"10","D",0,0,1,"D",1,"D",0,"D",0,"D",0,"D",0,"D",20662,"D",0,"D",0,"D",650,"D",50,"D",0,"D",0,"D",0,"D",0,0,0,0,0,0,0,0,0,0,0,0,0,0,0,0,0,0,0,0,0,0,0,0,0,0,0,0,0,0,0,0,0,0,0,0,0,0,0
"03339423",1,"2015","2014",0,0.153,0.153,"1",-0.0765,-0.0765,"33","D",-0.023,-0.023,0,"D",0,"D",1,"D",0,"D",0,"D",0,"D",0,"D",0,"D",0,"D",7000,"D",2512,"D",0,"D",0,"D",1060,"D",0,-75,-0.08,-0.08,-75.02,-75.02,0.15,0.15,1,1,1.01,1.01,0,0,0,0,0,0,0.08,0.08,1,1,0,0,0,0,0,0,7800,7900,0,0,75,75,0,0,0.02,0.02,0
"03339443",1,"2015","2014",0,0.153,0.153,"2",0.2339,0.2339,"33","D",0.0645,0.0645,0,"D",0,"D",36152,"D",31718,"D",0,"D",96696,"D",0,"D",0,"D",0,"D",3000,"D",0,"D",0,"D",0,"D",5416,"D",26288,9598,26373.73,26226.95,9605.08,9592.18,10384.11,10384.11,164566,164566,164566.01,164566.01,0,0,0,0,0,0,0,0,159150,159150,0,0,26373.73,26226.95,26373.73,26226.95,15650,15850,8416,8416,0,0,0,0,0,0,0
"03339443",2,"2015","2014",0,0.153,0.153,"1",0.1,0.1,"33","D",0.0454,0.0454,0,"D",0,"D",18372,"D",0,"D",0,"D",0,"D",0,"D",0,"D",0,"D",0,"D",0,"D",0,"D",0,"D",0,"D",813,385,822.2,807.2,388.61,383.13,2810.92,2810.92,18372,18372,18372.01,18372.01,0,0,0,0,0,0,0,0,18372,18372,0,0,822.2,807.2,822.2,807.2,7800,7900,0,0,0,0,0,0,0,0,0
"03339443",3,"2015","2014",1,0,0,"3",-0.34,-0.34,"33","D",-0.102,-0.102,0,"D",0,"D",0,"D",0,"D",0,"D",0,"D",0,"D",0,"D",0,"D",0,"D",0,"D",0,"D",0,"D",0,"D",0,-100,0,0,-100,-100,0,0,0,0,0.01,0.01,0,0,0,0,0,0,0,0,0,0,0,0,0,0,0,0,10950,11100,0,0,0,0,0,0,0,0,0
"03339453",1,"2015","2014",0,0.153,0.153,"1",0.25,0.25,"09","D",0.085,0.085,0,"D",0,"D",72500,"D",0,"D",0,"D",0,"D",0,"D",0,"D",18600,"D",0,"D",30,"D",0,"D",0,"D",0,"D",11385,4234,11443.75,11343.75,4463.13,4069.63,11092.5,11092.5,72500,72500,72500.01,72500.01,0,0,0,0,0,0,0,0,72500,72500,0,0,11443.75,11343.75,11443.75,11343.75,4150,5200,0,0,0,0,0,0,0,0,0
"03339483",1,"2015","2014",2,0.153,0.153,"2",0.3606,0.3606,"11","D",0.06,0.06,0,"D",0,"D",35109,"D",12564,"D",0,"D",0,"D",0,"D",0,"D",1200,"D",0,"D",0,"D",0,"D",2,"D",960,"D",-448,1616,-305.17,-550.31,1616.38,1616.38,7293.97,7293.97,47673,47673,47673.01,47673.01,2000,1938.45,0,61.55,0,0,318.62,488.76,47673,47673,0,0,2013.45,1938.45,2013.45,1938.45,3000,3000,0,0,0,0,0,0,0,0,0
"03339503",1,"2015","2014",0,0.153,0.153,"1",0.15,0.15,"0","T",0,0,0,"D",0,"D",24000,"D",0,"D",0,"D",0,"D",0,"D",0,"D",0,"D",350,"D",0,"D",0,"D",0,"D",0,"D",1606,0,1623.75,1593.75,0,0,3672,3672,24000,24000,0,0,0,0,0,0,0,0,0,0,24000,24000,0,0,1623.75,1593.75,1623.75,1593.75,0,0,0,0,0,0,0,0,0,0,0
"03339513",1,"2015","2014",0,0,0,"1",0,-0.0765,"21","D",0,-0.0191,1,"D",0,"D",0,"D",0,"D",0,"D",0,"D",11206,"D",0,"D",1320,"D",0,"D",10,"D",0,"D",0,"D",0,"D",0,0,0,0,0,0,0,0,0,0,0.01,0.01,0,0,0,0,0,0,0,0,0,0,0,0,0,0,0,0,1500,1500,0,0,0,0,0,0,0,0,0
"03339533",1,"2015","2014",0,0.153,0.153,"1",0.1414,0.1414,"47","D",0.0575,0.0575,0,"D",0,"D",50000,"D",0,"D",0,"D",0,"D",0,"D",0,"D",0,"D",900,"D",0,"D",0,"D",0,"D",7004,"D",4943,2110,4951.72,4936.72,2109.55,2109.55,7650,7650,50000,50000,50000.01,50000.01,0,0,0,0,0,0,0,0,42996,42996,0,0,4951.72,4936.72,4951.72,4936.72,3000,3000,7904,7904,0,0,0,0,0,0,0
"03339573",1,"2015","2014",2,0,0,"3",-0.4,-0.4,"50","D",-0.044,-0.044,0,"D",0,"D",0,"D",0,"D",10,"D",0,"D",0,"D",0,"D",0,"D",4800,"D",1,"D",0,"D",0,"D",599,"D",0,-1160,0,0,-1160,-1160,0,0,10,10,10.01,10.01,0,0,0,0,0,0,0,0,10,10,0,0,0,0,0,0,13020,13239.48,599,599,1160,1160,0,0,0,0,0
"03339583",1,"2015","2014",0,0,0,"1",0,0,"50","D",0.0703,0.0703,1,"D",1,"D",0,"D",0,"D",0,"D",0,"D",11933,"D",0,"D",0,"D",2000,"D",221,"D",0,"D",0,"D",1200,"D",0,-883,0,0,-883.42,-883.42,0,0,0,0,0.01,0.01,0,0,0,0,0,0,0,0,0,0,0,0,0,0,0,0,10080,10249.92,1200,1200,883.42,883.42,0,0,0,0,0
"03339583",2,"2015","2014",1,0,0,"3",-0.34,-0.34,"50","D",-0.0136,-0.0136,0,"D",0,"D",0,"D",0,"D",0,"D",0,"D",0,"D",0,"D",0,"D",0,"D",0,"D",0,"D",0,"D",0,"D",0,0,0,0,0,0,0,0,0,0,0.01,0.01,0,0,0,0,0,0,0,0,0,0,0,0,0,0,0,0,13020,13239.48,0,0,0,0,0,0,0,0,0
"03339613",1,"2015","2014",2,0,0,"3",-0.4,-0.4,"36","D",0,0,0,"D",0,"D",0,"D",0,"D",160,"D",3200,"D",0,"D",0,"D",0,"D",5300,"D",50,"D",0,"D",0,"D",0,"D",0,0,0,0,0,0,0,0,3360,3360,3360.01,3360.01,0,0,0,0,0,0,0,0,3360,3360,0,0,0,0,0,0,0,0,0,0,0,0,0,0,0,0,0
"03339623",1,"2015","2014",2,0,0,"3",-0.4,-0.4,"33","D",-0.12,-0.12,0,"D",0,"D",0,"D",0,"D",0,"D",0,"D",0,"D",0,"D",0,"D",2000,"D",0,"D",0,"D",0,"D",1720,"D",0,-275,0,0,-275,-275,0,0,0,0,0.01,0.01,0,0,0,0,0,0,0,0,0,0,0,0,0,0,0,0,10950,11100,0,0,75,75,0,0,0,0,0
"03339633",1,"2015","2014",1,0.153,0.153,"2",0.1425,0.1425,"37","D",0.0499,0.0499,0,"D",0,"D",40000,"D",55000,"D",0,"D",4000,"D",0,"D",0,"D",0,"D",16480,"D",2335,"D",0,"D",1,"D",11724,"D",6166,2648,6188.16,6150.66,2647.63,2647.63,14535,14535,99000,99000,95000.01,95000.01,1000,1000,0,0,0,0,0,0,87276,87276,0,0,7188.16,7150.66,7188.16,7150.66,12400,12600,33178.95,33178.95,0,0,47.98,47.98,0,0,0
"03339643",1,"2015","2014",0,0.153,0.153,"2",0.15,0.15,"0","T",0,0,0,"D",0,"D",3200,"D",50000,"D",0,"D",0,"D",0,"D",0,"D",0,"D",430,"D",0,"D",0,"D",0,"D",400,"D",3993,0,4027.5,3967.5,0,0,8139.6,8139.6,53200,53200,0,0,0,0,0,0,0,0,0,0,53200,53200,0,0,4027.5,3967.5,4027.5,3967.5,0,0,0,0,0,0,0,0,0,0,0
"03339643",2,"2015","2014",0,0.153,0.153,"1",0.1765,0.1765,"0","T",0,0,0,"D",0,"D",12000,"D",0,"D",0,"D",0,"D",0,"D",0,"D",0,"D",0,"D",0,"D",0,"D",0,"D",0,"D",-32,0,-13.41,-46.12,0,0,1836,1836,12000,12000,0,0,0,0,0,0,0,0,198.41,216.12,12000,12000,0,0,185,170,185,170,0,0,0,0,0,0,0,0,0,0,0
"03339653",1,"2015","2014",4,0.029,0.029,"2",0.325,0.325,"44","D",0,0,0,"D",0,"D",0,"D",228786,"D",0,"D",0,"D",0,"D",0,"D",0,"D",4500,"D",2008,"D",0,"D",3,"D",4692,"D",41024,0,41312.05,40818.05,0,0,21142.79,21328.79,228786,228786,0,0,0,0,0,0,0,0,0,0,224094,224094,345.14,130.64,40966.91,40687.41,40966.91,40687.41,0,0,0,0,0,0,0,0,0,0,0
"03339653",2,"2015","2014",4,0,0,"3",-0.45,-0.45,"44","D",0,0,0,"D",0,"D",0,"D",0,"D",0,"D",0,"D",0,"D",0,"D",0,"D",0,"D",0,"D",0,"D",3,"D",0,"D",0,0,0,0,0,0,0,0,0,0,0,0,0,0,0,0,0,0,0,0,0,0,0,0,0,0,0,0,0,0,0,0,0,0,0,0,0,0,0
"03339713",1,"2015","2014",0,0,0,"1",-0.0765,-0.0765,"23","D",0.0164,0.0164,0,"D",0,"D",0,"D",0,"D",0,"D",0,"D",14314,"D",0,"D",6960,"D",0,"D",54,"D",0,"D",0,"D",120,"D",0,-535,0,0,-534.59,-534.59,0,0,0,0,0.01,0.01,0,0,0,0,0,0,0,0,0,0,0,0,0,0,0,0,0,0,0,0,534.58,534.58,0,0,0,0,0
"03339723",1,"2015","2014",2,0.153,0.153,"2",0.25,0.25,"0","T",0,0,0,"D",0,"D",27000,"D",103000,"D",-23400,"D",0,"D",0,"D",0,"D",0,"D",7800,"D",555,"D",0,"D",2,"D",560,"D",9181,0,9312.5,9087.5,0,0,19890,19890,106600,106600,0,0,2000,2000,0,0,0,0,0,0,106600,106600,0,0,11312.5,11087.5,11312.5,11087.5,0,0,0,0,0,0,0,0,0,0,0
"03339753",1,"2015","2014",0,0.153,0.153,"1",0.15,0.15,"14","D",0.0375,0.05,0,"D",0,"D",19050,"D",0,"D",0,"D",6352,"D",0,"D",0,"D",0,"D",0,"D",0,"D",0,"D",0,"D",0,"D",1817,722,1834.05,1804.05,846.25,633.75,2914.65,2914.65,25402,25402,19050.01,19050.01,0,0,0,0,0,0,0,0,25402,25402,0,0,1834.05,1804.05,1834.05,1804.05,0,0,0,0,0,0,0,0,0,0,0
"03339813",1,"2015","2014",0,0.029,0.029,"2",0.28,0.28,"01","D",0.036,0.036,0,"D",0,"D",0,"D",228786,"D",0,"D",0,"D",3300,"D",0,"D",0,"D",800,"D",360,"D",0,"D",0,"D",0,"D",46245,8388,46408.48,46128.98,8383.35,8391.59,21142.79,21328.79,231591,231591,228786.01,228786.01,0,0,0,0,0,0,0,0,231591,231591,0,0,46408.48,46128.98,46408.48,46128.98,4000,4000,10110.5,10225.25,0,0,0,0,0,0,0
"03339833",1,"2015","2014",0,0.153,0.153,"2",0.1,0.1,"38","D",0.081,0.081,0,"D",0,"D",0,"D",24822,"D",1000,"D",0,"D",0,"D",0,"D",10520,"D",0,"D",0,"D",0,"D",0,"D",0,"D",535,1040,552.2,522.2,1049.47,1032.89,3797.77,3797.77,25822,25822,25822.01,25822.01,0,0,0,0,0,0,0,0,25822,25822,0,0,552.2,522.2,552.2,522.2,4231.2,4289.91,0,0,0,0,0,0,0,0,0
"03339853",1,"2015","2014",0,0.153,0.029,"1",0.25,0.25,"33","D",0.0665,0.0665,0,"D",0,"D",117000,"D",0,"D",-19200,"D",0,"D",0,"D",0,"D",12000,"D",0,"D",390,"D",0,"D",0,"D",0,"D",17710,5490,17768.75,17668.75,5500.49,5482.4,17901,17901,97800,97800,97800.01,97800.01,0,0,0,0,0,0,0,0,97800,97800,0,0,17768.75,17668.75,17768.75,17668.75,7800,7900,0,0,0,0,0,0,0,0,0
"03339873",1,"2015","2014",0,0.153,0.153,"1",0.15,0.15,"01","D",0.0387,0.0387,0,"D",0,"D",40800,"D",0,"D",0,"D",0,"D",0,"D",0,"D",9000,"D",0,"D",0,"D",0,"D",0,"D",0,"D",4126,1563,4143.75,4113.75,1561.75,1563.25,6242.4,6242.4,40800,40800,40800.01,40800.01,0,0,0,0,0,0,0,0,40800,40800,0,0,4143.75,4113.75,4143.75,4113.75,2000,2000,3121.2,3121.2,0,0,0,0,0,0,0
"03339883",1,"2015","2014",0,0,0,"1",0,0,"33","D",0,0,1,"D",1,"D",0,"D",0,"D",0,"D",0,"D",7637,"D",0,"D",9600,"D",0,"D",0,"D",0,"D",0,"D",0,"D",0,0,0,0,0,0,0,0,0,0,0.01,0.01,0,0,0,0,0,0,0,0,0,0,0,0,0,0,0,0,7800,7900,0,0,0,0,0,0,0,0,0
"03339893",1,"2015","2014",2,0.153,0.153,"3",0.2768,0.2768,"05","D",0.093,0.093,0,"D",0,"D",100000,"D",0,"D",-7792,"D",0,"D",0,"D",0,"D",0,"D",700,"D",0,"D",0,"D",1,"D",8024,"D",11346,3045,11411.37,11298.81,3080.13,3020.35,15300,15300,92208,92208,92208.01,92208.01,139.6,139.6,0,0,0,0,0,0,84184,84184,0,0,11550.97,11438.41,11550.97,11438.41,7984,8088,8724,8724,0,0,0,0,0,0,0
"03339903",1,"2015","2014",1,0.153,0.153,"2",0.15,0.15,"0","T",0,0,0,"D",0,"D",50000,"D",29968,"D",0,"D",0,"D",0,"D",0,"D",0,"D",2050,"D",640,"D",0,"D",1,"D",10496,"D",6310,0,6332.3,6294.8,0,0,12235.1,12235.1,79968,79968,0,0,1000,1000,0,0,0,0,0,0,69472,69472,0,0,7332.3,7294.8,7332.3,7294.8,0,0,0,0,0,0,0,0,0,0,0
"03339903",2,"2015","2014",0,0.153,0.153,"1",0.1,0.1,"0","T",0,0,0,"D",0,"D",16507,"D",0,"D",0,"D",0,"D",0,"D",0,"D",0,"D",0,"D",0,"D",0,"D",0,"D",0,"D",627,0,635.7,620.7,0,0,2525.57,2525.57,16507,16507,0,0,0,0,0,0,0,0,0,0,16507,16507,0,0,635.7,620.7,635.7,620.7,0,0,0,0,0,0,0,0,0,0,0
"03339923",1,"2015","2014",0,0.153,0.153,"1",0.15,0.15,"19","D",0.034,0.034,0,"D",0,"D",37000,"D",0,"D",0,"D",0,"D",0,"D",0,"D",0,"D",370,"D",60,"D",0,"D",0,"D",0,"D",3556,1008,3573.75,3543.75,1007.05,1008.25,5661,5661,37000,37000,37000.01,37000.01,0,0,0,0,0,0,0,0,37000,37000,0,0,3573.75,3543.75,3573.75,3543.75,0,0,0,0,0,0,0,0,0,0,0
"03339963",1,"2015","2014",2,0.153,0.153,"2",0.15,0.15,"06","D",0.0463,0.0463,0,"D",0,"D",31206,"D",62637,"D",0,"D",0,"D",0,"D",0,"D",11388,"D",0,"D",0,"D",0,"D",1,"D",0,"D",7895,3004,7938.95,7863.95,3039.27,2978.75,14357.98,14357.98,93843,93843,0,0,1000,1000,0,0,0,0,0,0,93843,93843,0,0,8938.95,8863.95,8938.95,8863.95,0,0,0,0,0,0,0,0,0,0,0
"03339973",1,"2015","2014",0,0,0,"1",0,0,"25","D",0,0,1,"D",1,"D",0,"D",0,"D",0,"D",568,"D",18442,"D",0,"D",0,"D",20,"D",24,"D",0,"D",0,"D",0,"D",0,0,0,0,0,0,0,0,568,568,0.01,0.01,0,0,0,0,0,0,0,0,568,568,0,0,0,0,0,0,2300,2300,44,44,0,0,0,0,0,0,0
"03339983",1,"2015","2014",2,0,0,"3",-0.4,-0.4,"48","D",0,0,0,"D",0,"D",0,"D",0,"D",1368,"D",0,"D",0,"D",0,"D",0,"D",3600,"D",0,"D",0,"D",0,"D",1200,"D",0,0,0,0,0,0,0,0,1368,1368,0,0,0,0,0,0,0,0,0,0,1368,1368,0,0,0,0,0,0,0,0,0,0,0,0,0,0,0,0,0
"03340003",1,"2015","2014",0,0.153,0.153,"2",0.2275,0.2275,"38","D",0.09,0.09,0,"D",0,"D",62000,"D",64000,"D",0,"D",0,"D",0,"D",0,"D",0,"D",5200,"D",4710,"D",0,"D",0,"D",9600,"D",14234,8155,14317.85,14173.6,8168.6,8145.6,19278,19278,126000,126000,126000.01,126000.01,0,0,0,0,0,0,0,0,116400,116400,0,0,14317.85,14173.6,14317.85,14173.6,4231.2,4289.91,19510,19510,0,0,0,0,0,0,0
"03340013",1,"2015","2014",0,0.153,0.153,"2",0.15,0.15,"47","D",0.0575,0.0575,0,"D",0,"D",36400,"D",33280,"D",-1040,"D",0,"D",0,"D",0,"D",0,"D",600,"D",0,"D",0,"D",0,"D",0,"D",6309,2980,6343.5,6283.5,2979.85,2979.85,10661.04,10661.04,68640,68640,68640.01,68640.01,0,0,0,0,0,0,0,0,68640,68640,0,0,6343.5,6283.5,6343.5,6283.5,6000,6000,0,0,0,0,0,0,0,0,0
"03340043",1,"2015","2014",1,0.029,0.029,"2",0.325,0.325,"06","D",0.0463,0.0463,0,"D",0,"D",228786,"D",0,"D",-10000,"D",0,"D",0,"D",0,"D",0,"D",6600,"D",18162,"D",0,"D",1,"D",34040,"D",28236,6807,28523.95,28029.95,6858.6,6769.66,21142.79,21328.79,218786,218786,0,0,0,0,0,0,0,0,0,0,184746,184746,1492.6,1138.87,27031.35,26891.09,27031.35,26891.09,0,0,0,0,0,0,0,0,0,0,0
"03340063",1,"2015","2014",0,0.153,0.153,"1",0.25,0.25,"44","D",0,0,0,"D",0,"D",75000,"D",0,"D",300,"D",0,"D",0,"D",0,"D",9960,"D",0,"D",95,"D",0,"D",0,"D",0,"D",12085,0,12143.75,12043.75,0,0,11475,11475,75300,75300,0,0,0,0,0,0,0,0,0,0,75300,75300,0,0,12143.75,12043.75,12143.75,12043.75,0,0,0,0,0,0,0,0,0,0,0
"03340093",1,"2015","2014",2,0.153,0.153,"2",0.15,0.15,"50","D",0.0751,0.0751,0,"D",0,"D",43074,"D",31043,"D",-1444,"D",0,"D",0,"D",0,"D",11700,"D",0,"D",0,"D",0,"D",2,"D",0,"D",3720,2714,3763.45,3688.45,2731.9,2701.7,11339.9,11339.9,72673,72673,72673.01,72673.01,2000,2000,0,0,0,0,0,0,72673,72673,0,0,5763.45,5688.45,5763.45,5688.45,7890.14,8265.4,0,0,0,0,0,0,0,0,0
"03340103",1,"2015","2014",0,0.153,0.153,"2",0.2389,0.2385,"36","D",0.0444,0.046,0,"D",0,"D",75000,"D",53000,"D",-5000,"D",0,"D",0,"D",0,"D",0,"D",6000,"D",405,"D",0,"D",0,"D",3784,"D",16899,3814,16950.41,16862.77,3959.34,3709.91,19584,19584,123000,123000,123000.01,123000.01,0,0,0,0,0,0,0,0,119216,119216,0,0,16950.41,16862.77,16950.41,16862.77,0,0,0,0,0,0,0,0,0,0,0
"03340123",1,"2015","2014",0,0,0,"1",-0.0765,-0.0765,"44","D",0,0,0,"D",0,"D",0,"D",0,"D",0,"D",9474,"D",0,"D",0,"D",0,"D",2800,"D",0,"D",0,"D",0,"D",0,"D",0,0,0,0,0,0,0,0,9474,9474,0,0,0,0,0,0,0,0,0,0,9474,9474,0,0,0,0,0,0,0,0,0,0,0,0,0,0,0,0,0
"03340153",1,"2015","2014",2,0,0,"3",-0.4,-0.4,"18","D",0,0,0,"D",0,"D",0,"D",0,"D",0,"D",0,"D",0,"D",0,"D",0,"D",0,"D",0,"D",0,"D",1,"D",144,"D",0,0,0,0,0,0,0,0,0,0,0.01,0.01,0,0,0,0,0,0,0,0,0,0,0,0,0,0,0,0,2400,2440,144,144,0,0,0,0,0,0,0
"03340173",1,"2015","2014",1,0.153,0.153,"2",0.15,0.15,"25","D",0.05,0.05,0,"D",0,"D",60000,"D",30000,"D",-4200,"D",0,"D",0,"D",0,"D",0,"D",1500,"D",0,"D",0,"D",0,"D",4800,"D",8286,3000,8325,8257.5,3000,3000,13770,13770,85800,85800,85800.01,85800.01,0,0,0,0,0,0,0,0,85800,85800,0,0,8325,8257.5,8325,8257.5,4600,4600,6300,6300,0,0,0,0,0,0,0
"03340193",1,"2015","2014",2,0,0,"3",0,0,"0","T",0,0,0,"D",0,"D",0,"D",0,"D",4000,"D",6536,"D",0,"D",0,"D",0,"D",700,"D",0,"D",0,"D",0,"D",1200,"D",0,0,0,0,0,0,0,0,10536,10536,0,0,0,0,0,0,0,0,0,0,10536,10536,0,0,0,0,0,0,0,0,0,0,0,0,0,0,0,0,0
"03340223",1,"2015","2014",2,0.153,0.153,"2",0.15,0.15,"0","T",0,0,0,"D",0,"D",40000,"D",14000,"D",0,"D",0,"D",0,"D",0,"D",0,"D",1000,"D",70,"D",0,"D",2,"D",3400,"D",919,0,962.5,887.5,0,0,8262,8262,54000,54000,0,0,2000,2000,0,0,0,0,0,0,54000,54000,0,0,2962.5,2887.5,2962.5,2887.5,0,0,0,0,0,0,0,0,0,0,0
"03340243",1,"2015","2014",1,0.153,0.153,"3",0,0,"0","T",0,0,0,"D",0,"D",11700,"D",0,"D",0,"D",0,"D",0,"D",0,"D",0,"D",330,"D",0,"D",0,"D",0,"D",0,"D",-3337,0,-3305,-3359,0,0,1790.1,1790.1,11700,11700,0,0,0,0,0,0,0,0,3305,3359,11700,11700,0,0,0,0,0,0,0,0,0,0,0,0,0,0,0,0,0
"03340243",2,"2015","2014",0,0.153,0.153,"1",0,0,"0","T",0,0,0,"D",0,"D",7540,"D",0,"D",0,"D",0,"D",0,"D",0,"D",0,"D",0,"D",0,"D",0,"D",0,"D",0,"D",-500,0,-496,-503,0,0,1153.62,1153.62,7540,7540,0,0,0,0,0,0,0,0,496,503,7540,7540,0,0,0,0,0,0,0,0,0,0,0,0,0,0,0,0,0
"03340263",1,"2015","2014",0,0.153,0.153,"2",0.25,0.25,"10","D",0,0,0,"D",0,"D",70000,"D",40000,"D",0,"D",0,"D",0,"D",0,"D",0,"D",2100,"D",95,"D",0,"D",0,"D",0,"D",14021,0,14137.5,13937.5,0,0,16830,16830,110000,110000,0,0,0,0,0,0,0,0,0,0,110000,110000,0,0,14137.5,13937.5,14137.5,13937.5,0,0,0,0,0,0,0,0,0,0,0
"03340283",1,"2015","2014",0,0.153,0.153,"2",0.141,0.235,"05","D",0.06,0.06,0,"D",0,"D",0,"D",45450,"D",-1532,"D",36250,"D",21862,"D",0,"D",0,"D",4200,"D",200,"D",0,"D",0,"D",10536,"D",10237,1632,10279.12,10206.77,1648.2,1619.58,6953.85,6953.85,98750.7,98750.7,80168.01,80168.01,0,0,0,0,0,0,0,0,88214.7,88214.7,0,0,10279.12,10206.77,10279.12,10206.77,7984,8088,14936,14936,0,0,0,0,0,0,0
"03340293",1,"2015","2014",0,0,0,"1",0,0,"31","D",0,0,1,"D",1,"D",0,"D",0,"D",259,"D",250,"D",27286,"D",0,"D",43356,"D",0,"D",1644,"D",0,"D",0,"D",0,"D",0,-775,0,0,-775,-775,0,0,509,509,0,0,0,0,0,0,0,0,0,0,509,509,0,0,0,0,0,0,0,0,0,0,0,0,0,0,0,0,0
"03340303",1,"2015","2014",0,0.153,0.153,"1",0.0958,0.0953,"33","D",0.0424,0.0474,0,"D",0,"D",16144,"D",0,"D",0,"D",0,"D",0,"D",0,"D",0,"D",3000,"D",0,"D",0,"D",0,"D",3744,"D",518,240,520.72,516.14,242.78,238.56,2470.03,2470.03,16144,16144,16144.01,16144.01,0,0,0,0,0,0,0,0,12400,12400,0,0,520.72,516.14,520.72,516.14,7800,7900,6744,6744,44.71,44.71,0,0,0,0,0
"03340333",1,"2015","2014",1,0,0,"3",-0.34,-0.34,"33","D",-0.102,-0.102,0,"D",0,"D",0,"D",0,"D",0,"D",0,"D",0,"D",3016,"D",0,"D",0,"D",0,"D",0,"D",1,"D",0,"D",0,-100,0,0,-100,-100,0,0,0,0,0.01,0.01,0,0,0,0,0,0,0,0,0,0,0,0,0,0,0,0,10950,11100,0,0,0,0,0,0,0,0,0
"03340343",1,"2015","2014",0,0,0,"2",0.2775,0.2775,"43","D",0,0,1,"D",1,"D",0,"D",0,"D",0,"D",32964,"D",37460,"D",0,"D",0,"D",3400,"D",1696,"D",0,"D",0,"D",4456,"D",2654,0,2693.09,2625.59,0,0,0,0,45503.9,45503.9,0,0,0,0,0,0,0,0,0,0,45503.9,45503.9,0,0,2693.09,2625.59,2693.09,2625.59,0,0,0,0,0,0,0,0,0,0,0
"03340363",1,"2015","2014",0,0.153,0.153,"1",0.25,0.25,"0","T",0,0,0,"D",0,"D",60219,"D",0,"D",-5500,"D",0,"D",0,"D",0,"D",0,"D",510,"D",225,"D",0,"D",0,"D",4800,"D",6940,0,6998.5,6898.5,0,0,9213.51,9213.51,54719,54719,0,0,0,0,0,0,0,0,0,0,54719,54719,0,0,6998.5,6898.5,6998.5,6898.5,0,0,0,0,0,0,0,0,0,0,0
"03340373",1,"2015","2014",1,0.153,0.153,"2",0.15,0.15,"44","D",0,0,0,"D",0,"D",48000,"D",32000,"D",0,"D",0,"D",0,"D",0,"D",0,"D",1400,"D",244,"D",1280,"D",1,"D",6004,"D",6160,0,6199,6131.5,0,0,12240,12240,80000,80000,0,0,1000,1000,0,0,256,256,0,0,80000,80000,0,0,7455,7387.5,7455,7387.5,0,0,0,0,0,0,0,0,0,0,0
"03340383",1,"2015","2014",0,0.153,0.153,"2",0.2362,0.2362,"31","D",0.0552,0.0552,0,"D",0,"D",75313,"D",47000,"D",0,"D",0,"D",0,"D",0,"D",0,"D",8700,"D",500,"D",0,"D",0,"D",6112,"D",15552,3392,15639.85,15489.85,3391.62,3391.62,18713.89,18713.89,122313,122313,122313.01,122313.01,0,0,0,0,0,0,0,0,116201,116201,0,0,15639.85,15489.85,15639.85,15489.85,0,0,0,0,0,0,0,0,0,0,0
"03340393",1,"2015","2014",0,0.153,0.153,"2",0.15,0.15,"0","T",0,0,0,"D",0,"D",37844,"D",26530,"D",0,"D",0,"D",0,"D",0,"D",0,"D",400,"D",216,"D",0,"D",0,"D",24840,"D",3728,0,3745.2,3715.2,0,0,9849.22,9849.22,64374,64374,0,0,0,0,0,0,0,0,0,0,39534,39534,0,0,3745.2,3715.2,3745.2,3715.2,0,0,0,0,0,0,0,0,0,0,0
"03340413",1,"2015","2014",0,0.153,0.153,"2",0.15,0.15,"24","D",0.0705,0.0705,0,"D",0,"D",19166,"D",43861,"D",2,"D",0,"D",0,"D",0,"D",0,"D",1800,"D",205,"D",0,"D",0,"D",4456,"D",5467,2380,5501.85,5441.85,2397.17,2368.18,9643.13,9643.13,63029,63029,63029.01,63029.01,0,0,0,0,0,0,0,0,63029,63029,0,0,5501.85,5441.85,5501.85,5441.85,12400,12600,0,0,0,0,0,0,0,0,0
"03340413",2,"2015","2014",0,0.153,0.153,"1",0.1,0.1,"24","D",0.0535,0.0535,0,"D",0,"D",16940,"D",0,"D",0,"D",0,"D",0,"D",0,"D",0,"D",0,"D",0,"D",0,"D",0,"D",0,"D",670,359,679,664,363.27,355.24,2591.82,2591.82,16940,16940,16940.01,16940.01,0,0,0,0,0,0,0,0,16940,16940,0,0,679,664,679,664,6200,6300,0,0,0,0,0,0,0,0,0
"03340433",1,"2015","2014",3,0,0,"3",0,0,"38","D",0.07,0.07,0,"D",0,"D",0,"D",0,"D",8908,"D",14400,"D",0,"D",0,"D",0,"D",2300,"D",184,"D",0,"D",1,"D",7692,"D",0,15,0,0,23.24,9.24,0,0,23308,23308,23308.01,23308.01,0,0,0,0,0,0,0,0,23308,23308,0,0,0,0,0,0,3405.6,3452.86,10176,10176,0,0,0,0,0,0,0
"03340453",1,"2015","2014",6,0.153,0.153,"2",0.0996,0.0996,"33","D",0.059,0.059,0,"D",0,"D",20000,"D",60000,"D",0,"D",0,"D",0,"D",0,"D",0,"D",16180,"D",225,"D",0,"D",6,"D",22796,"D",-5163,-362,-5139.68,-5179.68,-356.38,-366.53,12240,12240,80000,80000,80000.01,80000.01,860.32,820.32,5139.68,5179.68,0,0,0,0,57204,57204,0,0,860.32,820.32,860.32,820.32,15650,15850,39201,39201,0,0,0,0,0,0,0
"03340463",1,"2015","2014",0,0.153,0.153,"2",0,0,"28","D",0,0,2,"D",2,"D",9377,"D",0,"D",3668,"D",0,"D",17132,"D",0,"D",5700,"D",0,"D",194,"D",0,"D",0,"D",2724,"D",0,0,0,0,0,0,1434.68,1434.68,13045,13045,13045.01,13045.01,0,0,0,0,0,0,0,0,13045,13045,0,0,0,0,0,0,14800,15100,0,0,0,0,0,0,0,0,0
"03340483",1,"2015","2014",0,0,0,"2",0.25,0.25,"28","D",0.0684,0.0684,2,"D",2,"D",0,"D",0,"D",665,"D",96696,"D",39140,"D",0,"D",0,"D",3000,"D",160,"D",0,"D",0,"D",1440,"D",18564,5973,18695,18470,6002.37,5951.22,0,0,130630,130630,130630.01,130630.01,0,0,0,0,0,0,0,0,130630,130630,0,0,18695,18470,18695,18470,14800,15100,0,0,0,0,0,0,0,0,0
"03340503",1,"2015","2014",0,0.153,0.153,"1",0.15,0.1425,"14","D",0.0375,0.05,0,"D",0,"D",46888,"D",0,"D",0,"D",0,"D",0,"D",0,"D",0,"D",2400,"D",0,"D",0,"D",0,"D",1948,"D",5023,1791,5017.03,5026.95,2118.15,1557.68,7173.86,7173.86,46888,46888,46888.01,46888.01,0,0,0,0,0,0,0,0,44940,46888,0,0,5017.03,5026.95,5017.03,5026.95,0,0,0,0,120,120,0,0,0,0,0
"03340503",2,"2015","2014",0,0,0,"1",-0.0765,-0.0765,"14","D",-0.0077,-0.0077,0,"D",0,"D",0,"D",0,"D",0,"D",0,"D",8796,"D",0,"D",0,"D",0,"D",0,"D",0,"D",0,"D",0,"D",0,0,0,0,0,0,0,0,0,0,0.01,0.01,0,0,0,0,0,0,0,0,0,0,0,0,0,0,0,0,0,0,0,0,0,0,0,0,0,0,0
"03340543",1,"2015","2014",1,0.153,0.153,"3",0,0,"34","D",0.0575,0.058,0,"D",0,"D",14596,"D",0,"D",0,"D",1000,"D",0,"D",0,"D",9600,"D",0,"D",0,"D",0,"D",0,"D",0,"D",-3337,208,-3305,-3359,208.57,206.77,2233.19,2233.19,15596,15596,15596.01,15596.01,0,0,0,0,0,0,3305,3359,15596,15596,0,0,0,0,0,0,12000,12000,0,0,0,0,0,0,0,0,0
"03340563",1,"2015","2014",0,0.153,0.153,"2",0.15,0.15,"0","T",0,0,0,"D",0,"D",72000,"D",1800,"D",-4320,"D",0,"D",0,"D",0,"D",0,"D",4900,"D",0,"D",0,"D",0,"D",17420,"D",4964,0,4981.5,4951.5,0,0,11291.4,11291.4,69480,69480,0,0,0,0,0,0,0,0,0,0,52060,52060,0,0,4981.5,4951.5,4981.5,4951.5,0,0,0,0,0,0,0,0,0,0,0
"03340573",1,"2015","2014",0,0,0,"2",0,0,"05","D",0,0,2,"D",2,"D",0,"D",0,"D",0,"D",16537,"D",9934,"D",0,"D",0,"D",1000,"D",38,"D",0,"D",0,"D",16628,"D",0,0,0,0,0,0,0,0,16537,16537,16537.01,16537.01,0,0,0,0,0,0,0,0,16537,16537,0,0,0,0,0,0,7984,8088,17666,17666,0,0,0,0,0,0,0
"03340603",1,"2015","2014",1,0.153,0.153,"2",0.2427,0.2427,"19","D",0.0291,0.0291,0,"D",0,"D",79082,"D",33088,"D",-2400,"D",0,"D",0,"D",0,"D",0,"D",600,"D",2034,"D",0,"D",1,"D",13136,"D",10402,3014,10496.8,10335.14,3015.62,3012.22,17162.01,17162.01,109770,109770,109770.01,109770.01,1000,1000,0,0,0,0,0,0,96634,96634,0,0,11496.8,11335.14,11496.8,11335.14,0,0,0,0,0,0,0,0,0,0,0
"03340633",1,"2015","2014",0,0.153,0.153,"1",0.15,0.15,"38","D",0.0765,0.0765,0,"D",0,"D",30000,"D",0,"D",0,"D",0,"D",0,"D",0,"D",6200,"D",0,"D",168,"D",0,"D",0,"D",0,"D",2506,1856,2523.75,2493.75,1860.46,1853.52,4590,4590,30000,30000,30000.01,30000.01,0,0,0,0,0,0,0,0,30000,30000,0,0,2523.75,2493.75,2523.75,2493.75,2115.6,2144.96,168,168,0,0,0,0,0,0,0
"03340653",1,"2015","2014",0,0.153,0.153,"1",-0.0765,-0.0765,"05","D",0,0,0,"D",0,"D",2000,"D",0,"D",0,"D",0,"D",0,"D",0,"D",11400,"D",0,"D",0,"D",0,"D",0,"D",0,"D",-153,0,-153,-153,0,0,306,306,2000,2000,2000.01,2000.01,0,0,0,0,0,0,153,153,2000,2000,0,0,0,0,0,0,3992,4044,0,0,0,0,0,0,0,0,0
"03340673",1,"2015","2014",0,0.153,0.153,"2",0.1405,0.1405,"45","D",0.063,0.063,0,"D",0,"D",28000,"D",48901,"D",0,"D",0,"D",0,"D",0,"D",0,"D",2300,"D",3270,"D",0,"D",0,"D",13152,"D",6166,3007,6182.46,6153.97,3012.6,3002.52,11765.85,11765.85,76901,76901,76901.01,76901.01,0,0,0,0,0,0,0,0,63749,63749,0,0,6182.46,6153.97,6182.46,6153.97,0,0,0,0,0,0,0,0,0,0,0
"03340673",2,"2015","2014",0,0.153,0.153,"2",0.15,0.15,"45","D",0.063,0.063,0,"D",0,"D",35000,"D",29000,"D",0,"D",0,"D",0,"D",0,"D",0,"D",0,"D",0,"D",0,"D",0,"D",0,"D",5613,2566,5647.5,5587.5,2579.16,2557.08,9792,9792,64000,64000,64000.01,64000.01,0,0,0,0,0,0,0,0,64000,64000,0,0,5647.5,5587.5,5647.5,5587.5,0,0,0,0,0,0,0,0,0,0,0
"03340683",1,"2015","2014",0,0.153,0.153,"2",0.25,0.25,"12","D",0.0763,0.0763,1,"D",0,"D",0,"D",54718,"D",0,"D",96696,"D",0,"D",0,"D",0,"D",2400,"D",100,"D",0,"D",0,"D",0,"D",24192,9749,24491,23978.5,9800.13,9712.9,8371.85,8371.85,151414,151414,151414.01,151414.01,0,0,0,0,0,0,0,0,151414,151414,0,0,24491,23978.5,24491,23978.5,4400,4400,12241.96,12155.37,0,0,0,0,0,0,0
"03340693",1,"2015","2014",1,0.153,0.153,"3",0.2598,0.2598,"0","T",0,0,0,"D",0,"D",25710,"D",0,"D",0,"D",1200,"D",0,"D",0,"D",0,"D",300,"D",0,"D",0,"D",0,"D",0,"D",-939,0,-863.02,-993.15,0,0,3933.63,3933.63,26910,26910,0,0,0,0,0,0,0,0,1854.02,1959.15,26910,26910,0,0,991,966,991,966,0,0,0,0,0,0,0,0,0,0,0
"03340693",2,"2015","2014",0,0.153,0.153,"1",0.15,0.15,"0","T",0,0,0,"D",0,"D",24009,"D",0,"D",0,"D",0,"D",0,"D",0,"D",0,"D",0,"D",0,"D",0,"D",0,"D",0,"D",1608,0,1625.1,1595.1,0,0,3673.38,3673.38,24009,24009,0,0,0,0,0,0,0,0,0,0,24009,24009,0,0,1625.1,1595.1,1625.1,1595.1,0,0,0,0,0,0,0,0,0,0,0
"03340703",1,"2015","2014",2,0.153,0.153,"2",0.15,0.15,"10","D",0,0,0,"D",0,"D",16000,"D",52000,"D",0,"D",0,"D",0,"D",0,"D",0,"D",800,"D",127,"D",0,"D",2,"D",8804,"D",3019,0,3062.5,2987.5,0,0,10404,10404,68000,68000,0,0,2000,2000,0,0,0,0,0,0,68000,68000,0,0,5062.5,4987.5,5062.5,4987.5,0,0,0,0,0,0,0,0,0,0,0
"03340733",1,"2015","2014",0,0.153,0.153,"2",0.1,0.1,"44","D",0,0,0,"D",0,"D",12000,"D",21000,"D",0,"D",0,"D",0,"D",0,"D",14400,"D",0,"D",200,"D",0,"D",0,"D",0,"D",1253,0,1270,1240,0,0,5049,5049,33000,33000,0,0,0,0,0,0,0,0,0,0,33000,33000,0,0,1270,1240,1270,1240,0,0,0,0,0,0,0,0,0,0,0
"03340733",2,"2015","2014",1,0,0,"3",-0.34,-0.34,"44","D",0,0,0,"D",0,"D",0,"D",0,"D",0,"D",0,"D",0,"D",0,"D",0,"D",0,"D",0,"D",0,"D",0,"D",0,"D",0,0,0,0,0,0,0,0,0,0,0,0,0,0,0,0,0,0,0,0,0,0,0,0,0,0,0,0,0,0,0,0,0,0,0,0,0,0,0
"03340753",1,"2015","2014",2,0.153,0.153,"2",0.15,0.15,"29","D",0,0,0,"D",0,"D",40922,"D",32588,"D",0,"D",0,"D",0,"D",0,"D",0,"D",380,"D",0,"D",0,"D",2,"D",10020,"D",3845,0,3889,3814,0,0,11247.03,11247.03,73510,73510,0,0,2000,2000,0,0,0,0,0,0,73510,73510,0,0,5889,5814,5889,5814,0,0,0,0,0,0,0,0,0,0,0
"03340783",1,"2015","2014",0,0.038,0.038,"1",0.3876,0.3876,"37","D",0.0514,0.0514,0,"D",0,"D",469961,"D",0,"D",72089,"D",0,"D",0,"D",0,"D",0,"D",16180,"D",8,"D",0,"D",0,"D",4420,"D",158931,26192,159352.66,158630.24,26195.07,26189.01,30566.52,30752.52,542050,542050,542050.01,542050.01,0,0,0,0,0,0,0,0,537630,537630,0,0,156613.28,155890.86,156613.28,155890.86,6200,6300,38091.59,38207.04,0,0,0,0,0,0,0
"03340823",1,"2015","2014",3,0.153,0.153,"3",0,0,"23","D",0.081,0.081,0,"D",0,"D",16038,"D",0,"D",400,"D",0,"D",0,"D",0,"D",0,"D",1700,"D",143,"D",0,"D",1,"D",0,"D",-7201,-1215,-7143,-7242,-1211.46,-1217.4,2453.81,2453.81,16438,16438,16438.01,16438.01,0,0,1000,1000,0,0,6143,6242,16438,16438,0,0,0,0,0,0,0,0,0,0,683.18,683.18,0,0,368.58,374.52,0
"03340883",1,"2015","2014",2,0.153,0.153,"2",0.3106,0.3106,"14","D",0.0586,0.0711,0,"D",0,"D",31000,"D",3454,"D",0,"D",0,"D",0,"D",0,"D",15000,"D",0,"D",0,"D",0,"D",0,"D",0,"D",-2600,786,-2477.14,-2687.28,987.45,642.26,5271.46,5271.46,34454,34454,34454.01,34454.01,0,0,0,0,0,0,3102.54,3272.68,34454,34454,0,0,625.4,585.4,625.4,585.4,0,0,0,0,0,0,0,0,310.25,327.27,0
"03340883",2,"2015","2014",2,0,0,"3",-0.4,-0.4,"14","D",-0.04,-0.04,0,"D",0,"D",0,"D",0,"D",0,"D",0,"D",0,"D",0,"D",0,"D",0,"D",0,"D",0,"D",0,"D",0,"D",0,0,0,0,0,0,0,0,0,0,0.01,0.01,0,0,0,0,0,0,0,0,0,0,0,0,0,0,0,0,0,0,0,0,0,0,0,0,0,0,0
"03340923",1,"2015","2014",0,0.153,0.153,"1",0.235,0.235,"11","D",0.06,0.06,0,"D",0,"D",65000,"D",0,"D",-4535,"D",0,"D",0,"D",0,"D",0,"D",2000,"D",205,"D",0,"D",0,"D",10420,"D",6155,2518,6199.15,6124.15,2518.4,2518.4,9945,9945,60465,60465,60465.01,60465.01,0,0,0,0,0,0,0,0,50045,50045,0,0,6199.15,6124.15,6199.15,6124.15,2300,2300,12625,12625,0,0,0,0,0,0,0
"03340973",1,"2015","2014",0,0.153,0.153,"1",0.15,0.15,"24","D",0.0891,0.0891,0,"D",0,"D",44000,"D",0,"D",0,"D",0,"D",0,"D",0,"D",12840,"D",0,"D",300,"D",0,"D",0,"D",180,"D",4606,1466,4623.75,4593.75,1475.34,1459.42,6732,6732,44000,44000,44000.01,44000.01,0,0,0,0,0,0,0,0,44000,44000,0,0,4623.75,4593.75,4623.75,4593.75,6200,6300,0,0,491.28,491.28,0,0,0,0,0
"03340973",2,"2015","2014",0,0.153,0.153,"1",0.15,0.15,"24","D",0.0705,0.0705,0,"D",0,"D",36000,"D",0,"D",0,"D",0,"D",0,"D",0,"D",0,"D",0,"D",0,"D",0,"D",0,"D",0,"D",3406,1393,3423.75,3393.75,1402.62,1386.7,5508,5508,36000,36000,36000.01,36000.01,0,0,0,0,0,0,0,0,36000,36000,0,0,3423.75,3393.75,3423.75,3393.75,6200,6300,0,0,0,0,0,0,0,0,0
"03340983",1,"2015","2014",0,0.153,0.153,"1",0.1423,0.1422,"22","D",0.0515,0.052,0,"D",0,"D",65768,"D",0,"D",-6500,"D",0,"D",0,"D",0,"D",0,"D",22936,"D",0,"D",0,"D",0,"D",8292,"D",2741,2734,2747.38,2736.34,2749.14,2722.7,10062.5,10062.5,59268,59268,59268.01,59268.01,0,0,0,0,0,0,0,0,50976,50976,0,0,2747.38,2736.34,2747.38,2736.34,0,0,0,0,0,0,0,0,0,0,0
"03341003",1,"2015","2014",3,0.153,0.153,"2",0.2106,0.2106,"14","D",0.0586,0.0711,0,"D",0,"D",24501,"D",0,"D",0,"D",0,"D",0,"D",0,"D",0,"D",500,"D",0,"D",0,"D",3,"D",2100,"D",-8987,-34,-8881.65,-9062.78,80.64,-115.62,3748.65,3748.65,24501,24501,24501.01,24501.01,0,0,3000,3000,0,0,5881.65,6062.78,24501,24501,0,0,0,0,0,0,0,0,0,0,25,25,0,0,588.16,606.28,0
"03341013",1,"2015","2014",2,0.153,0.153,"2",0.2805,0.2806,"33","D",0.078,0.0777,0,"D",0,"D",100000,"D",21064,"D",0,"D",0,"D",0,"D",0,"D",0,"D",10000,"D",0,"D",0,"D",2,"D",0,"D",12479,6003,12521.65,12448.16,6240.2,5834.16,18522.79,18522.79,121064,121064,121064.01,121064.01,1446.8,1446.8,0,0,0,0,0,0,121064,121064,0,0,13968.45,13894.96,13968.45,13894.96,15650,15850,10000,10000,0,0,0,0,0,0,0
"03341043",1,"2015","2014",1,0.153,0.153,"3",0,0,"34","D",0.0575,0.058,0,"D",0,"D",12967,"D",0,"D",2680,"D",0,"D",0,"D",0,"D",0,"D",920,"D",48,"D",0,"D",0,"D",1068,"D",-3337,210,-3305,-3359,211.53,209.7,1983.95,1983.95,15647,15647,15647.01,15647.01,0,0,0,0,0,0,3305,3359,15647,15647,0,0,0,0,0,0,12000,12000,1988,1988,0,0,0,0,0,0,0
"03341043",2,"2015","2014",0,0.153,0.153,"1",-0.0765,-0.0765,"34","D",0,0,0,"D",0,"D",4354,"D",0,"D",0,"D",0,"D",0,"D",0,"D",0,"D",0,"D",0,"D",0,"D",0,"D",0,"D",-333,0,-333.08,-333.08,0,0,666.16,666.16,4354,4354,4354.01,4354.01,0,0,0,0,0,0,333.08,333.08,4354,4354,0,0,0,0,0,0,7500,7500,0,0,0,0,0,0,0,0,0
"03341063",1,"2015","2014",0,0,0,"1",0.28,0.28,"0","T",0,0,1,"D",1,"D",0,"D",0,"D",1798,"D",96696,"D",19277,"D",0,"D",0,"D",0,"D",85,"D",0,"D",0,"D",1200,"D",21981,0,22066,21919.5,0,0,0,0,114879.45,114879.45,0,0,0,0,0,0,0,0,0,0,114879.45,114879.45,0,0,22066,21919.5,22066,21919.5,0,0,0,0,0,0,0,0,0,0,0
"03341093",1,"2015","2014",0,0.153,0.153,"1",0.1405,0.1405,"12","D",0.0637,0.0637,0,"D",0,"D",48000,"D",0,"D",0,"D",0,"D",0,"D",0,"D",0,"D",500,"D",0,"D",0,"D",0,"D",26340,"D",1974,973,1982.6,1967.6,972.69,972.69,7344,7344,48000,48000,48000.01,48000.01,0,0,0,0,0,0,0,0,21660,21660,0,0,1982.6,1967.6,1982.6,1967.6,2200,2200,27807.65,27807.65,0,0,0,0,0,0,0
"03341113",1,"2015","2014",0,0.153,0.153,"2",0,0,"39","D",0,0,1,"D",1,"D",8251,"D",0,"D",3000,"D",0,"D",16126,"D",0,"D",0,"D",3000,"D",60,"D",0,"D",0,"D",0,"D",-500,0,-496,-503,0,0,1262.4,1262.4,11251,11251,11251.01,11251.01,0,0,0,0,0,0,496,503,11251,11251,0,0,0,0,0,0,0,0,0,0,0,0,0,0,0,0,0
"03341143",1,"2015","2014",0,0.153,0.153,"1",0.2339,0.2339,"33","D",0.0645,0.0645,0,"D",0,"D",67090,"D",0,"D",0,"D",0,"D",0,"D",0,"D",0,"D",2400,"D",12,"D",0,"D",0,"D",6444,"D",8528,3423,8570.45,8497.39,3427.21,3419.44,10264.77,10264.77,67090,67090,67090.01,67090.01,0,0,0,0,0,0,0,0,60646,60646,0,0,8570.45,8497.39,8570.45,8497.39,7800,7900,8856,8856,0,0,0,0,0,0,0
"03341213",1,"2015","2014",1,0.153,0.153,"2",0.15,0.15,"45","D",0.063,0.063,0,"D",0,"D",29000,"D",37500,"D",20,"D",0,"D",0,"D",0,"D",0,"D",1000,"D",1184,"D",0,"D",1,"D",200,"D",4394,2546,4433,4365.5,2560.17,2535.84,10174.5,10174.5,66520,66520,66520.01,66520.01,1000,1000,0,0,0,0,0,0,66520,66520,0,0,5433,5365.5,5433,5365.5,0,0,0,0,0,0,0,0,0,0,0
"03341213",2,"2015","2014",0,0.153,0.153,"1",0.15,0.15,"45","D",0.063,0.063,0,"D",0,"D",28000,"D",0,"D",0,"D",0,"D",0,"D",0,"D",0,"D",0,"D",0,"D",0,"D",0,"D",0,"D",2206,1031,2223.75,2193.75,1037.58,1026.54,4284,4284,28000,28000,28000.01,28000.01,0,0,0,0,0,0,0,0,28000,28000,0,0,2223.75,2193.75,2223.75,2193.75,0,0,0,0,0,0,0,0,0,0,0
"03341213",3,"2015","2014",0,0.153,0.153,"1",0.0765,0.0765,"45","D",0,0,0,"D",0,"D",9200,"D",0,"D",0,"D",0,"D",0,"D",0,"D",0,"D",0,"D",0,"D",0,"D",0,"D",0,"D",-423,0,-412.61,-430.32,0,0,1407.6,1407.6,9200,9200,9200.01,9200.01,0,0,0,0,0,0,412.61,430.32,9200,9200,0,0,0,0,0,0,0,0,0,0,0,0,0,0,0,0,0
"03341223",1,"2015","2014",0,0.153,0.153,"1",0.15,0.15,"38","D",0.0765,0.0765,0,"D",0,"D",22000,"D",0,"D",0,"D",0,"D",0,"D",0,"D",4860,"D",0,"D",0,"D",0,"D",0,"D",0,"D",1306,1244,1323.75,1293.75,1248.46,1241.52,3366,3366,22000,22000,22000.01,22000.01,0,0,0,0,0,0,0,0,22000,22000,0,0,1323.75,1293.75,1323.75,1293.75,2115.6,2144.96,0,0,0,0,0,0,0,0,0
"03341233",1,"2015","2014",0,0.153,0.153,"1",0.15,0.15,"05","D",0.04,0.04,0,"D",0,"D",28000,"D",0,"D",0,"D",0,"D",0,"D",0,"D",14400,"D",0,"D",0,"D",0,"D",0,"D",0,"D",2206,342,2223.75,2193.75,347.38,338.53,4284,4284,28000,28000,28000.01,28000.01,0,0,0,0,0,0,0,0,28000,28000,0,0,2223.75,2193.75,2223.75,2193.75,3992,4044,0,0,0,0,0,0,0,0,0
"03341243",1,"2015","2014",3,0.153,0.153,"3",0.4659,0.4659,"02","D",0,0,1,"D",1,"D",25000,"D",0,"D",2072,"D",0,"D",9936,"D",0,"D",10800,"D",0,"D",130,"D",0,"D",3,"D",120,"D",-6159,0,-6041.12,-6242.51,0,0,3825,3825,30592,30592,0,0,414.2,379.2,2585.8,2620.8,0,0,3455.32,3621.71,30592,30592,0,0,414.2,379.2,414.2,379.2,0,0,0,0,0,0,0,0,0,0,0
"03341243",2,"2015","2014",0,0.153,0.153,"1",0.15,0.15,"02","D",0,0,0,"D",0,"D",44000,"D",0,"D",-4813,"D",0,"D",0,"D",0,"D",0,"D",0,"D",0,"D",0,"D",0,"D",0,"D",3884,0,3901.8,3871.8,0,0,6732,6732,39187,39187,0,0,0,0,0,0,0,0,0,0,39187,39187,0,0,3901.8,3871.8,3901.8,3871.8,0,0,0,0,0,0,0,0,0,0,0
"03341393",1,"2015","2014",0,0.153,0.153,"1",0.15,0.15,"41","D",0.07,0.07,0,"D",0,"D",45000,"D",0,"D",-2177,"D",0,"D",0,"D",0,"D",9264,"D",0,"D",0,"D",0,"D",0,"D",0,"D",4430,1791,4447.2,4417.2,1797.51,1787.01,6885,6885,42823,42823,32673.01,32523.01,0,0,0,0,0,0,0,0,42823,42823,0,0,4447.2,4417.2,4447.2,4417.2,0,0,0,0,0,0,0,0,0,0,0
"03341403",1,"2015","2014",0,0.153,0.153,"2",0.2775,0.2775,"39","D",0.0307,0.0307,2,"D",2,"D",28568,"D",0,"D",17589,"D",0,"D",21645,"D",0,"D",0,"D",2830,"D",3852,"D",0,"D",0,"D",1040,"D",5122,1417,5165.94,5090.94,1417.02,1417.02,4370.9,4370.9,63189.58,63189.58,46157.01,46157.01,0,0,0,0,0,0,0,0,63189.58,63189.58,0,0,5165.94,5090.94,5165.94,5090.94,0,0,0,0,0,0,0,0,0,0,0
"03341423",1,"2015","2014",0,0,0,"1",-0.0765,-0.0765,"05","D",0,0,0,"D",0,"D",0,"D",0,"D",0,"D",0,"D",0,"D",1680,"D",0,"D",0,"D",0,"D",0,"D",0,"D",0,"D",0,0,0,0,0,0,0,0,0,0,0.01,0.01,0,0,0,0,0,0,0,0,0,0,0,0,0,0,0,0,3992,4044,0,0,0,0,0,0,0,0,0
"03341433",1,"2015","2014",0,0.153,0.153,"1",0.15,0.15,"05","D",0.04,0.04,0,"D",0,"D",26000,"D",0,"D",0,"D",0,"D",0,"D",0,"D",13380,"D",0,"D",0,"D",0,"D",0,"D",0,"D",1906,262,1923.75,1893.75,267.38,258.53,3978,3978,26000,26000,26000.01,26000.01,0,0,0,0,0,0,0,0,26000,26000,0,0,1923.75,1893.75,1923.75,1893.75,3992,4044,0,0,0,0,0,0,0,0,0
"03341453",1,"2015","2014",3,0.153,0.153,"2",0.3106,0.3106,"0","T",0,0,0,"D",0,"D",38174,"D",0,"D",0,"D",0,"D",0,"D",0,"D",0,"D",1200,"D",0,"D",0,"D",3,"D",4480,"D",-5532,0,-5399.71,-5625.85,0,0,5840.62,5840.62,38174,38174,0,0,602.4,557.4,2397.6,2442.6,0,0,3002.11,3183.25,38174,38174,0,0,602.4,557.4,602.4,557.4,0,0,0,0,0,0,0,0,0,0,0
"03341463",1,"2015","2014",0,0.153,0.153,"2",0.0765,0.0765,"36","D",0.0275,0.0288,0,"D",0,"D",0,"D",16373,"D",0,"D",0,"D",0,"D",0,"D",0,"D",1200,"D",0,"D",0,"D",0,"D",0,"D",-293,42,-279.28,-302.34,47.73,38.13,2505.07,2505.07,16373,16373,16373.01,16373.01,0,0,0,0,0,0,279.28,302.34,16373,16373,0,0,0,0,0,0,0,0,0,0,0,0,0,0,27.93,30.23,0
"03341473",1,"2015","2014",1,0.153,0.153,"3",0.2483,0.2483,"44","D",0,0,0,"D",0,"D",77880,"D",0,"D",-736,"D",0,"D",0,"D",0,"D",0,"D",3400,"D",1,"D",0,"D",0,"D",8384,"D",8484,0,8550.69,8435.69,0,0,11915.64,11915.64,77144,77144,0,0,0,0,0,0,0,0,0,0,68760,68760,0,0,8550.69,8435.69,8550.69,8435.69,0,0,0,0,0,0,0,0,0,0,0
"03341483",1,"2015","2014",2,0,0,"3",0,0,"05","D",0,0,0,"D",0,"D",0,"D",0,"D",9868,"D",0,"D",0,"D",0,"D",18296,"D",0,"D",0,"D",0,"D",0,"D",0,"D",0,0,0,0,0,0,0,0,9868,9868,9868.01,9868.01,0,0,0,0,0,0,0,0,9868,9868,0,0,0,0,0,0,7984,8088,0,0,0,0,0,0,0,0,0
"03341483",2,"2015","2014",2,0,0,"3",-0.4,-0.4,"05","D",0,0,0,"D",0,"D",0,"D",0,"D",0,"D",0,"D",0,"D",0,"D",0,"D",0,"D",0,"D",0,"D",0,"D",0,"D",0,0,0,0,0,0,0,0,0,0,0.01,0.01,0,0,0,0,0,0,0,0,0,0,0,0,0,0,0,0,7984,8088,0,0,0,0,0,0,0,0,0
"03341493",1,"2015","2014",0,0,0,"2",0,0,"33","D",0,0,0,"D",0,"D",0,"D",0,"D",4800,"D",1700,"D",32436,"D",0,"D",0,"D",2000,"D",2082,"D",0,"D",0,"D",0,"D",0,0,0,0,0,0,0,0,6500,6500,6500.01,6500.01,0,0,0,0,0,0,0,0,6500,6500,0,0,0,0,0,0,15650,15850,0,0,0,0,0,0,0,0,0
"03341503",1,"2015","2014",0,0.153,0.153,"1",0.15,0.15,"12","D",0.072,0.072,0,"D",0,"D",23606,"D",0,"D",0,"D",0,"D",0,"D",0,"D",15300,"D",0,"D",0,"D",0,"D",0,"D",0,"D",1547,989,1564.65,1534.65,989.46,989.46,3611.72,3611.72,23606,23606,23606.01,23606.01,0,0,0,0,0,0,0,0,23606,23606,0,0,1564.65,1534.65,1564.65,1534.65,2200,2200,989.46,989.46,0,0,0,0,0,0,0
"03341513",1,"2015","2014",0,0.153,0.153,"1",0.266,0.266,"45","D",0.05,0.05,0,"D",0,"D",82000,"D",0,"D",0,"D",28000,"D",0,"D",0,"D",0,"D",1500,"D",0,"D",0,"D",0,"D",4960,"D",19452,5500,19520.95,19402.45,5500,5500,12546,12546,110000,110000,110000.01,110000.01,0,0,0,0,0,0,0,0,105040,105040,0,0,19520.95,19402.45,19520.95,19402.45,0,0,0,0,0,0,0,0,0,0,0
"03341563",1,"2015","2014",0,0,0,"1",0,0,"45","D",0,0,1,"D",1,"D",0,"D",0,"D",2,"D",1982,"D",16246,"D",0,"D",0,"D",1200,"D",1818,"D",0,"D",0,"D",480,"D",0,0,0,0,0,0,0,0,1984,1984,1984.01,1984.01,0,0,0,0,0,0,0,0,1984,1984,0,0,0,0,0,0,0,0,0,0,0,0,0,0,0,0,0
"03341573",1,"2015","2014",1,0,0,"3",-0.34,-0.34,"05","D",0,0,0,"D",0,"D",0,"D",0,"D",0,"D",0,"D",0,"D",0,"D",5640,"D",0,"D",0,"D",0,"D",0,"D",0,"D",0,0,0,0,0,0,0,0,0,0,0.01,0.01,0,0,0,0,0,0,0,0,0,0,0,0,0,0,0,0,7984,8088,0,0,0,0,0,0,0,0,0
"03341583",1,"2015","2014",2,0.153,0.153,"3",0.15,0.25,"36","D",0.0346,0.037,0,"D",0,"D",70604,"D",0,"D",0,"D",0,"D",0,"D",0,"D",21660,"D",0,"D",750,"D",0,"D",1,"D",200,"D",5779,1776,5826,5745.6,1843.75,1727.53,10802.41,10802.41,70604,70604,70604.01,70604.01,1000,1000,0,0,0,0,0,0,70604,70604,0,0,6826,6745.6,6826,6745.6,0,0,0,0,0,0,0,0,0,0,0
"03341583",2,"2015","2014",2,0,0,"3",-0.4,-0.4,"36","D",0,0,0,"D",0,"D",0,"D",0,"D",0,"D",0,"D",0,"D",0,"D",0,"D",0,"D",0,"D",0,"D",1,"D",0,"D",0,0,0,0,0,0,0,0,0,0,0.01,0.01,0,0,0,0,0,0,0,0,0,0,0,0,0,0,0,0,0,0,0,0,0,0,0,0,0,0,0
"03341613",1,"2015","2014",2,0,0,"3",-0.4,-0.4,"44","D",0,0,0,"D",0,"D",0,"D",0,"D",0,"D",0,"D",0,"D",0,"D",0,"D",2800,"D",0,"D",0,"D",0,"D",0,"D",0,0,0,0,0,0,0,0,0,0,0,0,0,0,0,0,0,0,0,0,0,0,0,0,0,0,0,0,0,0,0,0,0,0,0,0,0,0,0
"03341623",1,"2015","2014",0,0.153,0.153,"1",0.15,0.15,"19","D",0.034,0.034,0,"D",0,"D",31000,"D",0,"D",900,"D",0,"D",0,"D",0,"D",0,"D",480,"D",0,"D",0,"D",0,"D",4112,"D",2791,834,2808.75,2778.75,833.65,834.85,4743,4743,31900,31900,31900.01,31900.01,0,0,0,0,0,0,0,0,31900,31900,0,0,2808.75,2778.75,2808.75,2778.75,0,0,0,0,0,0,0,0,0,0,0
"03341633",1,"2015","2014",0,0.029,0.029,"2",0.2695,0.325,"14","D",0.0375,0.05,0,"D",0,"D",0,"D",228786,"D",17000,"D",0,"D",0,"D",0,"D",0,"D",13900,"D",530,"D",0,"D",0,"D",22536,"D",40981,9620,41037.75,40940.1,11381.8,8360.73,21142.79,21328.79,245786,245786,245786.01,245786.01,0,0,0,0,0,0,0,0,223250,223250,720.05,0,40317.7,40940.1,40317.7,40940.1,0,0,0,0,695,695,0,0,0,0,0
"03341643",1,"2015","2014",0,0.153,0.153,"1",0.25,0.25,"23","D",0.0425,0.0425,0,"D",0,"D",72000,"D",0,"D",-1513,"D",0,"D",0,"D",0,"D",15600,"D",0,"D",0,"D",0,"D",0,"D",360,"D",10882,2826,10940.5,10840.5,2825.7,2825.7,11016,11016,70487,70487,70487.01,70487.01,0,0,0,0,0,0,0,0,70487,70487,0,0,10940.5,10840.5,10940.5,10840.5,0,0,0,0,0,0,0,0,0,0,0
"03341673",1,"2015","2014",0,0,0,"1",0,0,"21","D",0,0,1,"D",1,"D",0,"D",0,"D",7793,"D",0,"D",16363,"D",0,"D",0,"D",3500,"D",0,"D",0,"D",0,"D",3416,"D",0,0,0,0,0,0,0,0,7793,7793,7793.01,7793.01,0,0,0,0,0,0,0,0,4377,4377,0,0,0,0,0,0,1500,1500,6916,6916,0,0,0,0,0,0,0
"03341683",1,"2015","2014",0,0.153,0.153,"1",0.1,0.1,"29","D",0,0,0,"D",0,"D",16000,"D",0,"D",0,"D",0,"D",0,"D",0,"D",8400,"D",0,"D",0,"D",0,"D",0,"D",0,"D",576,0,585,570,0,0,2448,2448,16000,16000,0,0,0,0,0,0,0,0,0,0,16000,16000,0,0,585,570,585,570,0,0,0,0,0,0,0,0,0,0,0
"03341713",1,"2015","2014",0,0.153,0.153,"1",0.15,0.15,"44","D",0,0,0,"D",0,"D",30000,"D",0,"D",0,"D",0,"D",0,"D",0,"D",9560,"D",0,"D",0,"D",0,"D",0,"D",0,"D",2506,0,2523.75,2493.75,0,0,4590,4590,30000,30000,0,0,0,0,0,0,0,0,0,0,30000,30000,0,0,2523.75,2493.75,2523.75,2493.75,0,0,0,0,0,0,0,0,0,0,0
"03341723",1,"2015","2014",1,0.153,0.153,"2",0.15,0.15,"07","D",0.09,0.09,0,"D",0,"D",73392,"D",0,"D",-4414,"D",0,"D",0,"D",0,"D",12600,"D",0,"D",465,"D",0,"D",1,"D",680,"D",4762,2608,4801.7,4734.2,2608.02,2608.02,11228.98,11228.98,68978,68978,68978.01,68978.01,1000,1000,0,0,0,0,0,0,68978,68978,0,0,5801.7,5734.2,5801.7,5734.2,0,0,0,0,0,0,0,0,0,0,0
"03341793",1,"2015","2014",1,0.029,0.029,"3",0.2393,0.2393,"19","D",0.0431,0.0431,0,"D",0,"D",150000,"D",0,"D",0,"D",0,"D",0,"D",0,"D",0,"D",4500,"D",0,"D",0,"D",1,"D",20748,"D",22326,4941,22392.69,22278.19,4941.68,4939.68,18858,19044,150000,150000,150000.01,150000.01,0,0,0,0,0,0,0,0,129252,129252,0,0,22392.69,22278.19,22392.69,22278.19,0,0,0,0,0,0,0,0,0,0,0
"03341813",1,"2015","2014",2,0.153,0.153,"2",0.28,0.28,"05","D",0.08,0.08,0,"D",0,"D",60000,"D",50000,"D",0,"D",0,"D",0,"D",0,"D",0,"D",7000,"D",30,"D",0,"D",2,"D",8792,"D",8465,2959,8558.89,8398.27,2992.45,2934.92,16830,16830,110000,110000,110000.01,110000.01,2000,2000,0,0,0,0,0,0,101208,101208,0,0,10558.89,10398.27,10558.89,10398.27,7984,8088,15822,15822,0,0,0,0,0,0,0
"03341843",1,"2015","2014",4,0.153,0.153,"2",0.1405,0.1405,"45","D",0.063,0.063,0,"D",0,"D",20000,"D",95000,"D",-5400,"D",0,"D",0,"D",0,"D",0,"D",1800,"D",0,"D",0,"D",4,"D",19528,"D",4114,4194,4147.51,4090.37,4205.28,4186.2,17595,17595,109600,109600,109600.01,109600.01,4000,4000,0,0,0,0,0,0,90072,90072,0,0,8147.51,8090.37,8147.51,8090.37,0,0,0,0,0,0,0,0,0,0,0
"03341853",1,"2015","2014",0,0,0,"1",0,0,"44","D",0,0,1,"D",1,"D",0,"D",0,"D",0,"D",0,"D",0,"D",0,"D",0,"D",1500,"D",0,"D",0,"D",0,"D",175,"D",0,0,0,0,0,0,0,0,0,0,0,0,0,0,0,0,0,0,0,0,0,0,0,0,0,0,0,0,0,0,0,0,0,0,0,0,0,0,0
"03341903",1,"2015","2014",2,0.153,0.153,"2",0.2275,0.2275,"38","D",0.09,0.09,0,"D",0,"D",86000,"D",27085,"D",39,"D",0,"D",0,"D",0,"D",0,"D",1400,"D",1910,"D",0,"D",0,"D",8216,"D",11228,7329,11325.42,11157.67,7346.32,7317.32,17302,17302,113124,113124,113124.01,113124.01,0,0,0,0,0,0,0,0,104908,104908,0,0,11325.42,11157.67,11325.42,11157.67,4231.2,4289.91,11526,11526,0,0,0,0,0,0,0
"03341903",2,"2015","2014",2,0,0,"3",-0.4,-0.4,"38","D",-0.032,-0.032,0,"D",0,"D",0,"D",0,"D",0,"D",0,"D",0,"D",0,"D",0,"D",0,"D",0,"D",0,"D",0,"D",0,"D",0,0,0,0,0,0,0,0,0,0,0.01,0.01,0,0,0,0,0,0,0,0,0,0,0,0,0,0,0,0,3405.6,3452.86,0,0,0,0,0,0,0,0,0
"03341913",1,"2015","2014",0,0,0,"2",0.15,0.15,"31","D",0,0,2,"D",2,"D",0,"D",0,"D",300,"D",20400,"D",34124,"D",0,"D",0,"D",8700,"D",4085,"D",0,"D",0,"D",400,"D",65,0,88.1,48.1,0,0,0,0,23581,23581,700.01,700.01,0,0,0,0,0,0,0,0,23581,23581,0,0,88.1,48.1,88.1,48.1,0,0,0,0,50,50,0,0,0,0,0
"03341933",1,"2015","2014",1,0.153,0.153,"2",0.2598,0.2598,"44","D",0,0,0,"D",0,"D",27000,"D",0,"D",0,"D",0,"D",0,"D",0,"D",15300,"D",0,"D",105,"D",160,"D",1,"D",0,"D",-3521,0,-3432.35,-3583.67,0,0,4131,4131,27000,27000,0,0,275,240,725,760,0,0,2707.35,2823.67,27000,27000,0,0,275,240,275,240,0,0,0,0,0,0,0,0,0,0,0
"03341963",1,"2015","2014",0,0.153,0.153,"1",0.15,0.15,"34","D",0.0575,0.058,0,"D",0,"D",25000,"D",0,"D",0,"D",0,"D",0,"D",0,"D",5400,"D",0,"D",0,"D",0,"D",0,"D",0,"D",1756,1010,1773.75,1743.75,1015,1006.25,3825,3825,25000,25000,25000.01,25000.01,0,0,0,0,0,0,0,0,25000,25000,0,0,1773.75,1743.75,1773.75,1743.75,7500,7500,0,0,0,0,0,0,0,0,0
"03341973",1,"2015","2014",0,0.153,0.153,"1",0.25,0.25,"39","D",0.0307,0.0307,0,"D",0,"D",70000,"D",0,"D",-2102,"D",0,"D",0,"D",0,"D",8820,"D",0,"D",0,"D",0,"D",0,"D",0,"D",10235,2084,10293.25,10193.25,2084.47,2084.47,10710,10710,67898,67898,67898.01,67898.01,0,0,0,0,0,0,0,0,67898,67898,0,0,10293.25,10193.25,10293.25,10193.25,0,0,0,0,0,0,0,0,0,0,0
"03341983",1,"2015","2014",0,0.153,0.153,"2",0.15,0.15,"14","D",0.0375,0.05,0,"D",0,"D",24500,"D",30000,"D",0,"D",0,"D",0,"D",0,"D",0,"D",2500,"D",35,"D",0,"D",0,"D",6064,"D",4188,2020,4222.5,4162.5,2387.5,1757.5,8338.5,8338.5,54500,54500,54500.01,54500.01,0,0,0,0,0,0,0,0,54500,54500,0,0,4222.5,4162.5,4222.5,4162.5,0,0,0,0,125,125,0,0,0,0,0
"03341983",2,"2015","2014",0,0.153,0.153,"1",0.15,0.15,"14","D",0.0375,0.05,0,"D",0,"D",20000,"D",0,"D",0,"D",0,"D",0,"D",0,"D",0,"D",0,"D",0,"D",0,"D",0,"D",0,"D",1006,763,1023.75,993.75,893.75,669.38,3060,3060,20000,20000,20000.01,20000.01,0,0,0,0,0,0,0,0,20000,20000,0,0,1023.75,993.75,1023.75,993.75,0,0,0,0,0,0,0,0,0,0,0
"03341993",1,"2015","2014",0,0.153,0.153,"1",0.2415,0.2415,"01","D",0.0341,0.0341,0,"D",0,"D",103747,"D",0,"D",0,"D",0,"D",0,"D",0,"D",0,"D",360,"D",0,"D",0,"D",0,"D",8464,"D",17719,3348,17763.1,17687.14,3346.16,3349.96,15873.29,15873.29,103747,103747,103747.01,103747.01,0,0,0,0,0,0,0,0,95283,95283,0,0,17763.1,17687.14,17763.1,17687.14,2000,2000,16760.65,16760.65,0,0,0,0,0,0,0
"03342033",1,"2015","2014",3,0.153,0.153,"3",0.15,0.15,"05","D",0,0,0,"D",0,"D",42758,"D",0,"D",8424,"D",0,"D",0,"D",0,"D",14400,"D",0,"D",0,"D",0,"D",2,"D",0,"D",1258,0,1294.8,1232.3,0,0,6541.97,6541.97,51182,51182,51182.01,51182.01,2000,2000,0,0,0,0,0,0,51182,51182,0,0,3294.8,3232.3,3294.8,3232.3,7984,8088,0,0,0,0,0,0,0,0,0
"03342083",1,"2015","2014",0,0.153,0.153,"1",0.1404,0.1404,"50","D",0.0642,0.0642,0,"D",0,"D",55000,"D",0,"D",0,"D",0,"D",0,"D",0,"D",0,"D",8100,"D",3702,"D",0,"D",0,"D",18732,"D",2345,1802,2352.62,2338.76,1806.84,1799.3,8415,8415,55000,55000,55000.01,55000.01,0,0,0,0,0,0,0,0,36268,36268,0,0,2352.62,2338.76,2352.62,2338.76,5244,5443.65,18732,18732,0,0,0,0,0,0,0
"03342083",2,"2015","2014",0,0.029,0.029,"1",0.2624,0.2624,"50","D",0.0627,0.0627,0,"D",0,"D",135000,"D",0,"D",0,"D",0,"D",0,"D",0,"D",0,"D",0,"D",0,"D",0,"D",0,"D",0,"D",27526,8123,27594.46,27477.36,8126.04,8121.03,18423,18609,135000,135000,135000.01,135000.01,0,0,0,0,0,0,0,0,135000,135000,0,0,27594.46,27477.36,27594.46,27477.36,0,0,0,0,0,0,0,0,0,0,0
"03342083",3,"2015","2014",0,0.153,0.153,"1",0.15,0.15,"50","D",0.0654,0.0654,0,"D",0,"D",24000,"D",0,"D",0,"D",0,"D",0,"D",0,"D",0,"D",0,"D",0,"D",0,"D",0,"D",0,"D",1606,628,1623.75,1593.75,636.48,621.41,3672,3672,24000,24000,24000.01,24000.01,0,0,0,0,0,0,0,0,24000,24000,0,0,1623.75,1593.75,1623.75,1593.75,8964,9163.65,0,0,0,0,0,0,0,0,0
"03342113",1,"2015","2014",0,0.029,0.029,"1",0.28,0.28,"0","T",0,0,0,"D",0,"D",125000,"D",0,"D",53,"D",0,"D",0,"D",0,"D",0,"D",30,"D",141,"D",0,"D",0,"D",4952,"D",25263,0,25348.59,25202.09,0,0,18133,18319,125053,125053,0,0,0,0,0,0,0,0,0,0,125053,125053,0,0,25348.59,25202.09,25348.59,25202.09,0,0,0,0,0,0,0,0,0,0,0
"03342123",1,"2015","2014",2,0,0,"3",-0.4,-0.4,"01","D",0,0,0,"D",0,"D",0,"D",0,"D",0,"D",0,"D",0,"D",0,"D",0,"D",1400,"D",0,"D",0,"D",0,"D",100,"D",0,0,0,0,0,0,0,0,0,0,0.01,0.01,0,0,0,0,0,0,0,0,0,0,0,0,0,0,0,0,4700,4700,1500,1500,0,0,0,0,0,0,0
"03342143",1,"2015","2014",0,0.153,0.153,"1",0.1765,0.1765,"44","D",0,0,0,"D",0,"D",14000,"D",0,"D",0,"D",0,"D",0,"D",0,"D",12720,"D",0,"D",0,"D",0,"D",0,"D",0,"D",321,0,339.59,306.88,0,0,2142,2142,14000,14000,0,0,0,0,0,0,0,0,45.41,63.12,14000,14000,0,0,385,370,385,370,0,0,0,0,0,0,0,0,0,0,0
"03342163",1,"2015","2014",0,0.153,0.153,"1",0.15,0.15,"38","D",0.0765,0.0765,0,"D",0,"D",32000,"D",0,"D",0,"D",0,"D",0,"D",0,"D",8100,"D",0,"D",7,"D",0,"D",0,"D",0,"D",2806,2009,2823.75,2793.75,2013.46,2006.52,4896,4896,32000,32000,32000.01,32000.01,0,0,0,0,0,0,0,0,32000,32000,0,0,2823.75,2793.75,2823.75,2793.75,2115.6,2144.96,7,7,0,0,0,0,0,0,0
"03342173",1,"2015","2014",0,0.153,0.153,"1",0.25,0.25,"0","T",0,0,0,"D",0,"D",85000,"D",0,"D",0,"D",0,"D",0,"D",0,"D",6900,"D",0,"D",450,"D",0,"D",0,"D",0,"D",14510,0,14568.75,14468.75,0,0,13005,13005,85000,85000,0,0,0,0,0,0,0,0,0,0,85000,85000,0,0,14568.75,14468.75,14568.75,14468.75,0,0,0,0,0,0,0,0,0,0,0
"03342173",2,"2015","2014",0,0.153,0.153,"2",0.0765,0.0765,"0","T",0,0,0,"D",0,"D",18500,"D",0,"D",0,"D",0,"D",0,"D",0,"D",0,"D",0,"D",0,"D",0,"D",0,"D",0,"D",-130,0,-116.56,-139.62,0,0,2830.5,2830.5,18500,18500,0,0,0,0,0,0,0,0,116.56,139.62,18500,18500,0,0,0,0,0,0,0,0,0,0,0,0,0,0,0,0,0
"03342183",1,"2015","2014",1,0.153,0.153,"2",0.15,0.15,"28","D",0.0501,0.0501,0,"D",0,"D",30000,"D",32000,"D",0,"D",0,"D",0,"D",0,"D",0,"D",1200,"D",0,"D",0,"D",1,"D",4848,"D",3716,1483,3755,3687.5,1497.96,1472.29,9486,9486,62000,62000,62000.01,62000.01,1000,1000,0,0,0,0,0,0,62000,62000,0,0,4755,4687.5,4755,4687.5,12400,12600,0,0,0,0,0,0,0,0,0
"03342193",1,"2015","2014",0,0.153,0.153,"1",0.2484,0.2484,"10","D",0,0,0,"D",0,"D",65000,"D",0,"D",0,"D",0,"D",0,"D",0,"D",0,"D",3000,"D",2134,"D",0,"D",0,"D",15476,"D",5749,0,5792.6,5717.6,0,0,9945,9945,65000,65000,0,0,0,0,0,0,0,0,0,0,49524,49524,0,0,5792.6,5717.6,5792.6,5717.6,0,0,0,0,0,0,0,0,0,0,0
"03342193",2,"2015","2014",0,0.153,0.153,"1",0.25,0.25,"10","D",0,0,1,"D",1,"D",65000,"D",0,"D",0,"D",0,"D",0,"D",0,"D",0,"D",0,"D",0,"D",0,"D",0,"D",0,"D",9123,0,9181.25,9081.25,0,0,9945,9945,65000,65000,0,0,0,0,0,0,0,0,0,0,65000,65000,0,0,9181.25,9081.25,9181.25,9081.25,0,0,0,0,0,0,0,0,0,0,0
"03342213",1,"2015","2014",1,0.038,0.038,"3",0.35,0.35,"33","D",0.0665,0.0665,0,"D",0,"D",228786,"D",0,"D",0,"D",0,"D",0,"D",0,"D",0,"D",9000,"D",25,"D",0,"D",1,"D",7596,"D",50529,14319,50771.5,50356.5,14318.8,14318.8,21401.87,21587.87,228786,228786,228786.01,228786.01,0,0,0,0,0,0,0,0,221190,221190,7000.56,6765.06,43770.94,43591.44,43770.94,43591.44,10950,11100,12465.75,12465.75,0,0,0,0,0,0,0
"03342243",1,"2015","2014",2,0.153,0.153,"2",0.15,0.15,"10","D",0,0,0,"D",0,"D",50203,"D",49056,"D",0,"D",0,"D",0,"D",0,"D",0,"D",3500,"D",280,"D",0,"D",2,"D",3552,"D",7708,0,7751.35,7676.35,0,0,15186.63,15186.63,99259,99259,0,0,2000,2000,0,0,0,0,0,0,99259,99259,0,0,9751.35,9676.35,9751.35,9676.35,0,0,0,0,0,0,0,0,0,0,0
"03342263",1,"2015","2014",4,0,0,"3",-0.45,-0.45,"01","D",0,0,1,"D",1,"D",0,"D",0,"D",1622,"D",0,"D",16102,"D",0,"D",10800,"D",0,"D",880,"D",0,"D",3,"D",1752,"D",0,0,0,0,0,0,0,0,1622,1622,1622.01,1622.01,0,0,0,0,0,0,0,0,1622,1622,0,0,0,0,0,0,4700,4700,2632,2632,0,0,0,0,0,0,0
"03342283",1,"2015","2014",1,0.153,0.153,"2",0.15,0.15,"11","D",0.06,0.06,1,"D",1,"D",60000,"D",0,"D",0,"D",0,"D",0,"D",0,"D",0,"D",1900,"D",210,"D",0,"D",0,"D",4536,"D",4231,2458,4275,4200,2458,2458,9180,9180,60000,60000,60000.01,60000.01,0,0,0,0,0,0,0,0,60000,60000,0,0,4275,4200,4275,4200,4300,4300,0,0,0,0,0,0,0,0,0
"03342303",1,"2015","2014",1,0.153,0.153,"3",-0.34,-0.34,"21","D",-0.0867,-0.085,0,"D",0,"D",8275,"D",0,"D",0,"D",0,"D",0,"D",0,"D",12000,"D",0,"D",138,"D",0,"D",0,"D",88,"D",-2814,-712,-2813.5,-2813.5,-703.38,-717.44,1266.07,1266.07,8275,8275,8275.01,8275.01,0,0,0,0,0,0,2813.5,2813.5,8275,8275,0,0,0,0,0,0,3000,3000,0,0,0,0,0,0,2110.13,2124.2,0
"03342323",1,"2015","2014",2,0.153,0.153,"2",0.2921,0.2921,"01","D",0.0316,0.0316,0,"D",0,"D",70000,"D",53875,"D",0,"D",0,"D",0,"D",0,"D",0,"D",400,"D",150,"D",0,"D",2,"D",13876,"D",12691,4104,12793.93,12616.71,4098.93,4107.79,18952.87,18952.87,123875,123875,123875.01,123875.01,1306.25,1306.25,0,0,0,0,0,0,109999,109999,0,0,14100.18,13922.96,14100.18,13922.96,4000,4000,23902.44,23902.44,0,0,0,0,0,0,0
"03342333",1,"2015","2014",2,0.153,0.153,"3",-0.55,-0.55,"39","D",0,0,0,"D",0,"D",10000,"D",0,"D",0,"D",0,"D",0,"D",0,"D",7800,"D",0,"D",0,"D",0,"D",2,"D",0,"D",-5050,0,-5050,-5050,0,0,1530,1530,10000,10000,10000.01,10000.01,0,0,1050,1050,0,0,4000,4000,10000,10000,0,0,0,0,0,0,0,0,0,0,0,0,0,0,0,0,0
"03342333",2,"2015","2014",0,0.153,0.153,"1",0.1765,0.1765,"39","D",0.0307,0.0307,0,"D",0,"D",13032,"D",0,"D",0,"D",0,"D",0,"D",0,"D",0,"D",0,"D",0,"D",0,"D",0,"D",0,"D",150,400,168.73,136.02,400.08,400.08,1993.9,1993.9,13032,13032,13032.01,13032.01,0,0,0,0,0,0,119.47,137.18,13032,13032,0,0,288.2,273.2,288.2,273.2,0,0,0,0,0,0,0,0,0,0,0
"03342343",1,"2015","2014",0,0.029,0.029,"2",0.2486,0.2486,"44","D",0,0,0,"D",0,"D",125000,"D",0,"D",-3005,"D",0,"D",0,"D",0,"D",0,"D",4000,"D",980,"D",0,"D",0,"D",16056,"D",14591,0,14678.53,14528.53,0,0,18133,18319,121995,121995,0,0,0,0,0,0,0,0,0,0,105939,105939,0,0,14678.53,14528.53,14678.53,14528.53,0,0,0,0,0,0,0,0,0,0,0
"03342383",1,"2015","2014",0,0.153,0.153,"1",0.15,0.15,"03","D",0.0288,0.0288,0,"D",0,"D",22482,"D",0,"D",0,"D",0,"D",0,"D",0,"D",8340,"D",0,"D",0,"D",0,"D",0,"D",0,"D",1379,412,1396.05,1366.05,413.74,410.91,3439.75,3439.75,22482,22482,22482.01,22482.01,0,0,0,0,0,0,0,0,22482,22482,0,0,1396.05,1366.05,1396.05,1366.05,5009,5091,413.74,410.91,0,0,0,0,0,0,0
"03342393",1,"2015","2014",0,0.153,0.153,"1",0.15,0.15,"34","D",0.0575,0.058,1,"D",1,"D",16598,"D",0,"D",0,"D",0,"D",27862,"D",0,"D",43356,"D",0,"D",0,"D",0,"D",0,"D",0,"D",758,525,766.25,751.25,527.68,523.14,2539.49,2539.49,19362.5,19362.5,16598.01,16598.01,0,0,0,0,0,0,0,0,19362.5,19362.5,0,0,766.25,751.25,766.25,751.25,7500,7500,0,0,0,0,0,0,0,0,0
"03342403",1,"2015","2014",2,0.153,0.153,"3",0.25,0.25,"05","D",0.08,0.08,0,"D",0,"D",72000,"D",0,"D",0,"D",0,"D",0,"D",0,"D",10800,"D",0,"D",20,"D",0,"D",0,"D",800,"D",7079,1305,7175,7010,1337.55,1281.14,11016,11016,72000,72000,72000.01,72000.01,0,0,0,0,0,0,0,0,72000,72000,0,0,7175,7010,7175,7010,7984,8088,820,820,0,0,0,0,0,0,0
"03342403",2,"2015","2014",0,0.153,0.153,"1",0.15,0.15,"05","D",0.04,0.04,0,"D",0,"D",32565,"D",0,"D",0,"D",0,"D",0,"D",0,"D",0,"D",0,"D",0,"D",0,"D",0,"D",0,"D",2891,585,2908.5,2878.5,589.98,581.13,4982.44,4982.44,32565,32565,32565.01,32565.01,0,0,0,0,0,0,0,0,32565,32565,0,0,2908.5,2878.5,2908.5,2878.5,3992,4044,0,0,0,0,0,0,0,0,0
"03342403",4,"2015","2014",0,0.153,0.153,"1",0.15,0.15,"05","D",0.06,0.06,0,"D",0,"D",43971,"D",0,"D",0,"D",0,"D",0,"D",0,"D",0,"D",0,"D",0,"D",0,"D",0,"D",0,"D",4602,1256,4619.4,4589.4,1265.88,1248.45,6727.56,6727.56,43971,43971,43971.01,43971.01,0,0,0,0,0,0,0,0,43971,43971,0,0,4619.4,4589.4,4619.4,4589.4,3992,4044,0,0,0,0,0,0,0,0,0
"03342413",1,"2015","2014",2,0.153,0.153,"2",0.2106,0.2106,"26","D",0.035,0.04,0,"D",0,"D",0,"D",24000,"D",0,"D",0,"D",0,"D",0,"D",14196,"D",0,"D",0,"D",0,"D",2,"D",0,"D",-7403,121,-7304.16,-7474.29,125,118,3672,3672,24000,24000,24000.01,24000.01,0,0,2000,2000,0,0,5304.16,5474.29,24000,24000,0,0,0,0,0,0,12400,12600,0,0,0,0,0,0,0,0,0
"03342423",1,"2015","2014",0,0,0,"1",-0.0765,-0.0765,"39","D",0,0,0,"D",0,"D",0,"D",0,"D",445,"D",0,"D",20820,"D",0,"D",10920,"D",0,"D",1251,"D",0,"D",0,"D",120,"D",0,0,0,0,0,0,0,0,445,445,445.01,445.01,0,0,0,0,0,0,0,0,445,445,0,0,0,0,0,0,0,0,0,0,0,0,0,0,0,0,0
"03342443",1,"2015","2014",0,0.153,0.153,"1",0.25,0.25,"50","D",0.0702,0.0702,0,"D",0,"D",72885,"D",0,"D",0,"D",0,"D",0,"D",0,"D",11520,"D",0,"D",0,"D",0,"D",0,"D",0,"D",11482,3750,11540,11440,3760.2,3742.67,11151.4,11151.4,72885,72885,72885.01,72885.01,0,0,0,0,0,0,0,0,72885,72885,0,0,11540,11440,11540,11440,3097.8,3297.45,0,0,0,0,0,0,0,0,0
"03342463",1,"2015","2014",0,0,0,"1",-0.0765,-0.0765,"38","D",-0.0061,-0.0061,0,"D",0,"D",0,"D",0,"D",0,"D",0,"D",3862,"D",0,"D",1740,"D",0,"D",0,"D",0,"D",0,"D",0,"D",0,0,0,0,0,0,0,0,0,0,0.01,0.01,0,0,0,0,0,0,0,0,0,0,0,0,0,0,0,0,2115.6,2144.96,0,0,0,0,0,0,0,0,0
"03342473",1,"2015","2014",1,0.153,0.153,"2",0.15,0.15,"25","D",0.05,0.05,0,"D",0,"D",31000,"D",37000,"D",0,"D",0,"D",0,"D",0,"D",0,"D",270,"D",0,"D",0,"D",1,"D",2544,"D",4616,2195,4655,4587.5,2195,2195,10404,10404,68000,68000,68000.01,68000.01,1000,1000,0,0,0,0,0,0,68000,68000,0,0,5655,5587.5,5655,5587.5,4600,4600,2814,2814,0,0,0,0,0,0,0
"03342483",1,"2015","2014",2,0.153,0.153,"2",0.15,0.15,"07","D",0.045,0.045,0,"D",0,"D",60380,"D",21294,"D",0,"D",0,"D",0,"D",0,"D",0,"D",7000,"D",0,"D",0,"D",2,"D",1452,"D",5070,3015,5113.6,5038.6,3015.33,3015.33,12496.12,12496.12,81674,81674,81674.01,81674.01,2000,2000,0,0,0,0,0,0,81674,81674,0,0,7113.6,7038.6,7113.6,7038.6,0,0,0,0,0,0,0,0,0,0,0
"03342493",1,"2015","2014",3,0.153,0.153,"3",-0.45,-0.45,"23","D",0.0115,0.0115,0,"D",0,"D",1500,"D",0,"D",0,"D",0,"D",13308,"D",0,"D",0,"D",2200,"D",180,"D",0,"D",3,"D",0,"D",-675,-1249,-675,-675,-1249.35,-1249.35,229.5,229.5,1500,1500,1500.01,1500.01,0,0,0,0,0,0,675,675,1500,1500,0,0,0,0,0,0,0,0,0,0,1009.01,1009.01,0,0,40.5,40.5,0
"03342553",1,"2015","2014",2,0.153,0.153,"2",0.15,0.15,"0","T",0,0,0,"D",0,"D",38726,"D",26076,"D",0,"D",0,"D",0,"D",0,"D",0,"D",660,"D",422,"D",800,"D",2,"D",240,"D",2379,0,2422.8,2347.8,0,0,9914.71,9914.71,64802,64802,0,0,2000,2000,0,0,160,160,0,0,64802,64802,0,0,4582.8,4507.8,4582.8,4507.8,0,0,0,0,0,0,0,0,0,0,0
"03342573",1,"2015","2014",0,0.153,0.153,"1",0.25,0.25,"44","D",0,0,1,"D",1,"D",50000,"D",0,"D",0,"D",0,"D",23062,"D",0,"D",0,"D",0,"D",0,"D",0,"D",0,"D",6216,"D",10274,0,10331.93,10231.93,0,0,7650,7650,69602.7,69602.7,0,0,0,0,0,0,0,0,0,0,69602.7,69602.7,0,0,10331.93,10231.93,10331.93,10231.93,0,0,0,0,0,0,0,0,0,0,0
"03342593",1,"2015","2014",0,0,0,"1",0,0,"05","D",0,0,1,"D",1,"D",0,"D",0,"D",55,"D",0,"D",5062,"D",0,"D",0,"D",0,"D",225,"D",0,"D",0,"D",588,"D",0,0,0,0,0,0,0,0,55,55,55.01,55.01,0,0,0,0,0,0,0,0,55,55,0,0,0,0,0,0,3992,4044,813,813,0,0,0,0,0,0,0
"03342603",1,"2015","2014",0,0.153,0.153,"1",-0.0765,-0.0765,"10","D",0,0,0,"D",0,"D",2500,"D",0,"D",600,"D",0,"D",0,"D",0,"D",0,"D",0,"D",0,"D",0,"D",0,"D",0,"D",-191,0,-191.25,-191.25,0,0,382.5,382.5,3100,3100,0,0,0,0,0,0,0,0,191.25,191.25,3100,3100,0,0,0,0,0,0,0,0,0,0,0,0,0,0,0,0,0
"03342683",1,"2015","2014",1,0.153,0.153,"2",0.2598,0.2598,"33","D",0.0879,0.0879,0,"D",0,"D",0,"D",27412,"D",0,"D",0,"D",0,"D",0,"D",10800,"D",0,"D",0,"D",0,"D",1,"D",0,"D",-3414,-717,-3325.31,-3476.63,-691.97,-734.87,4194.04,4194.04,27412,27412,27412.01,27412.01,316.2,281.2,683.8,718.8,0,0,2641.51,2757.83,27412,27412,0,0,316.2,281.2,316.2,281.2,15650,15850,0,0,0,0,0,0,733.94,768.83,0
"03342713",1,"2015","2014",0,0,0,"1",-0.0765,-0.0765,"45","D",0,0,0,"D",0,"D",0,"D",0,"D",2,"D",0,"D",20364,"D",0,"D",4800,"D",0,"D",10,"D",0,"D",0,"D",60,"D",0,0,0,0,0,0,0,0,2,2,2.01,2.01,0,0,0,0,0,0,0,0,2,2,0,0,0,0,0,0,0,0,0,0,0,0,0,0,0,0,0
"03342723",1,"2015","2014",2,0.153,0.153,"2",0.2305,0.2306,"33","D",0.078,0.0777,0,"D",0,"D",55157,"D",77396,"D",0,"D",0,"D",0,"D",0,"D",0,"D",6000,"D",0,"D",0,"D",0,"D",7544,"D",15637,7102,15731.65,15569.77,7132.39,7079.91,20280.61,20280.61,132553,132553,132553.01,132553.01,0,0,0,0,0,0,0,0,125009,125009,0,0,15731.65,15569.77,15731.65,15569.77,15650,15850,13544,13544,0,0,0,0,0,0,0
"03342723",2,"2015","2014",2,0,0,"3",-0.4,-0.4,"33","D",-0.12,-0.12,0,"D",0,"D",0,"D",0,"D",0,"D",0,"D",0,"D",0,"D",0,"D",0,"D",0,"D",0,"D",0,"D",0,"D",0,-200,0,0,-200,-200,0,0,0,0,0.01,0.01,0,0,0,0,0,0,0,0,0,0,0,0,0,0,0,0,10950,11100,0,0,0,0,0,0,0,0,0
"03342753",1,"2015","2014",0,0,0,"1",0,0,"38","D",0,0,1,"D",1,"D",0,"D",0,"D",0,"D",0,"D",7090,"D",0,"D",1608,"D",0,"D",63,"D",0,"D",0,"D",0,"D",0,0,0,0,0,0,0,0,0,0,0.01,0.01,0,0,0,0,0,0,0,0,0,0,0,0,0,0,0,0,3315.6,3344.96,64,64,0,0,0,0,0,0,0
"03342773",1,"2015","2014",1,0.153,0.153,"3",0.434,0.434,"48","D",0,0,0,"D",0,"D",15700,"D",0,"D",503488,"D",0,"D",17676,"D",0,"D",0,"D",600,"D",46,"D",0,"D",0,"D",4176,"D",172443,0,172917.47,172103.27,0,0,2402.1,2402.1,534212.6,534212.6,0,0,0,0,0,0,0,0,0,0,534212.6,534212.6,0,0,160217.39,159403.19,160217.39,159403.19,0,0,0,0,0,0,0,0,0,0,0
"03342823",1,"2015","2014",0,0.153,0.153,"2",0.25,0.25,"22","D",0.0515,0.052,0,"D",0,"D",45000,"D",54385,"D",-2519,"D",0,"D",0,"D",0,"D",7200,"D",0,"D",0,"D",0,"D",0,"D",0,"D",10737,4192,10854,10654,4215.43,4174.9,15205.9,15205.9,96866,96866,96866.01,96866.01,0,0,0,0,0,0,0,0,96866,96866,0,0,10854,10654,10854,10654,0,0,0,0,0,0,0,0,0,0,0
"03342863",1,"2015","2014",0,0.153,0.153,"1",0.1,0.1,"43","D",0,0,0,"D",0,"D",15000,"D",0,"D",0,"D",0,"D",0,"D",0,"D",6900,"D",0,"D",0,"D",0,"D",0,"D",0,"D",476,0,485,470,0,0,2295,2295,15000,15000,0,0,0,0,0,0,0,0,0,0,15000,15000,0,0,485,470,485,470,0,0,0,0,0,0,0,0,0,0,0
"03342873",1,"2015","2014",0,0.153,0.153,"1",0.2485,0.2485,"44","D",0,0,0,"D",0,"D",82000,"D",0,"D",-2569,"D",0,"D",0,"D",0,"D",0,"D",2400,"D",0,"D",0,"D",0,"D",5580,"D",12479,0,12522.59,12447.59,0,0,12546,12546,79431,79431,0,0,0,0,0,0,0,0,0,0,73851,73851,0,0,12522.59,12447.59,12522.59,12447.59,0,0,0,0,0,0,0,0,0,0,0
"03342903",1,"2015","2014",0,0.153,0.153,"2",0.15,0.15,"02","D",0,0,1,"D",1,"D",0,"D",30438,"D",-1128,"D",0,"D",17062,"D",0,"D",0,"D",1600,"D",1290,"D",0,"D",0,"D",11308,"D",1007,0,1013.15,1003.15,0,0,4657.01,4657.01,32230.5,32230.5,0,0,0,0,0,0,0,0,0,0,20922.5,20922.5,0,0,1013.15,1003.15,1013.15,1003.15,0,0,0,0,0,0,0,0,0,0,0
"03342953",1,"2015","2014",0,0.153,0.153,"1",0.1486,0.1486,"44","D",0,0,0,"D",0,"D",29000,"D",0,"D",0,"D",0,"D",0,"D",0,"D",0,"D",3000,"D",0,"D",0,"D",0,"D",4420,"D",2114,0,2122.47,2107.47,0,0,4437,4437,29000,29000,0,0,0,0,0,0,0,0,0,0,24580,24580,0,0,2122.47,2107.47,2122.47,2107.47,0,0,0,0,0,0,0,0,0,0,0
"03342983",1,"2015","2014",0,0,0,"1",0,0,"43","D",0,0,1,"D",1,"D",0,"D",0,"D",0,"D",0,"D",8693,"D",0,"D",0,"D",250,"D",40,"D",0,"D",0,"D",0,"D",0,0,0,0,0,0,0,0,0,0,0,0,0,0,0,0,0,0,0,0,0,0,0,0,0,0,0,0,0,0,0,0,0,0,0,0,0,0,0
"03343023",1,"2015","2014",5,0.153,0.153,"3",0.0606,0.0606,"0","T",0,0,0,"D",0,"D",20000,"D",0,"D",0,"D",0,"D",0,"D",0,"D",6900,"D",0,"D",20,"D",5760,"D",5,"D",0,"D",-8333,0,-8236,-8402.39,0,0,3060,3060,20000,20000,0,0,0,0,2550,2550,0,0,5686,5852.39,20000,20000,0,0,0,0,0,0,0,0,0,0,0,0,0,0,0,0,0
"03343023",2,"2015","2014",0,0.153,0.153,"1",0.15,0.15,"0","T",0,0,0,"D",0,"D",25000,"D",0,"D",0,"D",0,"D",0,"D",0,"D",0,"D",0,"D",0,"D",0,"D",0,"D",0,"D",1756,0,1773.75,1743.75,0,0,3825,3825,25000,25000,0,0,0,0,0,0,0,0,0,0,25000,25000,0,0,1773.75,1743.75,1773.75,1743.75,0,0,0,0,0,0,0,0,0,0,0
"03343033",1,"2015","2014",2,0.0484,0.0484,"2",0.2356,0.2356,"47","D",0.0575,0.0575,0,"D",0,"D",135000,"D",24982,"D",0,"D",0,"D",0,"D",0,"D",0,"D",6800,"D",1,"D",0,"D",1,"D",600,"D",23795,8045,23896.62,23721.62,8044.51,8044.51,22245.25,22431.25,159982,159982,159982.01,159982.01,0,0,0,0,0,0,0,0,159382,159382,0,0,23896.62,23721.62,23896.62,23721.62,6000,6000,7401,7401,0,0,0,0,0,0,0
"03343033",2,"2015","2014",0,0.153,0.153,"1",0.15,0.15,"47","D",0.05,0.05,0,"D",0,"D",20000,"D",0,"D",0,"D",0,"D",0,"D",0,"D",0,"D",0,"D",0,"D",0,"D",0,"D",0,"D",1006,674,1023.75,993.75,673.5,673.5,3060,3060,20000,20000,20000.01,20000.01,0,0,0,0,0,0,0,0,20000,20000,0,0,1023.75,993.75,1023.75,993.75,3000,3000,0,0,0,0,0,0,0,0,0
"03343033",3,"2015","2014",2,0,0,"3",-0.4,-0.4,"47","D",0,0,0,"D",0,"D",0,"D",0,"D",0,"D",0,"D",0,"D",0,"D",0,"D",0,"D",0,"D",0,"D",1,"D",0,"D",0,0,0,0,0,0,0,0,0,0,0.01,0.01,0,0,0,0,0,0,0,0,0,0,0,0,0,0,0,0,0,0,0,0,0,0,0,0,0,0,0
"03343083",1,"2015","2014",3,0,0,"3",-0.45,-0.45,"34","D",0,0,0,"D",0,"D",0,"D",0,"D",206,"D",0,"D",0,"D",0,"D",0,"D",1300,"D",0,"D",0,"D",0,"D",3340,"D",0,0,0,0,0,0,0,0,206,206,206.01,206.01,0,0,0,0,0,0,0,0,206,206,0,0,0,0,0,0,12000,12000,4640,4640,0,0,0,0,0,0,0
"03343093",1,"2015","2014",0,0.153,0.153,"2",0.1,0.0995,"11","D",0.06,0.04,0,"D",0,"D",3000,"D",13500,"D",5950,"D",0,"D",17235,"D",0,"D",0,"D",1500,"D",0,"D",0,"D",0,"D",7508,"D",326,333,522.71,185,151.68,463,2524.5,2524.5,22450,22450,22450.01,22450.01,0,0,0,0,0,0,0,0,14942,22450,0,0,522.71,185,522.71,185,3000,3000,9008,0,0,0,0,0,0,0,0
"03343103",1,"2015","2014",0,0.153,0.153,"1",0.1,0.1,"10","D",0,0,0,"D",0,"D",16136,"D",0,"D",0,"D",0,"D",0,"D",0,"D",0,"D",700,"D",280,"D",0,"D",0,"D",0,"D",590,0,598.6,583.6,0,0,2468.81,2468.81,16136,16136,0,0,0,0,0,0,0,0,0,0,16136,16136,0,0,598.6,583.6,598.6,583.6,0,0,0,0,0,0,0,0,0,0,0
"03343103",2,"2015","2014",2,0,0,"3",-0.4,-0.4,"10","D",0,0,0,"D",0,"D",0,"D",0,"D",0,"D",0,"D",0,"D",0,"D",0,"D",0,"D",0,"D",0,"D",1,"D",0,"D",0,0,0,0,0,0,0,0,0,0,0,0,0,0,0,0,0,0,0,0,0,0,0,0,0,0,0,0,0,0,0,0,0,0,0,0,0,0,0
"03343103",3,"2015","2014",2,0,0,"3",-0.4,-0.4,"10","D",0,0,0,"D",0,"D",0,"D",0,"D",0,"D",0,"D",0,"D",0,"D",0,"D",0,"D",0,"D",0,"D",1,"D",0,"D",0,0,0,0,0,0,0,0,0,0,0,0,0,0,0,0,0,0,0,0,0,0,0,0,0,0,0,0,0,0,0,0,0,0,0,0,0,0,0
"03343113",1,"2015","2014",1,0,0,"3",-0.34,-0.34,"48","D",0,0,0,"D",0,"D",0,"D",0,"D",0,"D",0,"D",0,"D",0,"D",4200,"D",0,"D",0,"D",0,"D",1,"D",0,"D",0,0,0,0,0,0,0,0,0,0,0,0,0,0,0,0,0,0,0,0,0,0,0,0,0,0,0,0,0,0,0,0,0,0,0,0,0,0,0
"03343113",3,"2015","2014",0,0.153,0.153,"1",-0.0765,-0.0765,"48","D",0,0,0,"D",0,"D",1807,"D",0,"D",0,"D",0,"D",0,"D",0,"D",0,"D",0,"D",0,"D",0,"D",0,"D",0,"D",-138,0,-138.24,-138.24,0,0,276.47,276.47,1807,1807,0,0,0,0,0,0,0,0,138.24,138.24,1807,1807,0,0,0,0,0,0,0,0,0,0,0,0,0,0,0,0,0
"03343153",1,"2015","2014",3,0.153,0.153,"2",0.3106,0.3106,"37","D",0.063,0.063,0,"D",0,"D",37000,"D",0,"D",0,"D",0,"D",0,"D",0,"D",0,"D",730,"D",1687,"D",0,"D",3,"D",3188,"D",-5896,113,-5764.36,-5990.49,124.03,104.48,5661,5661,37000,37000,37000.01,37000.01,485,440,2515,2560,0,0,3249.36,3430.49,37000,37000,0,0,485,440,485,440,12400,12600,0,0,0,0,150,150,162.47,171.52,0
"03343163",1,"2015","2014",0,0.153,0.153,"1",0.25,0.25,"33","D",0.0645,0.0645,0,"D",0,"D",57000,"D",0,"D",-3000,"D",0,"D",0,"D",0,"D",9852,"D",0,"D",280,"D",0,"D",0,"D",0,"D",6760,2643,6818.75,6718.75,2651.01,2636.8,8721,8721,54000,54000,54000.01,54000.01,0,0,0,0,0,0,0,0,54000,54000,0,0,6818.75,6718.75,6818.75,6718.75,7800,7900,0,0,0,0,0,0,0,0,0
"03343173",1,"2015","2014",3,0,0,"3",-0.45,-0.45,"10","D",0,0,0,"D",0,"D",0,"D",0,"D",0,"D",0,"D",0,"D",0,"D",360,"D",0,"D",0,"D",0,"D",1,"D",0,"D",0,0,0,0,0,0,0,0,0,0,0,0,0,0,0,0,0,0,0,0,0,0,0,0,0,0,0,0,0,0,0,0,0,0,0,0,0,0,0
"03343213",1,"2015","2014",0,0,0,"1",-0.0765,-0.0765,"01","D",0,0,0,"D",0,"D",0,"D",0,"D",0,"D",0,"D",0,"D",0,"D",0,"D",600,"D",0,"D",0,"D",0,"D",60,"D",0,0,0,0,0,0,0,0,0,0,0.01,0.01,0,0,0,0,0,0,0,0,0,0,0,0,0,0,0,0,2500,2500,660,660,0,0,0,0,0,0,0
"03343233",1,"2015","2014",2,0.153,0.153,"2",0.2805,0.2806,"33","D",0.078,0.0777,0,"D",0,"D",72011,"D",52000,"D",-5519,"D",0,"D",0,"D",0,"D",0,"D",5000,"D",133,"D",0,"D",2,"D",5600,"D",11574,5803,11616.73,11543.44,6040.47,5633.63,18973.68,18973.68,118492,118492,118492.01,118492.01,1575.4,1575.4,0,0,0,0,0,0,112892,112892,0,0,13192.13,13118.84,13192.13,13118.84,15650,15850,10733,10733,0,0,0,0,0,0,0
"03343253",1,"2015","2014",0,0.153,0.153,"1",0.25,0.25,"36","D",0.0346,0.037,0,"D",0,"D",63000,"D",0,"D",-2098,"D",0,"D",0,"D",0,"D",10800,"D",0,"D",870,"D",0,"D",0,"D",0,"D",8486,1569,8544.25,8444.25,1629.19,1526.49,9639,9639,60902,60902,60902.01,60902.01,0,0,0,0,0,0,0,0,60902,60902,0,0,8544.25,8444.25,8544.25,8444.25,0,0,0,0,0,0,0,0,0,0,0
"03343253",2,"2015","2014",0,0.153,0.153,"1",0.25,0.25,"36","D",0.0346,0.037,0,"D",0,"D",55000,"D",0,"D",-4750,"D",0,"D",0,"D",0,"D",0,"D",0,"D",0,"D",0,"D",0,"D",0,"D",5823,1190,5881.25,5781.25,1235.28,1157.4,8415,8415,50250,50250,50250.01,50250.01,0,0,0,0,0,0,0,0,50250,50250,0,0,5881.25,5781.25,5881.25,5781.25,0,0,0,0,0,0,0,0,0,0,0
"03343294",1,"2015","2014",5,0.153,0.153,"2",0.1443,0.1441,"36","D",0.0381,0.0392,0,"D",0,"D",24000,"D",85000,"D",0,"D",0,"D",0,"D",0,"D",0,"D",2700,"D",15,"D",0,"D",5,"D",16220,"D",2988,2848,3011.22,2971.67,2956.88,2770.57,16677,16677,109000,109000,109000.01,109000.01,5000,5000,0,0,0,0,0,0,92780,92780,0,0,8011.22,7971.67,8011.22,7971.67,0,0,0,0,0,0,0,0,0,0,0
"03343303",1,"2015","2014",1,0.029,0.029,"3",0.25,0.25,"50","D",0.0627,0.0627,0,"D",0,"D",120000,"D",0,"D",120,"D",0,"D",0,"D",0,"D",17280,"D",0,"D",50,"D",0,"D",1,"D",1200,"D",20104,6786,20192.5,20040,6789.17,6784.17,17988,18174,120120,120120,120120.01,120120.01,0,0,0,0,0,0,0,0,120120,120120,0,0,20192.5,20040,20192.5,20040,0,0,1200,1200,0,0,0,0,0,0,0
"03343303",2,"2015","2014",0,0.153,0.153,"1",0.15,0.15,"50","D",0.0702,0.0702,0,"D",0,"D",32000,"D",0,"D",0,"D",0,"D",0,"D",0,"D",0,"D",0,"D",0,"D",0,"D",0,"D",0,"D",2806,1156,2823.75,2793.75,1166.09,1148.56,4896,4896,32000,32000,32000.01,32000.01,0,0,0,0,0,0,0,0,32000,32000,0,0,2823.75,2793.75,2823.75,2793.75,8004,8203.65,0,0,0,0,0,0,0,0,0
"03343343",1,"2015","2014",0,0,0,"1",0,0,"0","T",0,0,1,"D",1,"D",0,"D",0,"D",1476,"D",0,"D",8880,"D",0,"D",0,"D",240,"D",6,"D",0,"D",0,"D",0,"D",0,0,0,0,0,0,0,0,1476,1476,0,0,0,0,0,0,0,0,0,0,1476,1476,0,0,0,0,0,0,0,0,0,0,0,0,0,0,0,0,0
"03343343",3,"2015","2014",0,0,0,"1",0,0,"0","T",0,0,1,"D",1,"D",0,"D",0,"D",0,"D",0,"D",9600,"D",0,"D",0,"D",0,"D",0,"D",0,"D",0,"D",0,"D",0,0,0,0,0,0,0,0,0,0,0,0,0,0,0,0,0,0,0,0,0,0,0,0,0,0,0,0,0,0,0,0,0,0,0,0,0,0,0
"03343383",1,"2015","2014",1,0.153,0.153,"3",0,0,"14","D",0.0375,0.05,1,"D",0,"D",11000,"D",0,"D",-2200,"D",0,"D",19858,"D",0,"D",0,"D",1400,"D",1400,"D",0,"D",1,"D",4936,"D",-4337,-232,-4305,-4359,-173,-274.65,1683,1683,8800,8800,8800.01,8800.01,0,0,1000,1000,0,0,3305,3359,8800,8800,0,0,0,0,0,0,0,0,0,0,70,70,0,0,330.5,335.9,0
"03343383",2,"2015","2014",0,0.153,0.153,"1",0.1,0.1,"14","D",0.0375,0.05,0,"D",0,"D",17404,"D",0,"D",0,"D",0,"D",0,"D",0,"D",0,"D",0,"D",0,"D",0,"D",0,"D",0,"D",717,652,725.4,710.4,763.95,572.03,2662.81,2662.81,17404,17404,17404.01,17404.01,0,0,0,0,0,0,0,0,17404,17404,0,0,725.4,710.4,725.4,710.4,0,0,0,0,0,0,0,0,0,0,0
"03343413",1,"2015","2014",0,0.153,0.153,"1",0.138,0.138,"05","D",0.08,0.08,0,"D",0,"D",60000,"D",0,"D",10592,"D",0,"D",0,"D",0,"D",0,"D",3200,"D",60,"D",0,"D",0,"D",25828,"D",4965,1368,4971.99,4960.7,1382.43,1357.66,9180,9180,70592,70592,70592.01,70592.01,0,0,0,0,0,0,0,0,44764,44764,0,0,4971.99,4960.7,4971.99,4960.7,3992,4044,29088,29088,0,0,0,0,0,0,0
"03343423",1,"2015","2014",0,0.153,0.153,"2",0.0765,0.0765,"0","T",0,0,0,"D",0,"D",0,"D",10000,"D",0,"D",4000,"D",13320,"D",0,"D",0,"D",5000,"D",100,"D",0,"D",0,"D",120,"D",-474,0,-460.81,-483.87,0,0,1530,1530,14000,14000,0,0,0,0,0,0,0,0,460.81,483.87,14000,14000,0,0,0,0,0,0,0,0,0,0,0,0,0,0,0,0,0
"03343433",1,"2015","2014",3,0.153,0.153,"2",0.2106,0.2106,"05","D",0,0,0,"D",0,"D",25000,"D",1879,"D",0,"D",0,"D",0,"D",0,"D",9600,"D",0,"D",0,"D",0,"D",3,"D",0,"D",-8486,0,-8380.84,-8561.97,0,0,4112.49,4112.49,26879,26879,26879.01,26879.01,0,0,3000,3000,0,0,5380.84,5561.97,26879,26879,0,0,0,0,0,0,7984,8088,0,0,0,0,0,0,0,0,0
"03343503",1,"2015","2014",0,0.153,0.153,"1",0,0,"22","D",0.0476,0.048,1,"D",1,"D",7000,"D",0,"D",0,"D",3600,"D",16334,"D",0,"D",0,"D",2500,"D",27,"D",0,"D",0,"D",0,"D",0,257,0,0,258.15,255.67,1071,1071,10600,10600,10600.01,10600.01,0,0,0,0,0,0,0,0,10600,10600,0,0,0,0,0,0,0,0,0,0,0,0,0,0,0,0,0
"03343503",2,"2015","2014",1,0.153,0.153,"2",0.15,0.15,"22","D",0.0498,0.0503,0,"D",0,"D",34000,"D",25000,"D",-1000,"D",0,"D",0,"D",0,"D",0,"D",0,"D",0,"D",0,"D",0,"D",0,"D",4116,2104,4155,4087.5,2115.75,2095.41,9027,9027,58000,58000,58000.01,58000.01,0,0,0,0,0,0,0,0,58000,58000,0,0,4155,4087.5,4155,4087.5,0,0,0,0,0,0,0,0,0,0,0
"03343513",1,"2015","2014",3,0.153,0.153,"2",0.1414,0.1413,"34","D",0.0575,0.058,0,"D",0,"D",12000,"D",75000,"D",-1861,"D",0,"D",0,"D",0,"D",0,"D",1200,"D",325,"D",0,"D",3,"D",7888,"D",3896,3748,3923.69,3876.45,3768.06,3732.99,13311,13311,85139,85139,85139.01,85139.01,3000,3000,0,0,0,0,0,0,77251,77251,0,0,6923.69,6876.45,6923.69,6876.45,15000,15000,9088,9088,0,0,0,0,0,0,0
"03343513",2,"2015","2014",3,0,0,"3",-0.45,-0.45,"34","D",0,0,0,"D",0,"D",0,"D",0,"D",0,"D",0,"D",0,"D",0,"D",0,"D",0,"D",0,"D",0,"D",3,"D",0,"D",0,0,0,0,0,0,0,0,0,0,0.01,0.01,0,0,0,0,0,0,0,0,0,0,0,0,0,0,0,0,12000,12000,0,0,0,0,0,0,0,0,0
"03343533",1,"2015","2014",0,0.153,0.153,"1",0.1,0.1,"19","D",0.036,0.036,0,"D",0,"D",19200,"D",0,"D",0,"D",0,"D",0,"D",0,"D",9300,"D",0,"D",0,"D",0,"D",0,"D",0,"D",896,402,905,890,401.8,402.4,2937.6,2937.6,19200,19200,19200.01,19200.01,0,0,0,0,0,0,0,0,19200,19200,0,0,905,890,905,890,0,0,0,0,0,0,0,0,0,0,0
"03343553",1,"2015","2014",2,0,0,"3",-0.4,-0.4,"0","T",0,0,0,"D",0,"D",0,"D",0,"D",1900,"D",0,"D",0,"D",0,"D",0,"D",1900,"D",1,"D",0,"D",0,"D",3840,"D",0,0,0,0,0,0,0,0,1900,1900,0,0,0,0,0,0,0,0,0,0,1900,1900,0,0,0,0,0,0,0,0,0,0,0,0,0,0,0,0,0
"03343623",1,"2015","2014",0,0,0,"2",0.25,0.25,"45","D",0.063,0.063,2,"D",2,"D",0,"D",0,"D",7668,"D",96696,"D",16704,"D",0,"D",0,"D",5400,"D",252,"D",0,"D",0,"D",400,"D",15547,5856,15678.1,15453.1,5872.59,5844.51,0,0,118562.4,118562.4,118562.41,118562.41,0,0,0,0,0,0,0,0,118562.4,118562.4,0,0,15678.1,15453.1,15678.1,15453.1,0,0,0,0,0,0,0,0,0,0,0
"03343633",1,"2015","2014",0,0.153,0.153,"1",0.2486,0.2486,"48","D",0,0,0,"D",0,"D",103117,"D",0,"D",108,"D",0,"D",0,"D",0,"D",0,"D",2800,"D",100,"D",0,"D",0,"D",20208,"D",14606,0,14649.69,14574.69,0,0,15776.9,15776.9,103225,103225,0,0,0,0,0,0,0,0,0,0,83017,83017,0,0,14649.69,14574.69,14649.69,14574.69,0,0,0,0,0,0,0,0,0,0,0
"03343663",1,"2015","2014",0,0.153,0.153,"1",0.25,0.25,"0","T",0,0,0,"D",0,"D",58500,"D",0,"D",0,"D",0,"D",0,"D",0,"D",5940,"D",0,"D",0,"D",0,"D",0,"D",0,"D",7885,0,7943.75,7843.75,0,0,8950.5,8950.5,58500,58500,0,0,0,0,0,0,0,0,0,0,58500,58500,0,0,7943.75,7843.75,7943.75,7843.75,0,0,0,0,0,0,0,0,0,0,0
"03343693",1,"2015","2014",0,0.153,0.153,"2",0,0,"05","D",0,0,2,"D",2,"D",3000,"D",500,"D",0,"D",11400,"D",42174,"D",0,"D",0,"D",1000,"D",715,"D",0,"D",0,"D",2444,"D",0,0,0,0,0,0,535.5,535.5,16893.5,16893.5,14900.01,14900.01,0,0,0,0,0,0,0,0,16893.5,16893.5,0,0,0,0,0,0,7984,8088,4159,4159,0,0,0,0,0,0,0
"03343763",1,"2015","2014",0,0.153,0.153,"1",0.1,0.1,"38","D",0.081,0.081,0,"D",0,"D",16000,"D",0,"D",0,"D",0,"D",0,"D",0,"D",5520,"D",0,"D",0,"D",0,"D",0,"D",0,"D",576,770,585,570,774.95,766.65,2448,2448,16000,16000,16000.01,16000.01,0,0,0,0,0,0,0,0,16000,16000,0,0,585,570,585,570,2115.6,2144.96,0,0,0,0,0,0,0,0,0
"03343773",1,"2015","2014",2,0.153,0.153,"2",0.1451,0.1451,"03","D",0.0325,0.0325,0,"D",0,"D",98838,"D",0,"D",0,"D",0,"D",0,"D",0,"D",0,"D",2300,"D",889,"D",640,"D",2,"D",8932,"D",7378,2174,7403.97,7359.67,2176.41,2171.71,15122.21,15122.21,98838,98838,98838.01,98838.01,2000,2000,0,0,0,0,0,0,89906,89906,0,0,9403.97,9359.67,9403.97,9359.67,10018,10182,14294.87,14290.18,0,0,0,0,0,0,0
"03343783",1,"2015","2014",0,0,0,"1",0.2423,0.2423,"39","D",0.0307,0.0307,1,"D",1,"D",0,"D",0,"D",67951,"D",0,"D",17422,"D",0,"D",0,"D",7000,"D",334,"D",0,"D",0,"D",300,"D",13085,2086,13128.65,13053.65,2086.1,2086.1,0,0,82759.7,82759.7,67951.01,67951.01,0,0,0,0,0,0,0,0,82459.7,82459.7,0,0,13128.65,13053.65,13128.65,13053.65,0,0,0,0,0,0,0,0,0,0,0
"03343803",1,"2015","2014",4,0.153,0.153,"2",0.15,0.15,"02","D",0,0,0,"D",0,"D",46000,"D",24000,"D",12000,"D",0,"D",0,"D",0,"D",0,"D",3000,"D",0,"D",0,"D",4,"D",12980,"D",1405,0,1440.35,1380.35,0,0,10710,10710,82000,82000,0,0,4000,4000,0,0,0,0,0,0,69020,69020,0,0,5440.35,5380.35,5440.35,5380.35,0,0,0,0,0,0,0,0,0,0,0
"03343813",1,"2015","2014",1,0.153,0.153,"3",-0.34,-0.34,"05","D",0,0,0,"D",0,"D",6000,"D",0,"D",0,"D",0,"D",0,"D",0,"D",16200,"D",0,"D",3,"D",0,"D",0,"D",120,"D",-2040,0,-2040,-2040,0,0,918,918,6000,6000,6000.01,6000.01,0,0,0,0,0,0,2040,2040,6000,6000,0,0,0,0,0,0,7984,8088,123,123,0,0,0,0,0,0,0
"03343833",1,"2015","2014",0,0.153,0.153,"1",0,0,"44","D",0,0,1,"D",1,"D",1456,"D",0,"D",0,"D",0,"D",0,"D",0,"D",0,"D",0,"D",0,"D",0,"D",0,"D",180,"D",0,0,0,0,0,0,222.77,222.77,1456,1456,0,0,0,0,0,0,0,0,0,0,1456,1456,0,0,0,0,0,0,0,0,0,0,0,0,0,0,0,0,0
"03343843",1,"2015","2014",0,0.153,0.153,"2",0.2356,0.2355,"34","D",0.0575,0.058,1,"D",1,"D",62825,"D",0,"D",2404,"D",20000,"D",40944,"D",0,"D",0,"D",3000,"D",75,"D",0,"D",0,"D",11992,"D",14878,4053,14960.28,14819.06,4073.28,4038.17,9612.22,9612.22,120031.4,120031.4,85229.01,85229.01,0,0,0,0,0,0,0,0,108039.4,108039.4,0,0,14960.28,14819.06,14960.28,14819.06,15000,15000,14992,14992,0,0,0,0,0,0,0
"03343853",1,"2015","2014",0,0,0,"1",0,0,"05","D",0,0,1,"D",1,"D",0,"D",0,"D",90,"D",0,"D",11398,"D",0,"D",0,"D",1100,"D",1149,"D",0,"D",0,"D",2722,"D",0,0,0,0,0,0,0,0,90,90,90.01,90.01,0,0,0,0,0,0,0,0,90,90,0,0,0,0,0,0,3992,4044,4971,4971,0,0,0,0,0,0,0
"03343863",1,"2015","2014",2,0.153,0.153,"3",0.2106,0.3106,"0","T",0,0,0,"D",0,"D",21000,"D",0,"D",0,"D",0,"D",0,"D",0,"D",8400,"D",0,"D",0,"D",0,"D",1,"D",0,"D",-5881,0,-5787.4,-5947.79,0,0,3213,3213,21000,21000,0,0,5,0,995,1000,0,0,4792.4,4947.79,21000,21000,0,0,5,0,5,0,0,0,0,0,0,0,0,0,0,0,0
"03343873",1,"2015","2014",0,0.153,0.153,"1",-0.0765,-0.0765,"14","D",0.0298,0.0423,0,"D",0,"D",3600,"D",0,"D",1548,"D",0,"D",0,"D",0,"D",0,"D",1100,"D",0,"D",0,"D",0,"D",0,"D",-275,46,-275.4,-275.4,68.61,29.89,550.8,550.8,5148,5148,5148.01,5148.01,0,0,0,0,0,0,275.4,275.4,5148,5148,0,0,0,0,0,0,0,0,0,0,55,55,0,0,27.54,27.54,0
"03343883",1,"2015","2014",0,0.0616,0.0616,"2",0.2356,0.2356,"47","D",0.0575,0.0575,0,"D",0,"D",126000,"D",45000,"D",1073,"D",0,"D",0,"D",0,"D",0,"D",1900,"D",610,"D",0,"D",0,"D",8364,"D",27788,8647,27875.5,27725.5,8646.99,8646.99,25047,25233,172073,172073,172073.01,172073.01,0,0,0,0,0,0,0,0,163709,163709,0,0,27875.5,27725.5,27875.5,27725.5,6000,6000,10874,10874,0,0,0,0,0,0,0
"03343893",1,"2015","2014",0,0.153,0.153,"1",0.15,0.15,"12","D",0.076,0.076,0,"D",0,"D",30000,"D",0,"D",0,"D",0,"D",0,"D",0,"D",11700,"D",0,"D",15,"D",0,"D",0,"D",0,"D",2506,1520,2523.75,2493.75,1520.46,1520.46,4590,4590,30000,30000,30000.01,30000.01,0,0,0,0,0,0,0,0,30000,30000,0,0,2523.75,2493.75,2523.75,2493.75,2200,2200,1535.46,1535.46,0,0,0,0,0,0,0
"03343903",1,"2015","2014",0,0,0,"1",0.1491,0.1491,"26","D",0.0465,0.0465,1,"D",1,"D",0,"D",0,"D",37127,"D",0,"D",11542,"D",0,"D",0,"D",9000,"D",0,"D",0,"D",0,"D",320,"D",4550,-56,4558.9,4543.9,-56.11,-55.21,0,0,46937.7,46937.7,46937.71,46937.71,0,0,0,0,0,0,0,0,46617.7,46617.7,0,0,4558.9,4543.9,4558.9,4543.9,0,0,9320,9320,1100,1100,0,0,0,0,0
"03343913",1,"2015","2014",0,0.153,0.153,"1",0.15,0.15,"47","D",0.05,0.05,0,"D",0,"D",19548,"D",0,"D",0,"D",0,"D",0,"D",0,"D",0,"D",2000,"D",0,"D",0,"D",0,"D",0,"D",938,651,955.95,925.95,650.9,650.9,2990.84,2990.84,19548,19548,19548.01,19548.01,0,0,0,0,0,0,0,0,19548,19548,0,0,955.95,925.95,955.95,925.95,3000,3000,0,0,0,0,0,0,0,0,0
"03343923",1,"2015","2014",0,0.153,0.153,"2",0.2375,0.2375,"45","D",0.05,0.05,0,"D",0,"D",60000,"D",80000,"D",10620,"D",0,"D",0,"D",0,"D",0,"D",1200,"D",130,"D",0,"D",0,"D",13872,"D",21622,7531,21709.25,21559.25,7531,7531,21420,21420,150620,150620,150620.01,150620.01,0,0,0,0,0,0,0,0,136748,136748,0,0,21709.25,21559.25,21709.25,21559.25,0,0,0,0,0,0,0,0,0,0,0
"03343933",1,"2015","2014",2,0,0,"3",-0.4,-0.4,"44","D",0,0,0,"D",0,"D",0,"D",0,"D",0,"D",800,"D",0,"D",0,"D",0,"D",950,"D",0,"D",0,"D",0,"D",0,"D",0,0,0,0,0,0,0,0,800,800,0,0,0,0,0,0,0,0,0,0,800,800,0,0,0,0,0,0,0,0,0,0,0,0,0,0,0,0,0
"03343943",1,"2015","2014",0,0.038,0.038,"1",0.35,0.35,"21","D",0.0583,0.0583,0,"D",0,"D",287175,"D",0,"D",0,"D",0,"D",0,"D",0,"D",0,"D",3650,"D",0,"D",0,"D",0,"D",9220,"D",70397,14183,70639.25,70224.25,14184.6,14181.28,23620.65,23806.65,287175,287175,287175.01,287175.01,0,0,0,0,0,0,0,0,277955,277955,1574.44,1505.36,69064.81,68718.89,69064.81,68718.89,2000,2000,12399.41,12457.16,0,0,0,0,0,0,0
"03343953",1,"2015","2014",2,0.153,0.153,"2",0.15,0.15,"39","D",0.0307,0.0307,0,"D",0,"D",57000,"D",11495,"D",-1018,"D",0,"D",0,"D",0,"D",13200,"D",0,"D",28,"D",0,"D",1,"D",1200,"D",3940,2072,3984.05,3909.05,2071.54,2071.54,10479.73,10479.73,67477,67477,67477.01,67477.01,1000,1000,0,0,0,0,0,0,67477,67477,0,0,4984.05,4909.05,4984.05,4909.05,0,0,0,0,0,0,0,0,0,0,0
"03343993",1,"2015","2014",1,0,0,"3",-0.34,-0.34,"43","D",0,0,0,"D",0,"D",0,"D",0,"D",0,"D",0,"D",10512,"D",0,"D",0,"D",90,"D",0,"D",0,"D",0,"D",3408,"D",0,0,0,0,0,0,0,0,0,0,0,0,0,0,0,0,0,0,0,0,0,0,0,0,0,0,0,0,0,0,0,0,0,0,0,0,0,0,0
"03344003",1,"2015","2014",2,0.153,0.153,"2",0.3106,0.3106,"36","D",0.0091,0.0097,0,"D",0,"D",12297,"D",18266,"D",0,"D",0,"D",0,"D",0,"D",7560,"D",0,"D",0,"D",0,"D",2,"D",0,"D",-5808,80,-5685.69,-5895.82,83.82,77.03,4676.14,4676.14,30563,30563,30563.01,30563.01,236.3,196.3,1763.7,1803.7,0,0,3921.99,4092.12,30563,30563,0,0,236.3,196.3,236.3,196.3,0,0,0,0,0,0,0,0,139.7,128.39,0
"03344013",1,"2015","2014",2,0,0,"3",-0.4,-0.4,"39","D",0,0,0,"D",0,"D",0,"D",0,"D",236,"D",0,"D",0,"D",0,"D",0,"D",4600,"D",24,"D",0,"D",0,"D",2679,"D",0,0,0,0,0,0,0,0,236,236,236.01,236.01,0,0,0,0,0,0,0,0,236,236,0,0,0,0,0,0,0,0,0,0,0,0,0,0,0,0,0
"03344083",1,"2015","2014",1,0.153,0.153,"3",-0.49,-0.49,"34","D",0,0,0,"D",0,"D",7935,"D",0,"D",9,"D",0,"D",0,"D",0,"D",13800,"D",0,"D",5,"D",0,"D",1,"D",0,"D",-3438,0,-3438.15,-3438.15,0,0,1214.05,1214.05,7944,7944,7944.01,7944.01,0,0,740.25,740.25,0,0,2697.9,2697.9,7944,7944,0,0,0,0,0,0,12000,12000,0,0,0,0,0,0,0,0,0
"03344103",1,"2015","2014",0,0,0,"1",-0.0765,-0.0765,"01","D",0,0,0,"D",0,"D",0,"D",0,"D",0,"D",0,"D",0,"D",0,"D",0,"D",0,"D",0,"D",0,"D",0,"D",0,"D",0,0,0,0,0,0,0,0,0,0,0.01,0.01,0,0,0,0,0,0,0,0,0,0,0,0,0,0,0,0,2500,2500,0,0,0,0,0,0,0,0,0
"03344113",1,"2015","2014",2,0,0,"3",-0.4,-0.4,"39","D",0,0,0,"D",0,"D",0,"D",0,"D",0,"D",0,"D",0,"D",0,"D",0,"D",4300,"D",40,"D",0,"D",0,"D",580,"D",0,0,0,0,0,0,0,0,0,0,0.01,0.01,0,0,0,0,0,0,0,0,0,0,0,0,0,0,0,0,0,0,0,0,0,0,0,0,0,0,0
"03344123",1,"2015","2014",0,0,0,"1",0,0,"44","D",0,0,1,"D",1,"D",0,"D",0,"D",-1700,"D",0,"D",23062,"D",0,"D",43356,"D",0,"D",0,"D",0,"D",0,"D",120,"D",0,0,0,0,0,0,0,0,-1700,-1700,0,0,0,0,0,0,0,0,0,0,0,0,0,0,0,0,0,0,0,0,0,0,0,0,0,0,0,0,0
"03344133",1,"2015","2014",0,0,0,"1",0.4625,0.4625,"23","D",0.1143,0.1143,1,"D",1,"D",0,"D",0,"D",7242,"D",30000,"D",25462,"D",0,"D",0,"D",2500,"D",650,"D",0,"D",0,"D",0,"D",6703,-116,6761.01,6661.01,-115.74,-115.74,0,0,55319.05,55319.05,7242.01,7242.01,0,0,0,0,0,0,0,0,55319.05,55319.05,0,0,6761.01,6661.01,6761.01,6661.01,0,0,0,0,253.52,253.52,0,0,0,0,0
"03344133",2,"2015","2014",0,0,0,"1",0.2775,0.2775,"23","D",0,0,1,"D",1,"D",0,"D",0,"D",0,"D",30000,"D",19462,"D",0,"D",0,"D",0,"D",0,"D",0,"D",0,"D",0,"D",3679,0,3696.95,3666.95,0,0,0,0,39371.35,39371.35,0.01,0.01,0,0,0,0,0,0,0,0,39371.35,39371.35,0,0,3696.95,3666.95,3696.95,3666.95,0,0,0,0,0,0,0,0,0,0,0
"03344153",1,"2015","2014",2,0.153,0.153,"2",0.25,0.2267,"05","D",0.093,0.093,0,"D",0,"D",46611,"D",106865,"D",0,"D",0,"D",0,"D",0,"D",0,"D",3000,"D",85,"D",0,"D",0,"D",1800,"D",22884,7617,22993.67,22806.5,7666.34,7581.95,23481.83,23481.83,153476,153476,153476.01,153476.01,0,0,0,0,0,0,0,0,151676,153476,0,0,22993.67,22806.5,22993.67,22806.5,7984,8088,4885,4885,0,0,0,0,0,0,0
"03344153",2,"2015","2014",2,0,0,"3",-0.4,-0.4,"05","D",0,0,0,"D",0,"D",0,"D",0,"D",0,"D",0,"D",0,"D",0,"D",0,"D",0,"D",0,"D",0,"D",0,"D",0,"D",0,0,0,0,0,0,0,0,0,0,0.01,0.01,0,0,0,0,0,0,0,0,0,0,0,0,0,0,0,0,7984,8088,0,0,0,0,0,0,0,0,0
"03344163",1,"2015","2014",2,0.153,0.153,"2",0.3106,0.3106,"17","D",0.0628,0.0628,0,"D",0,"D",44000,"D",1903,"D",0,"D",0,"D",0,"D",0,"D",0,"D",1180,"D",0,"D",0,"D",2,"D",804,"D",-1044,659,-921.08,-1131.22,676.35,647.42,7023.16,7023.16,45903,45903,45903.01,45903.01,1770.3,1730.3,229.7,269.7,0,0,691.38,861.52,45903,45903,0,0,1770.3,1730.3,1770.3,1730.3,7500,7500,0,0,0,0,0,0,117.53,146.46,0
"03344203",1,"2015","2014",0,0.153,0.153,"2",0.15,0.15,"10","D",0,0,1,"D",0,"D",32000,"D",14000,"D",-100,"D",0,"D",0,"D",0,"D",0,"D",1300,"D",35,"D",0,"D",0,"D",60,"D",2788,0,2932.5,2685,0,0,7038,7038,45900,45900,0,0,0,0,0,0,0,0,0,0,45900,45900,0,0,2932.5,2685,2932.5,2685,0,0,0,0,0,0,0,0,0,0,0
"03344223",1,"2015","2014",0,0.153,0.153,"1",0.1765,0.1765,"05","D",0,0,0,"D",0,"D",11000,"D",0,"D",0,"D",0,"D",0,"D",0,"D",22500,"D",0,"D",0,"D",0,"D",0,"D",0,"D",-209,0,-189.91,-222.62,0,0,1683,1683,11000,11000,11000.01,11000.01,0,0,0,0,0,0,274.91,292.62,11000,11000,0,0,85,70,85,70,3992,4044,0,0,0,0,0,0,0,0,0
"03344223",2,"2015","2014",1,0,0,"3",-0.34,-0.34,"05","D",0,0,0,"D",0,"D",0,"D",0,"D",0,"D",0,"D",0,"D",0,"D",0,"D",0,"D",0,"D",0,"D",0,"D",0,"D",0,0,0,0,0,0,0,0,0,0,0.01,0.01,0,0,0,0,0,0,0,0,0,0,0,0,0,0,0,0,7984,8088,0,0,0,0,0,0,0,0,0
"03344233",1,"2015","2014",0,0.153,0.153,"1",0.15,0.15,"05","D",0.06,0.06,0,"D",0,"D",34747,"D",0,"D",0,"D",0,"D",0,"D",0,"D",21000,"D",0,"D",0,"D",0,"D",0,"D",0,"D",3218,642,3235.8,3205.8,652.44,635.01,5316.29,5316.29,34747,34747,34747.01,34747.01,0,0,0,0,0,0,0,0,34747,34747,0,0,3235.8,3205.8,3235.8,3205.8,3992,4044,0,0,0,0,0,0,0,0,0
"03344233",2,"2015","2014",0,0.153,0.153,"1",0.15,0.15,"05","D",0.04,0.04,0,"D",0,"D",24356,"D",0,"D",0,"D",0,"D",0,"D",0,"D",0,"D",0,"D",0,"D",0,"D",0,"D",0,"D",1660,256,1677.15,1647.15,261.62,252.77,3726.47,3726.47,24356,24356,24356.01,24356.01,0,0,0,0,0,0,0,0,24356,24356,0,0,1677.15,1647.15,1677.15,1647.15,3992,4044,0,0,0,0,0,0,0,0,0
"03344233",3,"2015","2014",0,0.153,0.153,"1",0.1765,0.1765,"05","D",0.02,0.02,0,"D",0,"D",14448,"D",0,"D",0,"D",0,"D",0,"D",0,"D",0,"D",0,"D",0,"D",0,"D",0,"D",0,"D",400,22,418.66,385.95,23.63,20.59,2210.54,2210.54,14448,14448,14448.01,14448.01,0,0,0,0,0,0,11.14,28.85,14448,14448,0,0,429.8,414.8,429.8,414.8,3992,4044,0,0,0,0,0,0,0,0,0
"03344263",1,"2015","2014",0,0.153,0.153,"1",0.15,0.15,"23","D",0.0635,0.0635,0,"D",0,"D",23400,"D",0,"D",0,"D",0,"D",0,"D",0,"D",0,"D",1900,"D",20,"D",0,"D",0,"D",0,"D",1516,176,1533.75,1503.75,175.92,175.92,3580.2,3580.2,23400,23400,23400.01,23400.01,0,0,0,0,0,0,0,0,23400,23400,0,0,1533.75,1503.75,1533.75,1503.75,0,0,0,0,648.58,648.58,0,0,0,0,0
"03344263",2,"2015","2014",0,0,0,"1",0.1,0.1,"23","D",0,0,1,"D",1,"D",0,"D",0,"D",0,"D",12024,"D",14950,"D",0,"D",0,"D",0,"D",0,"D",0,"D",0,"D",0,"D",24,0,32.4,17.4,0,0,0,0,12024,12024,0.01,0.01,0,0,0,0,0,0,0,0,12024,12024,0,0,32.4,17.4,32.4,17.4,0,0,0,0,0,0,0,0,0,0,0
"03344263",3,"2015","2014",0,0.153,0.153,"1",0.1,0.1,"23","D",0.0425,0.0425,0,"D",0,"D",17080,"D",0,"D",0,"D",0,"D",0,"D",0,"D",0,"D",0,"D",0,"D",0,"D",0,"D",0,"D",684,556,693,678,555.9,555.9,2613.24,2613.24,17080,17080,17080.01,17080.01,0,0,0,0,0,0,0,0,17080,17080,0,0,693,678,693,678,0,0,0,0,0,0,0,0,0,0,0
"03344263",4,"2015","2014",0,0.153,0.153,"1",0.0765,0.0765,"23","D",0.0646,0.0646,0,"D",0,"D",10000,"D",0,"D",0,"D",0,"D",0,"D",0,"D",0,"D",0,"D",0,"D",0,"D",0,"D",0,"D",-362,183,-351.41,-369.12,183.93,182.87,1530,1530,10000,10000,10000.01,10000.01,0,0,0,0,0,0,351.41,369.12,10000,10000,0,0,0,0,0,0,0,0,0,0,0,0,0,0,21.08,22.15,0
"03344303",1,"2015","2014",0,0.038,0.038,"1",0.3834,0.3834,"11","D",0.0618,0.0618,0,"D",0,"D",469961,"D",0,"D",-4600,"D",0,"D",0,"D",0,"D",0,"D",5600,"D",0,"D",0,"D",0,"D",23876,"D",121376,26177,121797.05,121075.12,26181.19,26173.9,30566.52,30752.52,465361,465361,465361.01,465361.01,0,0,0,0,0,0,0,0,441485,441485,0,0,121797.05,121075.12,121797.05,121075.12,2300,2300,23141.17,23262.67,0,0,0,0,0,0,0
"03344323",1,"2015","2014",0,0.153,0.153,"1",0.15,0.15,"05","D",0.04,0.04,0,"D",0,"D",26574,"D",0,"D",0,"D",0,"D",0,"D",0,"D",23400,"D",0,"D",0,"D",0,"D",0,"D",0,"D",1992,285,2009.85,1979.85,290.34,281.49,4065.82,4065.82,26574,26574,26574.01,26574.01,0,0,0,0,0,0,0,0,26574,26574,0,0,2009.85,1979.85,2009.85,1979.85,3992,4044,0,0,0,0,0,0,0,0,0
"03344323",2,"2015","2014",0,0.153,0.153,"1",0.15,0.15,"05","D",0.06,0.06,0,"D",0,"D",34784,"D",0,"D",0,"D",0,"D",0,"D",0,"D",0,"D",0,"D",0,"D",0,"D",0,"D",0,"D",3224,704,3241.35,3211.35,714.66,697.23,5321.95,5321.95,34784,34784,34784.01,34784.01,0,0,0,0,0,0,0,0,34784,34784,0,0,3241.35,3211.35,3241.35,3211.35,3992,4044,0,0,0,0,0,0,0,0,0
"03344323",3,"2015","2014",0,0.153,0.153,"1",0.15,0.15,"05","D",0.04,0.04,0,"D",0,"D",23550,"D",0,"D",0,"D",0,"D",0,"D",0,"D",0,"D",0,"D",0,"D",0,"D",0,"D",0,"D",1539,224,1556.25,1526.25,229.38,220.53,3603.15,3603.15,23550,23550,23550.01,23550.01,0,0,0,0,0,0,0,0,23550,23550,0,0,1556.25,1526.25,1556.25,1526.25,3992,4044,0,0,0,0,0,0,0,0,0
"03344343",1,"2015","2014",0,0.0765,0.0765,"2",0.35,0.35,"31","D",0.0637,0.0637,0,"D",0,"D",228786,"D",103059,"D",-35700,"D",0,"D",0,"D",0,"D",0,"D",16180,"D",759,"D",0,"D",0,"D",13152,"D",61110,16332,61454.55,60864.55,16331.63,16331.63,37647.43,37833.43,296145,296145,331845.01,331845.01,0,0,0,0,0,0,0,0,282993,282993,5748.67,5567.17,55705.88,55297.38,55705.88,55297.38,0,0,0,0,0,0,0,0,0,0,0
"03344353",1,"2015","2014",1,0,0,"3",-0.34,-0.34,"23","D",0.0181,0.0181,0,"D",0,"D",0,"D",0,"D",0,"D",0,"D",0,"D",0,"D",8100,"D",0,"D",0,"D",0,"D",0,"D",0,"D",0,-1275,0,0,-1274.96,-1274.96,0,0,0,0,0.01,0.01,0,0,0,0,0,0,0,0,0,0,0,0,0,0,0,0,0,0,0,0,971.98,971.98,0,0,0,0,0
"03344373",1,"2015","2014",2,0.153,0.153,"2",0.3106,0.3106,"03","D",0.0259,0.0259,0,"D",0,"D",0,"D",30000,"D",0,"D",0,"D",0,"D",0,"D",0,"D",940,"D",90,"D",0,"D",2,"D",6840,"D",-5983,233,-5860.56,-6070.69,235.22,230.98,4590,4590,30000,30000,30000.01,30000.01,180,140,1820,1860,0,0,4040.56,4210.69,30000,30000,0,0,180,140,180,140,10018,10182,8370.89,8370.89,0,0,0,0,0,0,0
"03344383",1,"2015","2014",0,0.153,0.153,"1",0.15,0.15,"0","T",0,0,0,"D",0,"D",25077,"D",0,"D",0,"D",0,"D",0,"D",0,"D",9600,"D",0,"D",0,"D",0,"D",0,"D",0,"D",1768,0,1785.3,1755.3,0,0,3836.78,3836.78,25077,25077,0,0,0,0,0,0,0,0,0,0,25077,25077,0,0,1785.3,1755.3,1785.3,1755.3,0,0,0,0,0,0,0,0,0,0,0
"03344413",1,"2015","2014",0,0.153,0.153,"1",0.15,0.15,"12","D",0.076,0.076,0,"D",0,"D",35000,"D",0,"D",0,"D",0,"D",0,"D",0,"D",18000,"D",0,"D",90,"D",0,"D",0,"D",20,"D",3256,1900,3273.75,3243.75,1900.46,1900.46,5355,5355,35000,35000,35000.01,35000.01,0,0,0,0,0,0,0,0,35000,35000,0,0,3273.75,3243.75,3273.75,3243.75,2200,2200,2010.46,2010.46,0,0,0,0,0,0,0
"03344423",1,"2015","2014",1,0.153,0.153,"2",0.2324,0.2324,"24","D",0.0705,0.0705,1,"D",1,"D",1200,"D",34500,"D",0,"D",96696,"D",2962,"D",0,"D",0,"D",4900,"D",1420,"D",0,"D",0,"D",17700,"D",14846,6131,14937.68,14780.5,6142.98,6121.7,5462.1,5462.1,134913.7,134913.7,134913.71,134913.71,0,0,0,0,0,0,0,0,117213.7,117213.7,0,0,14937.68,14780.5,14937.68,14780.5,0,0,30162.98,30141.7,0,0,0,0,0,0,0
"03344443",1,"2015","2014",0,0,0,"1",0,0,"33","D",0,0,1,"D",1,"D",0,"D",0,"D",0,"D",3027,"D",25462,"D",0,"D",9156,"D",0,"D",211,"D",0,"D",0,"D",0,"D",0,0,0,0,0,0,0,0,3027,3027,0.01,0.01,0,0,0,0,0,0,0,0,3027,3027,0,0,0,0,0,0,7800,7900,0,0,0,0,0,0,0,0,0
"03344443",3,"2015","2014",0,0,0,"1",0,0,"33","D",0,0,1,"D",1,"D",0,"D",0,"D",0,"D",3027,"D",16620,"D",0,"D",0,"D",0,"D",0,"D",0,"D",0,"D",0,"D",0,0,0,0,0,0,0,0,3027,3027,0.01,0.01,0,0,0,0,0,0,0,0,3027,3027,0,0,0,0,0,0,7800,7900,0,0,0,0,0,0,0,0,0
"03344453",1,"2015","2014",0,0,0,"1",0,0,"26","D",0.0037,0.0037,1,"D",1,"D",0,"D",0,"D",0,"D",0,"D",15862,"D",0,"D",0,"D",990,"D",0,"D",0,"D",0,"D",6304,"D",0,-1041,0,0,-1040.51,-1040.51,0,0,0,0,0.01,0.01,0,0,0,0,0,0,0,0,0,0,0,0,0,0,0,0,7750,7850,0,0,1040.51,1040.51,0,0,0,0,0
"03344463",1,"2015","2014",0,0.153,0.153,"2",0.15,0.15,"36","D",0.0316,0.0324,0,"D",0,"D",21000,"D",43000,"D",0,"D",0,"D",0,"D",0,"D",0,"D",2000,"D",0,"D",0,"D",0,"D",1132,"D",5613,1449,5647.5,5587.5,1504.48,1409.64,9792,9792,64000,64000,64000.01,64000.01,0,0,0,0,0,0,0,0,64000,64000,0,0,5647.5,5587.5,5647.5,5587.5,0,0,0,0,0,0,0,0,0,0,0
"03344473",1,"2015","2014",0,0,0,"1",0,-0.0765,"44","D",0,0,1,"D",0,"D",0,"D",0,"D",0,"D",0,"D",18106,"D",0,"D",0,"D",1600,"D",0,"D",0,"D",0,"D",0,"D",0,0,0,0,0,0,0,0,0,0,0,0,0,0,0,0,0,0,0,0,0,0,0,0,0,0,0,0,0,0,0,0,0,0,0,0,0,0,0
"03344483",1,"2015","2014",3,0.153,0.153,"3",0.3095,0.3095,"44","D",0,0,0,"D",0,"D",30000,"D",0,"D",0,"D",0,"D",0,"D",0,"D",0,"D",1700,"D",0,"D",0,"D",3,"D",7432,"D",-6240,0,-6131.2,-6317.59,0,0,4590,4590,30000,30000,0,0,448.8,428.8,2551.2,2571.2,0,0,3580,3746.39,22568,22568,0,0,448.8,428.8,448.8,428.8,0,0,0,0,0,0,0,0,0,0,0
"03344543",1,"2015","2014",0,0,0,"1",0.1,0.1,"31","D",0,0,1,"D",1,"D",0,"D",0,"D",0,"D",12000,"D",25030,"D",0,"D",16200,"D",0,"D",0,"D",0,"D",0,"D",60,"D",21,-775,30,15,-775,-775,0,0,12000,12000,0,0,0,0,0,0,0,0,0,0,12000,12000,0,0,30,15,30,15,0,0,0,0,0,0,0,0,0,0,0
"03344573",1,"2015","2014",4,0.153,0.153,"2",-0.15,-0.15,"48","D",0,0,0,"D",0,"D",1300,"D",21600,"D",0,"D",0,"D",0,"D",0,"D",12348,"D",0,"D",0,"D",0,"D",4,"D",0,"D",-9186,0,-9128,-9227,0,0,3503.7,3503.7,22900,22900,0,0,0,0,2985,2985,0,0,6143,6242,22900,22900,0,0,0,0,0,0,0,0,0,0,0,0,0,0,0,0,0
"03344623",1,"2015","2014",0,0,0,"2",0.2775,0.2775,"34","D",0.0575,0.058,2,"D",1,"D",0,"D",0,"D",3620,"D",30000,"D",39250,"D",0,"D",0,"D",800,"D",2946,"D",0,"D",0,"D",7664,"D",2840,1075,2989.24,2734.24,1079.96,1070.65,0,0,47478.25,47478.25,33620.01,33620.01,0,0,0,0,0,0,0,0,47478.25,47478.25,0,0,2989.24,2734.24,2989.24,2734.24,15000,15000,8464,8464,0,0,0,0,0,0,0
"03344643",1,"2015","2014",0,0,0,"1",-0.0765,-0.0765,"05","D",0,0,0,"D",0,"D",0,"D",0,"D",0,"D",0,"D",14662,"D",0,"D",26400,"D",0,"D",0,"D",0,"D",0,"D",0,"D",0,0,0,0,0,0,0,0,0,0,0.01,0.01,0,0,0,0,0,0,0,0,0,0,0,0,0,0,0,0,3992,4044,0,0,0,0,0,0,0,0,0
"03344653",1,"2015","2014",0,0.153,0.153,"1",0.2356,0.2355,"34","D",0.0575,0.058,0,"D",0,"D",65114,"D",0,"D",0,"D",0,"D",0,"D",0,"D",0,"D",2450,"D",2132,"D",0,"D",0,"D",5744,"D",7701,3285,7740.41,7672.53,3301.36,3272.9,9962.44,9962.44,65114,65114,65114.01,65114.01,0,0,0,0,0,0,0,0,59370,59370,0,0,7740.41,7672.53,7740.41,7672.53,7500,7500,8194,8194,0,0,0,0,0,0,0
"03344663",1,"2015","2014",2,0,0,"3",-0.4,-0.4,"34","D",0,0,0,"D",0,"D",0,"D",0,"D",0,"D",0,"D",0,"D",0,"D",11400,"D",0,"D",0,"D",0,"D",0,"D",0,"D",0,0,0,0,0,0,0,0,0,0,0.01,0.01,0,0,0,0,0,0,0,0,0,0,0,0,0,0,0,0,12000,12000,0,0,0,0,0,0,0,0,0
"03344673",1,"2015","2014",2,0.153,0.153,"2",0.15,0.15,"44","D",0,0,0,"D",0,"D",38000,"D",48000,"D",0,"D",0,"D",0,"D",0,"D",0,"D",2100,"D",60,"D",800,"D",2,"D",4672,"D",5559,0,5602.5,5527.5,0,0,13158,13158,86000,86000,0,0,2000,2000,0,0,160,160,0,0,86000,86000,0,0,7762.5,7687.5,7762.5,7687.5,0,0,0,0,0,0,0,0,0,0,0
"03344713",1,"2015","2014",1,0.153,0.153,"3",0.3,0.3,"34","D",0.0575,0.058,0,"D",0,"D",81424,"D",0,"D",0,"D",0,"D",0,"D",0,"D",12000,"D",0,"D",0,"D",0,"D",1,"D",0,"D",9751,4006,9839.7,9687.2,4026.59,3991.88,12457.87,12457.87,81424,81424,81424.01,81424.01,678.8,678.8,0,0,0,0,0,0,81424,81424,0,0,10518.5,10366,10518.5,10366,12000,12000,0,0,0,0,0,0,0,0,0
"03344713",2,"2015","2014",0,0.153,0.153,"1",0.15,0.15,"34","D",0.0575,0.058,0,"D",0,"D",33439,"D",0,"D",0,"D",0,"D",0,"D",0,"D",0,"D",0,"D",0,"D",0,"D",0,"D",0,"D",3022,1497,3039.6,3009.6,1504.46,1491.49,5116.17,5116.17,33439,33439,33439.01,33439.01,0,0,0,0,0,0,0,0,33439,33439,0,0,3039.6,3009.6,3039.6,3009.6,7500,7500,0,0,0,0,0,0,0,0,0
"03344713",3,"2015","2014",0,0.153,0.153,"1",0.15,0.15,"34","D",0.0575,0.058,0,"D",0,"D",36495,"D",0,"D",0,"D",0,"D",0,"D",0,"D",0,"D",0,"D",0,"D",0,"D",0,"D",0,"D",3481,1673,3498,3468,1681.71,1667.21,5583.73,5583.73,36495,36495,36495.01,36495.01,0,0,0,0,0,0,0,0,36495,36495,0,0,3498,3468,3498,3468,7500,7500,0,0,0,0,0,0,0,0,0
"03344723",1,"2015","2014",0,0.153,0.153,"1",0.15,0.15,"33","D",0.06,0.06,0,"D",0,"D",24127,"D",0,"D",0,"D",0,"D",0,"D",0,"D",14700,"D",0,"D",0,"D",0,"D",0,"D",0,"D",1625,701,1642.8,1612.8,707.66,696.69,3691.43,3691.43,24127,24127,24127.01,24127.01,0,0,0,0,0,0,0,0,24127,24127,0,0,1642.8,1612.8,1642.8,1612.8,7800,7900,0,0,0,0,0,0,0,0,0
"03344743",1,"2015","2014",3,0.153,0.153,"2",0.15,0.15,"06","D",0.0463,0.0463,0,"D",0,"D",65000,"D",0,"D",0,"D",0,"D",0,"D",0,"D",0,"D",2200,"D",0,"D",0,"D",3,"D",0,"D",972,1488,1020,937.5,1520.96,1464.12,9945,9945,65000,65000,0,0,3000,3000,0,0,0,0,0,0,65000,65000,0,0,4020,3937.5,4020,3937.5,0,0,0,0,0,0,0,0,0,0,0
"03344753",1,"2015","2014",0,0.153,0.153,"1",0.2339,0.2339,"33","D",0.0645,0.0645,0,"D",0,"D",65985,"D",0,"D",0,"D",0,"D",0,"D",0,"D",0,"D",1900,"D",0,"D",0,"D",0,"D",16732,"D",5983,2721,6025.65,5952.6,2725.38,2717.61,10095.7,10095.7,65985,65985,65985.01,65985.01,0,0,0,0,0,0,0,0,49253,49253,0,0,6025.65,5952.6,6025.65,5952.6,7800,7900,18632,18632,0,0,0,0,0,0,0
"03344803",1,"2015","2014",1,0.153,0.153,"2",0.15,0.15,"33","D",0.059,0.059,1,"D",1,"D",45615,"D",2800,"D",0,"D",0,"D",13462,"D",0,"D",16800,"D",0,"D",140,"D",0,"D",0,"D",2400,"D",4210,1332,4253.66,4178.66,1344.61,1322.67,7407.49,7407.49,59857.7,59857.7,48415.01,48415.01,0,0,0,0,0,0,0,0,59857.7,59857.7,0,0,4253.66,4178.66,4253.66,4178.66,15650,15850,0,0,0,0,0,0,0,0,0
"03344863",1,"2015","2014",0,0.0714,0.0714,"2",0.2639,0.2638,"34","D",0.0575,0.058,0,"D",0,"D",127162,"D",65968,"D",-5412,"D",0,"D",0,"D",0,"D",16200,"D",0,"D",157,"D",0,"D",0,"D",12420,"D",31153,9967,31269.54,31070.22,10017.64,9931.29,28288.8,28474.8,187718,187718,187718.01,187718.01,0,0,0,0,0,0,0,0,175298,175298,0,0,31269.54,31070.22,31269.54,31070.22,15000,15000,12420,12420,0,0,0,0,0,0,0
"03344883",1,"2015","2014",0,0.153,0.153,"2",0.15,0.15,"01","D",0.0387,0.0387,0,"D",0,"D",62000,"D",0,"D",0,"D",0,"D",0,"D",0,"D",0,"D",60,"D",349,"D",0,"D",0,"D",3496,"D",5313,2172,5347.5,5287.5,2170.23,2173.23,9486,9486,62000,62000,62000.01,62000.01,0,0,0,0,0,0,0,0,62000,62000,0,0,5347.5,5287.5,5347.5,5287.5,4000,4000,8648,8648,0,0,0,0,0,0,0
"03344923",1,"2015","2014",1,0.153,0.153,"2",0.1387,0.1387,"50","D",0.0751,0.0751,0,"D",0,"D",20639,"D",45000,"D",0,"D",0,"D",0,"D",0,"D",0,"D",2200,"D",0,"D",0,"D",1,"D",9180,"D",4095,2246,4114.35,4081.38,2263.35,2233.14,10042.77,10042.77,65639,65639,65639.01,65639.01,1000,1000,0,0,0,0,0,0,56459,56459,0,0,5114.35,5081.38,5114.35,5081.38,9281.11,9656.37,9180,9180,0,0,0,0,0,0,0
"03344953",1,"2015","2014",0,0,0,"1",-0.0765,-0.0765,"44","D",0,0,0,"D",0,"D",0,"D",0,"D",0,"D",0,"D",14875,"D",0,"D",0,"D",700,"D",0,"D",0,"D",0,"D",0,"D",0,0,0,0,0,0,0,0,0,0,0,0,0,0,0,0,0,0,0,0,0,0,0,0,0,0,0,0,0,0,0,0,0,0,0,0,0,0,0
"03344993",1,"2015","2014",1,0.153,0.153,"2",0.2923,0.2923,"39","D",0.0307,0.0307,0,"D",0,"D",100000,"D",23500,"D",0,"D",0,"D",0,"D",0,"D",0,"D",4000,"D",20,"D",0,"D",1,"D",7520,"D",15372,3791,15467.14,15304.64,3791.45,3791.45,18895.5,18895.5,123500,123500,123500.01,123500.01,325,325,0,0,0,0,0,0,115980,115980,0,0,15792.14,15629.64,15792.14,15629.64,0,0,0,0,0,0,0,0,0,0,0
"03345053",1,"2015","2014",0,0.153,0.153,"1",0.15,0.15,"05","D",0.04,0.04,0,"D",0,"D",25000,"D",0,"D",0,"D",0,"D",0,"D",0,"D",11820,"D",0,"D",1097,"D",0,"D",0,"D",0,"D",1756,222,1773.75,1743.75,227.38,218.53,3825,3825,25000,25000,25000.01,25000.01,0,0,0,0,0,0,0,0,25000,25000,0,0,1773.75,1743.75,1773.75,1743.75,3992,4044,1097,1097,0,0,0,0,0,0,0
"03345093",1,"2015","2014",2,0.0495,0.0495,"2",0.35,0.35,"10","D",0,0,0,"D",0,"D",25000,"D",244422,"D",0,"D",0,"D",0,"D",0,"D",0,"D",16180,"D",100,"D",0,"D",1,"D",0,"D",56361,0,56704.7,56114.7,0,0,25596.04,25782.04,269422,269422,0,0,0,0,0,0,0,0,0,0,269422,269422,1196.94,1114.44,55507.76,55000.26,55507.76,55000.26,0,0,0,0,0,0,0,0,0,0,0
"03345143",1,"2015","2014",0,0,0,"1",0.15,0.15,"05","D",0.06,0.06,1,"D",1,"D",0,"D",0,"D",115,"D",38400,"D",6322,"D",0,"D",0,"D",760,"D",109,"D",0,"D",0,"D",0,"D",4357,820,4374.56,4344.56,830.52,812.09,0,0,43888.7,43888.7,38515.01,38515.01,0,0,0,0,0,0,0,0,43888.7,43888.7,0,0,4374.56,4344.56,4374.56,4344.56,3992,4044,869,869,0,0,0,0,0,0,0
"03345163",1,"2015","2014",0,0.153,0.153,"2",0.1,0.1,"0","T",0,0,0,"D",0,"D",10798,"D",13148,"D",0,"D",0,"D",3000,"D",0,"D",0,"D",650,"D",382,"D",0,"D",0,"D",1980,"D",347,0,364.6,334.6,0,0,3663.74,3663.74,23946,23946,0,0,0,0,0,0,0,0,0,0,23946,23946,0,0,364.6,334.6,364.6,334.6,0,0,0,0,0,0,0,0,0,0,0
"03345193",1,"2015","2014",2,0.153,0.153,"2",0,0,"05","D",0,0,1,"D",1,"D",9258,"D",12000,"D",0,"D",0,"D",25200,"D",0,"D",12380,"D",0,"D",549,"D",0,"D",2,"D",2400,"D",-7511,0,-7460,-7548,0,0,3252.47,3252.47,22187,22187,21258.01,21258.01,0,0,2000,2000,0,0,5460,5548,22187,22187,0,0,0,0,0,0,7984,8088,2949,2949,0,0,0,0,0,0,0
"03345213",1,"2015","2014",1,0,0,"3",-0.34,-0.34,"44","D",0,0,0,"D",0,"D",0,"D",0,"D",0,"D",0,"D",16800,"D",0,"D",0,"D",30,"D",500,"D",0,"D",0,"D",0,"D",0,0,0,0,0,0,0,0,0,0,0,0,0,0,0,0,0,0,0,0,0,0,0,0,0,0,0,0,0,0,0,0,0,0,0,0,0,0,0
"03345223",1,"2015","2014",0,0.153,0.153,"2",0.25,0.2394,"23","D",0.0425,0.0425,1,"D",0,"D",12000,"D",35327,"D",1546,"D",47400,"D",17062,"D",0,"D",0,"D",6410,"D",1729,"D",0,"D",0,"D",1060,"D",13975,2576,14193.77,13818.93,3751.6,1737.1,7241.03,7241.03,110775.7,110775.7,96273.01,48873.01,0,0,0,0,0,0,0,0,109715.7,110775.7,0,0,14193.77,13818.93,14193.77,13818.93,0,0,0,0,0,0,0,0,0,0,0
"03345253",1,"2015","2014",2,0.153,0.153,"3",-0.15,-0.15,"07","D",0,0,0,"D",0,"D",14000,"D",0,"D",0,"D",0,"D",0,"D",5640,"D",0,"D",1100,"D",357,"D",0,"D",2,"D",480,"D",-7161,-1516,-7110,-7198,-1501.5,-1525.7,2142,2142,14000,14000,14000.01,14000.01,0,0,1650,1650,0,0,5460,5548,14000,14000,0,0,0,0,0,0,0,0,0,0,0,0,0,0,1501.5,1525.7,0
"03345263",1,"2015","2014",0,0,0,"1",0.2311,0.2311,"12","D",0.0763,0.0763,1,"D",1,"D",0,"D",0,"D",24972,"D",72000,"D",0,"D",0,"D",0,"D",3600,"D",250,"D",0,"D",0,"D",600,"D",16419,6191,16462.92,16387.92,6190.92,6190.92,0,0,96972,96972,96972.01,96972.01,0,0,0,0,0,0,0,0,96372,96372,0,0,16462.92,16387.92,16462.92,16387.92,2200,2200,10595.33,10595.33,0,0,0,0,0,0,0
"03345353",1,"2015","2014",4,0.153,0.153,"3",0.0606,0.0606,"03","D",0,0,0,"D",0,"D",20000,"D",0,"D",700,"D",0,"D",0,"D",0,"D",0,"D",1200,"D",150,"D",0,"D",4,"D",4668,"D",-8186,-100,-8088.58,-8254.97,-100,-100,3060,3060,20700,20700,20700.01,20700.01,0,0,2550,2550,0,0,5538.58,5704.97,20700,20700,0,0,0,0,0,0,10018,10182,6421.28,6421.28,0,0,0,0,0,0,0
"03345383",1,"2015","2014",3,0.153,0.153,"3",0.3106,0.3106,"37","D",0.063,0.063,0,"D",0,"D",30000,"D",0,"D",0,"D",0,"D",0,"D",0,"D",13200,"D",0,"D",0,"D",0,"D",3,"D",0,"D",-6187,-4,-6070,-6271.39,5.75,-10.44,4590,4590,30000,30000,30000.01,30000.01,510,475,2490,2525,0,0,3580,3746.39,30000,30000,0,0,510,475,510,475,9100,9250,0,0,0,0,150,150,179,187.32,0
"03345403",1,"2015","2014",2,0.153,0.153,"2",0.3096,0.3096,"05","D",0,0,0,"D",0,"D",46093,"D",0,"D",0,"D",0,"D",0,"D",0,"D",0,"D",6000,"D",380,"D",0,"D",2,"D",8280,"D",-1276,0,-1165.46,-1355.59,0,0,7052.23,7052.23,46093,46093,46093.01,46093.01,1485.91,1465.91,514.09,534.09,0,0,651.37,821.5,37813,37813,0,0,1485.91,1465.91,1485.91,1465.91,7984,8088,14660,14660,0,0,0,0,0,0,0
"03345403",2,"2015","2014",0,0.153,0.153,"2",0.25,0.25,"05","D",0.093,0.093,0,"D",0,"D",42638,"D",95333,"D",-2843,"D",0,"D",0,"D",0,"D",0,"D",0,"D",0,"D",0,"D",0,"D",0,"D",20303,6581,20419.5,20219.5,6625.97,6549.59,21109.56,21109.56,135128,135128,135128.01,135128.01,0,0,0,0,0,0,0,0,135128,135128,0,0,20419.5,20219.5,20419.5,20219.5,7984,8088,0,0,0,0,0,0,0,0,0
"03345423",1,"2015","2014",1,0.153,0.153,"2",0.25,0.25,"44","D",0,0,0,"D",0,"D",58000,"D",45000,"D",67951,"D",0,"D",0,"D",0,"D",0,"D",2600,"D",458,"D",0,"D",1,"D",3576,"D",28264,0,28387.75,28175.25,0,0,15759,15759,170951,170951,0,0,0,0,0,0,0,0,0,0,170951,170951,0,0,28387.75,28175.25,28387.75,28175.25,0,0,0,0,0,0,0,0,0,0,0
"03345433",1,"2015","2014",2,0.153,0.153,"3",0.15,0.15,"10","D",0,0,0,"D",0,"D",47066,"D",0,"D",0,"D",0,"D",0,"D",0,"D",0,"D",2400,"D",0,"D",0,"D",1,"D",0,"D",2238,0,2269.9,2214.9,0,0,7201.1,7201.1,47066,47066,0,0,1000,1000,0,0,0,0,0,0,47066,47066,0,0,3269.9,3214.9,3269.9,3214.9,0,0,0,0,0,0,0,0,0,0,0
"03345473",1,"2015","2014",0,0,0,"1",-0.0765,-0.0765,"39","D",0,0,0,"D",0,"D",0,"D",0,"D",0,"D",0,"D",0,"D",0,"D",5040,"D",0,"D",0,"D",0,"D",0,"D",200,"D",0,0,0,0,0,0,0,0,0,0,0.01,0.01,0,0,0,0,0,0,0,0,0,0,0,0,0,0,0,0,0,0,0,0,0,0,0,0,0,0,0
"03345503",1,"2015","2014",0,0.153,0.153,"1",0.25,0.25,"50","D",0.0702,0.0702,0,"D",0,"D",69000,"D",0,"D",0,"D",0,"D",0,"D",0,"D",9000,"D",0,"D",0,"D",0,"D",0,"D",960,"D",10510,3537,10568.75,10468.75,3547.38,3529.85,10557,10557,69000,69000,69000.01,69000.01,0,0,0,0,0,0,0,0,69000,69000,0,0,10568.75,10468.75,10568.75,10468.75,3564,3763.65,960,960,0,0,0,0,0,0,0
"03345503",2,"2015","2014",1,0,0,"3",-0.34,-0.34,"50","D",-0.0136,-0.0136,0,"D",0,"D",0,"D",0,"D",0,"D",0,"D",0,"D",0,"D",0,"D",0,"D",0,"D",0,"D",0,"D",0,"D",0,0,0,0,0,0,0,0,0,0,0.01,0.01,0,0,0,0,0,0,0,0,0,0,0,0,0,0,0,0,13020,13239.48,0,0,0,0,0,0,0,0,0
"03345533",1,"2015","2014",1,0.029,0.029,"2",0.325,0.325,"05","D",0.093,0.093,1,"D",1,"D",228786,"D",0,"D",0,"D",0,"D",0,"D",0,"D",0,"D",4500,"D",4511,"D",0,"D",0,"D",600,"D",42354,14702,42641.95,42147.95,14743.86,14672.14,21142.79,21328.79,228786,228786,228786.01,228786.01,0,0,0,0,0,0,0,0,228186,228186,1472.23,1195.65,41169.72,40952.3,41169.72,40952.3,7984,8088,9611,9611,0,0,0,0,0,0,0
"03345543",1,"2015","2014",0,0,0,"1",-0.0765,-0.0765,"43","D",0,0,0,"D",0,"D",0,"D",0,"D",0,"D",0,"D",24262,"D",0,"D",5400,"D",0,"D",282,"D",0,"D",0,"D",0,"D",0,0,0,0,0,0,0,0,0,0,0,0,0,0,0,0,0,0,0,0,0,0,0,0,0,0,0,0,0,0,0,0,0,0,0,0,0,0,0
"03345583",1,"2015","2014",2,0.029,0.029,"2",0.325,0.325,"44","D",0,0,0,"D",0,"D",0,"D",228786,"D",0,"D",0,"D",0,"D",0,"D",0,"D",16180,"D",90,"D",600,"D",2,"D",11444,"D",38829,0,39117.65,38623.65,0,0,21142.79,21328.79,228786,228786,0,0,0,0,0,0,0,0,0,0,217342,217342,526.86,284.36,38590.79,38339.29,38590.79,38339.29,0,0,0,0,0,0,0,0,0,0,0
"03345593",1,"2015","2014",2,0.153,0.153,"2",0.2871,0.287,"22","D",0.0515,0.052,0,"D",0,"D",37500,"D",76000,"D",0,"D",0,"D",0,"D",0,"D",0,"D",3200,"D",0,"D",0,"D",2,"D",11852,"D",9265,4731,9360,9196.44,4758,4712.25,17365.5,17365.5,113500,113500,113500.01,113500.01,1825,1825,0,0,0,0,0,0,101648,101648,0,0,11185,11021.44,11185,11021.44,0,0,0,0,0,0,0,0,0,0,0
"03345603",1,"2015","2014",1,0.153,0.153,"3",0,0,"10","D",0,0,0,"D",0,"D",12546,"D",0,"D",0,"D",0,"D",0,"D",0,"D",0,"D",0,"D",0,"D",0,"D",0,"D",0,"D",-3337,0,-3305,-3359,0,0,1919.54,1919.54,12546,12546,0,0,0,0,0,0,0,0,3305,3359,12546,12546,0,0,0,0,0,0,0,0,0,0,0,0,0,0,0,0,0
"03345613",1,"2015","2014",2,0.153,0.153,"2",0.2855,0.2855,"18","D",0.058,0.058,0,"D",0,"D",56000,"D",64000,"D",73,"D",0,"D",0,"D",0,"D",0,"D",3700,"D",95,"D",920,"D",2,"D",8276,"D",11526,5819,11627.82,11452.82,5819.32,5819.32,18360,18360,120073,120073,120073.01,120073.01,1496.35,1496.35,0,0,184,184,0,0,111797,111797,0,0,13308.17,13133.17,13308.17,13133.17,2400,2440,12071,12071,0,0,0,0,0,0,0
"03345653",1,"2015","2014",0,0,0,"2",0.15,0.15,"0","T",0,0,2,"D",2,"D",0,"D",0,"D",12000,"D",49000,"D",8952,"D",0,"D",0,"D",2000,"D",1252,"D",0,"D",0,"D",1840,"D",5935,0,5978.88,5903.88,0,0,0,0,68609.2,68609.2,0,0,0,0,0,0,0,0,0,0,68609.2,68609.2,0,0,5978.88,5903.88,5978.88,5903.88,0,0,0,0,0,0,0,0,0,0,0
"03345673",1,"2015","2014",0,0.153,0.153,"1",0.1765,0.1765,"0","T",0,0,0,"D",0,"D",14000,"D",0,"D",0,"D",0,"D",0,"D",0,"D",0,"D",410,"D",0,"D",0,"D",0,"D",1232,"D",321,0,339.59,306.88,0,0,2142,2142,14000,14000,0,0,0,0,0,0,0,0,45.41,63.12,14000,14000,0,0,385,370,385,370,0,0,0,0,0,0,0,0,0,0,0
"03345703",1,"2015","2014",2,0,0,"3",0,0,"07","D",0,0,0,"D",0,"D",0,"D",0,"D",7171,"D",0,"D",0,"D",0,"D",0,"D",6700,"D",705,"D",0,"D",0,"D",600,"D",0,0,0,0,0,0,0,0,7171,7171,7171.01,7171.01,0,0,0,0,0,0,0,0,7171,7171,0,0,0,0,0,0,0,0,0,0,0,0,0,0,0,0,0
"03345713",1,"2015","2014",3,0.153,0.153,"2",0.15,0.15,"10","D",0,0,0,"D",0,"D",30388,"D",25917,"D",0,"D",0,"D",0,"D",0,"D",12600,"D",0,"D",30,"D",0,"D",3,"D",0,"D",-332,0,-284.25,-366.75,0,0,8614.66,8614.66,56305,56305,0,0,2715.75,2633.25,284.25,366.75,0,0,0,0,56305,56305,0,0,2715.75,2633.25,2715.75,2633.25,0,0,0,0,0,0,0,0,0,0,0
"03345733",1,"2015","2014",4,0.153,0.153,"2",0.2824,0.2824,"24","D",0.0705,0.0705,0,"D",0,"D",43110,"D",90000,"D",14400,"D",0,"D",0,"D",0,"D",0,"D",3800,"D",0,"D",0,"D",3,"D",13608,"D",15411,6643,15523.07,15331.03,6661.74,6629.89,20365.83,20365.83,147510,147510,147510.01,147510.01,1124.5,1124.5,0,0,0,0,0,0,133902,133902,0,0,16647.57,16455.53,16647.57,16455.53,0,0,24069.74,24037.89,0,0,0,0,0,0,0
"03345743",1,"2015","2014",1,0.153,0.153,"3",0.3,0.3,"03","D",0.0336,0.0336,0,"D",0,"D",78163,"D",0,"D",0,"D",0,"D",0,"D",0,"D",16140,"D",0,"D",0,"D",0,"D",1,"D",0,"D",8760,1766,8861.4,8708.9,1773.27,1762.9,11958.94,11958.94,78163,78163,78163.01,78163.01,841.85,841.85,0,0,0,0,0,0,78163,78163,0,0,9703.25,9550.75,9703.25,9550.75,10018,10182,1773.27,1762.9,0,0,0,0,0,0,0
"03345743",2,"2015","2014",0,0.153,0.153,"1",0.15,0.15,"03","D",0.0336,0.0336,0,"D",0,"D",35933,"D",0,"D",0,"D",0,"D",0,"D",0,"D",0,"D",0,"D",0,"D",0,"D",0,"D",0,"D",3394,816,3413.7,3383.7,819.49,814.3,5497.75,5497.75,35933,35933,35933.01,35933.01,0,0,0,0,0,0,0,0,35933,35933,0,0,3413.7,3383.7,3413.7,3383.7,5009,5091,819.49,814.3,0,0,0,0,0,0,0
"03345773",1,"2015","2014",0,0.153,0.153,"1",0.25,0.25,"03","D",0.0424,0.0424,0,"D",0,"D",70000,"D",0,"D",0,"D",0,"D",0,"D",0,"D",20700,"D",0,"D",120,"D",0,"D",0,"D",0,"D",10752,2069,10818.75,10718.75,2077.58,2064.5,10710,10710,70000,70000,70000.01,70000.01,0,0,0,0,0,0,0,0,70000,70000,0,0,10818.75,10718.75,10818.75,10718.75,5009,5091,2197.58,2184.5,0,0,0,0,0,0,0
"03345773",2,"2015","2014",0,0.153,0.153,"1",0.15,0.15,"03","D",0.0336,0.0336,0,"D",0,"D",42771,"D",0,"D",0,"D",0,"D",0,"D",0,"D",0,"D",0,"D",0,"D",0,"D",0,"D",0,"D",4419,1046,4439.4,4409.4,1049.24,1044.06,6543.96,6543.96,42771,42771,42771.01,42771.01,0,0,0,0,0,0,0,0,42771,42771,0,0,4439.4,4409.4,4439.4,4409.4,5009,5091,1049.24,1044.06,0,0,0,0,0,0,0
"03345783",1,"2015","2014",0,0.153,0.153,"2",0.15,0.15,"33","D",0.0486,0.0486,0,"D",0,"D",0,"D",25676,"D",0,"D",0,"D",25390,"D",0,"D",0,"D",2400,"D",945,"D",0,"D",0,"D",1376,"D",836,353,856.15,826.15,358.11,350.11,3928.43,3928.43,28861.5,28861.5,25676.01,25676.01,0,0,0,0,0,0,0,0,28861.5,28861.5,0,0,856.15,826.15,856.15,826.15,15650,15850,0,0,0,0,0,0,0,0,0
"03345823",1,"2015","2014",0,0.029,0.029,"1",0.28,0.28,"44","D",0,0,0,"D",0,"D",130446,"D",0,"D",0,"D",0,"D",0,"D",0,"D",20460,"D",0,"D",50,"D",0,"D",0,"D",0,"D",26761,0,26858.63,26712.13,0,0,18290.93,18476.93,130446,130446,0,0,0,0,0,0,0,0,0,0,130446,130446,0,0,26858.63,26712.13,26858.63,26712.13,0,0,0,0,0,0,0,0,0,0,0
"03345833",1,"2015","2014",2,0.038,0.038,"2",0.35,0.35,"22","D",0.0515,0.052,0,"D",0,"D",228786,"D",228786,"D",-18000,"D",0,"D",0,"D",0,"D",0,"D",11000,"D",2864,"D",6528,"D",2,"D",37860,"D",101413,21575,101806.2,101216.2,21713.74,21504.96,44153.74,44525.74,439572,439572,439572.01,439572.01,0,0,0,0,1200,1200,0,0,401712,401712,4945.63,4710.24,98060.57,97705.96,98060.57,97705.96,0,0,0,0,0,0,0,0,0,0,0
"03345903",1,"2015","2014",2,0.153,0.153,"2",0.15,0.15,"0","T",0,0,0,"D",0,"D",33142,"D",18133,"D",-3000,"D",0,"D",0,"D",0,"D",7800,"D",0,"D",0,"D",0,"D",1,"D",0,"D",1054,0,1103.75,1028.75,0,0,7845.07,7845.07,48275,48275,0,0,1000,1000,0,0,0,0,0,0,48275,48275,0,0,2103.75,2028.75,2103.75,2028.75,0,0,0,0,0,0,0,0,0,0,0
"03345933",1,"2015","2014",2,0.153,0.153,"2",0.3,0.3,"44","D",0,0,0,"D",0,"D",54000,"D",56000,"D",300,"D",0,"D",0,"D",0,"D",0,"D",4000,"D",30,"D",0,"D",1,"D",6912,"D",11103,0,11252.5,11027.5,0,0,16830,16830,110300,110300,0,0,985,985,0,0,0,0,0,0,110300,110300,0,0,12237.5,12012.5,12237.5,12012.5,0,0,0,0,0,0,0,0,0,0,0
"03345963",1,"2015","2014",0,0.153,0.153,"1",0.1765,0.1765,"39","D",0.0307,0.0307,0,"D",0,"D",13640,"D",0,"D",70,"D",0,"D",0,"D",0,"D",11340,"D",0,"D",90,"D",0,"D",0,"D",120,"D",267,421,288.4,255.69,420.9,420.9,2086.92,2086.92,13710,13710,13710.01,13710.01,0,0,0,0,0,0,67.6,85.31,13710,13710,0,0,356,341,356,341,0,0,0,0,0,0,0,0,0,0,0
"03345963",2,"2015","2014",0,0.153,0.153,"1",0.1765,0.1765,"39","D",0.0307,0.0307,0,"D",0,"D",13000,"D",0,"D",0,"D",0,"D",0,"D",0,"D",0,"D",0,"D",0,"D",0,"D",0,"D",0,"D",141,399,163.09,130.38,399.1,399.1,1989,1989,13000,13000,13000.01,13000.01,0,0,0,0,0,0,121.91,139.62,13000,13000,0,0,285,270,285,270,0,0,0,0,0,0,0,0,0,0,0
"03346003",1,"2015","2014",0,0.153,0.153,"1",0.25,0.25,"0","T",0,0,1,"D",1,"D",51000,"D",0,"D",423,"D",0,"D",23554,"D",0,"D",0,"D",1000,"D",42,"D",0,"D",0,"D",6276,"D",10726,0,10792.23,10692.23,0,0,7803,7803,71443.9,71443.9,0,0,0,0,0,0,0,0,0,0,71443.9,71443.9,0,0,10792.23,10692.23,10792.23,10692.23,0,0,0,0,0,0,0,0,0,0,0
"03346013",1,"2015","2014",3,0.153,0.153,"2",0.15,0.15,"45","D",0.063,0.063,0,"D",0,"D",81780,"D",7256,"D",-4100,"D",0,"D",0,"D",0,"D",0,"D",1900,"D",105,"D",0,"D",3,"D",6920,"D",3955,3346,4010.4,3927.9,3364.88,3336.04,13622.51,13622.51,84936,84936,84936.01,84936.01,3000,3000,0,0,0,0,0,0,84936,84936,0,0,7010.4,6927.9,7010.4,6927.9,0,0,0,0,0,0,0,0,0,0,0
"03346013",2,"2015","2014",3,0,0,"3",-0.45,-0.45,"45","D",0,0,0,"D",0,"D",0,"D",0,"D",0,"D",0,"D",0,"D",0,"D",0,"D",0,"D",0,"D",0,"D",3,"D",0,"D",0,0,0,0,0,0,0,0,0,0,0.01,0.01,0,0,0,0,0,0,0,0,0,0,0,0,0,0,0,0,0,0,0,0,0,0,0,0,0,0,0
"03346023",1,"2015","2014",0,0,0,"1",0.15,0.15,"05","D",0,0,1,"D",1,"D",0,"D",0,"D",0,"D",18408,"D",16786,"D",0,"D",0,"D",460,"D",1464,"D",0,"D",0,"D",3092,"D",751,0,760.85,745.85,0,0,0,0,19308.5,19308.5,18408.01,18408.01,0,0,0,0,0,0,0,0,19308.5,19308.5,0,0,760.85,745.85,760.85,745.85,3992,4044,5016,5016,0,0,0,0,0,0,0
"03346053",1,"2015","2014",0,0.153,0.153,"1",0.15,0.15,"01","D",0.0387,0.0387,0,"D",0,"D",33000,"D",0,"D",0,"D",0,"D",0,"D",0,"D",0,"D",160,"D",0,"D",0,"D",0,"D",0,"D",2954,1253,2973.75,2943.75,1252.09,1253.59,5049,5049,33000,33000,33000.01,33000.01,0,0,0,0,0,0,0,0,33000,33000,0,0,2973.75,2943.75,2973.75,2943.75,2000,2000,2684.5,2684.5,0,0,0,0,0,0,0
"03346063",1,"2015","2014",0,0,0,"1",0,0,"50","D",0.0703,0.0703,1,"D",1,"D",0,"D",0,"D",2659,"D",6000,"D",13462,"D",0,"D",0,"D",2800,"D",35,"D",0,"D",0,"D",4012,"D",0,-354,0,0,-354.11,-354.11,0,0,8659,8659,8659.01,8659.01,0,0,0,0,0,0,0,0,8659,8659,0,0,0,0,0,0,10080,10249.92,4012,4012,354.1,354.1,0,0,0,0,0
"03346073",1,"2015","2014",2,0.153,0.153,"2",0.15,0.15,"05","D",0.06,0.06,0,"D",0,"D",80000,"D",0,"D",0,"D",0,"D",0,"D",0,"D",18600,"D",0,"D",40,"D",0,"D",2,"D",0,"D",4813,1361,4862.5,4787.5,1389.24,1346.38,12240,12240,80000,80000,80000.01,80000.01,2000,2000,0,0,0,0,0,0,80000,80000,0,0,6862.5,6787.5,6862.5,6787.5,7984,8088,40,40,0,0,0,0,0,0,0
"03346083",1,"2015","2014",0,0.153,0.153,"1",0.2381,0.2381,"21","D",0.0475,0.0475,0,"D",0,"D",58728,"D",0,"D",0,"D",0,"D",0,"D",0,"D",0,"D",2550,"D",0,"D",0,"D",0,"D",2584,"D",7632,2341,7681.95,7606.95,2341.22,2341.22,8985.38,8985.38,58728,58728,58728.01,58728.01,0,0,0,0,0,0,0,0,56144,56144,0,0,7681.95,7606.95,7681.95,7606.95,2000,2000,5134,5134,0,0,0,0,0,0,0
"03346093",1,"2015","2014",0,0,0,"1",0,0,"33","D",0,0,1,"D",1,"D",0,"D",0,"D",0,"D",6026,"D",20494,"D",0,"D",0,"D",1700,"D",577,"D",0,"D",0,"D",1560,"D",0,0,0,0,0,0,0,0,6026,6026,0.01,0.01,0,0,0,0,0,0,0,0,6026,6026,0,0,0,0,0,0,7800,7900,0,0,0,0,0,0,0,0,0
"03346103",1,"2015","2014",0,0,0,"1",-0.0765,-0.0765,"44","D",0,0,0,"D",0,"D",0,"D",0,"D",0,"D",0,"D",8000,"D",0,"D",0,"D",0,"D",0,"D",0,"D",0,"D",0,"D",0,0,0,0,0,0,0,0,0,0,0,0,0,0,0,0,0,0,0,0,0,0,0,0,0,0,0,0,0,0,0,0,0,0,0,0,0,0,0
"03346163",1,"2015","2014",0,0,0,"1",0,0,"01","D",0.0462,0.0462,1,"D",1,"D",0,"D",0,"D",0,"D",8660,"D",6934,"D",0,"D",0,"D",0,"D",441,"D",0,"D",0,"D",2864,"D",0,153,0,0,152.75,152.75,0,0,8660,8660,8660.01,8660.01,0,0,0,0,0,0,0,0,8660,8660,0,0,0,0,0,0,2500,2500,3305,3305,0,0,0,0,0,0,0
"03346183",1,"2015","2014",0,0.153,0.153,"2",0.15,0.15,"14","D",0.0375,0.05,0,"D",0,"D",45000,"D",45000,"D",0,"D",0,"D",0,"D",0,"D",12000,"D",0,"D",0,"D",0,"D",0,"D",0,"D",9508,3572,9547.5,9487.5,4287.5,3213.75,13770,13770,90000,90000,90000.01,90000.01,0,0,0,0,0,0,0,0,90000,90000,0,0,9547.5,9487.5,9547.5,9487.5,0,0,0,0,0,0,0,0,0,0,0
"03346193",1,"2015","2014",1,0.153,0.153,"3",-0.49,-0.49,"10","D",0,0,0,"D",0,"D",6400,"D",0,"D",0,"D",0,"D",0,"D",0,"D",0,"D",0,"D",0,"D",0,"D",1,"D",0,"D",-2686,0,-2686,-2686,0,0,979.2,979.2,6400,6400,0,0,0,0,510,510,0,0,2176,2176,6400,6400,0,0,0,0,0,0,0,0,0,0,0,0,0,0,0,0,0
"03346223",1,"2015","2014",2,0,0,"3",-0.4,-0.4,"23","D",0.0145,0.0145,0,"D",0,"D",0,"D",0,"D",0,"D",7818,"D",0,"D",0,"D",0,"D",1400,"D",130,"D",0,"D",0,"D",0,"D",0,-920,0,0,-919.97,-919.97,0,0,7818,7818,7818.01,7818.01,0,0,0,0,0,0,0,0,7818,7818,0,0,0,0,0,0,0,0,0,0,675.8,675.8,0,0,0,0,0
"03346263",1,"2015","2014",0,0,0,"1",0,0,"24","D",0,0,1,"D",1,"D",0,"D",0,"D",0,"D",0,"D",0,"D",0,"D",2808,"D",0,"D",0,"D",0,"D",0,"D",1200,"D",0,-453,0,0,-453.49,-453.49,0,0,0,0,0.01,0.01,0,0,0,0,0,0,0,0,0,0,0,0,0,0,0,0,7750,7850,0,0,453.49,453.49,0,0,0,0,0
"03346313",1,"2015","2014",1,0.153,0.153,"2",0.15,0.15,"0","T",0,0,0,"D",0,"D",25000,"D",60000,"D",3000,"D",0,"D",0,"D",0,"D",0,"D",600,"D",840,"D",0,"D",0,"D",1660,"D",8610,0,8655,8587.5,0,0,13005,13005,88000,88000,0,0,0,0,0,0,0,0,0,0,88000,88000,0,0,8655,8587.5,8655,8587.5,0,0,0,0,0,0,0,0,0,0,0
"03346323",1,"2015","2014",2,0.153,0.153,"2",0.2889,0.2881,"36","D",0.0444,0.0475,0,"D",0,"D",42000,"D",90000,"D",30,"D",0,"D",0,"D",0,"D",0,"D",3000,"D",182,"D",0,"D",2,"D",15996,"D",13949,4044,14021.56,13913.06,4221.74,3955.78,20196,20196,132030,132030,132030.01,132030.01,898.5,898.5,0,0,0,0,0,0,116034,116034,0,0,14920.06,14811.56,14920.06,14811.56,0,0,0,0,0,0,0,0,0,0,0
"03346353",1,"2015","2014",1,0.153,0.153,"3",0,0,"05","D",0,0,1,"D",1,"D",11826,"D",0,"D",0,"D",627,"D",18910,"D",0,"D",7500,"D",0,"D",0,"D",0,"D",0,"D",0,"D",-3341,0,-3305,-3359,0,0,1809.38,1809.38,12453,12453,12453.01,12453.01,0,0,0,0,0,0,3305,3359,12453,12453,0,0,0,0,0,0,7984,8088,0,0,0,0,0,0,0,0,0
"03346373",1,"2015","2014",0,0.153,0.153,"1",0,0,"19","D",0.02,0.02,1,"D",1,"D",6933,"D",0,"D",0,"D",0,"D",0,"D",0,"D",0,"D",800,"D",0,"D",0,"D",0,"D",0,"D",0,4,0,0,3.66,3.66,1060.75,1060.75,6933,6933,6933.01,6933.01,0,0,0,0,0,0,0,0,6933,6933,0,0,0,0,0,0,0,0,0,0,0,0,0,0,0,0,0
"03346383",1,"2015","2014",0,0.153,0.153,"2",0.2619,0.2619,"33","D",0.0645,0.0645,0,"D",0,"D",30000,"D",40000,"D",67951,"D",26400,"D",21958,"D",0,"D",0,"D",5000,"D",690,"D",0,"D",0,"D",800,"D",31630,9583,31776.54,31556.66,9591.21,9578.31,10710,10710,183015.3,183015.3,164351.01,164351.01,0,0,0,0,0,0,0,0,182215.3,182215.3,0,0,31776.54,31556.66,31776.54,31556.66,15650,15850,6490,6490,0,0,0,0,0,0,0
"03346403",1,"2015","2014",0,0,0,"2",0,0,"05","D",0,0,2,"D",2,"D",0,"D",0,"D",0,"D",21600,"D",21000,"D",0,"D",0,"D",3500,"D",450,"D",0,"D",0,"D",0,"D",0,0,0,0,0,0,0,0,21650,21650,21600.01,21600.01,0,0,0,0,0,0,0,0,21650,21650,0,0,0,0,0,0,7984,8088,3950,3950,0,0,0,0,0,0,0
"03346423",1,"2015","2014",1,0.153,0.153,"3",0.2362,0.2362,"31","D",0.0552,0.0552,0,"D",0,"D",100000,"D",0,"D",-9995,"D",0,"D",0,"D",0,"D",0,"D",8000,"D",160,"D",0,"D",0,"D",6324,"D",10699,2170,10775.28,10660.28,2169.88,2169.88,15300,15300,90005,90005,100000.01,100000.01,0,0,0,0,0,0,0,0,83681,83681,0,0,10775.28,10660.28,10775.28,10660.28,0,0,0,0,0,0,0,0,0,0,0
"03346454",1,"2015","2014",0,0.153,0.153,"1",0.25,0.25,"05","D",0.093,0.093,0,"D",0,"D",83500,"D",0,"D",-8138,"D",0,"D",0,"D",0,"D",19560,"D",0,"D",800,"D",0,"D",0,"D",0,"D",12093,4013,12159.25,12059.25,4038.2,4000.01,12775.5,12775.5,75362,75362,75362.01,75362.01,0,0,0,0,0,0,0,0,75362,75362,0,0,12159.25,12059.25,12159.25,12059.25,3992,4044,800,800,0,0,0,0,0,0,0
"03346454",2,"2015","2014",0,0.153,0.153,"1",0.25,0.25,"05","D",0.08,0.093,0,"D",0,"D",54919,"D",0,"D",0,"D",0,"D",0,"D",0,"D",0,"D",0,"D",0,"D",0,"D",0,"D",0,"D",6982,2117,7048.5,6948.5,2137,2107.34,8402.61,8402.61,54919,54919,54919.01,54919.01,0,0,0,0,0,0,0,0,54919,54919,0,0,7048.5,6948.5,7048.5,6948.5,3992,4044,0,0,0,0,0,0,0,0,0
"03346493",1,"2015","2014",0,0,0,"1",-0.0765,-0.0765,"0","T",0,0,0,"D",0,"D",0,"D",0,"D",0,"D",0,"D",8784,"D",0,"D",0,"D",330,"D",6,"D",0,"D",0,"D",0,"D",0,0,0,0,0,0,0,0,0,0,0,0,0,0,0,0,0,0,0,0,0,0,0,0,0,0,0,0,0,0,0,0,0,0,0,0,0,0,0
"03346503",1,"2015","2014",7,0,0,"3",-0.0765,-0.0765,"50","D",0,0,0,"D",0,"D",0,"D",0,"D",11807,"D",1250,"D",0,"D",0,"D",6000,"D",0,"D",75,"D",0,"D",5,"D",0,"D",0,-1160,0,0,-1160,-1160,0,0,13057,13057,13057.01,13057.01,0,0,0,0,0,0,0,0,13057,13057,0,0,0,0,0,0,13020,13239.48,0,0,1160,1160,0,0,0,0,0
"03346523",1,"2015","2014",0,0.153,0.153,"2",0.25,0.2394,"23","D",0.0425,0.0425,1,"D",1,"D",105000,"D",0,"D",1000,"D",16000,"D",19318,"D",0,"D",0,"D",2500,"D",1052,"D",0,"D",0,"D",5940,"D",20796,4165,20928.33,20730.08,4165,4165,16065,16065,138420.3,138420.3,106000.01,106000.01,0,0,0,0,0,0,0,0,132480.3,138420.3,0,0,20928.33,20730.08,20928.33,20730.08,0,0,0,0,0,0,0,0,0,0,0
"03346553",1,"2015","2014",0,0.153,0.153,"2",0,0,"47","D",0,0,1,"D",1,"D",0,"D",9692,"D",0,"D",0,"D",17062,"D",0,"D",0,"D",800,"D",315,"D",0,"D",0,"D",2220,"D",-501,0,-496,-503,0,0,1482.88,1482.88,9692,9692,9692.01,9692.01,0,0,0,0,0,0,496,503,9692,9692,0,0,0,0,0,0,0,0,0,0,0,0,0,0,0,0,0
"03346563",1,"2015","2014",1,0.153,0.153,"3",0.2598,0.2598,"50","D",0.1262,0.1262,0,"D",0,"D",22579,"D",0,"D",0,"D",0,"D",0,"D",0,"D",7200,"D",0,"D",0,"D",0,"D",1,"D",0,"D",-3075,-37,-2988.21,-3118.35,-26.82,-42.16,3454.59,3454.59,22579,22579,22579.01,22579.01,557.9,532.9,442.1,467.1,0,0,2546.11,2651.25,22579,22579,0,0,557.9,532.9,557.9,532.9,11144.8,11423.25,0,0,152.54,152.54,0,0,101.84,106.05,0
"03346563",2,"2015","2014",0,0,0,"1",-0.0765,-0.0765,"50","D",0,0,0,"D",0,"D",0,"D",0,"D",0,"D",0,"D",0,"D",0,"D",0,"D",0,"D",0,"D",0,"D",0,"D",0,"D",0,0,0,0,0,0,0,0,0,0,0.01,0.01,0,0,0,0,0,0,0,0,0,0,0,0,0,0,0,0,10080,10249.92,0,0,0,0,0,0,0,0,0
"03346573",1,"2015","2014",0,0.029,0.029,"2",0.2305,0.2306,"33","D",0.078,0.0777,0,"D",0,"D",142000,"D",0,"D",0,"D",0,"D",4044,"D",0,"D",0,"D",11000,"D",2289,"D",0,"D",0,"D",0,"D",20684,7962,20775.85,20638.24,7995,7945.46,18626,18812,145437.4,145437.4,142000.01,142000.01,0,0,0,0,0,0,0,0,145437.4,145437.4,0,0,20775.85,20638.24,20775.85,20638.24,15650,15850,13289,13289,0,0,0,0,0,0,0
"03346583",1,"2015","2014",0,0.153,0.153,"2",0.2775,0.2775,"33","D",0.045,0.045,2,"D",2,"D",35000,"D",0,"D",742,"D",0,"D",24574,"D",0,"D",15036,"D",0,"D",0,"D",0,"D",0,"D",180,"D",2413,814,2462.5,2387.5,821.14,810.18,5355,5355,45166.65,45166.65,35742.01,35742.01,0,0,0,0,0,0,0,0,45166.65,45166.65,0,0,2462.5,2387.5,2462.5,2387.5,15650,15850,0,0,0,0,0,0,0,0,0
"03346613",1,"2015","2014",2,0,0,"3",-0.4,-0.4,"22","D",-0.06,-0.06,1,"D",0,"D",0,"D",0,"D",0,"D",0,"D",0,"D",0,"D",12000,"D",0,"D",0,"D",0,"D",0,"D",0,"D",0,0,0,0,0,0,0,0,0,0,0.01,0.01,0,0,0,0,0,0,0,0,0,0,0,0,0,0,0,0,0,0,0,0,0,0,0,0,0,0,0
"03346643",1,"2015","2014",3,0,0,"3",-0.45,-0.45,"44","D",0,0,0,"D",0,"D",0,"D",0,"D",1300,"D",0,"D",0,"D",0,"D",0,"D",750,"D",0,"D",0,"D",3,"D",0,"D",0,0,0,0,0,0,0,0,1300,1300,0,0,0,0,0,0,0,0,0,0,1300,1300,0,0,0,0,0,0,0,0,0,0,0,0,0,0,0,0,0
"03346663",1,"2015","2014",0,0.038,0.038,"1",0.35,0.35,"19","D",0.0385,0.0385,0,"D",0,"D",241878,"D",0,"D",21397,"D",0,"D",0,"D",0,"D",0,"D",3000,"D",75,"D",0,"D",0,"D",0,"D",66038,10148,66314.34,65899.34,10133.11,10155.37,21899.36,22085.36,263275,263275,263275.01,263275.01,0,0,0,0,0,0,0,0,263275,263275,235.38,177.92,65265.87,64908.33,65265.87,64908.33,0,0,0,0,0,0,0,0,0,0,0
"03346673",1,"2015","2014",2,0.153,0.153,"2",0.1365,0.1365,"38","D",0.09,0.09,0,"D",0,"D",102219,"D",0,"D",-5000,"D",0,"D",0,"D",0,"D",0,"D",5800,"D",950,"D",0,"D",2,"D",0,"D",7314,6325,7341.14,7300.49,6344.71,6315.71,15639.51,15639.51,97219,97219,97219.01,97219.01,2000,2000,0,0,0,0,0,0,97219,97219,0,0,9341.14,9300.49,9341.14,9300.49,4231.2,4289.91,6750,6750,0,0,0,0,0,0,0
"03346683",1,"2015","2014",0,0.153,0.153,"1",0.25,0.25,"26","D",0.06,0.06,0,"D",0,"D",110000,"D",0,"D",-17880,"D",0,"D",0,"D",0,"D",12300,"D",0,"D",30,"D",0,"D",0,"D",0,"D",16282,4500,16348.75,16248.75,4504.2,4498.2,16830,16830,92120,92120,92120.01,92120.01,0,0,0,0,0,0,0,0,92120,92120,0,0,16348.75,16248.75,16348.75,16248.75,6200,6300,0,0,0,0,0,0,0,0,0
"03346693",1,"2015","2014",0,0.153,0.153,"1",0.1,0.1,"07","D",0.0075,0.0075,0,"D",0,"D",16320,"D",0,"D",0,"D",0,"D",0,"D",0,"D",10620,"D",0,"D",0,"D",0,"D",0,"D",0,"D",607,14,617,602,13.65,13.65,2496.96,2496.96,16320,16320,16320.01,16320.01,0,0,0,0,0,0,0,0,16320,16320,0,0,617,602,617,602,0,0,0,0,0,0,0,0,0,0,0
"03346703",1,"2015","2014",0,0.153,0.153,"1",0,0,"33","D",0,0,1,"D",1,"D",1,"D",0,"D",120,"D",6600,"D",22642,"D",0,"D",0,"D",2900,"D",603,"D",0,"D",0,"D",7556,"D",0,0,0,0,0,0,0.15,0.15,6721,6721,121.01,121.01,0,0,0,0,0,0,0,0,6721,6721,0,0,0,0,0,0,7800,7900,0,0,0,0,0,0,0,0,0
"03346723",1,"2015","2014",2,0,0,"3",-0.4,-0.4,"05","D",0,0,0,"D",0,"D",0,"D",0,"D",0,"D",0,"D",0,"D",0,"D",0,"D",1800,"D",0,"D",0,"D",0,"D",300,"D",0,0,0,0,0,0,0,0,0,0,0.01,0.01,0,0,0,0,0,0,0,0,0,0,0,0,0,0,0,0,7984,8088,2100,2100,0,0,0,0,0,0,0
"03346763",1,"2015","2014",2,0,0,"3",-0.4,-0.4,"26","D",0,0,0,"D",0,"D",0,"D",0,"D",0,"D",1650,"D",12550,"D",0,"D",0,"D",0,"D",25,"D",0,"D",2,"D",0,"D",0,0,0,0,0,0,0,0,1650,1650,1650.01,1650.01,0,0,0,0,0,0,0,0,1650,1650,0,0,0,0,0,0,9100,9250,0,0,0,0,0,0,0,0,0
"03346773",1,"2015","2014",1,0.153,0.153,"2",0.15,0.15,"44","D",0,0,0,"D",0,"D",48421,"D",0,"D",0,"D",0,"D",0,"D",0,"D",0,"D",4400,"D",100,"D",0,"D",1,"D",5388,"D",1673,0,1718.15,1650.65,0,0,7408.41,7408.41,48421,48421,0,0,1000,1000,0,0,0,0,0,0,48421,48421,0,0,2718.15,2650.65,2718.15,2650.65,0,0,0,0,0,0,0,0,0,0,0
"03346783",1,"2015","2014",0,0.153,0.153,"1",0.0765,0.0765,"0","T",0,0,0,"D",0,"D",8824,"D",0,"D",0,"D",0,"D",0,"D",0,"D",4200,"D",0,"D",25,"D",0,"D",0,"D",0,"D",-453,0,-441.38,-459.09,0,0,1350.07,1350.07,8824,8824,0,0,0,0,0,0,0,0,441.38,459.09,8824,8824,0,0,0,0,0,0,0,0,0,0,0,0,0,0,0,0,0
"03346783",2,"2015","2014",0,0.153,0.153,"1",0.0765,0.0765,"0","T",0,0,0,"D",0,"D",8300,"D",0,"D",0,"D",0,"D",0,"D",0,"D",0,"D",0,"D",0,"D",0,"D",0,"D",0,"D",-493,0,-481.46,-499.17,0,0,1269.9,1269.9,8300,8300,0,0,0,0,0,0,0,0,481.46,499.17,8300,8300,0,0,0,0,0,0,0,0,0,0,0,0,0,0,0,0,0
"03346803",1,"2015","2014",1,0.153,0.153,"2",0.1423,0.1422,"22","D",0.0515,0.052,0,"D",0,"D",40663,"D",58360,"D",-119,"D",0,"D",0,"D",0,"D",0,"D",3600,"D",41,"D",0,"D",0,"D",10888,"D",9315,4211,9335.52,9304.13,4238.21,4197.46,15150.52,15150.52,98904,98904,98904.01,98904.01,0,0,0,0,0,0,0,0,88016,88016,0,0,9335.52,9304.13,9335.52,9304.13,0,0,0,0,0,0,0,0,0,0,0
"03346813",1,"2015","2014",0,0.153,0.153,"2",0.2356,0.2356,"47","D",0.0575,0.0575,0,"D",0,"D",90000,"D",25287,"D",0,"D",0,"D",0,"D",0,"D",0,"D",1500,"D",175,"D",0,"D",0,"D",15560,"D",12896,5016,12996.49,12846.49,5016.04,5016.04,17638.91,17638.91,115287,115287,115287.01,115287.01,0,0,0,0,0,0,0,0,99727,99727,0,0,12996.49,12846.49,12996.49,12846.49,6000,6000,17235,17235,0,0,0,0,0,0,0
"03346813",2,"2015","2014",1,0,0,"3",-0.34,-0.34,"47","D",0,0,0,"D",0,"D",0,"D",0,"D",0,"D",0,"D",0,"D",0,"D",0,"D",0,"D",0,"D",0,"D",0,"D",0,"D",0,0,0,0,0,0,0,0,0,0,0.01,0.01,0,0,0,0,0,0,0,0,0,0,0,0,0,0,0,0,0,0,0,0,0,0,0,0,0,0,0
"03346823",1,"2015","2014",0,0.153,0.153,"1",-0.0765,-0.0765,"38","D",-0.0061,-0.0061,0,"D",0,"D",1773,"D",0,"D",0,"D",0,"D",0,"D",0,"D",0,"D",0,"D",0,"D",0,"D",0,"D",0,"D",-136,-11,-135.63,-135.63,-10.85,-10.85,271.27,271.27,1773,1773,1773.01,1773.01,0,0,0,0,0,0,135.63,135.63,1773,1773,0,0,0,0,0,0,2115.6,2144.96,0,0,0,0,0,0,10.85,10.85,0
"03346863",1,"2015","2014",0,0,0,"1",0,-0.0765,"17","D",0,-0.013,1,"D",0,"D",0,"D",0,"D",0,"D",1400,"D",14662,"D",0,"D",0,"D",1520,"D",124,"D",0,"D",0,"D",400,"D",0,-216,0,0,-216,-216,0,0,1400,1400,1400.01,1400.01,0,0,0,0,0,0,0,0,1400,1400,0,0,0,0,0,0,3000,3850,0,0,216,216,0,0,0,0,0
"03346893",1,"2015","2014",0,0,0,"1",0,0,"0","T",0,0,1,"D",1,"D",0,"D",0,"D",0,"D",0,"D",17530,"D",0,"D",0,"D",4900,"D",0,"D",0,"D",0,"D",1752,"D",0,0,0,0,0,0,0,0,0,0,0,0,0,0,0,0,0,0,0,0,0,0,0,0,0,0,0,0,0,0,0,0,0,0,0,0,0,0,0
"03346903",1,"2015","2014",0,0,0,"1",0,0,"39","D",0,0,1,"D",1,"D",0,"D",0,"D",0,"D",551,"D",16834,"D",0,"D",0,"D",550,"D",30,"D",0,"D",0,"D",1080,"D",0,0,0,0,0,0,0,0,551,551,0.01,0.01,0,0,0,0,0,0,0,0,551,551,0,0,0,0,0,0,0,0,0,0,0,0,0,0,0,0,0
"03346913",1,"2015","2014",2,0,0,"3",-0.4,-0.4,"10","D",0,0,0,"D",0,"D",0,"D",0,"D",0,"D",0,"D",0,"D",0,"D",0,"D",0,"D",0,"D",0,"D",0,"D",819,"D",0,0,0,0,0,0,0,0,0,0,0,0,0,0,0,0,0,0,0,0,0,0,0,0,0,0,0,0,0,0,0,0,0,0,0,0,0,0,0
"03346933",1,"2015","2014",2,0.153,0.153,"2",0.15,0.15,"10","D",0,0,0,"D",0,"D",28000,"D",34000,"D",0,"D",0,"D",0,"D",0,"D",9000,"D",0,"D",400,"D",0,"D",2,"D",180,"D",2113,0,2162.5,2087.5,0,0,9486,9486,62000,62000,0,0,2000,2000,0,0,0,0,0,0,62000,62000,0,0,4162.5,4087.5,4162.5,4087.5,0,0,0,0,0,0,0,0,0,0,0
"03346943",1,"2015","2014",2,0.153,0.153,"2",0.0992,0.0992,"48","D",0,0,0,"D",0,"D",0,"D",72407,"D",0,"D",0,"D",0,"D",0,"D",0,"D",3800,"D",2000,"D",0,"D",2,"D",44988,"D",-1530,0,-1516.81,-1536.81,0,0,11078.27,11078.27,72407,72407,0,0,483.19,463.19,1516.81,1536.81,0,0,0,0,27419,27419,0,0,483.19,463.19,483.19,463.19,0,0,0,0,0,0,0,0,0,0,0
"03346943",2,"2015","2014",0,0.153,0.153,"1",0.25,0.25,"48","D",0,0,0,"D",0,"D",68792,"D",0,"D",0,"D",0,"D",0,"D",0,"D",0,"D",0,"D",0,"D",0,"D",0,"D",0,"D",10450,0,10516.75,10416.75,0,0,10525.18,10525.18,68792,68792,0,0,0,0,0,0,0,0,0,0,68792,68792,0,0,10516.75,10416.75,10516.75,10416.75,0,0,0,0,0,0,0,0,0,0,0
"03346943",3,"2015","2014",0,0.153,0.153,"1",0.15,0.15,"48","D",0,0,0,"D",0,"D",36033,"D",0,"D",0,"D",0,"D",0,"D",0,"D",0,"D",0,"D",0,"D",0,"D",0,"D",0,"D",3409,0,3428.7,3398.7,0,0,5513.05,5513.05,36033,36033,0,0,0,0,0,0,0,0,0,0,36033,36033,0,0,3428.7,3398.7,3428.7,3398.7,0,0,0,0,0,0,0,0,0,0,0
"03346983",1,"2015","2014",2,0.153,0.153,"3",-0.55,-0.55,"22","D",-0.06,-0.06,0,"D",0,"D",5940,"D",0,"D",0,"D",0,"D",0,"D",0,"D",8700,"D",0,"D",0,"D",0,"D",2,"D",0,"D",-2817,-356,-2817,-2817,-356.4,-356.4,908.82,908.82,5940,5940,5940.01,5940.01,0,0,441,441,0,0,2376,2376,5940,5940,0,0,0,0,0,0,0,0,0,0,0,0,0,0,356.4,356.4,0
"03346983",3,"2015","2014",0,0,0,"1",-0.0765,-0.0765,"22","D",-0.0115,-0.0115,0,"D",0,"D",0,"D",0,"D",0,"D",0,"D",0,"D",0,"D",0,"D",0,"D",0,"D",0,"D",0,"D",0,"D",0,0,0,0,0,0,0,0,0,0,0.01,0.01,0,0,0,0,0,0,0,0,0,0,0,0,0,0,0,0,0,0,0,0,0,0,0,0,0,0,0
"03346993",1,"2015","2014",3,0.153,0.153,"2",0.1414,0.1413,"34","D",0.0575,0.058,0,"D",0,"D",37714,"D",36867,"D",0,"D",0,"D",0,"D",0,"D",0,"D",2400,"D",0,"D",0,"D",0,"D",10508,"D",4831,3436,4862.6,4814.56,3455.7,3425.91,11410.89,11410.89,74581,74581,74581.01,74581.01,0,0,0,0,0,0,0,0,64073,64073,0,0,4862.6,4814.56,4862.6,4814.56,15000,15000,12908,12908,0,0,0,0,0,0,0
"03347033",1,"2015","2014",0,0.153,0.153,"2",0.2325,0.2287,"09","D",0.07,0.085,2,"D",2,"D",59600,"D",59600,"D",267,"D",0,"D",19124,"D",0,"D",0,"D",8500,"D",5400,"D",0,"D",0,"D",1800,"D",18229,5656,18284.68,18201.43,5833.7,5566.69,18237.6,18237.6,135722.4,135722.4,119467.01,119467.01,0,0,0,0,0,0,0,0,133922.4,133922.4,0,0,18284.68,18201.43,18284.68,18201.43,4150,8350,15700,15700,0,0,0,0,0,0,0
"03347043",1,"2015","2014",0,0.153,0.153,"1",0.15,0.15,"44","D",0,0,0,"D",0,"D",26000,"D",0,"D",0,"D",0,"D",0,"D",0,"D",16800,"D",0,"D",0,"D",0,"D",0,"D",160,"D",1904,0,1923.75,1893.75,0,0,3978,3978,26000,26000,0,0,0,0,0,0,0,0,0,0,26000,26000,0,0,1923.75,1893.75,1923.75,1893.75,0,0,0,0,0,0,0,0,0,0,0
"03347053",1,"2015","2014",0,0.153,0.153,"2",0.1,0.1,"23","D",0.0775,0.0775,2,"D",2,"D",0,"D",23282,"D",0,"D",0,"D",10745,"D",0,"D",0,"D",1500,"D",0,"D",0,"D",0,"D",0,"D",32,340,58.2,18.2,340.47,340.47,3562.15,3562.15,23282,23282,23282.01,23282.01,0,0,0,0,0,0,0,0,23282,23282,0,0,58.2,18.2,58.2,18.2,0,0,0,0,309.02,309.02,0,0,0,0,0
"03347063",1,"2015","2014",0,0.153,0.153,"1",0.15,0.15,"23","D",0.0635,0.0635,0,"D",0,"D",30000,"D",0,"D",0,"D",0,"D",0,"D",0,"D",9600,"D",0,"D",40,"D",0,"D",0,"D",480,"D",2504,583,2523.75,2493.75,583.02,583.02,4590,4590,30000,30000,30000.01,30000.01,0,0,0,0,0,0,0,0,30000,30000,0,0,2523.75,2493.75,2523.75,2493.75,0,0,0,0,521.98,521.98,0,0,0,0,0
"03347063",2,"2015","2014",0,0.153,0.153,"1",0.15,0.15,"23","D",0.0425,0.0425,0,"D",0,"D",35364,"D",0,"D",0,"D",0,"D",0,"D",0,"D",0,"D",0,"D",0,"D",0,"D",0,"D",0,"D",3308,1333,3328.35,3298.35,1332.97,1332.97,5410.69,5410.69,35364,35364,35364.01,35364.01,0,0,0,0,0,0,0,0,35364,35364,0,0,3328.35,3298.35,3328.35,3298.35,0,0,0,0,0,0,0,0,0,0,0
"03347073",1,"2015","2014",0,0.153,0.153,"1",0.25,0.25,"43","D",0,0,0,"D",0,"D",87989,"D",0,"D",3134,"D",0,"D",0,"D",0,"D",0,"D",2100,"D",211,"D",0,"D",0,"D",2732,"D",16033,0,16099.5,15999.5,0,0,13462.32,13462.32,91123,91123,0,0,0,0,0,0,0,0,0,0,91123,91123,0,0,16099.5,15999.5,16099.5,15999.5,0,0,0,0,0,0,0,0,0,0,0
"03347083",1,"2015","2014",2,0,0,"3",0,0,"0","T",0,0,0,"D",0,"D",0,"D",0,"D",3499,"D",1500,"D",0,"D",0,"D",0,"D",400,"D",347,"D",0,"D",0,"D",1500,"D",0,0,0,0,0,0,0,0,4999,4999,0,0,0,0,0,0,0,0,0,0,4999,4999,0,0,0,0,0,0,0,0,0,0,0,0,0,0,0,0,0
"03347093",1,"2015","2014",0,0,0,"1",0.15,0.15,"33","D",0.045,0.045,1,"D",1,"D",0,"D",0,"D",2982,"D",36000,"D",1608,"D",0,"D",0,"D",5000,"D",0,"D",0,"D",0,"D",0,"D",3824,458,3843.57,3813.57,461.69,456.21,0,0,40348.8,40348.8,18982.01,18982.01,0,0,0,0,0,0,0,0,40348.8,40348.8,0,0,3843.57,3813.57,3843.57,3813.57,7800,7900,0,0,0,0,0,0,0,0,0
"03347113",1,"2015","2014",1,0.153,0.153,"3",0.15,0.15,"01","D",0.0387,0.0387,0,"D",0,"D",63000,"D",0,"D",-2230,"D",0,"D",0,"D",0,"D",0,"D",1300,"D",2657,"D",0,"D",1,"D",600,"D",4886,2110,4918,4870.5,2108.78,2111.15,9639,9639,60770,60770,60770.01,60770.01,1000,1000,0,0,0,0,0,0,60770,60770,0,0,5918,5870.5,5918,5870.5,2000,2000,9376.5,9376.5,0,0,0,0,0,0,0
"03347113",2,"2015","2014",0,0.153,0.153,"1",0.1,0.1,"01","D",0.045,0.045,0,"D",0,"D",17000,"D",0,"D",0,"D",0,"D",0,"D",0,"D",0,"D",0,"D",0,"D",0,"D",0,"D",0,"D",675,576,685,670,575.75,576.5,2601,2601,17000,17000,17000.01,17000.01,0,0,0,0,0,0,0,0,17000,17000,0,0,685,670,685,670,2500,2500,1300.5,1300.5,0,0,0,0,0,0,0
"03347133",1,"2015","2014",0,0.153,0.153,"1",0.2751,0.2751,"43","D",0,0,1,"D",1,"D",25000,"D",0,"D",-1001,"D",2200,"D",20182,"D",0,"D",0,"D",2300,"D",160,"D",0,"D",0,"D",6404,"D",2380,0,2390.49,2375.49,0,0,3825,3825,32645.5,32645.5,0,0,0,0,0,0,0,0,0,0,26241.5,26241.5,0,0,2390.49,2375.49,2390.49,2375.49,0,0,0,0,0,0,0,0,0,0,0
"03347143",1,"2015","2014",0,0.153,0.153,"2",0.1488,0.1488,"05","D",0.04,0.04,0,"D",0,"D",52000,"D",11432,"D",0,"D",0,"D",0,"D",0,"D",0,"D",3000,"D",275,"D",0,"D",0,"D",18084,"D",4071,568,4090.52,4060.52,577.05,563.49,9705.1,9705.1,63432,63432,63432.01,63432.01,0,0,0,0,0,0,0,0,45348,45348,0,0,4090.52,4060.52,4090.52,4060.52,7984,8088,21359,21359,0,0,0,0,0,0,0
"03347153",1,"2015","2014",1,0.153,0.153,"3",0.2861,0.2861,"26","D",0.0554,0.0554,0,"D",0,"D",76000,"D",0,"D",4130,"D",0,"D",0,"D",0,"D",0,"D",4400,"D",424,"D",0,"D",1,"D",13364,"D",6463,2561,6539.33,6424.33,2560.68,2560.68,11628,11628,80130,80130,80130.01,80130.01,743.5,743.5,0,0,0,0,0,0,66766,66766,0,0,7282.83,7167.83,7282.83,7167.83,0,0,24002,24002,0,0,0,0,0,0,0
"03347163",1,"2015","2014",3,0.153,0.153,"3",-0.45,-0.45,"07","D",-0.1238,-0.1238,0,"D",0,"D",800,"D",0,"D",208,"D",0,"D",0,"D",0,"D",10200,"D",0,"D",0,"D",0,"D",2,"D",0,"D",-360,-99,-360,-360,-99,-99,122.4,122.4,1008,1008,1008.01,1008.01,0,0,0,0,0,0,360,360,1008,1008,0,0,0,0,0,0,0,0,0,0,0,0,0,0,99,99,0
"03347173",1,"2015","2014",1,0.029,0.029,"3",0.325,0.325,"14","D",0.0375,0.05,0,"D",0,"D",180000,"D",0,"D",0,"D",0,"D",0,"D",0,"D",0,"D",16180,"D",120,"D",0,"D",1,"D",0,"D",36927,6513,37147.5,36816,7978.5,5779.75,19728,19914,180000,180000,180000.01,180000.01,0,0,0,0,0,0,0,0,180000,180000,921.5,811.5,36226,36004.5,36226,36004.5,0,0,0,0,809,809,0,0,0,0,0
"03347193",1,"2015","2014",1,0.153,0.153,"3",0.1644,0.1644,"34","D",0.0575,0.058,0,"D",0,"D",41000,"D",0,"D",0,"D",0,"D",0,"D",0,"D",0,"D",850,"D",0,"D",2880,"D",1,"D",5076,"D",1287,1572,1318.9,1271.4,1582,1567.5,6273,6273,41000,41000,41000.01,41000.01,1000,1000,0,0,633.6,633.6,0,0,41000,41000,0,0,2952.5,2905,2952.5,2905,12000,12000,5926,5926,0,0,0,0,0,0,0
"03347193",2,"2015","2014",0,0.153,0.153,"1",0.15,0.15,"34","D",0.0575,0.058,0,"D",0,"D",45000,"D",0,"D",0,"D",0,"D",0,"D",0,"D",0,"D",0,"D",0,"D",0,"D",0,"D",0,"D",4754,2163,4773.75,4743.75,2175,2156.25,6885,6885,45000,45000,45000.01,45000.01,0,0,0,0,0,0,0,0,45000,45000,0,0,4773.75,4743.75,4773.75,4743.75,7500,7500,0,0,0,0,0,0,0,0,0
"03347233",1,"2015","2014",3,0.153,0.153,"2",0.3606,0.3606,"05","D",0,0,0,"D",0,"D",22000,"D",30000,"D",0,"D",0,"D",0,"D",0,"D",19800,"D",0,"D",1000,"D",0,"D",3,"D",0,"D",-1196,0,-1020.36,-1283.99,0,0,7956,7956,52000,52000,52000.01,52000.01,2070,1987.5,930,1012.5,0,0,90.36,271.49,52000,52000,0,0,2070,1987.5,2070,1987.5,7984,8088,1000,1000,0,0,0,0,0,0,0
"03347233",2,"2015","2014",0,0.153,0.153,"1",0.15,0.15,"05","D",0.02,0.02,0,"D",0,"D",22000,"D",0,"D",0,"D",0,"D",0,"D",0,"D",0,"D",0,"D",0,"D",0,"D",0,"D",0,"D",1304,173,1323.75,1293.75,174.67,171.63,3366,3366,22000,22000,22000.01,22000.01,0,0,0,0,0,0,0,0,22000,22000,0,0,1323.75,1293.75,1323.75,1293.75,3992,4044,0,0,0,0,0,0,0,0,0
"03347233",3,"2015","2014",0,0.153,0.153,"1",0.15,0.15,"05","D",0.02,0.02,0,"D",0,"D",20000,"D",0,"D",0,"D",0,"D",0,"D",0,"D",0,"D",0,"D",0,"D",0,"D",0,"D",0,"D",1004,133,1023.75,993.75,134.67,131.63,3060,3060,20000,20000,20000.01,20000.01,0,0,0,0,0,0,0,0,20000,20000,0,0,1023.75,993.75,1023.75,993.75,3992,4044,0,0,0,0,0,0,0,0,0
"03347243",1,"2015","2014",0,0.153,0.153,"1",0.15,0.15,"14","D",0.0375,0.05,0,"D",0,"D",21000,"D",0,"D",0,"D",0,"D",0,"D",0,"D",0,"D",0,"D",0,"D",0,"D",0,"D",852,"D",1154,786,1173.75,1143.75,943.75,706.88,3213,3213,21000,21000,21000.01,21000.01,0,0,0,0,0,0,0,0,21000,21000,0,0,1173.75,1143.75,1173.75,1143.75,0,0,0,0,0,0,0,0,0,0,0
"03347263",1,"2015","2014",0,0.153,0.153,"1",0.1,0.1,"0","T",0,0,0,"D",0,"D",15000,"D",0,"D",0,"D",0,"D",0,"D",0,"D",0,"D",1500,"D",0,"D",0,"D",0,"D",0,"D",475,0,485,470,0,0,2295,2295,15000,15000,0,0,0,0,0,0,0,0,0,0,15000,15000,0,0,485,470,485,470,0,0,0,0,0,0,0,0,0,0,0
"03347273",1,"2015","2014",2,0.038,0.038,"2",0.325,0.325,"11","D",0.06,0.06,0,"D",0,"D",135000,"D",160000,"D",-7264,"D",0,"D",0,"D",0,"D",0,"D",13200,"D",200,"D",0,"D",0,"D",51640,"D",44883,12298,45212.7,44718.7,12297.76,12297.76,37976,38348,287736,287736,287736.01,287736.01,0,0,0,0,0,0,0,0,236096,236096,3478.19,3235.69,41734.51,41483.01,41734.51,41483.01,3000,3000,65040,65040,0,0,0,0,0,0,0
"03347273",2,"2015","2014",2,0,0,"3",-0.4,-0.4,"11","D",0,0,0,"D",0,"D",0,"D",0,"D",0,"D",0,"D",0,"D",0,"D",0,"D",0,"D",0,"D",0,"D",0,"D",0,"D",0,0,0,0,0,0,0,0,0,0,0.01,0.01,0,0,0,0,0,0,0,0,0,0,0,0,0,0,0,0,2300,2300,0,0,0,0,0,0,0,0,0
"03347283",1,"2015","2014",0,0.153,0.153,"2",0.2267,0.2267,"05","D",0.093,0.093,0,"D",0,"D",54814,"D",70162,"D",0,"D",0,"D",0,"D",0,"D",0,"D",3000,"D",300,"D",0,"D",0,"D",15624,"D",14996,4620,15084.4,14951.07,4664.42,4597.71,19121.33,19121.33,124976,124976,124976.01,124976.01,0,0,0,0,0,0,0,0,109352,109352,0,0,15084.4,14951.07,15084.4,14951.07,7984,8088,18924,18924,0,0,0,0,0,0,0
"03347283",2,"2015","2014",0,0.153,0.153,"1",0.1,0.1,"05","D",0.02,0.02,0,"D",0,"D",16245,"D",0,"D",0,"D",0,"D",0,"D",0,"D",0,"D",0,"D",0,"D",0,"D",0,"D",0,"D",600,58,609.5,594.5,59.57,56.53,2485.48,2485.48,16245,16245,16245.01,16245.01,0,0,0,0,0,0,0,0,16245,16245,0,0,609.5,594.5,609.5,594.5,3992,4044,0,0,0,0,0,0,0,0,0
"03347293",1,"2015","2014",0,0,0,"1",0,0,"15","D",0.033,0.034,1,"D",1,"D",0,"D",0,"D",0,"D",8000,"D",18622,"D",0,"D",0,"D",1300,"D",2132,"D",0,"D",0,"D",6480,"D",0,100,0,0,102.8,98.6,0,0,8000,8000,8000.01,8000.01,0,0,0,0,0,0,0,0,8000,8000,0,0,0,0,0,0,0,0,0,0,0,0,0,0,0,0,0
"03347303",1,"2015","2014",0,0.153,0.153,"1",0.25,0.2384,"06","D",0.0463,0.0463,0,"D",0,"D",54283,"D",0,"D",0,"D",0,"D",0,"D",0,"D",0,"D",3220,"D",0,"D",0,"D",0,"D",1200,"D",6794,2054,6803.06,6789.5,2125.77,2018.41,8305.3,8305.3,54283,54283,0,0,0,0,0,0,0,0,0,0,53083,54283,0,0,6803.06,6789.5,6803.06,6789.5,0,0,0,0,0,0,0,0,0,0,0
"03347353",1,"2015","2014",2,0,0,"3",-0.4,-0.4,"33","D",-0.12,-0.12,0,"D",0,"D",0,"D",0,"D",0,"D",0,"D",0,"D",0,"D",0,"D",1800,"D",0,"D",0,"D",0,"D",1030,"D",0,-275,0,0,-275,-275,0,0,0,0,0.01,0.01,0,0,0,0,0,0,0,0,0,0,0,0,0,0,0,0,10950,11100,0,0,75,75,0,0,0,0,0
"03347363",1,"2015","2014",0,0,0,"1",0.2602,0.2602,"33","D",0.0706,0.0706,1,"D",1,"D",0,"D",0,"D",114751,"D",0,"D",18262,"D",0,"D",0,"D",8000,"D",3970,"D",0,"D",0,"D",500,"D",23054,6863,23133.19,23014.69,6862.85,6862.85,0,0,130273.7,130273.7,114751.01,114751.01,0,0,0,0,0,0,0,0,129773.7,129773.7,0,0,23133.19,23014.69,23133.19,23014.69,7800,7900,11550.27,11550.27,0,0,0,0,0,0,0
"03347393",1,"2015","2014",0,0.153,0.153,"1",0.25,0.25,"21","D",0.0475,0.0475,0,"D",0,"D",58023,"D",0,"D",0,"D",0,"D",0,"D",0,"D",19200,"D",0,"D",0,"D",0,"D",0,"D",0,"D",7758,2457,7824.5,7724.5,2456.59,2456.59,8877.52,8877.52,58023,58023,58023.01,58023.01,0,0,0,0,0,0,0,0,58023,58023,0,0,7824.5,7724.5,7824.5,7724.5,2000,2000,0,0,0,0,0,0,0,0,0
"03347403",1,"2015","2014",0,0.153,0.153,"2",0.2376,0.2376,"37","D",0.0499,0.0499,0,"D",0,"D",52000,"D",56000,"D",-10175,"D",0,"D",0,"D",0,"D",0,"D",2000,"D",590,"D",0,"D",0,"D",7320,"D",10639,3913,10739.07,10588.94,3912.83,3912.8,16524,16524,97825,97825,97825.01,97825.01,0,0,0,0,0,0,0,0,90505,90505,0,0,10739.07,10588.94,10739.07,10588.94,12400,12600,13818.7,13819.26,0,0,0,0,0,0,0
"03347413",1,"2015","2014",0,0.153,0.153,"1",0.1,0.1,"33","D",0.0404,0.0404,0,"D",0,"D",14910,"D",0,"D",0,"D",0,"D",0,"D",0,"D",14468,"D",0,"D",0,"D",0,"D",0,"D",0,"D",466,235,476,461,237.44,233.44,2281.23,2281.23,14910,14910,14910.01,14910.01,0,0,0,0,0,0,0,0,14910,14910,0,0,476,461,476,461,7800,7900,0,0,0,0,0,0,0,0,0
"03347413",2,"2015","2014",0,0.153,0.153,"1",0.15,0.15,"33","D",0.0657,0.0657,0,"D",0,"D",25800,"D",0,"D",0,"D",0,"D",0,"D",0,"D",0,"D",0,"D",0,"D",0,"D",0,"D",0,"D",1874,805,1893.75,1863.75,812.57,801.6,3947.4,3947.4,25800,25800,25800.01,25800.01,0,0,0,0,0,0,0,0,25800,25800,0,0,1893.75,1863.75,1893.75,1863.75,7800,7900,0,0,0,0,0,0,0,0,0
"03347423",1,"2015","2014",0,0.153,0.153,"1",0.25,0.25,"48","D",0,0,0,"D",0,"D",68000,"D",0,"D",0,"D",0,"D",0,"D",0,"D",16720,"D",0,"D",0,"D",0,"D",0,"D",0,"D",10252,0,10318.75,10218.75,0,0,10404,10404,68000,68000,0,0,0,0,0,0,0,0,0,0,68000,68000,0,0,10318.75,10218.75,10318.75,10218.75,0,0,0,0,0,0,0,0,0,0,0
"03347443",1,"2015","2014",2,0,0,"3",-0.4,-0.4,"05","D",0,0,0,"D",0,"D",0,"D",0,"D",0,"D",0,"D",0,"D",0,"D",6808,"D",0,"D",0,"D",0,"D",0,"D",0,"D",0,0,0,0,0,0,0,0,0,0,0.01,0.01,0,0,0,0,0,0,0,0,0,0,0,0,0,0,0,0,7984,8088,0,0,0,0,0,0,0,0,0
"03347473",1,"2015","2014",0,0.153,0.153,"1",0,0,"01","D",0.05,0.05,0,"D",0,"D",7000,"D",0,"D",0,"D",0,"D",0,"D",0,"D",5880,"D",0,"D",0,"D",0,"D",0,"D",240,"D",-501,110,-496,-503,110,110,1071,1071,7000,7000,7000.01,7000.01,0,0,0,0,0,0,496,503,7000,7000,0,0,0,0,0,0,2500,2500,775.5,775.5,0,0,0,0,0,0,0
"03347493",1,"2015","2014",0,0.153,0.153,"2",0,0,"21","D",0,0,2,"D",2,"D",8637,"D",0,"D",0,"D",5000,"D",37208,"D",0,"D",0,"D",3980,"D",175,"D",0,"D",0,"D",5760,"D",0,0,0,0,0,0,1321.46,1321.46,13757.5,13757.5,8637.01,8637.01,0,0,0,0,0,0,0,0,13757.5,13757.5,0,0,0,0,0,0,3000,3000,0,0,0,0,0,0,0,0,0
"03347503",1,"2015","2014",0,0,0,"1",-0.0765,-0.0765,"44","D",0,0,0,"D",0,"D",0,"D",0,"D",0,"D",0,"D",0,"D",0,"D",0,"D",1100,"D",0,"D",0,"D",0,"D",2346,"D",0,0,0,0,0,0,0,0,0,0,0,0,0,0,0,0,0,0,0,0,0,0,0,0,0,0,0,0,0,0,0,0,0,0,0,0,0,0,0
"03347633",1,"2015","2014",2,0.0638,0.0638,"2",0.325,0.35,"05","D",0.093,0.093,0,"D",0,"D",60000,"D",228786,"D",1000,"D",0,"D",0,"D",0,"D",0,"D",23180,"D",50,"D",0,"D",2,"D",44772,"D",47837,14712,48199.9,47655.05,14761.49,14686.78,30671.87,30857.87,289786,289786,289786.01,289786.01,0,0,0,0,0,0,0,0,245014,245014,7372.6,7058.33,40789.3,40558.72,40789.3,40558.72,7984,8088,68002,68002,0,0,0,0,0,0,0
"03347643",1,"2015","2014",7,0.153,0.153,"2",0.15,0.15,"44","D",0,0,0,"D",0,"D",90000,"D",0,"D",1200,"D",0,"D",0,"D",0,"D",13200,"D",0,"D",300,"D",0,"D",5,"D",0,"D",505,0,580,467.5,0,0,13770,13770,91200,91200,0,0,5000,5000,0,0,0,0,0,0,91200,91200,0,0,5580,5467.5,5580,5467.5,0,0,0,0,0,0,0,0,0,0,0
"03347643",2,"2015","2014",7,0,0,"3",-0.45,-0.45,"44","D",0,0,0,"D",0,"D",0,"D",0,"D",0,"D",0,"D",0,"D",0,"D",0,"D",0,"D",0,"D",0,"D",5,"D",0,"D",0,0,0,0,0,0,0,0,0,0,0,0,0,0,0,0,0,0,0,0,0,0,0,0,0,0,0,0,0,0,0,0,0,0,0,0,0,0,0
"03347663",1,"2015","2014",4,0.153,0.153,"3",0.3106,0.3106,"44","D",0,0,0,"D",0,"D",32836,"D",0,"D",0,"D",0,"D",0,"D",0,"D",0,"D",6000,"D",0,"D",0,"D",4,"D",0,"D",-6722,0,-6584.14,-6790.53,0,0,5023.91,5023.91,32836,32836,0,0,398.6,358.6,3601.4,3641.4,0,0,2982.74,3149.13,32836,32836,0,0,398.6,358.6,398.6,358.6,0,0,0,0,0,0,0,0,0,0,0
"03347663",2,"2015","2014",0,0.153,0.153,"1",0.15,0.15,"44","D",0,0,0,"D",0,"D",35293,"D",0,"D",0,"D",0,"D",0,"D",0,"D",0,"D",0,"D",0,"D",0,"D",0,"D",0,"D",3298,0,3317.7,3287.7,0,0,5399.83,5399.83,35293,35293,0,0,0,0,0,0,0,0,0,0,35293,35293,0,0,3317.7,3287.7,3317.7,3287.7,0,0,0,0,0,0,0,0,0,0,0
"03347673",1,"2015","2014",2,0,0,"3",0.1403,0.1403,"33","D",0.0645,0.0645,0,"D",0,"D",0,"D",0,"D",83351,"D",0,"D",0,"D",0,"D",0,"D",5000,"D",9959,"D",0,"D",0,"D",15900,"D",5025,2681,5045.54,5014.79,2688.4,2676.75,0,0,83351,83351,83351.01,83351.01,0,0,0,0,0,0,0,0,67451,67451,0,0,5045.54,5014.79,5045.54,5014.79,10950,11100,30859,30859,75,75,0,0,0,0,0
"03347683",1,"2015","2014",2,0.153,0.153,"3",-0.4,-0.4,"44","D",0,0,0,"D",0,"D",6930,"D",0,"D",0,"D",0,"D",0,"D",0,"D",9516,"D",0,"D",0,"D",0,"D",0,"D",1140,"D",-2772,0,-2772,-2772,0,0,1060.29,1060.29,6930,6930,0,0,0,0,0,0,0,0,2772,2772,6930,6930,0,0,0,0,0,0,0,0,0,0,0,0,0,0,0,0,0
"03347693",1,"2015","2014",1,0,0,"3",-0.34,-0.34,"0","T",0,0,0,"D",0,"D",0,"D",0,"D",0,"D",0,"D",5578,"D",0,"D",4200,"D",0,"D",0,"D",0,"D",1,"D",0,"D",0,0,0,0,0,0,0,0,0,0,0,0,0,0,0,0,0,0,0,0,0,0,0,0,0,0,0,0,0,0,0,0,0,0,0,0,0,0,0
"03347703",1,"2015","2014",3,0.153,0.153,"3",0.3,0.3,"39","D",0.0307,0.0307,0,"D",0,"D",81470,"D",0,"D",0,"D",0,"D",0,"D",0,"D",13200,"D",0,"D",706,"D",0,"D",2,"D",80,"D",6760,2501,6878.5,6701,2501.13,2501.13,12464.91,12464.91,81470,81470,81470.01,81470.01,1676.5,1676.5,0,0,0,0,0,0,81470,81470,0,0,8555,8377.5,8555,8377.5,0,0,0,0,0,0,0,0,0,0,0
"03347703",2,"2015","2014",0,0,0,"1",-0.0765,-0.0765,"39","D",0,0,0,"D",0,"D",0,"D",0,"D",0,"D",0,"D",17991,"D",0,"D",0,"D",0,"D",0,"D",0,"D",0,"D",0,"D",0,0,0,0,0,0,0,0,0,0,0.01,0.01,0,0,0,0,0,0,0,0,0,0,0,0,0,0,0,0,0,0,0,0,0,0,0,0,0,0,0
"03347723",1,"2015","2014",2,0.153,0.153,"2",0.268,0.2663,"36","D",0.0429,0.0491,0,"D",0,"D",100000,"D",100000,"D",-10884,"D",0,"D",0,"D",0,"D",0,"D",4000,"D",350,"D",0,"D",2,"D",8944,"D",30039,6593,30126.1,29995.99,6882.35,6448.81,30600,30600,189116,189116,189116.01,189116.01,0,0,0,0,0,0,0,0,180172,180172,0,0,30126.1,29995.99,30126.1,29995.99,0,0,0,0,0,0,0,0,0,0,0
"03347733",1,"2015","2014",3,0,0,"3",-0.45,-0.45,"18","D",0,0,0,"D",0,"D",0,"D",0,"D",0,"D",1120,"D",0,"D",0,"D",0,"D",450,"D",12,"D",0,"D",1,"D",792,"D",0,0,0,0,0,0,0,0,1120,1120,0.01,0.01,0,0,0,0,0,0,0,0,1120,1120,0,0,0,0,0,0,2400,2440,1254,1254,0,0,0,0,0,0,0
"03347813",1,"2015","2014",0,0.038,0.038,"1",0.3188,0.3188,"01","D",0.0341,0.0341,0,"D",0,"D",228786,"D",0,"D",0,"D",0,"D",0,"D",0,"D",0,"D",950,"D",0,"D",0,"D",0,"D",3988,"D",53625,7945,53805.22,53534.14,7939.61,7947.43,21401.87,21587.87,228786,228786,228786.01,228786.01,0,0,0,0,0,0,0,0,224798,224798,0,0,53805.22,53534.14,53805.22,53534.14,2000,2000,13888.5,14003.25,0,0,0,0,0,0,0
"03347813",2,"2015","2014",0,0.153,0.153,"1",0.15,0.15,"01","D",0.0387,0.0387,0,"D",0,"D",43814,"D",0,"D",0,"D",0,"D",0,"D",0,"D",0,"D",0,"D",0,"D",0,"D",0,"D",0,"D",4576,1679,4595.85,4565.85,1678.32,1679.82,6703.54,6703.54,43814,43814,43814.01,43814.01,0,0,0,0,0,0,0,0,43814,43814,0,0,4595.85,4565.85,4595.85,4565.85,2000,2000,3351.77,3351.77,0,0,0,0,0,0,0
"03347823",1,"2015","2014",0,0.153,0.153,"2",0.15,0.15,"0","T",0,0,0,"D",0,"D",24000,"D",32000,"D",-4000,"D",0,"D",0,"D",0,"D",0,"D",3000,"D",658,"D",0,"D",0,"D",10572,"D",3553,0,3573,3543,0,0,8568,8568,52000,52000,0,0,0,0,0,0,0,0,0,0,41428,41428,0,0,3573,3543,3573,3543,0,0,0,0,0,0,0,0,0,0,0
"03347883",1,"2015","2014",0,0.153,0.153,"2",0.1,0.1,"36","D",0.0297,0.0317,0,"D",0,"D",0,"D",25409,"D",0,"D",331,"D",6672,"D",0,"D",0,"D",1000,"D",1300,"D",0,"D",0,"D",0,"D",524,291,544,514,306,284.22,3887.58,3887.58,25740,25740,25740.01,25740.01,0,0,0,0,0,0,0,0,25740,25740,0,0,544,514,544,514,0,0,0,0,0,0,0,0,0,0,0
"03347903",1,"2015","2014",1,0,0,"3",0.2775,0.2775,"33","D",0.0525,0.0525,0,"D",0,"D",0,"D",0,"D",30000,"D",0,"D",19462,"D",0,"D",24000,"D",0,"D",193,"D",0,"D",0,"D",0,"D",2677,649,2708.2,2660.7,656.98,644.61,0,0,39371.35,39371.35,30000.01,30000.01,0,0,0,0,0,0,0,0,39371.35,39371.35,0,0,2708.2,2660.7,2708.2,2660.7,10950,11100,0,0,0,0,0,0,0,0,0
"03347923",1,"2015","2014",0,0.153,0.153,"2",0.25,0.25,"02","D",0,0,1,"D",0,"D",12000,"D",6000,"D",9760,"D",96696,"D",0,"D",0,"D",0,"D",6600,"D",552,"D",0,"D",0,"D",7752,"D",17025,0,17125.25,16975.25,0,0,2754,2754,124456,124456,0,0,0,0,0,0,0,0,0,0,116704,116704,0,0,17125.25,16975.25,17125.25,16975.25,0,0,0,0,0,0,0,0,0,0,0
"03347943",1,"2015","2014",0,0.153,0.153,"1",0.15,0.15,"01","D",0.0387,0.0387,0,"D",0,"D",35000,"D",0,"D",-758,"D",0,"D",0,"D",0,"D",0,"D",200,"D",230,"D",0,"D",0,"D",2000,"D",3140,1185,3160.05,3130.05,1183.72,1185.22,5355,5355,34242,34242,34242.01,34242.01,0,0,0,0,0,0,0,0,34242,34242,0,0,3160.05,3130.05,3160.05,3130.05,2000,2000,5107.5,5107.5,0,0,0,0,0,0,0
"03347963",1,"2015","2014",0,0.153,0.153,"1",0.0991,0.0991,"45","D",0.05,0.05,0,"D",0,"D",6844,"D",0,"D",5500,"D",0,"D",14626,"D",286,"D",0,"D",590,"D",388,"D",0,"D",0,"D",5320,"D",171,60,174.73,169.73,61.57,59.32,1047.13,1047.13,12344,12344,12344.01,12344.01,0,0,0,0,0,0,0,0,7024,7024,0,0,174.73,169.73,174.73,169.73,0,0,0,0,0,0,0,0,0,0,0
"03347973",1,"2015","2014",0,0,0,"1",0,0,"36","D",0,0,1,"D",1,"D",0,"D",0,"D",0,"D",0,"D",13980,"D",0,"D",4500,"D",0,"D",3,"D",0,"D",0,"D",0,"D",0,0,0,0,0,0,0,0,0,0,0.01,0.01,0,0,0,0,0,0,0,0,0,0,0,0,0,0,0,0,0,0,0,0,0,0,0,0,0,0,0
"03347993",1,"2015","2014",0,0.153,0.153,"1",0.2413,0.2408,"36","D",0.0346,0.037,0,"D",0,"D",84000,"D",0,"D",-8250,"D",0,"D",0,"D",0,"D",0,"D",4500,"D",150,"D",0,"D",0,"D",4500,"D",10947,2087,10974.18,10933.51,2178.27,2040.98,12852,12852,75750,75750,75750.01,75750.01,0,0,0,0,0,0,0,0,71250,71250,0,0,10974.18,10933.51,10974.18,10933.51,0,0,0,0,0,0,0,0,0,0,0
"03347993",2,"2015","2014",0,0.153,0.153,"1",0.25,0.25,"36","D",0.0346,0.037,0,"D",0,"D",58000,"D",0,"D",-4183,"D",0,"D",0,"D",0,"D",0,"D",0,"D",0,"D",0,"D",0,"D",0,"D",6706,1310,6773,6673,1367.19,1281,8874,8874,53817,53817,53817.01,53817.01,0,0,0,0,0,0,0,0,53817,53817,0,0,6773,6673,6773,6673,0,0,0,0,0,0,0,0,0,0,0
"03348013",1,"2015","2014",0,0,0,"1",0.15,0.15,"34","D",0.0575,0.058,1,"D",1,"D",0,"D",0,"D",36001,"D",0,"D",9000,"D",0,"D",10800,"D",0,"D",0,"D",0,"D",0,"D",0,"D",4319,1644,4338.9,4308.9,1653.06,1638.81,0,0,43651,43651,36001.01,36001.01,0,0,0,0,0,0,0,0,43651,43651,0,0,4338.9,4308.9,4338.9,4308.9,7500,7500,0,0,0,0,0,0,0,0,0
"03348033",1,"2015","2014",0,0.153,0.153,"1",0.15,0.15,"43","D",0,0,0,"D",0,"D",36000,"D",0,"D",0,"D",0,"D",0,"D",0,"D",6600,"D",0,"D",0,"D",0,"D",0,"D",0,"D",3404,0,3423.75,3393.75,0,0,5508,5508,36000,36000,0,0,0,0,0,0,0,0,0,0,36000,36000,0,0,3423.75,3393.75,3423.75,3393.75,0,0,0,0,0,0,0,0,0,0,0
"03348053",1,"2015","2014",0,0.153,0.153,"1",0.15,0.15,"36","D",0.0297,0.0317,0,"D",0,"D",42000,"D",0,"D",0,"D",0,"D",0,"D",0,"D",14400,"D",0,"D",0,"D",0,"D",0,"D",0,"D",4304,899,4323.75,4293.75,938.92,879.72,6426,6426,42000,42000,42000.01,42000.01,0,0,0,0,0,0,0,0,42000,42000,0,0,4323.75,4293.75,4323.75,4293.75,0,0,0,0,0,0,0,0,0,0,0
"03348053",2,"2015","2014",0,0.153,0.153,"1",0.15,0.15,"36","D",0.0297,0.0317,0,"D",0,"D",40000,"D",0,"D",0,"D",0,"D",0,"D",0,"D",0,"D",0,"D",0,"D",0,"D",0,"D",0,"D",4004,839,4023.75,3993.75,875.54,820.34,6120,6120,40000,40000,40000.01,40000.01,0,0,0,0,0,0,0,0,40000,40000,0,0,4023.75,3993.75,4023.75,3993.75,0,0,0,0,0,0,0,0,0,0,0
"03348063",1,"2015","2014",0,0.153,0.153,"2",0.099,0.099,"05","D",0,0,2,"D",2,"D",38156,"D",0,"D",0,"D",0,"D",0,"D",0,"D",0,"D",5200,"D",1922,"D",0,"D",0,"D",7492,"D",1495,0,1501.23,1491.23,0,0,5837.87,5837.87,38156,38156,38156.01,38156.01,0,0,0,0,0,0,0,0,30664,30664,0,0,1501.23,1491.23,1501.23,1491.23,7984,8088,14614,14614,0,0,0,0,0,0,0
"03348093",1,"2015","2014",0,0.153,0.153,"2",0.1414,0.1414,"47","D",0.0575,0.0575,0,"D",0,"D",48000,"D",49000,"D",-9590,"D",0,"D",0,"D",0,"D",0,"D",2100,"D",175,"D",0,"D",0,"D",5712,"D",9209,3945,9229.22,9199.22,3944.87,3944.87,14841,14841,87410,87410,87410.01,87410.01,0,0,0,0,0,0,0,0,81698,81698,0,0,9229.22,9199.22,9229.22,9199.22,6000,6000,7987,7987,0,0,0,0,0,0,0
"03348133",1,"2015","2014",0,0.153,0.153,"2",0.25,0.25,"23","D",0.0425,0.0425,0,"D",0,"D",0,"D",90000,"D",67951,"D",0,"D",0,"D",0,"D",0,"D",3200,"D",220,"D",0,"D",0,"D",0,"D",25992,6373,26125.25,25925.25,6372.92,6372.92,13770,13770,157951,157951,157951.01,157951.01,0,0,0,0,0,0,0,0,157951,157951,0,0,26125.25,25925.25,26125.25,25925.25,0,0,0,0,0,0,0,0,0,0,0
"03348133",2,"2015","2014",0,0.153,0.153,"1",0.15,0.15,"23","D",0.0425,0.0425,0,"D",0,"D",25000,"D",0,"D",-1250,"D",0,"D",0,"D",0,"D",0,"D",0,"D",0,"D",0,"D",0,"D",0,"D",1566,839,1586.25,1556.25,839.38,839.38,3825,3825,23750,23750,23750.01,23750.01,0,0,0,0,0,0,0,0,23750,23750,0,0,1586.25,1556.25,1586.25,1556.25,0,0,0,0,0,0,0,0,0,0,0
"03348133",3,"2015","2014",0,0.153,0.153,"1",0.1765,0.1765,"23","D",0.0646,0.0646,0,"D",0,"D",12000,"D",0,"D",0,"D",0,"D",0,"D",0,"D",0,"D",0,"D",0,"D",0,"D",0,"D",0,"D",-35,312,-13.41,-46.12,313.11,312.05,1836,1836,12000,12000,12000.01,12000.01,0,0,0,0,0,0,198.41,216.12,12000,12000,0,0,185,170,185,170,0,0,0,0,0,0,0,0,11.9,12.97,0
"03348203",1,"2015","2014",0,0.153,0.153,"1",0.15,0.15,"14","D",0.0375,0.05,0,"D",0,"D",24000,"D",0,"D",0,"D",0,"D",0,"D",0,"D",1920,"D",0,"D",150,"D",0,"D",0,"D",0,"D",1604,911,1623.75,1593.75,1093.75,819.38,3672,3672,24000,24000,24000.01,24000.01,0,0,0,0,0,0,0,0,24000,24000,0,0,1623.75,1593.75,1623.75,1593.75,0,0,0,0,0,0,0,0,0,0,0
"03348213",1,"2015","2014",2,0.153,0.153,"3",0.3106,0.3106,"33","D",0.1082,0.1082,0,"D",0,"D",26000,"D",0,"D",0,"D",0,"D",0,"D",0,"D",19200,"D",0,"D",1590,"D",0,"D",1,"D",0,"D",-4358,-963,-4234.4,-4419.79,-926.82,-981.66,3978,3978,26000,26000,26000.01,26000.01,505,475,495,525,0,0,3739.4,3894.79,26000,26000,0,0,505,475,505,475,10950,11100,0,0,0,0,0,0,1056.58,1103.2,0
"03348213",3,"2015","2014",0,0.153,0.153,"1",0.15,0.15,"33","D",0.0657,0.0657,0,"D",0,"D",25000,"D",0,"D",0,"D",0,"D",0,"D",0,"D",0,"D",0,"D",0,"D",0,"D",0,"D",0,"D",1754,753,1773.75,1743.75,760.04,749.07,3825,3825,25000,25000,25000.01,25000.01,0,0,0,0,0,0,0,0,25000,25000,0,0,1773.75,1743.75,1773.75,1743.75,7800,7900,0,0,0,0,0,0,0,0,0
"03348223",1,"2015","2014",2,0.038,0.038,"2",0.35,0.35,"23","D",0.0425,0.0425,0,"D",0,"D",331175,"D",0,"D",0,"D",0,"D",0,"D",0,"D",0,"D",3200,"D",600,"D",0,"D",2,"D",12436,"D",73572,13395,73965.65,73375.65,13394.94,13394.94,24842.65,25028.65,331175,331175,331175.01,331175.01,0,0,0,0,0,0,0,0,318739,318739,2417.25,2507.83,71548.4,70867.82,71548.4,70867.82,0,0,0,0,0,0,0,0,0,0,0
"03348243",1,"2015","2014",0,0,0,"1",-0.0765,-0.0765,"0","T",0,0,0,"D",0,"D",0,"D",0,"D",0,"D",0,"D",11062,"D",0,"D",5940,"D",0,"D",0,"D",0,"D",0,"D",0,"D",0,0,0,0,0,0,0,0,0,0,0,0,0,0,0,0,0,0,0,0,0,0,0,0,0,0,0,0,0,0,0,0,0,0,0,0,0,0,0
"03348273",1,"2015","2014",0,0.0366,0.0366,"2",0.2656,0.2655,"22","D",0.0513,0.0518,0,"D",0,"D",228786,"D",15000,"D",0,"D",0,"D",0,"D",0,"D",0,"D",6000,"D",400,"D",0,"D",0,"D",0,"D",48000,11978,48127.51,47936.47,12055.6,11939.68,23437.79,23623.79,243786,243786,243786.01,243786.01,0,0,0,0,0,0,0,0,243786,243786,0,0,48127.51,47936.47,48127.51,47936.47,0,0,0,0,0,0,0,0,0,0,0
"03348273",2,"2015","2014",0,0.153,0.153,"1",0.25,0.25,"22","D",0.0515,0.052,0,"D",0,"D",55000,"D",0,"D",0,"D",0,"D",0,"D",0,"D",0,"D",0,"D",0,"D",0,"D",0,"D",0,"D",7002,2511,7068.75,6968.75,2527.2,2502.9,8415,8415,55000,55000,55000.01,55000.01,0,0,0,0,0,0,0,0,55000,55000,0,0,7068.75,6968.75,7068.75,6968.75,0,0,0,0,0,0,0,0,0,0,0
"03348293",1,"2015","2014",0,0.153,0.153,"1",0.1,0.1,"31","D",0.014,0.014,0,"D",0,"D",18000,"D",0,"D",0,"D",0,"D",0,"D",0,"D",12000,"D",0,"D",80,"D",0,"D",0,"D",0,"D",775,88,785,770,88,88,2754,2754,18000,18000,18000.01,18000.01,0,0,0,0,0,0,0,0,18000,18000,0,0,785,770,785,770,0,0,0,0,0,0,0,0,0,0,0
"03348293",2,"2015","2014",0,0.153,0.153,"1",0.15,0.15,"31","D",0.0175,0.0175,0,"D",0,"D",24087,"D",0,"D",0,"D",0,"D",0,"D",0,"D",0,"D",0,"D",0,"D",0,"D",0,"D",0,"D",1617,334,1636.8,1606.8,334.02,334.02,3685.31,3685.31,24087,24087,24087.01,24087.01,0,0,0,0,0,0,0,0,24087,24087,0,0,1636.8,1606.8,1636.8,1606.8,0,0,0,0,0,0,0,0,0,0,0
"03348293",3,"2015","2014",0,0.153,0.153,"1",0.1,0.1,"31","D",0.014,0.014,0,"D",0,"D",19112,"D",0,"D",0,"D",0,"D",0,"D",0,"D",0,"D",0,"D",0,"D",0,"D",0,"D",0,"D",886,254,896.2,881.2,253.57,253.57,2924.14,2924.14,19112,19112,19112.01,19112.01,0,0,0,0,0,0,0,0,19112,19112,0,0,896.2,881.2,896.2,881.2,0,0,0,0,0,0,0,0,0,0,0
"03348293",4,"2015","2014",0,0.153,0.153,"1",0.15,0.15,"31","D",0.0175,0.0175,0,"D",0,"D",35000,"D",0,"D",0,"D",0,"D",0,"D",0,"D",0,"D",0,"D",0,"D",0,"D",0,"D",0,"D",3254,525,3273.75,3243.75,525,525,5355,5355,35000,35000,35000.01,35000.01,0,0,0,0,0,0,0,0,35000,35000,0,0,3273.75,3243.75,3273.75,3243.75,0,0,0,0,0,0,0,0,0,0,0
"03348303",1,"2015","2014",2,0,0,"3",-0.4,-0.4,"0","T",0,0,0,"D",0,"D",0,"D",0,"D",0,"D",0,"D",9000,"D",0,"D",7200,"D",0,"D",276,"D",0,"D",1,"D",0,"D",0,0,0,0,0,0,0,0,0,0,0,0,0,0,0,0,0,0,0,0,0,0,0,0,0,0,0,0,0,0,0,0,0,0,0,0,0,0,0
"03348343",1,"2015","2014",3,0.071,0.071,"2",0.35,0.35,"22","D",0.0515,0.052,0,"D",0,"D",276175,"D",100000,"D",12000,"D",0,"D",0,"D",0,"D",27600,"D",4000,"D",340,"D",4000,"D",3,"D",6956,"D",95096,18712,95489.65,94899.65,18833.1,18652.01,38952.65,39138.65,388175,388175,388175.01,388175.01,0,0,0,0,800,800,0,0,381219,381219,3134.43,3191.9,92699.22,92051.75,92699.22,92051.75,0,0,0,0,0,0,0,0,0,0,0
"03348353",1,"2015","2014",2,0,0,"3",-0.4,-0.4,"10","D",0,0,0,"D",0,"D",0,"D",0,"D",0,"D",0,"D",0,"D",0,"D",0,"D",750,"D",0,"D",0,"D",0,"D",11760,"D",0,0,0,0,0,0,0,0,0,0,0,0,0,0,0,0,0,0,0,0,0,0,0,0,0,0,0,0,0,0,0,0,0,0,0,0,0,0,0
"03348373",1,"2015","2014",0,0.153,0.153,"2",0.2775,0.2679,"50","D",0.0638,0.0638,1,"D",1,"D",10000,"D",6000,"D",0,"D",34000,"D",28702,"D",0,"D",0,"D",3900,"D",2376,"D",0,"D",0,"D",5972,"D",6816,1363,6857.59,6794.75,1383.09,1352.89,2448,2448,73298.35,73298.35,50000.01,50000.01,0,0,0,0,0,0,0,0,67326.35,73298.35,0,0,6857.59,6794.75,6857.59,6794.75,12373.72,12748.98,5972,5972,0,0,0,0,0,0,0
"03348383",1,"2015","2014",0,0,0,"1",0,0,"08","D",0,0,1,"D",1,"D",0,"D",0,"D",2491,"D",0,"D",21094,"D",0,"D",0,"D",2000,"D",113,"D",0,"D",0,"D",480,"D",0,0,0,0,0,0,0,0,2491,2491,491.01,491.01,0,0,0,0,0,0,0,0,2491,2491,0,0,0,0,0,0,5750,5750,2593,2593,0,0,0,0,0,0,0
"03348423",1,"2015","2014",0,0.153,0.153,"1",0.0765,0.0765,"47","D",0,0,0,"D",0,"D",9336,"D",0,"D",0,"D",0,"D",0,"D",0,"D",0,"D",500,"D",0,"D",0,"D",0,"D",0,"D",-414,0,-402.21,-419.92,0,0,1428.41,1428.41,9336,9336,9336.01,9336.01,0,0,0,0,0,0,402.21,419.92,9336,9336,0,0,0,0,0,0,3000,3000,0,0,0,0,0,0,80.44,83.98,0
"03348423",2,"2015","2014",1,0.153,0.153,"3",0.2598,0.3098,"47","D",0.0895,0.0895,0,"D",0,"D",30066,"D",0,"D",0,"D",0,"D",0,"D",0,"D",0,"D",0,"D",0,"D",0,"D",1,"D",0,"D",-1128,908,-1037.29,-1173.22,921.91,900.88,4600.1,4600.1,30066,30066,30066.01,30066.01,1000,1000,0,0,0,0,1349.69,1454.82,30066,30066,0,0,1312.4,1281.6,1312.4,1281.6,3000,3000,0,0,0,0,0,0,269.94,290.96,0
"03348463",1,"2015","2014",0,0,0,"1",0.25,0.25,"33","D",0.0645,0.0645,0,"D",0,"D",0,"D",0,"D",53411,"D",0,"D",17436,"D",0,"D",12000,"D",0,"D",0,"D",0,"D",0,"D",0,"D",10310,2604,10376.65,10276.65,2613.02,2598.81,0,0,68231.6,68231.6,53411.01,53411.01,0,0,0,0,0,0,0,0,68231.6,68231.6,0,0,10376.65,10276.65,10376.65,10276.65,7800,7900,0,0,0,0,0,0,0,0,0
"03348493",1,"2015","2014",1,0.153,0.153,"3",0.15,0.15,"02","D",0,0,0,"D",0,"D",48000,"D",0,"D",6671,"D",0,"D",0,"D",0,"D",0,"D",3500,"D",0,"D",0,"D",0,"D",11088,"D",4163,0,4179.8,4154.8,0,0,7344,7344,54671,54671,0,0,0,0,0,0,0,0,0,0,43583,43583,0,0,4179.8,4154.8,4179.8,4154.8,0,0,0,0,0,0,0,0,0,0,0
"03348503",1,"2015","2014",0,0.153,0.153,"1",0.2267,0.2267,"05","D",0.093,0.093,0,"D",0,"D",99000,"D",0,"D",0,"D",0,"D",0,"D",0,"D",0,"D",1700,"D",1454,"D",0,"D",0,"D",9948,"D",14951,5367,14995.92,14929.26,5389.31,5355.95,15147,15147,99000,99000,99000.01,99000.01,0,0,0,0,0,0,0,0,89052,89052,0,0,14995.92,14929.26,14995.92,14929.26,3992,4044,13102,13102,0,0,0,0,0,0,0
"03348523",1,"2015","2014",2,0,0,"3",-0.4,-0.4,"15","D",0,0,0,"D",0,"D",0,"D",0,"D",0,"D",0,"D",0,"D",0,"D",10800,"D",0,"D",0,"D",0,"D",0,"D",0,"D",0,0,0,0,0,0,0,0,0,0,0.01,0.01,0,0,0,0,0,0,0,0,0,0,0,0,0,0,0,0,0,0,0,0,0,0,0,0,0,0,0
"03348543",1,"2015","2014",0,0.153,0.153,"1",0.2356,0.2355,"34","D",0.0575,0.058,1,"D",1,"D",89182,"D",0,"D",-1500,"D",0,"D",21600,"D",0,"D",0,"D",2000,"D",1809,"D",0,"D",0,"D",7968,"D",17265,4482,17308.15,17242.86,4507.41,4468.56,13644.85,13644.85,106042,106042,87682.01,87682.01,0,0,0,0,0,0,0,0,98074,98074,0,0,17308.15,17242.86,17308.15,17242.86,7500,7500,9968,9968,0,0,0,0,0,0,0
"03348553",1,"2015","2014",1,0.153,0.153,"3",-0.34,-0.34,"0","T",0,0,0,"D",0,"D",7182,"D",0,"D",0,"D",0,"D",0,"D",0,"D",0,"D",250,"D",24,"D",0,"D",0,"D",0,"D",-2442,0,-2441.88,-2441.88,0,0,1098.85,1098.85,7182,7182,0,0,0,0,0,0,0,0,2441.88,2441.88,7182,7182,0,0,0,0,0,0,0,0,0,0,0,0,0,0,0,0,0
"03348573",1,"2015","2014",0,0.153,0.153,"2",0.15,0.15,"36","D",0.0331,0.0347,0,"D",0,"D",53000,"D",33069,"D",0,"D",0,"D",0,"D",0,"D",8400,"D",0,"D",0,"D",0,"D",0,"D",200,"D",8918,2281,8957.85,8897.85,2380.93,2230.87,13168.56,13168.56,86069,86069,86069.01,86069.01,0,0,0,0,0,0,0,0,86069,86069,0,0,8957.85,8897.85,8957.85,8897.85,0,0,0,0,0,0,0,0,0,0,0
"03348573",2,"2015","2014",0,0.153,0.153,"1",0.1765,0.1765,"36","D",0,0,0,"D",0,"D",10821,"D",0,"D",0,"D",0,"D",0,"D",0,"D",0,"D",0,"D",0,"D",0,"D",0,"D",0,"D",-243,0,-221.51,-254.22,0,0,1655.61,1655.61,10821,10821,10821.01,10821.01,0,0,0,0,0,0,288.61,306.32,10821,10821,0,0,67.1,52.1,67.1,52.1,0,0,0,0,0,0,0,0,0,0,0
"03348593",1,"2015","2014",2,0.153,0.153,"3",0.15,0.15,"14","D",0.0375,0.05,0,"D",0,"D",50000,"D",0,"D",12917,"D",0,"D",0,"D",0,"D",13668,"D",0,"D",0,"D",0,"D",2,"D",0,"D",3611,2354,3647.55,3592.55,2827.1,2117.51,7650,7650,62917,62917,62917.01,62917.01,2000,2000,0,0,0,0,0,0,62917,62917,0,0,5647.55,5592.55,5647.55,5592.55,0,0,0,0,0,0,0,0,0,0,0
"03348663",1,"2015","2014",1,0.153,0.153,"2",0.2856,0.2855,"34","D",0.0575,0.058,0,"D",0,"D",60000,"D",60000,"D",-5952,"D",0,"D",0,"D",0,"D",0,"D",1500,"D",639,"D",0,"D",1,"D",16808,"D",10239,5521,10339.42,10188.89,5552.92,5505.05,18360,18360,114048,114048,114048.01,114048.01,797.6,797.6,0,0,0,0,0,0,97240,97240,0,0,11137.02,10986.49,11137.02,10986.49,15000,15000,18308,18308,0,0,0,0,0,0,0
"03348673",1,"2015","2014",2,0.153,0.153,"3",0.15,0.15,"14","D",0.0375,0.05,0,"D",0,"D",60000,"D",0,"D",0,"D",0,"D",0,"D",0,"D",12960,"D",0,"D",205,"D",0,"D",2,"D",0,"D",3173,2233,3210,3155,2681.25,2008.13,9180,9180,60000,60000,60000.01,60000.01,2000,2000,0,0,0,0,0,0,60000,60000,0,0,5210,5155,5210,5155,0,0,0,0,0,0,0,0,0,0,0
"03348693",1,"2015","2014",0,0.153,0.153,"2",0.1,0.1,"18","D",0.058,0.058,0,"D",0,"D",20000,"D",16592,"D",-2000,"D",0,"D",0,"D",0,"D",0,"D",80,"D",0,"D",0,"D",0,"D",0,"D",1409,1337,1429.2,1399.2,1339.94,1335.3,5598.58,5598.58,34592,34592,34592.01,34592.01,0,0,0,0,0,0,0,0,34592,34592,0,0,1429.2,1399.2,1429.2,1399.2,2400,2440,80,80,0,0,0,0,0,0,0
"03348723",1,"2015","2014",0,0.153,0.153,"1",0.4598,0.4598,"44","D",0,0,1,"D",1,"D",38064,"D",0,"D",0,"D",0,"D",26962,"D",0,"D",0,"D",9600,"D",0,"D",0,"D",0,"D",720,"D",6396,0,6445.55,6370.55,0,0,5823.79,5823.79,57477.25,57477.25,0,0,0,0,0,0,0,0,0,0,56757.25,56757.25,0,0,6445.55,6370.55,6445.55,6370.55,0,0,0,0,0,0,0,0,0,0,0
"03348743",1,"2015","2014",1,0.153,0.153,"3",0.15,0.15,"0","T",0,0,0,"D",0,"D",28631,"D",0,"D",0,"D",17332,"D",0,"D",0,"D",0,"D",850,"D",0,"D",0,"D",1,"D",4784,"D",2665,0,2696.95,2649.45,0,0,4380.54,4380.54,45963,45963,0,0,1000,1000,0,0,0,0,0,0,45963,45963,0,0,3696.95,3649.45,3696.95,3649.45,0,0,0,0,0,0,0,0,0,0,0
"03348783",1,"2015","2014",0,0,0,"1",-0.0765,-0.0765,"23","D",0.0339,0.0339,0,"D",0,"D",0,"D",0,"D",0,"D",0,"D",5590,"D",0,"D",2340,"D",0,"D",0,"D",0,"D",0,"D",0,"D",0,-291,0,0,-290.55,-290.55,0,0,0,0,0.01,0.01,0,0,0,0,0,0,0,0,0,0,0,0,0,0,0,0,0,0,0,0,163.39,163.39,0,0,0,0,0
"03348803",1,"2015","2014",0,0.153,0.153,"1",-0.0765,-0.0765,"05","D",0,0,0,"D",0,"D",3600,"D",0,"D",0,"D",0,"D",0,"D",0,"D",6000,"D",0,"D",0,"D",0,"D",0,"D",0,"D",-275,0,-275.4,-275.4,0,0,550.8,550.8,3600,3600,3600.01,3600.01,0,0,0,0,0,0,275.4,275.4,3600,3600,0,0,0,0,0,0,3992,4044,0,0,0,0,0,0,0,0,0
"03348813",1,"2015","2014",1,0.038,0.038,"2",0.3593,0.3593,"44","D",0,0,0,"D",0,"D",228786,"D",228786,"D",0,"D",0,"D",0,"D",0,"D",0,"D",6700,"D",240,"D",0,"D",1,"D",13716,"D",121002,0,121371.79,120817.37,0,0,44153.74,44525.74,457572,457572,0,0,0,0,0,0,0,0,0,0,443856,443856,0,0,121371.79,120817.37,121371.79,120817.37,0,0,0,0,0,0,0,0,0,0,0
"03348823",1,"2015","2014",0,0,0,"1",0,0,"0","T",0,0,1,"D",1,"D",0,"D",0,"D",0,"D",0,"D",17938,"D",0,"D",0,"D",560,"D",169,"D",0,"D",0,"D",0,"D",0,0,0,0,0,0,0,0,0,0,0,0,0,0,0,0,0,0,0,0,0,0,0,0,0,0,0,0,0,0,0,0,0,0,0,0,0,0,0
"03348903",1,"2015","2014",2,0,0,"3",-0.4,-0.4,"44","D",0,0,0,"D",0,"D",0,"D",0,"D",213,"D",0,"D",0,"D",0,"D",0,"D",1300,"D",0,"D",0,"D",0,"D",4200,"D",0,0,0,0,0,0,0,0,213,213,0,0,0,0,0,0,0,0,0,0,213,213,0,0,0,0,0,0,0,0,0,0,0,0,0,0,0,0,0
"03348913",1,"2015","2014",2,0.153,0.153,"2",0,0,"34","D",0.0575,0.058,0,"D",0,"D",22507,"D",0,"D",0,"D",0,"D",0,"D",0,"D",0,"D",2000,"D",0,"D",0,"D",2,"D",0,"D",-7519,183,-7460,-7548,185.41,181.65,3443.57,3443.57,22507,22507,22507.01,22507.01,0,0,2000,2000,0,0,5460,5548,22507,22507,0,0,0,0,0,0,15000,15000,2000,2000,0,0,0,0,0,0,0
"03348913",2,"2015","2014",0,0.153,0.153,"1",0,0.0765,"34","D",0.0575,0.058,0,"D",0,"D",8122,"D",0,"D",0,"D",0,"D",0,"D",0,"D",0,"D",0,"D",0,"D",0,"D",0,"D",0,"D",-500,36,-495.08,-503,36.08,35.77,1242.67,1242.67,8122,8122,8122.01,8122.01,0,0,0,0,0,0,495.08,503,8122,8122,0,0,0,0,0,0,7500,7500,0,0,0,0,0,0,0,0,0
"03348943",1,"2015","2014",0,0.153,0.153,"1",0.225,0.225,"14","D",0.0375,0.05,1,"D",0,"D",22836,"D",0,"D",835,"D",0,"D",4662,"D",0,"D",5160,"D",0,"D",46,"D",0,"D",0,"D",200,"D",1475,872,1649.55,1387.05,1077.3,769.54,3493.91,3493.91,24172,24172,23671.01,23671.01,0,0,0,0,0,0,0,0,24172,24172,0,0,1649.55,1387.05,1649.55,1387.05,0,0,0,0,0,0,0,0,0,0,0
"03348963",1,"2015","2014",0,0.038,0.038,"1",0.35,0.35,"37","D",0.0499,0.0499,0,"D",0,"D",252010,"D",0,"D",-13800,"D",0,"D",0,"D",0,"D",0,"D",3500,"D",0,"D",0,"D",0,"D",5628,"D",54482,11179,54758.7,54343.7,11178.87,11178.87,22284.38,22470.38,238210,238210,238210.01,238210.01,0,0,0,0,0,0,0,0,232582,232582,285.22,138.72,54473.48,54204.98,54473.48,54204.98,6200,6300,20274.44,20274.44,0,0,0,0,0,0,0
"03349003",1,"2015","2014",0,0.153,0.153,"2",0.25,0.25,"10","D",0,0,0,"D",0,"D",52000,"D",65000,"D",2272,"D",0,"D",0,"D",0,"D",0,"D",1900,"D",482,"D",0,"D",0,"D",4124,"D",16322,0,16455.5,16255.5,0,0,17901,17901,119272,119272,0,0,0,0,0,0,0,0,0,0,119272,119272,0,0,16455.5,16255.5,16455.5,16255.5,0,0,0,0,0,0,0,0,0,0,0
"03349023",1,"2015","2014",0,0.153,0.153,"2",0.15,0.15,"01","D",0.0387,0.0387,0,"D",0,"D",0,"D",39461,"D",0,"D",0,"D",4800,"D",0,"D",0,"D",1700,"D",805,"D",0,"D",0,"D",0,"D",2287,1353,2326.65,2266.65,1350.53,1353.53,6037.53,6037.53,41861,41861,39461.01,39461.01,0,0,0,0,0,0,0,0,41861,41861,0,0,2326.65,2266.65,2326.65,2266.65,4000,4000,5523.77,5523.77,0,0,0,0,0,0,0
"03349033",1,"2015","2014",0,0,0,"1",0,-0.0765,"44","D",0,0,1,"D",0,"D",0,"D",0,"D",1270,"D",4200,"D",16800,"D",0,"D",0,"D",5000,"D",0,"D",0,"D",0,"D",9168,"D",0,0,0,0,0,0,0,0,5470,5470,0,0,0,0,0,0,0,0,0,0,5470,5470,0,0,0,0,0,0,0,0,0,0,0,0,0,0,0,0,0
"03349053",1,"2015","2014",0,0,0,"1",0,0,"01","D",0,0,1,"D",1,"D",0,"D",0,"D",0,"D",0,"D",16822,"D",0,"D",0,"D",0,"D",546,"D",0,"D",0,"D",600,"D",0,0,0,0,0,0,0,0,0,0,0.01,0.01,0,0,0,0,0,0,0,0,0,0,0,0,0,0,0,0,2500,2500,1146,1146,0,0,0,0,0,0,0
"03349073",1,"2015","2014",4,0,0,"3",-0.45,-0.45,"0","T",0,0,0,"D",0,"D",0,"D",0,"D",0,"D",0,"D",0,"D",0,"D",0,"D",300,"D",0,"D",0,"D",2,"D",38,"D",0,0,0,0,0,0,0,0,0,0,0,0,0,0,0,0,0,0,0,0,0,0,0,0,0,0,0,0,0,0,0,0,0,0,0,0,0,0,0
"03349083",1,"2015","2014",1,0.153,0.153,"2",0.3,0.3,"21","D",0.05,0.05,0,"D",0,"D",50000,"D",30000,"D",0,"D",48000,"D",0,"D",0,"D",21600,"D",0,"D",129,"D",0,"D",1,"D",300,"D",17408,5358,17550,17337.5,5357.5,5357.5,12240,12240,128000,128000,126800.01,126800.01,100,100,0,0,0,0,0,0,128000,128000,0,0,17650,17437.5,17650,17437.5,4000,4000,0,0,0,0,0,0,0,0,0
"03349083",2,"2015","2014",0,0.153,0.153,"1",0.15,0.15,"21","D",0.0475,0.0475,0,"D",0,"D",41641,"D",0,"D",0,"D",0,"D",0,"D",0,"D",0,"D",0,"D",0,"D",0,"D",0,"D",0,"D",4250,1678,4269.9,4239.9,1678.45,1678.45,6371.07,6371.07,41641,41641,41641.01,41641.01,0,0,0,0,0,0,0,0,41641,41641,0,0,4269.9,4239.9,4269.9,4239.9,2000,2000,0,0,0,0,0,0,0,0,0
"03349093",1,"2015","2014",2,0,0,"3",-0.4,-0.4,"28","D",-0.04,-0.04,0,"D",0,"D",0,"D",0,"D",160,"D",0,"D",0,"D",0,"D",9168,"D",0,"D",16,"D",0,"D",0,"D",1333,"D",0,0,0,0,0,0,0,0,160,160,160.01,160.01,0,0,0,0,0,0,0,0,160,160,0,0,0,0,0,0,9100,9250,0,0,0,0,0,0,0,0,0
"03349123",1,"2015","2014",2,0,0,"3",-0.4,-0.4,"39","D",0,0,0,"D",0,"D",0,"D",0,"D",360,"D",6888,"D",0,"D",0,"D",0,"D",2000,"D",0,"D",0,"D",0,"D",1440,"D",0,0,0,0,0,0,0,0,7248,7248,7248.01,7248.01,0,0,0,0,0,0,0,0,7248,7248,0,0,0,0,0,0,0,0,0,0,0,0,0,0,0,0,0
"03349143",1,"2015","2014",0,0,0,"1",0,0,"01","D",0.0369,0.0369,1,"D",1,"D",0,"D",0,"D",8996,"D",1644,"D",21432,"D",0,"D",0,"D",570,"D",1919,"D",0,"D",0,"D",4696,"D",0,68,0,0,68.2,68.2,0,0,10640,10640,10640.01,10640.01,0,0,0,0,0,0,0,0,10640,10640,0,0,0,0,0,0,2500,2500,7185,7185,0,0,0,0,0,0,0
"03349153",1,"2015","2014",2,0.153,0.153,"2",0.3106,0.3106,"11","D",0.06,0.06,0,"D",0,"D",0,"D",44000,"D",-5867,"D",0,"D",0,"D",0,"D",0,"D",1000,"D",70,"D",0,"D",2,"D",3116,"D",-2239,1044,-2098.86,-2308.99,1043.98,1043.98,6732,6732,38133,38133,38133.01,38133.01,993.3,953.3,1006.7,1046.7,0,0,1092.16,1262.29,38133,38133,0,0,993.3,953.3,993.3,953.3,3000,3000,0,0,0,0,0,0,0,0,0
"03349173",1,"2015","2014",0,0,0,"1",0,0,"24","D",0.0111,0.011,1,"D",1,"D",0,"D",0,"D",107,"D",0,"D",17446,"D",0,"D",8816,"D",0,"D",10,"D",0,"D",0,"D",0,"D",0,-1124,0,0,-1123.6,-1124.15,0,0,107,107,107.01,107.01,0,0,0,0,0,0,0,0,107,107,0,0,0,0,0,0,7750,7850,0,0,1123.6,1124.15,0,0,0,0,0
"03349183",1,"2015","2014",1,0.0488,0.0488,"2",0.4066,0.4066,"44","D",0,0,0,"D",0,"D",469961,"D",45000,"D",-3152,"D",0,"D",0,"D",0,"D",0,"D",4800,"D",270,"D",0,"D",1,"D",15840,"D",141854,0,142450.12,141555.5,0,0,37406.52,37592.52,511809,511809,0,0,0,0,0,0,0,0,0,0,495969,495969,0,0,142450.12,141555.5,142450.12,141555.5,0,0,0,0,0,0,0,0,0,0,0
"03349213",1,"2015","2014",0,0.029,0.029,"2",0.2788,0.2788,"44","D",0,0,0,"D",0,"D",228786,"D",0,"D",-18000,"D",0,"D",0,"D",0,"D",0,"D",10000,"D",220,"D",0,"D",0,"D",19980,"D",34974,0,35122.76,34899.26,0,0,21142.79,21328.79,210786,210786,0,0,0,0,0,0,0,0,0,0,190806,190806,0,0,35122.76,34899.26,35122.76,34899.26,0,0,0,0,0,0,0,0,0,0,0
"03349243",1,"2015","2014",0,0.153,0.153,"2",0.25,0.25,"05","D",0.08,0.08,0,"D",0,"D",28121,"D",0,"D",72089,"D",0,"D",1200,"D",0,"D",0,"D",2500,"D",600,"D",0,"D",0,"D",0,"D",11812,3464,11945,11745,3502.29,3444.44,4302.51,4302.51,101230,101230,100210.01,100210.01,0,0,0,0,0,0,0,0,101230,101230,0,0,11945,11745,11945,11745,7984,8088,3100,3100,0,0,0,0,0,0,0
"03349253",1,"2015","2014",1,0.153,0.153,"2",0.15,0.15,"19","D",0.034,0.034,0,"D",0,"D",4747,"D",50000,"D",0,"D",0,"D",0,"D",0,"D",0,"D",50,"D",0,"D",0,"D",0,"D",4864,"D",3622,1333,3667.05,3599.55,1343.2,1327.9,8376.29,8376.29,54747,54747,54747.01,54747.01,0,0,0,0,0,0,0,0,54747,54747,0,0,3667.05,3599.55,3667.05,3599.55,0,0,0,0,0,0,0,0,0,0,0
"03349263",1,"2015","2014",0,0.153,0.153,"2",0.15,0.15,"39","D",0.0307,0.0307,0,"D",0,"D",26672,"D",24064,"D",0,"D",0,"D",0,"D",0,"D",0,"D",4000,"D",100,"D",0,"D",0,"D",2228,"D",3618,1558,3657.9,3597.9,1557.6,1557.6,7762.61,7762.61,50736,50736,50736.01,50736.01,0,0,0,0,0,0,0,0,50736,50736,0,0,3657.9,3597.9,3657.9,3597.9,0,0,0,0,0,0,0,0,0,0,0
"03349293",1,"2015","2014",0,0.153,0.153,"1",0.0765,0.1765,"50","D",0.0703,0.0703,0,"D",0,"D",10240,"D",0,"D",15,"D",0,"D",0,"D",0,"D",0,"D",1800,"D",1026,"D",0,"D",0,"D",1697,"D",-340,-1002,-321.41,-349.62,-1002.45,-1002.45,1566.72,1566.72,10255,10255,10255.01,10255.01,0,0,0,0,0,0,331.91,349.62,10255,10255,0,0,10.5,0,10.5,0,10080,10249.92,1697,1697,1002.45,1002.45,0,0,0,0,0
"03349323",1,"2015","2014",0,0.153,0.153,"2",0.185,0.185,"17","D",0.027,0.027,2,"D",2,"D",7000,"D",0,"D",0,"D",20400,"D",41830,"D",0,"D",0,"D",3500,"D",20,"D",0,"D",0,"D",8056,"D",1410,378,1436.78,1396.78,378,378,1071,1071,37067.75,37067.75,27400.01,27400.01,0,0,0,0,0,0,0,0,37067.75,37067.75,0,0,1436.78,1396.78,1436.78,1396.78,8900,8900,0,0,0,0,0,0,0,0,0
"03349333",1,"2015","2014",3,0,0,"3",0.185,0.2775,"31","D",0.05,0.0175,1,"D",0,"D",0,"D",0,"D",24804,"D",5820,"D",13318,"D",0,"D",8400,"D",0,"D",0,"D",0,"D",1,"D",0,"D",176,-414,304.68,111.46,219.67,-730.8,0,0,37914.55,37914.55,30624.01,15624.01,1000,1000,0,0,0,0,0,0,37914.55,37914.55,0,0,1304.68,1111.46,1304.68,1111.46,0,0,0,0,0,0,0,0,0,0,0
"03349353",1,"2015","2014",1,0.153,0.153,"2",0.15,0.15,"05","D",0.04,0.04,0,"D",0,"D",28000,"D",30000,"D",0,"D",0,"D",0,"D",0,"D",16800,"D",0,"D",0,"D",0,"D",1,"D",300,"D",3110,427,3155,3087.5,441.77,420.05,8874,8874,58000,58000,58000.01,58000.01,1000,1000,0,0,0,0,0,0,58000,58000,0,0,4155,4087.5,4155,4087.5,7984,8088,300,300,0,0,0,0,0,0,0
"03349383",1,"2015","2014",0,0.153,0.153,"1",0.15,0.15,"24","D",0.0663,0.0663,0,"D",0,"D",22000,"D",0,"D",0,"D",0,"D",0,"D",0,"D",13800,"D",0,"D",0,"D",0,"D",0,"D",240,"D",1304,-967,1323.75,1293.75,-961.22,-969.25,3366,3366,22000,22000,22000.01,22000.01,0,0,0,0,0,0,0,0,22000,22000,0,0,1323.75,1293.75,1323.75,1293.75,6200,6300,0,0,1595.2,1595.2,0,0,0,0,0
"03349393",1,"2015","2014",0,0.153,0.153,"2",0.15,0.15,"50","D",0.0751,0.0751,0,"D",0,"D",68000,"D",0,"D",41,"D",0,"D",0,"D",0,"D",0,"D",4900,"D",132,"D",0,"D",0,"D",720,"D",6214,2913,6253.65,6193.65,2933.62,2903.42,10404,10404,68041,68041,68041.01,68041.01,0,0,0,0,0,0,0,0,68041,68041,0,0,6253.65,6193.65,6253.65,6193.65,8806.11,9181.38,720,720,0,0,0,0,0,0,0
"03349403",1,"2015","2014",0,0.153,0.153,"1",0.25,0.25,"44","D",0,0,0,"D",0,"D",70000,"D",0,"D",-6995,"D",0,"D",0,"D",0,"D",0,"D",1400,"D",675,"D",0,"D",0,"D",0,"D",9003,0,9070,8970,0,0,10710,10710,63005,63005,0,0,0,0,0,0,0,0,0,0,63005,63005,0,0,9070,8970,9070,8970,0,0,0,0,0,0,0,0,0,0,0
"03349423",1,"2015","2014",2,0.153,0.153,"2",0.3106,0.3106,"05","D",0,0,0,"D",0,"D",0,"D",41000,"D",0,"D",0,"D",0,"D",0,"D",0,"D",4000,"D",438,"D",0,"D",2,"D",3420,"D",-2584,0,-2443.96,-2654.09,0,0,6273,6273,41000,41000,41000.01,41000.01,1280,1240,720,760,0,0,1723.96,1894.09,41000,41000,0,0,1280,1240,1280,1240,7984,8088,7858,7858,0,0,0,0,0,0,0
"03349463",1,"2015","2014",0,0,0,"1",0,0,"28","D",0,0,1,"D",1,"D",0,"D",0,"D",0,"D",200,"D",15876,"D",0,"D",0,"D",2590,"D",35,"D",0,"D",0,"D",0,"D",0,0,0,0,0,0,0,0,200,200,200.01,200.01,0,0,0,0,0,0,0,0,200,200,0,0,0,0,0,0,7750,7850,0,0,0,0,0,0,0,0,0
"03349473",1,"2015","2014",0,0.153,0.153,"1",0.15,0.15,"11","D",0.06,0.06,0,"D",0,"D",24000,"D",0,"D",0,"D",0,"D",0,"D",0,"D",11640,"D",0,"D",0,"D",0,"D",0,"D",0,"D",1604,950,1623.75,1593.75,950,950,3672,3672,24000,24000,24000.01,24000.01,0,0,0,0,0,0,0,0,24000,24000,0,0,1623.75,1593.75,1623.75,1593.75,2300,2300,0,0,0,0,0,0,0,0,0
"03349493",1,"2015","2014",4,0.153,0.153,"3",0.2106,0.2106,"36","D",0,0,0,"D",0,"D",24591,"D",0,"D",0,"D",0,"D",0,"D",0,"D",7944,"D",0,"D",0,"D",0,"D",2,"D",0,"D",-6830,0,-6719.13,-6885.53,0,0,3762.42,3762.42,24591,24591,24591.01,24591.01,0,0,2000,2000,0,0,4719.13,4885.53,24591,24591,0,0,0,0,0,0,0,0,0,0,0,0,0,0,471.91,488.55,0
"03349503",1,"2015","2014",3,0.153,0.153,"3",0.3106,0.3106,"23","D",0.0761,0.0761,0,"D",0,"D",33000,"D",0,"D",0,"D",0,"D",0,"D",0,"D",7680,"D",0,"D",0,"D",0,"D",0,"D",0,"D",-2272,310,-2138.2,-2339.59,317.03,307.05,5049,5049,33000,33000,33000.01,33000.01,0,0,0,0,0,0,2948.2,3114.59,33000,33000,0,0,810,775,810,775,0,0,0,0,228.58,228.58,0,0,176.89,186.88,0
"03349523",1,"2015","2014",0,0.153,0.153,"1",0.15,0.15,"05","D",0.06,0.06,0,"D",0,"D",42000,"D",0,"D",0,"D",0,"D",0,"D",0,"D",12000,"D",0,"D",0,"D",0,"D",0,"D",2000,"D",4304,1136,4323.75,4293.75,1147.62,1130.19,6426,6426,42000,42000,42000.01,42000.01,0,0,0,0,0,0,0,0,42000,42000,0,0,4323.75,4293.75,4323.75,4293.75,3992,4044,2000,2000,0,0,0,0,0,0,0
"03349563",1,"2015","2014",0,0.153,0.153,"1",0,0,"05","D",0,0,1,"D",1,"D",10000,"D",0,"D",0,"D",0,"D",17050,"D",0,"D",0,"D",250,"D",0,"D",0,"D",0,"D",0,"D",0,0,0,0,0,0,1530,1530,10000,10000,10000.01,10000.01,0,0,0,0,0,0,0,0,10000,10000,0,0,0,0,0,0,3992,4044,250,250,0,0,0,0,0,0,0
"03349583",1,"2015","2014",2,0.153,0.153,"2",0.3106,0.3106,"05","D",0,0,0,"D",0,"D",38000,"D",0,"D",0,"D",0,"D",0,"D",0,"D",10800,"D",0,"D",0,"D",0,"D",2,"D",0,"D",-3516,0,-3375.76,-3585.89,0,0,5814,5814,38000,38000,38000.01,38000.01,980,940,1020,1060,0,0,2355.76,2525.89,38000,38000,0,0,980,940,980,940,7984,8088,0,0,0,0,0,0,0,0,0
"03349593",1,"2015","2014",2,0,0,"3",-0.4,-0.4,"10","D",0,0,0,"D",0,"D",0,"D",0,"D",0,"D",0,"D",0,"D",0,"D",0,"D",2900,"D",0,"D",0,"D",0,"D",0,"D",0,0,0,0,0,0,0,0,0,0,0,0,0,0,0,0,0,0,0,0,0,0,0,0,0,0,0,0,0,0,0,0,0,0,0,0,0,0,0
"03349603",1,"2015","2014",0,0.153,0.153,"1",0,0,"33","D",0,0,1,"D",1,"D",3875,"D",0,"D",1680,"D",0,"D",15070,"D",0,"D",0,"D",8800,"D",5727,"D",0,"D",0,"D",7492,"D",0,0,0,0,0,0,592.87,592.87,5555,5555,5555.01,5555.01,0,0,0,0,0,0,0,0,5555,5555,0,0,0,0,0,0,7800,7900,0,0,0,0,0,0,0,0,0
"03349633",1,"2015","2014",1,0.153,0.153,"2",0.15,0.15,"44","D",0,0,0,"D",0,"D",45000,"D",0,"D",0,"D",0,"D",0,"D",0,"D",7200,"D",0,"D",50,"D",0,"D",1,"D",0,"D",1160,0,1205,1137.5,0,0,6885,6885,45000,45000,0,0,1000,1000,0,0,0,0,0,0,45000,45000,0,0,2205,2137.5,2205,2137.5,0,0,0,0,0,0,0,0,0,0,0
"03349683",1,"2015","2014",0,0.153,0.153,"2",0.2332,0.2332,"07","D",0.067,0.067,0,"D",0,"D",43760,"D",1,"D",72191,"D",0,"D",0,"D",0,"D",0,"D",8500,"D",200,"D",0,"D",0,"D",0,"D",15087,5453,15187.3,15037.3,5452.78,5452.78,6695.43,6695.43,115952,115952,115952.01,115952.01,0,0,0,0,0,0,0,0,115952,115952,0,0,15187.3,15037.3,15187.3,15037.3,0,0,0,0,0,0,0,0,0,0,0
"03349693",1,"2015","2014",0,0.153,0.153,"1",0.25,0.25,"10","D",0,0,0,"D",0,"D",50000,"D",0,"D",0,"D",0,"D",0,"D",0,"D",0,"D",100,"D",0,"D",0,"D",0,"D",0,"D",5752,0,5818.75,5718.75,0,0,7650,7650,50000,50000,0,0,0,0,0,0,0,0,0,0,50000,50000,0,0,5818.75,5718.75,5818.75,5718.75,0,0,0,0,0,0,0,0,0,0,0
"03349713",1,"2015","2014",3,0,0,"3",0.15,0.15,"44","D",0,0,0,"D",0,"D",0,"D",0,"D",41074,"D",0,"D",0,"D",0,"D",0,"D",0,"D",0,"D",0,"D",1,"D",9060,"D",737,0,778.6,716.1,0,0,0,0,41074,41074,0,0,1000,1000,0,0,0,0,0,0,41074,41074,0,0,1778.6,1716.1,1778.6,1716.1,0,0,0,0,0,0,0,0,0,0,0
"03349723",1,"2015","2014",3,0.153,0.153,"3",-0.15,-0.15,"25","D",0.05,0.05,0,"D",0,"D",12000,"D",0,"D",17040,"D",0,"D",0,"D",0,"D",4036,"D",0,"D",0,"D",0,"D",3,"D",0,"D",-1350,507,-1350,-1350,507,507,1836,1836,29040,29040,29040.01,29040.01,414,379,1350,1350,0,0,0,0,29040,29040,0,0,414,379,414,379,3400,3400,0,0,0,0,0,0,0,0,0
"03349783",1,"2015","2014",2,0.153,0.153,"3",0.2106,0.2106,"11","D",0.05,0.05,0,"D",0,"D",20000,"D",0,"D",0,"D",0,"D",0,"D",0,"D",3912,"D",0,"D",0,"D",0,"D",2,"D",120,"D",-7107,290,-7003,-7158.39,290,290,3060,3060,20000,20000,20000.01,20000.01,0,0,2000,2000,0,0,5003,5158.39,20000,20000,0,0,0,0,0,0,2300,2300,0,0,0,0,0,0,0,0,0
"03349793",1,"2015","2014",2,0,0,"3",-0.4,-0.4,"19","D",-0.014,-0.014,0,"D",0,"D",0,"D",0,"D",0,"D",0,"D",0,"D",0,"D",0,"D",360,"D",0,"D",0,"D",0,"D",1932,"D",0,0,0,0,0,0,0,0,0,0,0.01,0.01,0,0,0,0,0,0,0,0,0,0,0,0,0,0,0,0,0,0,0,0,0,0,0,0,0,0,0
"03349803",1,"2015","2014",0,0.153,0.153,"2",0.25,0.25,"28","D",0.0684,0.0684,0,"D",0,"D",23982,"D",85000,"D",-5188,"D",0,"D",0,"D",0,"D",0,"D",4000,"D",1501,"D",0,"D",0,"D",0,"D",12453,4301,12586,12386,4330.95,4286.64,16674.25,16674.25,103794,103794,103794.01,103794.01,0,0,0,0,0,0,0,0,103794,103794,0,0,12586,12386,12586,12386,12400,12600,0,0,0,0,0,0,0,0,0
"03349823",1,"2015","2014",1,0.153,0.153,"2",0.2598,0.2598,"50","D",0.0653,0.0653,0,"D",0,"D",25600,"D",15000,"D",-138,"D",0,"D",0,"D",0,"D",0,"D",3500,"D",335,"D",0,"D",0,"D",2640,"D",986,348,1087.13,935.81,368.67,337.55,6211.8,6211.8,40462,40462,40462.01,40462.01,0,0,0,0,0,0,534.07,650.39,40462,40462,0,0,1621.2,1586.2,1621.2,1586.2,14259.86,14635.12,2640,2640,0,0,0,0,21.36,26.02,0
"03349863",1,"2015","2014",0,0,0,"1",0,0,"10","D",0,0,1,"D",1,"D",0,"D",0,"D",78,"D",1600,"D",18300,"D",0,"D",43356,"D",0,"D",0,"D",0,"D",0,"D",0,"D",0,0,0,0,0,0,0,0,1678,1678,0,0,0,0,0,0,0,0,0,0,1678,1678,0,0,0,0,0,0,0,0,0,0,0,0,0,0,0,0,0
"03349873",1,"2015","2014",1,0.0311,0.0311,"2",0.325,0.325,"14","D",0.0375,0.05,0,"D",0,"D",4000,"D",228786,"D",0,"D",0,"D",0,"D",0,"D",0,"D",11000,"D",75,"D",0,"D",1,"D",0,"D",43808,8882,44136.95,43642.95,10770.55,7937.6,21754.79,21940.79,232786,232786,232786.01,232786.01,0,0,0,0,0,0,0,0,232786,232786,1144.62,94.9,42992.33,43548.05,42992.33,43548.05,0,0,0,0,550,550,0,0,0,0,0
"03349883",1,"2015","2014",1,0.153,0.153,"2",0.1365,0.1365,"38","D",0.09,0.09,0,"D",0,"D",3500,"D",100000,"D",467,"D",0,"D",0,"D",0,"D",0,"D",3300,"D",2504,"D",0,"D",1,"D",6468,"D",9050,6629,9072.34,9038.74,6646.05,6620.05,15835.5,15835.5,103967,103967,103967.01,103967.01,1000,1000,0,0,0,0,0,0,97499,97499,0,0,10072.34,10038.74,10072.34,10038.74,4231.2,4289.91,12272,12272,0,0,0,0,0,0,0
"03349903",1,"2015","2014",1,0.153,0.153,"2",0.2355,0.2355,"18","D",0.058,0.058,0,"D",0,"D",62000,"D",42000,"D",0,"D",0,"D",0,"D",0,"D",0,"D",2200,"D",200,"D",0,"D",1,"D",7460,"D",9911,5062,10019.47,9856.97,5062.12,5062.12,15912,15912,104000,104000,104000.01,104000.01,1000,1000,0,0,0,0,0,0,96540,96540,0,0,11019.47,10856.97,11019.47,10856.97,2400,2440,9860,9860,0,0,0,0,0,0,0
"03349913",1,"2015","2014",0,0.153,0.153,"1",0.25,0.25,"14","D",0.0375,0.05,0,"D",0,"D",60000,"D",0,"D",-2800,"D",0,"D",0,"D",0,"D",10200,"D",0,"D",0,"D",0,"D",0,"D",0,"D",7552,2294,7618.75,7518.75,2753.75,2064.38,9180,9180,57200,57200,57200.01,57200.01,0,0,0,0,0,0,0,0,57200,57200,0,0,7618.75,7518.75,7618.75,7518.75,0,0,0,0,0,0,0,0,0,0,0
"03349923",1,"2015","2014",0,0,0,"1",0.1,0.1,"14","D",0,0,1,"D",1,"D",0,"D",0,"D",2724,"D",17897,"D",8096,"D",0,"D",43356,"D",0,"D",10,"D",0,"D",0,"D",0,"D",882,0,892.1,877.1,0,0,0,0,20621,20621,2724.01,2724.01,0,0,0,0,0,0,0,0,20621,20621,0,0,892.1,877.1,892.1,877.1,0,0,0,0,0,0,0,0,0,0,0
"03349953",1,"2015","2014",0,0.153,0.153,"1",0.25,0.25,"03","D",0.0336,0.0336,0,"D",0,"D",53122,"D",0,"D",0,"D",0,"D",0,"D",0,"D",19800,"D",0,"D",180,"D",0,"D",0,"D",0,"D",6533,1394,6599.25,6499.25,1397.04,1391.85,8127.67,8127.67,53122,53122,53122.01,53122.01,0,0,0,0,0,0,0,0,53122,53122,0,0,6599.25,6499.25,6599.25,6499.25,5009,5091,1577.04,1571.85,0,0,0,0,0,0,0
"03350073",1,"2015","2014",2,0.153,0.153,"2",0.2106,0.2106,"41","D",0,0,0,"D",0,"D",24000,"D",0,"D",0,"D",0,"D",0,"D",0,"D",7200,"D",0,"D",0,"D",0,"D",2,"D",0,"D",-7418,0,-7304.16,-7474.29,0,0,3672,3672,24000,24000,0,0,0,0,2000,2000,0,0,5304.16,5474.29,24000,24000,0,0,0,0,0,0,0,0,0,0,0,0,0,0,0,0,0
"03350083",1,"2015","2014",0,0,0,"1",0,0,"14","D",0,0,1,"D",1,"D",0,"D",0,"D",0,"D",0,"D",10342,"D",0,"D",2304,"D",0,"D",0,"D",0,"D",0,"D",0,"D",0,0,0,0,0,0,0,0,0,0,0.01,0.01,0,0,0,0,0,0,0,0,0,0,0,0,0,0,0,0,0,0,0,0,0,0,0,0,0,0,0
"03350113",1,"2015","2014",2,0.153,0.153,"2",0,0,"39","D",0,0,0,"D",0,"D",17904,"D",0,"D",0,"D",0,"D",0,"D",0,"D",0,"D",450,"D",0,"D",0,"D",1,"D",0,"D",-6519,0,-6460,-6548,0,0,2739.31,2739.31,17904,17904,17904.01,17904.01,0,0,1000,1000,0,0,5460,5548,17904,17904,0,0,0,0,0,0,0,0,0,0,0,0,0,0,0,0,0
"03350113",2,"2015","2014",0,0.153,0.153,"1",0,0,"39","D",0.0827,0.0827,0,"D",0,"D",6618,"D",0,"D",0,"D",0,"D",0,"D",0,"D",0,"D",0,"D",0,"D",0,"D",0,"D",0,"D",-501,10,-496,-503,9.59,9.59,1012.55,1012.55,6618,6618,6618.01,6618.01,0,0,0,0,0,0,496,503,6618,6618,0,0,0,0,0,0,0,0,0,0,0,0,0,0,0,0,0
"03350193",1,"2015","2014",0,0,0,"1",0,0,"0","T",0,0,1,"D",1,"D",0,"D",0,"D",0,"D",0,"D",7762,"D",0,"D",2004,"D",0,"D",7,"D",0,"D",0,"D",0,"D",0,0,0,0,0,0,0,0,0,0,0,0,0,0,0,0,0,0,0,0,0,0,0,0,0,0,0,0,0,0,0,0,0,0,0,0,0,0,0
"03350253",1,"2015","2014",1,0.153,0.153,"2",0.15,0.15,"33","D",0.0645,0.0645,0,"D",0,"D",95000,"D",0,"D",0,"D",0,"D",0,"D",0,"D",21660,"D",0,"D",60,"D",0,"D",0,"D",0,"D",9660,4277,9705,9637.5,4295.8,4267.37,14535,14535,95000,95000,95000.01,95000.01,0,0,0,0,0,0,0,0,95000,95000,0,0,9705,9637.5,9705,9637.5,15650,15850,0,0,0,0,0,0,0,0,0
"03350293",1,"2015","2014",2,0.153,0.153,"2",0.15,0.15,"0","T",0,0,0,"D",0,"D",0,"D",64000,"D",0,"D",0,"D",0,"D",0,"D",0,"D",1800,"D",428,"D",0,"D",2,"D",8532,"D",2413,0,2462.5,2387.5,0,0,9792,9792,64000,64000,0,0,2000,2000,0,0,0,0,0,0,64000,64000,0,0,4462.5,4387.5,4462.5,4387.5,0,0,0,0,0,0,0,0,0,0,0
"03350303",1,"2015","2014",0,0.038,0.038,"2",0.3808,0.3808,"33","D",0.0685,0.0685,0,"D",0,"D",312418,"D",258660,"D",24000,"D",0,"D",0,"D",0,"D",0,"D",5000,"D",0,"D",0,"D",0,"D",12008,"D",163716,39682,164308.59,163419.4,39690.82,39677.12,48466.96,48838.96,595078,595078,595078.01,595078.01,0,0,0,0,0,0,0,0,583070,583070,0,0,163396.59,162507.4,163396.59,162507.4,15650,15850,7199,7220.51,0,0,0,0,0,0,0
"03350313",1,"2015","2014",0,0.153,0.153,"2",0.1444,0.1425,"14","D",0.0375,0.05,0,"D",0,"D",68000,"D",0,"D",-3360,"D",600,"D",0,"D",0,"D",0,"D",10000,"D",546,"D",0,"D",0,"D",612,"D",5698,2015,5641.87,5725.39,2519.5,1762.75,10404,10404,65240,65240,64640.01,64640.01,0,0,0,0,0,0,0,0,64628,64628,0,0,5641.88,5725.39,5641.87,5725.39,0,0,0,0,500,500,0,0,0,0,0
"03350313",2,"2015","2014",0,0.153,0.153,"1",0.15,0.15,"14","D",0.0375,0.05,0,"D",0,"D",24970,"D",0,"D",0,"D",0,"D",0,"D",0,"D",0,"D",0,"D",0,"D",0,"D",0,"D",0,"D",1749,951,1769.25,1739.25,1142.25,855.75,3820.41,3820.41,24970,24970,24970.01,24970.01,0,0,0,0,0,0,0,0,24970,24970,0,0,1769.25,1739.25,1769.25,1739.25,0,0,0,0,0,0,0,0,0,0,0
"03350313",3,"2015","2014",0,0.153,0.153,"1",0.15,0.15,"14","D",0.0375,0.05,0,"D",0,"D",20000,"D",0,"D",0,"D",0,"D",0,"D",0,"D",0,"D",0,"D",0,"D",0,"D",0,"D",0,"D",1004,744,1023.75,993.75,893.75,669.38,3060,3060,20000,20000,20000.01,20000.01,0,0,0,0,0,0,0,0,20000,20000,0,0,1023.75,993.75,1023.75,993.75,0,0,0,0,0,0,0,0,0,0,0
"03350313",4,"2015","2014",1,0,0,"3",-0.34,-0.34,"14","D",-0.034,-0.034,0,"D",0,"D",0,"D",0,"D",0,"D",0,"D",0,"D",0,"D",0,"D",0,"D",0,"D",0,"D",0,"D",0,"D",0,0,0,0,0,0,0,0,0,0,0.01,0.01,0,0,0,0,0,0,0,0,0,0,0,0,0,0,0,0,0,0,0,0,0,0,0,0,0,0,0
"03350343",1,"2015","2014",0,0,0,"1",0,0,"39","D",0,0,1,"D",1,"D",0,"D",0,"D",0,"D",0,"D",17266,"D",0,"D",3288,"D",0,"D",86,"D",0,"D",0,"D",672,"D",0,0,0,0,0,0,0,0,0,0,0.01,0.01,0,0,0,0,0,0,0,0,0,0,0,0,0,0,0,0,0,0,0,0,0,0,0,0,0,0,0
"03350373",1,"2015","2014",0,0,0,"1",0,0,"36","D",0,0,1,"D",1,"D",0,"D",0,"D",0,"D",560,"D",17662,"D",0,"D",6480,"D",0,"D",663,"D",0,"D",0,"D",240,"D",0,0,0,0,0,0,0,0,560,560,560.01,560.01,0,0,0,0,0,0,0,0,560,560,0,0,0,0,0,0,0,0,0,0,0,0,0,0,0,0,0
"03350393",1,"2015","2014",1,0.153,0.153,"2",0.15,0.15,"0","T",0,0,0,"D",0,"D",60086,"D",8364,"D",0,"D",0,"D",0,"D",0,"D",0,"D",2860,"D",80,"D",0,"D",1,"D",0,"D",4678,0,4722.5,4655,0,0,10472.85,10472.85,68450,68450,0,0,1000,1000,0,0,0,0,0,0,68450,68450,0,0,5722.5,5655,5722.5,5655,0,0,0,0,0,0,0,0,0,0,0
"03350433",1,"2015","2014",2,0,0,"3",-0.4,-0.4,"10","D",0,0,0,"D",0,"D",0,"D",0,"D",0,"D",0,"D",0,"D",0,"D",0,"D",3000,"D",0,"D",0,"D",0,"D",0,"D",0,0,0,0,0,0,0,0,0,0,0,0,0,0,0,0,0,0,0,0,0,0,0,0,0,0,0,0,0,0,0,0,0,0,0,0,0,0,0
"03350473",1,"2015","2014",0,0,0,"1",0,0,"36","D",0,0,1,"D",1,"D",0,"D",0,"D",0,"D",0,"D",21670,"D",0,"D",0,"D",1200,"D",0,"D",0,"D",0,"D",0,"D",0,0,0,0,0,0,0,0,0,0,0.01,0.01,0,0,0,0,0,0,0,0,0,0,0,0,0,0,0,0,0,0,0,0,0,0,0,0,0,0,0
"03350503",1,"2015","2014",0,0.153,0.153,"2",0,0,"10","D",0,0,2,"D",2,"D",0,"D",12000,"D",0,"D",297,"D",26480,"D",0,"D",0,"D",2000,"D",0,"D",0,"D",0,"D",2940,"D",0,0,0,0,0,0,1836,1836,12297,12297,0,0,0,0,0,0,0,0,0,0,12297,12297,0,0,0,0,0,0,0,0,0,0,0,0,0,0,0,0,0
"03350503",2,"2015","2014",0,0.153,0.153,"1",0.15,0.15,"10","D",0,0,0,"D",0,"D",43780,"D",0,"D",0,"D",0,"D",0,"D",0,"D",0,"D",0,"D",0,"D",0,"D",0,"D",0,"D",4571,0,4590.75,4560.75,0,0,6698.34,6698.34,43780,43780,0,0,0,0,0,0,0,0,0,0,43780,43780,0,0,4590.75,4560.75,4590.75,4560.75,0,0,0,0,0,0,0,0,0,0,0
"03350523",1,"2015","2014",0,0,0,"1",0,0,"44","D",0,0,1,"D",1,"D",0,"D",0,"D",0,"D",0,"D",1548,"D",0,"D",1784,"D",0,"D",60,"D",0,"D",0,"D",120,"D",0,0,0,0,0,0,0,0,0,0,0,0,0,0,0,0,0,0,0,0,0,0,0,0,0,0,0,0,0,0,0,0,0,0,0,0,0,0,0
"03350533",1,"2015","2014",0,0.153,0.153,"1",0.15,0.15,"19","D",0.034,0.034,0,"D",0,"D",24494,"D",0,"D",0,"D",0,"D",0,"D",0,"D",6240,"D",0,"D",99,"D",0,"D",0,"D",0,"D",1678,583,1697.85,1667.85,581.85,583.05,3747.58,3747.58,24494,24494,24494.01,24494.01,0,0,0,0,0,0,0,0,24494,24494,0,0,1697.85,1667.85,1697.85,1667.85,0,0,0,0,0,0,0,0,0,0,0
"03350544",1,"2015","2014",1,0.153,0.153,"2",0.3897,0.3897,"10","D",0,0,0,"D",0,"D",0,"D",25000,"D",-300,"D",0,"D",15862,"D",0,"D",0,"D",200,"D",900,"D",0,"D",0,"D",480,"D",-3049,0,-2947.92,-3099.24,0,0,3825,3825,25015.5,25015.5,0,0,0,0,0,0,0,0,3024.47,3140.79,25015.5,25015.5,0,0,76.55,41.55,76.55,41.55,0,0,0,0,0,0,0,0,0,0,0
"03350553",1,"2015","2014",1,0.153,0.153,"2",0.15,0.15,"41","D",0.07,0.07,0,"D",0,"D",54691,"D",0,"D",0,"D",0,"D",0,"D",0,"D",0,"D",1200,"D",1700,"D",0,"D",1,"D",6000,"D",2614,1625,2658.65,2591.15,1641.27,1616.77,8367.72,8367.72,54691,54691,30441.01,30091.01,1000,1000,0,0,0,0,0,0,54691,54691,0,0,3658.65,3591.15,3658.65,3591.15,0,0,0,0,0,0,0,0,0,0,0
"03350573",1,"2015","2014",1,0,0,"3",-0.34,-0.34,"14","D",-0.034,-0.034,0,"D",0,"D",0,"D",0,"D",0,"D",0,"D",20088,"D",0,"D",0,"D",250,"D",0,"D",0,"D",0,"D",0,"D",0,0,0,0,0,0,0,0,0,0,0.01,0.01,0,0,0,0,0,0,0,0,0,0,0,0,0,0,0,0,0,0,0,0,0,0,0,0,0,0,0
"03350593",1,"2015","2014",2,0,0,"3",-0.4,-0.4,"34","D",0,0,0,"D",0,"D",0,"D",0,"D",0,"D",0,"D",0,"D",0,"D",0,"D",800,"D",0,"D",0,"D",0,"D",300,"D",0,0,0,0,0,0,0,0,0,0,0.01,0.01,0,0,0,0,0,0,0,0,0,0,0,0,0,0,0,0,12000,12000,1100,1100,0,0,0,0,0,0,0
"03350603",1,"2015","2014",0,0.0742,0.0742,"2",0.2548,0.2548,"38","D",0.09,0.09,0,"D",0,"D",150000,"D",85900,"D",0,"D",0,"D",0,"D",0,"D",27600,"D",0,"D",0,"D",0,"D",0,"D",0,"D",45393,19802,45538.33,45321.07,19816.69,19794.41,32000.7,32186.7,235900,235900,235900.01,235900.01,0,0,0,0,0,0,0,0,235900,235900,0,0,45538.33,45321.07,45538.33,45321.07,4231.2,4289.91,0,0,0,0,0,0,0,0,0
"03350673",1,"2015","2014",0,0,0,"1",0,0,"15","D",0,0,1,"D",1,"D",0,"D",0,"D",810,"D",983,"D",0,"D",0,"D",0,"D",0,"D",0,"D",0,"D",0,"D",1668,"D",0,-50,0,0,-50,-50,0,0,1793,1793,1793.01,1793.01,0,0,0,0,0,0,0,0,1793,1793,0,0,0,0,0,0,0,0,0,0,0,0,0,0,0,0,0
"03350683",1,"2015","2014",1,0.153,0.153,"3",0.2592,0.2592,"33","D",0.0929,0.0929,0,"D",0,"D",26000,"D",0,"D",0,"D",0,"D",0,"D",0,"D",0,"D",10900,"D",0,"D",0,"D",0,"D",1200,"D",-1502,-204,-1425.69,-1540.83,-181.58,-214.59,3978,3978,26000,26000,26000.01,26000.01,0,0,0,0,0,0,1999.43,2104.57,24800,24800,0,0,573.74,563.74,573.74,563.74,10950,11100,12100,12100,0,0,0,0,543.88,575.42,0
"03350683",2,"2015","2014",0,0.153,0.153,"1",0.25,0.25,"33","D",0.0665,0.0665,0,"D",0,"D",95000,"D",0,"D",0,"D",0,"D",0,"D",0,"D",0,"D",0,"D",0,"D",0,"D",0,"D",0,"D",17002,5302,17068.75,16968.75,5314.29,5296.2,14535,14535,95000,95000,95000.01,95000.01,0,0,0,0,0,0,0,0,95000,95000,0,0,17068.75,16968.75,17068.75,16968.75,7800,7900,0,0,0,0,0,0,0,0,0
"03350683",3,"2015","2014",0,0.153,0.153,"1",0.15,0.15,"33","D",0.0645,0.0645,0,"D",0,"D",46953,"D",0,"D",0,"D",0,"D",0,"D",0,"D",0,"D",0,"D",0,"D",0,"D",0,"D",0,"D",5047,2187,5066.7,5036.7,2196.48,2182.26,7183.81,7183.81,46953,46953,46953.01,46953.01,0,0,0,0,0,0,0,0,46953,46953,0,0,5066.7,5036.7,5066.7,5036.7,7800,7900,0,0,0,0,0,0,0,0,0
"03350703",1,"2015","2014",0,0.153,0.153,"2",0,0,"36","D",0.0198,0.0211,2,"D",2,"D",17000,"D",0,"D",0,"D",0,"D",27742,"D",0,"D",0,"D",1100,"D",100,"D",0,"D",0,"D",0,"D",0,33,0,0,38.91,30.78,2601,2601,17000,17000,17000.01,17000.01,0,0,0,0,0,0,0,0,17000,17000,0,0,0,0,0,0,0,0,0,0,0,0,0,0,0,0,0
"03350723",1,"2015","2014",2,0.153,0.153,"3",0.3606,0.3606,"39","D",0.0307,0.0307,0,"D",0,"D",41826,"D",0,"D",0,"D",0,"D",0,"D",0,"D",0,"D",2800,"D",15,"D",0,"D",0,"D",0,"D",1937,1284,2077.46,1867.07,1284.06,1284.06,6399.38,6399.38,41826,41826,41826.01,41826.01,0,0,0,0,0,0,406.44,561.83,41826,41826,0,0,2483.9,2428.9,2483.9,2428.9,0,0,0,0,0,0,0,0,0,0,0
"03350743",1,"2015","2014",2,0,0,"3",-0.4,-0.4,"14","D",-0.04,-0.04,0,"D",0,"D",0,"D",0,"D",200,"D",8000,"D",0,"D",0,"D",0,"D",1900,"D",18,"D",0,"D",0,"D",60,"D",0,0,0,0,0,0,0,0,8200,8200,200.01,200.01,0,0,0,0,0,0,0,0,8200,8200,0,0,0,0,0,0,0,0,0,0,0,0,0,0,0,0,0
"03350753",1,"2015","2014",2,0,0,"3",-0.4,-0.4,"23","D",-0.0065,-0.0065,0,"D",0,"D",0,"D",0,"D",0,"D",1400,"D",0,"D",0,"D",0,"D",2200,"D",0,"D",0,"D",0,"D",1920,"D",0,-1556,0,0,-1556.48,-1556.48,0,0,1400,1400,1400.01,1400.01,0,0,0,0,0,0,0,0,1400,1400,0,0,0,0,0,0,0,0,0,0,1200,1200,0,0,0,0,0
"03350763",1,"2015","2014",0,0,0,"1",0,0,"33","D",0,0,1,"D",1,"D",0,"D",0,"D",0,"D",0,"D",19104,"D",0,"D",0,"D",3000,"D",0,"D",0,"D",0,"D",0,"D",0,0,0,0,0,0,0,0,0,0,0.01,0.01,0,0,0,0,0,0,0,0,0,0,0,0,0,0,0,0,7800,7900,0,0,0,0,0,0,0,0,0
"03350813",1,"2015","2014",2,0.153,0.153,"2",0.15,0.15,"34","D",0.0575,0.058,0,"D",0,"D",53880,"D",0,"D",0,"D",0,"D",0,"D",0,"D",0,"D",5700,"D",0,"D",0,"D",0,"D",2012,"D",2895,2242,2944.5,2869.5,2255.04,2235.6,8243.64,8243.64,53880,53880,53880.01,53880.01,0,0,0,0,0,0,0,0,53880,53880,0,0,2944.5,2869.5,2944.5,2869.5,15000,15000,7712,7712,0,0,0,0,0,0,0
"03350813",2,"2015","2014",0,0.153,0.153,"1",0.1765,0.1765,"34","D",0.0575,0.058,0,"D",0,"D",12275,"D",0,"D",0,"D",0,"D",0,"D",0,"D",0,"D",0,"D",0,"D",0,"D",0,"D",0,"D",13,275,35.12,2.41,276.95,274.56,1878.07,1878.07,12275,12275,12275.01,12275.01,0,0,0,0,0,0,177.38,195.09,12275,12275,0,0,212.5,197.5,212.5,197.5,7500,7500,0,0,0,0,0,0,0,0,0
"03350833",1,"2015","2014",0,0.153,0.153,"1",0.1488,0.1488,"44","D",0,0,0,"D",0,"D",40000,"D",0,"D",0,"D",0,"D",0,"D",0,"D",8400,"D",9000,"D",1089,"D",0,"D",0,"D",0,"D",3348,0,3358,3343,0,0,6120,6120,40000,40000,0,0,0,0,0,0,0,0,0,0,40000,40000,0,0,3358,3343,3358,3343,0,0,0,0,0,0,0,0,0,0,0
"03350833",2,"2015","2014",1,0.153,0.153,"2",0.25,0.25,"44","D",0,0,0,"D",0,"D",32561,"D",74158,"D",0,"D",0,"D",0,"D",0,"D",0,"D",0,"D",0,"D",0,"D",1,"D",0,"D",11188,0,11329.75,11117.25,0,0,16328.01,16328.01,106719,106719,0,0,1000,1000,0,0,0,0,0,0,106719,106719,0,0,12329.75,12117.25,12329.75,12117.25,0,0,0,0,0,0,0,0,0,0,0
"03350883",1,"2015","2014",0,0,0,"1",0,0,"05","D",0,0,1,"D",1,"D",0,"D",0,"D",0,"D",0,"D",21034,"D",0,"D",0,"D",110,"D",40,"D",0,"D",0,"D",36,"D",0,0,0,0,0,0,0,0,0,0,0.01,0.01,0,0,0,0,0,0,0,0,0,0,0,0,0,0,0,0,3992,4044,186,186,0,0,0,0,0,0,0
"03350933",1,"2015","2014",0,0.029,0.029,"2",0.25,0.25,"48","D",0,0,0,"D",0,"D",0,"D",118500,"D",-19441,"D",0,"D",0,"D",0,"D",0,"D",2300,"D",711,"D",0,"D",0,"D",3700,"D",11269,0,11402.25,11202.25,0,0,17944.5,18130.5,99059,99059,0,0,0,0,0,0,0,0,0,0,99059,99059,0,0,11402.25,11202.25,11402.25,11202.25,0,0,0,0,0,0,0,0,0,0,0
"03350943",1,"2015","2014",0,0.153,0.153,"2",0.0991,0.1486,"44","D",0,0,0,"D",0,"D",0,"D",39244,"D",0,"D",0,"D",0,"D",0,"D",0,"D",4000,"D",0,"D",0,"D",0,"D",8568,"D",1811,0,1817.83,1806.89,0,0,6004.33,6004.33,39244,39244,0,0,0,0,0,0,0,0,0,0,30676,30676,0,0,1817.83,1806.89,1817.83,1806.89,0,0,0,0,0,0,0,0,0,0,0
"03350943",2,"2015","2014",0,0.153,0.153,"1",0.15,0.15,"44","D",0,0,0,"D",0,"D",28148,"D",0,"D",0,"D",0,"D",0,"D",0,"D",0,"D",0,"D",0,"D",0,"D",0,"D",0,"D",2226,0,2245.95,2215.95,0,0,4306.64,4306.64,28148,28148,0,0,0,0,0,0,0,0,0,0,28148,28148,0,0,2245.95,2215.95,2245.95,2215.95,0,0,0,0,0,0,0,0,0,0,0
"03351043",1,"2015","2014",1,0.153,0.153,"2",0.1598,0.1598,"29","D",0,0,0,"D",0,"D",0,"D",24000,"D",0,"D",0,"D",0,"D",0,"D",3180,"D",0,"D",0,"D",0,"D",0,"D",2400,"D",-3264,0,-3186.75,-3303.07,0,0,3672,3672,24000,24000,0,0,0,0,0,0,0,0,3186.75,3303.07,24000,24000,0,0,0,0,0,0,0,0,0,0,0,0,0,0,0,0,0
"03351053",1,"2015","2014",0,0,0,"1",0.0235,0.0235,"36","D",0.0121,0.0135,0,"D",0,"D",0,"D",0,"D",0,"D",14103,"D",0,"D",0,"D",0,"D",2800,"D",0,"D",0,"D",0,"D",0,"D",385,89,395.3,380.3,94.18,86.98,0,0,14103,14103,14103.01,14103.01,0,0,0,0,0,0,0,0,14103,14103,0,0,395.3,380.3,395.3,380.3,0,0,0,0,0,0,0,0,0,0,0
"03351093",1,"2015","2014",2,0.153,0.153,"2",0.1442,0.1442,"01","D",0.039,0.039,0,"D",0,"D",0,"D",55000,"D",8010,"D",0,"D",0,"D",0,"D",0,"D",1800,"D",362,"D",0,"D",2,"D",8608,"D",2227,2010,2257.2,2211.86,2008.76,2011.03,8415,8415,63010,63010,63010.01,63010.01,2000,2000,0,0,0,0,0,0,54402,54402,0,0,4257.2,4211.86,4257.2,4211.86,4000,4000,14977.5,14977.5,0,0,0,0,0,0,0
"03351103",1,"2015","2014",2,0,0,"3",-0.4,-0.4,"33","D",-0.118,-0.118,0,"D",0,"D",0,"D",0,"D",0,"D",2685,"D",0,"D",0,"D",0,"D",2900,"D",195,"D",0,"D",0,"D",2760,"D",0,-272,0,0,-271.63,-271.63,0,0,2685,2685,2685.01,2685.01,0,0,0,0,0,0,0,0,2685,2685,0,0,0,0,0,0,10950,11100,0,0,71.63,71.63,0,0,0,0,0
"03351113",1,"2015","2014",0,0,0,"1",0,0,"31","D",0,0,1,"D",1,"D",0,"D",0,"D",0,"D",2500,"D",12656,"D",0,"D",0,"D",5600,"D",0,"D",0,"D",0,"D",0,"D",0,0,0,0,0,0,0,0,2500,2500,0,0,0,0,0,0,0,0,0,0,2500,2500,0,0,0,0,0,0,0,0,0,0,50,50,0,0,0,0,0
"03351153",1,"2015","2014",2,0.153,0.153,"3",0.3146,-0.99,"39","D",0,0,0,"D",0,"D",25000,"D",0,"D",0,"D",0,"D",0,"D",0,"D",9000,"D",0,"D",0,"D",800,"D",2,"D",0,"D",-5964,0,-5950,-5970.39,0,0,3825,3825,25000,25000,24999.99,25000.01,0,135,2000,1865,240,240,3950,4105.39,25000,25000,0,0,1278.6,375,1278.6,375,0,0,0,0,0,0,0,0,0,0,0
"03351163",1,"2015","2014",2,0.153,0.153,"3",0.356,0.356,"39","D",0.0307,0.0307,0,"D",0,"D",43000,"D",0,"D",0,"D",0,"D",0,"D",0,"D",0,"D",5000,"D",936,"D",0,"D",0,"D",4472,"D",1981,1320,2106.59,1918.7,1320.1,1320.1,6579,6579,43000,43000,43000.01,43000.01,0,0,0,0,0,0,159.2,314.59,38528,38528,0,0,2265.79,2233.29,2265.78,2233.28,0,0,0,0,0,0,0,0,0,0,0
"03351183",1,"2015","2014",0,0.029,0.029,"2",0.2329,0.2329,"28","D",0.0684,0.0684,0,"D",0,"D",130095,"D",0,"D",25000,"D",0,"D",0,"D",0,"D",0,"D",8000,"D",1468,"D",0,"D",0,"D",0,"D",24039,8020,24134.13,23991.79,8040.49,8009.86,18280.75,18466.75,155095,155095,155095.01,155095.01,0,0,0,0,0,0,0,0,155095,155095,0,0,24134.13,23991.79,24134.13,23991.79,0,0,9468,9468,0,0,0,0,0,0,0
"03351193",1,"2015","2014",0,0.153,0.153,"1",0.25,0.25,"33","D",0.0645,0.0645,0,"D",0,"D",75000,"D",0,"D",0,"D",0,"D",0,"D",0,"D",43356,"D",0,"D",245,"D",0,"D",0,"D",0,"D",12002,3996,12068.75,11968.75,4005.51,3991.3,11475,11475,75000,75000,75000.01,75000.01,0,0,0,0,0,0,0,0,75000,75000,0,0,12068.75,11968.75,12068.75,11968.75,7800,7900,0,0,0,0,0,0,0,0,0
"03351193",2,"2015","2014",0,0.153,0.153,"1",0.25,0.25,"33","D",0.0645,0.0645,0,"D",0,"D",70000,"D",0,"D",0,"D",0,"D",0,"D",0,"D",0,"D",0,"D",0,"D",0,"D",0,"D",0,"D",10752,3674,10818.75,10718.75,3683.01,3668.8,10710,10710,70000,70000,70000.01,70000.01,0,0,0,0,0,0,0,0,70000,70000,0,0,10818.75,10718.75,10818.75,10718.75,7800,7900,0,0,0,0,0,0,0,0,0
"03351213",1,"2015","2014",1,0,0,"3",-0.34,-0.34,"10","D",0,0,1,"D",1,"D",0,"D",0,"D",0,"D",0,"D",8662,"D",0,"D",0,"D",3500,"D",0,"D",0,"D",0,"D",5448,"D",0,0,0,0,0,0,0,0,0,0,0,0,0,0,0,0,0,0,0,0,0,0,0,0,0,0,0,0,0,0,0,0,0,0,0,0,0,0,0
"03351243",1,"2015","2014",0,0.153,0.153,"2",0.1,0.1,"14","D",0.0375,0.05,0,"D",0,"D",24753,"D",0,"D",0,"D",0,"D",0,"D",0,"D",0,"D",4500,"D",0,"D",0,"D",0,"D",3116,"D",425,628,445.3,415.3,800.15,541.99,3787.21,3787.21,24753,24753,24753.01,24753.01,0,0,0,0,0,0,0,0,24753,24753,0,0,445.3,415.3,445.3,415.3,0,0,0,0,225,225,0,0,0,0,0
"03351243",2,"2015","2014",0,0.153,0.153,"1",0.15,0.15,"14","D",0.0375,0.05,0,"D",0,"D",46121,"D",0,"D",0,"D",0,"D",0,"D",0,"D",0,"D",0,"D",0,"D",0,"D",0,"D",0,"D",4922,1833,4941.9,4911.9,2199.8,1648.91,7056.51,7056.51,46121,46121,46121.01,46121.01,0,0,0,0,0,0,0,0,46121,46121,0,0,4941.9,4911.9,4941.9,4911.9,0,0,0,0,0,0,0,0,0,0,0
"03351293",1,"2015","2014",4,0.153,0.153,"2",0.3106,0.3106,"34","D",0.0575,0.058,0,"D",0,"D",24942,"D",13338,"D",0,"D",0,"D",0,"D",0,"D",0,"D",800,"D",0,"D",0,"D",3,"D",0,"D",-5916,967,-5761.79,-5992.92,975.24,963.6,5856.84,5856.84,38280,38280,38280.01,38280.01,218,168,2782,2832,0,0,2979.79,3160.92,38280,38280,0,0,218,168,218,168,15000,15000,800,800,0,0,0,0,0,0,0
"03351293",3,"2015","2014",0,0.153,0.153,"1",0,0,"34","D",0,0,0,"D",0,"D",6594,"D",0,"D",0,"D",0,"D",0,"D",0,"D",0,"D",0,"D",0,"D",0,"D",0,"D",0,"D",-501,0,-496,-503,0,0,1008.88,1008.88,6594,6594,6594.01,6594.01,0,0,0,0,0,0,496,503,6594,6594,0,0,0,0,0,0,7500,7500,0,0,0,0,0,0,0,0,0
"03351323",1,"2015","2014",0,0.153,0.153,"2",0.15,0.15,"0","T",0,0,1,"D",1,"D",0,"D",88139,"D",0,"D",2549,"D",7010,"D",0,"D",0,"D",9900,"D",12,"D",0,"D",0,"D",6312,"D",9951,0,9970.88,9940.88,0,0,13485.27,13485.27,96646.5,96646.5,0,0,0,0,0,0,0,0,0,0,90334.5,90334.5,0,0,9970.88,9940.88,9970.88,9940.88,0,0,0,0,0,0,0,0,0,0,0
"03351333",1,"2015","2014",0,0.153,0.153,"1",0.266,0.266,"21","D",0.05,0.05,1,"D",1,"D",116000,"D",0,"D",0,"D",0,"D",0,"D",0,"D",0,"D",7600,"D",0,"D",0,"D",0,"D",0,"D",20946,4988,21025.25,20906.75,4987.5,4987.5,17748,17748,116000,116000,116000.01,116000.01,0,0,0,0,0,0,0,0,116000,116000,0,0,21025.25,20906.75,21025.25,20906.75,2000,2000,7600,7600,0,0,0,0,0,0,0
"03351363",1,"2015","2014",0,0.153,0.153,"1",0.2775,0.2775,"34","D",0.0575,0.058,1,"D",1,"D",30000,"D",0,"D",0,"D",2000,"D",23470,"D",0,"D",8400,"D",0,"D",8,"D",0,"D",0,"D",600,"D",4487,1413,4507.46,4477.46,1421,1408.75,4590,4590,44774.75,44774.75,32000.01,32000.01,0,0,0,0,0,0,0,0,44774.75,44774.75,0,0,4507.46,4477.46,4507.46,4477.46,7500,7500,600,600,0,0,0,0,0,0,0
"03351383",1,"2015","2014",0,0.029,0.029,"2",0.2488,0.2488,"10","D",0,0,2,"D",2,"D",125000,"D",0,"D",0,"D",0,"D",26146,"D",0,"D",0,"D",5550,"D",500,"D",0,"D",0,"D",8436,"D",22481,0,22580.6,22430.6,0,0,18133,18319,147224.1,147224.1,0,0,0,0,0,0,0,0,0,0,138788.1,138788.1,0,0,22580.6,22430.6,22580.6,22430.6,0,0,0,0,0,0,0,0,0,0,0
"03351413",1,"2015","2014",0,0.153,0.153,"2",0.25,0.28,"33","D",0.0645,0.0645,2,"D",2,"D",81537,"D",78829,"D",1,"D",12661,"D",0,"D",0,"D",0,"D",4500,"D",0,"D",0,"D",0,"D",0,"D",29159,9326,29338.84,29069.5,9334.25,9321.35,24536,24536,173028,173028,160367.01,160367.01,0,0,0,0,0,0,0,0,173028,173028,0,0,29338.84,29069.5,29338.84,29069.5,15650,15850,0,0,0,0,0,0,0,0,0
"03351423",1,"2015","2014",2,0.153,0.153,"2",0.15,0.15,"31","D",0.0245,0.0245,0,"D",0,"D",40000,"D",22800,"D",-80,"D",0,"D",0,"D",0,"D",0,"D",0,"D",0,"D",0,"D",1,"D",0,"D",3221,996,3270.5,3195.5,996.1,996.1,9608.4,9608.4,62720,62720,62800.01,62800.01,1000,1000,0,0,0,0,0,0,62720,62720,0,0,4270.5,4195.5,4270.5,4195.5,0,0,0,0,0,0,0,0,0,0,0
"03351433",1,"2015","2014",0,0.153,0.153,"2",0.0994,0.095,"14","D",0.0375,0.05,0,"D",0,"D",6380,"D",32924,"D",0,"D",0,"D",5334,"D",0,"D",0,"D",16180,"D",1200,"D",0,"D",0,"D",12196,"D",371,650,355.13,379.4,943.7,503.65,6013.51,6013.51,41971,41971,39304.01,39304.01,0,0,0,0,0,0,0,0,29775,29775,0,0,355.13,379.4,355.13,379.4,0,0,0,0,809,809,0,0,0,0,0
"03351453",1,"2015","2014",1,0.0842,0.0842,"2",0.35,0.35,"11","D",0.06,0.06,0,"D",0,"D",160000,"D",95000,"D",8514,"D",0,"D",0,"D",0,"D",0,"D",4100,"D",0,"D",0,"D",1,"D",15572,"D",49117,13747,49510.23,48920.23,13746.52,13746.52,33728,33914,263514,263514,263514.01,263514.01,0,0,0,0,0,0,0,0,247942,247942,830.97,478.47,48355.73,48118.23,48355.73,48118.23,3000,3000,19672,19672,0,0,0,0,0,0,0
"03351483",1,"2015","2014",3,0.153,0.153,"2",0.1944,0.1925,"14","D",0.0375,0.05,0,"D",0,"D",61000,"D",59200,"D",0,"D",0,"D",0,"D",0,"D",0,"D",6500,"D",250,"D",80,"D",3,"D",14776,"D",7754,4238,7652.04,7805.69,5153.75,3779.38,18390.6,18390.6,120200,120200,120200.01,120200.01,2490,2490,0,0,16,16,0,0,105424,105424,0,0,10158.04,10311.69,10158.04,10311.69,0,0,0,0,325,325,0,0,0,0,0
"03351493",1,"2015","2014",0,0,0,"1",0,0,"50","D",0.0703,0.0703,1,"D",1,"D",0,"D",0,"D",2664,"D",1884,"D",18982,"D",0,"D",0,"D",3200,"D",362,"D",0,"D",0,"D",0,"D",0,-255,0,0,-255.4,-255.4,0,0,4548,4548,4548.01,4548.01,0,0,0,0,0,0,0,0,4548,4548,0,0,0,0,0,0,10080,10249.92,0,0,255.4,255.4,0,0,0,0,0
"03351553",1,"2015","2014",2,0.153,0.153,"2",-0.55,-0.55,"03","D",0,0,0,"D",0,"D",11865,"D",0,"D",0,"D",0,"D",0,"D",0,"D",0,"D",1400,"D",0,"D",0,"D",2,"D",840,"D",-6076,-100,-6075.75,-6075.75,-100,-100,1815.34,1815.34,11865,11865,11865.01,11865.01,0,0,1329.75,1329.75,0,0,4746,4746,11865,11865,0,0,0,0,0,0,10018,10182,2522.5,2522.5,0,0,0,0,0,0,0
"03351603",1,"2015","2014",0,0,0,"1",0,0,"36","D",0,0,1,"D",1,"D",0,"D",0,"D",0,"D",0,"D",17302,"D",0,"D",0,"D",1220,"D",53,"D",0,"D",0,"D",80,"D",0,0,0,0,0,0,0,0,0,0,0.01,0.01,0,0,0,0,0,0,0,0,0,0,0,0,0,0,0,0,0,0,0,0,0,0,0,0,0,0,0
"03351613",1,"2015","2014",3,0.153,0.153,"2",0.1905,0.1905,"45","D",0.063,0.063,0,"D",0,"D",0,"D",115000,"D",11,"D",0,"D",0,"D",0,"D",0,"D",1700,"D",160,"D",160,"D",3,"D",25632,"D",5822,4343,5855.29,5805.31,4354.08,4337.25,17595,17595,115011,115011,115011.01,115011.01,2749.45,2749.45,0,0,0,0,0,0,89379,89379,0,0,8604.74,8554.76,8604.74,8554.76,0,0,0,0,0,0,0,0,0,0,0
"03351623",1,"2015","2014",2,0,0,"3",-0.4,-0.4,"0","T",0,0,0,"D",0,"D",0,"D",0,"D",0,"D",0,"D",0,"D",0,"D",0,"D",300,"D",0,"D",0,"D",0,"D",145,"D",0,0,0,0,0,0,0,0,0,0,0,0,0,0,0,0,0,0,0,0,0,0,0,0,0,0,0,0,0,0,0,0,0,0,0,0,0,0,0
"03351653",1,"2015","2014",2,0.0705,0.0705,"2",0.2329,0.2329,"28","D",0.0684,0.0684,0,"D",0,"D",60390,"D",120000,"D",-9578,"D",0,"D",0,"D",0,"D",0,"D",3000,"D",99,"D",1640,"D",2,"D",9664,"D",24718,8447,24829.21,24662.87,8470.15,8435.52,27227.67,27413.67,170812,170812,170812.01,170812.01,0,0,0,0,328,328,0,0,161148,161148,0,0,25157.21,24990.87,25157.21,24990.87,0,0,12763,12763,0,0,82,82,0,0,0
"03351663",1,"2015","2014",0,0.153,0.153,"2",0.1493,0.1493,"29","D",0,0,1,"D",1,"D",36000,"D",40000,"D",0,"D",0,"D",19200,"D",0,"D",0,"D",2500,"D",260,"D",0,"D",0,"D",15652,"D",8827,0,8846.63,8816.63,0,0,11628,11628,92320,92320,0,0,0,0,0,0,0,0,0,0,76668,76668,0,0,8846.63,8816.63,8846.63,8816.63,0,0,0,0,0,0,0,0,0,0,0
"03351693",1,"2015","2014",2,0,0,"3",0.15,0.15,"24","D",0.0685,0.0685,0,"D",0,"D",0,"D",0,"D",36125,"D",0,"D",0,"D",0,"D",0,"D",3200,"D",50,"D",0,"D",0,"D",0,"D",1592,-900,1628.75,1573.75,-887.51,-905.58,0,0,36125,36125,36125.01,36125.01,0,0,0,0,0,0,0,0,36125,36125,0,0,1628.75,1573.75,1628.75,1573.75,9100,9250,0,0,1699.37,1701.39,0,0,0,0,0
"03351713",1,"2015","2014",1,0.153,0.153,"3",0,0,"05","D",0,0,0,"D",0,"D",15000,"D",0,"D",0,"D",0,"D",0,"D",0,"D",20400,"D",0,"D",0,"D",0,"D",1,"D",0,"D",-4341,0,-4305,-4359,0,0,2295,2295,15000,15000,15000.01,15000.01,0,0,1000,1000,0,0,3305,3359,15000,15000,0,0,0,0,0,0,7984,8088,0,0,0,0,0,0,0,0,0
"03351753",1,"2015","2014",0,0.153,0.153,"1",0.25,0.25,"34","D",0.0575,0.058,1,"D",1,"D",42233,"D",0,"D",350,"D",0,"D",20662,"D",0,"D",0,"D",1500,"D",173,"D",0,"D",0,"D",0,"D",7901,2023,7967.68,7867.68,2034.81,2017.27,6461.65,6461.65,60145.7,60145.7,42583.01,42583.01,0,0,0,0,0,0,0,0,60145.7,60145.7,0,0,7967.68,7867.68,7967.68,7867.68,7500,7500,1500,1500,0,0,0,0,0,0,0
"03351763",1,"2015","2014",0,0,0,"1",-0.0765,-0.0765,"41","D",0,0,0,"D",0,"D",0,"D",0,"D",0,"D",0,"D",16402,"D",0,"D",6600,"D",0,"D",85,"D",0,"D",0,"D",0,"D",0,0,0,0,0,0,0,0,0,0,0,0,0,0,0,0,0,0,0,0,0,0,0,0,0,0,0,0,0,0,0,0,0,0,0,0,0,0,0
"03351773",1,"2015","2014",2,0,0,"3",-0.4,-0.4,"36","D",0,0,0,"D",0,"D",0,"D",0,"D",0,"D",0,"D",0,"D",0,"D",0,"D",1200,"D",0,"D",0,"D",0,"D",200,"D",0,0,0,0,0,0,0,0,0,0,0.01,0.01,0,0,0,0,0,0,0,0,0,0,0,0,0,0,0,0,0,0,0,0,0,0,0,0,0,0,0
"03351793",1,"2015","2014",2,0.153,0.153,"3",0.3106,0.3106,"10","D",0,0,0,"D",0,"D",37500,"D",0,"D",-3632,"D",0,"D",0,"D",2200,"D",0,"D",2300,"D",45,"D",0,"D",1,"D",2764,"D",-1149,0,-1025.7,-1211.09,0,0,5737.5,5737.5,33868,33868,0,0,1000,1000,0,0,0,0,1317.5,1472.89,33868,33868,0,0,1291.8,1261.8,1291.8,1261.8,0,0,0,0,0,0,0,0,0,0,0
"03351793",2,"2015","2014",0,0.153,0.153,"1",0.1,0.1,"10","D",0,0,0,"D",0,"D",15000,"D",0,"D",0,"D",0,"D",0,"D",0,"D",0,"D",0,"D",0,"D",0,"D",0,"D",0,"D",475,0,485,470,0,0,2295,2295,15000,15000,0,0,0,0,0,0,0,0,0,0,15000,15000,0,0,485,470,485,470,0,0,0,0,0,0,0,0,0,0,0
"03351793",3,"2015","2014",0,0.153,0.153,"1",0.1,0.1,"10","D",0,0,0,"D",0,"D",15000,"D",0,"D",0,"D",0,"D",0,"D",0,"D",0,"D",0,"D",0,"D",0,"D",0,"D",0,"D",475,0,485,470,0,0,2295,2295,15000,15000,0,0,0,0,0,0,0,0,0,0,15000,15000,0,0,485,470,485,470,0,0,0,0,0,0,0,0,0,0,0
"03351813",1,"2015","2014",3,0.153,0.153,"3",0.15,0.15,"50","D",0.0702,0.0702,0,"D",0,"D",50000,"D",0,"D",0,"D",0,"D",0,"D",0,"D",7860,"D",0,"D",0,"D",1600,"D",2,"D",0,"D",756,1984,797.5,735,1995.61,1978.05,7650,7650,50000,50000,48400.01,48400.01,2000,2000,0,0,320,320,0,0,50000,50000,0,0,3117.5,3055,3117.5,3055,6072.4,6272.67,0,0,0,0,0,0,0,0,0
"03351813",2,"2015","2014",0,0.153,0.153,"1",0.1,0.1,"50","D",0.0448,0.0448,0,"D",0,"D",18000,"D",0,"D",0,"D",0,"D",0,"D",0,"D",0,"D",0,"D",0,"D",0,"D",0,"D",0,"D",775,299,785,770,304.64,296.65,2754,2754,18000,18000,18000.01,18000.01,0,0,0,0,0,0,0,0,18000,18000,0,0,785,770,785,770,9684,9883.65,0,0,0,0,0,0,0,0,0
"03351813",3,"2015","2014",3,0,0,"3",-0.45,-0.45,"50","D",-0.153,-0.153,0,"D",0,"D",0,"D",0,"D",0,"D",0,"D",0,"D",0,"D",0,"D",0,"D",0,"D",0,"D",2,"D",0,"D",0,0,0,0,0,0,0,0,0,0,0.01,0.01,0,0,0,0,0,0,0,0,0,0,0,0,0,0,0,0,13020,13239.48,0,0,0,0,0,0,0,0,0
"03351823",1,"2015","2014",0,0,0,"1",0.25,0.25,"22","D",0.0476,0.048,1,"D",1,"D",0,"D",0,"D",36,"D",45222,"D",27238,"D",0,"D",0,"D",4800,"D",676,"D",0,"D",0,"D",0,"D",9967,2075,10033.83,9933.83,2088.22,2068.14,0,0,68410.3,68410.3,45258.01,45258.01,0,0,0,0,0,0,0,0,68410.3,68410.3,0,0,10033.83,9933.83,10033.83,9933.83,0,0,0,0,0,0,0,0,0,0,0
"03351833",1,"2015","2014",0,0,0,"1",0.225,0.225,"05","D",0.04,0.04,1,"D",1,"D",0,"D",0,"D",0,"D",22857,"D",16131,"D",0,"D",0,"D",2200,"D",0,"D",0,"D",0,"D",0,"D",1644,87,1663.99,1633.99,93.66,83.81,0,0,25818.25,25818.25,22857.01,22857.01,0,0,0,0,0,0,0,0,25818.25,25818.25,0,0,1663.99,1633.99,1663.99,1633.99,3992,4044,2200,2200,0,0,0,0,0,0,0
"03351853",1,"2015","2014",0,0.153,0.153,"2",0.15,0.15,"47","D",0.0575,0.0575,0,"D",0,"D",30000,"D",51000,"D",0,"D",0,"D",0,"D",0,"D",11700,"D",0,"D",89,"D",0,"D",0,"D",0,"D",8158,3691,8197.5,8137.5,3690.55,3690.55,12393,12393,81000,81000,81000.01,81000.01,0,0,0,0,0,0,0,0,81000,81000,0,0,8197.5,8137.5,8197.5,8137.5,6000,6000,0,0,0,0,0,0,0,0,0
"03351893",1,"2015","2014",2,0.153,0.153,"3",0,0,"44","D",0,0,0,"D",0,"D",15000,"D",0,"D",0,"D",0,"D",0,"D",0,"D",0,"D",3100,"D",0,"D",0,"D",1,"D",1200,"D",-6519,0,-6460,-6548,0,0,2295,2295,15000,15000,0,0,0,0,1000,1000,0,0,5460,5548,15000,15000,0,0,0,0,0,0,0,0,0,0,0,0,0,0,0,0,0
"03351903",1,"2015","2014",0,0.153,0.153,"1",0.1,0.1,"05","D",0,0,0,"D",0,"D",15600,"D",0,"D",0,"D",0,"D",0,"D",0,"D",4800,"D",0,"D",0,"D",0,"D",0,"D",0,"D",535,0,545,530,0,0,2386.8,2386.8,15600,15600,15600.01,15600.01,0,0,0,0,0,0,0,0,15600,15600,0,0,545,530,545,530,3992,4044,0,0,0,0,0,0,0,0,0
"03351923",1,"2015","2014",0,0.038,0.038,"2",0.35,0.35,"39","D",0.0307,0.0307,0,"D",0,"D",130000,"D",160000,"D",0,"D",0,"D",0,"D",0,"D",0,"D",11000,"D",0,"D",0,"D",0,"D",4432,"D",61962,8903,62355.8,61765.8,8903,8903,37786,38158,290000,290000,290000.01,290000.01,0,0,0,0,0,0,0,0,285568,285568,1388.85,1207.35,60966.95,60558.45,60966.95,60558.45,0,0,0,0,0,0,0,0,0,0,0
"03351933",1,"2015","2014",0,0.153,0.153,"2",0,0,"0","T",0,0,2,"D",2,"D",11210,"D",0,"D",-2007,"D",0,"D",22414,"D",0,"D",0,"D",3000,"D",80,"D",0,"D",0,"D",1200,"D",0,0,0,0,0,0,1715.13,1715.13,9203,9203,0,0,0,0,0,0,0,0,0,0,9203,9203,0,0,0,0,0,0,0,0,0,0,0,0,0,0,0,0,0
"03351943",1,"2015","2014",2,0,0,"3",-0.4,-0.4,"36","D",0,0,0,"D",0,"D",0,"D",0,"D",0,"D",0,"D",0,"D",0,"D",0,"D",2200,"D",0,"D",0,"D",0,"D",866,"D",0,0,0,0,0,0,0,0,0,0,0.01,0.01,0,0,0,0,0,0,0,0,0,0,0,0,0,0,0,0,0,0,0,0,0,0,0,0,0,0,0
"03351953",1,"2015","2014",0,0.153,0.153,"1",0.15,0.15,"0","T",0,0,0,"D",0,"D",20000,"D",0,"D",0,"D",0,"D",0,"D",0,"D",7200,"D",0,"D",0,"D",0,"D",0,"D",0,"D",1004,0,1023.75,993.75,0,0,3060,3060,20000,20000,0,0,0,0,0,0,0,0,0,0,20000,20000,0,0,1023.75,993.75,1023.75,993.75,0,0,0,0,0,0,0,0,0,0,0
"03351953",2,"2015","2014",0,0.153,0.153,"1",0.1,0.1,"0","T",0,0,0,"D",0,"D",16489,"D",0,"D",0,"D",0,"D",0,"D",0,"D",0,"D",0,"D",0,"D",0,"D",0,"D",0,"D",624,0,633.9,618.9,0,0,2522.82,2522.82,16489,16489,0,0,0,0,0,0,0,0,0,0,16489,16489,0,0,633.9,618.9,633.9,618.9,0,0,0,0,0,0,0,0,0,0,0
"03351973",1,"2015","2014",4,0.153,0.153,"3",0.2106,0.2106,"03","D",0,0,0,"D",0,"D",16000,"D",0,"D",6670,"D",0,"D",0,"D",0,"D",0,"D",910,"D",109,"D",0,"D",1,"D",0,"D",-2948,-100,-2803.69,-3020.09,-100,-100,2448,2448,22670,22670,22670.01,22670.01,0,0,1000,1000,0,0,1803.69,2020.09,22670,22670,0,0,0,0,0,0,10018,10182,1370.38,1370.38,0,0,0,0,0,0,0
"03351973",3,"2015","2014",0,0.153,0.153,"1",0.1765,0.1765,"03","D",0.0259,0.0259,0,"D",0,"D",14000,"D",0,"D",0,"D",0,"D",0,"D",0,"D",0,"D",0,"D",0,"D",0,"D",0,"D",0,"D",318,177,339.59,306.88,178.48,176.35,2142,2142,14000,14000,14000.01,14000.01,0,0,0,0,0,0,45.41,63.12,14000,14000,0,0,385,370,385,370,5009,5091,253.97,253.97,0,0,0,0,0,0,0
"03352023",1,"2015","2014",0,0.029,0.029,"2",0.325,0.325,"45","D",0.063,0.063,2,"D",1,"D",228786,"D",0,"D",-2890,"D",0,"D",16896,"D",0,"D",0,"D",3700,"D",18808,"D",0,"D",0,"D",55616,"D",28161,9733,28490.02,27996.02,9739.95,9729.86,21142.79,21328.79,240257.6,240257.6,240257.61,240257.61,0,0,0,0,0,0,0,0,184641.6,184641.6,654.11,307.59,27835.91,27688.43,27835.91,27688.43,0,0,0,0,0,0,0,0,0,0,0
"03352033",1,"2015","2014",4,0.153,0.153,"2",0.15,0.15,"0","T",0,0,0,"D",0,"D",48000,"D",28000,"D",0,"D",0,"D",0,"D",0,"D",0,"D",1500,"D",0,"D",0,"D",3,"D",4692,"D",2018,0,2077.5,1987.5,0,0,11628,11628,76000,76000,0,0,3000,3000,0,0,0,0,0,0,76000,76000,0,0,5077.5,4987.5,5077.5,4987.5,0,0,0,0,0,0,0,0,0,0,0
"03352053",1,"2015","2014",4,0.153,0.153,"2",0.15,0.15,"03","D",0.0288,0.0336,0,"D",0,"D",76130,"D",0,"D",0,"D",0,"D",0,"D",0,"D",0,"D",1100,"D",0,"D",0,"D",3,"D",0,"D",2037,1397,2097,2007,1402.56,1393.96,11647.89,11647.89,76130,76130,76130.01,76130.01,3000,3000,0,0,0,0,0,0,76130,76130,0,0,5097,5007,5097,5007,10018,10182,2502.56,2493.96,0,0,0,0,0,0,0
"03352053",2,"2015","2014",4,0,0,"3",-0.45,-0.45,"03","D",0,0,0,"D",0,"D",0,"D",0,"D",0,"D",0,"D",0,"D",0,"D",0,"D",0,"D",0,"D",0,"D",3,"D",0,"D",0,-100,0,0,-100,-100,0,0,0,0,0.01,0.01,0,0,0,0,0,0,0,0,0,0,0,0,0,0,0,0,10018,10182,0.06,0.06,0,0,0,0,0,0,0
"03352063",1,"2015","2014",0,0,0,"1",0,0,"05","D",0,0,1,"D",1,"D",0,"D",0,"D",2873,"D",0,"D",13462,"D",0,"D",16740,"D",0,"D",0,"D",0,"D",0,"D",0,"D",0,0,0,0,0,0,0,0,2873,2873,2873.01,2873.01,0,0,0,0,0,0,0,0,2873,2873,0,0,0,0,0,0,3992,4044,0,0,0,0,0,0,0,0,0
"03352093",1,"2015","2014",4,0.153,0.153,"2",0.15,0.15,"05","D",0.06,0.06,0,"D",0,"D",93000,"D",0,"D",-7933,"D",0,"D",0,"D",0,"D",0,"D",2500,"D",0,"D",0,"D",4,"D",0,"D",2378,993,2437.55,2347.55,1027.26,976.4,14229,14229,85067,85067,85067.01,85067.01,4000,4000,0,0,0,0,0,0,85067,85067,0,0,6437.55,6347.55,6437.55,6347.55,7984,8088,2500,2500,0,0,0,0,0,0,0
"03352103",1,"2015","2014",2,0.153,0.153,"2",0.4659,0.4659,"01","D",0.0684,0.0684,0,"D",0,"D",29000,"D",0,"D",0,"D",0,"D",17930,"D",0,"D",0,"D",110,"D",240,"D",0,"D",1,"D",0,"D",-4385,952,-4244.79,-4454.93,951.58,951.58,4437,4437,31982.5,31982.5,29000.01,29000.01,378.25,338.25,621.75,661.75,0,0,3623.04,3793.18,31982.5,31982.5,0,0,378.25,338.25,378.25,338.25,4368.42,4368.42,2568.5,2568.5,0,0,0,0,0,0,0
"03352133",1,"2015","2014",2,0,0,"3",-0.4,-0.4,"0","T",0,0,0,"D",0,"D",0,"D",0,"D",0,"D",0,"D",0,"D",0,"D",2700,"D",0,"D",0,"D",0,"D",0,"D",300,"D",0,0,0,0,0,0,0,0,0,0,0,0,0,0,0,0,0,0,0,0,0,0,0,0,0,0,0,0,0,0,0,0,0,0,0,0,0,0,0
"03352153",1,"2015","2014",1,0.153,0.153,"2",0,0,"44","D",0,0,0,"D",0,"D",11480,"D",0,"D",0,"D",0,"D",0,"D",0,"D",7380,"D",0,"D",0,"D",0,"D",1,"D",0,"D",-4341,0,-4305,-4359,0,0,1756.44,1756.44,11480,11480,0,0,0,0,1000,1000,0,0,3305,3359,11480,11480,0,0,0,0,0,0,0,0,0,0,0,0,0,0,0,0,0
"03352163",1,"2015","2014",0,0.153,0.153,"2",0,0,"18","D",0,0,1,"D",1,"D",9048,"D",0,"D",1,"D",0,"D",16198,"D",0,"D",0,"D",500,"D",166,"D",0,"D",0,"D",0,"D",-501,0,-496,-503,0,0,1384.34,1384.34,9049,9049,9049.01,9049.01,0,0,0,0,0,0,496,503,9049,9049,0,0,0,0,0,0,2400,2440,666,666,0,0,0,0,0,0,0
"03352163",2,"2015","2014",0,0.153,0.153,"1",0.1,0.1,"18","D",0.0522,0.0522,0,"D",0,"D",15400,"D",0,"D",0,"D",0,"D",0,"D",0,"D",0,"D",0,"D",0,"D",0,"D",0,"D",0,"D",515,503,525,510,504,501.91,2356.2,2356.2,15400,15400,15400.01,15400.01,0,0,0,0,0,0,0,0,15400,15400,0,0,525,510,525,510,2400,2440,0,0,0,0,0,0,0,0,0
"03352193",1,"2015","2014",6,0.153,0.153,"2",0.0606,0.0606,"34","D",0.0575,0.058,0,"D",0,"D",11000,"D",31000,"D",0,"D",0,"D",0,"D",0,"D",10200,"D",0,"D",178,"D",0,"D",6,"D",1800,"D",-8167,957,-8046.36,-8227.49,966,952.5,6426,6426,42000,42000,42000.01,42000.01,0,0,5850,5850,0,0,2196.36,2377.49,42000,42000,0,0,0,0,0,0,15000,15000,1800,1800,0,0,0,0,0,0,0
"03352203",1,"2015","2014",1,0.029,0.029,"2",0.3579,0.3579,"39","D",0.0307,0.0307,0,"D",0,"D",0,"D",228786,"D",40000,"D",0,"D",0,"D",0,"D",0,"D",3300,"D",150,"D",0,"D",0,"D",3972,"D",55952,8252,56234.92,55809.92,8251.73,8251.73,21142.79,21328.79,268786,268786,268786.01,268786.01,0,0,0,0,0,0,0,0,264814,264814,0,0,55521.05,55096.05,55521.05,55096.05,0,0,0,0,0,0,0,0,0,0,0
"03352233",1,"2015","2014",0,0.153,0.153,"1",-0.0765,-0.0765,"05","D",0,0,0,"D",0,"D",3600,"D",0,"D",0,"D",0,"D",0,"D",0,"D",6000,"D",0,"D",0,"D",0,"D",0,"D",0,"D",-275,0,-275.4,-275.4,0,0,550.8,550.8,3600,3600,3600.01,3600.01,0,0,0,0,0,0,275.4,275.4,3600,3600,0,0,0,0,0,0,3992,4044,0,0,0,0,0,0,0,0,0
"03352243",1,"2015","2014",0,0.153,0.153,"1",0.15,0.15,"34","D",0.0575,0.058,0,"D",0,"D",44437,"D",0,"D",0,"D",0,"D",0,"D",0,"D",6780,"D",0,"D",75,"D",0,"D",0,"D",0,"D",4669,2130,4689.3,4659.3,2142.35,2123.88,6798.86,6798.86,44437,44437,44437.01,44437.01,0,0,0,0,0,0,0,0,44437,44437,0,0,4689.3,4659.3,4689.3,4659.3,7500,7500,0,0,0,0,0,0,0,0,0
"03352263",1,"2015","2014",1,0,0,"3",-0.34,-0.34,"34","D",0,0,1,"D",1,"D",0,"D",0,"D",0,"D",0,"D",20854,"D",0,"D",0,"D",700,"D",624,"D",0,"D",0,"D",3092,"D",0,0,0,0,0,0,0,0,0,0,0.01,0.01,0,0,0,0,0,0,0,0,0,0,0,0,0,0,0,0,12000,12000,3792,3792,0,0,0,0,0,0,0
"03352283",1,"2015","2014",1,0.153,0.153,"3",-0.34,-0.34,"44","D",0,0,0,"D",0,"D",4900,"D",0,"D",36,"D",0,"D",0,"D",0,"D",0,"D",0,"D",30,"D",0,"D",0,"D",0,"D",-1666,0,-1666,-1666,0,0,749.7,749.7,4936,4936,0,0,0,0,0,0,0,0,1666,1666,4936,4936,0,0,0,0,0,0,0,0,0,0,0,0,0,0,0,0,0
"03352293",1,"2015","2014",3,0.0338,0.0338,"2",0.2267,0.2267,"05","D",0.093,0.093,0,"D",0,"D",6000,"D",150000,"D",0,"D",0,"D",0,"D",0,"D",0,"D",630,"D",300,"D",0,"D",2,"D",17788,"D",19341,6517,19453.05,19285.23,6569.81,6491.1,19776,19962,156000,156000,156000.01,156000.01,0,0,0,0,0,0,0,0,138212,138212,0,0,19453.05,19285.23,19453.05,19285.23,7984,8088,18718,18718,0,0,0,0,0,0,0
"03352313",1,"2015","2014",0,0,0,"1",0,0,"0","T",0,0,1,"D",1,"D",0,"D",0,"D",14,"D",0,"D",14854,"D",0,"D",0,"D",670,"D",7,"D",0,"D",0,"D",264,"D",0,0,0,0,0,0,0,0,14,14,0,0,0,0,0,0,0,0,0,0,14,14,0,0,0,0,0,0,0,0,0,0,0,0,0,0,0,0,0
"03352333",1,"2015","2014",0,0.153,0.153,"2",0.2394,0.2394,"23","D",0.0425,0.0425,0,"D",0,"D",93556,"D",46341,"D",0,"D",0,"D",0,"D",0,"D",0,"D",14000,"D",0,"D",0,"D",0,"D",31296,"D",11886,5606,11986.34,11836.34,5605.62,5605.62,21404.24,21404.24,139897,139897,139897.01,139897.01,0,0,0,0,0,0,0,0,108601,108601,0,0,11986.34,11836.34,11986.34,11836.34,0,0,0,0,0,0,0,0,0,0,0
"03352343",1,"2015","2014",0,0.153,0.153,"2",0.2645,0.2645,"26","D",0.0554,0.0554,0,"D",0,"D",80000,"D",46000,"D",68600,"D",0,"D",0,"D",0,"D",0,"D",4500,"D",1534,"D",0,"D",0,"D",15552,"D",30950,8501,31098.78,30875.28,8500.5,8500.5,19278,19278,194600,194600,194600.01,194600.01,0,0,0,0,0,0,0,0,179048,179048,0,0,31098.78,30875.28,31098.78,30875.28,0,0,31225,31225,0,0,0,0,0,0,0
"03352353",1,"2015","2014",3,0.153,0.153,"2",0.2843,0.2843,"50","D",0.0627,0.0627,0,"D",0,"D",63000,"D",56000,"D",0,"D",0,"D",0,"D",0,"D",0,"D",3500,"D",4716,"D",0,"D",3,"D",4716,"D",9160,5829,9283.64,9097.81,5833.43,5826.75,18207,18207,119000,119000,119000.01,119000.01,2550,2550,0,0,0,0,0,0,114284,114284,0,0,11833.64,11647.81,11833.64,11647.81,0,0,4716,4716,0,0,0,0,0,0,0
"03352363",1,"2015","2014",4,0,0,"3",-0.45,-0.45,"0","T",0,0,0,"D",0,"D",0,"D",0,"D",0,"D",30000,"D",0,"D",0,"D",0,"D",13500,"D",410,"D",0,"D",0,"D",6816,"D",0,0,0,0,0,0,0,0,30000,30000,0,0,0,0,0,0,0,0,0,0,23184,23184,0,0,0,0,0,0,0,0,0,0,0,0,0,0,0,0,0
"03352363",2,"2015","2014",4,0,0,"3",-0.45,-0.45,"0","T",0,0,0,"D",0,"D",0,"D",0,"D",0,"D",0,"D",0,"D",0,"D",0,"D",0,"D",0,"D",0,"D",0,"D",0,"D",0,0,0,0,0,0,0,0,0,0,0,0,0,0,0,0,0,0,0,0,0,0,0,0,0,0,0,0,0,0,0,0,0,0,0,0,0,0,0
"03352363",3,"2015","2014",4,0,0,"3",-0.45,-0.45,"0","T",0,0,0,"D",0,"D",0,"D",0,"D",0,"D",0,"D",0,"D",0,"D",0,"D",0,"D",0,"D",0,"D",0,"D",0,"D",0,0,0,0,0,0,0,0,0,0,0,0,0,0,0,0,0,0,0,0,0,0,0,0,0,0,0,0,0,0,0,0,0,0,0,0,0,0,0
"03352373",1,"2015","2014",0,0.153,0.153,"2",0,0,"28","D",0,0,2,"D",2,"D",6000,"D",2068,"D",0,"D",3546,"D",25916,"D",0,"D",0,"D",3200,"D",457,"D",0,"D",0,"D",1000,"D",0,0,0,0,0,0,1234.4,1234.4,11614,11614,11614.01,11614.01,0,0,0,0,0,0,0,0,11614,11614,0,0,0,0,0,0,14800,15100,0,0,0,0,0,0,0,0,0
"03352383",1,"2015","2014",2,0.153,0.153,"2",0.25,0.25,"36","D",0.0381,0.0392,0,"D",0,"D",90000,"D",17000,"D",-189,"D",0,"D",0,"D",0,"D",0,"D",2500,"D",65,"D",0,"D",1,"D",1100,"D",10215,2945,10365.25,10140.25,3073.74,2880.08,16371,16371,106811,106811,106811.01,106811.01,1000,1000,0,0,0,0,0,0,106811,106811,0,0,11365.25,11140.25,11365.25,11140.25,0,0,0,0,0,0,0,0,0,0,0
"03352393",1,"2015","2014",5,0,0,"3",-0.45,-0.45,"44","D",0,0,0,"D",0,"D",0,"D",0,"D",0,"D",0,"D",0,"D",0,"D",0,"D",2200,"D",0,"D",0,"D",1,"D",16164,"D",0,0,0,0,0,0,0,0,0,0,0,0,0,0,0,0,0,0,0,0,0,0,0,0,0,0,0,0,0,0,0,0,0,0,0,0,0,0,0
"03352413",1,"2015","2014",0,0.153,0.153,"1",-0.0765,-0.0765,"44","D",0,0,0,"D",0,"D",3300,"D",0,"D",0,"D",0,"D",0,"D",0,"D",0,"D",1900,"D",12,"D",0,"D",0,"D",0,"D",-252,0,-252.45,-252.45,0,0,504.9,504.9,3300,3300,0,0,0,0,0,0,0,0,252.45,252.45,3300,3300,0,0,0,0,0,0,0,0,0,0,0,0,0,0,0,0,0
"03352493",1,"2015","2014",0,0.153,0.153,"1",0.1405,0.1405,"45","D",0.063,0.063,0,"D",0,"D",35033,"D",0,"D",2204,"D",0,"D",0,"D",0,"D",0,"D",900,"D",250,"D",0,"D",0,"D",4060,"D",3496,1676,3505.96,3491.72,1678.91,1673.87,5360.05,5360.05,37237,37237,37237.01,37237.01,0,0,0,0,0,0,0,0,33177,33177,0,0,3505.96,3491.72,3505.96,3491.72,0,0,0,0,0,0,0,0,0,0,0
"03352503",1,"2015","2014",1,0.029,0.029,"3",0.325,0.325,"47","D",0.0575,0.0575,0,"D",0,"D",160000,"D",0,"D",0,"D",0,"D",0,"D",0,"D",0,"D",3500,"D",2260,"D",0,"D",0,"D",9224,"D",27429,7974,27649.7,27318.2,7973.97,7973.97,19148,19334,160000,160000,160000.01,160000.01,0,0,0,0,0,0,0,0,150776,150776,903.93,735.19,26745.77,26583.01,26745.77,26583.01,3000,3000,14984,14984,0,0,0,0,0,0,0
"03352513",1,"2015","2014",0,0,0,"1",0,0,"0","T",0,0,1,"D",1,"D",0,"D",0,"D",0,"D",0,"D",21214,"D",0,"D",0,"D",110,"D",0,"D",0,"D",0,"D",0,"D",0,0,0,0,0,0,0,0,0,0,0,0,0,0,0,0,0,0,0,0,0,0,0,0,0,0,0,0,0,0,0,0,0,0,0,0,0,0,0
"03352523",1,"2015","2014",1,0.153,0.153,"2",0.2384,0.2384,"06","D",0.0463,0.0463,0,"D",0,"D",38216,"D",79723,"D",19054,"D",0,"D",0,"D",0,"D",0,"D",1300,"D",1240,"D",0,"D",1,"D",11032,"D",18214,5130,18313.82,18164.55,5165.74,5112.79,18044.67,18044.67,136993,136993,0,0,0,0,0,0,0,0,0,0,125961,125961,0,0,18313.82,18164.55,18313.82,18164.55,0,0,0,0,0,0,0,0,0,0,0
"03352543",1,"2015","2014",1,0.153,0.153,"3",0.2598,0.2598,"33","D",0.0879,0.0879,0,"D",0,"D",21371,"D",0,"D",0,"D",0,"D",0,"D",0,"D",8628,"D",0,"D",40,"D",0,"D",1,"D",120,"D",-3389,-800,-3302.05,-3432.18,-774.9,-812.45,3269.76,3269.76,21371,21371,21371.01,21371.01,437.1,412.1,562.9,587.9,0,0,2739.15,2844.28,21371,21371,0,0,437.1,412.1,437.1,412.1,10950,11100,0,0,0,0,0,0,748.11,779.66,0
"03352553",1,"2015","2014",2,0.153,0.153,"3",0,0,"39","D",0,0,0,"D",0,"D",1000,"D",0,"D",4800,"D",0,"D",0,"D",2016,"D",0,"D",3000,"D",30,"D",0,"D",1,"D",0,"D",0,0,0,0,0,0,153,153,5800,5800,5800.01,5800.01,0,0,0,0,0,0,0,0,5800,5800,0,0,0,0,0,0,0,0,0,0,0,0,0,0,0,0,0
"03352573",1,"2015","2014",2,0.153,0.153,"2",0.25,0.25,"05","D",0.093,0.093,0,"D",0,"D",77305,"D",57888,"D",0,"D",0,"D",0,"D",0,"D",22800,"D",0,"D",3871,"D",0,"D",1,"D",600,"D",18311,5910,18460.75,18235.75,5966.02,5881.63,20684.53,20684.53,135193,135193,135193.01,135193.01,0,0,0,0,0,0,0,0,135193,135193,0,0,18460.75,18235.75,18460.75,18235.75,7984,8088,4471,4471,0,0,0,0,0,0,0
"03352583",1,"2015","2014",0,0.153,0.153,"1",0.1765,0.1765,"39","D",0.0307,0.0307,0,"D",0,"D",14000,"D",0,"D",73,"D",0,"D",0,"D",0,"D",8400,"D",0,"D",0,"D",0,"D",0,"D",0,"D",331,432,352.47,319.76,432.04,432.04,2142,2142,14073,14073,14073.01,14073.01,0,0,0,0,0,0,39.83,57.54,14073,14073,0,0,392.3,377.3,392.3,377.3,0,0,0,0,0,0,0,0,0,0,0
"03352603",1,"2015","2014",0,0.153,0.153,"1",0,0,"39","D",0.1115,0.1115,1,"D",1,"D",7791,"D",0,"D",0,"D",0,"D",0,"D",0,"D",0,"D",900,"D",0,"D",0,"D",0,"D",0,"D",0,124,0,0,123.51,123.51,1192.02,1192.02,7791,7791,7791.01,7791.01,0,0,0,0,0,0,0,0,7791,7791,0,0,0,0,0,0,0,0,0,0,0,0,0,0,0,0,0
"03352643",1,"2015","2014",0,0.153,0.153,"2",0.2329,0.2329,"41","D",0.0683,0.0683,0,"D",0,"D",23636,"D",75782,"D",141,"D",0,"D",0,"D",0,"D",0,"D",980,"D",332,"D",0,"D",0,"D",9516,"D",10571,4998,10669.47,10521.22,5003.12,4996.12,15210.95,15210.95,99559,99559,75827.89,75734.89,0,0,0,0,0,0,0,0,90043,90043,0,0,10669.47,10521.22,10669.47,10521.22,0,0,0,0,0,0,0,0,0,0,0
"03352643",2,"2015","2014",0,0.153,0.153,"1",0.15,0.15,"41","D",0.07,0.07,0,"D",0,"D",39000,"D",0,"D",0,"D",0,"D",0,"D",0,"D",0,"D",0,"D",0,"D",0,"D",0,"D",0,"D",3854,1523,3873.75,3843.75,1529.9,1519.4,5967,5967,39000,39000,28850.01,28700.01,0,0,0,0,0,0,0,0,39000,39000,0,0,3873.75,3843.75,3873.75,3843.75,0,0,0,0,0,0,0,0,0,0,0
"03352683",1,"2015","2014",2,0.153,0.153,"2",0.1395,0.1395,"12","D",0.0707,0.0707,0,"D",0,"D",35000,"D",60000,"D",0,"D",0,"D",0,"D",0,"D",0,"D",850,"D",300,"D",0,"D",2,"D",24936,"D",4482,3672,4512.28,4467.28,3671.58,3671.58,14535,14535,95000,95000,95000.01,95000.01,2000,2000,0,0,0,0,0,0,70064,70064,0,0,6512.28,6467.28,6512.28,6467.28,4400,4400,29734.77,29734.77,0,0,0,0,0,0,0
"03352693",1,"2015","2014",0,0.153,0.153,"2",0.25,0.25,"37","D",0.0525,0.0525,0,"D",0,"D",76000,"D",35000,"D",-5918,"D",0,"D",0,"D",0,"D",0,"D",3300,"D",216,"D",0,"D",0,"D",3636,"D",12775,4361,12908,12708,4368.31,4357.81,16983,16983,105082,105082,105082.01,105082.01,0,0,0,0,0,0,0,0,105082,105082,0,0,12908,12708,12908,12708,12400,12600,0,0,0,0,0,0,0,0,0
"03352703",1,"2015","2014",0,0.153,0.153,"2",0.15,0.15,"05","D",0.08,0.08,0,"D",0,"D",50700,"D",40000,"D",0,"D",0,"D",0,"D",0,"D",16800,"D",0,"D",0,"D",0,"D",0,"D",120,"D",9613,2703,9652.5,9592.5,2741.49,2683.64,13877.1,13877.1,90700,90700,90700.01,90700.01,0,0,0,0,0,0,0,0,90700,90700,0,0,9652.5,9592.5,9652.5,9592.5,7984,8088,120,120,0,0,0,0,0,0,0
"03352703",2,"2015","2014",0,0.153,0.153,"1",0.15,0.15,"05","D",0.04,0.04,0,"D",0,"D",23833,"D",0,"D",0,"D",0,"D",0,"D",0,"D",0,"D",0,"D",0,"D",0,"D",0,"D",0,"D",1579,235,1598.7,1568.7,240.7,231.85,3646.45,3646.45,23833,23833,23833.01,23833.01,0,0,0,0,0,0,0,0,23833,23833,0,0,1598.7,1568.7,1598.7,1568.7,3992,4044,0,0,0,0,0,0,0,0,0
"03352723",1,"2015","2014",3,0.153,0.153,"2",0.15,0.25,"0","T",0,0,0,"D",0,"D",65000,"D",42000,"D",0,"D",0,"D",0,"D",0,"D",0,"D",2690,"D",2256,"D",0,"D",3,"D",0,"D",7300,0,7425,7237.5,0,0,16371,16371,107000,107000,0,0,3000,3000,0,0,0,0,0,0,107000,107000,0,0,10425,10237.5,10425,10237.5,0,0,0,0,0,0,0,0,0,0,0
"03352733",1,"2015","2014",0,0.153,0.153,"1",0.2423,0.2423,"39","D",0.0307,0.0307,0,"D",0,"D",55000,"D",0,"D",-2035,"D",130,"D",0,"D",0,"D",0,"D",990,"D",177,"D",0,"D",0,"D",4244,"D",6332,1630,6382.25,6307.25,1630.02,1630.02,8415,8415,53095,53095,53095.01,53095.01,0,0,0,0,0,0,0,0,48851,48851,0,0,6382.25,6307.25,6382.25,6307.25,0,0,0,0,0,0,0,0,0,0,0
"03352753",1,"2015","2014",1,0.153,0.153,"3",0.1454,0.1454,"39","D",0.0307,0.0307,0,"D",0,"D",65000,"D",0,"D",500,"D",0,"D",0,"D",0,"D",0,"D",5600,"D",1300,"D",0,"D",0,"D",8760,"D",5325,2011,5341.87,5316.87,2010.85,2010.85,9945,9945,65500,65500,65500.01,65500.01,0,0,0,0,0,0,0,0,56740,56740,0,0,5341.87,5316.87,5341.87,5316.87,0,0,0,0,0,0,0,0,0,0,0
"03352783",1,"2015","2014",0,0.153,0.153,"2",0.1,0.15,"10","D",0,0,2,"D",2,"D",9308,"D",28858,"D",0,"D",0,"D",5566,"D",0,"D",0,"D",1200,"D",200,"D",0,"D",0,"D",1392,"D",1800,0,1829.85,1784.9,0,0,5839.4,5839.4,40949,40949,0,0,0,0,0,0,0,0,0,0,40949,40949,0,0,1829.85,1784.9,1829.85,1784.9,0,0,0,0,0,0,0,0,0,0,0
"03352803",1,"2015","2014",1,0.068,0.068,"2",0.35,0.35,"33","D",0.0665,0.0665,0,"D",0,"D",228786,"D",73100,"D",1100,"D",0,"D",0,"D",0,"D",0,"D",4000,"D",15816,"D",0,"D",0,"D",6384,"D",65866,18775,66259.5,65669.5,18775.34,18775.34,32794.07,32980.07,302986,302986,302986.01,302986.01,0,0,0,0,0,0,0,0,296602,296602,9080.18,8915.18,57137.52,56712.52,57137.52,56712.52,15650,15850,19650,19650,0,0,0,0,0,0,0
"03352843",1,"2015","2014",1,0,0,"3",-0.34,-0.34,"34","D",0,0,1,"D",1,"D",0,"D",0,"D",0,"D",0,"D",11748,"D",0,"D",14400,"D",0,"D",0,"D",0,"D",0,"D",0,"D",0,0,0,0,0,0,0,0,0,0,0.01,0.01,0,0,0,0,0,0,0,0,0,0,0,0,0,0,0,0,12000,12000,0,0,0,0,0,0,0,0,0
"03352853",1,"2015","2014",0,0,0,"1",-0.0765,-0.0765,"34","D",0.0575,0.058,0,"D",0,"D",0,"D",0,"D",40,"D",9085,"D",18182,"D",0,"D",0,"D",800,"D",0,"D",0,"D",0,"D",3456,"D",0,94,0,0,94.25,93.44,0,0,9125,9125,9125.01,9125.01,0,0,0,0,0,0,0,0,9125,9125,0,0,0,0,0,0,7500,7500,4256,4256,0,0,0,0,0,0,0
"03352873",1,"2015","2014",0,0.153,0.153,"2",0.2632,0.2632,"11","D",0.06,0.06,0,"D",0,"D",0,"D",105000,"D",60579,"D",25000,"D",0,"D",0,"D",0,"D",550,"D",200,"D",0,"D",0,"D",3172,"D",34211,10495,34360.24,34136.74,10495.42,10495.42,16065,16065,190579,190579,190579.01,190579.01,0,0,0,0,0,0,0,0,187407,187407,0,0,34360.24,34136.74,34360.24,34136.74,3000,3000,3922,3922,0,0,0,0,0,0,0
"03352943",1,"2015","2014",0,0.153,0.153,"1",0.1488,0.1488,"10","D",0,0,0,"D",0,"D",40000,"D",0,"D",0,"D",0,"D",0,"D",0,"D",0,"D",1800,"D",0,"D",0,"D",0,"D",8948,"D",3253,0,3263.34,3248.34,0,0,6120,6120,40000,40000,0,0,0,0,0,0,0,0,0,0,31052,31052,0,0,3263.34,3248.34,3263.34,3248.34,0,0,0,0,0,0,0,0,0,0,0
"03352943",2,"2015","2014",0,0.153,0.153,"1",0.15,0.15,"10","D",0,0,0,"D",0,"D",20000,"D",0,"D",0,"D",0,"D",0,"D",0,"D",0,"D",0,"D",0,"D",0,"D",0,"D",0,"D",1004,0,1023.75,993.75,0,0,3060,3060,20000,20000,0,0,0,0,0,0,0,0,0,0,20000,20000,0,0,1023.75,993.75,1023.75,993.75,0,0,0,0,0,0,0,0,0,0,0
"03352963",1,"2015","2014",0,0.153,0.153,"2",0.25,0.25,"44","D",0,0,0,"D",0,"D",62000,"D",55000,"D",0,"D",0,"D",0,"D",0,"D",0,"D",2400,"D",0,"D",0,"D",0,"D",5540,"D",15754,0,15887.5,15687.5,0,0,17901,17901,117000,117000,0,0,0,0,0,0,0,0,0,0,117000,117000,0,0,15887.5,15687.5,15887.5,15687.5,0,0,0,0,0,0,0,0,0,0,0
"03352993",1,"2015","2014",2,0.153,0.153,"2",0.25,0.25,"17","D",0.046,0.048,0,"D",0,"D",61490,"D",78717,"D",-9000,"D",0,"D",0,"D",0,"D",0,"D",1500,"D",301,"D",0,"D",1,"D",360,"D",17314,5183,17464.25,17239.25,5307.94,5120.52,21451.67,21451.67,131207,131207,140207.01,140207.01,0,0,0,0,0,0,0,0,131207,131207,0,0,17464.25,17239.25,17464.25,17239.25,7500,7500,0,0,0,0,0,0,0,0,0
"03353013",1,"2015","2014",3,0.153,0.153,"2",0.3106,0.3106,"25","D",0.05,0.05,0,"D",0,"D",0,"D",40000,"D",0,"D",0,"D",4440,"D",0,"D",0,"D",830,"D",120,"D",0,"D",3,"D",6132,"D",-4294,671,-4143.02,-4369.16,670.9,670.9,6120,6120,42220,42220,40000.01,40000.01,1007,962,1993,2038,0,0,2150.02,2331.16,42220,42220,0,0,1007,962,1007,962,4600,4600,7082,7082,0,0,0,0,0,0,0
"03353013",2,"2015","2014",0,0.153,0.153,"1",0.15,0.15,"25","D",0.05,0.05,0,"D",0,"D",25208,"D",0,"D",0,"D",0,"D",0,"D",0,"D",0,"D",0,"D",0,"D",0,"D",0,"D",0,"D",1785,695,1804.95,1774.95,695.4,695.4,3856.82,3856.82,25208,25208,25208.01,25208.01,0,0,0,0,0,0,0,0,25208,25208,0,0,1804.95,1774.95,1804.95,1774.95,2300,2300,0,0,0,0,0,0,0,0,0
"03353023",1,"2015","2014",1,0.153,0.153,"3",0,0,"39","D",0.2161,0.2161,0,"D",0,"D",16800,"D",0,"D",0,"D",0,"D",0,"D",0,"D",0,"D",170,"D",0,"D",0,"D",0,"D",0,"D",-3341,165,-3305,-3359,165.04,165.04,2570.4,2570.4,16800,16800,16800.01,16800.01,0,0,0,0,0,0,3305,3359,16800,16800,0,0,0,0,0,0,0,0,0,0,0,0,0,0,0,0,0
"03353033",1,"2015","2014",1,0.038,0.038,"2",0.35,0.35,"47","D",0.0563,0.0562,0,"D",0,"D",150000,"D",120000,"D",206,"D",0,"D",0,"D",0,"D",0,"D",5800,"D",676,"D",0,"D",1,"D",0,"D",56594,14473,56986.93,56396.93,14469.34,14474.33,37026,37398,270206,270206,270206.01,270206.01,0,0,0,0,0,0,0,0,270206,270206,2729.08,2565.73,54250.02,53823.37,54250.02,53823.37,6000,6000,6818.78,6732.07,0,0,0,0,0,0,0
"03353043",1,"2015","2014",2,0.153,0.153,"3",0.3106,0.3106,"11","D",0.06,0.06,0,"D",0,"D",22606,"D",0,"D",0,"D",0,"D",0,"D",0,"D",6600,"D",0,"D",0,"D",0,"D",1,"D",0,"D",-5412,436,-5288.57,-5473.97,436.36,436.36,3458.72,3458.72,22606,22606,22606.01,22606.01,165.6,135.6,834.4,864.4,0,0,4454.17,4609.57,22606,22606,0,0,165.6,135.6,165.6,135.6,2300,2300,0,0,0,0,0,0,0,0,0
"03353043",2,"2015","2014",0,0.153,0.153,"1",0.15,0.15,"11","D",0.06,0.06,0,"D",0,"D",23095,"D",0,"D",0,"D",0,"D",0,"D",0,"D",0,"D",0,"D",0,"D",0,"D",0,"D",0,"D",1468,896,1488,1458,895.7,895.7,3533.53,3533.53,23095,23095,23095.01,23095.01,0,0,0,0,0,0,0,0,23095,23095,0,0,1488,1458,1488,1458,2300,2300,0,0,0,0,0,0,0,0,0
"03353043",3,"2015","2014",0,0.153,0.153,"1",0.15,0.15,"11","D",0.06,0.06,0,"D",0,"D",25159,"D",0,"D",0,"D",0,"D",0,"D",0,"D",0,"D",0,"D",0,"D",0,"D",0,"D",0,"D",1778,1020,1797.6,1767.6,1019.54,1019.54,3849.33,3849.33,25159,25159,25159.01,25159.01,0,0,0,0,0,0,0,0,25159,25159,0,0,1797.6,1767.6,1797.6,1767.6,2300,2300,0,0,0,0,0,0,0,0,0
"03353053",1,"2015","2014",0,0.0818,0.0818,"2",0.35,0.35,"0","T",0,0,2,"D",2,"D",100000,"D",135000,"D",21600,"D",0,"D",22244,"D",0,"D",0,"D",19000,"D",1008,"D",0,"D",0,"D",7004,"D",56811,0,57203.99,56613.99,0,0,33723,33909,275507.4,275507.4,0,0,0,0,0,0,0,0,0,0,268503.4,268503.4,1082.21,900.71,55300.98,54892.48,55300.98,54892.48,0,0,0,0,0,0,0,0,0,0,0
"03353083",1,"2015","2014",0,0,0,"1",0.2775,0.2775,"05","D",0.04,0.04,0,"D",0,"D",0,"D",0,"D",24000,"D",7932,"D",17386,"D",0,"D",0,"D",100,"D",15,"D",0,"D",0,"D",0,"D",4313,559,4333.24,4303.24,564.66,555.81,0,0,42063.25,42063.25,31932.01,31932.01,0,0,0,0,0,0,0,0,42063.25,42063.25,0,0,4333.24,4303.24,4333.24,4303.24,3992,4044,115,115,0,0,0,0,0,0,0
"03353103",1,"2015","2014",0,0.153,0.153,"1",0.225,0.225,"0","T",0,0,0,"D",0,"D",20000,"D",0,"D",-1000,"D",0,"D",18262,"D",0,"D",9600,"D",0,"D",0,"D",0,"D",0,"D",0,"D",1089,0,1108.58,1078.58,0,0,3060,3060,20565.5,20565.5,0,0,0,0,0,0,0,0,0,0,20565.5,20565.5,0,0,1108.58,1078.58,1108.58,1078.58,0,0,0,0,0,0,0,0,0,0,0
"03353103",2,"2015","2014",0,0.153,0.153,"1",0.15,0.15,"0","T",0,0,0,"D",0,"D",34000,"D",0,"D",-1700,"D",0,"D",0,"D",0,"D",0,"D",0,"D",0,"D",0,"D",0,"D",0,"D",2849,0,2868.75,2838.75,0,0,5202,5202,32300,32300,0,0,0,0,0,0,0,0,0,0,32300,32300,0,0,2868.75,2838.75,2868.75,2838.75,0,0,0,0,0,0,0,0,0,0,0
"03353113",1,"2015","2014",3,0.153,0.153,"2",-0.6,-0.6,"05","D",0,0,0,"D",0,"D",0,"D",7000,"D",0,"D",0,"D",0,"D",720,"D",10740,"D",0,"D",0,"D",0,"D",3,"D",0,"D",-3750,0,-3750,-3750,0,0,1071,1071,7000,7000,7000.01,7000.01,0,0,600,600,0,0,3150,3150,7000,7000,0,0,0,0,0,0,7984,8088,0,0,0,0,0,0,0,0,0
"03353113",2,"2015","2014",0,0.153,0.153,"1",0,0,"05","D",0,0,0,"D",0,"D",7185,"D",0,"D",0,"D",0,"D",0,"D",0,"D",0,"D",0,"D",0,"D",0,"D",0,"D",0,"D",-501,0,-496,-503,0,0,1099.3,1099.3,7185,7185,7185.01,7185.01,0,0,0,0,0,0,496,503,7185,7185,0,0,0,0,0,0,3992,4044,0,0,0,0,0,0,0,0,0
"03353173",1,"2015","2014",0,0.153,0.153,"1",0.1,0.1,"01","D",0.045,0.045,0,"D",0,"D",18000,"D",0,"D",0,"D",138,"D",0,"D",0,"D",8040,"D",0,"D",32,"D",0,"D",0,"D",0,"D",789,627,798.8,783.8,626.96,627.71,2754,2754,18138,18138,18138.01,18138.01,0,0,0,0,0,0,0,0,18138,18138,0,0,798.8,783.8,798.8,783.8,2500,2500,1409,1409,0,0,0,0,0,0,0
"03353203",1,"2015","2014",1,0.153,0.153,"3",0.2598,0.2598,"50","D",0.1262,0.1262,0,"D",0,"D",13600,"D",0,"D",4992,"D",0,"D",0,"D",0,"D",7920,"D",0,"D",2,"D",0,"D",1,"D",24,"D",-2502,-844,-2382.03,-2562.17,-832.12,-849.46,2080.8,2080.8,18592,18592,18592.01,18592.01,159.2,134.2,840.8,865.8,0,0,1541.23,1696.37,18592,18592,0,0,159.2,134.2,159.2,134.2,12093.7,12372.16,24,24,783.8,783.8,0,0,61.65,67.85,0
"03353203",2,"2015","2014",0,0,0,"1",-0.0765,-0.0765,"50","D",0,0,0,"D",0,"D",0,"D",0,"D",0,"D",0,"D",0,"D",0,"D",0,"D",0,"D",0,"D",0,"D",0,"D",0,"D",0,0,0,0,0,0,0,0,0,0,0.01,0.01,0,0,0,0,0,0,0,0,0,0,0,0,0,0,0,0,10080,10249.92,0,0,0,0,0,0,0,0,0
"03353213",1,"2015","2014",0,0.153,0.153,"1",0.15,0.15,"33","D",0.0645,0.0645,0,"D",0,"D",36697,"D",0,"D",5,"D",0,"D",0,"D",0,"D",9000,"D",0,"D",0,"D",0,"D",0,"D",0,"D",3509,1526,3529.05,3499.05,1535.29,1521.08,5614.64,5614.64,36702,36702,36702.01,36702.01,0,0,0,0,0,0,0,0,36702,36702,0,0,3529.05,3499.05,3529.05,3499.05,7800,7900,0,0,0,0,0,0,0,0,0
"03353233",1,"2015","2014",0,0.153,0.153,"1",0.15,0.15,"19","D",0.034,0.034,0,"D",0,"D",30000,"D",0,"D",0,"D",0,"D",0,"D",0,"D",9000,"D",0,"D",0,"D",0,"D",0,"D",0,"D",2504,770,2523.75,2493.75,769.05,770.25,4590,4590,30000,30000,30000.01,30000.01,0,0,0,0,0,0,0,0,30000,30000,0,0,2523.75,2493.75,2523.75,2493.75,0,0,0,0,0,0,0,0,0,0,0
"03353303",1,"2015","2014",2,0.153,0.153,"2",0.28,0.28,"05","D",0.08,0.08,0,"D",0,"D",42000,"D",60000,"D",12635,"D",0,"D",0,"D",0,"D",0,"D",4400,"D",20,"D",0,"D",2,"D",8540,"D",10408,3554,10514.95,10354.33,3592.21,3534.68,15606,15606,114635,114635,114635.01,114635.01,1768.25,1768.25,0,0,0,0,0,0,106095,106095,0,0,12283.2,12122.58,12283.2,12122.58,7984,8088,12960,12960,0,0,0,0,0,0,0
"03353323",1,"2015","2014",1,0.038,0.038,"2",0.35,0.35,"31","D",0.0637,0.0637,0,"D",0,"D",175000,"D",241175,"D",0,"D",0,"D",0,"D",0,"D",0,"D",12000,"D",40,"D",1200,"D",1,"D",17020,"D",101478,21608,101871.25,101281.25,21607.9,21607.9,42580.65,42952.65,416175,416175,416175.01,416175.01,0,0,0,0,240,240,0,0,399155,399155,4923.33,4915.99,97187.92,96605.26,97187.92,96605.26,0,0,0,0,0,0,0,0,0,0,0
"03353343",1,"2015","2014",1,0.153,0.153,"3",0,0,"36","D",0,0,0,"D",0,"D",13000,"D",0,"D",0,"D",0,"D",0,"D",0,"D",5028,"D",0,"D",1115,"D",0,"D",0,"D",0,"D",-3341,0,-3305,-3359,0,0,1989,1989,13000,13000,13000.01,13000.01,0,0,0,0,0,0,3305,3359,13000,13000,0,0,0,0,0,0,0,0,0,0,0,0,0,0,0,0,0
"03353373",1,"2015","2014",0,0.153,0.153,"2",0.1431,0.1431,"06","D",0.0463,0.0463,0,"D",0,"D",73000,"D",8000,"D",0,"D",0,"D",0,"D",0,"D",0,"D",1500,"D",0,"D",0,"D",0,"D",10036,"D",7884,2819,7899.54,7876.53,2850.41,2803.78,12393,12393,81000,81000,0,0,0,0,0,0,0,0,0,0,70964,70964,0,0,7899.54,7876.53,7899.54,7876.53,0,0,0,0,0,0,0,0,0,0,0
"03353403",1,"2015","2014",3,0.153,0.153,"2",0.2371,0.237,"22","D",0.0515,0.052,0,"D",0,"D",74000,"D",98783,"D",0,"D",0,"D",0,"D",0,"D",0,"D",7400,"D",500,"D",0,"D",3,"D",10316,"D",23357,7739,23469.57,23300.79,7788.72,7713.82,26435.8,26435.8,172783,172783,172783.01,172783.01,0,0,0,0,0,0,0,0,162467,162467,0,0,23469.57,23300.79,23469.57,23300.79,0,0,0,0,0,0,0,0,0,0,0
"03353413",1,"2015","2014",0,0.153,0.153,"2",0.25,0.25,"10","D",0,0,0,"D",0,"D",53300,"D",48000,"D",0,"D",0,"D",0,"D",0,"D",0,"D",1610,"D",423,"D",0,"D",0,"D",8656,"D",11829,0,11962.5,11762.5,0,0,15498.9,15498.9,101300,101300,0,0,0,0,0,0,0,0,0,0,101300,101300,0,0,11962.5,11762.5,11962.5,11762.5,0,0,0,0,0,0,0,0,0,0,0
"03353443",1,"2015","2014",0,0,0,"1",0,0,"44","D",0,0,1,"D",1,"D",0,"D",0,"D",0,"D",1848,"D",17566,"D",0,"D",0,"D",1800,"D",0,"D",0,"D",0,"D",0,"D",0,0,0,0,0,0,0,0,1848,1848,0,0,0,0,0,0,0,0,0,0,1848,1848,0,0,0,0,0,0,0,0,0,0,0,0,0,0,0,0,0
"03353453",1,"2015","2014",0,0.153,0.153,"1",0.25,0.254,"05","D",0.093,0.093,0,"D",0,"D",100000,"D",0,"D",0,"D",0,"D",0,"D",0,"D",22200,"D",0,"D",0,"D",0,"D",0,"D",0,"D",18245,6304,18297.48,18218.75,6329.54,6291.34,15300,15300,100000,100000,100000.01,100000.01,0,0,0,0,0,0,0,0,100000,100000,0,0,18297.48,18218.75,18297.48,18218.75,3992,4044,0,0,0,0,0,0,0,0,0
"03353463",1,"2015","2014",1,0.153,0.153,"2",0.2598,0.2598,"33","D",0.0929,0.0929,0,"D",0,"D",13088,"D",24000,"D",0,"D",0,"D",0,"D",0,"D",14400,"D",0,"D",0,"D",0,"D",1,"D",0,"D",-912,148,-811.49,-962.81,178.12,132.27,5674.46,5674.46,37088,37088,37088.01,37088.01,1000,1000,0,0,0,0,1095.29,1211.61,37088,37088,0,0,1283.8,1248.8,1283.8,1248.8,15650,15850,0,0,0,0,0,0,328.59,363.48,0
"03353503",1,"2015","2014",0,0.153,0.153,"2",0.15,0.15,"23","D",0.0425,0.0425,0,"D",0,"D",35740,"D",45035,"D",0,"D",0,"D",0,"D",0,"D",0,"D",2000,"D",0,"D",0,"D",0,"D",1692,"D",8124,3093,8163.75,8103.75,3092.94,3092.94,12358.57,12358.57,80775,80775,80775.01,80775.01,0,0,0,0,0,0,0,0,80775,80775,0,0,8163.75,8103.75,8163.75,8103.75,0,0,0,0,0,0,0,0,0,0,0
"03353513",1,"2015","2014",3,0.153,0.153,"2",0,0,"05","D",0,0,0,"D",0,"D",0,"D",17757,"D",0,"D",0,"D",0,"D",0,"D",12600,"D",0,"D",0,"D",0,"D",2,"D",600,"D",-8209,0,-8143,-8242,0,0,2716.82,2716.82,17757,17757,17757.01,17757.01,0,0,2000,2000,0,0,6143,6242,17757,17757,0,0,0,0,0,0,7984,8088,600,600,0,0,0,0,0,0,0
"03353513",2,"2015","2014",0,0.153,0.153,"1",0.1,0.1,"05","D",0.02,0.02,0,"D",0,"D",18683,"D",0,"D",0,"D",0,"D",0,"D",0,"D",0,"D",0,"D",0,"D",0,"D",0,"D",0,"D",843,106,853.3,838.3,108.33,105.29,2858.5,2858.5,18683,18683,18683.01,18683.01,0,0,0,0,0,0,0,0,18683,18683,0,0,853.3,838.3,853.3,838.3,3992,4044,0,0,0,0,0,0,0,0,0
"03353533",1,"2015","2014",0,0,0,"1",0,0,"22","D",0,0,1,"D",1,"D",0,"D",0,"D",0,"D",0,"D",9862,"D",0,"D",3204,"D",0,"D",0,"D",0,"D",0,"D",0,"D",0,0,0,0,0,0,0,0,0,0,0.01,0.01,0,0,0,0,0,0,0,0,0,0,0,0,0,0,0,0,0,0,0,0,0,0,0,0,0,0,0
"03353553",1,"2015","2014",0,0.153,0.153,"2",0.1,0.1,"0","T",0,0,0,"D",0,"D",10589,"D",16173,"D",0,"D",0,"D",0,"D",0,"D",0,"D",1400,"D",200,"D",0,"D",0,"D",0,"D",626,0,646.2,616.2,0,0,4094.59,4094.59,26762,26762,0,0,0,0,0,0,0,0,0,0,26762,26762,0,0,646.2,616.2,646.2,616.2,0,0,0,0,0,0,0,0,0,0,0
"03353563",1,"2015","2014",0,0,0,"1",0,0,"23","D",0.0175,0.0175,1,"D",1,"D",0,"D",0,"D",389,"D",3721,"D",8237,"D",0,"D",0,"D",4000,"D",0,"D",0,"D",0,"D",2400,"D",0,-1216,0,0,-1215.72,-1215.72,0,0,4110,4110,389.01,389.01,0,0,0,0,0,0,0,0,4110,4110,0,0,0,0,0,0,0,0,0,0,1200,1200,0,0,0,0,0
"03353573",1,"2015","2014",1,0.153,0.153,"2",0.15,0.15,"26","D",0.0504,0.0504,0,"D",0,"D",45000,"D",0,"D",0,"D",0,"D",4510,"D",0,"D",0,"D",2400,"D",895,"D",0,"D",1,"D",948,"D",1735,1250,1780.03,1712.53,1255.3,1247.58,6885,6885,48833.5,48833.5,48833.51,48833.51,1000,1000,0,0,0,0,0,0,48833.5,48833.5,0,0,2780.03,2712.53,2780.03,2712.53,12400,12600,0,0,0,0,0,0,0,0,0
"03353583",1,"2015","2014",1,0.153,0.153,"2",0.2343,0.2343,"50","D",0.0627,0.0627,0,"D",0,"D",94906,"D",56603,"D",42,"D",0,"D",0,"D",0,"D",0,"D",3500,"D",3468,"D",0,"D",0,"D",3068,"D",22010,8040,22117.61,21956.78,8044.55,8037.88,23180.88,23180.88,151551,151551,151551.01,151551.01,0,0,0,0,0,0,0,0,148483,148483,0,0,22117.61,21956.78,22117.61,21956.78,0,0,3068,3068,0,0,0,0,0,0,0
"03353623",1,"2015","2014",2,0,0,"3",-0.4,-0.4,"47","D",0,0,0,"D",0,"D",0,"D",0,"D",0,"D",3528,"D",0,"D",0,"D",0,"D",590,"D",0,"D",0,"D",0,"D",0,"D",0,0,0,0,0,0,0,0,3528,3528,3528.01,3528.01,0,0,0,0,0,0,0,0,3528,3528,0,0,0,0,0,0,0,0,0,0,0,0,0,0,0,0,0
"03353633",1,"2015","2014",2,0,0,"3",-0.4,-0.4,"23","D",0.0145,0.0145,0,"D",0,"D",0,"D",0,"D",0,"D",0,"D",14928,"D",0,"D",8280,"D",0,"D",0,"D",0,"D",0,"D",1200,"D",0,-800,0,0,-799.83,-799.83,0,0,0,0,0.01,0.01,0,0,0,0,0,0,0,0,0,0,0,0,0,0,0,0,0,0,0,0,680.09,680.09,0,0,0,0,0
"03353643",1,"2015","2014",0,0.153,0.153,"2",0.25,0.25,"44","D",0,0,0,"D",0,"D",59144,"D",55053,"D",-5190,"D",0,"D",0,"D",0,"D",0,"D",2700,"D",0,"D",0,"D",0,"D",3744,"D",13756,0,13889.25,13689.25,0,0,17472.14,17472.14,109007,109007,0,0,0,0,0,0,0,0,0,0,109007,109007,0,0,13889.25,13689.25,13889.25,13689.25,0,0,0,0,0,0,0,0,0,0,0
"03353663",1,"2015","2014",2,0.153,0.153,"2",0.15,0.15,"33","D",0.059,0.059,0,"D",0,"D",37294,"D",18759,"D",0,"D",0,"D",0,"D",0,"D",14400,"D",0,"D",0,"D",0,"D",2,"D",0,"D",1220,928,1270.45,1195.45,1176.25,804.31,8576.11,8576.11,56053,56053,56053.01,56053.01,2000,2000,0,0,0,0,0,0,56053,56053,0,0,3270.45,3195.45,3270.45,3195.45,15650,15850,0,0,0,0,0,0,0,0,0
"03353723",1,"2015","2014",0,0.038,0.038,"1",0.35,0.35,"24","D",0.0985,0.0985,0,"D",0,"D",228786,"D",0,"D",0,"D",0,"D",0,"D",0,"D",0,"D",3000,"D",0,"D",0,"D",0,"D",0,"D",53153,17360,53430.1,53015.1,17405.25,17337.83,21401.87,21587.87,228786,228786,228786.01,228786.01,0,0,0,0,0,0,0,0,228786,228786,2109.7,1940.95,51320.4,51074.15,51320.4,51074.15,0,0,20405.25,20337.83,0,0,0,0,0,0,0
"03353743",1,"2015","2014",0,0,0,"1",0,0,"10","D",0,0,1,"D",1,"D",0,"D",0,"D",0,"D",1835,"D",10786,"D",0,"D",0,"D",2200,"D",419,"D",0,"D",0,"D",2400,"D",0,0,0,0,0,0,0,0,1835,1835,0,0,0,0,0,0,0,0,0,0,1835,1835,0,0,0,0,0,0,0,0,0,0,0,0,0,0,0,0,0
"03353753",1,"2015","2014",2,0,0,"3",-0.4,-0.4,"19","D",-0.014,-0.014,0,"D",0,"D",0,"D",0,"D",0,"D",0,"D",0,"D",0,"D",0,"D",2500,"D",0,"D",0,"D",0,"D",2640,"D",0,0,0,0,0,0,0,0,0,0,0.01,0.01,0,0,0,0,0,0,0,0,0,0,0,0,0,0,0,0,0,0,0,0,0,0,0,0,0,0,0
"03353763",1,"2015","2014",3,0.153,0.153,"3",0.3106,0.3106,"29","D",0,0,0,"D",0,"D",34815,"D",0,"D",0,"D",0,"D",0,"D",0,"D",720,"D",0,"D",0,"D",0,"D",3,"D",0,"D",-4709,0,-4574.46,-4775.85,0,0,5326.69,5326.69,34815,34815,0,0,991.5,956.5,2008.5,2043.5,0,0,2565.96,2732.35,34815,34815,0,0,991.5,956.5,991.5,956.5,0,0,0,0,0,0,0,0,0,0,0
"03353773",1,"2015","2014",0,0,0,"2",0.149,0.149,"10","D",0,0,1,"D",1,"D",0,"D",0,"D",1728,"D",46000,"D",18548,"D",0,"D",0,"D",1700,"D",50,"D",0,"D",0,"D",14788,"D",4801,0,4820.85,4790.85,0,0,0,0,63493.8,63493.8,0,0,0,0,0,0,0,0,0,0,48705.8,48705.8,0,0,4820.85,4790.85,4820.85,4790.85,0,0,0,0,0,0,0,0,0,0,0
"03353783",1,"2015","2014",3,0.153,0.153,"3",0.1903,0.1903,"33","D",0.0645,0.0645,0,"D",0,"D",36000,"D",0,"D",41074,"D",0,"D",0,"D",0,"D",0,"D",7000,"D",0,"D",0,"D",2,"D",8924,"D",3780,3016,3770.1,3784.35,3257.34,2895.69,5508,5508,77074,77074,77074.01,77074.01,1896.3,1896.3,0,0,0,0,0,0,68150,68150,0,0,5666.4,5680.65,5666.4,5680.65,10950,11100,15924,15924,0,0,0,0,0,0,0
"03353833",1,"2015","2014",2,0,0,"3",-0.4,-0.4,"33","D",-0.12,-0.12,0,"D",0,"D",0,"D",0,"D",0,"D",0,"D",0,"D",0,"D",0,"D",8000,"D",0,"D",0,"D",0,"D",55,"D",0,-275,0,0,-275,-275,0,0,0,0,0.01,0.01,0,0,0,0,0,0,0,0,0,0,0,0,0,0,0,0,10950,11100,0,0,75,75,0,0,0,0,0
"03353893",1,"2015","2014",1,0,0,"3",-0.34,-0.34,"05","D",0,0,1,"D",1,"D",0,"D",0,"D",2,"D",1439,"D",10606,"D",0,"D",0,"D",350,"D",102,"D",0,"D",0,"D",0,"D",0,0,0,0,0,0,0,0,1441,1441,1441.01,1441.01,0,0,0,0,0,0,0,0,1441,1441,0,0,0,0,0,0,7984,8088,452,452,0,0,0,0,0,0,0
"03353913",1,"2015","2014",2,0.153,0.153,"3",0.3,0.3,"28","D",0.0684,0.0684,0,"D",0,"D",85000,"D",0,"D",1300,"D",0,"D",0,"D",0,"D",13740,"D",0,"D",325,"D",0,"D",2,"D",600,"D",9205,3594,9315,9150,3618.78,3582.08,13005,13005,86300,86300,86300.01,86300.01,1435,1435,0,0,0,0,0,0,86300,86300,0,0,10750,10585,10750,10585,9100,9250,0,0,0,0,0,0,0,0,0
"03353923",1,"2015","2014",4,0.153,0.153,"3",-0.45,-0.45,"44","D",0,0,0,"D",0,"D",2530,"D",0,"D",0,"D",0,"D",0,"D",0,"D",18000,"D",0,"D",0,"D",0,"D",1,"D",800,"D",-1139,0,-1138.5,-1138.5,0,0,387.09,387.09,2530,2530,0,0,0,0,0,0,0,0,1138.5,1138.5,2530,2530,0,0,0,0,0,0,0,0,0,0,0,0,0,0,0,0,0
"03353933",1,"2015","2014",3,0.153,0.153,"2",0.2106,0.2106,"05","D",0,0,0,"D",0,"D",30000,"D",0,"D",0,"D",0,"D",0,"D",0,"D",10200,"D",0,"D",0,"D",0,"D",2,"D",0,"D",-6844,0,-6723.56,-6904.69,0,0,4590,4590,30000,30000,30000.01,30000.01,0,0,2000,2000,0,0,4723.56,4904.69,30000,30000,0,0,0,0,0,0,7984,8088,0,0,0,0,0,0,0,0,0
"03354043",1,"2015","2014",0,0.153,0.153,"1",0.1765,0.1765,"34","D",0.0575,0.058,0,"D",0,"D",12708,"D",0,"D",0,"D",0,"D",0,"D",0,"D",0,"D",310,"D",0,"D",0,"D",0,"D",600,"D",90,300,111.55,78.84,302.06,299.46,1944.32,1944.32,12708,12708,12708.01,12708.01,0,0,0,0,0,0,144.25,161.96,12708,12708,0,0,255.8,240.8,255.8,240.8,7500,7500,910,910,0,0,0,0,0,0,0
"03354053",1,"2015","2014",2,0,0,"3",-0.4,-0.4,"0","T",0,0,0,"D",0,"D",0,"D",0,"D",0,"D",0,"D",0,"D",0,"D",0,"D",3200,"D",0,"D",0,"D",0,"D",6065,"D",0,0,0,0,0,0,0,0,0,0,0,0,0,0,0,0,0,0,0,0,0,0,0,0,0,0,0,0,0,0,0,0,0,0,0,0,0,0,0
"03354093",1,"2015","2014",2,0.153,0.153,"3",0.1489,0.1489,"05","D",0.06,0.06,0,"D",0,"D",81453,"D",0,"D",-7747,"D",0,"D",0,"D",0,"D",0,"D",3700,"D",100,"D",0,"D",2,"D",11868,"D",4102,849,4123.84,4091.34,871,838.13,12462.31,12462.31,73706,73706,73706.01,73706.01,2000,2000,0,0,0,0,0,0,61838,61838,0,0,6123.84,6091.34,6123.84,6091.34,7984,8088,15668,15668,0,0,0,0,0,0,0
"03354103",1,"2015","2014",2,0.153,0.153,"3",0.3606,0.3606,"44","D",0,0,0,"D",0,"D",36000,"D",0,"D",-480,"D",0,"D",0,"D",0,"D",0,"D",600,"D",0,"D",0,"D",0,"D",356,"D",-236,0,-95.4,-305.79,0,0,5508,5508,35520,35520,0,0,0,0,0,0,0,0,1633.4,1788.79,35520,35520,0,0,1538,1483,1538,1483,0,0,0,0,0,0,0,0,0,0,0
"03354103",2,"2015","2014",2,0,0,"3",-0.4,-0.4,"44","D",0,0,0,"D",0,"D",0,"D",0,"D",0,"D",0,"D",0,"D",0,"D",0,"D",0,"D",0,"D",0,"D",0,"D",0,"D",0,0,0,0,0,0,0,0,0,0,0,0,0,0,0,0,0,0,0,0,0,0,0,0,0,0,0,0,0,0,0,0,0,0,0,0,0,0,0
"03354123",1,"2015","2014",0,0.153,0.153,"1",0.15,0.15,"25","D",0.05,0.05,0,"D",0,"D",27000,"D",0,"D",0,"D",0,"D",0,"D",0,"D",0,"D",100,"D",0,"D",0,"D",0,"D",0,"D",2054,785,2073.75,2043.75,785,785,4131,4131,27000,27000,27000.01,27000.01,0,0,0,0,0,0,0,0,27000,27000,0,0,2073.75,2043.75,2073.75,2043.75,2300,2300,100,100,0,0,0,0,0,0,0
"03354123",2,"2015","2014",0,0.153,0.153,"1",0.15,0.15,"25","D",0.05,0.05,0,"D",0,"D",25440,"D",0,"D",0,"D",0,"D",0,"D",0,"D",0,"D",0,"D",0,"D",0,"D",0,"D",0,"D",1820,707,1839.75,1809.75,707,707,3892.32,3892.32,25440,25440,25440.01,25440.01,0,0,0,0,0,0,0,0,25440,25440,0,0,1839.75,1809.75,1839.75,1809.75,2300,2300,0,0,0,0,0,0,0,0,0
"03354133",1,"2015","2014",0,0,0,"1",0.15,0.15,"12","D",0.076,0.076,1,"D",1,"D",0,"D",0,"D",0,"D",34296,"D",6562,"D",0,"D",0,"D",200,"D",20,"D",0,"D",0,"D",0,"D",3752,1760,3772.31,3742.31,1760.01,1760.01,0,0,39873.7,39873.7,34296.01,34296.01,0,0,0,0,0,0,0,0,39873.7,39873.7,0,0,3772.31,3742.31,3772.31,3742.31,2200,2200,1980.01,1980.01,0,0,0,0,0,0,0
"03354153",1,"2015","2014",1,0.153,0.153,"3",0.2598,0.2598,"05","D",0,0,0,"D",0,"D",25769,"D",0,"D",0,"D",0,"D",0,"D",0,"D",8100,"D",0,"D",0,"D",0,"D",0,"D",0,"D",-1246,0,-1159.45,-1289.58,0,0,3942.66,3942.66,25769,25769,25769.01,25769.01,0,0,0,0,0,0,2036.35,2141.48,25769,25769,0,0,876.9,851.9,876.9,851.9,7984,8088,0,0,0,0,0,0,0,0,0
"03354203",1,"2015","2014",0,0.153,0.153,"1",0.2361,0.2361,"26","D",0.0554,0.0554,0,"D",0,"D",70000,"D",0,"D",-818,"D",0,"D",0,"D",0,"D",0,"D",1200,"D",0,"D",0,"D",0,"D",2228,"D",10514,2973,10564.02,10489.02,2972.94,2972.94,10710,10710,69182,69182,69182.01,69182.01,0,0,0,0,0,0,0,0,66954,66954,0,0,10564.02,10489.02,10564.02,10489.02,0,0,8783,8783,0,0,0,0,0,0,0
"03354213",1,"2015","2014",3,0.153,0.153,"2",0.15,0.1425,"14","D",0.0375,0.05,0,"D",0,"D",43422,"D",43211,"D",0,"D",0,"D",0,"D",0,"D",0,"D",2400,"D",240,"D",0,"D",2,"D",6620,"D",5183,3044,5183.89,5182.45,3680.4,2725.61,13254.85,13254.85,86633,86633,86633.01,86633.01,2000,2000,0,0,0,0,0,0,80013,86633,0,0,7183.89,7182.45,7183.89,7182.45,0,0,0,0,120,120,0,0,0,0,0
"03354223",1,"2015","2014",0,0,0,"1",0,0,"0","T",0,0,1,"D",1,"D",0,"D",0,"D",0,"D",0,"D",13937,"D",0,"D",0,"D",0,"D",0,"D",0,"D",0,"D",0,"D",0,0,0,0,0,0,0,0,0,0,0,0,0,0,0,0,0,0,0,0,0,0,0,0,0,0,0,0,0,0,0,0,0,0,0,0,0,0,0
"03354243",1,"2015","2014",0,0.153,0.153,"1",0.15,0.15,"48","D",0,0,0,"D",0,"D",36055,"D",0,"D",-600,"D",0,"D",4040,"D",0,"D",0,"D",740,"D",3921,"D",0,"D",0,"D",240,"D",3837,0,3857.1,3827.1,0,0,5516.41,5516.41,38889,38889,0,0,0,0,0,0,0,0,0,0,38889,38889,0,0,3857.1,3827.1,3857.1,3827.1,0,0,0,0,0,0,0,0,0,0,0
"03354263",1,"2015","2014",0,0,0,"1",0,0,"06","D",0,0,1,"D",1,"D",0,"D",0,"D",0,"D",0,"D",13942,"D",0,"D",0,"D",730,"D",0,"D",0,"D",0,"D",800,"D",0,-9,0,0,0,-13,0,0,0,0,0,0,0,0,0,0,0,0,0,0,0,0,0,0,0,0,0,0,0,0,0,0,0,0,0,0,0,0,0
"03354273",1,"2015","2014",1,0,0,"3",-0.34,-0.34,"18","D",0,0,0,"D",0,"D",0,"D",0,"D",302,"D",0,"D",0,"D",0,"D",3036,"D",0,"D",30,"D",0,"D",0,"D",15,"D",0,0,0,0,0,0,0,0,302,302,302.01,302.01,0,0,0,0,0,0,0,0,302,302,0,0,0,0,0,0,2400,2440,45,45,0,0,0,0,0,0,0
"03354283",1,"2015","2014",1,0.153,0.153,"3",0.2598,0.2598,"44","D",0,0,0,"D",0,"D",25000,"D",0,"D",0,"D",0,"D",0,"D",0,"D",9180,"D",0,"D",0,"D",0,"D",0,"D",0,"D",-1446,0,-1359.23,-1489.37,0,0,3825,3825,25000,25000,0,0,0,0,0,0,0,0,2159.23,2264.37,25000,25000,0,0,800,775,800,775,0,0,0,0,0,0,0,0,0,0,0
"03354353",1,"2015","2014",0,0.153,0.153,"1",0.2362,0.2362,"07","D",0.055,0.055,0,"D",0,"D",91000,"D",0,"D",0,"D",0,"D",0,"D",0,"D",13920,"D",0,"D",35,"D",0,"D",0,"D",6000,"D",14871,4755,14921.25,14846.25,4755,4755,13923,13923,91000,91000,91000.01,91000.01,0,0,0,0,0,0,0,0,85000,85000,0,0,14921.25,14846.25,14921.25,14846.25,0,0,0,0,0,0,0,0,0,0,0
"03354363",1,"2015","2014",0,0.153,0.153,"1",0.15,0.15,"03","D",0.0336,0.0336,0,"D",0,"D",36000,"D",0,"D",0,"D",0,"D",0,"D",0,"D",15000,"D",0,"D",15,"D",0,"D",0,"D",0,"D",3404,818,3423.75,3393.75,821.74,816.55,5508,5508,36000,36000,36000.01,36000.01,0,0,0,0,0,0,0,0,36000,36000,0,0,3423.75,3393.75,3423.75,3393.75,5009,5091,836.74,831.55,0,0,0,0,0,0,0
"03354363",2,"2015","2014",0,0.153,0.153,"1",0.1765,0.1765,"03","D",0.0259,0.0259,0,"D",0,"D",12000,"D",0,"D",0,"D",0,"D",0,"D",0,"D",0,"D",0,"D",0,"D",0,"D",0,"D",0,"D",-35,100,-13.41,-46.12,101.68,99.55,1836,1836,12000,12000,12000.01,12000.01,0,0,0,0,0,0,198.41,216.12,12000,12000,0,0,185,170,185,170,5009,5091,230.91,230.91,0,0,0,0,0,0,0
"03354373",1,"2015","2014",2,0.153,0.153,"3",0.3106,0.3106,"10","D",0,0,0,"D",0,"D",33000,"D",0,"D",0,"D",0,"D",0,"D",0,"D",0,"D",340,"D",1488,"D",0,"D",1,"D",3228,"D",-2184,0,-2060.2,-2245.59,0,0,5049,5049,33000,33000,0,0,1000,1000,0,0,0,0,2265.2,2420.59,33000,33000,0,0,1205,1175,1205,1175,0,0,0,0,0,0,0,0,0,0,0
"03354373",2,"2015","2014",0,0.153,0.153,"1",0.15,0.15,"10","D",0,0,0,"D",0,"D",27000,"D",0,"D",0,"D",0,"D",0,"D",0,"D",0,"D",0,"D",0,"D",0,"D",0,"D",0,"D",2054,0,2073.75,2043.75,0,0,4131,4131,27000,27000,0,0,0,0,0,0,0,0,0,0,27000,27000,0,0,2073.75,2043.75,2073.75,2043.75,0,0,0,0,0,0,0,0,0,0,0
"03354373",3,"2015","2014",0,0.153,0.153,"1",0.15,0.15,"10","D",0,0,0,"D",0,"D",20000,"D",0,"D",0,"D",0,"D",0,"D",0,"D",0,"D",0,"D",0,"D",0,"D",0,"D",0,"D",1004,0,1023.75,993.75,0,0,3060,3060,20000,20000,0,0,0,0,0,0,0,0,0,0,20000,20000,0,0,1023.75,993.75,1023.75,993.75,0,0,0,0,0,0,0,0,0,0,0
"03354383",1,"2015","2014",2,0.153,0.0752,"2",0.2356,0.2355,"34","D",0.0575,0.058,0,"D",0,"D",70000,"D",118000,"D",-24263,"D",0,"D",0,"D",0,"D",0,"D",960,"D",1200,"D",0,"D",2,"D",4292,"D",24823,8577,24927.06,24770.66,8626.75,8552.38,28640,28764,163737,163737,163737.01,163737.01,0,0,0,0,0,0,0,0,159445,159445,0,0,24927.06,24770.66,24927.06,24770.66,15000,15000,5252,5252,0,0,0,0,0,0,0
"03354393",1,"2015","2014",2,0.0698,0.0698,"2",0.3287,0.3803,"10","D",0,0,0,"D",0,"D",78983,"D",228786,"D",0,"D",0,"D",0,"D",0,"D",0,"D",3300,"D",95,"D",0,"D",2,"D",17424,"D",64440,0,64827.66,64245.83,0,0,33747.11,33933.11,307769,307769,0,0,0,0,0,0,0,0,0,0,290345,290345,0,0,64827.66,64245.83,64827.66,64245.83,0,0,0,0,0,0,0,0,0,0,0
"03354403",1,"2015","2014",3,0.153,0.153,"2",0,0,"05","D",0,0,0,"D",0,"D",21089,"D",0,"D",0,"D",0,"D",0,"D",0,"D",0,"D",2300,"D",0,"D",0,"D",2,"D",16872,"D",-8209,0,-8143,-8242,0,0,3226.62,3226.62,21089,21089,21089.01,21089.01,0,0,2000,2000,0,0,6143,6242,21089,21089,0,0,0,0,0,0,7984,8088,19172,19172,0,0,0,0,0,0,0
"03354413",1,"2015","2014",0,0.153,0.153,"2",0,0,"10","D",0,0,2,"D",2,"D",14631,"D",6652,"D",0,"D",0,"D",0,"D",0,"D",0,"D",800,"D",100,"D",0,"D",0,"D",0,"D",0,0,0,0,0,0,3256.3,3256.3,21283,21283,0,0,0,0,0,0,0,0,0,0,21283,21283,0,0,0,0,0,0,0,0,0,0,0,0,0,0,0,0,0
"03354423",1,"2015","2014",0,0.153,0.153,"2",0.15,0.15,"05","D",0.06,0.06,0,"D",0,"D",41000,"D",35000,"D",-1300,"D",0,"D",0,"D",0,"D",11700,"D",0,"D",240,"D",0,"D",0,"D",0,"D",7213,1594,7252.5,7192.5,1617.24,1582.38,11628,11628,74700,74700,74700.01,74700.01,0,0,0,0,0,0,0,0,74700,74700,0,0,7252.5,7192.5,7252.5,7192.5,7984,8088,240,240,0,0,0,0,0,0,0
"03354433",1,"2015","2014",0,0.153,0.153,"1",0.1489,0.1489,"10","D",0,0,0,"D",0,"D",43082,"D",0,"D",0,"D",0,"D",0,"D",0,"D",0,"D",6000,"D",0,"D",0,"D",0,"D",0,"D",4424,0,4434.34,4419.34,0,0,6591.55,6591.55,43082,43082,0,0,0,0,0,0,0,0,0,0,43082,43082,0,0,4434.34,4419.34,4434.34,4419.34,0,0,0,0,0,0,0,0,0,0,0
"03354463",1,"2015","2014",0,0.029,0.029,"2",0.242,0.242,"03","D",0.0325,0.0325,0,"D",0,"D",0,"D",138490,"D",-6500,"D",0,"D",6200,"D",0,"D",0,"D",4600,"D",21140,"D",0,"D",0,"D",0,"D",16762,3026,16861.23,16712.28,3029.24,3024.52,18524.21,18710.21,137260,137260,131990.01,131990.01,0,0,0,0,0,0,0,0,137260,137260,0,0,16861.23,16712.28,16861.23,16712.28,10018,10182,28765.08,28760.86,0,0,0,0,0,0,0
"03354473",1,"2015","2014",0,0.153,0.153,"1",0.2406,0.2375,"14","D",0.0375,0.05,0,"D",0,"D",94000,"D",0,"D",-5513,"D",0,"D",0,"D",0,"D",0,"D",1600,"D",200,"D",0,"D",0,"D",2812,"D",14908,3518,14777.98,14973.09,4238.1,3157.64,14382,14382,88487,88487,88487.01,88487.01,0,0,0,0,0,0,0,0,85675,85675,0,0,14777.98,14973.09,14777.98,14973.09,0,0,0,0,80,80,0,0,0,0,0
"03354493",1,"2015","2014",0,0,0,"1",0,0,"0","T",0,0,1,"D",1,"D",0,"D",0,"D",0,"D",0,"D",11542,"D",0,"D",2412,"D",0,"D",0,"D",0,"D",0,"D",0,"D",0,0,0,0,0,0,0,0,0,0,0,0,0,0,0,0,0,0,0,0,0,0,0,0,0,0,0,0,0,0,0,0,0,0,0,0,0,0,0
"03354553",1,"2015","2014",0,0,0,"1",0,0,"07","D",0,0,1,"D",1,"D",0,"D",0,"D",3087,"D",0,"D",20662,"D",0,"D",0,"D",10000,"D",200,"D",0,"D",0,"D",0,"D",0,0,0,0,0,0,0,0,3087,3087,3087.01,3087.01,0,0,0,0,0,0,0,0,3087,3087,0,0,0,0,0,0,0,0,0,0,0,0,0,0,0,0,0
"03354563",1,"2015","2014",1,0.153,0.153,"2",0.1444,0.1425,"14","D",0.0375,0.05,0,"D",0,"D",35250,"D",30000,"D",0,"D",0,"D",0,"D",0,"D",0,"D",3000,"D",0,"D",0,"D",1,"D",10840,"D",3656,2301,3607.44,3680.75,2793.75,2055,9983.25,9983.25,65250,65250,65250.01,65250.01,1000,1000,0,0,0,0,0,0,54410,54410,0,0,4607.44,4680.75,4607.44,4680.75,0,0,0,0,150,150,0,0,0,0,0
"03354573",1,"2015","2014",0,0.153,0.153,"2",0.15,0.15,"43","D",0,0,0,"D",0,"D",50000,"D",20000,"D",-10900,"D",0,"D",0,"D",0,"D",0,"D",1200,"D",0,"D",0,"D",0,"D",5592,"D",4873,0,4912.5,4852.5,0,0,10710,10710,59100,59100,0,0,0,0,0,0,0,0,0,0,59100,59100,0,0,4912.5,4852.5,4912.5,4852.5,0,0,0,0,0,0,0,0,0,0,0
"03354603",1,"2015","2014",0,0.153,0.153,"1",0.25,0.25,"02","D",0,0,0,"D",0,"D",75000,"D",0,"D",2020,"D",0,"D",0,"D",0,"D",13800,"D",0,"D",163,"D",0,"D",0,"D",0,"D",12507,0,12573.75,12473.75,0,0,11475,11475,77020,77020,0,0,0,0,0,0,0,0,0,0,77020,77020,0,0,12573.75,12473.75,12573.75,12473.75,0,0,0,0,0,0,0,0,0,0,0
"03354623",1,"2015","2014",1,0.153,0.153,"3",0,0.1,"01","D",0.05,0.05,0,"D",0,"D",17096,"D",0,"D",0,"D",0,"D",0,"D",0,"D",8640,"D",0,"D",303,"D",0,"D",0,"D",2400,"D",-3338,380,-3295.4,-3359,379.8,379.8,2615.69,2615.69,17096,17096,17096.01,17096.01,0,0,0,0,0,0,3305,3359,17096,17096,0,0,9.6,0,9.6,0,4700,4700,4010.84,4010.84,0,0,0,0,0,0,0
"03354633",1,"2015","2014",0,0.038,0.038,"2",0.258,0.258,"24","D",0.0785,0.0785,0,"D",0,"D",127000,"D",150000,"D",-27800,"D",0,"D",0,"D",0,"D",0,"D",6500,"D",1101,"D",0,"D",0,"D",21288,"D",42510,14510,42652.71,42439.05,14533.47,14498.33,37292,37664,249200,249200,249200.01,249200.01,0,0,0,0,0,0,0,0,227912,227912,0,0,42652.71,42439.05,42652.71,42439.05,0,0,43422.47,43387.33,0,0,0,0,0,0,0
"03354703",1,"2015","2014",2,0,0,"3",0.434,0.434,"44","D",0,0,0,"D",0,"D",0,"D",0,"D",515754,"D",0,"D",0,"D",0,"D",0,"D",2500,"D",467,"D",0,"D",0,"D",0,"D",164364,0,164906.44,164092.24,0,0,0,0,515754,515754,0,0,0,0,0,0,0,0,0,0,515754,515754,0,0,152907.78,152093.58,152907.78,152093.58,0,0,0,0,0,0,0,0,0,0,0
"03354713",1,"2015","2014",1,0.153,0.153,"3",0.1429,0.1429,"21","D",0.0475,0.0475,0,"D",0,"D",58000,"D",0,"D",0,"D",0,"D",0,"D",0,"D",0,"D",3000,"D",0,"D",0,"D",1,"D",10176,"D",3609,1773,3625.2,3600.2,1772.64,1772.64,8874,8874,58000,58000,58000.01,58000.01,1000,1000,0,0,0,0,0,0,47824,47824,0,0,4625.2,4600.2,4625.2,4600.2,4000,4000,13176,13176,0,0,0,0,0,0,0
"03354713",2,"2015","2014",0,0.153,0.153,"1",0.25,0.25,"21","D",0.0475,0.0475,0,"D",0,"D",50000,"D",0,"D",0,"D",0,"D",0,"D",0,"D",0,"D",0,"D",0,"D",0,"D",0,"D",0,"D",5752,2076,5818.75,5718.75,2075.5,2075.5,7650,7650,50000,50000,50000.01,50000.01,0,0,0,0,0,0,0,0,50000,50000,0,0,5818.75,5718.75,5818.75,5718.75,2000,2000,0,0,0,0,0,0,0,0,0
"03354733",1,"2015","2014",2,0,0,"3",-0.4,-0.4,"45","D",0,0,0,"D",0,"D",0,"D",0,"D",0,"D",0,"D",0,"D",0,"D",0,"D",1100,"D",0,"D",0,"D",0,"D",186,"D",0,0,0,0,0,0,0,0,0,0,0.01,0.01,0,0,0,0,0,0,0,0,0,0,0,0,0,0,0,0,0,0,0,0,0,0,0,0,0,0,0
"03354743",1,"2015","2014",0,0,0,"1",0,0,"43","D",0,0,1,"D",1,"D",0,"D",0,"D",0,"D",0,"D",10522,"D",0,"D",0,"D",60,"D",38,"D",0,"D",0,"D",680,"D",0,0,0,0,0,0,0,0,0,0,0,0,0,0,0,0,0,0,0,0,0,0,0,0,0,0,0,0,0,0,0,0,0,0,0,0,0,0,0
"03354783",1,"2015","2014",0,0.153,0.153,"1",0.15,0.15,"0","T",0,0,0,"D",0,"D",30000,"D",0,"D",-320,"D",0,"D",0,"D",0,"D",4980,"D",0,"D",18,"D",0,"D",0,"D",20,"D",2456,0,2475.75,2445.75,0,0,4590,4590,29680,29680,0,0,0,0,0,0,0,0,0,0,29680,29680,0,0,2475.75,2445.75,2475.75,2445.75,0,0,0,0,0,0,0,0,0,0,0
"03354783",2,"2015","2014",0,0.153,0.153,"1",0.1,0.1,"0","T",0,0,0,"D",0,"D",18000,"D",0,"D",0,"D",0,"D",0,"D",0,"D",0,"D",0,"D",0,"D",0,"D",0,"D",0,"D",775,0,785,770,0,0,2754,2754,18000,18000,0,0,0,0,0,0,0,0,0,0,18000,18000,0,0,785,770,785,770,0,0,0,0,0,0,0,0,0,0,0
"03354803",1,"2015","2014",3,0.029,0.029,"2",0.2698,0.2698,"01","D",0.0365,0.0365,0,"D",0,"D",228786,"D",0,"D",-12801,"D",0,"D",0,"D",0,"D",0,"D",2500,"D",10,"D",0,"D",3,"D",5660,"D",37548,7787,37726.69,37459.05,7781.89,7789.53,21142.79,21328.79,215985,215985,215985.01,215985.01,0,0,0,0,0,0,0,0,210325,210325,0,0,37726.69,37459.05,37726.69,37459.05,4000,4000,17120.5,17235.25,0,0,0,0,0,0,0
"03354833",1,"2015","2014",0,0.153,0.153,"2",0.15,0.15,"21","D",0.0475,0.0475,0,"D",0,"D",11336,"D",50000,"D",0,"D",0,"D",0,"D",0,"D",0,"D",1000,"D",140,"D",0,"D",0,"D",2540,"D",5208,2310,5247.9,5187.9,2309.96,2309.96,9384.41,9384.41,61336,61336,60136.01,60136.01,0,0,0,0,0,0,0,0,61336,61336,0,0,5247.9,5187.9,5247.9,5187.9,4000,4000,0,0,0,0,0,0,0,0,0
"03354833",2,"2015","2014",1,0,0,"3",-0.34,-0.34,"21","D",-0.0867,-0.085,0,"D",0,"D",0,"D",0,"D",0,"D",0,"D",0,"D",0,"D",0,"D",0,"D",0,"D",0,"D",0,"D",0,"D",0,0,0,0,0,0,0,0,0,0,0.01,0.01,0,0,0,0,0,0,0,0,0,0,0,0,0,0,0,0,3000,3000,0,0,0,0,0,0,0,0,0
"03354853",1,"2015","2014",3,0.038,0.038,"2",0.396,0.396,"48","D",0,0,0,"D",0,"D",241175,"D",253310,"D",21874,"D",0,"D",0,"D",0,"D",0,"D",3000,"D",3654,"D",0,"D",3,"D",0,"D",146541,0,147151.88,146235.68,0,0,45556.43,45928.43,516359,516359,0,0,0,0,0,0,0,0,0,0,516359,516359,0,0,146320.66,145404.46,146320.66,145404.46,0,0,0,0,0,0,0,0,0,0,0
"03354863",1,"2015","2014",1,0.153,0.153,"3",-0.34,-0.34,"05","D",0,0,0,"D",0,"D",2000,"D",0,"D",0,"D",0,"D",0,"D",0,"D",0,"D",2000,"D",20,"D",0,"D",0,"D",240,"D",-680,0,-680,-680,0,0,306,306,2000,2000,2000.01,2000.01,0,0,0,0,0,0,680,680,2000,2000,0,0,0,0,0,0,7984,8088,2260,2260,0,0,0,0,0,0,0
"03354883",1,"2015","2014",0,0,0,"1",0.15,0.15,"36","D",0.0297,0.0317,0,"D",0,"D",0,"D",0,"D",35000,"D",0,"D",0,"D",0,"D",7800,"D",0,"D",0,"D",0,"D",0,"D",0,"D",3254,679,3273.75,3243.75,709.17,664.47,0,0,35000,35000,35000.01,35000.01,0,0,0,0,0,0,0,0,35000,35000,0,0,3273.75,3243.75,3273.75,3243.75,0,0,0,0,0,0,0,0,0,0,0
"03354903",1,"2015","2014",3,0,0,"3",-0.45,-0.45,"05","D",0,0,0,"D",0,"D",0,"D",0,"D",815,"D",0,"D",0,"D",746,"D",0,"D",0,"D",0,"D",0,"D",3,"D",0,"D",0,0,0,0,0,0,0,0,815,815,815.01,815.01,0,0,0,0,0,0,0,0,815,815,0,0,0,0,0,0,7984,8088,0,0,0,0,0,0,0,0,0
"03354923",1,"2015","2014",0,0.153,0.153,"1",0.1417,0.1417,"31","D",0.0552,0.0552,0,"D",0,"D",56807,"D",0,"D",0,"D",0,"D",0,"D",0,"D",0,"D",10600,"D",0,"D",0,"D",0,"D",21548,"D",2487,1038,2496.85,2481.85,1038.34,1038.34,8691.47,8691.47,56807,56807,56807.01,56807.01,0,0,0,0,0,0,0,0,35259,35259,0,0,2496.85,2481.85,2496.85,2481.85,0,0,0,0,0,0,0,0,0,0,0
"03354964",1,"2015","2014",1,0.153,0.153,"3",0.1,0.1,"36","D",0,0,0,"D",0,"D",17443,"D",0,"D",0,"D",0,"D",0,"D",0,"D",4200,"D",0,"D",10,"D",0,"D",0,"D",0,"D",-3313,0,-3260.7,-3339.7,0,0,2668.78,2668.78,17443,17443,17443.01,17443.01,0,0,0,0,0,0,3305,3359,17443,17443,0,0,44.3,19.3,44.3,19.3,0,0,0,0,0,0,0,0,330.5,335.9,0
"03355043",1,"2015","2014",0,0.153,0.153,"2",0.15,0.15,"10","D",0,0,0,"D",0,"D",53610,"D",36448,"D",0,"D",0,"D",0,"D",0,"D",0,"D",1500,"D",255,"D",0,"D",0,"D",4656,"D",9516,0,9556.2,9496.2,0,0,13778.87,13778.87,90058,90058,0,0,0,0,0,0,0,0,0,0,90058,90058,0,0,9556.2,9496.2,9556.2,9496.2,0,0,0,0,0,0,0,0,0,0,0
"03355043",2,"2015","2014",2,0,0,"3",-0.4,-0.4,"10","D",0,0,0,"D",0,"D",0,"D",0,"D",0,"D",0,"D",0,"D",0,"D",0,"D",0,"D",0,"D",0,"D",0,"D",0,"D",0,0,0,0,0,0,0,0,0,0,0,0,0,0,0,0,0,0,0,0,0,0,0,0,0,0,0,0,0,0,0,0,0,0,0,0,0,0,0
"03355043",3,"2015","2014",2,0,0,"3",-0.4,-0.4,"10","D",0,0,0,"D",0,"D",0,"D",0,"D",0,"D",0,"D",0,"D",0,"D",0,"D",0,"D",0,"D",0,"D",0,"D",0,"D",0,0,0,0,0,0,0,0,0,0,0,0,0,0,0,0,0,0,0,0,0,0,0,0,0,0,0,0,0,0,0,0,0,0,0,0,0,0,0
"03355053",1,"2015","2014",0,0.153,0.153,"1",0.15,0.15,"36","D",0.0347,0.037,0,"D",0,"D",45000,"D",0,"D",0,"D",0,"D",0,"D",0,"D",9320,"D",0,"D",900,"D",0,"D",0,"D",0,"D",4754,997,4773.75,4743.75,1041.13,975.49,6885,6885,45000,45000,45000.01,45000.01,0,0,0,0,0,0,0,0,45000,45000,0,0,4773.75,4743.75,4773.75,4743.75,0,0,0,0,0,0,0,0,0,0,0
"03355073",1,"2015","2014",0,0.153,0.153,"1",0.15,0.15,"21","D",0.0475,0.0475,0,"D",0,"D",46966,"D",0,"D",0,"D",0,"D",0,"D",0,"D",9120,"D",0,"D",0,"D",0,"D",0,"D",0,"D",5049,1931,5068.65,5038.65,1931.39,1931.39,7185.8,7185.8,46966,46966,46966.01,46966.01,0,0,0,0,0,0,0,0,46966,46966,0,0,5068.65,5038.65,5068.65,5038.65,2000,2000,0,0,0,0,0,0,0,0,0
"03355103",1,"2015","2014",0,0,0,"2",0.15,0.15,"0","T",0,0,2,"D",2,"D",0,"D",0,"D",0,"D",20000,"D",43102,"D",0,"D",0,"D",110,"D",665,"D",0,"D",0,"D",0,"D",181,0,207.55,167.55,0,0,0,0,24775.5,24775.5,0,0,0,0,0,0,0,0,0,0,24775.5,24775.5,0,0,207.55,167.55,207.55,167.55,0,0,0,0,0,0,0,0,0,0,0
"03355113",1,"2015","2014",0,0.029,0.029,"2",0.28,0.28,"10","D",0,0,2,"D",2,"D",0,"D",241175,"D",0,"D",0,"D",0,"D",0,"D",43356,"D",0,"D",75,"D",0,"D",0,"D",0,"D",48215,0,48420,48112.5,0,0,21502.07,21688.07,241175,241175,0,0,0,0,0,0,0,0,0,0,241175,241175,0,0,48420,48112.5,48420,48112.5,0,0,0,0,0,0,0,0,0,0,0
"03355123",1,"2015","2014",0,0.153,0.153,"1",0.2324,0.2324,"24","D",0.0705,0.0705,0,"D",0,"D",99220,"D",0,"D",0,"D",0,"D",0,"D",0,"D",0,"D",3500,"D",50,"D",0,"D",0,"D",14956,"D",13751,4986,13799.23,13726.45,4992.06,4983.19,15180.66,15180.66,99220,99220,99220.01,99220.01,0,0,0,0,0,0,0,0,84264,84264,0,0,13799.24,13726.45,13799.23,13726.45,0,0,23498.06,23489.19,0,0,0,0,0,0,0
"03355123",2,"2015","2014",0,0.153,0.153,"1",0.15,0.15,"24","D",0.0705,0.0705,0,"D",0,"D",39724,"D",0,"D",0,"D",0,"D",0,"D",0,"D",0,"D",0,"D",0,"D",0,"D",0,"D",0,"D",3962,1655,3982.35,3952.35,1665.17,1649.24,6077.77,6077.77,39724,39724,39724.01,39724.01,0,0,0,0,0,0,0,0,39724,39724,0,0,3982.35,3952.35,3982.35,3952.35,6200,6300,0,0,0,0,0,0,0,0,0
"03355133",1,"2015","2014",3,0.153,0.153,"3",0,0,"19","D",0.04,0.04,0,"D",0,"D",14400,"D",0,"D",0,"D",0,"D",0,"D",0,"D",7200,"D",0,"D",0,"D",0,"D",1,"D",2400,"D",-7209,-167,-7143,-7242,-129,-186.47,2203.2,2203.2,14400,14400,14400.01,14400.01,0,0,1000,1000,0,0,6143,6242,14400,14400,0,0,0,0,0,0,0,0,0,0,0,0,0,0,215.01,218.47,0
"03355173",1,"2015","2014",2,0,0,"3",0,0,"44","D",0,0,0,"D",0,"D",0,"D",0,"D",12077,"D",4000,"D",0,"D",0,"D",0,"D",1800,"D",120,"D",0,"D",0,"D",240,"D",0,0,0,0,0,0,0,0,16077,16077,0,0,0,0,0,0,0,0,0,0,16077,16077,0,0,0,0,0,0,0,0,0,0,0,0,0,0,0,0,0
"03355203",1,"2015","2014",0,0,0,"1",0,0,"37","D",0,0,1,"D",1,"D",0,"D",0,"D",0,"D",1414,"D",18463,"D",0,"D",0,"D",210,"D",63,"D",0,"D",0,"D",0,"D",0,-40,0,0,-40,-40,0,0,1414,1414,0.01,0.01,0,0,0,0,0,0,0,0,1414,1414,0,0,0,0,0,0,6200,6300,0,0,0,0,0,0,0,0,0
"03355213",1,"2015","2014",2,0.153,0.153,"2",0.3106,0.3106,"17","D",0.0628,0.0628,0,"D",0,"D",20000,"D",12000,"D",-350,"D",0,"D",0,"D",0,"D",0,"D",1500,"D",400,"D",0,"D",2,"D",0,"D",-5414,-216,-5274.36,-5484.49,-196.79,-225.71,4896,4896,31650,31650,32000.01,32000.01,345,305,1655,1695,0,0,3619.36,3789.49,31650,31650,0,0,345,305,345,305,7500,7500,0,0,0,0,0,0,615.29,644.21,0
"03355233",1,"2015","2014",0,0,0,"1",0.25,0.2483,"48","D",0,0,1,"D",0,"D",0,"D",0,"D",67,"D",64000,"D",0,"D",0,"D",0,"D",4970,"D",915,"D",0,"D",0,"D",0,"D",8974,0,9226.8,8848,0,0,0,0,64067,64067,0,0,0,0,0,0,0,0,0,0,64067,64067,0,0,9226.8,8848,9226.8,8848,0,0,0,0,0,0,0,0,0,0,0
"03355273",1,"2015","2014",0,0.153,0.153,"1",0.15,0.15,"0","T",0,0,0,"D",0,"D",30000,"D",0,"D",0,"D",0,"D",0,"D",0,"D",0,"D",800,"D",0,"D",0,"D",0,"D",0,"D",2504,0,2523.75,2493.75,0,0,4590,4590,30000,30000,0,0,0,0,0,0,0,0,0,0,30000,30000,0,0,2523.75,2493.75,2523.75,2493.75,0,0,0,0,0,0,0,0,0,0,0
"03355273",2,"2015","2014",0,0.153,0.153,"1",0.15,0.15,"0","T",0,0,0,"D",0,"D",30000,"D",0,"D",0,"D",0,"D",0,"D",0,"D",0,"D",0,"D",0,"D",0,"D",0,"D",0,"D",2504,0,2523.75,2493.75,0,0,4590,4590,30000,30000,0,0,0,0,0,0,0,0,0,0,30000,30000,0,0,2523.75,2493.75,2523.75,2493.75,0,0,0,0,0,0,0,0,0,0,0
"03355273",3,"2015","2014",0,0.153,0.153,"1",0.1765,0.1765,"0","T",0,0,0,"D",0,"D",11400,"D",0,"D",0,"D",0,"D",0,"D",0,"D",0,"D",0,"D",0,"D",0,"D",0,"D",0,"D",-141,0,-119.31,-152.02,0,0,1744.2,1744.2,11400,11400,0,0,0,0,0,0,0,0,244.31,262.02,11400,11400,0,0,125,110,125,110,0,0,0,0,0,0,0,0,0,0,0
"03355293",1,"2015","2014",0,0.153,0.153,"2",0.2423,0.2423,"39","D",0.0307,0.0307,0,"D",0,"D",70000,"D",70000,"D",132,"D",0,"D",0,"D",0,"D",0,"D",3000,"D",180,"D",0,"D",0,"D",7332,"D",20967,4302,21066.99,20916.99,4302.05,4302.05,21420,21420,140132,140132,140132.01,140132.01,0,0,0,0,0,0,0,0,132800,132800,0,0,21066.99,20916.99,21066.99,20916.99,0,0,0,0,0,0,0,0,0,0,0
"03355303",1,"2015","2014",1,0.153,0.153,"3",0.1403,0.1403,"33","D",0.0645,0.0645,0,"D",0,"D",40000,"D",0,"D",3900,"D",13260,"D",0,"D",0,"D",0,"D",650,"D",330,"D",0,"D",0,"D",6012,"D",5330,2308,5344.29,5322.49,2322.71,2301.39,6120,6120,57160,57160,57160.01,57160.01,0,0,0,0,0,0,0,0,51148,51148,0,0,5344.29,5322.49,5344.29,5322.49,10950,11100,6992,6992,0,0,0,0,0,0,0
"03355313",1,"2015","2014",2,0,0,"3",-0.4,-0.4,"28","D",-0.04,-0.04,0,"D",0,"D",0,"D",0,"D",0,"D",2555,"D",0,"D",0,"D",0,"D",5100,"D",256,"D",0,"D",0,"D",14971,"D",0,0,0,0,0,0,0,0,2555,2555,2555.01,2555.01,0,0,0,0,0,0,0,0,2555,2555,0,0,0,0,0,0,9100,9250,0,0,0,0,0,0,0,0,0
"03355363",1,"2015","2014",2,0.029,0.029,"2",0.2267,0.2267,"05","D",0.093,0.093,0,"D",0,"D",160000,"D",0,"D",0,"D",0,"D",0,"D",0,"D",0,"D",8000,"D",0,"D",0,"D",2,"D",15876,"D",19991,6745,20094.72,19938.4,6795.11,6720.4,19148,19334,160000,160000,160000.01,160000.01,0,0,0,0,0,0,0,0,144124,144124,0,0,20094.72,19938.4,20094.72,19938.4,7984,8088,23876,23876,0,0,0,0,0,0,0
"03355393",1,"2015","2014",0,0.153,0.153,"2",0.15,0.15,"06","D",0.0463,0.0463,0,"D",0,"D",0,"D",60000,"D",0,"D",0,"D",0,"D",0,"D",0,"D",1200,"D",350,"D",0,"D",0,"D",5704,"D",5008,1805,5047.5,4987.5,1838.11,1788.22,9180,9180,60000,60000,0,0,0,0,0,0,0,0,0,0,60000,60000,0,0,5047.5,4987.5,5047.5,4987.5,0,0,0,0,0,0,0,0,0,0,0
"03355413",1,"2015","2014",0,0.153,0.153,"1",0.25,0.25,"10","D",0,0,0,"D",0,"D",59942,"D",0,"D",0,"D",0,"D",0,"D",0,"D",10800,"D",0,"D",0,"D",0,"D",0,"D",0,"D",8238,0,8304.25,8204.25,0,0,9171.13,9171.13,59942,59942,0,0,0,0,0,0,0,0,0,0,59942,59942,0,0,8304.25,8204.25,8304.25,8204.25,0,0,0,0,0,0,0,0,0,0,0
"03355413",2,"2015","2014",0,0.153,0.153,"1",0.25,0.25,"10","D",0,0,0,"D",0,"D",58465,"D",0,"D",0,"D",0,"D",0,"D",0,"D",0,"D",0,"D",0,"D",0,"D",0,"D",0,"D",7868,0,7935,7835,0,0,8945.14,8945.14,58465,58465,0,0,0,0,0,0,0,0,0,0,58465,58465,0,0,7935,7835,7935,7835,0,0,0,0,0,0,0,0,0,0,0
"03355433",1,"2015","2014",0,0,0,"1",-0.0765,-0.0765,"0","T",0,0,0,"D",0,"D",0,"D",0,"D",191,"D",1482,"D",0,"D",0,"D",3492,"D",0,"D",0,"D",0,"D",0,"D",0,"D",0,0,0,0,0,0,0,0,1673,1673,0,0,0,0,0,0,0,0,0,0,1673,1673,0,0,0,0,0,0,0,0,0,0,0,0,0,0,0,0,0
"03355453",1,"2015","2014",5,0.153,0.153,"2",0.0606,0.0606,"34","D",0.0575,0.058,0,"D",0,"D",26000,"D",0,"D",0,"D",0,"D",0,"D",7200,"D",0,"D",1600,"D",181,"D",0,"D",4,"D",800,"D",-9137,134,-9015.96,-9197.09,138,132.5,3978,3978,26000,26000,26000.01,26000.01,0,0,3450,3450,0,0,5565.96,5747.09,26000,26000,0,0,0,0,0,0,15000,15000,2400,2400,0,0,0,0,0,0,0
"03355503",1,"2015","2014",0,0.153,0.153,"1",0.1,0.1,"0","T",0,0,0,"D",0,"D",17800,"D",0,"D",0,"D",0,"D",0,"D",0,"D",0,"D",2000,"D",20,"D",0,"D",0,"D",0,"D",755,0,765,750,0,0,2723.4,2723.4,17800,17800,0,0,0,0,0,0,0,0,0,0,17800,17800,0,0,765,750,765,750,0,0,0,0,0,0,0,0,0,0,0
"03355513",1,"2015","2014",0,0.153,0.153,"2",0.2775,0.2775,"06","D",0.0857,0.0857,0,"D",0,"D",0,"D",40000,"D",0,"D",0,"D",16800,"D",0,"D",0,"D",380,"D",130,"D",0,"D",0,"D",0,"D",3469,1330,3508.5,3448.5,1363.07,1313.18,6120,6120,49740,49740,0,0,0,0,0,0,0,0,0,0,49740,49740,0,0,3508.5,3448.5,3508.5,3448.5,0,0,0,0,0,0,0,0,0,0,0
"03355553",1,"2015","2014",2,0,0,"3",-0.4,-0.4,"14","D",-0.04,-0.04,0,"D",0,"D",0,"D",0,"D",0,"D",0,"D",0,"D",0,"D",0,"D",5200,"D",0,"D",0,"D",0,"D",400,"D",0,0,0,0,0,0,0,0,0,0,0.01,0.01,0,0,0,0,0,0,0,0,0,0,0,0,0,0,0,0,0,0,0,0,0,0,0,0,0,0,0
"03355563",1,"2015","2014",0,0.029,0.029,"2",0.2632,0.2632,"07","D",0.06,0.06,0,"D",0,"D",0,"D",120000,"D",1500,"D",96696,"D",0,"D",0,"D",0,"D",8500,"D",1251,"D",0,"D",0,"D",280,"D",39927,11592,40075.51,39852.01,11591.76,11591.76,17988,18174,218196,218196,218196.01,218196.01,0,0,0,0,0,0,0,0,217916,217916,0,0,40075.51,39852.01,40075.51,39852.01,0,0,0,0,0,0,0,0,0,0,0
"03355563",2,"2015","2014",0,0.153,0.153,"1",0.25,0.25,"07","D",0.061,0.061,0,"D",0,"D",75000,"D",0,"D",0,"D",0,"D",0,"D",0,"D",0,"D",0,"D",0,"D",0,"D",0,"D",0,"D",12002,3786,12068.75,11968.75,3786,3786,11475,11475,75000,75000,75000.01,75000.01,0,0,0,0,0,0,0,0,75000,75000,0,0,12068.75,11968.75,12068.75,11968.75,0,0,0,0,0,0,0,0,0,0,0
"03355563",3,"2015","2014",1,0,0,"3",-0.34,-0.34,"07","D",-0.0935,-0.0935,0,"D",0,"D",0,"D",0,"D",0,"D",0,"D",0,"D",0,"D",0,"D",0,"D",0,"D",0,"D",0,"D",0,"D",0,0,0,0,0,0,0,0,0,0,0.01,0.01,0,0,0,0,0,0,0,0,0,0,0,0,0,0,0,0,0,0,0,0,0,0,0,0,0,0,0
"03355583",1,"2015","2014",1,0.153,0.153,"2",0.15,0.15,"34","D",0.0575,0.058,0,"D",0,"D",72000,"D",1,"D",0,"D",0,"D",0,"D",0,"D",0,"D",3500,"D",174,"D",0,"D",1,"D",1200,"D",5210,3187,5255.15,5187.65,3206.06,3177.56,11016.15,11016.15,72001,72001,72001.01,72001.01,1000,1000,0,0,0,0,0,0,72001,72001,0,0,6255.15,6187.65,6255.15,6187.65,15000,15000,4700,4700,0,0,0,0,0,0,0
"03355633",1,"2015","2014",0,0.153,0.153,"1",0.1765,0.1765,"0","T",0,0,0,"D",0,"D",14555,"D",0,"D",0,"D",0,"D",0,"D",0,"D",3600,"D",0,"D",200,"D",0,"D",0,"D",0,"D",416,0,437.54,404.83,0,0,2226.91,2226.91,14555,14555,0,0,0,0,0,0,0,0,2.96,20.67,14555,14555,0,0,440.5,425.5,440.5,425.5,0,0,0,0,0,0,0,0,0,0,0
"03355633",2,"2015","2014",0,0.038,0.038,"1",0.33,0.33,"0","T",0,0,0,"D",0,"D",228786,"D",0,"D",0,"D",0,"D",0,"D",0,"D",0,"D",0,"D",0,"D",0,"D",0,"D",0,"D",55807,0,56008.13,55706.63,0,0,21401.87,21587.87,228786,228786,0,0,0,0,0,0,0,0,0,0,228786,228786,0,0,56008.13,55706.63,56008.13,55706.63,0,0,0,0,0,0,0,0,0,0,0
"03355663",1,"2015","2014",0,0,0,"1",0,0,"33","D",0,0,1,"D",1,"D",0,"D",0,"D",0,"D",0,"D",12206,"D",0,"D",7644,"D",0,"D",195,"D",0,"D",0,"D",0,"D",0,0,0,0,0,0,0,0,0,0,0.01,0.01,0,0,0,0,0,0,0,0,0,0,0,0,0,0,0,0,7800,7900,0,0,0,0,0,0,0,0,0
"03355673",1,"2015","2014",0,0,0,"1",0.2639,0.2639,"47","D",0.0575,0.0575,0,"D",0,"D",0,"D",0,"D",127690,"D",43000,"D",0,"D",0,"D",0,"D",2300,"D",260,"D",0,"D",0,"D",5748,"D",34930,9026,35009.43,34890.93,9025.99,9025.99,0,0,170690,170690,170690.01,170690.01,0,0,0,0,0,0,0,0,164942,164942,0,0,35009.43,34890.93,35009.43,34890.93,3000,3000,8308,8308,0,0,0,0,0,0,0
"03355693",1,"2015","2014",1,0.153,0.153,"3",0.3098,0.3098,"10","D",0,0,0,"D",0,"D",35899,"D",0,"D",1250,"D",1060,"D",0,"D",0,"D",0,"D",700,"D",0,"D",0,"D",0,"D",600,"D",2384,0,2485.41,2332.78,0,0,5492.55,5492.55,38209,38209,0,0,0,0,0,0,0,0,48.44,153.57,38209,38209,0,0,2533.85,2486.35,2533.85,2486.35,0,0,0,0,0,0,0,0,0,0,0
"03355703",1,"2015","2014",2,0,0,"3",-0.4,-0.4,"33","D",-0.12,-0.12,0,"D",0,"D",0,"D",0,"D",0,"D",0,"D",9600,"D",1456,"D",3840,"D",0,"D",15,"D",0,"D",2,"D",0,"D",0,-200,0,0,-200,-200,0,0,0,0,0.01,0.01,0,0,0,0,0,0,0,0,0,0,0,0,0,0,0,0,10950,11100,0,0,0,0,0,0,0,0,0
"03355713",1,"2015","2014",0,0.153,0.153,"1",0.15,0.15,"41","D",0.07,0.07,0,"D",0,"D",3040,"D",0,"D",37400,"D",0,"D",0,"D",0,"D",0,"D",0,"D",0,"D",0,"D",0,"D",0,"D",4070,1624,4089.75,4059.75,1630.7,1620.2,465.12,465.12,40440,40440,30290.01,30140.01,0,0,0,0,0,0,0,0,40440,40440,0,0,4089.75,4059.75,4089.75,4059.75,0,0,0,0,0,0,0,0,0,0,0
"03355733",1,"2015","2014",0,0.153,0.153,"1",0.1488,0.1488,"44","D",0,0,0,"D",0,"D",40000,"D",0,"D",-1325,"D",0,"D",0,"D",0,"D",0,"D",5500,"D",95,"D",0,"D",0,"D",11060,"D",2164,0,2174.35,2159.35,0,0,6120,6120,38675,38675,0,0,0,0,0,0,0,0,0,0,27615,27615,0,0,2174.35,2159.35,2174.35,2159.35,0,0,0,0,0,0,0,0,0,0,0
"03355753",1,"2015","2014",0,0.153,0.153,"2",0.15,0.15,"0","T",0,0,0,"D",0,"D",45000,"D",17500,"D",0,"D",0,"D",0,"D",0,"D",0,"D",740,"D",156,"D",0,"D",0,"D",4800,"D",5383,0,5422.5,5362.5,0,0,9562.5,9562.5,62500,62500,0,0,0,0,0,0,0,0,0,0,62500,62500,0,0,5422.5,5362.5,5422.5,5362.5,0,0,0,0,0,0,0,0,0,0,0
"03355753",2,"2015","2014",1,0,0,"3",-0.34,-0.34,"0","T",0,0,0,"D",0,"D",0,"D",0,"D",0,"D",0,"D",0,"D",0,"D",0,"D",0,"D",0,"D",0,"D",0,"D",0,"D",0,0,0,0,0,0,0,0,0,0,0,0,0,0,0,0,0,0,0,0,0,0,0,0,0,0,0,0,0,0,0,0,0,0,0,0,0,0,0
"03355763",1,"2015","2014",1,0.153,0.153,"3",0.1489,0.1489,"29","D",0,0,0,"D",0,"D",42000,"D",0,"D",-2200,"D",0,"D",0,"D",0,"D",0,"D",2600,"D",0,"D",0,"D",0,"D",13996,"D",1542,0,1558.89,1533.89,0,0,6426,6426,39800,39800,0,0,0,0,0,0,0,0,0,0,25804,25804,0,0,1558.89,1533.89,1558.89,1533.89,0,0,0,0,0,0,0,0,0,0,0
"03355773",1,"2015","2014",0,0.153,0.153,"1",0.15,0.15,"23","D",0.081,0.081,0,"D",0,"D",2900,"D",0,"D",23496,"D",0,"D",0,"D",0,"D",6000,"D",0,"D",0,"D",0,"D",0,"D",420,"D",1963,119,1983.15,1953.15,118.52,118.52,443.7,443.7,26396,26396,26396.01,26396.01,0,0,0,0,0,0,0,0,26396,26396,0,0,1983.15,1953.15,1983.15,1953.15,0,0,0,0,659.08,659.08,0,0,0,0,0
"03355803",1,"2015","2014",0,0.153,0.153,"1",0.2486,0.2486,"10","D",0,0,0,"D",0,"D",79010,"D",0,"D",-10903,"D",2000,"D",0,"D",0,"D",0,"D",1500,"D",205,"D",0,"D",0,"D",4984,"D",10475,0,10525.48,10450.48,0,0,12088.53,12088.53,70107,70107,0,0,0,0,0,0,0,0,0,0,65123,65123,0,0,10525.48,10450.48,10525.48,10450.48,0,0,0,0,0,0,0,0,0,0,0
"03355813",1,"2015","2014",2,0.153,0.153,"2",0,0,"0","T",0,0,0,"D",0,"D",10000,"D",7038,"D",-533,"D",0,"D",0,"D",0,"D",6600,"D",0,"D",0,"D",0,"D",2,"D",0,"D",-7519,0,-7460,-7548,0,0,2606.81,2606.81,16505,16505,0,0,0,0,2000,2000,0,0,5460,5548,16505,16505,0,0,0,0,0,0,0,0,0,0,0,0,0,0,0,0,0
"03355823",1,"2015","2014",2,0,0,"3",0,0,"0","T",0,0,0,"D",0,"D",0,"D",0,"D",3969,"D",0,"D",0,"D",0,"D",0,"D",21814,"D",0,"D",0,"D",0,"D",0,"D",0,0,0,0,0,0,0,0,3969,3969,0,0,0,0,0,0,0,0,0,0,3969,3969,0,0,0,0,0,0,0,0,0,0,0,0,0,0,0,0,0
"03355833",1,"2015","2014",0,0,0,"1",-0.0765,-0.0765,"39","D",0,0,0,"D",0,"D",0,"D",0,"D",0,"D",0,"D",2520,"D",0,"D",2148,"D",0,"D",50,"D",0,"D",0,"D",0,"D",0,0,0,0,0,0,0,0,0,0,0.01,0.01,0,0,0,0,0,0,0,0,0,0,0,0,0,0,0,0,0,0,0,0,0,0,0,0,0,0,0
"03355843",1,"2015","2014",1,0.153,0.153,"3",0.3098,0.3098,"03","D",0.0288,0.0288,0,"D",0,"D",37384,"D",0,"D",0,"D",0,"D",0,"D",0,"D",7920,"D",0,"D",3,"D",0,"D",1,"D",0,"D",1128,539,1229.83,1077.19,542.94,537.27,5719.75,5719.75,37384,37384,37384.01,37384.01,1000,1000,0,0,0,0,180.27,285.41,37384,37384,0,0,2410.1,2362.6,2410.1,2362.6,10018,10182,545.94,540.27,0,0,0,0,0,0,0
"03355883",1,"2015","2014",2,0.153,0.153,"2",0.3106,0.3106,"33","D",0.1032,0.1032,0,"D",0,"D",0,"D",31332,"D",0,"D",0,"D",0,"D",0,"D",18000,"D",0,"D",0,"D",0,"D",2,"D",0,"D",-5587,-1280,-5446.84,-5656.97,-1240.73,-1299.77,4793.8,4793.8,31332,31332,31332.01,31332.01,313.2,273.2,1686.8,1726.8,0,0,3760.04,3930.17,31332,31332,0,0,313.2,273.2,313.2,273.2,15650,15850,0,0,0,0,0,0,1088.24,1139.28,0
"03355893",1,"2015","2014",0,0.153,0.153,"1",0,0,"05","D",0,0,1,"D",1,"D",325,"D",0,"D",0,"D",0,"D",14038,"D",0,"D",4200,"D",0,"D",277,"D",0,"D",0,"D",240,"D",0,0,0,0,0,0,49.72,49.72,325,325,325.01,325.01,0,0,0,0,0,0,0,0,325,325,0,0,0,0,0,0,3992,4044,517,517,0,0,0,0,0,0,0
"03355903",1,"2015","2014",0,0.153,0.153,"2",0.15,0.15,"21","D",0.0475,0.0475,0,"D",0,"D",75855,"D",0,"D",0,"D",0,"D",0,"D",0,"D",0,"D",950,"D",360,"D",0,"D",0,"D",4508,"D",7386,3057,7425.75,7365.75,3056.61,3056.61,11605.81,11605.81,75855,75855,75855.01,75855.01,0,0,0,0,0,0,0,0,75855,75855,0,0,7425.75,7365.75,7425.75,7365.75,4000,4000,0,0,0,0,0,0,0,0,0
"03355913",1,"2015","2014",0,0.153,0.153,"1",0.25,0.25,"29","D",0,0,0,"D",0,"D",79000,"D",0,"D",102,"D",0,"D",0,"D",0,"D",0,"D",1300,"D",3317,"D",0,"D",0,"D",0,"D",13028,0,13094.25,12994.25,0,0,12087,12087,79102,79102,0,0,0,0,0,0,0,0,0,0,79102,79102,0,0,13094.25,12994.25,13094.25,12994.25,0,0,0,0,0,0,0,0,0,0,0
"03355913",2,"2015","2014",0,0.153,0.153,"1",0.25,0.25,"29","D",0,0,0,"D",0,"D",77000,"D",0,"D",0,"D",0,"D",0,"D",0,"D",0,"D",0,"D",0,"D",0,"D",0,"D",0,"D",12502,0,12568.75,12468.75,0,0,11781,11781,77000,77000,0,0,0,0,0,0,0,0,0,0,77000,77000,0,0,12568.75,12468.75,12568.75,12468.75,0,0,0,0,0,0,0,0,0,0,0
"03355933",1,"2015","2014",0,0,0,"1",0,0,"10","D",0,0,1,"D",1,"D",0,"D",0,"D",0,"D",200,"D",15862,"D",0,"D",0,"D",320,"D",2952,"D",0,"D",0,"D",0,"D",0,0,0,0,0,0,0,0,200,200,0,0,0,0,0,0,0,0,0,0,200,200,0,0,0,0,0,0,0,0,0,0,0,0,0,0,0,0,0
"03355933",3,"2015","2014",0,0,0,"1",0,0,"10","D",0,0,1,"D",1,"D",0,"D",0,"D",0,"D",200,"D",14662,"D",0,"D",0,"D",0,"D",0,"D",0,"D",0,"D",0,"D",0,0,0,0,0,0,0,0,200,200,0,0,0,0,0,0,0,0,0,0,200,200,0,0,0,0,0,0,0,0,0,0,0,0,0,0,0,0,0
"03355953",1,"2015","2014",0,0.153,0.153,"2",0.15,0.15,"0","T",0,0,0,"D",0,"D",33724,"D",58661,"D",-4000,"D",0,"D",0,"D",0,"D",0,"D",1500,"D",155,"D",0,"D",0,"D",3592,"D",9265,0,9305.25,9245.25,0,0,14134.9,14134.9,88385,88385,0,0,0,0,0,0,0,0,0,0,88385,88385,0,0,9305.25,9245.25,9305.25,9245.25,0,0,0,0,0,0,0,0,0,0,0
"03355964",1,"2015","2014",1,0.153,0.153,"2",0.1411,0.1411,"33","D",0.059,0.059,0,"D",0,"D",21254,"D",30039,"D",0,"D",0,"D",0,"D",0,"D",0,"D",4000,"D",0,"D",0,"D",1,"D",11328,"D",1529,1036,1517.09,1535.38,1284.41,912.47,7847.83,7847.83,51293,51293,51293.01,51293.01,1000,1000,0,0,0,0,0,0,39965,39965,0,0,2517.09,2535.38,2517.09,2535.38,15650,15850,15328,15328,0,0,0,0,0,0,0
"03355973",1,"2015","2014",2,0.153,0.153,"3",0.3726,0.3726,"19","D",0.0474,0.0474,0,"D",0,"D",34426,"D",0,"D",0,"D",0,"D",0,"D",0,"D",5100,"D",0,"D",0,"D",2400,"D",2,"D",2400,"D",-3338,786,-3197.87,-3408.26,813.27,771.83,5267.18,5267.18,34426,34426,34426.01,34426.01,767.01,712.01,1232.99,1287.99,606.89,606.89,1964.88,2120.27,34426,34426,0,0,1373.9,1318.9,1373.9,1318.9,0,0,0,0,0,0,0,0,68.77,74.21,0
"03355983",1,"2015","2014",2,0,0,"3",-0.4,-0.4,"10","D",0,0,0,"D",0,"D",0,"D",0,"D",0,"D",0,"D",0,"D",0,"D",0,"D",1300,"D",0,"D",0,"D",0,"D",1368,"D",0,0,0,0,0,0,0,0,0,0,0,0,0,0,0,0,0,0,0,0,0,0,0,0,0,0,0,0,0,0,0,0,0,0,0,0,0,0,0
"03355993",1,"2015","2014",0,0.153,0.153,"2",0.1,0.1,"18","D",0.058,0.058,0,"D",0,"D",36000,"D",0,"D",0,"D",0,"D",0,"D",0,"D",0,"D",1200,"D",28,"D",0,"D",0,"D",480,"D",1550,1743,1570,1540,1744.8,1742.48,5508,5508,36000,36000,36000.01,36000.01,0,0,0,0,0,0,0,0,36000,36000,0,0,1570,1540,1570,1540,2400,2440,1708,1708,0,0,0,0,0,0,0
"03356003",1,"2015","2014",0,0.153,0.153,"1",0.25,0.25,"36","D",0.0346,0.037,0,"D",0,"D",81536,"D",0,"D",-5500,"D",0,"D",0,"D",0,"D",10560,"D",0,"D",706,"D",0,"D",0,"D",0,"D",12261,2097,12327.75,12227.75,2188.84,2050.89,12475.01,12475.01,76036,76036,76036.01,76036.01,0,0,0,0,0,0,0,0,76036,76036,0,0,12327.75,12227.75,12327.75,12227.75,0,0,0,0,0,0,0,0,0,0,0
"03356013",1,"2015","2014",1,0.038,0.038,"2",0.3592,0.3592,"48","D",0,0,0,"D",0,"D",228786,"D",228786,"D",0,"D",0,"D",0,"D",0,"D",0,"D",5000,"D",25,"D",0,"D",1,"D",13540,"D",121705,0,122074.2,121519.78,0,0,44153.74,44525.74,457572,457572,0,0,0,0,0,0,0,0,0,0,444032,444032,0,0,122074.2,121519.78,122074.2,121519.78,0,0,0,0,0,0,0,0,0,0,0
"03356093",1,"2015","2014",4,0,0,"3",-0.45,-0.45,"33","D",-0.135,-0.135,0,"D",0,"D",0,"D",0,"D",0,"D",0,"D",0,"D",0,"D",12480,"D",0,"D",0,"D",0,"D",0,"D",600,"D",0,-400,0,0,-400,-400,0,0,0,0,0.01,0.01,0,0,0,0,0,0,0,0,0,0,0,0,0,0,0,0,10950,11100,0,0,0,0,0,0,0,0,0
"03356093",2,"2015","2014",4,0,0,"3",-0.45,-0.45,"33","D",-0.135,-0.135,0,"D",0,"D",0,"D",0,"D",0,"D",0,"D",0,"D",0,"D",0,"D",0,"D",0,"D",0,"D",0,"D",0,"D",0,-400,0,0,-400,-400,0,0,0,0,0.01,0.01,0,0,0,0,0,0,0,0,0,0,0,0,0,0,0,0,10950,11100,0,0,0,0,0,0,0,0,0
"03356113",1,"2015","2014",2,0,0,"3",-0.4,-0.4,"37","D",-0.02,-0.02,0,"D",0,"D",0,"D",0,"D",0,"D",0,"D",0,"D",0,"D",8160,"D",0,"D",0,"D",0,"D",0,"D",0,"D",0,-120,0,0,-120,-120,0,0,0,0,0.01,0.01,0,0,0,0,0,0,0,0,0,0,0,0,0,0,0,0,9100,9250,0,0,0,0,0,0,0,0,0
"03356123",1,"2015","2014",0,0.029,0.029,"1",0.28,0.28,"0","T",0,0,0,"D",0,"D",140600,"D",0,"D",5050,"D",0,"D",0,"D",0,"D",0,"D",850,"D",0,"D",0,"D",0,"D",800,"D",31018,0,31115.75,30969.25,0,0,18585.4,18771.4,145650,145650,0,0,0,0,0,0,0,0,0,0,145650,145650,0,0,31115.75,30969.25,31115.75,30969.25,0,0,0,0,0,0,0,0,0,0,0
"03356133",1,"2015","2014",0,0.153,0.153,"2",0.1,0.1,"10","D",0,0,2,"D",2,"D",35000,"D",0,"D",0,"D",0,"D",0,"D",0,"D",0,"D",2000,"D",1292,"D",0,"D",0,"D",1592,"D",1203,0,1230,1190,0,0,5355,5355,35000,35000,0,0,0,0,0,0,0,0,0,0,35000,35000,0,0,1230,1190,1230,1190,0,0,0,0,0,0,0,0,0,0,0
"03356143",1,"2015","2014",1,0.153,0.153,"3",0.15,0.15,"0","T",0,0,0,"D",0,"D",19500,"D",0,"D",18250,"D",0,"D",0,"D",0,"D",0,"D",4000,"D",10,"D",0,"D",1,"D",3052,"D",1433,0,1465,1417.5,0,0,2983.5,2983.5,37750,37750,0,0,1000,1000,0,0,0,0,0,0,37750,37750,0,0,2465,2417.5,2465,2417.5,0,0,0,0,0,0,0,0,0,0,0
"03356153",1,"2015","2014",0,0,0,"1",0,0,"33","D",0,0,1,"D",1,"D",0,"D",0,"D",0,"D",0,"D",19236,"D",0,"D",0,"D",1200,"D",305,"D",0,"D",0,"D",240,"D",0,0,0,0,0,0,0,0,0,0,0.01,0.01,0,0,0,0,0,0,0,0,0,0,0,0,0,0,0,0,7800,7900,0,0,0,0,0,0,0,0,0
"03356183",1,"2015","2014",1,0.153,0.153,"3",0.1,0.2598,"10","D",0,0,0,"D",0,"D",17850,"D",0,"D",0,"D",0,"D",0,"D",0,"D",21600,"D",0,"D",0,"D",0,"D",1,"D",0,"D",-4272,0,-4216.8,-4299,0,0,2731.05,2731.05,17850,17850,0,0,85,60,915,940,0,0,3301.8,3359,17850,17850,0,0,85,60,85,60,0,0,0,0,0,0,0,0,0,0,0
"03356183",2,"2015","2014",0,0.153,0.153,"1",0.15,0.15,"10","D",0,0,0,"D",0,"D",25332,"D",0,"D",0,"D",0,"D",0,"D",0,"D",0,"D",0,"D",0,"D",0,"D",0,"D",0,"D",1804,0,1823.55,1793.55,0,0,3875.8,3875.8,25332,25332,0,0,0,0,0,0,0,0,0,0,25332,25332,0,0,1823.55,1793.55,1823.55,1793.55,0,0,0,0,0,0,0,0,0,0,0
"03356183",3,"2015","2014",0,0.153,0.153,"1",0.25,0.25,"10","D",0,0,0,"D",0,"D",60948,"D",0,"D",0,"D",0,"D",0,"D",0,"D",0,"D",0,"D",0,"D",0,"D",0,"D",0,"D",8489,0,8555.75,8455.75,0,0,9325.04,9325.04,60948,60948,0,0,0,0,0,0,0,0,0,0,60948,60948,0,0,8555.75,8455.75,8555.75,8455.75,0,0,0,0,0,0,0,0,0,0,0
"03356193",1,"2015","2014",1,0.153,0.153,"3",0.3897,0.4647,"0","T",0,0,1,"D",0,"D",17544,"D",0,"D",1,"D",9000,"D",11880,"D",0,"D",0,"D",1200,"D",144,"D",0,"D",0,"D",0,"D",-170,0,31.33,-270.68,0,0,2684.23,2684.23,30287.5,30287.5,0,0,0,0,0,0,0,0,1314.29,1419.43,30287.5,30287.5,0,0,1345.63,1148.75,1345.63,1148.75,0,0,0,0,0,0,0,0,0,0,0
"03356213",1,"2015","2014",0,0.153,0.153,"1",0.15,0.15,"03","D",0.0288,0.0288,0,"D",0,"D",26000,"D",0,"D",0,"D",0,"D",0,"D",0,"D",0,"D",850,"D",0,"D",0,"D",0,"D",0,"D",1904,513,1923.75,1893.75,515.06,512.23,3978,3978,26000,26000,26000.01,26000.01,0,0,0,0,0,0,0,0,26000,26000,0,0,1923.75,1893.75,1923.75,1893.75,5009,5091,1365.06,1362.23,0,0,0,0,0,0,0
"03356213",2,"2015","2014",0,0.153,0.153,"1",0.25,0.25,"03","D",0.0336,0.0336,0,"D",0,"D",55000,"D",0,"D",0,"D",0,"D",0,"D",0,"D",0,"D",0,"D",0,"D",0,"D",0,"D",0,"D",7002,1457,7068.75,6968.75,1460.14,1454.95,8415,8415,55000,55000,55000.01,55000.01,0,0,0,0,0,0,0,0,55000,55000,0,0,7068.75,6968.75,7068.75,6968.75,5009,5091,1460.14,1454.95,0,0,0,0,0,0,0
"03356233",1,"2015","2014",0,0,0,"1",0,0,"44","D",0,0,1,"D",1,"D",0,"D",0,"D",1,"D",0,"D",11650,"D",0,"D",0,"D",4500,"D",268,"D",0,"D",0,"D",1068,"D",0,0,0,0,0,0,0,0,1,1,0,0,0,0,0,0,0,0,0,0,1,1,0,0,0,0,0,0,0,0,0,0,0,0,0,0,0,0,0
"03356293",1,"2015","2014",0,0.153,0.153,"1",0.2324,0.2324,"50","D",0.0702,0.0702,0,"D",0,"D",68779,"D",0,"D",0,"D",0,"D",0,"D",0,"D",0,"D",2000,"D",630,"D",0,"D",0,"D",1784,"D",10036,3495,10083.29,10012.67,3506.86,3489.33,10523.19,10523.19,68779,68779,68779.01,68779.01,0,0,0,0,0,0,0,0,66995,66995,0,0,10083.29,10012.67,10083.29,10012.67,3590.52,3790.17,1784,1784,0,0,0,0,0,0,0
"03356333",1,"2015","2014",0,0.153,0.153,"1",0,0,"12","D",0.032,0.032,0,"D",0,"D",7730,"D",0,"D",0,"D",0,"D",0,"D",0,"D",21600,"D",0,"D",0,"D",0,"D",0,"D",0,"D",-501,-28,-496,-503,-27.85,-27.85,1182.69,1182.69,7730,7730,7730.01,7730.01,0,0,0,0,0,0,496,503,7730,7730,0,0,0,0,0,0,2200,2200,183.01,183.01,0,0,0,0,0,0,0
"03356333",2,"2015","2014",0,0.153,0.153,"1",0.25,0.25,"12","D",0.0733,0.0733,0,"D",0,"D",48417,"D",0,"D",0,"D",0,"D",0,"D",0,"D",0,"D",0,"D",0,"D",0,"D",0,"D",0,"D",5356,2902,5423,5323,2902.26,2902.26,7407.8,7407.8,48417,48417,48417.01,48417.01,0,0,0,0,0,0,0,0,48417,48417,0,0,5423,5323,5423,5323,2200,2200,2897.54,2897.54,0,0,0,0,0,0,0
"03356343",1,"2015","2014",0,0.153,0.153,"2",0.15,0.15,"44","D",0,0,0,"D",0,"D",51000,"D",0,"D",0,"D",0,"D",0,"D",0,"D",0,"D",2500,"D",8,"D",0,"D",0,"D",4716,"D",3658,0,3697.5,3637.5,0,0,7803,7803,51000,51000,0,0,0,0,0,0,0,0,0,0,51000,51000,0,0,3697.5,3637.5,3697.5,3637.5,0,0,0,0,0,0,0,0,0,0,0
"03356343",2,"2015","2014",0,0.153,0.153,"1",0.15,0.15,"44","D",0,0,0,"D",0,"D",25126,"D",0,"D",0,"D",0,"D",0,"D",0,"D",0,"D",0,"D",0,"D",0,"D",0,"D",0,"D",1773,0,1792.65,1762.65,0,0,3844.28,3844.28,25126,25126,0,0,0,0,0,0,0,0,0,0,25126,25126,0,0,1792.65,1762.65,1792.65,1762.65,0,0,0,0,0,0,0,0,0,0,0
"03356353",1,"2015","2014",0,0.153,0.153,"1",0,0,"31","D",0.014,0.014,0,"D",0,"D",25000,"D",0,"D",0,"D",1950,"D",0,"D",0,"D",0,"D",9900,"D",45,"D",0,"D",0,"D",13996,"D",0,225,0,0,224.7,224.7,3825,3825,26950,26950,26950.01,26950.01,0,0,0,0,0,0,0,0,12954,12954,0,0,0,0,0,0,0,0,0,0,0,0,0,0,0,0,0
"03356373",1,"2015","2014",2,0,0,"3",-0.4,-0.4,"01","D",0,0,0,"D",0,"D",0,"D",0,"D",0,"D",405,"D",0,"D",0,"D",0,"D",550,"D",0,"D",0,"D",0,"D",960,"D",0,0,0,0,0,0,0,0,405,405,405.01,405.01,0,0,0,0,0,0,0,0,405,405,0,0,0,0,0,0,4700,4700,1510,1510,0,0,0,0,0,0,0
"03356383",1,"2015","2014",6,0.153,0.153,"3",-0.15,-0.15,"02","D",0,0,0,"D",0,"D",25000,"D",0,"D",15880,"D",0,"D",0,"D",0,"D",11112,"D",0,"D",976,"D",0,"D",5,"D",0,"D",-3300,0,-3300,-3300,0,0,3825,3825,40880,40880,0,0,413,363,3300,3300,0,0,0,0,40880,40880,0,0,413,363,413,363,0,0,0,0,0,0,0,0,0,0,0
"03386762",1,"2015","2014",0,0.153,0.153,"1",0.25,0.25,"18","D",0.058,0.058,0,"D",0,"D",100081,"D",0,"D",-34800,"D",0,"D",0,"D",0,"D",7800,"D",0,"D",730,"D",0,"D",0,"D",360,"D",9589,3452,9639,9539,3453.1,3450.78,15312.39,15312.39,65281,65281,65281.01,65281.01,0,0,0,0,0,0,0,0,65281,65281,0,0,9639,9539,9639,9539,2400,2440,1090,1090,0,0,0,0,0,0,0
"03386772",1,"2015","2014",0,0.153,0.153,"1",0.2775,0.2775,"36","D",0.0297,0.0317,0,"D",0,"D",30000,"D",0,"D",3,"D",0,"D",13162,"D",0,"D",6660,"D",0,"D",25,"D",0,"D",0,"D",480,"D",3514,513,3528.66,3498.66,530.81,496.11,4590,4590,36699.4,36699.4,30003.01,30003.01,0,0,0,0,0,0,0,0,36699.4,36699.4,0,0,3528.66,3498.66,3528.66,3498.66,0,0,0,0,0,0,0,0,0,0,0
"03386792",1,"2015","2014",0,0.153,0.153,"2",0.25,0.25,"02","D",0,0,0,"D",0,"D",33000,"D",60000,"D",4144,"D",0,"D",0,"D",0,"D",10800,"D",0,"D",1200,"D",0,"D",0,"D",4000,"D",10824,0,10923.5,10723.5,0,0,14229,14229,97144,97144,0,0,0,0,0,0,0,0,0,0,97144,97144,0,0,10923.5,10723.5,10923.5,10723.5,0,0,0,0,0,0,0,0,0,0,0
"03386802",1,"2015","2014",0,0.153,0.153,"1",0.1,0.1,"33","D",0.0454,0.0454,0,"D",0,"D",16800,"D",0,"D",0,"D",0,"D",0,"D",0,"D",13200,"D",0,"D",0,"D",0,"D",0,"D",200,"D",658,315,665,650,317.27,311.79,2570.4,2570.4,16800,16800,16800.01,16800.01,0,0,0,0,0,0,0,0,16800,16800,0,0,665,650,665,650,7800,7900,0,0,0,0,0,0,0,0,0
"03386802",2,"2015","2014",0,0.153,0.153,"1",0.25,0.25,"33","D",0.0645,0.0645,0,"D",0,"D",63212,"D",0,"D",0,"D",0,"D",0,"D",0,"D",0,"D",0,"D",0,"D",0,"D",0,"D",0,"D",9072,3238,9121.75,9021.75,3245.19,3230.97,9671.44,9671.44,63212,63212,63212.01,63212.01,0,0,0,0,0,0,0,0,63212,63212,0,0,9121.75,9021.75,9121.75,9021.75,7800,7900,0,0,0,0,0,0,0,0,0
"03386802",3,"2015","2014",0,0.153,0.153,"1",0.1765,0.1765,"33","D",0.0629,0.063,0,"D",0,"D",12021,"D",0,"D",0,"D",0,"D",0,"D",0,"D",0,"D",0,"D",0,"D",0,"D",0,"D",0,"D",-26,105,-9.71,-42.42,109.8,100.48,1839.21,1839.21,12021,12021,12021.01,12021.01,0,0,0,0,0,0,196.81,214.52,12021,12021,0,0,187.1,172.1,187.1,172.1,7800,7900,0,0,0,0,0,0,10.97,16.29,0
"03386822",1,"2015","2014",0,0.153,0.153,"1",0.15,0.15,"0","T",0,0,0,"D",0,"D",26000,"D",0,"D",0,"D",0,"D",0,"D",0,"D",8880,"D",0,"D",0,"D",0,"D",0,"D",0,"D",1909,0,1923.75,1893.75,0,0,3978,3978,26000,26000,0,0,0,0,0,0,0,0,0,0,26000,26000,0,0,1923.75,1893.75,1923.75,1893.75,0,0,0,0,0,0,0,0,0,0,0
"03386822",2,"2015","2014",0,0.153,0.153,"1",0.15,0.15,"0","T",0,0,0,"D",0,"D",26000,"D",0,"D",0,"D",0,"D",0,"D",0,"D",0,"D",0,"D",0,"D",0,"D",0,"D",0,"D",1909,0,1923.75,1893.75,0,0,3978,3978,26000,26000,0,0,0,0,0,0,0,0,0,0,26000,26000,0,0,1923.75,1893.75,1923.75,1893.75,0,0,0,0,0,0,0,0,0,0,0
"03386872",1,"2015","2014",0,0,0,"1",0.2294,0.2294,"12","D",0.0825,0.0825,1,"D",1,"D",0,"D",0,"D",0,"D",96696,"D",15636,"D",0,"D",0,"D",1400,"D",0,"D",0,"D",0,"D",26988,"D",13986,4980,14023.46,13948.46,4979.76,4979.76,0,0,109986.6,109986.6,96696.01,96696.01,0,0,0,0,0,0,0,0,82998.6,82998.6,0,0,14023.46,13948.46,14023.46,13948.46,2200,2200,25000,25000,0,0,0,0,0,0,0
"03386882",1,"2015","2014",2,0,0,"3",-0.4,-0.4,"36","D",0,0,0,"D",0,"D",0,"D",0,"D",258,"D",0,"D",0,"D",0,"D",0,"D",3000,"D",66,"D",0,"D",0,"D",373,"D",0,0,0,0,0,0,0,0,258,258,258.01,258.01,0,0,0,0,0,0,0,0,258,258,0,0,0,0,0,0,0,0,0,0,0,0,0,0,0,0,0
"03386892",1,"2015","2014",0,0.153,0.153,"1",0.1,0.1,"10","D",0,0,0,"D",0,"D",16860,"D",0,"D",0,"D",0,"D",0,"D",0,"D",19200,"D",0,"D",0,"D",0,"D",0,"D",0,"D",664,0,671,656,0,0,2579.58,2579.58,16860,16860,0,0,0,0,0,0,0,0,0,0,16860,16860,0,0,671,656,671,656,0,0,0,0,0,0,0,0,0,0,0
"03386892",2,"2015","2014",0,0.153,0.153,"1",0.15,0.15,"10","D",0,0,0,"D",0,"D",27185,"D",0,"D",0,"D",0,"D",0,"D",0,"D",0,"D",0,"D",0,"D",0,"D",0,"D",0,"D",2087,0,2101.5,2071.5,0,0,4159.3,4159.3,27185,27185,0,0,0,0,0,0,0,0,0,0,27185,27185,0,0,2101.5,2071.5,2101.5,2071.5,0,0,0,0,0,0,0,0,0,0,0
"03386902",1,"2015","2014",0,0,0,"1",-0.0765,-0.0765,"36","D",0,0,0,"D",0,"D",0,"D",0,"D",0,"D",0,"D",0,"D",0,"D",2880,"D",0,"D",0,"D",0,"D",0,"D",6,"D",0,0,0,0,0,0,0,0,0,0,0.01,0.01,0,0,0,0,0,0,0,0,0,0,0,0,0,0,0,0,0,0,0,0,0,0,0,0,0,0,0
"03386912",1,"2015","2014",0,0,0,"1",-0.0765,-0.0765,"33","D",-0.0229,-0.0229,0,"D",0,"D",0,"D",0,"D",0,"D",0,"D",18900,"D",0,"D",0,"D",400,"D",510,"D",0,"D",0,"D",0,"D",0,0,0,0,0,0,0,0,0,0,0.01,0.01,0,0,0,0,0,0,0,0,0,0,0,0,0,0,0,0,7800,7900,0,0,0,0,0,0,0,0,0
"03386912",3,"2015","2014",0,0,0,"1",-0.0765,-0.0765,"33","D",-0.0229,-0.0229,0,"D",0,"D",0,"D",0,"D",0,"D",0,"D",0,"D",0,"D",0,"D",0,"D",0,"D",0,"D",0,"D",0,"D",0,0,0,0,0,0,0,0,0,0,0.01,0.01,0,0,0,0,0,0,0,0,0,0,0,0,0,0,0,0,7800,7900,0,0,0,0,0,0,0,0,0
"03386962",1,"2015","2014",2,0.038,0.038,"2",0.35,0.35,"14","D",0.0375,0.05,0,"D",0,"D",0,"D",300000,"D",29250,"D",0,"D",0,"D",0,"D",0,"D",22180,"D",230,"D",0,"D",2,"D",52968,"D",59922,12922,60217.2,59627.2,14928.5,10915.38,23658,23844,329250,329250,329250.01,329250.01,0,0,0,0,0,0,0,0,276282,276282,8314.83,7060.3,50790.87,51455.4,50790.87,51455.4,0,0,0,0,1109,1109,0,0,0,0,0
"03387002",1,"2015","2014",1,0.153,0.153,"3",0.3098,0.3098,"0","T",0,0,0,"D",0,"D",33000,"D",0,"D",0,"D",0,"D",0,"D",0,"D",0,"D",3600,"D",20,"D",0,"D",1,"D",0,"D",-205,0,-128.33,-280.97,0,0,5049,5049,33000,33000,0,0,1000,1000,0,0,0,0,880.83,985.97,33000,33000,0,0,1752.5,1705,1752.5,1705,0,0,0,0,0,0,0,0,0,0,0
"03387002",2,"2015","2014",0,0.153,0.153,"2",0.15,0.15,"0","T",0,0,0,"D",0,"D",0,"D",42000,"D",-4667,"D",0,"D",5600,"D",0,"D",0,"D",0,"D",0,"D",0,"D",0,"D",0,"D",2037,0,2067.45,2007.45,0,0,6426,6426,40133,40133,0,0,0,0,0,0,0,0,0,0,40133,40133,0,0,2067.45,2007.45,2067.45,2007.45,0,0,0,0,0,0,0,0,0,0,0
"03387002",3,"2015","2014",0,0.153,0.153,"1",0.15,0.15,"0","T",0,0,0,"D",0,"D",30000,"D",0,"D",0,"D",0,"D",0,"D",0,"D",0,"D",0,"D",0,"D",0,"D",0,"D",0,"D",2509,0,2523.75,2493.75,0,0,4590,4590,30000,30000,0,0,0,0,0,0,0,0,0,0,30000,30000,0,0,2523.75,2493.75,2523.75,2493.75,0,0,0,0,0,0,0,0,0,0,0
"03387052",1,"2015","2014",2,0.0775,0.0775,"2",0.2714,0.2714,"39","D",0.0307,0.0307,0,"D",0,"D",90000,"D",140000,"D",0,"D",0,"D",0,"D",0,"D",0,"D",9000,"D",180,"D",0,"D",2,"D",27028,"D",34982,7061,35107.68,34856.18,7061,7061,32338,32524,230000,230000,230000.01,230000.01,0,0,0,0,0,0,0,0,202972,202972,0,0,35107.68,34856.18,35107.68,34856.18,0,0,0,0,0,0,0,0,0,0,0
"03387082",1,"2015","2014",2,0.153,0.153,"2",0.15,0.15,"44","D",0,0,0,"D",0,"D",12000,"D",41000,"D",0,"D",0,"D",0,"D",0,"D",0,"D",3200,"D",0,"D",0,"D",2,"D",5288,"D",775,0,812.5,737.5,0,0,8109,8109,53000,53000,0,0,2000,2000,0,0,0,0,0,0,53000,53000,0,0,2812.5,2737.5,2812.5,2737.5,0,0,0,0,0,0,0,0,0,0,0
"03387082",2,"2015","2014",0,0.153,0.153,"1",0.1,0.1,"44","D",0,0,0,"D",0,"D",17132,"D",0,"D",0,"D",0,"D",0,"D",0,"D",0,"D",0,"D",0,"D",0,"D",0,"D",0,"D",691,0,698.2,683.2,0,0,2621.2,2621.2,17132,17132,0,0,0,0,0,0,0,0,0,0,17132,17132,0,0,698.2,683.2,698.2,683.2,0,0,0,0,0,0,0,0,0,0,0
"03387092",1,"2015","2014",0,0.153,0.153,"2",0.15,0.15,"18","D",0.058,0.058,0,"D",0,"D",28000,"D",28000,"D",0,"D",0,"D",0,"D",0,"D",4800,"D",0,"D",508,"D",0,"D",0,"D",0,"D",4418,2579,4447.5,4387.5,2581.6,2576.96,8568,8568,56000,56000,56000.01,56000.01,0,0,0,0,0,0,0,0,56000,56000,0,0,4447.5,4387.5,4447.5,4387.5,2400,2440,508,508,0,0,0,0,0,0,0
"03387102",1,"2015","2014",0,0.0696,0.0696,"2",0.35,0.35,"34","D",0.0575,0.058,0,"D",0,"D",228786,"D",78083,"D",94074,"D",0,"D",0,"D",0,"D",0,"D",2040,"D",857,"D",0,"D",0,"D",24476,"D",97450,21999,97745.26,97155.26,22094.69,21904.22,33601.31,33787.31,400943,400943,400943.01,400943.01,0,0,0,0,0,0,0,0,376467,376467,1936.81,1817.59,92233.64,91762.86,92233.64,91762.86,15000,15000,20000,20000,0,0,0,0,0,0,0
"03387102",2,"2015","2014",1,0,0,"3",-0.34,-0.34,"34","D",0,0,0,"D",0,"D",0,"D",0,"D",0,"D",0,"D",0,"D",0,"D",0,"D",0,"D",0,"D",0,"D",0,"D",0,"D",0,0,0,0,0,0,0,0,0,0,0.01,0.01,0,0,0,0,0,0,0,0,0,0,0,0,0,0,0,0,12000,12000,0,0,0,0,0,0,0,0,0
"03387112",1,"2015","2014",0,0.153,0.153,"1",0.1384,0.1384,"38","D",0.0775,0.0775,0,"D",0,"D",42323,"D",0,"D",3000,"D",0,"D",0,"D",0,"D",0,"D",2400,"D",30,"D",0,"D",0,"D",7912,"D",3837,2377,3843.91,3829.77,2380.34,2374.61,6475.42,6475.42,45323,45323,45323.01,45323.01,0,0,0,0,0,0,0,0,37411,37411,0,0,3843.91,3829.77,3843.91,3829.77,2115.6,2144.96,10342,10342,0,0,0,0,0,0,0
"03387112",2,"2015","2014",0,0.153,0.153,"1",0.25,0.25,"38","D",0.0675,0.0675,0,"D",0,"D",51417,"D",0,"D",0,"D",0,"D",0,"D",0,"D",0,"D",0,"D",0,"D",0,"D",0,"D",0,"D",6123,3459,6173,6073,3459.56,3458.91,7866.8,7866.8,51417,51417,51417.01,51417.01,0,0,0,0,0,0,0,0,51417,51417,0,0,6173,6073,6173,6073,2115.6,2144.96,0,0,0,0,0,0,0,0,0
"03387132",1,"2015","2014",5,0,0,"3",-0.45,-0.45,"05","D",0,0,0,"D",0,"D",0,"D",0,"D",0,"D",0,"D",0,"D",0,"D",19200,"D",0,"D",0,"D",0,"D",3,"D",35,"D",0,0,0,0,0,0,0,0,0,0,0.01,0.01,0,0,0,0,0,0,0,0,0,0,0,0,0,0,0,0,7984,8088,35,35,0,0,0,0,0,0,0
"03387152",1,"2015","2014",0,0.153,0.153,"1",0.2588,0.2588,"12","D",0.0763,0.0763,0,"D",0,"D",78000,"D",0,"D",27445,"D",0,"D",0,"D",0,"D",26400,"D",0,"D",4,"D",0,"D",0,"D",0,"D",19511,7262,19570.3,19451.8,7262.06,7262.06,11934,11934,105445,105445,105445.01,105445.01,0,0,0,0,0,0,0,0,105445,105445,0,0,19570.3,19451.8,19570.3,19451.8,2200,2200,7228.76,7228.76,0,0,0,0,0,0,0
"03387162",1,"2015","2014",0,0.153,0.029,"1",0.2656,0.2654,"22","D",0.0515,0.052,1,"D",1,"D",118000,"D",0,"D",40000,"D",0,"D",25356,"D",0,"D",0,"D",1200,"D",115,"D",0,"D",0,"D",1200,"D",39394,7809,39443.17,39345.8,7846.8,7771.35,17930,18054,179552.6,179552.6,158000.01,158000.01,0,0,0,0,0,0,0,0,178352.6,178352.6,0,0,39443.17,39345.8,39443.17,39345.8,0,0,0,0,0,0,0,0,0,0,0
"03387192",1,"2015","2014",1,0.153,0.153,"2",0.2598,0.2598,"36","D",0.0457,0.0477,0,"D",0,"D",40000,"D",0,"D",-6500,"D",0,"D",0,"D",0,"D",0,"D",1400,"D",10,"D",0,"D",0,"D",4528,"D",219,377,295.05,143.73,399.2,354.67,6120,6120,33500,33500,33500.01,33500.01,0,0,0,0,0,0,629.95,746.27,33500,33500,0,0,925,890,925,890,0,0,0,0,0,0,0,0,62.99,74.63,0
"03387222",1,"2015","2014",0,0.153,0.153,"1",-0.0765,-0.0765,"34","D",0,0,0,"D",0,"D",3000,"D",0,"D",0,"D",0,"D",0,"D",0,"D",7800,"D",0,"D",0,"D",0,"D",0,"D",0,"D",-230,0,-229.5,-229.5,0,0,459,459,3000,3000,3000.01,3000.01,0,0,0,0,0,0,229.5,229.5,3000,3000,0,0,0,0,0,0,7500,7500,0,0,0,0,0,0,0,0,0
"03387232",1,"2015","2014",1,0.153,0.153,"3",0,0,"39","D",0,0,0,"D",0,"D",10000,"D",0,"D",0,"D",3000,"D",0,"D",0,"D",0,"D",990,"D",234,"D",0,"D",0,"D",0,"D",-3332,0,-3305,-3359,0,0,1530,1530,13000,13000,13000.01,13000.01,0,0,0,0,0,0,3305,3359,13000,13000,0,0,0,0,0,0,0,0,0,0,0,0,0,0,0,0,0
"03387272",1,"2015","2014",2,0,0,"3",-0.4,-0.4,"33","D",-0.12,-0.12,0,"D",0,"D",0,"D",0,"D",0,"D",1355,"D",0,"D",0,"D",5760,"D",0,"D",0,"D",0,"D",0,"D",0,"D",0,-200,0,0,-200,-200,0,0,1355,1355,1355.01,1355.01,0,0,0,0,0,0,0,0,1355,1355,0,0,0,0,0,0,10950,11100,0,0,0,0,0,0,0,0,0
"03387302",1,"2015","2014",1,0,0,"3",-0.34,-0.34,"12","D",0,0,0,"D",0,"D",0,"D",0,"D",0,"D",0,"D",11578,"D",0,"D",0,"D",300,"D",45,"D",0,"D",0,"D",1880,"D",0,-170,0,0,-170,-170,0,0,0,0,0.01,0.01,0,0,0,0,0,0,0,0,0,0,0,0,0,0,0,0,3212,3212,2493.38,2493.38,0,0,0,0,0,0,0
"03387312",1,"2015","2014",0,0.0667,0.0667,"2",0.3511,0.3509,"48","D",0,0,0,"D",0,"D",95591,"D",318098,"D",1715,"D",0,"D",0,"D",0,"D",25140,"D",0,"D",450,"D",0,"D",0,"D",0,"D",108382,0,108655.53,108107.73,0,0,39831.47,40017.47,415404,415404,0,0,0,0,0,0,0,0,0,0,415404,415404,0,0,108590.36,108042.56,108590.36,108042.56,0,0,0,0,0,0,0,0,0,0,0
"03387332",1,"2015","2014",0,0,0,"1",0,0,"38","D",0,0,1,"D",1,"D",0,"D",0,"D",0,"D",0,"D",11952,"D",0,"D",8100,"D",0,"D",25,"D",0,"D",0,"D",0,"D",0,0,0,0,0,0,0,0,0,0,0.01,0.01,0,0,0,0,0,0,0,0,0,0,0,0,0,0,0,0,3315.6,3344.96,26,26,0,0,0,0,0,0,0
"03387342",1,"2015","2014",0,0.153,0.153,"2",0,0,"05","D",0,0,0,"D",0,"D",800,"D",0,"D",11001,"D",3500,"D",21600,"D",0,"D",0,"D",2800,"D",0,"D",0,"D",0,"D",10440,"D",0,0,0,0,0,0,122.4,122.4,15301,15301,15301.01,15301.01,0,0,0,0,0,0,0,0,15301,15301,0,0,0,0,0,0,7984,8088,13240,13240,0,0,0,0,0,0,0
"03387352",1,"2015","2014",0,0.153,0.153,"1",0.25,0.25,"39","D",0.0307,0.0307,0,"D",0,"D",52000,"D",0,"D",0,"D",0,"D",0,"D",0,"D",0,"D",1300,"D",0,"D",0,"D",0,"D",2580,"D",6269,1596,6318.75,6218.75,1596.4,1596.4,7956,7956,52000,52000,52000.01,52000.01,0,0,0,0,0,0,0,0,52000,52000,0,0,6318.75,6218.75,6318.75,6218.75,0,0,0,0,0,0,0,0,0,0,0
"03387382",1,"2015","2014",0,0,0,"1",0,0,"0","T",0,0,1,"D",1,"D",0,"D",0,"D",0,"D",0,"D",11016,"D",0,"D",0,"D",0,"D",0,"D",0,"D",0,"D",0,"D",0,0,0,0,0,0,0,0,0,0,0,0,0,0,0,0,0,0,0,0,0,0,0,0,0,0,0,0,0,0,0,0,0,0,0,0,0,0,0
"03387402",1,"2015","2014",0,0.153,0.153,"2",0.15,0.15,"0","T",0,0,0,"D",0,"D",100000,"D",1,"D",0,"D",0,"D",0,"D",0,"D",0,"D",3500,"D",50,"D",0,"D",0,"D",15636,"D",10015,0,10029.75,9999.75,0,0,15300.15,15300.15,100001,100001,0,0,0,0,0,0,0,0,0,0,84365,84365,0,0,10029.75,9999.75,10029.75,9999.75,0,0,0,0,0,0,0,0,0,0,0
"03387412",1,"2015","2014",2,0,0,"3",0,0,"02","D",0,0,0,"D",0,"D",0,"D",0,"D",4000,"D",2390,"D",0,"D",0,"D",0,"D",0,"D",3023,"D",0,"D",0,"D",0,"D",0,0,0,0,0,0,0,0,6390,6390,0,0,0,0,0,0,0,0,0,0,6390,6390,0,0,0,0,0,0,0,0,0,0,0,0,0,0,0,0,0
"03387422",1,"2015","2014",2,0.0317,0.0317,"2",0.2714,0.2714,"39","D",0.0307,0.0307,0,"D",0,"D",228786,"D",5000,"D",-18323,"D",0,"D",0,"D",0,"D",0,"D",6000,"D",1201,"D",0,"D",1,"D",6000,"D",37478,6615,37604.24,37352.74,6614.71,6614.71,21907.79,22093.79,215463,215463,215463.01,215463.01,0,0,0,0,0,0,0,0,209463,209463,0,0,37604.24,37352.74,37604.24,37352.74,0,0,0,0,0,0,0,0,0,0,0
"03387432",1,"2015","2014",1,0.153,0.153,"2",0.1598,0.1598,"0","T",0,0,2,"D",2,"D",25813,"D",0,"D",0,"D",0,"D",0,"D",0,"D",0,"D",110,"D",0,"D",0,"D",0,"D",704,"D",-2955,0,-2897.03,-3013.35,0,0,3949.39,3949.39,25813,25813,0,0,0,0,0,0,0,0,2897.03,3013.35,25813,25813,0,0,0,0,0,0,0,0,0,0,0,0,0,0,0,0,0
"03387432",2,"2015","2014",1,0.153,0.153,"2",0.2598,0.2598,"0","T",0,0,0,"D",0,"D",19258,"D",6942,"D",0,"D",0,"D",0,"D",0,"D",0,"D",0,"D",0,"D",0,"D",1,"D",0,"D",-3716,0,-3640.19,-3791.51,0,0,4008.6,4008.6,26200,26200,0,0,195,160,805,840,0,0,2835.19,2951.51,26200,26200,0,0,195,160,195,160,0,0,0,0,0,0,0,0,0,0,0
"03387442",1,"2015","2014",0,0,0,"1",-0.0765,-0.0765,"38","D",-0.0061,-0.0061,0,"D",0,"D",0,"D",0,"D",0,"D",0,"D",0,"D",0,"D",9000,"D",0,"D",0,"D",0,"D",0,"D",85,"D",0,0,0,0,0,0,0,0,0,0,0.01,0.01,0,0,0,0,0,0,0,0,0,0,0,0,0,0,0,0,2115.6,2144.96,85,85,0,0,0,0,0,0,0
"03387472",1,"2015","2014",0,0.153,0.153,"1",0.15,0.15,"44","D",0,0,0,"D",0,"D",35000,"D",0,"D",0,"D",0,"D",0,"D",0,"D",7608,"D",0,"D",60,"D",0,"D",0,"D",120,"D",3259,0,3273.75,3243.75,0,0,5355,5355,35000,35000,0,0,0,0,0,0,0,0,0,0,35000,35000,0,0,3273.75,3243.75,3273.75,3243.75,0,0,0,0,0,0,0,0,0,0,0
"03387522",1,"2015","2014",2,0.029,0.029,"2",0.325,0.325,"33","D",0.0793,0.0793,0,"D",0,"D",228786,"D",0,"D",-2923,"D",0,"D",0,"D",0,"D",0,"D",16180,"D",35,"D",0,"D",2,"D",22328,"D",34383,12480,34630.38,34136.38,12655.23,12305.23,21142.79,21328.79,225863,225863,225863.01,225863.01,0,0,0,0,0,0,0,0,203535,203535,2901.24,2560.74,31729.14,31575.64,31729.14,31575.64,15650,15850,33558.81,33558.81,0,0,0,0,0,0,0
"03387533",1,"2015","2014",3,0.153,0.153,"2",0.3106,0.3106,"33","D",0.1032,0.1032,0,"D",0,"D",25000,"D",7738,"D",0,"D",0,"D",0,"D",0,"D",11940,"D",0,"D",0,"D",0,"D",3,"D",0,"D",-7201,-1702,-7088.13,-7314.27,-1670.56,-1732.9,5008.91,5008.91,32738,32738,32738.01,32738.01,58.8,13.8,2941.2,2986.2,0,0,4146.93,4328.07,32738,32738,0,0,58.8,13.8,58.8,13.8,15650,15850,0,0,0,0,0,0,1244.08,1298.42,0
"03387533",2,"2015","2014",0,0.153,0.153,"1",0.15,0.15,"33","D",0.0657,0.0657,0,"D",0,"D",25000,"D",0,"D",0,"D",0,"D",0,"D",0,"D",0,"D",0,"D",0,"D",0,"D",0,"D",0,"D",1759,755,1773.75,1743.75,760.04,749.07,3825,3825,25000,25000,25000.01,25000.01,0,0,0,0,0,0,0,0,25000,25000,0,0,1773.75,1743.75,1773.75,1743.75,7800,7900,0,0,0,0,0,0,0,0,0
"03387572",1,"2015","2014",2,0.0298,0.0298,"2",0.2805,0.2806,"33","D",0.078,0.0777,0,"D",0,"D",150000,"D",1000,"D",-2885,"D",0,"D",0,"D",0,"D",0,"D",9000,"D",0,"D",0,"D",2,"D",17068,"D",16223,7477,16262.78,16183.96,7668.9,7284.16,19011,19197,148115,148115,148115.01,148115.01,94.25,94.25,0,0,0,0,0,0,131047,131047,0,0,16357.03,16278.21,16357.03,16278.21,15650,15850,26068,26068,0,0,0,0,0,0,0
"03387582",1,"2015","2014",0,0.0608,0.0608,"2",0.35,0.35,"37","D",0.0514,0.0514,0,"D",0,"D",331175,"D",74420,"D",500,"D",0,"D",0,"D",0,"D",0,"D",6000,"D",355,"D",0,"D",0,"D",20548,"D",97072,18592,97367.45,96777.45,18595.78,18588.52,36898.69,37084.69,406095,406095,406095.01,406095.01,0,0,0,0,0,0,0,0,385547,385547,1928.66,1868.54,95419.79,94889.91,95419.79,94889.91,12400,12600,42413.49,42551.75,0,0,0,0,0,0,0
"03387592",1,"2015","2014",2,0.153,0.153,"2",0.3,0.3,"50","D",0.0627,0.0627,0,"D",0,"D",69000,"D",65000,"D",-5041,"D",0,"D",0,"D",0,"D",0,"D",3500,"D",240,"D",0,"D",1,"D",0,"D",16738,6734,16850.2,16625.2,6737.55,6730.87,20502,20502,128959,128959,128959.01,128959.01,52.05,52.05,0,0,0,0,0,0,128959,128959,0,0,16902.25,16677.25,16902.25,16677.25,0,0,0,0,0,0,0,0,0,0,0
"03387612",1,"2015","2014",2,0,0,"3",-0.4,-0.4,"18","D",0,0,0,"D",0,"D",0,"D",0,"D",0,"D",0,"D",0,"D",0,"D",0,"D",390,"D",0,"D",0,"D",0,"D",545,"D",0,0,0,0,0,0,0,0,0,0,0.01,0.01,0,0,0,0,0,0,0,0,0,0,0,0,0,0,0,0,2400,2440,935,935,0,0,0,0,0,0,0
"03387622",1,"2015","2014",2,0.153,0.153,"2",0.2825,0.2825,"41","D",0.07,0.07,0,"D",0,"D",95000,"D",55000,"D",-5000,"D",0,"D",0,"D",0,"D",0,"D",2000,"D",0,"D",0,"D",2,"D",13988,"D",17873,7218,17959.19,17787.69,7225.24,7211.24,22950,22950,145000,145000,105986.77,105800.77,250,250,0,0,0,0,0,0,131012,131012,0,0,18209.19,18037.69,18209.19,18037.69,0,0,0,0,0,0,0,0,0,0,0
"03387662",1,"2015","2014",1,0.153,0.153,"2",0.25,0.25,"45","D",0.063,0.063,0,"D",0,"D",62025,"D",42050,"D",0,"D",0,"D",0,"D",0,"D",16800,"D",0,"D",325,"D",0,"D",1,"D",0,"D",10563,4914,10668.75,10456.25,4926.14,4901.8,15923.47,15923.47,104075,104075,104075.01,104075.01,1000,1000,0,0,0,0,0,0,104075,104075,0,0,11668.75,11456.25,11668.75,11456.25,0,0,0,0,0,0,0,0,0,0,0
"03387672",1,"2015","2014",0,0.0736,0.0736,"2",0.2604,0.2604,"41","D",0.07,0.07,0,"D",0,"D",160000,"D",90000,"D",-6000,"D",0,"D",0,"D",0,"D",0,"D",2500,"D",0,"D",0,"D",0,"D",10732,"D",45367,14898,45477.72,45256.18,14901.16,14894.16,32918,33104,244000,244000,207966.85,207873.85,0,0,0,0,0,0,0,0,233268,233268,0,0,45477.72,45256.18,45477.72,45256.18,0,0,0,0,0,0,0,0,0,0,0
"03387682",1,"2015","2014",0,0.038,0.038,"1",0.35,0.35,"05","D",0.093,0.093,0,"D",0,"D",245367,"D",0,"D",0,"D",0,"D",0,"D",0,"D",17508,"D",0,"D",0,"D",0,"D",0,"D",7200,"D",56506,19938,56713.45,56298.45,19956.67,19919.47,22031.95,22217.95,245367,245367,245367.01,245367.01,0,0,0,0,0,0,0,0,238167,238167,2149.29,1990.52,54564.16,54307.93,54564.16,54307.93,3992,4044,3062.76,3200.34,0,0,0,0,0,0,0
"03387692",1,"2015","2014",2,0.153,0.153,"2",0.15,0.15,"0","T",0,0,0,"D",0,"D",23983,"D",41248,"D",200,"D",0,"D",0,"D",0,"D",0,"D",690,"D",13200,"D",0,"D",2,"D",1236,"D",2246,0,2268.25,2223.25,0,0,9980.34,9980.34,65431,65431,0,0,2000,2000,0,0,0,0,0,0,64195,64195,0,0,4268.25,4223.25,4268.25,4223.25,0,0,0,0,0,0,0,0,0,0,0
"03387712",1,"2015","2014",2,0.153,0.153,"2",0.2106,0.2106,"36","D",0,0,0,"D",0,"D",3420,"D",22000,"D",0,"D",0,"D",0,"D",0,"D",6600,"D",0,"D",0,"D",0,"D",2,"D",0,"D",-7090,0,-7005.1,-7175.24,0,0,3889.26,3889.26,25420,25420,25420.01,25420.01,0,0,2000,2000,0,0,5005.1,5175.24,25420,25420,0,0,0,0,0,0,0,0,0,0,0,0,0,0,500.51,517.52,0
"03387722",1,"2015","2014",3,0,0,"3",0.1,0.1,"29","D",0,0,0,"D",0,"D",0,"D",0,"D",6877,"D",19024,"D",0,"D",0,"D",0,"D",1000,"D",1,"D",0,"D",0,"D",0,"D",83,0,100.1,65.1,0,0,0,0,25901,25901,0,0,0,0,0,0,0,0,0,0,25901,25901,0,0,100.1,65.1,100.1,65.1,0,0,0,0,0,0,0,0,0,0,0
"03387732",1,"2015","2014",1,0.153,0.153,"3",0.3098,0.15,"10","D",0,0,0,"D",0,"D",38578,"D",0,"D",0,"D",0,"D",0,"D",0,"D",9600,"D",0,"D",0,"D",0,"D",0,"D",0,"D",2518,0,2589.2,2447.09,0,0,5902.43,5902.43,38578,38578,0,0,0,0,0,0,0,0,0,94.61,38578,38578,0,0,2589.2,2541.7,2589.2,2541.7,0,0,0,0,0,0,0,0,0,0,0
"03387742",1,"2015","2014",1,0.153,0.153,"3",0.3098,0.3098,"33","D",0.1069,0.1069,0,"D",0,"D",37440,"D",0,"D",0,"D",0,"D",0,"D",0,"D",6600,"D",0,"D",0,"D",0,"D",0,"D",0,"D",2171,1006,2247.18,2094.54,1030.37,982.37,5728.32,5728.32,37440,37440,37440.01,37440.01,0,0,0,0,0,0,171.32,276.46,37440,37440,0,0,2418.5,2371,2418.5,2371,10950,11100,0,0,0,0,0,0,51.4,82.94,0
"03387752",1,"2015","2014",0,0.153,0.153,"1",0.15,0.15,"0","T",0,0,0,"D",0,"D",39380,"D",0,"D",0,"D",0,"D",0,"D",0,"D",9000,"D",0,"D",0,"D",0,"D",0,"D",0,"D",3916,0,3930.75,3900.75,0,0,6025.14,6025.14,39380,39380,0,0,0,0,0,0,0,0,0,0,39380,39380,0,0,3930.75,3900.75,3930.75,3900.75,0,0,0,0,0,0,0,0,0,0,0
"03387783",1,"2015","2014",2,0.153,0.153,"3",0,0,"10","D",0,0,0,"D",0,"D",15000,"D",0,"D",0,"D",0,"D",0,"D",0,"D",18000,"D",0,"D",0,"D",0,"D",1,"D",0,"D",-6504,0,-6460,-6548,0,0,2295,2295,15000,15000,0,0,0,0,1000,1000,0,0,5460,5548,15000,15000,0,0,0,0,0,0,0,0,0,0,0,0,0,0,0,0,0
"03387792",1,"2015","2014",2,0,0,"3",-0.4,-0.4,"10","D",0,0,0,"D",0,"D",0,"D",0,"D",13,"D",0,"D",0,"D",0,"D",14328,"D",0,"D",1,"D",0,"D",0,"D",999,"D",0,0,0,0,0,0,0,0,13,13,0,0,0,0,0,0,0,0,0,0,13,13,0,0,0,0,0,0,0,0,0,0,0,0,0,0,0,0,0
"03387812",1,"2015","2014",0,0.153,0.153,"1",0.1,0.1,"43","D",0,0,1,"D",1,"D",11042,"D",0,"D",985,"D",399,"D",20626,"D",0,"D",0,"D",800,"D",90,"D",0,"D",0,"D",324,"D",65,0,72.6,57.6,0,0,1689.43,1689.43,12426,12426,0,0,0,0,0,0,0,0,0,0,12426,12426,0,0,72.6,57.6,72.6,57.6,0,0,0,0,0,0,0,0,0,0,0
"03387812",2,"2015","2014",0,0.153,0.153,"1",0.15,0.15,"43","D",0,0,0,"D",0,"D",24309,"D",0,"D",0,"D",0,"D",0,"D",0,"D",0,"D",0,"D",0,"D",0,"D",0,"D",0,"D",1655,0,1670.1,1640.1,0,0,3719.28,3719.28,24309,24309,0,0,0,0,0,0,0,0,0,0,24309,24309,0,0,1670.1,1640.1,1670.1,1640.1,0,0,0,0,0,0,0,0,0,0,0
"03387832",1,"2015","2014",2,0,0,"3",-0.4,-0.4,"22","D",-0.06,-0.06,0,"D",0,"D",0,"D",0,"D",0,"D",0,"D",0,"D",0,"D",0,"D",16180,"D",0,"D",0,"D",0,"D",1099,"D",0,0,0,0,0,0,0,0,0,0,0.01,0.01,0,0,0,0,0,0,0,0,0,0,0,0,0,0,0,0,0,0,0,0,0,0,0,0,0,0,0
"03387882",1,"2015","2014",2,0,0,"3",-0.4,-0.4,"33","D",-0.12,-0.12,0,"D",0,"D",0,"D",0,"D",0,"D",0,"D",0,"D",0,"D",4776,"D",0,"D",0,"D",0,"D",0,"D",0,"D",0,-200,0,0,-200,-200,0,0,0,0,0.01,0.01,0,0,0,0,0,0,0,0,0,0,0,0,0,0,0,0,10950,11100,0,0,0,0,0,0,0,0,0
"03387902",1,"2015","2014",0,0.153,0.153,"1",0.1414,0.1413,"34","D",0.0575,0.058,0,"D",0,"D",40000,"D",0,"D",-2865,"D",0,"D",0,"D",0,"D",0,"D",3700,"D",342,"D",0,"D",0,"D",10316,"D",2163,1335,2169.16,2155.9,1340.9,1329.34,6120,6120,37135,37135,37135.01,37135.01,0,0,0,0,0,0,0,0,26819,26819,0,0,2169.16,2155.9,2169.16,2155.9,7500,7500,14016,14016,0,0,0,0,0,0,0
"03387962",1,"2015","2014",0,0,0,"1",0,0,"33","D",0,0,1,"D",1,"D",0,"D",0,"D",0,"D",4800,"D",21598,"D",0,"D",0,"D",9000,"D",24,"D",0,"D",0,"D",0,"D",0,0,0,0,0,0,0,0,4800,4800,0.01,0.01,0,0,0,0,0,0,0,0,4800,4800,0,0,0,0,0,0,7800,7900,0,0,0,0,0,0,0,0,0
"03387992",1,"2015","2014",2,0.153,0.153,"3",0.2106,0.2106,"0","T",0,0,0,"D",0,"D",19000,"D",0,"D",0,"D",0,"D",0,"D",0,"D",5400,"D",0,"D",0,"D",0,"D",1,"D",1200,"D",-6291,0,-6213.6,-6368.99,0,0,2907,2907,19000,19000,0,0,0,0,1000,1000,0,0,5213.6,5368.99,19000,19000,0,0,0,0,0,0,0,0,0,0,0,0,0,0,0,0,0
"03387992",2,"2015","2014",2,0.153,0.153,"2",0,0,"0","T",0,0,1,"D",1,"D",16000,"D",0,"D",0,"D",0,"D",11206,"D",0,"D",0,"D",0,"D",0,"D",0,"D",1,"D",0,"D",-6504,0,-6460,-6548,0,0,2448,2448,16000,16000,0,0,0,0,1000,1000,0,0,5460,5548,16000,16000,0,0,0,0,0,0,0,0,0,0,0,0,0,0,0,0,0
"03387992",4,"2015","2014",2,0,0,"3",-0.4,-0.4,"0","T",0,0,0,"D",0,"D",0,"D",0,"D",0,"D",0,"D",0,"D",0,"D",0,"D",0,"D",0,"D",0,"D",1,"D",0,"D",0,0,0,0,0,0,0,0,0,0,0,0,0,0,0,0,0,0,0,0,0,0,0,0,0,0,0,0,0,0,0,0,0,0,0,0,0,0,0
"03388002",1,"2015","2014",0,0.153,0.153,"1",0.15,0.15,"36","D",0.0297,0.0317,0,"D",0,"D",36503,"D",0,"D",0,"D",0,"D",0,"D",0,"D",10896,"D",0,"D",0,"D",0,"D",0,"D",0,"D",3484,733,3499.2,3469.2,756.8,709.1,5584.96,5584.96,36503,36503,36503.01,36503.01,0,0,0,0,0,0,0,0,36503,36503,0,0,3499.2,3469.2,3499.2,3469.2,0,0,0,0,0,0,0,0,0,0,0
"03388002",2,"2015","2014",2,0,0,"3",-0.4,-0.4,"36","D",0,0,0,"D",0,"D",0,"D",0,"D",0,"D",0,"D",0,"D",0,"D",0,"D",0,"D",0,"D",0,"D",0,"D",0,"D",0,0,0,0,0,0,0,0,0,0,0.01,0.01,0,0,0,0,0,0,0,0,0,0,0,0,0,0,0,0,0,0,0,0,0,0,0,0,0,0,0
"03388002",3,"2015","2014",2,0,0,"3",-0.4,-0.4,"36","D",0,0,0,"D",0,"D",0,"D",0,"D",0,"D",0,"D",0,"D",0,"D",0,"D",0,"D",0,"D",0,"D",0,"D",0,"D",0,0,0,0,0,0,0,0,0,0,0.01,0.01,0,0,0,0,0,0,0,0,0,0,0,0,0,0,0,0,0,0,0,0,0,0,0,0,0,0,0
"03388042",1,"2015","2014",0,0,0,"2",0.15,0.15,"36","D",0.0297,0.0317,2,"D",2,"D",0,"D",0,"D",48,"D",29000,"D",12334,"D",0,"D",0,"D",1300,"D",634,"D",0,"D",0,"D",2564,"D",776,147,795.55,755.55,160.83,132.44,0,0,30655.5,30655.5,29048.01,29048.01,0,0,0,0,0,0,0,0,30655.5,30655.5,0,0,795.55,755.55,795.55,755.55,0,0,0,0,0,0,0,0,0,0,0
"03388092",1,"2015","2014",0,0.0885,0.0885,"2",0.35,0.35,"50","D",0.0812,0.0812,1,"D",0,"D",160000,"D",110000,"D",-6390,"D",960,"D",0,"D",0,"D",0,"D",6000,"D",1340,"D",0,"D",0,"D",8920,"D",51590,14929,51884.5,51294.5,14929.06,14929.06,36158,36344,264570,264570,264570.01,264570.01,0,0,0,0,0,0,0,0,255650,255650,1502.84,1136.34,50381.66,50158.16,50381.66,50158.16,0,0,8920,8920,0,0,0,0,0,0,0
"03388132",1,"2015","2014",2,0.153,0.153,"3",0.3106,0.3106,"33","D",0.1032,0.1032,0,"D",0,"D",23000,"D",0,"D",0,"D",0,"D",0,"D",0,"D",18960,"D",0,"D",0,"D",0,"D",2,"D",180,"D",-6259,-1596,-6166.2,-6351.59,-1569.36,-1621.98,3519,3519,23000,23000,23000.01,23000.01,205,175,1795,1825,0,0,4371.2,4526.59,23000,23000,0,0,205,175,205,175,10950,11100,0,0,0,0,0,0,1230.69,1277.31,0
"03388132",2,"2015","2014",0,0.153,0.153,"2",0.15,0.15,"33","D",0.0645,0.0645,0,"D",0,"D",40064,"D",38549,"D",0,"D",0,"D",0,"D",0,"D",0,"D",0,"D",0,"D",0,"D",0,"D",0,"D",7809,3389,7839.45,7779.45,3403.34,3374.91,12027.79,12027.79,78613,78613,78613.01,78613.01,0,0,0,0,0,0,0,0,78613,78613,0,0,7839.45,7779.45,7839.45,7779.45,15650,15850,0,0,0,0,0,0,0,0,0
"03388142",1,"2015","2014",0,0.153,0.153,"1",0.25,0.25,"31","D",0.0637,0.0637,0,"D",0,"D",76000,"D",0,"D",0,"D",0,"D",0,"D",0,"D",16800,"D",0,"D",70,"D",0,"D",0,"D",0,"D",12269,2501,12318.75,12218.75,2501.25,2501.25,11628,11628,76000,76000,76000.01,76000.01,0,0,0,0,0,0,0,0,76000,76000,0,0,12318.75,12218.75,12318.75,12218.75,0,0,0,0,0,0,0,0,0,0,0
"03388162",1,"2015","2014",0,0,0,"1",-0.0765,-0.0765,"44","D",0,0,0,"D",0,"D",0,"D",0,"D",0,"D",0,"D",0,"D",0,"D",3600,"D",0,"D",0,"D",0,"D",0,"D",0,"D",0,0,0,0,0,0,0,0,0,0,0,0,0,0,0,0,0,0,0,0,0,0,0,0,0,0,0,0,0,0,0,0,0,0,0,0,0,0,0
"03388172",1,"2015","2014",0,0,0,"2",0,0,"39","D",0,0,2,"D",2,"D",0,"D",0,"D",100,"D",20000,"D",22724,"D",0,"D",0,"D",4000,"D",700,"D",0,"D",0,"D",600,"D",0,0,0,0,0,0,0,0,20100,20100,100.01,100.01,0,0,0,0,0,0,0,0,20100,20100,0,0,0,0,0,0,0,0,0,0,0,0,0,0,0,0,0
"03388192",1,"2015","2014",0,0.153,0.153,"1",0.15,0.15,"10","D",0,0,0,"D",0,"D",43000,"D",0,"D",0,"D",0,"D",0,"D",0,"D",9600,"D",0,"D",0,"D",0,"D",0,"D",0,"D",4459,0,4473.75,4443.75,0,0,6579,6579,43000,43000,0,0,0,0,0,0,0,0,0,0,43000,43000,0,0,4473.75,4443.75,4473.75,4443.75,0,0,0,0,0,0,0,0,0,0,0
"03388192",2,"2015","2014",0,0.153,0.153,"1",0.25,0.25,"10","D",0,0,0,"D",0,"D",50000,"D",0,"D",0,"D",0,"D",0,"D",0,"D",0,"D",0,"D",0,"D",0,"D",0,"D",0,"D",5769,0,5818.75,5718.75,0,0,7650,7650,50000,50000,0,0,0,0,0,0,0,0,0,0,50000,50000,0,0,5818.75,5718.75,5818.75,5718.75,0,0,0,0,0,0,0,0,0,0,0
"03388212",1,"2015","2014",0,0,0,"1",0.15,0.15,"43","D",0,0,0,"D",0,"D",0,"D",0,"D",20000,"D",0,"D",0,"D",0,"D",3900,"D",0,"D",0,"D",0,"D",0,"D",0,"D",1009,0,1023.75,993.75,0,0,0,0,20000,20000,0,0,0,0,0,0,0,0,0,0,20000,20000,0,0,1023.75,993.75,1023.75,993.75,0,0,0,0,0,0,0,0,0,0,0
"03388222",1,"2015","2014",0,0,0,"1",-0.0765,-0.0765,"01","D",0,0,0,"D",0,"D",0,"D",0,"D",0,"D",0,"D",18413,"D",0,"D",0,"D",550,"D",14,"D",0,"D",0,"D",5416,"D",0,0,0,0,0,0,0,0,0,0,0.01,0.01,0,0,0,0,0,0,0,0,0,0,0,0,0,0,0,0,2500,2500,5980,5980,0,0,0,0,0,0,0
"03388242",1,"2015","2014",0,0.153,0.153,"2",0.15,0.15,"44","D",0,0,0,"D",0,"D",40000,"D",5200,"D",-1990,"D",0,"D",0,"D",0,"D",0,"D",2300,"D",45,"D",0,"D",0,"D",0,"D",2499,0,2529,2469,0,0,6915.6,6915.6,43210,43210,0,0,0,0,0,0,0,0,0,0,43210,43210,0,0,2529,2469,2529,2469,0,0,0,0,0,0,0,0,0,0,0
"03388242",2,"2015","2014",0,0.153,0.153,"1",0.1,0.1,"44","D",0,0,0,"D",0,"D",18700,"D",0,"D",0,"D",0,"D",0,"D",0,"D",0,"D",0,"D",0,"D",0,"D",0,"D",0,"D",848,0,855,840,0,0,2861.1,2861.1,18700,18700,0,0,0,0,0,0,0,0,0,0,18700,18700,0,0,855,840,855,840,0,0,0,0,0,0,0,0,0,0,0
"03388242",3,"2015","2014",0,0.153,0.153,"1",0.15,0.15,"44","D",0,0,0,"D",0,"D",23000,"D",0,"D",-100,"D",0,"D",0,"D",0,"D",0,"D",0,"D",0,"D",0,"D",0,"D",0,"D",1444,0,1458.75,1428.75,0,0,3519,3519,22900,22900,0,0,0,0,0,0,0,0,0,0,22900,22900,0,0,1458.75,1428.75,1458.75,1428.75,0,0,0,0,0,0,0,0,0,0,0
"03388262",1,"2015","2014",0,0.153,0.153,"2",0.15,0.15,"39","D",0.0307,0.0307,0,"D",0,"D",33834,"D",16946,"D",0,"D",3200,"D",4688,"D",0,"D",0,"D",5800,"D",450,"D",0,"D",0,"D",1200,"D",4712,1657,4742.22,4682.22,1657.19,1657.19,7769.34,7769.34,57964.8,57964.8,53980.01,53980.01,0,0,0,0,0,0,0,0,57964.8,57964.8,0,0,4742.22,4682.22,4742.22,4682.22,0,0,0,0,0,0,0,0,0,0,0
"03388282",1,"2015","2014",3,0.153,0.153,"2",0.2106,0.2106,"05","D",0,0,0,"D",0,"D",0,"D",23939,"D",4379,"D",0,"D",0,"D",0,"D",0,"D",1000,"D",450,"D",0,"D",2,"D",6588,"D",-6164,0,-6048.78,-6279.92,0,0,3662.67,3662.67,28318,28318,28318.01,28318.01,0,0,2000,2000,0,0,4048.78,4279.92,28318,28318,0,0,0,0,0,0,7984,8088,8038,8038,0,0,0,0,0,0,0
"03388292",1,"2015","2014",2,0,0,"3",-0.4,-0.4,"10","D",0,0,0,"D",0,"D",0,"D",0,"D",0,"D",0,"D",0,"D",0,"D",0,"D",950,"D",0,"D",0,"D",0,"D",1500,"D",0,0,0,0,0,0,0,0,0,0,0,0,0,0,0,0,0,0,0,0,0,0,0,0,0,0,0,0,0,0,0,0,0,0,0,0,0,0,0
"03388302",1,"2015","2014",0,0,0,"1",0,0,"23","D",0.0525,0.0525,1,"D",1,"D",0,"D",0,"D",0,"D",0,"D",10522,"D",0,"D",0,"D",1000,"D",0,"D",0,"D",0,"D",2004,"D",0,-673,0,0,-672.54,-672.54,0,0,0,0,0.01,0.01,0,0,0,0,0,0,0,0,0,0,0,0,0,0,0,0,0,0,0,0,631.69,631.69,0,0,0,0,0
"03388312",1,"2015","2014",0,0.153,0.153,"2",0.1402,0.1402,"50","D",0.0652,0.0652,1,"D",0,"D",28000,"D",0,"D",7447,"D",23040,"D",26422,"D",0,"D",0,"D",10100,"D",30,"D",0,"D",0,"D",15492,"D",5897,1963,5909.61,5883.68,1976.3,1949.18,4284,4284,80945.7,80945.7,58487.01,58487.01,0,0,0,0,0,0,0,0,65453.7,65453.7,0,0,5909.61,5883.68,5909.61,5883.68,10695.42,11070.68,15492,15492,0,0,0,0,0,0,0
"03388312",2,"2015","2014",1,0,0,"3",-0.34,-0.34,"50","D",-0.0136,-0.0136,0,"D",0,"D",0,"D",0,"D",0,"D",0,"D",0,"D",0,"D",0,"D",0,"D",0,"D",0,"D",0,"D",0,"D",0,0,0,0,0,0,0,0,0,0,0.01,0.01,0,0,0,0,0,0,0,0,0,0,0,0,0,0,0,0,13020,13239.48,0,0,0,0,0,0,0,0,0
"03388342",1,"2015","2014",1,0.153,0.153,"2",0.15,0.15,"50","D",0.0751,0.0751,0,"D",0,"D",34469,"D",44539,"D",0,"D",0,"D",0,"D",0,"D",0,"D",2000,"D",0,"D",0,"D",1,"D",5656,"D",6272,3276,6306.2,6238.7,3291.34,3261.14,12088.22,12088.22,79008,79008,79008.01,79008.01,1000,1000,0,0,0,0,0,0,79008,79008,0,0,7306.2,7238.7,7306.2,7238.7,6637.39,7012.65,5656,5656,0,0,0,0,0,0,0
"03388362",1,"2015","2014",0,0.153,0.153,"1",0.15,0.15,"08","D",0.048,0.048,0,"D",0,"D",20000,"D",0,"D",0,"D",0,"D",0,"D",0,"D",0,"D",2000,"D",0,"D",0,"D",0,"D",0,"D",1009,475,1023.75,993.75,475,475,3060,3060,20000,20000,20000.01,20000.01,0,0,0,0,0,0,0,0,20000,20000,0,0,1023.75,993.75,1023.75,993.75,3250,3250,2000,2000,0,0,0,0,0,0,0
"03388393",1,"2015","2014",2,0.153,0.153,"2",0.3106,0.3106,"44","D",0,0,0,"D",0,"D",15000,"D",20000,"D",0,"D",0,"D",0,"D",0,"D",20600,"D",0,"D",0,"D",0,"D",2,"D",0,"D",-4413,0,-4307.56,-4517.69,0,0,5355,5355,35000,35000,0,0,680,640,1320,1360,0,0,2987.56,3157.69,35000,35000,0,0,680,640,680,640,0,0,0,0,0,0,0,0,0,0,0
"03388402",1,"2015","2014",0,0.153,0.153,"1",0.25,0.25,"28","D",0.0684,0.0684,0,"D",0,"D",50000,"D",0,"D",0,"D",0,"D",0,"D",0,"D",10800,"D",0,"D",0,"D",0,"D",0,"D",0,"D",5769,2025,5818.75,5718.75,2035.72,2013.56,7650,7650,50000,50000,50000.01,50000.01,0,0,0,0,0,0,0,0,50000,50000,0,0,5818.75,5718.75,5818.75,5718.75,6200,6300,0,0,0,0,0,0,0,0,0
"03388402",2,"2015","2014",0,0.153,0.153,"1",0.15,0.15,"28","D",0.0501,0.0501,0,"D",0,"D",25000,"D",0,"D",0,"D",0,"D",0,"D",0,"D",0,"D",0,"D",0,"D",0,"D",0,"D",0,"D",1759,506,1773.75,1743.75,512.38,500.55,3825,3825,25000,25000,25000.01,25000.01,0,0,0,0,0,0,0,0,25000,25000,0,0,1773.75,1743.75,1773.75,1743.75,6200,6300,0,0,0,0,0,0,0,0,0
"03388452",1,"2015","2014",1,0.153,0.153,"2",0.2923,0.2923,"39","D",0.0307,0.0307,0,"D",0,"D",70000,"D",60000,"D",-2000,"D",0,"D",0,"D",0,"D",0,"D",9000,"D",5804,"D",0,"D",1,"D",11248,"D",13073,3930,13154.6,12992.1,3929.6,3929.6,19890,19890,128000,128000,128000.01,128000.01,100,100,0,0,0,0,0,0,116752,116752,0,0,13254.6,13092.1,13254.6,13092.1,0,0,0,0,0,0,0,0,0,0,0
"03388462",1,"2015","2014",0,0,0,"1",-0.0765,-0.0765,"23","D",0.0339,0.0339,0,"D",0,"D",0,"D",0,"D",0,"D",0,"D",0,"D",0,"D",3980,"D",0,"D",0,"D",0,"D",0,"D",0,"D",0,-703,0,0,-702.56,-702.56,0,0,0,0,0.01,0.01,0,0,0,0,0,0,0,0,0,0,0,0,0,0,0,0,0,0,0,0,477.58,477.58,0,0,0,0,0
"03388472",1,"2015","2014",1,0.153,0.153,"3",0,0.1,"24","D",0,0.0535,0,"D",0,"D",17000,"D",0,"D",0,"D",0,"D",0,"D",0,"D",14340,"D",0,"D",30,"D",0,"D",0,"D",0,"D",-3332,-2713,-3305,-3359,-2699,-2727,2601,2601,17000,17000,17000.01,17000.01,0,0,0,0,0,0,3305,3359,17000,17000,0,0,0,0,0,0,9100,9250,0,0,1659,1670,0,0,1040,1057,0
"03388472",2,"2015","2014",1,0.153,0.153,"2",0,0,"24","D",0,0,0,"D",0,"D",16000,"D",0,"D",0,"D",0,"D",0,"D",0,"D",0,"D",0,"D",0,"D",0,"D",1,"D",0,"D",-4332,-1049,-4305,-4359,-1040,-1057,2448,2448,16000,16000,16000.01,16000.01,0,0,1000,1000,0,0,3305,3359,16000,16000,0,0,0,0,0,0,12400,12600,0,0,0,0,0,0,1040,1057,0
"03388482",1,"2015","2014",0,0.153,0.153,"1",0.1487,0.1487,"48","D",0,0,0,"D",0,"D",35000,"D",0,"D",2100,"D",0,"D",0,"D",0,"D",0,"D",2900,"D",70,"D",0,"D",0,"D",8052,"D",2779,0,2786.65,2771.65,0,0,5355,5355,37100,37100,0,0,0,0,0,0,0,0,0,0,29048,29048,0,0,2786.65,2771.65,2786.65,2771.65,0,0,0,0,0,0,0,0,0,0,0
"03388482",2,"2015","2014",0,0.153,0.153,"1",0.15,0.15,"48","D",0,0,0,"D",0,"D",26200,"D",0,"D",0,"D",0,"D",0,"D",0,"D",0,"D",0,"D",0,"D",0,"D",0,"D",0,"D",1939,0,1953.75,1923.75,0,0,4008.6,4008.6,26200,26200,0,0,0,0,0,0,0,0,0,0,26200,26200,0,0,1953.75,1923.75,1953.75,1923.75,0,0,0,0,0,0,0,0,0,0,0
"03388522",1,"2015","2014",0,0,0,"1",-0.0765,-0.0765,"03","D",0,0,0,"D",0,"D",0,"D",0,"D",0,"D",0,"D",10222,"D",0,"D",0,"D",700,"D",229,"D",0,"D",0,"D",0,"D",0,-25,0,0,-25,-25,0,0,0,0,0.01,0.01,0,0,0,0,0,0,0,0,0,0,0,0,0,0,0,0,5009,5091,1138.14,1138.14,0,0,0,0,0,0,0
"03388552",1,"2015","2014",0,0.153,0.153,"2",0.2775,0.2775,"0","T",0,0,1,"D",1,"D",43000,"D",0,"D",-2714,"D",0,"D",11206,"D",0,"D",0,"D",950,"D",30,"D",0,"D",0,"D",0,"D",2958,0,2991.7,2924.2,0,0,6579,6579,47494.65,47494.65,0,0,0,0,0,0,0,0,0,0,47494.65,47494.65,0,0,2991.7,2924.2,2991.7,2924.2,0,0,0,0,0,0,0,0,0,0,0
"03388562",1,"2015","2014",0,0.153,0.153,"1",-0.0765,-0.0765,"0","T",0,0,0,"D",0,"D",6000,"D",0,"D",0,"D",0,"D",0,"D",0,"D",5640,"D",0,"D",0,"D",0,"D",0,"D",0,"D",-459,0,-459,-459,0,0,918,918,6000,6000,0,0,0,0,0,0,0,0,459,459,6000,6000,0,0,0,0,0,0,0,0,0,0,0,0,0,0,0,0,0
"03388572",1,"2015","2014",0,0.153,0.153,"2",0,0,"0","T",0,0,0,"D",0,"D",0,"D",21000,"D",-1527,"D",0,"D",16426,"D",0,"D",0,"D",350,"D",3590,"D",0,"D",0,"D",2014,"D",0,0,0,0,0,0,3213,3213,19473,19473,0,0,0,0,0,0,0,0,0,0,19473,19473,0,0,0,0,0,0,0,0,0,0,0,0,0,0,0,0,0
"03388582",1,"2015","2014",3,0.153,0.153,"3",0.3,0.3,"05","D",0.093,0.093,0,"D",0,"D",84036,"D",0,"D",0,"D",0,"D",0,"D",0,"D",18000,"D",0,"D",70,"D",0,"D",2,"D",0,"D",7560,2019,7648.3,7470.8,2055.95,1982.5,12857.51,12857.51,84036,84036,84036.01,84036.01,1548.2,1548.2,0,0,0,0,0,0,84036,84036,0,0,9196.5,9019,9196.5,9019,7984,8088,70,70,0,0,0,0,0,0,0
"03388592",1,"2015","2014",2,0.029,0.029,"2",0.254,0.325,"05","D",0.093,0.093,0,"D",0,"D",228786,"D",0,"D",-7500,"D",0,"D",0,"D",0,"D",43356,"D",0,"D",1800,"D",0,"D",2,"D",0,"D",40269,13930,40399.45,40138.86,13972.67,13888.28,21142.79,21328.79,221286,221286,221286.01,221286.01,0,0,0,0,0,0,0,0,221286,221286,32.72,0,40366.73,40138.86,40366.73,40138.86,7984,8088,1800,1800,0,0,0,0,0,0,0
"03388602",1,"2015","2014",2,0,0,"3",-0.4,-0.4,"0","T",0,0,0,"D",0,"D",0,"D",0,"D",50,"D",0,"D",0,"D",0,"D",0,"D",3500,"D",1,"D",0,"D",0,"D",0,"D",0,0,0,0,0,0,0,0,50,50,0,0,0,0,0,0,0,0,0,0,50,50,0,0,0,0,0,0,0,0,0,0,0,0,0,0,0,0,0
"03388622",1,"2015","2014",0,0,0,"2",0.2775,0.2775,"11","D",0,0,2,"D",1,"D",0,"D",0,"D",3385,"D",34386,"D",29228,"D",0,"D",0,"D",2580,"D",421,"D",0,"D",0,"D",8568,"D",3375,0,3502.24,3247.24,0,0,0,0,50898.25,50898.25,1692.51,0,0,0,0,0,0,0,0,0,50898.25,50898.25,0,0,3502.24,3247.24,3502.24,3247.24,4300,5600,0,0,0,0,0,0,0,0,0
"03388622",2,"2015","2014",1,0.153,0.153,"2",0.15,0.15,"11","D",0.06,0.06,0,"D",0,"D",0,"D",58000,"D",0,"D",0,"D",0,"D",0,"D",0,"D",0,"D",0,"D",0,"D",1,"D",0,"D",3121,2416,3155,3087.5,2416,2416,8874,8874,58000,58000,58000.01,58000.01,1000,1000,0,0,0,0,0,0,58000,58000,0,0,4155,4087.5,4155,4087.5,3000,3000,0,0,0,0,0,0,0,0,0
"03388632",1,"2015","2014",1,0.153,0.153,"2",0,0,"21","D",0,0,2,"D",2,"D",15723,"D",0,"D",0,"D",0,"D",0,"D",0,"D",0,"D",4200,"D",147,"D",0,"D",0,"D",2004,"D",-3332,-841,-3305,-3359,-826.25,-856.54,2405.62,2405.62,15723,15723,15723.01,15723.01,0,0,0,0,0,0,3305,3359,13719,13719,0,0,0,0,0,0,3000,3000,6351,6351,0,0,0,0,2478.75,2536.05,0
"03388672",1,"2015","2014",2,0.153,0.153,"2",0.1387,0.1387,"50","D",0.0751,0.0751,0,"D",0,"D",56000,"D",19000,"D",0,"D",0,"D",0,"D",0,"D",0,"D",4400,"D",440,"D",0,"D",1,"D",7104,"D",4727,2873,4747.63,4707.16,2888.46,2858.25,11475,11475,75000,75000,75000.01,75000.01,1000,1000,0,0,0,0,0,0,67896,67896,0,0,5747.63,5707.16,5747.63,5707.16,7429.97,7805.23,7104,7104,0,0,0,0,0,0,0
"03388682",1,"2015","2014",0,0.153,0.153,"1",0.15,0.15,"33","D",0.0645,0.0645,0,"D",0,"D",32689,"D",0,"D",0,"D",0,"D",0,"D",0,"D",12600,"D",0,"D",0,"D",0,"D",0,"D",0,"D",2912,1269,2927.1,2897.1,1276.45,1262.24,5001.42,5001.42,32689,32689,32689.01,32689.01,0,0,0,0,0,0,0,0,32689,32689,0,0,2927.1,2897.1,2927.1,2897.1,7800,7900,0,0,0,0,0,0,0,0,0
"03388702",1,"2015","2014",4,0.153,0.153,"2",0.1387,0.1387,"50","D",0.0751,0.0751,0,"D",0,"D",20000,"D",62050,"D",0,"D",0,"D",0,"D",0,"D",0,"D",2500,"D",2420,"D",0,"D",4,"D",5384,"D",1772,3315,1799.88,1744.41,3330.13,3299.92,12553.65,12553.65,82050,82050,82050.01,82050.01,4000,4000,0,0,0,0,0,0,76666,76666,0,0,5799.88,5744.41,5799.88,5744.41,6035.84,6411.1,5384,5384,0,0,0,0,0,0,0
"03388712",1,"2015","2014",1,0.153,0.153,"3",0.3098,0.3098,"05","D",0,0,0,"D",0,"D",37500,"D",0,"D",0,"D",0,"D",0,"D",0,"D",2600,"D",0,"D",0,"D",0,"D",0,"D",0,"D",2189,0,2265.77,2113.13,0,0,5737.5,5737.5,37500,37500,37500.01,37500.01,0,0,0,0,0,0,161.73,266.87,37500,37500,0,0,2427.5,2380,2427.5,2380,7984,8088,0,0,0,0,0,0,0,0,0
"03388712",2,"2015","2014",0,0.153,0.153,"1",0.15,0.15,"05","D",0.06,0.06,0,"D",0,"D",37001,"D",0,"D",-3392,"D",0,"D",0,"D",0,"D",0,"D",0,"D",0,"D",0,"D",0,"D",0,"D",3050,635,3065.1,3035.1,644.16,626.73,5661.15,5661.15,33609,33609,33609.01,33609.01,0,0,0,0,0,0,0,0,33609,33609,0,0,3065.1,3035.1,3065.1,3035.1,3992,4044,0,0,0,0,0,0,0,0,0
"03388722",1,"2015","2014",0,0.153,0.153,"1",0.25,0.25,"10","D",0,0,0,"D",0,"D",60000,"D",0,"D",0,"D",0,"D",0,"D",0,"D",7200,"D",0,"D",0,"D",0,"D",0,"D",0,"D",8269,0,8318.75,8218.75,0,0,9180,9180,60000,60000,0,0,0,0,0,0,0,0,0,0,60000,60000,0,0,8318.75,8218.75,8318.75,8218.75,0,0,0,0,0,0,0,0,0,0,0
"03388722",2,"2015","2014",0,0.153,0.153,"1",0.25,0.25,"10","D",0,0,0,"D",0,"D",60000,"D",0,"D",0,"D",0,"D",0,"D",0,"D",0,"D",0,"D",0,"D",0,"D",0,"D",0,"D",8269,0,8318.75,8218.75,0,0,9180,9180,60000,60000,0,0,0,0,0,0,0,0,0,0,60000,60000,0,0,8318.75,8218.75,8318.75,8218.75,0,0,0,0,0,0,0,0,0,0,0
"03388732",1,"2015","2014",0,0,0,"2",0.235,0.235,"11","D",0.06,0.06,0,"D",0,"D",0,"D",0,"D",67951,"D",28767,"D",17249,"D",0,"D",0,"D",3800,"D",592,"D",0,"D",0,"D",3200,"D",14449,4644,14523.52,14373.52,4643.56,4643.56,0,0,111379.65,111379.65,96718.01,96718.01,0,0,0,0,0,0,0,0,108179.65,108179.65,0,0,14523.52,14373.52,14523.52,14373.52,3000,3000,7592,7592,0,0,0,0,0,0,0
"03388752",1,"2015","2014",0,0.153,0.153,"2",0.15,0.15,"47","D",0.0575,0.0575,1,"D",0,"D",0,"D",55319,"D",0,"D",0,"D",17364,"D",0,"D",0,"D",500,"D",150,"D",0,"D",0,"D",0,"D",6436,2103,6559.26,6311.76,2471.39,1735.39,8463.81,8463.81,70078.4,70078.4,55319.01,43319.01,0,0,0,0,0,0,0,0,70078.4,70078.4,0,0,6559.26,6311.76,6559.26,6311.76,6000,6000,0,0,0,0,0,0,0,0,0
"03388772",1,"2015","2014",2,0.153,0.153,"3",0.2106,0.2106,"12","D",0.0544,0.0544,1,"D",1,"D",20000,"D",0,"D",0,"D",0,"D",0,"D",0,"D",0,"D",1500,"D",0,"D",0,"D",0,"D",4632,"D",-5081,124,-5003,-5158.39,123.66,123.66,3060,3060,20000,20000,20000.01,20000.01,0,0,0,0,0,0,5003,5158.39,20000,20000,0,0,0,0,0,0,3212,3212,6531.95,6531.95,0,0,0,0,0,0,0
"03388772",2,"2015","2014",0,0.153,0.153,"1",0.0765,0.0765,"12","D",0.055,0.055,0,"D",0,"D",9221,"D",0,"D",0,"D",0,"D",0,"D",0,"D",0,"D",0,"D",0,"D",0,"D",0,"D",0,"D",-420,95,-411.01,-428.72,94.64,94.64,1410.81,1410.81,9221,9221,9221.01,9221.01,0,0,0,0,0,0,411.01,428.72,9221,9221,0,0,0,0,0,0,2200,2200,202.14,202.14,0,0,0,0,0,0,0
"03388782",1,"2015","2014",0,0.153,0.153,"1",0.15,0.15,"33","D",0.0657,0.0657,0,"D",0,"D",26000,"D",0,"D",0,"D",0,"D",0,"D",0,"D",0,"D",0,"D",96,"D",0,"D",0,"D",0,"D",1909,820,1923.75,1893.75,825.7,814.73,3978,3978,26000,26000,26000.01,26000.01,0,0,0,0,0,0,0,0,26000,26000,0,0,1923.75,1893.75,1923.75,1893.75,7800,7900,0,0,0,0,0,0,0,0,0
"03388792",1,"2015","2014",2,0.153,0.153,"2",0.25,0.25,"28","D",0.0684,0.0684,0,"D",0,"D",82845,"D",75000,"D",-10000,"D",20400,"D",0,"D",0,"D",0,"D",4000,"D",35,"D",0,"D",2,"D",0,"D",26611,8459,26723.75,26498.75,8483.4,8435.09,24150.28,24150.28,168245,168245,168245.01,168245.01,0,0,0,0,0,0,0,0,168245,168245,0,0,26723.75,26498.75,26723.75,26498.75,12400,12600,0,0,0,0,0,0,0,0,0
"03388802",1,"2015","2014",0,0.153,0.153,"2",0.2775,0.2775,"0","T",0,0,2,"D",1,"D",22081,"D",0,"D",102,"D",18516,"D",19520,"D",0,"D",11100,"D",0,"D",50,"D",0,"D",0,"D",1200,"D",3568,0,3695.87,3440.87,0,0,3378.39,3378.39,52189.15,52189.15,0,0,0,0,0,0,0,0,0,0,52189.15,52189.15,0,0,3695.87,3440.87,3695.87,3440.87,0,0,0,0,0,0,0,0,0,0,0
"03388832",1,"2015","2014",0,0.153,0.153,"2",0.4051,0.4051,"05","D",0.103,0.103,2,"D",1,"D",60000,"D",0,"D",503254,"D",7262,"D",23518,"D",0,"D",0,"D",2880,"D",934,"D",0,"D",0,"D",8160,"D",172850,47690,173268.65,172430.63,47761.38,47618.45,9180,9180,590506.3,590506.3,570516.01,570516.01,0,0,0,0,0,0,0,0,582346.3,582346.3,0,0,160329.41,159491.39,160329.41,159491.39,7984,8088,2394.8,2394.8,0,0,0,0,0,0,0
"03388872",1,"2015","2014",2,0.153,0.153,"2",0.15,0.15,"44","D",0,0,0,"D",0,"D",42000,"D",20000,"D",0,"D",0,"D",0,"D",0,"D",0,"D",850,"D",0,"D",0,"D",2,"D",0,"D",2125,0,2162.5,2087.5,0,0,9486,9486,62000,62000,0,0,2000,2000,0,0,0,0,0,0,62000,62000,0,0,4162.5,4087.5,4162.5,4087.5,0,0,0,0,0,0,0,0,0,0,0
"03388892",1,"2015","2014",1,0.153,0.153,"2",0.15,0.15,"05","D",0.04,0.04,0,"D",0,"D",54000,"D",0,"D",10000,"D",0,"D",0,"D",0,"D",14508,"D",0,"D",0,"D",0,"D",1,"D",80,"D",4021,671,4055,3987.5,681.77,660.05,8262,8262,64000,64000,64000.01,64000.01,1000,1000,0,0,0,0,0,0,64000,64000,0,0,5055,4987.5,5055,4987.5,7984,8088,80,80,0,0,0,0,0,0,0
"03388922",1,"2015","2014",0,0,0,"1",0,0,"0","T",0,0,1,"D",1,"D",0,"D",0,"D",0,"D",0,"D",19200,"D",0,"D",0,"D",2000,"D",3044,"D",0,"D",0,"D",0,"D",0,0,0,0,0,0,0,0,0,0,0,0,0,0,0,0,0,0,0,0,0,0,0,0,0,0,0,0,0,0,0,0,0,0,0,0,0,0,0
"03388962",1,"2015","2014",2,0.153,0.153,"2",0.1431,0.1431,"06","D",0.0463,0.0463,0,"D",0,"D",60000,"D",0,"D",1000,"D",0,"D",0,"D",0,"D",0,"D",2600,"D",180,"D",0,"D",2,"D",20244,"D",246,1004,264.89,226.68,1026.75,981.49,9180,9180,61000,61000,0,0,2000,2000,0,0,0,0,0,0,40756,40756,0,0,2264.89,2226.68,2264.89,2226.68,0,0,0,0,0,0,0,0,0,0,0
"03388972",1,"2015","2014",0,0,0,"1",-0.0765,-0.0765,"05","D",0,0,0,"D",0,"D",0,"D",0,"D",0,"D",0,"D",12742,"D",0,"D",2892,"D",0,"D",300,"D",0,"D",0,"D",0,"D",0,0,0,0,0,0,0,0,0,0,0.01,0.01,0,0,0,0,0,0,0,0,0,0,0,0,0,0,0,0,3992,4044,300,300,0,0,0,0,0,0,0
"03388992",1,"2015","2014",0,0,0,"1",0.4011,0.4011,"05","D",0.113,0.113,1,"D",1,"D",0,"D",0,"D",503654,"D",0,"D",15670,"D",0,"D",8796,"D",0,"D",200,"D",0,"D",0,"D",0,"D",157406,48198,157746.25,157065.98,48253.9,48141.41,0,0,516973.5,516973.5,503654.01,503654.01,0,0,0,0,0,0,0,0,516973.5,516973.5,0,0,145701.26,145020.99,145701.26,145020.99,3992,4044,40,40,0,0,0,0,0,0,0
"03389002",1,"2015","2014",0,0,0,"1",0,0,"33","D",0,0,0,"D",0,"D",0,"D",0,"D",3501,"D",0,"D",0,"D",0,"D",0,"D",8200,"D",0,"D",0,"D",0,"D",0,"D",0,-75,0,0,-75,-75,0,0,3501,3501,3501.01,3501.01,0,0,0,0,0,0,0,0,3501,3501,0,0,0,0,0,0,7800,7900,0,0,75,75,0,0,0,0,0
"03389042",1,"2015","2014",2,0.153,0.153,"2",0,0,"47","D",0,0,0,"D",0,"D",0,"D",16000,"D",0,"D",0,"D",0,"D",0,"D",0,"D",4500,"D",85,"D",0,"D",1,"D",1680,"D",-6504,0,-6460,-6548,0,0,2448,2448,16000,16000,16000.01,16000.01,0,0,1000,1000,0,0,5460,5548,16000,16000,0,0,0,0,0,0,6000,6000,0,0,0,0,0,0,1092,1109.6,0
"03389052",1,"2015","2014",2,0,0,"3",-0.4,-0.4,"10","D",0,0,0,"D",0,"D",0,"D",0,"D",0,"D",0,"D",0,"D",0,"D",0,"D",1400,"D",0,"D",0,"D",0,"D",5562,"D",0,0,0,0,0,0,0,0,0,0,0,0,0,0,0,0,0,0,0,0,0,0,0,0,0,0,0,0,0,0,0,0,0,0,0,0,0,0,0
"03389082",1,"2015","2014",2,0,0,"3",-0.4,-0.4,"33","D",-0.12,-0.12,0,"D",0,"D",0,"D",0,"D",0,"D",0,"D",0,"D",0,"D",0,"D",320,"D",0,"D",0,"D",0,"D",0,"D",0,-275,0,0,-275,-275,0,0,0,0,0.01,0.01,0,0,0,0,0,0,0,0,0,0,0,0,0,0,0,0,10950,11100,0,0,75,75,0,0,0,0,0
"03389122",1,"2015","2014",0,0.153,0.153,"1",0.15,0.15,"06","D",0.0463,0.0463,0,"D",0,"D",38000,"D",0,"D",0,"D",0,"D",0,"D",0,"D",0,"D",230,"D",0,"D",0,"D",0,"D",2984,"D",3709,1277,3723.75,3693.75,1289.46,1264.51,5814,5814,38000,38000,0,0,0,0,0,0,0,0,0,0,38000,38000,0,0,3723.75,3693.75,3723.75,3693.75,0,0,0,0,0,0,0,0,0,0,0
"03389122",2,"2015","2014",0,0.153,0.153,"1",0.25,0.25,"06","D",0.0463,0.0463,1,"D",1,"D",61000,"D",0,"D",-3000,"D",0,"D",0,"D",0,"D",0,"D",0,"D",0,"D",0,"D",0,"D",0,"D",7381,2131,7431.25,7331.25,2143.69,2118.75,9333,9333,58000,58000,0,0,0,0,0,0,0,0,0,0,58000,58000,0,0,7431.25,7331.25,7431.25,7331.25,0,0,0,0,0,0,0,0,0,0,0
"03389142",1,"2015","2014",0,0.153,0.153,"2",0.0765,0.0765,"0","T",0,0,0,"D",0,"D",0,"D",13418,"D",864,"D",0,"D",0,"D",0,"D",4000,"D",0,"D",0,"D",0,"D",0,"D",0,"D",-451,0,-439.24,-462.3,0,0,2052.95,2052.95,14282,14282,0,0,0,0,0,0,0,0,439.24,462.3,14282,14282,0,0,0,0,0,0,0,0,0,0,0,0,0,0,0,0,0
"03389152",1,"2015","2014",0,0.153,0.153,"2",0.1,0.1,"01","D",0.0412,0.0412,0,"D",0,"D",30000,"D",0,"D",0,"D",0,"D",0,"D",0,"D",0,"D",1500,"D",25,"D",0,"D",0,"D",3432,"D",955,860,970,940,858.9,860.4,4590,4590,30000,30000,30000.01,30000.01,0,0,0,0,0,0,0,0,30000,30000,0,0,970,940,970,940,4000,4000,7252,7252,0,0,0,0,0,0,0
"03389162",1,"2015","2014",1,0.153,0.153,"2",0.15,0.15,"05","D",0.04,0.04,0,"D",0,"D",30000,"D",30000,"D",0,"D",0,"D",0,"D",0,"D",25200,"D",0,"D",0,"D",0,"D",1,"D",0,"D",3421,511,3455,3387.5,521.77,500.05,9180,9180,60000,60000,60000.01,60000.01,1000,1000,0,0,0,0,0,0,60000,60000,0,0,4455,4387.5,4455,4387.5,7984,8088,0,0,0,0,0,0,0,0,0
"03389192",1,"2015","2014",0,0.153,0.153,"2",0.15,0.15,"10","D",0,0,2,"D",2,"D",51000,"D",0,"D",0,"D",0,"D",22196,"D",0,"D",0,"D",3000,"D",0,"D",0,"D",0,"D",0,"D",6130,0,6167.49,6092.49,0,0,7803,7803,69866.6,69866.6,0,0,0,0,0,0,0,0,0,0,69866.6,69866.6,0,0,6167.49,6092.49,6167.49,6092.49,0,0,0,0,0,0,0,0,0,0,0
"03389202",1,"2015","2014",4,0,0,"3",-0.45,-0.45,"11","D",0,0,0,"D",0,"D",0,"D",0,"D",2000,"D",0,"D",0,"D",0,"D",1500,"D",0,"D",0,"D",0,"D",4,"D",0,"D",0,0,0,0,0,0,0,0,2000,2000,2000.01,2000.01,0,0,0,0,0,0,0,0,2000,2000,0,0,0,0,0,0,2300,2300,0,0,0,0,0,0,0,0,0
"03389232",1,"2015","2014",2,0,0,"3",-0.4,-0.4,"28","D",-0.04,-0.04,0,"D",0,"D",0,"D",0,"D",0,"D",171,"D",0,"D",0,"D",0,"D",1400,"D",17,"D",0,"D",0,"D",318,"D",0,0,0,0,0,0,0,0,171,171,171.01,171.01,0,0,0,0,0,0,0,0,171,171,0,0,0,0,0,0,9100,9250,0,0,0,0,0,0,0,0,0
"03389242",1,"2015","2014",0,0,0,"1",0,0,"39","D",0,0,1,"D",1,"D",0,"D",0,"D",221,"D",1802,"D",17232,"D",0,"D",0,"D",2300,"D",952,"D",0,"D",0,"D",0,"D",0,0,0,0,0,0,0,0,2023,2023,221.01,221.01,0,0,0,0,0,0,0,0,2023,2023,0,0,0,0,0,0,0,0,0,0,0,0,0,0,0,0,0
"03389262",1,"2015","2014",5,0.153,0.153,"2",0.2106,0.2106,"23","D",0.0936,0.0936,0,"D",0,"D",36318,"D",2028,"D",0,"D",0,"D",0,"D",0,"D",10800,"D",0,"D",21,"D",0,"D",5,"D",1200,"D",-8056,-256,-7965.89,-8147.02,-250.89,-261.76,5866.94,5866.94,38346,38346,38346.01,38346.01,0,0,5000,5000,0,0,2965.89,3147.02,38346,38346,0,0,0,0,0,0,0,0,0,0,490.71,490.71,0,0,177.95,188.82,0
"03389302",1,"2015","2014",1,0.153,0.153,"2",0.2906,0.2875,"14","D",0.0375,0.05,0,"D",0,"D",110000,"D",35000,"D",-23000,"D",0,"D",0,"D",0,"D",12000,"D",5000,"D",10,"D",0,"D",1,"D",20220,"D",11259,4807,11159.69,11359.22,5531.25,4083.13,22185,22185,122000,122000,122000.01,122000.01,400,400,0,0,0,0,0,0,101780,101780,0,0,11559.69,11759.22,11559.69,11759.22,0,0,0,0,250,250,0,0,0,0,0
"03389323",1,"2015","2014",0,0,0,"1",0,0,"36","D",0,0,1,"D",1,"D",0,"D",0,"D",0,"D",0,"D",8911,"D",0,"D",4476,"D",0,"D",0,"D",0,"D",0,"D",0,"D",0,0,0,0,0,0,0,0,0,0,0.01,0.01,0,0,0,0,0,0,0,0,0,0,0,0,0,0,0,0,0,0,0,0,0,0,0,0,0,0,0
"03389382",1,"2015","2014",0,0.153,0.153,"1",0.1,0.1,"10","D",0,0,0,"D",0,"D",15000,"D",0,"D",0,"D",0,"D",9058,"D",0,"D",0,"D",980,"D",0,"D",0,"D",0,"D",2668,"D",478,0,485,470,0,0,2295,2295,15000,15000,0,0,0,0,0,0,0,0,0,0,15000,15000,0,0,485,470,485,470,0,0,0,0,0,0,0,0,0,0,0
"03389392",1,"2015","2014",1,0.153,0.153,"2",0.15,0.15,"05","D",0.04,0.04,0,"D",0,"D",43402,"D",6652,"D",-333,"D",0,"D",0,"D",0,"D",25200,"D",0,"D",250,"D",0,"D",1,"D",360,"D",1879,100,1913.15,1845.65,110.61,88.89,7658.26,7658.26,49721,49721,49721.01,49721.01,1000,1000,0,0,0,0,0,0,49721,49721,0,0,2913.15,2845.65,2913.15,2845.65,7984,8088,610,610,0,0,0,0,0,0,0
"03389402",1,"2015","2014",0,0.153,0.153,"1",0,0,"03","D",0,0,1,"D",1,"D",660,"D",0,"D",0,"D",0,"D",0,"D",0,"D",8600,"D",0,"D",0,"D",0,"D",0,"D",0,"D",0,-25,0,0,-25,-25,100.98,100.98,660,660,660.01,660.01,0,0,0,0,0,0,0,0,660,660,0,0,0,0,0,0,5009,5091,38.53,38.53,0,0,0,0,0,0,0
"03389422",1,"2015","2014",0,0.153,0.153,"1",0.15,0.15,"21","D",0.0475,0.0475,0,"D",0,"D",36000,"D",0,"D",0,"D",0,"D",0,"D",0,"D",8364,"D",0,"D",0,"D",0,"D",0,"D",0,"D",3409,1411,3423.75,3393.75,1410.5,1410.5,5508,5508,36000,36000,36000.01,36000.01,0,0,0,0,0,0,0,0,36000,36000,0,0,3423.75,3393.75,3423.75,3393.75,2000,2000,0,0,0,0,0,0,0,0,0
"03389422",2,"2015","2014",0,0.153,0.153,"1",0.15,0.15,"21","D",0.0475,0.0475,0,"D",0,"D",35130,"D",0,"D",0,"D",0,"D",0,"D",0,"D",0,"D",0,"D",0,"D",0,"D",0,"D",0,"D",3278,1369,3293.25,3263.25,1369.18,1369.18,5374.89,5374.89,35130,35130,35130.01,35130.01,0,0,0,0,0,0,0,0,35130,35130,0,0,3293.25,3263.25,3293.25,3263.25,2000,2000,0,0,0,0,0,0,0,0,0
"03389432",1,"2015","2014",0,0,0,"1",0,0,"50","D",0.0703,0.0703,1,"D",1,"D",0,"D",0,"D",0,"D",0,"D",15190,"D",0,"D",43356,"D",0,"D",320,"D",0,"D",0,"D",0,"D",0,-654,0,0,-654.44,-654.44,0,0,0,0,0.01,0.01,0,0,0,0,0,0,0,0,0,0,0,0,0,0,0,0,10080,10249.92,0,0,654.44,654.44,0,0,0,0,0
"03389442",1,"2015","2014",2,0.0644,0.0644,"2",0.325,0.325,"33","D",0.0732,0.0732,0,"D",0,"D",150000,"D",60000,"D",59,"D",0,"D",0,"D",0,"D",0,"D",16180,"D",0,"D",0,"D",2,"D",3940,"D",35223,12390,35470.18,34976.18,12565.24,12215.24,28038,28224,210059,210059,210059.01,210059.01,0,0,0,0,0,0,0,0,206119,206119,2982.52,2642.02,32487.65,32334.15,32487.65,32334.15,15650,15850,19108.06,19108.06,0,0,0,0,0,0,0
"03389472",1,"2015","2014",0,0.153,0.153,"2",0,0,"0","T",0,0,0,"D",0,"D",11000,"D",0,"D",0,"D",0,"D",26302,"D",0,"D",0,"D",640,"D",1121,"D",0,"D",0,"D",480,"D",-500,0,-496,-503,0,0,1683,1683,11000,11000,0,0,0,0,0,0,0,0,496,503,11000,11000,0,0,0,0,0,0,0,0,0,0,0,0,0,0,0,0,0
"03389482",1,"2015","2014",0,0.153,0.153,"1",0.1765,0.1765,"45","D",0.05,0.05,0,"D",0,"D",11200,"D",0,"D",0,"D",0,"D",0,"D",0,"D",0,"D",0,"D",1025,"D",0,"D",0,"D",80,"D",-171,6,-154.61,-187.32,10.25,2,1713.6,1713.6,11200,11200,11200.01,11200.01,0,0,0,0,0,0,259.61,277.32,11200,11200,0,0,105,90,105,90,0,0,0,0,0,0,0,0,0,0,0
"03389492",1,"2015","2014",1,0.153,0.153,"2",0.2786,0.2786,"44","D",0,0,0,"D",0,"D",115855,"D",71000,"D",0,"D",0,"D",0,"D",0,"D",0,"D",4000,"D",0,"D",0,"D",0,"D",7384,"D",32491,0,32609.25,32371.75,0,0,28588.81,28588.81,186855,186855,0,0,0,0,0,0,0,0,0,0,179471,179471,0,0,32609.25,32371.75,32609.25,32371.75,0,0,0,0,0,0,0,0,0,0,0
"03389492",2,"2015","2014",0,0.153,0.153,"1",0.15,0.25,"44","D",0,0,0,"D",0,"D",47497,"D",0,"D",0,"D",0,"D",0,"D",0,"D",0,"D",0,"D",0,"D",0,"D",0,"D",0,"D",5156,0,5193,5118.3,0,0,7267.04,7267.04,47497,47497,0,0,0,0,0,0,0,0,0,0,47497,47497,0,0,5193,5118.3,5193,5118.3,0,0,0,0,0,0,0,0,0,0,0
"03389532",1,"2015","2014",0,0,0,"1",-0.0765,-0.0765,"18","D",0,0,0,"D",0,"D",0,"D",0,"D",0,"D",0,"D",5122,"D",0,"D",0,"D",110,"D",13,"D",0,"D",0,"D",0,"D",0,0,0,0,0,0,0,0,0,0,0.01,0.01,0,0,0,0,0,0,0,0,0,0,0,0,0,0,0,0,2400,2440,123,123,0,0,0,0,0,0,0
"03389552",1,"2015","2014",0,0,0,"1",0,0,"0","T",0,0,1,"D",1,"D",0,"D",0,"D",679,"D",550,"D",18262,"D",0,"D",0,"D",300,"D",48,"D",0,"D",0,"D",0,"D",0,0,0,0,0,0,0,0,1229,1229,0,0,0,0,0,0,0,0,0,0,1229,1229,0,0,0,0,0,0,0,0,0,0,0,0,0,0,0,0,0
"03389562",1,"2015","2014",3,0.153,0.153,"2",0.15,0.15,"01","D",0.0387,0.0387,0,"D",0,"D",22000,"D",74880,"D",0,"D",0,"D",0,"D",0,"D",12000,"D",800,"D",1102,"D",0,"D",3,"D",3000,"D",5761,3635,5802,5719.5,3633.23,3637.36,14822.64,14822.64,96880,96880,96880.01,96880.01,3000,3000,0,0,0,0,0,0,96880,96880,0,0,8802,8719.5,8802,8719.5,4000,4000,12313.32,12313.32,0,0,0,0,0,0,0
"03389602",1,"2015","2014",1,0.153,0.153,"3",0.2598,0.2598,"21","D",0,0,0,"D",0,"D",27213,"D",0,"D",0,"D",0,"D",0,"D",0,"D",0,"D",3600,"D",280,"D",0,"D",0,"D",0,"D",-849,0,-784.3,-914.43,0,0,4163.59,4163.59,27213,27213,27213.01,27213.01,0,0,0,0,0,0,1805.6,1910.73,27213,27213,0,0,1021.3,996.3,1021.3,996.3,4000,4000,0,0,0,0,0,0,902.8,955.37,0
"03389622",1,"2015","2014",0,0.153,0.153,"2",0.25,0.25,"0","T",0,0,0,"D",0,"D",67000,"D",90000,"D",1200,"D",0,"D",0,"D",0,"D",0,"D",960,"D",690,"D",0,"D",0,"D",9480,"D",26088,0,26187.5,25987.5,0,0,24021,24021,158200,158200,0,0,0,0,0,0,0,0,0,0,158200,158200,0,0,26187.5,25987.5,26187.5,25987.5,0,0,0,0,0,0,0,0,0,0,0
"03389622",2,"2015","2014",0,0.153,0.153,"1",0.1,0.1,"0","T",0,0,0,"D",0,"D",18000,"D",0,"D",0,"D",0,"D",0,"D",0,"D",0,"D",0,"D",0,"D",0,"D",0,"D",0,"D",778,0,785,770,0,0,2754,2754,18000,18000,0,0,0,0,0,0,0,0,0,0,18000,18000,0,0,785,770,785,770,0,0,0,0,0,0,0,0,0,0,0
"03389652",1,"2015","2014",0,0.153,0.153,"2",0.2775,0.2775,"0","T",0,0,2,"D",2,"D",0,"D",29056,"D",0,"D",6000,"D",30337,"D",0,"D",0,"D",1600,"D",105,"D",0,"D",0,"D",2500,"D",2602,0,2639.52,2564.52,0,0,4445.57,4445.57,46346.83,46346.83,0,0,0,0,0,0,0,0,0,0,46346.83,46346.83,0,0,2639.52,2564.52,2639.52,2564.52,0,0,0,0,0,0,0,0,0,0,0
"03389692",1,"2015","2014",0,0.153,0.153,"2",0.2324,0.2324,"24","D",0.0705,0.0705,0,"D",0,"D",3800,"D",98552,"D",0,"D",0,"D",0,"D",0,"D",0,"D",2600,"D",0,"D",0,"D",0,"D",10360,"D",10730,5123,10803.01,10656.73,5129.96,5115.07,15659.86,15659.86,102352,102352,102352.01,102352.01,0,0,0,0,0,0,0,0,91992,91992,0,0,10803.01,10656.73,10803.01,10656.73,0,0,18089.96,18075.07,0,0,0,0,0,0,0
"03389692",2,"2015","2014",0,0.153,0.153,"1",0.25,0.25,"24","D",0.0705,0.0705,0,"D",0,"D",73759,"D",0,"D",0,"D",0,"D",0,"D",0,"D",0,"D",0,"D",0,"D",0,"D",0,"D",0,"D",11709,4057,11758.5,11658.5,4064.63,4048.71,11285.13,11285.13,73759,73759,73759.01,73759.01,0,0,0,0,0,0,0,0,73759,73759,0,0,11758.5,11658.5,11758.5,11658.5,6200,6300,0,0,0,0,0,0,0,0,0
"03389692",3,"2015","2014",0,0.153,0.153,"1",0.15,0.15,"24","D",0.0535,0.0535,0,"D",0,"D",23000,"D",0,"D",0,"D",0,"D",0,"D",0,"D",0,"D",0,"D",0,"D",0,"D",0,"D",0,"D",1459,683,1473.75,1443.75,687.48,679.45,3519,3519,23000,23000,23000.01,23000.01,0,0,0,0,0,0,0,0,23000,23000,0,0,1473.75,1443.75,1473.75,1443.75,6200,6300,0,0,0,0,0,0,0,0,0
"03389692",4,"2015","2014",1,0,0,"3",-0.34,-0.34,"24","D",0,0,0,"D",0,"D",0,"D",0,"D",0,"D",0,"D",0,"D",0,"D",0,"D",0,"D",0,"D",0,"D",0,"D",0,"D",0,0,0,0,0,0,0,0,0,0,0.01,0.01,0,0,0,0,0,0,0,0,0,0,0,0,0,0,0,0,9100,9250,0,0,0,0,0,0,0,0,0
"03389722",1,"2015","2014",1,0.153,0.153,"3",0.2598,0.2598,"10","D",0,0,0,"D",0,"D",21000,"D",0,"D",288,"D",0,"D",0,"D",0,"D",7200,"D",0,"D",0,"D",0,"D",1,"D",0,"D",-3389,0,-3323.61,-3453.75,0,0,3213,3213,21288,21288,0,0,428.8,403.8,571.2,596.2,0,0,2752.41,2857.55,21288,21288,0,0,428.8,403.8,428.8,403.8,0,0,0,0,0,0,0,0,0,0,0
"03389732",1,"2015","2014",0,0.029,0.029,"2",0.2684,0.2684,"19","D",0.0414,0.0414,0,"D",0,"D",0,"D",228786,"D",0,"D",7746,"D",0,"D",0,"D",0,"D",0,"D",100,"D",0,"D",0,"D",8400,"D",46405,8460,46520.12,46289.67,8448.18,8472.51,21142.79,21328.79,236532,236532,236532.01,236532.01,0,0,0,0,0,0,0,0,228132,228132,0,0,46520.12,46289.67,46520.12,46289.67,0,0,0,0,0,0,0,0,0,0,0
"03389742",1,"2015","2014",0,0,0,"1",0,0,"10","D",0,0,1,"D",1,"D",0,"D",0,"D",-12000,"D",2300,"D",13678,"D",0,"D",0,"D",0,"D",20,"D",0,"D",0,"D",7200,"D",0,0,0,0,0,0,0,0,-9700,-9700,0,0,0,0,0,0,0,0,0,0,0,0,0,0,0,0,0,0,0,0,0,0,0,0,0,0,0,0,0
"03389752",1,"2015","2014",3,0.153,0.153,"2",0.15,0.15,"44","D",0,0,0,"D",0,"D",24000,"D",34500,"D",160,"D",0,"D",0,"D",0,"D",0,"D",1600,"D",190,"D",0,"D",1,"D",3288,"D",2028,0,2069,1986.5,0,0,8950.5,8950.5,58660,58660,0,0,1000,1000,0,0,0,0,0,0,58660,58660,0,0,3069,2986.5,3069,2986.5,0,0,0,0,0,0,0,0,0,0,0
"03389782",1,"2015","2014",1,0.153,0.153,"2",0.1488,0.1488,"44","D",0,0,0,"D",0,"D",53000,"D",10000,"D",0,"D",0,"D",0,"D",0,"D",0,"D",2600,"D",30,"D",0,"D",1,"D",14184,"D",3096,0,3114.73,3077.23,0,0,9639,9639,63000,63000,0,0,1000,1000,0,0,0,0,0,0,48816,48816,0,0,4114.73,4077.23,4114.73,4077.23,0,0,0,0,0,0,0,0,0,0,0
"03389792",1,"2015","2014",4,0.153,0.153,"2",0.15,0.15,"0","T",0,0,0,"D",0,"D",30000,"D",36980,"D",-811,"D",0,"D",0,"D",0,"D",7560,"D",0,"D",0,"D",0,"D",4,"D",0,"D",-442,0,-397.15,-487.15,0,0,10247.94,10247.94,66169,66169,0,0,3602.85,3512.85,397.15,487.15,0,0,0,0,66169,66169,0,0,3602.85,3512.85,3602.85,3512.85,0,0,0,0,0,0,0,0,0,0,0
"03389802",1,"2015","2014",1,0.153,0.153,"3",0.3098,0.3098,"10","D",0,0,0,"D",0,"D",36504,"D",0,"D",0,"D",0,"D",0,"D",0,"D",10200,"D",0,"D",255,"D",0,"D",0,"D",1800,"D",1881,0,1957.21,1804.57,0,0,5585.11,5585.11,36504,36504,0,0,0,0,0,0,0,0,320.89,426.03,36504,36504,0,0,2278.1,2230.6,2278.1,2230.6,0,0,0,0,0,0,0,0,0,0,0
"03389812",1,"2015","2014",0,0.029,0.029,"1",0.254,0.254,"05","D",0.093,0.093,0,"D",0,"D",120000,"D",0,"D",14000,"D",0,"D",0,"D",0,"D",14280,"D",0,"D",140,"D",0,"D",0,"D",0,"D",26839,9472,26892.92,26785.11,9491.54,9453.34,17988,18174,134000,134000,134000.01,134000.01,0,0,0,0,0,0,0,0,134000,134000,0,0,26892.92,26785.11,26892.92,26785.11,3992,4044,140,140,0,0,0,0,0,0,0
"03389822",1,"2015","2014",2,0.153,0.153,"3",0.3606,0.3606,"37","D",0.063,0.063,0,"D",0,"D",36233,"D",0,"D",3500,"D",0,"D",0,"D",0,"D",0,"D",1500,"D",150,"D",0,"D",0,"D",4148,"D",1343,894,1472.72,1212.33,903.37,885.23,5543.65,5543.65,39733,39733,39733.01,39733.01,0,0,0,0,0,0,697.23,902.62,39733,39733,0,0,2169.95,2114.95,2169.95,2114.95,9100,9250,0,0,0,0,0,0,34.86,45.13,0
"03389832",1,"2015","2014",1,0.153,0.153,"3",0.2598,0.2598,"33","D",0.1004,0.1004,1,"D",1,"D",31382,"D",0,"D",0,"D",0,"D",0,"D",0,"D",0,"D",1600,"D",0,"D",0,"D",0,"D",0,"D",79,366,143.81,13.67,387.72,343.8,4801.45,4801.45,31382,31382,31382.01,31382.01,0,0,0,0,0,0,1139.39,1244.53,31382,31382,0,0,1283.2,1258.2,1283.2,1258.2,10950,11100,0,0,0,0,0,0,313.29,344.83,0
"03389832",2,"2015","2014",0,0.153,0.153,"1",0.15,0.15,"33","D",0.0645,0.0645,0,"D",0,"D",30052,"D",0,"D",0,"D",0,"D",0,"D",0,"D",0,"D",0,"D",0,"D",0,"D",0,"D",0,"D",2517,1099,2531.55,2501.55,1106.37,1092.15,4597.96,4597.96,30052,30052,30052.01,30052.01,0,0,0,0,0,0,0,0,30052,30052,0,0,2531.55,2501.55,2531.55,2501.55,7800,7900,0,0,0,0,0,0,0,0,0
"03389832",3,"2015","2014",0,0.153,0.153,"1",0.1765,0.1765,"33","D",0.063,0.063,0,"D",0,"D",10458,"D",0,"D",0,"D",0,"D",0,"D",0,"D",0,"D",0,"D",0,"D",0,"D",0,"D",0,"D",-302,7,-285.58,-318.29,11.41,2.09,1600.07,1600.07,10458,10458,10458.01,10458.01,0,0,0,0,0,0,316.38,334.09,10458,10458,0,0,30.8,15.8,30.8,15.8,7800,7900,0,0,0,0,0,0,46.24,51.56,0
"03389832",4,"2015","2014",0,0.153,0.153,"1",0.15,0.15,"33","D",0.0657,0.0657,0,"D",0,"D",27866,"D",0,"D",0,"D",0,"D",0,"D",0,"D",0,"D",0,"D",0,"D",0,"D",0,"D",0,"D",2189,943,2203.65,2173.65,948.24,937.27,4263.5,4263.5,27866,27866,27866.01,27866.01,0,0,0,0,0,0,0,0,27866,27866,0,0,2203.65,2173.65,2203.65,2173.65,7800,7900,0,0,0,0,0,0,0,0,0
"03389842",1,"2015","2014",2,0,0,"3",0.1474,0.1474,"31","D",0.0175,0.0175,0,"D",0,"D",0,"D",0,"D",41074,"D",10488,"D",0,"D",0,"D",0,"D",11600,"D",100,"D",0,"D",0,"D",600,"D",3360,587,3376.2,3343.7,587.34,587.34,0,0,51562,51562,51562.01,51562.01,0,0,0,0,0,0,0,0,50962,50962,0,0,3376.2,3343.7,3376.2,3343.7,0,0,0,0,0,0,0,0,0,0,0
"03389862",1,"2015","2014",0,0.153,0.153,"1",0.15,0.15,"45","D",0.063,0.063,0,"D",0,"D",25540,"D",0,"D",0,"D",0,"D",0,"D",0,"D",9420,"D",0,"D",0,"D",0,"D",0,"D",0,"D",1840,877,1854.75,1824.75,882.6,871.56,3907.62,3907.62,25540,25540,25540.01,25540.01,0,0,0,0,0,0,0,0,25540,25540,0,0,1854.75,1824.75,1854.75,1824.75,0,0,0,0,0,0,0,0,0,0,0
"03389882",1,"2015","2014",2,0.029,0.029,"3",0.25,0.25,"33","D",0.0808,0.0805,0,"D",0,"D",123678,"D",0,"D",0,"D",0,"D",0,"D",0,"D",0,"D",800,"D",0,"D",5000,"D",2,"D",804,"D",19012,6539,19094.5,18929.5,6741.9,6336.82,18094.66,18280.66,123678,123678,123678.01,123678.01,0,0,0,0,1000,1000,0,0,123678,123678,0,0,20094.5,19929.5,20094.5,19929.5,10950,11100,0,0,0,0,200,200,0,0,0
"03389882",2,"2015","2014",0,0.153,0.153,"1",0.25,0.25,"33","D",0.0645,0.0645,0,"D",0,"D",51720,"D",0,"D",0,"D",0,"D",0,"D",0,"D",0,"D",0,"D",0,"D",0,"D",0,"D",0,"D",6199,2497,6248.75,6148.75,2503.95,2489.74,7913.16,7913.16,51720,51720,51720.01,51720.01,0,0,0,0,0,0,0,0,51720,51720,0,0,6248.75,6148.75,6248.75,6148.75,7800,7900,0,0,0,0,0,0,0,0,0
"03389892",1,"2015","2014",0,0.153,0.153,"1",0.0765,0.0765,"19","D",0.0227,0.0227,0,"D",0,"D",10000,"D",0,"D",0,"D",0,"D",0,"D",0,"D",8400,"D",0,"D",0,"D",0,"D",0,"D",0,"D",-360,97,-351.41,-369.12,97.7,97.08,1530,1530,10000,10000,10000.01,10000.01,0,0,0,0,0,0,351.41,369.12,10000,10000,0,0,0,0,0,0,0,0,0,0,0,0,0,0,12.3,12.92,0
"03389902",1,"2015","2014",0,0.153,0.153,"1",0.15,0.15,"05","D",0.04,0.04,0,"D",0,"D",32000,"D",0,"D",-2667,"D",0,"D",0,"D",0,"D",12600,"D",0,"D",300,"D",0,"D",0,"D",0,"D",2409,396,2423.7,2393.7,400.7,391.85,4896,4896,29333,29333,29333.01,29333.01,0,0,0,0,0,0,0,0,29333,29333,0,0,2423.7,2393.7,2423.7,2393.7,3992,4044,300,300,0,0,0,0,0,0,0
"03389902",2,"2015","2014",0,0.153,0.153,"1",0.15,0.15,"05","D",0.06,0.06,0,"D",0,"D",44000,"D",0,"D",0,"D",0,"D",0,"D",0,"D",0,"D",0,"D",0,"D",0,"D",0,"D",0,"D",4609,1259,4623.75,4593.75,1267.62,1250.19,6732,6732,44000,44000,44000.01,44000.01,0,0,0,0,0,0,0,0,44000,44000,0,0,4623.75,4593.75,4623.75,4593.75,3992,4044,0,0,0,0,0,0,0,0,0
"03389902",3,"2015","2014",0,0.153,0.153,"1",0.0765,0.0765,"05","D",0,0,0,"D",0,"D",10000,"D",0,"D",0,"D",0,"D",0,"D",0,"D",0,"D",0,"D",0,"D",0,"D",0,"D",0,"D",-360,0,-351.41,-369.12,0,0,1530,1530,10000,10000,10000.01,10000.01,0,0,0,0,0,0,351.41,369.12,10000,10000,0,0,0,0,0,0,3992,4044,0,0,0,0,0,0,0,0,0
"03389922",1,"2015","2014",0,0.153,0.153,"2",0.2371,0.237,"22","D",0.0515,0.052,0,"D",0,"D",95000,"D",66000,"D",0,"D",0,"D",0,"D",0,"D",0,"D",3800,"D",0,"D",0,"D",0,"D",21208,"D",21743,7669,21808.9,21677.43,7706.4,7632.3,24633,24633,161000,161000,161000.01,161000.01,0,0,0,0,0,0,0,0,139792,139792,0,0,21808.9,21677.43,21808.9,21677.43,0,0,0,0,0,0,0,0,0,0,0
"03389932",1,"2015","2014",1,0.153,0.153,"3",0.15,0.15,"28","D",0.0501,0.0501,0,"D",0,"D",42000,"D",0,"D",0,"D",0,"D",0,"D",0,"D",5160,"D",0,"D",0,"D",0,"D",1,"D",0,"D",2079,892,2102.5,2055,901.49,882.12,6426,6426,42000,42000,42000.01,42000.01,1000,1000,0,0,0,0,0,0,42000,42000,0,0,3102.5,3055,3102.5,3055,9100,9250,0,0,0,0,0,0,0,0,0
"03389952",1,"2015","2014",0,0,0,"1",0,0,"0","T",0,0,1,"D",1,"D",0,"D",0,"D",0,"D",0,"D",17710,"D",0,"D",9000,"D",0,"D",0,"D",0,"D",0,"D",0,"D",0,0,0,0,0,0,0,0,0,0,0,0,0,0,0,0,0,0,0,0,0,0,0,0,0,0,0,0,0,0,0,0,0,0,0,0,0,0,0
"03389962",1,"2015","2014",6,0.153,0.153,"2",0.15,0.15,"34","D",0.0575,0.058,0,"D",0,"D",500,"D",58000,"D",13200,"D",0,"D",0,"D",0,"D",12000,"D",0,"D",0,"D",0,"D",4,"D",660,"D",-805,2874,-752.5,-857.5,2888.6,2860.25,8950.5,8950.5,71700,71700,71700.01,71700.01,3247.5,3142.5,752.5,857.5,0,0,0,0,71700,71700,0,0,3247.5,3142.5,3247.5,3142.5,15000,15000,660,660,0,0,0,0,0,0,0
"03389972",1,"2015","2014",0,0.153,0.153,"2",0.15,0.15,"0","T",0,0,2,"D",2,"D",17609,"D",16000,"D",0,"D",0,"D",11062,"D",0,"D",0,"D",350,"D",0,"D",0,"D",0,"D",0,"D",1428,0,1447.9,1407.9,0,0,5142.18,5142.18,37179,37179,0,0,0,0,0,0,0,0,0,0,37179,37179,0,0,1447.9,1407.9,1447.9,1407.9,0,0,0,0,0,0,0,0,0,0,0
"03389982",1,"2015","2014",2,0,0,"3",-0.4,-0.4,"23","D",-0.0065,-0.0065,0,"D",0,"D",0,"D",0,"D",351,"D",0,"D",0,"D",0,"D",0,"D",5600,"D",10,"D",0,"D",0,"D",1200,"D",0,-1581,0,0,-1580.98,-1580.98,0,0,351,351,351.01,351.01,0,0,0,0,0,0,0,0,351,351,0,0,0,0,0,0,0,0,0,0,1200,1200,0,0,0,0,0
"03390002",1,"2015","2014",0,0.153,0.153,"2",0.0765,0.0765,"10","D",0,0,1,"D",1,"D",20000,"D",0,"D",0,"D",0,"D",6478,"D",0,"D",0,"D",900,"D",0,"D",0,"D",0,"D",2400,"D",-13,0,-1.81,-24.87,0,0,3060,3060,20000,20000,0,0,0,0,0,0,0,0,1.81,24.87,20000,20000,0,0,0,0,0,0,0,0,0,0,0,0,0,0,0,0,0
"03390032",1,"2015","2014",1,0.153,0.153,"2",0.15,0.15,"14","D",0.0375,0.05,0,"D",0,"D",57597,"D",0,"D",0,"D",0,"D",0,"D",0,"D",0,"D",1000,"D",0,"D",0,"D",1,"D",0,"D",3061,2190,3094.55,3027.05,2511.1,1868.01,8812.34,8812.34,57597,57597,57597.01,57597.01,1000,1000,0,0,0,0,0,0,57597,57597,0,0,4094.55,4027.05,4094.55,4027.05,0,0,0,0,50,50,0,0,0,0,0
"03390052",1,"2015","2014",2,0,0,"3",-0.4,-0.4,"15","D",0,0,0,"D",0,"D",0,"D",0,"D",0,"D",888,"D",0,"D",0,"D",5940,"D",0,"D",0,"D",0,"D",0,"D",0,"D",0,0,0,0,0,0,0,0,888,888,888.01,888.01,0,0,0,0,0,0,0,0,888,888,0,0,0,0,0,0,0,0,0,0,0,0,0,0,0,0,0
"03390072",1,"2015","2014",0,0.153,0.153,"1",0.0969,0.1454,"39","D",0.0307,0.0307,0,"D",0,"D",33000,"D",0,"D",-6600,"D",0,"D",0,"D",0,"D",0,"D",4200,"D",0,"D",0,"D",0,"D",8364,"D",905,810,907.58,902.55,810.48,810.48,5049,5049,26400,26400,26400.01,26400.01,0,0,0,0,0,0,0,0,18036,18036,0,0,907.58,902.55,907.58,902.55,0,0,0,0,0,0,0,0,0,0,0
"03390122",1,"2015","2014",0,0,0,"2",0.2342,0.2342,"45","D",0.063,0.063,2,"D",2,"D",0,"D",0,"D",61084,"D",44000,"D",0,"D",0,"D",0,"D",1010,"D",90,"D",0,"D",0,"D",13200,"D",11096,5048,11170.14,11022.66,5053.45,5043.37,0,0,105084,105084,105084.01,105084.01,0,0,0,0,0,0,0,0,91884,91884,0,0,11170.14,11022.66,11170.14,11022.66,0,0,0,0,0,0,0,0,0,0,0
"03390132",1,"2015","2014",0,0.153,0.153,"2",0.2389,0.2385,"36","D",0.0444,0.046,0,"D",0,"D",59216,"D",78672,"D",-3100,"D",830,"D",0,"D",0,"D",0,"D",6300,"D",643,"D",0,"D",0,"D",8288,"D",18658,4404,18697.39,18619.01,4547.43,4260.95,21096.86,21096.86,135618,135618,135618.01,135618.01,0,0,0,0,0,0,0,0,127330,127330,0,0,18697.39,18619.01,18697.39,18619.01,0,0,0,0,0,0,0,0,0,0,0
"03390182",1,"2015","2014",0,0.153,0.153,"1",0.2329,0.2329,"28","D",0.0684,0.0684,0,"D",0,"D",101413,"D",0,"D",8500,"D",0,"D",0,"D",0,"D",0,"D",4300,"D",17276,"D",0,"D",0,"D",12380,"D",12764,4228,12799.19,12728.01,4235.26,4219.94,15516.19,15516.19,109913,109913,109913.01,109913.01,0,0,0,0,0,0,0,0,97533,97533,0,0,12799.19,12728.01,12799.19,12728.01,0,0,33956,33956,0,0,0,0,0,0,0
"03390182",2,"2015","2014",0,0.153,0.153,"1",0.25,0.25,"28","D",0.0684,0.0684,0,"D",0,"D",50000,"D",0,"D",0,"D",0,"D",0,"D",0,"D",0,"D",0,"D",0,"D",0,"D",0,"D",0,"D",5769,2025,5818.75,5718.75,2035.72,2013.56,7650,7650,50000,50000,50000.01,50000.01,0,0,0,0,0,0,0,0,50000,50000,0,0,5818.75,5718.75,5818.75,5718.75,6200,6300,0,0,0,0,0,0,0,0,0
"03390202",1,"2015","2014",2,0.153,0.153,"3",-0.55,-0.55,"10","D",0,0,0,"D",0,"D",9610,"D",0,"D",0,"D",0,"D",10236,"D",0,"D",13200,"D",0,"D",65,"D",0,"D",1,"D",0,"D",-4836,0,-4835.5,-4835.5,0,0,1470.33,1470.33,9610,9610,0,0,0,0,991.5,991.5,0,0,3844,3844,9610,9610,0,0,0,0,0,0,0,0,0,0,0,0,0,0,0,0,0
"03390202",2,"2015","2014",0,0.153,0.153,"1",0.1765,0.1765,"10","D",0,0,0,"D",0,"D",12525,"D",0,"D",0,"D",0,"D",0,"D",0,"D",0,"D",0,"D",0,"D",0,"D",0,"D",0,"D",63,0,79.25,46.54,0,0,1916.32,1916.32,12525,12525,0,0,0,0,0,0,0,0,158.25,175.96,12525,12525,0,0,237.5,222.5,237.5,222.5,0,0,0,0,0,0,0,0,0,0,0
"03390212",1,"2015","2014",1,0.153,0.153,"3",0,0.1598,"0","T",0,0,0,"D",0,"D",18032,"D",0,"D",-5076,"D",0,"D",0,"D",0,"D",0,"D",1400,"D",0,"D",0,"D",0,"D",7748,"D",-3316,0,-3272.72,-3359,0,0,2758.9,2758.9,12956,12956,0,0,0,0,0,0,0,0,3272.72,3359,12956,12956,0,0,0,0,0,0,0,0,0,0,0,0,0,0,0,0,0
"03390222",1,"2015","2014",0,0.153,0.153,"1",-0.0765,-0.0765,"39","D",0,0,0,"D",0,"D",6000,"D",0,"D",0,"D",0,"D",2932,"D",0,"D",9600,"D",0,"D",15,"D",0,"D",0,"D",0,"D",-459,0,-459,-459,0,0,918,918,6000,6000,6000.01,6000.01,0,0,0,0,0,0,459,459,6000,6000,0,0,0,0,0,0,0,0,0,0,0,0,0,0,0,0,0
"03390252",1,"2015","2014",1,0,0,"3",-0.34,-0.34,"44","D",0,0,0,"D",0,"D",0,"D",0,"D",0,"D",0,"D",0,"D",2851,"D",11520,"D",0,"D",0,"D",0,"D",1,"D",240,"D",0,0,0,0,0,0,0,0,0,0,0,0,0,0,0,0,0,0,0,0,0,0,0,0,0,0,0,0,0,0,0,0,0,0,0,0,0,0,0
"03390262",1,"2015","2014",0,0.153,0.153,"1",0.2375,0.2375,"45","D",0.05,0.05,0,"D",0,"D",78000,"D",0,"D",100,"D",0,"D",0,"D",0,"D",0,"D",2360,"D",190,"D",0,"D",0,"D",6364,"D",11152,3905,11189,11114,3905,3905,11934,11934,78100,78100,78100.01,78100.01,0,0,0,0,0,0,0,0,71736,71736,0,0,11189,11114,11189,11114,0,0,0,0,0,0,0,0,0,0,0
"03390272",1,"2015","2014",0,0.153,0.153,"2",0.2423,0.2423,"39","D",0.0307,0.0307,0,"D",0,"D",61948,"D",47225,"D",0,"D",0,"D",0,"D",0,"D",0,"D",12000,"D",308,"D",0,"D",0,"D",2480,"D",12421,3352,12495.85,12345.85,3351.61,3351.61,16703.47,16703.47,109173,109173,109173.01,109173.01,0,0,0,0,0,0,0,0,106693,106693,0,0,12495.85,12345.85,12495.85,12345.85,0,0,0,0,0,0,0,0,0,0,0
"03390292",1,"2015","2014",1,0.153,0.153,"3",0.15,0.15,"23","D",0.0425,0.0425,0,"D",0,"D",65000,"D",0,"D",-12820,"D",3964,"D",0,"D",0,"D",0,"D",5600,"D",68,"D",0,"D",0,"D",240,"D",5200,2046,5224.1,5176.6,2046.12,2046.12,9945,9945,56144,56144,56144.01,56144.01,0,0,0,0,0,0,0,0,56144,56144,0,0,5224.1,5176.6,5224.1,5176.6,0,0,0,0,0,0,0,0,0,0,0
"03390312",1,"2015","2014",0,0.153,0.153,"1",0.15,0.15,"37","D",0.0525,0.0525,0,"D",0,"D",32000,"D",0,"D",0,"D",0,"D",0,"D",0,"D",18708,"D",0,"D",0,"D",0,"D",0,"D",2400,"D",2809,1089,2823.75,2793.75,1091.75,1086.5,4896,4896,32000,32000,32000.01,32000.01,0,0,0,0,0,0,0,0,32000,32000,0,0,2823.75,2793.75,2823.75,2793.75,6200,6300,0,0,0,0,0,0,0,0,0
"03390312",2,"2015","2014",0,0.153,0.153,"1",0.15,0.15,"37","D",0.0525,0.0525,0,"D",0,"D",35000,"D",0,"D",0,"D",0,"D",0,"D",0,"D",0,"D",0,"D",0,"D",0,"D",0,"D",0,"D",3259,1247,3273.75,3243.75,1249.25,1244,5355,5355,35000,35000,35000.01,35000.01,0,0,0,0,0,0,0,0,35000,35000,0,0,3273.75,3243.75,3273.75,3243.75,6200,6300,0,0,0,0,0,0,0,0,0
"03390372",1,"2015","2014",0,0.153,0.153,"2",0.15,0.15,"02","D",0,0,0,"D",0,"D",21600,"D",0,"D",24800,"D",13518,"D",18336,"D",0,"D",0,"D",5500,"D",0,"D",0,"D",0,"D",0,"D",7343,0,7373.04,7313.04,0,0,3304.8,3304.8,75503.6,75503.6,0,0,0,0,0,0,0,0,0,0,75503.6,75503.6,0,0,7373.04,7313.04,7373.04,7313.04,0,0,0,0,0,0,0,0,0,0,0
"03390372",2,"2015","2014",0,0,0,"1",0.1,0.1,"02","D",0,0,1,"D",1,"D",0,"D",0,"D",0,"D",13518,"D",8050,"D",0,"D",0,"D",0,"D",0,"D",0,"D",0,"D",0,"D",174,0,181.8,166.8,0,0,0,0,13518,13518,0,0,0,0,0,0,0,0,0,0,13518,13518,0,0,181.8,166.8,181.8,166.8,0,0,0,0,0,0,0,0,0,0,0
"03390422",1,"2015","2014",0,0,0,"1",0,0,"33","D",0,0,0,"D",0,"D",0,"D",0,"D",3754,"D",1331,"D",0,"D",0,"D",0,"D",0,"D",0,"D",0,"D",0,"D",0,"D",0,0,0,0,0,0,0,0,5085,5085,5085.01,5085.01,0,0,0,0,0,0,0,0,5085,5085,0,0,0,0,0,0,7800,7900,0,0,0,0,0,0,0,0,0
"03390432",1,"2015","2014",0,0,0,"1",0,-0.0765,"41","D",0,0,1,"D",0,"D",0,"D",0,"D",0,"D",0,"D",11674,"D",0,"D",4980,"D",0,"D",0,"D",0,"D",0,"D",420,"D",0,0,0,0,0,0,0,0,0,0,0,-15000,0,0,0,0,0,0,0,0,0,0,0,0,0,0,0,0,0,0,0,0,0,0,0,0,0,0,0
"03390442",1,"2015","2014",1,0.153,0.153,"2",0.1436,0.1436,"23","D",0.0425,0.0425,0,"D",0,"D",45000,"D",52500,"D",0,"D",0,"D",0,"D",0,"D",0,"D",2600,"D",0,"D",0,"D",1,"D",11116,"D",8319,3634,8337.54,8300.04,3633.75,3633.75,14917.5,14917.5,97500,97500,97500.01,97500.01,1000,1000,0,0,0,0,0,0,86384,86384,0,0,9337.54,9300.04,9337.54,9300.04,0,0,0,0,0,0,0,0,0,0,0
"03390452",1,"2015","2014",0,0,0,"1",0,0,"17","D",0,0,1,"D",1,"D",0,"D",0,"D",400,"D",9580,"D",17880,"D",0,"D",0,"D",2000,"D",774,"D",0,"D",0,"D",0,"D",0,0,0,0,0,0,0,0,9980,9980,9580.01,9580.01,0,0,0,0,0,0,0,0,9980,9980,0,0,0,0,0,0,3850,3850,0,0,0,0,0,0,0,0,0
"03390452",2,"2015","2014",0,0,0,"1",0,0,"17","D",0,0,1,"D",1,"D",0,"D",0,"D",0,"D",9580,"D",17998,"D",0,"D",0,"D",0,"D",0,"D",0,"D",0,"D",0,"D",0,0,0,0,0,0,0,0,9580,9580,9580.01,9580.01,0,0,0,0,0,0,0,0,9580,9580,0,0,0,0,0,0,3850,3850,0,0,0,0,0,0,0,0,0
"03390462",1,"2015","2014",2,0,0,"3",-0.4,-0.4,"24","D",0,0,0,"D",0,"D",0,"D",0,"D",800,"D",8263,"D",0,"D",0,"D",0,"D",3600,"D",10,"D",0,"D",0,"D",9696,"D",0,-2580,0,0,-2571.45,-2588.5,0,0,9063,9063,9063.01,9063.01,0,0,0,0,0,0,0,0,9063,9063,0,0,0,0,0,0,9100,9250,0,0,2571.45,2588.5,0,0,0,0,0
"03390502",1,"2015","2014",3,0.153,0.153,"2",0.1405,0.1405,"45","D",0.063,0.063,0,"D",0,"D",33280,"D",24763,"D",0,"D",0,"D",0,"D",0,"D",0,"D",1300,"D",75,"D",0,"D",2,"D",13416,"D",364,1519,388.73,338.75,1527.16,1510.32,8880.58,8880.58,58043,58043,58043.01,58043.01,2000,2000,0,0,0,0,0,0,44627,44627,0,0,2388.73,2338.75,2388.73,2338.75,0,0,0,0,0,0,0,0,0,0,0
"03390522",1,"2015","2014",0,0,0,"1",0.15,0.15,"10","D",0,0,1,"D",1,"D",0,"D",0,"D",3398,"D",12960,"D",23062,"D",0,"D",0,"D",1000,"D",3012,"D",0,"D",0,"D",0,"D",603,0,610.25,595.25,0,0,0,0,17802.5,17802.5,0,0,0,0,0,0,0,0,0,0,17802.5,17802.5,0,0,610.25,595.25,610.25,595.25,0,0,0,0,0,0,0,0,0,0,0
"03390532",1,"2015","2014",1,0.153,0.153,"3",0.2318,0.2318,"12","D",0.0733,0.0733,0,"D",0,"D",108746,"D",0,"D",0,"D",0,"D",0,"D",0,"D",0,"D",2200,"D",0,"D",0,"D",0,"D",42088,"D",7563,3750,7620.91,7505.91,3749.61,3749.61,16638.14,16638.14,108746,108746,108746.01,108746.01,0,0,0,0,0,0,0,0,66658,66658,0,0,7620.91,7505.91,7620.91,7505.91,3212,3212,48012.37,48012.37,0,0,0,0,0,0,0
"03390532",2,"2015","2014",0,0.029,0.029,"1",0.2563,0.2563,"12","D",0.0851,0.0851,1,"D",1,"D",150000,"D",0,"D",0,"D",26400,"D",6766,"D",0,"D",0,"D",0,"D",0,"D",0,"D",0,"D",0,"D",39485,12691,39543.91,39425.41,12690.55,12690.55,18858,19044,182151.1,182151.1,176400.01,176400.01,0,0,0,0,0,0,0,0,182151.1,182151.1,0,0,39543.91,39425.41,39543.91,39425.41,2200,2200,12312.54,12312.54,0,0,0,0,0,0,0
"03390552",1,"2015","2014",0,0.153,0.153,"1",0.15,0.15,"0","T",0,0,0,"D",0,"D",29720,"D",0,"D",0,"D",0,"D",0,"D",0,"D",0,"D",3400,"D",0,"D",0,"D",0,"D",0,"D",2467,0,2481.75,2451.75,0,0,4547.16,4547.16,29720,29720,0,0,0,0,0,0,0,0,0,0,29720,29720,0,0,2481.75,2451.75,2481.75,2451.75,0,0,0,0,0,0,0,0,0,0,0
"03390572",1,"2015","2014",0,0.153,0.153,"2",0.25,0.25,"07","D",0.048,0.048,0,"D",0,"D",32871,"D",66120,"D",0,"D",0,"D",0,"D",0,"D",0,"D",2470,"D",327,"D",0,"D",0,"D",1660,"D",11285,4068,11385.25,11185.25,4067.57,4067.57,15145.62,15145.62,98991,98991,98991.01,98991.01,0,0,0,0,0,0,0,0,98991,98991,0,0,11385.25,11185.25,11385.25,11185.25,0,0,0,0,0,0,0,0,0,0,0
"03390602",1,"2015","2014",1,0.153,0.153,"2",0.1436,0.1436,"23","D",0.0425,0.0425,0,"D",0,"D",100000,"D",0,"D",0,"D",0,"D",0,"D",0,"D",0,"D",2000,"D",7378,"D",0,"D",1,"D",9208,"D",7947,3740,7966.1,7928.6,3740,3740,15300,15300,100000,100000,100000.01,100000.01,1000,1000,0,0,0,0,0,0,90792,90792,0,0,8966.1,8928.6,8966.1,8928.6,0,0,0,0,0,0,0,0,0,0,0
"03390602",2,"2015","2014",0,0.153,0.153,"1",0.25,0.25,"23","D",0.0425,0.0425,0,"D",0,"D",65769,"D",0,"D",0,"D",0,"D",0,"D",0,"D",0,"D",0,"D",0,"D",0,"D",0,"D",0,"D",9711,2625,9761,9661,2625.18,2625.18,10062.66,10062.66,65769,65769,65769.01,65769.01,0,0,0,0,0,0,0,0,65769,65769,0,0,9761,9661,9761,9661,0,0,0,0,0,0,0,0,0,0,0
"03390612",1,"2015","2014",3,0.153,0.153,"2",0.15,0.15,"23","D",0.0425,0.0425,0,"D",0,"D",85000,"D",17284,"D",0,"D",0,"D",0,"D",0,"D",15600,"D",0,"D",238,"D",0,"D",3,"D",0,"D",6571,3497,6612.6,6530.1,3497.07,3497.07,15649.45,15649.45,102284,102284,102284.01,102284.01,3000,3000,0,0,0,0,0,0,102284,102284,0,0,9612.6,9530.1,9612.6,9530.1,0,0,0,0,0,0,0,0,0,0,0
"03390622",1,"2015","2014",0,0.153,0.153,"1",0,0,"14","D",0,0.05,1,"D",1,"D",8257,"D",0,"D",273,"D",0,"D",25546,"D",0,"D",0,"D",4600,"D",3020,"D",0,"D",0,"D",0,"D",0,20,0,0,40.25,0,1263.32,1263.32,8530,8530,8530.01,8530.01,0,0,0,0,0,0,0,0,8530,8530,0,0,0,0,0,0,0,0,0,0,230,201.75,0,0,0,0,0
"03390652",1,"2015","2014",0,0.153,0.153,"1",0.15,0.15,"28","D",0.0684,0.0684,0,"D",0,"D",45000,"D",0,"D",50,"D",0,"D",0,"D",0,"D",0,"D",2900,"D",121,"D",0,"D",0,"D",0,"D",4766,1686,4781.25,4751.25,1697.14,1674.98,6885,6885,45050,45050,45050.01,45050.01,0,0,0,0,0,0,0,0,45050,45050,0,0,4781.25,4751.25,4781.25,4751.25,6200,6300,0,0,0,0,0,0,0,0,0
"03390673",1,"2015","2014",0,0,0,"1",-0.0765,-0.0765,"10","D",0,0,0,"D",0,"D",0,"D",0,"D",0,"D",0,"D",0,"D",0,"D",7800,"D",0,"D",0,"D",0,"D",0,"D",0,"D",0,0,0,0,0,0,0,0,0,0,0,0,0,0,0,0,0,0,0,0,0,0,0,0,0,0,0,0,0,0,0,0,0,0,0,0,0,0,0
"03390682",1,"2015","2014",2,0.153,0.153,"2",0.15,0.15,"0","T",0,0,0,"D",0,"D",29000,"D",72000,"D",0,"D",0,"D",0,"D",0,"D",0,"D",3000,"D",2038,"D",6160,"D",2,"D",5584,"D",6775,0,6812.5,6737.5,0,0,15453,15453,101000,101000,0,0,2000,2000,0,0,1200,1200,0,0,101000,101000,0,0,10012.5,9937.5,10012.5,9937.5,0,0,0,0,0,0,0,0,0,0,0
"03390692",1,"2015","2014",0,0.153,0.153,"1",0.15,0.15,"37","D",0.0525,0.0525,0,"D",0,"D",25565,"D",0,"D",0,"D",0,"D",0,"D",0,"D",13200,"D",0,"D",383,"D",0,"D",0,"D",0,"D",1844,751,1858.5,1828.5,753.91,748.66,3911.44,3911.44,25565,25565,25565.01,25565.01,0,0,0,0,0,0,0,0,25565,25565,0,0,1858.5,1828.5,1858.5,1828.5,6200,6300,0,0,0,0,0,0,0,0,0
"03390702",1,"2015","2014",2,0,0,"3",-0.4,-0.4,"43","D",0,0,0,"D",0,"D",0,"D",0,"D",1260,"D",0,"D",0,"D",0,"D",0,"D",400,"D",100,"D",0,"D",0,"D",1892,"D",0,0,0,0,0,0,0,0,1260,1260,0,0,0,0,0,0,0,0,0,0,1260,1260,0,0,0,0,0,0,0,0,0,0,0,0,0,0,0,0,0
"03390712",1,"2015","2014",2,0.153,0.153,"2",0.2904,0.2861,"26","D",0.038,0.0554,0,"D",0,"D",86000,"D",26000,"D",61,"D",0,"D",0,"D",0,"D",0,"D",2900,"D",2730,"D",0,"D",2,"D",5136,"D",10072,4118,10159.9,9984.67,4117.62,4118.54,17136,17136,112061,112061,112061.01,112061.01,1896.95,1896.95,0,0,0,0,0,0,106925,106925,0,0,12056.85,11881.62,12056.85,11881.62,0,0,19334,19334,0,0,0,0,0,0,0
"03390742",1,"2015","2014",0,0.153,0.153,"1",0.15,0.15,"10","D",0,0,0,"D",0,"D",47039,"D",0,"D",0,"D",0,"D",0,"D",0,"D",16200,"D",0,"D",0,"D",0,"D",0,"D",0,"D",5065,0,5079.6,5049.6,0,0,7196.97,7196.97,47039,47039,0,0,0,0,0,0,0,0,0,0,47039,47039,0,0,5079.6,5049.6,5079.6,5049.6,0,0,0,0,0,0,0,0,0,0,0
"03390752",1,"2015","2014",1,0.153,0.153,"2",0,0,"05","D",0,0,0,"D",0,"D",0,"D",62000,"D",0,"D",0,"D",0,"D",0,"D",0,"D",5000,"D",125,"D",0,"D",0,"D",56984,"D",0,0,0,0,0,0,9486,9486,62000,62000,62000.01,62000.01,0,0,0,0,0,0,0,0,5016,5016,0,0,0,0,0,0,7984,8088,62109,62109,0,0,0,0,0,0,0
"03390772",1,"2015","2014",1,0.153,0.153,"3",0.25,0.25,"22","D",0.0515,0.052,0,"D",0,"D",75000,"D",0,"D",-300,"D",0,"D",0,"D",0,"D",0,"D",4000,"D",1395,"D",0,"D",0,"D",0,"D",8761,3172,8837.5,8685,3187.6,3156.95,11475,11475,74700,74700,74700.01,74700.01,0,0,0,0,0,0,0,0,74700,74700,0,0,8837.5,8685,8837.5,8685,0,0,0,0,0,0,0,0,0,0,0
"03390782",1,"2015","2014",1,0.153,0.153,"2",0.1442,0.1442,"01","D",0.039,0.039,0,"D",0,"D",50000,"D",50000,"D",-15300,"D",0,"D",0,"D",0,"D",0,"D",2000,"D",0,"D",0,"D",1,"D",12376,"D",6462,2556,6480.42,6442.64,2554.68,2556.57,15300,15300,84700,84700,84700.01,84700.01,1000,1000,0,0,0,0,0,0,72324,72324,0,0,7480.42,7442.64,7480.42,7442.64,4000,4000,22026,22026,0,0,0,0,0,0,0
"03390802",1,"2015","2014",0,0.153,0.153,"2",0.1394,0.1394,"24","D",0.0705,0.0705,0,"D",0,"D",68000,"D",30000,"D",-2939,"D",0,"D",0,"D",0,"D",0,"D",2300,"D",3823,"D",0,"D",0,"D",4812,"D",9849,4415,9861.74,9836.52,4431.05,4399.2,14994,14994,95061,95061,95061.01,95061.01,0,0,0,0,0,0,0,0,90249,90249,0,0,9861.74,9836.52,9861.74,9836.52,0,0,15366.05,15334.2,0,0,0,0,0,0,0
"03390812",1,"2015","2014",2,0.153,0.153,"2",0.3606,0.15,"17","D",0.0818,0.048,0,"D",0,"D",26547,"D",23000,"D",-1756,"D",0,"D",0,"D",0,"D",6000,"D",0,"D",578,"D",0,"D",2,"D",156,"D",-53,945,31.15,-137.94,956.26,934.17,7580.69,7580.69,47791,47791,49547.01,49547.01,2000,1956.15,0,43.85,0,0,0,94.09,47791,47791,0,0,2031.15,1956.15,2031.15,1956.15,7500,7500,0,0,0,0,0,0,0,16,0
"03390892",1,"2015","2014",0,0.153,0.153,"1",-0.0765,-0.0765,"05","D",0,0,0,"D",0,"D",1200,"D",0,"D",0,"D",0,"D",0,"D",0,"D",11400,"D",0,"D",0,"D",0,"D",0,"D",0,"D",-92,0,-91.8,-91.8,0,0,183.6,183.6,1200,1200,1200.01,1200.01,0,0,0,0,0,0,91.8,91.8,1200,1200,0,0,0,0,0,0,3992,4044,0,0,0,0,0,0,0,0,0
"03390922",1,"2015","2014",0,0.153,0.153,"2",0.1,0.1,"31","D",0.014,0.014,0,"D",0,"D",0,"D",21309,"D",0,"D",0,"D",0,"D",0,"D",11580,"D",0,"D",0,"D",0,"D",0,"D",0,"D",86,120,100.9,70.9,120.33,120.33,3260.28,3260.28,21309,21309,21309.01,21309.01,0,0,0,0,0,0,0,0,21309,21309,0,0,100.9,70.9,100.9,70.9,0,0,0,0,0,0,0,0,0,0,0
"03390952",1,"2015","2014",3,0.153,0.153,"3",-0.6,-0.6,"05","D",0,0,0,"D",0,"D",3920,"D",0,"D",480,"D",0,"D",0,"D",6000,"D",3168,"D",0,"D",0,"D",0,"D",3,"D",120,"D",-1902,0,-1902,-1902,0,0,599.76,599.76,4400,4400,4400.01,4400.01,0,0,138,138,0,0,1764,1764,4400,4400,0,0,0,0,0,0,7984,8088,120,120,0,0,0,0,0,0,0
"03390982",1,"2015","2014",2,0.153,0.153,"3",0.3106,0.3106,"10","D",0,0,0,"D",0,"D",29000,"D",0,"D",0,"D",0,"D",0,"D",0,"D",5940,"D",0,"D",0,"D",0,"D",2,"D",0,"D",-4395,0,-4302.6,-4487.99,0,0,4437,4437,29000,29000,0,0,805,775,1195,1225,0,0,3107.6,3262.99,29000,29000,0,0,805,775,805,775,0,0,0,0,0,0,0,0,0,0,0
"03390982",2,"2015","2014",0,0.153,0.153,"1",0.1765,0.1765,"10","D",0,0,0,"D",0,"D",14000,"D",0,"D",0,"D",0,"D",0,"D",0,"D",0,"D",0,"D",0,"D",0,"D",0,"D",0,"D",323,0,339.59,306.88,0,0,2142,2142,14000,14000,0,0,0,0,0,0,0,0,45.41,63.12,14000,14000,0,0,385,370,385,370,0,0,0,0,0,0,0,0,0,0,0
"03390992",1,"2015","2014",0,0,0,"1",0,0,"34","D",0,0,1,"D",1,"D",0,"D",0,"D",0,"D",0,"D",0,"D",0,"D",0,"D",730,"D",0,"D",0,"D",0,"D",3600,"D",0,0,0,0,0,0,0,0,0,0,0.01,0.01,0,0,0,0,0,0,0,0,0,0,0,0,0,0,0,0,7500,7500,4330,4330,0,0,0,0,0,0,0
"03391012",1,"2015","2014",3,0.153,0.153,"2",0.15,0.15,"0","T",0,0,0,"D",0,"D",6400,"D",56000,"D",233,"D",0,"D",0,"D",0,"D",3600,"D",0,"D",105,"D",0,"D",3,"D",0,"D",624,0,664.95,582.45,0,0,9547.2,9547.2,62633,62633,0,0,3000,3000,0,0,0,0,0,0,62633,62633,0,0,3664.95,3582.45,3664.95,3582.45,0,0,0,0,0,0,0,0,0,0,0
"03391042",1,"2015","2014",1,0.153,0.153,"3",0,0,"07","D",0,0,0,"D",0,"D",16000,"D",0,"D",0,"D",0,"D",0,"D",0,"D",10420,"D",0,"D",0,"D",0,"D",1,"D",0,"D",-4332,-916,-4305,-4359,-908.88,-923.73,2448,2448,16000,16000,16000.01,16000.01,0,0,1000,1000,0,0,3305,3359,16000,16000,0,0,0,0,0,0,0,0,0,0,0,0,0,0,908.88,923.73,0
"03391062",1,"2015","2014",0,0.153,0.153,"1",0.0992,0.0992,"50","D",0,0,0,"D",0,"D",17473,"D",0,"D",0,"D",0,"D",8743,"D",0,"D",0,"D",3400,"D",360,"D",0,"D",0,"D",3436,"D",595,0,597.12,592.12,0,0,2673.37,2673.37,17473,17473,17473.01,17473.01,0,0,0,0,0,0,0,0,14037,14037,0,0,597.12,592.12,597.12,592.12,9747.24,9946.89,3436,3436,0,0,0,0,0,0,0
"03391062",2,"2015","2014",0,0.153,0.153,"1",0.15,0.15,"50","D",0.0702,0.0702,0,"D",0,"D",36697,"D",0,"D",0,"D",0,"D",0,"D",0,"D",0,"D",0,"D",0,"D",0,"D",0,"D",0,"D",3513,1487,3528.3,3498.3,1495.93,1478.41,5614.64,5614.64,36697,36697,36697.01,36697.01,0,0,0,0,0,0,0,0,36697,36697,0,0,3528.3,3498.3,3528.3,3498.3,7440.36,7640.01,0,0,0,0,0,0,0,0,0
"03391082",1,"2015","2014",0,0.153,0.153,"1",0.25,0.25,"0","T",0,0,0,"D",0,"D",47000,"D",0,"D",19870,"D",0,"D",0,"D",0,"D",0,"D",300,"D",0,"D",0,"D",0,"D",0,"D",9986,0,10036.25,9936.25,0,0,7191,7191,66870,66870,0,0,0,0,0,0,0,0,0,0,66870,66870,0,0,10036.25,9936.25,10036.25,9936.25,0,0,0,0,0,0,0,0,0,0,0
"03391092",1,"2015","2014",0,0.153,0.153,"2",0.15,0.15,"12","D",0.0733,0.0733,1,"D",1,"D",55000,"D",38000,"D",0,"D",0,"D",0,"D",0,"D",17500,"D",0,"D",373,"D",0,"D",0,"D",1728,"D",9784,5333,9817.5,9750,5333.37,5333.37,14229,14229,93000,93000,93000.01,93000.01,0,0,0,0,0,0,0,0,93000,93000,0,0,9817.5,9750,9817.5,9750,4400,4400,7413.95,7413.95,0,0,0,0,0,0,0
"03391092",2,"2015","2014",0,0,0,"2",0,0,"12","D",0,0,2,"D",2,"D",0,"D",0,"D",0,"D",0,"D",23261,"D",0,"D",0,"D",0,"D",0,"D",0,"D",0,"D",0,"D",0,-170,0,0,-170,-170,0,0,0,0,0.01,0.01,0,0,0,0,0,0,0,0,0,0,0,0,0,0,0,0,4400,4400,397.74,397.74,0,0,0,0,0,0,0
"03391132",1,"2015","2014",0,0.153,0.153,"2",0.15,0.15,"0","T",0,0,0,"D",0,"D",42000,"D",35000,"D",0,"D",0,"D",0,"D",0,"D",0,"D",1100,"D",285,"D",0,"D",0,"D",200,"D",7568,0,7597.5,7537.5,0,0,11781,11781,77000,77000,0,0,0,0,0,0,0,0,0,0,77000,77000,0,0,7597.5,7537.5,7597.5,7537.5,0,0,0,0,0,0,0,0,0,0,0
"03391144",1,"2015","2014",0,0,0,"1",0.15,0.15,"0","T",0,0,0,"D",0,"D",0,"D",0,"D",4391,"D",16368,"D",8155,"D",0,"D",2544,"D",0,"D",0,"D",0,"D",0,"D",0,"D",1123,0,1137.6,1107.6,0,0,0,0,20759,20759,0,0,0,0,0,0,0,0,0,0,20759,20759,0,0,1137.6,1107.6,1137.6,1107.6,0,0,0,0,0,0,0,0,0,0,0
"03391172",1,"2015","2014",0,0.153,0.153,"1",0.25,0.25,"44","D",0,0,0,"D",0,"D",59000,"D",0,"D",-3835,"D",0,"D",0,"D",0,"D",0,"D",800,"D",130,"D",0,"D",0,"D",0,"D",7060,0,7110,7010,0,0,9027,9027,55165,55165,0,0,0,0,0,0,0,0,0,0,55165,55165,0,0,7110,7010,7110,7010,0,0,0,0,0,0,0,0,0,0,0
"03391172",2,"2015","2014",0,0,0,"2",0,0,"44","D",0,0,2,"D",2,"D",0,"D",0,"D",0,"D",0,"D",17664,"D",0,"D",0,"D",0,"D",0,"D",0,"D",0,"D",0,"D",0,0,0,0,0,0,0,0,0,0,0,0,0,0,0,0,0,0,0,0,0,0,0,0,0,0,0,0,0,0,0,0,0,0,0,0,0,0,0
"03391182",1,"2015","2014",0,0.153,0.153,"1",0.2294,0.2294,"12","D",0.0825,0.0825,0,"D",0,"D",113000,"D",0,"D",1100,"D",0,"D",0,"D",0,"D",0,"D",6000,"D",30,"D",0,"D",0,"D",16000,"D",16221,6510,16258.76,16183.76,6509.97,6509.97,17289,17289,114100,114100,114100.01,114100.01,0,0,0,0,0,0,0,0,98100,98100,0,0,16258.76,16183.76,16258.76,16183.76,2200,2200,25000,25000,0,0,0,0,0,0,0
"03391182",2,"2015","2014",0,0.153,0.153,"1",0.25,0.25,"12","D",0.0763,0.0763,0,"D",0,"D",58000,"D",0,"D",0,"D",0,"D",0,"D",0,"D",0,"D",0,"D",0,"D",0,"D",0,"D",0,"D",7769,3644,7818.75,7718.75,3644.43,3644.43,8874,8874,58000,58000,58000.01,58000.01,0,0,0,0,0,0,0,0,58000,58000,0,0,7818.75,7718.75,7818.75,7718.75,2200,2200,3633.8,3633.8,0,0,0,0,0,0,0
"03391212",1,"2015","2014",0,0.153,0.153,"1",0.15,0.15,"10","D",0,0,0,"D",0,"D",40000,"D",0,"D",0,"D",0,"D",0,"D",0,"D",10692,"D",0,"D",0,"D",0,"D",0,"D",0,"D",4009,0,4023.75,3993.75,0,0,6120,6120,40000,40000,0,0,0,0,0,0,0,0,0,0,40000,40000,0,0,4023.75,3993.75,4023.75,3993.75,0,0,0,0,0,0,0,0,0,0,0
"03391232",1,"2015","2014",1,0,0,"3",-0.34,-0.34,"43","D",0,0,0,"D",0,"D",0,"D",0,"D",0,"D",0,"D",0,"D",142,"D",3800,"D",0,"D",0,"D",0,"D",1,"D",130,"D",0,0,0,0,0,0,0,0,0,0,0,0,0,0,0,0,0,0,0,0,0,0,0,0,0,0,0,0,0,0,0,0,0,0,0,0,0,0,0
"03391232",3,"2015","2014",0,0,0,"1",-0.0765,-0.0765,"43","D",0,0,0,"D",0,"D",0,"D",0,"D",0,"D",0,"D",13870,"D",0,"D",0,"D",0,"D",0,"D",0,"D",0,"D",0,"D",0,0,0,0,0,0,0,0,0,0,0,0,0,0,0,0,0,0,0,0,0,0,0,0,0,0,0,0,0,0,0,0,0,0,0,0,0,0,0
"03391242",1,"2015","2014",0,0.153,0.153,"2",0.15,0.15,"01","D",0.0387,0.0387,0,"D",0,"D",27067,"D",32760,"D",0,"D",0,"D",0,"D",0,"D",0,"D",1400,"D",100,"D",0,"D",0,"D",6372,"D",4992,1889,5021.55,4961.55,1887.83,1890.83,9153.53,9153.53,59827,59827,59827.01,59827.01,0,0,0,0,0,0,0,0,59827,59827,0,0,5021.55,4961.55,5021.55,4961.55,4000,4000,12448.77,12448.77,0,0,0,0,0,0,0
"03391252",1,"2015","2014",2,0.153,0.153,"2",0.2394,0.2394,"23","D",0.0425,0.0425,0,"D",0,"D",114480,"D",54366,"D",12000,"D",0,"D",0,"D",0,"D",0,"D",8000,"D",105,"D",0,"D",2,"D",6728,"D",27427,7006,27514.26,27339.26,7005.96,7005.96,25833.44,25833.44,180846,180846,180846.01,180846.01,0,0,0,0,0,0,0,0,174118,174118,0,0,27514.26,27339.26,27514.26,27339.26,0,0,0,0,0,0,0,0,0,0,0
"03391262",1,"2015","2014",0,0.153,0.153,"1",0.15,0.15,"34","D",0.0575,0.058,0,"D",0,"D",42367,"D",0,"D",0,"D",0,"D",0,"D",0,"D",0,"D",2200,"D",0,"D",0,"D",0,"D",0,"D",4364,2014,4378.8,4348.8,2022.29,2004.85,6482.15,6482.15,42367,42367,42367.01,42367.01,0,0,0,0,0,0,0,0,42367,42367,0,0,4378.8,4348.8,4378.8,4348.8,7500,7500,2200,2200,0,0,0,0,0,0,0
"03391282",1,"2015","2014",2,0.153,0.153,"2",0.1917,0.1917,"31","D",0.0553,0.0553,0,"D",0,"D",74721,"D",50000,"D",30,"D",0,"D",0,"D",0,"D",0,"D",16180,"D",0,"D",0,"D",1,"D",17736,"D",9569,3289,9591.99,9546.99,3288.74,3288.74,19082.31,19082.31,124751,124751,124751.01,124751.01,262.45,262.45,0,0,0,0,0,0,107015,107015,0,0,9854.44,9809.44,9854.44,9809.44,0,0,0,0,0,0,0,0,0,0,0
"03391292",1,"2015","2014",0,0.153,0.153,"2",0.15,0.15,"44","D",0,0,0,"D",0,"D",20500,"D",20500,"D",0,"D",0,"D",0,"D",0,"D",0,"D",0,"D",0,"D",0,"D",0,"D",0,"D",2168,0,2197.5,2137.5,0,0,6273,6273,41000,41000,0,0,0,0,0,0,0,0,0,0,41000,41000,0,0,2197.5,2137.5,2197.5,2137.5,0,0,0,0,0,0,0,0,0,0,0
"03391312",1,"2015","2014",1,0,0,"3",-0.34,-0.34,"44","D",0,0,0,"D",0,"D",0,"D",0,"D",0,"D",0,"D",0,"D",0,"D",0,"D",1800,"D",0,"D",0,"D",0,"D",3519,"D",0,0,0,0,0,0,0,0,0,0,0,0,0,0,0,0,0,0,0,0,0,0,0,0,0,0,0,0,0,0,0,0,0,0,0,0,0,0,0
"03391322",1,"2015","2014",4,0,0,"3",-0.45,-0.45,"18","D",0,0,0,"D",0,"D",0,"D",0,"D",1300,"D",0,"D",0,"D",0,"D",0,"D",300,"D",141,"D",0,"D",0,"D",21,"D",0,0,0,0,0,0,0,0,1300,1300,1300.01,1300.01,0,0,0,0,0,0,0,0,1300,1300,0,0,0,0,0,0,2400,2440,462,462,0,0,0,0,0,0,0
"03391322",2,"2015","2014",4,0,0,"3",-0.45,-0.45,"18","D",0,0,0,"D",0,"D",0,"D",0,"D",0,"D",0,"D",0,"D",0,"D",0,"D",0,"D",0,"D",0,"D",0,"D",0,"D",0,0,0,0,0,0,0,0,0,0,0.01,0.01,0,0,0,0,0,0,0,0,0,0,0,0,0,0,0,0,2400,2440,0,0,0,0,0,0,0,0,0
"03391352",1,"2015","2014",0,0.153,0.153,"1",0.25,0.25,"07","D",0.0495,0.0495,0,"D",0,"D",54000,"D",0,"D",0,"D",0,"D",0,"D",0,"D",9600,"D",0,"D",0,"D",0,"D",0,"D",0,"D",6769,2268,6818.75,6718.75,2268,2268,8262,8262,54000,54000,54000.01,54000.01,0,0,0,0,0,0,0,0,54000,54000,0,0,6818.75,6718.75,6818.75,6718.75,0,0,0,0,0,0,0,0,0,0,0
"03391362",1,"2015","2014",0,0.153,0.153,"2",0.25,0.25,"34","D",0.0575,0.058,0,"D",0,"D",51000,"D",80000,"D",-4500,"D",0,"D",0,"D",0,"D",0,"D",670,"D",65,"D",0,"D",0,"D",1080,"D",18163,6439,18262.5,18062.5,6467,6411.25,20043,20043,126500,126500,126500.01,126500.01,0,0,0,0,0,0,0,0,126500,126500,0,0,18262.5,18062.5,18262.5,18062.5,15000,15000,1750,1750,0,0,0,0,0,0,0
"03391372",1,"2015","2014",0,0.153,0.153,"1",0.2324,0.2324,"24","D",0.0705,0.0705,0,"D",0,"D",94854,"D",0,"D",-1200,"D",0,"D",0,"D",0,"D",0,"D",2000,"D",0,"D",0,"D",0,"D",7624,"D",14533,5221,14569.79,14497.01,5225.84,5216.96,14512.66,14512.66,93654,93654,93654.01,93654.01,0,0,0,0,0,0,0,0,86030,86030,0,0,14569.79,14497.01,14569.79,14497.01,0,0,14849.84,14840.96,0,0,0,0,0,0,0
"03391382",1,"2015","2014",2,0.029,0.029,"2",0.35,0.35,"44","D",0,0,0,"D",0,"D",0,"D",228786,"D",-17980,"D",96696,"D",0,"D",0,"D",0,"D",16180,"D",520,"D",0,"D",1,"D",0,"D",69738,0,70032.7,69442.7,0,0,21142.79,21328.79,307502,307502,0,0,0,0,0,0,0,0,0,0,307502,307502,1856.26,1876.04,68176.44,67566.66,68176.44,67566.66,0,0,0,0,0,0,0,0,0,0,0
"03391392",1,"2015","2014",0,0.153,0.153,"1",-0.0765,-0.0765,"34","D",0,0,0,"D",0,"D",2500,"D",0,"D",-140,"D",0,"D",0,"D",0,"D",14400,"D",0,"D",0,"D",0,"D",0,"D",0,"D",-191,0,-191.25,-191.25,0,0,382.5,382.5,2360,2360,2360.01,2360.01,0,0,0,0,0,0,191.25,191.25,2360,2360,0,0,0,0,0,0,7500,7500,0,0,0,0,0,0,0,0,0
"03391412",1,"2015","2014",0,0.153,0.153,"1",0.15,0.15,"0","T",0,0,0,"D",0,"D",32908,"D",0,"D",0,"D",0,"D",0,"D",0,"D",0,"D",3900,"D",0,"D",0,"D",0,"D",5400,"D",2487,0,2494.95,2479.95,0,0,5034.92,5034.92,32908,32908,0,0,0,0,0,0,0,0,0,0,27508,27508,0,0,2494.95,2479.95,2494.95,2479.95,0,0,0,0,0,0,0,0,0,0,0
"03391412",2,"2015","2014",2,0,0,"3",-0.4,-0.4,"0","T",0,0,0,"D",0,"D",0,"D",0,"D",0,"D",0,"D",0,"D",0,"D",0,"D",0,"D",0,"D",0,"D",0,"D",0,"D",0,0,0,0,0,0,0,0,0,0,0,0,0,0,0,0,0,0,0,0,0,0,0,0,0,0,0,0,0,0,0,0,0,0,0,0,0,0,0
"03391412",3,"2015","2014",2,0,0,"3",-0.4,-0.4,"0","T",0,0,0,"D",0,"D",0,"D",0,"D",0,"D",0,"D",0,"D",0,"D",0,"D",0,"D",0,"D",0,"D",0,"D",0,"D",0,0,0,0,0,0,0,0,0,0,0,0,0,0,0,0,0,0,0,0,0,0,0,0,0,0,0,0,0,0,0,0,0,0,0,0,0,0,0
"03391432",1,"2015","2014",1,0.029,0.029,"2",0.25,0.25,"05","D",0.093,0.093,0,"D",0,"D",145000,"D",0,"D",0,"D",0,"D",0,"D",0,"D",19668,"D",0,"D",0,"D",0,"D",1,"D",0,"D",21794,7171,21900,21687.5,7211.07,7130.69,18713,18899,145000,145000,145000.01,145000.01,0,0,0,0,0,0,0,0,145000,145000,0,0,21900,21687.5,21900,21687.5,7984,8088,0,0,0,0,0,0,0,0,0
"03391442",1,"2015","2014",2,0.153,0.153,"3",-0.55,-0.55,"05","D",0,0,0,"D",0,"D",10000,"D",0,"D",1824,"D",0,"D",0,"D",0,"D",9600,"D",0,"D",240,"D",0,"D",2,"D",2004,"D",-5050,0,-5050,-5050,0,0,1530,1530,11824,11824,11824.01,11824.01,0,0,1050,1050,0,0,4000,4000,11824,11824,0,0,0,0,0,0,7984,8088,2244,2244,0,0,0,0,0,0,0
"03391442",2,"2015","2014",0,0.153,0.153,"1",0.15,0.15,"05","D",0.04,0.04,0,"D",0,"D",24684,"D",0,"D",0,"D",0,"D",0,"D",0,"D",0,"D",0,"D",0,"D",0,"D",0,"D",0,"D",1711,270,1726.35,1696.35,274.74,265.89,3776.65,3776.65,24684,24684,24684.01,24684.01,0,0,0,0,0,0,0,0,24684,24684,0,0,1726.35,1696.35,1726.35,1696.35,3992,4044,0,0,0,0,0,0,0,0,0
"03391442",3,"2015","2014",0,0.153,0.153,"1",0.0765,0.0765,"05","D",0,0,0,"D",0,"D",9000,"D",0,"D",0,"D",0,"D",0,"D",0,"D",0,"D",0,"D",0,"D",0,"D",0,"D",0,"D",-437,0,-427.91,-445.62,0,0,1377,1377,9000,9000,9000.01,9000.01,0,0,0,0,0,0,427.91,445.62,9000,9000,0,0,0,0,0,0,3992,4044,0,0,0,0,0,0,0,0,0
"03391452",1,"2015","2014",2,0,0,"3",-0.4,-0.4,"25","D",0,0,0,"D",0,"D",0,"D",0,"D",0,"D",200,"D",0,"D",0,"D",0,"D",30,"D",0,"D",0,"D",0,"D",5944,"D",0,0,0,0,0,0,0,0,200,200,200.01,200.01,0,0,0,0,0,0,0,0,200,200,0,0,0,0,0,0,3400,3400,5974,5974,0,0,0,0,0,0,0
"03391472",1,"2015","2014",0,0,0,"1",-0.0765,-0.0765,"03","D",0,0,0,"D",0,"D",0,"D",0,"D",0,"D",0,"D",0,"D",0,"D",28800,"D",0,"D",0,"D",0,"D",0,"D",1300,"D",0,-25,0,0,-25,-25,0,0,0,0,0.01,0.01,0,0,0,0,0,0,0,0,0,0,0,0,0,0,0,0,5009,5091,1300.04,1300.04,0,0,0,0,0,0,0
"03391482",1,"2015","2014",0,0.153,0.153,"1",0.267,0.267,"06","D",0.0463,0.0463,0,"D",0,"D",106637,"D",0,"D",0,"D",0,"D",0,"D",0,"D",12960,"D",0,"D",0,"D",0,"D",0,"D",2400,"D",19900,4632,19955.99,19844.02,4643.29,4619.97,16315.46,16315.46,106637,106637,0,0,0,0,0,0,0,0,0,0,104237,104237,0,0,19955.99,19844.02,19955.99,19844.02,0,0,0,0,0,0,0,0,0,0,0
"03391492",1,"2015","2014",3,0.153,0.153,"2",0.15,0.15,"21","D",0.0475,0.0475,0,"D",0,"D",70000,"D",0,"D",0,"D",0,"D",0,"D",0,"D",0,"D",4200,"D",0,"D",0,"D",0,"D",3552,"D",4729,2323,4770,4687.5,2322.5,2322.5,10710,10710,70000,70000,70000.01,70000.01,0,0,0,0,0,0,0,0,70000,70000,0,0,4770,4687.5,4770,4687.5,4000,4000,0,0,0,0,0,0,0,0,0
"03391502",1,"2015","2014",2,0.153,0.153,"2",0.15,0.15,"36","D",0.0301,0.0339,0,"D",0,"D",22000,"D",40000,"D",0,"D",0,"D",0,"D",0,"D",9600,"D",0,"D",0,"D",0,"D",2,"D",0,"D",2125,1267,2162.5,2087.5,1308.11,1225.65,9486,9486,62000,62000,62000.01,62000.01,2000,2000,0,0,0,0,0,0,62000,62000,0,0,4162.5,4087.5,4162.5,4087.5,0,0,0,0,0,0,0,0,0,0,0
"03391502",2,"2015","2014",0,0.153,0.153,"1",0.1,0.1,"36","D",0.0198,0.0211,0,"D",0,"D",16000,"D",0,"D",0,"D",0,"D",0,"D",0,"D",0,"D",0,"D",0,"D",0,"D",0,"D",0,"D",578,129,585,570,134.26,124.54,2448,2448,16000,16000,16000.01,16000.01,0,0,0,0,0,0,0,0,16000,16000,0,0,585,570,585,570,0,0,0,0,0,0,0,0,0,0,0
"03391522",1,"2015","2014",0,0.153,0.153,"1",0.25,0.25,"05","D",0.093,0.093,0,"D",0,"D",57472,"D",0,"D",-200,"D",0,"D",0,"D",0,"D",5400,"D",0,"D",26,"D",0,"D",0,"D",0,"D",7587,2337,7636.75,7536.75,2355.83,2317.64,8793.22,8793.22,57272,57272,57272.01,57272.01,0,0,0,0,0,0,0,0,57272,57272,0,0,7636.75,7536.75,7636.75,7536.75,3992,4044,26,26,0,0,0,0,0,0,0
"03391532",1,"2015","2014",0,0.153,0.153,"2",0.15,0.15,"03","D",0.0288,0.0288,2,"D",0,"D",58232,"D",0,"D",0,"D",0,"D",0,"D",0,"D",12000,"D",0,"D",0,"D",0,"D",0,"D",0,"D",4565,1146,4782.3,4347.3,1209.6,1082.97,8909.5,8909.5,58232,58232,58232.01,58232.01,0,0,0,0,0,0,0,0,58232,58232,0,0,4782.3,4347.3,4782.3,4347.3,10018,10182,1209.6,1082.97,0,0,0,0,0,0,0
"03391572",1,"2015","2014",2,0.153,0.153,"2",0.3,0.3,"0","T",0,0,0,"D",0,"D",65000,"D",65000,"D",520,"D",0,"D",0,"D",0,"D",0,"D",450,"D",0,"D",0,"D",2,"D",11384,"D",16206,0,16318.5,16093.5,0,0,19890,19890,130520,130520,0,0,974,974,0,0,0,0,0,0,130520,130520,0,0,17292.5,17067.5,17292.5,17067.5,0,0,0,0,0,0,0,0,0,0,0
"03391582",1,"2015","2014",3,0.153,0.153,"2",0.15,0.15,"0","T",0,0,0,"D",0,"D",38900,"D",45239,"D",0,"D",0,"D",0,"D",0,"D",0,"D",2900,"D",0,"D",0,"D",3,"D",7780,"D",3850,0,3890.85,3808.35,0,0,12873.27,12873.27,84139,84139,0,0,3000,3000,0,0,0,0,0,0,84139,84139,0,0,6890.85,6808.35,6890.85,6808.35,0,0,0,0,0,0,0,0,0,0,0
"03391592",1,"2015","2014",1,0.153,0.153,"3",0.1444,0.1425,"14","D",0.0375,0.05,0,"D",0,"D",24000,"D",0,"D",7551,"D",0,"D",0,"D",0,"D",0,"D",2100,"D",1017,"D",0,"D",1,"D",5664,"D",407,1088,393.99,420.46,1260.05,916.91,3672,3672,31551,31551,31551.01,31551.01,1000,1000,0,0,0,0,0,0,25887,25887,0,0,1393.99,1420.46,1393.99,1420.46,0,0,0,0,105,105,0,0,0,0,0
"03391642",1,"2015","2014",0,0.153,0.153,"1",0.1,0.1,"48","D",0,0,0,"D",0,"D",20000,"D",0,"D",-1400,"D",0,"D",0,"D",0,"D",10800,"D",0,"D",320,"D",0,"D",0,"D",0,"D",838,0,845,830,0,0,3060,3060,18600,18600,0,0,0,0,0,0,0,0,0,0,18600,18600,0,0,845,830,845,830,0,0,0,0,0,0,0,0,0,0,0
"03391662",1,"2015","2014",0,0.153,0.153,"1",0.15,0.15,"33","D",0.0645,0.0645,0,"D",0,"D",33022,"D",0,"D",0,"D",0,"D",0,"D",0,"D",13200,"D",0,"D",0,"D",0,"D",0,"D",0,"D",2962,1291,2977.05,2947.05,1297.93,1283.72,5052.37,5052.37,33022,33022,33022.01,33022.01,0,0,0,0,0,0,0,0,33022,33022,0,0,2977.05,2947.05,2977.05,2947.05,7800,7900,0,0,0,0,0,0,0,0,0
"03391662",2,"2015","2014",0,0.153,0.153,"1",0.15,0.15,"33","D",0.0657,0.0657,0,"D",0,"D",27496,"D",0,"D",0,"D",0,"D",0,"D",0,"D",0,"D",0,"D",0,"D",0,"D",0,"D",0,"D",2133,918,2148.15,2118.15,923.94,912.97,4206.89,4206.89,27496,27496,27496.01,27496.01,0,0,0,0,0,0,0,0,27496,27496,0,0,2148.15,2118.15,2148.15,2118.15,7800,7900,0,0,0,0,0,0,0,0,0
"03391672",1,"2015","2014",3,0.153,0.153,"2",0.1,0.1,"11","D",0.06,0.06,0,"D",0,"D",21000,"D",0,"D",25200,"D",0,"D",0,"D",0,"D",0,"D",500,"D",88,"D",0,"D",3,"D",4920,"D",-1618,1348,-1595,-1640,1348,1348,3213,3213,46200,46200,46200.01,46200.01,1405,1360,1595,1640,0,0,0,0,46200,46200,0,0,1405,1360,1405,1360,3000,3000,0,0,0,0,0,0,0,0,0
"03391682",1,"2015","2014",0,0.153,0.153,"1",0.15,0.15,"33","D",0.0645,0.0645,0,"D",0,"D",36000,"D",0,"D",0,"D",0,"D",0,"D",0,"D",4200,"D",0,"D",0,"D",0,"D",0,"D",0,"D",3409,1483,3423.75,3393.75,1490.01,1475.8,5508,5508,36000,36000,36000.01,36000.01,0,0,0,0,0,0,0,0,36000,36000,0,0,3423.75,3393.75,3423.75,3393.75,7800,7900,0,0,0,0,0,0,0,0,0
"03391732",1,"2015","2014",0,0.153,0.153,"2",0.15,0.15,"01","D",0.0387,0.0387,0,"D",0,"D",15000,"D",40000,"D",-1000,"D",0,"D",0,"D",0,"D",0,"D",160,"D",40,"D",0,"D",0,"D",3052,"D",4118,1891,4147.5,4087.5,1889.65,1892.65,8415,8415,54000,54000,54000.01,54000.01,0,0,0,0,0,0,0,0,54000,54000,0,0,4147.5,4087.5,4147.5,4087.5,4000,4000,7459.5,7459.5,0,0,0,0,0,0,0
"03391752",1,"2015","2014",1,0.153,0.153,"3",0.15,0.15,"03","D",0.0288,0.0288,0,"D",0,"D",54147,"D",0,"D",0,"D",0,"D",0,"D",0,"D",10200,"D",0,"D",310,"D",0,"D",1,"D",0,"D",3901,1023,3924.55,3877.05,1025.72,1020.05,8284.49,8284.49,54147,54147,54147.01,54147.01,1000,1000,0,0,0,0,0,0,54147,54147,0,0,4924.55,4877.05,4924.55,4877.05,10018,10182,1335.72,1330.05,0,0,0,0,0,0,0
"03391812",1,"2015","2014",1,0.029,0.029,"2",0.28,0.28,"02","D",0,0,0,"D",0,"D",228786,"D",0,"D",-10000,"D",0,"D",0,"D",0,"D",0,"D",8800,"D",0,"D",0,"D",1,"D",16900,"D",37874,0,37992.8,37755.3,0,0,21142.79,21328.79,218786,218786,0,0,0,0,0,0,0,0,0,0,201886,201886,0,0,37992.8,37755.3,37992.8,37755.3,0,0,0,0,0,0,0,0,0,0,0
"03391832",1,"2015","2014",0,0.153,0.153,"1",0.25,0.25,"33","D",0.0665,0.0665,0,"D",0,"D",85000,"D",0,"D",5495,"D",0,"D",0,"D",0,"D",27880,"D",0,"D",50,"D",0,"D",0,"D",0,"D",15893,5006,15942.5,15842.5,5014.71,4996.61,13005,13005,90495,90495,90495.01,90495.01,0,0,0,0,0,0,0,0,90495,90495,0,0,15942.5,15842.5,15942.5,15842.5,7800,7900,0,0,0,0,0,0,0,0,0
"03391852",1,"2015","2014",0,0,0,"1",0.1,0.1,"0","T",0,0,1,"D",1,"D",0,"D",0,"D",12000,"D",0,"D",17062,"D",0,"D",4668,"D",0,"D",0,"D",0,"D",0,"D",0,"D",23,0,30,15,0,0,0,0,12000,12000,0,0,0,0,0,0,0,0,0,0,12000,12000,0,0,30,15,30,15,0,0,0,0,0,0,0,0,0,0,0
"03391862",1,"2015","2014",0,0,0,"1",0,0,"14","D",0,0,1,"D",1,"D",0,"D",0,"D",0,"D",1545,"D",0,"D",0,"D",0,"D",500,"D",0,"D",0,"D",0,"D",2100,"D",0,0,0,0,0,0,0,0,1545,1545,0.01,0.01,0,0,0,0,0,0,0,0,1545,1545,0,0,0,0,0,0,0,0,0,0,0,0,0,0,0,0,0
"03391892",1,"2015","2014",0,0.153,0.153,"2",0.2406,0.2375,"14","D",0.0375,0.05,0,"D",0,"D",78600,"D",25209,"D",6,"D",0,"D",0,"D",0,"D",0,"D",3400,"D",839,"D",0,"D",0,"D",5408,"D",12158,4185,12077.44,12239.05,4808.25,3561.81,15882.78,15882.78,103815,103815,103815.01,103815.01,0,0,0,0,0,0,0,0,98407,98407,0,0,12077.44,12239.05,12077.44,12239.05,0,0,0,0,170,170,0,0,0,0,0
"03391892",2,"2015","2014",1,0,0,"3",-0.34,-0.34,"14","D",-0.034,-0.034,0,"D",0,"D",0,"D",0,"D",0,"D",0,"D",0,"D",0,"D",0,"D",0,"D",0,"D",0,"D",0,"D",0,"D",0,0,0,0,0,0,0,0,0,0,0.01,0.01,0,0,0,0,0,0,0,0,0,0,0,0,0,0,0,0,0,0,0,0,0,0,0,0,0,0,0
"03391922",1,"2015","2014",4,0.153,0.153,"2",0.15,0.15,"29","D",0,0,0,"D",0,"D",24848,"D",77432,"D",0,"D",0,"D",0,"D",0,"D",0,"D",5000,"D",1000,"D",0,"D",4,"D",1200,"D",4975,0,5019.5,4929.5,0,0,15648.84,15648.84,102280,102280,0,0,4000,4000,0,0,0,0,0,0,102280,102280,0,0,9019.5,8929.5,9019.5,8929.5,0,0,0,0,0,0,0,0,0,0,0
"03391962",1,"2015","2014",0,0,0,"1",0,0,"39","D",0,0,1,"D",1,"D",0,"D",0,"D",0,"D",1540,"D",19054,"D",0,"D",8160,"D",0,"D",300,"D",0,"D",0,"D",0,"D",0,0,0,0,0,0,0,0,1540,1540,0.01,0.01,0,0,0,0,0,0,0,0,1540,1540,0,0,0,0,0,0,0,0,0,0,0,0,0,0,0,0,0
"03391984",1,"2015","2014",0,0.153,0.153,"1",0.1405,0.1405,"45","D",0.063,0.063,0,"D",0,"D",25000,"D",0,"D",-2183,"D",0,"D",0,"D",0,"D",0,"D",1100,"D",390,"D",0,"D",0,"D",6776,"D",1041,585,1048.34,1034.09,587.09,582.05,3825,3825,22817,22817,22817.01,22817.01,0,0,0,0,0,0,0,0,16041,16041,0,0,1048.34,1034.09,1048.34,1034.09,0,0,0,0,0,0,0,0,0,0,0
"03391984",2,"2015","2014",0,0.153,0.153,"1",0.15,0.15,"45","D",0.063,0.063,0,"D",0,"D",23000,"D",0,"D",0,"D",0,"D",0,"D",0,"D",0,"D",0,"D",0,"D",0,"D",0,"D",0,"D",1459,717,1473.75,1443.75,722.58,711.54,3519,3519,23000,23000,23000.01,23000.01,0,0,0,0,0,0,0,0,23000,23000,0,0,1473.75,1443.75,1473.75,1443.75,0,0,0,0,0,0,0,0,0,0,0
"03392002",1,"2015","2014",0,0.153,0.153,"2",0.15,0.15,"36","D",0.0316,0.0339,0,"D",0,"D",35000,"D",40000,"D",-7990,"D",0,"D",0,"D",0,"D",0,"D",2400,"D",3,"D",0,"D",0,"D",6300,"D",6069,1554,6099,6039,1604.66,1503.51,11475,11475,67010,67010,67010.01,67010.01,0,0,0,0,0,0,0,0,67010,67010,0,0,6099,6039,6099,6039,0,0,0,0,0,0,0,0,0,0,0
"03392022",1,"2015","2014",0,0.153,0.153,"2",0.2489,0.2489,"29","D",0,0,0,"D",0,"D",75000,"D",34000,"D",0,"D",0,"D",0,"D",0,"D",0,"D",2000,"D",0,"D",0,"D",0,"D",14748,"D",12483,0,12558.24,12408.24,0,0,16677,16677,109000,109000,0,0,0,0,0,0,0,0,0,0,94252,94252,0,0,12558.24,12408.24,12558.24,12408.24,0,0,0,0,0,0,0,0,0,0,0
"03392072",1,"2015","2014",0,0.153,0.153,"1",-0.0765,-0.0765,"05","D",0,0,0,"D",0,"D",1409,"D",0,"D",0,"D",1200,"D",0,"D",0,"D",12000,"D",0,"D",150,"D",0,"D",0,"D",0,"D",-108,0,-107.79,-107.79,0,0,215.58,215.58,2609,2609,2609.01,2609.01,0,0,0,0,0,0,107.79,107.79,2609,2609,0,0,0,0,0,0,3992,4044,150,150,0,0,0,0,0,0,0
"03392082",1,"2015","2014",2,0,0,"3",-0.4,-0.4,"10","D",0,0,0,"D",0,"D",0,"D",0,"D",0,"D",0,"D",0,"D",0,"D",0,"D",0,"D",0,"D",0,"D",0,"D",20,"D",0,0,0,0,0,0,0,0,0,0,0,0,0,0,0,0,0,0,0,0,0,0,0,0,0,0,0,0,0,0,0,0,0,0,0,0,0,0,0
"03392112",1,"2015","2014",0,0.153,0.153,"1",0.15,0.15,"0","T",0,0,0,"D",0,"D",40000,"D",0,"D",-2286,"D",0,"D",0,"D",5000,"D",0,"D",1300,"D",0,"D",0,"D",0,"D",1800,"D",3666,0,3680.85,3650.85,0,0,6120,6120,37714,37714,0,0,0,0,0,0,0,0,0,0,37714,37714,0,0,3680.85,3650.85,3680.85,3650.85,0,0,0,0,0,0,0,0,0,0,0
"03392122",1,"2015","2014",2,0.153,0.153,"2",0.15,0.15,"44","D",0,0,0,"D",0,"D",26000,"D",59000,"D",-1045,"D",0,"D",0,"D",0,"D",0,"D",590,"D",0,"D",0,"D",1,"D",6772,"D",6418,0,6455.75,6380.75,0,0,13005,13005,83955,83955,0,0,1000,1000,0,0,0,0,0,0,83955,83955,0,0,7455.75,7380.75,7455.75,7380.75,0,0,0,0,0,0,0,0,0,0,0
"03392132",1,"2015","2014",0,0,0,"1",0,0,"39","D",0.0307,0.0307,1,"D",1,"D",0,"D",0,"D",16493,"D",0,"D",14115,"D",0,"D",0,"D",16180,"D",3061,"D",0,"D",0,"D",1904,"D",0,506,0,0,506.34,506.34,0,0,16493,16493,16493.01,16493.01,0,0,0,0,0,0,0,0,14589,14589,0,0,0,0,0,0,0,0,0,0,0,0,0,0,0,0,0
"03392152",1,"2015","2014",1,0.029,0.029,"2",0.25,0.25,"05","D",0.093,0.093,0,"D",0,"D",130000,"D",0,"D",0,"D",0,"D",0,"D",0,"D",20148,"D",0,"D",0,"D",0,"D",1,"D",200,"D",18044,5776,18150,17937.5,5816.07,5735.69,18278,18464,130000,130000,130000.01,130000.01,0,0,0,0,0,0,0,0,130000,130000,0,0,18150,17937.5,18150,17937.5,7984,8088,200,200,0,0,0,0,0,0,0
"03392182",1,"2015","2014",0,0.029,0.029,"2",0.325,0.325,"05","D",0.093,0.093,2,"D",1,"D",0,"D",228786,"D",0,"D",0,"D",15862,"D",0,"D",0,"D",16180,"D",0,"D",0,"D",0,"D",6252,"D",44940,13796,45186.93,44692.93,13884.5,13707.79,21142.79,21328.79,242268.7,242268.7,228786.01,228786.01,0,0,0,0,0,0,0,0,236016.7,236016.7,2485.31,2165.33,42701.62,42527.59,42701.62,42527.59,7984,8088,22432,22432,0,0,0,0,0,0,0
"03392192",1,"2015","2014",0,0.153,0.153,"1",0.1765,0.1765,"31","D",0.0369,0.0293,0,"D",0,"D",13315,"D",0,"D",0,"D",0,"D",0,"D",0,"D",15792,"D",0,"D",0,"D",0,"D",0,"D",40,"D",202,-5,218.68,185.97,2.85,-12.25,2037.19,2037.19,13315,13315,13315.01,13315.01,0,0,0,0,0,0,97.82,115.53,13315,13315,0,0,316.5,301.5,316.5,301.5,0,0,0,0,0,0,0,0,19.56,34.66,0
"03392202",1,"2015","2014",2,0.153,0.153,"3",0.3606,0.3606,"21","D",0.1528,0.1528,0,"D",0,"D",38000,"D",0,"D",0,"D",0,"D",0,"D",0,"D",12800,"D",0,"D",0,"D",0,"D",2,"D",0,"D",-1407,462,-1302.2,-1512.59,500.4,422.71,5814,5814,38000,38000,38000.01,38000.01,1910,1855,90,145,0,0,1212.2,1367.59,38000,38000,0,0,1910,1855,1910,1855,4000,4000,0,0,0,0,0,0,606.1,683.79,0
"03392202",2,"2015","2014",0,0.153,0.153,"1",0.15,0.15,"21","D",0.0475,0.0475,0,"D",0,"D",21000,"D",0,"D",0,"D",0,"D",0,"D",0,"D",0,"D",0,"D",0,"D",0,"D",0,"D",0,"D",1159,698,1173.75,1143.75,698,698,3213,3213,21000,21000,21000.01,21000.01,0,0,0,0,0,0,0,0,21000,21000,0,0,1173.75,1143.75,1173.75,1143.75,2000,2000,0,0,0,0,0,0,0,0,0
"03392202",3,"2015","2014",0,0.153,0.153,"1",0.15,0.15,"21","D",0.0475,0.0475,0,"D",0,"D",21785,"D",0,"D",0,"D",0,"D",0,"D",0,"D",0,"D",0,"D",0,"D",0,"D",0,"D",0,"D",1277,735,1291.5,1261.5,735.29,735.29,3333.1,3333.1,21785,21785,21785.01,21785.01,0,0,0,0,0,0,0,0,21785,21785,0,0,1291.5,1261.5,1291.5,1261.5,2000,2000,0,0,0,0,0,0,0,0,0
"03392212",1,"2015","2014",2,0.153,0.153,"2",0.15,0.15,"05","D",0.06,0.06,0,"D",0,"D",38000,"D",42000,"D",-6064,"D",0,"D",0,"D",0,"D",10200,"D",0,"D",270,"D",2320,"D",2,"D",0,"D",3451,726,3488.9,3413.9,747.64,704.78,12240,12240,73936,73936,73936.01,73936.01,2000,2000,0,0,464,464,0,0,73936,73936,0,0,5952.9,5877.9,5952.9,5877.9,7984,8088,270,270,0,0,157.76,157.76,0,0,0
"03392232",1,"2015","2014",4,0.153,0.153,"2",0.15,0.15,"0","T",0,0,0,"D",0,"D",65000,"D",25000,"D",19856,"D",0,"D",0,"D",0,"D",0,"D",1790,"D",344,"D",1060,"D",2,"D",0,"D",7899,0,7943.9,7853.9,0,0,13770,13770,109856,109856,0,0,2000,2000,0,0,212,212,0,0,109856,109856,0,0,10155.9,10065.9,10155.9,10065.9,0,0,0,0,0,0,0,0,0,0,0
"03392252",1,"2015","2014",2,0,0,"3",-0.4,-0.4,"05","D",0,0,0,"D",0,"D",0,"D",0,"D",0,"D",5849,"D",0,"D",0,"D",0,"D",3500,"D",130,"D",0,"D",0,"D",0,"D",0,0,0,0,0,0,0,0,5849,5849,5849.01,5849.01,0,0,0,0,0,0,0,0,5849,5849,0,0,0,0,0,0,7984,8088,3630,3630,0,0,0,0,0,0,0
"03392282",1,"2015","2014",0,0,0,"1",-0.0765,-0.0765,"34","D",0,0,0,"D",0,"D",0,"D",0,"D",0,"D",0,"D",23062,"D",0,"D",0,"D",1500,"D",0,"D",0,"D",0,"D",8796,"D",0,0,0,0,0,0,0,0,0,0,0.01,0.01,0,0,0,0,0,0,0,0,0,0,0,0,0,0,0,0,7500,7500,10296,10296,0,0,0,0,0,0,0
"03392312",1,"2015","2014",0,0.153,0.153,"1",0.23,0.23,"05","D",0.08,0.08,0,"D",0,"D",59128,"D",0,"D",0,"D",0,"D",0,"D",0,"D",0,"D",3000,"D",0,"D",0,"D",0,"D",9996,"D",5929,1740,5963.58,5894.78,1752.67,1727.9,9046.58,9046.58,59128,59128,59128.01,59128.01,0,0,0,0,0,0,0,0,49132,49132,0,0,5963.58,5894.78,5963.58,5894.78,3992,4044,12996,12996,0,0,0,0,0,0,0
"03392322",1,"2015","2014",0,0,0,"1",0,0,"14","D",0,0,1,"D",1,"D",0,"D",0,"D",0,"D",0,"D",11820,"D",0,"D",0,"D",1000,"D",0,"D",0,"D",0,"D",240,"D",0,0,0,0,0,0,0,0,0,0,0.01,0.01,0,0,0,0,0,0,0,0,0,0,0,0,0,0,0,0,0,0,0,0,0,0,0,0,0,0,0
"03392332",1,"2015","2014",3,0.153,0.153,"2",0.3,0.3,"10","D",0,0,0,"D",0,"D",60000,"D",60000,"D",0,"D",0,"D",0,"D",0,"D",0,"D",2500,"D",0,"D",0,"D",1,"D",0,"D",13056,0,13175,12937.5,0,0,18360,18360,120000,120000,0,0,500,500,0,0,0,0,0,0,120000,120000,0,0,13675,13437.5,13675,13437.5,0,0,0,0,0,0,0,0,0,0,0
"03392342",1,"2015","2014",0,0.038,0.038,"2",0.35,0.35,"44","D",0,0,1,"D",0,"D",469961,"D",0,"D",0,"D",0,"D",0,"D",0,"D",0,"D",16180,"D",3754,"D",0,"D",0,"D",5148,"D",124797,0,125091.55,124501.55,0,0,30116.52,30302.52,469961,469961,0,0,0,0,0,0,0,0,0,0,464813,464813,756.64,721.07,124334.91,123780.48,124334.91,123780.48,0,0,0,0,0,0,0,0,0,0,0
"03392372",1,"2015","2014",0,0.153,0.153,"2",0.15,0.15,"14","D",0.0375,0.05,0,"D",0,"D",9700,"D",44000,"D",-1,"D",0,"D",0,"D",0,"D",0,"D",3800,"D",270,"D",0,"D",0,"D",5004,"D",4072,1972,4102.35,4042.35,2282.45,1662.46,8216.1,8216.1,53699,53699,53699.01,53699.01,0,0,0,0,0,0,0,0,53699,53699,0,0,4102.35,4042.35,4102.35,4042.35,0,0,0,0,190,190,0,0,0,0,0
"03392382",1,"2015","2014",0,0.153,0.153,"2",0.28,0.28,"0","T",0,0,0,"D",0,"D",101200,"D",88000,"D",1000,"D",0,"D",0,"D",0,"D",0,"D",5300,"D",220,"D",0,"D",0,"D",400,"D",34679,0,34819,34539.5,0,0,28947.6,28947.6,190200,190200,0,0,0,0,0,0,0,0,0,0,190200,190200,0,0,34819,34539.5,34819,34539.5,0,0,0,0,0,0,0,0,0,0,0
"03392382",2,"2015","2014",0,0.153,0.153,"1",0.15,0.15,"0","T",0,0,0,"D",0,"D",24000,"D",0,"D",0,"D",0,"D",0,"D",0,"D",0,"D",0,"D",0,"D",0,"D",0,"D",0,"D",1609,0,1623.75,1593.75,0,0,3672,3672,24000,24000,0,0,0,0,0,0,0,0,0,0,24000,24000,0,0,1623.75,1593.75,1623.75,1593.75,0,0,0,0,0,0,0,0,0,0,0
"03392432",1,"2015","2014",2,0,0,"3",0,-0.6237,"44","D",0,0,0,"D",0,"D",0,"D",0,"D",24000,"D",0,"D",0,"D",0,"D",0,"D",3600,"D",100,"D",0,"D",0,"D",8348,"D",5,0,10.2,0,0,0,0,0,24000,24000,0,0,0,0,0,0,0,0,0,0,15652,15652,0,0,10.2,0,10.2,0,0,0,0,0,0,0,0,0,0,0,0
"03392442",1,"2015","2014",2,0.153,0.153,"2",0.2106,0.2106,"14","D",0.0586,0.0711,0,"D",0,"D",26000,"D",2160,"D",0,"D",0,"D",0,"D",0,"D",0,"D",2000,"D",650,"D",0,"D",1,"D",2244,"D",-5513,307,-5428.06,-5598.19,440.19,173.68,4308.48,4308.48,28160,28160,28160.01,28160.01,0,0,1000,1000,0,0,4428.06,4598.19,28160,28160,0,0,0,0,0,0,0,0,0,0,100,100,0,0,442.81,459.82,0
"03392462",1,"2015","2014",3,0.153,0.153,"2",0.2856,0.2855,"34","D",0.0575,0.058,0,"D",0,"D",65000,"D",25000,"D",2146,"D",60799,"D",0,"D",0,"D",0,"D",1200,"D",0,"D",0,"D",3,"D",10460,"D",19158,7966,19243.3,19073.04,8000.81,7931.84,13770,13770,152945,152945,152945.01,152945.01,852.75,852.75,0,0,0,0,0,0,142485,142485,0,0,20096.05,19925.79,20096.05,19925.79,15000,15000,11660,11660,0,0,0,0,0,0,0
"03392472",1,"2015","2014",1,0.153,0.153,"2",0.149,0.149,"10","D",0,0,0,"D",0,"D",85000,"D",0,"D",0,"D",0,"D",0,"D",0,"D",0,"D",2500,"D",1500,"D",0,"D",1,"D",10832,"D",6679,0,6697.94,6660.44,0,0,13005,13005,85000,85000,0,0,1000,1000,0,0,0,0,0,0,74168,74168,0,0,7697.94,7660.44,7697.94,7660.44,0,0,0,0,0,0,0,0,0,0,0
"03392502",1,"2015","2014",0,0.153,0.153,"2",0.15,0.15,"33","D",0.059,0.059,0,"D",0,"D",23048,"D",25492,"D",0,"D",0,"D",0,"D",0,"D",28936,"D",2700,"D",0,"D",0,"D",0,"D",0,"D",3299,1500,3328.5,3268.5,1510.99,1489.04,7426.62,7426.62,48540,48540,48540.01,48540.01,0,0,0,0,0,0,0,0,48540,48540,0,0,3328.5,3268.5,3328.5,3268.5,15650,15850,0,0,0,0,0,0,0,0,0
"03392502",2,"2015","2014",0,0.153,0.153,"1",0,0,"33","D",0.04,0.04,0,"D",0,"D",8012,"D",0,"D",0,"D",0,"D",0,"D",0,"D",0,"D",0,"D",0,"D",0,"D",0,"D",0,"D",-500,-143,-496,-503,-140.32,-146.42,1225.84,1225.84,8012,8012,8012.01,8012.01,0,0,0,0,0,0,496,503,8012,8012,0,0,0,0,0,0,7800,7900,0,0,0,0,0,0,140.32,146.42,0
"03392502",3,"2015","2014",0,0.153,0.153,"1",0.1,0.1,"33","D",0.0454,0.0454,0,"D",0,"D",19125,"D",0,"D",0,"D",0,"D",0,"D",0,"D",0,"D",0,"D",0,"D",0,"D",0,"D",0,"D",890,420,897.5,882.5,422.79,417.31,2926.12,2926.12,19125,19125,19125.01,19125.01,0,0,0,0,0,0,0,0,19125,19125,0,0,897.5,882.5,897.5,882.5,7800,7900,0,0,0,0,0,0,0,0,0
"03392532",1,"2015","2014",1,0.153,0.153,"3",0.15,0.1425,"14","D",0.0375,0.05,0,"D",0,"D",47314,"D",0,"D",118,"D",0,"D",0,"D",0,"D",0,"D",2000,"D",62,"D",0,"D",0,"D",5192,"D",3878,1788,3885.33,3869.8,2059.1,1517.45,7239.04,7239.04,47432,47432,47432.01,47432.01,0,0,0,0,0,0,0,0,42240,47432,0,0,3885.34,3869.8,3885.33,3869.8,0,0,0,0,100,100,0,0,0,0,0
"03392543",1,"2015","2014",0,0.153,0.153,"1",0.15,0.15,"07","D",0.0425,0.0425,0,"D",0,"D",28000,"D",0,"D",0,"D",0,"D",0,"D",0,"D",6900,"D",0,"D",0,"D",0,"D",0,"D",0,"D",2209,404,2223.75,2193.75,403.75,403.75,4284,4284,28000,28000,28000.01,28000.01,0,0,0,0,0,0,0,0,28000,28000,0,0,2223.75,2193.75,2223.75,2193.75,0,0,0,0,0,0,0,0,0,0,0
"03392552",1,"2015","2014",3,0.153,0.153,"3",-0.45,-0.45,"34","D",0,0,0,"D",0,"D",11053,"D",0,"D",0,"D",0,"D",0,"D",0,"D",12000,"D",0,"D",10,"D",0,"D",1,"D",0,"D",-5974,0,-5973.85,-5973.85,0,0,1691.11,1691.11,11053,11053,11053.01,11053.01,0,0,1000,1000,0,0,4973.85,4973.85,11053,11053,0,0,0,0,0,0,12000,12000,0,0,0,0,0,0,0,0,0
"03392562",1,"2015","2014",0,0.153,0.153,"2",0.15,0.15,"0","T",0,0,0,"D",0,"D",35900,"D",30366,"D",0,"D",0,"D",0,"D",0,"D",5600,"D",0,"D",0,"D",0,"D",0,"D",0,"D",5957,0,5987.4,5927.4,0,0,10138.7,10138.7,66266,66266,0,0,0,0,0,0,0,0,0,0,66266,66266,0,0,5987.4,5927.4,5987.4,5927.4,0,0,0,0,0,0,0,0,0,0,0
"03392622",1,"2015","2014",0,0.029,0.029,"2",0.28,0.28,"05","D",0.093,0.093,0,"D",0,"D",0,"D",120000,"D",41074,"D",0,"D",14662,"D",0,"D",27600,"D",0,"D",1440,"D",0,"D",0,"D",0,"D",30014,9001,30153.28,29873.78,9038.95,8962.57,17988,18174,173536.7,173536.7,161074.01,161074.01,0,0,0,0,0,0,0,0,173536.7,173536.7,0,0,30153.28,29873.78,30153.28,29873.78,7984,8088,1440,1440,0,0,0,0,0,0,0
"03392632",1,"2015","2014",0,0.153,0.153,"1",0,0,"05","D",0,0,1,"D",1,"D",9687,"D",0,"D",0,"D",0,"D",0,"D",0,"D",0,"D",6000,"D",0,"D",0,"D",0,"D",0,"D",0,0,0,0,0,0,1482.11,1482.11,9687,9687,9687.01,9687.01,0,0,0,0,0,0,0,0,9687,9687,0,0,0,0,0,0,3992,4044,6000,6000,0,0,0,0,0,0,0
"03392642",1,"2015","2014",0,0.153,0.153,"1",0.1395,0.1395,"50","D",0.0702,0.0702,0,"D",0,"D",50000,"D",0,"D",0,"D",0,"D",0,"D",0,"D",0,"D",3100,"D",0,"D",0,"D",0,"D",4416,"D",5001,2121,5006.83,4994.46,2130.12,2112.6,7650,7650,50000,50000,50000.01,50000.01,0,0,0,0,0,0,0,0,45584,45584,0,0,5006.83,4994.46,5006.83,4994.46,5844,6043.65,4416,4416,0,0,0,0,0,0,0
"03392642",2,"2015","2014",0,0.153,0.153,"1",0.25,0.25,"50","D",0.0702,0.0702,0,"D",0,"D",56034,"D",0,"D",0,"D",0,"D",0,"D",0,"D",0,"D",0,"D",0,"D",0,"D",0,"D",0,"D",7277,2845,7327.25,7227.25,2853.85,2836.33,8573.2,8573.2,56034,56034,56034.01,56034.01,0,0,0,0,0,0,0,0,56034,56034,0,0,7327.25,7227.25,7327.25,7227.25,5119.92,5319.57,0,0,0,0,0,0,0,0,0
"03392692",1,"2015","2014",0,0,0,"1",-0.0765,-0.0765,"44","D",0,0,0,"D",0,"D",0,"D",0,"D",0,"D",0,"D",0,"D",0,"D",0,"D",310,"D",0,"D",0,"D",0,"D",13704,"D",0,0,0,0,0,0,0,0,0,0,0,0,0,0,0,0,0,0,0,0,0,0,0,0,0,0,0,0,0,0,0,0,0,0,0,0,0,0,0
"03392712",1,"2015","2014",1,0.153,0.153,"3",0.1448,0.1445,"36","D",0.0346,0.037,0,"D",0,"D",67566,"D",0,"D",0,"D",0,"D",0,"D",0,"D",0,"D",7300,"D",77,"D",0,"D",0,"D",5676,"D",6070,1747,6073.92,6065.97,1803.51,1689.83,10337.6,10337.6,67566,67566,67566.01,67566.01,0,0,0,0,0,0,0,0,61890,61890,0,0,6073.92,6065.98,6073.92,6065.97,0,0,0,0,0,0,0,0,0,0,0
"03392742",1,"2015","2014",0,0.153,0.153,"1",0.15,0.15,"21","D",0.0475,0.0475,0,"D",0,"D",25074,"D",0,"D",0,"D",0,"D",0,"D",0,"D",9600,"D",0,"D",0,"D",0,"D",0,"D",0,"D",1770,892,1784.85,1754.85,891.52,891.52,3836.32,3836.32,25074,25074,25074.01,25074.01,0,0,0,0,0,0,0,0,25074,25074,0,0,1784.85,1754.85,1784.85,1754.85,2000,2000,0,0,0,0,0,0,0,0,0
"03392752",1,"2015","2014",0,0,0,"1",0.225,0.225,"34","D",0.0575,0.058,1,"D",1,"D",0,"D",0,"D",6338,"D",13878,"D",18442,"D",0,"D",0,"D",3000,"D",0,"D",0,"D",0,"D",0,"D",1141,734,1156.43,1126.43,737.53,731.17,0,0,22434.5,22434.5,20216.01,20216.01,0,0,0,0,0,0,0,0,22434.5,22434.5,0,0,1156.43,1126.43,1156.43,1126.43,7500,7500,3000,3000,0,0,0,0,0,0,0
"03392772",1,"2015","2014",0,0,0,"1",-0.0765,-0.0765,"39","D",0,0,0,"D",0,"D",0,"D",0,"D",586,"D",0,"D",0,"D",0,"D",0,"D",4500,"D",12,"D",0,"D",0,"D",1680,"D",0,0,0,0,0,0,0,0,586,586,586.01,586.01,0,0,0,0,0,0,0,0,586,586,0,0,0,0,0,0,0,0,0,0,0,0,0,0,0,0,0
"03392843",1,"2015","2014",0,0.153,0.153,"2",0.1455,0.1451,"36","D",0.0301,0.0324,0,"D",0,"D",40000,"D",20000,"D",1467,"D",0,"D",34052,"D",0,"D",0,"D",4000,"D",1500,"D",0,"D",0,"D",8820,"D",9100,1375,9108.15,9091.58,1420.17,1330.65,9180,9180,90411.2,90411.2,61467.01,61467.01,0,0,0,0,0,0,0,0,81591.2,81591.2,0,0,9108.15,9091.58,9108.15,9091.58,0,0,0,0,0,0,0,0,0,0,0
"03392862",1,"2015","2014",0,0,0,"1",0.15,0.15,"33","D",0.06,0.06,0,"D",0,"D",0,"D",0,"D",2365,"D",21032,"D",0,"D",0,"D",18000,"D",0,"D",0,"D",0,"D",0,"D",560,"D",1518,658,1533.3,1503.3,663.86,652.89,0,0,23397,23397,23397.01,23397.01,0,0,0,0,0,0,0,0,23397,23397,0,0,1533.3,1503.3,1533.3,1503.3,7800,7900,0,0,0,0,0,0,0,0,0
"03392872",1,"2015","2014",2,0.0627,0.0627,"2",0.35,0.35,"05","D",0.093,0.093,0,"D",0,"D",60000,"D",241175,"D",66,"D",0,"D",0,"D",0,"D",0,"D",8000,"D",100,"D",0,"D",1,"D",20828,"D",60259,19423,60554.06,59964.06,19460.69,19385.98,31142.65,31328.65,301241,301241,301241.01,301241.01,0,0,0,0,0,0,0,0,280413,280413,6419.79,6246.63,54131.76,53714.92,54131.76,53714.92,7984,8088,28928,28928,0,0,0,0,0,0,0
"03392892",1,"2015","2014",0,0.153,0.153,"1",0.2267,0.2267,"05","D",0.093,0.093,0,"D",0,"D",62853,"D",0,"D",7800,"D",20400,"D",0,"D",0,"D",23400,"D",0,"D",3524,"D",0,"D",0,"D",0,"D",15344,5478,15376.63,15311.18,5497.46,5459.27,9616.51,9616.51,91053,91053,91053.01,91053.01,0,0,0,0,0,0,0,0,91053,91053,0,0,15376.63,15311.18,15376.63,15311.18,3992,4044,3524,3524,0,0,0,0,0,0,0
"03392892",2,"2015","2014",0,0.153,0.153,"1",0.25,0.25,"05","D",0.093,0.093,0,"D",0,"D",58149,"D",0,"D",0,"D",0,"D",0,"D",0,"D",0,"D",0,"D",0,"D",0,"D",0,"D",0,"D",7806,2418,7856,7756,2437.39,2399.2,8896.8,8896.8,58149,58149,58149.01,58149.01,0,0,0,0,0,0,0,0,58149,58149,0,0,7856,7756,7856,7756,3992,4044,0,0,0,0,0,0,0,0,0
"03392892",3,"2015","2014",0,0.153,0.153,"1",0.25,0.25,"05","D",0.093,0.093,0,"D",0,"D",78626,"D",0,"D",0,"D",0,"D",0,"D",0,"D",0,"D",0,"D",0,"D",0,"D",0,"D",0,"D",12925,4323,12975.25,12875.25,4341.75,4303.56,12029.78,12029.78,78626,78626,78626.01,78626.01,0,0,0,0,0,0,0,0,78626,78626,0,0,12975.25,12875.25,12975.25,12875.25,3992,4044,0,0,0,0,0,0,0,0,0
"03392952",1,"2015","2014",0,0.153,0.153,"2",0.2305,0.2583,"33","D",0.078,0.0777,1,"D",1,"D",80000,"D",0,"D",20000,"D",72000,"D",4126,"D",0,"D",0,"D",8500,"D",325,"D",0,"D",0,"D",0,"D",29163,8748,29249.95,29076.75,8771.55,8725.12,12240,12240,175507.1,175507.1,152000.01,152000.01,0,0,0,0,0,0,0,0,175507.1,175507.1,0,0,29249.95,29076.75,29249.95,29076.75,15650,15850,8825,8825,0,0,0,0,0,0,0
"03392962",1,"2015","2014",0,0.153,0.153,"1",0,0,"22","D",0.0476,0.048,1,"D",1,"D",9000,"D",0,"D",0,"D",0,"D",23254,"D",0,"D",14160,"D",0,"D",164,"D",0,"D",0,"D",0,"D",0,11,0,0,11,10.89,1377,1377,9000,9000,9000.01,9000.01,0,0,0,0,0,0,0,0,9000,9000,0,0,0,0,0,0,0,0,0,0,0,0,0,0,0,0,0
"03393002",1,"2015","2014",0,0,0,"1",0,0,"18","D",0,0,1,"D",1,"D",0,"D",0,"D",0,"D",754,"D",9710,"D",0,"D",0,"D",0,"D",50,"D",0,"D",0,"D",120,"D",0,0,0,0,0,0,0,0,754,754,0.01,0.01,0,0,0,0,0,0,0,0,754,754,0,0,0,0,0,0,2400,2440,170,170,0,0,0,0,0,0,0
"03393012",1,"2015","2014",0,0.153,0.153,"1",0.2481,0.2481,"48","D",0,0,0,"D",0,"D",54000,"D",0,"D",1240,"D",0,"D",0,"D",0,"D",0,"D",1400,"D",150,"D",0,"D",0,"D",7640,"D",6174,0,6211.67,6136.67,0,0,8262,8262,55240,55240,0,0,0,0,0,0,0,0,0,0,47600,47600,0,0,6211.67,6136.67,6211.67,6136.67,0,0,0,0,0,0,0,0,0,0,0
"03393012",2,"2015","2014",0,0.153,0.153,"1",0.15,0.15,"48","D",0,0,0,"D",0,"D",22000,"D",0,"D",0,"D",7236,"D",0,"D",0,"D",0,"D",0,"D",0,"D",0,"D",0,"D",0,"D",2394,0,2409.15,2379.15,0,0,3366,3366,29236,29236,0,0,0,0,0,0,0,0,0,0,29236,29236,0,0,2409.15,2379.15,2409.15,2379.15,0,0,0,0,0,0,0,0,0,0,0
"03393022",1,"2015","2014",2,0.153,0.153,"2",0.0991,0.0991,"05","D",0,0,0,"D",0,"D",0,"D",56861,"D",0,"D",0,"D",0,"D",0,"D",0,"D",7000,"D",0,"D",0,"D",1,"D",16388,"D",670,0,679.58,659.58,0,0,8699.73,8699.73,56861,56861,56861.01,56861.01,1000,1000,0,0,0,0,0,0,40473,40473,0,0,1679.58,1659.58,1679.58,1659.58,7984,8088,23388,23388,0,0,0,0,0,0,0
"03393032",1,"2015","2014",2,0.153,0.153,"2",0.1431,0.1431,"06","D",0.0463,0.0463,0,"D",0,"D",57000,"D",45000,"D",0,"D",0,"D",0,"D",0,"D",0,"D",1700,"D",150,"D",0,"D",0,"D",9428,"D",9792,3443,9810.47,9773.16,3468.89,3417.63,15606,15606,102000,102000,0,0,0,0,0,0,0,0,0,0,92572,92572,0,0,9810.47,9773.16,9810.47,9773.16,0,0,0,0,0,0,0,0,0,0,0
"03393032",2,"2015","2014",2,0,0,"3",-0.4,-0.4,"06","D",-0.04,0,0,"D",0,"D",0,"D",0,"D",0,"D",0,"D",0,"D",0,"D",0,"D",0,"D",0,"D",0,"D",0,"D",0,"D",0,-7,0,0,0,-13,0,0,0,0,0,0,0,0,0,0,0,0,0,0,0,0,0,0,0,0,0,0,0,0,0,0,0,0,0,0,0,0,0
"03393042",1,"2015","2014",0,0,0,"1",0,0,"38","D",0.07,0.07,0,"D",0,"D",0,"D",0,"D",6428,"D",0,"D",0,"D",0,"D",12720,"D",0,"D",643,"D",0,"D",0,"D",98,"D",0,42,0,0,44.87,38.81,0,0,6428,6428,6428.01,6428.01,0,0,0,0,0,0,0,0,6428,6428,0,0,0,0,0,0,2115.6,2144.96,741,741,0,0,0,0,0,0,0
"03393102",1,"2015","2014",2,0.153,0.153,"2",0.188,0.188,"05","D",0.08,0.08,0,"D",0,"D",90000,"D",33000,"D",-9000,"D",0,"D",0,"D",0,"D",0,"D",4400,"D",0,"D",0,"D",2,"D",21820,"D",7699,2452,7717.41,7681.04,2480.61,2423.08,18819,18819,114000,114000,114000.01,114000.01,1800,1800,0,0,0,0,0,0,92180,92180,0,0,9517.41,9481.04,9517.41,9481.04,7984,8088,26220,26220,0,0,0,0,0,0,0
"03393122",1,"2015","2014",0,0,0,"1",0,0,"12","D",0.055,0.055,0,"D",0,"D",0,"D",0,"D",9491,"D",0,"D",0,"D",0,"D",16500,"D",0,"D",0,"D",0,"D",0,"D",0,"D",0,59,0,0,59.49,59.49,0,0,9491,9491,9491.01,9491.01,0,0,0,0,0,0,0,0,9491,9491,0,0,0,0,0,0,2200,2200,59.49,59.49,0,0,0,0,0,0,0
"03393132",1,"2015","2014",0,0,0,"1",-0.0765,-0.0765,"22","D",-0.0115,-0.0115,0,"D",0,"D",0,"D",0,"D",0,"D",0,"D",8400,"D",0,"D",3000,"D",0,"D",3,"D",0,"D",0,"D",0,"D",0,0,0,0,0,0,0,0,0,0,0.01,0.01,0,0,0,0,0,0,0,0,0,0,0,0,0,0,0,0,0,0,0,0,0,0,0,0,0,0,0
"03393142",1,"2015","2014",2,0.153,0.153,"3",0.15,0.15,"23","D",0.0425,0.0425,0,"D",0,"D",64500,"D",0,"D",0,"D",0,"D",0,"D",0,"D",10200,"D",0,"D",300,"D",0,"D",2,"D",0,"D",3858,2231,3885,3830,2231.25,2231.25,9868.5,9868.5,64500,64500,64500.01,64500.01,2000,2000,0,0,0,0,0,0,64500,64500,0,0,5885,5830,5885,5830,0,0,0,0,0,0,0,0,0,0,0
"03393162",1,"2015","2014",1,0.153,0.153,"3",0.3098,0.3098,"07","D",0.0649,0.0649,0,"D",0,"D",34049,"D",0,"D",0,"D",0,"D",0,"D",0,"D",4800,"D",0,"D",0,"D",0,"D",1,"D",0,"D",120,105,196.65,44.01,119.9,90.99,5209.5,5209.5,34049,34049,34049.01,34049.01,1000,1000,0,0,0,0,713.2,818.34,34049,34049,0,0,1909.85,1862.35,1909.85,1862.35,0,0,0,0,0,0,0,0,196.13,225.04,0
"03393172",1,"2015","2014",0,0,0,"1",0,0,"06","D",0,0,1,"D",1,"D",0,"D",0,"D",7771,"D",0,"D",16556,"D",0,"D",43356,"D",0,"D",10,"D",0,"D",0,"D",480,"D",0,-7,0,0,0,-13,0,0,7771,7771,0,0,0,0,0,0,0,0,0,0,7771,7771,0,0,0,0,0,0,0,0,0,0,0,0,0,0,0,0,0
"03393182",1,"2015","2014",0,0.153,0.153,"2",0.25,0.237,"22","D",0.0515,0.052,2,"D",1,"D",52000,"D",52000,"D",33500,"D",0,"D",8518,"D",0,"D",0,"D",6300,"D",1705,"D",0,"D",0,"D",0,"D",22153,6399,22309.33,21997.58,6448,6349.95,15912,15912,144740.3,144740.3,137500.01,137500.01,0,0,0,0,0,0,0,0,144740.3,144740.3,0,0,22309.33,21997.58,22309.33,21997.58,0,0,0,0,0,0,0,0,0,0,0
"03393202",1,"2015","2014",0,0,0,"1",0.15,0.15,"05","D",0.06,0.06,1,"D",1,"D",0,"D",0,"D",0,"D",33884,"D",0,"D",0,"D",0,"D",1700,"D",0,"D",0,"D",0,"D",0,"D",2859,543,2873.85,2843.85,552.66,534.23,0,0,33884,33884,33884.01,33884.01,0,0,0,0,0,0,0,0,33884,33884,0,0,2873.85,2843.85,2873.85,2843.85,3992,4044,1700,1700,0,0,0,0,0,0,0
"03393232",1,"2015","2014",0,0.153,0.153,"1",0.15,0.15,"33","D",0.0645,0.0645,0,"D",0,"D",37500,"D",0,"D",0,"D",0,"D",0,"D",0,"D",29400,"D",0,"D",0,"D",0,"D",0,"D",0,"D",3634,1580,3648.75,3618.75,1586.76,1572.55,5737.5,5737.5,37500,37500,37500.01,37500.01,0,0,0,0,0,0,0,0,37500,37500,0,0,3648.75,3618.75,3648.75,3618.75,7800,7900,0,0,0,0,0,0,0,0,0
"03393232",2,"2015","2014",0,0.153,0.153,"1",0.15,0.15,"33","D",0.0645,0.0645,0,"D",0,"D",30000,"D",0,"D",0,"D",0,"D",0,"D",0,"D",0,"D",0,"D",0,"D",0,"D",0,"D",0,"D",2509,1096,2523.75,2493.75,1103.01,1088.8,4590,4590,30000,30000,30000.01,30000.01,0,0,0,0,0,0,0,0,30000,30000,0,0,2523.75,2493.75,2523.75,2493.75,7800,7900,0,0,0,0,0,0,0,0,0
"03393232",3,"2015","2014",1,0,0,"3",-0.34,-0.34,"33","D",-0.102,-0.102,0,"D",0,"D",0,"D",0,"D",0,"D",0,"D",0,"D",0,"D",0,"D",0,"D",0,"D",0,"D",0,"D",0,"D",0,-100,0,0,-100,-100,0,0,0,0,0.01,0.01,0,0,0,0,0,0,0,0,0,0,0,0,0,0,0,0,10950,11100,0,0,0,0,0,0,0,0,0
"03393242",1,"2015","2014",0,0,0,"1",0.2775,0.2775,"05","D",0.04,0.04,1,"D",1,"D",0,"D",0,"D",0,"D",25099,"D",26974,"D",0,"D",0,"D",3900,"D",0,"D",0,"D",0,"D",0,"D",2801,178,2815.82,2785.82,183.34,173.49,0,0,33497.1,33497.1,25099.01,25099.01,0,0,0,0,0,0,0,0,33497.1,33497.1,0,0,2815.82,2785.82,2815.82,2785.82,3992,4044,3900,3900,0,0,0,0,0,0,0
"03393252",1,"2015","2014",0,0.153,0.153,"2",0.2394,0.2394,"23","D",0.0425,0.0425,0,"D",0,"D",85211,"D",79000,"D",-1200,"D",0,"D",0,"D",0,"D",0,"D",1500,"D",765,"D",0,"D",0,"D",3928,"D",27220,6588,27295.01,27145.01,6587.97,6587.97,25124.28,25124.28,163011,163011,163011.01,163011.01,0,0,0,0,0,0,0,0,159083,159083,0,0,27295.01,27145.01,27295.01,27145.01,0,0,0,0,0,0,0,0,0,0,0
"03393262",1,"2015","2014",0,0,0,"1",-0.0765,-0.0765,"28","D",-0.0077,-0.0077,0,"D",0,"D",0,"D",0,"D",0,"D",0,"D",0,"D",0,"D",5400,"D",0,"D",0,"D",0,"D",0,"D",0,"D",0,0,0,0,0,0,0,0,0,0,0.01,0.01,0,0,0,0,0,0,0,0,0,0,0,0,0,0,0,0,6200,6300,0,0,0,0,0,0,0,0,0
"03393282",1,"2015","2014",2,0,0,"3",-0.4,-0.4,"15","D",0,0,0,"D",0,"D",0,"D",0,"D",0,"D",300,"D",0,"D",0,"D",0,"D",300,"D",30,"D",0,"D",0,"D",1922,"D",0,0,0,0,0,0,0,0,300,300,300.01,300.01,0,0,0,0,0,0,0,0,300,300,0,0,0,0,0,0,0,0,0,0,0,0,0,0,0,0,0
"03393292",1,"2015","2014",0,0,0,"1",0,0,"05","D",0,0,1,"D",1,"D",0,"D",0,"D",0,"D",3002,"D",28942,"D",0,"D",0,"D",1900,"D",468,"D",0,"D",0,"D",120,"D",0,0,0,0,0,0,0,0,3002,3002,3002.01,3002.01,0,0,0,0,0,0,0,0,3002,3002,0,0,0,0,0,0,3992,4044,2488,2488,0,0,0,0,0,0,0
"03393312",1,"2015","2014",0,0.153,0.153,"2",0.1451,0.1451,"19","D",0.0329,0.0329,0,"D",0,"D",100224,"D",0,"D",3000,"D",0,"D",0,"D",0,"D",0,"D",25314,"D",1964,"D",0,"D",0,"D",1200,"D",8750,2365,8765.69,8734.36,2360.89,2369.79,15334.27,15334.27,103224,103224,103224.01,103224.01,0,0,0,0,0,0,0,0,102024,102024,0,0,8765.69,8734.36,8765.69,8734.36,0,0,0,0,0,0,0,0,0,0,0
"03393322",1,"2015","2014",0,0.153,0.153,"2",0.15,0.15,"0","T",0,0,0,"D",0,"D",28600,"D",26000,"D",0,"D",0,"D",0,"D",0,"D",0,"D",1500,"D",200,"D",0,"D",0,"D",0,"D",4208,0,4237.5,4177.5,0,0,8353.8,8353.8,54600,54600,0,0,0,0,0,0,0,0,0,0,54600,54600,0,0,4237.5,4177.5,4237.5,4177.5,0,0,0,0,0,0,0,0,0,0,0
"03393342",1,"2015","2014",0,0.029,0.029,"2",0.325,0.325,"33","D",0.0665,0.0665,0,"D",0,"D",0,"D",228786,"D",0,"D",0,"D",0,"D",0,"D",0,"D",9900,"D",0,"D",0,"D",0,"D",0,"D",42590,14167,42836.95,42342.95,14173.54,14160.24,21142.79,21328.79,228786,228786,228786.01,228786.01,0,0,0,0,0,0,0,0,228786,228786,482.46,208.24,42354.49,42134.71,42354.49,42134.71,15650,15850,8475.09,8475.09,0,0,0,0,0,0,0
"03393342",2,"2015","2014",0,0.153,0.153,"1",0.25,0.25,"33","D",0.0665,0.0665,1,"D",1,"D",100000,"D",0,"D",0,"D",0,"D",0,"D",0,"D",0,"D",0,"D",0,"D",0,"D",0,"D",0,"D",17881,5638,17931.25,17831.25,5646.79,5628.7,15300,15300,100000,100000,100000.01,100000.01,0,0,0,0,0,0,0,0,100000,100000,0,0,17931.25,17831.25,17931.25,17831.25,7800,7900,0,0,0,0,0,0,0,0,0
"03393422",1,"2015","2014",2,0,0,"3",0.1429,0.1429,"21","D",0.0475,0.0475,0,"D",0,"D",0,"D",0,"D",71151,"D",2000,"D",0,"D",0,"D",0,"D",0,"D",19084,"D",0,"D",0,"D",20096,"D",2489,1105,2504.88,2472.38,1105.12,1105.12,0,0,73151,73151,73151.01,73151.01,0,0,0,0,0,0,0,0,53055,53055,0,0,2504.88,2472.38,2504.88,2472.38,4000,4000,39180,39180,0,0,0,0,0,0,0
"03393442",1,"2015","2014",0,0.153,0.153,"2",0.15,0.15,"14","D",0.0375,0.05,0,"D",0,"D",24147,"D",33701,"D",0,"D",0,"D",0,"D",0,"D",0,"D",0,"D",1440,"D",0,"D",0,"D",0,"D",4695,2344,4724.7,4664.7,2679.9,2008.05,8850.74,8850.74,57848,57848,57848.01,57848.01,0,0,0,0,0,0,0,0,57848,57848,0,0,4724.7,4664.7,4724.7,4664.7,0,0,0,0,0,0,0,0,0,0,0
"03393452",1,"2015","2014",0,0.153,0.153,"1",0.2356,0.2355,"34","D",0.0575,0.058,0,"D",0,"D",20000,"D",0,"D",67747,"D",0,"D",0,"D",0,"D",0,"D",1800,"D",888,"D",0,"D",0,"D",4388,"D",13840,4634,13872.92,13807.95,4654.33,4614.2,3060,3060,87747,87747,87747.01,87747.01,0,0,0,0,0,0,0,0,83359,83359,0,0,13872.92,13807.95,13872.92,13807.95,7500,7500,6188,6188,0,0,0,0,0,0,0
"03393492",1,"2015","2014",3,0.153,0.153,"3",0.2106,0.2106,"10","D",0,0,0,"D",0,"D",23100,"D",0,"D",0,"D",0,"D",0,"D",0,"D",13800,"D",0,"D",133,"D",0,"D",1,"D",0,"D",-6116,0,-6033.14,-6199.53,0,0,3534.3,3534.3,23100,23100,0,0,0,0,1000,1000,0,0,5033.14,5199.53,23100,23100,0,0,0,0,0,0,0,0,0,0,0,0,0,0,0,0,0
"03393492",2,"2015","2014",3,0,0,"3",-0.45,-0.45,"10","D",0,0,0,"D",0,"D",0,"D",0,"D",0,"D",0,"D",0,"D",0,"D",0,"D",0,"D",0,"D",0,"D",1,"D",0,"D",0,0,0,0,0,0,0,0,0,0,0,0,0,0,0,0,0,0,0,0,0,0,0,0,0,0,0,0,0,0,0,0,0,0,0,0,0,0,0
"03393502",1,"2015","2014",1,0.153,0.153,"2",0.2394,0.2394,"23","D",0.0425,0.0425,0,"D",0,"D",96124,"D",41068,"D",0,"D",0,"D",0,"D",0,"D",0,"D",4000,"D",4,"D",0,"D",0,"D",10828,"D",17929,5321,18009.84,17847.34,5320.66,5320.66,20990.38,20990.38,137192,137192,137192.01,137192.01,0,0,0,0,0,0,0,0,126364,126364,0,0,18009.84,17847.34,18009.84,17847.34,0,0,0,0,0,0,0,0,0,0,0
"03393532",1,"2015","2014",0,0,0,"2",0.2415,0.2415,"01","D",0.0341,0.0341,0,"D",0,"D",0,"D",0,"D",0,"D",96696,"D",24000,"D",0,"D",0,"D",1200,"D",1100,"D",0,"D",0,"D",9272,"D",15227,3265,15303.37,15151.47,3261.03,3268.63,0,0,117096,117096,96696.01,96696.01,0,0,0,0,0,0,0,0,107824,107824,0,0,15303.37,15151.47,15303.37,15151.47,4000,4000,11572,11572,0,0,0,0,0,0,0
"03393542",1,"2015","2014",0,0.153,0.153,"2",0.15,0.15,"36","D",0.0297,0.0317,1,"D",0,"D",44124,"D",0,"D",1,"D",0,"D",6252,"D",0,"D",0,"D",1800,"D",654,"D",0,"D",0,"D",2916,"D",3340,890,3463.38,3215.88,944.47,834.92,6750.97,6750.97,49439.2,49439.2,44125.01,44125.01,0,0,0,0,0,0,0,0,49439.2,49439.2,0,0,3463.38,3215.88,3463.38,3215.88,0,0,0,0,0,0,0,0,0,0,0
"03393552",1,"2015","2014",1,0.153,0.153,"3",0.1403,0.1403,"33","D",0.0645,0.0645,0,"D",0,"D",55000,"D",0,"D",-2317,"D",0,"D",0,"D",0,"D",0,"D",5000,"D",120,"D",0,"D",1,"D",5880,"D",3165,1617,3149.84,3180.06,1800.72,1432.62,8415,8415,52683,52683,52683.01,52683.01,1000,1000,0,0,0,0,0,0,46803,46803,0,0,4149.84,4180.06,4149.84,4180.06,10950,11100,11000,11000,0,0,0,0,0,0,0
"03393552",2,"2015","2014",0,0.153,0.153,"1",0.15,0.15,"33","D",0.0645,0.0645,0,"D",0,"D",42000,"D",0,"D",-1750,"D",0,"D",0,"D",0,"D",0,"D",0,"D",0,"D",0,"D",0,"D",0,"D",4046,1757,4061.25,4031.25,1764.14,1749.92,6426,6426,40250,40250,40250.01,40250.01,0,0,0,0,0,0,0,0,40250,40250,0,0,4061.25,4031.25,4061.25,4031.25,7800,7900,0,0,0,0,0,0,0,0,0
"03393552",3,"2015","2014",0,0.153,0.153,"1",0.15,0.15,"33","D",0.0657,0.0657,0,"D",0,"D",27000,"D",0,"D",-1200,"D",0,"D",0,"D",0,"D",0,"D",0,"D",0,"D",0,"D",0,"D",0,"D",1879,807,1893.75,1863.75,812.57,801.6,4131,4131,25800,25800,25800.01,25800.01,0,0,0,0,0,0,0,0,25800,25800,0,0,1893.75,1863.75,1893.75,1863.75,7800,7900,0,0,0,0,0,0,0,0,0
"03393562",1,"2015","2014",1,0.153,0.153,"3",0.149,0.149,"23","D",0.0425,0.0425,0,"D",0,"D",42949,"D",0,"D",0,"D",0,"D",0,"D",0,"D",0,"D",5000,"D",200,"D",0,"D",0,"D",6760,"D",2724,285,2736.87,2711.87,285.33,285.33,6571.2,6571.2,42949,42949,42949.01,42949.01,0,0,0,0,0,0,0,0,36189,36189,0,0,2736.87,2711.87,2736.87,2711.87,0,0,0,0,1200,1200,0,0,0,0,0
"03393572",1,"2015","2014",0,0,0,"1",0,0,"36","D",0,0,1,"D",1,"D",0,"D",0,"D",0,"D",800,"D",18747,"D",0,"D",24024,"D",0,"D",60,"D",0,"D",0,"D",0,"D",0,0,0,0,0,0,0,0,800,800,800.01,800.01,0,0,0,0,0,0,0,0,800,800,0,0,0,0,0,0,0,0,0,0,0,0,0,0,0,0,0
"03393592",1,"2015","2014",5,0.029,0.029,"2",0.3,0.3,"48","D",0,0,0,"D",0,"D",142000,"D",0,"D",0,"D",0,"D",0,"D",0,"D",37000,"D",0,"D",4230,"D",0,"D",5,"D",0,"D",13669,0,13800,13537.5,0,0,18626,18812,142000,142000,0,0,3400,3400,0,0,0,0,0,0,142000,142000,0,0,17200,16937.5,17200,16937.5,0,0,0,0,0,0,0,0,0,0,0
"03393613",1,"2015","2014",3,0,0,"3",-0.45,-0.45,"23","D",0.0115,0.0115,0,"D",0,"D",0,"D",0,"D",0,"D",0,"D",0,"D",0,"D",7200,"D",0,"D",0,"D",0,"D",3,"D",0,"D",0,-1323,0,0,-1322.96,-1322.96,0,0,0,0,0.01,0.01,0,0,0,0,0,0,0,0,0,0,0,0,0,0,0,0,0,0,0,0,863.98,863.98,0,0,0,0,0
"03393632",1,"2015","2014",1,0.153,0.153,"2",0,0,"0","T",0,0,0,"D",0,"D",20800,"D",0,"D",-4160,"D",0,"D",21190,"D",0,"D",0,"D",950,"D",70,"D",0,"D",0,"D",960,"D",-3332,0,-3305,-3359,0,0,3182.4,3182.4,16640,16640,0,0,0,0,0,0,0,0,3305,3359,16640,16640,0,0,0,0,0,0,0,0,0,0,0,0,0,0,0,0,0
"03393632",2,"2015","2014",0,0.153,0.153,"1",0.1,0.1,"0","T",0,0,0,"D",0,"D",17000,"D",0,"D",0,"D",0,"D",0,"D",0,"D",0,"D",0,"D",0,"D",0,"D",0,"D",0,"D",678,0,685,670,0,0,2601,2601,17000,17000,0,0,0,0,0,0,0,0,0,0,17000,17000,0,0,685,670,685,670,0,0,0,0,0,0,0,0,0,0,0
"03393642",1,"2015","2014",0,0.153,0.153,"2",0.2389,0.2385,"36","D",0.0444,0.046,0,"D",0,"D",62913,"D",71789,"D",0,"D",0,"D",0,"D",0,"D",0,"D",10200,"D",350,"D",0,"D",0,"D",5448,"D",18248,4363,18287.32,18208.26,4504.74,4220.95,20609.41,20609.41,134702,134702,134702.01,134702.01,0,0,0,0,0,0,0,0,129254,129254,0,0,18287.32,18208.26,18287.32,18208.26,0,0,0,0,0,0,0,0,0,0,0
"03393642",2,"2015","2014",1,0,0,"3",-0.34,-0.34,"36","D",0,0,0,"D",0,"D",0,"D",0,"D",0,"D",0,"D",0,"D",0,"D",0,"D",0,"D",0,"D",0,"D",0,"D",0,"D",0,0,0,0,0,0,0,0,0,0,0.01,0.01,0,0,0,0,0,0,0,0,0,0,0,0,0,0,0,0,0,0,0,0,0,0,0,0,0,0,0
"03393652",1,"2015","2014",3,0.029,0.029,"2",0.325,0.325,"34","D",0.0575,0.058,0,"D",0,"D",125000,"D",125000,"D",0,"D",0,"D",0,"D",0,"D",0,"D",2200,"D",0,"D",0,"D",3,"D",11560,"D",45728,13571,45974.5,45480.5,13630,13512.5,36266,36638,250000,250000,250000.01,250000.01,0,0,0,0,0,0,0,0,238440,238440,1926.7,1665.3,44047.8,43815.2,44047.8,43815.2,15000,15000,13760,13760,0,0,0,0,0,0,0
"03393672",1,"2015","2014",0,0.029,0.029,"2",0.2787,0.2787,"48","D",0,0,0,"D",0,"D",228786,"D",0,"D",10997,"D",0,"D",0,"D",0,"D",0,"D",10700,"D",95,"D",0,"D",0,"D",27952,"D",40721,0,40832.87,40609.37,0,0,21142.79,21328.79,239783,239783,0,0,0,0,0,0,0,0,0,0,211831,211831,0,0,40832.87,40609.37,40832.87,40609.37,0,0,0,0,0,0,0,0,0,0,0
"03393682",1,"2015","2014",3,0.153,0.153,"2",0.3106,0.3106,"36","D",0.0148,0.0158,0,"D",0,"D",36079,"D",0,"D",0,"D",0,"D",0,"D",0,"D",9600,"D",0,"D",0,"D",0,"D",1,"D",0,"D",-4163,175,-4050.42,-4276.55,182.25,167.62,5520.09,5520.09,36079,36079,36079.01,36079.01,392.9,347.9,607.1,652.1,0,0,3443.32,3624.45,36079,36079,0,0,392.9,347.9,392.9,347.9,0,0,0,0,0,0,0,0,182.25,167.62,0
"03393682",2,"2015","2014",0,0.153,0.153,"1",0.15,0.15,"36","D",0.0248,0.0264,0,"D",0,"D",22000,"D",0,"D",0,"D",0,"D",0,"D",0,"D",0,"D",0,"D",0,"D",0,"D",0,"D",0,"D",1309,273,1323.75,1293.75,283,263.92,3366,3366,22000,22000,22000.01,22000.01,0,0,0,0,0,0,0,0,22000,22000,0,0,1323.75,1293.75,1323.75,1293.75,0,0,0,0,0,0,0,0,0,0,0
"03393692",1,"2015","2014",0,0.153,0.153,"1",0.1,0.1,"45","D",0.063,0.063,0,"D",0,"D",15000,"D",0,"D",0,"D",0,"D",0,"D",0,"D",7800,"D",0,"D",0,"D",0,"D",0,"D",12,"D",478,213,485,470,218.58,207.54,2295,2295,15000,15000,15000.01,15000.01,0,0,0,0,0,0,0,0,15000,15000,0,0,485,470,485,470,0,0,0,0,0,0,0,0,0,0,0
"03393692",2,"2015","2014",0,0.153,0.153,"1",-0.0765,-0.0765,"45","D",0,0,0,"D",0,"D",6000,"D",0,"D",0,"D",0,"D",0,"D",0,"D",0,"D",0,"D",0,"D",0,"D",0,"D",0,"D",-459,0,-459,-459,0,0,918,918,6000,6000,6000.01,6000.01,0,0,0,0,0,0,459,459,6000,6000,0,0,0,0,0,0,0,0,0,0,0,0,0,0,0,0,0
"03393702",1,"2015","2014",0,0.038,0.038,"1",0.3188,0.3188,"01","D",0.0341,0.0341,0,"D",0,"D",249786,"D",0,"D",-1703,"D",0,"D",0,"D",0,"D",0,"D",1800,"D",1200,"D",0,"D",0,"D",3924,"D",59188,8533,59323.32,59052.24,8529.26,8537.08,22199.87,22385.87,248083,248083,248083.01,248083.01,0,0,0,0,0,0,0,0,244159,244159,0,0,59323.32,59052.24,59323.32,59052.24,2000,2000,15874.5,15989.25,0,0,0,0,0,0,0
"03393702",2,"2015","2014",1,0,0,"3",-0.34,-0.34,"01","D",0,0,0,"D",0,"D",0,"D",0,"D",0,"D",0,"D",0,"D",0,"D",0,"D",0,"D",0,"D",0,"D",0,"D",0,"D",0,0,0,0,0,0,0,0,0,0,0.01,0.01,0,0,0,0,0,0,0,0,0,0,0,0,0,0,0,0,4700,4700,0,0,0,0,0,0,0,0,0
"03393712",1,"2015","2014",1,0.0562,0.0562,"2",0.35,0.35,"0","T",0,0,0,"D",0,"D",291175,"D",50000,"D",1500,"D",0,"D",0,"D",0,"D",0,"D",800,"D",0,"D",0,"D",1,"D",11424,"D",82105,0,82400.25,81810.25,0,0,31422.65,31608.65,342675,342675,0,0,0,0,0,0,0,0,0,0,342675,342675,181.44,221.19,82161.81,81532.06,82161.81,81532.06,0,0,0,0,0,0,0,0,0,0,0
"03393732",1,"2015","2014",0,0.153,0.153,"1",0,0,"45","D",0,0,1,"D",1,"D",500,"D",0,"D",34,"D",0,"D",13774,"D",0,"D",5052,"D",0,"D",408,"D",0,"D",0,"D",0,"D",0,0,0,0,0,0,76.5,76.5,534,534,534.01,534.01,0,0,0,0,0,0,0,0,534,534,0,0,0,0,0,0,0,0,0,0,0,0,0,0,0,0,0
"03393742",1,"2015","2014",2,0.153,0.153,"3",0.2106,0.2106,"31","D",0.0632,0.0421,0,"D",0,"D",19000,"D",0,"D",0,"D",0,"D",0,"D",0,"D",8400,"D",0,"D",0,"D",0,"D",2,"D",0,"D",-7291,-1477,-7213.6,-7368.99,-1192.72,-1760.7,2907,2907,19000,19000,19000.01,19000.01,0,0,2000,2000,0,0,5213.6,5368.99,19000,19000,0,0,0,0,0,0,0,0,0,0,0,0,0,0,1042.72,1610.7,0
"03393742",2,"2015","2014",0,0.153,0.153,"1",0.0765,0.0765,"31","D",0.023,0.0153,0,"D",0,"D",9298,"D",0,"D",0,"D",0,"D",0,"D",0,"D",0,"D",0,"D",0,"D",0,"D",0,"D",0,"D",-414,-104,-405.12,-422.83,-81.02,-126.85,1422.59,1422.59,9298,9298,9298.01,9298.01,0,0,0,0,0,0,405.12,422.83,9298,9298,0,0,0,0,0,0,0,0,0,0,0,0,0,0,81.02,126.85,0
"03393742",3,"2015","2014",0,0.153,0.153,"1",0.1,0.1,"31","D",0.014,0.014,0,"D",0,"D",15153,"D",0,"D",0,"D",0,"D",0,"D",0,"D",0,"D",0,"D",0,"D",0,"D",0,"D",0,"D",493,198,500.3,485.3,198.14,198.14,2318.41,2318.41,15153,15153,15153.01,15153.01,0,0,0,0,0,0,0,0,15153,15153,0,0,500.3,485.3,500.3,485.3,0,0,0,0,0,0,0,0,0,0,0
"03393752",1,"2015","2014",0,0.153,0.153,"2",0.2341,0.2341,"31","D",0.0637,0.0637,0,"D",0,"D",86000,"D",81000,"D",0,"D",0,"D",0,"D",0,"D",0,"D",7400,"D",240,"D",0,"D",0,"D",19720,"D",23073,5997,23148.35,22998.35,5996.62,5996.62,25551,25551,167000,167000,167000.01,167000.01,0,0,0,0,0,0,0,0,147280,147280,0,0,23148.35,22998.35,23148.35,22998.35,0,0,0,0,0,0,0,0,0,0,0
"03393762",1,"2015","2014",1,0.153,0.153,"3",-0.34,-0.34,"39","D",0,0,0,"D",0,"D",5200,"D",0,"D",0,"D",0,"D",0,"D",0,"D",0,"D",210,"D",0,"D",0,"D",0,"D",0,"D",-1768,0,-1768,-1768,0,0,795.6,795.6,5200,5200,5200.01,5200.01,0,0,0,0,0,0,1768,1768,5200,5200,0,0,0,0,0,0,0,0,0,0,0,0,0,0,0,0,0
"03393782",1,"2015","2014",2,0,0,"3",-0.4,-0.4,"44","D",0,0,0,"D",0,"D",0,"D",0,"D",0,"D",0,"D",0,"D",0,"D",0,"D",0,"D",0,"D",0,"D",0,"D",0,"D",0,0,0,0,0,0,0,0,0,0,0,0,0,0,0,0,0,0,0,0,0,0,0,0,0,0,0,0,0,0,0,0,0,0,0,0,0,0,0
"03393792",1,"2015","2014",0,0.153,0.153,"2",0.25,0.25,"30","D",0,0,0,"D",0,"D",58000,"D",62000,"D",-2893,"D",0,"D",0,"D",0,"D",28800,"D",0,"D",1200,"D",0,"D",0,"D",0,"D",15814,0,15914.25,15714.25,0,0,18360,18360,117107,117107,0,0,0,0,0,0,0,0,0,0,117107,117107,0,0,15914.25,15714.25,15914.25,15714.25,0,0,0,0,0,0,0,0,0,0,0
"03393792",2,"2015","2014",2,0,0,"3",-0.4,-0.4,"30","D",0,0,0,"D",0,"D",0,"D",0,"D",0,"D",0,"D",0,"D",0,"D",0,"D",0,"D",0,"D",0,"D",0,"D",0,"D",0,0,0,0,0,0,0,0,0,0,0,0,0,0,0,0,0,0,0,0,0,0,0,0,0,0,0,0,0,0,0,0,0,0,0,0,0,0,0
"03393792",3,"2015","2014",2,0,0,"3",-0.4,-0.4,"30","D",0,0,0,"D",0,"D",0,"D",0,"D",0,"D",0,"D",0,"D",0,"D",0,"D",0,"D",0,"D",0,"D",0,"D",0,"D",0,0,0,0,0,0,0,0,0,0,0,0,0,0,0,0,0,0,0,0,0,0,0,0,0,0,0,0,0,0,0,0,0,0,0,0,0,0,0
"03393802",1,"2015","2014",0,0.153,0.153,"1",0.15,0.15,"34","D",0.0575,0.058,0,"D",0,"D",20000,"D",0,"D",0,"D",0,"D",0,"D",0,"D",2400,"D",0,"D",0,"D",0,"D",0,"D",0,"D",1009,722,1023.75,993.75,725,718.75,3060,3060,20000,20000,20000.01,20000.01,0,0,0,0,0,0,0,0,20000,20000,0,0,1023.75,993.75,1023.75,993.75,7500,7500,0,0,0,0,0,0,0,0,0
"03393812",1,"2015","2014",2,0,0,"3",0.1384,0.1384,"38","D",0.0775,0.0775,0,"D",0,"D",0,"D",0,"D",9000,"D",74880,"D",0,"D",0,"D",0,"D",8500,"D",17604,"D",0,"D",0,"D",22353,"D",2585,1912,2600.65,2570.29,1919.01,1904.74,0,0,83880,83880,83880.01,83880.01,0,0,0,0,0,0,0,0,61527,61527,0,0,2600.65,2570.29,2600.65,2570.29,3405.6,3452.86,48457,48457,0,0,0,0,0,0,0
"03393832",1,"2015","2014",5,0.153,0.153,"2",0.2106,0.2106,"50","D",0.131,0.131,0,"D",0,"D",25683,"D",14000,"D",0,"D",0,"D",0,"D",0,"D",12000,"D",0,"D",28,"D",0,"D",5,"D",0,"D",-7775,-744,-7684.32,-7865.45,-699.65,-787.7,6071.5,6071.5,39683,39683,39683.01,39683.01,0,0,5000,5000,0,0,2684.32,2865.45,39683,39683,0,0,0,0,0,0,14413.91,14789.17,0,0,0,0,0,0,912.67,974.25,0
"03393862",1,"2015","2014",7,0,0,"3",-0.45,-0.45,"05","D",0,0,0,"D",0,"D",0,"D",0,"D",681,"D",466,"D",0,"D",0,"D",0,"D",750,"D",0,"D",0,"D",4,"D",1544,"D",0,0,0,0,0,0,0,0,1147,1147,1147.01,1147.01,0,0,0,0,0,0,0,0,1147,1147,0,0,0,0,0,0,7984,8088,2294,2294,0,0,0,0,0,0,0
"03393872",1,"2015","2014",3,0.153,0.153,"3",-0.15,-0.15,"39","D",0.4389,0.4389,0,"D",0,"D",22000,"D",0,"D",13371,"D",0,"D",0,"D",0,"D",0,"D",5000,"D",20,"D",0,"D",3,"D",16732,"D",-2850,161,-2850,-2850,161.15,161.15,3366,3366,35371,35371,35370.99,35370.99,0,0,2850,2850,0,0,0,0,18639,18639,0,0,0,0,0,0,0,0,0,0,0,0,0,0,0,0,0
"03393872",2,"2015","2014",0,0.038,0.038,"1",0.3199,0.3199,"39","D",0.0307,0.0307,0,"D",0,"D",228786,"D",0,"D",0,"D",0,"D",0,"D",0,"D",0,"D",0,"D",0,"D",0,"D",0,"D",0,"D",55602,7024,55736.3,55467.8,7023.73,7023.73,21401.87,21587.87,228786,228786,228786.01,228786.01,0,0,0,0,0,0,0,0,228786,228786,0,0,55736.3,55467.8,55736.3,55467.8,0,0,0,0,0,0,0,0,0,0,0
"03393882",1,"2015","2014",2,0,0,"3",0,0,"10","D",0,0,0,"D",0,"D",0,"D",0,"D",7300,"D",0,"D",0,"D",0,"D",0,"D",4000,"D",0,"D",0,"D",0,"D",0,"D",0,0,0,0,0,0,0,0,7300,7300,0,0,0,0,0,0,0,0,0,0,7300,7300,0,0,0,0,0,0,0,0,0,0,0,0,0,0,0,0,0
"03393892",1,"2015","2014",2,0,0,"3",-0.4,-0.4,"45","D",0,0,0,"D",0,"D",0,"D",0,"D",0,"D",0,"D",0,"D",0,"D",0,"D",1400,"D",37,"D",0,"D",0,"D",7795,"D",0,0,0,0,0,0,0,0,0,0,0.01,0.01,0,0,0,0,0,0,0,0,0,0,0,0,0,0,0,0,0,0,0,0,0,0,0,0,0,0,0
"03393942",1,"2015","2014",0,0.153,0.153,"1",0.25,0.25,"02","D",0,0,0,"D",0,"D",55000,"D",0,"D",2072,"D",0,"D",0,"D",0,"D",0,"D",3600,"D",245,"D",0,"D",0,"D",4508,"D",7011,0,7048.25,6973.25,0,0,8415,8415,57072,57072,0,0,0,0,0,0,0,0,0,0,52564,52564,0,0,7048.25,6973.25,7048.25,6973.25,0,0,0,0,0,0,0,0,0,0,0
"03393952",1,"2015","2014",1,0.153,0.153,"2",0.15,0.15,"11","D",0.06,0.06,0,"D",0,"D",18000,"D",40000,"D",0,"D",0,"D",0,"D",0,"D",0,"D",2500,"D",220,"D",0,"D",1,"D",4556,"D",3121,2416,3155,3087.5,2416,2416,8874,8874,58000,58000,58000.01,58000.01,1000,1000,0,0,0,0,0,0,58000,58000,0,0,4155,4087.5,4155,4087.5,3000,3000,0,0,0,0,0,0,0,0,0
"03393962",1,"2015","2014",0,0,0,"1",-0.0765,-0.0765,"44","D",0,0,0,"D",0,"D",0,"D",0,"D",0,"D",0,"D",0,"D",0,"D",9600,"D",0,"D",0,"D",0,"D",0,"D",0,"D",0,0,0,0,0,0,0,0,0,0,0,0,0,0,0,0,0,0,0,0,0,0,0,0,0,0,0,0,0,0,0,0,0,0,0,0,0,0,0
"03393984",1,"2015","2014",0,0.153,0.153,"1",0.15,0.15,"0","T",0,0,0,"D",0,"D",32701,"D",0,"D",0,"D",0,"D",0,"D",0,"D",4800,"D",0,"D",220,"D",0,"D",0,"D",0,"D",2914,0,2928.9,2898.9,0,0,5003.25,5003.25,32701,32701,0,0,0,0,0,0,0,0,0,0,32701,32701,0,0,2928.9,2898.9,2928.9,2898.9,0,0,0,0,0,0,0,0,0,0,0
"03393984",2,"2015","2014",0,0.153,0.153,"1",0.25,0.25,"0","T",0,0,0,"D",0,"D",51194,"D",0,"D",0,"D",0,"D",0,"D",0,"D",0,"D",0,"D",0,"D",0,"D",0,"D",0,"D",6067,0,6117.25,6017.25,0,0,7832.68,7832.68,51194,51194,0,0,0,0,0,0,0,0,0,0,51194,51194,0,0,6117.25,6017.25,6117.25,6017.25,0,0,0,0,0,0,0,0,0,0,0
"03393992",1,"2015","2014",0,0.153,0.153,"2",0.25,0.25,"36","D",0.0429,0.046,0,"D",0,"D",48629,"D",61934,"D",0,"D",0,"D",0,"D",0,"D",0,"D",1600,"D",1080,"D",0,"D",0,"D",568,"D",14178,3273,14278.25,14078.25,3379.69,3166.76,16916.14,16916.14,110563,110563,110563.01,110563.01,0,0,0,0,0,0,0,0,110563,110563,0,0,14278.25,14078.25,14278.25,14078.25,0,0,0,0,0,0,0,0,0,0,0
"03393992",2,"2015","2014",0,0.153,0.153,"2",0.1,0.1,"36","D",0.0198,0.0211,0,"D",0,"D",10332,"D",11986,"D",0,"D",0,"D",0,"D",0,"D",0,"D",0,"D",0,"D",0,"D",0,"D",0,"D",187,164,201.8,171.8,170.62,157.86,3414.65,3414.65,22318,22318,22318.01,22318.01,0,0,0,0,0,0,0,0,22318,22318,0,0,201.8,171.8,201.8,171.8,0,0,0,0,0,0,0,0,0,0,0
"03394002",1,"2015","2014",5,0.153,0.153,"2",0.2106,0.2106,"24","D",0.1082,0.1082,0,"D",0,"D",18000,"D",20000,"D",-1950,"D",0,"D",0,"D",0,"D",18000,"D",0,"D",100,"D",0,"D",2,"D",0,"D",-5129,-2908,-5038.76,-5219.89,-2859.99,-2956.01,5814,5814,36050,36050,36050.01,36050.01,0,0,2000,2000,0,0,3038.76,3219.89,36050,36050,0,0,0,0,0,0,12400,12600,0,0,1659,1670,0,0,1200.99,1286.01,0
"03394002",2,"2015","2014",5,0,0,"3",-0.45,-0.45,"24","D",0,0,0,"D",0,"D",0,"D",0,"D",0,"D",0,"D",0,"D",0,"D",0,"D",0,"D",0,"D",0,"D",2,"D",0,"D",0,0,0,0,0,0,0,0,0,0,0.01,0.01,0,0,0,0,0,0,0,0,0,0,0,0,0,0,0,0,9100,9250,0,0,0,0,0,0,0,0,0
"03394002",3,"2015","2014",5,0,0,"3",-0.45,-0.45,"24","D",0,0,0,"D",0,"D",0,"D",0,"D",0,"D",0,"D",0,"D",0,"D",0,"D",0,"D",0,"D",0,"D",2,"D",0,"D",0,0,0,0,0,0,0,0,0,0,0.01,0.01,0,0,0,0,0,0,0,0,0,0,0,0,0,0,0,0,9100,9250,0,0,0,0,0,0,0,0,0
"03394022",1,"2015","2014",6,0.153,0.153,"2",0.2,0.2,"50","D",0.0627,0.0627,0,"D",0,"D",41600,"D",74000,"D",0,"D",0,"D",0,"D",0,"D",0,"D",2400,"D",200,"D",0,"D",5,"D",3340,"D",5060,5564,5112.5,5007.5,5567.38,5560.7,17686.8,17686.8,115600,115600,115600.01,115600.01,4720,4720,0,0,0,0,0,0,115600,115600,0,0,9832.5,9727.5,9832.5,9727.5,0,0,3340,3340,0,0,0,0,0,0,0
"03394032",1,"2015","2014",0,0.153,0.153,"1",0.25,0.25,"01","D",0.0337,0.0337,0,"D",0,"D",75000,"D",0,"D",-3978,"D",0,"D",0,"D",0,"D",0,"D",860,"D",413,"D",0,"D",0,"D",1200,"D",11024,2474,11074.25,10974.25,2471.86,2476.86,11475,11475,71022,71022,71022.01,71022.01,0,0,0,0,0,0,0,0,71022,71022,0,0,11074.25,10974.25,11074.25,10974.25,2000,2000,8210.5,8210.5,0,0,0,0,0,0,0
"03394062",1,"2015","2014",0,0.153,0.153,"1",0.2267,0.2267,"05","D",0.093,0.093,0,"D",0,"D",58000,"D",0,"D",0,"D",0,"D",0,"D",0,"D",0,"D",4000,"D",275,"D",0,"D",0,"D",1688,"D",7285,2224,7317.94,7251.28,2240.23,2206.88,8874,8874,58000,58000,58000.01,58000.01,0,0,0,0,0,0,0,0,56312,56312,0,0,7317.94,7251.28,7317.94,7251.28,3992,4044,5963,5963,0,0,0,0,0,0,0
"03394062",2,"2015","2014",1,0,0,"3",-0.34,-0.34,"05","D",0,0,0,"D",0,"D",0,"D",0,"D",0,"D",0,"D",0,"D",0,"D",0,"D",0,"D",0,"D",0,"D",0,"D",0,"D",0,0,0,0,0,0,0,0,0,0,0.01,0.01,0,0,0,0,0,0,0,0,0,0,0,0,0,0,0,0,7984,8088,0,0,0,0,0,0,0,0,0
"03394072",1,"2015","2014",3,0,0,"3",-0.45,-0.45,"31","D",-0.135,-0.09,0,"D",0,"D",0,"D",0,"D",0,"D",0,"D",0,"D",0,"D",660,"D",0,"D",0,"D",0,"D",2,"D",0,"D",0,-150,0,0,-150,-150,0,0,0,0,0.01,0.01,0,0,0,0,0,0,0,0,0,0,0,0,0,0,0,0,0,0,0,0,0,0,0,0,0,0,0
"03394112",1,"2015","2014",0,0.153,0.153,"1",0.15,0.15,"43","D",0,0,0,"D",0,"D",39000,"D",0,"D",0,"D",0,"D",0,"D",0,"D",7200,"D",0,"D",390,"D",0,"D",0,"D",200,"D",3859,0,3873.75,3843.75,0,0,5967,5967,39000,39000,0,0,0,0,0,0,0,0,0,0,39000,39000,0,0,3873.75,3843.75,3873.75,3843.75,0,0,0,0,0,0,0,0,0,0,0
"03394122",1,"2015","2014",2,0.038,0.038,"2",0.35,0.35,"34","D",0.0575,0.058,0,"D",0,"D",228786,"D",120000,"D",-16000,"D",0,"D",0,"D",0,"D",0,"D",16180,"D",120,"D",1200,"D",2,"D",18092,"D",72015,18063,72309.9,71719.9,18141.59,17985.2,40019.87,40391.87,332786,332786,332786.01,332786.01,0,0,0,0,240,240,0,0,314694,314694,7944.59,7982.72,64605.31,63977.18,64605.31,63977.18,15000,15000,20000,20000,0,0,0,0,0,0,0
"03394142",1,"2015","2014",0,0.153,0.153,"1",0.25,0.25,"10","D",0,0,0,"D",0,"D",85000,"D",0,"D",0,"D",0,"D",0,"D",0,"D",15600,"D",0,"D",0,"D",0,"D",0,"D",0,"D",14519,0,14568.75,14468.75,0,0,13005,13005,85000,85000,0,0,0,0,0,0,0,0,0,0,85000,85000,0,0,14568.75,14468.75,14568.75,14468.75,0,0,0,0,0,0,0,0,0,0,0
"03394152",1,"2015","2014",0,0,0,"1",-0.0765,-0.0765,"18","D",0,0,0,"D",0,"D",0,"D",0,"D",0,"D",0,"D",9120,"D",0,"D",0,"D",280,"D",0,"D",0,"D",0,"D",0,"D",0,0,0,0,0,0,0,0,0,0,0.01,0.01,0,0,0,0,0,0,0,0,0,0,0,0,0,0,0,0,2400,2440,280,280,0,0,0,0,0,0,0
"03394172",1,"2015","2014",0,0.153,0.153,"2",0.1,0.1,"44","D",0,0,0,"D",0,"D",21382,"D",0,"D",0,"D",0,"D",0,"D",0,"D",5808,"D",0,"D",0,"D",0,"D",0,"D",0,"D",93,0,108.2,78.2,0,0,3271.45,3271.45,21382,21382,0,0,0,0,0,0,0,0,0,0,21382,21382,0,0,108.2,78.2,108.2,78.2,0,0,0,0,0,0,0,0,0,0,0
"03394182",1,"2015","2014",0,0,0,"1",0.1,0.1,"34","D",0.0575,0.058,1,"D",1,"D",0,"D",0,"D",4175,"D",8689,"D",13462,"D",0,"D",0,"D",1100,"D",0,"D",0,"D",0,"D",2140,"D",109,310,116.4,101.4,311.11,308.43,0,0,12864,12864,12864.01,12864.01,0,0,0,0,0,0,0,0,12864,12864,0,0,116.4,101.4,116.4,101.4,7500,7500,3240,3240,0,0,0,0,0,0,0
"03394202",1,"2015","2014",0,0,0,"1",-0.0765,-0.0765,"07","D",-0.021,-0.021,0,"D",0,"D",0,"D",0,"D",0,"D",0,"D",0,"D",0,"D",1368,"D",0,"D",0,"D",0,"D",0,"D",0,"D",0,0,0,0,0,0,0,0,0,0,0.01,0.01,0,0,0,0,0,0,0,0,0,0,0,0,0,0,0,0,0,0,0,0,0,0,0,0,0,0,0
"03394222",1,"2015","2014",2,0,0,"3",-0.4,-0.4,"31","D",-0.12,-0.08,1,"D",1,"D",0,"D",0,"D",0,"D",13047,"D",18840,"D",0,"D",21240,"D",0,"D",0,"D",0,"D",2,"D",0,"D",0,-775,0,0,-775,-775,0,0,13047,13047,0,0,0,0,0,0,0,0,0,0,13047,13047,0,0,0,0,0,0,0,0,0,0,0,0,0,0,0,0,0
"03394222",2,"2015","2014",0,0.153,0.153,"1",0.0765,0.0765,"31","D",0.023,0.0153,0,"D",0,"D",9000,"D",0,"D",0,"D",0,"D",0,"D",0,"D",0,"D",0,"D",0,"D",0,"D",0,"D",0,"D",-437,-110,-427.91,-445.62,-85.58,-133.69,1377,1377,9000,9000,9000.01,9000.01,0,0,0,0,0,0,427.91,445.62,9000,9000,0,0,0,0,0,0,0,0,0,0,0,0,0,0,85.58,133.69,0
"03394232",1,"2015","2014",2,0,0,"3",-0.4,-0.4,"48","D",0,0,0,"D",0,"D",0,"D",0,"D",0,"D",8980,"D",0,"D",0,"D",0,"D",3600,"D",898,"D",0,"D",0,"D",6730,"D",0,0,0,0,0,0,0,0,8980,8980,0,0,0,0,0,0,0,0,0,0,8980,8980,0,0,0,0,0,0,0,0,0,0,0,0,0,0,0,0,0
"03394262",1,"2015","2014",0,0.029,0.029,"1",0.267,0.267,"06","D",0.0463,0.0463,0,"D",0,"D",130000,"D",0,"D",0,"D",0,"D",0,"D",0,"D",0,"D",2200,"D",7742,"D",0,"D",0,"D",6816,"D",22305,5048,22360.65,22249.24,5060.22,5034.9,18278,18464,130000,130000,0,0,0,0,0,0,0,0,0,0,123184,123184,0,0,22360.65,22249.24,22360.65,22249.24,0,0,0,0,0,0,0,0,0,0,0
"03394272",1,"2015","2014",0,0.153,0.153,"2",0.1,0.1,"0","T",0,0,0,"D",0,"D",35000,"D",0,"D",0,"D",0,"D",0,"D",0,"D",0,"D",2900,"D",405,"D",0,"D",0,"D",0,"D",1455,0,1470,1440,0,0,5355,5355,35000,35000,0,0,0,0,0,0,0,0,0,0,35000,35000,0,0,1470,1440,1470,1440,0,0,0,0,0,0,0,0,0,0,0
"03394282",1,"2015","2014",1,0.153,0.153,"2",0.1383,0.1384,"33","D",0.078,0.0777,0,"D",0,"D",101067,"D",33938,"D",0,"D",0,"D",0,"D",0,"D",0,"D",7800,"D",0,"D",0,"D",1,"D",42928,"D",9198,4930,9187.84,9208.66,5124.77,4735.95,20655.76,20655.76,135005,135005,135005.01,135005.01,0,0,0,0,0,0,0,0,92077,92077,0,0,9187.84,9208.66,9187.84,9208.66,15650,15850,50728,50728,0,0,0,0,0,0,0
"03394292",1,"2015","2014",2,0.153,0.153,"2",0.2275,0.2275,"38","D",0.09,0.09,0,"D",0,"D",101000,"D",84000,"D",11383,"D",0,"D",0,"D",0,"D",0,"D",4500,"D",430,"D",0,"D",2,"D",19656,"D",27212,13650,27295.69,27127.94,13664.23,13635.23,28305,28305,196383,196383,196383.01,196383.01,0,0,0,0,0,0,0,0,176727,176727,0,0,27295.69,27127.94,27295.69,27127.94,4231.2,4289.91,24586,24586,0,0,0,0,0,0,0
"03394302",1,"2015","2014",3,0,0,"3",-0.45,-0.45,"22","D",-0.0675,-0.0675,0,"D",0,"D",0,"D",0,"D",0,"D",0,"D",0,"D",0,"D",0,"D",0,"D",0,"D",0,"D",0,"D",40,"D",0,0,0,0,0,0,0,0,0,0,0.01,0.01,0,0,0,0,0,0,0,0,0,0,0,0,0,0,0,0,0,0,0,0,0,0,0,0,0,0,0
"03394332",1,"2015","2014",0,0,0,"1",0,0,"11","D",0,0,1,"D",1,"D",0,"D",0,"D",-800,"D",0,"D",12384,"D",0,"D",9600,"D",0,"D",0,"D",0,"D",0,"D",0,"D",0,0,0,0,0,0,0,0,-800,-800,-800,-800,0,0,0,0,0,0,0,0,0,0,0,0,0,0,0,0,3600,3600,0,0,0,0,0,0,0,0,0
"03394352",1,"2015","2014",0,0.153,0.153,"2",0.1405,0.1405,"45","D",0.063,0.063,2,"D",0,"D",7602,"D",52986,"D",0,"D",0,"D",23974,"D",0,"D",0,"D",2400,"D",746,"D",0,"D",0,"D",27636,"D",5039,2540,5053.32,5024.83,2545.09,2535.01,9269.96,9269.96,80965.9,80965.9,80965.91,80965.91,0,0,0,0,0,0,0,0,53329.9,53329.9,0,0,5053.32,5024.83,5053.32,5024.83,0,0,0,0,0,0,0,0,0,0,0
"03394362",1,"2015","2014",2,0.0425,0.0425,"2",0.2786,0.2786,"48","D",0,0,0,"D",0,"D",9160,"D",241175,"D",0,"D",0,"D",0,"D",0,"D",0,"D",11000,"D",128,"D",0,"D",1,"D",17068,"D",44322,0,44447.65,44196.15,0,0,22906.57,23092.57,250335,250335,0,0,0,0,0,0,0,0,0,0,233267,233267,0,0,44447.65,44196.15,44447.65,44196.15,0,0,0,0,0,0,0,0,0,0,0
"03394382",1,"2015","2014",0,0.153,0.153,"2",0,0,"0","T",0,0,2,"D",2,"D",1650,"D",0,"D",-2460,"D",13932,"D",24920,"D",0,"D",0,"D",860,"D",925,"D",0,"D",0,"D",3912,"D",0,0,0,0,0,0,252.45,252.45,13122,13122,0,0,0,0,0,0,0,0,0,0,13122,13122,0,0,0,0,0,0,0,0,0,0,0,0,0,0,0,0,0
"03394392",1,"2015","2014",0,0,0,"1",-0.0765,-0.0765,"34","D",0,0,0,"D",0,"D",0,"D",0,"D",0,"D",0,"D",0,"D",0,"D",6000,"D",0,"D",0,"D",0,"D",0,"D",0,"D",0,0,0,0,0,0,0,0,0,0,0.01,0.01,0,0,0,0,0,0,0,0,0,0,0,0,0,0,0,0,7500,7500,0,0,0,0,0,0,0,0,0
"03394412",1,"2015","2014",1,0.153,0.153,"3",0.2305,0.2306,"33","D",0.0779,0.0777,0,"D",0,"D",100000,"D",0,"D",8238,"D",0,"D",0,"D",0,"D",0,"D",2500,"D",0,"D",0,"D",0,"D",25036,"D",11384,4684,11436.49,11332.28,4706.04,4662.88,15300,15300,108238,108238,108238.01,108238.01,0,0,0,0,0,0,0,0,83202,83202,0,0,11436.49,11332.28,11436.49,11332.28,10950,11100,27536,27536,0,0,0,0,0,0,0
"03394422",1,"2015","2014",2,0.0576,0.0576,"2",0.2267,0.2267,"05","D",0.093,0.093,0,"D",0,"D",36000,"D",120000,"D",-9920,"D",0,"D",0,"D",0,"D",4320,"D",6100,"D",400,"D",0,"D",1,"D",20756,"D",16094,5149,16171.95,16015.62,5186.21,5111.5,23496,23682,146080,146080,146080.01,146080.01,0,0,0,0,0,0,0,0,125324,125324,0,0,16171.95,16015.62,16171.95,16015.62,7984,8088,27256,27256,0,0,0,0,0,0,0
"03394442",1,"2015","2014",0,0,0,"1",0,0,"10","D",0,0,1,"D",1,"D",0,"D",0,"D",0,"D",0,"D",16726,"D",0,"D",5400,"D",0,"D",0,"D",0,"D",0,"D",0,"D",0,0,0,0,0,0,0,0,0,0,0,0,0,0,0,0,0,0,0,0,0,0,0,0,0,0,0,0,0,0,0,0,0,0,0,0,0,0,0
"03394452",1,"2015","2014",0,0,0,"1",0.2325,0.2325,"41","D",0.07,0.07,1,"D",1,"D",0,"D",0,"D",41074,"D",36000,"D",19582,"D",0,"D",0,"D",900,"D",9666,"D",0,"D",0,"D",5077,"D",13730,2482,13766.66,13692.53,2484.07,2480.57,0,0,93718.7,93718.7,39996.94,39950.44,0,0,0,0,0,0,0,0,88641.7,88641.7,0,0,13766.66,13692.53,13766.66,13692.53,0,0,0,0,0,0,0,0,0,0,0
"03394462",1,"2015","2014",0,0.153,0.153,"2",0.1394,0.1394,"24","D",0.0705,0.0705,0,"D",0,"D",20000,"D",55183,"D",0,"D",0,"D",0,"D",0,"D",0,"D",1700,"D",70,"D",0,"D",0,"D",12668,"D",6539,3103,6552.7,6524.93,3110.35,3095.46,11503,11503,75183,75183,75183.01,75183.01,0,0,0,0,0,0,0,0,62515,62515,0,0,6552.7,6524.93,6552.7,6524.93,0,0,17548.35,17533.46,0,0,0,0,0,0,0
"03394472",1,"2015","2014",1,0.153,0.153,"2",0.2385,0.238,"17","D",0.046,0.048,0,"D",0,"D",115000,"D",35000,"D",-12161,"D",0,"D",0,"D",0,"D",7200,"D",2500,"D",320,"D",0,"D",1,"D",15852,"D",17054,5627,17125.89,16981.74,5663.43,5590.04,22950,22950,137839,137839,150000.01,150000.01,0,0,0,0,0,0,0,0,121987,121987,0,0,17125.89,16981.74,17125.89,16981.74,7500,7500,12136.8,9336,0,0,0,0,0,0,0
"03394472",2,"2015","2014",0,0.153,0.153,"1",0.15,0.15,"17","D",0.046,0.048,0,"D",0,"D",24500,"D",0,"D",-1668,"D",0,"D",0,"D",0,"D",0,"D",0,"D",0,"D",0,"D",0,"D",0,"D",1434,605,1448.55,1418.55,609,600.5,3748.5,3748.5,22832,22832,24500.01,24500.01,0,0,0,0,0,0,0,0,22832,22832,0,0,1448.55,1418.55,1448.55,1418.55,3000,3000,0,0,0,0,0,0,0,0,0
"03394472",3,"2015","2014",0,0.153,0.153,"1",0.15,0.15,"17","D",0.046,0.048,0,"D",0,"D",32000,"D",0,"D",0,"D",0,"D",0,"D",0,"D",0,"D",0,"D",0,"D",0,"D",0,"D",0,"D",2809,957,2823.75,2793.75,969,945.5,4896,4896,32000,32000,32000.01,32000.01,0,0,0,0,0,0,0,0,32000,32000,0,0,2823.75,2793.75,2823.75,2793.75,3000,3000,0,0,0,0,0,0,0,0,0
"03394482",1,"2015","2014",3,0.153,0.153,"2",0.2423,0.2423,"39","D",0.0307,0.0307,0,"D",0,"D",108000,"D",43000,"D",-4673,"D",0,"D",0,"D",0,"D",0,"D",4800,"D",368,"D",0,"D",1,"D",15072,"D",17080,4492,17173.69,16986.19,4492.24,4492.24,23103,23103,146327,146327,146327.01,146327.01,0,0,0,0,0,0,0,0,131255,131255,0,0,17173.69,16986.19,17173.69,16986.19,0,0,0,0,0,0,0,0,0,0,0
"03394482",2,"2015","2014",3,0,0,"3",-0.45,-0.45,"39","D",0,0,0,"D",0,"D",0,"D",0,"D",0,"D",0,"D",0,"D",0,"D",0,"D",0,"D",0,"D",0,"D",1,"D",0,"D",0,0,0,0,0,0,0,0,0,0,0.01,0.01,0,0,0,0,0,0,0,0,0,0,0,0,0,0,0,0,0,0,0,0,0,0,0,0,0,0,0
"03394512",1,"2015","2014",1,0.153,0.153,"2",0.15,0.15,"43","D",0,0,0,"D",0,"D",34000,"D",37500,"D",-698,"D",0,"D",0,"D",0,"D",0,"D",1000,"D",1385,"D",0,"D",1,"D",5372,"D",5042,0,5075.3,5007.8,0,0,10939.5,10939.5,70802,70802,0,0,1000,1000,0,0,0,0,0,0,70802,70802,0,0,6075.3,6007.8,6075.3,6007.8,0,0,0,0,0,0,0,0,0,0,0
"03394522",1,"2015","2014",2,0.153,0.153,"2",0.2862,0.2862,"31","D",0.0553,0.0553,0,"D",0,"D",75000,"D",70000,"D",-16734,"D",0,"D",0,"D",0,"D",0,"D",8000,"D",25,"D",0,"D",2,"D",4200,"D",14469,4518,14556.55,14381.55,4518,4518,22185,22185,128266,128266,145000.01,145000.01,1086.7,1086.7,0,0,0,0,0,0,124066,124066,0,0,15643.25,15468.25,15643.25,15468.25,0,0,0,0,0,0,0,0,0,0,0
"03394532",1,"2015","2014",1,0.153,0.153,"3",0.15,0.15,"33","D",0.059,0.059,0,"D",0,"D",42803,"D",0,"D",0,"D",0,"D",0,"D",0,"D",0,"D",5500,"D",40,"D",0,"D",0,"D",0,"D",3199,1390,3222.95,3175.45,1398.18,1381.73,6548.86,6548.86,42803,42803,42803.01,42803.01,0,0,0,0,0,0,0,0,42803,42803,0,0,3222.95,3175.45,3222.95,3175.45,10950,11100,0,0,0,0,0,0,0,0,0
"03394532",2,"2015","2014",0,0.153,0.153,"1",0.1765,0.1765,"33","D",0.063,0.0629,0,"D",0,"D",10823,"D",0,"D",0,"D",0,"D",0,"D",0,"D",0,"D",0,"D",0,"D",0,"D",0,"D",0,"D",-238,30,-221.16,-253.87,34.38,25.07,1655.92,1655.92,10823,10823,10823.01,10823.01,0,0,0,0,0,0,288.46,306.17,10823,10823,0,0,67.3,52.3,67.3,52.3,7800,7900,0,0,0,0,0,0,38.01,43.32,0
"03394552",1,"2015","2014",0,0.153,0.153,"1",0.1,0.1,"05","D",0,0,1,"D",1,"D",13453,"D",0,"D",0,"D",2400,"D",15502,"D",0,"D",13200,"D",0,"D",22,"D",0,"D",0,"D",240,"D",408,0,415.3,400.3,0,0,2058.31,2058.31,15853,15853,15853.01,15853.01,0,0,0,0,0,0,0,0,15853,15853,0,0,415.3,400.3,415.3,400.3,3992,4044,262,262,0,0,0,0,0,0,0
"03394592",1,"2015","2014",3,0.153,0.153,"2",0.3106,0.3606,"0","T",0,0,0,"D",0,"D",33000,"D",18000,"D",0,"D",0,"D",0,"D",0,"D",4800,"D",0,"D",0,"D",720,"D",3,"D",0,"D",-1656,0,-1524.96,-1786.09,0,0,7803,7803,51000,51000,0,0,1776,1696,1224,1304,144,144,300.96,482.09,51000,51000,0,0,1920,1840,1920,1840,0,0,0,0,0,0,0,0,0,0,0
"03394602",1,"2015","2014",1,0.153,0.153,"2",0.15,0.15,"15","D",0.033,0.034,0,"D",0,"D",48646,"D",32454,"D",0,"D",0,"D",0,"D",0,"D",7800,"D",0,"D",0,"D",0,"D",1,"D",0,"D",6586,2466,6620,6552.5,2502.4,2428.8,12408.3,12408.3,81100,81100,81100.01,81100.01,1000,1000,0,0,0,0,0,0,81100,81100,0,0,7620,7552.5,7620,7552.5,0,0,0,0,0,0,0,0,0,0,0
"03394612",1,"2015","2014",0,0.153,0.153,"1",0.15,0.15,"05","D",0.04,0.04,0,"D",0,"D",26973,"D",0,"D",0,"D",0,"D",0,"D",0,"D",14400,"D",0,"D",0,"D",0,"D",0,"D",0,"D",2055,302,2069.7,2039.7,306.3,297.45,4126.87,4126.87,26973,26973,26973.01,26973.01,0,0,0,0,0,0,0,0,26973,26973,0,0,2069.7,2039.7,2069.7,2039.7,3992,4044,0,0,0,0,0,0,0,0,0
"03394622",1,"2015","2014",0,0.029,0.029,"2",0.325,0.325,"33","D",0.0665,0.0665,0,"D",0,"D",234904,"D",0,"D",2248,"D",0,"D",0,"D",0,"D",0,"D",16180,"D",0,"D",0,"D",0,"D",600,"D",45114,14723,45360.9,44866.9,14729.88,14716.58,21320.22,21506.22,237152,237152,237152.01,237152.01,0,0,0,0,0,0,0,0,236552,236552,2746.11,2471.88,42614.79,42395.02,42614.79,42395.02,15650,15850,13662.95,13662.95,0,0,0,0,0,0,0
"03394622",2,"2015","2014",0,0.153,0.153,"1",0.15,0.15,"33","D",0.0529,0.0529,0,"D",0,"D",19894,"D",0,"D",0,"D",0,"D",0,"D",0,"D",0,"D",0,"D",0,"D",0,"D",0,"D",0,"D",993,459,1007.85,977.85,462.8,454.55,3043.78,3043.78,19894,19894,19894.01,19894.01,0,0,0,0,0,0,0,0,19894,19894,0,0,1007.85,977.85,1007.85,977.85,7800,7900,0,0,0,0,0,0,0,0,0
"03394622",3,"2015","2014",0,0.153,0.153,"1",0.15,0.15,"33","D",0.0657,0.0657,0,"D",0,"D",26077,"D",0,"D",0,"D",0,"D",0,"D",0,"D",0,"D",0,"D",0,"D",0,"D",0,"D",0,"D",1920,825,1935.3,1905.3,830.76,819.79,3989.78,3989.78,26077,26077,26077.01,26077.01,0,0,0,0,0,0,0,0,26077,26077,0,0,1935.3,1905.3,1935.3,1905.3,7800,7900,0,0,0,0,0,0,0,0,0
"03394642",1,"2015","2014",1,0.153,0.153,"2",0.2598,0.2598,"10","D",0,0,0,"D",0,"D",30000,"D",0,"D",-2400,"D",0,"D",0,"D",0,"D",0,"D",3000,"D",0,"D",0,"D",1,"D",6732,"D",-2969,0,-2892.95,-3044.27,0,0,4590,4590,27600,27600,0,0,335,300,665,700,0,0,2227.95,2344.27,27600,27600,0,0,335,300,335,300,0,0,0,0,0,0,0,0,0,0,0
"03394672",1,"2015","2014",0,0.153,0.153,"2",0.28,0.28,"37","D",0.0525,0.0525,2,"D",2,"D",80000,"D",95781,"D",7144,"D",0,"D",50960,"D",0,"D",0,"D",4570,"D",0,"D",0,"D",0,"D",1200,"D",44085,8450,44238.48,43930.98,8455.06,8444.56,26894.49,26894.49,226241,226241,182925.01,182925.01,0,0,0,0,0,0,0,0,226241,226241,0,0,44238.48,43930.98,44238.48,43930.98,12400,12600,0,0,0,0,0,0,0,0,0
"03394692",1,"2015","2014",0,0.0516,0.0516,"2",0.35,0.35,"05","D",0.093,0.093,1,"D",1,"D",341175,"D",42000,"D",0,"D",0,"D",7654,"D",0,"D",27600,"D",0,"D",2344,"D",0,"D",0,"D",2140,"D",97751,29800,98046.32,97456.32,29856.35,29742.96,32026.65,32212.65,389680.9,389680.9,383175.01,383175.01,0,0,0,0,0,0,0,0,387540.9,387540.9,4883.52,4792.71,93162.79,92663.6,93162.79,92663.6,7984,8088,2272.71,2547.87,0,0,0,0,0,0,0
"03394702",1,"2015","2014",0,0,0,"1",0,0,"39","D",0,0,1,"D",1,"D",0,"D",0,"D",960,"D",5000,"D",16510,"D",0,"D",5388,"D",0,"D",2247,"D",0,"D",0,"D",6543,"D",0,0,0,0,0,0,0,0,5960,5960,960.01,960.01,0,0,0,0,0,0,0,0,5960,5960,0,0,0,0,0,0,0,0,0,0,0,0,0,0,0,0,0
"03394712",1,"2015","2014",1,0.153,0.153,"2",0.2598,0.2598,"36","D",0.0411,0.0431,0,"D",0,"D",9480,"D",27196,"D",-1196,"D",0,"D",0,"D",0,"D",11400,"D",0,"D",466,"D",0,"D",0,"D",960,"D",-114,309,-38.12,-189.45,330.09,287.13,5611.43,5611.43,35480,35480,35480.01,35480.01,0,0,0,0,0,0,1161.12,1277.45,35480,35480,0,0,1123,1088,1123,1088,0,0,0,0,0,0,0,0,116.11,127.74,0
"03394722",1,"2015","2014",2,0.153,0.153,"2",0.15,0.15,"47","D",0.0564,0.0564,0,"D",0,"D",52000,"D",9000,"D",-780,"D",0,"D",0,"D",0,"D",0,"D",490,"D",0,"D",0,"D",1,"D",4904,"D",2858,2456,2895.5,2820.5,2455.73,2455.73,9333,9333,60220,60220,60220.01,60220.01,1000,1000,0,0,0,0,0,0,60220,60220,0,0,3895.5,3820.5,3895.5,3820.5,6000,6000,0,0,0,0,0,0,0,0,0
"03394732",1,"2015","2014",0,0,0,"2",-0.0765,-0.0765,"10","D",0,0,1,"D",1,"D",0,"D",0,"D",0,"D",0,"D",32170,"D",0,"D",5400,"D",0,"D",151,"D",0,"D",0,"D",0,"D",0,0,0,0,0,0,0,0,0,0,0,0,0,0,0,0,0,0,0,0,0,0,0,0,0,0,0,0,0,0,0,0,0,0,0,0,0,0,0
"03394762",1,"2015","2014",0,0.153,0.153,"1",0.15,0.15,"22","D",0.0515,0.052,0,"D",0,"D",30000,"D",0,"D",0,"D",0,"D",0,"D",0,"D",7080,"D",0,"D",0,"D",0,"D",0,"D",0,"D",2509,1066,2523.75,2493.75,1071.2,1060.9,4590,4590,30000,30000,30000.01,30000.01,0,0,0,0,0,0,0,0,30000,30000,0,0,2523.75,2493.75,2523.75,2493.75,0,0,0,0,0,0,0,0,0,0,0
"03394772",1,"2015","2014",2,0.153,0.153,"2",0.3,0.3,"26","D",0.06,0.06,0,"D",0,"D",84597,"D",28000,"D",6600,"D",0,"D",0,"D",0,"D",0,"D",1100,"D",0,"D",0,"D",1,"D",2580,"D",13809,4956,13921.6,13696.6,4961.82,4949.82,17227.34,17227.34,119197,119197,119197.01,119197.01,540.15,540.15,0,0,0,0,0,0,119197,119197,0,0,14461.75,14236.75,14461.75,14236.75,12400,12600,0,0,0,0,0,0,0,0,0
"03394772",2,"2015","2014",2,0,0,"3",-0.4,-0.4,"26","D",0,0,0,"D",0,"D",0,"D",0,"D",0,"D",0,"D",0,"D",0,"D",0,"D",0,"D",0,"D",0,"D",1,"D",0,"D",0,0,0,0,0,0,0,0,0,0,0.01,0.01,0,0,0,0,0,0,0,0,0,0,0,0,0,0,0,0,9100,9250,0,0,0,0,0,0,0,0,0
"03394782",1,"2015","2014",2,0.153,0.153,"3",0.15,0.15,"05","D",0.08,0.08,0,"D",0,"D",62400,"D",0,"D",6330,"D",0,"D",0,"D",0,"D",14400,"D",0,"D",0,"D",0,"D",1,"D",240,"D",5492,1048,5519.5,5464.5,1075.95,1019.54,9547.2,9547.2,68730,68730,68730.01,68730.01,1000,1000,0,0,0,0,0,0,68730,68730,0,0,6519.5,6464.5,6519.5,6464.5,7984,8088,240,240,0,0,0,0,0,0,0
"03394802",1,"2015","2014",0,0.153,0.153,"1",0.2356,0.2356,"47","D",0.0575,0.0575,0,"D",0,"D",74740,"D",0,"D",-1600,"D",0,"D",0,"D",0,"D",0,"D",2730,"D",382,"D",0,"D",0,"D",6796,"D",9808,3325,9845.53,9770.53,3324.87,3324.87,11435.22,11435.22,73140,73140,73140.01,73140.01,0,0,0,0,0,0,0,0,66344,66344,0,0,9845.53,9770.53,9845.53,9770.53,3000,3000,9908,9908,0,0,0,0,0,0,0
"03394822",1,"2015","2014",2,0.153,0.058,"2",0.2375,0.2375,"45","D",0.05,0.05,0,"D",0,"D",118000,"D",36000,"D",-2500,"D",0,"D",0,"D",0,"D",18792,"D",0,"D",415,"D",0,"D",1,"D",6120,"D",22023,7575,22110,21935,7575,7575,23438,23562,151500,151500,151500.01,151500.01,0,0,0,0,0,0,0,0,145380,145380,0,0,22110,21935,22110,21935,0,0,0,0,0,0,0,0,0,0,0
"03394832",1,"2015","2014",0,0.153,0.153,"1",0.15,0.15,"05","D",0.06,0.06,0,"D",0,"D",43734,"D",0,"D",-3600,"D",0,"D",0,"D",0,"D",19200,"D",0,"D",0,"D",0,"D",0,"D",0,"D",4029,1027,4043.85,4013.85,1035.66,1018.23,6691.3,6691.3,40134,40134,40134.01,40134.01,0,0,0,0,0,0,0,0,40134,40134,0,0,4043.85,4013.85,4043.85,4013.85,3992,4044,0,0,0,0,0,0,0,0,0
"03394842",1,"2015","2014",3,0.0382,0.0382,"2",0.2406,0.2406,"01","D",0.0377,0.0377,0,"D",0,"D",150000,"D",12000,"D",26587,"D",0,"D",0,"D",0,"D",0,"D",2800,"D",70,"D",0,"D",3,"D",19572,"D",26667,6203,26761.3,26572.88,6200.76,6204.44,20694,20880,188587,188587,188587.01,188587.01,0,0,0,0,0,0,0,0,169015,169015,0,0,26761.3,26572.88,26761.3,26572.88,4000,4000,32310.5,32425.25,0,0,0,0,0,0,0
"03394882",1,"2015","2014",5,0.153,0.153,"2",-0.15,-0.15,"44","D",0,0,0,"D",0,"D",0,"D",15600,"D",0,"D",0,"D",0,"D",0,"D",7200,"D",0,"D",20,"D",0,"D",4,"D",0,"D",-8083,0,-8033,-8132,0,0,2386.8,2386.8,15600,15600,0,0,0,0,1890,1890,0,0,6143,6242,15600,15600,0,0,0,0,0,0,0,0,0,0,0,0,0,0,0,0,0
"03394882",2,"2015","2014",0,0.153,0.153,"1",0.15,0.15,"44","D",0,0,0,"D",0,"D",42840,"D",0,"D",0,"D",0,"D",0,"D",0,"D",0,"D",0,"D",0,"D",0,"D",0,"D",0,"D",4435,0,4449.75,4419.75,0,0,6554.52,6554.52,42840,42840,0,0,0,0,0,0,0,0,0,0,42840,42840,0,0,4449.75,4419.75,4449.75,4419.75,0,0,0,0,0,0,0,0,0,0,0
"03394882",3,"2015","2014",5,0,0,"3",-0.45,-0.45,"44","D",0,0,0,"D",0,"D",0,"D",0,"D",0,"D",0,"D",0,"D",0,"D",0,"D",0,"D",0,"D",0,"D",4,"D",0,"D",0,0,0,0,0,0,0,0,0,0,0,0,0,0,0,0,0,0,0,0,0,0,0,0,0,0,0,0,0,0,0,0,0,0,0,0,0,0,0
"03394892",1,"2015","2014",0,0.038,0.038,"2",0.35,0.35,"36","D",0.05,0.0533,0,"D",0,"D",228786,"D",132871,"D",2,"D",0,"D",0,"D",0,"D",0,"D",2100,"D",0,"D",0,"D",0,"D",4508,"D",87115,15346,87409.93,86819.93,15865.81,14825.35,40508.97,40880.97,361659,361659,361659.01,361659.01,0,0,0,0,0,0,0,0,357151,357151,440.17,50.82,86969.68,86769.03,86969.68,86769.03,0,0,0,0,0,0,0,0,0,0,0
"03394932",1,"2015","2014",1,0.153,0.153,"2",0.2768,0.2768,"05","D",0.093,0.093,0,"D",0,"D",67000,"D",55000,"D",-3798,"D",0,"D",0,"D",0,"D",0,"D",3000,"D",0,"D",4000,"D",1,"D",10364,"D",12643,4183,12714.97,12570.15,4218.52,4147.8,18666,18666,118202,118202,118202.01,118202.01,589.9,589.9,0,0,600,600,0,0,107838,107838,0,0,13904.87,13760.05,13904.87,13760.05,7984,8088,13364,13364,0,0,0,0,0,0,0
"03394962",1,"2015","2014",0,0.038,0.038,"2",0.35,0.35,"34","D",0.0575,0.058,1,"D",0,"D",134000,"D",228787,"D",0,"D",0,"D",2800,"D",0,"D",0,"D",4050,"D",18596,"D",0,"D",0,"D",20640,"D",82696,19796,82991.45,82401.45,19881.65,19710.25,40551.91,40923.91,365167,365167,362787.01,362787.01,0,0,0,0,0,0,0,0,344527,344527,8185.2,8081.72,74806.25,74319.73,74806.25,74319.73,15000,15000,20000,20000,0,0,0,0,0,0,0
"03394962",2,"2015","2014",0,0.153,0.153,"1",0.15,0.15,"34","D",0.0575,0.058,0,"D",0,"D",40000,"D",0,"D",0,"D",0,"D",0,"D",0,"D",0,"D",0,"D",0,"D",0,"D",0,"D",0,"D",4009,1877,4023.75,3993.75,1885,1868.75,6120,6120,40000,40000,40000.01,40000.01,0,0,0,0,0,0,0,0,40000,40000,0,0,4023.75,3993.75,4023.75,3993.75,7500,7500,0,0,0,0,0,0,0,0,0
"03394962",3,"2015","2014",0,0,0,"1",-0.0765,-0.0765,"34","D",0,0,0,"D",0,"D",0,"D",0,"D",0,"D",6673,"D",15768,"D",0,"D",0,"D",0,"D",0,"D",0,"D",0,"D",0,"D",0,0,0,0,0,0,0,0,6673,6673,6673.01,6673.01,0,0,0,0,0,0,0,0,6673,6673,0,0,0,0,0,0,7500,7500,0,0,0,0,0,0,0,0,0
"03394972",1,"2015","2014",0,0.153,0.153,"1",0,0,"17","D",0,0,1,"D",1,"D",8503,"D",0,"D",-1190,"D",0,"D",10810,"D",0,"D",0,"D",2300,"D",130,"D",0,"D",0,"D",600,"D",0,-144,0,0,-144,-144,1300.96,1300.96,7313,7313,8503.01,8503.01,0,0,0,0,0,0,0,0,7313,7313,0,0,0,0,0,0,3850,3850,0,0,144,144,0,0,0,0,0
"03394982",1,"2015","2014",0,0.029,0.029,"2",0.25,0.25,"21","D",0.05,0.05,1,"D",1,"D",120000,"D",0,"D",0,"D",0,"D",2976,"D",0,"D",0,"D",2100,"D",20,"D",0,"D",0,"D",5400,"D",16864,5128,16969.9,16757.4,5127.5,5127.5,17988,18174,122529.6,122529.6,120000.01,120000.01,0,0,0,0,0,0,0,0,122529.6,122529.6,0,0,16969.9,16757.4,16969.9,16757.4,4000,4000,0,0,0,0,0,0,0,0,0
"03394992",1,"2015","2014",0,0.153,0.153,"2",0.15,0.15,"05","D",0.06,0.06,1,"D",1,"D",0,"D",75000,"D",-3529,"D",0,"D",12862,"D",0,"D",0,"D",1900,"D",35,"D",0,"D",0,"D",0,"D",8194,1418,8228.06,8160.56,1435.5,1399.64,11475,11475,82403.7,82403.7,71471.01,71471.01,0,0,0,0,0,0,0,0,82403.7,82403.7,0,0,8228.06,8160.56,8228.06,8160.56,7984,8088,1935,1935,0,0,0,0,0,0,0
"03394992",2,"2015","2014",0,0.153,0.153,"1",0.15,0.25,"05","D",0.08,0.08,0,"D",0,"D",50000,"D",0,"D",-2500,"D",0,"D",0,"D",0,"D",0,"D",0,"D",0,"D",0,"D",0,"D",0,"D",5156,1528,5193.75,5118.75,1542.75,1513.82,7650,7650,47500,47500,47500.01,47500.01,0,0,0,0,0,0,0,0,47500,47500,0,0,5193.75,5118.75,5193.75,5118.75,3992,4044,0,0,0,0,0,0,0,0,0
"03394992",3,"2015","2014",0,0.153,0.153,"1",0.15,0.15,"05","D",0.04,0.04,0,"D",0,"D",23000,"D",0,"D",0,"D",0,"D",0,"D",0,"D",0,"D",0,"D",0,"D",0,"D",0,"D",0,"D",1459,203,1473.75,1443.75,207.38,198.53,3519,3519,23000,23000,23000.01,23000.01,0,0,0,0,0,0,0,0,23000,23000,0,0,1473.75,1443.75,1473.75,1443.75,3992,4044,0,0,0,0,0,0,0,0,0
"03395002",1,"2015","2014",0,0.153,0.153,"1",0.15,0.15,"36","D",0.0297,0.0317,0,"D",0,"D",31017,"D",0,"D",0,"D",0,"D",0,"D",0,"D",15600,"D",0,"D",0,"D",0,"D",0,"D",800,"D",2661,545,2676.3,2646.3,562.95,526.22,4745.6,4745.6,31017,31017,31017.01,31017.01,0,0,0,0,0,0,0,0,31017,31017,0,0,2676.3,2646.3,2676.3,2646.3,0,0,0,0,0,0,0,0,0,0,0
"03395032",1,"2015","2014",0,0.153,0.153,"1",0.099,0.099,"05","D",0,0,0,"D",0,"D",30000,"D",0,"D",0,"D",0,"D",0,"D",0,"D",0,"D",6000,"D",0,"D",0,"D",0,"D",16408,"D",312,0,314.51,309.51,0,0,4590,4590,30000,30000,30000.01,30000.01,0,0,0,0,0,0,0,0,13592,13592,0,0,314.51,309.51,314.51,309.51,3992,4044,22408,22408,0,0,0,0,0,0,0
"03395042",1,"2015","2014",5,0.153,0.153,"3",0.0606,0.0606,"0","T",0,0,0,"D",0,"D",25599,"D",0,"D",0,"D",0,"D",0,"D",0,"D",8100,"D",0,"D",0,"D",0,"D",4,"D",0,"D",-7980,0,-7896.7,-8063.09,0,0,3916.65,3916.65,25599,25599,0,0,0,0,3389.85,3389.85,0,0,4506.85,4673.24,25599,25599,0,0,0,0,0,0,0,0,0,0,0,0,0,0,0,0,0
"03395042",3,"2015","2014",0,0.153,0.153,"1",0.15,0.15,"0","T",0,0,0,"D",0,"D",26000,"D",0,"D",0,"D",0,"D",0,"D",0,"D",0,"D",0,"D",0,"D",0,"D",0,"D",0,"D",1909,0,1923.75,1893.75,0,0,3978,3978,26000,26000,0,0,0,0,0,0,0,0,0,0,26000,26000,0,0,1923.75,1893.75,1923.75,1893.75,0,0,0,0,0,0,0,0,0,0,0
"03395052",1,"2015","2014",0,0,0,"1",0.1455,0.1452,"36","D",0.0297,0.0317,1,"D",1,"D",0,"D",0,"D",122,"D",36631,"D",0,"D",0,"D",0,"D",3100,"D",55,"D",0,"D",0,"D",6300,"D",2967,491,2971.24,2963.47,514.72,466.52,0,0,36753,36753,36753.01,36753.01,0,0,0,0,0,0,0,0,30453,30453,0,0,2971.24,2963.47,2971.24,2963.47,0,0,0,0,0,0,0,0,0,0,0
"03395072",1,"2015","2014",1,0.153,0.153,"2",0.15,0.15,"10","D",0,0,0,"D",0,"D",52000,"D",2906,"D",7200,"D",0,"D",0,"D",0,"D",0,"D",3000,"D",146,"D",0,"D",0,"D",5808,"D",4737,0,4770.9,4703.4,0,0,8400.62,8400.62,62106,62106,0,0,0,0,0,0,0,0,0,0,62106,62106,0,0,4770.9,4703.4,4770.9,4703.4,0,0,0,0,0,0,0,0,0,0,0
"03395102",1,"2015","2014",2,0.153,0.153,"2",0.2356,0.2355,"34","D",0.0575,0.058,0,"D",0,"D",80000,"D",30000,"D",-2500,"D",0,"D",0,"D",0,"D",0,"D",1200,"D",100,"D",0,"D",1,"D",9288,"D",9568,5342,9649.25,9485.81,5365,5318.75,16830,16830,107500,107500,107500.01,107500.01,1000,1000,0,0,0,0,0,0,98212,98212,0,0,10649.25,10485.81,10649.25,10485.81,15000,15000,10488,10488,0,0,0,0,0,0,0
"03395112",1,"2015","2014",5,0.153,0.153,"2",0.3106,0.3106,"26","D",0.06,0.06,0,"D",0,"D",25140,"D",20431,"D",0,"D",0,"D",0,"D",0,"D",10900,"D",0,"D",0,"D",0,"D",3,"D",420,"D",-4010,922,-3892.2,-4128.34,928.26,916.26,6972.36,6972.36,45571,45571,45571.01,45571.01,552.1,497.1,2447.9,2502.9,0,0,1444.3,1625.44,45571,45571,0,0,552.1,497.1,552.1,497.1,12400,12600,0,0,0,0,0,0,0,0,0
"03395112",3,"2015","2014",5,0,0,"3",-0.45,-0.45,"26","D",0,0,0,"D",0,"D",0,"D",0,"D",0,"D",0,"D",0,"D",0,"D",0,"D",0,"D",0,"D",0,"D",3,"D",0,"D",0,0,0,0,0,0,0,0,0,0,0.01,0.01,0,0,0,0,0,0,0,0,0,0,0,0,0,0,0,0,9100,9250,0,0,0,0,0,0,0,0,0
"03395122",1,"2015","2014",0,0,0,"1",0,0,"41","D",0,0,1,"D",1,"D",0,"D",0,"D",0,"D",0,"D",14110,"D",0,"D",0,"D",950,"D",0,"D",0,"D",0,"D",1200,"D",0,0,0,0,0,0,0,0,0,0,-15000,-15000,0,0,0,0,0,0,0,0,0,0,0,0,0,0,0,0,0,0,0,0,0,0,0,0,0,0,0
"03395142",1,"2015","2014",2,0.153,0.153,"2",0.3106,0.3106,"39","D",0,0,0,"D",0,"D",0,"D",30000,"D",0,"D",0,"D",0,"D",0,"D",0,"D",830,"D",0,"D",0,"D",2,"D",0,"D",-5966,0,-5860.56,-6070.69,0,0,4590,4590,30000,30000,30000.01,30000.01,180,140,1820,1860,0,0,4040.56,4210.69,30000,30000,0,0,180,140,180,140,0,0,0,0,0,0,0,0,0,0,0
"03395172",1,"2015","2014",0,0,0,"1",-0.0765,-0.0765,"34","D",0,0,0,"D",0,"D",0,"D",0,"D",0,"D",0,"D",4092,"D",0,"D",1932,"D",0,"D",0,"D",0,"D",0,"D",0,"D",0,0,0,0,0,0,0,0,0,0,0.01,0.01,0,0,0,0,0,0,0,0,0,0,0,0,0,0,0,0,7500,7500,0,0,0,0,0,0,0,0,0
"03395182",1,"2015","2014",0,0,0,"1",-0.0765,-0.0765,"33","D",-0.0229,-0.0229,0,"D",0,"D",0,"D",0,"D",0,"D",0,"D",0,"D",0,"D",6000,"D",0,"D",0,"D",0,"D",0,"D",7,"D",0,0,0,0,0,0,0,0,0,0,0.01,0.01,0,0,0,0,0,0,0,0,0,0,0,0,0,0,0,0,7800,7900,0,0,0,0,0,0,0,0,0
"03395192",1,"2015","2014",3,0.153,0.153,"2",0.1488,0.1488,"05","D",0.06,0.06,0,"D",0,"D",20000,"D",60000,"D",491,"D",0,"D",0,"D",0,"D",0,"D",4500,"D",70,"D",0,"D",0,"D",14824,"D",5102,381,5128.31,5075.81,401.1,360.48,12240,12240,80491,80491,80491.01,80491.01,0,0,0,0,0,0,0,0,65667,65667,0,0,5128.31,5075.81,5128.31,5075.81,7984,8088,19394,19394,0,0,0,0,0,0,0
"03395202",1,"2015","2014",0,0.153,0.153,"1",0.15,0.15,"41","D",0.07,0.07,0,"D",0,"D",42000,"D",0,"D",210,"D",0,"D",0,"D",0,"D",0,"D",150,"D",196,"D",0,"D",0,"D",120,"D",4340,1749,4355.25,4325.25,1754.6,1744.1,6426,6426,42210,42210,32060.01,31910.01,0,0,0,0,0,0,0,0,42210,42210,0,0,4355.25,4325.25,4355.25,4325.25,0,0,0,0,0,0,0,0,0,0,0
"03395252",1,"2015","2014",3,0,0,"3",0.26,0.26,"05","D",0,0,0,"D",0,"D",0,"D",0,"D",67951,"D",0,"D",0,"D",0,"D",0,"D",114750,"D",890,"D",0,"D",1,"D",0,"D",2835,0,2939.26,2731.26,0,0,0,0,67951,67951,67951.01,67951.01,1000,1000,0,0,0,0,0,0,67951,67951,3939.26,3731.26,0,0,0,0,7984,8088,115640,115640,0,0,0,0,0,0,0
"03395262",1,"2015","2014",0,0.153,0.153,"1",0.1765,0.1765,"0","T",0,0,0,"D",0,"D",12006,"D",0,"D",0,"D",0,"D",0,"D",0,"D",7200,"D",0,"D",0,"D",0,"D",0,"D",0,"D",-29,0,-12.36,-45.07,0,0,1836.92,1836.92,12006,12006,0,0,0,0,0,0,0,0,197.96,215.67,12006,12006,0,0,185.6,170.6,185.6,170.6,0,0,0,0,0,0,0,0,0,0,0
"03395262",2,"2015","2014",0,0.153,0.153,"1",0.1,0.1,"0","T",0,0,0,"D",0,"D",17461,"D",0,"D",0,"D",0,"D",0,"D",0,"D",0,"D",0,"D",0,"D",0,"D",0,"D",0,"D",724,0,731.1,716.1,0,0,2671.53,2671.53,17461,17461,0,0,0,0,0,0,0,0,0,0,17461,17461,0,0,731.1,716.1,731.1,716.1,0,0,0,0,0,0,0,0,0,0,0
"03395272",1,"2015","2014",0,0.153,0.153,"1",0.25,0.25,"34","D",0.0575,0.058,0,"D",0,"D",56000,"D",0,"D",378,"D",0,"D",0,"D",0,"D",0,"D",950,"D",125,"D",0,"D",0,"D",0,"D",7363,2823,7413.25,7313.25,2834.92,2810.49,8568,8568,56378,56378,56378.01,56378.01,0,0,0,0,0,0,0,0,56378,56378,0,0,7413.25,7313.25,7413.25,7313.25,7500,7500,950,950,0,0,0,0,0,0,0
"03395302",1,"2015","2014",0,0.038,0.038,"2",0.35,0.35,"05","D",0.0986,0.0986,0,"D",0,"D",125000,"D",228786,"D",45074,"D",0,"D",0,"D",0,"D",0,"D",9400,"D",300,"D",0,"D",0,"D",19648,"D",96549,29587,96844.01,96254.01,29639.07,29534.77,40209.87,40581.87,398860,398860,398860.01,398860.01,0,0,0,0,0,0,0,0,379212,379212,6790.41,6700.17,88340.79,87841.03,88340.79,87841.03,7984,8088,26585.96,26861.12,0,0,0,0,0,0,0
"03395322",1,"2015","2014",2,0.153,0.153,"2",0,0.2106,"31","D",0.014,0.0561,0,"D",0,"D",23347,"D",0,"D",0,"D",0,"D",0,"D",0,"D",0,"D",210,"D",100,"D",0,"D",2,"D",0,"D",-7495,-1170,-7441.68,-7548,-881.48,-1457.54,3572.09,3572.09,23347,23347,23347.01,23347.01,0,0,2000,2000,0,0,5441.68,5548,23347,23347,0,0,0,0,0,0,0,0,0,0,50,50,0,0,1088.34,1664.4,0
"03395332",1,"2015","2014",1,0.153,0.153,"2",0.1474,0.1474,"31","D",0.0175,0.0175,0,"D",0,"D",2310,"D",56000,"D",-8397,"D",0,"D",0,"D",0,"D",0,"D",5700,"D",34,"D",0,"D",1,"D",11752,"D",1042,789,1060.64,1023.14,789.43,789.43,8921.43,8921.43,49913,49913,58310.01,58310.01,1000,1000,0,0,0,0,0,0,38161,38161,0,0,2060.64,2023.14,2060.64,2023.14,0,0,0,0,0,0,0,0,0,0,0
"03395342",1,"2015","2014",2,0.153,0.153,"2",0.15,0.15,"14","D",0.0375,0.05,0,"D",0,"D",21700,"D",79336,"D",0,"D",0,"D",0,"D",0,"D",14400,"D",0,"D",765,"D",0,"D",1,"D",80,"D",8980,4047,9017.9,8942.9,4626.8,3466.35,15458.51,15458.51,101036,101036,101036.01,101036.01,1000,1000,0,0,0,0,0,0,101036,101036,0,0,10017.9,9942.9,10017.9,9942.9,0,0,0,0,0,0,0,0,0,0,0
"03395352",1,"2015","2014",0,0.153,0.153,"1",0.15,0.15,"0","T",0,0,0,"D",0,"D",31000,"D",0,"D",0,"D",0,"D",0,"D",0,"D",6400,"D",0,"D",0,"D",0,"D",0,"D",0,"D",2659,0,2673.75,2643.75,0,0,4743,4743,31000,31000,0,0,0,0,0,0,0,0,0,0,31000,31000,0,0,2673.75,2643.75,2673.75,2643.75,0,0,0,0,0,0,0,0,0,0,0
"03395392",1,"2015","2014",1,0.0638,0.0638,"2",0.325,0.325,"44","D",0,0,0,"D",0,"D",228786,"D",60000,"D",-30000,"D",0,"D",0,"D",0,"D",0,"D",26180,"D",275,"D",12000,"D",1,"D",41096,"D",38384,0,38630.75,38136.75,0,0,30671.87,30857.87,258786,258786,0,0,0,0,0,0,600,600,0,0,217690,217690,2338.42,2081.92,36892.33,36654.83,36892.33,36654.83,0,0,0,0,0,0,0,0,0,0,0
"03395402",1,"2015","2014",2,0.153,0.153,"3",0.3106,0.3106,"12","D",0.064,0.064,0,"D",0,"D",21600,"D",0,"D",0,"D",0,"D",0,"D",0,"D",5400,"D",0,"D",0,"D",0,"D",0,"D",0,"D",-4694,312,-4601.04,-4786.43,312.18,312.18,3304.8,3304.8,21600,21600,21600.01,21600.01,0,0,0,0,0,0,4666.04,4821.43,21600,21600,0,0,65,35,65,35,3212,3212,417.69,417.69,0,0,0,0,0,0,0
"03395412",1,"2015","2014",0,0.153,0.153,"2",0.1,0.1,"14","D",0.0375,0.05,0,"D",0,"D",7478,"D",17469,"D",0,"D",0,"D",0,"D",0,"D",9600,"D",0,"D",0,"D",0,"D",0,"D",0,"D",450,905,464.7,434.7,1034.85,774.26,3816.89,3816.89,24947,24947,24947.01,24947.01,0,0,0,0,0,0,0,0,24947,24947,0,0,464.7,434.7,464.7,434.7,0,0,0,0,0,0,0,0,0,0,0
"03395412",2,"2015","2014",0,0.153,0.153,"1",0.1,0.1,"14","D",0.0375,0.05,0,"D",0,"D",17112,"D",0,"D",0,"D",0,"D",0,"D",0,"D",0,"D",0,"D",0,"D",0,"D",0,"D",0,"D",689,655,696.2,681.2,749.35,561.08,2618.14,2618.14,17112,17112,17112.01,17112.01,0,0,0,0,0,0,0,0,17112,17112,0,0,696.2,681.2,696.2,681.2,0,0,0,0,0,0,0,0,0,0,0
"03395422",1,"2015","2014",2,0.153,0.153,"3",0.15,0.15,"07","D",0.09,0.09,0,"D",0,"D",50000,"D",0,"D",4920,"D",0,"D",0,"D",0,"D",8,"D",0,"D",40,"D",0,"D",2,"D",0,"D",2421,2090,2448,2393,2089.8,2089.8,7650,7650,54920,54920,54920.01,54920.01,2000,2000,0,0,0,0,0,0,54920,54920,0,0,4448,4393,4448,4393,0,0,0,0,0,0,0,0,0,0,0
"03395442",1,"2015","2014",0,0.153,0.153,"1",0.25,0.25,"26","D",0.06,0.06,0,"D",0,"D",85000,"D",0,"D",0,"D",0,"D",0,"D",0,"D",10800,"D",0,"D",80,"D",0,"D",0,"D",0,"D",14519,4074,14568.75,14468.75,4077,4071,13005,13005,85000,85000,85000.01,85000.01,0,0,0,0,0,0,0,0,85000,85000,0,0,14568.75,14468.75,14568.75,14468.75,6200,6300,0,0,0,0,0,0,0,0,0
"03395462",1,"2015","2014",2,0,0,"3",-0.4,-0.4,"10","D",0,0,0,"D",0,"D",0,"D",0,"D",0,"D",0,"D",0,"D",0,"D",3288,"D",0,"D",0,"D",0,"D",0,"D",236,"D",0,0,0,0,0,0,0,0,0,0,0,0,0,0,0,0,0,0,0,0,0,0,0,0,0,0,0,0,0,0,0,0,0,0,0,0,0,0,0
"03395482",1,"2015","2014",0,0,0,"1",0,0,"23","D",0,0,1,"D",1,"D",0,"D",0,"D",0,"D",6335,"D",13373,"D",0,"D",0,"D",7200,"D",84,"D",0,"D",0,"D",0,"D",0,-1200,0,0,-1200,-1200,0,0,6335,6335,0.01,0.01,0,0,0,0,0,0,0,0,6335,6335,0,0,0,0,0,0,0,0,0,0,1200,1200,0,0,0,0,0
"03395492",1,"2015","2014",1,0.153,0.153,"3",-0.34,-0.34,"44","D",0,0,0,"D",0,"D",7200,"D",0,"D",-1165,"D",0,"D",0,"D",0,"D",0,"D",3500,"D",600,"D",0,"D",0,"D",2636,"D",-2448,0,-2448,-2448,0,0,1101.6,1101.6,6035,6035,0,0,0,0,0,0,0,0,2448,2448,6035,6035,0,0,0,0,0,0,0,0,0,0,0,0,0,0,0,0,0
"03395502",1,"2015","2014",0,0.153,0.153,"1",0.15,0.15,"05","D",0.06,0.06,0,"D",0,"D",33527,"D",0,"D",0,"D",0,"D",0,"D",0,"D",10200,"D",0,"D",215,"D",0,"D",0,"D",0,"D",3038,571,3052.8,3022.8,579.24,561.81,5129.63,5129.63,33527,33527,33527.01,33527.01,0,0,0,0,0,0,0,0,33527,33527,0,0,3052.8,3022.8,3052.8,3022.8,3992,4044,215,215,0,0,0,0,0,0,0
"03395512",1,"2015","2014",0,0.153,0.153,"1",0.15,0.15,"22","D",0.0515,0.052,0,"D",0,"D",42000,"D",0,"D",0,"D",0,"D",0,"D",0,"D",7200,"D",0,"D",0,"D",0,"D",0,"D",0,"D",4309,1687,4323.75,4293.75,1695.2,1678.9,6426,6426,42000,42000,42000.01,42000.01,0,0,0,0,0,0,0,0,42000,42000,0,0,4323.75,4293.75,4323.75,4293.75,0,0,0,0,0,0,0,0,0,0,0
"03395512",2,"2015","2014",0,0.153,0.153,"1",0.15,0.15,"22","D",0.0515,0.052,0,"D",0,"D",50000,"D",0,"D",-5500,"D",0,"D",0,"D",0,"D",0,"D",0,"D",0,"D",0,"D",0,"D",0,"D",4684,1972,4698.75,4668.75,1981.2,1962.15,7650,7650,44500,44500,44500.01,44500.01,0,0,0,0,0,0,0,0,44500,44500,0,0,4698.75,4668.75,4698.75,4668.75,0,0,0,0,0,0,0,0,0,0,0
"03395512",3,"2015","2014",0,0.153,0.153,"1",0.15,0.15,"22","D",0.0476,0.048,0,"D",0,"D",25000,"D",0,"D",0,"D",0,"D",0,"D",0,"D",0,"D",0,"D",0,"D",0,"D",0,"D",0,"D",1759,967,1773.75,1743.75,971.75,962.41,3825,3825,25000,25000,25000.01,25000.01,0,0,0,0,0,0,0,0,25000,25000,0,0,1773.75,1743.75,1773.75,1743.75,0,0,0,0,0,0,0,0,0,0,0
"03395522",1,"2015","2014",0,0.153,0.153,"1",0.15,0.15,"29","D",0,0,0,"D",0,"D",45000,"D",0,"D",-178,"D",0,"D",0,"D",0,"D",9600,"D",0,"D",0,"D",0,"D",0,"D",0,"D",4732,0,4747.05,4717.05,0,0,6885,6885,44822,44822,0,0,0,0,0,0,0,0,0,0,44822,44822,0,0,4747.05,4717.05,4747.05,4717.05,0,0,0,0,0,0,0,0,0,0,0
"03395552",1,"2015","2014",0,0,0,"1",0,0,"21","D",0,0,1,"D",1,"D",0,"D",0,"D",0,"D",2932,"D",0,"D",0,"D",0,"D",1600,"D",0,"D",0,"D",0,"D",3780,"D",0,0,0,0,0,0,0,0,2932,2932,0.01,0.01,0,0,0,0,0,0,0,0,2932,2932,0,0,0,0,0,0,1500,1500,0,0,0,0,0,0,0,0,0
"03395592",1,"2015","2014",0,0.038,0.038,"1",0.35,0.35,"05","D",0.093,0.093,0,"D",0,"D",228786,"D",0,"D",-8050,"D",0,"D",0,"D",0,"D",43356,"D",0,"D",2850,"D",0,"D",0,"D",240,"D",50321,17644,50528.6,50113.6,17665.98,17621.79,21401.87,21587.87,220736,220736,220736.01,220736.01,0,0,0,0,0,0,0,0,220496,220496,1980.44,1819.36,48548.16,48294.24,48548.16,48294.24,3992,4044,618,618,0,0,0,0,0,0,0
"03395592",2,"2015","2014",0,0.153,0.153,"1",0.254,0.254,"05","D",0.093,0.093,0,"D",0,"D",110000,"D",0,"D",0,"D",0,"D",0,"D",0,"D",0,"D",0,"D",0,"D",0,"D",0,"D",0,"D",20783,7240,20837.08,20729.27,7259.54,7221.34,16830,16830,110000,110000,110000.01,110000.01,0,0,0,0,0,0,0,0,110000,110000,0,0,20837.08,20729.27,20837.08,20729.27,3992,4044,0,0,0,0,0,0,0,0,0
"03395602",1,"2015","2014",1,0.153,0.153,"2",0.2985,0.2985,"44","D",0,0,0,"D",0,"D",53000,"D",67000,"D",-1675,"D",0,"D",0,"D",0,"D",0,"D",6000,"D",705,"D",0,"D",1,"D",7752,"D",13741,0,13821.96,13659.46,0,0,18360,18360,118325,118325,0,0,583.75,583.75,0,0,0,0,0,0,110573,110573,0,0,14405.71,14243.21,14405.71,14243.21,0,0,0,0,0,0,0,0,0,0,0
"03395612",1,"2015","2014",0,0.153,0.153,"1",0.15,0.25,"0","T",0,0,0,"D",0,"D",46000,"D",0,"D",1200,"D",0,"D",0,"D",0,"D",0,"D",1300,"D",57,"D",0,"D",0,"D",0,"D",5096,0,5118.75,5073.75,0,0,7038,7038,47200,47200,0,0,0,0,0,0,0,0,0,0,47200,47200,0,0,5118.75,5073.75,5118.75,5073.75,0,0,0,0,0,0,0,0,0,0,0
"03395622",1,"2015","2014",4,0.153,0.153,"2",0.15,0.15,"28","D",0.0501,0.0501,0,"D",0,"D",41758,"D",20000,"D",-3970,"D",0,"D",0,"D",0,"D",0,"D",2400,"D",550,"D",0,"D",2,"D",4464,"D",301,887,345.7,255.7,902.94,871.27,9448.97,9448.97,57788,57788,57788.01,57788.01,2000,2000,0,0,0,0,0,0,57788,57788,0,0,2345.7,2255.7,2345.7,2255.7,12400,12600,0,0,0,0,0,0,0,0,0
"03395622",2,"2015","2014",4,0,0,"3",-0.45,-0.45,"28","D",-0.045,-0.045,0,"D",0,"D",0,"D",0,"D",0,"D",0,"D",0,"D",0,"D",0,"D",0,"D",0,"D",0,"D",2,"D",0,"D",0,0,0,0,0,0,0,0,0,0,0.01,0.01,0,0,0,0,0,0,0,0,0,0,0,0,0,0,0,0,9100,9250,0,0,0,0,0,0,0,0,0
"03395632",1,"2015","2014",0,0.0528,0.0528,"2",0.3287,0.3287,"10","D",0,0,0,"D",0,"D",32716,"D",241175,"D",0,"D",0,"D",0,"D",0,"D",0,"D",1400,"D",50,"D",0,"D",0,"D",15964,"D",57140,0,57344.44,56935.94,0,0,26722.64,26908.64,273891,273891,0,0,0,0,0,0,0,0,0,0,257927,257927,0,0,57344.44,56935.94,57344.44,56935.94,0,0,0,0,0,0,0,0,0,0,0
"03395642",1,"2015","2014",1,0.153,0.153,"3",0.2598,0.2598,"07","D",0.0634,0.0634,0,"D",0,"D",29000,"D",0,"D",361,"D",0,"D",0,"D",0,"D",9600,"D",0,"D",0,"D",0,"D",1,"D",0,"D",-1291,-215,-1226.25,-1356.38,-200.11,-229.02,4437,4437,29361,29361,29361.01,29361.01,1000,1000,0,0,0,0,1462.35,1567.48,29361,29361,0,0,1236.1,1211.1,1236.1,1211.1,0,0,0,0,0,0,0,0,402.14,431.06,0
"03395642",2,"2015","2014",0,0.153,0.153,"1",0.1,0.1,"07","D",0.0075,0.0075,0,"D",0,"D",16944,"D",0,"D",0,"D",0,"D",0,"D",0,"D",0,"D",0,"D",0,"D",0,"D",0,"D",0,"D",672,18,679.4,664.4,18.33,18.33,2592.43,2592.43,16944,16944,16944.01,16944.01,0,0,0,0,0,0,0,0,16944,16944,0,0,679.4,664.4,679.4,664.4,0,0,0,0,0,0,0,0,0,0,0
"03395662",1,"2015","2014",1,0.153,0.153,"2",0.1414,0.1414,"47","D",0.0575,0.0575,0,"D",0,"D",68000,"D",0,"D",-1166,"D",0,"D",0,"D",0,"D",0,"D",2800,"D",1512,"D",0,"D",1,"D",11840,"D",3524,2496,3542.86,3505.36,2496.29,2496.29,10404,10404,66834,66834,66834.01,66834.01,1000,1000,0,0,0,0,0,0,54994,54994,0,0,4542.86,4505.36,4542.86,4505.36,6000,6000,16152,16152,0,0,0,0,0,0,0
"03395682",1,"2015","2014",1,0,0,"3",-0.34,-0.34,"17","D",-0.0578,-0.0578,0,"D",0,"D",0,"D",0,"D",700,"D",750,"D",14880,"D",0,"D",0,"D",1100,"D",268,"D",0,"D",1,"D",5720,"D",0,-240,0,0,-240,-240,0,0,1450,1450,750.01,750.01,0,0,0,0,0,0,0,0,1450,1450,0,0,0,0,0,0,5500,5500,0,0,240,240,0,0,0,0,0
"03395702",1,"2015","2014",0,0.153,0.153,"1",0.15,0.15,"36","D",0.0297,0.0317,0,"D",0,"D",34000,"D",0,"D",-2680,"D",0,"D",0,"D",0,"D",0,"D",360,"D",0,"D",0,"D",0,"D",4740,"D",2707,554,2721.75,2691.75,572.55,535.21,5202,5202,31320,31320,31320.01,31320.01,0,0,0,0,0,0,0,0,31320,31320,0,0,2721.75,2691.75,2721.75,2691.75,0,0,0,0,0,0,0,0,0,0,0
"03395792",1,"2015","2014",0,0,0,"1",0,0,"39","D",0,0,1,"D",1,"D",0,"D",0,"D",0,"D",0,"D",16253,"D",0,"D",16800,"D",4000,"D",167,"D",0,"D",0,"D",0,"D",0,0,0,0,0,0,0,0,0,0,0.01,0.01,0,0,0,0,0,0,0,0,0,0,0,0,0,0,0,0,0,0,0,0,0,0,0,0,0,0,0
"03395812",1,"2015","2014",1,0.153,0.153,"3",0.2592,0.2592,"19","D",0.0453,0.0453,0,"D",0,"D",33795,"D",0,"D",0,"D",0,"D",0,"D",0,"D",0,"D",3300,"D",0,"D",0,"D",1,"D",21112,"D",-1698,241,-1640.32,-1755.46,249.01,233.33,5170.63,5170.63,33795,33795,33795.01,33795.01,113.47,103.47,886.53,896.53,0,0,753.79,858.93,12683,12683,0,0,113.47,103.47,113.47,103.47,0,0,0,0,0,0,0,0,26.38,30.06,0
"03395812",2,"2015","2014",0,0.153,0.153,"1",0.15,0.15,"19","D",0.034,0.034,0,"D",0,"D",19979,"D",0,"D",0,"D",0,"D",0,"D",0,"D",0,"D",0,"D",0,"D",0,"D",0,"D",0,"D",1006,429,1020.6,990.6,428.34,429.54,3056.79,3056.79,19979,19979,19979.01,19979.01,0,0,0,0,0,0,0,0,19979,19979,0,0,1020.6,990.6,1020.6,990.6,0,0,0,0,0,0,0,0,0,0,0
"03395812",3,"2015","2014",0,0.153,0.153,"1",0.15,0.15,"19","D",0.034,0.034,0,"D",0,"D",31738,"D",0,"D",0,"D",0,"D",0,"D",0,"D",0,"D",0,"D",0,"D",0,"D",0,"D",0,"D",2769,829,2784.45,2754.45,828.14,829.34,4855.91,4855.91,31738,31738,31738.01,31738.01,0,0,0,0,0,0,0,0,31738,31738,0,0,2784.45,2754.45,2784.45,2754.45,0,0,0,0,0,0,0,0,0,0,0
"03395862",1,"2015","2014",2,0.153,0.153,"2",0.1429,0.1429,"21","D",0.0475,0.0475,0,"D",0,"D",38343,"D",67364,"D",-10154,"D",0,"D",0,"D",0,"D",0,"D",3300,"D",551,"D",0,"D",2,"D",14984,"D",5769,2927,5791.21,5746.21,2926.61,2926.61,16173.17,16173.17,95553,95553,94353.01,94353.01,2000,2000,0,0,0,0,0,0,80569,80569,0,0,7791.21,7746.21,7791.21,7746.21,4000,4000,18835,18835,0,0,0,0,0,0,0
"03395872",1,"2015","2014",2,0.153,0.153,"3",0.3106,0.3106,"0","T",0,0,0,"D",0,"D",30596,"D",0,"D",0,"D",0,"D",0,"D",0,"D",0,"D",130,"D",99,"D",0,"D",0,"D",2124,"D",-1900,0,-1806.88,-1992.27,0,0,4681.19,4681.19,30596,30596,0,0,0,0,0,0,0,0,2771.48,2926.87,30596,30596,0,0,964.6,934.6,964.6,934.6,0,0,0,0,0,0,0,0,0,0,0
"03395902",1,"2015","2014",4,0.153,0.153,"2",0.2106,0.2106,"48","D",0,0,0,"D",0,"D",0,"D",34152,"D",0,"D",0,"D",0,"D",999,"D",0,"D",2500,"D",0,"D",0,"D",4,"D",0,"D",-7940,0,-7849.14,-8030.28,0,0,5225.26,5225.26,34152,34152,0,0,0,0,4000,4000,0,0,3849.14,4030.28,34152,34152,0,0,0,0,0,0,0,0,0,0,0,0,0,0,0,0,0
"03395912",1,"2015","2014",0,0.153,0.153,"2",0.25,0.25,"0","T",0,0,0,"D",0,"D",45000,"D",75000,"D",-4219,"D",0,"D",0,"D",0,"D",0,"D",2700,"D",0,"D",0,"D",0,"D",5364,"D",15483,0,15582.75,15382.75,0,0,18360,18360,115781,115781,0,0,0,0,0,0,0,0,0,0,115781,115781,0,0,15582.75,15382.75,15582.75,15382.75,0,0,0,0,0,0,0,0,0,0,0
"03395932",1,"2015","2014",0,0,0,"1",0,0,"47","D",0,0,1,"D",1,"D",0,"D",0,"D",0,"D",208,"D",23062,"D",0,"D",15600,"D",0,"D",330,"D",0,"D",0,"D",240,"D",0,0,0,0,0,0,0,0,208,208,208.01,208.01,0,0,0,0,0,0,0,0,208,208,0,0,0,0,0,0,0,0,0,0,0,0,0,0,0,0,0
"03395972",1,"2015","2014",2,0,0,"3",0,0,"06","D",0,0,0,"D",0,"D",0,"D",0,"D",15745,"D",0,"D",0,"D",0,"D",0,"D",1000,"D",1575,"D",0,"D",0,"D",7358,"D",0,-7,0,0,0,-13,0,0,15745,15745,0,0,0,0,0,0,0,0,0,0,15745,15745,0,0,0,0,0,0,0,0,0,0,0,0,0,0,0,0,0
"03395992",1,"2015","2014",0,0.033,0.033,"2",0.2684,0.2684,"19","D",0.0414,0.0414,0,"D",0,"D",8072,"D",241175,"D",0,"D",0,"D",0,"D",0,"D",0,"D",540,"D",0,"D",0,"D",0,"D",8352,"D",49713,8971,49828.02,49597.71,8958.54,8982.9,22737.09,22923.09,249247,249247,249247.01,249247.01,0,0,0,0,0,0,0,0,240895,240895,0,0,49828.02,49597.71,49828.02,49597.71,0,0,0,0,0,0,0,0,0,0,0
"03396012",1,"2015","2014",0,0.153,0.153,"2",0.25,0.25,"0","T",0,0,0,"D",0,"D",105914,"D",58634,"D",0,"D",0,"D",0,"D",0,"D",0,"D",1500,"D",30,"D",0,"D",0,"D",3852,"D",27675,0,27774.5,27574.5,0,0,25175.84,25175.84,164548,164548,0,0,0,0,0,0,0,0,0,0,164548,164548,0,0,27774.5,27574.5,27774.5,27574.5,0,0,0,0,0,0,0,0,0,0,0
"03396042",1,"2015","2014",0,0.153,0.153,"1",0.1765,0.1765,"29","D",0,0,0,"D",0,"D",13464,"D",0,"D",0,"D",0,"D",0,"D",0,"D",0,"D",0,"D",0,"D",0,"D",0,"D",0,"D",229,0,244.98,212.27,0,0,2059.99,2059.99,13464,13464,0,0,0,0,0,0,0,0,86.42,104.13,13464,13464,0,0,331.4,316.4,331.4,316.4,0,0,0,0,0,0,0,0,0,0,0
"03396052",1,"2015","2014",0,0.029,0.029,"1",0.2562,0.2562,"09","D",0.085,0.085,0,"D",0,"D",140000,"D",0,"D",-2329,"D",0,"D",0,"D",0,"D",26400,"D",0,"D",40,"D",0,"D",0,"D",2240,"D",27174,9806,27178.49,27170.17,10002.66,9609.16,18568,18754,137671,137671,137671.01,137671.01,0,0,0,0,0,0,0,0,135431,135431,0,0,27178.49,27170.17,27178.49,27170.17,4150,5200,2280,2280,0,0,0,0,0,0,0
"03396072",1,"2015","2014",1,0.153,0.153,"2",0.15,0.15,"44","D",0,0,1,"D",1,"D",24660,"D",24706,"D",0,"D",0,"D",0,"D",0,"D",0,"D",740,"D",0,"D",0,"D",0,"D",0,"D",2642,0,2679.9,2604.9,0,0,7553,7553,49366,49366,0,0,0,0,0,0,0,0,0,0,49366,49366,0,0,2679.9,2604.9,2679.9,2604.9,0,0,0,0,0,0,0,0,0,0,0
"03396092",1,"2015","2014",2,0.0635,0.0635,"2",0.325,0.325,"22","D",0.0515,0.052,0,"D",0,"D",52000,"D",135000,"D",30000,"D",14400,"D",0,"D",0,"D",0,"D",20180,"D",1117,"D",0,"D",1,"D",328,"D",43333,10836,43579.9,43085.9,10888.8,10784.1,26379,26565,231400,231400,231400.01,231400.01,0,0,0,0,0,0,0,0,231072,231072,5068.76,4796.95,38511.14,38288.95,38511.14,38288.95,0,0,0,0,0,0,0,0,0,0,0
"03396102",1,"2015","2014",4,0.153,0.153,"2",0.1883,0.1884,"33","D",0.078,0.0777,0,"D",0,"D",50964,"D",85621,"D",0,"D",0,"D",0,"D",0,"D",0,"D",18180,"D",700,"D",12000,"D",4,"D",54928,"D",584,3131,584.5,582.75,3325.3,2936.98,20897.5,20897.5,136585,136585,136585.01,136585.01,2670.75,2670.75,0,0,1200,1200,0,0,81657,81657,0,0,4455.25,4453.5,4455.25,4453.5,15650,15850,73808,73808,0,0,240,240,0,0,0
"03396112",1,"2015","2014",0,0.153,0.153,"1",0.15,0.15,"0","T",0,0,0,"D",0,"D",22000,"D",0,"D",0,"D",0,"D",0,"D",0,"D",5500,"D",0,"D",25,"D",0,"D",0,"D",600,"D",1309,0,1323.75,1293.75,0,0,3366,3366,22000,22000,0,0,0,0,0,0,0,0,0,0,22000,22000,0,0,1323.75,1293.75,1323.75,1293.75,0,0,0,0,0,0,0,0,0,0,0
"03396132",1,"2015","2014",0,0.153,0.153,"2",0.15,0.25,"0","T",0,0,0,"D",0,"D",55000,"D",40000,"D",0,"D",0,"D",0,"D",0,"D",0,"D",2400,"D",20,"D",0,"D",0,"D",4916,"D",10313,0,10387.5,10237.5,0,0,14535,14535,95000,95000,0,0,0,0,0,0,0,0,0,0,95000,95000,0,0,10387.5,10237.5,10387.5,10237.5,0,0,0,0,0,0,0,0,0,0,0
"03396152",1,"2015","2014",0,0.153,0.153,"2",0.15,0.15,"14","D",0.0375,0.05,1,"D",1,"D",32575,"D",17535,"D",0,"D",0,"D",0,"D",0,"D",0,"D",6500,"D",40,"D",0,"D",0,"D",4472,"D",3350,1637,3384,3316.5,1918,1355.38,7666.83,7666.83,50110,50110,50110.01,50110.01,0,0,0,0,0,0,0,0,50110,50110,0,0,3384,3316.5,3384,3316.5,0,0,0,0,325,325,0,0,0,0,0
"03396152",2,"2015","2014",0,0.153,0.153,"1",0.15,0.15,"14","D",0.0375,0.05,0,"D",0,"D",19973,"D",0,"D",0,"D",0,"D",0,"D",0,"D",0,"D",0,"D",0,"D",0,"D",0,"D",0,"D",1005,780,1019.7,989.7,892.4,668.36,3055.87,3055.87,19973,19973,19973.01,19973.01,0,0,0,0,0,0,0,0,19973,19973,0,0,1019.7,989.7,1019.7,989.7,0,0,0,0,0,0,0,0,0,0,0
"03396162",1,"2015","2014",0,0,0,"1",0,0,"25","D",0,0,1,"D",1,"D",0,"D",0,"D",0,"D",0,"D",15936,"D",0,"D",0,"D",370,"D",0,"D",0,"D",0,"D",1500,"D",0,0,0,0,0,0,0,0,0,0,0.01,0.01,0,0,0,0,0,0,0,0,0,0,0,0,0,0,0,0,2300,2300,1870,1870,0,0,0,0,0,0,0
"03396182",1,"2015","2014",1,0.153,0.153,"3",0.2598,0.2598,"44","D",0,0,0,"D",0,"D",21000,"D",0,"D",0,"D",0,"D",0,"D",0,"D",16800,"D",0,"D",0,"D",0,"D",0,"D",120,"D",-2464,0,-2398.43,-2528.57,0,0,3213,3213,21000,21000,0,0,0,0,0,0,0,0,2798.43,2903.57,21000,21000,0,0,400,375,400,375,0,0,0,0,0,0,0,0,0,0,0
"03396182",2,"2015","2014",0,0.153,0.153,"1",0.15,0.15,"44","D",0,0,0,"D",0,"D",40000,"D",0,"D",-780,"D",0,"D",0,"D",0,"D",0,"D",0,"D",0,"D",0,"D",0,"D",0,"D",3892,0,3906.75,3876.75,0,0,6120,6120,39220,39220,0,0,0,0,0,0,0,0,0,0,39220,39220,0,0,3906.75,3876.75,3906.75,3876.75,0,0,0,0,0,0,0,0,0,0,0
"03396192",1,"2015","2014",2,0.153,0.153,"2",0.15,0.15,"33","D",0.0645,0.0645,0,"D",0,"D",19000,"D",80000,"D",-2552,"D",0,"D",0,"D",0,"D",0,"D",3800,"D",304,"D",0,"D",2,"D",660,"D",7292,3575,7329.7,7254.7,3764.7,3386.26,15147,15147,96448,96448,96448.01,96448.01,2000,2000,0,0,0,0,0,0,96448,96448,0,0,9329.7,9254.7,9329.7,9254.7,15650,15850,0,0,0,0,0,0,0,0,0
"03396252",1,"2015","2014",0,0,0,"1",0,0,"0","T",0,0,1,"D",1,"D",0,"D",0,"D",0,"D",342,"D",18370,"D",0,"D",0,"D",800,"D",23,"D",0,"D",0,"D",0,"D",0,0,0,0,0,0,0,0,342,342,0,0,0,0,0,0,0,0,0,0,342,342,0,0,0,0,0,0,0,0,0,0,0,0,0,0,0,0,0
"03396292",1,"2015","2014",0,0.153,0.153,"2",0.15,0.15,"33","D",0.0645,0.0645,0,"D",0,"D",80000,"D",0,"D",0,"D",0,"D",0,"D",0,"D",0,"D",3500,"D",20,"D",0,"D",0,"D",4200,"D",8018,3479,8047.5,7987.5,3492.8,3464.37,12240,12240,80000,80000,80000.01,80000.01,0,0,0,0,0,0,0,0,80000,80000,0,0,8047.5,7987.5,8047.5,7987.5,15650,15850,0,0,0,0,0,0,0,0,0
"03396322",1,"2015","2014",1,0.153,0.153,"2",0.15,0.15,"36","D",0.0331,0.0355,0,"D",0,"D",72500,"D",8000,"D",0,"D",0,"D",0,"D",0,"D",0,"D",2400,"D",0,"D",0,"D",1,"D",6736,"D",6496,2059,6530,6462.5,2125.56,1991.6,12316.5,12316.5,80500,80500,80500.01,80500.01,1000,1000,0,0,0,0,0,0,80500,80500,0,0,7530,7462.5,7530,7462.5,0,0,0,0,0,0,0,0,0,0,0
"03396332",1,"2015","2014",0,0.029,0.029,"2",0.25,0.25,"44","D",0,0,0,"D",0,"D",150000,"D",0,"D",0,"D",0,"D",0,"D",0,"D",20400,"D",0,"D",0,"D",0,"D",0,"D",0,"D",24038,0,24137.5,23937.5,0,0,18858,19044,150000,150000,0,0,0,0,0,0,0,0,0,0,150000,150000,0,0,24137.5,23937.5,24137.5,23937.5,0,0,0,0,0,0,0,0,0,0,0
"03396362",1,"2015","2014",0,0.153,0.153,"1",0.1454,0.1454,"39","D",0.0307,0.0307,0,"D",0,"D",45000,"D",0,"D",-1202,"D",0,"D",0,"D",0,"D",0,"D",1900,"D",50,"D",0,"D",0,"D",10112,"D",3505,1345,3512.46,3497.46,1344.6,1344.6,6885,6885,43798,43798,43798.01,43798.01,0,0,0,0,0,0,0,0,33686,33686,0,0,3512.46,3497.46,3512.46,3497.46,0,0,0,0,0,0,0,0,0,0,0
"03396382",1,"2015","2014",0,0,0,"1",0,0,"0","T",0,0,1,"D",1,"D",0,"D",0,"D",0,"D",0,"D",0,"D",0,"D",0,"D",300,"D",0,"D",0,"D",0,"D",10,"D",0,0,0,0,0,0,0,0,0,0,0,0,0,0,0,0,0,0,0,0,0,0,0,0,0,0,0,0,0,0,0,0,0,0,0,0,0,0,0
"03396392",1,"2015","2014",2,0.153,0.153,"2",0.2362,0.2362,"31","D",0.0553,0.0553,0,"D",0,"D",73000,"D",91000,"D",-4500,"D",0,"D",0,"D",0,"D",0,"D",16180,"D",420,"D",0,"D",2,"D",13788,"D",18589,5457,18676.19,18501.19,5457.25,5457.25,25092,25092,159500,159500,164000.01,164000.01,0,0,0,0,0,0,0,0,145712,145712,0,0,18676.19,18501.19,18676.19,18501.19,0,0,0,0,0,0,0,0,0,0,0
"03396402",1,"2015","2014",0,0.153,0.153,"2",0.0765,0.0765,"22","D",0.1115,0.1115,0,"D",0,"D",1200,"D",14500,"D",480,"D",3200,"D",14674,"D",0,"D",0,"D",3540,"D",4430,"D",0,"D",0,"D",4532,"D",-61,314,-49.24,-72.3,315.61,312.15,2402.1,2402.1,19380,19380,19380.01,19380.01,0,0,0,0,0,0,49.24,72.3,19380,19380,0,0,0,0,0,0,0,0,0,0,0,0,0,0,7.39,10.85,0
"03396432",1,"2015","2014",3,0.153,0.153,"3",0.3106,0.3106,"44","D",0,0,0,"D",0,"D",31442,"D",0,"D",0,"D",0,"D",0,"D",0,"D",5280,"D",0,"D",0,"D",0,"D",3,"D",0,"D",-5723,0,-5622.11,-5823.5,0,0,4810.63,4810.63,31442,31442,0,0,654.2,619.2,2345.8,2380.8,0,0,3276.31,3442.7,31442,31442,0,0,654.2,619.2,654.2,619.2,0,0,0,0,0,0,0,0,0,0,0
"03396442",1,"2015","2014",0,0.153,0.153,"2",0.15,0.15,"33","D",0.0645,0.0645,0,"D",0,"D",60000,"D",33000,"D",0,"D",0,"D",0,"D",0,"D",18000,"D",0,"D",0,"D",0,"D",0,"D",0,"D",9968,4317,9997.5,9937.5,4331.3,4302.87,14229,14229,93000,93000,93000.01,93000.01,0,0,0,0,0,0,0,0,93000,93000,0,0,9997.5,9937.5,9997.5,9937.5,15650,15850,0,0,0,0,0,0,0,0,0
"03396463",1,"2015","2014",0,0,0,"1",0,0,"0","T",0,0,1,"D",1,"D",0,"D",0,"D",0,"D",0,"D",15946,"D",0,"D",8400,"D",0,"D",0,"D",0,"D",0,"D",0,"D",0,0,0,0,0,0,0,0,0,0,0,0,0,0,0,0,0,0,0,0,0,0,0,0,0,0,0,0,0,0,0,0,0,0,0,0,0,0,0
"03396472",1,"2015","2014",4,0.153,0.153,"2",0.2106,0.2106,"11","D",0.02,0.02,0,"D",0,"D",25000,"D",0,"D",0,"D",0,"D",0,"D",0,"D",0,"D",750,"D",0,"D",0,"D",3,"D",0,"D",-8867,42,-8776.56,-8957.69,42,42,3825,3825,25000,25000,25000.01,25000.01,0,0,3000,3000,0,0,5776.56,5957.69,25000,25000,0,0,0,0,0,0,3000,3000,0,0,0,0,0,0,0,0,0
"03396472",2,"2015","2014",0,0.153,0.153,"2",0.1,0.1,"11","D",0.06,0.06,0,"D",0,"D",27132,"D",4292,"D",0,"D",0,"D",0,"D",0,"D",0,"D",0,"D",0,"D",0,"D",0,"D",0,"D",1097,1001,1112.4,1082.4,1001.44,1001.44,4807.87,4807.87,31424,31424,31424.01,31424.01,0,0,0,0,0,0,0,0,31424,31424,0,0,1112.4,1082.4,1112.4,1082.4,3000,3000,0,0,0,0,0,0,0,0,0
"03396472",3,"2015","2014",0,0.153,0.153,"1",0.15,0.15,"11","D",0.06,0.06,0,"D",0,"D",20645,"D",0,"D",0,"D",0,"D",0,"D",0,"D",0,"D",0,"D",0,"D",0,"D",0,"D",0,"D",1106,749,1120.5,1090.5,748.7,748.7,3158.68,3158.68,20645,20645,20645.01,20645.01,0,0,0,0,0,0,0,0,20645,20645,0,0,1120.5,1090.5,1120.5,1090.5,2300,2300,0,0,0,0,0,0,0,0,0
"03396502",1,"2015","2014",0,0.153,0.153,"2",0.15,0.15,"44","D",0,0,0,"D",0,"D",0,"D",44191,"D",0,"D",0,"D",0,"D",0,"D",14136,"D",0,"D",0,"D",0,"D",0,"D",0,"D",2646,0,2676.15,2616.15,0,0,6761.22,6761.22,44191,44191,0,0,0,0,0,0,0,0,0,0,44191,44191,0,0,2676.15,2616.15,2676.15,2616.15,0,0,0,0,0,0,0,0,0,0,0
"03396512",1,"2015","2014",3,0.153,0.153,"2",-0.15,-0.15,"03","D",0,0,0,"D",0,"D",0,"D",16837,"D",0,"D",0,"D",0,"D",0,"D",0,"D",4000,"D",0,"D",0,"D",3,"D",13996,"D",-8268,-100,-8218.55,-8317.55,-100,-100,2576.06,2576.06,16837,16837,16837.01,16837.01,0,0,2075.55,2075.55,0,0,6143,6242,16837,16837,0,0,0,0,0,0,10018,10182,18358.62,18358.62,0,0,0,0,0,0,0
"03396522",1,"2015","2014",0,0.153,0.153,"1",0.15,0.15,"10","D",0,0,0,"D",0,"D",35000,"D",0,"D",0,"D",0,"D",0,"D",0,"D",10800,"D",0,"D",0,"D",0,"D",0,"D",0,"D",3259,0,3273.75,3243.75,0,0,5355,5355,35000,35000,0,0,0,0,0,0,0,0,0,0,35000,35000,0,0,3273.75,3243.75,3273.75,3243.75,0,0,0,0,0,0,0,0,0,0,0
"03396522",2,"2015","2014",0,0.153,0.153,"1",0.1765,0.1765,"10","D",0,0,0,"D",0,"D",12614,"D",0,"D",0,"D",0,"D",0,"D",0,"D",0,"D",0,"D",0,"D",0,"D",0,"D",0,"D",79,0,94.96,62.25,0,0,1929.94,1929.94,12614,12614,0,0,0,0,0,0,0,0,151.44,169.15,12614,12614,0,0,246.4,231.4,246.4,231.4,0,0,0,0,0,0,0,0,0,0,0
"03396552",1,"2015","2014",0,0.153,0.153,"1",0.0765,0.0765,"31","D",0.037,0.0293,0,"D",0,"D",10000,"D",0,"D",0,"D",0,"D",0,"D",0,"D",1600,"D",0,"D",0,"D",0,"D",0,"D",0,"D",-360,-115,-351.41,-369.12,-94.28,-134.74,1530,1530,10000,10000,10000.01,10000.01,0,0,0,0,0,0,351.41,369.12,10000,10000,0,0,0,0,0,0,0,0,0,0,0,0,0,0,70.28,110.74,0
"03396562",1,"2015","2014",1,0,0,"3",-0.34,-0.34,"05","D",0,0,0,"D",0,"D",0,"D",0,"D",0,"D",0,"D",0,"D",0,"D",18696,"D",0,"D",0,"D",0,"D",0,"D",750,"D",0,0,0,0,0,0,0,0,0,0,0.01,0.01,0,0,0,0,0,0,0,0,0,0,0,0,0,0,0,0,7984,8088,750,750,0,0,0,0,0,0,0
"03396572",1,"2015","2014",5,0.153,0.153,"2",0.15,0.15,"41","D",0.07,0.07,0,"D",0,"D",48000,"D",35000,"D",0,"D",0,"D",0,"D",0,"D",18000,"D",0,"D",316,"D",0,"D",2,"D",1800,"D",3486,2288,3535,3437.5,2306.9,2268.4,12699,12699,83000,83000,42950.01,42400.01,2000,2000,0,0,0,0,0,0,83000,83000,0,0,5535,5437.5,5535,5437.5,0,0,0,0,0,0,0,0,0,0,0
"03396572",2,"2015","2014",0,0.153,0.153,"1",0,0,"41","D",0,0,0,"D",0,"D",7200,"D",0,"D",0,"D",0,"D",0,"D",0,"D",0,"D",0,"D",0,"D",0,"D",0,"D",0,"D",-500,0,-496,-503,0,0,1101.6,1101.6,7200,7200,0,0,0,0,0,0,0,0,496,503,7200,7200,0,0,0,0,0,0,0,0,0,0,0,0,0,0,0,0,0
"03396582",1,"2015","2014",4,0,0,"3",-0.45,-0.45,"15","D",0,0,0,"D",0,"D",0,"D",0,"D",0,"D",0,"D",0,"D",0,"D",0,"D",800,"D",0,"D",0,"D",1,"D",4368,"D",0,0,0,0,0,0,0,0,0,0,0.01,0.01,0,0,0,0,0,0,0,0,0,0,0,0,0,0,0,0,0,0,0,0,0,0,0,0,0,0,0
"03396582",3,"2015","2014",4,0,0,"3",-0.45,-0.45,"15","D",0,0,0,"D",0,"D",0,"D",0,"D",0,"D",0,"D",0,"D",0,"D",0,"D",0,"D",0,"D",0,"D",1,"D",0,"D",0,0,0,0,0,0,0,0,0,0,0.01,0.01,0,0,0,0,0,0,0,0,0,0,0,0,0,0,0,0,0,0,0,0,0,0,0,0,0,0,0
"03396612",1,"2015","2014",1,0.153,0.153,"3",0.1,0.1,"44","D",0,0,0,"D",0,"D",17160,"D",0,"D",392,"D",0,"D",0,"D",0,"D",7140,"D",0,"D",189,"D",0,"D",1,"D",1440,"D",-4289,0,-4249.8,-4328.8,0,0,2625.48,2625.48,17552,17552,0,0,55.2,30.2,944.8,969.8,0,0,3305,3359,17552,17552,0,0,55.2,30.2,55.2,30.2,0,0,0,0,0,0,0,0,0,0,0
"03396612",2,"2015","2014",0,0.153,0.153,"1",0.0765,0.0765,"44","D",0,0,0,"D",0,"D",10000,"D",0,"D",0,"D",0,"D",0,"D",0,"D",0,"D",0,"D",0,"D",0,"D",0,"D",0,"D",-360,0,-351.41,-369.12,0,0,1530,1530,10000,10000,0,0,0,0,0,0,0,0,351.41,369.12,10000,10000,0,0,0,0,0,0,0,0,0,0,0,0,0,0,0,0,0
"03396632",1,"2015","2014",1,0.153,0.153,"2",0.15,0.15,"06","D",0.0463,0.0463,0,"D",0,"D",2100,"D",47000,"D",150,"D",0,"D",0,"D",0,"D",0,"D",2200,"D",1467,"D",0,"D",0,"D",0,"D",2809,1131,2842.5,2775,1157.5,1105.3,7512.3,7512.3,49250,49250,0,0,0,0,0,0,0,0,0,0,49250,49250,0,0,2842.5,2775,2842.5,2775,0,0,0,0,0,0,0,0,0,0,0
"03396652",1,"2015","2014",0,0.0384,0.0384,"2",0.35,0.35,"14","D",0.0375,0.05,0,"D",0,"D",18752,"D",228786,"D",4000,"D",0,"D",15501,"D",0,"D",0,"D",9000,"D",800,"D",0,"D",0,"D",5248,"D",53077,10368,53372.05,52782.05,11914.4,8821.43,24011.85,24197.85,264713.85,264713.85,251538.01,251538.01,0,0,0,0,0,0,0,0,259465.85,259465.85,1464.57,262.39,51755.48,52367.66,51755.48,52367.66,0,0,0,0,450,450,0,0,0,0,0
"03396652",2,"2015","2014",0,0.153,0.153,"1",0.1,0.1,"14","D",0.0375,0.05,0,"D",0,"D",18508,"D",0,"D",0,"D",0,"D",0,"D",0,"D",0,"D",0,"D",0,"D",0,"D",0,"D",0,"D",828,716,835.8,820.8,819.15,613.43,2831.72,2831.72,18508,18508,18508.01,18508.01,0,0,0,0,0,0,0,0,18508,18508,0,0,835.8,820.8,835.8,820.8,0,0,0,0,0,0,0,0,0,0,0
"03396672",1,"2015","2014",2,0.153,0.153,"3",0.3,0.3,"47","D",0.0575,0.0575,0,"D",0,"D",80000,"D",0,"D",0,"D",0,"D",0,"D",0,"D",15600,"D",0,"D",850,"D",0,"D",2,"D",440,"D",7343,4010,7425,7260,4009.58,4009.58,12240,12240,80000,80000,80000.01,80000.01,1750,1750,0,0,0,0,0,0,80000,80000,0,0,9175,9010,9175,9010,3000,3000,0,0,0,0,0,0,0,0,0
"03396672",2,"2015","2014",0,0.153,0.153,"1",0.15,0.15,"47","D",0.0575,0.0575,0,"D",0,"D",40000,"D",0,"D",0,"D",0,"D",0,"D",0,"D",0,"D",0,"D",0,"D",0,"D",0,"D",0,"D",4009,1817,4023.75,3993.75,1816.53,1816.53,6120,6120,40000,40000,40000.01,40000.01,0,0,0,0,0,0,0,0,40000,40000,0,0,4023.75,3993.75,4023.75,3993.75,3000,3000,0,0,0,0,0,0,0,0,0
"03396702",1,"2015","2014",0,0.153,0.153,"1",0.1444,0.1425,"14","D",0.0375,0.05,0,"D",0,"D",35118,"D",0,"D",0,"D",0,"D",0,"D",0,"D",10800,"D",6000,"D",150,"D",0,"D",0,"D",0,"D",3120,1143,3096.5,3143.5,1349.65,936.3,5373.05,5373.05,35118,35118,35118.01,35118.01,0,0,0,0,0,0,0,0,35118,35118,0,0,3096.5,3143.51,3096.5,3143.5,0,0,0,0,300,300,0,0,0,0,0
"03396702",2,"2015","2014",0,0.153,0.153,"1",0.15,0.15,"14","D",0.0375,0.05,0,"D",0,"D",33919,"D",0,"D",0,"D",0,"D",0,"D",0,"D",0,"D",0,"D",0,"D",0,"D",0,"D",0,"D",3097,1391,3111.6,3081.6,1589.7,1191.34,5189.61,5189.61,33919,33919,33919.01,33919.01,0,0,0,0,0,0,0,0,33919,33919,0,0,3111.6,3081.6,3111.6,3081.6,0,0,0,0,0,0,0,0,0,0,0
"03396712",1,"2015","2014",0,0.153,0.153,"2",0.0765,0.0765,"39","D",0.0307,0.0307,0,"D",0,"D",17637,"D",0,"D",0,"D",0,"D",0,"D",0,"D",0,"D",170,"D",0,"D",0,"D",0,"D",0,"D",-194,541,-182.58,-205.64,541.46,541.46,2698.46,2698.46,17637,17637,17637.01,17637.01,0,0,0,0,0,0,182.58,205.64,17637,17637,0,0,0,0,0,0,0,0,0,0,0,0,0,0,0,0,0
"03396712",2,"2015","2014",0,0.153,0.153,"1",0,0,"39","D",0.0921,0.0921,0,"D",0,"D",7000,"D",0,"D",0,"D",0,"D",0,"D",0,"D",0,"D",0,"D",0,"D",0,"D",0,"D",0,"D",-500,43,-496,-503,42.98,42.98,1071,1071,7000,7000,7000.01,7000.01,0,0,0,0,0,0,496,503,7000,7000,0,0,0,0,0,0,0,0,0,0,0,0,0,0,0,0,0
"03396722",1,"2015","2014",0,0.153,0.153,"1",0,0,"34","D",0,0,0,"D",0,"D",6824,"D",0,"D",0,"D",0,"D",0,"D",0,"D",8800,"D",0,"D",0,"D",0,"D",0,"D",0,"D",-500,0,-496,-503,0,0,1044.07,1044.07,6824,6824,6824.01,6824.01,0,0,0,0,0,0,496,503,6824,6824,0,0,0,0,0,0,7500,7500,0,0,0,0,0,0,0,0,0
"03396752",1,"2015","2014",2,0.153,0.153,"2",0.3106,0.3106,"14","D",0.0586,0.0711,0,"D",0,"D",40000,"D",0,"D",0,"D",0,"D",0,"D",0,"D",11400,"D",0,"D",0,"D",0,"D",2,"D",2400,"D",-2860,1174,-2754.56,-2964.69,1381.54,967.03,6120,6120,40000,40000,40000.01,40000.01,1180,1140,820,860,0,0,1934.56,2104.69,40000,40000,0,0,1180,1140,1180,1140,0,0,0,0,0,0,0,0,193.46,210.47,0
"03396852",1,"2015","2014",0,0.153,0.153,"1",-0.0765,-0.0765,"36","D",0,0,0,"D",0,"D",1400,"D",0,"D",0,"D",0,"D",0,"D",0,"D",2700,"D",0,"D",0,"D",0,"D",0,"D",0,"D",-107,0,-107.1,-107.1,0,0,214.2,214.2,1400,1400,1400.01,1400.01,0,0,0,0,0,0,107.1,107.1,1400,1400,0,0,0,0,0,0,0,0,0,0,0,0,0,0,0,0,0
"03396882",1,"2015","2014",0,0,0,"1",0,0,"21","D",-0.02,-0.02,0,"D",0,"D",0,"D",0,"D",6408,"D",0,"D",0,"D",0,"D",14964,"D",0,"D",0,"D",0,"D",0,"D",0,"D",0,41,0,0,41.24,41.24,0,0,6408,6408,6408.01,6408.01,0,0,0,0,0,0,0,0,6408,6408,0,0,0,0,0,0,1500,1500,0,0,0,0,0,0,0,0,0
"03396902",1,"2015","2014",0,0.153,0.153,"1",0.15,0.15,"34","D",0.0575,0.058,0,"D",0,"D",42000,"D",0,"D",4,"D",0,"D",0,"D",0,"D",0,"D",1300,"D",0,"D",0,"D",0,"D",0,"D",4309,1993,4324.35,4294.35,2001.23,1983.98,6426,6426,42004,42004,42004.01,42004.01,0,0,0,0,0,0,0,0,42004,42004,0,0,4324.35,4294.35,4324.35,4294.35,7500,7500,1300,1300,0,0,0,0,0,0,0
"03396912",1,"2015","2014",0,0.153,0.153,"1",0.1,0.1,"01","D",0.0412,0.0412,1,"D",1,"D",5984,"D",0,"D",-2945,"D",10012,"D",18394,"D",0,"D",0,"D",1000,"D",0,"D",0,"D",0,"D",1320,"D",128,392,135.1,120.1,391.91,392.66,915.55,915.55,13051,13051,13051.01,13051.01,0,0,0,0,0,0,0,0,13051,13051,0,0,135.1,120.1,135.1,120.1,2500,2500,2777.78,2777.78,0,0,0,0,0,0,0
"03396972",1,"2015","2014",1,0.153,0.153,"3",0.1463,0.1463,"31","D",0.0245,0.0245,0,"D",0,"D",70000,"D",0,"D",0,"D",0,"D",0,"D",0,"D",0,"D",9000,"D",0,"D",0,"D",0,"D",2868,"D",6723,1013,6735.31,6710.31,1013.25,1013.25,10710,10710,70000,70000,70000.01,70000.01,0,0,0,0,0,0,0,0,67132,67132,0,0,6735.31,6710.31,6735.31,6710.31,0,0,0,0,0,0,0,0,0,0,0
"03396972",2,"2015","2014",0,0.153,0.153,"1",0.15,0.15,"31","D",0.014,0.014,0,"D",0,"D",20000,"D",0,"D",0,"D",0,"D",0,"D",0,"D",0,"D",0,"D",0,"D",0,"D",0,"D",0,"D",1009,266,1023.75,993.75,266,266,3060,3060,20000,20000,20000.01,20000.01,0,0,0,0,0,0,0,0,20000,20000,0,0,1023.75,993.75,1023.75,993.75,0,0,0,0,0,0,0,0,0,0,0
"03396983",1,"2015","2014",0,0.038,0.038,"1",0.33,0.33,"0","T",0,0,0,"D",0,"D",228786,"D",0,"D",0,"D",0,"D",0,"D",0,"D",0,"D",0,"D",0,"D",0,"D",0,"D",80,"D",55857,0,56008.13,55706.63,0,0,21401.87,21587.87,228786,228786,0,0,0,0,0,0,0,0,0,0,228786,228786,0,0,56008.13,55706.63,56008.13,55706.63,0,0,0,0,0,0,0,0,0,0,0
"03397012",1,"2015","2014",6,0.0878,0.0878,"2",0.325,0.325,"45","D",0.05,0.05,0,"D",0,"D",154698,"D",103906,"D",-5500,"D",0,"D",0,"D",0,"D",0,"D",1700,"D",4100,"D",0,"D",6,"D",16504,"D",45130,12655,45376.5,44882.5,12655.2,12655.2,34969.3,35155.3,253104,253104,253104.01,253104.01,0,0,0,0,0,0,0,0,236600,236600,5896.96,5710.46,39479.54,39172.04,39479.54,39172.04,0,0,0,0,0,0,0,0,0,0,0
"03397032",1,"2015","2014",0,0.153,0.153,"2",0.1,0.1,"08","D",0.0432,0.0432,0,"D",0,"D",22621,"D",2500,"D",0,"D",0,"D",0,"D",0,"D",4060,"D",0,"D",70,"D",0,"D",0,"D",400,"D",467,366,482.1,452.1,365.86,365.86,3843.51,3843.51,25121,25121,25121.01,25121.01,0,0,0,0,0,0,0,0,25121,25121,0,0,482.1,452.1,482.1,452.1,6500,6500,470,470,0,0,0,0,0,0,0
"03397042",1,"2015","2014",3,0.153,0.153,"3",0.3106,0.3106,"33","D",0.1032,0.1032,0,"D",0,"D",26000,"D",0,"D",0,"D",0,"D",0,"D",0,"D",13200,"D",0,"D",35,"D",0,"D",3,"D",0,"D",-7413,-1863,-7312.4,-7513.79,-1834.72,-1890.64,3978,3978,26000,26000,26000.01,26000.01,110,75,2890,2925,0,0,4422.4,4588.79,26000,26000,0,0,110,75,110,75,10950,11100,0,0,0,0,0,0,1252.19,1302.11,0
"03397142",1,"2015","2014",2,0,0,"3",-0.4,-0.4,"0","T",0,0,0,"D",0,"D",0,"D",0,"D",0,"D",0,"D",0,"D",0,"D",2004,"D",0,"D",0,"D",0,"D",0,"D",15,"D",0,0,0,0,0,0,0,0,0,0,0,0,0,0,0,0,0,0,0,0,0,0,0,0,0,0,0,0,0,0,0,0,0,0,0,0,0,0,0
"03397162",1,"2015","2014",0,0,0,"1",0,0,"21","D",0,0,1,"D",1,"D",0,"D",0,"D",0,"D",0,"D",12687,"D",0,"D",9600,"D",0,"D",0,"D",0,"D",0,"D",0,"D",0,0,0,0,0,0,0,0,0,0,0.01,0.01,0,0,0,0,0,0,0,0,0,0,0,0,0,0,0,0,1500,1500,0,0,0,0,0,0,0,0,0
"03397212",1,"2015","2014",2,0,0,"3",-0.4,-0.4,"07","D",-0.11,-0.11,0,"D",0,"D",0,"D",0,"D",0,"D",0,"D",0,"D",0,"D",0,"D",3800,"D",0,"D",0,"D",0,"D",4011,"D",0,0,0,0,0,0,0,0,0,0,0.01,0.01,0,0,0,0,0,0,0,0,0,0,0,0,0,0,0,0,0,0,0,0,0,0,0,0,0,0,0
"03397222",1,"2015","2014",0,0.153,0.153,"1",0.25,0.25,"05","D",0.093,0.093,0,"D",0,"D",81183,"D",0,"D",-4500,"D",0,"D",0,"D",0,"D",15000,"D",0,"D",157,"D",0,"D",0,"D",0,"D",12440,4142,12489.5,12389.5,4161.05,4122.86,12421,12421,76683,76683,76683.01,76683.01,0,0,0,0,0,0,0,0,76683,76683,0,0,12489.5,12389.5,12489.5,12389.5,3992,4044,157,157,0,0,0,0,0,0,0
"03397232",1,"2015","2014",0,0.153,0.153,"1",0.25,0.25,"0","T",0,0,0,"D",0,"D",88950,"D",0,"D",0,"D",0,"D",0,"D",0,"D",6900,"D",0,"D",2500,"D",0,"D",0,"D",0,"D",15506,0,15556.25,15456.25,0,0,13609.35,13609.35,88950,88950,0,0,0,0,0,0,0,0,0,0,88950,88950,0,0,15556.25,15456.25,15556.25,15456.25,0,0,0,0,0,0,0,0,0,0,0
"03397242",1,"2015","2014",0,0.153,0.153,"1",0,0,"33","D",0.0404,0.0404,1,"D",1,"D",11666,"D",0,"D",0,"D",0,"D",14664,"D",0,"D",13920,"D",0,"D",1754,"D",0,"D",0,"D",400,"D",0,104,0,0,106.43,102.43,1784.9,1784.9,11666,11666,11666.01,11666.01,0,0,0,0,0,0,0,0,11666,11666,0,0,0,0,0,0,7800,7900,0,0,0,0,0,0,0,0,0
"03397282",1,"2015","2014",2,0.153,0.153,"2",0.1,0.1,"02","D",0,0,0,"D",0,"D",45000,"D",0,"D",8388,"D",0,"D",0,"D",0,"D",0,"D",4800,"D",320,"D",0,"D",2,"D",15360,"D",-299,0,-289.3,-309.3,0,0,6885,6885,53388,53388,0,0,1710.7,1690.7,289.3,309.3,0,0,0,0,38028,38028,0,0,1710.7,1690.7,1710.7,1690.7,0,0,0,0,0,0,0,0,0,0,0
"03397292",1,"2015","2014",0,0.153,0.153,"1",0.15,0.15,"19","D",0.034,0.034,0,"D",0,"D",36400,"D",0,"D",0,"D",0,"D",0,"D",0,"D",8340,"D",0,"D",0,"D",0,"D",0,"D",0,"D",3469,987,3483.75,3453.75,986.65,987.85,5569.2,5569.2,36400,36400,36400.01,36400.01,0,0,0,0,0,0,0,0,36400,36400,0,0,3483.75,3453.75,3483.75,3453.75,0,0,0,0,0,0,0,0,0,0,0
"03397322",1,"2015","2014",0,0.153,0.153,"1",0.15,0.15,"38","D",0.0765,0.0765,0,"D",0,"D",47000,"D",0,"D",0,"D",0,"D",0,"D",0,"D",10500,"D",0,"D",75,"D",0,"D",0,"D",0,"D",5059,3157,5073.75,5043.75,3160.96,3154.02,7191,7191,47000,47000,47000.01,47000.01,0,0,0,0,0,0,0,0,47000,47000,0,0,5073.75,5043.75,5073.75,5043.75,2115.6,2144.96,75,75,0,0,0,0,0,0,0
"03397352",1,"2015","2014",0,0.153,0.153,"2",0.0765,0.0765,"06","D",0.0077,0,1,"D",1,"D",0,"D",14000,"D",0,"D",0,"D",21949,"D",0,"D",12600,"D",2000,"D",120,"D",0,"D",0,"D",0,"D",-472,-37,-460.81,-483.87,0,-74.39,2142,2142,14000,14000,0,0,0,0,0,0,0,0,460.81,483.87,14000,14000,0,0,0,0,0,0,0,0,0,0,0,0,0,0,0,48.39,0
"03407482",1,"2015","2014",0,0.153,0.153,"2",0.15,0.15,"0","T",0,0,1,"D",1,"D",0,"D",17113,"D",1800,"D",38400,"D",17662,"D",0,"D",0,"D",150,"D",0,"D",0,"D",0,"D",120,"D",6677,0,6716.36,6648.86,0,0,2618.29,2618.29,72325.7,72325.7,0,0,0,0,0,0,0,0,0,0,72325.7,72325.7,0,0,6716.36,6648.86,6716.36,6648.86,0,0,0,0,0,0,0,0,0,0,0
"03407492",1,"2015","2014",0,0.038,0.038,"2",0.389,0.389,"06","D",0.0477,0.0477,0,"D",0,"D",296359,"D",469961,"D",39089,"D",0,"D",0,"D",0,"D",0,"D",14300,"D",300,"D",0,"D",0,"D",11932,"D",247561,36705,248062.07,247202.59,36757,36668.27,55886.16,56258.16,805409,805409,0,0,0,0,0,0,0,0,0,0,793477,793477,0,0,246576.68,245717.2,246576.68,245717.2,0,0,0,0,0,0,0,0,0,0,0
"03407512",1,"2015","2014",0,0,0,"1",0,0,"0","T",0,0,1,"D",1,"D",0,"D",0,"D",0,"D",0,"D",15658,"D",0,"D",6600,"D",0,"D",0,"D",0,"D",0,"D",0,"D",0,0,0,0,0,0,0,0,0,0,0,0,0,0,0,0,0,0,0,0,0,0,0,0,0,0,0,0,0,0,0,0,0,0,0,0,0,0,0
"03407572",1,"2015","2014",7,0.038,0.038,"2",0.396,0.396,"0","T",0,0,0,"D",0,"D",241175,"D",241175,"D",0,"D",0,"D",0,"D",0,"D",0,"D",800,"D",800,"D",0,"D",5,"D",4800,"D",132319,0,132853.1,131936.9,0,0,45095.3,45467.3,482350,482350,0,0,0,0,0,0,0,0,0,0,482350,482350,0,0,132853.1,131936.9,132853.1,131936.9,0,0,0,0,0,0,0,0,0,0,0
"03407572",2,"2015","2014",0,0.153,0.153,"1",0.0765,0.0765,"0","T",0,0,0,"D",0,"D",8448,"D",0,"D",0,"D",0,"D",0,"D",0,"D",0,"D",0,"D",0,"D",0,"D",0,"D",0,"D",-480,0,-470.14,-487.85,0,0,1292.54,1292.54,8448,8448,0,0,0,0,0,0,0,0,470.14,487.85,8448,8448,0,0,0,0,0,0,0,0,0,0,0,0,0,0,0,0,0
"03407572",3,"2015","2014",7,0,0,"3",-0.45,-0.45,"0","T",0,0,0,"D",0,"D",0,"D",0,"D",0,"D",0,"D",0,"D",0,"D",0,"D",0,"D",0,"D",0,"D",5,"D",0,"D",0,0,0,0,0,0,0,0,0,0,0,0,0,0,0,0,0,0,0,0,0,0,0,0,0,0,0,0,0,0,0,0,0,0,0,0,0,0,0
"03407572",4,"2015","2014",7,0,0,"3",-0.45,-0.45,"0","T",0,0,0,"D",0,"D",0,"D",0,"D",0,"D",0,"D",0,"D",0,"D",0,"D",0,"D",0,"D",0,"D",5,"D",0,"D",0,0,0,0,0,0,0,0,0,0,0,0,0,0,0,0,0,0,0,0,0,0,0,0,0,0,0,0,0,0,0,0,0,0,0,0,0,0,0
"03407592",1,"2015","2014",0,0.153,0.153,"1",0.2413,0.2408,"36","D",0.0346,0.037,0,"D",0,"D",68000,"D",0,"D",-4080,"D",0,"D",0,"D",0,"D",0,"D",3900,"D",33,"D",0,"D",0,"D",7752,"D",7465,1677,7492.3,7444.73,1740.79,1631.07,10404,10404,63920,63920,63920.01,63920.01,0,0,0,0,0,0,0,0,56168,56168,0,0,7492.3,7444.73,7492.3,7444.73,0,0,0,0,0,0,0,0,0,0,0
"03407612",1,"2015","2014",0,0,0,"1",0,0,"14","D",0,0,1,"D",1,"D",0,"D",0,"D",2000,"D",900,"D",4444,"D",0,"D",0,"D",16180,"D",0,"D",0,"D",0,"D",1800,"D",0,0,0,0,0,0,0,0,2900,2900,2000.01,2000.01,0,0,0,0,0,0,0,0,2900,2900,0,0,0,0,0,0,0,0,0,0,0,0,0,0,0,0,0
"03407622",1,"2015","2014",0,0.153,0.153,"1",0.15,0.15,"45","D",0.063,0.063,0,"D",0,"D",26000,"D",0,"D",0,"D",0,"D",0,"D",0,"D",4800,"D",0,"D",0,"D",0,"D",0,"D",0,"D",1906,905,1923.75,1893.75,911.58,900.54,3978,3978,26000,26000,26000.01,26000.01,0,0,0,0,0,0,0,0,26000,26000,0,0,1923.75,1893.75,1923.75,1893.75,0,0,0,0,0,0,0,0,0,0,0
"03407632",1,"2015","2014",0,0.0787,0.0787,"2",0.2632,0.2632,"07","D",0.06,0.06,0,"D",0,"D",148000,"D",99000,"D",55,"D",0,"D",0,"D",0,"D",0,"D",6000,"D",1514,"D",0,"D",0,"D",11804,"D",44940,13323,45070.84,44847.34,13323.3,13323.3,33947,34133,247055,247055,247055.01,247055.01,0,0,0,0,0,0,0,0,235251,235251,0,0,45070.84,44847.34,45070.84,44847.34,0,0,0,0,0,0,0,0,0,0,0
"03407692",1,"2015","2014",0,0.153,0.153,"2",0.2267,0.2267,"05","D",0.093,0.093,0,"D",0,"D",76000,"D",69840,"D",8534,"D",0,"D",0,"D",0,"D",0,"D",5600,"D",580,"D",0,"D",0,"D",16572,"D",20805,7004,20882.39,20749.07,7042.43,6975.72,22313.52,22313.52,154374,154374,154374.01,154374.01,0,0,0,0,0,0,0,0,137802,137802,0,0,20882.39,20749.07,20882.39,20749.07,7984,8088,22752,22752,0,0,0,0,0,0,0
"03407692",2,"2015","2014",2,0,0,"3",-0.4,-0.4,"05","D",0,0,0,"D",0,"D",0,"D",0,"D",0,"D",0,"D",0,"D",0,"D",0,"D",0,"D",0,"D",0,"D",0,"D",0,"D",0,0,0,0,0,0,0,0,0,0,0.01,0.01,0,0,0,0,0,0,0,0,0,0,0,0,0,0,0,0,7984,8088,0,0,0,0,0,0,0,0,0
"03407692",3,"2015","2014",2,0,0,"3",-0.4,-0.4,"05","D",0,0,0,"D",0,"D",0,"D",0,"D",0,"D",0,"D",0,"D",0,"D",0,"D",0,"D",0,"D",0,"D",0,"D",0,"D",0,0,0,0,0,0,0,0,0,0,0.01,0.01,0,0,0,0,0,0,0,0,0,0,0,0,0,0,0,0,7984,8088,0,0,0,0,0,0,0,0,0
"03407702",1,"2015","2014",3,0.153,0.153,"2",0.3106,0.3106,"22","D",0.0822,0.0827,0,"D",0,"D",36190,"D",9956,"D",0,"D",0,"D",0,"D",0,"D",4104,"D",0,"D",0,"D",0,"D",3,"D",0,"D",-3056,940,-2923.61,-3149.74,962.8,924.47,7060.34,7060.34,46146,46146,46146.01,46146.01,1399.6,1354.6,1600.4,1645.4,0,0,1323.21,1504.34,46146,46146,0,0,1399.6,1354.6,1399.6,1354.6,0,0,0,0,0,0,0,0,198.48,225.65,0
"03407742",1,"2015","2014",3,0,0,"3",-0.45,-0.45,"50","D",-0.153,-0.153,0,"D",0,"D",0,"D",0,"D",0,"D",0,"D",0,"D",0,"D",0,"D",1600,"D",0,"D",0,"D",0,"D",125,"D",0,-1160,0,0,-1160,-1160,0,0,0,0,0.01,0.01,0,0,0,0,0,0,0,0,0,0,0,0,0,0,0,0,13020,13239.48,125,125,1160,1160,0,0,0,0,0
"03407752",1,"2015","2014",0,0,0,"1",0.2428,0.2428,"23","D",0.133,0.133,0,"D",0,"D",0,"D",0,"D",62033,"D",27054,"D",24262,"D",0,"D",0,"D",3000,"D",1647,"D",0,"D",0,"D",340,"D",20486,2989,20555.19,20436.69,2988.99,2988.99,0,0,109709.7,109709.7,89087.01,89087.01,0,0,0,0,0,0,0,0,109369.7,109369.7,0,0,20555.19,20436.69,20555.19,20436.69,0,0,0,0,627.21,627.21,0,0,0,0,0
"03407762",1,"2015","2014",0,0.153,0.153,"1",0.2482,0.2482,"44","D",0,0,0,"D",0,"D",54000,"D",0,"D",0,"D",0,"D",0,"D",0,"D",0,"D",1800,"D",2170,"D",0,"D",0,"D",3744,"D",6233,0,6276.6,6201.6,0,0,8262,8262,54000,54000,0,0,0,0,0,0,0,0,0,0,50256,50256,0,0,6276.6,6201.6,6276.6,6201.6,0,0,0,0,0,0,0,0,0,0,0
"03407762",2,"2015","2014",0,0.153,0.153,"1",0.25,0.25,"44","D",0,0,0,"D",0,"D",50000,"D",0,"D",0,"D",0,"D",0,"D",0,"D",0,"D",0,"D",0,"D",0,"D",0,"D",0,"D",5760,0,5818.75,5718.75,0,0,7650,7650,50000,50000,0,0,0,0,0,0,0,0,0,0,50000,50000,0,0,5818.75,5718.75,5818.75,5718.75,0,0,0,0,0,0,0,0,0,0,0
"03407772",1,"2015","2014",1,0.153,0.153,"3",-0.49,-0.49,"44","D",0,0,0,"D",0,"D",7500,"D",0,"D",0,"D",0,"D",0,"D",0,"D",0,"D",1600,"D",60,"D",0,"D",1,"D",144,"D",-3225,0,-3225,-3225,0,0,1147.5,1147.5,7500,7500,0,0,0,0,675,675,0,0,2550,2550,7500,7500,0,0,0,0,0,0,0,0,0,0,0,0,0,0,0,0,0
"03407782",1,"2015","2014",1,0.029,0.029,"2",0.2787,0.2787,"48","D",0,0,0,"D",0,"D",228786,"D",0,"D",1174,"D",0,"D",0,"D",0,"D",0,"D",3000,"D",930,"D",0,"D",0,"D",17328,"D",41705,0,41843.35,41605.85,0,0,21142.79,21328.79,229960,229960,0,0,0,0,0,0,0,0,0,0,212632,212632,0,0,41843.35,41605.85,41843.35,41605.85,0,0,0,0,0,0,0,0,0,0,0
"03407792",1,"2015","2014",0,0,0,"1",0.0235,0.0235,"36","D",0.0121,0.0135,0,"D",0,"D",0,"D",0,"D",0,"D",13000,"D",0,"D",0,"D",3864,"D",0,"D",10,"D",0,"D",0,"D",0,"D",276,68,285,270,70.87,65.14,0,0,13000,13000,13000.01,13000.01,0,0,0,0,0,0,0,0,13000,13000,0,0,285,270,285,270,0,0,0,0,0,0,0,0,0,0,0
"03407812",1,"2015","2014",1,0.153,0.153,"2",0.15,0.15,"05","D",0.04,0.04,0,"D",0,"D",2056,"D",60000,"D",-777,"D",0,"D",0,"D",0,"D",0,"D",1320,"D",1543,"D",0,"D",0,"D",7132,"D",4607,602,4646.85,4579.35,612.49,594.93,9494.57,9494.57,61279,61279,61279.01,61279.01,0,0,0,0,0,0,0,0,61279,61279,0,0,4646.85,4579.35,4646.85,4579.35,7984,8088,9995,9995,0,0,0,0,0,0,0
"03407822",1,"2015","2014",3,0.153,0.153,"3",-0.15,-0.15,"10","D",0,0,0,"D",0,"D",15600,"D",0,"D",0,"D",0,"D",0,"D",0,"D",12000,"D",0,"D",0,"D",0,"D",2,"D",720,"D",-8091,0,-8033,-8132,0,0,2386.8,2386.8,15600,15600,0,0,0,0,1890,1890,0,0,6143,6242,15600,15600,0,0,0,0,0,0,0,0,0,0,0,0,0,0,0,0,0
"03407822",2,"2015","2014",0,0.153,0.153,"1",0.1765,0.1765,"10","D",0,0,0,"D",0,"D",14110,"D",0,"D",0,"D",0,"D",0,"D",0,"D",0,"D",0,"D",0,"D",0,"D",0,"D",0,"D",340,0,359,326.29,0,0,2158.83,2158.83,14110,14110,0,0,0,0,0,0,0,0,37,54.71,14110,14110,0,0,396,381,396,381,0,0,0,0,0,0,0,0,0,0,0
"03407832",1,"2015","2014",3,0.153,0.153,"2",0.3106,0.3106,"0","T",0,0,0,"D",0,"D",34350,"D",0,"D",0,"D",0,"D",0,"D",0,"D",0,"D",3000,"D",700,"D",0,"D",3,"D",2712,"D",-6719,0,-6587.45,-6813.58,0,0,5255.55,5255.55,34350,34350,0,0,220,175,2780,2825,0,0,3807.45,3988.58,34350,34350,0,0,220,175,220,175,0,0,0,0,0,0,0,0,0,0,0
"03407832",2,"2015","2014",3,0,0,"3",-0.45,-0.45,"0","T",0,0,0,"D",0,"D",0,"D",0,"D",0,"D",0,"D",0,"D",0,"D",0,"D",0,"D",0,"D",0,"D",3,"D",0,"D",0,0,0,0,0,0,0,0,0,0,0,0,0,0,0,0,0,0,0,0,0,0,0,0,0,0,0,0,0,0,0,0,0,0,0,0,0,0,0
"03407882",1,"2015","2014",2,0.153,0.153,"2",0.15,0.15,"14","D",0.0375,0.05,0,"D",0,"D",1767,"D",99144,"D",-1200,"D",0,"D",0,"D",0,"D",9300,"D",0,"D",569,"D",0,"D",2,"D",160,"D",7775,3893,7819.15,7744.15,4560.55,3416.66,15439.38,15439.38,99711,99711,99711.01,99711.01,2000,2000,0,0,0,0,0,0,99711,99711,0,0,9819.15,9744.15,9819.15,9744.15,0,0,0,0,0,0,0,0,0,0,0
"03407902",1,"2015","2014",0,0.153,0.153,"1",0.1365,0.1365,"07","D",0.09,0.09,0,"D",0,"D",35000,"D",0,"D",-937,"D",610,"D",0,"D",0,"D",0,"D",4500,"D",0,"D",0,"D",0,"D",5736,"D",2508,683,2516.84,2501.84,683.07,683.07,5355,5355,34673,34673,34673.01,34673.01,0,0,0,0,0,0,0,0,28937,28937,0,0,2516.84,2501.84,2516.84,2501.84,0,0,0,0,0,0,0,0,0,0,0
"03407912",1,"2015","2014",0,0.153,0.153,"2",0.1,0.1,"0","T",0,0,0,"D",0,"D",0,"D",35000,"D",-7750,"D",0,"D",0,"D",0,"D",0,"D",350,"D",1325,"D",0,"D",0,"D",600,"D",678,0,695,665,0,0,5355,5355,27250,27250,0,0,0,0,0,0,0,0,0,0,27250,27250,0,0,695,665,695,665,0,0,0,0,0,0,0,0,0,0,0
"03407922",1,"2015","2014",0,0,0,"1",0,0,"33","D",0.017,0.017,1,"D",1,"D",0,"D",0,"D",0,"D",0,"D",15862,"D",0,"D",0,"D",5400,"D",100,"D",0,"D",0,"D",1600,"D",0,-122,0,0,-122.35,-122.35,0,0,0,0,0.01,0.01,0,0,0,0,0,0,0,0,0,0,0,0,0,0,0,0,7800,7900,0,0,122.35,122.35,0,0,0,0,0
"03407952",1,"2015","2014",0,0,0,"1",-0.0765,-0.0765,"01","D",0,0,0,"D",0,"D",0,"D",0,"D",-633,"D",0,"D",9982,"D",0,"D",6000,"D",0,"D",2,"D",0,"D",0,"D",600,"D",0,0,0,0,0,0,0,0,-633,-633,-632.99,-632.99,0,0,0,0,0,0,0,0,0,0,0,0,0,0,0,0,2500,2500,602,602,0,0,0,0,0,0,0
"03407962",1,"2015","2014",0,0,0,"1",0,0,"36","D",0,0,1,"D",1,"D",0,"D",0,"D",1,"D",0,"D",18250,"D",0,"D",0,"D",2300,"D",0,"D",0,"D",0,"D",1512,"D",0,0,0,0,0,0,0,0,1,1,1.01,1.01,0,0,0,0,0,0,0,0,1,1,0,0,0,0,0,0,0,0,0,0,0,0,0,0,0,0,0
"03408022",1,"2015","2014",3,0.153,0.153,"3",0.3098,0.3098,"21","D",0,0,0,"D",0,"D",40000,"D",0,"D",0,"D",0,"D",0,"D",0,"D",0,"D",3000,"D",0,"D",0,"D",0,"D",13636,"D",-882,0,-773.41,-959.8,0,0,6120,6120,40000,40000,40000.01,40000.01,0,0,0,0,0,0,1474,1640.39,26364,26364,0,0,700.59,680.59,700.59,680.59,4000,4000,16636,16636,0,0,0,0,737,820.19,0
"03408032",1,"2015","2014",0,0,0,"1",0,0,"02","D",0,0,0,"D",0,"D",0,"D",0,"D",6351,"D",0,"D",0,"D",0,"D",3300,"D",0,"D",13,"D",0,"D",0,"D",840,"D",0,0,0,0,0,0,0,0,6351,6351,0,0,0,0,0,0,0,0,0,0,6351,6351,0,0,0,0,0,0,0,0,0,0,0,0,0,0,0,0,0
"03408072",1,"2015","2014",3,0.153,0.153,"3",-0.45,-0.45,"0","T",0,0,0,"D",0,"D",8000,"D",0,"D",0,"D",167,"D",10762,"D",0,"D",0,"D",630,"D",230,"D",0,"D",0,"D",7776,"D",-3600,0,-3600,-3600,0,0,1224,1224,8167,8167,0,0,0,0,0,0,0,0,3600,3600,8167,8167,0,0,0,0,0,0,0,0,0,0,0,0,0,0,0,0,0
"03408092",1,"2015","2014",0,0.153,0.153,"2",0,0,"36","D",0.0198,0.0213,0,"D",0,"D",25231,"D",0,"D",-6500,"D",1350,"D",5780,"D",0,"D",0,"D",3200,"D",80,"D",0,"D",0,"D",160,"D",0,118,0,0,123.34,113.55,3860.34,3860.34,20081,20081,20081.01,20081.01,0,0,0,0,0,0,0,0,20081,20081,0,0,0,0,0,0,0,0,0,0,0,0,0,0,0,0,0
"03408112",1,"2015","2014",1,0.153,0.153,"2",0.1488,0.1488,"05","D",0.04,0.04,0,"D",0,"D",70000,"D",11321,"D",0,"D",0,"D",0,"D",0,"D",0,"D",3000,"D",0,"D",0,"D",1,"D",24948,"D",4142,686,4164.24,4126.74,696.05,678.49,12442.11,12442.11,81321,81321,81321.01,81321.01,1000,1000,0,0,0,0,0,0,56373,56373,0,0,5164.24,5126.74,5164.24,5126.74,7984,8088,27948,27948,0,0,0,0,0,0,0
"03408132",1,"2015","2014",0,0.029,0.029,"1",0.28,0.28,"02","D",0,0,0,"D",0,"D",130000,"D",0,"D",-6500,"D",0,"D",0,"D",0,"D",0,"D",1300,"D",103,"D",0,"D",0,"D",800,"D",24828,0,24913.75,24767.25,0,0,18278,18464,123500,123500,0,0,0,0,0,0,0,0,0,0,123500,123500,0,0,24913.75,24767.25,24913.75,24767.25,0,0,0,0,0,0,0,0,0,0,0
"03408172",1,"2015","2014",0,0.153,0.153,"1",0.149,0.149,"29","D",0,0,0,"D",0,"D",42000,"D",0,"D",-1909,"D",0,"D",0,"D",0,"D",0,"D",450,"D",0,"D",0,"D",0,"D",6864,"D",3781,0,3789.56,3774.56,0,0,6426,6426,40091,40091,0,0,0,0,0,0,0,0,0,0,33227,33227,0,0,3789.56,3774.56,3789.56,3774.56,0,0,0,0,0,0,0,0,0,0,0
"03408182",1,"2015","2014",0,0,0,"1",0,0,"44","D",0,0,1,"D",1,"D",0,"D",0,"D",734,"D",0,"D",17110,"D",0,"D",6000,"D",0,"D",40,"D",0,"D",0,"D",0,"D",0,0,0,0,0,0,0,0,734,734,0,0,0,0,0,0,0,0,0,0,734,734,0,0,0,0,0,0,0,0,0,0,0,0,0,0,0,0,0
"03408193",1,"2015","2014",0,0,0,"2",0,0,"44","D",0,0,2,"D",2,"D",0,"D",0,"D",0,"D",19740,"D",26575,"D",0,"D",0,"D",2100,"D",900,"D",0,"D",0,"D",0,"D",0,0,0,0,0,0,0,0,20253.75,20253.75,0,0,0,0,0,0,0,0,0,0,20253.75,20253.75,0,0,0,0,0,0,0,0,0,0,0,0,0,0,0,0,0
"03408242",1,"2015","2014",1,0.038,0.038,"2",0.35,0.35,"11","D",0.06,0.06,0,"D",0,"D",150000,"D",130000,"D",2200,"D",0,"D",0,"D",0,"D",19500,"D",0,"D",2064,"D",0,"D",1,"D",0,"D",60916,15868,61260.6,60670.6,15868,15868,37406,37778,282200,282200,282200.01,282200.01,0,0,0,0,0,0,0,0,282200,282200,149,50,61028,60537,61028,60537,3000,3000,0,0,0,0,0,0,0,0,0
"03408252",1,"2015","2014",1,0.153,0.153,"2",0.15,0.15,"0","T",0,0,0,"D",0,"D",0,"D",25000,"D",0,"D",22356,"D",0,"D",0,"D",0,"D",890,"D",0,"D",0,"D",0,"D",3576,"D",2519,0,2558.4,2490.9,0,0,3825,3825,47356,47356,0,0,0,0,0,0,0,0,0,0,47356,47356,0,0,2558.4,2490.9,2558.4,2490.9,0,0,0,0,0,0,0,0,0,0,0
"03408262",1,"2015","2014",0,0,0,"1",-0.0765,-0.0765,"05","D",0,0,0,"D",0,"D",0,"D",0,"D",400,"D",1400,"D",16548,"D",0,"D",0,"D",2600,"D",30,"D",0,"D",0,"D",4044,"D",0,0,0,0,0,0,0,0,1800,1800,1800.01,1800.01,0,0,0,0,0,0,0,0,1800,1800,0,0,0,0,0,0,3992,4044,6674,6674,0,0,0,0,0,0,0
"03408282",1,"2015","2014",0,0,0,"1",-0.0765,-0.0765,"22","D",-0.0115,-0.0115,0,"D",0,"D",0,"D",0,"D",1579,"D",2966,"D",21706,"D",0,"D",0,"D",4500,"D",355,"D",0,"D",0,"D",9324,"D",0,0,0,0,0,0,0,0,4545,4545,4545.01,4545.01,0,0,0,0,0,0,0,0,4545,4545,0,0,0,0,0,0,0,0,0,0,0,0,0,0,0,0,0
"03408312",1,"2015","2014",0,0.153,0.153,"1",0.15,0.15,"05","D",0.04,0.04,0,"D",0,"D",28000,"D",0,"D",0,"D",0,"D",0,"D",0,"D",15600,"D",0,"D",20,"D",0,"D",0,"D",0,"D",2206,342,2223.75,2193.75,347.38,338.53,4284,4284,28000,28000,28000.01,28000.01,0,0,0,0,0,0,0,0,28000,28000,0,0,2223.75,2193.75,2223.75,2193.75,3992,4044,20,20,0,0,0,0,0,0,0
"03408352",1,"2015","2014",3,0.153,0.153,"2",0.4659,0.4659,"44","D",0,0,0,"D",0,"D",31600,"D",0,"D",0,"D",0,"D",21622,"D",0,"D",0,"D",3000,"D",150,"D",0,"D",1,"D",600,"D",-3957,0,-3824.77,-4050.9,0,0,4834.8,4834.8,36805.5,36805.5,0,0,465.55,420.55,534.45,579.45,0,0,3290.32,3471.45,36805.5,36805.5,0,0,465.55,420.55,465.55,420.55,0,0,0,0,0,0,0,0,0,0,0
"03408422",1,"2015","2014",0,0.153,0.153,"1",0.1,0.1,"01","D",0.045,0.045,0,"D",0,"D",18000,"D",0,"D",2,"D",0,"D",0,"D",0,"D",0,"D",170,"D",0,"D",0,"D",0,"D",0,"D",776,621,785.2,770.2,620.84,621.59,2754,2754,18002,18002,18002.01,18002.01,0,0,0,0,0,0,0,0,18002,18002,0,0,785.2,770.2,785.2,770.2,2500,2500,1547,1547,0,0,0,0,0,0,0
"03408442",1,"2015","2014",1,0.153,0.153,"3",0,0.2397,"0","T",0,0,1,"D",1,"D",17500,"D",0,"D",0,"D",0,"D",17062,"D",0,"D",8400,"D",0,"D",63,"D",0,"D",0,"D",2400,"D",-3324,0,-3275.36,-3359,0,0,2677.5,2677.5,18015.5,18015.5,0,0,0,0,0,0,0,0,3275.36,3359,18015.5,18015.5,0,0,0,0,0,0,0,0,0,0,0,0,0,0,0,0,0
"03408482",1,"2015","2014",2,0,0,"3",-0.4,-0.4,"29","D",0,0,0,"D",0,"D",0,"D",0,"D",150,"D",10800,"D",0,"D",0,"D",0,"D",1200,"D",389,"D",0,"D",0,"D",2324,"D",0,0,0,0,0,0,0,0,10950,10950,0,0,0,0,0,0,0,0,0,0,10950,10950,0,0,0,0,0,0,0,0,0,0,0,0,0,0,0,0,0
"03408502",1,"2015","2014",1,0.153,0.153,"3",0,0,"44","D",0,0,0,"D",0,"D",15000,"D",0,"D",0,"D",0,"D",0,"D",0,"D",5700,"D",0,"D",0,"D",320,"D",1,"D",0,"D",-4337,0,-4305,-4359,0,0,2295,2295,15000,15000,0,0,0,0,1000,1000,0,0,3305,3359,15000,15000,0,0,0,0,0,0,0,0,0,0,0,0,0,0,0,0,0
"03408502",2,"2015","2014",0,0.153,0.153,"1",0.0765,0.0765,"44","D",0,0,0,"D",0,"D",10000,"D",0,"D",0,"D",0,"D",0,"D",0,"D",0,"D",0,"D",0,"D",0,"D",0,"D",0,"D",-362,0,-351.41,-369.12,0,0,1530,1530,10000,10000,0,0,0,0,0,0,0,0,351.41,369.12,10000,10000,0,0,0,0,0,0,0,0,0,0,0,0,0,0,0,0,0
"03408512",1,"2015","2014",0,0,0,"2",0.15,0.15,"34","D",0.0575,0.058,2,"D",2,"D",0,"D",0,"D",9948,"D",18336,"D",26768,"D",0,"D",0,"D",1500,"D",1567,"D",0,"D",0,"D",3600,"D",1018,767,1041.8,1001.8,770.47,763.83,0,0,33118,33118,28284.01,28284.01,0,0,0,0,0,0,0,0,33118,33118,0,0,1041.8,1001.8,1041.8,1001.8,15000,15000,5100,5100,0,0,0,0,0,0,0
"03408523",1,"2015","2014",0,0.153,0.153,"1",0.15,0.15,"34","D",0.0575,0.058,0,"D",0,"D",28440,"D",0,"D",0,"D",0,"D",0,"D",0,"D",12000,"D",0,"D",0,"D",0,"D",0,"D",0,"D",2272,1208,2289.75,2259.75,1214.52,1204.05,4351.32,4351.32,28440,28440,28440.01,28440.01,0,0,0,0,0,0,0,0,28440,28440,0,0,2289.75,2259.75,2289.75,2259.75,7500,7500,0,0,0,0,0,0,0,0,0
"03408532",1,"2015","2014",2,0.153,0.153,"2",0.1405,0.1405,"45","D",0.063,0.063,0,"D",0,"D",74883,"D",24764,"D",-810,"D",0,"D",0,"D",0,"D",0,"D",1600,"D",74,"D",0,"D",2,"D",14472,"D",6472,4185,6497.11,6454.29,4193.63,4179.05,15245.99,15245.99,98837,98837,98837.01,98837.01,2000,2000,0,0,0,0,0,0,84365,84365,0,0,8497.11,8454.29,8497.11,8454.29,0,0,0,0,0,0,0,0,0,0,0
"03408562",1,"2015","2014",0,0,0,"1",0,0,"25","D",0,0,1,"D",1,"D",0,"D",0,"D",0,"D",3900,"D",10522,"D",0,"D",0,"D",540,"D",77,"D",0,"D",0,"D",0,"D",0,0,0,0,0,0,0,0,3900,3900,0.01,0.01,0,0,0,0,0,0,0,0,3900,3900,0,0,0,0,0,0,2300,2300,617,617,0,0,0,0,0,0,0
"03408602",1,"2015","2014",0,0,0,"1",0,0,"34","D",0,0,1,"D",1,"D",0,"D",0,"D",0,"D",0,"D",23530,"D",0,"D",0,"D",2600,"D",513,"D",0,"D",0,"D",0,"D",0,0,0,0,0,0,0,0,0,0,0.01,0.01,0,0,0,0,0,0,0,0,0,0,0,0,0,0,0,0,7500,7500,2600,2600,0,0,0,0,0,0,0
"03408602",3,"2015","2014",0,0,0,"1",-0.0765,-0.0765,"34","D",0,0,0,"D",0,"D",0,"D",0,"D",0,"D",0,"D",20614,"D",0,"D",0,"D",0,"D",0,"D",0,"D",0,"D",0,"D",0,0,0,0,0,0,0,0,0,0,0.01,0.01,0,0,0,0,0,0,0,0,0,0,0,0,0,0,0,0,7500,7500,0,0,0,0,0,0,0,0,0
"03408642",1,"2015","2014",0,0.153,0.153,"2",0.1,0.1,"05","D",0,0,0,"D",0,"D",23193,"D",17887,"D",-13000,"D",0,"D",0,"D",0,"D",18000,"D",0,"D",0,"D",0,"D",0,"D",0,"D",761,0,778,748,0,0,6285.24,6285.24,28080,28080,28080.01,28080.01,0,0,0,0,0,0,0,0,28080,28080,0,0,778,748,778,748,7984,8088,0,0,0,0,0,0,0,0,0
"03408642",2,"2015","2014",1,0,0,"3",-0.34,-0.34,"05","D",0,0,0,"D",0,"D",0,"D",0,"D",0,"D",0,"D",0,"D",0,"D",0,"D",0,"D",0,"D",0,"D",0,"D",0,"D",0,0,0,0,0,0,0,0,0,0,0.01,0.01,0,0,0,0,0,0,0,0,0,0,0,0,0,0,0,0,7984,8088,0,0,0,0,0,0,0,0,0
"03408662",1,"2015","2014",0,0.153,0.153,"1",0.1451,0.1449,"15","D",0.033,0.034,0,"D",0,"D",29000,"D",0,"D",-5500,"D",0,"D",0,"D",0,"D",0,"D",1800,"D",120,"D",0,"D",0,"D",6520,"D",1100,692,1107.18,1095.28,703.8,683.1,4437,4437,23500,23500,23500.01,23500.01,0,0,0,0,0,0,0,0,16980,16980,0,0,1107.18,1095.29,1107.18,1095.28,0,0,0,0,0,0,0,0,0,0,0
"03408662",2,"2015","2014",0,0,0,"1",0.225,0.225,"15","D",0.033,0.034,1,"D",1,"D",0,"D",0,"D",0,"D",19000,"D",23062,"D",0,"D",0,"D",0,"D",0,"D",0,"D",0,"D",0,"D",1039,551,1056.08,1026.08,561,544.5,0,0,21765.5,21765.5,19000.01,19000.01,0,0,0,0,0,0,0,0,21765.5,21765.5,0,0,1056.08,1026.08,1056.08,1026.08,0,0,0,0,0,0,0,0,0,0,0
"03408682",1,"2015","2014",2,0,0,"3",-0.4,-0.4,"34","D",0,0,0,"D",0,"D",0,"D",0,"D",0,"D",0,"D",0,"D",0,"D",0,"D",1600,"D",0,"D",0,"D",0,"D",140,"D",0,0,0,0,0,0,0,0,0,0,0.01,0.01,0,0,0,0,0,0,0,0,0,0,0,0,0,0,0,0,12000,12000,1740,1740,0,0,0,0,0,0,0
"03408692",1,"2015","2014",0,0.153,0.153,"1",0.15,0.15,"45","D",0.063,0.063,0,"D",0,"D",25000,"D",0,"D",-390,"D",0,"D",0,"D",0,"D",8400,"D",0,"D",0,"D",0,"D",0,"D",0,"D",1698,818,1715.25,1685.25,824.01,812.97,3825,3825,24610,24610,24610.01,24610.01,0,0,0,0,0,0,0,0,24610,24610,0,0,1715.25,1685.25,1715.25,1685.25,0,0,0,0,0,0,0,0,0,0,0
"03408702",1,"2015","2014",0,0,0,"1",-0.0765,-0.0765,"33","D",-0.0229,-0.0229,0,"D",0,"D",0,"D",0,"D",0,"D",0,"D",0,"D",0,"D",3600,"D",0,"D",0,"D",0,"D",0,"D",30,"D",0,0,0,0,0,0,0,0,0,0,0.01,0.01,0,0,0,0,0,0,0,0,0,0,0,0,0,0,0,0,7800,7900,0,0,0,0,0,0,0,0,0
"03408712",1,"2015","2014",2,0,0,"3",-0.4,-0.4,"36","D",0,0,0,"D",0,"D",0,"D",0,"D",112,"D",0,"D",0,"D",0,"D",0,"D",4400,"D",1763,"D",0,"D",0,"D",2880,"D",0,0,0,0,0,0,0,0,112,112,112.01,112.01,0,0,0,0,0,0,0,0,112,112,0,0,0,0,0,0,0,0,0,0,0,0,0,0,0,0,0
"03408732",1,"2015","2014",1,0.153,0.153,"3",0.3897,0.3897,"0","T",0,0,0,"D",0,"D",24000,"D",0,"D",0,"D",0,"D",18262,"D",0,"D",7200,"D",0,"D",0,"D",0,"D",1,"D",0,"D",-1639,0,-1562.82,-1692.95,0,0,3672,3672,28065.5,28065.5,0,0,1000,1000,0,0,0,0,1669.37,1774.5,28065.5,28065.5,0,0,1106.55,1081.55,1106.55,1081.55,0,0,0,0,0,0,0,0,0,0,0
"03408762",1,"2015","2014",1,0.153,0.153,"2",0.3,0.3,"0","T",0,0,0,"D",0,"D",40000,"D",85000,"D",0,"D",0,"D",0,"D",0,"D",0,"D",1200,"D",0,"D",200,"D",1,"D",4732,"D",16486,0,16610,16397.5,0,0,19125,19125,125000,125000,0,0,250,250,0,0,40,40,0,0,125000,125000,0,0,16900,16687.5,16900,16687.5,0,0,0,0,0,0,0,0,0,0,0
"03408812",1,"2015","2014",0,0.153,0.153,"2",0.2355,0.2355,"18","D",0.058,0.058,0,"D",0,"D",60000,"D",55000,"D",-3652,"D",0,"D",0,"D",0,"D",0,"D",1200,"D",1864,"D",0,"D",0,"D",5172,"D",14030,5593,14117.38,13967.38,5592.5,5592.5,17595,17595,111348,111348,111348.01,111348.01,0,0,0,0,0,0,0,0,106176,106176,0,0,14117.38,13967.38,14117.38,13967.38,2400,2440,8236,8236,0,0,0,0,0,0,0
"03408832",1,"2015","2014",1,0.153,0.153,"3",-0.34,-0.34,"31","D",-0.102,-0.068,0,"D",0,"D",8207,"D",0,"D",0,"D",0,"D",0,"D",0,"D",5700,"D",0,"D",0,"D",0,"D",0,"D",0,"D",-2790,-871,-2790.38,-2790.38,-708.08,-987.11,1255.67,1255.67,8207,8207,8207.01,8207.01,0,0,0,0,0,0,2790.38,2790.38,8207,8207,0,0,0,0,0,0,0,0,0,0,0,0,0,0,558.08,837.12,0
"03408862",1,"2015","2014",1,0,0,"3",-0.34,-0.34,"0","T",0,0,0,"D",0,"D",0,"D",0,"D",0,"D",0,"D",0,"D",0,"D",0,"D",0,"D",0,"D",0,"D",1,"D",146,"D",0,0,0,0,0,0,0,0,0,0,0,0,0,0,0,0,0,0,0,0,0,0,0,0,0,0,0,0,0,0,0,0,0,0,0,0,0,0,0
"03408882",1,"2015","2014",2,0.153,0.153,"2",0.15,0.15,"10","D",0,0,0,"D",0,"D",24000,"D",27000,"D",0,"D",0,"D",0,"D",0,"D",0,"D",2000,"D",0,"D",0,"D",2,"D",0,"D",469,0,512.5,437.5,0,0,7803,7803,51000,51000,0,0,2000,2000,0,0,0,0,0,0,51000,51000,0,0,2512.5,2437.5,2512.5,2437.5,0,0,0,0,0,0,0,0,0,0,0
"03408912",1,"2015","2014",2,0.0796,0.0796,"2",0.2622,0.325,"31","D",0.0637,0.0637,0,"D",0,"D",93000,"D",135000,"D",40,"D",0,"D",0,"D",0,"D",0,"D",6300,"D",40,"D",0,"D",2,"D",6032,"D",40395,9764,40634.1,40224.67,9763.84,9763.84,32652,32838,228040,228040,228040.01,228040.01,0,0,0,0,0,0,0,0,222008,222008,157.93,0,40476.17,40224.67,40476.17,40224.67,0,0,0,0,0,0,0,0,0,0,0
"03408932",1,"2015","2014",2,0.153,0.153,"3",0.3,0.3,"05","D",0.08,0.08,0,"D",0,"D",77000,"D",0,"D",-55,"D",0,"D",0,"D",0,"D",21540,"D",0,"D",500,"D",0,"D",2,"D",0,"D",6412,1700,6508.5,6343.5,1733.15,1676.74,11781,11781,76945,76945,76945.01,76945.01,1902.75,1902.75,0,0,0,0,0,0,76945,76945,0,0,8411.25,8246.25,8411.25,8246.25,7984,8088,500,500,0,0,0,0,0,0,0
"03408952",1,"2015","2014",2,0,0,"3",-0.4,-0.4,"05","D",0,0,0,"D",0,"D",0,"D",0,"D",1140,"D",1200,"D",0,"D",0,"D",0,"D",950,"D",234,"D",0,"D",0,"D",1721,"D",0,0,0,0,0,0,0,0,2340,2340,2340.01,2340.01,0,0,0,0,0,0,0,0,2340,2340,0,0,0,0,0,0,7984,8088,2905,2905,0,0,0,0,0,0,0
"03408992",1,"2015","2014",0,0.153,0.153,"1",0.25,0.25,"33","D",0.0645,0.0645,0,"D",0,"D",57677,"D",0,"D",0,"D",0,"D",0,"D",0,"D",43356,"D",0,"D",0,"D",0,"D",0,"D",0,"D",7680,2880,7738,7638,2888.18,2873.96,8824.58,8824.58,57677,57677,57677.01,57677.01,0,0,0,0,0,0,0,0,57677,57677,0,0,7738,7638,7738,7638,7800,7900,0,0,0,0,0,0,0,0,0
"03408992",2,"2015","2014",0,0.153,0.153,"1",0.25,0.25,"33","D",0.0645,0.0645,0,"D",0,"D",55000,"D",0,"D",0,"D",0,"D",0,"D",0,"D",0,"D",0,"D",0,"D",0,"D",0,"D",0,"D",7010,2707,7068.75,6968.75,2715.51,2701.3,8415,8415,55000,55000,55000.01,55000.01,0,0,0,0,0,0,0,0,55000,55000,0,0,7068.75,6968.75,7068.75,6968.75,7800,7900,0,0,0,0,0,0,0,0,0
"03408992",3,"2015","2014",0,0.153,0.153,"1",0.25,0.25,"33","D",0.0645,0.0645,0,"D",0,"D",75000,"D",0,"D",0,"D",0,"D",0,"D",0,"D",0,"D",0,"D",0,"D",0,"D",0,"D",0,"D",12010,3997,12068.75,11968.75,4005.51,3991.3,11475,11475,75000,75000,75000.01,75000.01,0,0,0,0,0,0,0,0,75000,75000,0,0,12068.75,11968.75,12068.75,11968.75,7800,7900,0,0,0,0,0,0,0,0,0
"03409032",1,"2015","2014",0,0.153,0.153,"1",0.15,0.15,"39","D",0.0307,0.0307,0,"D",0,"D",30000,"D",0,"D",0,"D",0,"D",0,"D",0,"D",7920,"D",0,"D",0,"D",0,"D",0,"D",0,"D",2506,921,2523.75,2493.75,921,921,4590,4590,30000,30000,30000.01,30000.01,0,0,0,0,0,0,0,0,30000,30000,0,0,2523.75,2493.75,2523.75,2493.75,0,0,0,0,0,0,0,0,0,0,0
"03409042",1,"2015","2014",0,0,0,"1",0,0,"34","D",0,0,1,"D",1,"D",0,"D",0,"D",0,"D",0,"D",22342,"D",0,"D",0,"D",16180,"D",134,"D",0,"D",0,"D",276,"D",0,0,0,0,0,0,0,0,0,0,0.01,0.01,0,0,0,0,0,0,0,0,0,0,0,0,0,0,0,0,7500,7500,16456,16456,0,0,0,0,0,0,0
"03409062",1,"2015","2014",2,0.153,0.153,"3",0.1454,0.1454,"39","D",0.0307,0.0307,0,"D",0,"D",64000,"D",0,"D",6931,"D",0,"D",0,"D",0,"D",0,"D",4000,"D",95,"D",0,"D",2,"D",8236,"D",4019,2178,4038.36,4005.86,2177.58,2177.58,9792,9792,70931,70931,70931.01,70931.01,2000,2000,0,0,0,0,0,0,62695,62695,0,0,6038.36,6005.86,6038.36,6005.86,0,0,0,0,0,0,0,0,0,0,0
"03409062",2,"2015","2014",0,0,0,"1",-0.0765,-0.0765,"39","D",0,0,0,"D",0,"D",0,"D",0,"D",0,"D",0,"D",0,"D",0,"D",0,"D",0,"D",0,"D",0,"D",0,"D",0,"D",0,0,0,0,0,0,0,0,0,0,0.01,0.01,0,0,0,0,0,0,0,0,0,0,0,0,0,0,0,0,0,0,0,0,0,0,0,0,0,0,0
"03409112",1,"2015","2014",2,0,0,"3",-0.4,-0.4,"0","T",0,0,0,"D",0,"D",0,"D",0,"D",0,"D",0,"D",0,"D",0,"D",0,"D",3000,"D",0,"D",0,"D",0,"D",0,"D",0,0,0,0,0,0,0,0,0,0,0,0,0,0,0,0,0,0,0,0,0,0,0,0,0,0,0,0,0,0,0,0,0,0,0,0,0,0,0
"03409132",1,"2015","2014",2,0,0,"3",-0.4,-0.4,"50","D",-0.044,-0.044,0,"D",0,"D",0,"D",0,"D",0,"D",762,"D",0,"D",0,"D",12000,"D",0,"D",0,"D",0,"D",0,"D",240,"D",0,-1160,0,0,-1160,-1160,0,0,762,762,762.01,762.01,0,0,0,0,0,0,0,0,762,762,0,0,0,0,0,0,13020,13239.48,240,240,1160,1160,0,0,0,0,0
"03409142",1,"2015","2014",0,0.153,0.153,"1",0.15,0.15,"39","D",0.0307,0.0307,0,"D",0,"D",32000,"D",0,"D",1400,"D",0,"D",0,"D",0,"D",0,"D",2800,"D",1052,"D",0,"D",0,"D",0,"D",3016,1025,3033.75,3003.75,1025.38,1025.38,4896,4896,33400,33400,33400.01,33400.01,0,0,0,0,0,0,0,0,33400,33400,0,0,3033.75,3003.75,3033.75,3003.75,0,0,0,0,0,0,0,0,0,0,0
"03409152",1,"2015","2014",1,0,0,"3",-0.34,-0.34,"33","D",-0.102,-0.102,0,"D",0,"D",0,"D",0,"D",0,"D",0,"D",817,"D",0,"D",0,"D",450,"D",5,"D",0,"D",0,"D",0,"D",0,-175,0,0,-175,-175,0,0,0,0,0.01,0.01,0,0,0,0,0,0,0,0,0,0,0,0,0,0,0,0,10950,11100,0,0,75,75,0,0,0,0,0
"03409162",1,"2015","2014",0,0.153,0.153,"2",0.25,0.25,"15","D",0.033,0.034,0,"D",0,"D",44000,"D",56000,"D",0,"D",0,"D",0,"D",0,"D",0,"D",600,"D",60,"D",0,"D",0,"D",4392,"D",11521,3255,11637.5,11437.5,3311.6,3214.2,15300,15300,100000,100000,100000.01,100000.01,0,0,0,0,0,0,0,0,100000,100000,0,0,11637.5,11437.5,11637.5,11437.5,0,0,0,0,0,0,0,0,0,0,0
"03409172",1,"2015","2014",1,0.153,0.153,"2",0.15,0.15,"0","T",0,0,0,"D",0,"D",8000,"D",42000,"D",0,"D",0,"D",0,"D",0,"D",0,"D",70,"D",315,"D",0,"D",1,"D",0,"D",1916,0,1955,1887.5,0,0,7650,7650,50000,50000,0,0,1000,1000,0,0,0,0,0,0,50000,50000,0,0,2955,2887.5,2955,2887.5,0,0,0,0,0,0,0,0,0,0,0
"03409202",1,"2015","2014",6,0.153,0.153,"2",0.2106,0.2106,"12","D",0.064,0.064,0,"D",0,"D",0,"D",33120,"D",0,"D",0,"D",0,"D",0,"D",15636,"D",0,"D",61,"D",0,"D",3,"D",0,"D",-7172,492,-7066.48,-7247.62,492.35,492.35,5067.36,5067.36,33120,33120,33120.01,33120.01,0,0,3000,3000,0,0,4066.48,4247.62,33120,33120,0,0,0,0,0,0,4400,4400,722.94,722.94,0,0,0,0,0,0,0
"03409202",2,"2015","2014",0,0.153,0.153,"1",0.15,0.15,"12","D",0.068,0.068,0,"D",0,"D",20032,"D",0,"D",0,"D",0,"D",0,"D",0,"D",0,"D",0,"D",0,"D",0,"D",0,"D",0,"D",1011,792,1028.55,998.55,792.18,792.18,3064.9,3064.9,20032,20032,20032.01,20032.01,0,0,0,0,0,0,0,0,20032,20032,0,0,1028.55,998.55,1028.55,998.55,2200,2200,792.18,792.18,0,0,0,0,0,0,0
"03409202",3,"2015","2014",0,0.153,0.153,"1",0.0765,0.0765,"12","D",0.055,0.055,0,"D",0,"D",9185,"D",0,"D",0,"D",0,"D",0,"D",0,"D",0,"D",0,"D",0,"D",0,"D",0,"D",0,"D",-424,93,-413.76,-431.47,92.66,92.66,1405.3,1405.3,9185,9185,9185.01,9185.01,0,0,0,0,0,0,413.76,431.47,9185,9185,0,0,0,0,0,0,2200,2200,201.7,201.7,0,0,0,0,0,0,0
"03409222",1,"2015","2014",1,0.153,0.153,"3",0.15,0.15,"44","D",0,0,0,"D",0,"D",45000,"D",0,"D",0,"D",0,"D",0,"D",0,"D",13800,"D",0,"D",0,"D",0,"D",1,"D",840,"D",2525,0,2552.5,2505,0,0,6885,6885,45000,45000,0,0,1000,1000,0,0,0,0,0,0,45000,45000,0,0,3552.5,3505,3552.5,3505,0,0,0,0,0,0,0,0,0,0,0
"03409222",2,"2015","2014",0,0.153,0.153,"1",0.15,0.15,"44","D",0,0,0,"D",0,"D",20000,"D",0,"D",0,"D",0,"D",0,"D",0,"D",0,"D",0,"D",0,"D",0,"D",0,"D",0,"D",1006,0,1023.75,993.75,0,0,3060,3060,20000,20000,0,0,0,0,0,0,0,0,0,0,20000,20000,0,0,1023.75,993.75,1023.75,993.75,0,0,0,0,0,0,0,0,0,0,0
"03409232",1,"2015","2014",2,0.153,0.153,"3",0.3606,0.3606,"14","D",0.0586,0.0711,0,"D",0,"D",41000,"D",0,"D",0,"D",0,"D",0,"D",0,"D",9480,"D",0,"D",0,"D",0,"D",2,"D",60,"D",-343,1410,-220.4,-430.79,1673.21,1222.05,6273,6273,41000,41000,41000.01,41000.01,2000,2000,0,0,0,0,580.4,735.79,41000,41000,0,0,2360,2305,2360,2305,0,0,0,0,0,0,0,0,58.04,73.58,0
"03409232",2,"2015","2014",0,0,0,"1",-0.0765,-0.0765,"14","D",-0.0077,-0.0077,0,"D",0,"D",0,"D",0,"D",0,"D",0,"D",0,"D",0,"D",0,"D",0,"D",0,"D",0,"D",0,"D",0,"D",0,0,0,0,0,0,0,0,0,0,0.01,0.01,0,0,0,0,0,0,0,0,0,0,0,0,0,0,0,0,0,0,0,0,0,0,0,0,0,0,0
"03409242",1,"2015","2014",2,0,0,"3",-0.4,-0.4,"44","D",0,0,0,"D",0,"D",0,"D",0,"D",160,"D",0,"D",0,"D",0,"D",0,"D",3200,"D",16,"D",0,"D",0,"D",1909,"D",0,0,0,0,0,0,0,0,160,160,0,0,0,0,0,0,0,0,0,0,160,160,0,0,0,0,0,0,0,0,0,0,0,0,0,0,0,0,0
"03409252",1,"2015","2014",0,0,0,"1",0,0,"10","D",0,0,1,"D",1,"D",0,"D",0,"D",0,"D",0,"D",13548,"D",0,"D",0,"D",10,"D",0,"D",0,"D",0,"D",0,"D",0,0,0,0,0,0,0,0,0,0,0,0,0,0,0,0,0,0,0,0,0,0,0,0,0,0,0,0,0,0,0,0,0,0,0,0,0,0,0
"03409262",1,"2015","2014",1,0.153,0.153,"3",0.1397,0.1397,"28","D",0.0684,0.0684,0,"D",0,"D",65000,"D",0,"D",61,"D",0,"D",0,"D",0,"D",0,"D",3100,"D",1609,"D",0,"D",0,"D",12420,"D",5083,1731,5095.57,5074.24,1744.85,1720.41,9945,9945,65061,65061,65061.01,65061.01,0,0,0,0,0,0,0,0,52641,52641,0,0,5095.57,5074.24,5095.57,5074.24,0,0,17129,17129,0,0,0,0,0,0,0
"03409292",1,"2015","2014",0,0.153,0.153,"1",0.25,0.25,"33","D",0.0645,0.0645,0,"D",0,"D",70000,"D",0,"D",0,"D",0,"D",0,"D",0,"D",11040,"D",0,"D",50,"D",0,"D",0,"D",0,"D",10760,3675,10818.75,10718.75,3683.01,3668.8,10710,10710,70000,70000,70000.01,70000.01,0,0,0,0,0,0,0,0,70000,70000,0,0,10818.75,10718.75,10818.75,10718.75,7800,7900,0,0,0,0,0,0,0,0,0
"03409292",2,"2015","2014",0,0.153,0.153,"1",0.1,0.1,"33","D",0.0454,0.0454,0,"D",0,"D",17338,"D",0,"D",0,"D",0,"D",0,"D",0,"D",0,"D",0,"D",0,"D",0,"D",0,"D",0,"D",710,338,718.8,703.8,341.69,336.21,2652.71,2652.71,17338,17338,17338.01,17338.01,0,0,0,0,0,0,0,0,17338,17338,0,0,718.8,703.8,718.8,703.8,7800,7900,0,0,0,0,0,0,0,0,0
"03409322",1,"2015","2014",0,0.153,0.153,"1",0.1414,0.1413,"34","D",0.0575,0.058,0,"D",0,"D",35317,"D",0,"D",0,"D",0,"D",0,"D",0,"D",0,"D",1400,"D",0,"D",0,"D",0,"D",5712,"D",2935,1605,2942.49,2929.58,1613.39,1599.48,5403.5,5403.5,35317,35317,35317.01,35317.01,0,0,0,0,0,0,0,0,29605,29605,0,0,2942.49,2929.58,2942.49,2929.58,7500,7500,7112,7112,0,0,0,0,0,0,0
"03409332",1,"2015","2014",0,0.153,0.153,"2",0.15,0.15,"10","D",0,0,0,"D",0,"D",24440,"D",42640,"D",0,"D",0,"D",0,"D",0,"D",0,"D",470,"D",1755,"D",0,"D",0,"D",3900,"D",6075,0,6109.5,6049.5,0,0,10263.24,10263.24,67080,67080,0,0,0,0,0,0,0,0,0,0,67080,67080,0,0,6109.5,6049.5,6109.5,6049.5,0,0,0,0,0,0,0,0,0,0,0
"03409342",1,"2015","2014",0,0,0,"1",0,0,"39","D",0,0,1,"D",1,"D",0,"D",0,"D",0,"D",0,"D",12974,"D",0,"D",16608,"D",0,"D",0,"D",0,"D",0,"D",0,"D",0,0,0,0,0,0,0,0,0,0,0.01,0.01,0,0,0,0,0,0,0,0,0,0,0,0,0,0,0,0,0,0,0,0,0,0,0,0,0,0,0
"03409362",1,"2015","2014",3,0.153,0.153,"3",0.2275,0.2275,"38","D",0.09,0.09,0,"D",0,"D",90000,"D",0,"D",3224,"D",1857,"D",0,"D",0,"D",0,"D",3300,"D",50,"D",0,"D",1,"D",11220,"D",9151,5432,9228.13,9095.38,5448.49,5419.49,13770,13770,95081,95081,95081.01,95081.01,0,0,0,0,0,0,0,0,83861,83861,0,0,9228.13,9095.38,9228.13,9095.38,3405.6,3452.86,14570,14570,0,0,0,0,0,0,0
"03409362",2,"2015","2014",0,0.153,0.153,"1",0.25,0.25,"38","D",0.09,0.09,0,"D",0,"D",66910,"D",0,"D",0,"D",0,"D",0,"D",0,"D",0,"D",0,"D",0,"D",0,"D",0,"D",0,"D",9988,4827,10046.25,9946.25,4838,4819.35,10237.23,10237.23,66910,66910,66910.01,66910.01,0,0,0,0,0,0,0,0,66910,66910,0,0,10046.25,9946.25,10046.25,9946.25,2115.6,2144.96,0,0,0,0,0,0,0,0,0
"03409382",1,"2015","2014",2,0.153,0.153,"2",0.15,0.15,"02","D",0,0,0,"D",0,"D",4800,"D",57000,"D",-2850,"D",0,"D",0,"D",0,"D",0,"D",2000,"D",0,"D",0,"D",2,"D",4352,"D",1661,0,1705,1630,0,0,9455.4,9455.4,58950,58950,0,0,2000,2000,0,0,0,0,0,0,58950,58950,0,0,3705,3630,3705,3630,0,0,0,0,0,0,0,0,0,0,0
"03409422",1,"2015","2014",1,0.153,0.153,"2",0.15,0.15,"39","D",0.0307,0.0307,0,"D",0,"D",26000,"D",44574,"D",0,"D",0,"D",0,"D",6000,"D",8700,"D",0,"D",0,"D",520,"D",1,"D",0,"D",4898,2167,4937.1,4869.6,2166.62,2166.62,10797.82,10797.82,70574,70574,70574.01,70574.01,1000,1000,0,0,104,104,0,0,70574,70574,0,0,6041.1,5973.6,6041.1,5973.6,0,0,0,0,0,0,0,0,0,0,0
"03409432",1,"2015","2014",0,0.153,0.153,"1",0,0,"37","D",0.02,0.03,1,"D",1,"D",12001,"D",0,"D",0,"D",0,"D",0,"D",0,"D",0,"D",470,"D",0,"D",0,"D",0,"D",0,"D",0,5,0,0,6.53,4.02,1836.15,1836.15,12001,12001,12001.01,12001.01,0,0,0,0,0,0,0,0,12001,12001,0,0,30.1,15.1,30.1,15.1,6200,6300,0,0,0,0,0,0,0,0,0
"03409442",1,"2015","2014",2,0,0,"3",-0.4,-0.4,"45","D",0,0,0,"D",0,"D",0,"D",0,"D",1211,"D",0,"D",0,"D",0,"D",0,"D",2400,"D",121,"D",0,"D",0,"D",4207,"D",0,0,0,0,0,0,0,0,1211,1211,1211.01,1211.01,0,0,0,0,0,0,0,0,1211,1211,0,0,0,0,0,0,0,0,0,0,0,0,0,0,0,0,0
"03409462",1,"2015","2014",0,0,0,"2",0.2775,0.2775,"36","D",0.0297,0.0317,2,"D",2,"D",0,"D",0,"D",500,"D",40000,"D",33176,"D",0,"D",13328,"D",2630,"D",200,"D",0,"D",0,"D",200,"D",4287,549,4331.22,4256.22,579.59,527.29,0,0,57624.8,57624.8,40500.01,40500.01,0,0,0,0,0,0,0,0,57624.8,57624.8,0,0,4331.22,4256.22,4331.22,4256.22,0,0,0,0,0,0,0,0,0,0,0
"03409472",1,"2015","2014",2,0.153,0.153,"3",-0.4,-0.4,"50","D",0.0263,0.0263,0,"D",0,"D",12007,"D",0,"D",0,"D",0,"D",0,"D",0,"D",0,"D",5000,"D",0,"D",0,"D",0,"D",0,"D",-4803,-1442,-4802.8,-4802.8,-1441.68,-1441.68,1837.07,1837.07,12007,12007,12007.01,12007.01,0,0,0,0,0,0,4802.8,4802.8,12007,12007,0,0,0,0,0,0,13020,13239.48,0,0,913.37,913.37,0,0,528.31,528.31,0
"03409472",2,"2015","2014",0,0.153,0.153,"1",0.1765,0.1765,"50","D",0.04,0.04,0,"D",0,"D",12194,"D",0,"D",0,"D",0,"D",0,"D",0,"D",0,"D",0,"D",0,"D",0,"D",0,"D",0,"D",2,53,20.83,-11.88,56.56,49.76,1865.68,1865.68,12194,12194,12194.01,12194.01,0,0,0,0,0,0,183.57,201.28,12194,12194,0,0,204.4,189.4,204.4,189.4,10080,10249.92,0,0,0,0,0,0,0,0,0
"03409492",1,"2015","2014",2,0.0732,0.0732,"2",0.2409,0.2409,"01","D",0.0366,0.0366,0,"D",0,"D",140652,"D",78000,"D",0,"D",0,"D",0,"D",0,"D",0,"D",2000,"D",330,"D",0,"D",2,"D",61728,"D",24941,5473,25043.3,24867.53,5471.66,5474.71,30520.91,30706.91,218652,218652,218652.01,218652.01,0,0,0,0,0,0,0,0,156924,156924,0,0,25043.3,24867.53,25043.3,24867.53,4000,4000,78975.5,79090.25,0,0,0,0,0,0,0
"03409522",1,"2015","2014",0,0.153,0.153,"1",0.15,0.15,"03","D",0.0288,0.0288,0,"D",0,"D",21000,"D",0,"D",0,"D",0,"D",0,"D",0,"D",11076,"D",0,"D",0,"D",0,"D",0,"D",0,"D",1156,369,1173.75,1143.75,371.06,368.23,3213,3213,21000,21000,21000.01,21000.01,0,0,0,0,0,0,0,0,21000,21000,0,0,1173.75,1143.75,1173.75,1143.75,5009,5091,371.06,368.23,0,0,0,0,0,0,0
"03409522",2,"2015","2014",0,0.153,0.153,"1",0.15,0.15,"03","D",0.0288,0.0288,0,"D",0,"D",25000,"D",0,"D",0,"D",0,"D",0,"D",0,"D",0,"D",0,"D",0,"D",0,"D",0,"D",0,"D",1756,485,1773.75,1743.75,486.26,483.43,3825,3825,25000,25000,25000.01,25000.01,0,0,0,0,0,0,0,0,25000,25000,0,0,1773.75,1743.75,1773.75,1743.75,5009,5091,486.26,483.43,0,0,0,0,0,0,0
"03409532",1,"2015","2014",1,0.0543,0.0543,"2",0.35,0.35,"47","D",0.0564,0.0564,0,"D",0,"D",228786,"D",34666,"D",-3617,"D",0,"D",0,"D",0,"D",0,"D",6800,"D",3977,"D",0,"D",0,"D",180,"D",52942,13631,53286.25,52696.25,13628.63,13633.25,26567.76,26753.76,259835,259835,259835.01,259835.01,0,0,0,0,0,0,0,0,259655,259655,3487.43,3136.22,49798.82,49560.03,49798.82,49560.03,6000,6000,11068.79,10988.45,0,0,0,0,0,0,0
"03409552",1,"2015","2014",0,0,0,"1",0.25,0.25,"36","D",0.0396,0.0423,0,"D",0,"D",0,"D",0,"D",0,"D",96696,"D",0,"D",0,"D",10200,"D",0,"D",265,"D",0,"D",0,"D",0,"D",17434,2912,17492.75,17392.75,3023.59,2833.07,0,0,96696,96696,96696.01,96696.01,0,0,0,0,0,0,0,0,96696,96696,0,0,17492.75,17392.75,17492.75,17392.75,0,0,0,0,0,0,0,0,0,0,0
"03409562",1,"2015","2014",2,0.153,0.153,"2",0,0,"33","D",0,0,0,"D",0,"D",17000,"D",0,"D",0,"D",0,"D",0,"D",0,"D",43356,"D",0,"D",457,"D",0,"D",2,"D",480,"D",-7511,-2313,-7460,-7548,-2298,-2324.4,2601,2601,17000,17000,17000.01,17000.01,0,0,2000,2000,0,0,5460,5548,17000,17000,0,0,0,0,0,0,15650,15850,0,0,0,0,0,0,1638,1664.4,0
"03409592",1,"2015","2014",0,0.0373,0.0373,"2",0.2267,0.2268,"05","D",0.093,0.093,0,"D",0,"D",125000,"D",9000,"D",6090,"D",0,"D",0,"D",0,"D",0,"D",6400,"D",10,"D",0,"D",0,"D",8940,"D",19244,6363,19321.9,19188.58,6402.4,6335.69,19510,19696,140090,140090,140090.01,140090.01,0,0,0,0,0,0,0,0,131150,131150,0,0,19321.9,19188.58,19321.9,19188.58,7984,8088,15350,15350,0,0,0,0,0,0,0
"03409612",1,"2015","2014",0,0.153,0.153,"1",0.2415,0.2415,"01","D",0.0341,0.0341,0,"D",0,"D",51000,"D",0,"D",0,"D",0,"D",0,"D",0,"D",0,"D",4000,"D",68,"D",0,"D",0,"D",1936,"D",5660,1657,5704.19,5628.24,1654.52,1658.31,7803,7803,51000,51000,51000.01,51000.01,0,0,0,0,0,0,0,0,49064,49064,0,0,5704.19,5628.24,5704.19,5628.24,2000,2000,9905.5,9905.5,0,0,0,0,0,0,0
"03409612",2,"2015","2014",0,0.153,0.153,"1",0.15,0.15,"01","D",0.0451,0.0451,0,"D",0,"D",24000,"D",0,"D",0,"D",0,"D",0,"D",0,"D",0,"D",0,"D",0,"D",0,"D",0,"D",0,"D",1606,890,1623.75,1593.75,889.34,890.84,3672,3672,24000,24000,24000.01,24000.01,0,0,0,0,0,0,0,0,24000,24000,0,0,1623.75,1593.75,1623.75,1593.75,2289.47,2289.47,1836,1836,0,0,0,0,0,0,0
"03409642",1,"2015","2014",0,0.153,0.153,"1",0.15,0.15,"06","D",0.0463,0.0463,0,"D",0,"D",24000,"D",0,"D",0,"D",0,"D",0,"D",0,"D",10800,"D",0,"D",0,"D",0,"D",0,"D",0,"D",1606,630,1623.75,1593.75,641.26,621.31,3672,3672,24000,24000,0,0,0,0,0,0,0,0,0,0,24000,24000,0,0,1623.75,1593.75,1623.75,1593.75,0,0,0,0,0,0,0,0,0,0,0
"03409642",2,"2015","2014",0,0.153,0.153,"1",0.15,0.15,"06","D",0.0463,0.0463,0,"D",0,"D",24000,"D",0,"D",0,"D",0,"D",0,"D",0,"D",0,"D",0,"D",0,"D",0,"D",0,"D",0,"D",1606,630,1623.75,1593.75,641.26,621.31,3672,3672,24000,24000,0,0,0,0,0,0,0,0,0,0,24000,24000,0,0,1623.75,1593.75,1623.75,1593.75,0,0,0,0,0,0,0,0,0,0,0
"03409672",1,"2015","2014",0,0.153,0.153,"1",0.25,0.25,"03","D",0.0336,0.0336,0,"D",0,"D",52000,"D",0,"D",0,"D",0,"D",0,"D",0,"D",0,"D",980,"D",15,"D",0,"D",0,"D",0,"D",6260,1356,6318.75,6218.75,1359.34,1354.15,7956,7956,52000,52000,52000.01,52000.01,0,0,0,0,0,0,0,0,52000,52000,0,0,6318.75,6218.75,6318.75,6218.75,5009,5091,2354.34,2349.15,0,0,0,0,0,0,0
"03409692",1,"2015","2014",0,0.153,0.153,"2",0.25,0.25,"10","D",0,0,0,"D",0,"D",56380,"D",56269,"D",0,"D",418,"D",0,"D",0,"D",0,"D",0,"D",0,"D",0,"D",0,"D",0,"D",14788,0,14904.25,14704.25,0,0,17235.3,17235.3,113067,113067,0,0,0,0,0,0,0,0,0,0,113067,113067,0,0,14904.25,14704.25,14904.25,14704.25,0,0,0,0,0,0,0,0,0,0,0
"03409714",1,"2015","2014",0,0.153,0.153,"1",0.15,0.15,"17","D",0.046,0.048,0,"D",0,"D",35451,"D",0,"D",-250,"D",0,"D",0,"D",0,"D",5796,"D",0,"D",382,"D",0,"D",0,"D",0,"D",3286,1117,3303.9,3273.9,1134.65,1104.25,5424,5424,35201,35201,35451.01,35451.01,0,0,0,0,0,0,0,0,35201,35201,0,0,3303.9,3273.9,3303.9,3273.9,3000,3000,0,0,0,0,0,0,0,0,0
"03409714",2,"2015","2014",0,0.153,0.153,"1",0.15,0.15,"17","D",0.027,0.027,0,"D",0,"D",20000,"D",0,"D",0,"D",0,"D",0,"D",0,"D",0,"D",0,"D",0,"D",0,"D",0,"D",0,"D",1006,398,1023.75,993.75,398.25,398.25,3060,3060,20000,20000,20000.01,20000.01,0,0,0,0,0,0,0,0,20000,20000,0,0,1023.75,993.75,1023.75,993.75,3000,3000,0,0,0,0,0,0,0,0,0
"03409733",1,"2015","2014",2,0.153,0.153,"2",0.1451,0.1449,"15","D",0.033,0.034,0,"D",0,"D",30000,"D",32000,"D",10800,"D",0,"D",0,"D",0,"D",0,"D",20,"D",340,"D",220,"D",2,"D",11840,"D",3413,2198,3433.02,3397.89,2236.52,2170.74,9486,9486,72800,72800,72800.01,72800.01,2000,2000,0,0,44,44,0,0,60960,60960,0,0,5477.02,5441.89,5477.02,5441.89,0,0,0,0,0,0,0,0,0,0,0
"03409752",1,"2015","2014",0,0.029,0.029,"2",0.325,0.325,"05","D",0.093,0.093,2,"D",2,"D",0,"D",228786,"D",0,"D",0,"D",12262,"D",0,"D",0,"D",16180,"D",300,"D",0,"D",0,"D",3000,"D",44961,14011,45249.33,44755.33,14051.04,13982.33,21142.79,21328.79,239208.7,239208.7,228786.01,228786.01,0,0,0,0,0,0,0,0,236208.7,236208.7,2624.58,2334.84,42624.75,42420.48,42624.74,42420.48,7984,8088,19480,19480,0,0,0,0,0,0,0
"03409802",1,"2015","2014",1,0.153,0.153,"2",0.15,0.15,"0","T",0,0,0,"D",0,"D",16000,"D",43000,"D",0,"D",0,"D",0,"D",0,"D",0,"D",170,"D",30,"D",0,"D",1,"D",0,"D",3266,0,3305,3237.5,0,0,9027,9027,59000,59000,0,0,1000,1000,0,0,0,0,0,0,59000,59000,0,0,4305,4237.5,4305,4237.5,0,0,0,0,0,0,0,0,0,0,0
"03409832",1,"2015","2014",2,0,0,"3",-0.4,-0.4,"47","D",0,0,0,"D",0,"D",0,"D",0,"D",0,"D",0,"D",0,"D",0,"D",0,"D",4300,"D",0,"D",0,"D",0,"D",1668,"D",0,0,0,0,0,0,0,0,0,0,0.01,0.01,0,0,0,0,0,0,0,0,0,0,0,0,0,0,0,0,0,0,0,0,0,0,0,0,0,0,0
"03409852",1,"2015","2014",1,0.153,0.153,"3",-0.34,-0.34,"05","D",0,0,0,"D",0,"D",9047,"D",0,"D",0,"D",0,"D",0,"D",0,"D",0,"D",0,"D",0,"D",0,"D",0,"D",0,"D",-3076,0,-3075.98,-3075.98,0,0,1384.19,1384.19,9047,9047,9047.01,9047.01,0,0,0,0,0,0,3075.98,3075.98,9047,9047,0,0,0,0,0,0,7984,8088,0,0,0,0,0,0,0,0,0
"03409872",1,"2015","2014",2,0.153,0.153,"2",0.15,0.15,"0","T",0,0,0,"D",0,"D",51018,"D",0,"D",0,"D",0,"D",0,"D",0,"D",0,"D",4000,"D",200,"D",0,"D",0,"D",80,"D",2471,0,2515.2,2440.2,0,0,7805.75,7805.75,51018,51018,0,0,0,0,0,0,0,0,0,0,51018,51018,0,0,2515.2,2440.2,2515.2,2440.2,0,0,0,0,0,0,0,0,0,0,0
"03409872",2,"2015","2014",0,0.153,0.153,"1",0.25,0.25,"0","T",0,0,0,"D",0,"D",50396,"D",0,"D",0,"D",0,"D",0,"D",0,"D",0,"D",0,"D",0,"D",0,"D",0,"D",0,"D",5859,0,5917.75,5817.75,0,0,7710.59,7710.59,50396,50396,0,0,0,0,0,0,0,0,0,0,50396,50396,0,0,5917.75,5817.75,5917.75,5817.75,0,0,0,0,0,0,0,0,0,0,0
"03409922",1,"2015","2014",0,0,0,"1",0,0,"0","T",0,0,1,"D",1,"D",0,"D",0,"D",0,"D",0,"D",17062,"D",0,"D",6360,"D",0,"D",150,"D",0,"D",0,"D",0,"D",0,0,0,0,0,0,0,0,0,0,0,0,0,0,0,0,0,0,0,0,0,0,0,0,0,0,0,0,0,0,0,0,0,0,0,0,0,0,0
"03409932",1,"2015","2014",0,0.153,0.153,"1",0.25,0.25,"22","D",0.0515,0.052,0,"D",0,"D",75000,"D",0,"D",-773,"D",0,"D",0,"D",0,"D",15300,"D",0,"D",10,"D",0,"D",0,"D",0,"D",11817,3352,11875.5,11775.5,3371,3338.59,11475,11475,74227,74227,74227.01,74227.01,0,0,0,0,0,0,0,0,74227,74227,0,0,11875.5,11775.5,11875.5,11775.5,0,0,0,0,0,0,0,0,0,0,0
"03409952",1,"2015","2014",0,0.153,0.153,"2",0.15,0.15,"05","D",0.04,0.04,0,"D",0,"D",61105,"D",0,"D",960,"D",0,"D",0,"D",0,"D",0,"D",1900,"D",20,"D",0,"D",0,"D",2400,"D",5322,1047,5357.25,5297.25,1057.37,1039.65,9349.06,9349.06,62065,62065,62065.01,62065.01,0,0,0,0,0,0,0,0,62065,62065,0,0,5357.25,5297.25,5357.25,5297.25,7984,8088,4320,4320,0,0,0,0,0,0,0
"03409962",1,"2015","2014",0,0,0,"1",0,0,"10","D",0,0,1,"D",1,"D",0,"D",0,"D",405,"D",0,"D",11614,"D",0,"D",7500,"D",0,"D",328,"D",0,"D",0,"D",0,"D",0,0,0,0,0,0,0,0,405,405,0,0,0,0,0,0,0,0,0,0,405,405,0,0,0,0,0,0,0,0,0,0,0,0,0,0,0,0,0
"03409992",1,"2015","2014",0,0.153,0.153,"1",0,0,"05","D",0,0,1,"D",1,"D",1560,"D",0,"D",2280,"D",0,"D",29014,"D",0,"D",43356,"D",0,"D",233,"D",0,"D",0,"D",1800,"D",0,0,0,0,0,0,238.68,238.68,3840,3840,3840.01,3840.01,0,0,0,0,0,0,0,0,3840,3840,0,0,0,0,0,0,3992,4044,2033,2033,0,0,0,0,0,0,0
"03410002",1,"2015","2014",1,0.153,0.153,"3",0.3098,0.3098,"01","D",0.0307,0.0307,0,"D",0,"D",29203,"D",0,"D",0,"D",2000,"D",0,"D",0,"D",10080,"D",0,"D",320,"D",0,"D",0,"D",0,"D",226,1206,314.96,162.32,1201.7,1209.33,4468.06,4468.06,31203,31203,31203.01,31203.01,0,0,0,0,0,0,1167.99,1273.13,31203,31203,0,0,1482.95,1435.45,1482.95,1435.45,2000,2000,2554.03,2554.03,0,0,0,0,0,0,0
"03410002",2,"2015","2014",0,0.153,0.153,"1",0.15,0.15,"01","D",0.0451,0.0451,0,"D",0,"D",24000,"D",0,"D",0,"D",0,"D",0,"D",0,"D",0,"D",0,"D",0,"D",0,"D",0,"D",0,"D",1606,890,1623.75,1593.75,889.34,890.84,3672,3672,24000,24000,24000.01,24000.01,0,0,0,0,0,0,0,0,24000,24000,0,0,1623.75,1593.75,1623.75,1593.75,2289.47,2289.47,1836,1836,0,0,0,0,0,0,0
"03410012",1,"2015","2014",1,0.153,0.153,"2",0.15,0.15,"44","D",0,0,0,"D",0,"D",23000,"D",43705,"D",0,"D",0,"D",0,"D",0,"D",0,"D",1600,"D",0,"D",0,"D",1,"D",1764,"D",4421,0,4460.75,4393.25,0,0,10205.86,10205.86,66705,66705,0,0,1000,1000,0,0,0,0,0,0,66705,66705,0,0,5460.75,5393.25,5460.75,5393.25,0,0,0,0,0,0,0,0,0,0,0
"03410012",2,"2015","2014",0,0.153,0.153,"1",0.15,0.15,"44","D",0,0,0,"D",0,"D",24000,"D",0,"D",0,"D",0,"D",0,"D",0,"D",0,"D",0,"D",0,"D",0,"D",0,"D",0,"D",1606,0,1623.75,1593.75,0,0,3672,3672,24000,24000,0,0,0,0,0,0,0,0,0,0,24000,24000,0,0,1623.75,1593.75,1623.75,1593.75,0,0,0,0,0,0,0,0,0,0,0
"03410052",1,"2015","2014",0,0.153,0.153,"2",0.2324,0.2324,"24","D",0.0705,0.0705,0,"D",0,"D",52000,"D",55000,"D",3200,"D",0,"D",0,"D",0,"D",0,"D",3170,"D",1812,"D",0,"D",0,"D",6200,"D",13035,5480,13117.41,12975.38,5498.35,5466.5,16371,16371,110200,110200,110200.01,110200.01,0,0,0,0,0,0,0,0,104000,104000,0,0,13117.41,12975.38,13117.41,12975.38,0,0,16680.35,16648.5,0,0,0,0,0,0,0
"03410052",2,"2015","2014",0,0.153,0.153,"1",0.15,0.15,"24","D",0.0535,0.0535,0,"D",0,"D",22000,"D",0,"D",0,"D",0,"D",0,"D",0,"D",0,"D",0,"D",0,"D",0,"D",0,"D",0,"D",1306,629,1323.75,1293.75,633.98,625.95,3366,3366,22000,22000,22000.01,22000.01,0,0,0,0,0,0,0,0,22000,22000,0,0,1323.75,1293.75,1323.75,1293.75,6200,6300,0,0,0,0,0,0,0,0,0
"03410074",1,"2015","2014",1,0,0,"3",-0.34,-0.34,"02","D",0,0,0,"D",0,"D",0,"D",0,"D",0,"D",0,"D",8796,"D",4344,"D",4924,"D",0,"D",0,"D",0,"D",0,"D",0,"D",0,0,0,0,0,0,0,0,0,0,0,0,0,0,0,0,0,0,0,0,0,0,0,0,0,0,0,0,0,0,0,0,0,0,0,0,0,0,0
"03410082",1,"2015","2014",0,0.153,0.153,"2",0.2341,0.2622,"31","D",0.0637,0.0637,0,"D",0,"D",70000,"D",110000,"D",20,"D",0,"D",0,"D",0,"D",0,"D",9600,"D",515,"D",0,"D",0,"D",5328,"D",29137,6686,29244.52,29060.29,6685.85,6685.85,27540,27540,180020,180020,180020.01,180020.01,0,0,0,0,0,0,0,0,174692,174692,0,0,29244.52,29060.29,29244.52,29060.29,0,0,0,0,0,0,0,0,0,0,0
"03410092",1,"2015","2014",1,0.153,0.153,"3",0.2486,0.2486,"29","D",0,0,0,"D",0,"D",76337,"D",0,"D",1400,"D",0,"D",0,"D",0,"D",0,"D",2300,"D",0,"D",0,"D",0,"D",13784,"D",7582,0,7648.87,7533.87,0,0,11679.56,11679.56,77737,77737,0,0,0,0,0,0,0,0,0,0,63953,63953,0,0,7648.87,7533.87,7648.87,7533.87,0,0,0,0,0,0,0,0,0,0,0
"03410092",2,"2015","2014",2,0.153,0.153,"3",0.15,0.15,"29","D",0,0,0,"D",0,"D",59860,"D",0,"D",0,"D",0,"D",0,"D",0,"D",0,"D",0,"D",0,"D",0,"D",1,"D",0,"D",4157,0,4189,4134,0,0,9158.58,9158.58,59860,59860,0,0,1000,1000,0,0,0,0,0,0,59860,59860,0,0,5189,5134,5189,5134,0,0,0,0,0,0,0,0,0,0,0
"03410132",1,"2015","2014",0,0,0,"1",0,0,"05","D",0,0,1,"D",1,"D",0,"D",0,"D",0,"D",0,"D",26400,"D",0,"D",0,"D",2300,"D",0,"D",0,"D",0,"D",0,"D",0,0,0,0,0,0,0,0,0,0,0.01,0.01,0,0,0,0,0,0,0,0,0,0,0,0,0,0,0,0,3992,4044,2300,2300,0,0,0,0,0,0,0
"03410142",1,"2015","2014",0,0.153,0.153,"1",0.25,0.25,"0","T",0,0,0,"D",0,"D",60000,"D",0,"D",-18000,"D",20000,"D",0,"D",0,"D",10740,"D",0,"D",0,"D",0,"D",0,"D",0,"D",8760,0,8818.75,8718.75,0,0,9180,9180,62000,62000,0,0,0,0,0,0,0,0,0,0,62000,62000,0,0,8818.75,8718.75,8818.75,8718.75,0,0,0,0,0,0,0,0,0,0,0
"03410162",1,"2015","2014",0,0,0,"1",0,0,"34","D",0,0,1,"D",1,"D",0,"D",0,"D",0,"D",0,"D",13106,"D",0,"D",0,"D",150,"D",15,"D",0,"D",0,"D",240,"D",0,0,0,0,0,0,0,0,0,0,0.01,0.01,0,0,0,0,0,0,0,0,0,0,0,0,0,0,0,0,7500,7500,390,390,0,0,0,0,0,0,0
"03410182",1,"2015","2014",0,0.153,0.153,"1",0.15,0.15,"44","D",0,0,0,"D",0,"D",42000,"D",0,"D",0,"D",0,"D",0,"D",0,"D",12468,"D",0,"D",0,"D",0,"D",0,"D",0,"D",4306,0,4323.75,4293.75,0,0,6426,6426,42000,42000,0,0,0,0,0,0,0,0,0,0,42000,42000,0,0,4323.75,4293.75,4323.75,4293.75,0,0,0,0,0,0,0,0,0,0,0
"03410212",1,"2015","2014",0,0.153,0.153,"1",0.15,0.15,"0","T",0,0,0,"D",0,"D",45000,"D",0,"D",-377,"D",0,"D",0,"D",0,"D",7500,"D",0,"D",489,"D",0,"D",0,"D",960,"D",4700,0,4717.2,4687.2,0,0,6885,6885,44623,44623,0,0,0,0,0,0,0,0,0,0,44623,44623,0,0,4717.2,4687.2,4717.2,4687.2,0,0,0,0,0,0,0,0,0,0,0
"03410252",1,"2015","2014",1,0.153,0.153,"3",0.1,0.1,"12","D",0.055,0.055,0,"D",0,"D",17640,"D",0,"D",0,"D",0,"D",10800,"D",0,"D",0,"D",900,"D",20,"D",0,"D",1,"D",0,"D",-4287,327,-4241,-4320,327.3,327.3,2698.92,2698.92,17640,17640,17640.01,17640.01,64,39,936,961,0,0,3305,3359,17640,17640,0,0,64,39,64,39,3212,3212,1365.48,1365.48,0,0,0,0,0,0,0
"03410302",1,"2015","2014",0,0.153,0.153,"2",0.1487,0.1487,"05","D",0.02,0.02,0,"D",0,"D",49000,"D",0,"D",-536,"D",1800,"D",0,"D",0,"D",0,"D",3600,"D",2257,"D",0,"D",0,"D",8264,"D",3199,350,3216.9,3186.9,351.89,347.87,7497,7497,50264,50264,50264.01,50264.01,0,0,0,0,0,0,0,0,42000,42000,0,0,3216.9,3186.9,3216.9,3186.9,7984,8088,14121,14121,0,0,0,0,0,0,0
"03410302",2,"2015","2014",0,0.153,0.153,"1",0.15,0.15,"05","D",0.04,0.04,0,"D",0,"D",30000,"D",0,"D",0,"D",0,"D",0,"D",0,"D",0,"D",0,"D",0,"D",0,"D",0,"D",0,"D",2506,482,2523.75,2493.75,487.38,478.53,4590,4590,30000,30000,30000.01,30000.01,0,0,0,0,0,0,0,0,30000,30000,0,0,2523.75,2493.75,2523.75,2493.75,3992,4044,0,0,0,0,0,0,0,0,0
"03410302",3,"2015","2014",1,0,0,"3",-0.34,-0.34,"05","D",0,0,0,"D",0,"D",0,"D",0,"D",0,"D",0,"D",0,"D",0,"D",0,"D",0,"D",0,"D",0,"D",0,"D",0,"D",0,0,0,0,0,0,0,0,0,0,0.01,0.01,0,0,0,0,0,0,0,0,0,0,0,0,0,0,0,0,7984,8088,0,0,0,0,0,0,0,0,0
"03410332",1,"2015","2014",5,0.153,0.153,"3",-0.6,-0.6,"50","D",-0.153,-0.153,0,"D",0,"D",3756,"D",0,"D",0,"D",0,"D",0,"D",0,"D",9000,"D",0,"D",0,"D",0,"D",2,"D",0,"D",-1804,-1735,-1803.6,-1803.6,-1734.67,-1734.67,574.67,574.67,3756,3756,3756.01,3756.01,0,0,113.4,113.4,0,0,1690.2,1690.2,3756,3756,0,0,0,0,0,0,13020,13239.48,0,0,1160,1160,0,0,574.67,574.67,0
"03410332",2,"2015","2014",5,0,0,"3",-0.45,-0.45,"50","D",-0.153,-0.153,0,"D",0,"D",0,"D",0,"D",0,"D",0,"D",0,"D",0,"D",0,"D",0,"D",0,"D",0,"D",2,"D",0,"D",0,0,0,0,0,0,0,0,0,0,0.01,0.01,0,0,0,0,0,0,0,0,0,0,0,0,0,0,0,0,13020,13239.48,0,0,0,0,0,0,0,0,0
"03410362",1,"2015","2014",0,0,0,"1",0,-0.0765,"38","D",0,-0.0061,1,"D",0,"D",0,"D",0,"D",-6500,"D",0,"D",20689,"D",0,"D",0,"D",3700,"D",7988,"D",0,"D",0,"D",7564,"D",0,0,0,0,0,0,0,0,-6500,-6500,0,0,0,0,0,0,0,0,0,0,0,0,0,0,0,0,0,0,2115.6,3344.96,19252,18765.5,0,0,0,0,0,0,0
"03410392",1,"2015","2014",2,0.153,0.153,"2",0.1405,0.1405,"45","D",0.063,0.063,0,"D",0,"D",0,"D",97088,"D",0,"D",0,"D",0,"D",0,"D",0,"D",1300,"D",450,"D",0,"D",1,"D",14640,"D",7192,4060,7216.88,7174.07,4068.8,4054.22,14854.46,14854.46,97088,97088,97088.01,97088.01,1000,1000,0,0,0,0,0,0,82448,82448,0,0,8216.88,8174.07,8216.88,8174.07,0,0,0,0,0,0,0,0,0,0,0
"03410412",1,"2015","2014",0,0.153,0.153,"2",0.0765,0,"0","T",0,0,1,"D",1,"D",0,"D",18744,"D",0,"D",1452,"D",18838,"D",0,"D",0,"D",500,"D",0,"D",0,"D",0,"D",120,"D",-6,0,0,-9.88,0,0,2867.83,2867.83,20196,20196,0,0,0,0,0,0,0,0,0,9.88,20196,20196,0,0,0,0,0,0,0,0,0,0,0,0,0,0,0,0,0
"03410422",1,"2015","2014",2,0.153,0.153,"2",0.15,0.15,"0","T",0,0,0,"D",0,"D",15746,"D",80446,"D",-4980,"D",0,"D",0,"D",0,"D",0,"D",4000,"D",115,"D",0,"D",2,"D",11948,"D",5969,0,5994.85,5949.85,0,0,14717.38,14717.38,91212,91212,0,0,2000,2000,0,0,0,0,0,0,79264,79264,0,0,7994.85,7949.85,7994.85,7949.85,0,0,0,0,0,0,0,0,0,0,0
"03410442",1,"2015","2014",0,0,0,"1",0,-0.0765,"16","D",0,-0.0115,1,"D",0,"D",0,"D",0,"D",0,"D",0,"D",14662,"D",0,"D",3840,"D",0,"D",0,"D",0,"D",0,"D",0,"D",0,0,0,0,0,0,0,0,0,0,0.01,0.01,0,0,0,0,0,0,0,0,0,0,0,0,0,0,0,0,0.01,0.01,0,0,0,0,0,0,0,0,0
"03410462",1,"2015","2014",2,0.153,0.153,"2",0.25,0.25,"19","D",0.03,0.03,0,"D",0,"D",40000,"D",65000,"D",0,"D",0,"D",0,"D",0,"D",0,"D",800,"D",0,"D",0,"D",2,"D",2364,"D",8781,3108,8912.5,8687.5,3123.5,3096.5,16065,16065,105000,105000,105000.01,105000.01,2000,2000,0,0,0,0,0,0,105000,105000,0,0,10912.5,10687.5,10912.5,10687.5,0,0,0,0,0,0,0,0,0,0,0
"03410472",1,"2015","2014",1,0.153,0.153,"3",0.15,0.15,"10","D",0,0,0,"D",0,"D",58000,"D",0,"D",0,"D",0,"D",0,"D",0,"D",9900,"D",0,"D",0,"D",0,"D",0,"D",6000,"D",5475,0,5502.5,5455,0,0,8874,8874,58000,58000,0,0,0,0,0,0,0,0,0,0,58000,58000,0,0,5502.5,5455,5502.5,5455,0,0,0,0,0,0,0,0,0,0,0
"03410482",1,"2015","2014",1,0.153,0.153,"3",0.2598,0.2598,"44","D",0,0,0,"D",0,"D",24000,"D",0,"D",0,"D",0,"D",0,"D",0,"D",0,"D",1000,"D",0,"D",0,"D",0,"D",0,"D",-1695,0,-1619.03,-1749.17,0,0,3672,3672,24000,24000,0,0,0,0,0,0,0,0,2319.03,2424.17,24000,24000,0,0,700,675,700,675,0,0,0,0,0,0,0,0,0,0,0
"03410482",2,"2015","2014",0,0.153,0.153,"1",0.15,0.15,"44","D",0,0,0,"D",0,"D",24000,"D",0,"D",0,"D",0,"D",0,"D",0,"D",0,"D",0,"D",0,"D",0,"D",0,"D",0,"D",1606,0,1623.75,1593.75,0,0,3672,3672,24000,24000,0,0,0,0,0,0,0,0,0,0,24000,24000,0,0,1623.75,1593.75,1623.75,1593.75,0,0,0,0,0,0,0,0,0,0,0
"03410492",1,"2015","2014",2,0.153,0.153,"3",-0.55,-0.55,"44","D",0,0,0,"D",0,"D",4200,"D",0,"D",0,"D",0,"D",0,"D",0,"D",6000,"D",0,"D",200,"D",0,"D",1,"D",80,"D",-1860,0,-1860,-1860,0,0,642.6,642.6,4200,4200,0,0,0,0,180,180,0,0,1680,1680,4200,4200,0,0,0,0,0,0,0,0,0,0,0,0,0,0,0,0,0
"03410522",1,"2015","2014",1,0.029,0.029,"2",0.28,0.28,"21","D",0.055,0.055,0,"D",0,"D",228786,"D",0,"D",-18000,"D",0,"D",0,"D",0,"D",27000,"D",0,"D",0,"D",0,"D",1,"D",0,"D",39306,10383,39477.08,39183.58,10383.23,10383.23,21142.79,21328.79,210786,210786,210786.01,210786.01,0,0,0,0,0,0,0,0,210786,210786,0,0,39477.08,39183.58,39477.08,39183.58,4000,4000,0,0,0,0,0,0,0,0,0
"03410532",1,"2015","2014",2,0,0,"3",-0.4,-0.4,"0","T",0,0,0,"D",0,"D",0,"D",0,"D",148,"D",3071,"D",0,"D",0,"D",0,"D",1880,"D",322,"D",0,"D",0,"D",7751,"D",0,0,0,0,0,0,0,0,3219,3219,0,0,0,0,0,0,0,0,0,0,3219,3219,0,0,0,0,0,0,0,0,0,0,0,0,0,0,0,0,0
"03410572",1,"2015","2014",0,0.153,0.153,"1",0.2406,0.2375,"14","D",0.0375,0.05,0,"D",0,"D",79223,"D",0,"D",1144,"D",0,"D",0,"D",0,"D",0,"D",5000,"D",0,"D",0,"D",0,"D",0,"D",12894,3091,12794.98,12964.72,3662.1,2683.14,12121.12,12121.12,80367,80367,80367.01,80367.01,0,0,0,0,0,0,0,0,80367,80367,0,0,12794.98,12964.72,12794.98,12964.72,0,0,0,0,250,250,0,0,0,0,0
"03410582",1,"2015","2014",2,0,0,"3",-0.4,-0.4,"22","D",-0.06,-0.06,0,"D",0,"D",0,"D",0,"D",0,"D",0,"D",0,"D",0,"D",0,"D",3800,"D",0,"D",0,"D",0,"D",14658,"D",0,0,0,0,0,0,0,0,0,0,0.01,0.01,0,0,0,0,0,0,0,0,0,0,0,0,0,0,0,0,0,0,0,0,0,0,0,0,0,0,0
"03410602",1,"2015","2014",2,0,0,"3",-0.4,-0.4,"28","D",-0.04,-0.04,0,"D",0,"D",0,"D",0,"D",0,"D",7800,"D",0,"D",0,"D",0,"D",0,"D",116,"D",0,"D",0,"D",3600,"D",0,0,0,0,0,0,0,0,7800,7800,7800.01,7800.01,0,0,0,0,0,0,0,0,7800,7800,0,0,0,0,0,0,9100,9250,0,0,0,0,0,0,0,0,0
"03410622",1,"2015","2014",0,0,0,"1",0.28,0.28,"39","D",0.0307,0.0307,1,"D",1,"D",0,"D",0,"D",35000,"D",71000,"D",26662,"D",0,"D",0,"D",4100,"D",0,"D",0,"D",0,"D",0,"D",25840,1075,25925.31,25778.81,1074.5,1074.5,0,0,128662.7,128662.7,35000.01,35000.01,0,0,0,0,0,0,0,0,128662.7,128662.7,0,0,25925.31,25778.81,25925.31,25778.81,0,0,0,0,0,0,0,0,0,0,0
"03410642",1,"2015","2014",1,0.153,0.153,"3",0.1365,0.1365,"07","D",0.09,0.09,0,"D",0,"D",50000,"D",0,"D",-144,"D",0,"D",0,"D",0,"D",0,"D",4500,"D",0,"D",0,"D",0,"D",5904,"D",3871,1334,3885.19,3860.19,1334.04,1334.04,7650,7650,49856,49856,49856.01,49856.01,0,0,0,0,0,0,0,0,43952,43952,0,0,3885.19,3860.19,3885.19,3860.19,0,0,0,0,0,0,0,0,0,0,0
"03410662",1,"2015","2014",2,0.153,0.153,"2",0.15,0.15,"39","D",0.0307,0.0307,0,"D",0,"D",43744,"D",10000,"D",0,"D",0,"D",0,"D",0,"D",0,"D",2400,"D",116,"D",0,"D",0,"D",4180,"D",2880,1650,2924.1,2849.1,1649.94,1649.94,8222.83,8222.83,53744,53744,53744.01,53744.01,0,0,0,0,0,0,0,0,53744,53744,0,0,2924.1,2849.1,2924.1,2849.1,0,0,0,0,0,0,0,0,0,0,0
"03410662",2,"2015","2014",0,0.153,0.153,"1",0.1,0.1,"39","D",0.0307,0.0307,0,"D",0,"D",17000,"D",0,"D",0,"D",0,"D",0,"D",0,"D",0,"D",0,"D",0,"D",0,"D",0,"D",0,"D",676,522,685,670,521.9,521.9,2601,2601,17000,17000,17000.01,17000.01,0,0,0,0,0,0,0,0,17000,17000,0,0,685,670,685,670,0,0,0,0,0,0,0,0,0,0,0
"03410672",1,"2015","2014",0,0,0,"1",-0.0765,-0.0765,"47","D",0,0,0,"D",0,"D",0,"D",0,"D",0,"D",0,"D",0,"D",0,"D",0,"D",0,"D",0,"D",0,"D",0,"D",65,"D",0,0,0,0,0,0,0,0,0,0,0.01,0.01,0,0,0,0,0,0,0,0,0,0,0,0,0,0,0,0,0,0,0,0,0,0,0,0,0,0,0
"03410702",1,"2015","2014",2,0.153,0.153,"2",0.2906,0.2875,"14","D",0.0375,0.05,0,"D",0,"D",101062,"D",35000,"D",0,"D",0,"D",0,"D",0,"D",0,"D",6200,"D",365,"D",0,"D",2,"D",11692,"D",15131,5136,14999.83,15224.39,6068.1,4469.83,20817.49,20817.49,136062,136062,136062.01,136062.01,696.9,696.9,0,0,0,0,0,0,124370,124370,0,0,15696.73,15921.29,15696.73,15921.29,0,0,0,0,310,310,0,0,0,0,0
"03410712",1,"2015","2014",0,0.153,0.153,"2",0.1,0.1,"50","D",0.0479,0.0479,0,"D",0,"D",0,"D",28838,"D",0,"D",0,"D",0,"D",0,"D",10080,"D",0,"D",15,"D",0,"D",0,"D",1200,"D",836,185,853.8,823.8,194.18,179.17,4412.21,4412.21,28838,28838,28838.01,28838.01,0,0,0,0,0,0,0,0,28838,28838,0,0,853.8,823.8,853.8,823.8,16558.51,16933.77,1200,1200,0,0,0,0,0,0,0
"03410742",1,"2015","2014",1,0,0,"3",-0.34,-0.34,"22","D",-0.051,-0.051,0,"D",0,"D",0,"D",0,"D",0,"D",0,"D",0,"D",0,"D",0,"D",6600,"D",0,"D",0,"D",0,"D",10,"D",0,0,0,0,0,0,0,0,0,0,0.01,0.01,0,0,0,0,0,0,0,0,0,0,0,0,0,0,0,0,0,0,0,0,0,0,0,0,0,0,0
"03410762",1,"2015","2014",0,0.153,0.153,"1",0.15,0.15,"34","D",0.0575,0.058,0,"D",0,"D",20000,"D",0,"D",0,"D",0,"D",0,"D",0,"D",11700,"D",0,"D",0,"D",0,"D",0,"D",0,"D",1006,721,1023.75,993.75,725,718.75,3060,3060,20000,20000,20000.01,20000.01,0,0,0,0,0,0,0,0,20000,20000,0,0,1023.75,993.75,1023.75,993.75,7500,7500,0,0,0,0,0,0,0,0,0
"03410792",1,"2015","2014",0,0,0,"1",0,0,"31","D",0,0,1,"D",1,"D",0,"D",0,"D",0,"D",2552,"D",26374,"D",0,"D",0,"D",5300,"D",679,"D",0,"D",0,"D",0,"D",0,0,0,0,0,0,0,0,2552,2552,0,0,0,0,0,0,0,0,0,0,2552,2552,0,0,0,0,0,0,0,0,0,0,50,50,0,0,0,0,0
"03410802",1,"2015","2014",0,0.153,0.153,"1",-0.0765,-0.0765,"33","D",-0.023,-0.023,0,"D",0,"D",3522,"D",0,"D",0,"D",0,"D",0,"D",0,"D",9792,"D",0,"D",0,"D",0,"D",0,"D",0,"D",-269,-81,-269.43,-269.43,-80.83,-80.83,538.87,538.87,3522,3522,3522.01,3522.01,0,0,0,0,0,0,269.43,269.43,3522,3522,0,0,0,0,0,0,7800,7900,0,0,0,0,0,0,80.83,80.83,0
"03410812",1,"2015","2014",2,0.153,0.153,"3",-0.55,-0.55,"34","D",0,0,0,"D",0,"D",13000,"D",0,"D",0,"D",0,"D",0,"D",0,"D",8100,"D",0,"D",300,"D",0,"D",2,"D",240,"D",-6700,0,-6700,-6700,0,0,1989,1989,13000,13000,13000.01,13000.01,0,0,1500,1500,0,0,5200,5200,13000,13000,0,0,0,0,0,0,12000,12000,240,240,0,0,0,0,0,0,0
"03410812",2,"2015","2014",0,0.153,0.153,"1",0.15,0.15,"34","D",0.0575,0.058,0,"D",0,"D",35368,"D",0,"D",0,"D",0,"D",0,"D",0,"D",0,"D",0,"D",0,"D",0,"D",0,"D",0,"D",3311,1608,3328.95,3298.95,1616.34,1602.41,5411.3,5411.3,35368,35368,35368.01,35368.01,0,0,0,0,0,0,0,0,35368,35368,0,0,3328.95,3298.95,3328.95,3298.95,7500,7500,0,0,0,0,0,0,0,0,0
"03410812",3,"2015","2014",0,0.153,0.153,"1",0.15,0.15,"34","D",0.0575,0.058,0,"D",0,"D",22658,"D",0,"D",0,"D",0,"D",0,"D",0,"D",0,"D",0,"D",0,"D",0,"D",0,"D",0,"D",1405,875,1422.45,1392.45,879.16,871.59,3466.67,3466.67,22658,22658,22658.01,22658.01,0,0,0,0,0,0,0,0,22658,22658,0,0,1422.45,1392.45,1422.45,1392.45,7500,7500,0,0,0,0,0,0,0,0,0
"03410822",1,"2015","2014",2,0,0,"3",-0.4,-0.4,"43","D",0,0,0,"D",0,"D",0,"D",0,"D",0,"D",1500,"D",0,"D",0,"D",0,"D",1000,"D",150,"D",0,"D",0,"D",4350,"D",0,0,0,0,0,0,0,0,1500,1500,0,0,0,0,0,0,0,0,0,0,1500,1500,0,0,0,0,0,0,0,0,0,0,0,0,0,0,0,0,0
"03410832",1,"2015","2014",0,0.153,0.153,"1",0.1414,0.1413,"34","D",0.0575,0.058,0,"D",0,"D",30740,"D",0,"D",384,"D",0,"D",0,"D",0,"D",0,"D",700,"D",162,"D",0,"D",0,"D",4892,"D",2546,1363,2553.72,2540.49,1370.19,1358.38,4703.22,4703.22,31124,31124,31124.01,31124.01,0,0,0,0,0,0,0,0,26232,26232,0,0,2553.72,2540.49,2553.72,2540.49,7500,7500,5592,5592,0,0,0,0,0,0,0
"03410842",1,"2015","2014",0,0.153,0.153,"1",0.2355,0.2355,"18","D",0.058,0.058,0,"D",0,"D",60000,"D",0,"D",0,"D",0,"D",0,"D",0,"D",0,"D",1400,"D",0,"D",0,"D",0,"D",11184,"D",6040,2556,6083.72,6008.72,2556.13,2556.13,9180,9180,60000,60000,60000.01,60000.01,0,0,0,0,0,0,0,0,48816,48816,0,0,6083.72,6008.72,6083.72,6008.72,2400,2440,12584,12584,0,0,0,0,0,0,0
"03410852",1,"2015","2014",2,0,0,"3",-0.4,-0.4,"36","D",0,0,0,"D",0,"D",0,"D",0,"D",0,"D",0,"D",0,"D",0,"D",0,"D",8000,"D",0,"D",0,"D",0,"D",400,"D",0,0,0,0,0,0,0,0,0,0,0.01,0.01,0,0,0,0,0,0,0,0,0,0,0,0,0,0,0,0,0,0,0,0,0,0,0,0,0,0,0
"03410872",1,"2015","2014",2,0,0,"3",-0.4,-0.4,"26","D",0,0,0,"D",0,"D",0,"D",0,"D",1500,"D",10100,"D",0,"D",0,"D",0,"D",2200,"D",620,"D",0,"D",0,"D",1260,"D",0,0,0,0,0,0,0,0,11600,11600,11600.01,11600.01,0,0,0,0,0,0,0,0,11600,11600,0,0,0,0,0,0,9100,9250,0,0,0,0,0,0,0,0,0
"03410912",1,"2015","2014",1,0.153,0.153,"2",0.15,0.15,"06","D",0.0463,0.0463,0,"D",0,"D",0,"D",65000,"D",0,"D",0,"D",0,"D",0,"D",0,"D",1700,"D",630,"D",0,"D",1,"D",7356,"D",4166,1856,4205,4137.5,1886.73,1834.52,9945,9945,65000,65000,0,0,1000,1000,0,0,0,0,0,0,65000,65000,0,0,5205,5137.5,5205,5137.5,0,0,0,0,0,0,0,0,0,0,0
"03410962",1,"2015","2014",0,0,0,"1",-0.0765,-0.0765,"39","D",0,0,0,"D",0,"D",0,"D",0,"D",0,"D",0,"D",9468,"D",0,"D",0,"D",990,"D",12,"D",0,"D",0,"D",0,"D",0,0,0,0,0,0,0,0,0,0,0.01,0.01,0,0,0,0,0,0,0,0,0,0,0,0,0,0,0,0,0,0,0,0,0,0,0,0,0,0,0
"03410982",1,"2015","2014",0,0,0,"1",0.15,0.15,"43","D",0,0,1,"D",1,"D",0,"D",0,"D",500,"D",12000,"D",25462,"D",0,"D",0,"D",1200,"D",320,"D",0,"D",0,"D",3300,"D",83,0,91.55,76.55,0,0,0,0,12615.5,12615.5,0,0,0,0,0,0,0,0,0,0,12615.5,12615.5,0,0,91.55,76.55,91.55,76.55,0,0,0,0,0,0,0,0,0,0,0
"03410992",1,"2015","2014",3,0.153,0.153,"2",0.2106,0.2106,"01","D",0,0,0,"D",0,"D",24350,"D",2943,"D",-16336,"D",0,"D",0,"D",0,"D",0,"D",1000,"D",0,"D",0,"D",3,"D",6972,"D",-8399,0,-8293.65,-8474.78,0,0,4175.83,4175.83,10957,10957,10957.01,10957.01,0,0,3000,3000,0,0,5293.65,5474.78,10957,10957,0,0,0,0,0,0,7500,7500,10059.92,10059.92,0,0,0,0,0,0,0
"03411032",1,"2015","2014",2,0.153,0.153,"2",0.3106,0.3106,"34","D",0.0575,0.058,0,"D",0,"D",33000,"D",0,"D",-1549,"D",0,"D",0,"D",0,"D",0,"D",400,"D",3,"D",0,"D",2,"D",5340,"D",-5206,699,-5083.66,-5293.79,704.16,695.93,5049,5049,31451,31451,31451.01,31451.01,325.1,285.1,1674.9,1714.9,0,0,3408.76,3578.89,31451,31451,0,0,325.1,285.1,325.1,285.1,15000,15000,5740,5740,0,0,0,0,0,0,0
"03411042",1,"2015","2014",2,0.153,0.153,"3",0.3106,0.3106,"39","D",0.0307,0.0307,0,"D",0,"D",28868,"D",0,"D",0,"D",0,"D",0,"D",0,"D",12000,"D",0,"D",5,"D",0,"D",2,"D",0,"D",-4452,886,-4343.6,-4528.99,886.25,886.25,4416.8,4416.8,28868,28868,28868.01,28868.01,791.8,761.8,1208.2,1238.2,0,0,3135.4,3290.79,28868,28868,0,0,791.8,761.8,791.8,761.8,0,0,0,0,0,0,0,0,0,0,0
"03411052",1,"2015","2014",2,0.153,0.153,"2",0.15,0.15,"03","D",0.0325,0.0325,0,"D",0,"D",43000,"D",39000,"D",5582,"D",0,"D",0,"D",0,"D",0,"D",0,"D",235,"D",0,"D",2,"D",8900,"D",5956,1905,5999.8,5924.8,1907.53,1902.82,12546,12546,87582,87582,87582.01,87582.01,2000,2000,0,0,0,0,0,0,87582,87582,0,0,7999.8,7924.8,7999.8,7924.8,10018,10182,11041.33,11036.82,0,0,0,0,0,0,0
"03411062",1,"2015","2014",2,0.153,0.153,"3",0.15,0.15,"01","D",0.0387,0.0387,0,"D",0,"D",45467,"D",0,"D",500,"D",0,"D",0,"D",0,"D",6000,"D",0,"D",0,"D",0,"D",1,"D",0,"D",2073,1781,2105.05,2050.05,1779.19,1781.94,6956.45,6956.45,45967,45967,45967.01,45967.01,1000,1000,0,0,0,0,0,0,45967,45967,0,0,3105.05,3050.05,3105.05,3050.05,2000,2000,3478.23,3478.23,0,0,0,0,0,0,0
"03411062",2,"2015","2014",0,0.153,0.153,"1",0.15,0.15,"01","D",0.0387,0.0387,0,"D",0,"D",36003,"D",0,"D",0,"D",0,"D",0,"D",0,"D",0,"D",0,"D",0,"D",0,"D",0,"D",0,"D",3407,1377,3424.2,3394.2,1376.23,1377.73,5508.46,5508.46,36003,36003,36003.01,36003.01,0,0,0,0,0,0,0,0,36003,36003,0,0,3424.2,3394.2,3424.2,3394.2,2000,2000,2754.23,2754.23,0,0,0,0,0,0,0
"03411072",1,"2015","2014",0,0.153,0.153,"1",0.2282,0.2282,"24","D",0.087,0.087,0,"D",0,"D",60000,"D",0,"D",0,"D",0,"D",0,"D",0,"D",0,"D",3200,"D",0,"D",0,"D",0,"D",8676,"D",6376,1919,6418.63,6345.85,1924.47,1915.59,9180,9180,60000,60000,60000.01,60000.01,0,0,0,0,0,0,0,0,51324,51324,0,0,6418.63,6345.85,6418.63,6345.85,0,0,13800.47,13791.59,770,770,0,0,0,0,0
"03411082",1,"2015","2014",0,0.153,0.153,"2",0.25,0.25,"14","D",0.0375,0.05,0,"D",0,"D",77980,"D",56940,"D",0,"D",0,"D",0,"D",0,"D",9600,"D",0,"D",225,"D",0,"D",0,"D",240,"D",20251,5580,20367.5,20167.5,6533.5,4898.25,20642.76,20642.76,134920,134920,134920.01,134920.01,0,0,0,0,0,0,0,0,134920,134920,0,0,20367.5,20167.5,20367.5,20167.5,0,0,0,0,0,0,0,0,0,0,0
"03411152",1,"2015","2014",1,0.153,0.153,"3",0,0,"25","D",0,0,0,"D",0,"D",12000,"D",0,"D",-306,"D",0,"D",0,"D",0,"D",0,"D",0,"D",350,"D",0,"D",1,"D",0,"D",-4337,0,-4305,-4359,0,0,1836,1836,11694,11694,11694.01,11694.01,0,0,1000,1000,0,0,3305,3359,11694,11694,0,0,0,0,0,0,3400,3400,350,350,0,0,0,0,0,0,0
"03411173",1,"2015","2014",2,0.153,0.153,"2",0.3106,0.3106,"10","D",0,0,0,"D",0,"D",0,"D",33005,"D",0,"D",0,"D",0,"D",0,"D",14400,"D",0,"D",0,"D",0,"D",2,"D",0,"D",-5050,0,-4927.2,-5137.34,0,0,5049.76,5049.76,33005,33005,0,0,480.5,440.5,1519.5,1559.5,0,0,3407.7,3577.84,33005,33005,0,0,480.5,440.5,480.5,440.5,0,0,0,0,0,0,0,0,0,0,0
"03411222",1,"2015","2014",2,0.153,0.153,"2",0.094,0.094,"11","D",0.06,0.06,0,"D",0,"D",49000,"D",3955,"D",900,"D",0,"D",0,"D",0,"D",0,"D",1000,"D",384,"D",0,"D",2,"D",17556,"D",-203,1031,-191.59,-211.59,1030.9,1030.9,8102.11,8102.11,53855,53855,53855.01,53855.01,1808.41,1788.41,191.59,211.59,0,0,0,0,36299,36299,0,0,1808.41,1788.41,1808.41,1788.41,3000,3000,18940,18940,0,0,0,0,0,0,0
"03411243",1,"2015","2014",0,0,0,"1",-0.0765,-0.0765,"0","T",0,0,0,"D",0,"D",0,"D",0,"D",0,"D",0,"D",12528,"D",0,"D",0,"D",1200,"D",0,"D",0,"D",0,"D",0,"D",0,0,0,0,0,0,0,0,0,0,0,0,0,0,0,0,0,0,0,0,0,0,0,0,0,0,0,0,0,0,0,0,0,0,0,0,0,0,0
"03411272",1,"2015","2014",3,0.153,0.153,"2",0.2106,0.2106,"44","D",0,0,0,"D",0,"D",0,"D",25000,"D",0,"D",0,"D",0,"D",0,"D",5940,"D",0,"D",0,"D",0,"D",1,"D",0,"D",-6882,0,-6776.56,-6957.69,0,0,3825,3825,25000,25000,0,0,0,0,1000,1000,0,0,5776.56,5957.69,25000,25000,0,0,0,0,0,0,0,0,0,0,0,0,0,0,0,0,0
"03411292",1,"2015","2014",0,0.153,0.153,"1",0.1,0.1,"0","T",0,0,0,"D",0,"D",15000,"D",0,"D",36,"D",0,"D",0,"D",0,"D",0,"D",500,"D",0,"D",0,"D",0,"D",1200,"D",480,0,488.6,473.6,0,0,2295,2295,15036,15036,0,0,0,0,0,0,0,0,0,0,15036,15036,0,0,488.6,473.6,488.6,473.6,0,0,0,0,0,0,0,0,0,0,0
"03411362",1,"2015","2014",2,0.153,0.153,"3",0.3606,0.15,"48","D",0,0,0,"D",0,"D",38000,"D",0,"D",3912,"D",0,"D",0,"D",0,"D",11520,"D",0,"D",0,"D",0,"D",2,"D",0,"D",446,0,496.8,410.08,0,0,5814,5814,41912,41912,0,0,2000,2000,0,0,0,0,0,31.72,41912,41912,0,0,2496.8,2441.8,2496.8,2441.8,0,0,0,0,0,0,0,0,0,0,0
"03411372",1,"2015","2014",2,0.153,0.153,"2",0.15,0.15,"33","D",0.059,0.0645,0,"D",0,"D",59927,"D",0,"D",0,"D",0,"D",0,"D",0,"D",14400,"D",0,"D",0,"D",0,"D",2,"D",0,"D",1808,1190,1851.55,1776.55,1409.09,1032.88,9168.83,9168.83,59927,59927,59927.01,59927.01,2000,2000,0,0,0,0,0,0,59927,59927,0,0,3851.55,3776.55,3851.55,3776.55,15650,15850,0,0,0,0,0,0,0,0,0
"03411382",1,"2015","2014",0,0.153,0.153,"1",0.15,0.15,"05","D",0.04,0.04,0,"D",0,"D",25000,"D",0,"D",0,"D",0,"D",0,"D",0,"D",2980,"D",0,"D",0,"D",0,"D",0,"D",0,"D",1756,222,1773.75,1743.75,227.38,218.53,3825,3825,25000,25000,25000.01,25000.01,0,0,0,0,0,0,0,0,25000,25000,0,0,1773.75,1743.75,1773.75,1743.75,3992,4044,0,0,0,0,0,0,0,0,0
"03411382",2,"2015","2014",0,0.153,0.153,"1",0.15,0.15,"05","D",0.02,0.02,0,"D",0,"D",19600,"D",0,"D",0,"D",0,"D",0,"D",0,"D",0,"D",0,"D",0,"D",0,"D",0,"D",0,"D",946,125,963.75,933.75,126.67,123.63,2998.8,2998.8,19600,19600,19600.01,19600.01,0,0,0,0,0,0,0,0,19600,19600,0,0,963.75,933.75,963.75,933.75,3992,4044,0,0,0,0,0,0,0,0,0
"03411412",1,"2015","2014",1,0.153,0.153,"2",0.1405,0.1405,"45","D",0.063,0.063,0,"D",0,"D",58356,"D",0,"D",0,"D",0,"D",0,"D",0,"D",0,"D",1700,"D",700,"D",0,"D",0,"D",15740,"D",3071,1694,3092.18,3056.53,1701.44,1689.1,8928.47,8928.47,58356,58356,58356.01,58356.01,0,0,0,0,0,0,0,0,42616,42616,0,0,3092.18,3056.53,3092.18,3056.53,0,0,0,0,0,0,0,0,0,0,0
"03411442",1,"2015","2014",0,0.153,0.153,"1",0.15,0.15,"10","D",0,0,0,"D",0,"D",45000,"D",0,"D",0,"D",0,"D",0,"D",0,"D",21000,"D",0,"D",0,"D",0,"D",0,"D",0,"D",4756,0,4773.75,4743.75,0,0,6885,6885,45000,45000,0,0,0,0,0,0,0,0,0,0,45000,45000,0,0,4773.75,4743.75,4773.75,4743.75,0,0,0,0,0,0,0,0,0,0,0
"03411462",1,"2015","2014",0,0.153,0.153,"2",0.15,0.15,"36","D",0.0251,0.0271,0,"D",0,"D",12289,"D",33142,"D",0,"D",0,"D",0,"D",0,"D",7800,"D",0,"D",339,"D",0,"D",0,"D",0,"D",2827,807,2862.15,2802.15,837.98,785.14,6950.94,6950.94,45431,45431,45431.01,45431.01,0,0,0,0,0,0,0,0,45431,45431,0,0,2862.15,2802.15,2862.15,2802.15,0,0,0,0,0,0,0,0,0,0,0
"03411482",1,"2015","2014",2,0.153,0.153,"2",0.2106,0.2106,"33","D",0.1032,0.1032,0,"D",0,"D",0,"D",27000,"D",0,"D",0,"D",0,"D",0,"D",9024,"D",0,"D",257,"D",0,"D",0,"D",3600,"D",-4772,-1262,-4672.36,-4842.49,-1227.71,-1286.75,4131,4131,27000,27000,27000.01,27000.01,0,0,0,0,0,0,4672.36,4842.49,27000,27000,0,0,0,0,0,0,15650,15850,0,0,0,0,0,0,1332.66,1383.7,0
"03411492",1,"2015","2014",2,0.153,0.153,"2",0.2768,0.2768,"05","D",0.093,0.093,0,"D",0,"D",113620,"D",0,"D",0,"D",0,"D",0,"D",0,"D",0,"D",2600,"D",0,"D",0,"D",1,"D",6376,"D",12046,3824,12137.63,11981.31,3867.47,3792.76,17383.86,17383.86,113620,113620,113620.01,113620.01,819,819,0,0,0,0,0,0,107244,107244,0,0,12956.63,12800.31,12956.63,12800.31,7984,8088,8976,8976,0,0,0,0,0,0,0
"03411522",1,"2015","2014",0,0.038,0.038,"1",0.4068,0.4068,"10","D",0,0,0,"D",0,"D",469961,"D",0,"D",133540,"D",3000,"D",0,"D",0,"D",0,"D",16180,"D",0,"D",0,"D",0,"D",25504,"D",188662,0,189084.66,188359.85,0,0,30566.52,30752.52,606501,606501,0,0,0,0,0,0,0,0,0,0,580997,580997,0,0,184010.14,183285.33,184010.14,183285.33,0,0,0,0,0,0,0,0,0,0,0
"03411522",2,"2015","2014",0,0.153,0.153,"1",0.25,0.25,"10","D",0,0,0,"D",0,"D",50000,"D",0,"D",0,"D",0,"D",0,"D",0,"D",0,"D",0,"D",0,"D",0,"D",0,"D",0,"D",5760,0,5818.75,5718.75,0,0,7650,7650,50000,50000,0,0,0,0,0,0,0,0,0,0,50000,50000,0,0,5818.75,5718.75,5818.75,5718.75,0,0,0,0,0,0,0,0,0,0,0
"03411552",1,"2015","2014",0,0.153,0.153,"2",0.15,0.15,"18","D",0.058,0.058,0,"D",0,"D",36000,"D",38000,"D",-1450,"D",0,"D",0,"D",0,"D",0,"D",230,"D",8,"D",0,"D",0,"D",0,"D",6895,3539,6930,6870,3541.5,3536.86,11322,11322,72550,72550,72550.01,72550.01,0,0,0,0,0,0,0,0,72550,72550,0,0,6930,6870,6930,6870,2400,2440,238,238,0,0,0,0,0,0,0
"03411562",1,"2015","2014",0,0,0,"1",0.1,0.1,"33","D",0,0,1,"D",1,"D",0,"D",0,"D",0,"D",14500,"D",10174,"D",0,"D",0,"D",2500,"D",2467,"D",0,"D",0,"D",1454,"D",271,0,280,265,0,0,0,0,14500,14500,0.01,0.01,0,0,0,0,0,0,0,0,14500,14500,0,0,280,265,280,265,7800,7900,0,0,0,0,0,0,0,0,0
"03411562",2,"2015","2014",0,0,0,"1",0.1,0.1,"33","D",0,0,1,"D",1,"D",0,"D",0,"D",0,"D",14500,"D",19462,"D",0,"D",0,"D",0,"D",0,"D",0,"D",0,"D",0,"D",271,0,280,265,0,0,0,0,14500,14500,0.01,0.01,0,0,0,0,0,0,0,0,14500,14500,0,0,280,265,280,265,7800,7900,0,0,0,0,0,0,0,0,0
"03411572",1,"2015","2014",5,0.153,0.153,"3",-0.6,-0.6,"33","D",-0.135,-0.135,0,"D",0,"D",8079,"D",0,"D",0,"D",0,"D",0,"D",0,"D",12972,"D",0,"D",0,"D",0,"D",3,"D",0,"D",-4397,-1591,-4397.4,-4397.4,-1590.66,-1590.66,1236.09,1236.09,8079,8079,8079.01,8079.01,0,0,761.85,761.85,0,0,3635.55,3635.55,8079,8079,0,0,0,0,0,0,10950,11100,0,0,0,0,0,0,1090.67,1090.67,0
"03411592",1,"2015","2014",0,0.153,0.153,"1",0.1,0.1,"01","D",0.045,0.045,0,"D",0,"D",18000,"D",0,"D",0,"D",0,"D",0,"D",0,"D",0,"D",140,"D",815,"D",0,"D",0,"D",0,"D",776,621,785,770,620.75,621.5,2754,2754,18000,18000,18000.01,18000.01,0,0,0,0,0,0,0,0,18000,18000,0,0,785,770,785,770,2500,2500,2332,2332,0,0,0,0,0,0,0
"03411602",1,"2015","2014",0,0.153,0.153,"1",0,0,"33","D",0,0,0,"D",0,"D",7200,"D",0,"D",0,"D",0,"D",0,"D",0,"D",2400,"D",0,"D",0,"D",0,"D",0,"D",96,"D",-500,-150,-496,-503,-148.8,-150.9,1101.6,1101.6,7200,7200,7200.01,7200.01,0,0,0,0,0,0,496,503,7200,7200,0,0,0,0,0,0,7800,7900,0,0,0,0,0,0,148.8,150.9,0
"03411612",1,"2015","2014",1,0.153,0.153,"2",0.2361,0.2361,"26","D",0.0554,0.0554,1,"D",1,"D",90000,"D",12618,"D",-5294,"D",11662,"D",0,"D",0,"D",0,"D",3000,"D",6020,"D",0,"D",0,"D",2316,"D",12064,4014,12159,11996.5,4013.98,4013.98,15700.55,15700.55,108986,108986,108986.01,108986.01,0,0,0,0,0,0,0,0,106670,106670,0,0,12159,11996.5,12159,11996.5,0,0,19186.28,19186.28,0,0,0,0,0,0,0
"03411632",1,"2015","2014",3,0.153,0.153,"2",0.1431,0.1431,"26","D",0.0458,0.0458,0,"D",0,"D",90000,"D",3000,"D",-722,"D",0,"D",0,"D",0,"D",0,"D",5600,"D",848,"D",0,"D",2,"D",12996,"D",4588,2909,4619.08,4566.11,2907.05,2910.17,14229,14229,92278,92278,92278.01,92278.01,2000,2000,0,0,0,0,0,0,79282,79282,0,0,6619.08,6566.11,6619.08,6566.11,0,0,26558.5,26558.5,0,0,0,0,0,0,0
"03411652",1,"2015","2014",0,0.0489,0.0489,"2",0.35,0.35,"33","D",0.0697,0.0697,1,"D",0,"D",28000,"D",289308,"D",56951,"D",96696,"D",2195,"D",0,"D",0,"D",34616,"D",170,"D",0,"D",0,"D",106000,"D",92614,24445,92958.4,92368.4,25246.79,23872.23,27787.7,27973.7,472820.75,472820.75,470955.01,450955.01,0,0,0,0,0,0,0,0,366820.75,366820.75,11988.79,11368.7,78805.47,78835.56,78805.47,78835.56,15650,15850,102388.66,102455.24,0,0,0,0,0,0,0
"03411662",1,"2015","2014",0,0.038,0.038,"1",0.35,0.35,"12","D",0.1022,0.1022,0,"D",0,"D",228786,"D",0,"D",0,"D",0,"D",0,"D",0,"D",43356,"D",0,"D",0,"D",0,"D",0,"D",0,"D",53188,17743,53430.1,53015.1,17742.61,17742.61,21401.87,21587.87,228786,228786,228786.01,228786.01,0,0,0,0,0,0,0,0,228786,228786,1170.47,1023.97,52259.63,51991.13,52259.63,51991.13,2200,2200,15699.5,15699.5,0,0,0,0,0,0,0
"03411672",1,"2015","2014",1,0.153,0.153,"3",0,0,"50","D",0,0,0,"D",0,"D",103915,"D",0,"D",-107831,"D",0,"D",0,"D",0,"D",0,"D",2000,"D",1652,"D",0,"D",0,"D",9672,"D",0,0,0,0,0,0,15898.99,15898.99,-3916,-3916,-3915.99,-3915.99,0,0,0,0,0,0,0,0,0,0,0,0,0,0,0,0,13020,13239.48,9750.32,9750.32,0,0,0,0,0,0,0
"03411682",1,"2015","2014",0,0.038,0.038,"1",0.313,0.3128,"22","D",0.0515,0.052,0,"D",0,"D",228786,"D",0,"D",0,"D",0,"D",0,"D",0,"D",19800,"D",0,"D",0,"D",0,"D",0,"D",0,"D",54154,11344,54289.47,54057.17,11408.07,11298.38,21401.87,21587.87,228786,228786,228786.01,228786.01,0,0,0,0,0,0,0,0,228786,228786,0,0,54289.47,54057.17,54289.47,54057.17,0,0,0,0,0,0,0,0,0,0,0
"03411692",1,"2015","2014",0,0.153,0.153,"1",0.15,0.15,"19","D",0.034,0.034,0,"D",0,"D",20800,"D",0,"D",0,"D",0,"D",0,"D",0,"D",10212,"D",0,"D",0,"D",0,"D",0,"D",240,"D",1126,457,1143.75,1113.75,456.25,457.45,3182.4,3182.4,20800,20800,20800.01,20800.01,0,0,0,0,0,0,0,0,20800,20800,0,0,1143.75,1113.75,1143.75,1113.75,0,0,0,0,0,0,0,0,0,0,0
"03411702",1,"2015","2014",0,0,0,"1",0,0,"34","D",0,0,1,"D",1,"D",0,"D",0,"D",0,"D",900,"D",19625,"D",0,"D",0,"D",0,"D",445,"D",0,"D",0,"D",0,"D",0,0,0,0,0,0,0,0,900,900,900.01,900.01,0,0,0,0,0,0,0,0,900,900,0,0,0,0,0,0,7500,7500,0,0,0,0,0,0,0,0,0
"03411722",1,"2015","2014",4,0.153,0.153,"2",0.2106,0.2106,"05","D",0,0,0,"D",0,"D",0,"D",28574,"D",0,"D",0,"D",0,"D",0,"D",14400,"D",0,"D",0,"D",0,"D",1,"D",480,"D",-6130,0,-6023.87,-6205.01,0,0,4371.82,4371.82,28574,28574,28574.01,28574.01,0,0,1000,1000,0,0,5023.87,5205.01,28574,28574,0,0,0,0,0,0,7984,8088,480,480,0,0,0,0,0,0,0
"03411722",2,"2015","2014",4,0,0,"3",-0.45,-0.45,"05","D",0,0,0,"D",0,"D",0,"D",0,"D",0,"D",0,"D",0,"D",0,"D",0,"D",0,"D",0,"D",0,"D",1,"D",0,"D",0,0,0,0,0,0,0,0,0,0,0.01,0.01,0,0,0,0,0,0,0,0,0,0,0,0,0,0,0,0,7984,8088,0,0,0,0,0,0,0,0,0
"03411732",1,"2015","2014",0,0.153,0.153,"2",0.1414,0.1413,"34","D",0.0575,0.058,0,"D",0,"D",69749,"D",0,"D",-6080,"D",0,"D",0,"D",0,"D",0,"D",5300,"D",2404,"D",0,"D",0,"D",3280,"D",5371,2809,5386.83,5360.48,2822.8,2798.47,10671.6,10671.6,63669,63669,63669.01,63669.01,0,0,0,0,0,0,0,0,60389,60389,0,0,5386.83,5360.48,5386.83,5360.48,15000,15000,8580,8580,0,0,0,0,0,0,0
"03411762",1,"2015","2014",0,0.153,0.153,"1",0.1,0.1,"45","D",0.063,0.063,0,"D",0,"D",16108,"D",0,"D",0,"D",0,"D",0,"D",0,"D",7500,"D",0,"D",0,"D",0,"D",0,"D",0,"D",587,282,595.8,580.8,288.38,277.34,2464.52,2464.52,16108,16108,16108.01,16108.01,0,0,0,0,0,0,0,0,16108,16108,0,0,595.8,580.8,595.8,580.8,0,0,0,0,0,0,0,0,0,0,0
"03411782",1,"2015","2014",0,0.0326,0.0326,"2",0.2608,0.35,"28","D",0.0684,0.0684,2,"D",1,"D",240000,"D",7097,"D",-11000,"D",0,"D",41324,"D",0,"D",0,"D",6000,"D",0,"D",0,"D",0,"D",26340,"D",47856,14401,48115.84,47669.79,14419.16,14388.53,22553.84,22739.84,271222.4,271222.4,271222.41,271222.41,0,0,0,0,0,0,0,0,244882.4,244882.4,231.13,0,47884.71,47669.79,47884.71,47669.79,0,0,32340,32340,0,0,0,0,0,0,0
"03411802",1,"2015","2014",0,0.153,0.153,"1",0.25,0.25,"33","D",0.0645,0.0645,0,"D",0,"D",67900,"D",0,"D",163,"D",0,"D",0,"D",0,"D",14184,"D",0,"D",56,"D",0,"D",0,"D",0,"D",10276,3550,10334.5,10234.5,3558.08,3543.86,10388.7,10388.7,68063,68063,68063.01,68063.01,0,0,0,0,0,0,0,0,68063,68063,0,0,10334.5,10234.5,10334.5,10234.5,7800,7900,0,0,0,0,0,0,0,0,0
"03411812",1,"2015","2014",1,0.029,0.029,"3",0.25,0.25,"05","D",0.093,0.093,0,"D",0,"D",120000,"D",0,"D",0,"D",0,"D",0,"D",0,"D",25800,"D",0,"D",100,"D",0,"D",1,"D",720,"D",20074,6028,20162.5,20010,6066.6,6001.15,17988,18174,120000,120000,120000.01,120000.01,0,0,0,0,0,0,0,0,120000,120000,0,0,20162.5,20010,20162.5,20010,7984,8088,820,820,0,0,0,0,0,0,0
"03411822",1,"2015","2014",0,0.153,0.153,"1",0.2415,0.2415,"01","D",0.0341,0.0341,1,"D",1,"D",21000,"D",0,"D",0,"D",20556,"D",23266,"D",0,"D",0,"D",950,"D",12,"D",0,"D",0,"D",10776,"D",6987,946,7031.31,6955.36,944.01,947.81,3213,3213,61332.1,61332.1,41556.01,41556.01,0,0,0,0,0,0,0,0,50556.1,50556.1,0,0,7031.31,6955.36,7031.31,6955.36,2000,2000,13344.5,13344.5,0,0,0,0,0,0,0
"03411822",2,"2015","2014",0,0,0,"1",0,0,"01","D",0,0,1,"D",1,"D",0,"D",0,"D",0,"D",0,"D",8686,"D",0,"D",0,"D",0,"D",0,"D",0,"D",0,"D",0,"D",0,0,0,0,0,0,0,0,0,0,0.01,0.01,0,0,0,0,0,0,0,0,0,0,0,0,0,0,0,0,2500,2500,0,0,0,0,0,0,0,0,0
"03411852",1,"2015","2014",2,0,0,"3",-0.4,-0.4,"23","D",-0.0065,-0.0065,0,"D",0,"D",0,"D",0,"D",0,"D",0,"D",0,"D",0,"D",0,"D",4500,"D",0,"D",0,"D",0,"D",125,"D",0,-1581,0,0,-1580.98,-1580.98,0,0,0,0,0.01,0.01,0,0,0,0,0,0,0,0,0,0,0,0,0,0,0,0,0,0,0,0,1200,1200,0,0,0,0,0
"03411862",1,"2015","2014",3,0,0,"3",-0.45,-0.45,"0","T",0,0,0,"D",0,"D",0,"D",0,"D",0,"D",373,"D",16824,"D",0,"D",6000,"D",0,"D",0,"D",0,"D",0,"D",0,"D",0,0,0,0,0,0,0,0,373,373,0,0,0,0,0,0,0,0,0,0,373,373,0,0,0,0,0,0,0,0,0,0,0,0,0,0,0,0,0
"03411862",2,"2015","2014",0,0,0,"1",-0.0765,-0.0765,"0","T",0,0,0,"D",0,"D",0,"D",0,"D",0,"D",0,"D",0,"D",0,"D",0,"D",0,"D",0,"D",0,"D",0,"D",0,"D",0,0,0,0,0,0,0,0,0,0,0,0,0,0,0,0,0,0,0,0,0,0,0,0,0,0,0,0,0,0,0,0,0,0,0,0,0,0,0
"03411882",1,"2015","2014",2,0,0,"3",-0.4,-0.4,"33","D",-0.12,-0.12,0,"D",0,"D",0,"D",0,"D",0,"D",0,"D",0,"D",0,"D",12000,"D",0,"D",0,"D",0,"D",0,"D",0,"D",0,-200,0,0,-200,-200,0,0,0,0,0.01,0.01,0,0,0,0,0,0,0,0,0,0,0,0,0,0,0,0,10950,11100,0,0,0,0,0,0,0,0,0
"03411892",1,"2015","2014",2,0.153,0.153,"2",0.2487,0.2487,"44","D",0,0,0,"D",0,"D",115000,"D",70000,"D",0,"D",0,"D",0,"D",0,"D",0,"D",5000,"D",0,"D",0,"D",2,"D",19888,"D",27269,0,27370.66,27195.66,0,0,28305,28305,185000,185000,0,0,0,0,0,0,0,0,0,0,165112,165112,0,0,27370.66,27195.66,27370.66,27195.66,0,0,0,0,0,0,0,0,0,0,0
"03411902",1,"2015","2014",0,0.153,0.153,"1",0.15,0.15,"01","D",0.0425,0.0425,0,"D",0,"D",20000,"D",0,"D",0,"D",0,"D",0,"D",0,"D",4500,"D",0,"D",0,"D",0,"D",0,"D",0,"D",1006,710,1023.75,993.75,708.81,710.31,3060,3060,20000,20000,20000.01,20000.01,0,0,0,0,0,0,0,0,20000,20000,0,0,1023.75,993.75,1023.75,993.75,2500,2500,1530,1530,0,0,0,0,0,0,0
"03411912",1,"2015","2014",2,0.153,0.153,"2",0.2356,0.2356,"47","D",0.0575,0.0575,0,"D",0,"D",82098,"D",69228,"D",67,"D",0,"D",0,"D",0,"D",0,"D",3500,"D",0,"D",1200,"D",2,"D",2732,"D",21823,7549,21925.54,21750.54,7548.86,7548.86,23152.88,23152.88,151393,151393,151393.01,151393.01,0,0,0,0,240,240,0,0,148661,148661,0,0,22165.54,21990.54,22165.54,21990.54,6000,6000,6232,6232,0,0,0,0,0,0,0
"03411922",1,"2015","2014",0,0,0,"1",-0.0765,-0.0765,"0","T",0,0,0,"D",0,"D",0,"D",0,"D",100,"D",0,"D",0,"D",0,"D",0,"D",4000,"D",10,"D",0,"D",0,"D",165,"D",0,0,0,0,0,0,0,0,100,100,0,0,0,0,0,0,0,0,0,0,100,100,0,0,0,0,0,0,0,0,0,0,0,0,0,0,0,0,0
"03411932",1,"2015","2014",0,0.153,0.153,"1",0.2381,0.2381,"21","D",0.0475,0.0475,0,"D",0,"D",58751,"D",0,"D",0,"D",0,"D",0,"D",0,"D",0,"D",3000,"D",0,"D",0,"D",0,"D",9600,"D",5866,1988,5909.58,5834.58,1987.67,1987.67,8988.9,8988.9,58751,58751,58751.01,58751.01,0,0,0,0,0,0,0,0,49151,49151,0,0,5909.58,5834.58,5909.58,5834.58,2000,2000,12600,12600,0,0,0,0,0,0,0
"03411962",1,"2015","2014",2,0.153,0.153,"2",0.3,0.3,"03","D",0.0407,0.0407,0,"D",0,"D",100000,"D",46000,"D",-1750,"D",0,"D",0,"D",0,"D",0,"D",770,"D",1158,"D",0,"D",2,"D",4836,"D",20306,4008,20437.5,20212.5,4018.91,4000.47,22338,22338,144250,144250,144250.01,144250.01,287.5,287.5,0,0,0,0,0,0,144250,144250,0,0,20725,20500,20725,20500,10018,10182,10781.47,10763.38,0,0,0,0,0,0,0
"03411972",1,"2015","2014",0,0.153,0.153,"2",0.2337,0.2337,"50","D",0.0652,0.0652,0,"D",0,"D",58784,"D",43624,"D",0,"D",0,"D",0,"D",0,"D",0,"D",4500,"D",0,"D",0,"D",0,"D",9584,"D",10569,4649,10654.54,10507.4,4655.85,4644.41,15668.42,15668.42,102408,102408,102408.01,102408.01,0,0,0,0,0,0,0,0,92824,92824,0,0,10654.54,10507.4,10654.54,10507.4,2010.04,2385.3,9584,9584,0,0,0,0,0,0,0
"03411992",1,"2015","2014",1,0.153,0.153,"2",0.2598,0.2598,"18","D",0.058,0.058,0,"D",0,"D",0,"D",34657,"D",0,"D",0,"D",0,"D",0,"D",0,"D",1600,"D",110,"D",0,"D",0,"D",2256,"D",-531,1566,-443.06,-594.38,1566.08,1566.08,5302.52,5302.52,34657,34657,34657.01,34657.01,0,0,0,0,0,0,1483.76,1600.08,34657,34657,0,0,1040.7,1005.7,1040.7,1005.7,2400,2440,3966,3966,0,0,0,0,0,0,0
"03412002",1,"2015","2014",2,0.153,0.153,"3",0.3606,0.3606,"26","D",0.06,0.06,0,"D",0,"D",35395,"D",0,"D",0,"D",0,"D",0,"D",0,"D",0,"D",1400,"D",0,"D",0,"D",1,"D",60,"D",-1364,993,-1241.56,-1451.95,998.7,989.7,5415.43,5415.43,35395,35395,35395.01,35395.01,1000,1000,0,0,0,0,1760.81,1916.2,35395,35395,0,0,1519.25,1464.25,1519.25,1464.25,9100,9250,0,0,0,0,0,0,0,0,0
"03412012",1,"2015","2014",0,0,0,"1",0,0,"31","D",0,0,1,"D",1,"D",0,"D",0,"D",0,"D",0,"D",11482,"D",0,"D",2916,"D",0,"D",0,"D",0,"D",0,"D",0,"D",0,-525,0,0,-524.88,-524.88,0,0,0,0,0,0,0,0,0,0,0,0,0,0,0,0,0,0,0,0,0,0,0,0,0,0,0,0,0,0,0,0,0
"03412042",1,"2015","2014",1,0.153,0.153,"2",0.2881,0.2881,"21","D",0.0475,0.0475,0,"D",0,"D",44893,"D",78065,"D",0,"D",0,"D",0,"D",0,"D",0,"D",3500,"D",2010,"D",0,"D",1,"D",10652,"D",13875,4507,13970.07,13807.57,4507.31,4507.31,18812.57,18812.57,122958,122958,121758.01,121758.01,352.1,352.1,0,0,0,0,0,0,112306,112306,0,0,14322.17,14159.67,14322.17,14159.67,4000,4000,16162,16162,0,0,0,0,0,0,0
"03412062",1,"2015","2014",0,0,0,"1",0,0,"21","D",0,0,1,"D",1,"D",0,"D",0,"D",0,"D",0,"D",15862,"D",0,"D",43356,"D",0,"D",0,"D",0,"D",0,"D",0,"D",0,0,0,0,0,0,0,0,0,0,0.01,0.01,0,0,0,0,0,0,0,0,0,0,0,0,0,0,0,0,1500,1500,0,0,0,0,0,0,0,0,0
"03412072",1,"2015","2014",0,0,0,"1",0.175,0.1,"11","D",0,0.06,1,"D",0,"D",0,"D",0,"D",0,"D",14990,"D",767,"D",0,"D",7200,"D",0,"D",0,"D",0,"D",0,"D",300,"D",342,167,484,240.8,401.4,0,0,0,14990,14990,14990.01,0,0,0,0,0,0,0,0,0,14990,14990,0,0,484,314,484,314,2300,3600,0,0,0,0,0,0,0,0,0
"03412082",1,"2015","2014",2,0,0,"3",-0.4,-0.4,"39","D",0,0,0,"D",0,"D",0,"D",0,"D",110,"D",13968,"D",0,"D",0,"D",0,"D",5000,"D",640,"D",0,"D",0,"D",4648,"D",0,0,0,0,0,0,0,0,14078,14078,14078.01,14078.01,0,0,0,0,0,0,0,0,14078,14078,0,0,0,0,0,0,0,0,0,0,0,0,0,0,0,0,0
"03412112",1,"2015","2014",3,0.153,0.153,"2",0.1405,0.1405,"45","D",0.063,0.063,0,"D",0,"D",44004,"D",43000,"D",-20000,"D",0,"D",0,"D",0,"D",0,"D",1300,"D",0,"D",3200,"D",3,"D",13056,"D",40,2108,69.53,19.55,2117.8,2100.97,13311.61,13311.61,67004,67004,67004.01,67004.01,3000,3000,0,0,640,640,0,0,53948,53948,0,0,3709.53,3659.56,3709.53,3659.55,0,0,0,0,0,0,0,0,0,0,0
"03412122",1,"2015","2014",0,0,0,"1",0,0,"28","D",0,0,1,"D",1,"D",0,"D",0,"D",0,"D",0,"D",8674,"D",0,"D",2568,"D",0,"D",41,"D",0,"D",0,"D",0,"D",0,0,0,0,0,0,0,0,0,0,0.01,0.01,0,0,0,0,0,0,0,0,0,0,0,0,0,0,0,0,7750,7850,0,0,0,0,0,0,0,0,0
"03412132",1,"2015","2014",0,0,0,"1",-0.0765,-0.0765,"43","D",0,0,0,"D",0,"D",0,"D",0,"D",0,"D",0,"D",0,"D",0,"D",0,"D",300,"D",0,"D",0,"D",0,"D",10,"D",0,0,0,0,0,0,0,0,0,0,0,0,0,0,0,0,0,0,0,0,0,0,0,0,0,0,0,0,0,0,0,0,0,0,0,0,0,0,0
"03412132",3,"2015","2014",0,0,0,"1",-0.0765,-0.0765,"43","D",0,0,0,"D",0,"D",0,"D",0,"D",0,"D",0,"D",0,"D",0,"D",0,"D",0,"D",0,"D",0,"D",0,"D",0,"D",0,0,0,0,0,0,0,0,0,0,0,0,0,0,0,0,0,0,0,0,0,0,0,0,0,0,0,0,0,0,0,0,0,0,0,0,0,0,0
"03412152",1,"2015","2014",0,0.153,0.153,"2",0.1,0.1,"44","D",0,0,0,"D",0,"D",0,"D",35000,"D",0,"D",0,"D",0,"D",0,"D",0,"D",1000,"D",163,"D",0,"D",0,"D",3756,"D",1453,0,1470,1440,0,0,5355,5355,35000,35000,0,0,0,0,0,0,0,0,0,0,35000,35000,0,0,1470,1440,1470,1440,0,0,0,0,0,0,0,0,0,0,0
"03412172",1,"2015","2014",3,0.153,0.153,"2",0.3159,0.3159,"31","D",0.1123,0.0807,0,"D",0,"D",0,"D",27650,"D",0,"D",0,"D",21288,"D",0,"D",7512,"D",0,"D",558,"D",0,"D",3,"D",0,"D",-7661,-1058,-7555.71,-7736.84,-761.02,-1270.93,4230.45,4230.45,30797,30797,27650.01,27650.01,0,0,3000,3000,0,0,4555.71,4736.84,30797,30797,0,0,0,0,0,0,0,0,0,0,0,0,0,0,911.14,1421.05,0
"03412194",1,"2015","2014",0,0.153,0.153,"1",0.15,0.15,"10","D",0,0,0,"D",0,"D",36000,"D",0,"D",0,"D",0,"D",0,"D",0,"D",14400,"D",0,"D",0,"D",0,"D",0,"D",0,"D",3406,0,3423.75,3393.75,0,0,5508,5508,36000,36000,0,0,0,0,0,0,0,0,0,0,36000,36000,0,0,3423.75,3393.75,3423.75,3393.75,0,0,0,0,0,0,0,0,0,0,0
"03412202",1,"2015","2014",1,0.153,0.153,"2",0.15,0.15,"44","D",0,0,0,"D",0,"D",36000,"D",50000,"D",-390,"D",0,"D",0,"D",0,"D",0,"D",3800,"D",185,"D",0,"D",1,"D",6100,"D",7257,0,7296.5,7229,0,0,13158,13158,85610,85610,0,0,1000,1000,0,0,0,0,0,0,85610,85610,0,0,8296.5,8229,8296.5,8229,0,0,0,0,0,0,0,0,0,0,0
"03412222",1,"2015","2014",0,0.153,0.153,"1",0.2385,0.2663,"36","D",0.046,0.0491,0,"D",0,"D",112000,"D",0,"D",0,"D",0,"D",0,"D",0,"D",0,"D",5100,"D",9010,"D",0,"D",0,"D",0,"D",18415,3575,18439.74,18396.84,3711.47,3477.64,17136,17136,112000,112000,112000.01,112000.01,0,0,0,0,0,0,0,0,112000,112000,0,0,18439.74,18396.84,18439.74,18396.84,0,0,0,0,0,0,0,0,0,0,0
"03412242",1,"2015","2014",0,0,0,"1",0,0,"0","T",0,0,1,"D",1,"D",0,"D",0,"D",0,"D",0,"D",9430,"D",0,"D",2400,"D",0,"D",75,"D",0,"D",0,"D",0,"D",0,0,0,0,0,0,0,0,0,0,0,0,0,0,0,0,0,0,0,0,0,0,0,0,0,0,0,0,0,0,0,0,0,0,0,0,0,0,0
"03412252",1,"2015","2014",2,0.153,0.153,"2",0.2923,0.2923,"39","D",0.0307,0.0307,0,"D",0,"D",40000,"D",90000,"D",0,"D",0,"D",0,"D",0,"D",0,"D",3500,"D",250,"D",0,"D",2,"D",15724,"D",13294,3991,13396.25,13221.25,3991,3991,19890,19890,130000,130000,130000.01,130000.01,1000,1000,0,0,0,0,0,0,114276,114276,0,0,14396.25,14221.25,14396.25,14221.25,0,0,0,0,0,0,0,0,0,0,0
"03412262",1,"2015","2014",0,0.153,0.153,"1",0.2318,0.2318,"12","D",0.0733,0.0733,0,"D",0,"D",48500,"D",0,"D",0,"D",0,"D",0,"D",0,"D",0,"D",3500,"D",15,"D",0,"D",0,"D",548,"D",5286,2612,5329.44,5254.44,2611.8,2611.8,7420.5,7420.5,48500,48500,48500.01,48500.01,0,0,0,0,0,0,0,0,47952,47952,0,0,5329.44,5254.44,5329.44,5254.44,2200,2200,6657.22,6657.22,0,0,0,0,0,0,0
"03412292",1,"2015","2014",0,0,0,"1",0,0,"0","T",0,0,1,"D",1,"D",0,"D",0,"D",0,"D",0,"D",8314,"D",0,"D",1824,"D",0,"D",2,"D",0,"D",0,"D",0,"D",0,0,0,0,0,0,0,0,0,0,0,0,0,0,0,0,0,0,0,0,0,0,0,0,0,0,0,0,0,0,0,0,0,0,0,0,0,0,0
"03412312",1,"2015","2014",3,0.153,0.153,"3",0.3106,0.3106,"14","D",0.0586,0.0711,0,"D",0,"D",35786,"D",0,"D",0,"D",0,"D",0,"D",0,"D",0,"D",2600,"D",0,"D",0,"D",2,"D",480,"D",-3390,787,-3272.87,-3474.26,998.15,636.69,5475.26,5475.26,35786,35786,35786.01,35786.01,1088.6,1053.6,911.4,946.4,0,0,2361.47,2527.86,35786,35786,0,0,1088.6,1053.6,1088.6,1053.6,0,0,0,0,130,130,0,0,236.15,252.79,0
"03412312",2,"2015","2014",0,0.153,0.153,"1",0.15,0.15,"14","D",0.0375,0.05,0,"D",0,"D",20698,"D",0,"D",0,"D",0,"D",0,"D",0,"D",0,"D",0,"D",0,"D",0,"D",0,"D",0,"D",1111,793,1128.45,1098.45,928.65,695.55,3166.79,3166.79,20698,20698,20698.01,20698.01,0,0,0,0,0,0,0,0,20698,20698,0,0,1128.45,1098.45,1128.45,1098.45,0,0,0,0,0,0,0,0,0,0,0
"03412322",1,"2015","2014",0,0.153,0.153,"2",0.1,0.1,"0","T",0,0,1,"D",0,"D",12294,"D",17922,"D",0,"D",0,"D",0,"D",0,"D",0,"D",1700,"D",2147,"D",0,"D",0,"D",0,"D",901,0,991.6,836.6,0,0,4623.05,4623.05,30216,30216,0,0,0,0,0,0,0,0,0,0,30216,30216,0,0,991.6,836.6,991.6,836.6,0,0,0,0,0,0,0,0,0,0,0
"03412342",1,"2015","2014",0,0,0,"1",0,0,"47","D",0,0,1,"D",1,"D",0,"D",0,"D",0,"D",0,"D",9324,"D",0,"D",0,"D",600,"D",50,"D",0,"D",0,"D",0,"D",0,0,0,0,0,0,0,0,0,0,0.01,0.01,0,0,0,0,0,0,0,0,0,0,0,0,0,0,0,0,0,0,0,0,0,0,0,0,0,0,0
"03412352",1,"2015","2014",0,0.153,0.153,"1",0.2371,0.237,"22","D",0.0515,0.052,0,"D",0,"D",68113,"D",0,"D",0,"D",0,"D",0,"D",0,"D",0,"D",4000,"D",510,"D",0,"D",0,"D",264,"D",9862,3191,9901.23,9833.95,3209.08,3178.22,10421.29,10421.29,68113,68113,68113.01,68113.01,0,0,0,0,0,0,0,0,67849,67849,0,0,9901.23,9833.95,9901.23,9833.95,0,0,0,0,0,0,0,0,0,0,0
"03412352",2,"2015","2014",0,0,0,"1",0,0,"22","D",0.1,0.1,1,"D",1,"D",0,"D",0,"D",0,"D",10928,"D",18692,"D",0,"D",0,"D",0,"D",0,"D",0,"D",0,"D",0,"D",0,293,0,0,292.8,292.8,0,0,10928,10928,10928.01,10928.01,0,0,0,0,0,0,0,0,10928,10928,0,0,0,0,0,0,0,0,0,0,0,0,0,0,0,0,0
"03412382",1,"2015","2014",0,0.153,0.153,"2",0.25,0.25,"01","D",0.0337,0.0337,1,"D",1,"D",59300,"D",59704,"D",-200,"D",136,"D",26120,"D",0,"D",0,"D",950,"D",1029,"D",0,"D",0,"D",7772,"D",21499,3699,21623,21410.5,3693.11,3703.73,18207.61,18207.61,141142,141142,118940.01,118940.01,0,0,0,0,0,0,0,0,141142,141142,0,0,21623,21410.5,21623,21410.5,4000,4000,18854.81,18854.81,0,0,0,0,0,0,0
"03412412",1,"2015","2014",0,0.153,0.153,"1",0.15,0.15,"23","D",0.0635,0.0635,0,"D",0,"D",30160,"D",0,"D",0,"D",0,"D",0,"D",0,"D",7560,"D",0,"D",1420,"D",0,"D",0,"D",0,"D",2530,838,2547.75,2517.75,837.98,837.98,4614.48,4614.48,30160,30160,30160.01,30160.01,0,0,0,0,0,0,0,0,30160,30160,0,0,2547.75,2517.75,2547.75,2517.75,0,0,0,0,273.82,273.82,0,0,0,0,0
"03412432",1,"2015","2014",2,0,0,"3",-0.4,-0.4,"22","D",-0.06,-0.06,0,"D",0,"D",0,"D",0,"D",0,"D",2453,"D",0,"D",0,"D",0,"D",16800,"D",0,"D",0,"D",0,"D",0,"D",0,0,0,0,0,0,0,0,2453,2453,2453.01,2453.01,0,0,0,0,0,0,0,0,2453,2453,0,0,0,0,0,0,0,0,0,0,0,0,0,0,0,0,0
"03412462",1,"2015","2014",0,0.153,0.153,"2",0.15,0.15,"22","D",0.0483,0.0488,0,"D",0,"D",21840,"D",32000,"D",950,"D",0,"D",0,"D",0,"D",10080,"D",0,"D",147,"D",0,"D",0,"D",0,"D",4231,2050,4266,4206,2061.72,2041.9,8237.52,8237.52,54790,54790,54790.01,54790.01,0,0,0,0,0,0,0,0,54790,54790,0,0,4266,4206,4266,4206,0,0,0,0,0,0,0,0,0,0,0
"03412472",1,"2015","2014",0,0.153,0.153,"1",0.2339,0.2339,"50","D",0.0642,0.0642,0,"D",0,"D",90000,"D",0,"D",-11528,"D",0,"D",26400,"D",0,"D",0,"D",3400,"D",1200,"D",0,"D",0,"D",3000,"D",17129,4097,17171.52,17098.41,4100.91,4093.36,13770,13770,100912,100912,78472.01,78472.01,0,0,0,0,0,0,0,0,97912,97912,0,0,17171.52,17098.41,17171.52,17098.41,2427.36,2627.01,3000,3000,0,0,0,0,0,0,0
"03412482",1,"2015","2014",0,0,0,"1",0,0,"31","D",0,0,1,"D",1,"D",0,"D",0,"D",0,"D",0,"D",21094,"D",0,"D",0,"D",8000,"D",310,"D",0,"D",0,"D",380,"D",0,0,0,0,0,0,0,0,0,0,0,0,0,0,0,0,0,0,0,0,0,0,0,0,0,0,0,0,0,0,0,0,50,50,0,0,0,0,0
"03412522",1,"2015","2014",0,0,0,"1",0.0235,0.0235,"29","D",0,0,0,"D",0,"D",0,"D",0,"D",0,"D",13666,"D",0,"D",0,"D",0,"D",2400,"D",0,"D",0,"D",0,"D",0,"D",343,0,351.6,336.6,0,0,0,0,13666,13666,0,0,0,0,0,0,0,0,0,0,13666,13666,0,0,351.6,336.6,351.6,336.6,0,0,0,0,0,0,0,0,0,0,0
"03412532",1,"2015","2014",0,0.153,0.153,"1",0.2486,0.2486,"10","D",0,0,0,"D",0,"D",80000,"D",0,"D",-5714,"D",0,"D",0,"D",0,"D",0,"D",1400,"D",10,"D",0,"D",0,"D",7828,"D",10891,0,10934.44,10859.44,0,0,12240,12240,74286,74286,0,0,0,0,0,0,0,0,0,0,66458,66458,0,0,10934.44,10859.44,10934.44,10859.44,0,0,0,0,0,0,0,0,0,0,0
"03412542",1,"2015","2014",3,0.153,0.153,"3",0.3106,0.3106,"12","D",0.068,0.068,1,"D",1,"D",35000,"D",0,"D",0,"D",0,"D",0,"D",0,"D",27600,"D",0,"D",0,"D",0,"D",2,"D",0,"D",-3789,1186,-3672,-3873.39,1186.22,1186.22,5355,5355,35000,35000,35000.01,35000.01,855,820,1145,1180,0,0,2527,2693.39,35000,35000,0,0,855,820,855,820,3212,3212,1186.22,1186.22,0,0,0,0,0,0,0
"03412542",2,"2015","2014",3,0,0,"3",-0.45,-0.45,"12","D",0,0,0,"D",0,"D",0,"D",0,"D",0,"D",0,"D",0,"D",0,"D",0,"D",0,"D",0,"D",0,"D",2,"D",0,"D",0,-340,0,0,-340,-340,0,0,0,0,0.01,0.01,0,0,0,0,0,0,0,0,0,0,0,0,0,0,0,0,3212,3212,0.13,0.13,0,0,0,0,0,0,0
"03412572",1,"2015","2014",0,0.153,0.153,"1",0.2394,0.2394,"23","D",0.0425,0.0425,1,"D",0,"D",65000,"D",0,"D",15000,"D",0,"D",10103,"D",0,"D",0,"D",7800,"D",0,"D",0,"D",0,"D",0,"D",14214,3230,14258.14,14183.14,3230,3230,9945,9945,88587.55,88587.55,80000.01,80000.01,0,0,0,0,0,0,0,0,88587.55,88587.55,0,0,14258.14,14183.14,14258.14,14183.14,0,0,0,0,0,0,0,0,0,0,0
"03412582",1,"2015","2014",0,0,0,"1",0.25,0.25,"0","T",0,0,1,"D",1,"D",0,"D",0,"D",53200,"D",154,"D",19666,"D",0,"D",0,"D",430,"D",0,"D",0,"D",0,"D",7032,"D",10390,0,10448.78,10348.78,0,0,0,0,70070.1,70070.1,0,0,0,0,0,0,0,0,0,0,70070.1,70070.1,0,0,10448.78,10348.78,10448.78,10348.78,0,0,0,0,0,0,0,0,0,0,0
"03412592",1,"2015","2014",2,0.153,0.153,"2",0.25,0.25,"43","D",0,0,0,"D",0,"D",0,"D",100000,"D",6500,"D",0,"D",0,"D",0,"D",0,"D",1200,"D",0,"D",0,"D",2,"D",3092,"D",9156,0,9287.5,9062.5,0,0,15300,15300,106500,106500,0,0,2000,2000,0,0,0,0,0,0,106500,106500,0,0,11287.5,11062.5,11287.5,11062.5,0,0,0,0,0,0,0,0,0,0,0
"03412602",1,"2015","2014",0,0,0,"1",0.15,0.15,"10","D",0,0,1,"D",1,"D",0,"D",0,"D",41074,"D",0,"D",0,"D",0,"D",0,"D",2400,"D",0,"D",0,"D",0,"D",0,"D",3935,0,3952.35,3922.35,0,0,0,0,41074,41074,0,0,0,0,0,0,0,0,0,0,41074,41074,0,0,3952.35,3922.35,3952.35,3922.35,0,0,0,0,0,0,0,0,0,0,0
"03412612",1,"2015","2014",2,0,0,"3",-0.4,-0.4,"0","T",0,0,0,"D",0,"D",0,"D",0,"D",0,"D",0,"D",14734,"D",0,"D",0,"D",300,"D",0,"D",0,"D",2,"D",0,"D",0,0,0,0,0,0,0,0,0,0,0,0,0,0,0,0,0,0,0,0,0,0,0,0,0,0,0,0,0,0,0,0,0,0,0,0,0,0,0
"03412612",3,"2015","2014",0,0,0,"1",-0.0765,-0.0765,"0","T",0,0,0,"D",0,"D",0,"D",0,"D",0,"D",0,"D",0,"D",0,"D",0,"D",0,"D",0,"D",0,"D",0,"D",0,"D",0,0,0,0,0,0,0,0,0,0,0,0,0,0,0,0,0,0,0,0,0,0,0,0,0,0,0,0,0,0,0,0,0,0,0,0,0,0,0
"03412622",1,"2015","2014",0,0.153,0.153,"2",0.25,0.25,"15","D",0.033,0.034,0,"D",0,"D",70000,"D",70000,"D",0,"D",0,"D",0,"D",0,"D",0,"D",3000,"D",0,"D",0,"D",0,"D",4456,"D",21521,4528,21637.5,21437.5,4607,4471.5,21420,21420,140000,140000,140000.01,140000.01,0,0,0,0,0,0,0,0,140000,140000,0,0,21637.5,21437.5,21637.5,21437.5,0,0,0,0,0,0,0,0,0,0,0
"03412632",1,"2015","2014",0,0.153,0.153,"2",0.25,0.25,"33","D",0.078,0.0777,0,"D",0,"D",65695,"D",44562,"D",0,"D",0,"D",0,"D",0,"D",0,"D",2600,"D",0,"D",0,"D",0,"D",100,"D",14085,5495,14201.75,14001.75,5529.98,5470.58,16869.32,16869.32,110257,110257,110257.01,110257.01,0,0,0,0,0,0,0,0,110257,110257,0,0,14201.75,14001.75,14201.75,14001.75,15650,15850,0,0,0,0,0,0,0,0,0
"03412642",1,"2015","2014",3,0.153,0.153,"2",0.1405,0.1405,"45","D",0.063,0.063,0,"D",0,"D",32100,"D",59746,"D",0,"D",0,"D",0,"D",0,"D",0,"D",2500,"D",20,"D",400,"D",3,"D",10932,"D",4219,3727,4248.54,4198.56,3737.09,3720.25,14052.44,14052.44,91846,91846,91846.01,91846.01,3000,3000,0,0,80,80,0,0,80914,80914,0,0,7328.54,7278.56,7328.54,7278.56,0,0,0,0,0,0,0,0,0,0,0
"03412652",1,"2015","2014",2,0.153,0.153,"3",0.2106,0.2106,"33","D",0.0632,0.0632,0,"D",0,"D",19291,"D",0,"D",0,"D",0,"D",9600,"D",0,"D",0,"D",16180,"D",0,"D",0,"D",2,"D",11040,"D",-7243,-2233,-7152.31,-7307.71,-2205.69,-2252.31,2951.52,2951.52,19291,19291,19291.01,19291.01,0,0,2000,2000,0,0,5152.31,5307.71,8251,8251,0,0,0,0,0,0,10950,11100,27220,27220,0,0,0,0,1545.69,1592.31,0
"03412652",2,"2015","2014",0,0.153,0.153,"1",0.15,0.15,"33","D",0.06,0.06,0,"D",0,"D",22000,"D",0,"D",0,"D",0,"D",0,"D",0,"D",0,"D",0,"D",0,"D",0,"D",0,"D",0,"D",1306,574,1323.75,1293.75,580.04,569.07,3366,3366,22000,22000,22000.01,22000.01,0,0,0,0,0,0,0,0,22000,22000,0,0,1323.75,1293.75,1323.75,1293.75,7800,7900,0,0,0,0,0,0,0,0,0
"03412652",3,"2015","2014",0,0.153,0.153,"1",0.1,0.1,"33","D",0.0454,0.0454,0,"D",0,"D",16888,"D",0,"D",0,"D",0,"D",0,"D",0,"D",0,"D",0,"D",0,"D",0,"D",0,"D",0,"D",665,318,673.8,658.8,321.26,315.78,2583.86,2583.86,16888,16888,16888.01,16888.01,0,0,0,0,0,0,0,0,16888,16888,0,0,673.8,658.8,673.8,658.8,7800,7900,0,0,0,0,0,0,0,0,0
"03412672",1,"2015","2014",1,0.153,0.153,"3",0,0,"44","D",0,0,0,"D",0,"D",13000,"D",0,"D",0,"D",0,"D",0,"D",0,"D",0,"D",0,"D",0,"D",0,"D",1,"D",0,"D",-4337,0,-4305,-4359,0,0,1989,1989,13000,13000,0,0,0,0,1000,1000,0,0,3305,3359,13000,13000,0,0,0,0,0,0,0,0,0,0,0,0,0,0,0,0,0
"03412682",1,"2015","2014",0,0.153,0.153,"1",0.15,0.15,"34","D",0.0575,0.058,0,"D",0,"D",40000,"D",0,"D",1,"D",0,"D",0,"D",0,"D",0,"D",390,"D",0,"D",0,"D",0,"D",20,"D",4006,1876,4023.9,3993.9,1885.06,1868.81,6120,6120,40001,40001,40001.01,40001.01,0,0,0,0,0,0,0,0,40001,40001,0,0,4023.9,3993.9,4023.9,3993.9,7500,7500,410,410,0,0,0,0,0,0,0
"03412692",1,"2015","2014",2,0,0,"3",-0.4,-0.4,"14","D",-0.04,-0.04,0,"D",0,"D",0,"D",0,"D",0,"D",0,"D",0,"D",0,"D",0,"D",4800,"D",0,"D",0,"D",0,"D",6354,"D",0,0,0,0,0,0,0,0,0,0,0.01,0.01,0,0,0,0,0,0,0,0,0,0,0,0,0,0,0,0,0,0,0,0,0,0,0,0,0,0,0
"03412722",1,"2015","2014",0,0.153,0.153,"2",0.1,0.1,"0","T",0,0,0,"D",0,"D",0,"D",31160,"D",55,"D",0,"D",0,"D",0,"D",6400,"D",4000,"D",0,"D",0,"D",0,"D",0,"D",1074,0,1091.5,1061.5,0,0,4767.48,4767.48,31215,31215,0,0,0,0,0,0,0,0,0,0,31215,31215,0,0,1091.5,1061.5,1091.5,1061.5,0,0,0,0,0,0,0,0,0,0,0
"03412732",1,"2015","2014",1,0.0835,0.0835,"2",0.325,0.325,"33","D",0.0737,0.0737,0,"D",0,"D",103709,"D",132274,"D",0,"D",0,"D",0,"D",0,"D",0,"D",16180,"D",0,"D",0,"D",1,"D",5364,"D",43145,14247,43432.68,42938.68,14451.45,14101.45,34211.42,34397.42,235983,235983,235983.01,235983.01,0,0,0,0,0,0,0,0,230619,230619,3507.16,3152.66,39925.51,39786.01,39925.51,39786.01,15650,15850,17667.91,17667.91,0,0,0,0,0,0,0
"03412742",1,"2015","2014",0,0.153,0.153,"2",0.15,0.15,"0","T",0,0,0,"D",0,"D",24763,"D",24763,"D",0,"D",0,"D",0,"D",0,"D",0,"D",500,"D",1500,"D",0,"D",0,"D",4912,"D",3441,0,3476.4,3416.4,0,0,7577.48,7577.48,49526,49526,0,0,0,0,0,0,0,0,0,0,49526,49526,0,0,3476.4,3416.4,3476.4,3416.4,0,0,0,0,0,0,0,0,0,0,0
"03412762",1,"2015","2014",1,0.153,0.153,"2",0.15,0.15,"0","T",0,0,0,"D",0,"D",46000,"D",35756,"D",0,"D",0,"D",0,"D",0,"D",0,"D",380,"D",0,"D",800,"D",1,"D",6312,"D",6519,0,6558.4,6490.9,0,0,12508.67,12508.67,81756,81756,0,0,1000,1000,0,0,160,160,0,0,81756,81756,0,0,7718.4,7650.9,7718.4,7650.9,0,0,0,0,0,0,0,0,0,0,0
"03412782",1,"2015","2014",1,0.153,0.153,"2",0.15,0.15,"0","T",0,0,0,"D",0,"D",38507,"D",30286,"D",0,"D",0,"D",0,"D",0,"D",0,"D",640,"D",715,"D",0,"D",0,"D",0,"D",5735,0,5773.95,5706.45,0,0,10525.33,10525.33,68793,68793,0,0,0,0,0,0,0,0,0,0,68793,68793,0,0,5773.95,5706.45,5773.95,5706.45,0,0,0,0,0,0,0,0,0,0,0
"03412792",1,"2015","2014",2,0.153,0.153,"2",0.3106,0.3106,"03","D",0.0288,0.0288,0,"D",0,"D",25117,"D",16494,"D",240,"D",0,"D",0,"D",0,"D",3200,"D",1400,"D",0,"D",0,"D",2,"D",0,"D",-2302,542,-2179.64,-2389.77,544.87,539.2,6366.48,6366.48,41851,41851,41851.01,41851.01,1365.1,1325.1,634.9,674.9,0,0,1544.74,1714.87,41851,41851,0,0,1365.1,1325.1,1365.1,1325.1,10018,10182,2013.01,2013.01,0,0,0,0,0,0,0
"03412862",1,"2015","2014",0,0.153,0.153,"1",-0.0765,-0.0765,"39","D",0,0,0,"D",0,"D",2400,"D",0,"D",0,"D",0,"D",0,"D",0,"D",0,"D",0,"D",0,"D",0,"D",0,"D",0,"D",-184,0,-183.6,-183.6,0,0,367.2,367.2,2400,2400,2400.01,2400.01,0,0,0,0,0,0,183.6,183.6,2400,2400,0,0,0,0,0,0,0,0,0,0,0,0,0,0,0,0,0
"03412872",1,"2015","2014",0,0.153,0.153,"1",0.15,0.15,"0","T",0,0,0,"D",0,"D",27062,"D",0,"D",0,"D",0,"D",0,"D",0,"D",6600,"D",0,"D",0,"D",0,"D",0,"D",0,"D",2066,0,2083.05,2053.05,0,0,4140.49,4140.49,27062,27062,0,0,0,0,0,0,0,0,0,0,27062,27062,0,0,2083.05,2053.05,2083.05,2053.05,0,0,0,0,0,0,0,0,0,0,0
"03412882",1,"2015","2014",0,0.153,0.153,"1",0.15,0.15,"36","D",0.0297,0.0317,0,"D",0,"D",28000,"D",0,"D",0,"D",0,"D",0,"D",0,"D",0,"D",1300,"D",15,"D",0,"D",0,"D",1360,"D",2206,449,2223.75,2193.75,467.34,436.64,4284,4284,28000,28000,28000.01,28000.01,0,0,0,0,0,0,0,0,28000,28000,0,0,2223.75,2193.75,2223.75,2193.75,0,0,0,0,0,0,0,0,0,0,0
"03412912",1,"2015","2014",0,0.153,0.153,"2",0.15,0.15,"05","D",0.06,0.06,0,"D",0,"D",36000,"D",34000,"D",100,"D",0,"D",0,"D",0,"D",0,"D",1600,"D",735,"D",0,"D",0,"D",2668,"D",6528,1441,6562.5,6502.5,1461.24,1426.38,10710,10710,70100,70100,70100.01,70100.01,0,0,0,0,0,0,0,0,70100,70100,0,0,6562.5,6502.5,6562.5,6502.5,7984,8088,5003,5003,0,0,0,0,0,0,0
"03412952",1,"2015","2014",0,0.153,0.153,"2",0.1,0.1,"10","D",0,0,0,"D",0,"D",0,"D",35827,"D",0,"D",0,"D",0,"D",0,"D",0,"D",400,"D",0,"D",0,"D",0,"D",0,"D",1535,0,1552.7,1522.7,0,0,5481.53,5481.53,35827,35827,0,0,0,0,0,0,0,0,0,0,35827,35827,0,0,1552.7,1522.7,1552.7,1522.7,0,0,0,0,0,0,0,0,0,0,0
"03412972",1,"2015","2014",0,0.153,0.153,"2",0.1,0.1,"0","T",0,0,0,"D",0,"D",23874,"D",7371,"D",0,"D",0,"D",0,"D",0,"D",0,"D",1100,"D",350,"D",0,"D",0,"D",900,"D",1077,0,1094.5,1064.5,0,0,4780.48,4780.48,31245,31245,0,0,0,0,0,0,0,0,0,0,31245,31245,0,0,1094.5,1064.5,1094.5,1064.5,0,0,0,0,0,0,0,0,0,0,0
"03412982",1,"2015","2014",0,0.153,0.153,"2",0.15,0.15,"05","D",0.02,0.02,0,"D",0,"D",19584,"D",20736,"D",-400,"D",0,"D",0,"D",0,"D",18000,"D",0,"D",290,"D",0,"D",0,"D",0,"D",2001,144,2035.5,1975.5,147.75,141.65,6168.96,6168.96,39920,39920,39920.01,39920.01,0,0,0,0,0,0,0,0,39920,39920,0,0,2035.5,1975.5,2035.5,1975.5,7984,8088,290,290,0,0,0,0,0,0,0
"03412982",2,"2015","2014",0,0.153,0.153,"1",0.1765,0.1765,"05","D",0,0,0,"D",0,"D",11853,"D",0,"D",0,"D",0,"D",0,"D",0,"D",0,"D",0,"D",0,"D",0,"D",0,"D",0,"D",-58,0,-39.36,-72.07,0,0,1813.51,1813.51,11853,11853,11853.01,11853.01,0,0,0,0,0,0,209.66,227.37,11853,11853,0,0,170.3,155.3,170.3,155.3,3992,4044,0,0,0,0,0,0,0,0,0
"03412982",3,"2015","2014",0,0.153,0.153,"1",0.15,0.15,"05","D",0.06,0.06,0,"D",0,"D",33761,"D",0,"D",0,"D",0,"D",0,"D",0,"D",0,"D",0,"D",0,"D",0,"D",0,"D",0,"D",3070,643,3087.9,3057.9,653.28,635.85,5165.43,5165.43,33761,33761,33761.01,33761.01,0,0,0,0,0,0,0,0,33761,33761,0,0,3087.9,3057.9,3087.9,3057.9,3992,4044,0,0,0,0,0,0,0,0,0
"03412992",1,"2015","2014",0,0,0,"1",-0.0765,-0.0765,"02","D",0,0,0,"D",0,"D",0,"D",0,"D",2800,"D",0,"D",0,"D",2500,"D",10200,"D",0,"D",0,"D",0,"D",0,"D",0,"D",0,0,0,0,0,0,0,0,2800,2800,0,0,0,0,0,0,0,0,0,0,2800,2800,0,0,0,0,0,0,0,0,0,0,0,0,0,0,0,0,0
"03413002",1,"2015","2014",2,0.153,0.153,"2",0.2893,0.2885,"36","D",0.0429,0.046,0,"D",0,"D",84000,"D",45000,"D",0,"D",0,"D",0,"D",0,"D",0,"D",2400,"D",350,"D",640,"D",2,"D",7352,"D",15224,3931,15288.87,15178.14,4080.52,3823.45,19737,19737,129000,129000,129000.01,129000.01,1050,1050,0,0,128,128,0,0,121648,121648,0,0,16466.87,16356.14,16466.87,16356.14,0,0,0,0,0,0,0,0,0,0,0
"03413012",1,"2015","2014",2,0,0,"3",-0.4,-0.4,"05","D",0,0,0,"D",0,"D",0,"D",0,"D",0,"D",0,"D",0,"D",0,"D",0,"D",8800,"D",0,"D",0,"D",0,"D",4800,"D",0,0,0,0,0,0,0,0,0,0,0.01,0.01,0,0,0,0,0,0,0,0,0,0,0,0,0,0,0,0,7984,8088,13600,13600,0,0,0,0,0,0,0
"03413022",1,"2015","2014",1,0,0,"3",-0.34,-0.34,"34","D",0,0,1,"D",1,"D",0,"D",0,"D",0,"D",0,"D",24300,"D",0,"D",0,"D",900,"D",0,"D",0,"D",0,"D",0,"D",0,0,0,0,0,0,0,0,0,0,0.01,0.01,0,0,0,0,0,0,0,0,0,0,0,0,0,0,0,0,12000,12000,900,900,0,0,0,0,0,0,0
"03413052",1,"2015","2014",0,0.153,0.153,"1",0.2329,0.2329,"28","D",0.0684,0.0684,0,"D",0,"D",55641,"D",0,"D",-556,"D",0,"D",0,"D",0,"D",0,"D",1700,"D",1574,"D",0,"D",0,"D",3232,"D",6381,2354,6422.85,6351.68,2362.6,2347.29,8513.07,8513.07,55085,55085,55085.01,55085.01,0,0,0,0,0,0,0,0,51853,51853,0,0,6422.85,6351.68,6422.85,6351.68,0,0,6506,6506,0,0,0,0,0,0,0
"03413072",1,"2015","2014",4,0.071,0.071,"2",0.28,0.28,"0","T",0,0,0,"D",0,"D",82000,"D",160000,"D",-9882,"D",0,"D",0,"D",0,"D",0,"D",500,"D",310,"D",0,"D",4,"D",38372,"D",34470,0,34633.08,34353.58,0,0,31694,31880,232118,232118,0,0,0,0,0,0,0,0,0,0,193746,193746,0,0,34633.08,34353.58,34633.08,34353.58,0,0,0,0,0,0,0,0,0,0,0
"03413082",1,"2015","2014",2,0.153,0.153,"2",0,0,"05","D",0,0,0,"D",0,"D",17324,"D",4233,"D",1500,"D",0,"D",0,"D",0,"D",8616,"D",0,"D",240,"D",0,"D",2,"D",240,"D",-7511,0,-7460,-7548,0,0,3298.22,3298.22,23057,23057,23057.01,23057.01,0,0,2000,2000,0,0,5460,5548,23057,23057,0,0,0,0,0,0,7984,8088,480,480,0,0,0,0,0,0,0
"03413092",1,"2015","2014",0,0.153,0.153,"1",0.2324,0.2324,"24","D",0.0705,0.0705,0,"D",0,"D",77000,"D",0,"D",-6300,"D",0,"D",0,"D",0,"D",0,"D",1700,"D",0,"D",0,"D",0,"D",4340,"D",10030,3840,10071.51,10000.49,3848.97,3833.05,11781,11781,70700,70700,70700.01,70700.01,0,0,0,0,0,0,0,0,66360,66360,0,0,10071.51,10000.49,10071.51,10000.49,0,0,9888.97,9873.05,0,0,0,0,0,0,0
"03413092",2,"2015","2014",0,0.153,0.153,"1",0.25,0.25,"24","D",0.0705,0.0705,0,"D",0,"D",60000,"D",0,"D",-6500,"D",0,"D",0,"D",0,"D",0,"D",0,"D",0,"D",0,"D",0,"D",0,"D",6635,2627,6693.75,6593.75,2636.37,2620.45,9180,9180,53500,53500,53500.01,53500.01,0,0,0,0,0,0,0,0,53500,53500,0,0,6693.75,6593.75,6693.75,6593.75,6200,6300,0,0,0,0,0,0,0,0,0
"03413132",1,"2015","2014",0,0.153,0.153,"1",0.15,0.15,"0","T",0,0,0,"D",0,"D",46000,"D",0,"D",-27,"D",0,"D",0,"D",0,"D",0,"D",360,"D",0,"D",0,"D",0,"D",6608,"D",4796,0,4804.5,4789.5,0,0,7038,7038,45973,45973,0,0,0,0,0,0,0,0,0,0,39365,39365,0,0,4804.5,4789.5,4804.5,4789.5,0,0,0,0,0,0,0,0,0,0,0
"03413132",2,"2015","2014",0,0,0,"1",-0.0765,-0.0765,"0","T",0,0,0,"D",0,"D",0,"D",0,"D",0,"D",0,"D",0,"D",0,"D",0,"D",0,"D",0,"D",0,"D",0,"D",0,"D",0,0,0,0,0,0,0,0,0,0,0,0,0,0,0,0,0,0,0,0,0,0,0,0,0,0,0,0,0,0,0,0,0,0,0,0,0,0,0
"03413132",3,"2015","2014",0,0.153,0.153,"1",0.15,0.15,"0","T",0,0,0,"D",0,"D",24243,"D",0,"D",0,"D",0,"D",0,"D",0,"D",0,"D",0,"D",0,"D",0,"D",0,"D",0,"D",1643,0,1660.2,1630.2,0,0,3709.18,3709.18,24243,24243,0,0,0,0,0,0,0,0,0,0,24243,24243,0,0,1660.2,1630.2,1660.2,1630.2,0,0,0,0,0,0,0,0,0,0,0
"03413132",4,"2015","2014",0,0.153,0.153,"1",0.15,0.15,"0","T",0,0,0,"D",0,"D",43754,"D",0,"D",0,"D",0,"D",0,"D",0,"D",0,"D",0,"D",0,"D",0,"D",0,"D",0,"D",4569,0,4586.85,4556.85,0,0,6694.36,6694.36,43754,43754,0,0,0,0,0,0,0,0,0,0,43754,43754,0,0,4586.85,4556.85,4586.85,4556.85,0,0,0,0,0,0,0,0,0,0,0
"03413132",5,"2015","2014",0,0.153,0.153,"1",0.1765,0.1765,"0","T",0,0,0,"D",0,"D",12735,"D",0,"D",0,"D",0,"D",0,"D",0,"D",0,"D",0,"D",0,"D",0,"D",0,"D",0,"D",97,0,116.31,83.6,0,0,1948.45,1948.45,12735,12735,0,0,0,0,0,0,0,0,142.19,159.9,12735,12735,0,0,258.5,243.5,258.5,243.5,0,0,0,0,0,0,0,0,0,0,0
"03413152",1,"2015","2014",0,0.153,0.153,"2",0.25,0.25,"45","D",0.063,0.063,0,"D",0,"D",40650,"D",50000,"D",6650,"D",0,"D",0,"D",0,"D",0,"D",1100,"D",90,"D",0,"D",0,"D",4772,"D",10846,4664,10962.5,10762.5,4677.06,4654.98,13869.45,13869.45,97300,97300,97300.01,97300.01,0,0,0,0,0,0,0,0,97300,97300,0,0,10962.5,10762.5,10962.5,10762.5,0,0,0,0,0,0,0,0,0,0,0
"03413162",1,"2015","2014",1,0.153,0.153,"3",0.3098,0.3098,"33","D",0.1004,0.1069,1,"D",1,"D",32360,"D",0,"D",0,"D",0,"D",0,"D",0,"D",10692,"D",0,"D",80,"D",0,"D",0,"D",0,"D",352,461,440.89,288.26,487.11,442.04,4951.08,4951.08,32360,32360,32360.01,32360.01,0,0,0,0,0,0,983.11,1088.24,32360,32360,0,0,1424,1376.5,1424,1376.5,10950,11100,0,0,0,0,0,0,294.93,326.47,0
"03413182",1,"2015","2014",4,0.153,0.153,"2",0.15,0.15,"11","D",0.06,0.06,0,"D",0,"D",44341,"D",12646,"D",0,"D",0,"D",0,"D",0,"D",0,"D",1200,"D",36,"D",432,"D",2,"D",7116,"D",87,1789,139.15,49.15,1789.3,1789.3,8719.01,8719.01,56987,56987,56987.01,56987.01,2000,2000,0,0,86.4,86.4,0,0,56987,56987,0,0,2225.55,2135.55,2225.55,2135.55,3000,3000,0,0,0,0,25.92,25.92,0,0,0
"03413212",1,"2015","2014",0,0.0575,0.0575,"2",0.35,0.35,"05","D",0.093,0.093,0,"D",0,"D",45011,"D",241175,"D",0,"D",0,"D",0,"D",0,"D",0,"D",3000,"D",0,"D",0,"D",0,"D",6432,"D",59977,20501,60320.9,59730.9,20539.7,20472.99,28714.43,28900.43,286186,286186,286186.01,286186.01,0,0,0,0,0,0,0,0,279754,279754,2472.68,2269.17,57848.22,57461.73,57848.22,57461.73,7984,8088,9432,9432,0,0,0,0,0,0,0
"03413292",1,"2015","2014",3,0.153,0.153,"3",-0.45,-0.45,"03","D",0,0,0,"D",0,"D",12200,"D",0,"D",0,"D",0,"D",0,"D",0,"D",12948,"D",0,"D",0,"D",0,"D",0,"D",0,"D",-5490,-100,-5490,-5490,-100,-100,1866.6,1866.6,12200,12200,12200.01,12200.01,0,0,0,0,0,0,5490,5490,12200,12200,0,0,0,0,0,0,10018,10182,287.4,287.4,0,0,0,0,0,0,0
"03413302",1,"2015","2014",2,0.093,0.093,"2",0.35,0.35,"44","D",0,0,0,"D",0,"D",113543,"D",142378,"D",-500,"D",0,"D",0,"D",0,"D",19800,"D",8400,"D",300,"D",0,"D",0,"D",0,"D",51460,0,51804.35,51214.35,0,0,36062.33,36248.33,255421,255421,0,0,0,0,0,0,0,0,0,0,255421,255421,916.92,652.97,50887.43,50561.38,50887.43,50561.38,0,0,0,0,0,0,0,0,0,0,0
"03413302",2,"2015","2014",2,0,0,"3",-0.4,-0.4,"44","D",0,0,0,"D",0,"D",0,"D",0,"D",0,"D",0,"D",0,"D",0,"D",0,"D",0,"D",0,"D",0,"D",0,"D",0,"D",0,0,0,0,0,0,0,0,0,0,0,0,0,0,0,0,0,0,0,0,0,0,0,0,0,0,0,0,0,0,0,0,0,0,0,0,0,0,0
"03413312",1,"2015","2014",0,0.153,0.153,"1",0.15,0.15,"45","D",0.063,0.063,0,"D",0,"D",25000,"D",0,"D",-1761,"D",0,"D",0,"D",0,"D",0,"D",3900,"D",0,"D",0,"D",0,"D",0,"D",1492,731,1509.6,1479.6,737.64,726.59,3825,3825,23239,23239,23239.01,23239.01,0,0,0,0,0,0,0,0,23239,23239,0,0,1509.6,1479.6,1509.6,1479.6,0,0,0,0,0,0,0,0,0,0,0
"03413312",2,"2015","2014",1,0,0,"3",-0.34,-0.34,"45","D",0,0,0,"D",0,"D",0,"D",0,"D",0,"D",0,"D",0,"D",0,"D",0,"D",0,"D",0,"D",0,"D",0,"D",0,"D",0,0,0,0,0,0,0,0,0,0,0.01,0.01,0,0,0,0,0,0,0,0,0,0,0,0,0,0,0,0,0,0,0,0,0,0,0,0,0,0,0
"03413322",1,"2015","2014",2,0.0638,0.0638,"2",0.35,0.35,"44","D",0,0,0,"D",0,"D",60000,"D",228786,"D",-7905,"D",0,"D",0,"D",0,"D",0,"D",11000,"D",13226,"D",480,"D",2,"D",23756,"D",51961,0,52304.75,51714.75,0,0,30671.87,30857.87,280881,280881,0,0,0,0,0,0,96,96,0,0,257125,257125,4976.03,4637.53,47424.72,47173.22,47424.72,47173.22,0,0,0,0,0,0,0,0,0,0,0
"03413342",1,"2015","2014",0,0.153,0.153,"1",0.2339,0.2339,"33","D",0.0645,0.0645,0,"D",0,"D",57593,"D",0,"D",17,"D",0,"D",0,"D",0,"D",0,"D",2000,"D",195,"D",0,"D",0,"D",6836,"D",6270,2800,6312.39,6239.33,2804.46,2796.69,8811.73,8811.73,57610,57610,57610.01,57610.01,0,0,0,0,0,0,0,0,50774,50774,0,0,6312.39,6239.33,6312.39,6239.33,7800,7900,9031,9031,0,0,0,0,0,0,0
"03413352",1,"2015","2014",1,0.153,0.153,"3",-0.49,-0.49,"21","D",0,0,0,"D",0,"D",4160,"D",0,"D",0,"D",19200,"D",0,"D",0,"D",0,"D",3000,"D",800,"D",0,"D",1,"D",1728,"D",-1588,0,-1588.4,-1588.4,0,0,636.48,636.48,23360,23360,23360.01,23360.01,636,611,174,174,0,0,1414.4,1414.4,23360,23360,0,0,636,611,636,611,3504,3504,0,0,0,0,0,0,707.2,707.2,0
"03413392",1,"2015","2014",0,0,0,"1",0,0,"43","D",0,0,1,"D",1,"D",0,"D",0,"D",0,"D",338,"D",22042,"D",0,"D",0,"D",1000,"D",0,"D",0,"D",0,"D",3140,"D",0,0,0,0,0,0,0,0,338,338,0,0,0,0,0,0,0,0,0,0,338,338,0,0,0,0,0,0,0,0,0,0,0,0,0,0,0,0,0
"03413403",1,"2015","2014",0,0.153,0.153,"1",0.0765,0.0765,"10","D",0,0,0,"D",0,"D",10000,"D",0,"D",0,"D",0,"D",0,"D",0,"D",7200,"D",0,"D",0,"D",0,"D",0,"D",0,"D",-362,0,-351.41,-369.12,0,0,1530,1530,10000,10000,0,0,0,0,0,0,0,0,351.41,369.12,10000,10000,0,0,0,0,0,0,0,0,0,0,0,0,0,0,0,0,0
"03413432",1,"2015","2014",0,0.029,0.029,"1",0.2681,0.2681,"23","D",0.0425,0.0425,0,"D",0,"D",150000,"D",0,"D",200,"D",0,"D",0,"D",0,"D",0,"D",5000,"D",0,"D",0,"D",0,"D",1396,"D",30526,6214,30595.09,30476.59,6213.5,6213.5,18858,19044,150200,150200,150200.01,150200.01,0,0,0,0,0,0,0,0,148804,148804,0,0,30595.09,30476.59,30595.09,30476.59,0,0,0,0,0,0,0,0,0,0,0
"03413442",1,"2015","2014",0,0,0,"2",0.15,0.15,"23","D",0.035,0.035,1,"D",1,"D",0,"D",0,"D",7800,"D",15744,"D",22258,"D",0,"D",0,"D",1600,"D",459,"D",0,"D",0,"D",2256,"D",318,-270,338.05,303.05,-269.89,-269.89,0,0,24880.5,24880.5,7800.01,7800.01,0,0,0,0,0,0,0,0,24880.5,24880.5,0,0,338.05,303.05,338.05,303.05,0,0,0,0,269.89,269.89,0,0,0,0,0
"03413452",1,"2015","2014",0,0.153,0.153,"2",0.2775,0.2775,"38","D",0.0597,0.0597,2,"D",2,"D",10543,"D",25048,"D",0,"D",0,"D",26036,"D",0,"D",0,"D",4100,"D",970,"D",0,"D",0,"D",880,"D",2470,1463,2513.8,2438.8,1466.41,1459.71,5445.42,5445.42,45508.65,45508.65,35591.01,35591.01,0,0,0,0,0,0,0,0,45508.65,45508.65,0,0,2513.8,2438.8,2513.8,2438.8,6231.2,6289.91,7405.96,7399.83,0,0,0,0,0,0,0
"03413472",1,"2015","2014",0,0.153,0.153,"2",0.15,0.1365,"07","D",0.09,0.09,2,"D",1,"D",49090,"D",0,"D",3332,"D",0,"D",20717,"D",0,"D",0,"D",7700,"D",3860,"D",0,"D",0,"D",1200,"D",6196,1284,6305.6,6117.22,1284.11,1284.11,7510.77,7510.77,70031.45,70031.45,57601.26,57601.26,0,0,0,0,0,0,0,0,68831.45,70031.45,0,0,6305.6,6117.22,6305.6,6117.22,0,0,0,0,0,0,0,0,0,0,0
"03413482",1,"2015","2014",1,0.153,0.153,"3",0,0.1,"29","D",0,0,0,"D",0,"D",17000,"D",0,"D",0,"D",0,"D",0,"D",0,"D",9000,"D",0,"D",20,"D",0,"D",1,"D",0,"D",-4337,0,-4305,-4359,0,0,2601,2601,17000,17000,0,0,0,0,1000,1000,0,0,3305,3359,17000,17000,0,0,0,0,0,0,0,0,0,0,0,0,0,0,0,0,0
"03413482",2,"2015","2014",0,0.153,0.153,"1",0.15,0.15,"29","D",0,0,0,"D",0,"D",24329,"D",0,"D",0,"D",0,"D",0,"D",0,"D",0,"D",0,"D",0,"D",0,"D",0,"D",0,"D",1656,0,1673.1,1643.1,0,0,3722.34,3722.34,24329,24329,0,0,0,0,0,0,0,0,0,0,24329,24329,0,0,1673.1,1643.1,1673.1,1643.1,0,0,0,0,0,0,0,0,0,0,0
"03413492",1,"2015","2014",2,0.153,0.153,"2",0.2405,0.2398,"36","D",0.0381,0.0407,0,"D",0,"D",40000,"D",70000,"D",-720,"D",0,"D",0,"D",0,"D",0,"D",4500,"D",1808,"D",0,"D",2,"D",6888,"D",8917,3056,8990.28,8865.26,3172.87,2972.96,16830,16830,109280,109280,109280.01,109280.01,2000,2000,0,0,0,0,0,0,102392,102392,0,0,10990.28,10865.26,10990.28,10865.26,0,0,0,0,0,0,0,0,0,0,0
"03413502",1,"2015","2014",0,0.153,0.153,"2",0.2415,0.2415,"01","D",0.0341,0.0341,0,"D",0,"D",57327,"D",52890,"D",500,"D",0,"D",0,"D",0,"D",0,"D",540,"D",575,"D",0,"D",0,"D",8840,"D",13918,3691,14006.59,13854.7,3686.19,3693.79,16863.2,16863.2,110717,110717,110717.01,110717.01,0,0,0,0,0,0,0,0,101877,101877,0,0,14006.59,13854.7,14006.59,13854.7,4000,4000,18386.6,18386.6,0,0,0,0,0,0,0
"03413512",1,"2015","2014",1,0.153,0.153,"2",0.25,0.25,"0","T",0,0,0,"D",0,"D",107033,"D",0,"D",10,"D",0,"D",0,"D",0,"D",0,"D",5600,"D",880,"D",0,"D",0,"D",0,"D",12287,0,12410.75,12198.25,0,0,16376.05,16376.05,107043,107043,0,0,0,0,0,0,0,0,0,0,107043,107043,0,0,12410.75,12198.25,12410.75,12198.25,0,0,0,0,0,0,0,0,0,0,0
"03413512",2,"2015","2014",2,0.153,0.153,"2",0.15,0.15,"0","T",0,0,0,"D",0,"D",33874,"D",34263,"D",0,"D",0,"D",0,"D",0,"D",0,"D",0,"D",0,"D",0,"D",2,"D",0,"D",3039,0,3083.05,3008.05,0,0,10424.96,10424.96,68137,68137,0,0,2000,2000,0,0,0,0,0,0,68137,68137,0,0,5083.05,5008.05,5083.05,5008.05,0,0,0,0,0,0,0,0,0,0,0
"03413522",1,"2015","2014",7,0.153,0.153,"2",0.2842,0.2842,"45","D",0.063,0.063,0,"D",0,"D",71375,"D",65000,"D",0,"D",0,"D",0,"D",0,"D",0,"D",1400,"D",590,"D",0,"D",7,"D",15668,"D",5293,5564,5428.24,5197.2,5579.06,5553.22,20865.37,20865.37,136375,136375,136375.01,136375.01,5681.25,5681.25,0,0,0,0,0,0,120707,120707,0,0,11109.49,10878.45,11109.49,10878.45,0,0,0,0,0,0,0,0,0,0,0
"03413542",1,"2015","2014",0,0.153,0.153,"2",0.2486,0.2486,"44","D",0,0,0,"D",0,"D",60000,"D",67000,"D",-500,"D",0,"D",0,"D",0,"D",400,"D",5300,"D",0,"D",0,"D",0,"D",13400,"D",16298,0,16385.99,16235.99,0,0,19431,19431,126500,126500,0,0,0,0,0,0,0,0,0,0,113100,113100,0,0,16385.99,16235.99,16385.99,16235.99,0,0,0,0,0,0,0,0,0,0,0
"03413542",2,"2015","2014",0,0.153,0.153,"2",0.15,0.25,"44","D",0,0,0,"D",0,"D",10000,"D",85000,"D",0,"D",0,"D",0,"D",0,"D",0,"D",0,"D",0,"D",0,"D",0,"D",0,"D",10300,0,10387.5,10237.5,0,0,14535,14535,95000,95000,0,0,0,0,0,0,0,0,0,0,95000,95000,0,0,10387.5,10237.5,10387.5,10237.5,0,0,0,0,0,0,0,0,0,0,0
"03413542",3,"2015","2014",1,0,0,"3",-0.34,-0.34,"44","D",0,0,0,"D",0,"D",0,"D",0,"D",0,"D",0,"D",0,"D",0,"D",0,"D",0,"D",0,"D",0,"D",0,"D",0,"D",0,0,0,0,0,0,0,0,0,0,0,0,0,0,0,0,0,0,0,0,0,0,0,0,0,0,0,0,0,0,0,0,0,0,0,0,0,0,0
"03413562",1,"2015","2014",0,0.038,0.038,"2",0.3682,0.3682,"38","D",0.1002,0.1002,0,"D",0,"D",469961,"D",469961,"D",25000,"D",0,"D",0,"D",0,"D",0,"D",16180,"D",300,"D",0,"D",0,"D",108720,"D",255514,80906,256029.12,255145.33,80921.77,80894.37,62483.03,62855.03,964922,964922,964922.01,964922.01,0,0,0,0,0,0,0,0,856202,856202,0,0,255079.12,254195.33,255079.12,254195.33,4231.2,4289.91,113786.43,113882.45,0,0,0,0,0,0,0
"03413582",1,"2015","2014",3,0.153,0.153,"2",0.2856,0.2856,"47","D",0.0575,0.0575,0,"D",0,"D",42600,"D",85000,"D",11000,"D",0,"D",0,"D",0,"D",0,"D",2000,"D",420,"D",0,"D",3,"D",18748,"D",12961,5970,13070.51,12883.01,5969.97,5969.97,19522.8,19522.8,138600,138600,138600.01,138600.01,1570,1570,0,0,0,0,0,0,119852,119852,0,0,14640.51,14453.01,14640.51,14453.01,6000,6000,21168,21168,0,0,0,0,0,0,0
"03413612",1,"2015","2014",0,0,0,"1",0,0,"05","D",0,0,1,"D",1,"D",0,"D",0,"D",0,"D",0,"D",4222,"D",0,"D",11616,"D",0,"D",0,"D",0,"D",0,"D",0,"D",0,0,0,0,0,0,0,0,0,0,0.01,0.01,0,0,0,0,0,0,0,0,0,0,0,0,0,0,0,0,3992,4044,0,0,0,0,0,0,0,0,0
"03413642",1,"2015","2014",1,0,0,"3",-0.34,-0.34,"23","D",-0.0029,-0.0029,0,"D",0,"D",0,"D",0,"D",0,"D",1250,"D",2278,"D",0,"D",0,"D",0,"D",100,"D",0,"D",0,"D",0,"D",0,-241,0,0,-241.24,-241.24,0,0,1250,1250,1250.01,1250.01,0,0,0,0,0,0,0,0,1250,1250,0,0,0,0,0,0,0,0,0,0,0,0,0,0,0,0,0
"03413652",1,"2015","2014",3,0.153,0.153,"2",0.2106,0.2106,"0","T",0,0,0,"D",0,"D",0,"D",23129,"D",375,"D",1824,"D",0,"D",0,"D",0,"D",830,"D",800,"D",0,"D",1,"D",6348,"D",-6813,0,-6707.48,-6888.61,0,0,3538.74,3538.74,25328,25328,0,0,0,0,1000,1000,0,0,5707.48,5888.61,25328,25328,0,0,0,0,0,0,0,0,0,0,0,0,0,0,0,0,0
"03413652",3,"2015","2014",0,0.153,0.153,"1",0.0765,0.0765,"0","T",0,0,0,"D",0,"D",8483,"D",0,"D",0,"D",0,"D",0,"D",0,"D",0,"D",0,"D",0,"D",0,"D",0,"D",0,"D",-478,0,-467.47,-485.18,0,0,1297.9,1297.9,8483,8483,0,0,0,0,0,0,0,0,467.47,485.18,8483,8483,0,0,0,0,0,0,0,0,0,0,0,0,0,0,0,0,0
"03413692",1,"2015","2014",1,0.153,0.153,"2",0.141,0.141,"11","D",0.06,0.06,0,"D",0,"D",18000,"D",50000,"D",-2400,"D",0,"D",0,"D",0,"D",0,"D",0,"D",45,"D",0,"D",1,"D",8592,"D",4458,2534,4479.38,4441.88,2533.78,2533.78,10404,10404,65600,65600,65600.01,65600.01,1000,1000,0,0,0,0,0,0,57008,57008,0,0,5479.38,5441.88,5479.38,5441.88,3000,3000,8637,8637,0,0,0,0,0,0,0
"03413722",1,"2015","2014",0,0.153,0.153,"2",0.15,0.15,"23","D",0.0425,0.0425,0,"D",0,"D",34439,"D",35601,"D",-5546,"D",0,"D",0,"D",0,"D",0,"D",1500,"D",0,"D",0,"D",0,"D",72,"D",5687,2401,5721.6,5661.6,2401,2401,10716.12,10716.12,64494,64494,64494.01,64494.01,0,0,0,0,0,0,0,0,64494,64494,0,0,5721.6,5661.6,5721.6,5661.6,0,0,0,0,0,0,0,0,0,0,0
"03413722",2,"2015","2014",0,0.153,0.153,"1",0.1,0.1,"23","D",0.0425,0.0425,0,"D",0,"D",18005,"D",0,"D",0,"D",0,"D",0,"D",0,"D",0,"D",0,"D",0,"D",0,"D",0,"D",0,"D",777,595,785.5,770.5,595.21,595.21,2754.76,2754.76,18005,18005,18005.01,18005.01,0,0,0,0,0,0,0,0,18005,18005,0,0,785.5,770.5,785.5,770.5,0,0,0,0,0,0,0,0,0,0,0
"03413722",3,"2015","2014",1,0,0,"3",-0.34,-0.34,"23","D",-0.0029,-0.0029,0,"D",0,"D",0,"D",0,"D",0,"D",0,"D",0,"D",0,"D",0,"D",0,"D",0,"D",0,"D",0,"D",0,"D",0,-303,0,0,-302.98,-302.98,0,0,0,0,0.01,0.01,0,0,0,0,0,0,0,0,0,0,0,0,0,0,0,0,0,0,0,0,0,0,0,0,0,0,0
"03413732",1,"2015","2014",1,0.153,0.153,"3",0.15,0.15,"36","D",0.0346,0.037,0,"D",0,"D",59000,"D",0,"D",-5500,"D",0,"D",0,"D",0,"D",0,"D",2000,"D",110,"D",0,"D",1,"D",5280,"D",3800,1236,3827.5,3780,1283.35,1202.45,9027,9027,53500,53500,53500.01,53500.01,1000,1000,0,0,0,0,0,0,53500,53500,0,0,4827.5,4780,4827.5,4780,0,0,0,0,0,0,0,0,0,0,0
"03413762",1,"2015","2014",0,0,0,"1",0,0,"22","D",0,0,1,"D",1,"D",0,"D",0,"D",2,"D",0,"D",19414,"D",0,"D",0,"D",2500,"D",248,"D",0,"D",0,"D",480,"D",0,0,0,0,0,0,0,0,2,2,2.01,2.01,0,0,0,0,0,0,0,0,2,2,0,0,0,0,0,0,0,0,0,0,0,0,0,0,0,0,0
"03413792",1,"2015","2014",2,0.038,0.038,"3",0.28,0.28,"34","D",0.0575,0.058,0,"D",0,"D",469961,"D",0,"D",-6000,"D",0,"D",0,"D",0,"D",0,"D",2200,"D",0,"D",0,"D",2,"D",14280,"D",122227,25823,122260.68,122202.68,25953.9,25730.16,30566.52,30752.52,463961,463961,463961.01,463961.01,0,0,0,0,0,0,0,0,449681,449681,636.93,988.82,121623.75,121213.86,121623.75,121213.86,12000,12000,16480,16480,0,0,0,0,0,0,0
"03413802",1,"2015","2014",2,0.153,0.153,"3",0.3606,0.3606,"14","D",0.0586,0.0711,0,"D",0,"D",40032,"D",0,"D",0,"D",0,"D",0,"D",0,"D",10356,"D",0,"D",3814,"D",0,"D",0,"D",0,"D",1308,1348,1430.54,1220.15,1604.42,1165.36,6124.9,6124.9,40032,40032,40032.01,40032.01,0,0,0,0,0,0,784.26,939.65,40032,40032,0,0,2214.8,2159.8,2214.8,2159.8,0,0,0,0,0,0,0,0,78.43,93.96,0
"03413802",3,"2015","2014",2,0,0,"3",-0.4,-0.4,"14","D",-0.04,-0.04,0,"D",0,"D",0,"D",0,"D",0,"D",0,"D",0,"D",0,"D",0,"D",0,"D",0,"D",0,"D",0,"D",0,"D",0,0,0,0,0,0,0,0,0,0,0.01,0.01,0,0,0,0,0,0,0,0,0,0,0,0,0,0,0,0,0,0,0,0,0,0,0,0,0,0,0
"03413812",1,"2015","2014",0,0.029,0.029,"1",0.2786,0.2786,"44","D",0,0,0,"D",0,"D",120000,"D",0,"D",0,"D",0,"D",0,"D",0,"D",0,"D",1300,"D",130,"D",0,"D",0,"D",6108,"D",23198,0,23266.82,23148.32,0,0,17988,18174,120000,120000,0,0,0,0,0,0,0,0,0,0,113892,113892,0,0,23266.82,23148.32,23266.82,23148.32,0,0,0,0,0,0,0,0,0,0,0
"03413812",2,"2015","2014",0,0.153,0.153,"1",0.15,0.15,"44","D",0,0,0,"D",0,"D",35471,"D",0,"D",0,"D",0,"D",0,"D",0,"D",0,"D",0,"D",0,"D",0,"D",0,"D",0,"D",3327,0,3344.4,3314.4,0,0,5427.06,5427.06,35471,35471,0,0,0,0,0,0,0,0,0,0,35471,35471,0,0,3344.4,3314.4,3344.4,3314.4,0,0,0,0,0,0,0,0,0,0,0
"03413812",3,"2015","2014",2,0,0,"3",-0.4,-0.4,"44","D",0,0,0,"D",0,"D",0,"D",0,"D",0,"D",0,"D",0,"D",0,"D",0,"D",0,"D",0,"D",0,"D",1,"D",0,"D",0,0,0,0,0,0,0,0,0,0,0,0,0,0,0,0,0,0,0,0,0,0,0,0,0,0,0,0,0,0,0,0,0,0,0,0,0,0,0
"03413812",4,"2015","2014",2,0,0,"3",-0.4,-0.4,"44","D",0,0,0,"D",0,"D",0,"D",0,"D",0,"D",0,"D",0,"D",0,"D",0,"D",0,"D",0,"D",0,"D",1,"D",0,"D",0,0,0,0,0,0,0,0,0,0,0,0,0,0,0,0,0,0,0,0,0,0,0,0,0,0,0,0,0,0,0,0,0,0,0,0,0,0,0
"03413832",1,"2015","2014",0,0,0,"1",0.175,0.175,"10","D",0,0,1,"D",1,"D",0,"D",0,"D",14614,"D",0,"D",0,"D",0,"D",0,"D",660,"D",1,"D",0,"D",0,"D",1812,"D",66,0,74.95,59.95,0,0,0,0,14614,14614,0,0,0,0,0,0,0,0,0,0,14614,14614,0,0,291.4,276.4,291.4,276.4,0,0,0,0,0,0,0,0,0,0,0
"03413842",1,"2015","2014",0,0.153,0.153,"1",0,0,"05","D",0,0,1,"D",1,"D",38534,"D",0,"D",-28600,"D",0,"D",20662,"D",0,"D",20340,"D",1200,"D",399,"D",0,"D",0,"D",3232,"D",0,0,0,0,0,0,5895.7,5895.7,9934,9934,9934.01,9934.01,0,0,0,0,0,0,0,0,9934,9934,0,0,0,0,0,0,3992,4044,4831,4831,0,0,0,0,0,0,0
"03413852",1,"2015","2014",1,0.153,0.153,"2",0.2829,0.2829,"28","D",0.0684,0.0684,0,"D",0,"D",75000,"D",45816,"D",-2588,"D",0,"D",0,"D",0,"D",0,"D",3100,"D",394,"D",2240,"D",1,"D",9256,"D",12757,4923,12847.33,12692.98,4942.3,4909.66,18484.85,18484.85,118228,118228,118228.01,118228.01,588.6,588.6,0,0,448,448,0,0,108972,108972,0,0,13883.93,13729.58,13883.93,13729.58,0,0,12750,12750,0,0,112,112,0,0,0
"03413872",1,"2015","2014",0,0,0,"1",0,0,"39","D",0,0,1,"D",1,"D",0,"D",0,"D",0,"D",0,"D",10990,"D",0,"D",7200,"D",0,"D",0,"D",0,"D",0,"D",0,"D",0,0,0,0,0,0,0,0,0,0,0.01,0.01,0,0,0,0,0,0,0,0,0,0,0,0,0,0,0,0,0,0,0,0,0,0,0,0,0,0,0
"03413892",1,"2015","2014",3,0.153,0.153,"2",0.15,0.15,"0","T",0,0,0,"D",0,"D",0,"D",61581,"D",0,"D",0,"D",0,"D",0,"D",0,"D",1500,"D",0,"D",0,"D",3,"D",16604,"D",-379,0,-348.45,-400.95,0,0,9421.89,9421.89,61581,61581,0,0,2651.55,2599.05,348.45,400.95,0,0,0,0,44977,44977,0,0,2651.55,2599.05,2651.55,2599.05,0,0,0,0,0,0,0,0,0,0,0
"03413942",1,"2015","2014",0,0.153,0.153,"1",0.28,0.28,"48","D",0,0,0,"D",0,"D",110000,"D",0,"D",0,"D",0,"D",0,"D",0,"D",18600,"D",0,"D",0,"D",0,"D",0,"D",0,"D",21048,0,21133.75,20987.25,0,0,16830,16830,110000,110000,0,0,0,0,0,0,0,0,0,0,110000,110000,0,0,21133.75,20987.25,21133.75,20987.25,0,0,0,0,0,0,0,0,0,0,0
"03413972",1,"2015","2014",2,0,0,"2",0.15,0.15,"23","D",0.1407,0.1407,0,"D",0,"D",0,"D",0,"D",1080,"D",44000,"D",12622,"D",0,"D",0,"D",3500,"D",0,"D",0,"D",1,"D",5916,"D",2190,928,2233.81,2158.81,928.28,928.28,0,0,55808.7,55808.7,45080.01,45080.01,1000,1000,0,0,0,0,0,0,55808.7,55808.7,0,0,3233.81,3158.81,3233.81,3158.81,0,0,0,0,307.62,307.62,0,0,0,0,0
"03413992",1,"2015","2014",3,0,0,"3",-0.45,-0.45,"21","D",-0.1148,-0.1125,0,"D",0,"D",0,"D",0,"D",1000,"D",1150,"D",0,"D",0,"D",0,"D",3700,"D",215,"D",0,"D",0,"D",78,"D",0,0,0,0,0,0,0,0,2150,2150,2150.01,2150.01,0,0,0,0,0,0,0,0,2150,2150,0,0,0,0,0,0,3000,3000,0,0,0,0,0,0,0,0,0
"03414032",1,"2015","2014",0,0,0,"1",0.15,0.15,"18","D",0.058,0.058,0,"D",0,"D",0,"D",0,"D",22000,"D",0,"D",0,"D",0,"D",6660,"D",0,"D",0,"D",0,"D",0,"D",0,"D",1306,941,1323.75,1293.75,942.8,940.48,0,0,22000,22000,22000.01,22000.01,0,0,0,0,0,0,0,0,22000,22000,0,0,1323.75,1293.75,1323.75,1293.75,2400,2440,0,0,0,0,0,0,0,0,0
"03414042",1,"2015","2014",0,0.153,0.153,"2",0.25,0.25,"38","D",0.09,0.09,0,"D",0,"D",70000,"D",66500,"D",-5498,"D",0,"D",0,"D",0,"D",11760,"D",0,"D",58,"D",0,"D",0,"D",0,"D",19271,9977,19388,19188,9993.87,9965.59,20884.5,20884.5,131002,131002,131002.01,131002.01,0,0,0,0,0,0,0,0,131002,131002,0,0,19388,19188,19388,19188,4231.2,4289.91,58,58,0,0,0,0,0,0,0
"03414052",1,"2015","2014",0,0.153,0.153,"2",0.1,0.1,"0","T",0,0,0,"D",0,"D",1191,"D",34415,"D",0,"D",0,"D",0,"D",0,"D",0,"D",80,"D",0,"D",0,"D",0,"D",0,"D",1513,0,1530.6,1500.6,0,0,5447.72,5447.72,35606,35606,0,0,0,0,0,0,0,0,0,0,35606,35606,0,0,1530.6,1500.6,1530.6,1500.6,0,0,0,0,0,0,0,0,0,0,0
"03414072",1,"2015","2014",0,0.062,0.062,"2",0.325,0.325,"01","D",0.033,0.033,0,"D",0,"D",228786,"D",54973,"D",-10500,"D",0,"D",0,"D",0,"D",0,"D",1000,"D",38144,"D",0,"D",0,"D",38824,"D",44385,6654,44672.88,44178.88,6643.11,6662.07,29857.49,30043.49,273259,273259,273259.01,273259.01,0,0,0,0,0,0,0,0,234435,234435,6816.47,6551.28,37856.41,37627.6,37856.41,37627.6,4000,4000,91123.93,91238.68,0,0,0,0,0,0,0
"03414092",1,"2015","2014",1,0.153,0.153,"2",0.1414,0.1413,"34","D",0.0575,0.058,0,"D",0,"D",58258,"D",17480,"D",22781,"D",0,"D",0,"D",0,"D",0,"D",4000,"D",2272,"D",0,"D",0,"D",8200,"D",9177,4820,9195.43,9164.2,4844.1,4802.34,11587.91,11587.91,98519,98519,98519.01,98519.01,0,0,0,0,0,0,0,0,90319,90319,0,0,9195.43,9164.2,9195.43,9164.2,15000,15000,12200,12200,0,0,0,0,0,0,0
"03414102",1,"2015","2014",0,0.153,0.153,"2",0.1,0.1,"45","D",0.063,0.063,0,"D",0,"D",0,"D",12000,"D",1540,"D",24400,"D",0,"D",0,"D",0,"D",840,"D",270,"D",0,"D",0,"D",0,"D",1747,925,1764,1734,937.38,915.3,1836,1836,37940,37940,37940.01,37940.01,0,0,0,0,0,0,0,0,37940,37940,0,0,1764,1734,1764,1734,0,0,0,0,0,0,0,0,0,0,0
"03414122",1,"2015","2014",2,0.153,0.153,"3",0,0.2106,"10","D",0,0,0,"D",0,"D",18000,"D",0,"D",0,"D",0,"D",0,"D",0,"D",12504,"D",0,"D",0,"D",0,"D",2,"D",0,"D",-7496,0,-7424.2,-7548,0,0,2754,2754,18000,18000,0,0,0,0,2000,2000,0,0,5424.2,5548,18000,18000,0,0,0,0,0,0,0,0,0,0,0,0,0,0,0,0,0
"03414122",2,"2015","2014",0,0,0,"1",-0.0765,-0.0765,"10","D",0,0,0,"D",0,"D",0,"D",0,"D",0,"D",0,"D",0,"D",0,"D",0,"D",0,"D",0,"D",0,"D",0,"D",0,"D",0,0,0,0,0,0,0,0,0,0,0,0,0,0,0,0,0,0,0,0,0,0,0,0,0,0,0,0,0,0,0,0,0,0,0,0,0,0,0
"03414132",1,"2015","2014",0,0.153,0.153,"2",0.225,0.225,"17","D",0.027,0.027,0,"D",0,"D",32823,"D",4000,"D",-2735,"D",0,"D",18262,"D",0,"D",0,"D",2100,"D",10,"D",0,"D",0,"D",200,"D",1967,670,2002.13,1942.13,670.22,670.22,5633.92,5633.92,39697.5,39697.5,36823.01,36823.01,0,0,0,0,0,0,0,0,39697.5,39697.5,0,0,2002.13,1942.13,2002.13,1942.13,7500,7500,0,0,0,0,0,0,0,0,0
"03414152",1,"2015","2014",1,0.153,0.153,"3",-0.34,-0.34,"44","D",0,0,0,"D",0,"D",480,"D",0,"D",0,"D",0,"D",0,"D",0,"D",10200,"D",0,"D",0,"D",0,"D",1,"D",360,"D",-163,0,-163.2,-163.2,0,0,73.44,73.44,480,480,0,0,0,0,0,0,0,0,163.2,163.2,480,480,0,0,0,0,0,0,0,0,0,0,0,0,0,0,0,0,0
"03414162",1,"2015","2014",0,0.029,0.029,"1",0.254,0.254,"05","D",0.093,0.093,0,"D",0,"D",120000,"D",0,"D",0,"D",0,"D",0,"D",0,"D",0,"D",4500,"D",0,"D",0,"D",0,"D",2172,"D",21515,7921,21578.31,21469.15,7940.3,7906.94,17988,18174,120000,120000,120000.01,120000.01,0,0,0,0,0,0,0,0,117828,117828,0,0,21578.31,21469.15,21578.31,21469.15,3992,4044,6672,6672,0,0,0,0,0,0,0
"03414162",2,"2015","2014",0,0.153,0.153,"1",0.25,0.25,"05","D",0.093,0.093,0,"D",0,"D",80000,"D",0,"D",0,"D",0,"D",0,"D",0,"D",0,"D",0,"D",0,"D",0,"D",0,"D",0,"D",13260,4447,13318.75,13218.75,4469.54,4431.34,12240,12240,80000,80000,80000.01,80000.01,0,0,0,0,0,0,0,0,80000,80000,0,0,13318.75,13218.75,13318.75,13218.75,3992,4044,0,0,0,0,0,0,0,0,0
"03414172",1,"2015","2014",0,0.153,0.153,"1",0.1765,0.1765,"31","D",0.0369,0.0293,0,"D",0,"D",11703,"D",0,"D",0,"D",0,"D",0,"D",0,"D",9300,"D",0,"D",200,"D",0,"D",0,"D",0,"D",-85,-60,-65.84,-98.55,-44.39,-71.81,1790.56,1790.56,11703,11703,11703.01,11703.01,0,0,0,0,0,0,221.14,238.85,11703,11703,0,0,155.3,140.3,155.3,140.3,0,0,0,0,0,0,0,0,44.23,71.65,0
"03414212",1,"2015","2014",2,0,0,"3",0,0,"0","T",0,0,0,"D",0,"D",0,"D",0,"D",8000,"D",12360,"D",0,"D",0,"D",0,"D",600,"D",210,"D",0,"D",0,"D",4108,"D",0,0,0,0,0,0,0,0,20360,20360,0,0,0,0,0,0,0,0,0,0,20360,20360,0,0,0,0,0,0,0,0,0,0,0,0,0,0,0,0,0
"03414232",1,"2015","2014",0,0.153,0.153,"1",0.25,0.25,"36","D",0.0346,0.037,0,"D",0,"D",58043,"D",0,"D",0,"D",0,"D",0,"D",0,"D",9984,"D",0,"D",12,"D",0,"D",0,"D",0,"D",7771,1467,7829.5,7729.5,1523.46,1427.43,8880.58,8880.58,58043,58043,58043.01,58043.01,0,0,0,0,0,0,0,0,58043,58043,0,0,7829.5,7729.5,7829.5,7729.5,0,0,0,0,0,0,0,0,0,0,0
"03414242",1,"2015","2014",0,0,0,"1",0.2775,0.2775,"01","D",0.0323,0.0323,1,"D",1,"D",0,"D",0,"D",30000,"D",0,"D",18742,"D",0,"D",0,"D",2900,"D",200,"D",0,"D",0,"D",0,"D",3634,1048,3651.05,3621.05,1047.45,1048.95,0,0,39065.35,39065.35,30000.01,30000.01,0,0,0,0,0,0,0,0,39065.35,39065.35,0,0,3651.05,3621.05,3651.05,3621.05,2000,2000,3100,3100,0,0,0,0,0,0,0
"03414272",1,"2015","2014",0,0.153,0.153,"1",0.1,0.1,"02","D",0,0,0,"D",0,"D",15000,"D",0,"D",0,"D",0,"D",0,"D",0,"D",12900,"D",0,"D",202,"D",0,"D",0,"D",0,"D",476,0,485,470,0,0,2295,2295,15000,15000,0,0,0,0,0,0,0,0,0,0,15000,15000,0,0,485,470,485,470,0,0,0,0,0,0,0,0,0,0,0
"03414272",2,"2015","2014",0,0.153,0.153,"1",0.15,0.15,"02","D",0,0,0,"D",0,"D",33502,"D",0,"D",0,"D",0,"D",0,"D",0,"D",0,"D",0,"D",0,"D",0,"D",0,"D",0,"D",3032,0,3049.05,3019.05,0,0,5125.81,5125.81,33502,33502,0,0,0,0,0,0,0,0,0,0,33502,33502,0,0,3049.05,3019.05,3049.05,3019.05,0,0,0,0,0,0,0,0,0,0,0
"03414282",1,"2015","2014",2,0,0,"3",-0.4,-0.4,"41","D",0,0,0,"D",0,"D",0,"D",0,"D",0,"D",0,"D",0,"D",0,"D",0,"D",0,"D",30,"D",0,"D",0,"D",4892,"D",0,0,0,0,0,0,0,0,0,0,0,0,0,0,0,0,0,0,0,0,0,0,0,0,0,0,0,0,0,0,0,0,0,0,0,0,0,0,0
"03414302",1,"2015","2014",0,0.153,0.153,"2",0.15,0.15,"34","D",0.0575,0.058,0,"D",0,"D",46000,"D",42000,"D",-1997,"D",0,"D",0,"D",0,"D",0,"D",700,"D",4,"D",0,"D",0,"D",6004,"D",8913,4097,8947.95,8887.95,4118.17,4082.67,13464,13464,86003,86003,86003.01,86003.01,0,0,0,0,0,0,0,0,86003,86003,0,0,8947.95,8887.95,8947.95,8887.95,15000,15000,6704,6704,0,0,0,0,0,0,0
"03414302",2,"2015","2014",0,0.153,0.153,"1",0,0,"34","D",0,0,0,"D",0,"D",6782,"D",0,"D",0,"D",0,"D",0,"D",0,"D",0,"D",0,"D",0,"D",0,"D",0,"D",0,"D",-500,0,-496,-503,0,0,1037.65,1037.65,6782,6782,6782.01,6782.01,0,0,0,0,0,0,496,503,6782,6782,0,0,0,0,0,0,7500,7500,0,0,0,0,0,0,0,0,0
"03414332",1,"2015","2014",0,0.153,0.153,"2",0.15,0.15,"0","T",0,0,0,"D",0,"D",12253,"D",29754,"D",0,"D",0,"D",0,"D",0,"D",4800,"D",0,"D",0,"D",0,"D",0,"D",0,"D",2314,0,2348.55,2288.55,0,0,6427.07,6427.07,42007,42007,0,0,0,0,0,0,0,0,0,0,42007,42007,0,0,2348.55,2288.55,2348.55,2288.55,0,0,0,0,0,0,0,0,0,0,0
"03414352",1,"2015","2014",0,0.153,0.153,"2",0.15,0.15,"15","D",0.033,0.034,1,"D",1,"D",15930,"D",33257,"D",0,"D",0,"D",0,"D",0,"D",0,"D",1800,"D",650,"D",0,"D",0,"D",0,"D",3206,1483,3245.55,3178.05,1509.16,1464.77,7525.61,7525.61,49187,49187,49187.01,49187.01,0,0,0,0,0,0,0,0,49187,49187,0,0,3245.55,3178.05,3245.55,3178.05,0,0,0,0,0,0,0,0,0,0,0
"03414352",2,"2015","2014",0,0.153,0.153,"1",0.1,0.1,"15","D",0.033,0.034,0,"D",0,"D",17380,"D",0,"D",0,"D",0,"D",0,"D",0,"D",0,"D",0,"D",0,"D",0,"D",0,"D",0,"D",714,547,723,708,556.92,540.54,2659.14,2659.14,17380,17380,17380.01,17380.01,0,0,0,0,0,0,0,0,17380,17380,0,0,723,708,723,708,0,0,0,0,0,0,0,0,0,0,0
"03414362",1,"2015","2014",0,0.153,0.153,"1",0.2343,0.2346,"38","D",0.0633,0.0634,1,"D",1,"D",23976,"D",0,"D",22662,"D",14566,"D",4162,"D",0,"D",0,"D",4100,"D",6204,"D",0,"D",0,"D",8120,"D",5741,2668,5784.42,5709.33,2668.65,2668.37,3668.33,3668.33,64741.7,64741.7,61204.01,61204.01,0,0,0,0,0,0,0,0,56621.7,56621.7,0,0,5784.42,5709.33,5784.42,5709.33,3315.6,3344.96,21079.04,21079.4,0,0,0,0,0,0,0
"03414372",1,"2015","2014",2,0.0322,0.0322,"2",0.388,0.388,"36","D",0.0439,0.0472,0,"D",0,"D",6000,"D",228786,"D",49953,"D",0,"D",0,"D",0,"D",0,"D",9150,"D",35765,"D",600,"D",2,"D",36200,"D",50252,11194,50595.73,50005.73,11620.73,10888.68,22060.79,22246.79,284739,284739,284739.01,284739.01,0,0,0,0,120,120,0,0,248539,248539,12811.73,12268.26,36583.92,36537.39,36583.92,36537.39,0,0,0,0,0,0,0,0,0,0,0
"03414382",1,"2015","2014",0,0.153,0.153,"1",0.1765,0.1765,"31","D",0.037,0.0293,0,"D",0,"D",12778,"D",0,"D",0,"D",0,"D",0,"D",0,"D",5436,"D",0,"D",0,"D",0,"D",0,"D",0,"D",105,-24,123.9,91.19,-12.89,-32.09,1955.03,1955.03,12778,12778,12778.01,12778.01,0,0,0,0,0,0,138.9,156.61,12778,12778,0,0,262.8,247.8,262.8,247.8,0,0,0,0,0,0,0,0,27.78,46.98,0
"03414392",1,"2015","2014",0,0.0553,0.0553,"2",0.25,0.25,"21","D",0.0525,0.0525,0,"D",0,"D",120000,"D",32296,"D",0,"D",0,"D",0,"D",0,"D",0,"D",4000,"D",217,"D",0,"D",0,"D",0,"D",24595,6940,24711.5,24511.5,6939.54,6939.54,22929.29,23115.29,152296,152296,151096.01,151096.01,0,0,0,0,0,0,0,0,152296,152296,0,0,24711.5,24511.5,24711.5,24511.5,4000,4000,0,0,0,0,0,0,0,0,0
"03414412",1,"2015","2014",1,0.153,0.153,"3",0.15,0.15,"17","D",0.046,0.048,0,"D",0,"D",36951,"D",0,"D",27000,"D",0,"D",0,"D",0,"D",0,"D",1700,"D",95,"D",0,"D",0,"D",5228,"D",6367,859,6395.15,6347.65,870.65,851.25,5653.5,5653.5,63951,63951,36951.01,36951.01,0,0,0,0,0,0,0,0,63951,63951,0,0,6395.15,6347.65,6395.15,6347.65,5500,5500,0,0,0,0,0,0,0,0,0
"03414442",1,"2015","2014",1,0.153,0.153,"2",0.25,0.25,"25","D",0.05,0.05,0,"D",0,"D",60000,"D",50000,"D",-450,"D",0,"D",0,"D",0,"D",0,"D",3200,"D",140,"D",920,"D",1,"D",3928,"D",11730,4139,11853.5,11641,4139.1,4139.1,16830,16830,109550,109550,109550.01,109550.01,1000,1000,0,0,184,184,0,0,109550,109550,0,0,13037.5,12825,13037.5,12825,4600,4600,7268,7268,0,0,0,0,0,0,0
"03414452",1,"2015","2014",0,0.153,0.153,"1",0.15,0.15,"39","D",0.0307,0.0307,0,"D",0,"D",40000,"D",0,"D",0,"D",0,"D",0,"D",0,"D",0,"D",3100,"D",0,"D",0,"D",0,"D",1800,"D",4006,1228,4023.75,3993.75,1228,1228,6120,6120,40000,40000,40000.01,40000.01,0,0,0,0,0,0,0,0,40000,40000,0,0,4023.75,3993.75,4023.75,3993.75,0,0,0,0,0,0,0,0,0,0,0
"03414462",1,"2015","2014",0,0.153,0.153,"2",0.2775,0.2775,"34","D",0.0575,0.058,2,"D",1,"D",11700,"D",25000,"D",0,"D",0,"D",15980,"D",0,"D",0,"D",950,"D",60,"D",0,"D",0,"D",6348,"D",2212,1252,2360.48,2105.48,1258.6,1247.75,5615.1,5615.1,43286.5,43286.5,36700.01,36700.01,0,0,0,0,0,0,0,0,43286.5,43286.5,0,0,2360.48,2105.48,2360.48,2105.48,15000,15000,7298,7298,0,0,0,0,0,0,0
"03414472",1,"2015","2014",2,0,0,"3",-0.4,-0.4,"39","D",0,0,1,"D",1,"D",0,"D",0,"D",0,"D",0,"D",10390,"D",0,"D",4904,"D",0,"D",54,"D",0,"D",0,"D",0,"D",0,0,0,0,0,0,0,0,0,0,0.01,0.01,0,0,0,0,0,0,0,0,0,0,0,0,0,0,0,0,0,0,0,0,0,0,0,0,0,0,0
"03414502",1,"2015","2014",0,0.153,0.153,"1",0.1,0.1,"36","D",0.0198,0.0211,1,"D",1,"D",13216,"D",0,"D",0,"D",0,"D",21008,"D",0,"D",0,"D",3000,"D",75,"D",0,"D",0,"D",0,"D",143,22,151.6,136.6,25.44,19.42,2022.05,2022.05,13216,13216,13216.01,13216.01,0,0,0,0,0,0,0,0,13216,13216,0,0,151.6,136.6,151.6,136.6,0,0,0,0,0,0,0,0,0,0,0
"03414542",1,"2015","2014",0,0.153,0.153,"1",0.2324,0.2324,"50","D",0.0702,0.0702,0,"D",0,"D",50000,"D",0,"D",0,"D",0,"D",0,"D",0,"D",0,"D",1800,"D",1974,"D",0,"D",0,"D",1580,"D",5436,2202,5477.22,5406.6,2212.12,2194.6,7650,7650,50000,50000,50000.01,50000.01,0,0,0,0,0,0,0,0,48420,48420,0,0,5477.22,5406.6,5477.22,5406.6,5844,6043.65,1580,1580,0,0,0,0,0,0,0
"03414552",1,"2015","2014",0,0.153,0.153,"1",0.15,0.15,"0","T",0,0,0,"D",0,"D",36570,"D",0,"D",0,"D",0,"D",0,"D",0,"D",4140,"D",0,"D",10,"D",0,"D",0,"D",0,"D",3492,0,3509.25,3479.25,0,0,5595.21,5595.21,36570,36570,0,0,0,0,0,0,0,0,0,0,36570,36570,0,0,3509.25,3479.25,3509.25,3479.25,0,0,0,0,0,0,0,0,0,0,0
"03414562",1,"2015","2014",2,0.153,0.153,"2",0.15,0.15,"05","D",0.06,0.06,0,"D",0,"D",69428,"D",0,"D",0,"D",0,"D",0,"D",0,"D",20400,"D",0,"D",0,"D",0,"D",2,"D",0,"D",3233,610,3276.7,3201.7,634.92,592.06,10622.48,10622.48,69428,69428,69428.01,69428.01,2000,2000,0,0,0,0,0,0,69428,69428,0,0,5276.7,5201.7,5276.7,5201.7,7984,8088,0,0,0,0,0,0,0,0,0
"03414572",1,"2015","2014",0,0.153,0.153,"2",0.25,0.25,"05","D",0.08,0.08,0,"D",0,"D",0,"D",100172,"D",0,"D",0,"D",0,"D",0,"D",0,"D",1000,"D",0,"D",0,"D",0,"D",12,"D",11564,3466,11680.5,11480.5,3499.25,3441.4,15326.32,15326.32,100172,100172,100172.01,100172.01,0,0,0,0,0,0,0,0,100172,100172,0,0,11680.5,11480.5,11680.5,11480.5,7984,8088,1012,1012,0,0,0,0,0,0,0
"03414582",1,"2015","2014",0,0.153,0.153,"2",0,0,"44","D",0,0,1,"D",1,"D",7436,"D",13999,"D",0,"D",0,"D",12228,"D",0,"D",6516,"D",0,"D",0,"D",0,"D",0,"D",0,"D",0,0,0,0,0,0,3279.55,3279.55,21435,21435,0,0,0,0,0,0,0,0,0,0,21435,21435,0,0,0,0,0,0,0,0,0,0,0,0,0,0,0,0,0
"03414602",1,"2015","2014",1,0.153,0.153,"2",0.15,0.15,"28","D",0.0684,0.0684,0,"D",0,"D",42000,"D",42000,"D",-1847,"D",0,"D",0,"D",0,"D",0,"D",2500,"D",403,"D",0,"D",1,"D",4720,"D",6739,2696,6777.95,6710.45,2722.71,2676.39,12852,12852,82153,82153,82153.01,82153.01,1000,1000,0,0,0,0,0,0,82153,82153,0,0,7777.95,7710.45,7777.95,7710.45,12400,12600,0,0,0,0,0,0,0,0,0
"03414612",1,"2015","2014",2,0.0754,0.0754,"2",0.35,0.35,"31","D",0.0637,0.0637,0,"D",0,"D",228786,"D",98938,"D",0,"D",0,"D",0,"D",0,"D",0,"D",16180,"D",180,"D",0,"D",2,"D",42928,"D",61741,15878,62085.6,61495.6,15878.02,15878.02,36979.82,37165.82,327724,327724,327724.01,327724.01,0,0,0,0,0,0,0,0,284796,284796,6880.72,6973.12,55204.88,54522.48,55204.88,54522.48,0,0,0,0,0,0,0,0,0,0,0
"03414632",1,"2015","2014",0,0.153,0.153,"2",0.1444,0.1425,"14","D",0.0375,0.05,0,"D",0,"D",50000,"D",35000,"D",0,"D",0,"D",0,"D",0,"D",0,"D",6000,"D",500,"D",0,"D",0,"D",11572,"D",7457,3148,7386.07,7507.76,3737.5,2726.25,13005,13005,85000,85000,85000.01,85000.01,0,0,0,0,0,0,0,0,73428,73428,0,0,7386.08,7507.76,7386.07,7507.76,0,0,0,0,300,300,0,0,0,0,0
"03414642",1,"2015","2014",1,0.153,0.153,"2",0.2487,0.2487,"10","D",0,0,2,"D",2,"D",110000,"D",0,"D",-6500,"D",0,"D",28800,"D",0,"D",0,"D",11000,"D",10100,"D",0,"D",0,"D",2400,"D",14427,0,14521.33,14358.83,0,0,16830,16830,127980,127980,0,0,0,0,0,0,0,0,0,0,125580,125580,0,0,14521.33,14358.83,14521.33,14358.83,0,0,0,0,0,0,0,0,0,0,0
"03414692",1,"2015","2014",0,0.0293,0.0293,"2",0.2681,0.316,"23","D",0.0425,0.0425,0,"D",0,"D",600,"D",228786,"D",-12124,"D",40072,"D",0,"D",0,"D",0,"D",2800,"D",1269,"D",0,"D",0,"D",6936,"D",50930,10597,51089.16,50816.55,10596.7,10596.7,21234.59,21420.59,257334,257334,257334.01,257334.01,0,0,0,0,0,0,0,0,250398,250398,0,0,51089.16,50816.55,51089.16,50816.55,0,0,0,0,0,0,0,0,0,0,0
"03414704",1,"2015","2014",2,0.153,0.153,"2",0.15,0.15,"0","T",0,0,0,"D",0,"D",35161,"D",26000,"D",0,"D",0,"D",0,"D",0,"D",12840,"D",0,"D",0,"D",0,"D",2,"D",516,"D",1993,0,2036.65,1961.65,0,0,9357.63,9357.63,61161,61161,0,0,2000,2000,0,0,0,0,0,0,61161,61161,0,0,4036.65,3961.65,4036.65,3961.65,0,0,0,0,0,0,0,0,0,0,0
"03414732",1,"2015","2014",2,0,0,"3",0.15,0.15,"28","D",0.0684,0.0684,0,"D",0,"D",0,"D",0,"D",53411,"D",0,"D",0,"D",0,"D",6960,"D",0,"D",0,"D",0,"D",0,"D",0,"D",4190,1348,4221.65,4166.65,1369.17,1332.47,0,0,53411,53411,53411.01,53411.01,0,0,0,0,0,0,0,0,53411,53411,0,0,4221.65,4166.65,4221.65,4166.65,9100,9250,0,0,0,0,0,0,0,0,0
"03414742",1,"2015","2014",3,0.153,0.153,"3",0,0,"50","D",0,0,0,"D",0,"D",16800,"D",0,"D",0,"D",0,"D",9790,"D",0,"D",9600,"D",0,"D",3,"D",0,"D",1,"D",0,"D",-7201,-2108,-7143,-7242,-2088.62,-2122.28,2570.4,2570.4,16800,16800,16800.01,16800.01,0,0,1000,1000,0,0,6143,6242,16800,16800,0,0,0,0,0,0,12520.2,12798.65,0,0,0,0,0,0,2088.62,2122.28,0
"03414752",1,"2015","2014",0,0,0,"1",-0.0765,-0.0765,"44","D",0,0,0,"D",0,"D",0,"D",0,"D",0,"D",0,"D",16911,"D",0,"D",0,"D",350,"D",0,"D",0,"D",0,"D",0,"D",0,0,0,0,0,0,0,0,0,0,0,0,0,0,0,0,0,0,0,0,0,0,0,0,0,0,0,0,0,0,0,0,0,0,0,0,0,0,0
"03414772",1,"2015","2014",0,0.153,0.153,"2",0.15,0.15,"0","T",0,0,0,"D",0,"D",0,"D",92161,"D",0,"D",0,"D",0,"D",0,"D",0,"D",3100,"D",6974,"D",0,"D",0,"D",2004,"D",9837,0,9871.65,9811.65,0,0,14100.63,14100.63,92161,92161,0,0,0,0,0,0,0,0,0,0,92161,92161,0,0,9871.65,9811.65,9871.65,9811.65,0,0,0,0,0,0,0,0,0,0,0
"03414792",1,"2015","2014",0,0.153,0.153,"1",0.15,0.15,"41","D",0.07,0.07,0,"D",0,"D",35003,"D",0,"D",0,"D",0,"D",0,"D",0,"D",0,"D",800,"D",120,"D",0,"D",0,"D",300,"D",3257,1244,3274.2,3244.2,1250.11,1239.61,5355.46,5355.46,35003,35003,24853.01,24703.01,0,0,0,0,0,0,0,0,35003,35003,0,0,3274.2,3244.2,3274.2,3244.2,0,0,0,0,0,0,0,0,0,0,0
"03414812",1,"2015","2014",4,0.153,0.153,"2",0.3106,0.3106,"44","D",0,0,0,"D",0,"D",0,"D",42000,"D",0,"D",0,"D",0,"D",0,"D",9600,"D",0,"D",0,"D",0,"D",4,"D",0,"D",-5741,0,-5606.36,-5837.49,0,0,6426,6426,42000,42000,0,0,590,540,3410,3460,0,0,2196.36,2377.49,42000,42000,0,0,590,540,590,540,0,0,0,0,0,0,0,0,0,0,0
"03414822",1,"2015","2014",0,0.153,0.153,"1",0.2341,0.2341,"31","D",0.0637,0.0637,1,"D",0,"D",106000,"D",0,"D",-18692,"D",0,"D",0,"D",0,"D",0,"D",7000,"D",245,"D",0,"D",0,"D",2940,"D",13086,4079,13120.41,13061.34,4116.35,4052.65,16218,16218,87308,87308,106000.01,106000.01,0,0,0,0,0,0,0,0,84368,84368,0,0,13120.41,13061.34,13120.41,13061.34,0,0,0,0,0,0,0,0,0,0,0
"03414822",2,"2015","2014",0,0.153,0.153,"1",0.25,0.25,"31","D",0.0552,0.0552,0,"D",0,"D",57500,"D",0,"D",0,"D",0,"D",0,"D",0,"D",0,"D",0,"D",0,"D",0,"D",0,"D",0,"D",7635,1629,7693.75,7593.75,1629.13,1629.13,8797.5,8797.5,57500,57500,57500.01,57500.01,0,0,0,0,0,0,0,0,57500,57500,0,0,7693.75,7593.75,7693.75,7593.75,0,0,0,0,0,0,0,0,0,0,0
"03414842",1,"2015","2014",0,0.153,0.153,"1",0.2362,0.2362,"31","D",0.0552,0.0552,1,"D",0,"D",22425,"D",0,"D",20000,"D",43000,"D",18747,"D",0,"D",0,"D",16180,"D",0,"D",0,"D",0,"D",18372,"D",11001,2104,10915.87,11061.87,2619.48,1735.48,3431.02,3431.02,101359.95,101359.95,85425.01,70425.01,0,0,0,0,0,0,0,0,82987.95,82987.95,0,0,10915.87,11061.87,10915.87,11061.87,0,0,0,0,0,0,0,0,0,0,0
"03414852",1,"2015","2014",1,0.153,0.153,"3",0.2598,0.2598,"33","D",0.0929,0.0929,0,"D",0,"D",27000,"D",0,"D",0,"D",0,"D",0,"D",0,"D",18000,"D",0,"D",0,"D",0,"D",0,"D",0,"D",-916,-60,-839.63,-969.77,-36.89,-76.65,4131,4131,27000,27000,27000.01,27000.01,0,0,0,0,0,0,1839.63,1944.77,27000,27000,0,0,1000,975,1000,975,10950,11100,0,0,0,0,0,0,499.98,531.53,0
"03414892",1,"2015","2014",3,0.0692,0.0692,"2",0.35,0.35,"02","D",0,0,0,"D",0,"D",76871,"D",228786,"D",9000,"D",0,"D",0,"D",0,"D",0,"D",8000,"D",0,"D",0,"D",3,"D",14804,"D",67353,0,67697.55,67107.55,0,0,33404.97,33590.97,314657,314657,0,0,0,0,0,0,0,0,0,0,299853,299853,1061.37,1227.13,66294.18,65538.42,66294.18,65538.42,0,0,0,0,0,0,0,0,0,0,0
"03414902",1,"2015","2014",2,0.153,0.153,"2",0.3106,0.3606,"05","D",0,0,0,"D",0,"D",32000,"D",15000,"D",0,"D",0,"D",0,"D",0,"D",18000,"D",0,"D",0,"D",0,"D",2,"D",300,"D",-689,0,-547.86,-790.49,0,0,7191,7191,47000,47000,47000.01,47000.01,1912.5,1840,87.5,160,0,0,460.36,630.49,47000,47000,0,0,1912.5,1840,1912.5,1840,7984,8088,300,300,0,0,0,0,0,0,0
"03414922",1,"2015","2014",0,0.153,0.153,"1",0.1412,0.1403,"33","D",0.059,0.0645,0,"D",0,"D",33000,"D",0,"D",4404,"D",0,"D",0,"D",0,"D",0,"D",16180,"D",65,"D",0,"D",0,"D",0,"D",1964,1032,1972.22,1958.32,1035.87,1028.55,5049,5049,37404,37404,37404.01,37404.01,0,0,0,0,0,0,0,0,37404,37404,0,0,1972.22,1958.32,1972.22,1958.32,7800,7900,16245,16245,0,0,0,0,0,0,0
"03414922",2,"2015","2014",0,0,0,"1",0.15,0.15,"33","D",0,0,1,"D",1,"D",0,"D",0,"D",0,"D",15000,"D",22282,"D",0,"D",0,"D",0,"D",0,"D",0,"D",0,"D",0,"D",378,0,387.05,372.05,0,0,0,0,15570.5,15570.5,0.01,0.01,0,0,0,0,0,0,0,0,15570.5,15570.5,0,0,387.05,372.05,387.05,372.05,7800,7900,0,0,0,0,0,0,0,0,0
"03414932",1,"2015","2014",2,0.153,0.153,"2",0.3,0.3,"05","D",0.093,0.093,0,"D",0,"D",50001,"D",82000,"D",0,"D",0,"D",0,"D",0,"D",0,"D",4800,"D",1008,"D",0,"D",2,"D",0,"D",16632,5620,16762.8,16537.8,5669.16,5584.78,20196.15,20196.15,132001,132001,132001.01,132001.01,899.95,899.95,0,0,0,0,0,0,132001,132001,0,0,17662.75,17437.75,17662.75,17437.75,7984,8088,5808,5808,0,0,0,0,0,0,0
"03414954",1,"2015","2014",0,0,0,"1",-0.0765,-0.0765,"22","D",-0.0115,-0.0115,0,"D",0,"D",0,"D",0,"D",0,"D",0,"D",0,"D",0,"D",2976,"D",0,"D",0,"D",0,"D",0,"D",0,"D",0,0,0,0,0,0,0,0,0,0,0.01,0.01,0,0,0,0,0,0,0,0,0,0,0,0,0,0,0,0,0,0,0,0,0,0,0,0,0,0,0
"03414972",1,"2015","2014",0,0.153,0.153,"2",0.2267,0.2267,"05","D",0.093,0.093,1,"D",1,"D",105240,"D",78000,"D",-3802,"D",0,"D",0,"D",0,"D",0,"D",4800,"D",1720,"D",0,"D",0,"D",14508,"D",26906,9386,26983.57,26850.5,9425.71,9358,28035.72,28035.72,179438,179438,179438.01,179438.01,0,0,0,0,0,0,0,0,164930,164930,0,0,26983.57,26850.5,26983.57,26850.5,7984,8088,21028,21028,0,0,0,0,0,0,0
"03414982",1,"2015","2014",0,0,0,"1",0,0,"50","D",0.0703,0.0703,1,"D",1,"D",0,"D",0,"D",0,"D",1200,"D",17650,"D",0,"D",0,"D",2700,"D",0,"D",0,"D",0,"D",0,"D",0,-397,0,0,-397.13,-397.13,0,0,1200,1200,1200.01,1200.01,0,0,0,0,0,0,0,0,1200,1200,0,0,0,0,0,0,10080,10249.92,0,0,397.13,397.13,0,0,0,0,0
"03415002",1,"2015","2014",2,0.153,0.153,"3",0,0,"31","D",0,0,0,"D",0,"D",17000,"D",0,"D",0,"D",0,"D",8724,"D",0,"D",10800,"D",0,"D",300,"D",0,"D",1,"D",0,"D",-6511,-1576,-6460,-6548,-1242,-1814.4,2601,2601,17000,17000,17000.01,17000.01,0,0,1000,1000,0,0,5460,5548,17000,17000,0,0,0,0,0,0,0,0,0,0,0,0,0,0,1092,1664.4,0
"03415002",2,"2015","2014",2,0,0,"3",-0.4,-0.4,"31","D",-0.12,-0.08,0,"D",0,"D",0,"D",0,"D",0,"D",0,"D",0,"D",0,"D",0,"D",0,"D",0,"D",0,"D",1,"D",0,"D",0,0,0,0,0,0,0,0,0,0,0.01,0.01,0,0,0,0,0,0,0,0,0,0,0,0,0,0,0,0,0,0,0,0,0,0,0,0,0,0,0
"03415012",1,"2015","2014",0,0.153,0.153,"1",0.2686,0.2686,"03","D",0.0407,0.0407,0,"D",0,"D",50000,"D",0,"D",72089,"D",0,"D",0,"D",0,"D",0,"D",850,"D",0,"D",0,"D",0,"D",9984,"D",22071,3870,22138.14,22022.21,3875.17,3865.96,7650,7650,122089,122089,122089.01,122089.01,0,0,0,0,0,0,0,0,112105,112105,0,0,22138.14,22022.21,22138.14,22022.21,5009,5091,14701.91,14692.72,0,0,0,0,0,0,0
"03415032",1,"2015","2014",0,0.153,0.153,"1",0.2267,0.2267,"05","D",0.093,0.093,0,"D",0,"D",100000,"D",0,"D",0,"D",0,"D",0,"D",0,"D",0,"D",11000,"D",0,"D",0,"D",0,"D",0,"D",15660,5658,15699.3,15632.64,5677.79,5644.43,15300,15300,100000,100000,100000.01,100000.01,0,0,0,0,0,0,0,0,100000,100000,0,0,15699.3,15632.64,15699.3,15632.64,3992,4044,11000,11000,0,0,0,0,0,0,0
"03415052",1,"2015","2014",0,0.153,0.153,"1",0.25,0.25,"05","D",0.093,0.093,0,"D",0,"D",74919,"D",0,"D",0,"D",0,"D",0,"D",0,"D",21600,"D",0,"D",0,"D",0,"D",0,"D",0,"D",11990,3975,12048.5,11948.5,3997,3958.81,11462.61,11462.61,74919,74919,74919.01,74919.01,0,0,0,0,0,0,0,0,74919,74919,0,0,12048.5,11948.5,12048.5,11948.5,3992,4044,0,0,0,0,0,0,0,0,0
"03415062",1,"2015","2014",2,0.153,0.153,"2",0.1487,0.1487,"05","D",0.04,0.04,0,"D",0,"D",70000,"D",2000,"D",0,"D",0,"D",0,"D",0,"D",0,"D",4000,"D",914,"D",0,"D",2,"D",15304,"D",2312,287,2338.32,2293.32,299.41,277.85,11016,11016,72000,72000,72000.01,72000.01,2000,2000,0,0,0,0,0,0,56696,56696,0,0,4338.32,4293.32,4338.32,4293.32,7984,8088,20218,20218,0,0,0,0,0,0,0
"03415062",2,"2015","2014",0,0.153,0.153,"2",0.15,0.15,"05","D",0.04,0.04,0,"D",0,"D",63608,"D",0,"D",0,"D",0,"D",0,"D",0,"D",0,"D",0,"D",0,"D",0,"D",0,"D",0,"D",5554,1109,5588.7,5528.7,1119.09,1101.37,9732.02,9732.02,63608,63608,63608.01,63608.01,0,0,0,0,0,0,0,0,63608,63608,0,0,5588.7,5528.7,5588.7,5528.7,7984,8088,0,0,0,0,0,0,0,0,0
"03415072",1,"2015","2014",0,0.153,0.153,"1",0.15,0.15,"19","D",0.034,0.034,1,"D",0,"D",33305,"D",0,"D",0,"D",0,"D",0,"D",0,"D",8100,"D",0,"D",0,"D",0,"D",0,"D",0,"D",2866,876,3019.5,2757,881.42,871.92,5095.66,5095.66,33305,33305,33305.01,33305.01,0,0,0,0,0,0,0,0,33305,33305,0,0,3019.5,2757,3019.5,2757,0,0,0,0,0,0,0,0,0,0,0
"03415122",1,"2015","2014",3,0.153,0.153,"2",0.3106,0.3106,"05","D",0,0,0,"D",0,"D",33812,"D",0,"D",0,"D",0,"D",0,"D",0,"D",0,"D",1200,"D",0,"D",0,"D",3,"D",8140,"D",-6886,0,-6754.55,-6980.68,0,0,5173.24,5173.24,33812,33812,33812.01,33812.01,166.2,121.2,2833.8,2878.8,0,0,3920.75,4101.88,33812,33812,0,0,166.2,121.2,166.2,121.2,7984,8088,9340,9340,0,0,0,0,0,0,0
"03415132",1,"2015","2014",1,0.153,0.153,"3",0.15,0.15,"10","D",0,0,0,"D",0,"D",40000,"D",0,"D",0,"D",0,"D",0,"D",0,"D",0,"D",970,"D",0,"D",0,"D",1,"D",3240,"D",1775,0,1802.5,1755,0,0,6120,6120,40000,40000,0,0,1000,1000,0,0,0,0,0,0,40000,40000,0,0,2802.5,2755,2802.5,2755,0,0,0,0,0,0,0,0,0,0,0
"03415162",1,"2015","2014",0,0.153,0.153,"1",-0.0765,-0.0765,"05","D",0,0,0,"D",0,"D",1987,"D",0,"D",0,"D",0,"D",0,"D",0,"D",1200,"D",0,"D",0,"D",0,"D",0,"D",0,"D",-152,0,-152.01,-152.01,0,0,304.01,304.01,1987,1987,1987.01,1987.01,0,0,0,0,0,0,152.01,152.01,1987,1987,0,0,0,0,0,0,3992,4044,0,0,0,0,0,0,0,0,0
"03415172",1,"2015","2014",0,0.153,0.153,"2",0.1414,0.1413,"34","D",0.0575,0.058,2,"D",2,"D",34841,"D",25611,"D",0,"D",0,"D",0,"D",0,"D",0,"D",1200,"D",5100,"D",0,"D",0,"D",9424,"D",4206,2623,4221.27,4194.68,2636.22,2613.49,9249.16,9249.16,60452,60452,60452.01,60452.01,0,0,0,0,0,0,0,0,51028,51028,0,0,4221.27,4194.68,4221.27,4194.68,15000,15000,10624,10624,0,0,0,0,0,0,0
"03415172",2,"2015","2014",0,0.153,0.153,"1",0.1765,0.1765,"34","D",0.0575,0.058,0,"D",0,"D",13180,"D",0,"D",0,"D",0,"D",0,"D",0,"D",0,"D",0,"D",0,"D",0,"D",0,"D",0,"D",176,328,194.86,162.15,329.44,326.6,2016.54,2016.54,13180,13180,13180.01,13180.01,0,0,0,0,0,0,108.14,125.85,13180,13180,0,0,303,288,303,288,7500,7500,0,0,0,0,0,0,0,0,0
"03415172",3,"2015","2014",0,0.153,0.153,"1",0.1765,0.1765,"34","D",0.0575,0.058,0,"D",0,"D",13596,"D",0,"D",0,"D",0,"D",0,"D",0,"D",0,"D",0,"D",0,"D",0,"D",0,"D",0,"D",249,352,268.28,235.57,353.57,350.52,2080.19,2080.19,13596,13596,13596.01,13596.01,0,0,0,0,0,0,76.32,94.03,13596,13596,0,0,344.6,329.6,344.6,329.6,7500,7500,0,0,0,0,0,0,0,0,0
"03415182",1,"2015","2014",1,0.153,0.153,"3",0,0,"31","D",0,0,0,"D",0,"D",12522,"D",0,"D",0,"D",0,"D",0,"D",0,"D",9600,"D",0,"D",0,"D",0,"D",1,"D",0,"D",-4337,-1013,-4305,-4359,-811,-1157.7,1915.87,1915.87,12522,12522,12522.01,12522.01,0,0,1000,1000,0,0,3305,3359,12522,12522,0,0,0,0,0,0,0,0,0,0,0,0,0,0,661,1007.7,0
"03415192",1,"2015","2014",1,0.038,0.038,"2",0.35,0.35,"33","D",0.0665,0.0665,0,"D",0,"D",155000,"D",145000,"D",1187,"D",0,"D",0,"D",0,"D",43356,"D",2400,"D",85,"D",400,"D",1,"D",4420,"D",65896,18694,66240.56,65650.56,18905.71,18542.41,38166,38538,301187,301187,301187.01,301187.01,0,0,0,0,80,80,0,0,296767,296767,3407.27,3122.39,62868.18,62563.06,62868.18,62563.06,15650,15850,5178.75,5178.75,0,0,16,16,0,0,0
"03415202",1,"2015","2014",2,0.029,0.029,"2",0.2768,0.2768,"05","D",0.093,0.093,0,"D",0,"D",0,"D",130000,"D",0,"D",0,"D",0,"D",0,"D",0,"D",9400,"D",0,"D",0,"D",2,"D",12204,"D",12716,4173,12807.4,12651.08,4216.41,4141.7,18278,18464,130000,130000,130000.01,130000.01,1000,1000,0,0,0,0,0,0,117796,117796,0,0,13807.4,13651.08,13807.4,13651.08,7984,8088,21604,21604,0,0,0,0,0,0,0
"03415232",1,"2015","2014",0,0,0,"1",0,0,"18","D",0,0,1,"D",1,"D",0,"D",0,"D",0,"D",8190,"D",12022,"D",0,"D",0,"D",750,"D",600,"D",0,"D",0,"D",3504,"D",0,0,0,0,0,0,0,0,8190,8190,0.01,0.01,0,0,0,0,0,0,0,0,8190,8190,0,0,0,0,0,0,2400,2440,4854,4854,0,0,0,0,0,0,0
"03415252",1,"2015","2014",2,0,0,"3",-0.4,-0.4,"15","D",0,0,0,"D",0,"D",0,"D",0,"D",0,"D",0,"D",0,"D",0,"D",0,"D",1300,"D",89,"D",0,"D",0,"D",1013,"D",0,0,0,0,0,0,0,0,0,0,0.01,0.01,0,0,0,0,0,0,0,0,0,0,0,0,0,0,0,0,0,0,0,0,0,0,0,0,0,0,0
"03415262",1,"2015","2014",0,0.153,0.153,"2",0.15,0.15,"0","T",0,0,2,"D",2,"D",12000,"D",16856,"D",0,"D",130,"D",27156,"D",0,"D",0,"D",200,"D",243,"D",0,"D",0,"D",0,"D",1133,0,1156.8,1116.8,0,0,4414.97,4414.97,34268,34268,0,0,0,0,0,0,0,0,0,0,34268,34268,0,0,1156.8,1116.8,1156.8,1116.8,0,0,0,0,0,0,0,0,0,0,0
"03415302",1,"2015","2014",1,0.0662,0.0662,"2",0.2661,0.2661,"37","D",0.0499,0.0499,0,"D",0,"D",140000,"D",60000,"D",-4350,"D",0,"D",0,"D",0,"D",0,"D",3100,"D",800,"D",0,"D",0,"D",11864,"D",31799,8452,31937.5,31700,8451.59,8451.59,27748,27934,195650,195650,195650.01,195650.01,0,0,0,0,0,0,0,0,183786,183786,0,0,31937.5,31700,31937.5,31700,12400,12600,24191.08,24191.08,0,0,0,0,0,0,0
"03415312",1,"2015","2014",0,0.153,0.153,"1",0.2324,0.2324,"50","D",0.0702,0.0702,0,"D",0,"D",86323,"D",0,"D",-9787,"D",0,"D",0,"D",0,"D",14520,"D",0,"D",3535,"D",0,"D",0,"D",2000,"D",11579,3983,11620.6,11549.99,3993.59,3976.06,13207.42,13207.42,76536,76536,76536.01,76536.01,0,0,0,0,0,0,0,0,74536,74536,0,0,11620.6,11549.99,11620.6,11549.99,2659.68,2859.33,2000,2000,0,0,0,0,0,0,0
"03415322",1,"2015","2014",0,0.029,0.029,"2",0.254,0.254,"05","D",0.093,0.093,1,"D",1,"D",228786,"D",0,"D",1,"D",0,"D",0,"D",0,"D",0,"D",1300,"D",538,"D",0,"D",0,"D",3000,"D",43359,15183,43476.81,43274.97,15228.26,15150.88,21142.79,21328.79,228787,228787,228787.01,228787.01,0,0,0,0,0,0,0,0,225787,225787,0,0,43476.81,43274.97,43476.81,43274.97,7984,8088,4838,4838,0,0,0,0,0,0,0
"03415332",1,"2015","2014",0,0.153,0.153,"1",0.25,0.25,"31","D",0.0552,0.0552,0,"D",0,"D",68946,"D",0,"D",-8000,"D",0,"D",0,"D",0,"D",10200,"D",0,"D",70,"D",0,"D",0,"D",400,"D",8497,2112,8555.25,8455.25,2111.52,2111.52,10548.74,10548.74,60946,60946,68946.01,68946.01,0,0,0,0,0,0,0,0,60946,60946,0,0,8555.25,8455.25,8555.25,8455.25,0,0,0,0,0,0,0,0,0,0,0
"03415342",1,"2015","2014",0,0.153,0.153,"1",0.2371,0.237,"22","D",0.0515,0.052,0,"D",0,"D",65000,"D",0,"D",10,"D",0,"D",0,"D",0,"D",0,"D",2200,"D",700,"D",0,"D",0,"D",744,"D",9409,3031,9448.32,9380.65,3047.72,3018.42,9945,9945,65010,65010,65010.01,65010.01,0,0,0,0,0,0,0,0,64266,64266,0,0,9448.32,9380.65,9448.32,9380.65,0,0,0,0,0,0,0,0,0,0,0
"03415352",1,"2015","2014",2,0,0,"3",-0.4,-0.4,"44","D",0,0,0,"D",0,"D",0,"D",0,"D",0,"D",0,"D",0,"D",0,"D",0,"D",2100,"D",0,"D",0,"D",0,"D",1060,"D",0,0,0,0,0,0,0,0,0,0,0,0,0,0,0,0,0,0,0,0,0,0,0,0,0,0,0,0,0,0,0,0,0,0,0,0,0,0,0
"03415372",1,"2015","2014",3,0.153,0.153,"3",0.1431,0.1431,"06","D",0.0463,0.0463,0,"D",0,"D",68000,"D",0,"D",-7104,"D",0,"D",0,"D",0,"D",0,"D",820,"D",0,"D",400,"D",2,"D",17364,"D",1101,1230,1122.4,1086.49,1246.03,1218.77,10404,10404,60896,60896,0,0,2000,2000,0,0,80,80,0,0,43532,43532,0,0,3202.4,3166.49,3202.4,3166.49,0,0,0,0,0,0,0,0,0,0,0
"03415402",1,"2015","2014",3,0.153,0.153,"2",0.1431,0.1428,"17","D",0.046,0.048,0,"D",0,"D",30000,"D",72000,"D",200,"D",0,"D",0,"D",0,"D",0,"D",2200,"D",55,"D",0,"D",2,"D",25252,"D",4864,2928,4903.78,4835.67,2867.78,2971.84,15606,15606,102200,102200,102000.01,102000.01,2000,2000,0,0,0,0,0,0,76948,76948,0,0,6903.78,6835.67,6903.78,6835.67,7500,7500,17879.55,13753.5,0,0,0,0,0,0,0
"03415412",1,"2015","2014",2,0.153,0.153,"3",-0.4,-0.4,"0","T",0,0,0,"D",0,"D",10000,"D",0,"D",250,"D",0,"D",0,"D",0,"D",0,"D",400,"D",0,"D",0,"D",0,"D",3260,"D",-4000,0,-4000,-4000,0,0,1530,1530,10250,10250,0,0,0,0,0,0,0,0,4000,4000,10250,10250,0,0,0,0,0,0,0,0,0,0,0,0,0,0,0,0,0
"03415422",1,"2015","2014",0,0,0,"1",0,0,"36","D",0,0,1,"D",1,"D",0,"D",0,"D",0,"D",0,"D",11285,"D",0,"D",0,"D",1200,"D",50,"D",0,"D",0,"D",0,"D",0,0,0,0,0,0,0,0,0,0,0.01,0.01,0,0,0,0,0,0,0,0,0,0,0,0,0,0,0,0,0,0,0,0,0,0,0,0,0,0,0
"03415432",1,"2015","2014",0,0.153,0.153,"2",0.25,0.2375,"14","D",0.0375,0.05,0,"D",0,"D",98781,"D",34504,"D",-7986,"D",0,"D",0,"D",0,"D",0,"D",5000,"D",1852,"D",0,"D",0,"D",240,"D",17794,4919,17838.64,17762.25,5802.45,4287.46,20392.6,20392.6,125299,125299,125299.01,125299.01,0,0,0,0,0,0,0,0,125059,125299,0,0,17838.64,17762.25,17838.64,17762.25,0,0,0,0,250,250,0,0,0,0,0
"03415432",2,"2015","2014",0,0.153,0.153,"1",0.15,0.15,"14","D",0.0375,0.05,0,"D",0,"D",33515,"D",0,"D",0,"D",0,"D",0,"D",0,"D",0,"D",0,"D",0,"D",0,"D",0,"D",0,"D",3034,1340,3051,3021,1569.5,1176.19,5127.79,5127.79,33515,33515,33515.01,33515.01,0,0,0,0,0,0,0,0,33515,33515,0,0,3051,3021,3051,3021,0,0,0,0,0,0,0,0,0,0,0
"03415452",1,"2015","2014",0,0,0,"1",0,0,"03","D",0,0,1,"D",1,"D",0,"D",0,"D",1,"D",0,"D",17290,"D",0,"D",0,"D",900,"D",320,"D",0,"D",0,"D",0,"D",0,-25,0,0,-25,-25,0,0,1,1,1.01,1.01,0,0,0,0,0,0,0,0,1,1,0,0,0,0,0,0,5009,5091,1509.32,1509.32,0,0,0,0,0,0,0
"03415462",1,"2015","2014",2,0.153,0.153,"2",0.1454,0.1454,"39","D",0.0307,0.0307,0,"D",0,"D",79101,"D",12038,"D",0,"D",0,"D",0,"D",0,"D",0,"D",8000,"D",8850,"D",0,"D",0,"D",0,"D",7420,2798,7446.15,7401.15,2797.97,2797.97,13944.27,13944.27,91139,91139,91139.01,91139.01,0,0,0,0,0,0,0,0,91139,91139,0,0,7446.16,7401.16,7446.15,7401.15,0,0,0,0,0,0,0,0,0,0,0
"03415482",1,"2015","2014",0,0.153,0.153,"2",0.25,0.25,"07","D",0.067,0.067,2,"D",2,"D",0,"D",25027,"D",41074,"D",31558,"D",32928,"D",0,"D",0,"D",4000,"D",258,"D",0,"D",0,"D",860,"D",17318,4718,17449.45,17224.45,4718.15,4718.15,3829.13,3829.13,125647.8,125647.8,105659.01,105659.01,0,0,0,0,0,0,0,0,125647.8,125647.8,0,0,17449.45,17224.45,17449.45,17224.45,0,0,0,0,0,0,0,0,0,0,0
"03415492",1,"2015","2014",3,0.153,0.153,"2",0.15,0.15,"36","D",0.0331,0.0355,0,"D",0,"D",64105,"D",24776,"D",0,"D",0,"D",0,"D",0,"D",0,"D",2200,"D",0,"D",0,"D",2,"D",1704,"D",5554,2216,5602.15,5519.65,2300.55,2155.56,13598.79,13598.79,88881,88881,88881.01,88881.01,2000,2000,0,0,0,0,0,0,88881,88881,0,0,7602.15,7519.65,7602.15,7519.65,0,0,0,0,0,0,0,0,0,0,0
"03415512",1,"2015","2014",0,0.153,0.153,"1",0.15,0.15,"0","T",0,0,0,"D",0,"D",28000,"D",0,"D",0,"D",0,"D",0,"D",0,"D",4800,"D",0,"D",100,"D",0,"D",0,"D",0,"D",2206,0,2223.75,2193.75,0,0,4284,4284,28000,28000,0,0,0,0,0,0,0,0,0,0,28000,28000,0,0,2223.75,2193.75,2223.75,2193.75,0,0,0,0,0,0,0,0,0,0,0
"03415522",1,"2015","2014",1,0.153,0.153,"3",0,0,"05","D",0,0,0,"D",0,"D",15000,"D",0,"D",-5500,"D",0,"D",0,"D",0,"D",22200,"D",0,"D",30,"D",0,"D",0,"D",0,"D",-3337,0,-3305,-3359,0,0,2295,2295,9500,9500,9500.01,9500.01,0,0,0,0,0,0,3305,3359,9500,9500,0,0,0,0,0,0,7984,8088,30,30,0,0,0,0,0,0,0
"03415544",1,"2015","2014",1,0.153,0.153,"3",0.2598,0.2598,"34","D",0.0575,0.058,0,"D",0,"D",29000,"D",0,"D",0,"D",0,"D",0,"D",0,"D",6540,"D",0,"D",0,"D",0,"D",0,"D",0,"D",-396,981,-320.03,-450.17,986,977.5,4437,4437,29000,29000,29000.01,29000.01,0,0,0,0,0,0,1520.03,1625.17,29000,29000,0,0,1200,1175,1200,1175,12000,12000,0,0,0,0,0,0,0,0,0
"03415562",1,"2015","2014",2,0.038,0.038,"2",0.3847,0.3847,"47","D",0.0585,0.0585,0,"D",0,"D",469961,"D",228786,"D",-5898,"D",0,"D",0,"D",0,"D",0,"D",34616,"D",490,"D",3200,"D",2,"D",62504,"D",172535,33783,173055.28,172163.24,33787,33780.47,53318.38,53690.38,692849,692849,692849.01,692849.01,0,0,0,0,640,640,0,0,630345,630345,0,0,173695.28,172803.24,173695.28,172803.24,6000,6000,89372.42,89486.08,0,0,0,0,0,0,0
"03415572",1,"2015","2014",1,0.153,0.153,"3",0.2598,0.2598,"45","D",0.063,0.063,0,"D",0,"D",24544,"D",0,"D",0,"D",0,"D",0,"D",2400,"D",0,"D",1100,"D",228,"D",0,"D",1,"D",6132,"D",-2554,369,-2477.7,-2607.84,379.77,362.08,3755.23,3755.23,24544,24544,24544.01,24544.01,754.4,729.4,245.6,270.6,0,0,2232.1,2337.24,24544,24544,0,0,754.4,729.4,754.4,729.4,0,0,0,0,0,0,0,0,0,0,0
"03415592",1,"2015","2014",2,0,0,"3",-0.4,-0.4,"18","D",0,0,0,"D",0,"D",0,"D",0,"D",0,"D",0,"D",0,"D",0,"D",11280,"D",0,"D",0,"D",0,"D",0,"D",0,"D",0,0,0,0,0,0,0,0,0,0,0.01,0.01,0,0,0,0,0,0,0,0,0,0,0,0,0,0,0,0,2400,2440,0,0,0,0,0,0,0,0,0
"03415622",1,"2015","2014",0,0.153,0.153,"1",0.25,0.25,"10","D",0,0,0,"D",0,"D",56000,"D",0,"D",-1935,"D",0,"D",0,"D",0,"D",9120,"D",0,"D",50,"D",0,"D",0,"D",48,"D",6777,0,6835,6735,0,0,8568,8568,54065,54065,0,0,0,0,0,0,0,0,0,0,54065,54065,0,0,6835,6735,6835,6735,0,0,0,0,0,0,0,0,0,0,0
"03415632",1,"2015","2014",1,0.153,0.153,"2",0.15,0.15,"48","D",0,0,0,"D",0,"D",36400,"D",55000,"D",1,"D",0,"D",0,"D",0,"D",0,"D",2600,"D",1413,"D",0,"D",0,"D",5112,"D",9126,0,9165.15,9097.65,0,0,13984.2,13984.2,91401,91401,0,0,0,0,0,0,0,0,0,0,91401,91401,0,0,9165.15,9097.65,9165.15,9097.65,0,0,0,0,0,0,0,0,0,0,0
"03415632",2,"2015","2014",0,0.153,0.153,"1",0.15,0.15,"48","D",0,0,0,"D",0,"D",21298,"D",0,"D",0,"D",0,"D",0,"D",0,"D",0,"D",0,"D",0,"D",0,"D",0,"D",0,"D",1201,0,1218.45,1188.45,0,0,3258.59,3258.59,21298,21298,0,0,0,0,0,0,0,0,0,0,21298,21298,0,0,1218.45,1188.45,1218.45,1188.45,0,0,0,0,0,0,0,0,0,0,0
"03415652",1,"2015","2014",1,0.153,0.153,"2",0.15,0.15,"43","D",0,0,0,"D",0,"D",25000,"D",45000,"D",3,"D",0,"D",0,"D",0,"D",0,"D",1200,"D",642,"D",0,"D",1,"D",4600,"D",4916,0,4955.45,4887.95,0,0,10710,10710,70003,70003,0,0,1000,1000,0,0,0,0,0,0,70003,70003,0,0,5955.45,5887.95,5955.45,5887.95,0,0,0,0,0,0,0,0,0,0,0
"03415662",1,"2015","2014",0,0.153,0.153,"2",0.1,0.1,"33","D",0.0457,0.0457,0,"D",0,"D",17221,"D",0,"D",11126,"D",0,"D",0,"D",0,"D",0,"D",8500,"D",89,"D",0,"D",0,"D",0,"D",787,416,804.7,774.7,421.01,413.01,2634.81,2634.81,28347,28347,28347.01,28347.01,0,0,0,0,0,0,0,0,28347,28347,0,0,804.7,774.7,804.7,774.7,15650,15850,0,0,41,41,0,0,0,0,0
"03415662",2,"2015","2014",0,0.153,0.153,"1",0.15,0.15,"33","D",0.0454,0.0529,0,"D",0,"D",19550,"D",0,"D",0,"D",0,"D",0,"D",0,"D",0,"D",0,"D",0,"D",0,"D",0,"D",0,"D",939,440,956.25,926.25,444.61,436.6,2991.15,2991.15,19550,19550,19550.01,19550.01,0,0,0,0,0,0,0,0,19550,19550,0,0,956.25,926.25,956.25,926.25,7800,7900,0,0,0,0,0,0,0,0,0
"03415662",3,"2015","2014",0,0.153,0.153,"1",0.25,0.25,"33","D",0.0645,0.0645,0,"D",0,"D",78089,"D",0,"D",0,"D",0,"D",0,"D",0,"D",0,"D",0,"D",0,"D",0,"D",0,"D",0,"D",12783,4196,12841,12741,4204.75,4190.54,11947.62,11947.62,78089,78089,78089.01,78089.01,0,0,0,0,0,0,0,0,78089,78089,0,0,12841,12741,12841,12741,7800,7900,0,0,0,0,0,0,0,0,0
"03415672",1,"2015","2014",2,0.153,0.153,"2",0.268,0.2671,"36","D",0.0429,0.046,0,"D",0,"D",90000,"D",100000,"D",0,"D",0,"D",0,"D",0,"D",0,"D",5300,"D",0,"D",0,"D",2,"D",5304,"D",31040,6669,31115.29,30985.9,6923.55,6487.41,29070,29070,190000,190000,190000.01,190000.01,0,0,0,0,0,0,0,0,184696,184696,0,0,31115.29,30985.9,31115.29,30985.9,0,0,0,0,0,0,0,0,0,0,0
"03415682",1,"2015","2014",0,0.038,0.038,"1",0.3406,0.3404,"02","D",0,0,0,"D",0,"D",250000,"D",0,"D",50500,"D",26000,"D",0,"D",0,"D",22200,"D",920,"D",0,"D",0,"D",0,"D",0,"D",90731,0,90926.69,90591.97,0,0,22208,22394,326500,326500,0,0,0,0,0,0,0,0,0,0,326500,326500,0,0,89007.69,88672.97,89007.69,88672.97,0,0,0,0,0,0,0,0,0,0,0
"03415682",2,"2015","2014",1,0,0,"3",-0.34,-0.34,"02","D",0,0,0,"D",0,"D",0,"D",0,"D",0,"D",0,"D",0,"D",0,"D",0,"D",0,"D",0,"D",0,"D",0,"D",0,"D",0,0,0,0,0,0,0,0,0,0,0,0,0,0,0,0,0,0,0,0,0,0,0,0,0,0,0,0,0,0,0,0,0,0,0,0,0,0,0
"03415702",1,"2015","2014",2,0,0,"3",-0.4,-0.4,"06","D",-0.04,0,0,"D",0,"D",0,"D",0,"D",0,"D",12000,"D",0,"D",0,"D",0,"D",2500,"D",190,"D",0,"D",0,"D",4592,"D",0,-8,0,0,0,-13,0,0,12000,12000,0,0,0,0,0,0,0,0,0,0,12000,12000,0,0,0,0,0,0,0,0,0,0,0,0,0,0,0,0,0
"03415712",1,"2015","2014",1,0.153,0.153,"2",0.25,0.25,"33","D",0.0645,0.0645,0,"D",0,"D",28616,"D",71622,"D",0,"D",0,"D",0,"D",0,"D",0,"D",3500,"D",30,"D",0,"D",1,"D",0,"D",9586,4183,9709.5,9497,4403.65,4025.22,15336.41,15336.41,100238,100238,100238.01,100238.01,1000,1000,0,0,0,0,0,0,100238,100238,0,0,10709.5,10497,10709.5,10497,15650,15850,0,0,0,0,0,0,0,0,0
"03415722",1,"2015","2014",1,0.153,0.153,"3",0.15,0.15,"07","D",0.0425,0.0425,0,"D",0,"D",23003,"D",0,"D",12864,"D",0,"D",0,"D",0,"D",10800,"D",0,"D",50,"D",0,"D",0,"D",0,"D",2155,445,2182.55,2135.05,444.85,444.85,3519.46,3519.46,35867,35867,35867.01,35867.01,0,0,0,0,0,0,0,0,35867,35867,0,0,2182.55,2135.05,2182.55,2135.05,0,0,0,0,0,0,0,0,0,0,0
"03415742",1,"2015","2014",0,0.068,0.068,"2",0.235,0.235,"11","D",0.06,0.06,0,"D",0,"D",120000,"D",55000,"D",-2500,"D",0,"D",0,"D",0,"D",0,"D",1000,"D",0,"D",0,"D",0,"D",20120,"D",25400,8379,25487.8,25337.8,8378.8,8378.8,26403,26589,172500,172500,172500.01,172500.01,0,0,0,0,0,0,0,0,152380,152380,0,0,25487.8,25337.8,25487.8,25337.8,3000,3000,21120,21120,0,0,0,0,0,0,0
"03415762",1,"2015","2014",2,0.153,0.153,"2",0.15,0.15,"23","D",0.0425,0.0425,0,"D",0,"D",30000,"D",30000,"D",0,"D",0,"D",0,"D",0,"D",0,"D",2700,"D",1249,"D",0,"D",1,"D",2272,"D",2819,1870,2862.5,2787.5,1870,1870,9180,9180,60000,60000,60000.01,60000.01,1000,1000,0,0,0,0,0,0,60000,60000,0,0,3862.5,3787.5,3862.5,3787.5,0,0,0,0,0,0,0,0,0,0,0
"03415792",1,"2015","2014",0,0.153,0.153,"1",0.15,0.1425,"14","D",0.0375,0.05,0,"D",0,"D",41000,"D",0,"D",0,"D",0,"D",0,"D",0,"D",0,"D",4000,"D",6,"D",0,"D",0,"D",548,"D",4150,1460,4159.09,4143.75,1743.75,1256.88,6273,6273,41000,41000,41000.01,41000.01,0,0,0,0,0,0,0,0,40452,41000,0,0,4159.09,4143.75,4159.09,4143.75,0,0,0,0,200,200,0,0,0,0,0
"03415792",2,"2015","2014",0,0.153,0.153,"1",0.15,0.15,"14","D",0.0375,0.05,0,"D",0,"D",26069,"D",0,"D",0,"D",0,"D",0,"D",0,"D",0,"D",0,"D",0,"D",0,"D",0,"D",0,"D",1917,1022,1934.1,1904.1,1197.2,896.96,3988.56,3988.56,26069,26069,26069.01,26069.01,0,0,0,0,0,0,0,0,26069,26069,0,0,1934.1,1904.1,1934.1,1904.1,0,0,0,0,0,0,0,0,0,0,0
"03415802",1,"2015","2014",0,0,0,"1",0,0,"0","T",0,0,1,"D",1,"D",0,"D",0,"D",0,"D",0,"D",13560,"D",0,"D",0,"D",1200,"D",0,"D",0,"D",0,"D",0,"D",0,0,0,0,0,0,0,0,0,0,0,0,0,0,0,0,0,0,0,0,0,0,0,0,0,0,0,0,0,0,0,0,0,0,0,0,0,0,0
"03415812",1,"2015","2014",2,0,0,"3",0.1,0.1,"21","D",0.0404,0.0404,0,"D",0,"D",0,"D",0,"D",23000,"D",0,"D",0,"D",0,"D",0,"D",3500,"D",91,"D",0,"D",0,"D",0,"D",188,420,205,175,420.13,420.13,0,0,23000,23000,23000.01,23000.01,0,0,0,0,0,0,0,0,23000,23000,0,0,205,175,205,175,3450,3450,0,0,0,0,0,0,0,0,0
"03415832",1,"2015","2014",0,0,0,"1",0.2339,0.2339,"33","D",0.0645,0.0645,1,"D",1,"D",0,"D",0,"D",1800,"D",68000,"D",14926,"D",0,"D",0,"D",9000,"D",6442,"D",0,"D",0,"D",1420,"D",10784,1791,10826.12,10753.06,1795.61,1787.85,0,0,82487.1,82487.1,49800.01,49800.01,0,0,0,0,0,0,0,0,81067.1,81067.1,0,0,10826.12,10753.06,10826.12,10753.06,7800,7900,16862,16862,0,0,0,0,0,0,0
"03415842",1,"2015","2014",0,0.153,0.153,"1",0.25,0.25,"34","D",0.0575,0.058,0,"D",0,"D",61680,"D",0,"D",0,"D",0,"D",0,"D",0,"D",13200,"D",0,"D",560,"D",0,"D",0,"D",0,"D",8680,3127,8738.75,8638.75,3142.44,3115.35,9437.04,9437.04,61680,61680,61680.01,61680.01,0,0,0,0,0,0,0,0,61680,61680,0,0,8738.75,8638.75,8738.75,8638.75,7500,7500,0,0,0,0,0,0,0,0,0
"03415882",1,"2015","2014",0,0.153,0.153,"2",0.1,0.1,"44","D",0,0,1,"D",1,"D",0,"D",30000,"D",0,"D",0,"D",2444,"D",0,"D",0,"D",1000,"D",100,"D",0,"D",0,"D",6588,"D",830,0,850,815,0,0,4590,4590,30000,30000,0,0,0,0,0,0,0,0,0,0,30000,30000,0,0,850,815,850,815,0,0,0,0,0,0,0,0,0,0,0
"03415902",1,"2015","2014",0,0,0,"1",0,0,"0","T",0,0,1,"D",1,"D",0,"D",0,"D",0,"D",591,"D",20662,"D",0,"D",0,"D",250,"D",40,"D",0,"D",0,"D",600,"D",0,0,0,0,0,0,0,0,591,591,0,0,0,0,0,0,0,0,0,0,591,591,0,0,0,0,0,0,0,0,0,0,0,0,0,0,0,0,0
"03415912",1,"2015","2014",0,0,0,"1",0.1493,0.1493,"33","D",0.04,0.04,1,"D",1,"D",0,"D",0,"D",0,"D",35024,"D",0,"D",0,"D",0,"D",9930,"D",0,"D",0,"D",0,"D",0,"D",2666,204,2674.28,2659.28,203.76,203.76,0,0,35024,35024,15024.01,15024.01,0,0,0,0,0,0,0,0,35024,35024,0,0,2674.28,2659.28,2674.28,2659.28,7800,7900,9930,9930,0,0,0,0,0,0,0
"03415922",1,"2015","2014",0,0.153,0.153,"2",0.1403,0.1403,"33","D",0.0645,0.0645,0,"D",0,"D",85353,"D",0,"D",0,"D",0,"D",21600,"D",0,"D",0,"D",8000,"D",382,"D",0,"D",0,"D",13112,"D",9705,3452,9721.18,9693.51,3461.13,3445.6,13059.01,13059.01,103713,103713,85353.01,85353.01,0,0,0,0,0,0,0,0,90601,90601,0,0,9721.18,9693.51,9721.18,9693.51,15650,15850,21494,21494,0,0,0,0,0,0,0
"03415932",1,"2015","2014",0,0,0,"1",0,-0.0765,"36","D",0,0,1,"D",0,"D",0,"D",0,"D",0,"D",0,"D",3222,"D",0,"D",0,"D",0,"D",0,"D",0,"D",0,"D",0,"D",0,0,0,0,0,0,0,0,0,0,0.01,0.01,0,0,0,0,0,0,0,0,0,0,0,0,0,0,0,0,0,0,0,0,0,0,0,0,0,0,0
"03415932",3,"2015","2014",0,0,0,"1",-0.0765,-0.0765,"36","D",0,0,0,"D",0,"D",0,"D",0,"D",0,"D",0,"D",0,"D",0,"D",0,"D",0,"D",0,"D",0,"D",0,"D",0,"D",0,0,0,0,0,0,0,0,0,0,0.01,0.01,0,0,0,0,0,0,0,0,0,0,0,0,0,0,0,0,0,0,0,0,0,0,0,0,0,0,0
"03415942",1,"2015","2014",0,0,0,"1",0,0,"31","D",0,0,1,"D",1,"D",0,"D",0,"D",0,"D",0,"D",0,"D",0,"D",4560,"D",0,"D",0,"D",0,"D",0,"D",209,"D",0,-775,0,0,-775,-775,0,0,0,0,0,0,0,0,0,0,0,0,0,0,0,0,0,0,0,0,0,0,0,0,0,0,0,0,0,0,0,0,0
"03415962",1,"2015","2014",3,0.029,0.029,"2",0.2862,0.2862,"31","D",0.0553,0.0553,0,"D",0,"D",0,"D",140000,"D",1229,"D",0,"D",0,"D",0,"D",0,"D",11000,"D",0,"D",0,"D",3,"D",7176,"D",14961,4116,15070.63,14883.13,4116.28,4116.28,18568,18754,141229,141229,141229.01,141229.01,1438.55,1438.55,0,0,0,0,0,0,134053,134053,0,0,16509.18,16321.68,16509.18,16321.68,0,0,0,0,0,0,0,0,0,0,0
"03415983",1,"2015","2014",0,0.153,0.153,"2",0.15,0.15,"33","D",0.0645,0.0645,0,"D",0,"D",28000,"D",33000,"D",-400,"D",0,"D",0,"D",0,"D",0,"D",1200,"D",347,"D",0,"D",0,"D",3604,"D",5103,2225,5137.5,5077.5,2241.5,2213.07,9333,9333,60600,60600,60600.01,60600.01,0,0,0,0,0,0,0,0,60600,60600,0,0,5137.5,5077.5,5137.5,5077.5,15650,15850,0,0,0,0,0,0,0,0,0
"03416002",1,"2015","2014",2,0.038,0.038,"2",0,0,"0","T",0,0,0,"D",0,"D",301175,"D",0,"D",0,"D",0,"D",0,"D",0,"D",0,"D",4900,"D",0,"D",0,"D",1,"D",721200,"D",0,0,0,0,0,0,23702.65,23888.65,301175,301175,0,0,0,0,0,0,0,0,0,0,0,0,0,0,0,0,0,0,0,0,0,0,0,0,0,0,0,0,0
"03416012",1,"2015","2014",0,0.0749,0.0749,"2",0.254,0.254,"05","D",0.093,0.093,0,"D",0,"D",155000,"D",91000,"D",0,"D",0,"D",0,"D",0,"D",0,"D",7700,"D",20,"D",0,"D",0,"D",37404,"D",37386,13444,37505.03,37300.21,13483.05,13416.34,32926,33112,246000,246000,246000.01,246000.01,0,0,0,0,0,0,0,0,208596,208596,0,0,37505.03,37300.21,37505.03,37300.21,7984,8088,45124,45124,0,0,0,0,0,0,0
"03416022",1,"2015","2014",0,0.153,0.153,"1",0.25,0.25,"45","D",0.05,0.05,0,"D",0,"D",58543,"D",0,"D",50,"D",0,"D",0,"D",0,"D",4800,"D",0,"D",80,"D",0,"D",0,"D",0,"D",7909,2930,7967,7867,2929.65,2929.65,8957.08,8957.08,58593,58593,58593.01,58593.01,0,0,0,0,0,0,0,0,58593,58593,0,0,7967,7867,7967,7867,0,0,0,0,0,0,0,0,0,0,0
"03416032",1,"2015","2014",2,0.038,0.038,"2",0.35,0.35,"24","D",0.1015,0.1015,0,"D",0,"D",228786,"D",228786,"D",0,"D",0,"D",0,"D",0,"D",0,"D",9300,"D",0,"D",160,"D",1,"D",31396,"D",111192,34209,111536.6,110946.6,34271.53,34163.7,44153.74,44525.74,457572,457572,457572.01,457572.01,0,0,0,0,32,32,0,0,426176,426176,7894.66,7692.59,103673.94,103286.01,103673.94,103286.01,0,0,70391.87,70429.54,0,0,0,0,0,0,0
"03416032",2,"2015","2014",2,0,0,"3",-0.4,-0.4,"24","D",0,0,0,"D",0,"D",0,"D",0,"D",0,"D",0,"D",0,"D",0,"D",0,"D",0,"D",0,"D",0,"D",1,"D",0,"D",0,0,0,0,0,0,0,0,0,0,0.01,0.01,0,0,0,0,0,0,0,0,0,0,0,0,0,0,0,0,9100,9250,0,0,0,0,0,0,0,0,0
"03416052",1,"2015","2014",2,0.153,0.153,"2",0.15,0.15,"23","D",0.0425,0.0425,0,"D",0,"D",70000,"D",38000,"D",-6127,"D",0,"D",0,"D",0,"D",0,"D",3800,"D",652,"D",0,"D",0,"D",0,"D",10100,3650,10143.45,10068.45,3649.6,3649.6,16524,16524,101873,101873,101873.01,101873.01,0,0,0,0,0,0,0,0,101873,101873,0,0,10143.45,10068.45,10143.45,10068.45,0,0,0,0,0,0,0,0,0,0,0
"03416052",2,"2015","2014",2,0,0,"3",-0.4,-0.4,"23","D",-0.0065,-0.0065,0,"D",0,"D",0,"D",0,"D",0,"D",0,"D",0,"D",0,"D",0,"D",0,"D",0,"D",0,"D",0,"D",0,"D",0,-381,0,0,-380.98,-380.98,0,0,0,0,0.01,0.01,0,0,0,0,0,0,0,0,0,0,0,0,0,0,0,0,0,0,0,0,0,0,0,0,0,0,0
"03416062",1,"2015","2014",0,0.153,0.153,"1",0.1,0.1,"44","D",0,0,0,"D",0,"D",16000,"D",0,"D",0,"D",0,"D",0,"D",0,"D",9900,"D",0,"D",0,"D",0,"D",0,"D",0,"D",576,0,585,570,0,0,2448,2448,16000,16000,0,0,0,0,0,0,0,0,0,0,16000,16000,0,0,585,570,585,570,0,0,0,0,0,0,0,0,0,0,0
"03416072",1,"2015","2014",3,0,0,"3",-0.45,-0.45,"11","D",0,0,0,"D",0,"D",0,"D",0,"D",0,"D",0,"D",0,"D",0,"D",0,"D",950,"D",0,"D",0,"D",0,"D",788,"D",0,0,0,0,0,0,0,0,0,0,0.01,0.01,0,0,0,0,0,0,0,0,0,0,0,0,0,0,0,0,2300,2300,0,0,0,0,0,0,0,0,0
"03416082",1,"2015","2014",0,0.153,0.153,"2",0.15,0.15,"10","D",0,0,0,"D",0,"D",31000,"D",59351,"D",-588,"D",0,"D",0,"D",0,"D",17340,"D",0,"D",30,"D",0,"D",0,"D",0,"D",9477,0,9511.95,9451.95,0,0,13823.7,13823.7,89763,89763,0,0,0,0,0,0,0,0,0,0,89763,89763,0,0,9511.95,9451.95,9511.95,9451.95,0,0,0,0,0,0,0,0,0,0,0
"03416102",1,"2015","2014",6,0.153,0.153,"3",-0.15,-0.15,"0","T",0,0,0,"D",0,"D",17680,"D",0,"D",0,"D",0,"D",0,"D",0,"D",4008,"D",0,"D",0,"D",320,"D",4,"D",0,"D",-8403,0,-8345,-8444,0,0,2705.04,2705.04,17680,17680,0,0,0,0,2202,2202,0,0,6143,6242,17680,17680,0,0,0,0,0,0,0,0,0,0,0,0,0,0,0,0,0
"03416112",1,"2015","2014",0,0,0,"1",0,0,"23","D",0.035,0.035,1,"D",1,"D",0,"D",0,"D",400,"D",0,"D",13030,"D",0,"D",7020,"D",0,"D",288,"D",0,"D",0,"D",0,"D",0,-948,0,0,-947.91,-947.91,0,0,400,400,400.01,400.01,0,0,0,0,0,0,0,0,400,400,0,0,0,0,0,0,0,0,0,0,947.91,947.91,0,0,0,0,0
"03416132",1,"2015","2014",2,0.038,0.038,"2",0.35,0.35,"06","D",0.0477,0.0477,0,"D",0,"D",469961,"D",0,"D",21000,"D",0,"D",0,"D",0,"D",0,"D",12500,"D",6792,"D",0,"D",2,"D",29432,"D",124396,20682,124740.15,124150.15,20733.8,20645.07,30116.52,30302.52,490961,490961,0,0,0,0,0,0,0,0,0,0,461529,461529,6661.47,6594.83,117280.68,116757.32,117280.68,116757.32,0,0,0,0,0,0,0,0,0,0,0
"03416172",1,"2015","2014",0,0.153,0.153,"2",0.28,0.28,"48","D",0,0,0,"D",0,"D",90000,"D",87000,"D",40,"D",0,"D",0,"D",0,"D",0,"D",3500,"D",1165,"D",0,"D",0,"D",1928,"D",30971,0,31134.2,30854.7,0,0,27081,27081,177040,177040,0,0,0,0,0,0,0,0,0,0,177040,177040,0,0,31134.2,30854.7,31134.2,30854.7,0,0,0,0,0,0,0,0,0,0,0
"03416172",2,"2015","2014",0,0.153,0.153,"1",0.15,0.15,"48","D",0,0,0,"D",0,"D",22000,"D",0,"D",0,"D",0,"D",0,"D",0,"D",0,"D",0,"D",0,"D",0,"D",0,"D",0,"D",1306,0,1323.75,1293.75,0,0,3366,3366,22000,22000,0,0,0,0,0,0,0,0,0,0,22000,22000,0,0,1323.75,1293.75,1323.75,1293.75,0,0,0,0,0,0,0,0,0,0,0
"03416192",1,"2015","2014",0,0.153,0.153,"2",0.1412,0.1403,"33","D",0.059,0.0645,1,"D",1,"D",0,"D",60000,"D",-5900,"D",24000,"D",19462,"D",0,"D",0,"D",7000,"D",30,"D",0,"D",0,"D",6500,"D",9747,2064,9762.37,9736.44,2080.25,2053.08,9180,9180,94642.7,94642.7,58100.01,58100.01,0,0,0,0,0,0,0,0,88142.7,88142.7,0,0,9762.37,9736.44,9762.37,9736.44,15650,15850,13530,13530,0,0,0,0,0,0,0
"03416202",1,"2015","2014",0,0.153,0.153,"1",0.15,0.15,"34","D",0.0575,0.058,1,"D",1,"D",25201,"D",0,"D",0,"D",0,"D",0,"D",0,"D",0,"D",800,"D",0,"D",0,"D",0,"D",2040,"D",1554,1021,1571.4,1541.4,1026.66,1017.81,3855.75,3855.75,25201,25201,25201.01,25201.01,0,0,0,0,0,0,0,0,25201,25201,0,0,1571.4,1541.4,1571.4,1541.4,7500,7500,2840,2840,0,0,0,0,0,0,0
"03416222",1,"2015","2014",2,0.153,0.153,"3",0.3106,0.3106,"10","D",0,0,0,"D",0,"D",26000,"D",0,"D",0,"D",0,"D",0,"D",0,"D",7800,"D",0,"D",500,"D",0,"D",0,"D",0,"D",-3343,0,-3234.4,-3419.79,0,0,3978,3978,26000,26000,0,0,0,0,0,0,0,0,3739.4,3894.79,26000,26000,0,0,505,475,505,475,0,0,0,0,0,0,0,0,0,0,0
"03416232",1,"2015","2014",0,0.153,0.153,"1",0.2384,0.2384,"06","D",0.0463,0.0463,0,"D",0,"D",90000,"D",0,"D",0,"D",0,"D",0,"D",0,"D",0,"D",3500,"D",137,"D",0,"D",0,"D",19636,"D",10784,2893,10823.86,10754.69,2906.58,2883.26,13770,13770,90000,90000,0,0,0,0,0,0,0,0,0,0,70364,70364,0,0,10823.86,10754.69,10823.86,10754.69,0,0,0,0,0,0,0,0,0,0,0
"03416242",1,"2015","2014",2,0,0,"3",-0.4,-0.4,"12","D",0,0,0,"D",0,"D",0,"D",0,"D",0,"D",2500,"D",0,"D",0,"D",0,"D",0,"D",0,"D",0,"D",0,"D",200,"D",0,-255,0,0,-255,-255,0,0,2500,2500,2500.01,2500.01,0,0,0,0,0,0,0,0,2500,2500,0,0,0,0,0,0,3212,3212,323.81,323.81,0,0,0,0,0,0,0
"03416292",1,"2015","2014",0,0.153,0.153,"1",0.1395,0.1395,"12","D",0.0707,0.0707,0,"D",0,"D",63000,"D",0,"D",0,"D",0,"D",0,"D",0,"D",0,"D",1400,"D",50,"D",0,"D",0,"D",24936,"D",4129,2069,4137.42,4122.42,2069.05,2069.05,9639,9639,63000,63000,63000.01,63000.01,0,0,0,0,0,0,0,0,38064,38064,0,0,4137.42,4122.42,4137.42,4122.42,2200,2200,28442.2,28442.2,0,0,0,0,0,0,0
"03416292",2,"2015","2014",0,0.153,0.153,"1",0.25,0.25,"12","D",0.0763,0.0763,0,"D",0,"D",70000,"D",0,"D",0,"D",0,"D",0,"D",0,"D",0,"D",0,"D",0,"D",0,"D",0,"D",0,"D",10760,4560,10818.75,10718.75,4559.5,4559.5,10710,10710,70000,70000,70000.01,70000.01,0,0,0,0,0,0,0,0,70000,70000,0,0,10818.75,10718.75,10818.75,10718.75,2200,2200,4542.12,4542.12,0,0,0,0,0,0,0
"03416322",1,"2015","2014",2,0.153,0.153,"2",0.15,0.15,"0","T",0,0,0,"D",0,"D",2500,"D",100000,"D",-5221,"D",0,"D",0,"D",0,"D",0,"D",700,"D",0,"D",800,"D",2,"D",8020,"D",7251,0,7294.35,7219.35,0,0,15682.5,15682.5,97279,97279,0,0,2000,2000,0,0,160,160,0,0,97279,97279,0,0,9454.35,9379.35,9454.35,9379.35,0,0,0,0,0,0,0,0,0,0,0
"03416332",1,"2015","2014",0,0,0,"2",0.2494,0.2494,"47","D",0.05,0.05,2,"D",2,"D",0,"D",0,"D",-33000,"D",96696,"D",47228,"D",0,"D",0,"D",11200,"D",1163,"D",0,"D",0,"D",5328,"D",10978,667,11065.27,10915.27,667.25,667.25,0,0,103839.8,103839.8,39696.01,39696.01,0,0,0,0,0,0,0,0,98511.8,98511.8,0,0,11065.27,10915.27,11065.27,10915.27,6000,6000,17691,17691,0,0,0,0,0,0,0
"03416382",1,"2015","2014",2,0.0823,0.0823,"2",0.2788,0.2788,"10","D",0,0,0,"D",0,"D",94000,"D",169299,"D",0,"D",0,"D",0,"D",0,"D",0,"D",5000,"D",50,"D",0,"D",2,"D",40552,"D",43092,0,43239.11,42987.61,0,0,33919.36,34105.36,263299,263299,0,0,0,0,0,0,0,0,0,0,222747,222747,0,0,43239.11,42987.61,43239.11,42987.61,0,0,0,0,0,0,0,0,0,0,0
"03416392",1,"2015","2014",0,0.153,0.153,"1",-0.0765,-0.0765,"48","D",0,0,0,"D",0,"D",1600,"D",0,"D",0,"D",0,"D",15874,"D",0,"D",7800,"D",0,"D",102,"D",0,"D",0,"D",0,"D",-122,0,-122.4,-122.4,0,0,244.8,244.8,1600,1600,0,0,0,0,0,0,0,0,122.4,122.4,1600,1600,0,0,0,0,0,0,0,0,0,0,0,0,0,0,0,0,0
"03416402",1,"2015","2014",0,0.153,0.153,"2",0.15,0.15,"17","D",0.046,0.048,0,"D",0,"D",51037,"D",0,"D",0,"D",0,"D",26638,"D",0,"D",3900,"D",0,"D",503,"D",0,"D",0,"D",0,"D",7064,1233,7099.4,7039.4,1243.78,1225.7,7808.66,7808.66,73679.3,73679.3,51037.01,51037.01,0,0,0,0,0,0,0,0,73679.3,73679.3,0,0,7099.4,7039.4,7099.4,7039.4,7500,7500,0,0,0,0,0,0,0,0,0
"03416412",1,"2015","2014",2,0.153,0.153,"3",-0.55,-0.55,"06","D",-0.04,0,0,"D",0,"D",9779,"D",0,"D",0,"D",0,"D",0,"D",0,"D",10740,"D",0,"D",0,"D",0,"D",2,"D",0,"D",-4928,-236,-4928.45,-4928.45,0,-404.16,1496.19,1496.19,9779,9779,0,0,0,0,1016.85,1016.85,0,0,3911.6,3911.6,9779,9779,0,0,0,0,0,0,0,0,0,0,0,0,0,0,0,391.16,0
"03416412",2,"2015","2014",0,0.153,0.153,"1",0.15,0.15,"06","D",0.0463,0.0463,0,"D",0,"D",28000,"D",0,"D",0,"D",0,"D",0,"D",0,"D",0,"D",0,"D",0,"D",0,"D",0,"D",0,"D",2206,815,2223.75,2193.75,826.46,806.51,4284,4284,28000,28000,0,0,0,0,0,0,0,0,0,0,28000,28000,0,0,2223.75,2193.75,2223.75,2193.75,0,0,0,0,0,0,0,0,0,0,0
"03416452",1,"2015","2014",3,0,0,"3",-0.45,-0.45,"28","D",-0.045,-0.045,0,"D",0,"D",0,"D",0,"D",0,"D",1400,"D",0,"D",0,"D",0,"D",400,"D",35,"D",0,"D",0,"D",1200,"D",0,0,0,0,0,0,0,0,1400,1400,1400.01,1400.01,0,0,0,0,0,0,0,0,1400,1400,0,0,0,0,0,0,9100,9250,0,0,0,0,0,0,0,0,0
"03416462",1,"2015","2014",2,0.153,0.153,"2",0.3,0.3,"34","D",0.0575,0.058,0,"D",0,"D",61508,"D",56383,"D",0,"D",0,"D",0,"D",0,"D",0,"D",800,"D",160,"D",0,"D",1,"D",0,"D",13399,5938,13529.8,13304.8,5967.68,5916.23,18037.32,18037.32,117891,117891,117891.01,117891.01,605.45,605.45,0,0,0,0,0,0,117891,117891,0,0,14135.25,13910.25,14135.25,13910.25,15000,15000,800,800,0,0,0,0,0,0,0
"03416462",2,"2015","2014",2,0,0,"3",-0.4,-0.4,"34","D",0,0,0,"D",0,"D",0,"D",0,"D",0,"D",0,"D",0,"D",0,"D",0,"D",0,"D",0,"D",0,"D",1,"D",0,"D",0,0,0,0,0,0,0,0,0,0,0.01,0.01,0,0,0,0,0,0,0,0,0,0,0,0,0,0,0,0,12000,12000,0,0,0,0,0,0,0,0,0
"03416492",1,"2015","2014",1,0.153,0.153,"2",0.15,0.15,"0","T",0,0,0,"D",0,"D",42610,"D",25301,"D",340,"D",0,"D",0,"D",0,"D",12600,"D",0,"D",0,"D",0,"D",1,"D",0,"D",4653,0,4692.65,4625.15,0,0,10390.38,10390.38,68251,68251,0,0,1000,1000,0,0,0,0,0,0,68251,68251,0,0,5692.65,5625.15,5692.65,5625.15,0,0,0,0,0,0,0,0,0,0,0
"03416512",1,"2015","2014",0,0.153,0.153,"2",0.25,0.25,"02","D",0,0,0,"D",0,"D",75556,"D",63191,"D",-11561,"D",0,"D",0,"D",0,"D",13200,"D",400,"D",23,"D",0,"D",0,"D",160,"D",18317,0,18434,18234,0,0,21228.29,21228.29,127186,127186,0,0,0,0,0,0,0,0,0,0,127186,127186,0,0,18434,18234,18434,18234,0,0,0,0,0,0,0,0,0,0,0
"03416522",1,"2015","2014",0,0,0,"1",0.1,0.1,"45","D",0,0,1,"D",1,"D",0,"D",0,"D",0,"D",18000,"D",11062,"D",0,"D",0,"D",1500,"D",0,"D",0,"D",0,"D",2400,"D",621,0,630,615,0,0,0,0,18000,18000,18000.01,18000.01,0,0,0,0,0,0,0,0,18000,18000,0,0,630,615,630,615,0,0,0,0,0,0,0,0,0,0,0
"03416542",1,"2015","2014",0,0.153,0.153,"1",-0.0765,-0.0765,"0","T",0,0,0,"D",0,"D",4000,"D",0,"D",0,"D",0,"D",0,"D",0,"D",5940,"D",0,"D",0,"D",0,"D",0,"D",0,"D",-306,0,-306,-306,0,0,612,612,4000,4000,0,0,0,0,0,0,0,0,306,306,4000,4000,0,0,0,0,0,0,0,0,0,0,0,0,0,0,0,0,0
"03416592",1,"2015","2014",1,0.153,0.153,"2",0.2486,0.2486,"44","D",0,0,0,"D",0,"D",103000,"D",53000,"D",-5500,"D",0,"D",0,"D",0,"D",0,"D",4000,"D",3871,"D",0,"D",1,"D",17652,"D",19537,0,19631.37,19468.87,0,0,23868,23868,150500,150500,0,0,0,0,0,0,0,0,0,0,132848,132848,0,0,19631.37,19468.87,19631.37,19468.87,0,0,0,0,0,0,0,0,0,0,0
"03416622",1,"2015","2014",2,0.153,0.153,"2",0.15,0.15,"14","D",0.0375,0.05,0,"D",0,"D",66000,"D",0,"D",0,"D",0,"D",0,"D",0,"D",0,"D",1800,"D",630,"D",0,"D",0,"D",5412,"D",4719,2364,4762.5,4687.5,2785,2062.5,10098,10098,66000,66000,66000.01,66000.01,0,0,0,0,0,0,0,0,66000,66000,0,0,4762.5,4687.5,4762.5,4687.5,0,0,0,0,90,90,0,0,0,0,0
"03416622",2,"2015","2014",2,0,0,"3",-0.4,-0.4,"14","D",-0.04,-0.04,0,"D",0,"D",0,"D",0,"D",0,"D",0,"D",0,"D",0,"D",0,"D",0,"D",0,"D",0,"D",0,"D",0,"D",0,0,0,0,0,0,0,0,0,0,0.01,0.01,0,0,0,0,0,0,0,0,0,0,0,0,0,0,0,0,0,0,0,0,0,0,0,0,0,0,0
"03416652",1,"2015","2014",1,0.153,0.153,"2",0.2862,0.2862,"31","D",0.0553,0.0553,0,"D",0,"D",52000,"D",76000,"D",75,"D",0,"D",0,"D",0,"D",0,"D",6500,"D",75,"D",0,"D",1,"D",5076,"D",16728,3749,16822.59,16660.09,3748.64,3748.64,19584,19584,128075,128075,128075.01,128075.01,96.25,96.25,0,0,0,0,0,0,122999,122999,0,0,16918.84,16756.34,16918.84,16756.34,0,0,0,0,0,0,0,0,0,0,0
"03416662",1,"2015","2014",0,0.153,0.153,"1",0.1451,0.1451,"19","D",0.0329,0.0329,0,"D",0,"D",60000,"D",0,"D",-12996,"D",0,"D",0,"D",0,"D",0,"D",1200,"D",4368,"D",0,"D",0,"D",4368,"D",4328,1183,4337.15,4321.48,1180.09,1184.54,9180,9180,47004,47004,47004.01,47004.01,0,0,0,0,0,0,0,0,42636,42636,0,0,4337.15,4321.48,4337.15,4321.48,0,0,0,0,0,0,0,0,0,0,0
"03416712",1,"2015","2014",1,0.153,0.153,"2",0.15,0.15,"03","D",0.0336,0.0336,0,"D",0,"D",78808,"D",0,"D",0,"D",0,"D",0,"D",0,"D",0,"D",1600,"D",20,"D",0,"D",1,"D",2372,"D",6237,1718,6276.2,6208.7,1724.38,1714.02,12057.62,12057.62,78808,78808,78808.01,78808.01,1000,1000,0,0,0,0,0,0,78808,78808,0,0,7276.2,7208.7,7276.2,7208.7,10018,10182,5716.38,5706.02,0,0,0,0,0,0,0
"03416732",1,"2015","2014",3,0.153,0.153,"3",-0.6,-0.6,"43","D",0,0,0,"D",0,"D",10000,"D",0,"D",1600,"D",0,"D",0,"D",370,"D",600,"D",0,"D",0,"D",0,"D",3,"D",0,"D",-5550,0,-5550,-5550,0,0,1530,1530,11600,11600,0,0,0,0,1050,1050,0,0,4500,4500,11600,11600,0,0,0,0,0,0,0,0,0,0,0,0,0,0,0,0,0
"03416752",1,"2015","2014",0,0.153,0.153,"1",0.15,0.15,"23","D",0.0635,0.0635,0,"D",0,"D",32320,"D",0,"D",-1930,"D",0,"D",0,"D",0,"D",7080,"D",0,"D",50,"D",0,"D",0,"D",0,"D",2565,951,2582.25,2552.25,950.72,950.72,4944.96,4944.96,30390,30390,30390.01,30390.01,0,0,0,0,0,0,0,0,30390,30390,0,0,2582.25,2552.25,2582.25,2552.25,0,0,0,0,170.86,170.86,0,0,0,0,0
"03416772",1,"2015","2014",1,0.153,0.153,"3",0,0,"34","D",0,0,0,"D",0,"D",10000,"D",0,"D",440,"D",0,"D",0,"D",0,"D",0,"D",150,"D",70,"D",0,"D",1,"D",0,"D",-4337,0,-4305,-4359,0,0,1530,1530,10440,10440,10440.01,10440.01,0,0,1000,1000,0,0,3305,3359,10440,10440,0,0,0,0,0,0,12000,12000,150,150,0,0,0,0,0,0,0
"03416792",1,"2015","2014",0,0.153,0.153,"2",0.1492,0.1492,"10","D",0,0,0,"D",0,"D",43000,"D",75000,"D",-5204,"D",0,"D",0,"D",0,"D",0,"D",5000,"D",0,"D",0,"D",0,"D",32740,"D",8985,0,9002.7,8972.7,0,0,18054,18054,112796,112796,0,0,0,0,0,0,0,0,0,0,80056,80056,0,0,9002.7,8972.7,9002.7,8972.7,0,0,0,0,0,0,0,0,0,0,0
"03416804",1,"2015","2014",0,0.153,0.153,"2",0.15,0.15,"05","D",0.06,0.06,0,"D",0,"D",50000,"D",17000,"D",0,"D",0,"D",0,"D",0,"D",22800,"D",0,"D",430,"D",0,"D",0,"D",2400,"D",6063,1135,6097.5,6037.5,1155.24,1120.38,10251,10251,67000,67000,67000.01,67000.01,0,0,0,0,0,0,0,0,67000,67000,0,0,6097.5,6037.5,6097.5,6037.5,7984,8088,2830,2830,0,0,0,0,0,0,0
"03416812",1,"2015","2014",0,0,0,"1",-0.0765,-0.0765,"26","D",0,0,0,"D",0,"D",0,"D",0,"D",0,"D",0,"D",0,"D",0,"D",0,"D",1200,"D",0,"D",0,"D",0,"D",5,"D",0,0,0,0,0,0,0,0,0,0,0.01,0.01,0,0,0,0,0,0,0,0,0,0,0,0,0,0,0,0,6200,6300,0,0,0,0,0,0,0,0,0
"03416832",1,"2015","2014",2,0.153,0.153,"3",0.3106,0.3106,"05","D",0,0,0,"D",0,"D",23234,"D",0,"D",0,"D",0,"D",0,"D",0,"D",0,"D",800,"D",0,"D",0,"D",0,"D",0,"D",-4202,0,-4093.52,-4278.91,0,0,3554.8,3554.8,23234,23234,23234.01,23234.01,0,0,0,0,0,0,4321.92,4477.31,23234,23234,0,0,228.4,198.4,228.4,198.4,7984,8088,800,800,0,0,0,0,0,0,0
"03416832",3,"2015","2014",2,0,0,"3",-0.4,-0.4,"05","D",0,0,0,"D",0,"D",0,"D",0,"D",0,"D",0,"D",0,"D",0,"D",0,"D",0,"D",0,"D",0,"D",0,"D",0,"D",0,0,0,0,0,0,0,0,0,0,0.01,0.01,0,0,0,0,0,0,0,0,0,0,0,0,0,0,0,0,7984,8088,0,0,0,0,0,0,0,0,0
"03416852",1,"2015","2014",0,0,0,"1",0,0,"33","D",0,0,1,"D",1,"D",0,"D",0,"D",8000,"D",2300,"D",24502,"D",0,"D",0,"D",5500,"D",0,"D",0,"D",0,"D",300,"D",0,0,0,0,0,0,0,0,10300,10300,8000.01,8000.01,0,0,0,0,0,0,0,0,10300,10300,0,0,0,0,0,0,7800,7900,0,0,0,0,0,0,0,0,0
"03416862",1,"2015","2014",0,0.153,0.153,"2",0.1,0.1,"43","D",0,0,0,"D",0,"D",20000,"D",9000,"D",0,"D",0,"D",0,"D",0,"D",7620,"D",0,"D",0,"D",0,"D",0,"D",0,"D",853,0,870,840,0,0,4437,4437,29000,29000,0,0,0,0,0,0,0,0,0,0,29000,29000,0,0,870,840,870,840,0,0,0,0,0,0,0,0,0,0,0
"03416882",1,"2015","2014",0,0.153,0.153,"1",0.25,0.25,"05","D",0.093,0.093,0,"D",0,"D",65000,"D",0,"D",0,"D",0,"D",0,"D",0,"D",0,"D",0,"D",0,"D",0,"D",0,"D",0,"D",9510,3052,9568.75,9468.75,3074.54,3036.34,9945,9945,65000,65000,65000.01,65000.01,0,0,0,0,0,0,0,0,65000,65000,0,0,9568.75,9468.75,9568.75,9468.75,3992,4044,0,0,0,0,0,0,0,0,0
"03416922",1,"2015","2014",3,0.153,0.153,"3",-0.6,-0.6,"14","D",-0.0075,0.005,0,"D",0,"D",12000,"D",0,"D",0,"D",0,"D",0,"D",0,"D",0,"D",0,"D",0,"D",0,"D",2,"D",0,"D",-6750,-393,-6750,-6750,-365,-412.5,1836,1836,12000,12000,12000.01,12000.01,0,0,1350,1350,0,0,5400,5400,12000,12000,0,0,0,0,0,0,0,0,0,0,0,0,0,0,540,540,0
"03416932",1,"2015","2014",0,0.153,0.153,"1",0.15,0.15,"39","D",0.0307,0.0307,0,"D",0,"D",26344,"D",0,"D",6042,"D",0,"D",0,"D",0,"D",0,"D",1000,"D",0,"D",0,"D",0,"D",0,"D",2864,994,2881.65,2851.65,994.25,994.25,4030.63,4030.63,32386,32386,32386.01,32386.01,0,0,0,0,0,0,0,0,32386,32386,0,0,2881.65,2851.65,2881.65,2851.65,0,0,0,0,0,0,0,0,0,0,0
"03416942",1,"2015","2014",2,0.153,0.153,"3",0.0606,0.0606,"0","T",0,0,0,"D",0,"D",15600,"D",0,"D",3756,"D",0,"D",0,"D",0,"D",5400,"D",0,"D",0,"D",0,"D",2,"D",0,"D",-6742,0,-6622.62,-6828.02,0,0,2386.8,2386.8,19356,19356,0,0,0,0,1890,1890,0,0,4732.62,4938.02,19356,19356,0,0,0,0,0,0,0,0,0,0,0,0,0,0,0,0,0
"03416962",1,"2015","2014",0,0.153,0.153,"1",0.1765,0.1765,"44","D",0,0,0,"D",0,"D",14504,"D",0,"D",0,"D",0,"D",0,"D",0,"D",0,"D",1100,"D",0,"D",0,"D",0,"D",0,"D",409,0,428.54,395.83,0,0,2219.11,2219.11,14504,14504,0,0,0,0,0,0,0,0,6.86,24.57,14504,14504,0,0,435.4,420.4,435.4,420.4,0,0,0,0,0,0,0,0,0,0,0
"03416982",1,"2015","2014",0,0.153,0.153,"2",0.1488,0.1488,"05","D",0.04,0.04,0,"D",0,"D",58498,"D",11033,"D",0,"D",0,"D",0,"D",0,"D",0,"D",2800,"D",9128,"D",0,"D",0,"D",10088,"D",4882,787,4899.61,4869.61,794.73,781.17,10638.24,10638.24,69531,69531,69531.01,69531.01,0,0,0,0,0,0,0,0,59443,59443,0,0,4899.61,4869.61,4899.61,4869.61,7984,8088,22016,22016,0,0,0,0,0,0,0
"03417012",1,"2015","2014",2,0.153,0.153,"2",0.3106,0.3095,"44","D",0,0,0,"D",0,"D",31941,"D",0,"D",0,"D",0,"D",0,"D",0,"D",0,"D",6000,"D",510,"D",0,"D",2,"D",5308,"D",-5381,0,-5259.65,-5467.82,0,0,4886.97,4886.97,31941,31941,0,0,372.13,334.1,1627.87,1665.9,0,0,3631.78,3801.92,26633,31941,0,0,372.13,334.1,372.13,334.1,0,0,0,0,0,0,0,0,0,0,0
"03417042",1,"2015","2014",0,0.153,0.153,"1",0.25,0.25,"28","D",0.0684,0.0684,0,"D",0,"D",58661,"D",0,"D",0,"D",0,"D",0,"D",0,"D",17800,"D",0,"D",37,"D",0,"D",0,"D",3720,"D",7926,2615,7984,7884,2628.13,2605.98,8975.13,8975.13,58661,58661,58661.01,58661.01,0,0,0,0,0,0,0,0,58661,58661,0,0,7984,7884,7984,7884,6200,6300,0,0,0,0,0,0,0,0,0
"03417052",1,"2015","2014",7,0.153,0.153,"2",0.3106,0.3106,"36","D",0.0462,0.0482,0,"D",0,"D",17000,"D",35117,"D",114,"D",0,"D",0,"D",0,"D",0,"D",2100,"D",0,"D",0,"D",6,"D",5416,"D",-5757,615,-5613.61,-5859.74,649.29,589.99,7973.9,7973.9,52231,52231,52231.01,52231.01,428.1,363.1,5571.9,5636.9,0,0,41.71,222.84,52231,52231,0,0,428.1,363.1,428.1,363.1,0,0,0,0,0,0,0,0,4.17,22.28,0
"03417052",2,"2015","2014",7,0,0,"3",-0.45,-0.45,"36","D",0,0,0,"D",0,"D",0,"D",0,"D",0,"D",0,"D",0,"D",0,"D",0,"D",0,"D",0,"D",0,"D",6,"D",0,"D",0,0,0,0,0,0,0,0,0,0,0.01,0.01,0,0,0,0,0,0,0,0,0,0,0,0,0,0,0,0,0,0,0,0,0,0,0,0,0,0,0
"03417082",1,"2015","2014",2,0.0533,0.0533,"2",0.27,0.27,"01","D",0.0358,0.0358,0,"D",0,"D",160000,"D",39000,"D",-600,"D",0,"D",0,"D",0,"D",0,"D",1300,"D",0,"D",0,"D",2,"D",9988,"D",33153,6838,33301.26,33047.81,6833.84,6840.77,25115,25301,198400,198400,198400.01,198400.01,0,0,0,0,0,0,0,0,188412,188412,0,0,33301.26,33047.81,33301.26,33047.81,4000,4000,23222,23336.75,0,0,0,0,0,0,0
"03417102",1,"2015","2014",0,0.038,0.038,"1",0.35,0.35,"33","D",0.0665,0.0685,0,"D",0,"D",228786,"D",0,"D",0,"D",0,"D",0,"D",0,"D",0,"D",17700,"D",4895,"D",0,"D",0,"D",0,"D",53188,14264,53430.1,53015.1,14511.02,14087.34,21401.87,21587.87,228786,228786,228786.01,228786.01,0,0,0,0,0,0,0,0,228786,228786,7620.96,7274.83,45809.14,45740.27,45809.14,45740.27,7800,7900,16946.25,16946.25,0,0,0,0,0,0,0
"03417112",1,"2015","2014",0,0.153,0.153,"1",0.15,0.15,"45","D",0.063,0.063,0,"D",0,"D",41999,"D",0,"D",300,"D",0,"D",0,"D",0,"D",0,"D",1800,"D",220,"D",0,"D",0,"D",0,"D",4351,1932,4368.6,4338.6,1938.42,1927.37,6425.85,6425.85,42299,42299,42299.01,42299.01,0,0,0,0,0,0,0,0,42299,42299,0,0,4368.6,4338.6,4368.6,4338.6,0,0,0,0,0,0,0,0,0,0,0
"03417132",1,"2015","2014",0,0,0,"1",-0.0765,-0.0765,"0","T",0,0,0,"D",0,"D",0,"D",0,"D",0,"D",0,"D",0,"D",0,"D",0,"D",1100,"D",0,"D",0,"D",0,"D",480,"D",0,0,0,0,0,0,0,0,0,0,0,0,0,0,0,0,0,0,0,0,0,0,0,0,0,0,0,0,0,0,0,0,0,0,0,0,0,0,0
"03417142",1,"2015","2014",1,0,0,"3",-0.34,-0.34,"44","D",0,0,1,"D",1,"D",0,"D",0,"D",0,"D",0,"D",21862,"D",0,"D",20040,"D",0,"D",296,"D",0,"D",0,"D",780,"D",0,0,0,0,0,0,0,0,0,0,0,0,0,0,0,0,0,0,0,0,0,0,0,0,0,0,0,0,0,0,0,0,0,0,0,0,0,0,0
"03417192",1,"2015","2014",3,0.038,0.038,"3",0.35,0.35,"23","D",0.0425,0.0425,0,"D",0,"D",228786,"D",0,"D",0,"D",0,"D",0,"D",0,"D",0,"D",5000,"D",177,"D",0,"D",1,"D",12728,"D",48733,9043,48975.3,48560.3,9043.41,9043.41,21401.87,21587.87,228786,228786,228786.01,228786.01,0,0,0,0,0,0,0,0,216058,216058,6298.77,6091.27,42676.53,42469.03,42676.53,42469.03,0,0,0,0,0,0,0,0,0,0,0
"03417202",1,"2015","2014",0,0,0,"1",0,0,"41","D",0,0,1,"D",1,"D",0,"D",0,"D",0,"D",0,"D",18413,"D",0,"D",5700,"D",0,"D",0,"D",0,"D",0,"D",0,"D",0,0,0,0,0,0,0,0,0,0,-15000,-15000,0,0,0,0,0,0,0,0,0,0,0,0,0,0,0,0,0,0,0,0,0,0,0,0,0,0,0
"03417212",1,"2015","2014",0,0,0,"1",0,0,"14","D",0,0,1,"D",1,"D",0,"D",0,"D",0,"D",0,"D",7054,"D",0,"D",1848,"D",0,"D",0,"D",0,"D",0,"D",240,"D",0,0,0,0,0,0,0,0,0,0,0.01,0.01,0,0,0,0,0,0,0,0,0,0,0,0,0,0,0,0,0,0,0,0,0,0,0,0,0,0,0
"03417232",1,"2015","2014",0,0.029,0.029,"1",0.2267,0.2267,"05","D",0.093,0.093,0,"D",0,"D",120000,"D",0,"D",-476,"D",0,"D",0,"D",0,"D",0,"D",6600,"D",2600,"D",0,"D",0,"D",17100,"D",16618,6051,16657.09,16590.43,6070.62,6037.27,17988,18174,119524,119524,119524.01,119524.01,0,0,0,0,0,0,0,0,102424,102424,0,0,16657.09,16590.43,16657.09,16590.43,3992,4044,26300,26300,0,0,0,0,0,0,0
"03417242",1,"2015","2014",0,0,0,"1",-0.0765,-0.0765,"23","D",0.0339,0.0339,0,"D",0,"D",0,"D",0,"D",0,"D",0,"D",10210,"D",0,"D",6600,"D",0,"D",0,"D",0,"D",0,"D",0,"D",0,-624,0,0,-623.88,-623.88,0,0,0,0,0.01,0.01,0,0,0,0,0,0,0,0,0,0,0,0,0,0,0,0,0,0,0,0,577.57,577.57,0,0,0,0,0
"03417252",1,"2015","2014",3,0.153,0.153,"2",0,0,"38","D",0,0.07,0,"D",0,"D",20000,"D",0,"D",0,"D",0,"D",0,"D",0,"D",0,"D",10,"D",40,"D",0,"D",2,"D",0,"D",-8201,-489,-8143,-8242,-474.62,-499.36,3060,3060,20000,20000,20000.01,20000.01,0,0,2000,2000,0,0,6143,6242,20000,20000,0,0,0,0,0,0,4231.2,4289.91,50,50,0,0,0,0,491.44,499.36,0
"03417252",2,"2015","2014",0,0.153,0.153,"1",-0.0765,-0.0765,"38","D",0.0639,0.0639,0,"D",0,"D",6448,"D",0,"D",0,"D",0,"D",0,"D",0,"D",0,"D",0,"D",0,"D",0,"D",0,"D",0,"D",-493,3,-493.27,-493.27,6.81,0.75,986.54,986.54,6448,6448,6448.01,6448.01,0,0,0,0,0,0,493.27,493.27,6448,6448,0,0,0,0,0,0,2115.6,2144.96,0,0,0,0,0,0,39.46,39.46,0
"03417282",1,"2015","2014",2,0.153,0.153,"2",0.15,0.15,"0","T",0,0,0,"D",0,"D",0,"D",45456,"D",0,"D",0,"D",12286,"D",0,"D",0,"D",2800,"D",905,"D",0,"D",0,"D",4248,"D",3204,0,3247.37,3172.37,0,0,6954.77,6954.77,55899.1,55899.1,0,0,0,0,0,0,0,0,0,0,55899.1,55899.1,0,0,3247.37,3172.37,3247.37,3172.37,0,0,0,0,0,0,0,0,0,0,0
"03417282",2,"2015","2014",0,0.153,0.153,"1",0.15,0.15,"0","T",0,0,0,"D",0,"D",43583,"D",0,"D",0,"D",0,"D",0,"D",0,"D",0,"D",0,"D",0,"D",0,"D",0,"D",0,"D",4544,0,4561.2,4531.2,0,0,6668.2,6668.2,43583,43583,0,0,0,0,0,0,0,0,0,0,43583,43583,0,0,4561.2,4531.2,4561.2,4531.2,0,0,0,0,0,0,0,0,0,0,0
"03417292",1,"2015","2014",2,0,0,"3",-0.4,-0.4,"39","D",0,0,0,"D",0,"D",0,"D",0,"D",1,"D",900,"D",0,"D",0,"D",0,"D",1000,"D",0,"D",0,"D",0,"D",2100,"D",0,0,0,0,0,0,0,0,901,901,901.01,901.01,0,0,0,0,0,0,0,0,901,901,0,0,0,0,0,0,0,0,0,0,0,0,0,0,0,0,0
"03417302",1,"2015","2014",1,0.153,0.153,"2",0.15,0.25,"10","D",0,0,0,"D",0,"D",99205,"D",0,"D",0,"D",0,"D",0,"D",0,"D",0,"D",1800,"D",0,"D",0,"D",1,"D",0,"D",9345,0,9451.25,9268.25,0,0,15178.36,15178.36,99205,99205,0,0,1000,1000,0,0,0,0,0,0,99205,99205,0,0,10451.25,10268.25,10451.25,10268.25,0,0,0,0,0,0,0,0,0,0,0
"03417332",1,"2015","2014",3,0.153,0.153,"3",0.3606,0.3606,"41","D",0.07,0.07,0,"D",0,"D",41238,"D",0,"D",0,"D",0,"D",0,"D",0,"D",0,"D",1300,"D",0,"D",0,"D",0,"D",0,"D",456,640,589.93,361.03,654.06,629.56,6309.41,6309.41,41238,41238,16338.01,15988.01,0,0,0,0,0,0,1213.27,1379.67,41238,41238,0,0,1803.2,1740.7,1803.2,1740.7,0,0,0,0,0,0,0,0,0,0,0
"03417332",2,"2015","2014",0,0.153,0.153,"1",0.15,0.15,"41","D",0.07,0.07,0,"D",0,"D",32539,"D",0,"D",0,"D",0,"D",0,"D",0,"D",0,"D",0,"D",0,"D",0,"D",0,"D",0,"D",2887,1072,2904.6,2874.6,1077.63,1067.13,4978.47,4978.47,32539,32539,22389.01,22239.01,0,0,0,0,0,0,0,0,32539,32539,0,0,2904.6,2874.6,2904.6,2874.6,0,0,0,0,0,0,0,0,0,0,0
"03417362",1,"2015","2014",2,0.153,0.153,"2",0.25,0.25,"02","D",0,0,0,"D",0,"D",110000,"D",0,"D",4045,"D",62000,"D",0,"D",0,"D",0,"D",5900,"D",2884,"D",0,"D",2,"D",372,"D",28543,0,28673.75,28448.75,0,0,16830,16830,176045,176045,0,0,0,0,0,0,0,0,0,0,176045,176045,0,0,28673.75,28448.75,28673.75,28448.75,0,0,0,0,0,0,0,0,0,0,0
"03417362",2,"2015","2014",0,0.153,0.153,"1",0.25,0.25,"02","D",0,0,0,"D",0,"D",55866,"D",0,"D",0,"D",0,"D",0,"D",0,"D",0,"D",0,"D",0,"D",0,"D",0,"D",0,"D",7227,0,7285.25,7185.25,0,0,8547.5,8547.5,55866,55866,0,0,0,0,0,0,0,0,0,0,55866,55866,0,0,7285.25,7185.25,7285.25,7185.25,0,0,0,0,0,0,0,0,0,0,0
"03417362",3,"2015","2014",0,0.153,0.153,"1",0.15,0.15,"02","D",0,0,0,"D",0,"D",22000,"D",0,"D",0,"D",0,"D",0,"D",0,"D",0,"D",0,"D",0,"D",0,"D",0,"D",0,"D",1306,0,1323.75,1293.75,0,0,3366,3366,22000,22000,0,0,0,0,0,0,0,0,0,0,22000,22000,0,0,1323.75,1293.75,1323.75,1293.75,0,0,0,0,0,0,0,0,0,0,0
"03417412",1,"2015","2014",0,0.153,0.153,"2",0.15,0.15,"37","D",0.05,0.05,1,"D",1,"D",27000,"D",0,"D",0,"D",0,"D",23062,"D",0,"D",0,"D",570,"D",130,"D",0,"D",0,"D",0,"D",856,269,876.55,841.55,275,265,4131,4131,30265.5,30265.5,27000.01,27000.01,0,0,0,0,0,0,0,0,30265.5,30265.5,0,0,876.55,841.55,876.55,841.55,12400,12600,0,0,0,0,0,0,0,0,0
"03417432",1,"2015","2014",0,0.153,0.153,"1",0.15,0.15,"45","D",0.063,0.063,0,"D",0,"D",29841,"D",0,"D",0,"D",0,"D",0,"D",0,"D",7800,"D",0,"D",540,"D",0,"D",0,"D",0,"D",2482,1147,2499.9,2469.9,1153.56,1142.52,4565.67,4565.67,29841,29841,29841.01,29841.01,0,0,0,0,0,0,0,0,29841,29841,0,0,2499.9,2469.9,2499.9,2469.9,0,0,0,0,0,0,0,0,0,0,0
"03417452",1,"2015","2014",0,0,0,"1",0,0,"30","D",0,0,1,"D",1,"D",0,"D",0,"D",0,"D",3797,"D",18410,"D",0,"D",0,"D",5000,"D",0,"D",0,"D",0,"D",0,"D",0,0,0,0,0,0,0,0,3797,3797,0,0,0,0,0,0,0,0,0,0,3797,3797,0,0,0,0,0,0,0,0,0,0,0,0,0,0,0,0,0
"03417472",1,"2015","2014",1,0.153,0.153,"3",0.1414,0.1413,"34","D",0.0575,0.058,0,"D",0,"D",49600,"D",0,"D",0,"D",1300,"D",0,"D",0,"D",0,"D",1200,"D",0,"D",0,"D",1,"D",7740,"D",3125,2145,3138.07,3115.99,2156.2,2136.75,7588.8,7588.8,50900,50900,50900.01,50900.01,1000,1000,0,0,0,0,0,0,43160,43160,0,0,4138.07,4115.99,4138.07,4115.99,12000,12000,8940,8940,0,0,0,0,0,0,0
"03417472",2,"2015","2014",0,0.153,0.153,"1",0.15,0.15,"34","D",0.0575,0.058,0,"D",0,"D",32000,"D",0,"D",0,"D",0,"D",0,"D",0,"D",0,"D",0,"D",0,"D",0,"D",0,"D",0,"D",2806,1414,2823.75,2793.75,1421,1408.75,4896,4896,32000,32000,32000.01,32000.01,0,0,0,0,0,0,0,0,32000,32000,0,0,2823.75,2793.75,2823.75,2793.75,7500,7500,0,0,0,0,0,0,0,0,0
"03417502",1,"2015","2014",5,0.153,0.153,"2",0.15,0.15,"45","D",0.063,0.063,0,"D",0,"D",0,"D",87537,"D",0,"D",0,"D",0,"D",0,"D",16140,"D",0,"D",0,"D",0,"D",5,"D",3000,"D",1159,3154,1215.55,1118.05,3173.24,3139.91,13393.16,13393.16,87537,87537,87537.01,87537.01,5000,5000,0,0,0,0,0,0,87537,87537,0,0,6215.55,6118.05,6215.55,6118.05,0,0,0,0,0,0,0,0,0,0,0
"03417522",1,"2015","2014",2,0.153,0.153,"2",0.1489,0.1489,"44","D",0,0,0,"D",0,"D",46000,"D",44429,"D",0,"D",0,"D",0,"D",0,"D",0,"D",3600,"D",213,"D",0,"D",2,"D",13436,"D",5507,0,5533.71,5488.71,0,0,13835.64,13835.64,90429,90429,0,0,2000,2000,0,0,0,0,0,0,76993,76993,0,0,7533.71,7488.71,7533.71,7488.71,0,0,0,0,0,0,0,0,0,0,0
"03417532",1,"2015","2014",2,0.153,0.153,"2",0.15,0.15,"0","T",0,0,0,"D",0,"D",25000,"D",45000,"D",-2250,"D",0,"D",0,"D",0,"D",0,"D",450,"D",290,"D",1200,"D",2,"D",12696,"D",2603,0,2629.6,2584.6,0,0,10710,10710,67750,67750,0,0,2000,2000,0,0,240,240,0,0,55054,55054,0,0,4869.6,4824.6,4869.6,4824.6,0,0,0,0,0,0,0,0,0,0,0
"03417562",1,"2015","2014",0,0,0,"1",0,0,"05","D",0,0,1,"D",1,"D",0,"D",0,"D",0,"D",0,"D",14400,"D",0,"D",0,"D",1700,"D",0,"D",0,"D",0,"D",0,"D",0,0,0,0,0,0,0,0,0,0,0.01,0.01,0,0,0,0,0,0,0,0,0,0,0,0,0,0,0,0,3992,4044,1700,1700,0,0,0,0,0,0,0
"03417612",1,"2015","2014",0,0.153,0.153,"1",0.2523,0.2523,"38","D",0.099,0.099,0,"D",0,"D",42463,"D",0,"D",59000,"D",60000,"D",0,"D",0,"D",0,"D",3100,"D",170,"D",0,"D",0,"D",2536,"D",31828,13417,31894.6,31779.99,13425.39,13411.49,6496.84,6496.84,161463,161463,161463.01,161463.01,0,0,0,0,0,0,0,0,158927,158927,0,0,31894.6,31779.99,31894.6,31779.99,2115.6,2144.96,5806,5806,0,0,0,0,0,0,0
"03417622",1,"2015","2014",0,0,0,"1",-0.0765,-0.0765,"0","T",0,0,0,"D",0,"D",0,"D",0,"D",0,"D",1400,"D",26662,"D",0,"D",0,"D",300,"D",10,"D",0,"D",0,"D",1572,"D",0,0,0,0,0,0,0,0,1400,1400,0,0,0,0,0,0,0,0,0,0,1400,1400,0,0,0,0,0,0,0,0,0,0,0,0,0,0,0,0,0
"03417652",1,"2015","2014",0,0.153,0.153,"1",0.25,0.25,"36","D",0.0346,0.037,1,"D",1,"D",70000,"D",0,"D",0,"D",0,"D",0,"D",0,"D",0,"D",2200,"D",0,"D",0,"D",0,"D",408,"D",10373,1843,10431.25,10331.25,1915.63,1791.74,10710,10710,70000,70000,70000.01,70000.01,0,0,0,0,0,0,0,0,70000,70000,0,0,10431.25,10331.25,10431.25,10331.25,0,0,0,0,0,0,0,0,0,0,0
"03417662",1,"2015","2014",2,0.153,0.153,"2",0.2805,0.2806,"33","D",0.078,0.0777,0,"D",0,"D",45000,"D",80000,"D",-1000,"D",0,"D",0,"D",0,"D",0,"D",6000,"D",0,"D",0,"D",1,"D",9096,"D",13028,6232,13071.45,12997.73,6468.2,6063.06,19125,19125,124000,124000,124000.01,124000.01,300,300,0,0,0,0,0,0,114904,114904,0,0,13371.45,13297.73,13371.45,13297.73,15650,15850,15096,15096,0,0,0,0,0,0,0
"03417692",1,"2015","2014",2,0.153,0.153,"2",0.15,0.15,"50","D",0.0751,0.0751,0,"D",0,"D",31971,"D",29187,"D",38,"D",0,"D",0,"D",0,"D",0,"D",2600,"D",30,"D",0,"D",2,"D",6612,"D",1998,1834,2041.9,1966.9,1851.79,1821.59,9357.17,9357.17,61196,61196,61196.01,61196.01,2000,2000,0,0,0,0,0,0,61196,61196,0,0,4041.9,3966.9,4041.9,3966.9,10159.71,10534.97,6612,6612,0,0,0,0,0,0,0
"03417704",1,"2015","2014",1,0.029,0.029,"2",0.2639,0.2638,"34","D",0.0575,0.058,0,"D",0,"D",228786,"D",0,"D",2500,"D",0,"D",0,"D",0,"D",29400,"D",1700,"D",500,"D",0,"D",1,"D",400,"D",44328,12482,44448.6,44241.38,12544.59,12436.45,21142.79,21328.79,231286,231286,231286.01,231286.01,0,0,0,0,0,0,0,0,230886,230886,0,0,44448.6,44241.38,44448.6,44241.38,15000,15000,2100,2100,0,0,0,0,0,0,0
"03417722",1,"2015","2014",1,0.038,0.038,"3",0.325,0.325,"36","D",0.046,0.0491,1,"D",0,"D",208177,"D",0,"D",0,"D",0,"D",0,"D",0,"D",0,"D",2900,"D",44,"D",0,"D",0,"D",5516,"D",44319,8011,44512.33,44180.83,8346.52,7770.75,20618.73,20804.73,208177,208177,208177.01,208177.01,0,0,0,0,0,0,0,0,202661,202661,2554.59,2241.38,41957.74,41939.45,41957.74,41939.45,0,0,0,0,0,0,0,0,0,0,0
"03417722",3,"2015","2014",0,0.153,0.153,"1",0.25,0.25,"36","D",0.0346,0.037,0,"D",0,"D",66004,"D",0,"D",0,"D",0,"D",0,"D",0,"D",0,"D",0,"D",0,"D",0,"D",0,"D",0,"D",9761,1751,9819.75,9719.75,1817.86,1703.28,10098.61,10098.61,66004,66004,66004.01,66004.01,0,0,0,0,0,0,0,0,66004,66004,0,0,9819.75,9719.75,9819.75,9719.75,0,0,0,0,0,0,0,0,0,0,0
"03417742",1,"2015","2014",3,0,0,"3",-0.45,-0.45,"05","D",0,0,0,"D",0,"D",0,"D",0,"D",0,"D",0,"D",0,"D",0,"D",1200,"D",0,"D",0,"D",0,"D",1,"D",0,"D",0,0,0,0,0,0,0,0,0,0,0.01,0.01,0,0,0,0,0,0,0,0,0,0,0,0,0,0,0,0,7984,8088,0,0,0,0,0,0,0,0,0
"03417762",1,"2015","2014",2,0,0,"3",-0.4,-0.4,"31","D",-0.12,-0.08,0,"D",0,"D",0,"D",0,"D",0,"D",0,"D",0,"D",0,"D",0,"D",9000,"D",0,"D",0,"D",0,"D",1150,"D",0,0,0,0,0,0,0,0,0,0,0.01,0.01,0,0,0,0,0,0,0,0,0,0,0,0,0,0,0,0,0,0,0,0,0,0,0,0,0,0,0
"03417772",1,"2015","2014",0,0,0,"1",0,0,"14","D",0,0,1,"D",1,"D",0,"D",0,"D",0,"D",1408,"D",16025,"D",0,"D",0,"D",3500,"D",10,"D",0,"D",0,"D",480,"D",0,0,0,0,0,0,0,0,1408,1408,0.01,0.01,0,0,0,0,0,0,0,0,1408,1408,0,0,0,0,0,0,0,0,0,0,0,0,0,0,0,0,0
"03417822",1,"2015","2014",0,0.153,0.153,"1",0.2486,0.2486,"10","D",0,0,1,"D",1,"D",80906,"D",0,"D",0,"D",0,"D",0,"D",0,"D",0,"D",3500,"D",0,"D",0,"D",0,"D",8396,"D",11880,0,11923.63,11848.63,0,0,12378.62,12378.62,80906,80906,0,0,0,0,0,0,0,0,0,0,72510,72510,0,0,11923.63,11848.63,11923.63,11848.63,0,0,0,0,0,0,0,0,0,0,0
"03417822",2,"2015","2014",0,0,0,"1",0,0,"10","D",0,0,1,"D",1,"D",0,"D",0,"D",0,"D",0,"D",0,"D",0,"D",0,"D",0,"D",0,"D",0,"D",0,"D",0,"D",0,0,0,0,0,0,0,0,0,0,0,0,0,0,0,0,0,0,0,0,0,0,0,0,0,0,0,0,0,0,0,0,0,0,0,0,0,0,0
"03417842",1,"2015","2014",0,0.153,0.153,"1",0.2484,0.2484,"44","D",0,0,0,"D",0,"D",72000,"D",0,"D",0,"D",0,"D",0,"D",0,"D",0,"D",7000,"D",1190,"D",0,"D",0,"D",5304,"D",9258,0,9301.63,9226.63,0,0,11016,11016,72000,72000,0,0,0,0,0,0,0,0,0,0,66696,66696,0,0,9301.63,9226.63,9301.63,9226.63,0,0,0,0,0,0,0,0,0,0,0
"03417892",1,"2015","2014",2,0,0,"3",-0.4,-0.4,"10","D",0,0,0,"D",0,"D",0,"D",0,"D",0,"D",0,"D",0,"D",0,"D",0,"D",3000,"D",0,"D",0,"D",0,"D",10112,"D",0,0,0,0,0,0,0,0,0,0,0,0,0,0,0,0,0,0,0,0,0,0,0,0,0,0,0,0,0,0,0,0,0,0,0,0,0,0,0
"03417922",1,"2015","2014",2,0,0,"3",-0.4,-0.4,"23","D",-0.0065,-0.0065,0,"D",0,"D",0,"D",0,"D",0,"D",0,"D",0,"D",0,"D",0,"D",2900,"D",0,"D",0,"D",0,"D",17711,"D",0,-1581,0,0,-1580.98,-1580.98,0,0,0,0,0.01,0.01,0,0,0,0,0,0,0,0,0,0,0,0,0,0,0,0,0,0,0,0,1200,1200,0,0,0,0,0
"03417932",1,"2015","2014",0,0.153,0.153,"2",0.15,0.15,"08","D",0.0555,0.0555,0,"D",0,"D",31511,"D",39000,"D",3600,"D",0,"D",0,"D",0,"D",0,"D",1100,"D",0,"D",0,"D",0,"D",3000,"D",7129,2759,7164.15,7104.15,2759.41,2759.41,10788.18,10788.18,74111,74111,74111.01,74111.01,0,0,0,0,0,0,0,0,74111,74111,0,0,7164.15,7104.15,7164.15,7104.15,6500,6500,4100,4100,0,0,0,0,0,0,0
"03417932",2,"2015","2014",1,0,0,"3",-0.34,-0.34,"08","D",0,0,0,"D",0,"D",0,"D",0,"D",0,"D",0,"D",0,"D",0,"D",0,"D",0,"D",0,"D",0,"D",0,"D",0,"D",0,0,0,0,0,0,0,0,0,0,0.01,0.01,0,0,0,0,0,0,0,0,0,0,0,0,0,0,0,0,3250,3250,0,0,0,0,0,0,0,0,0
"03417942",1,"2015","2014",1,0.153,0.153,"2",0.15,0.15,"28","D",0.0684,0.0684,0,"D",0,"D",60000,"D",21000,"D",0,"D",0,"D",0,"D",0,"D",8148,"D",0,"D",361,"D",0,"D",1,"D",0,"D",6566,2617,6605,6537.5,2643.84,2597.53,12393,12393,81000,81000,81000.01,81000.01,1000,1000,0,0,0,0,0,0,81000,81000,0,0,7605,7537.5,7605,7537.5,12400,12600,0,0,0,0,0,0,0,0,0
"03417952",1,"2015","2014",1,0.153,0.153,"2",0.25,0.25,"17","D",0.046,0.048,0,"D",0,"D",55964,"D",45469,"D",0,"D",0,"D",0,"D",0,"D",0,"D",2500,"D",130,"D",0,"D",1,"D",0,"D",9884,3488,10008.25,9795.75,3554.78,3440.42,15519.25,15519.25,101433,101433,101433.01,101433.01,1000,1000,0,0,0,0,0,0,101433,101433,0,0,11008.25,10795.75,11008.25,10795.75,7500,7500,0,0,0,0,0,0,0,0,0
"03418032",1,"2015","2014",0,0.153,0.153,"1",0.15,0.15,"05","D",0.04,0.04,0,"D",0,"D",24000,"D",0,"D",20,"D",0,"D",0,"D",0,"D",8816,"D",0,"D",20,"D",0,"D",0,"D",3600,"D",1609,183,1626.75,1596.75,188.18,179.33,3672,3672,24020,24020,24020.01,24020.01,0,0,0,0,0,0,0,0,24020,24020,0,0,1626.75,1596.75,1626.75,1596.75,3992,4044,3620,3620,0,0,0,0,0,0,0
"03418042",1,"2015","2014",0,0.153,0.153,"2",0.2423,0.2423,"39","D",0.0307,0.0307,0,"D",0,"D",61649,"D",44931,"D",3,"D",0,"D",0,"D",0,"D",0,"D",8800,"D",4007,"D",0,"D",0,"D",1200,"D",11976,3272,12063.48,11913.48,3272.1,3272.1,16306.74,16306.74,106583,106583,106583.01,106583.01,0,0,0,0,0,0,0,0,105383,105383,0,0,12063.48,11913.48,12063.48,11913.48,0,0,0,0,0,0,0,0,0,0,0
"03418052",1,"2015","2014",0,0.153,0.153,"2",0.2398,0.2398,"03","D",0.0407,0.0407,0,"D",0,"D",102848,"D",36217,"D",0,"D",0,"D",0,"D",0,"D",19200,"D",0,"D",2804,"D",0,"D",0,"D",19200,"D",18054,3450,18139.16,17993.76,3460.84,3442.42,21276.94,21276.94,139065,139065,139065.01,139065.01,0,0,0,0,0,0,0,0,119865,119865,0,0,18139.16,17993.76,18139.16,17993.76,10018,10182,25458.36,25439.97,0,0,0,0,0,0,0
"03418062",1,"2015","2014",2,0.153,0.153,"3",0.3106,0.3106,"33","D",0.1032,0.1032,0,"D",0,"D",20000,"D",0,"D",0,"D",1850,"D",0,"D",0,"D",0,"D",2000,"D",117,"D",0,"D",1,"D",0,"D",-5632,-1389,-5523.39,-5708.78,-1358.02,-1410.63,3060,3060,21850,21850,21850.01,21850.01,90,60,910,940,0,0,4613.39,4768.78,21850,21850,0,0,90,60,90,60,10950,11100,0,0,0,0,0,0,1297.72,1344.33,0
"03418072",1,"2015","2014",3,0.153,0.153,"3",0.15,0.15,"44","D",0,0,0,"D",0,"D",58000,"D",0,"D",0,"D",4541,"D",0,"D",0,"D",0,"D",1300,"D",200,"D",0,"D",1,"D",4580,"D",3962,0,3998.65,3936.15,0,0,8874,8874,62541,62541,0,0,1000,1000,0,0,0,0,0,0,62541,62541,0,0,4998.65,4936.15,4998.65,4936.15,0,0,0,0,0,0,0,0,0,0,0
"03418082",1,"2015","2014",1,0.029,0.029,"3",0.325,0.325,"14","D",0.0375,0.05,1,"D",0,"D",150000,"D",0,"D",0,"D",0,"D",15840,"D",0,"D",0,"D",540,"D",0,"D",0,"D",1,"D",0,"D",31580,6175,31773.3,31441.8,7260.5,5399.25,18858,19044,163464,163464,150000.01,150000.01,0,0,0,0,0,0,0,0,163464,163464,177.38,501.38,31595.92,30940.42,31595.92,30940.42,0,0,0,0,27,27,0,0,0,0,0
"03418082",2,"2015","2014",0,0.153,0.153,"1",0,0,"14","D",0.0375,0.05,1,"D",1,"D",14000,"D",0,"D",0,"D",0,"D",0,"D",0,"D",0,"D",0,"D",0,"D",0,"D",0,"D",0,"D",0,464,0,0,543.75,406.88,2142,2142,14000,14000,14000.01,14000.01,0,0,0,0,0,0,0,0,14000,14000,0,0,230,215,230,215,0,0,0,0,0,0,0,0,0,0,0
"03418102",1,"2015","2014",0,0,0,"1",0,0,"21","D",0,0,1,"D",1,"D",0,"D",0,"D",0,"D",7177,"D",7702,"D",0,"D",9072,"D",0,"D",10,"D",0,"D",0,"D",480,"D",0,0,0,0,0,0,0,0,7177,7177,0.01,0.01,0,0,0,0,0,0,0,0,7177,7177,0,0,0,0,0,0,1500,1500,0,0,0,0,0,0,0,0,0
"03418112",1,"2015","2014",0,0,0,"1",0,0,"03","D",0,0,1,"D",1,"D",0,"D",0,"D",4557,"D",0,"D",8422,"D",0,"D",0,"D",400,"D",16,"D",0,"D",0,"D",240,"D",0,-25,0,0,-25,-25,0,0,4557,4557,4557.01,4557.01,0,0,0,0,0,0,0,0,4557,4557,0,0,0,0,0,0,5009,5091,841.57,841.57,0,0,0,0,0,0,0
"03418162",1,"2015","2014",1,0.153,0.153,"2",0.2775,0.2775,"0","T",0,0,2,"D",1,"D",30000,"D",0,"D",0,"D",18000,"D",28724,"D",0,"D",0,"D",2700,"D",756,"D",0,"D",0,"D",0,"D",5563,0,5716.16,5453.66,0,0,4590,4590,69607.7,69607.7,0,0,0,0,0,0,0,0,0,0,69607.7,69607.7,0,0,5716.16,5453.66,5716.16,5453.66,0,0,0,0,0,0,0,0,0,0,0
"03418183",1,"2015","2014",1,0,0,"3",-0.34,-0.34,"50","D",-0.0136,-0.0136,1,"D",1,"D",0,"D",0,"D",0,"D",16800,"D",11321,"D",0,"D",8160,"D",0,"D",0,"D",0,"D",0,"D",0,"D",0,0,0,0,0,0,0,0,16800,16800,16800.01,16800.01,0,0,0,0,0,0,0,0,16800,16800,0,0,0,0,0,0,12520.2,12798.65,0,0,0,0,0,0,0,0,0
"03418183",2,"2015","2014",0,0,0,"1",-0.0765,-0.0765,"50","D",0,0,0,"D",0,"D",0,"D",0,"D",0,"D",0,"D",0,"D",0,"D",0,"D",0,"D",0,"D",0,"D",0,"D",0,"D",0,0,0,0,0,0,0,0,0,0,0.01,0.01,0,0,0,0,0,0,0,0,0,0,0,0,0,0,0,0,10080,10249.92,0,0,0,0,0,0,0,0,0
"03418232",1,"2015","2014",0,0.153,0.153,"1",0.0765,0.0765,"44","D",0,0,0,"D",0,"D",9747,"D",0,"D",0,"D",0,"D",0,"D",0,"D",0,"D",2100,"D",0,"D",0,"D",0,"D",0,"D",-383,0,-370.77,-388.48,0,0,1491.29,1491.29,9747,9747,0,0,0,0,0,0,0,0,370.77,388.48,9747,9747,0,0,0,0,0,0,0,0,0,0,0,0,0,0,0,0,0
"03418232",2,"2015","2014",0,0.153,0.153,"2",0.1,0.1,"44","D",0,0,0,"D",0,"D",0,"D",27251,"D",0,"D",0,"D",0,"D",0,"D",0,"D",0,"D",0,"D",0,"D",0,"D",0,"D",675,0,695.1,665.1,0,0,4169.4,4169.4,27251,27251,0,0,0,0,0,0,0,0,0,0,27251,27251,0,0,695.1,665.1,695.1,665.1,0,0,0,0,0,0,0,0,0,0,0
"03418232",3,"2015","2014",0,0.153,0.153,"1",0.15,0.15,"44","D",0,0,0,"D",0,"D",31375,"D",0,"D",0,"D",0,"D",0,"D",0,"D",0,"D",0,"D",0,"D",0,"D",0,"D",0,"D",2710,0,2730,2700,0,0,4800.37,4800.37,31375,31375,0,0,0,0,0,0,0,0,0,0,31375,31375,0,0,2730,2700,2730,2700,0,0,0,0,0,0,0,0,0,0,0
"03418232",4,"2015","2014",1,0,0,"3",-0.34,-0.34,"44","D",0,0,0,"D",0,"D",0,"D",0,"D",0,"D",0,"D",0,"D",0,"D",0,"D",0,"D",0,"D",0,"D",0,"D",0,"D",0,0,0,0,0,0,0,0,0,0,0,0,0,0,0,0,0,0,0,0,0,0,0,0,0,0,0,0,0,0,0,0,0,0,0,0,0,0,0
"03418252",1,"2015","2014",0,0.153,0.153,"2",0.2356,0.2355,"34","D",0.0575,0.058,0,"D",0,"D",85000,"D",54600,"D",-10535,"D",0,"D",0,"D",0,"D",0,"D",1200,"D",170,"D",0,"D",0,"D",5224,"D",18611,6578,18701.31,18565.57,6615.77,6558.74,21358.8,21358.8,129065,129065,129065.01,129065.01,0,0,0,0,0,0,0,0,123841,123841,0,0,18701.31,18565.57,18701.31,18565.57,15000,15000,6424,6424,0,0,0,0,0,0,0
"03418262",1,"2015","2014",2,0.153,0.153,"3",0.3606,0.3606,"41","D",0.07,0.07,0,"D",0,"D",37272,"D",0,"D",0,"D",0,"D",0,"D",0,"D",0,"D",150,"D",846,"D",0,"D",1,"D",0,"D",-705,639,-564.71,-775.11,652.94,631.94,5702.62,5702.62,37272,37272,16322.01,16022.01,1000,1000,0,0,0,0,1365.51,1520.91,37272,37272,0,0,1800.8,1745.8,1800.8,1745.8,0,0,0,0,0,0,0,0,0,0,0
"03418262",2,"2015","2014",0,0.153,0.153,"1",0.1,0.1,"41","D",0.04,0.04,0,"D",0,"D",17751,"D",0,"D",0,"D",0,"D",0,"D",0,"D",0,"D",0,"D",0,"D",0,"D",0,"D",0,"D",750,156,760.1,745.1,160.04,154.04,2715.9,2715.9,17751,17751,7601.01,7451.01,0,0,0,0,0,0,0,0,17751,17751,0,0,760.1,745.1,760.1,745.1,0,0,0,0,0,0,0,0,0,0,0
"03418312",1,"2015","2014",1,0.153,0.153,"3",0.2598,0.2598,"33","D",0.0879,0.0879,0,"D",0,"D",19478,"D",0,"D",0,"D",0,"D",0,"D",0,"D",0,"D",1100,"D",0,"D",0,"D",1,"D",0,"D",-3881,-966,-3793.85,-3923.99,-941.37,-978.92,2980.13,2980.13,19478,19478,19478.01,19478.01,247.8,222.8,752.2,777.2,0,0,3041.65,3146.79,19478,19478,0,0,247.8,222.8,247.8,222.8,10950,11100,0,0,0,0,0,0,837.29,868.83,0
"03418432",1,"2015","2014",2,0.153,0.153,"2",0.15,0.15,"38","D",0.0765,0.0765,0,"D",0,"D",0,"D",57000,"D",0,"D",0,"D",0,"D",0,"D",21960,"D",0,"D",35,"D",0,"D",2,"D",0,"D",1363,3384,1412.5,1337.5,3396.07,3377.53,8721,8721,57000,57000,57000.01,57000.01,2000,2000,0,0,0,0,0,0,57000,57000,0,0,3412.5,3337.5,3412.5,3337.5,4231.2,4289.91,35,35,0,0,0,0,0,0,0
"03418472",1,"2015","2014",0,0.153,0.153,"2",0.15,0.15,"23","D",0.0425,0.0425,0,"D",0,"D",85864,"D",0,"D",0,"D",0,"D",0,"D",0,"D",0,"D",980,"D",600,"D",0,"D",0,"D",4556,"D",8887,3309,8927.1,8867.1,3309.22,3309.22,13137.19,13137.19,85864,85864,85864.01,85864.01,0,0,0,0,0,0,0,0,85864,85864,0,0,8927.1,8867.1,8927.1,8867.1,0,0,0,0,0,0,0,0,0,0,0
"03418472",2,"2015","2014",0,0.153,0.153,"1",0.1765,0.1765,"23","D",0.0646,0.0646,0,"D",0,"D",10375,"D",0,"D",0,"D",0,"D",0,"D",0,"D",0,"D",0,"D",0,"D",0,"D",0,"D",0,"D",-322,207,-300.23,-332.94,208.15,207.09,1587.37,1587.37,10375,10375,10375.01,10375.01,0,0,0,0,0,0,322.73,340.44,10375,10375,0,0,22.5,7.5,22.5,7.5,0,0,0,0,0,0,0,0,19.36,20.43,0
"03418472",3,"2015","2014",1,0,0,"3",-0.34,-0.34,"23","D",-0.0029,-0.0029,0,"D",0,"D",0,"D",0,"D",0,"D",0,"D",0,"D",0,"D",0,"D",0,"D",0,"D",0,"D",0,"D",0,"D",0,-303,0,0,-302.98,-302.98,0,0,0,0,0.01,0.01,0,0,0,0,0,0,0,0,0,0,0,0,0,0,0,0,0,0,0,0,0,0,0,0,0,0,0
"03418482",1,"2015","2014",0,0.153,0.153,"1",0,0,"33","D",0,0,0,"D",0,"D",6687,"D",0,"D",0,"D",0,"D",0,"D",0,"D",15000,"D",0,"D",0,"D",0,"D",0,"D",600,"D",-501,-150,-496,-503,-148.8,-150.9,1023.11,1023.11,6687,6687,6687.01,6687.01,0,0,0,0,0,0,496,503,6687,6687,0,0,0,0,0,0,7800,7900,0,0,0,0,0,0,148.8,150.9,0
"03418532",1,"2015","2014",0,0,0,"1",-0.0765,-0.0765,"33","D",-0.0229,-0.0229,0,"D",0,"D",0,"D",0,"D",0,"D",0,"D",25150,"D",0,"D",7780,"D",0,"D",20,"D",0,"D",0,"D",0,"D",0,0,0,0,0,0,0,0,0,0,0.01,0.01,0,0,0,0,0,0,0,0,0,0,0,0,0,0,0,0,7800,7900,0,0,0,0,0,0,0,0,0
"03418562",1,"2015","2014",0,0.153,0.153,"1",0.1403,0.1403,"33","D",0.0645,0.0645,0,"D",0,"D",53193,"D",0,"D",0,"D",0,"D",0,"D",0,"D",15840,"D",6200,"D",8188,"D",0,"D",0,"D",8028,"D",3313,1651,3321.87,3308.03,1656.23,1648.46,8138.53,8138.53,53193,53193,53193.01,53193.01,0,0,0,0,0,0,0,0,45165,45165,0,0,3321.87,3308.03,3321.87,3308.03,7800,7900,22416,22416,0,0,0,0,0,0,0
"03418562",2,"2015","2014",0,0.153,0.153,"1",0.25,0.25,"33","D",0.0645,0.0645,0,"D",0,"D",60000,"D",0,"D",0,"D",0,"D",0,"D",0,"D",0,"D",0,"D",0,"D",0,"D",0,"D",0,"D",8252,3029,8318.75,8218.75,3038.01,3023.8,9180,9180,60000,60000,60000.01,60000.01,0,0,0,0,0,0,0,0,60000,60000,0,0,8318.75,8218.75,8318.75,8218.75,7800,7900,0,0,0,0,0,0,0,0,0
"03418582",1,"2015","2014",0,0,0,"1",0,0,"44","D",0,0,1,"D",1,"D",0,"D",0,"D",0,"D",1351,"D",1096,"D",0,"D",8904,"D",0,"D",50,"D",0,"D",0,"D",0,"D",0,0,0,0,0,0,0,0,1351,1351,0,0,0,0,0,0,0,0,0,0,1351,1351,0,0,0,0,0,0,0,0,0,0,0,0,0,0,0,0,0
"03418592",1,"2015","2014",1,0.153,0.153,"3",0,0,"05","D",0,0,1,"D",0,"D",14000,"D",0,"D",0,"D",0,"D",20662,"D",0,"D",13200,"D",0,"D",36,"D",0,"D",0,"D",240,"D",-3341,0,-3305,-3359,0,0,2142,2142,14000,14000,14000.01,14000.01,0,0,0,0,0,0,3305,3359,14000,14000,0,0,0,0,0,0,7984,8088,276,276,0,0,0,0,0,0,0
"03418662",1,"2015","2014",2,0.153,0.153,"3",0.3106,0.3106,"05","D",0,0,0,"D",0,"D",30000,"D",0,"D",0,"D",0,"D",0,"D",0,"D",0,"D",190,"D",0,"D",0,"D",0,"D",0,"D",-2116,0,-1992,-2177.39,0,0,4590,4590,30000,30000,30000.01,30000.01,0,0,0,0,0,0,2897,3052.39,30000,30000,0,0,905,875,905,875,7984,8088,190,190,0,0,0,0,0,0,0
"03418662",2,"2015","2014",0,0,0,"1",-0.0765,-0.0765,"05","D",0,0,0,"D",0,"D",0,"D",0,"D",0,"D",0,"D",0,"D",0,"D",0,"D",0,"D",0,"D",0,"D",0,"D",0,"D",0,0,0,0,0,0,0,0,0,0,0.01,0.01,0,0,0,0,0,0,0,0,0,0,0,0,0,0,0,0,3992,4044,0,0,0,0,0,0,0,0,0
"03418662",3,"2015","2014",2,0,0,"3",-0.4,-0.4,"05","D",0,0,0,"D",0,"D",0,"D",0,"D",0,"D",0,"D",0,"D",0,"D",0,"D",0,"D",0,"D",0,"D",0,"D",0,"D",0,0,0,0,0,0,0,0,0,0,0.01,0.01,0,0,0,0,0,0,0,0,0,0,0,0,0,0,0,0,7984,8088,0,0,0,0,0,0,0,0,0
"03418672",1,"2015","2014",2,0.153,0.153,"2",0.3096,0.3096,"05","D",0,0,0,"D",0,"D",40000,"D",0,"D",0,"D",4500,"D",0,"D",0,"D",0,"D",4900,"D",900,"D",0,"D",2,"D",16392,"D",-2539,0,-2411.84,-2601.97,0,0,6120,6120,44500,44500,44500.01,44500.01,575.02,555.02,1424.98,1444.98,0,0,986.86,1156.99,28108,28108,0,0,575.02,555.02,575.02,555.02,7984,8088,22192,22192,0,0,0,0,0,0,0
"03418712",1,"2015","2014",1,0.153,0.153,"3",0.3897,0.3897,"43","D",0,0,0,"D",0,"D",25000,"D",0,"D",0,"D",0,"D",17182,"D",0,"D",0,"D",570,"D",1885,"D",0,"D",0,"D",0,"D",-330,0,-243.26,-373.4,0,0,3825,3825,29295.5,29295.5,0,0,0,0,0,0,0,0,1472.81,1577.95,29295.5,29295.5,0,0,1229.55,1204.55,1229.55,1204.55,0,0,0,0,0,0,0,0,0,0,0
"03418722",1,"2015","2014",0,0.029,0.029,"2",0.2582,0.2582,"12","D",0.0785,0.0785,2,"D",2,"D",0,"D",228786,"D",12803,"D",0,"D",0,"D",0,"D",0,"D",6000,"D",0,"D",0,"D",0,"D",17700,"D",41661,15232,41810.37,41586.87,15232,15232,21142.79,21328.79,241589,241589,241589.01,241589.01,0,0,0,0,0,0,0,0,223889,223889,0,0,41810.37,41586.87,41810.37,41586.87,4400,4400,36576.17,36576.17,0,0,0,0,0,0,0
"03418732",1,"2015","2014",0,0,0,"1",-0.0765,-0.0765,"10","D",0,0,0,"D",0,"D",0,"D",0,"D",0,"D",0,"D",11460,"D",0,"D",0,"D",0,"D",0,"D",0,"D",0,"D",0,"D",0,0,0,0,0,0,0,0,0,0,0,0,0,0,0,0,0,0,0,0,0,0,0,0,0,0,0,0,0,0,0,0,0,0,0,0,0,0,0
"03418742",1,"2015","2014",1,0.153,0.153,"3",-0.34,-0.34,"33","D",-0.102,-0.102,0,"D",0,"D",8975,"D",0,"D",0,"D",0,"D",0,"D",0,"D",6000,"D",0,"D",0,"D",0,"D",0,"D",0,"D",-3052,-1015,-3051.5,-3051.5,-1015.45,-1015.45,1373.17,1373.17,8975,8975,8975.01,8975.01,0,0,0,0,0,0,3051.5,3051.5,8975,8975,0,0,0,0,0,0,10950,11100,0,0,0,0,0,0,915.45,915.45,0
"03418792",1,"2015","2014",2,0.069,0.069,"2",0.35,0.35,"14","D",0.0375,0.05,0,"D",0,"D",76126,"D",228786,"D",0,"D",0,"D",0,"D",0,"D",0,"D",16180,"D",756,"D",0,"D",0,"D",10548,"D",65041,11539,65434.4,64844.4,14011.6,10302.7,33284.28,33470.28,304912,304912,304912.01,304912.01,0,0,0,0,0,0,0,0,294364,294364,7816.49,6444.05,57617.91,58400.35,57617.91,58400.35,0,0,0,0,809,809,0,0,0,0,0
"03418852",1,"2015","2014",2,0,0,"3",-0.4,-0.4,"39","D",0,0,0,"D",0,"D",0,"D",0,"D",1606,"D",0,"D",0,"D",0,"D",0,"D",7600,"D",161,"D",0,"D",0,"D",1247,"D",0,0,0,0,0,0,0,0,1606,1606,1606.01,1606.01,0,0,0,0,0,0,0,0,1606,1606,0,0,0,0,0,0,0,0,0,0,0,0,0,0,0,0,0
"03418872",1,"2015","2014",2,0.153,0.153,"2",0.3106,0.3606,"44","D",0,0,0,"D",0,"D",22000,"D",25000,"D",0,"D",0,"D",0,"D",0,"D",0,"D",2000,"D",100,"D",0,"D",2,"D",4640,"D",-710,0,-547.86,-790.49,0,0,7191,7191,47000,47000,0,0,1912.5,1840,87.5,160,0,0,460.36,630.49,47000,47000,0,0,1912.5,1840,1912.5,1840,0,0,0,0,0,0,0,0,0,0,0
"03418882",1,"2015","2014",0,0.153,0.153,"1",0.1,0.1,"19","D",0.036,0.036,0,"D",0,"D",15000,"D",0,"D",0,"D",0,"D",0,"D",0,"D",0,"D",0,"D",119,"D",0,"D",0,"D",480,"D",475,251,485,470,250.6,251.2,2295,2295,15000,15000,15000.01,15000.01,0,0,0,0,0,0,0,0,15000,15000,0,0,485,470,485,470,0,0,0,0,0,0,0,0,0,0,0
"03418892",1,"2015","2014",1,0.153,0.153,"2",0.15,0.15,"05","D",0.06,0.06,0,"D",0,"D",52830,"D",24513,"D",0,"D",0,"D",0,"D",0,"D",0,"D",3400,"D",0,"D",0,"D",0,"D",3564,"D",7011,1537,7056.45,6988.95,1562.82,1523.96,11833.48,11833.48,77343,77343,77343.01,77343.01,0,0,0,0,0,0,0,0,77343,77343,0,0,7056.45,6988.95,7056.45,6988.95,7984,8088,6964,6964,0,0,0,0,0,0,0
"03418892",2,"2015","2014",0,0.153,0.153,"1",0.15,0.15,"05","D",0.04,0.04,0,"D",0,"D",29590,"D",0,"D",0,"D",0,"D",0,"D",0,"D",0,"D",0,"D",0,"D",0,"D",0,"D",0,"D",2442,465,2462.25,2432.25,470.98,462.13,4527.27,4527.27,29590,29590,29590.01,29590.01,0,0,0,0,0,0,0,0,29590,29590,0,0,2462.25,2432.25,2462.25,2432.25,3992,4044,0,0,0,0,0,0,0,0,0
"03418912",1,"2015","2014",0,0,0,"1",0.1,0.1,"03","D",0.0259,0.0259,1,"D",1,"D",0,"D",0,"D",0,"D",15600,"D",14842,"D",0,"D",0,"D",90,"D",0,"D",0,"D",0,"D",0,"D",380,164,390,375,165.53,163.4,0,0,15600,15600,15600.01,15600.01,0,0,0,0,0,0,0,0,15600,15600,0,0,390,375,390,375,5009,5091,500.25,500.25,0,0,0,0,0,0,0
"03418922",1,"2015","2014",1,0,0,"3",-0.34,-0.34,"0","T",0,0,1,"D",1,"D",0,"D",0,"D",0,"D",1337,"D",23962,"D",0,"D",0,"D",0,"D",30,"D",0,"D",0,"D",600,"D",0,0,0,0,0,0,0,0,1337,1337,0,0,0,0,0,0,0,0,0,0,1337,1337,0,0,0,0,0,0,0,0,0,0,0,0,0,0,0,0,0
"03418932",1,"2015","2014",1,0.153,0.153,"2",0.2598,0.2598,"17","D",0.0542,0.0542,0,"D",0,"D",23129,"D",12000,"D",-787,"D",0,"D",0,"D",0,"D",0,"D",1100,"D",498,"D",0,"D",1,"D",600,"D",-1500,311,-1399.13,-1550.46,324.32,304.54,5374.74,5374.74,34342,34342,35129.01,35129.01,1000,974.2,0,25.8,0,0,1408.33,1524.66,34342,34342,0,0,1009.2,974.2,1009.2,974.2,7500,7500,0,0,0,0,0,0,239.42,259.19,0
"03418932",2,"2015","2014",0,0.153,0.153,"1",0,0,"17","D",0.027,0.027,0,"D",0,"D",6680,"D",0,"D",0,"D",0,"D",0,"D",0,"D",0,"D",0,"D",0,"D",0,"D",0,"D",0,"D",-501,-47,-496,-503,-45.71,-46.9,1022.04,1022.04,6680,6680,6680.01,6680.01,0,0,0,0,0,0,496,503,6680,6680,0,0,0,0,0,0,3000,3000,0,0,0,0,0,0,84.32,85.51,0
"03418942",1,"2015","2014",3,0.153,0.153,"2",0.3106,0.3106,"05","D",0,0,0,"D",0,"D",30000,"D",20000,"D",0,"D",0,"D",0,"D",0,"D",10500,"D",0,"D",0,"D",600,"D",3,"D",240,"D",-1997,-52,-1846.56,-2072.69,-51.6,-51.6,7650,7650,50000,50000,50000.01,50000.01,1665,1620,1335,1380,120,120,511.56,692.69,50000,50000,0,0,1785,1740,1785,1740,7984,8088,240,240,0,0,51.6,51.6,0,0,0
"03418962",1,"2015","2014",2,0,0,"3",-0.4,-0.4,"33","D",-0.12,-0.12,0,"D",0,"D",0,"D",0,"D",0,"D",0,"D",0,"D",0,"D",9600,"D",0,"D",0,"D",0,"D",0,"D",2850,"D",0,-200,0,0,-200,-200,0,0,0,0,0.01,0.01,0,0,0,0,0,0,0,0,0,0,0,0,0,0,0,0,10950,11100,0,0,0,0,0,0,0,0,0
"03418982",1,"2015","2014",0,0.153,0.153,"1",0.1487,0.1487,"10","D",0,0,0,"D",0,"D",30000,"D",0,"D",0,"D",0,"D",0,"D",0,"D",0,"D",1700,"D",250,"D",0,"D",0,"D",5108,"D",2319,0,2329.07,2314.07,0,0,4590,4590,30000,30000,0,0,0,0,0,0,0,0,0,0,24892,24892,0,0,2329.07,2314.07,2329.07,2314.07,0,0,0,0,0,0,0,0,0,0,0
"03419012",1,"2015","2014",0,0.153,0.153,"1",0.15,0.15,"05","D",0.06,0.06,0,"D",0,"D",42000,"D",0,"D",-2000,"D",0,"D",0,"D",0,"D",8880,"D",0,"D",25,"D",0,"D",0,"D",0,"D",4004,1016,4023.75,3993.75,1027.62,1010.19,6426,6426,40000,40000,40000.01,40000.01,0,0,0,0,0,0,0,0,40000,40000,0,0,4023.75,3993.75,4023.75,3993.75,3992,4044,25,25,0,0,0,0,0,0,0
"03419042",1,"2015","2014",0,0,0,"1",0.175,0.175,"10","D",0,0,1,"D",1,"D",0,"D",0,"D",0,"D",15756,"D",0,"D",0,"D",0,"D",4300,"D",0,"D",0,"D",0,"D",0,"D",265,0,274.8,259.8,0,0,0,0,15756,15756,0,0,0,0,0,0,0,0,0,0,15756,15756,0,0,405.6,390.6,405.6,390.6,0,0,0,0,0,0,0,0,0,0,0
"03419092",1,"2015","2014",0,0,0,"1",0,0,"14","D",0,0,1,"D",1,"D",0,"D",0,"D",0,"D",5928,"D",11542,"D",0,"D",3588,"D",0,"D",0,"D",0,"D",0,"D",0,"D",0,0,0,0,0,0,0,0,5928,5928,0.01,0.01,0,0,0,0,0,0,0,0,5928,5928,0,0,0,0,0,0,0,0,0,0,0,0,0,0,0,0,0
"03419182",1,"2015","2014",2,0,0,"3",-0.4,-0.4,"0","T",0,0,0,"D",0,"D",0,"D",0,"D",120,"D",2557,"D",0,"D",0,"D",0,"D",1600,"D",160,"D",0,"D",0,"D",6360,"D",0,0,0,0,0,0,0,0,2677,2677,0,0,0,0,0,0,0,0,0,0,2677,2677,0,0,0,0,0,0,0,0,0,0,0,0,0,0,0,0,0
"03419212",1,"2015","2014",0,0.153,0.153,"1",0.1,0.1,"01","D",0.045,0.045,0,"D",0,"D",17500,"D",0,"D",0,"D",0,"D",0,"D",0,"D",7200,"D",0,"D",0,"D",0,"D",0,"D",0,"D",725,599,735,720,598.25,599,2677.5,2677.5,17500,17500,17500.01,17500.01,0,0,0,0,0,0,0,0,17500,17500,0,0,735,720,735,720,2500,2500,1338.75,1338.75,0,0,0,0,0,0,0
"03419232",1,"2015","2014",0,0,0,"1",-0.0765,-0.0765,"10","D",0,0,0,"D",0,"D",0,"D",0,"D",0,"D",0,"D",0,"D",0,"D",0,"D",1200,"D",0,"D",0,"D",0,"D",0,"D",0,0,0,0,0,0,0,0,0,0,0,0,0,0,0,0,0,0,0,0,0,0,0,0,0,0,0,0,0,0,0,0,0,0,0,0,0,0,0
"03419242",1,"2015","2014",0,0,0,"1",0,0,"33","D",0,0,1,"D",1,"D",0,"D",0,"D",0,"D",0,"D",20962,"D",0,"D",0,"D",6000,"D",0,"D",0,"D",0,"D",0,"D",0,0,0,0,0,0,0,0,0,0,0.01,0.01,0,0,0,0,0,0,0,0,0,0,0,0,0,0,0,0,7800,7900,0,0,0,0,0,0,0,0,0
"03419262",1,"2015","2014",0,0.153,0.153,"2",0.1429,0.1429,"21","D",0.0475,0.0475,0,"D",0,"D",70000,"D",0,"D",0,"D",0,"D",4800,"D",0,"D",0,"D",8000,"D",250,"D",0,"D",0,"D",4376,"D",6750,2369,6770.29,6740.29,2368.77,2368.77,10710,10710,74080,74080,70000.01,70000.01,0,0,0,0,0,0,0,0,69704,69704,0,0,6770.29,6740.29,6770.29,6740.29,4000,4000,12626,12626,0,0,0,0,0,0,0
"03419262",2,"2015","2014",0,0.153,0.153,"1",0.15,0.15,"21","D",0.0475,0.0475,0,"D",0,"D",33500,"D",0,"D",0,"D",0,"D",0,"D",0,"D",0,"D",0,"D",0,"D",0,"D",0,"D",0,"D",3029,1292,3048.75,3018.75,1291.75,1291.75,5125.5,5125.5,33500,33500,33500.01,33500.01,0,0,0,0,0,0,0,0,33500,33500,0,0,3048.75,3018.75,3048.75,3018.75,2000,2000,0,0,0,0,0,0,0,0,0
"03419302",1,"2015","2014",0,0.153,0.153,"2",0.2646,0.2646,"07","D",0.055,0.055,0,"D",0,"D",116403,"D",67156,"D",-1142,"D",0,"D",17062,"D",0,"D",0,"D",11000,"D",0,"D",0,"D",0,"D",480,"D",34074,9768,34223.21,33999.71,9767.54,9767.54,28084.53,28084.53,196919.7,196919.7,186682.51,186682.51,0,0,0,0,0,0,0,0,196439.7,196439.7,0,0,34223.21,33999.71,34223.21,33999.71,0,0,0,0,0,0,0,0,0,0,0
"03419332",1,"2015","2014",1,0.153,0.153,"3",-0.34,-0.34,"0","T",0,0,0,"D",0,"D",3500,"D",0,"D",3700,"D",0,"D",0,"D",0,"D",5700,"D",0,"D",0,"D",0,"D",0,"D",0,"D",-873,0,-840,-890,0,0,535.5,535.5,7200,7200,0,0,0,0,0,0,0,0,840,890,7200,7200,0,0,0,0,0,0,0,0,0,0,0,0,0,0,0,0,0
"03419362",1,"2015","2014",2,0,0,"3",0,0,"39","D",0,0,0,"D",0,"D",0,"D",0,"D",16748,"D",0,"D",0,"D",0,"D",8640,"D",0,"D",0,"D",0,"D",0,"D",0,"D",0,0,0,0,0,0,0,0,16748,16748,16748.01,16748.01,0,0,0,0,0,0,0,0,16748,16748,0,0,0,0,0,0,0,0,0,0,0,0,0,0,0,0,0
"03419372",1,"2015","2014",0,0.153,0.153,"1",0.25,0.25,"44","D",0,0,0,"D",0,"D",51765,"D",0,"D",0,"D",0,"D",0,"D",0,"D",43356,"D",0,"D",0,"D",0,"D",0,"D",0,"D",6193,0,6260,6160,0,0,7920.04,7920.04,51765,51765,0,0,0,0,0,0,0,0,0,0,51765,51765,0,0,6260,6160,6260,6160,0,0,0,0,0,0,0,0,0,0,0
"03419402",1,"2015","2014",0,0.153,0.153,"1",0.1455,0.1452,"36","D",0.0297,0.0317,0,"D",0,"D",40000,"D",0,"D",0,"D",0,"D",0,"D",0,"D",0,"D",2500,"D",0,"D",0,"D",0,"D",4548,"D",3761,839,3765.22,3758.5,875.54,820.34,6120,6120,40000,40000,40000.01,40000.01,0,0,0,0,0,0,0,0,35452,35452,0,0,3765.22,3758.5,3765.22,3758.5,0,0,0,0,0,0,0,0,0,0,0
"03419402",2,"2015","2014",0,0.153,0.153,"1",0.1,0.1,"36","D",0.0248,0.0264,0,"D",0,"D",18000,"D",0,"D",0,"D",0,"D",0,"D",0,"D",0,"D",0,"D",0,"D",0,"D",0,"D",0,"D",775,169,785,770,177.32,164.88,2754,2754,18000,18000,18000.01,18000.01,0,0,0,0,0,0,0,0,18000,18000,0,0,785,770,785,770,0,0,0,0,0,0,0,0,0,0,0
"03419422",1,"2015","2014",1,0.153,0.153,"3",0.15,0.15,"22","D",0.0515,0.052,0,"D",0,"D",41786,"D",0,"D",0,"D",0,"D",0,"D",0,"D",0,"D",4100,"D",0,"D",0,"D",0,"D",0,"D",3039,1467,3070.4,3022.9,1476.07,1461.88,6393.26,6393.26,41786,41786,41786.01,41786.01,0,0,0,0,0,0,0,0,41786,41786,0,0,3070.4,3022.9,3070.4,3022.9,0,0,0,0,0,0,0,0,0,0,0
"03419452",1,"2015","2014",1,0.153,0.153,"3",0.2598,0.2598,"29","D",0,0,0,"D",0,"D",30000,"D",0,"D",-1688,"D",0,"D",0,"D",0,"D",0,"D",990,"D",0,"D",0,"D",1,"D",240,"D",-1316,0,-1229.03,-1359.17,0,0,4590,4590,28312,28312,0,0,1000,1000,0,0,0,0,1360.23,1465.37,28312,28312,0,0,1131.2,1106.2,1131.2,1106.2,0,0,0,0,0,0,0,0,0,0,0
"03419512",1,"2015","2014",1,0.153,0.153,"2",0.1454,0.1454,"39","D",0.0307,0.0307,0,"D",0,"D",44060,"D",27280,"D",200,"D",0,"D",0,"D",0,"D",0,"D",6000,"D",250,"D",0,"D",1,"D",4184,"D",5126,2196,5151.46,5113.96,2196.28,2196.28,10915.02,10915.02,71540,71540,71540.01,71540.01,1000,1000,0,0,0,0,0,0,67356,67356,0,0,6151.46,6113.96,6151.46,6113.96,0,0,0,0,0,0,0,0,0,0,0
"03419532",1,"2015","2014",3,0.153,0.153,"2",0.3106,0.3106,"05","D",0,0,0,"D",0,"D",35459,"D",0,"D",0,"D",0,"D",0,"D",0,"D",19200,"D",0,"D",0,"D",0,"D",0,"D",720,"D",-3394,0,-3242.99,-3469.12,0,0,5425.23,5425.23,35459,35459,35459.01,35459.01,0,0,0,0,0,0,3573.89,3755.02,35459,35459,0,0,330.9,285.9,330.9,285.9,7984,8088,720,720,0,0,0,0,0,0,0
"03419572",1,"2015","2014",0,0,0,"1",-0.0765,-0.0765,"19","D",-0.0027,-0.0027,0,"D",0,"D",0,"D",0,"D",0,"D",0,"D",17040,"D",0,"D",2400,"D",0,"D",200,"D",0,"D",0,"D",0,"D",0,0,0,0,0,0,0,0,0,0,0.01,0.01,0,0,0,0,0,0,0,0,0,0,0,0,0,0,0,0,0,0,0,0,0,0,0,0,0,0,0
"03419584",1,"2015","2014",0,0.153,0.153,"1",0.2486,0.2486,"10","D",0,0,0,"D",0,"D",85000,"D",0,"D",0,"D",0,"D",0,"D",0,"D",0,"D",2200,"D",0,"D",0,"D",0,"D",19928,"D",10333,0,10383.28,10308.28,0,0,13005,13005,85000,85000,0,0,0,0,0,0,0,0,0,0,65072,65072,0,0,10383.28,10308.28,10383.28,10308.28,0,0,0,0,0,0,0,0,0,0,0
"03419592",1,"2015","2014",0,0.029,0.029,"1",0.28,0.28,"10","D",0,0,0,"D",0,"D",120000,"D",0,"D",0,"D",0,"D",0,"D",0,"D",15600,"D",0,"D",125,"D",0,"D",0,"D",0,"D",23836,0,23933.75,23787.25,0,0,17988,18174,120000,120000,0,0,0,0,0,0,0,0,0,0,120000,120000,0,0,23933.75,23787.25,23933.75,23787.25,0,0,0,0,0,0,0,0,0,0,0
"03419592",2,"2015","2014",0,0.153,0.153,"2",0.15,0.15,"10","D",0,0,1,"D",0,"D",0,"D",25632,"D",0,"D",0,"D",33075,"D",0,"D",0,"D",0,"D",0,"D",0,"D",0,"D",0,"D",938,0,1041.68,886.68,0,0,3921.7,3921.7,30716.75,30716.75,0,0,0,0,0,0,0,0,0,0,30716.75,30716.75,0,0,1041.68,886.68,1041.68,886.68,0,0,0,0,0,0,0,0,0,0,0
"03419602",1,"2015","2014",2,0.153,0.153,"3",0.2106,0.2106,"36","D",0,0,0,"D",0,"D",19200,"D",0,"D",0,"D",0,"D",0,"D",0,"D",4700,"D",0,"D",0,"D",800,"D",2,"D",0,"D",-7275,0,-7171.48,-7326.87,0,0,2937.6,2937.6,19200,19200,19200.01,19200.01,0,0,2000,2000,0,0,5171.48,5326.87,19200,19200,0,0,0,0,0,0,0,0,0,0,0,0,0,0,517.15,532.69,0
"03419612",1,"2015","2014",0,0.153,0.153,"2",0,0,"05","D",0,0,2,"D",2,"D",8000,"D",0,"D",0,"D",311,"D",24212,"D",0,"D",8916,"D",0,"D",222,"D",0,"D",0,"D",0,"D",0,0,0,0,0,0,1224,1224,8311,8311,8311.01,8311.01,0,0,0,0,0,0,0,0,8311,8311,0,0,0,0,0,0,7984,8088,222,222,0,0,0,0,0,0,0
"03419622",1,"2015","2014",0,0.153,0.153,"1",0.28,0.28,"47","D",0.0575,0.0575,0,"D",0,"D",103000,"D",0,"D",0,"D",0,"D",0,"D",0,"D",12900,"D",0,"D",71,"D",0,"D",0,"D",0,"D",19076,5439,19173.75,19027.25,5439.03,5439.03,15759,15759,103000,103000,103000.01,103000.01,0,0,0,0,0,0,0,0,103000,103000,0,0,19173.75,19027.25,19173.75,19027.25,3000,3000,0,0,0,0,0,0,0,0,0
"03419632",1,"2015","2014",2,0.153,0.153,"3",-0.4,-0.4,"05","D",0,0,0,"D",0,"D",8143,"D",0,"D",0,"D",0,"D",0,"D",0,"D",0,"D",8130,"D",0,"D",0,"D",0,"D",2364,"D",-3257,0,-3257.2,-3257.2,0,0,1245.88,1245.88,8143,8143,8143.01,8143.01,0,0,0,0,0,0,3257.2,3257.2,8143,8143,0,0,0,0,0,0,7984,8088,10494,10494,0,0,0,0,0,0,0
"03419632",3,"2015","2014",2,0,0,"3",-0.4,-0.4,"05","D",0,0,0,"D",0,"D",0,"D",0,"D",0,"D",0,"D",0,"D",0,"D",0,"D",0,"D",0,"D",0,"D",0,"D",0,"D",0,0,0,0,0,0,0,0,0,0,0.01,0.01,0,0,0,0,0,0,0,0,0,0,0,0,0,0,0,0,7984,8088,0,0,0,0,0,0,0,0,0
"03419642",1,"2015","2014",2,0.153,0.153,"2",0,0,"05","D",0,0,0,"D",0,"D",0,"D",18000,"D",15,"D",0,"D",0,"D",0,"D",15600,"D",0,"D",0,"D",0,"D",1,"D",120,"D",-6519,0,-6460,-6548,0,0,2754,2754,18015,18015,18015.01,18015.01,0,0,1000,1000,0,0,5460,5548,18015,18015,0,0,0,0,0,0,7984,8088,120,120,0,0,0,0,0,0,0
"03419672",1,"2015","2014",1,0.153,0.153,"2",0.2406,0.2375,"14","D",0.0375,0.05,0,"D",0,"D",80372,"D",102450,"D",0,"D",0,"D",0,"D",0,"D",0,"D",6700,"D",230,"D",0,"D",1,"D",20520,"D",25731,7015,25471.16,25860.76,8487.35,6278.95,27971.77,27971.77,182822,182822,182822.01,182822.01,0,0,0,0,0,0,0,0,162302,162302,0,0,25471.16,25860.76,25471.16,25860.76,0,0,0,0,335,335,0,0,0,0,0
"03419732",1,"2015","2014",0,0,0,"2",0.2775,0.2775,"03","D",0.0288,0.0288,2,"D",2,"D",0,"D",0,"D",0,"D",45000,"D",33992,"D",0,"D",0,"D",3200,"D",20,"D",0,"D",0,"D",3120,"D",5582,704,5631.99,5556.99,707.56,701.89,0,0,66296.6,66296.6,45000.01,45000.01,0,0,0,0,0,0,0,0,66296.6,66296.6,0,0,5631.99,5556.99,5631.99,5556.99,10018,10182,7290.68,7290.68,0,0,0,0,0,0,0
"03419742",1,"2015","2014",1,0.153,0.153,"3",0,0,"05","D",0,0,0,"D",0,"D",12000,"D",0,"D",0,"D",0,"D",0,"D",0,"D",7548,"D",0,"D",0,"D",0,"D",0,"D",0,"D",-3341,0,-3305,-3359,0,0,1836,1836,12000,12000,12000.01,12000.01,0,0,0,0,0,0,3305,3359,12000,12000,0,0,0,0,0,0,7984,8088,0,0,0,0,0,0,0,0,0
"03419802",1,"2015","2014",0,0.153,0.153,"2",0.1415,0.1415,"47","D",0.0568,0.0568,0,"D",0,"D",72000,"D",7000,"D",321,"D",0,"D",0,"D",0,"D",0,"D",3000,"D",300,"D",0,"D",0,"D",24932,"D",5191,2396,5211.38,5181.38,2396.44,2396.44,12087,12087,79321,79321,79321.01,79321.01,0,0,0,0,0,0,0,0,54389,54389,0,0,5211.38,5181.38,5211.38,5181.38,6000,6000,28232,28232,0,0,0,0,0,0,0
"03419852",1,"2015","2014",0,0.153,0.153,"1",0.15,0.15,"44","D",0,0,0,"D",0,"D",33000,"D",0,"D",0,"D",0,"D",0,"D",0,"D",6828,"D",0,"D",130,"D",0,"D",0,"D",0,"D",2954,0,2973.75,2943.75,0,0,5049,5049,33000,33000,0,0,0,0,0,0,0,0,0,0,33000,33000,0,0,2973.75,2943.75,2973.75,2943.75,0,0,0,0,0,0,0,0,0,0,0
"03419862",1,"2015","2014",0,0.153,0.153,"2",0.1,0.1,"0","T",0,0,0,"D",0,"D",0,"D",36796,"D",0,"D",0,"D",0,"D",0,"D",0,"D",560,"D",80,"D",0,"D",0,"D",0,"D",1630,0,1649.6,1619.6,0,0,5629.79,5629.79,36796,36796,0,0,0,0,0,0,0,0,0,0,36796,36796,0,0,1649.6,1619.6,1649.6,1619.6,0,0,0,0,0,0,0,0,0,0,0
"03419872",1,"2015","2014",0,0,0,"1",0.2775,0.2775,"01","D",0.0388,0.0388,1,"D",1,"D",0,"D",0,"D",600,"D",26400,"D",20062,"D",0,"D",0,"D",180,"D",30,"D",0,"D",0,"D",0,"D",2883,984,2902.7,2872.7,983.29,984.79,0,0,34076.35,34076.35,27000.01,27000.01,0,0,0,0,0,0,0,0,34076.35,34076.35,0,0,2902.7,2872.7,2902.7,2872.7,2131.58,2131.58,210,210,0,0,0,0,0,0,0
"03419902",1,"2015","2014",0,0.153,0.153,"1",0.15,0.15,"28","D",0.0501,0.0501,0,"D",0,"D",30924,"D",0,"D",0,"D",0,"D",0,"D",0,"D",7800,"D",0,"D",0,"D",0,"D",0,"D",0,"D",2642,801,2662.35,2632.35,809.17,797.34,4731.37,4731.37,30924,30924,30924.01,30924.01,0,0,0,0,0,0,0,0,30924,30924,0,0,2662.35,2632.35,2662.35,2632.35,6200,6300,0,0,0,0,0,0,0,0,0
"03419912",1,"2015","2014",1,0.153,0.153,"3",0.15,0.15,"10","D",0,0,0,"D",0,"D",45279,"D",0,"D",0,"D",0,"D",0,"D",0,"D",0,"D",1600,"D",24,"D",0,"D",1,"D",0,"D",2563,0,2594.35,2546.85,0,0,6927.69,6927.69,45279,45279,0,0,1000,1000,0,0,0,0,0,0,45279,45279,0,0,3594.35,3546.85,3594.35,3546.85,0,0,0,0,0,0,0,0,0,0,0
"03419922",1,"2015","2014",4,0.153,0.153,"2",0.3106,0.3106,"16","D",0.0916,0.0916,0,"D",0,"D",29812,"D",9590,"D",0,"D",0,"D",0,"D",0,"D",8400,"D",0,"D",10,"D",0,"D",4,"D",0,"D",-6567,806,-6413.29,-6644.43,832.91,791.86,6028.51,6028.51,39402,39402,39402.01,39402.01,330.2,280.2,3669.8,3719.8,0,0,2743.49,2924.63,39402,39402,0,0,330.2,280.2,330.2,280.2,4740,4810,0,0,0,0,0,0,411.52,438.69,0
"03419932",1,"2015","2014",0,0.153,0.153,"1",-0.0765,-0.0765,"39","D",0,0,0,"D",0,"D",1000,"D",0,"D",0,"D",0,"D",0,"D",0,"D",8000,"D",0,"D",0,"D",0,"D",0,"D",0,"D",-77,0,-76.5,-76.5,0,0,153,153,1000,1000,1000.01,1000.01,0,0,0,0,0,0,76.5,76.5,1000,1000,0,0,0,0,0,0,0,0,0,0,0,0,0,0,0,0,0
"03419932",3,"2015","2014",0,0,0,"1",-0.0765,-0.0765,"39","D",0,0,0,"D",0,"D",0,"D",0,"D",0,"D",0,"D",0,"D",0,"D",0,"D",0,"D",0,"D",0,"D",0,"D",0,"D",0,0,0,0,0,0,0,0,0,0,0.01,0.01,0,0,0,0,0,0,0,0,0,0,0,0,0,0,0,0,0,0,0,0,0,0,0,0,0,0,0
"03419942",1,"2015","2014",0,0.153,0.153,"2",0.1,0.1,"44","D",0,0,0,"D",0,"D",28000,"D",0,"D",0,"D",0,"D",0,"D",0,"D",7440,"D",0,"D",680,"D",0,"D",0,"D",0,"D",750,0,770,740,0,0,4284,4284,28000,28000,0,0,0,0,0,0,0,0,0,0,28000,28000,0,0,770,740,770,740,0,0,0,0,0,0,0,0,0,0,0
"03419952",1,"2015","2014",0,0.153,0.153,"1",0.25,0.25,"36","D",0.0346,0.037,0,"D",0,"D",65000,"D",0,"D",0,"D",0,"D",0,"D",0,"D",9228,"D",0,"D",420,"D",0,"D",0,"D",0,"D",9502,1706,9568.75,9468.75,1780.73,1668.49,9945,9945,65000,65000,65000.01,65000.01,0,0,0,0,0,0,0,0,65000,65000,0,0,9568.75,9468.75,9568.75,9468.75,0,0,0,0,0,0,0,0,0,0,0
"03419952",2,"2015","2014",0,0.153,0.153,"1",0.25,0.25,"36","D",0.0346,0.037,0,"D",0,"D",65000,"D",0,"D",0,"D",0,"D",0,"D",0,"D",0,"D",0,"D",0,"D",0,"D",0,"D",0,"D",9502,1706,9568.75,9468.75,1780.73,1668.49,9945,9945,65000,65000,65000.01,65000.01,0,0,0,0,0,0,0,0,65000,65000,0,0,9568.75,9468.75,9568.75,9468.75,0,0,0,0,0,0,0,0,0,0,0
"03419962",1,"2015","2014",0,0.153,0.153,"2",0.15,0.15,"26","D",0.051,0.051,0,"D",0,"D",59000,"D",32000,"D",-6100,"D",0,"D",0,"D",0,"D",0,"D",1200,"D",80,"D",0,"D",0,"D",0,"D",8743,3115,8782.5,8722.5,3121.05,3112.65,13923,13923,84900,84900,84900.01,84900.01,0,0,0,0,0,0,0,0,84900,84900,0,0,8782.5,8722.5,8782.5,8722.5,12400,12600,0,0,0,0,0,0,0,0,0
"03419972",1,"2015","2014",0,0.153,0.153,"1",0.15,0.15,"09","D",0.06,0.06,1,"D",1,"D",25503,"D",0,"D",1,"D",12000,"D",7716,"D",0,"D",5700,"D",0,"D",197,"D",0,"D",0,"D",0,"D",4381,1548,4400.64,4370.64,1594.24,1525.24,3901.96,3901.96,44062.6,44062.6,37504.01,37504.01,0,0,0,0,0,0,0,0,44062.6,44062.6,0,0,4400.64,4370.64,4400.64,4370.64,4150,5200,0,0,0,0,0,0,0,0,0
"03419982",1,"2015","2014",0,0.153,0.153,"2",0.2325,0.2325,"41","D",0.07,0.07,0,"D",0,"D",83772,"D",57774,"D",-6500,"D",0,"D",0,"D",0,"D",0,"D",2400,"D",0,"D",0,"D",0,"D",4200,"D",19816,7734,19914.35,19766.1,7738.62,7731.62,21656.54,21656.54,135046,135046,112807.39,112714.39,0,0,0,0,0,0,0,0,130846,130846,0,0,19914.35,19766.1,19914.35,19766.1,0,0,0,0,0,0,0,0,0,0,0
"03420002",1,"2015","2014",0,0,0,"1",0,0,"03","D",0,0,1,"D",1,"D",0,"D",0,"D",0,"D",0,"D",22378,"D",0,"D",0,"D",1900,"D",0,"D",0,"D",0,"D",0,"D",0,-25,0,0,-25,-25,0,0,0,0,0.01,0.01,0,0,0,0,0,0,0,0,0,0,0,0,0,0,0,0,5009,5091,2239.26,2239.26,0,0,0,0,0,0,0
"03420032",1,"2015","2014",0,0.153,0.153,"1",0.2267,0.254,"05","D",0.093,0.093,0,"D",0,"D",100000,"D",0,"D",0,"D",0,"D",0,"D",0,"D",24000,"D",0,"D",19,"D",0,"D",0,"D",200,"D",18189,6304,18236.16,18166.16,6329.54,6291.34,15300,15300,100000,100000,100000.01,100000.01,0,0,0,0,0,0,0,0,99800,99800,0,0,18236.16,18166.16,18236.16,18166.16,3992,4044,219,219,0,0,0,0,0,0,0
"03420042",1,"2015","2014",1,0.153,0.153,"3",0.2598,0.2598,"24","D",0.127,0.127,0,"D",0,"D",23277,"D",0,"D",0,"D",0,"D",0,"D",0,"D",0,"D",1200,"D",0,"D",0,"D",0,"D",0,"D",-1894,-1217,-1806.87,-1937.01,-1182.51,-1233.68,3561.38,3561.38,23277,23277,23277.01,23277.01,0,0,0,0,0,0,2434.57,2539.71,23277,23277,0,0,627.7,602.7,627.7,602.7,9100,9250,0,0,603.96,604.9,0,0,914.36,951.23,0
"03420042",3,"2015","2014",0,0.153,0.153,"1",0.15,0.15,"24","D",0.0535,0.0535,0,"D",0,"D",20000,"D",0,"D",0,"D",0,"D",0,"D",0,"D",0,"D",0,"D",0,"D",0,"D",0,"D",0,"D",1004,522,1023.75,993.75,526.98,518.95,3060,3060,20000,20000,20000.01,20000.01,0,0,0,0,0,0,0,0,20000,20000,0,0,1023.75,993.75,1023.75,993.75,6200,6300,0,0,0,0,0,0,0,0,0
"03420052",1,"2015","2014",0,0.153,0.153,"2",0.1414,0.1413,"34","D",0.0575,0.058,0,"D",0,"D",90000,"D",4000,"D",-3000,"D",0,"D",0,"D",0,"D",0,"D",8500,"D",7770,"D",0,"D",0,"D",0,"D",8440,4383,8455.8,8431.5,4408,4370,14382,14382,91000,91000,91000.01,91000.01,0,0,0,0,0,0,0,0,91000,91000,0,0,8455.8,8431.5,8455.8,8431.5,15000,15000,8500,8500,0,0,0,0,0,0,0
"03420072",1,"2015","2014",0,0.153,0.153,"2",0.15,0.15,"33","D",0.059,0.059,1,"D",0,"D",56535,"D",0,"D",0,"D",0,"D",17753,"D",0,"D",0,"D",8000,"D",0,"D",0,"D",0,"D",0,"D",6626,1968,6791.26,6543.76,1982.69,1960.75,8649.85,8649.85,71625.05,71625.05,56535.01,56535.01,0,0,0,0,0,0,0,0,71625.05,71625.05,0,0,6791.26,6543.76,6791.26,6543.76,15650,15850,0,0,0,0,0,0,0,0,0
"03420082",1,"2015","2014",2,0,0,"3",-0.4,-0.4,"10","D",0,0,0,"D",0,"D",0,"D",0,"D",0,"D",0,"D",0,"D",0,"D",0,"D",1200,"D",0,"D",0,"D",0,"D",7692,"D",0,0,0,0,0,0,0,0,0,0,0,0,0,0,0,0,0,0,0,0,0,0,0,0,0,0,0,0,0,0,0,0,0,0,0,0,0,0,0
"03420142",1,"2015","2014",0,0,0,"1",0,0,"17","D",0,0,1,"D",1,"D",0,"D",0,"D",20,"D",0,"D",16702,"D",0,"D",0,"D",640,"D",129,"D",0,"D",0,"D",1820,"D",0,-216,0,0,-216,-216,0,0,20,20,0.01,0.01,0,0,0,0,0,0,0,0,20,20,0,0,0,0,0,0,3850,3850,0,0,216,216,0,0,0,0,0
"03420152",1,"2015","2014",3,0.153,0.153,"3",0.3106,0.3106,"28","D",0.0562,0.0562,0,"D",0,"D",28000,"D",0,"D",165,"D",0,"D",0,"D",0,"D",6000,"D",0,"D",0,"D",0,"D",3,"D",20,"D",-6774,-319,-6639.95,-6841.34,-298.26,-329.11,4284,4284,28165,28165,28165.01,28165.01,326.5,291.5,2673.5,2708.5,0,0,3966.45,4132.84,28165,28165,0,0,326.5,291.5,326.5,291.5,9100,9250,0,0,0,0,0,0,396.64,413.28,0
"03420162",1,"2015","2014",2,0,0,"3",-0.4,-0.4,"34","D",0,0,0,"D",0,"D",0,"D",0,"D",0,"D",0,"D",0,"D",0,"D",0,"D",3700,"D",0,"D",0,"D",0,"D",5696,"D",0,0,0,0,0,0,0,0,0,0,0.01,0.01,0,0,0,0,0,0,0,0,0,0,0,0,0,0,0,0,12000,12000,9396,9396,0,0,0,0,0,0,0
"03420202",1,"2015","2014",0,0,0,"1",-0.0765,-0.0765,"34","D",0,0,0,"D",0,"D",0,"D",0,"D",1000,"D",0,"D",0,"D",0,"D",0,"D",0,"D",45,"D",0,"D",0,"D",0,"D",0,0,0,0,0,0,0,0,1000,1000,1000.01,1000.01,0,0,0,0,0,0,0,0,1000,1000,0,0,0,0,0,0,7500,7500,0,0,0,0,0,0,0,0,0
"03420232",1,"2015","2014",0,0,0,"2",0.2531,0.2531,"45","D",0.1628,0.1628,2,"D",2,"D",0,"D",0,"D",60,"D",39000,"D",35636,"D",0,"D",0,"D",5300,"D",3508,"D",0,"D",0,"D",8720,"D",3440,1461,3459.04,3430.55,1468.03,1457.95,0,0,56006.3,56006.3,56006.32,56006.32,0,0,0,0,0,0,0,0,47286.3,47286.3,0,0,3459.04,3430.55,3459.04,3430.55,0,0,0,0,0,0,0,0,0,0,0
"03420242",1,"2015","2014",0,0.153,0.153,"2",0.15,0.15,"0","T",0,0,0,"D",0,"D",51000,"D",38979,"D",-4762,"D",0,"D",0,"D",0,"D",0,"D",380,"D",0,"D",0,"D",0,"D",1920,"D",8790,0,8830.05,8770.05,0,0,13766.79,13766.79,85217,85217,0,0,0,0,0,0,0,0,0,0,85217,85217,0,0,8830.05,8770.05,8830.05,8770.05,0,0,0,0,0,0,0,0,0,0,0
"03420262",1,"2015","2014",0,0.153,0.153,"1",0.0765,0.0765,"43","D",0,0,0,"D",0,"D",9229,"D",0,"D",0,"D",0,"D",0,"D",0,"D",0,"D",650,"D",30,"D",0,"D",0,"D",0,"D",-422,0,-410.4,-428.11,0,0,1412.04,1412.04,9229,9229,0,0,0,0,0,0,0,0,410.4,428.11,9229,9229,0,0,0,0,0,0,0,0,0,0,0,0,0,0,0,0,0
"03420272",1,"2015","2014",2,0.153,0.153,"2",0.1463,0.1463,"31","D",0.0245,0.0245,0,"D",0,"D",75000,"D",0,"D",0,"D",0,"D",0,"D",0,"D",0,"D",16180,"D",0,"D",0,"D",2,"D",752,"D",3245,1050,3275.2,3230.2,1050,1050,11475,11475,75000,75000,75000.01,75000.01,2000,2000,0,0,0,0,0,0,74248,74248,0,0,5275.2,5230.2,5275.2,5230.2,0,0,0,0,0,0,0,0,0,0,0
"03420322",1,"2015","2014",0,0.153,0.153,"1",0.1,0.1,"18","D",0.0464,0.0464,0,"D",0,"D",15000,"D",0,"D",0,"D",0,"D",0,"D",0,"D",8100,"D",0,"D",1,"D",0,"D",0,"D",0,"D",475,428,485,470,429.44,427.58,2295,2295,15000,15000,15000.01,15000.01,0,0,0,0,0,0,0,0,15000,15000,0,0,485,470,485,470,2400,2440,1,1,0,0,0,0,0,0,0
"03420322",2,"2015","2014",0,0.153,0.153,"1",0.15,0.15,"18","D",0.058,0.058,0,"D",0,"D",22000,"D",0,"D",0,"D",0,"D",0,"D",0,"D",0,"D",0,"D",0,"D",0,"D",0,"D",0,"D",1304,941,1323.75,1293.75,942.8,940.48,3366,3366,22000,22000,22000.01,22000.01,0,0,0,0,0,0,0,0,22000,22000,0,0,1323.75,1293.75,1323.75,1293.75,2400,2440,0,0,0,0,0,0,0,0,0
"03420342",1,"2015","2014",0,0.153,0.153,"2",0.1406,0.1406,"50","D",0.0627,0.0627,0,"D",0,"D",18000,"D",96000,"D",205,"D",0,"D",0,"D",0,"D",0,"D",5500,"D",6267,"D",0,"D",0,"D",21036,"D",9371,4844,9390.53,9361.53,4848.45,4841.78,17442,17442,114205,114205,114205.01,114205.01,0,0,0,0,0,0,0,0,93169,93169,0,0,9390.53,9361.53,9390.53,9361.53,0,0,21036,21036,0,0,0,0,0,0,0
"03420352",1,"2015","2014",2,0.153,0.153,"2",0.3159,0.3159,"10","D",0,0,0,"D",0,"D",0,"D",24000,"D",0,"D",0,"D",21862,"D",0,"D",0,"D",400,"D",1469,"D",0,"D",1,"D",80,"D",-6109,0,-5995.52,-6165.66,0,0,3672,3672,25465.5,25465.5,0,0,0,0,1000,1000,0,0,4995.52,5165.66,25465.5,25465.5,0,0,0,0,0,0,0,0,0,0,0,0,0,0,0,0,0
"03420352",2,"2015","2014",2,0,0,"3",-0.4,-0.4,"10","D",0,0,0,"D",0,"D",0,"D",0,"D",0,"D",0,"D",0,"D",0,"D",0,"D",0,"D",0,"D",0,"D",1,"D",0,"D",0,0,0,0,0,0,0,0,0,0,0,0,0,0,0,0,0,0,0,0,0,0,0,0,0,0,0,0,0,0,0,0,0,0,0,0,0,0,0
"03420392",1,"2015","2014",0,0,0,"1",0.223,0.223,"24","D",0.0803,0.0802,0,"D",0,"D",0,"D",0,"D",17046,"D",5465,"D",20794,"D",0,"D",0,"D",8010,"D",50,"D",0,"D",0,"D",0,"D",1638,-1145,1648.44,1633.44,-1134.51,-1149.83,0,0,26465,26465,26465.02,26465.02,0,0,0,0,0,0,0,0,26465,26465,0,0,1648.44,1633.44,1648.44,1633.44,0,0,8500.42,8500.42,1907.85,1920.5,0,0,0,0,0
"03420392",3,"2015","2014",0,0.153,0.153,"1",0.1,0.1,"24","D",0.0535,0.0535,0,"D",0,"D",17288,"D",0,"D",0,"D",0,"D",0,"D",0,"D",0,"D",0,"D",0,"D",0,"D",0,"D",0,"D",704,377,713.8,698.8,381.88,373.86,2645.06,2645.06,17288,17288,17288.01,17288.01,0,0,0,0,0,0,0,0,17288,17288,0,0,713.8,698.8,713.8,698.8,6200,6300,0,0,0,0,0,0,0,0,0
"03420402",1,"2015","2014",1,0.153,0.153,"2",0.15,0.15,"10","D",0,0,0,"D",0,"D",22000,"D",35000,"D",0,"D",0,"D",0,"D",0,"D",11700,"D",0,"D",1243,"D",0,"D",1,"D",1440,"D",2960,0,3005,2937.5,0,0,8721,8721,57000,57000,0,0,1000,1000,0,0,0,0,0,0,57000,57000,0,0,4005,3937.5,4005,3937.5,0,0,0,0,0,0,0,0,0,0,0
"03420442",1,"2015","2014",0,0.153,0.153,"1",0.28,0.28,"0","T",0,0,0,"D",0,"D",43318,"D",0,"D",76990,"D",0,"D",0,"D",0,"D",0,"D",17480,"D",165,"D",0,"D",0,"D",4832,"D",19383,0,19462.43,19343.93,0,0,6627.65,6627.65,120308,120308,0,0,0,0,0,0,0,0,0,0,115476,115476,0,0,19462.43,19343.93,19462.43,19343.93,0,0,0,0,0,0,0,0,0,0,0
"03420452",1,"2015","2014",1,0.153,0.153,"3",0.15,0.1395,"41","D",0.07,0.07,0,"D",0,"D",52000,"D",0,"D",0,"D",0,"D",0,"D",0,"D",0,"D",780,"D",85,"D",0,"D",0,"D",6852,"D",4537,1981,4501.37,4555,2057.21,1942.9,7956,7956,52000,52000,34325.8,34750.01,0,0,0,0,0,0,0,0,45148,52000,0,0,4501.37,4555,4501.37,4555,0,0,0,0,0,0,0,0,0,0,0
"03420472",1,"2015","2014",3,0.153,0.153,"2",0.15,0.15,"05","D",0.04,0.04,0,"D",0,"D",33000,"D",36178,"D",-1500,"D",0,"D",0,"D",0,"D",0,"D",1700,"D",140,"D",0,"D",1,"D",8404,"D",3367,175,3421.7,3339.2,192.49,166.93,10584.23,10584.23,67678,67678,67678.01,67678.01,1000,1000,0,0,0,0,0,0,67678,67678,0,0,4421.7,4339.2,4421.7,4339.2,7984,8088,10244,10244,0,0,0,0,0,0,0
"03420472",2,"2015","2014",3,0,0,"3",-0.45,-0.45,"05","D",0,0,0,"D",0,"D",0,"D",0,"D",0,"D",0,"D",0,"D",0,"D",0,"D",0,"D",0,"D",0,"D",1,"D",0,"D",0,0,0,0,0,0,0,0,0,0,0.01,0.01,0,0,0,0,0,0,0,0,0,0,0,0,0,0,0,0,7984,8088,0,0,0,0,0,0,0,0,0
"03420532",1,"2015","2014",0,0.153,0.153,"1",0,0,"24","D",0.0099,0.0099,0,"D",0,"D",7000,"D",0,"D",0,"D",0,"D",0,"D",0,"D",7500,"D",0,"D",0,"D",0,"D",0,"D",20,"D",-501,-1210,-496,-503,-1208.2,-1210.2,1071,1071,7000,7000,7000.01,7000.01,0,0,0,0,0,0,496,503,7000,7000,0,0,0,0,0,0,6200,6300,0,0,1078.2,1078.2,0,0,130,132,0
"03420552",1,"2015","2014",0,0,0,"1",0,0,"33","D",0,0,1,"D",1,"D",0,"D",0,"D",192,"D",615,"D",9674,"D",0,"D",3840,"D",0,"D",0,"D",0,"D",0,"D",0,"D",0,0,0,0,0,0,0,0,807,807,192.01,192.01,0,0,0,0,0,0,0,0,807,807,0,0,0,0,0,0,7800,7900,0,0,0,0,0,0,0,0,0
"03420562",1,"2015","2014",3,0.153,0.153,"2",0.1405,0.1405,"45","D",0.063,0.063,0,"D",0,"D",68253,"D",0,"D",0,"D",0,"D",0,"D",0,"D",0,"D",1700,"D",0,"D",0,"D",3,"D",11148,"D",1064,2276,1097.7,1047.73,2286.97,2270.13,10442.71,10442.71,68253,68253,68253.01,68253.01,3000,3000,0,0,0,0,0,0,57105,57105,0,0,4097.7,4047.73,4097.7,4047.73,0,0,0,0,0,0,0,0,0,0,0
"03420572",1,"2015","2014",2,0.0665,0.0665,"2",0.25,0.25,"44","D",0,0,0,"D",0,"D",120000,"D",52000,"D",-1185,"D",0,"D",0,"D",0,"D",0,"D",3200,"D",0,"D",0,"D",1,"D",3528,"D",27216,0,27366.25,27141.25,0,0,25944,26130,170815,170815,0,0,0,0,0,0,0,0,0,0,170815,170815,0,0,27366.25,27141.25,27366.25,27141.25,0,0,0,0,0,0,0,0,0,0,0
"03420572",2,"2015","2014",0,0.153,0.153,"1",0.25,0.25,"44","D",0,0,0,"D",0,"D",75654,"D",0,"D",0,"D",0,"D",0,"D",0,"D",0,"D",0,"D",0,"D",0,"D",0,"D",0,"D",12166,0,12232.25,12132.25,0,0,11575.06,11575.06,75654,75654,0,0,0,0,0,0,0,0,0,0,75654,75654,0,0,12232.25,12132.25,12232.25,12132.25,0,0,0,0,0,0,0,0,0,0,0
"03420612",1,"2015","2014",2,0,0,"3",-0.4,-0.4,"33","D",0.002,0.002,0,"D",0,"D",0,"D",0,"D",0,"D",14846,"D",0,"D",0,"D",0,"D",5400,"D",20,"D",0,"D",0,"D",72,"D",0,-247,0,0,-247.31,-247.31,0,0,14846,14846,14846.01,14846.01,0,0,0,0,0,0,0,0,14846,14846,0,0,0,0,0,0,10950,11100,0,0,47.31,47.31,0,0,0,0,0
"03420632",1,"2015","2014",0,0,0,"1",0,0,"10","D",0,0,1,"D",1,"D",0,"D",0,"D",0,"D",0,"D",8410,"D",0,"D",0,"D",2800,"D",0,"D",0,"D",0,"D",0,"D",0,0,0,0,0,0,0,0,0,0,0,0,0,0,0,0,0,0,0,0,0,0,0,0,0,0,0,0,0,0,0,0,0,0,0,0,0,0,0
"03420682",1,"2015","2014",2,0.153,0.153,"2",0.25,0.25,"28","D",0.0684,0.0684,0,"D",0,"D",80000,"D",32000,"D",-5500,"D",0,"D",0,"D",0,"D",0,"D",3800,"D",75,"D",0,"D",2,"D",4488,"D",9138,4228,9287.5,9062.5,4260.04,4211.73,17136,17136,106500,106500,106500.01,106500.01,2000,2000,0,0,0,0,0,0,106500,106500,0,0,11287.5,11062.5,11287.5,11062.5,12400,12600,0,0,0,0,0,0,0,0,0
"03420692",1,"2015","2014",0,0,0,"1",0,0,"47","D",0,0,1,"D",1,"D",0,"D",0,"D",0,"D",1300,"D",17578,"D",0,"D",0,"D",3500,"D",50,"D",0,"D",0,"D",2400,"D",0,0,0,0,0,0,0,0,1300,1300,1300.01,1300.01,0,0,0,0,0,0,0,0,1300,1300,0,0,0,0,0,0,0,0,0,0,0,0,0,0,0,0,0
"03420702",1,"2015","2014",1,0.153,0.153,"3",0.2267,0.2267,"05","D",0.093,0.093,1,"D",0,"D",43989,"D",0,"D",73550,"D",0,"D",16994,"D",0,"D",0,"D",5000,"D",990,"D",0,"D",0,"D",13476,"D",19325,4660,19374.5,19300.69,4769.91,4605.12,6730.32,6730.32,131983.9,131983.9,117539.01,117539.01,0,0,0,0,0,0,0,0,118507.9,118507.9,0,0,19374.5,19300.69,19374.5,19300.69,7984,8088,19466,19466,0,0,0,0,0,0,0
"03420732",1,"2015","2014",0,0,0,"1",0,0,"14","D",0,0,1,"D",1,"D",0,"D",0,"D",0,"D",2700,"D",11938,"D",0,"D",2268,"D",0,"D",8,"D",0,"D",0,"D",0,"D",0,0,0,0,0,0,0,0,2700,2700,0.01,0.01,0,0,0,0,0,0,0,0,2700,2700,0,0,0,0,0,0,0,0,0,0,0,0,0,0,0,0,0
"03420742",1,"2015","2014",0,0.153,0.153,"1",0.2486,0.2486,"10","D",0,0,0,"D",0,"D",85000,"D",0,"D",-2429,"D",0,"D",0,"D",0,"D",0,"D",600,"D",0,"D",0,"D",0,"D",9476,"D",12739,0,12789.03,12714.03,0,0,13005,13005,82571,82571,0,0,0,0,0,0,0,0,0,0,73095,73095,0,0,12789.03,12714.03,12789.03,12714.03,0,0,0,0,0,0,0,0,0,0,0
"03420764",1,"2015","2014",0,0,0,"1",0.225,0.225,"38","D",0.064,0.064,1,"D",1,"D",0,"D",0,"D",24863,"D",0,"D",18262,"D",0,"D",12000,"D",0,"D",100,"D",0,"D",0,"D",4200,"D",2175,1128,2195.25,2165.25,1130.27,1126.32,0,0,29360,29360,24863.01,24863.01,0,0,0,0,0,0,0,0,29360,29360,0,0,2195.25,2165.25,2195.25,2165.25,3315.6,3344.96,5420.3,5416.39,0,0,0,0,0,0,0
"03420802",1,"2015","2014",2,0.153,0.153,"2",0.3,0.3,"05","D",0.093,0.093,0,"D",0,"D",67098,"D",78061,"D",0,"D",0,"D",0,"D",0,"D",0,"D",1800,"D",0,"D",0,"D",2,"D",0,"D",20560,6837,20710.2,20485.2,6892.86,6808.47,22209.33,22209.33,145159,145159,145159.01,145159.01,242.05,242.05,0,0,0,0,0,0,145159,145159,0,0,20952.25,20727.25,20952.25,20727.25,7984,8088,1800,1800,0,0,0,0,0,0,0
"03420842",1,"2015","2014",0,0.153,0.153,"1",0.15,0.15,"33","D",0.0657,0.0657,1,"D",1,"D",26015,"D",0,"D",1,"D",0,"D",0,"D",0,"D",18000,"D",0,"D",1170,"D",0,"D",0,"D",0,"D",1674,819,1693.65,1663.65,826.75,815.78,3980.29,3980.29,26016,26016,26016.01,26016.01,0,0,0,0,0,0,0,0,26016,26016,0,0,1693.65,1663.65,1693.65,1663.65,7800,7900,0,0,0,0,0,0,0,0,0
"03420842",2,"2015","2014",1,0,0,"3",-0.34,-0.34,"33","D",-0.102,-0.102,0,"D",0,"D",0,"D",0,"D",0,"D",0,"D",0,"D",0,"D",0,"D",0,"D",0,"D",0,"D",0,"D",0,"D",0,-100,0,0,-100,-100,0,0,0,0,0.01,0.01,0,0,0,0,0,0,0,0,0,0,0,0,0,0,0,0,10950,11100,0,0,0,0,0,0,0,0,0
"03420852",1,"2015","2014",0,0.153,0.153,"1",0.1765,0.1765,"41","D",0.03,0.03,0,"D",0,"D",14000,"D",0,"D",0,"D",0,"D",0,"D",0,"D",3600,"D",0,"D",0,"D",0,"D",0,"D",0,"D",318,26,339.59,306.88,29.1,24.6,2142,2142,14000,14000,3850.01,3700.01,0,0,0,0,0,0,45.41,63.12,14000,14000,0,0,385,370,385,370,0,0,0,0,0,0,0,0,0,0,0
"03420862",1,"2015","2014",0,0,0,"1",-0.0765,-0.0765,"36","D",0,0,0,"D",0,"D",0,"D",0,"D",0,"D",0,"D",0,"D",0,"D",0,"D",360,"D",0,"D",0,"D",0,"D",3751,"D",0,0,0,0,0,0,0,0,0,0,0.01,0.01,0,0,0,0,0,0,0,0,0,0,0,0,0,0,0,0,0,0,0,0,0,0,0,0,0,0,0
"03420882",1,"2015","2014",2,0,0,"3",-0.4,-0.4,"10","D",0,0,0,"D",0,"D",0,"D",0,"D",0,"D",2134,"D",0,"D",0,"D",0,"D",110,"D",0,"D",0,"D",0,"D",0,"D",0,0,0,0,0,0,0,0,2134,2134,0,0,0,0,0,0,0,0,0,0,2134,2134,0,0,0,0,0,0,0,0,0,0,0,0,0,0,0,0,0
"03420902",1,"2015","2014",0,0.153,0.153,"2",0.2684,0.2684,"19","D",0.0414,0.0414,0,"D",0,"D",100318,"D",85000,"D",7200,"D",0,"D",0,"D",0,"D",0,"D",800,"D",2064,"D",0,"D",0,"D",5460,"D",34599,6649,34752.71,34522.26,6632.63,6656.97,28353.65,28353.65,192518,192518,192518.01,192518.01,0,0,0,0,0,0,0,0,187058,187058,0,0,34752.71,34522.26,34752.71,34522.26,0,0,0,0,0,0,0,0,0,0,0
"03420922",1,"2015","2014",1,0.153,0.153,"3",0.3,0.3,"36","D",0.0346,0.037,0,"D",0,"D",88000,"D",0,"D",-8800,"D",0,"D",0,"D",0,"D",43356,"D",0,"D",550,"D",320,"D",1,"D",200,"D",9007,2140,9108.5,8956,2233.74,2092.95,13464,13464,79200,79200,79200.01,79200.01,790,790,0,0,64,64,0,0,79200,79200,0,0,9962.5,9810,9962.5,9810,0,0,0,0,0,0,0,0,0,0,0
"03420922",2,"2015","2014",0,0.153,0.153,"1",0.25,0.25,"36","D",0.0396,0.0423,0,"D",0,"D",92047,"D",0,"D",0,"D",0,"D",0,"D",0,"D",0,"D",0,"D",0,"D",0,"D",0,"D",0,"D",16264,2708,16330.5,16230.5,2827.12,2648.97,14083.19,14083.19,92047,92047,92047.01,92047.01,0,0,0,0,0,0,0,0,92047,92047,0,0,16330.5,16230.5,16330.5,16230.5,0,0,0,0,0,0,0,0,0,0,0
"03420932",1,"2015","2014",0,0.0629,0.0629,"2",0.2394,0.2394,"23","D",0.0425,0.0425,0,"D",0,"D",47000,"D",125000,"D",-11818,"D",0,"D",0,"D",0,"D",0,"D",2500,"D",48,"D",0,"D",0,"D",6084,"D",25908,6468,26008.07,25858.07,6467.74,6467.74,25324,25510,160182,160182,160182.01,160182.01,0,0,0,0,0,0,0,0,154098,154098,0,0,26008.07,25858.07,26008.07,25858.07,0,0,0,0,0,0,0,0,0,0,0
"03420942",1,"2015","2014",0,0.153,0.153,"2",0.2775,0.2775,"22","D",0.0515,0.052,2,"D",2,"D",0,"D",42000,"D",0,"D",0,"D",32496,"D",0,"D",0,"D",1300,"D",0,"D",0,"D",0,"D",0,"D",4654,1643,4704.12,4629.12,1653.6,1637.7,6426,6426,60110.8,60110.8,42000.01,42000.01,0,0,0,0,0,0,0,0,60110.8,60110.8,0,0,4704.12,4629.12,4704.12,4629.12,0,0,0,0,0,0,0,0,0,0,0
"03420962",1,"2015","2014",0,0.0751,0.0751,"2",0.3597,0.3595,"48","D",0,0,0,"D",0,"D",97541,"D",228786,"D",1267,"D",0,"D",0,"D",0,"D",0,"D",8000,"D",1287,"D",0,"D",0,"D",2748,"D",77090,0,77458.28,76905.29,0,0,36753.51,36939.51,327594,327594,0,0,0,0,0,0,0,0,0,0,324846,324846,0,0,77410.14,76857.14,77410.14,76857.14,0,0,0,0,0,0,0,0,0,0,0
"03420972",1,"2015","2014",0,0,0,"1",0,0,"47","D",0,0,1,"D",1,"D",0,"D",0,"D",0,"D",2526,"D",14254,"D",0,"D",0,"D",1800,"D",838,"D",0,"D",0,"D",2004,"D",0,0,0,0,0,0,0,0,2526,2526,2526.01,2526.01,0,0,0,0,0,0,0,0,2526,2526,0,0,0,0,0,0,0,0,0,0,0,0,0,0,0,0,0
"03420993",1,"2015","2014",0,0.153,0.153,"2",0.1,0.1,"0","T",0,0,0,"D",0,"D",0,"D",20000,"D",1000,"D",0,"D",0,"D",0,"D",0,"D",3000,"D",900,"D",0,"D",0,"D",3000,"D",50,0,70,40,0,0,3060,3060,21000,21000,0,0,0,0,0,0,0,0,0,0,21000,21000,0,0,70,40,70,40,0,0,0,0,0,0,0,0,0,0,0
"03421002",1,"2015","2014",2,0.153,0.153,"3",0.15,0.15,"18","D",0.058,0.058,0,"D",0,"D",50000,"D",0,"D",0,"D",0,"D",0,"D",0,"D",0,"D",1200,"D",186,"D",0,"D",2,"D",156,"D",1673,2545,1710,1655,2546.8,2544.48,7650,7650,50000,50000,50000.01,50000.01,2000,2000,0,0,0,0,0,0,50000,50000,0,0,3710,3655,3710,3655,2400,2440,1542,1542,0,0,0,0,0,0,0
"03421002",2,"2015","2014",0,0.153,0.153,"1",0.1,0.1,"18","D",0.058,0.058,0,"D",0,"D",17000,"D",0,"D",0,"D",0,"D",0,"D",0,"D",0,"D",0,"D",0,"D",0,"D",0,"D",0,"D",675,651,685,670,652.8,650.48,2601,2601,17000,17000,17000.01,17000.01,0,0,0,0,0,0,0,0,17000,17000,0,0,685,670,685,670,2400,2440,0,0,0,0,0,0,0,0,0
"03421002",3,"2015","2014",0,0.153,0.153,"1",0.15,0.15,"18","D",0.058,0.058,0,"D",0,"D",27000,"D",0,"D",0,"D",0,"D",0,"D",0,"D",0,"D",0,"D",0,"D",0,"D",0,"D",0,"D",2054,1231,2073.75,2043.75,1232.8,1230.48,4131,4131,27000,27000,27000.01,27000.01,0,0,0,0,0,0,0,0,27000,27000,0,0,2073.75,2043.75,2073.75,2043.75,2400,2440,0,0,0,0,0,0,0,0,0
"03421022",1,"2015","2014",0,0.153,0.153,"2",0.25,0.25,"0","T",0,0,2,"D",2,"D",43170,"D",0,"D",10000,"D",48000,"D",19822,"D",0,"D",0,"D",8000,"D",100,"D",0,"D",0,"D",8400,"D",15017,0,15117.18,14967.18,0,0,6605.01,6605.01,118018.7,118018.7,0,0,0,0,0,0,0,0,0,0,109618.7,109618.7,0,0,15117.18,14967.18,15117.18,14967.18,0,0,0,0,0,0,0,0,0,0,0
"03421052",1,"2015","2014",5,0,0,"3",-0.45,-0.45,"07","D",-0.1238,-0.1238,0,"D",0,"D",0,"D",0,"D",0,"D",0,"D",0,"D",0,"D",9576,"D",0,"D",0,"D",0,"D",2,"D",0,"D",0,0,0,0,0,0,0,0,0,0,0.01,0.01,0,0,0,0,0,0,0,0,0,0,0,0,0,0,0,0,0,0,0,0,0,0,0,0,0,0,0
"03421122",1,"2015","2014",0,0.153,0.153,"1",0.25,0.2267,"05","D",0.093,0.093,0,"D",0,"D",80000,"D",0,"D",-2700,"D",0,"D",0,"D",0,"D",0,"D",2000,"D",20,"D",0,"D",0,"D",0,"D",12574,4193,12634.14,12543.75,4218.44,4180.24,12240,12240,77300,77300,77300.01,77300.01,0,0,0,0,0,0,0,0,77300,77300,0,0,12634.14,12543.75,12634.14,12543.75,3992,4044,2020,2020,0,0,0,0,0,0,0
"03421152",1,"2015","2014",3,0.153,0.153,"2",0.3106,0.3106,"24","D",0.1767,0.1767,0,"D",0,"D",23269,"D",23971,"D",0,"D",0,"D",0,"D",0,"D",0,"D",1000,"D",0,"D",0,"D",1,"D",0,"D",-735,409,-583.81,-809.95,483.62,371.6,7227.72,7227.72,47240,47240,47240.01,47240.01,1000,1000,0,0,0,0,1092.81,1273.95,47240,47240,0,0,1509,1464,1509,1464,12400,12600,0,0,122.47,125.4,0,0,201.22,286.24,0
"03421162",1,"2015","2014",0,0.153,0.153,"2",0.25,0.25,"0","T",0,0,0,"D",0,"D",74000,"D",43500,"D",-5500,"D",0,"D",0,"D",0,"D",0,"D",1640,"D",216,"D",0,"D",0,"D",14700,"D",13499,0,13598.5,13448.5,0,0,17977.5,17977.5,112000,112000,0,0,0,0,0,0,0,0,0,0,97300,97300,0,0,13598.5,13448.5,13598.5,13448.5,0,0,0,0,0,0,0,0,0,0,0
"03421162",2,"2015","2014",1,0,0,"3",-0.34,-0.34,"0","T",0,0,0,"D",0,"D",0,"D",0,"D",0,"D",0,"D",0,"D",0,"D",0,"D",0,"D",0,"D",0,"D",0,"D",0,"D",0,0,0,0,0,0,0,0,0,0,0,0,0,0,0,0,0,0,0,0,0,0,0,0,0,0,0,0,0,0,0,0,0,0,0,0,0,0,0
"03421204",1,"2015","2014",1,0.038,0.038,"2",0.3716,0.3712,"02","D",0,0,0,"D",0,"D",228786,"D",135000,"D",9000,"D",0,"D",0,"D",0,"D",0,"D",8000,"D",280,"D",0,"D",1,"D",34216,"D",83721,0,84121.01,83521.17,0,0,40589.87,40961.87,372786,372786,0,0,0,0,0,0,0,0,0,0,338570,338570,0,0,83779.01,83179.17,83779.01,83179.17,0,0,0,0,0,0,0,0,0,0,0
"03421232",1,"2015","2014",1,0.153,0.153,"3",0,0,"05","D",0,0,0,"D",0,"D",13500,"D",0,"D",0,"D",0,"D",0,"D",0,"D",19200,"D",0,"D",0,"D",0,"D",0,"D",0,"D",-3341,0,-3305,-3359,0,0,2065.5,2065.5,13500,13500,13500.01,13500.01,0,0,0,0,0,0,3305,3359,13500,13500,0,0,0,0,0,0,7984,8088,0,0,0,0,0,0,0,0,0
"03421252",1,"2015","2014",0,0.153,0.153,"1",0.15,0.15,"39","D",0.0307,0.0307,0,"D",0,"D",20093,"D",0,"D",0,"D",0,"D",0,"D",0,"D",4980,"D",0,"D",0,"D",0,"D",0,"D",0,"D",1018,617,1037.7,1007.7,616.86,616.86,3074.23,3074.23,20093,20093,20093.01,20093.01,0,0,0,0,0,0,0,0,20093,20093,0,0,1037.7,1007.7,1037.7,1007.7,0,0,0,0,0,0,0,0,0,0,0
"03421272",1,"2015","2014",3,0.153,0.153,"2",0.15,0.15,"0","T",0,0,0,"D",0,"D",32000,"D",26000,"D",0,"D",0,"D",0,"D",0,"D",7200,"D",0,"D",50,"D",0,"D",2,"D",0,"D",915,0,970,887.5,0,0,8874,8874,58000,58000,0,0,2000,2000,0,0,0,0,0,0,58000,58000,0,0,2970,2887.5,2970,2887.5,0,0,0,0,0,0,0,0,0,0,0
"03421272",2,"2015","2014",3,0,0,"3",-0.45,-0.45,"0","T",0,0,0,"D",0,"D",0,"D",0,"D",0,"D",0,"D",0,"D",0,"D",0,"D",0,"D",0,"D",0,"D",2,"D",0,"D",0,0,0,0,0,0,0,0,0,0,0,0,0,0,0,0,0,0,0,0,0,0,0,0,0,0,0,0,0,0,0,0,0,0,0,0,0,0,0
"03421282",1,"2015","2014",0,0,0,"1",0,0,"38","D",0,0,1,"D",1,"D",0,"D",0,"D",375,"D",1250,"D",15022,"D",0,"D",0,"D",5000,"D",117,"D",0,"D",0,"D",0,"D",0,0,0,0,0,0,0,0,1625,1625,1625.01,1625.01,0,0,0,0,0,0,0,0,1625,1625,0,0,0,0,0,0,3315.6,3344.96,5118,5118,0,0,0,0,0,0,0
"03421292",1,"2015","2014",0,0,0,"1",0,0,"0","T",0,0,1,"D",1,"D",0,"D",0,"D",0,"D",3010,"D",20254,"D",0,"D",0,"D",0,"D",0,"D",0,"D",0,"D",0,"D",0,0,0,0,0,0,0,0,3010,3010,0,0,0,0,0,0,0,0,0,0,3010,3010,0,0,0,0,0,0,0,0,0,0,0,0,0,0,0,0,0
"03421302",1,"2015","2014",1,0.153,0.153,"3",0.15,0.25,"29","D",0,0,0,"D",0,"D",70303,"D",0,"D",-3003,"D",0,"D",0,"D",0,"D",8000,"D",0,"D",1819,"D",0,"D",0,"D",0,"D",6896,0,6987.5,6850,0,0,10756.36,10756.36,67300,67300,0,0,0,0,0,0,0,0,0,0,67300,67300,0,0,6987.5,6850,6987.5,6850,0,0,0,0,0,0,0,0,0,0,0
"03421312",1,"2015","2014",2,0,0,"3",-0.4,-0.4,"05","D",0,0,0,"D",0,"D",0,"D",0,"D",0,"D",0,"D",0,"D",0,"D",14400,"D",0,"D",0,"D",0,"D",0,"D",0,"D",0,0,0,0,0,0,0,0,0,0,0.01,0.01,0,0,0,0,0,0,0,0,0,0,0,0,0,0,0,0,7984,8088,0,0,0,0,0,0,0,0,0
"03421322",1,"2015","2014",3,0.153,0.153,"2",0.3106,0.3106,"0","T",0,0,0,"D",0,"D",3089,"D",45818,"D",0,"D",0,"D",0,"D",0,"D",0,"D",190,"D",0,"D",0,"D",3,"D",1736,"D",-2217,0,-2066.04,-2292.18,0,0,7482.77,7482.77,48907,48907,0,0,1675.7,1630.7,1324.3,1369.3,0,0,741.74,922.88,48907,48907,0,0,1675.7,1630.7,1675.7,1630.7,0,0,0,0,0,0,0,0,0,0,0
"03421332",1,"2015","2014",0,0.153,0.153,"1",0.25,0.25,"10","D",0,0,0,"D",0,"D",55000,"D",0,"D",0,"D",0,"D",0,"D",0,"D",7440,"D",0,"D",0,"D",0,"D",0,"D",3600,"D",7002,0,7068.75,6968.75,0,0,8415,8415,55000,55000,0,0,0,0,0,0,0,0,0,0,55000,55000,0,0,7068.75,6968.75,7068.75,6968.75,0,0,0,0,0,0,0,0,0,0,0
"03421352",1,"2015","2014",2,0,0,"3",-0.4,-0.4,"06","D",-0.04,0,0,"D",0,"D",0,"D",0,"D",0,"D",0,"D",0,"D",0,"D",0,"D",3000,"D",0,"D",0,"D",0,"D",12772,"D",0,-9,0,0,0,-13,0,0,0,0,0,0,0,0,0,0,0,0,0,0,0,0,0,0,0,0,0,0,0,0,0,0,0,0,0,0,0,0,0
"03421362",1,"2015","2014",2,0,0,"3",-0.4,-0.4,"44","D",0,0,0,"D",0,"D",0,"D",0,"D",0,"D",0,"D",0,"D",0,"D",0,"D",900,"D",0,"D",0,"D",0,"D",504,"D",0,0,0,0,0,0,0,0,0,0,0,0,0,0,0,0,0,0,0,0,0,0,0,0,0,0,0,0,0,0,0,0,0,0,0,0,0,0,0
"03421382",1,"2015","2014",2,0,0,"3",-0.4,-0.4,"01","D",0,0,0,"D",0,"D",0,"D",0,"D",0,"D",0,"D",0,"D",0,"D",0,"D",1000,"D",0,"D",0,"D",0,"D",2256,"D",0,0,0,0,0,0,0,0,0,0,0.01,0.01,0,0,0,0,0,0,0,0,0,0,0,0,0,0,0,0,4700,4700,3256,3256,0,0,0,0,0,0,0
"03421402",1,"2015","2014",0,0.153,0.153,"1",0.2339,0.2339,"33","D",0.0645,0.0645,0,"D",0,"D",57917,"D",0,"D",0,"D",0,"D",0,"D",0,"D",0,"D",9600,"D",300,"D",0,"D",0,"D",2812,"D",5475,2582,5523.29,5450.23,2586.84,2579.07,8861.3,8861.3,57917,57917,57917.01,57917.01,0,0,0,0,0,0,0,0,55105,55105,0,0,5523.29,5450.23,5523.29,5450.23,7800,7900,12712,12712,0,0,0,0,0,0,0
"03421422",1,"2015","2014",0,0,0,"2",0.15,0.15,"38","D",0.0826,0.0826,2,"D",2,"D",0,"D",0,"D",18000,"D",43200,"D",25892,"D",0,"D",0,"D",3200,"D",482,"D",0,"D",0,"D",4440,"D",8119,3072,8168.73,8093.73,3086.21,3065.1,0,0,83208.2,83208.2,61200.01,61200.01,0,0,0,0,0,0,0,0,83208.2,83208.2,0,0,8168.73,8093.73,8168.73,8093.73,6231.2,6289.91,11180.98,11160.05,0,0,0,0,0,0,0
"03421462",1,"2015","2014",0,0.153,0.153,"2",0.15,0.15,"28","D",0.0501,0.0501,0,"D",0,"D",26000,"D",37000,"D",-3380,"D",0,"D",0,"D",0,"D",10920,"D",0,"D",25,"D",0,"D",0,"D",300,"D",4951,1491,4990.5,4930.5,1506.72,1483.05,9639,9639,59620,59620,59620.01,59620.01,0,0,0,0,0,0,0,0,59620,59620,0,0,4990.5,4930.5,4990.5,4930.5,12400,12600,0,0,0,0,0,0,0,0,0
"03421482",1,"2015","2014",0,0.038,0.038,"1",0.309,0.309,"31","D",0.0637,0.0637,0,"D",0,"D",228786,"D",0,"D",-15228,"D",0,"D",0,"D",0,"D",43356,"D",0,"D",2430,"D",0,"D",0,"D",0,"D",48011,12234,48189.86,47921.36,12233.72,12233.72,21401.87,21587.87,213558,213558,228786.01,228786.01,0,0,0,0,0,0,0,0,213558,213558,0,0,48189.86,47921.36,48189.86,47921.36,0,0,0,0,0,0,0,0,0,0,0
"03421502",1,"2015","2014",4,0.153,0.153,"3",0.15,0.15,"02","D",0,0,0,"D",0,"D",49000,"D",0,"D",12732,"D",0,"D",0,"D",0,"D",0,"D",3000,"D",0,"D",0,"D",3,"D",1616,"D",1238,0,1284.8,1214.8,0,0,7497,7497,61732,61732,0,0,3000,3000,0,0,0,0,0,0,61732,61732,0,0,4284.8,4214.8,4284.8,4214.8,0,0,0,0,0,0,0,0,0,0,0
"03421502",2,"2015","2014",0,0.153,0.153,"1",0.25,0.25,"02","D",0,0,0,"D",0,"D",49000,"D",0,"D",0,"D",0,"D",0,"D",0,"D",0,"D",0,"D",0,"D",0,"D",0,"D",0,"D",5502,0,5568.75,5468.75,0,0,7497,7497,49000,49000,0,0,0,0,0,0,0,0,0,0,49000,49000,0,0,5568.75,5468.75,5568.75,5468.75,0,0,0,0,0,0,0,0,0,0,0
"03421552",1,"2015","2014",0,0.153,0.153,"1",0.15,0.15,"0","T",0,0,0,"D",0,"D",25871,"D",0,"D",0,"D",0,"D",0,"D",0,"D",0,"D",80,"D",0,"D",0,"D",0,"D",0,"D",1884,0,1904.4,1874.4,0,0,3958.26,3958.26,25871,25871,0,0,0,0,0,0,0,0,0,0,25871,25871,0,0,1904.4,1874.4,1904.4,1874.4,0,0,0,0,0,0,0,0,0,0,0
"03421552",2,"2015","2014",0,0.153,0.153,"1",0.1,0.1,"0","T",0,0,0,"D",0,"D",16932,"D",0,"D",0,"D",0,"D",0,"D",0,"D",0,"D",0,"D",0,"D",0,"D",0,"D",0,"D",668,0,678.2,663.2,0,0,2590.6,2590.6,16932,16932,0,0,0,0,0,0,0,0,0,0,16932,16932,0,0,678.2,663.2,678.2,663.2,0,0,0,0,0,0,0,0,0,0,0
"03421552",3,"2015","2014",1,0,0,"3",-0.34,-0.34,"0","T",0,0,0,"D",0,"D",0,"D",0,"D",0,"D",0,"D",0,"D",0,"D",0,"D",0,"D",0,"D",0,"D",0,"D",0,"D",0,0,0,0,0,0,0,0,0,0,0,0,0,0,0,0,0,0,0,0,0,0,0,0,0,0,0,0,0,0,0,0,0,0,0,0,0,0,0
"03421573",1,"2015","2014",0,0,0,"1",0,0,"26","D",0,0,0,"D",0,"D",0,"D",0,"D",12000,"D",0,"D",18732,"D",0,"D",0,"D",9700,"D",1540,"D",0,"D",0,"D",3000,"D",0,0,0,0,0,0,0,0,12000,12000,12000.01,12000.01,0,0,0,0,0,0,0,0,9000,9000,0,0,0,0,0,0,0,0,14240,14240,0,0,0,0,0,0,0
"03421592",1,"2015","2014",0,0.153,0.153,"2",0.15,0.15,"10","D",0,0,0,"D",0,"D",29367,"D",9737,"D",0,"D",0,"D",0,"D",0,"D",0,"D",820,"D",0,"D",0,"D",0,"D",6516,"D",1873,0,1913.1,1853.1,0,0,5982.91,5982.91,39104,39104,0,0,0,0,0,0,0,0,0,0,39104,39104,0,0,1913.1,1853.1,1913.1,1853.1,0,0,0,0,0,0,0,0,0,0,0
"03421592",2,"2015","2014",0,0.153,0.153,"1",0.1765,0.1765,"10","D",0,0,0,"D",0,"D",13394,"D",0,"D",0,"D",0,"D",0,"D",0,"D",0,"D",0,"D",0,"D",0,"D",0,"D",0,"D",211,0,232.63,199.92,0,0,2049.28,2049.28,13394,13394,0,0,0,0,0,0,0,0,91.77,109.48,13394,13394,0,0,324.4,309.4,324.4,309.4,0,0,0,0,0,0,0,0,0,0,0
"03421602",1,"2015","2014",0,0.153,0.153,"2",0.2646,0.2646,"07","D",0.055,0.055,0,"D",0,"D",114000,"D",93000,"D",-23565,"D",0,"D",0,"D",0,"D",0,"D",7200,"D",3702,"D",0,"D",0,"D",2040,"D",29939,9589,30088.14,29864.64,9588.93,9588.93,31671,31671,183435,183435,183435.01,183435.01,0,0,0,0,0,0,0,0,181395,181395,0,0,30088.14,29864.64,30088.14,29864.64,0,0,0,0,0,0,0,0,0,0,0
"03421622",1,"2015","2014",0,0.153,0.153,"2",0.25,0.25,"01","D",0.0337,0.0337,0,"D",0,"D",59527,"D",58950,"D",4800,"D",0,"D",0,"D",0,"D",0,"D",2300,"D",0,"D",0,"D",0,"D",3472,"D",17323,4326,17456.75,17256.75,4319.24,4329.24,18126.98,18126.98,123277,123277,123277.01,123277.01,0,0,0,0,0,0,0,0,123277,123277,0,0,17456.75,17256.75,17456.75,17256.75,4000,4000,14835.49,14835.49,0,0,0,0,0,0,0
"03421632",1,"2015","2014",0,0,0,"1",-0.0765,-0.0765,"05","D",0,0,0,"D",0,"D",0,"D",0,"D",0,"D",0,"D",16786,"D",0,"D",0,"D",1700,"D",0,"D",0,"D",0,"D",120,"D",0,0,0,0,0,0,0,0,0,0,0.01,0.01,0,0,0,0,0,0,0,0,0,0,0,0,0,0,0,0,3992,4044,1820,1820,0,0,0,0,0,0,0
"03421662",1,"2015","2014",0,0,0,"1",0,0,"33","D",0.017,0.017,1,"D",1,"D",0,"D",0,"D",0,"D",0,"D",13301,"D",0,"D",0,"D",2000,"D",0,"D",0,"D",0,"D",0,"D",0,-166,0,0,-165.88,-165.88,0,0,0,0,0.01,0.01,0,0,0,0,0,0,0,0,0,0,0,0,0,0,0,0,7800,7900,0,0,165.88,165.88,0,0,0,0,0
"03421672",1,"2015","2014",2,0.153,0.153,"3",0.3097,0.3097,"14","D",0.0586,0.0711,0,"D",0,"D",26866,"D",0,"D",0,"D",0,"D",0,"D",0,"D",0,"D",4000,"D",2687,"D",0,"D",0,"D",3777,"D",-3264,286,-3150.12,-3320.51,468.85,194.36,4110.5,4110.5,26866,26866,26866.01,26866.01,0,0,0,0,0,0,3557.02,3712.41,23089,23089,0,0,406.9,391.9,406.9,391.9,0,0,0,0,200,200,0,0,355.7,371.24,0
"03421672",3,"2015","2014",0,0.153,0.153,"1",0.15,0.15,"14","D",0.0375,0.05,0,"D",0,"D",21510,"D",0,"D",0,"D",0,"D",0,"D",0,"D",0,"D",0,"D",0,"D",0,"D",0,"D",0,"D",1230,807,1250.25,1220.25,969.25,726,3291.03,3291.03,21510,21510,21510.01,21510.01,0,0,0,0,0,0,0,0,21510,21510,0,0,1250.25,1220.25,1250.25,1220.25,0,0,0,0,0,0,0,0,0,0,0
"03421692",1,"2015","2014",0,0.153,0.153,"1",0.25,0.25,"05","D",0.093,0.093,0,"D",0,"D",85600,"D",0,"D",-5000,"D",0,"D",0,"D",0,"D",14700,"D",0,"D",0,"D",0,"D",0,"D",0,"D",13402,4500,13468.75,13368.75,4525.34,4487.14,13096.8,13096.8,80600,80600,80600.01,80600.01,0,0,0,0,0,0,0,0,80600,80600,0,0,13468.75,13368.75,13468.75,13368.75,3992,4044,0,0,0,0,0,0,0,0,0
"03421762",1,"2015","2014",3,0.153,0.153,"2",0.235,0.235,"11","D",0.06,0.06,0,"D",0,"D",90000,"D",90000,"D",0,"D",0,"D",0,"D",0,"D",0,"D",2500,"D",0,"D",0,"D",3,"D",6588,"D",27125,9011,27250.32,27062.82,9010.72,9010.72,27540,27540,180000,180000,180000.01,180000.01,0,0,0,0,0,0,0,0,173412,173412,0,0,27250.32,27062.82,27250.32,27062.82,3000,3000,9088,9088,0,0,0,0,0,0,0
"03421772",1,"2015","2014",5,0.153,0.153,"2",0.1414,0.1413,"34","D",0.0575,0.058,0,"D",0,"D",0,"D",79576,"D",2400,"D",0,"D",0,"D",0,"D",0,"D",2000,"D",6456,"D",0,"D",4,"D",6456,"D",440,3462,481.91,419.43,3484.61,3451.12,12175.13,12175.13,81976,81976,81976.01,81976.01,4000,4000,0,0,0,0,0,0,75520,75520,0,0,4481.91,4419.43,4481.91,4419.43,15000,15000,8456,8456,0,0,0,0,0,0,0
"03421782",1,"2015","2014",0,0,0,"1",0,0,"10","D",0,0,1,"D",1,"D",0,"D",0,"D",0,"D",0,"D",25210,"D",0,"D",0,"D",1200,"D",0,"D",0,"D",0,"D",3000,"D",0,0,0,0,0,0,0,0,0,0,0,0,0,0,0,0,0,0,0,0,0,0,0,0,0,0,0,0,0,0,0,0,0,0,0,0,0,0,0
"03421832",1,"2015","2014",2,0.029,0.029,"2",0.25,0.25,"31","D",0.0637,0.0637,0,"D",0,"D",160000,"D",0,"D",0,"D",0,"D",0,"D",0,"D",22312,"D",0,"D",144,"D",0,"D",2,"D",0,"D",24513,5681,24662.5,24437.5,5681,5681,19148,19334,160000,160000,160000.01,160000.01,0,0,0,0,0,0,0,0,160000,160000,0,0,24662.5,24437.5,24662.5,24437.5,0,0,0,0,0,0,0,0,0,0,0
"03421842",1,"2015","2014",3,0.153,0.153,"3",0.3097,0.3097,"36","D",0.0148,0.0528,0,"D",0,"D",36501,"D",0,"D",0,"D",0,"D",0,"D",0,"D",0,"D",2300,"D",0,"D",0,"D",3,"D",8116,"D",-4362,227,-4237.65,-4424.05,246.49,216.54,5584.65,5584.65,36501,36501,36501.01,36501.01,973.23,953.23,2026.77,2046.77,0,0,2210.89,2377.28,28385,28385,0,0,973.23,953.23,973.23,953.23,0,0,0,0,0,0,0,0,221.09,216.54,0
"03421852",1,"2015","2014",2,0.153,0.153,"2",0.1403,0.1403,"33","D",0.0645,0.0645,0,"D",0,"D",37450,"D",33391,"D",0,"D",0,"D",0,"D",0,"D",0,"D",5000,"D",0,"D",0,"D",2,"D",6520,"D",3312,1861,3303.69,3315.46,2113.04,1734.61,10838.67,10838.67,70841,70841,70841.01,70841.01,2000,2000,0,0,0,0,0,0,64321,64321,0,0,5303.69,5315.46,5303.69,5315.46,15650,15850,11520,11520,0,0,0,0,0,0,0
"03421862",1,"2015","2014",0,0.153,0.153,"2",0.2355,0.2355,"18","D",0.058,0.058,1,"D",0,"D",0,"D",34933,"D",0,"D",96696,"D",25025,"D",0,"D",0,"D",11700,"D",16,"D",0,"D",0,"D",13220,"D",20781,3389,20874.61,20734.61,3415.81,3375.81,5344.75,5344.75,152900.25,152900.25,90519.01,90519.01,0,0,0,0,0,0,0,0,139680.25,139680.25,0,0,20874.61,20734.61,20874.61,20734.61,2400,2440,24936,24936,0,0,0,0,0,0,0
"03421882",1,"2015","2014",1,0.153,0.153,"3",0.3098,0.3098,"36","D",0.0457,0.0477,0,"D",0,"D",37000,"D",0,"D",0,"D",0,"D",0,"D",0,"D",4400,"D",0,"D",0,"D",0,"D",1,"D",200,"D",1009,642,1110.87,958.23,678.67,623.86,5661,5661,37000,37000,37000.01,37000.01,1000,1000,0,0,0,0,241.63,346.77,37000,37000,0,0,2352.5,2305,2352.5,2305,0,0,0,0,0,0,0,0,24.16,34.68,0
"03421892",1,"2015","2014",0,0.153,0.153,"1",0.25,0.25,"10","D",0,0,0,"D",0,"D",75000,"D",0,"D",0,"D",0,"D",0,"D",0,"D",7200,"D",0,"D",0,"D",0,"D",0,"D",0,"D",12002,0,12068.75,11968.75,0,0,11475,11475,75000,75000,0,0,0,0,0,0,0,0,0,0,75000,75000,0,0,12068.75,11968.75,12068.75,11968.75,0,0,0,0,0,0,0,0,0,0,0
"03421912",1,"2015","2014",1,0.153,0.153,"2",0.25,0.25,"02","D",0,0,0,"D",0,"D",75000,"D",77000,"D",1618,"D",0,"D",0,"D",0,"D",0,"D",1800,"D",990,"D",0,"D",1,"D",18708,"D",21671,0,21779.75,21617.25,0,0,23256,23256,153618,153618,0,0,0,0,0,0,0,0,0,0,134910,134910,0,0,21779.75,21617.25,21779.75,21617.25,0,0,0,0,0,0,0,0,0,0,0
"03421922",1,"2015","2014",0,0.153,0.153,"2",0.25,0.25,"41","D",0.0696,0.0696,0,"D",0,"D",87500,"D",5000,"D",16620,"D",0,"D",0,"D",0,"D",3600,"D",200,"D",200,"D",0,"D",0,"D",816,"D",13784,5679,13917.5,13717.5,5692.8,5671.8,14152.5,14152.5,109120,109120,88820.01,88520.01,0,0,0,0,0,0,0,0,109120,109120,0,0,13917.5,13717.5,13917.5,13717.5,0,0,0,0,0,0,0,0,0,0,0
"03421932",1,"2015","2014",0,0.153,0.153,"2",0.15,0.15,"11","D",0.06,0.06,0,"D",0,"D",57000,"D",25069,"D",-1319,"D",0,"D",0,"D",0,"D",0,"D",1800,"D",90,"D",0,"D",0,"D",0,"D",8120,3961,8160,8100,3961,3961,12556.56,12556.56,80750,80750,80750.01,80750.01,0,0,0,0,0,0,0,0,80750,80750,0,0,8160,8100,8160,8100,3000,3000,0,0,0,0,0,0,0,0,0
"03421952",1,"2015","2014",0,0,0,"2",0.15,0.15,"14","D",0,0,2,"D",2,"D",0,"D",0,"D",3200,"D",42000,"D",11182,"D",0,"D",0,"D",6000,"D",140,"D",0,"D",0,"D",0,"D",3843,0,3893.21,3818.21,0,0,0,0,54704.7,54704.7,3200.01,3200.01,0,0,0,0,0,0,0,0,54704.7,54704.7,0,0,3893.21,3818.21,3893.21,3818.21,0,0,0,0,0,0,0,0,0,0,0
"03421962",1,"2015","2014",0,0.153,0.153,"1",0.15,0.15,"28","D",0.0501,0.0501,0,"D",0,"D",33000,"D",0,"D",0,"D",0,"D",0,"D",0,"D",6000,"D",0,"D",20,"D",0,"D",0,"D",0,"D",2954,905,2973.75,2943.75,913.18,901.35,5049,5049,33000,33000,33000.01,33000.01,0,0,0,0,0,0,0,0,33000,33000,0,0,2973.75,2943.75,2973.75,2943.75,6200,6300,0,0,0,0,0,0,0,0,0
"03421972",1,"2015","2014",0,0.038,0.038,"1",0.35,0.35,"33","D",0.0685,0.0685,0,"D",0,"D",228786,"D",0,"D",0,"D",0,"D",0,"D",0,"D",43356,"D",0,"D",850,"D",0,"D",0,"D",0,"D",53153,15133,53430.1,53015.1,15137.54,15130.69,21401.87,21587.87,228786,228786,228786.01,228786.01,0,0,0,0,0,0,0,0,228786,228786,651.86,503.1,52778.24,52512,52778.24,52512,7800,7900,637.5,637.5,0,0,0,0,0,0,0
"03421972",2,"2015","2014",0,0.153,0.153,"1",0.15,0.15,"33","D",0.0535,0.06,0,"D",0,"D",21603,"D",0,"D",0,"D",0,"D",0,"D",0,"D",0,"D",0,"D",0,"D",0,"D",0,"D",0,"D",1244,549,1264.2,1234.2,556.22,545.92,3305.26,3305.26,21603,21603,21603.01,21603.01,0,0,0,0,0,0,0,0,21603,21603,0,0,1264.2,1234.2,1264.2,1234.2,7800,7900,0,0,0,0,0,0,0,0,0
"03421982",1,"2015","2014",4,0,0,"3",-0.45,-0.45,"36","D",0,0,0,"D",0,"D",0,"D",0,"D",0,"D",0,"D",0,"D",0,"D",5400,"D",0,"D",0,"D",0,"D",4,"D",12,"D",0,0,0,0,0,0,0,0,0,0,0.01,0.01,0,0,0,0,0,0,0,0,0,0,0,0,0,0,0,0,0,0,0,0,0,0,0,0,0,0,0
"03421982",3,"2015","2014",0,0.153,0.153,"1",-0.0765,-0.0765,"36","D",0,0,0,"D",0,"D",1000,"D",0,"D",0,"D",0,"D",0,"D",0,"D",0,"D",0,"D",0,"D",0,"D",0,"D",0,"D",-77,0,-76.5,-76.5,0,0,153,153,1000,1000,1000.01,1000.01,0,0,0,0,0,0,76.5,76.5,1000,1000,0,0,0,0,0,0,0,0,0,0,0,0,0,0,0,0,0
"03421992",1,"2015","2014",3,0.153,0.153,"2",0.3106,0.3106,"03","D",0.0259,0.0259,0,"D",0,"D",0,"D",34555,"D",0,"D",0,"D",0,"D",0,"D",8088,"D",0,"D",0,"D",0,"D",3,"D",240,"D",-6675,291,-6523.77,-6749.91,293.63,289.38,5286.91,5286.91,34555,34555,34555.01,34555.01,240.5,195.5,2759.5,2804.5,0,0,3764.27,3945.41,34555,34555,0,0,240.5,195.5,240.5,195.5,10018,10182,805.23,805.23,0,0,0,0,0,0,0
"03421992",2,"2015","2014",0,0.153,0.153,"1",0.15,0.15,"03","D",0.0288,0.0288,0,"D",0,"D",26955,"D",0,"D",0,"D",0,"D",0,"D",0,"D",0,"D",0,"D",0,"D",0,"D",0,"D",0,"D",2047,541,2067,2037,542.56,539.73,4124.11,4124.11,26955,26955,26955.01,26955.01,0,0,0,0,0,0,0,0,26955,26955,0,0,2067,2037,2067,2037,5009,5091,542.57,539.73,0,0,0,0,0,0,0
"03422002",1,"2015","2014",1,0,0,"3",-0.34,-0.34,"33","D",-0.102,-0.102,1,"D",1,"D",0,"D",0,"D",0,"D",0,"D",9802,"D",0,"D",13716,"D",0,"D",0,"D",0,"D",0,"D",200,"D",0,-100,0,0,-100,-100,0,0,0,0,0.01,0.01,0,0,0,0,0,0,0,0,0,0,0,0,0,0,0,0,10950,11100,0,0,0,0,0,0,0,0,0
"03422012",1,"2015","2014",0,0.153,0.153,"2",0.25,0.25,"05","D",0.08,0.08,0,"D",0,"D",56800,"D",42349,"D",0,"D",0,"D",0,"D",0,"D",34400,"D",0,"D",150,"D",0,"D",0,"D",0,"D",11291,3379,11424.75,11224.75,3417.41,3359.56,15169.8,15169.8,99149,99149,99149.01,99149.01,0,0,0,0,0,0,0,0,99149,99149,0,0,11424.75,11224.75,11424.75,11224.75,7984,8088,150,150,0,0,0,0,0,0,0
"03422022",1,"2015","2014",2,0,0,"3",-0.4,-0.4,"01","D",0,0,0,"D",0,"D",0,"D",0,"D",0,"D",2000,"D",0,"D",0,"D",0,"D",0,"D",115,"D",0,"D",0,"D",2080,"D",0,0,0,0,0,0,0,0,2000,2000,2000.01,2000.01,0,0,0,0,0,0,0,0,2000,2000,0,0,0,0,0,0,4700,4700,2195,2195,0,0,0,0,0,0,0
"03422032",1,"2015","2014",0,0,0,"1",0.25,0.25,"05","D",0.093,0.093,1,"D",1,"D",0,"D",0,"D",500,"D",65000,"D",4620,"D",0,"D",43356,"D",0,"D",0,"D",0,"D",0,"D",2400,"D",10221,2987,10288,10188,3013.04,2973.84,0,0,69427,69427,65500.01,65500.01,0,0,0,0,0,0,0,0,69427,69427,0,0,10288,10188,10288,10188,3992,4044,2400,2400,0,0,0,0,0,0,0
"03422042",1,"2015","2014",2,0,0,"3",0.25,0.25,"05","D",0.093,0.093,0,"D",0,"D",0,"D",0,"D",91951,"D",0,"D",0,"D",0,"D",0,"D",4500,"D",280,"D",0,"D",0,"D",240,"D",12053,3079,12162.75,11997.75,3125.05,3055.59,0,0,91951,91951,91951.01,91951.01,0,0,0,0,0,0,0,0,91951,91951,0,0,12162.75,11997.75,12162.75,11997.75,7984,8088,5020,5020,0,0,0,0,0,0,0
"03422062",1,"2015","2014",0,0,0,"1",0,0,"05","D",0,0,1,"D",1,"D",0,"D",0,"D",0,"D",80,"D",14400,"D",0,"D",4164,"D",0,"D",0,"D",0,"D",0,"D",0,"D",0,0,0,0,0,0,0,0,80,80,80.01,80.01,0,0,0,0,0,0,0,0,80,80,0,0,0,0,0,0,3992,4044,0,0,0,0,0,0,0,0,0
"03422082",1,"2015","2014",0,0.153,0.153,"1",0.15,0.15,"01","D",0.0387,0.0387,0,"D",0,"D",29000,"D",0,"D",-2162,"D",0,"D",0,"D",0,"D",0,"D",600,"D",0,"D",0,"D",0,"D",332,"D",2029,968,2049.45,2019.45,966.9,968.4,4437,4437,26838,26838,26838.01,26838.01,0,0,0,0,0,0,0,0,26838,26838,0,0,2049.45,2019.45,2049.45,2019.45,2140.1,2140.1,3150.5,3150.5,0,0,0,0,0,0,0
"03422092",1,"2015","2014",0,0.153,0.153,"1",0.0765,0.1765,"10","D",0,0,0,"D",0,"D",10287,"D",0,"D",0,"D",0,"D",11672,"D",0,"D",0,"D",700,"D",478,"D",0,"D",0,"D",0,"D",-337,0,-315.76,-347.17,0,0,1573.91,1573.91,10287,10287,0,0,0,0,0,0,0,0,329.46,347.17,10287,10287,0,0,13.7,0,13.7,0,0,0,0,0,0,0,0,0,0,0,0
"03422112",1,"2015","2014",0,0,0,"1",0,0,"10","D",0,0,1,"D",1,"D",0,"D",0,"D",0,"D",0,"D",14813,"D",0,"D",0,"D",650,"D",0,"D",0,"D",0,"D",0,"D",0,0,0,0,0,0,0,0,0,0,0,0,0,0,0,0,0,0,0,0,0,0,0,0,0,0,0,0,0,0,0,0,0,0,0,0,0,0,0
"03422122",1,"2015","2014",0,0.153,0.153,"2",0.2486,0.2486,"44","D",0,0,0,"D",0,"D",48000,"D",51000,"D",0,"D",34315,"D",0,"D",0,"D",0,"D",4400,"D",230,"D",0,"D",0,"D",8112,"D",19471,0,19570.57,19420.57,0,0,15147,15147,133315,133315,0,0,0,0,0,0,0,0,0,0,125203,125203,0,0,19570.57,19420.57,19570.57,19420.57,0,0,0,0,0,0,0,0,0,0,0
"03422152",1,"2015","2014",0,0.153,0.153,"1",0.2267,0.2267,"05","D",0.093,0.093,0,"D",0,"D",70000,"D",0,"D",-5000,"D",0,"D",0,"D",0,"D",0,"D",1700,"D",200,"D",0,"D",0,"D",8504,"D",7854,2456,7898.2,7831.53,2478.22,2444.86,10710,10710,65000,65000,65000.01,65000.01,0,0,0,0,0,0,0,0,56496,56496,0,0,7898.2,7831.53,7898.2,7831.53,3992,4044,10404,10404,0,0,0,0,0,0,0
"03422162",1,"2015","2014",2,0.153,0.153,"2",0.3106,0.3106,"05","D",0,0,0,"D",0,"D",20000,"D",23000,"D",0,"D",0,"D",0,"D",0,"D",13200,"D",0,"D",125,"D",0,"D",2,"D",1020,"D",-1963,0,-1822.76,-2032.89,0,0,6579,6579,43000,43000,43000.01,43000.01,1480,1440,520,560,0,0,1302.76,1472.89,43000,43000,0,0,1480,1440,1480,1440,7984,8088,1145,1145,0,0,0,0,0,0,0
"03422172",1,"2015","2014",2,0.153,0.153,"2",0.2343,0.2343,"50","D",0.0627,0.0627,0,"D",0,"D",62000,"D",73000,"D",1229,"D",0,"D",0,"D",0,"D",0,"D",4900,"D",1100,"D",0,"D",1,"D",7436,"D",16640,6817,16755.36,16582.02,6821.58,6814.9,20655,20655,136229,136229,136229.01,136229.01,0,0,0,0,0,0,0,0,128793,128793,0,0,16755.36,16582.03,16755.36,16582.02,0,0,7436,7436,0,0,0,0,0,0,0
"03422172",2,"2015","2014",2,0,0,"3",-0.4,-0.4,"50","D",-0.044,-0.044,0,"D",0,"D",0,"D",0,"D",0,"D",0,"D",0,"D",0,"D",0,"D",0,"D",0,"D",0,"D",1,"D",0,"D",0,0,0,0,0,0,0,0,0,0,0.01,0.01,0,0,0,0,0,0,0,0,0,0,0,0,0,0,0,0,13020,13239.48,0,0,0,0,0,0,0,0,0
"03422182",1,"2015","2014",2,0,0,"3",-0.4,-0.4,"45","D",0,0,0,"D",0,"D",0,"D",0,"D",10,"D",0,"D",0,"D",0,"D",0,"D",1200,"D",1,"D",0,"D",0,"D",9517,"D",0,0,0,0,0,0,0,0,10,10,10.01,10.01,0,0,0,0,0,0,0,0,10,10,0,0,0,0,0,0,0,0,0,0,0,0,0,0,0,0,0
"03422192",1,"2015","2014",0,0.153,0.153,"2",0.2305,0.2306,"33","D",0.078,0.0777,0,"D",0,"D",90000,"D",50000,"D",0,"D",0,"D",0,"D",0,"D",0,"D",7500,"D",70,"D",0,"D",0,"D",13684,"D",17461,7453,17554.44,17413.76,7478.23,7440.97,21420,21420,140000,140000,140000.01,140000.01,0,0,0,0,0,0,0,0,126316,126316,0,0,17554.44,17413.76,17554.44,17413.76,15650,15850,21254,21254,0,0,0,0,0,0,0
"03422202",1,"2015","2014",1,0.153,0.153,"3",0,0,"0","T",0,0,1,"D",0,"D",15000,"D",0,"D",500,"D",1355,"D",12598,"D",0,"D",0,"D",0,"D",120,"D",0,"D",0,"D",0,"D",-3341,0,-3305,-3359,0,0,2295,2295,16855,16855,0,0,0,0,0,0,0,0,3305,3359,16855,16855,0,0,0,0,0,0,0,0,0,0,0,0,0,0,0,0,0
"03422222",1,"2015","2014",1,0.153,0.153,"3",0,0,"05","D",0,0,1,"D",1,"D",105000,"D",0,"D",-124518,"D",0,"D",0,"D",0,"D",0,"D",3470,"D",30,"D",0,"D",1,"D",34864,"D",-1000,0,-1000,-1000,0,0,16065,16065,-19518,-19518,-19517.99,-19517.99,0,0,1000,1000,0,0,0,0,0,0,0,0,0,0,0,0,7984,8088,38364,38364,0,0,0,0,0,0,0
"03422222",2,"2015","2014",0,0.153,0.153,"1",0.15,0.15,"05","D",0.04,0.04,0,"D",0,"D",31840,"D",0,"D",0,"D",0,"D",0,"D",0,"D",0,"D",0,"D",0,"D",0,"D",0,"D",0,"D",2780,555,2799.75,2769.75,560.98,552.13,4871.52,4871.52,31840,31840,31840.01,31840.01,0,0,0,0,0,0,0,0,31840,31840,0,0,2799.75,2769.75,2799.75,2769.75,3992,4044,0,0,0,0,0,0,0,0,0
"03422242",1,"2015","2014",0,0.153,0.153,"1",0.25,0.25,"05","D",0.093,0.093,0,"D",0,"D",65000,"D",0,"D",0,"D",0,"D",0,"D",0,"D",0,"D",1100,"D",0,"D",0,"D",0,"D",0,"D",9502,3049,9568.75,9468.75,3074.54,3036.34,9945,9945,65000,65000,65000.01,65000.01,0,0,0,0,0,0,0,0,65000,65000,0,0,9568.75,9468.75,9568.75,9468.75,3992,4044,1100,1100,0,0,0,0,0,0,0
"03422242",2,"2015","2014",0,0,0,"2",0,0,"05","D",0,0,2,"D",2,"D",0,"D",0,"D",0,"D",0,"D",25172,"D",0,"D",0,"D",0,"D",0,"D",0,"D",0,"D",0,"D",0,0,0,0,0,0,0,0,0,0,0.01,0.01,0,0,0,0,0,0,0,0,0,0,0,0,0,0,0,0,7984,8088,0,0,0,0,0,0,0,0,0
"03422272",1,"2015","2014",0,0.153,0.153,"2",0,0,"10","D",0,0,0,"D",0,"D",0,"D",12000,"D",0,"D",0,"D",0,"D",0,"D",0,"D",2140,"D",4,"D",0,"D",0,"D",0,"D",-501,0,-496,-503,0,0,1836,1836,12000,12000,0,0,0,0,0,0,0,0,496,503,12000,12000,0,0,0,0,0,0,0,0,0,0,0,0,0,0,0,0,0
"03422272",2,"2015","2014",1,0,0,"3",-0.34,-0.34,"10","D",0,0,0,"D",0,"D",0,"D",0,"D",0,"D",0,"D",0,"D",0,"D",0,"D",0,"D",0,"D",0,"D",0,"D",0,"D",0,0,0,0,0,0,0,0,0,0,0,0,0,0,0,0,0,0,0,0,0,0,0,0,0,0,0,0,0,0,0,0,0,0,0,0,0,0,0
"03422332",1,"2015","2014",0,0.153,0.153,"2",-0.0765,-0.0765,"05","D",0,0,0,"D",0,"D",6000,"D",0,"D",0,"D",0,"D",0,"D",0,"D",3900,"D",0,"D",0,"D",0,"D",0,"D",0,"D",-459,0,-459,-459,0,0,918,918,6000,6000,6000.01,6000.01,0,0,0,0,0,0,459,459,6000,6000,0,0,0,0,0,0,7984,8088,0,0,0,0,0,0,0,0,0
"03422352",1,"2015","2014",3,0.153,0.153,"2",0.2856,0.2855,"34","D",0.0575,0.058,0,"D",0,"D",87000,"D",40000,"D",22800,"D",14400,"D",0,"D",0,"D",0,"D",550,"D",0,"D",4800,"D",3,"D",11680,"D",21242,8604,21354.1,21185.25,8653.6,8579,19431,19431,164200,164200,164200.01,164200.01,290,290,0,0,960,960,0,0,152520,152520,0,0,22604.1,22435.25,22604.1,22435.25,15000,15000,12230,12230,0,0,0,0,0,0,0
"03422382",1,"2015","2014",1,0.153,0.153,"2",0.15,0.15,"36","D",0.0301,0.0324,0,"D",0,"D",28900,"D",32160,"D",0,"D",0,"D",0,"D",0,"D",12000,"D",0,"D",0,"D",0,"D",1,"D",0,"D",3569,1285,3614,3546.5,1341.73,1257.15,9342.18,9342.18,61060,61060,61060.01,61060.01,1000,1000,0,0,0,0,0,0,61060,61060,0,0,4614,4546.5,4614,4546.5,0,0,0,0,0,0,0,0,0,0,0
"03422392",1,"2015","2014",0,0.153,0.153,"1",0.15,0.15,"05","D",0.06,0.06,0,"D",0,"D",35000,"D",0,"D",0,"D",0,"D",0,"D",0,"D",11064,"D",0,"D",75,"D",0,"D",0,"D",0,"D",3254,656,3273.75,3243.75,667.62,650.19,5355,5355,35000,35000,35000.01,35000.01,0,0,0,0,0,0,0,0,35000,35000,0,0,3273.75,3243.75,3273.75,3243.75,3992,4044,75,75,0,0,0,0,0,0,0
"03422442",1,"2015","2014",0,0,0,"2",0.1,0.15,"05","D",0,0,2,"D",2,"D",0,"D",0,"D",1001,"D",36000,"D",8662,"D",0,"D",0,"D",1500,"D",450,"D",0,"D",0,"D",900,"D",1845,0,1887.3,1823.2,0,0,0,0,41332,41332,37001.01,37001.01,0,0,0,0,0,0,0,0,41332,41332,0,0,1887.3,1823.2,1887.3,1823.2,7984,8088,2850,2850,0,0,0,0,0,0,0
"03422462",1,"2015","2014",0,0.153,0.153,"1",0.1,0.1,"10","D",0,0,0,"D",0,"D",16000,"D",0,"D",0,"D",0,"D",0,"D",0,"D",0,"D",1200,"D",300,"D",0,"D",0,"D",3532,"D",575,0,585,570,0,0,2448,2448,16000,16000,0,0,0,0,0,0,0,0,0,0,16000,16000,0,0,585,570,585,570,0,0,0,0,0,0,0,0,0,0,0
"03422462",2,"2015","2014",0,0.153,0.153,"1",0.15,0.15,"10","D",0,0,0,"D",0,"D",29615,"D",0,"D",0,"D",0,"D",0,"D",0,"D",0,"D",0,"D",0,"D",0,"D",0,"D",0,"D",2446,0,2466,2436,0,0,4531.09,4531.09,29615,29615,0,0,0,0,0,0,0,0,0,0,29615,29615,0,0,2466,2436,2466,2436,0,0,0,0,0,0,0,0,0,0,0
"03422462",3,"2015","2014",0,0.153,0.153,"1",0.15,0.15,"10","D",0,0,0,"D",0,"D",29096,"D",0,"D",0,"D",0,"D",0,"D",0,"D",0,"D",0,"D",0,"D",0,"D",0,"D",0,"D",2368,0,2388.15,2358.15,0,0,4451.69,4451.69,29096,29096,0,0,0,0,0,0,0,0,0,0,29096,29096,0,0,2388.15,2358.15,2388.15,2358.15,0,0,0,0,0,0,0,0,0,0,0
"03422462",4,"2015","2014",0,0.153,0.153,"1",0.1,0.1,"10","D",0,0,0,"D",0,"D",16000,"D",0,"D",0,"D",0,"D",0,"D",0,"D",0,"D",0,"D",0,"D",0,"D",0,"D",0,"D",575,0,585,570,0,0,2448,2448,16000,16000,0,0,0,0,0,0,0,0,0,0,16000,16000,0,0,585,570,585,570,0,0,0,0,0,0,0,0,0,0,0
"03422502",1,"2015","2014",0,0.153,0.153,"1",0.15,0.15,"22","D",0.0476,0.048,0,"D",0,"D",23542,"D",0,"D",0,"D",0,"D",0,"D",0,"D",9600,"D",0,"D",0,"D",0,"D",0,"D",0,"D",1535,741,1555.05,1525.05,745.73,738.56,3601.93,3601.93,23542,23542,23542.01,23542.01,0,0,0,0,0,0,0,0,23542,23542,0,0,1555.05,1525.05,1555.05,1525.05,0,0,0,0,0,0,0,0,0,0,0
"03422502",2,"2015","2014",0,0.153,0.153,"1",0.25,0.25,"22","D",0.0515,0.052,0,"D",0,"D",55444,"D",0,"D",0,"D",0,"D",0,"D",0,"D",0,"D",0,"D",0,"D",0,"D",0,"D",0,"D",7113,2534,7179.75,7079.75,2550.29,2525.77,8482.93,8482.93,55444,55444,55444.01,55444.01,0,0,0,0,0,0,0,0,55444,55444,0,0,7179.75,7079.75,7179.75,7079.75,0,0,0,0,0,0,0,0,0,0,0
"03422522",1,"2015","2014",1,0.153,0.153,"3",0.25,0.25,"02","D",0,0,0,"D",0,"D",80000,"D",0,"D",-5143,"D",0,"D",0,"D",0,"D",0,"D",1400,"D",60,"D",0,"D",0,"D",1200,"D",8775,0,8876.75,8724.25,0,0,12240,12240,74857,74857,0,0,0,0,0,0,0,0,0,0,74857,74857,0,0,8876.75,8724.25,8876.75,8724.25,0,0,0,0,0,0,0,0,0,0,0
"03422532",1,"2015","2014",0,0,0,"1",0.4625,0.4625,"23","D",0.0425,0.0425,1,"D",1,"D",0,"D",0,"D",13788,"D",23340,"D",21430,"D",0,"D",25800,"D",0,"D",1985,"D",0,"D",0,"D",0,"D",6213,-784,6279.89,6179.89,-784.01,-784.01,0,0,53394.55,53394.55,13788.01,13788.01,0,0,0,0,0,0,0,0,53394.55,53394.55,0,0,6279.89,6179.89,6279.89,6179.89,0,0,0,0,1200,1200,0,0,0,0,0
"03422562",1,"2015","2014",1,0.153,0.153,"3",0.254,0.254,"18","D",0.058,0.058,0,"D",0,"D",31000,"D",0,"D",-48,"D",0,"D",0,"D",0,"D",0,"D",6500,"D",0,"D",0,"D",1,"D",6000,"D",-1309,866,-1231.86,-1346.99,866.22,866.22,4743,4743,30952,30952,30952.01,30952.01,968.58,958.58,31.42,41.42,0,0,1200.43,1305.57,24952,24952,0,0,968.58,958.58,968.58,958.58,2400,2440,12500,12500,0,0,0,0,0,0,0
"03422562",2,"2015","2014",0,0.153,0.153,"1",0.15,0.15,"18","D",0.058,0.058,0,"D",0,"D",23529,"D",0,"D",0,"D",0,"D",0,"D",0,"D",0,"D",0,"D",0,"D",0,"D",0,"D",0,"D",1533,1030,1553.1,1523.1,1031.48,1029.16,3599.94,3599.94,23529,23529,23529.01,23529.01,0,0,0,0,0,0,0,0,23529,23529,0,0,1553.1,1523.1,1553.1,1523.1,2400,2440,0,0,0,0,0,0,0,0,0
"03422582",1,"2015","2014",4,0.153,0.153,"2",0.1463,0.1463,"31","D",0.0245,0.0245,0,"D",0,"D",77000,"D",4000,"D",0,"D",0,"D",0,"D",0,"D",0,"D",8500,"D",33,"D",0,"D",2,"D",12260,"D",2355,1160,2394.51,2334.51,1160.25,1160.25,12393,12393,81000,81000,81000.01,81000.01,2000,2000,0,0,0,0,0,0,68740,68740,0,0,4394.51,4334.51,4394.51,4334.51,0,0,0,0,0,0,0,0,0,0,0
"03422632",1,"2015","2014",0,0,0,"1",-0.0765,-0.0765,"34","D",0,0,0,"D",0,"D",0,"D",0,"D",0,"D",0,"D",12672,"D",0,"D",4800,"D",0,"D",0,"D",0,"D",0,"D",0,"D",0,0,0,0,0,0,0,0,0,0,0.01,0.01,0,0,0,0,0,0,0,0,0,0,0,0,0,0,0,0,7500,7500,0,0,0,0,0,0,0,0,0
"03422642",1,"2015","2014",0,0.032,0.032,"2",0.2405,0.2405,"01","D",0.0379,0.0379,0,"D",0,"D",145000,"D",3600,"D",-935,"D",0,"D",0,"D",0,"D",0,"D",1200,"D",2335,"D",0,"D",0,"D",13904,"D",21003,4766,21102.97,20952.52,4764.86,4766.64,19263.8,19449.8,147665,147665,147665.01,147665.01,0,0,0,0,0,0,0,0,133761,133761,0,0,21102.97,20952.52,21102.97,20952.52,4000,4000,26664.9,26779.65,0,0,0,0,0,0,0
"03422662",1,"2015","2014",2,0,0,"3",-0.4,-0.4,"10","D",0,0,0,"D",0,"D",0,"D",0,"D",0,"D",0,"D",0,"D",0,"D",0,"D",200,"D",0,"D",0,"D",0,"D",0,"D",0,0,0,0,0,0,0,0,0,0,0,0,0,0,0,0,0,0,0,0,0,0,0,0,0,0,0,0,0,0,0,0,0,0,0,0,0,0,0
"03422672",1,"2015","2014",1,0.0636,0.0636,"2",0.4066,0.4066,"44","D",0,0,0,"D",0,"D",391175,"D",101791,"D",-7321,"D",35404,"D",0,"D",0,"D",0,"D",11000,"D",0,"D",1920,"D",1,"D",5688,"D",146893,0,147489.36,146594.74,0,0,43612.79,43798.79,521049,521049,0,0,0,0,0,0,384,384,0,0,515361,515361,0,0,147873.36,146978.74,147873.36,146978.74,0,0,0,0,0,0,0,0,0,0,0
"03422712",1,"2015","2014",0,0.153,0.153,"2",0.25,0.25,"05","D",0.08,0.08,1,"D",0,"D",0,"D",98000,"D",-5880,"D",0,"D",19102,"D",0,"D",21540,"D",0,"D",200,"D",0,"D",0,"D",240,"D",13385,2744,13726.68,13214.18,2855.09,2688.24,14994,14994,108356.7,108356.7,92120.01,92120.01,0,0,0,0,0,0,0,0,108356.7,108356.7,0,0,13726.68,13214.18,13726.68,13214.18,7984,8088,440,440,0,0,0,0,0,0,0
"03422742",1,"2015","2014",0,0.0532,0.0532,"2",0.266,0.266,"45","D",0.05,0.05,0,"D",0,"D",228786,"D",32000,"D",-6500,"D",0,"D",0,"D",0,"D",0,"D",1900,"D",225,"D",0,"D",0,"D",25920,"D",44673,12714,44822.48,44598.98,12714.3,12714.3,26135.87,26321.87,254286,254286,254286.01,254286.01,0,0,0,0,0,0,0,0,228366,228366,0,0,44822.48,44598.98,44822.48,44598.98,0,0,0,0,0,0,0,0,0,0,0
"03422762",1,"2015","2014",3,0.153,0.153,"2",-0.15,-0.15,"10","D",0,0,0,"D",0,"D",0,"D",21000,"D",0,"D",0,"D",0,"D",0,"D",16800,"D",0,"D",0,"D",0,"D",3,"D",12,"D",-8909,0,-8843,-8942,0,0,3213,3213,21000,21000,0,0,0,0,2700,2700,0,0,6143,6242,21000,21000,0,0,0,0,0,0,0,0,0,0,0,0,0,0,0,0,0
"03422812",1,"2015","2014",0,0.153,0.153,"1",0.15,0.15,"18","D",0.058,0.058,0,"D",0,"D",30000,"D",0,"D",-1300,"D",0,"D",0,"D",0,"D",0,"D",290,"D",125,"D",0,"D",0,"D",600,"D",2309,1330,2328.75,2298.75,1331.4,1329.08,4590,4590,28700,28700,28700.01,28700.01,0,0,0,0,0,0,0,0,28700,28700,0,0,2328.75,2298.75,2328.75,2298.75,2400,2440,1015,1015,0,0,0,0,0,0,0
"03422822",1,"2015","2014",2,0.153,0.153,"3",0.15,0.15,"0","T",0,0,0,"D",0,"D",50000,"D",0,"D",1500,"D",0,"D",0,"D",0,"D",0,"D",5000,"D",420,"D",0,"D",2,"D",0,"D",1898,0,1935,1880,0,0,7650,7650,51500,51500,0,0,2000,2000,0,0,0,0,0,0,51500,51500,0,0,3935,3880,3935,3880,0,0,0,0,0,0,0,0,0,0,0
"03422834",1,"2015","2014",2,0.153,0.153,"2",0.1454,0.1454,"39","D",0.0307,0.0307,0,"D",0,"D",18000,"D",45000,"D",-1188,"D",0,"D",0,"D",0,"D",0,"D",3600,"D",0,"D",0,"D",2,"D",10760,"D",1526,1898,1555.66,1510.66,1897.63,1897.63,9639,9639,61812,61812,61812.01,61812.01,2000,2000,0,0,0,0,0,0,51052,51052,0,0,3555.66,3510.66,3555.66,3510.66,0,0,0,0,0,0,0,0,0,0,0
"03422844",1,"2015","2014",2,0,0,"3",-0.4,-0.4,"44","D",0,0,0,"D",0,"D",0,"D",0,"D",2100,"D",0,"D",0,"D",0,"D",0,"D",0,"D",1,"D",0,"D",0,"D",240,"D",0,0,0,0,0,0,0,0,2100,2100,0,0,0,0,0,0,0,0,0,0,2100,2100,0,0,0,0,0,0,0,0,0,0,0,0,0,0,0,0,0
"03422854",1,"2015","2014",0,0.153,0.153,"1",0.1,0.1,"44","D",0,0,0,"D",0,"D",18000,"D",0,"D",0,"D",0,"D",0,"D",0,"D",0,"D",1300,"D",0,"D",0,"D",0,"D",0,"D",775,0,785,770,0,0,2754,2754,18000,18000,0,0,0,0,0,0,0,0,0,0,18000,18000,0,0,785,770,785,770,0,0,0,0,0,0,0,0,0,0,0
"03422854",2,"2015","2014",0,0.153,0.153,"1",0.1,0.1,"44","D",0,0,0,"D",0,"D",15000,"D",0,"D",0,"D",0,"D",0,"D",0,"D",0,"D",0,"D",0,"D",0,"D",0,"D",0,"D",475,0,485,470,0,0,2295,2295,15000,15000,0,0,0,0,0,0,0,0,0,0,15000,15000,0,0,485,470,485,470,0,0,0,0,0,0,0,0,0,0,0
"03422862",1,"2015","2014",0,0.029,0.029,"2",0.25,0.2394,"23","D",0.0425,0.0425,0,"D",0,"D",140096,"D",0,"D",0,"D",0,"D",0,"D",0,"D",0,"D",1500,"D",0,"D",0,"D",0,"D",5352,"D",21523,5614,21644.98,21461.5,5614.08,5614.08,18570.78,18756.78,140096,140096,140096.01,140096.01,0,0,0,0,0,0,0,0,134744,140096,0,0,21644.98,21461.5,21644.98,21461.5,0,0,0,0,0,0,0,0,0,0,0
"03422872",1,"2015","2014",3,0.153,0.153,"3",0.3606,0.15,"23","D",0.0551,0.0425,0,"D",0,"D",47772,"D",0,"D",0,"D",0,"D",0,"D",2400,"D",0,"D",1200,"D",0,"D",0,"D",2,"D",0,"D",739,1350,783.3,717.19,1350.31,1350.09,7309.12,7309.12,47772,47772,47772.01,47772.01,2000,2000,0,0,0,0,0,3.61,47772,47772,0,0,2783.3,2720.8,2783.3,2720.8,0,0,0,0,0,0,0,0,0,0.22,0
"03422892",1,"2015","2014",0,0,0,"1",-0.0765,-0.0765,"10","D",0,0,0,"D",0,"D",0,"D",0,"D",0,"D",0,"D",0,"D",0,"D",0,"D",7200,"D",0,"D",0,"D",0,"D",7753,"D",0,0,0,0,0,0,0,0,0,0,0,0,0,0,0,0,0,0,0,0,0,0,0,0,0,0,0,0,0,0,0,0,0,0,0,0,0,0,0
"03422902",1,"2015","2014",3,0.153,0.153,"2",0,0,"33","D",0.04,0.04,0,"D",0,"D",23000,"D",0,"D",0,"D",0,"D",0,"D",0,"D",14400,"D",0,"D",0,"D",0,"D",3,"D",0,"D",-9209,-2684,-9143,-9242,-2658.9,-2696.6,3519,3519,23000,23000,23000.01,23000.01,0,0,3000,3000,0,0,6143,6242,23000,23000,0,0,0,0,0,0,15650,15850,0,0,0,0,0,0,1738.23,1767.93,0
"03422912",1,"2015","2014",0,0.153,0.153,"2",0.15,0.15,"39","D",0.0307,0.0307,2,"D",2,"D",43734,"D",25171,"D",0,"D",0,"D",0,"D",0,"D",0,"D",4300,"D",419,"D",0,"D",0,"D",1612,"D",5973,2115,6023.25,5948.25,2115.38,2115.38,10542.46,10542.46,68905,68905,68905.01,68905.01,0,0,0,0,0,0,0,0,68905,68905,0,0,6023.25,5948.25,6023.25,5948.25,0,0,0,0,0,0,0,0,0,0,0
"03422942",1,"2015","2014",0,0.153,0.153,"2",0.25,0.25,"36","D",0.0381,0.0407,0,"D",0,"D",8000,"D",2200,"D",193,"D",96696,"D",0,"D",0,"D",0,"D",5000,"D",239,"D",0,"D",0,"D",3000,"D",13276,3086,13409.75,13209.75,3221.41,3018.44,1560.6,1560.6,107089,107089,107089.01,107089.01,0,0,0,0,0,0,0,0,107089,107089,0,0,13409.75,13209.75,13409.75,13209.75,0,0,0,0,0,0,0,0,0,0,0
"03422952",1,"2015","2014",2,0.153,0.153,"2",0.15,0.15,"34","D",0.0575,0.058,0,"D",0,"D",83000,"D",0,"D",-8300,"D",0,"D",0,"D",0,"D",0,"D",1700,"D",10,"D",0,"D",2,"D",6624,"D",4018,3243,4067.5,3992.5,3262.6,3232.75,12699,12699,74700,74700,74700.01,74700.01,2000,2000,0,0,0,0,0,0,74700,74700,0,0,6067.5,5992.5,6067.5,5992.5,15000,15000,8324,8324,0,0,0,0,0,0,0
"03422952",2,"2015","2014",0,0.153,0.153,"2",0,0,"34","D",0,0,0,"D",0,"D",12000,"D",0,"D",0,"D",0,"D",0,"D",0,"D",0,"D",0,"D",0,"D",0,"D",0,"D",0,"D",-501,0,-496,-503,0,0,1836,1836,12000,12000,12000.01,12000.01,0,0,0,0,0,0,496,503,12000,12000,0,0,0,0,0,0,15000,15000,0,0,0,0,0,0,0,0,0
"03422972",1,"2015","2014",0,0.153,0.153,"1",0.2384,0.2384,"06","D",0.0463,0.0463,0,"D",0,"D",85500,"D",0,"D",-500,"D",0,"D",0,"D",0,"D",0,"D",1400,"D",0,"D",0,"D",0,"D",5436,"D",13505,3421,13550.72,13481.55,3436.11,3412.79,13081.5,13081.5,85000,85000,0,0,0,0,0,0,0,0,0,0,79564,79564,0,0,13550.72,13481.55,13550.72,13481.55,0,0,0,0,0,0,0,0,0,0,0
"03422982",1,"2015","2014",0,0,0,"1",-0.0765,-0.0765,"47","D",0,0,0,"D",0,"D",0,"D",0,"D",0,"D",0,"D",0,"D",0,"D",0,"D",490,"D",188,"D",0,"D",0,"D",498,"D",0,0,0,0,0,0,0,0,0,0,0.01,0.01,0,0,0,0,0,0,0,0,0,0,0,0,0,0,0,0,0,0,0,0,0,0,0,0,0,0,0
"03422992",1,"2015","2014",0,0.153,0.153,"1",0.15,0.15,"03","D",0.0336,0.0336,0,"D",0,"D",36400,"D",0,"D",0,"D",0,"D",0,"D",0,"D",0,"D",90,"D",0,"D",0,"D",0,"D",2128,"D",3464,832,3483.75,3453.75,835.18,829.99,5569.2,5569.2,36400,36400,36400.01,36400.01,0,0,0,0,0,0,0,0,36400,36400,0,0,3483.75,3453.75,3483.75,3453.75,5009,5091,3053.18,3047.99,0,0,0,0,0,0,0
"03423002",1,"2015","2014",0,0,0,"1",0.2775,0.2775,"23","D",0.0425,0.0425,1,"D",1,"D",0,"D",0,"D",15600,"D",12000,"D",14897,"D",0,"D",0,"D",3400,"D",0,"D",0,"D",0,"D",0,"D",2720,-707,2739.93,2709.93,-707,-707,0,0,32991.23,32991.23,15600.01,15600.01,0,0,0,0,0,0,0,0,32991.23,32991.23,0,0,2739.93,2709.93,2739.93,2709.93,0,0,0,0,1200,1200,0,0,0,0,0
"03423012",1,"2015","2014",2,0.153,0.153,"2",0.3106,0.3106,"44","D",0,0,0,"D",0,"D",35000,"D",0,"D",0,"D",0,"D",0,"D",0,"D",8400,"D",0,"D",0,"D",0,"D",2,"D",0,"D",-4448,0,-4307.56,-4517.69,0,0,5355,5355,35000,35000,0,0,680,640,1320,1360,0,0,2987.56,3157.69,35000,35000,0,0,680,640,680,640,0,0,0,0,0,0,0,0,0,0,0
"03423032",1,"2015","2014",2,0.153,0.153,"2",-0.55,-0.55,"45","D",0,0,0,"D",0,"D",0,"D",9760,"D",0,"D",0,"D",0,"D",0,"D",8400,"D",0,"D",0,"D",0,"D",2,"D",1980,"D",-4918,0,-4918,-4918,0,0,1493.28,1493.28,9760,9760,9760.01,9760.01,0,0,1014,1014,0,0,3904,3904,9760,9760,0,0,0,0,0,0,0,0,0,0,0,0,0,0,0,0,0
"03423052",1,"2015","2014",1,0.153,0.153,"3",0.3098,0.3098,"39","D",0.0307,0.0307,0,"D",0,"D",27000,"D",0,"D",0,"D",3060,"D",5859,"D",0,"D",0,"D",1100,"D",421,"D",0,"D",0,"D",2420,"D",767,923,868.41,715.78,922.84,922.84,4131,4131,32989.5,32989.5,30060.01,30060.01,0,0,0,0,0,0,882.51,987.65,32989.5,32989.5,0,0,1750.93,1703.43,1750.92,1703.42,0,0,0,0,0,0,0,0,0,0,0
"03423082",1,"2015","2014",1,0.153,0.153,"2",0,0,"39","D",0,0,0,"D",0,"D",0,"D",13824,"D",4833,"D",0,"D",12262,"D",0,"D",3600,"D",0,"D",3092,"D",0,"D",0,"D",300,"D",-1891,0,-1822,-1926,0,0,2115.07,2115.07,18657,18657,18657.01,18657.01,0,0,0,0,0,0,1822,1926,18657,18657,0,0,0,0,0,0,0,0,0,0,0,0,0,0,0,0,0
"03423092",1,"2015","2014",3,0.153,0.153,"2",0.14,0.14,"12","D",0.0672,0.0672,0,"D",0,"D",0,"D",22000,"D",38500,"D",2935,"D",3958,"D",0,"D",0,"D",1200,"D",65,"D",0,"D",2,"D",9996,"D",2064,2422,2099.4,2046.9,2422.44,2422.44,3366,3366,66799.3,66799.3,63435.01,63435.01,2000,2000,0,0,0,0,0,0,56803.3,56803.3,0,0,4099.4,4046.9,4099.4,4046.9,4400,4400,13669.98,13669.98,0,0,0,0,0,0,0
"03423122",1,"2015","2014",2,0.153,0.153,"2",0.15,0.15,"47","D",0.0575,0.0575,0,"D",0,"D",50000,"D",40000,"D",0,"D",0,"D",0,"D",0,"D",0,"D",750,"D",0,"D",0,"D",2,"D",3116,"D",6313,4101,6362.5,6287.5,4101.1,4101.1,13770,13770,90000,90000,90000.01,90000.01,2000,2000,0,0,0,0,0,0,90000,90000,0,0,8362.5,8287.5,8362.5,8287.5,6000,6000,0,0,0,0,0,0,0,0,0
"03423132",1,"2015","2014",2,0.0581,0.0581,"2",0.2785,0.2785,"44","D",0,0,0,"D",0,"D",45000,"D",146583,"D",0,"D",0,"D",0,"D",0,"D",0,"D",5100,"D",4982,"D",0,"D",1,"D",9600,"D",30308,0,30475.35,30223.85,0,0,25643.91,25829.91,191583,191583,0,0,0,0,0,0,0,0,0,0,181983,181983,0,0,30475.35,30223.85,30475.35,30223.85,0,0,0,0,0,0,0,0,0,0,0
"03423162",1,"2015","2014",0,0,0,"1",0,0,"03","D",0,0,1,"D",1,"D",0,"D",0,"D",1092,"D",8571,"D",18125,"D",0,"D",0,"D",2400,"D",0,"D",0,"D",0,"D",7404,"D",0,-25,0,0,-25,-25,0,0,9663,9663,9663.01,9663.01,0,0,0,0,0,0,0,0,9663,9663,0,0,0,0,0,0,5009,5091,10182.31,10182.31,0,0,0,0,0,0,0
"03423184",1,"2015","2014",6,0.153,0.153,"3",-0.0765,-0.0765,"29","D",0,0,0,"D",0,"D",6000,"D",0,"D",16800,"D",0,"D",0,"D",0,"D",12200,"D",0,"D",0,"D",0,"D",6,"D",0,"D",-459,0,-459,-459,0,0,918,918,22800,22800,0,0,0,0,459,459,0,0,0,0,22800,22800,0,0,0,0,0,0,0,0,0,0,0,0,0,0,0,0,0
"03423184",3,"2015","2014",0,0,0,"1",-0.0765,-0.0765,"29","D",0,0,0,"D",0,"D",0,"D",0,"D",0,"D",0,"D",0,"D",0,"D",0,"D",0,"D",0,"D",0,"D",0,"D",0,"D",0,0,0,0,0,0,0,0,0,0,0,0,0,0,0,0,0,0,0,0,0,0,0,0,0,0,0,0,0,0,0,0,0,0,0,0,0,0,0
"03423192",1,"2015","2014",4,0.153,0.153,"3",-0.15,-0.15,"14","D",0.0375,0.05,0,"D",0,"D",14201,"D",0,"D",0,"D",0,"D",0,"D",3408,"D",10800,"D",0,"D",18,"D",0,"D",3,"D",0,"D",-7889,-475,-7823.15,-7922.15,-435.5,-494.79,2172.75,2172.75,14201,14201,14201.01,14201.01,0,0,1680.15,1680.15,0,0,6143,6242,14201,14201,0,0,0,0,0,0,0,0,0,0,0,0,0,0,614.3,624.2,0
"03423202",1,"2015","2014",2,0,0,"3",0,0,"22","D",0,0,0,"D",0,"D",0,"D",0,"D",5577,"D",1648,"D",0,"D",0,"D",0,"D",1600,"D",99,"D",0,"D",0,"D",3200,"D",0,0,0,0,0,0,0,0,7225,7225,7225.01,7225.01,0,0,0,0,0,0,0,0,7225,7225,0,0,0,0,0,0,0,0,0,0,0,0,0,0,0,0,0
"03423212",1,"2015","2014",0,0,0,"1",0,0,"33","D",0.017,0.017,1,"D",1,"D",0,"D",0,"D",0,"D",6000,"D",8609,"D",0,"D",0,"D",5300,"D",262,"D",0,"D",0,"D",0,"D",0,-144,0,0,-143.65,-143.65,0,0,6000,6000,0.01,0.01,0,0,0,0,0,0,0,0,6000,6000,0,0,0,0,0,0,7800,7900,0,0,143.65,143.65,0,0,0,0,0
"03423222",1,"2015","2014",2,0.153,0.153,"3",-0.15,-0.15,"34","D",0.0575,0.058,0,"D",0,"D",7462,"D",0,"D",25200,"D",0,"D",0,"D",0,"D",9000,"D",0,"D",57,"D",0,"D",2,"D",0,"D",-669,992,-669.3,-669.3,998.4,988.07,1141.69,1141.69,32662,32662,32662.01,32662.01,1171.2,1141.2,669.3,669.3,0,0,0,0,32662,32662,0,0,1171.2,1141.2,1171.2,1141.2,12000,12000,0,0,0,0,0,0,0,0,0
"03423232",1,"2015","2014",0,0.153,0.153,"2",0.1448,0.1445,"36","D",0.0346,0.037,0,"D",0,"D",80470,"D",0,"D",0,"D",0,"D",0,"D",0,"D",0,"D",9000,"D",0,"D",0,"D",0,"D",3384,"D",7770,2203,7775.52,7767.26,2299.19,2154.28,12311.91,12311.91,80470,80470,80470.01,80470.01,0,0,0,0,0,0,0,0,77086,77086,0,0,7775.52,7767.26,7775.52,7767.26,0,0,0,0,0,0,0,0,0,0,0
"03423272",1,"2015","2014",1,0,0,"3",-0.34,-0.34,"08","D",0,0,1,"D",1,"D",0,"D",0,"D",0,"D",836,"D",22831,"D",0,"D",0,"D",400,"D",0,"D",0,"D",0,"D",0,"D",0,0,0,0,0,0,0,0,836,836,-1999.99,-1999.99,0,0,0,0,0,0,0,0,836,836,0,0,0,0,0,0,5750,5750,400,400,0,0,0,0,0,0,0
"03423282",1,"2015","2014",3,0.153,0.153,"2",0.3106,0.3606,"03","D",0.0288,0.0288,0,"D",0,"D",25000,"D",9000,"D",0,"D",16800,"D",0,"D",0,"D",0,"D",630,"D",0,"D",0,"D",2,"D",6796,"D",-621,733,-453.08,-704.21,736.36,730.69,5202,5202,50800,50800,50800.01,50800.01,1890,1820,110,180,0,0,343.08,524.21,50800,50800,0,0,1890,1820,1890,1820,10018,10182,8162.36,8156.69,0,0,0,0,0,0,0
"03423312",1,"2015","2014",2,0.153,0.153,"3",-0.4,-0.4,"23","D",-0.0065,-0.0065,1,"D",1,"D",6516,"D",0,"D",0,"D",0,"D",0,"D",0,"D",0,"D",2100,"D",0,"D",0,"D",0,"D",0,"D",-2606,-1623,-2606.4,-2606.4,-1623.34,-1623.34,996.95,996.95,6516,6516,6516.01,6516.01,0,0,0,0,0,0,2606.4,2606.4,6516,6516,0,0,0,0,0,0,0,0,0,0,1200,1200,0,0,156.38,156.38,0
"03423322",1,"2015","2014",2,0.153,0.153,"2",0.1444,0.1425,"14","D",0.0375,0.05,0,"D",0,"D",26229,"D",33743,"D",0,"D",0,"D",0,"D",0,"D",0,"D",3600,"D",0,"D",0,"D",1,"D",12948,"D",1912,1962,1877.06,1929.13,2393.6,1746.45,9175.72,9175.72,59972,59972,59972.01,59972.01,1000,1000,0,0,0,0,0,0,47024,47024,0,0,2877.06,2929.13,2877.06,2929.13,0,0,0,0,180,180,0,0,0,0,0
"03423322",2,"2015","2014",2,0,0,"3",-0.4,-0.4,"14","D",-0.04,-0.04,0,"D",0,"D",0,"D",0,"D",0,"D",0,"D",0,"D",0,"D",0,"D",0,"D",0,"D",0,"D",1,"D",0,"D",0,0,0,0,0,0,0,0,0,0,0.01,0.01,0,0,0,0,0,0,0,0,0,0,0,0,0,0,0,0,0,0,0,0,0,0,0,0,0,0,0
"03423352",1,"2015","2014",0,0,0,"1",0,0,"05","D",0,0,1,"D",1,"D",0,"D",0,"D",0,"D",6400,"D",9214,"D",0,"D",0,"D",610,"D",30,"D",0,"D",0,"D",600,"D",0,0,0,0,0,0,0,0,6400,6400,6400.01,6400.01,0,0,0,0,0,0,0,0,6400,6400,0,0,0,0,0,0,3992,4044,1240,1240,0,0,0,0,0,0,0
"03423362",1,"2015","2014",2,0.153,0.153,"2",0.2855,0.2855,"18","D",0.058,0.058,0,"D",0,"D",47000,"D",67000,"D",0,"D",0,"D",0,"D",0,"D",0,"D",2200,"D",1,"D",0,"D",2,"D",11784,"D",9501,5393,9618.03,9443.03,5392.87,5392.87,17442,17442,114000,114000,114000.01,114000.01,1800,1800,0,0,0,0,0,0,102216,102216,0,0,11418.03,11243.03,11418.03,11243.03,2400,2440,13985,13985,0,0,0,0,0,0,0
"03423382",1,"2015","2014",0,0.153,0.153,"2",0.15,0.15,"0","T",0,0,0,"D",0,"D",30000,"D",34694,"D",1100,"D",0,"D",0,"D",0,"D",0,"D",2000,"D",300,"D",0,"D",0,"D",308,"D",5877,0,5916.6,5856.6,0,0,9898.18,9898.18,65794,65794,0,0,0,0,0,0,0,0,0,0,65794,65794,0,0,5916.6,5856.6,5916.6,5856.6,0,0,0,0,0,0,0,0,0,0,0
"03423402",1,"2015","2014",0,0.153,0.153,"1",0.0991,0.0991,"45","D",0,0,1,"D",1,"D",18000,"D",0,"D",72,"D",0,"D",0,"D",0,"D",0,"D",0,"D",12,"D",0,"D",0,"D",11220,"D",254,0,257.52,252.52,0,0,2754,2754,18072,18072,18072.01,18072.01,0,0,0,0,0,0,0,0,6852,6852,0,0,257.52,252.52,257.52,252.52,0,0,0,0,0,0,0,0,0,0,0
"03423442",1,"2015","2014",0,0.153,0.153,"2",0.15,0.15,"01","D",0.0387,0.0387,0,"D",0,"D",1800,"D",50000,"D",0,"D",0,"D",0,"D",0,"D",0,"D",0,"D",0,"D",0,"D",0,"D",2400,"D",3778,1853,3817.5,3757.5,1850.99,1853.99,7925.4,7925.4,51800,51800,51800.01,51800.01,0,0,0,0,0,0,0,0,51800,51800,0,0,3817.5,3757.5,3817.5,3757.5,4000,4000,6362.7,6362.7,0,0,0,0,0,0,0
"03423512",1,"2015","2014",0,0.153,0.153,"1",0.1765,0.1765,"06","D",0.054,0.0463,0,"D",0,"D",11862,"D",0,"D",0,"D",0,"D",0,"D",0,"D",10200,"D",0,"D",0,"D",0,"D",0,"D",0,"D",-60,51,-37.77,-70.48,79.27,36.65,1814.89,1814.89,11862,11862,0,0,0,0,0,0,0,0,208.97,226.68,11862,11862,0,0,171.2,156.2,171.2,156.2,0,0,0,0,0,0,0,0,0,22.67,0
"03423512",2,"2015","2014",0,0.153,0.153,"1",0.15,0.15,"06","D",0.0463,0.0463,0,"D",0,"D",26000,"D",0,"D",0,"D",0,"D",0,"D",0,"D",0,"D",0,"D",0,"D",0,"D",0,"D",0,"D",1904,721,1923.75,1893.75,733.86,713.91,3978,3978,26000,26000,0,0,0,0,0,0,0,0,0,0,26000,26000,0,0,1923.75,1893.75,1923.75,1893.75,0,0,0,0,0,0,0,0,0,0,0
"03423522",1,"2015","2014",0,0.153,0.153,"2",0.0765,0.0765,"0","T",0,0,0,"D",0,"D",19000,"D",0,"D",0,"D",0,"D",6960,"D",0,"D",4200,"D",0,"D",0,"D",0,"D",0,"D",3080,"D",-94,0,-78.31,-101.37,0,0,2907,2907,19000,19000,0,0,0,0,0,0,0,0,78.31,101.37,19000,19000,0,0,0,0,0,0,0,0,0,0,0,0,0,0,0,0,0
"03423532",1,"2015","2014",0,0.153,0.153,"1",0,0,"39","D",0,0,1,"D",1,"D",1000,"D",0,"D",0,"D",0,"D",28198,"D",0,"D",0,"D",4600,"D",190,"D",0,"D",0,"D",5868,"D",0,0,0,0,0,0,153,153,1000,1000,1000.01,1000.01,0,0,0,0,0,0,0,0,1000,1000,0,0,0,0,0,0,0,0,0,0,0,0,0,0,0,0,0
"03423542",1,"2015","2014",0,0.153,0.153,"1",0.15,0.15,"33","D",0.059,0.059,0,"D",0,"D",28543,"D",0,"D",0,"D",0,"D",0,"D",0,"D",4932,"D",0,"D",0,"D",0,"D",0,"D",0,"D",2285,1002,2305.2,2275.2,1009.07,998.1,4367.08,4367.08,28543,28543,28543.01,28543.01,0,0,0,0,0,0,0,0,28543,28543,0,0,2305.2,2275.2,2305.2,2275.2,7800,7900,0,0,0,0,0,0,0,0,0
"03423552",1,"2015","2014",2,0.153,0.153,"3",-0.55,-0.55,"12","D",0.014,0.014,0,"D",0,"D",7841,"D",0,"D",0,"D",0,"D",0,"D",0,"D",7200,"D",0,"D",64,"D",0,"D",2,"D",0,"D",-3863,-358,-3862.55,-3862.55,-358.24,-358.24,1199.67,1199.67,7841,7841,7841.01,7841.01,0,0,726.15,726.15,0,0,3136.4,3136.4,7841,7841,0,0,0,0,0,0,3212,3212,299.88,299.88,0,0,0,0,0,0,0
"03423582",1,"2015","2014",0,0,0,"1",0,0,"14","D",0,0,1,"D",1,"D",0,"D",0,"D",0,"D",0,"D",11563,"D",0,"D",6600,"D",0,"D",0,"D",0,"D",0,"D",0,"D",0,0,0,0,0,0,0,0,0,0,0.01,0.01,0,0,0,0,0,0,0,0,0,0,0,0,0,0,0,0,0,0,0,0,0,0,0,0,0,0,0
"03423582",3,"2015","2014",0,0,0,"1",0,0,"14","D",0,0,1,"D",1,"D",0,"D",0,"D",0,"D",0,"D",13798,"D",0,"D",0,"D",0,"D",0,"D",0,"D",0,"D",0,"D",0,0,0,0,0,0,0,0,0,0,0.01,0.01,0,0,0,0,0,0,0,0,0,0,0,0,0,0,0,0,0,0,0,0,0,0,0,0,0,0,0
"03423592",1,"2015","2014",3,0.153,0.153,"2",0.3106,0.3106,"31","D",0.0807,0.0596,0,"D",0,"D",30998,"D",19200,"D",0,"D",0,"D",0,"D",0,"D",16800,"D",0,"D",0,"D",0,"D",2,"D",2880,"D",-816,383,-665.06,-891.19,450.74,349.42,7680.29,7680.29,50198,50198,50198.01,50198.01,1804.8,1759.8,195.2,240.2,0,0,469.86,650.99,50198,50198,0,0,1804.8,1759.8,1804.8,1759.8,0,0,0,0,0,0,0,0,93.97,195.3,0
"03423632",1,"2015","2014",0,0.153,0.153,"1",0.25,0.25,"43","D",0,0,1,"D",1,"D",10000,"D",0,"D",35000,"D",294,"D",22510,"D",0,"D",0,"D",760,"D",0,"D",0,"D",0,"D",2400,"D",8971,0,9038.13,8938.13,0,0,1530,1530,64427.5,64427.5,0,0,0,0,0,0,0,0,0,0,64427.5,64427.5,0,0,9038.13,8938.13,9038.13,8938.13,0,0,0,0,0,0,0,0,0,0,0
"03423644",1,"2015","2014",0,0.153,0.153,"1",0.15,0.15,"11","D",0.06,0.06,0,"D",0,"D",28352,"D",0,"D",0,"D",0,"D",0,"D",0,"D",7140,"D",0,"D",0,"D",0,"D",0,"D",0,"D",2257,1211,2276.55,2246.55,1211.12,1211.12,4337.86,4337.86,28352,28352,28352.01,28352.01,0,0,0,0,0,0,0,0,28352,28352,0,0,2276.55,2246.55,2276.55,2246.55,2300,2300,0,0,0,0,0,0,0,0,0
"03423652",1,"2015","2014",1,0.153,0.153,"2",0,0,"03","D",0.0259,0.0259,0,"D",0,"D",23000,"D",0,"D",0,"D",0,"D",0,"D",0,"D",5400,"D",0,"D",50,"D",0,"D",1,"D",0,"D",-4341,36,-4305,-4359,38.49,34.25,3519,3519,23000,23000,23000.01,23000.01,0,0,1000,1000,0,0,3305,3359,23000,23000,0,0,0,0,0,0,10018,10182,457.09,457.09,0,0,0,0,0,0,0
"03423682",1,"2015","2014",3,0.153,0.153,"2",0.3,0.3,"0","T",0,0,0,"D",0,"D",49700,"D",65000,"D",-1949,"D",0,"D",0,"D",0,"D",0,"D",1400,"D",387,"D",0,"D",3,"D",6972,"D",8842,0,9000.3,8762.8,0,0,17549.1,17549.1,112751,112751,0,0,2862.45,2862.45,0,0,0,0,0,0,112751,112751,0,0,11862.75,11625.25,11862.75,11625.25,0,0,0,0,0,0,0,0,0,0,0
"03423722",1,"2015","2014",0,0,0,"1",-0.0765,-0.0765,"0","T",0,0,0,"D",0,"D",0,"D",0,"D",0,"D",0,"D",6084,"D",972,"D",2328,"D",0,"D",40,"D",0,"D",0,"D",0,"D",0,0,0,0,0,0,0,0,0,0,0,0,0,0,0,0,0,0,0,0,0,0,0,0,0,0,0,0,0,0,0,0,0,0,0,0,0,0,0
"03423732",1,"2015","2014",0,0.153,0.153,"2",0.25,0.25,"01","D",0.0337,0.0337,1,"D",1,"D",50184,"D",57499,"D",0,"D",0,"D",0,"D",0,"D",0,"D",1600,"D",70,"D",0,"D",0,"D",0,"D",13117,4003,13258.25,13045.75,3995.85,4006.48,16475.5,16475.5,107683,107683,107683.01,107683.01,0,0,0,0,0,0,0,0,107683,107683,0,0,13258.25,13045.75,13258.25,13045.75,4000,4000,9907.75,9907.75,0,0,0,0,0,0,0
"03423742",1,"2015","2014",0,0.029,0.029,"1",0.28,0.28,"14","D",0.0375,0.05,0,"D",0,"D",125000,"D",0,"D",0,"D",0,"D",0,"D",0,"D",28200,"D",0,"D",0,"D",0,"D",0,"D",0,"D",25236,5119,25333.75,25187.25,6143.75,4606.88,18133,18319,125000,125000,125000.01,125000.01,0,0,0,0,0,0,0,0,125000,125000,0,0,25333.75,25187.25,25333.75,25187.25,0,0,0,0,0,0,0,0,0,0,0
"03423782",1,"2015","2014",2,0,0,"3",0,0,"50","D",0,0,0,"D",0,"D",0,"D",0,"D",7016,"D",0,"D",0,"D",7022,"D",9780,"D",0,"D",0,"D",0,"D",2,"D",0,"D",0,-1160,0,0,-1160,-1160,0,0,7016,7016,7016.01,7016.01,0,0,0,0,0,0,0,0,7016,7016,0,0,0,0,0,0,13020,13239.48,0,0,1160,1160,0,0,0,0,0
"03423792",1,"2015","2014",0,0,0,"2",0.25,0.25,"22","D",0.0476,0.048,2,"D",2,"D",0,"D",0,"D",67951,"D",17592,"D",29663,"D",0,"D",0,"D",6400,"D",4227,"D",0,"D",0,"D",180,"D",13577,3893,13726.64,13501.64,3917.84,3880.16,0,0,110756.55,110756.55,85543.01,85543.01,0,0,0,0,0,0,0,0,110756.55,110756.55,0,0,13726.64,13501.64,13726.64,13501.64,0,0,0,0,0,0,0,0,0,0,0
"03423792",2,"2015","2014",0,0.153,0.153,"1",0.15,0.15,"22","D",0.0515,0.052,0,"D",0,"D",26488,"D",0,"D",0,"D",0,"D",0,"D",0,"D",0,"D",0,"D",0,"D",0,"D",0,"D",0,"D",1977,1038,1996.95,1966.95,1044.58,1034.53,4052.66,4052.66,26488,26488,26488.01,26488.01,0,0,0,0,0,0,0,0,26488,26488,0,0,1996.95,1966.95,1996.95,1966.95,0,0,0,0,0,0,0,0,0,0,0
"03423822",1,"2015","2014",2,0.153,0.153,"3",0.3616,0.3616,"39","D",0.0307,0.0307,0,"D",0,"D",34779,"D",0,"D",0,"D",0,"D",0,"D",0,"D",0,"D",1600,"D",100,"D",200,"D",1,"D",960,"D",-1654,1068,-1513.91,-1724.3,1067.72,1067.72,5321.19,5321.19,34779,34779,34779.01,34779.01,1000,1000,0,0,50.22,50.22,1890.54,2045.93,34779,34779,0,0,1426.85,1371.85,1426.85,1371.85,0,0,0,0,0,0,0,0,0,0,0
"03423842",1,"2015","2014",0,0,0,"1",-0.0765,-0.0765,"0","T",0,0,0,"D",0,"D",0,"D",0,"D",0,"D",2500,"D",18828,"D",0,"D",0,"D",880,"D",0,"D",0,"D",0,"D",1200,"D",0,0,0,0,0,0,0,0,2500,2500,0,0,0,0,0,0,0,0,0,0,2500,2500,0,0,0,0,0,0,0,0,0,0,0,0,0,0,0,0,0
"03423852",1,"2015","2014",0,0.153,0.153,"2",0.2339,0.2306,"33","D",0.0645,0.0777,0,"D",0,"D",26936,"D",79092,"D",0,"D",0,"D",0,"D",0,"D",0,"D",2000,"D",0,"D",0,"D",0,"D",11196,"D",11555,5163,11645.11,11509.71,5201.57,5143.17,16222.28,16222.28,106028,106028,106028.01,106028.01,0,0,0,0,0,0,0,0,94832,94832,0,0,11645.11,11509.71,11645.11,11509.71,15650,15850,13196,13196,0,0,0,0,0,0,0
"03423873",1,"2015","2014",0,0.153,0.153,"1",-0.0765,-0.0765,"45","D",0,0,0,"D",0,"D",450,"D",0,"D",0,"D",0,"D",0,"D",0,"D",7800,"D",0,"D",45,"D",0,"D",0,"D",77,"D",-34,0,-34.42,-34.42,0,0,68.85,68.85,450,450,450.01,450.01,0,0,0,0,0,0,34.42,34.42,450,450,0,0,0,0,0,0,0,0,0,0,0,0,0,0,0,0,0
"03423892",1,"2015","2014",0,0.153,0.153,"2",0,0,"22","D",0,0,2,"D",2,"D",0,"D",14000,"D",0,"D",0,"D",19724,"D",0,"D",0,"D",2000,"D",0,"D",0,"D",0,"D",240,"D",0,0,0,0,0,0,2142,2142,14000,14000,14000.01,14000.01,0,0,0,0,0,0,0,0,14000,14000,0,0,0,0,0,0,0,0,0,0,0,0,0,0,0,0,0
"03423904",1,"2015","2014",3,0.153,0.153,"2",0,0,"45","D",0,0,0,"D",0,"D",0,"D",23000,"D",0,"D",0,"D",0,"D",0,"D",11400,"D",0,"D",0,"D",0,"D",3,"D",0,"D",-9209,0,-9143,-9242,0,0,3519,3519,23000,23000,23000.01,23000.01,0,0,3000,3000,0,0,6143,6242,23000,23000,0,0,0,0,0,0,0,0,0,0,0,0,0,0,0,0,0
"03423922",1,"2015","2014",3,0,0,"3",-0.45,-0.45,"0","T",0,0,0,"D",0,"D",0,"D",0,"D",0,"D",1640,"D",0,"D",0,"D",0,"D",1500,"D",0,"D",0,"D",0,"D",0,"D",0,0,0,0,0,0,0,0,1640,1640,0,0,0,0,0,0,0,0,0,0,1640,1640,0,0,0,0,0,0,0,0,0,0,0,0,0,0,0,0,0
"03423932",1,"2015","2014",2,0.153,0.153,"3",-0.55,-0.55,"10","D",0,0,0,"D",0,"D",7419,"D",0,"D",0,"D",0,"D",0,"D",0,"D",10812,"D",0,"D",0,"D",0,"D",2,"D",0,"D",-3630,0,-3630.45,-3630.45,0,0,1135.11,1135.11,7419,7419,0,0,0,0,662.85,662.85,0,0,2967.6,2967.6,7419,7419,0,0,0,0,0,0,0,0,0,0,0,0,0,0,0,0,0
"03423932",2,"2015","2014",0,0.153,0.153,"1",0.1,0.1,"10","D",0,0,0,"D",0,"D",17161,"D",0,"D",0,"D",0,"D",0,"D",0,"D",0,"D",0,"D",0,"D",0,"D",0,"D",0,"D",691,0,701.1,686.1,0,0,2625.63,2625.63,17161,17161,0,0,0,0,0,0,0,0,0,0,17161,17161,0,0,701.1,686.1,701.1,686.1,0,0,0,0,0,0,0,0,0,0,0
"03423942",1,"2015","2014",1,0.153,0.153,"2",0.15,0.15,"0","T",0,0,0,"D",0,"D",44000,"D",35000,"D",1879,"D",0,"D",0,"D",0,"D",0,"D",900,"D",60,"D",0,"D",1,"D",3008,"D",6542,0,6586.85,6519.35,0,0,12087,12087,80879,80879,0,0,1000,1000,0,0,0,0,0,0,80879,80879,0,0,7586.85,7519.35,7586.85,7519.35,0,0,0,0,0,0,0,0,0,0,0
"03423952",1,"2015","2014",0,0.153,0.153,"1",0.15,0.15,"03","D",0.0288,0.0288,0,"D",0,"D",21700,"D",0,"D",0,"D",0,"D",0,"D",0,"D",0,"D",530,"D",344,"D",0,"D",0,"D",0,"D",1259,389,1278.75,1248.75,391.22,388.39,3320.1,3320.1,21700,21700,21700.01,21700.01,0,0,0,0,0,0,0,0,21700,21700,0,0,1278.75,1248.75,1278.75,1248.75,5009,5091,1265.22,1262.39,0,0,0,0,0,0,0
"03423952",2,"2015","2014",1,0,0,"3",-0.34,-0.34,"03","D",0,0,0,"D",0,"D",0,"D",0,"D",0,"D",0,"D",0,"D",0,"D",0,"D",0,"D",0,"D",0,"D",0,"D",0,"D",0,-50,0,0,-50,-50,0,0,0,0,0.01,0.01,0,0,0,0,0,0,0,0,0,0,0,0,0,0,0,0,10018,10182,0.05,0.05,0,0,0,0,0,0,0
"03423962",1,"2015","2014",1,0.153,0.153,"2",0.3,0.3,"05","D",0.093,0.093,0,"D",0,"D",30500,"D",96183,"D",0,"D",0,"D",0,"D",0,"D",43356,"D",0,"D",150,"D",0,"D",1,"D",0,"D",17013,5454,17154.9,16942.4,5507.59,5427.2,19382.5,19382.5,126683,126683,126683.01,126683.01,165.85,165.85,0,0,0,0,0,0,126683,126683,0,0,17320.75,17108.25,17320.75,17108.25,7984,8088,150,150,0,0,0,0,0,0,0
"03423972",1,"2015","2014",1,0.153,0.153,"2",0.25,0.25,"33","D",0.0645,0.0777,0,"D",0,"D",65000,"D",45000,"D",-5495,"D",0,"D",0,"D",0,"D",7200,"D",0,"D",1220,"D",400,"D",1,"D",4800,"D",10555,4414,10696.25,10483.75,4672.8,4284.44,16830,16830,104505,104505,104505.01,104505.01,1000,1000,0,0,80,80,0,0,104505,104505,0,0,11776.25,11563.75,11776.25,11563.75,15650,15850,0,0,0,0,16,16,0,0,0
"03424002",1,"2015","2014",2,0.153,0.153,"2",0.15,0.15,"05","D",0.06,0.06,0,"D",0,"D",55000,"D",30000,"D",-5500,"D",0,"D",0,"D",0,"D",18000,"D",0,"D",0,"D",0,"D",2,"D",0,"D",4738,1331,4787.5,4712.5,1359.24,1316.38,13005,13005,79500,79500,79500.01,79500.01,2000,2000,0,0,0,0,0,0,79500,79500,0,0,6787.5,6712.5,6787.5,6712.5,7984,8088,0,0,0,0,0,0,0,0,0
"03424022",1,"2015","2014",1,0.029,0.029,"2",0.2714,0.2714,"39","D",0.0307,0.0307,0,"D",0,"D",228786,"D",0,"D",-3400,"D",0,"D",0,"D",0,"D",0,"D",7800,"D",225,"D",0,"D",0,"D",21780,"D",36596,6919,36754.26,36516.76,6919.35,6919.35,21142.79,21328.79,225386,225386,225386.01,225386.01,0,0,0,0,0,0,0,0,203606,203606,0,0,36754.26,36516.76,36754.26,36516.76,0,0,0,0,0,0,0,0,0,0,0
"03424042",1,"2015","2014",1,0.0602,0.0602,"2",0.3287,0.3287,"10","D",0,0,0,"D",0,"D",50000,"D",228786,"D",-6500,"D",0,"D",0,"D",0,"D",0,"D",1300,"D",1700,"D",0,"D",1,"D",11608,"D",56113,0,56396.41,55971.41,0,0,29051.87,29237.87,272286,272286,0,0,0,0,0,0,0,0,0,0,260678,260678,0,0,56396.41,55971.41,56396.41,55971.41,0,0,0,0,0,0,0,0,0,0,0
"03424072",1,"2015","2014",0,0.153,0.153,"1",0.2427,0.2427,"19","D",0.0291,0.0291,0,"D",0,"D",59764,"D",0,"D",-3810,"D",0,"D",0,"D",0,"D",0,"D",540,"D",0,"D",0,"D",0,"D",4440,"D",7160,1609,7211.16,7134.43,1604.34,1611.13,9143.89,9143.89,55954,55954,55954.01,55954.01,0,0,0,0,0,0,0,0,51514,51514,0,0,7211.16,7134.43,7211.16,7134.43,0,0,0,0,0,0,0,0,0,0,0
"03424092",1,"2015","2014",3,0,0,"3",-0.45,-0.45,"10","D",0,0,0,"D",0,"D",0,"D",0,"D",0,"D",0,"D",0,"D",0,"D",0,"D",1000,"D",0,"D",0,"D",0,"D",23,"D",0,0,0,0,0,0,0,0,0,0,0,0,0,0,0,0,0,0,0,0,0,0,0,0,0,0,0,0,0,0,0,0,0,0,0,0,0,0,0
"03424102",1,"2015","2014",0,0.153,0.153,"1",-0.0765,-0.0765,"47","D",0,0,0,"D",0,"D",4000,"D",0,"D",72,"D",0,"D",0,"D",0,"D",9900,"D",0,"D",0,"D",0,"D",0,"D",0,"D",-306,0,-306,-306,0,0,612,612,4072,4072,4072.01,4072.01,0,0,0,0,0,0,306,306,4072,4072,0,0,0,0,0,0,0,0,0,0,0,0,0,0,0,0,0
"03424112",1,"2015","2014",0,0.153,0.153,"1",0.1454,0.1454,"39","D",0.0307,0.0307,0,"D",0,"D",27866,"D",0,"D",0,"D",0,"D",0,"D",0,"D",0,"D",4400,"D",2554,"D",0,"D",0,"D",6148,"D",1030,855,1040.03,1025.03,855.49,855.49,4263.5,4263.5,27866,27866,27866.01,27866.01,0,0,0,0,0,0,0,0,21718,21718,0,0,1040.03,1025.03,1040.03,1025.03,0,0,0,0,0,0,0,0,0,0,0
"03424142",1,"2015","2014",0,0,0,"1",0,0,"0","T",0,0,1,"D",1,"D",0,"D",0,"D",3050,"D",0,"D",7462,"D",0,"D",0,"D",3400,"D",240,"D",0,"D",0,"D",0,"D",0,0,0,0,0,0,0,0,3050,3050,0,0,0,0,0,0,0,0,0,0,3050,3050,0,0,0,0,0,0,0,0,0,0,0,0,0,0,0,0,0
"03424152",1,"2015","2014",1,0.153,0.153,"2",0.25,0.25,"05","D",0.093,0.093,0,"D",0,"D",50355,"D",114250,"D",0,"D",0,"D",0,"D",0,"D",29256,"D",0,"D",280,"D",0,"D",1,"D",0,"D",26660,8981,26801.25,26588.75,9034.34,8953.95,25184.56,25184.56,164605,164605,164605.01,164605.01,0,0,0,0,0,0,0,0,164605,164605,0,0,26801.25,26588.75,26801.25,26588.75,7984,8088,280,280,0,0,0,0,0,0,0
"03424162",1,"2015","2014",2,0.038,0.038,"2",0.35,0.35,"21","D",0.0585,0.0585,0,"D",0,"D",0,"D",469961,"D",15126,"D",0,"D",0,"D",0,"D",0,"D",4900,"D",1600,"D",0,"D",2,"D",39976,"D",118377,23738,118770.64,118180.64,23741.69,23736.17,30116.52,30302.52,485087,485087,483887.01,483887.01,0,0,0,0,0,0,0,0,445111,445111,3298.6,3261.09,114897.25,114344.76,114897.25,114344.76,4000,4000,42901.07,42997.11,0,0,0,0,0,0,0
"03424192",1,"2015","2014",1,0.153,0.153,"3",0.16,0.16,"22","D",0.0515,0.052,0,"D",0,"D",41000,"D",0,"D",1000,"D",0,"D",0,"D",0,"D",18000,"D",0,"D",0,"D",2000,"D",1,"D",0,"D",1641,1323,1672.5,1625,1331.2,1318.4,6273,6273,42000,42000,42000.01,42000.01,1000,1000,0,0,430,430,0,0,42000,42000,0,0,3102.5,3055,3102.5,3055,0,0,0,0,0,0,0,0,0,0,0
"03424212",1,"2015","2014",0,0.153,0.153,"2",0.1,0.1,"47","D",0.0561,0.0561,0,"D",0,"D",27000,"D",6042,"D",0,"D",0,"D",0,"D",0,"D",8400,"D",0,"D",35,"D",0,"D",0,"D",0,"D",1254,1022,1274.2,1244.2,1022.13,1022.13,5055.43,5055.43,33042,33042,33042.01,33042.01,0,0,0,0,0,0,0,0,33042,33042,0,0,1274.2,1244.2,1274.2,1244.2,6000,6000,0,0,0,0,0,0,0,0,0
"03424212",2,"2015","2014",1,0,0,"3",-0.34,-0.34,"47","D",0,0,0,"D",0,"D",0,"D",0,"D",0,"D",0,"D",0,"D",0,"D",0,"D",0,"D",0,"D",0,"D",0,"D",0,"D",0,0,0,0,0,0,0,0,0,0,0.01,0.01,0,0,0,0,0,0,0,0,0,0,0,0,0,0,0,0,0,0,0,0,0,0,0,0,0,0,0
"03424222",1,"2015","2014",0,0.153,0.153,"2",0.15,0.15,"0","T",0,0,0,"D",0,"D",23808,"D",53718,"D",0,"D",0,"D",0,"D",0,"D",0,"D",400,"D",0,"D",0,"D",0,"D",14244,"D",7320,0,7339.8,7309.8,0,0,11861.48,11861.48,77526,77526,0,0,0,0,0,0,0,0,0,0,63282,63282,0,0,7339.8,7309.8,7339.8,7309.8,0,0,0,0,0,0,0,0,0,0,0
"03424222",2,"2015","2014",1,0,0,"3",-0.34,-0.34,"0","T",0,0,0,"D",0,"D",0,"D",0,"D",0,"D",0,"D",0,"D",0,"D",0,"D",0,"D",0,"D",0,"D",0,"D",0,"D",0,0,0,0,0,0,0,0,0,0,0,0,0,0,0,0,0,0,0,0,0,0,0,0,0,0,0,0,0,0,0,0,0,0,0,0,0,0,0
"03424232",1,"2015","2014",1,0.153,0.153,"3",0.1444,0.1425,"14","D",0.0375,0.05,0,"D",0,"D",56000,"D",0,"D",0,"D",0,"D",0,"D",0,"D",0,"D",4500,"D",160,"D",0,"D",1,"D",4396,"D",3903,1930,3854.72,3927.04,2362.5,1713.75,8568,8568,56000,56000,56000.01,56000.01,1000,1000,0,0,0,0,0,0,51604,51604,0,0,4854.73,4927.04,4854.72,4927.04,0,0,0,0,225,225,0,0,0,0,0
"03424272",1,"2015","2014",0,0.153,0.153,"2",0.1,0.1,"11","D",0.06,0.06,0,"D",0,"D",0,"D",28285,"D",0,"D",0,"D",0,"D",0,"D",7920,"D",0,"D",0,"D",0,"D",0,"D",0,"D",779,813,798.5,768.5,813.1,813.1,4327.6,4327.6,28285,28285,28285.01,28285.01,0,0,0,0,0,0,0,0,28285,28285,0,0,798.5,768.5,798.5,768.5,3000,3000,0,0,0,0,0,0,0,0,0
"03424282",1,"2015","2014",2,0,0,"3",-0.4,-0.4,"50","D",-0.044,-0.044,0,"D",0,"D",0,"D",0,"D",80,"D",0,"D",0,"D",0,"D",0,"D",2000,"D",8,"D",0,"D",0,"D",1342,"D",0,-1160,0,0,-1160,-1160,0,0,80,80,80.01,80.01,0,0,0,0,0,0,0,0,80,80,0,0,0,0,0,0,13020,13239.48,1342,1342,1160,1160,0,0,0,0,0
"03424302",1,"2015","2014",1,0.153,0.153,"2",0.2768,0.2768,"05","D",0.093,0.093,0,"D",0,"D",35000,"D",93000,"D",0,"D",0,"D",0,"D",0,"D",0,"D",2700,"D",830,"D",0,"D",1,"D",10440,"D",15793,5026,15889.16,15744.34,5073.37,5002.66,19584,19584,128000,128000,128000.01,128000.01,100,100,0,0,0,0,0,0,117560,117560,0,0,15989.16,15844.34,15989.16,15844.34,7984,8088,13970,13970,0,0,0,0,0,0,0
"03424312",1,"2015","2014",0,0.153,0.153,"1",0.0765,0.0765,"44","D",0,0,0,"D",0,"D",8600,"D",0,"D",0,"D",0,"D",0,"D",0,"D",0,"D",450,"D",0,"D",0,"D",0,"D",1052,"D",-470,0,-458.51,-476.22,0,0,1315.8,1315.8,8600,8600,0,0,0,0,0,0,0,0,458.51,476.22,8600,8600,0,0,0,0,0,0,0,0,0,0,0,0,0,0,0,0,0
"03424352",1,"2015","2014",3,0.0541,0.0541,"2",0.35,0.35,"23","D",0.0425,0.0425,0,"D",0,"D",241175,"D",35908,"D",0,"D",0,"D",0,"D",0,"D",0,"D",8500,"D",1690,"D",0,"D",3,"D",4828,"D",57303,10926,57696.25,57106.25,10926.03,10926.03,27239.75,27425.75,277083,277083,277083.01,277083.01,0,0,0,0,0,0,0,0,272255,272255,5433.39,5301.39,52262.86,51804.86,52262.86,51804.86,0,0,0,0,0,0,0,0,0,0,0
"03424382",1,"2015","2014",0,0,0,"1",0,0,"17","D",0,0,1,"D",1,"D",0,"D",0,"D",0,"D",0,"D",13462,"D",0,"D",0,"D",1500,"D",4,"D",0,"D",0,"D",600,"D",0,-288,0,0,-288,-288,0,0,0,0,0.01,0.01,0,0,0,0,0,0,0,0,0,0,0,0,0,0,0,0,3850,3850,0,0,288,288,0,0,0,0,0
"03424392",1,"2015","2014",3,0.153,0.153,"2",0.3,0.3,"23","D",0.0425,0.0425,0,"D",0,"D",20000,"D",113777,"D",0,"D",19500,"D",0,"D",0,"D",23400,"D",0,"D",1935,"D",0,"D",3,"D",4400,"D",21000,5664,21158.1,20920.6,5664.27,5664.27,20467.88,20467.88,153277,153277,153277.01,153277.01,836.15,836.15,0,0,0,0,0,0,153277,153277,0,0,21994.25,21756.75,21994.25,21756.75,0,0,0,0,0,0,0,0,0,0,0
"03424402",1,"2015","2014",1,0.153,0.153,"3",0.2598,0.2598,"45","D",0.05,0.05,0,"D",0,"D",20000,"D",0,"D",0,"D",0,"D",0,"D",0,"D",14400,"D",0,"D",60,"D",0,"D",1,"D",1940,"D",-3745,90,-3658.23,-3788.37,98.5,85,3060,3060,20000,20000,20000.01,20000.01,300,275,700,725,0,0,2958.23,3063.37,20000,20000,0,0,300,275,300,275,0,0,0,0,0,0,0,0,0,0,0
"03424412",1,"2015","2014",0,0,0,"1",-0.0765,-0.0765,"34","D",0,0,0,"D",0,"D",0,"D",0,"D",0,"D",0,"D",3920,"D",0,"D",0,"D",200,"D",20,"D",0,"D",0,"D",960,"D",0,0,0,0,0,0,0,0,0,0,0.01,0.01,0,0,0,0,0,0,0,0,0,0,0,0,0,0,0,0,7500,7500,1160,1160,0,0,0,0,0,0,0
"03424432",1,"2015","2014",1,0.153,0.153,"3",0.3098,0.3098,"39","D",0.0307,0.0307,0,"D",0,"D",33799,"D",0,"D",0,"D",0,"D",0,"D",1000,"D",0,"D",180,"D",0,"D",0,"D",0,"D",0,"D",1017,1038,1119.2,966.56,1037.63,1037.63,5171.25,5171.25,33799,33799,33799.01,33799.01,0,0,0,0,0,0,753.15,858.29,33799,33799,0,0,1872.35,1824.85,1872.35,1824.85,0,0,0,0,0,0,0,0,0,0,0
"03424442",1,"2015","2014",0,0.0776,0.0776,"2",0.2714,0.2714,"39","D",0.0307,0.0307,1,"D",1,"D",120000,"D",77414,"D",-6163,"D",0,"D",24000,"D",0,"D",0,"D",11000,"D",0,"D",0,"D",0,"D",5844,"D",37788,5871,37936.97,37713.47,5871.41,5871.41,29832.34,30018.34,211651,211651,191251.01,191251.01,0,0,0,0,0,0,0,0,205807,205807,0,0,37936.97,37713.47,37936.97,37713.47,0,0,0,0,0,0,0,0,0,0,0
"03424452",1,"2015","2014",0,0.153,0.153,"1",0.1395,0.1395,"41","D",0.07,0.07,0,"D",0,"D",6416,"D",0,"D",-1800,"D",38500,"D",0,"D",0,"D",0,"D",2000,"D",2500,"D",0,"D",0,"D",5908,"D",3653,1311,3662.93,3648.46,1313.46,1309.96,981.65,981.65,43116,43116,24444.55,24398.05,0,0,0,0,0,0,0,0,37208,37208,0,0,3662.93,3648.46,3662.93,3648.46,0,0,0,0,0,0,0,0,0,0,0
"03424472",1,"2015","2014",1,0.153,0.153,"3",0.25,0.25,"39","D",0.0307,0.0307,0,"D",0,"D",68127,"D",0,"D",0,"D",0,"D",0,"D",0,"D",11160,"D",0,"D",225,"D",0,"D",0,"D",600,"D",7093,2092,7194.25,7041.75,2091.5,2091.5,10423.43,10423.43,68127,68127,68127.01,68127.01,0,0,0,0,0,0,0,0,68127,68127,0,0,7194.25,7041.75,7194.25,7041.75,0,0,0,0,0,0,0,0,0,0,0
"03424502",1,"2015","2014",0,0,0,"1",0,0,"15","D",0,0,1,"D",1,"D",0,"D",0,"D",0,"D",0,"D",1567,"D",0,"D",4800,"D",0,"D",0,"D",0,"D",0,"D",0,"D",0,-100,0,0,-100,-100,0,0,0,0,0.01,0.01,0,0,0,0,0,0,0,0,0,0,0,0,0,0,0,0,0,0,0,0,0,0,0,0,0,0,0
"03424512",1,"2015","2014",0,0,0,"2",0,0,"10","D",0,0,2,"D",2,"D",0,"D",0,"D",0,"D",15772,"D",38924,"D",0,"D",0,"D",3300,"D",0,"D",0,"D",0,"D",3600,"D",0,0,0,0,0,0,0,0,17389,17389,0,0,0,0,0,0,0,0,0,0,17389,17389,0,0,0,0,0,0,0,0,0,0,0,0,0,0,0,0,0
"03424532",1,"2015","2014",2,0,0,"3",-0.4,-0.4,"0","T",0,0,0,"D",0,"D",0,"D",0,"D",0,"D",0,"D",0,"D",0,"D",4524,"D",0,"D",0,"D",0,"D",0,"D",375,"D",0,0,0,0,0,0,0,0,0,0,0,0,0,0,0,0,0,0,0,0,0,0,0,0,0,0,0,0,0,0,0,0,0,0,0,0,0,0,0
"03424542",1,"2015","2014",0,0.029,0.029,"2",0.35,0.35,"26","D",0.0612,0.0612,0,"D",0,"D",0,"D",228786,"D",3682,"D",96696,"D",0,"D",0,"D",0,"D",21180,"D",700,"D",0,"D",0,"D",22264,"D",69569,15261,69961.92,69371.92,15270.48,15256.78,21142.79,21328.79,329164,329164,329164.01,329164.01,0,0,0,0,0,0,0,0,306900,306900,6765.49,6723.55,63056.51,62508.45,63056.51,62508.45,0,0,52955.98,53184.26,0,0,0,0,0,0,0
"03424552",1,"2015","2014",2,0.153,0.153,"3",-0.4,-0.4,"05","D",0,0,0,"D",0,"D",8500,"D",0,"D",0,"D",0,"D",0,"D",0,"D",19200,"D",0,"D",0,"D",0,"D",0,"D",0,"D",-3400,0,-3400,-3400,0,0,1300.5,1300.5,8500,8500,8500.01,8500.01,0,0,0,0,0,0,3400,3400,8500,8500,0,0,0,0,0,0,7984,8088,0,0,0,0,0,0,0,0,0
"03424552",2,"2015","2014",0,0.153,0.153,"1",0.15,0.15,"05","D",0.06,0.06,1,"D",0,"D",42712,"D",0,"D",0,"D",0,"D",0,"D",0,"D",0,"D",0,"D",0,"D",0,"D",0,"D",0,"D",4256,1106,4430.55,4168.05,1190.34,1063.91,6534.94,6534.94,42712,42712,42712.01,42712.01,0,0,0,0,0,0,0,0,42712,42712,0,0,4430.55,4168.05,4430.55,4168.05,3992,4044,0,0,0,0,0,0,0,0,0
"03424552",3,"2015","2014",0,0.153,0.153,"1",0.0765,0.0765,"05","D",0,0,0,"D",0,"D",9408,"D",0,"D",0,"D",0,"D",0,"D",0,"D",0,"D",0,"D",0,"D",0,"D",0,"D",0,"D",-409,0,-396.7,-414.41,0,0,1439.42,1439.42,9408,9408,9408.01,9408.01,0,0,0,0,0,0,396.7,414.41,9408,9408,0,0,0,0,0,0,3992,4044,0,0,0,0,0,0,0,0,0
"03424552",4,"2015","2014",2,0,0,"3",-0.4,-0.4,"05","D",0,0,0,"D",0,"D",0,"D",0,"D",0,"D",0,"D",0,"D",0,"D",0,"D",0,"D",0,"D",0,"D",0,"D",0,"D",0,0,0,0,0,0,0,0,0,0,0.01,0.01,0,0,0,0,0,0,0,0,0,0,0,0,0,0,0,0,7984,8088,0,0,0,0,0,0,0,0,0
"03424562",1,"2015","2014",2,0,0,"3",-0.4,-0.4,"05","D",0,0,0,"D",0,"D",0,"D",0,"D",650,"D",0,"D",0,"D",0,"D",14400,"D",0,"D",0,"D",0,"D",0,"D",0,"D",0,0,0,0,0,0,0,0,650,650,650.01,650.01,0,0,0,0,0,0,0,0,650,650,0,0,0,0,0,0,7984,8088,0,0,0,0,0,0,0,0,0
"03424582",1,"2015","2014",2,0.153,0.153,"3",-0.55,-0.55,"0","T",0,0,0,"D",0,"D",13000,"D",0,"D",800,"D",0,"D",0,"D",0,"D",4800,"D",0,"D",194,"D",0,"D",2,"D",0,"D",-6700,0,-6700,-6700,0,0,1989,1989,13800,13800,0,0,0,0,1500,1500,0,0,5200,5200,13800,13800,0,0,0,0,0,0,0,0,0,0,0,0,0,0,0,0,0
"03424602",1,"2015","2014",0,0.153,0.153,"1",0.1,0.1,"19","D",0.036,0.036,0,"D",0,"D",5844,"D",0,"D",11363,"D",0,"D",0,"D",0,"D",3000,"D",0,"D",0,"D",0,"D",0,"D",0,"D",696,330,705.7,690.7,330.05,330.65,894.13,894.13,17207,17207,17207.01,17207.01,0,0,0,0,0,0,0,0,17207,17207,0,0,705.7,690.7,705.7,690.7,0,0,0,0,0,0,0,0,0,0,0
"03424612",1,"2015","2014",1,0,0,"3",-0.34,-0.34,"0","T",0,0,0,"D",0,"D",0,"D",0,"D",300,"D",0,"D",0,"D",0,"D",0,"D",300,"D",0,"D",0,"D",1,"D",360,"D",0,0,0,0,0,0,0,0,300,300,0,0,0,0,0,0,0,0,0,0,300,300,0,0,0,0,0,0,0,0,0,0,0,0,0,0,0,0,0
"03424622",1,"2015","2014",0,0.153,0.153,"1",0.25,0.25,"21","D",0.0475,0.0475,0,"D",0,"D",66586,"D",0,"D",0,"D",0,"D",0,"D",0,"D",0,"D",1800,"D",0,"D",0,"D",0,"D",0,"D",9899,2863,9965.25,9865.25,2863.34,2863.34,10187.66,10187.66,66586,66586,66586.01,66586.01,0,0,0,0,0,0,0,0,66586,66586,0,0,9965.25,9865.25,9965.25,9865.25,2000,2000,0,0,0,0,0,0,0,0,0
"03424622",2,"2015","2014",0,0,0,"1",0,0,"21","D",0,0,1,"D",1,"D",0,"D",0,"D",0,"D",11490,"D",13668,"D",0,"D",0,"D",0,"D",0,"D",0,"D",0,"D",0,"D",0,0,0,0,0,0,0,0,11490,11490,0.01,0.01,0,0,0,0,0,0,0,0,11490,11490,0,0,0,0,0,0,1500,1500,0,0,0,0,0,0,0,0,0
"03424632",1,"2015","2014",2,0.0418,0.0418,"2",0.3492,0.3492,"01","D",0.0324,0.0324,0,"D",0,"D",15000,"D",469961,"D",355,"D",0,"D",0,"D",0,"D",0,"D",2500,"D",506,"D",0,"D",2,"D",24212,"D",124099,15931,124474.14,123911.8,15916.29,15938.67,32546.52,32732.52,485316,485316,485316.01,485316.01,0,0,0,0,0,0,0,0,461104,461104,0,0,124460.65,123898.31,124460.65,123898.31,4000,4000,37316,37430.75,0,0,0,0,0,0,0
"03424642",1,"2015","2014",0,0.153,0.153,"1",0.25,0.25,"24","D",0.0705,0.0705,0,"D",0,"D",89500,"D",0,"D",1,"D",0,"D",0,"D",0,"D",18248,"D",0,"D",0,"D",0,"D",0,"D",0,"D",15627,5164,15694,15594,5174.44,5158.52,13693.5,13693.5,89501,89501,89501.01,89501.01,0,0,0,0,0,0,0,0,89501,89501,0,0,15694,15594,15694,15594,6200,6300,0,0,0,0,0,0,0,0,0
"03424652",1,"2015","2014",0,0,0,"1",-0.0765,-0.0765,"10","D",0,0,0,"D",0,"D",0,"D",0,"D",0,"D",0,"D",0,"D",0,"D",14400,"D",0,"D",0,"D",0,"D",0,"D",0,"D",0,0,0,0,0,0,0,0,0,0,0,0,0,0,0,0,0,0,0,0,0,0,0,0,0,0,0,0,0,0,0,0,0,0,0,0,0,0,0
"03424672",1,"2015","2014",2,0.153,0.153,"2",0.15,0.15,"05","D",0,0,0,"D",0,"D",0,"D",50540,"D",0,"D",0,"D",0,"D",0,"D",0,"D",3500,"D",850,"D",0,"D",1,"D",3420,"D",1394,0,1443.5,1368.5,0,0,7732.62,7732.62,50540,50540,50540.01,50540.01,1000,1000,0,0,0,0,0,0,50540,50540,0,0,2443.5,2368.5,2443.5,2368.5,7984,8088,7770,7770,0,0,0,0,0,0,0
"03424672",2,"2015","2014",0,0.153,0.153,"1",0.15,0.15,"05","D",0.04,0.04,0,"D",0,"D",25040,"D",0,"D",0,"D",0,"D",0,"D",0,"D",0,"D",0,"D",0,"D",0,"D",0,"D",0,"D",1760,283,1779.75,1749.75,288.98,280.13,3831.12,3831.12,25040,25040,25040.01,25040.01,0,0,0,0,0,0,0,0,25040,25040,0,0,1779.75,1749.75,1779.75,1749.75,3992,4044,0,0,0,0,0,0,0,0,0
"03424692",1,"2015","2014",0,0,0,"1",0,0,"33","D",0.017,0.017,1,"D",1,"D",0,"D",0,"D",0,"D",0,"D",2551,"D",0,"D",0,"D",3000,"D",0,"D",0,"D",0,"D",0,"D",0,-349,0,0,-348.63,-348.63,0,0,0,0,0.01,0.01,0,0,0,0,0,0,0,0,0,0,0,0,0,0,0,0,7800,7900,0,0,348.63,348.63,0,0,0,0,0
"03424702",1,"2015","2014",0,0.153,0.153,"2",0.2775,0.2775,"0","T",0,0,1,"D",1,"D",8000,"D",32000,"D",6600,"D",0,"D",35684,"D",0,"D",0,"D",2000,"D",854,"D",0,"D",0,"D",0,"D",6319,0,6363.86,6296.36,0,0,6120,6120,69975.7,69975.7,0,0,0,0,0,0,0,0,0,0,69975.7,69975.7,0,0,6363.86,6296.36,6363.86,6296.36,0,0,0,0,0,0,0,0,0,0,0
"03424712",1,"2015","2014",2,0.153,0.153,"3",-0.55,-0.55,"44","D",0,0,0,"D",0,"D",7754,"D",0,"D",0,"D",0,"D",0,"D",0,"D",0,"D",590,"D",0,"D",0,"D",1,"D",0,"D",-3815,0,-3814.7,-3814.7,0,0,1186.36,1186.36,7754,7754,0,0,0,0,713.1,713.1,0,0,3101.6,3101.6,7754,7754,0,0,0,0,0,0,0,0,0,0,0,0,0,0,0,0,0
"03424712",2,"2015","2014",2,0,0,"3",-0.4,-0.4,"44","D",0,0,0,"D",0,"D",0,"D",0,"D",0,"D",0,"D",0,"D",0,"D",0,"D",0,"D",0,"D",0,"D",1,"D",0,"D",0,0,0,0,0,0,0,0,0,0,0,0,0,0,0,0,0,0,0,0,0,0,0,0,0,0,0,0,0,0,0,0,0,0,0,0,0,0,0
"03424734",1,"2015","2014",2,0.153,0.153,"3",0.15,0.15,"44","D",0,0,0,"D",0,"D",45000,"D",0,"D",0,"D",0,"D",0,"D",0,"D",0,"D",1500,"D",0,"D",0,"D",2,"D",0,"D",923,0,960,905,0,0,6885,6885,45000,45000,0,0,2000,2000,0,0,0,0,0,0,45000,45000,0,0,2960,2905,2960,2905,0,0,0,0,0,0,0,0,0,0,0
"03424734",2,"2015","2014",1,0.153,0.153,"2",0.15,0.15,"44","D",0,0,0,"D",0,"D",50000,"D",0,"D",0,"D",0,"D",0,"D",0,"D",0,"D",0,"D",0,"D",0,"D",0,"D",0,"D",2910,0,2955,2887.5,0,0,7650,7650,50000,50000,0,0,0,0,0,0,0,0,0,0,50000,50000,0,0,2955,2887.5,2955,2887.5,0,0,0,0,0,0,0,0,0,0,0
"03424742",1,"2015","2014",0,0.153,0.153,"1",0.1,0.1,"05","D",0,0,1,"D",1,"D",17476,"D",0,"D",0,"D",0,"D",9778,"D",0,"D",6300,"D",0,"D",54,"D",0,"D",0,"D",0,"D",568,0,577.6,562.6,0,0,2673.83,2673.83,17476,17476,17476.01,17476.01,0,0,0,0,0,0,0,0,17476,17476,0,0,577.6,562.6,577.6,562.6,3992,4044,54,54,0,0,0,0,0,0,0
"03424752",1,"2015","2014",1,0.153,0.153,"2",0.1412,0.1411,"33","D",0.059,0.059,0,"D",0,"D",56641,"D",0,"D",0,"D",0,"D",0,"D",0,"D",0,"D",9000,"D",0,"D",0,"D",0,"D",4684,"D",3461,1815,3484.06,3449.85,1829.94,1808,8666.07,8666.07,56641,56641,56641.01,56641.01,0,0,0,0,0,0,0,0,51957,51957,0,0,3484.06,3449.85,3484.06,3449.85,15650,15850,13684,13684,0,0,0,0,0,0,0
"03424812",1,"2015","2014",1,0.153,0.153,"2",0.2598,0.2598,"34","D",0.0575,0.058,0,"D",0,"D",22000,"D",17571,"D",-50,"D",0,"D",0,"D",0,"D",0,"D",150,"D",10,"D",0,"D",0,"D",2320,"D",728,1414,828.6,677.28,1422.22,1409.96,6054.36,6054.36,39521,39521,39521.01,39521.01,0,0,0,0,0,0,698.5,814.82,39521,39521,0,0,1527.1,1492.1,1527.1,1492.1,15000,15000,2470,2470,0,0,0,0,0,0,0
"03424842",1,"2015","2014",3,0.153,0.153,"2",0.15,0.1405,"45","D",0.063,0.063,0,"D",0,"D",58683,"D",11359,"D",0,"D",0,"D",0,"D",0,"D",0,"D",980,"D",1815,"D",0,"D",2,"D",7976,"D",2677,2440,2642.01,2693.8,2524.3,2397.72,10716.43,10716.43,70042,70042,70042.01,70042.01,2000,2000,0,0,0,0,0,0,62066,70042,0,0,4642.01,4693.8,4642.01,4693.8,0,0,0,0,0,0,0,0,0,0,0
"03424852",1,"2015","2014",0,0.153,0.153,"1",-0.0765,-0.0765,"22","D",-0.0115,-0.0115,0,"D",0,"D",80,"D",0,"D",0,"D",0,"D",10800,"D",0,"D",3000,"D",0,"D",0,"D",0,"D",0,"D",0,"D",-6,-1,-6.12,-6.12,-0.92,-0.92,12.24,12.24,80,80,80.01,80.01,0,0,0,0,0,0,6.12,6.12,80,80,0,0,0,0,0,0,0,0,0,0,0,0,0,0,0.92,0.92,0
"03424872",1,"2015","2014",0,0.153,0.153,"2",0.15,0.15,"01","D",0.0387,0.0387,0,"D",0,"D",45313,"D",18000,"D",194,"D",0,"D",0,"D",0,"D",0,"D",0,"D",306,"D",0,"D",0,"D",872,"D",5534,2368,5573.55,5513.55,2365.6,2368.6,9686.89,9686.89,63507,63507,63507.01,63507.01,0,0,0,0,0,0,0,0,63507,63507,0,0,5573.55,5513.55,5573.55,5513.55,4000,4000,6021.45,6021.45,0,0,0,0,0,0,0
"03424882",1,"2015","2014",4,0.0534,0.0534,"2",0.35,0.35,"33","D",0.0665,0.0665,0,"D",0,"D",34080,"D",241175,"D",0,"D",0,"D",0,"D",0,"D",17400,"D",0,"D",0,"D",0,"D",4,"D",0,"D",58353,16756,58746.25,58156.25,16997.73,16634.43,26943.61,27129.61,275255,275255,275255.01,275255.01,0,0,0,0,0,0,0,0,275255,275255,3920.6,3871.1,54825.65,54285.15,54825.65,54285.15,15650,15850,0,0,0,0,0,0,0,0,0
"03424892",1,"2015","2014",2,0.153,0.153,"3",-0.4,-0.4,"28","D",-0.04,-0.04,0,"D",0,"D",360,"D",0,"D",0,"D",0,"D",0,"D",0,"D",3120,"D",0,"D",0,"D",0,"D",2,"D",0,"D",-144,-14,-144,-144,-14.4,-14.4,55.08,55.08,360,360,360.01,360.01,0,0,0,0,0,0,144,144,360,360,0,0,0,0,0,0,9100,9250,0,0,0,0,0,0,14.4,14.4,0
"03424892",3,"2015","2014",0,0,0,"1",-0.0765,-0.0765,"28","D",-0.0077,-0.0077,0,"D",0,"D",0,"D",0,"D",0,"D",0,"D",0,"D",0,"D",0,"D",0,"D",0,"D",0,"D",0,"D",0,"D",0,0,0,0,0,0,0,0,0,0,0.01,0.01,0,0,0,0,0,0,0,0,0,0,0,0,0,0,0,0,6200,6300,0,0,0,0,0,0,0,0,0
"03424912",1,"2015","2014",0,0.153,0.153,"1",0.15,0.15,"44","D",0,0,0,"D",0,"D",24000,"D",0,"D",0,"D",0,"D",0,"D",0,"D",8400,"D",0,"D",165,"D",0,"D",0,"D",0,"D",1604,0,1623.75,1593.75,0,0,3672,3672,24000,24000,0,0,0,0,0,0,0,0,0,0,24000,24000,0,0,1623.75,1593.75,1623.75,1593.75,0,0,0,0,0,0,0,0,0,0,0
"03424912",2,"2015","2014",0,0.153,0.153,"1",0.15,0.15,"44","D",0,0,0,"D",0,"D",20000,"D",0,"D",0,"D",0,"D",0,"D",0,"D",0,"D",0,"D",0,"D",0,"D",0,"D",0,"D",1004,0,1023.75,993.75,0,0,3060,3060,20000,20000,0,0,0,0,0,0,0,0,0,0,20000,20000,0,0,1023.75,993.75,1023.75,993.75,0,0,0,0,0,0,0,0,0,0,0
"03424922",1,"2015","2014",1,0.153,0.153,"3",0.2598,0.2598,"11","D",0.06,0.06,0,"D",0,"D",23772,"D",0,"D",900,"D",0,"D",0,"D",0,"D",9288,"D",0,"D",45,"D",0,"D",1,"D",1800,"D",-2531,740,-2444.45,-2574.58,740.32,740.32,3637.12,3637.12,24672,24672,24672.01,24672.01,767.2,742.2,232.8,257.8,0,0,2211.65,2316.78,24672,24672,0,0,767.2,742.2,767.2,742.2,2300,2300,0,0,0,0,0,0,0,0,0
"03424922",2,"2015","2014",0,0.153,0.153,"1",0.15,0.15,"11","D",0.06,0.06,0,"D",0,"D",35000,"D",0,"D",0,"D",0,"D",0,"D",0,"D",0,"D",0,"D",0,"D",0,"D",0,"D",0,"D",3254,1610,3273.75,3243.75,1610,1610,5355,5355,35000,35000,35000.01,35000.01,0,0,0,0,0,0,0,0,35000,35000,0,0,3273.75,3243.75,3273.75,3243.75,2300,2300,0,0,0,0,0,0,0,0,0
"03424952",1,"2015","2014",0,0.153,0.153,"1",0,0,"47","D",0,0,0,"D",0,"D",7316,"D",0,"D",0,"D",0,"D",0,"D",0,"D",6400,"D",0,"D",80,"D",0,"D",0,"D",0,"D",-501,0,-496,-503,0,0,1119.35,1119.35,7316,7316,7316.01,7316.01,0,0,0,0,0,0,496,503,7316,7316,0,0,0,0,0,0,3000,3000,0,0,0,0,0,0,99.2,100.6,0
"03424952",2,"2015","2014",3,0.153,0.153,"2",-0.15,-0.15,"47","D",0,0,0,"D",0,"D",18604,"D",0,"D",0,"D",0,"D",0,"D",0,"D",0,"D",0,"D",0,"D",0,"D",3,"D",0,"D",-8550,0,-8483.6,-8582.6,0,0,2846.41,2846.41,18604,18604,18604.01,18604.01,0,0,2340.6,2340.6,0,0,6143,6242,18604,18604,0,0,0,0,0,0,6000,6000,0,0,0,0,0,0,1228.6,1248.4,0
"03424972",1,"2015","2014",0,0.153,0.153,"1",0.15,0.15,"0","T",0,0,0,"D",0,"D",20000,"D",0,"D",0,"D",0,"D",0,"D",0,"D",0,"D",400,"D",0,"D",0,"D",0,"D",0,"D",1004,0,1023.75,993.75,0,0,3060,3060,20000,20000,0,0,0,0,0,0,0,0,0,0,20000,20000,0,0,1023.75,993.75,1023.75,993.75,0,0,0,0,0,0,0,0,0,0,0
"03424992",1,"2015","2014",3,0.153,0.153,"3",-0.6,-0.6,"50","D",-0.153,-0.153,0,"D",0,"D",6000,"D",0,"D",0,"D",0,"D",0,"D",0,"D",528,"D",0,"D",0,"D",0,"D",3,"D",0,"D",-3150,-1024,-3150,-3150,-1023.6,-1023.6,918,918,6000,6000,6000.01,6000.01,0,0,450,450,0,0,2700,2700,6000,6000,0,0,0,0,0,0,13020,13239.48,0,0,105.6,105.6,0,0,918,918,0
"03425032",1,"2015","2014",0,0,0,"1",0,0,"48","D",0,0,1,"D",1,"D",0,"D",0,"D",0,"D",8000,"D",19164,"D",0,"D",10140,"D",0,"D",666,"D",0,"D",0,"D",0,"D",0,0,0,0,0,0,0,0,8000,8000,0,0,0,0,0,0,0,0,0,0,8000,8000,0,0,0,0,0,0,0,0,0,0,0,0,0,0,0,0,0
"03425082",1,"2015","2014",0,0.153,0.153,"1",0.1,0.1,"14","D",0.0375,0.05,0,"D",0,"D",18000,"D",0,"D",0,"D",0,"D",0,"D",0,"D",5160,"D",0,"D",0,"D",0,"D",0,"D",0,"D",775,661,785,770,793.75,594.38,2754,2754,18000,18000,18000.01,18000.01,0,0,0,0,0,0,0,0,18000,18000,0,0,785,770,785,770,0,0,0,0,0,0,0,0,0,0,0
"03425092",1,"2015","2014",0,0.153,0.153,"2",0.25,0.25,"23","D",0.0425,0.0425,0,"D",0,"D",60000,"D",70000,"D",7877,"D",0,"D",0,"D",0,"D",0,"D",2930,"D",264,"D",0,"D",0,"D",1068,"D",20973,5520,21106.75,20906.75,5519.77,5519.77,19890,19890,137877,137877,137877.01,137877.01,0,0,0,0,0,0,0,0,137877,137877,0,0,21106.75,20906.75,21106.75,20906.75,0,0,0,0,0,0,0,0,0,0,0
"03425102",1,"2015","2014",2,0,0,"3",-0.4,-0.4,"0","T",0,0,0,"D",0,"D",0,"D",0,"D",0,"D",0,"D",0,"D",0,"D",4800,"D",0,"D",0,"D",0,"D",0,"D",225,"D",0,0,0,0,0,0,0,0,0,0,0,0,0,0,0,0,0,0,0,0,0,0,0,0,0,0,0,0,0,0,0,0,0,0,0,0,0,0,0
"03425132",1,"2015","2014",0,0,0,"1",0,0,"10","D",0,0,1,"D",1,"D",0,"D",0,"D",0,"D",0,"D",11342,"D",0,"D",6072,"D",0,"D",0,"D",0,"D",0,"D",0,"D",0,0,0,0,0,0,0,0,0,0,0,0,0,0,0,0,0,0,0,0,0,0,0,0,0,0,0,0,0,0,0,0,0,0,0,0,0,0,0
"03425142",1,"2015","2014",3,0.038,0.038,"2",0.35,0.35,"07","D",0.083,0.08,0,"D",0,"D",228786,"D",228786,"D",-8000,"D",0,"D",0,"D",0,"D",0,"D",16180,"D",0,"D",800,"D",3,"D",24804,"D",110522,26565,110915.8,110325.8,26465.76,26614.48,44153.74,44525.74,449572,449572,449572.01,449572.01,0,0,0,0,160,160,0,0,424768,424768,7640.19,7522.78,103435.61,102963.02,103435.61,102963.02,0,0,0,0,0,0,0,0,0,0,0
"03425182",1,"2015","2014",2,0.153,0.153,"2",0.2362,0.2362,"07","D",0.055,0.055,0,"D",0,"D",80000,"D",90000,"D",235,"D",0,"D",0,"D",0,"D",0,"D",4700,"D",1570,"D",0,"D",0,"D",5620,"D",25016,8863,25133.02,24958.02,8862.93,8862.93,26010,26010,170235,170235,170235.01,170235.01,0,0,0,0,0,0,0,0,164615,164615,0,0,25133.02,24958.02,25133.02,24958.02,0,0,0,0,0,0,0,0,0,0,0
"03425192",1,"2015","2014",2,0.153,0.153,"2",0.3106,0.3106,"50","D",0.0931,0.0931,0,"D",0,"D",0,"D",41000,"D",0,"D",0,"D",0,"D",0,"D",0,"D",2300,"D",150,"D",0,"D",2,"D",6088,"D",-2584,639,-2443.96,-2654.09,669.15,623.97,6273,6273,41000,41000,41000.01,41000.01,1280,1240,720,760,0,0,1723.96,1894.09,41000,41000,0,0,1280,1240,1280,1240,14153.47,14528.73,6088,6088,0,0,0,0,189.63,208.35,0
"03425202",1,"2015","2014",0,0.153,0.153,"2",0.2324,0.2324,"24","D",0.0705,0.0705,0,"D",0,"D",90394,"D",0,"D",0,"D",23964,"D",0,"D",0,"D",0,"D",4200,"D",4229,"D",0,"D",0,"D",7844,"D",12726,5733,12823.05,12676.77,5742.82,5727.93,13830.28,13830.28,114358,114358,114358.01,114358.01,0,0,0,0,0,0,0,0,106514,106514,0,0,12823.05,12676.77,12823.05,12676.77,0,0,22015.82,22000.93,0,0,0,0,0,0,0
"03425222",1,"2015","2014",3,0.035,0.035,"2",0.2714,0.2714,"39","D",0.0307,0.0307,0,"D",0,"D",228786,"D",11696,"D",-5500,"D",0,"D",0,"D",0,"D",0,"D",3300,"D",200,"D",0,"D",3,"D",10608,"D",41365,7214,41541.81,41276.31,7213.95,7213.95,22932.28,23118.28,234982,234982,234982.01,234982.01,0,0,0,0,0,0,0,0,224374,224374,0,0,41541.81,41276.31,41541.81,41276.31,0,0,0,0,0,0,0,0,0,0,0
"03425262",1,"2015","2014",0,0.153,0.153,"1",0.2267,0.2267,"05","D",0.093,0.093,0,"D",0,"D",100000,"D",0,"D",0,"D",0,"D",0,"D",0,"D",43356,"D",0,"D",345,"D",0,"D",0,"D",300,"D",18081,6304,18125.12,18059.66,6329.54,6291.34,15300,15300,100000,100000,100000.01,100000.01,0,0,0,0,0,0,0,0,99700,99700,0,0,18125.12,18059.66,18125.12,18059.66,3992,4044,645,645,0,0,0,0,0,0,0
"03425262",2,"2015","2014",0,0.153,0.153,"1",0.15,0.15,"05","D",0.04,0.04,0,"D",0,"D",25000,"D",0,"D",0,"D",0,"D",0,"D",0,"D",0,"D",0,"D",0,"D",0,"D",0,"D",0,"D",1754,281,1773.75,1743.75,287.38,278.53,3825,3825,25000,25000,25000.01,25000.01,0,0,0,0,0,0,0,0,25000,25000,0,0,1773.75,1743.75,1773.75,1743.75,3992,4044,0,0,0,0,0,0,0,0,0
"03425292",1,"2015","2014",2,0,0,"3",-0.4,-0.4,"05","D",0,0,0,"D",0,"D",0,"D",0,"D",0,"D",0,"D",0,"D",0,"D",0,"D",4000,"D",0,"D",0,"D",0,"D",8424,"D",0,0,0,0,0,0,0,0,0,0,0.01,0.01,0,0,0,0,0,0,0,0,0,0,0,0,0,0,0,0,7984,8088,12424,12424,0,0,0,0,0,0,0
"03425302",1,"2015","2014",0,0.153,0.153,"1",0.1,0.1,"31","D",0.014,0.014,0,"D",0,"D",14907,"D",0,"D",0,"D",0,"D",0,"D",0,"D",15300,"D",0,"D",0,"D",0,"D",0,"D",0,"D",466,45,475.7,460.7,44.7,44.7,2280.77,2280.77,14907,14907,14907.01,14907.01,0,0,0,0,0,0,0,0,14907,14907,0,0,475.7,460.7,475.7,460.7,0,0,0,0,0,0,0,0,0,0,0
"03425332",1,"2015","2014",0,0,0,"1",0,0,"10","D",0,0,1,"D",1,"D",0,"D",0,"D",0,"D",0,"D",15862,"D",0,"D",0,"D",0,"D",0,"D",0,"D",0,"D",0,"D",0,0,0,0,0,0,0,0,0,0,0,0,0,0,0,0,0,0,0,0,0,0,0,0,0,0,0,0,0,0,0,0,0,0,0,0,0,0,0
"03425342",1,"2015","2014",3,0.029,0.029,"2",0.325,0.325,"22","D",0.0515,0.052,0,"D",0,"D",228786,"D",0,"D",0,"D",0,"D",0,"D",0,"D",0,"D",11000,"D",20,"D",0,"D",3,"D",600,"D",42313,10736,42641.95,42147.95,10804.87,10700.98,21142.79,21328.79,228786,228786,228786.01,228786.01,0,0,0,0,0,0,0,0,228186,228186,3143.83,2886.24,39498.12,39261.71,39498.12,39261.71,0,0,0,0,0,0,0,0,0,0,0
"03425352",1,"2015","2014",1,0.153,0.153,"2",0.1405,0.1405,"45","D",0.063,0.063,0,"D",0,"D",34000,"D",36000,"D",-900,"D",0,"D",0,"D",0,"D",0,"D",880,"D",2304,"D",0,"D",1,"D",11084,"D",4124,2602,4148.21,4112.56,2610.63,2598.3,10710,10710,69100,69100,69100.01,69100.01,1000,1000,0,0,0,0,0,0,58016,58016,0,0,5148.21,5112.56,5148.21,5112.56,0,0,0,0,0,0,0,0,0,0,0
"03425372",1,"2015","2014",1,0.153,0.153,"3",0.3098,0.3098,"0","T",0,0,0,"D",0,"D",35000,"D",0,"D",180,"D",0,"D",0,"D",0,"D",0,"D",4000,"D",30,"D",0,"D",1,"D",6552,"D",238,0,324.73,194.59,0,0,5355,5355,35180,35180,0,0,1000,1000,0,0,0,0,532.47,637.61,28628,28628,0,0,1857.2,1832.2,1857.2,1832.2,0,0,0,0,0,0,0,0,0,0,0
"03425382",1,"2015","2014",0,0.153,0.153,"1",0.15,0.15,"12","D",0.0707,0.0707,0,"D",0,"D",40977,"D",0,"D",0,"D",0,"D",0,"D",0,"D",0,"D",2700,"D",0,"D",0,"D",0,"D",0,"D",4150,2163,4170.3,4140.3,2163.34,2163.34,6269.48,6269.48,40977,40977,40977.01,40977.01,0,0,0,0,0,0,0,0,40977,40977,0,0,4170.3,4140.3,4170.3,4140.3,2200,2200,4849.62,4849.62,0,0,0,0,0,0,0
"03425382",2,"2015","2014",0,0.153,0.153,"1",0.15,0.15,"12","D",0.076,0.076,0,"D",0,"D",28853,"D",0,"D",0,"D",0,"D",0,"D",0,"D",0,"D",0,"D",0,"D",0,"D",0,"D",0,"D",2332,1423,2351.7,2321.7,1423.28,1423.28,4414.51,4414.51,28853,28853,28853.01,28853.01,0,0,0,0,0,0,0,0,28853,28853,0,0,2351.7,2321.7,2351.7,2321.7,2200,2200,1423.28,1423.28,0,0,0,0,0,0,0
"03425412",1,"2015","2014",2,0,0,"3",0,0,"05","D",0,0,0,"D",0,"D",0,"D",0,"D",8000,"D",10000,"D",0,"D",0,"D",0,"D",13500,"D",767,"D",0,"D",0,"D",0,"D",0,0,0,0,0,0,0,0,18000,18000,18000.01,18000.01,0,0,0,0,0,0,0,0,18000,18000,0,0,0,0,0,0,7984,8088,14267,14267,0,0,0,0,0,0,0
"03425422",1,"2015","2014",3,0.153,0.153,"3",0.3106,0.3606,"36","D",0.0508,0.0528,0,"D",0,"D",38000,"D",0,"D",0,"D",0,"D",0,"D",0,"D",0,"D",2600,"D",0,"D",0,"D",3,"D",1956,"D",-3717,289,-3577.7,-3786.59,325.56,271.43,5814,5814,38000,38000,38000.01,38000.01,1317.5,1275,1682.5,1725,0,0,1895.2,2061.59,38000,38000,0,0,1317.5,1275,1317.5,1275,0,0,0,0,0,0,0,0,189.52,206.16,0
"03425432",1,"2015","2014",2,0.153,0.153,"2",0.15,0.15,"05","D",0.04,0.04,0,"D",0,"D",0,"D",61859,"D",0,"D",0,"D",0,"D",0,"D",21600,"D",0,"D",760,"D",0,"D",1,"D",520,"D",3091,246,3141.35,3066.35,263.13,237.41,9464.43,9464.43,61859,61859,61859.01,61859.01,1000,1000,0,0,0,0,0,0,61859,61859,0,0,4141.35,4066.35,4141.35,4066.35,7984,8088,1280,1280,0,0,0,0,0,0,0
"03425432",2,"2015","2014",2,0,0,"3",-0.4,-0.4,"05","D",0,0,0,"D",0,"D",0,"D",0,"D",0,"D",0,"D",0,"D",0,"D",0,"D",0,"D",0,"D",0,"D",1,"D",0,"D",0,0,0,0,0,0,0,0,0,0,0.01,0.01,0,0,0,0,0,0,0,0,0,0,0,0,0,0,0,0,7984,8088,0,0,0,0,0,0,0,0,0
"03425482",1,"2015","2014",1,0.153,0.153,"2",0.3,0.3,"39","D",0.0307,0.0307,0,"D",0,"D",60000,"D",60000,"D",0,"D",0,"D",0,"D",0,"D",0,"D",600,"D",85,"D",0,"D",1,"D",4524,"D",15008,3684,15150,14937.5,3684,3684,18360,18360,120000,120000,120000.01,120000.01,500,500,0,0,0,0,0,0,120000,120000,0,0,15650,15437.5,15650,15437.5,0,0,0,0,0,0,0,0,0,0,0
"03425542",1,"2015","2014",3,0.153,0.153,"2",0.1487,0.1487,"48","D",0,0,0,"D",0,"D",0,"D",60000,"D",0,"D",0,"D",0,"D",0,"D",0,"D",2600,"D",0,"D",0,"D",3,"D",12504,"D",-308,0,-272.53,-325.03,0,0,9180,9180,60000,60000,0,0,2727.47,2674.97,272.53,325.03,0,0,0,0,47496,47496,0,0,2727.47,2674.97,2727.47,2674.97,0,0,0,0,0,0,0,0,0,0,0
"03425552",1,"2015","2014",1,0.038,0.038,"2",0.35,0.35,"05","D",0.093,0.093,0,"D",0,"D",272403,"D",0,"D",35411,"D",0,"D",0,"D",0,"D",0,"D",20480,"D",600,"D",0,"D",0,"D",6384,"D",68860,20494,69253.12,68663.12,20541.13,20470.42,22609.31,22795.31,307814,307814,307814.01,307814.01,0,0,0,0,0,0,0,0,301430,301430,10062.74,9988.24,57844.76,57329.26,57844.76,57329.26,7984,8088,27464,27464,0,0,0,0,0,0,0
"03425562",1,"2015","2014",0,0.153,0.153,"2",0.25,0.2333,"07","D",0.067,0.067,1,"D",0,"D",12836,"D",7219,"D",1260,"D",96696,"D",0,"D",0,"D",0,"D",6000,"D",1080,"D",0,"D",0,"D",0,"D",15776,5591,16072.57,15627.75,5590.74,5590.74,3068.41,3068.41,118011,118011,118011.01,118011.01,0,0,0,0,0,0,0,0,118011,118011,0,0,16072.57,15627.75,16072.57,15627.75,0,0,0,0,0,0,0,0,0,0,0
"03425562",2,"2015","2014",0,0.153,0.153,"1",0.25,0.25,"07","D",0.0495,0.0495,0,"D",0,"D",51529,"D",0,"D",0,"D",0,"D",0,"D",0,"D",0,"D",0,"D",0,"D",0,"D",0,"D",0,"D",6134,2146,6201,6101,2145.69,2145.69,7883.94,7883.94,51529,51529,51529.01,51529.01,0,0,0,0,0,0,0,0,51529,51529,0,0,6201,6101,6201,6101,0,0,0,0,0,0,0,0,0,0,0
"03425612",1,"2015","2014",0,0.153,0.153,"1",0.267,0.267,"06","D",0.0463,0.0463,0,"D",0,"D",60000,"D",0,"D",67951,"D",0,"D",0,"D",0,"D",0,"D",1740,"D",2579,"D",0,"D",0,"D",10604,"D",22229,5033,22303.5,22192.09,5050.31,5025,9180,9180,127951,127951,0,0,0,0,0,0,0,0,0,0,117347,117347,0,0,22303.5,22192.09,22303.5,22192.09,0,0,0,0,0,0,0,0,0,0,0
"03425612",2,"2015","2014",0,0.153,0.153,"1",0.25,0.25,"06","D",0.0463,0.0463,0,"D",0,"D",70000,"D",0,"D",0,"D",0,"D",0,"D",0,"D",0,"D",0,"D",0,"D",0,"D",0,"D",0,"D",10752,2754,10818.75,10718.75,2771.06,2746.11,10710,10710,70000,70000,0,0,0,0,0,0,0,0,0,0,70000,70000,0,0,10818.75,10718.75,10818.75,10718.75,0,0,0,0,0,0,0,0,0,0,0
"03425622",1,"2015","2014",0,0.153,0.153,"2",0.15,0.15,"28","D",0.0501,0.0501,0,"D",0,"D",40000,"D",30000,"D",0,"D",0,"D",0,"D",0,"D",6300,"D",3000,"D",60,"D",0,"D",0,"D",3212,"D",6508,2011,6547.5,6487.5,2026.76,2003.09,10710,10710,70000,70000,70000.01,70000.01,0,0,0,0,0,0,0,0,70000,70000,0,0,6547.5,6487.5,6547.5,6487.5,12400,12600,0,0,0,0,0,0,0,0,0
"03425642",1,"2015","2014",2,0.153,0.153,"3",0.3,0.3,"11","D",0.06,0.06,0,"D",0,"D",93817,"D",0,"D",7757,"D",0,"D",0,"D",0,"D",18000,"D",0,"D",800,"D",0,"D",2,"D",1200,"D",13787,5174,13897.2,13732.2,5174.44,5174.44,14354,14354,101574,101574,101574.01,101574.01,671.3,671.3,0,0,0,0,0,0,101574,101574,0,0,14568.5,14403.5,14568.5,14403.5,2300,2300,0,0,0,0,0,0,0,0,0
"03425662",1,"2015","2014",2,0.153,0.153,"3",0.15,0.15,"10","D",0,0,0,"D",0,"D",50000,"D",0,"D",0,"D",0,"D",0,"D",0,"D",0,"D",2700,"D",0,"D",0,"D",0,"D",2244,"D",3673,0,3710,3655,0,0,7650,7650,50000,50000,0,0,0,0,0,0,0,0,0,0,50000,50000,0,0,3710,3655,3710,3655,0,0,0,0,0,0,0,0,0,0,0
"03425682",1,"2015","2014",5,0.153,0.153,"2",0.0606,0.0606,"06","D",0.0211,0,0,"D",0,"D",25000,"D",0,"D",0,"D",0,"D",0,"D",0,"D",18600,"D",0,"D",570,"D",400,"D",5,"D",4800,"D",-9197,-415,-9076.56,-9257.69,0,-621.77,3825,3825,25000,25000,0,0,0,0,3300,3300,0,0,5776.56,5957.69,25000,25000,0,0,0,0,0,0,0,0,0,0,0,0,0,0,0,595.77,0
"03425762",1,"2015","2014",3,0.153,0.153,"2",0.1365,0.1365,"38","D",0.09,0.09,0,"D",0,"D",42000,"D",58600,"D",424,"D",0,"D",0,"D",0,"D",0,"D",2600,"D",941,"D",80,"D",2,"D",6088,"D",6856,6216,6887.69,6839.99,6237.05,6205.05,15391.8,15391.8,101024,101024,101024.01,101024.01,2000,2000,0,0,16,16,0,0,94936,94936,0,0,8903.69,8855.99,8903.69,8855.99,4231.2,4289.91,9629,9629,0,0,0,0,0,0,0
"03425792",1,"2015","2014",0,0.153,0.153,"2",0.15,0.15,"0","T",0,0,0,"D",0,"D",70000,"D",0,"D",0,"D",0,"D",0,"D",0,"D",0,"D",1500,"D",70,"D",0,"D",0,"D",624,"D",6508,0,6547.5,6487.5,0,0,10710,10710,70000,70000,0,0,0,0,0,0,0,0,0,0,70000,70000,0,0,6547.5,6487.5,6547.5,6487.5,0,0,0,0,0,0,0,0,0,0,0
"03425822",1,"2015","2014",0,0.153,0.153,"1",0.2371,0.237,"22","D",0.0515,0.052,0,"D",0,"D",75000,"D",0,"D",0,"D",0,"D",0,"D",0,"D",0,"D",5000,"D",168,"D",0,"D",0,"D",0,"D",11391,3544,11434.95,11368.53,3567.2,3532.9,11475,11475,75000,75000,75000.01,75000.01,0,0,0,0,0,0,0,0,75000,75000,0,0,11434.95,11368.53,11434.95,11368.53,0,0,0,0,0,0,0,0,0,0,0
"03425842",1,"2015","2014",0,0,0,"1",0,0,"31","D",0,0,1,"D",1,"D",0,"D",0,"D",0,"D",4000,"D",16450,"D",0,"D",0,"D",6000,"D",1750,"D",0,"D",0,"D",4800,"D",0,0,0,0,0,0,0,0,4000,4000,0,0,0,0,0,0,0,0,0,0,4000,4000,0,0,0,0,0,0,0,0,0,0,50,50,0,0,0,0,0
"03425852",1,"2015","2014",3,0.153,0.153,"2",0.1365,0.1365,"38","D",0.09,0.09,0,"D",0,"D",32659,"D",36702,"D",0,"D",0,"D",0,"D",0,"D",0,"D",3000,"D",0,"D",0,"D",3,"D",19908,"D",-349,2748,-316.62,-365.67,2763.77,2740.77,10612.23,10612.23,69361,69361,69361.01,69361.01,2683.38,2634.33,316.62,365.67,0,0,0,0,49453,49453,0,0,2683.38,2634.33,2683.38,2634.33,4231.2,4289.91,22908,22908,0,0,0,0,0,0,0
"03425862",1,"2015","2014",0,0.153,0.153,"2",0,0,"0","T",0,0,2,"D",2,"D",0,"D",18500,"D",0,"D",0,"D",28376,"D",0,"D",0,"D",1600,"D",18,"D",0,"D",0,"D",1200,"D",0,0,0,0,0,0,2830.5,2830.5,18844,18844,0,0,0,0,0,0,0,0,0,0,18844,18844,0,0,0,0,0,0,0,0,0,0,0,0,0,0,0,0,0
"03425862",2,"2015","2014",1,0,0,"3",-0.34,-0.34,"0","T",0,0,0,"D",0,"D",0,"D",0,"D",0,"D",0,"D",0,"D",0,"D",0,"D",0,"D",0,"D",0,"D",0,"D",0,"D",0,0,0,0,0,0,0,0,0,0,0,0,0,0,0,0,0,0,0,0,0,0,0,0,0,0,0,0,0,0,0,0,0,0,0,0,0,0,0
"03425892",1,"2015","2014",0,0.153,0.153,"1",0,0,"10","D",0,0,1,"D",1,"D",150,"D",0,"D",0,"D",0,"D",13138,"D",0,"D",2760,"D",0,"D",0,"D",0,"D",0,"D",60,"D",0,0,0,0,0,0,22.95,22.95,150,150,0,0,0,0,0,0,0,0,0,0,150,150,0,0,0,0,0,0,0,0,0,0,0,0,0,0,0,0,0
"03425932",1,"2015","2014",1,0,0,"3",-0.34,-0.34,"0","T",0,0,0,"D",0,"D",0,"D",0,"D",0,"D",0,"D",16378,"D",0,"D",0,"D",600,"D",0,"D",0,"D",1,"D",408,"D",0,0,0,0,0,0,0,0,0,0,0,0,0,0,0,0,0,0,0,0,0,0,0,0,0,0,0,0,0,0,0,0,0,0,0,0,0,0,0
"03425942",1,"2015","2014",2,0,0,"3",0,0,"36","D",0.0198,0.0211,0,"D",0,"D",0,"D",0,"D",11129,"D",10000,"D",0,"D",0,"D",0,"D",7300,"D",0,"D",0,"D",0,"D",3532,"D",0,103,0,0,109.67,98.97,0,0,21129,21129,21129.01,21129.01,0,0,0,0,0,0,0,0,17597,21129,0,0,0,0,0,0,0,0,0,0,0,0,0,0,0,0,0
"03425952",1,"2015","2014",1,0.153,0.153,"3",0.15,0.15,"36","D",0.0346,0.037,0,"D",0,"D",54918,"D",0,"D",0,"D",0,"D",0,"D",0,"D",0,"D",100,"D",0,"D",0,"D",0,"D",0,"D",5009,1280,5040.2,4992.7,1335.79,1251.58,8402.45,8402.45,54918,54918,54918.01,54918.01,0,0,0,0,0,0,0,0,54918,54918,0,0,5040.2,4992.7,5040.2,4992.7,0,0,0,0,0,0,0,0,0,0,0
"03425972",1,"2015","2014",0,0.153,0.153,"1",0.15,0.15,"36","D",0.0297,0.0317,0,"D",0,"D",32640,"D",0,"D",0,"D",0,"D",0,"D",0,"D",8448,"D",0,"D",0,"D",0,"D",0,"D",0,"D",2900,608,2919.75,2889.75,634.38,594.4,4993.92,4993.92,32640,32640,32640.01,32640.01,0,0,0,0,0,0,0,0,32640,32640,0,0,2919.75,2889.75,2919.75,2889.75,0,0,0,0,0,0,0,0,0,0,0
"03425972",2,"2015","2014",0,0.153,0.153,"1",0.15,0.15,"36","D",0.0297,0.0317,0,"D",0,"D",37000,"D",0,"D",0,"D",0,"D",0,"D",0,"D",0,"D",0,"D",0,"D",0,"D",0,"D",0,"D",3554,740,3573.75,3543.75,772.55,723.85,5661,5661,37000,37000,37000.01,37000.01,0,0,0,0,0,0,0,0,37000,37000,0,0,3573.75,3543.75,3573.75,3543.75,0,0,0,0,0,0,0,0,0,0,0
"03425982",1,"2015","2014",2,0.153,0.153,"2",0.1429,0.1429,"21","D",0.0475,0.0475,0,"D",0,"D",36235,"D",33381,"D",0,"D",0,"D",0,"D",0,"D",0,"D",5000,"D",0,"D",0,"D",2,"D",13788,"D",2062,1697,2092.18,2047.18,1696.83,1696.83,10651.25,10651.25,69616,69616,68416.01,68416.01,2000,2000,0,0,0,0,0,0,55828,55828,0,0,4092.18,4047.18,4092.18,4047.18,4000,4000,18788,18788,0,0,0,0,0,0,0
"03425992",1,"2015","2014",0,0.153,0.153,"1",0.1,0.1,"12","D",0.064,0.064,0,"D",0,"D",17500,"D",0,"D",0,"D",0,"D",0,"D",0,"D",19200,"D",0,"D",0,"D",0,"D",0,"D",0,"D",725,561,735,720,560.98,560.98,2677.5,2677.5,17500,17500,17500.01,17500.01,0,0,0,0,0,0,0,0,17500,17500,0,0,735,720,735,720,2200,2200,560.98,560.98,0,0,0,0,0,0,0
"03425992",2,"2015","2014",0,0.153,0.153,"1",0.15,0.15,"12","D",0.072,0.072,0,"D",0,"D",23000,"D",0,"D",0,"D",0,"D",0,"D",0,"D",0,"D",0,"D",0,"D",0,"D",0,"D",0,"D",1454,996,1473.75,1443.75,995.83,995.83,3519,3519,23000,23000,23000.01,23000.01,0,0,0,0,0,0,0,0,23000,23000,0,0,1473.75,1443.75,1473.75,1443.75,2200,2200,995.83,995.83,0,0,0,0,0,0,0
"03426022",1,"2015","2014",0,0.153,0.153,"1",-0.0765,-0.0765,"05","D",0,0,0,"D",0,"D",1110,"D",0,"D",0,"D",0,"D",0,"D",0,"D",11400,"D",0,"D",0,"D",0,"D",0,"D",0,"D",-85,0,-84.91,-84.91,0,0,169.83,169.83,1110,1110,1110.01,1110.01,0,0,0,0,0,0,84.91,84.91,1110,1110,0,0,0,0,0,0,3992,4044,0,0,0,0,0,0,0,0,0
"03426022",2,"2015","2014",0,0.153,0.153,"1",0.1,0.15,"05","D",0.02,0.02,0,"D",0,"D",19440,"D",0,"D",0,"D",0,"D",0,"D",0,"D",0,"D",0,"D",0,"D",0,"D",0,"D",0,"D",923,121,939.75,914,123.47,120.43,2974.32,2974.32,19440,19440,19440.01,19440.01,0,0,0,0,0,0,0,0,19440,19440,0,0,939.75,914,939.75,914,3992,4044,0,0,0,0,0,0,0,0,0
"03426022",3,"2015","2014",0,0,0,"1",-0.0765,-0.0765,"05","D",0,0,0,"D",0,"D",0,"D",0,"D",0,"D",0,"D",0,"D",0,"D",0,"D",0,"D",0,"D",0,"D",0,"D",0,"D",0,0,0,0,0,0,0,0,0,0,0.01,0.01,0,0,0,0,0,0,0,0,0,0,0,0,0,0,0,0,3992,4044,0,0,0,0,0,0,0,0,0
"03426032",1,"2015","2014",2,0.153,0.153,"3",0.1431,0.1428,"17","D",0.046,0.048,0,"D",0,"D",47000,"D",0,"D",0,"D",16612,"D",0,"D",0,"D",0,"D",16180,"D",1050,"D",0,"D",2,"D",1800,"D",1976,1764,2005.4,1961.38,1712.64,1789.46,7191,7191,63612,63612,63612.01,63612.01,2000,2000,0,0,0,0,0,0,61812,61812,0,0,4005.4,3961.38,4005.4,3961.38,5500,5500,12369.5,9515,0,0,0,0,0,0,0
"03426042",1,"2015","2014",0,0.153,0.153,"2",0.25,0.25,"01","D",0.0337,0.0337,1,"D",1,"D",100000,"D",0,"D",0,"D",14400,"D",11182,"D",0,"D",0,"D",850,"D",600,"D",0,"D",0,"D",0,"D",17172,4176,17313.68,17101.18,4169.32,4179.94,15300,15300,123904.7,123904.7,114400.01,114400.01,0,0,0,0,0,0,0,0,123904.7,123904.7,0,0,17313.68,17101.18,17313.68,17101.18,4000,4000,9100,9100,0,0,0,0,0,0,0
"03426062",1,"2015","2014",0,0,0,"1",0,0,"10","D",0,0,1,"D",1,"D",0,"D",0,"D",0,"D",100,"D",23482,"D",0,"D",0,"D",1100,"D",750,"D",0,"D",0,"D",0,"D",0,0,0,0,0,0,0,0,100,100,0,0,0,0,0,0,0,0,0,0,100,100,0,0,0,0,0,0,0,0,0,0,0,0,0,0,0,0,0
"03426072",1,"2015","2014",2,0.153,0.153,"3",0.15,0.15,"50","D",0.0702,0.0702,0,"D",0,"D",54135,"D",0,"D",0,"D",0,"D",0,"D",0,"D",8400,"D",0,"D",0,"D",0,"D",2,"D",0,"D",2294,2416,2330.25,2275.25,2427.84,2410.27,8282.65,8282.65,54135,54135,54135.01,54135.01,2000,2000,0,0,0,0,0,0,54135,54135,0,0,4330.25,4275.25,4330.25,4275.25,5384.2,5584.47,0,0,0,0,0,0,0,0,0
"03426142",1,"2015","2014",0,0,0,"1",0.28,0.28,"33","D",0.0645,0.0645,1,"D",1,"D",0,"D",0,"D",0,"D",96696,"D",11647,"D",0,"D",0,"D",1900,"D",310,"D",0,"D",0,"D",0,"D",19649,4105,19746.62,19600.12,4114.9,4100.69,0,0,106595.95,106595.95,76696.01,76696.01,0,0,0,0,0,0,0,0,106595.95,106595.95,0,0,19746.62,19600.12,19746.62,19600.12,7800,7900,0,0,0,0,0,0,0,0,0
"03426162",1,"2015","2014",2,0,0,"3",-0.4,-0.4,"44","D",0,0,0,"D",0,"D",0,"D",0,"D",0,"D",2390,"D",0,"D",0,"D",0,"D",3200,"D",239,"D",0,"D",0,"D",283,"D",0,0,0,0,0,0,0,0,2390,2390,0,0,0,0,0,0,0,0,0,0,2390,2390,0,0,0,0,0,0,0,0,0,0,0,0,0,0,0,0,0
"03426182",1,"2015","2014",3,0,0,"3",-0.45,-0.45,"44","D",0,0,0,"D",0,"D",0,"D",0,"D",600,"D",0,"D",0,"D",0,"D",0,"D",9000,"D",0,"D",0,"D",0,"D",0,"D",0,0,0,0,0,0,0,0,600,600,0,0,0,0,0,0,0,0,0,0,600,600,0,0,0,0,0,0,0,0,0,0,0,0,0,0,0,0,0
"03426202",1,"2015","2014",0,0,0,"1",0,0,"34","D",0,0,1,"D",1,"D",0,"D",0,"D",4815,"D",0,"D",14662,"D",0,"D",0,"D",280,"D",0,"D",0,"D",0,"D",0,"D",0,0,0,0,0,0,0,0,4815,4815,4815.01,4815.01,0,0,0,0,0,0,0,0,4815,4815,0,0,0,0,0,0,7500,7500,280,280,0,0,0,0,0,0,0
"03426242",1,"2015","2014",1,0,0,"3",-0.34,-0.34,"03","D",0,0,1,"D",1,"D",0,"D",0,"D",0,"D",0,"D",19714,"D",0,"D",0,"D",1200,"D",470,"D",0,"D",0,"D",0,"D",0,-50,0,0,-50,-50,0,0,0,0,0.01,0.01,0,0,0,0,0,0,0,0,0,0,0,0,0,0,0,0,10018,10182,2018.22,2018.22,0,0,0,0,0,0,0
"03426262",1,"2015","2014",0,0.153,0.153,"2",0.15,0.15,"11","D",0.06,0.06,0,"D",0,"D",0,"D",57947,"D",0,"D",0,"D",0,"D",0,"D",0,"D",1000,"D",16,"D",0,"D",0,"D",0,"D",4700,2593,4739.55,4679.55,2592.82,2592.82,8865.89,8865.89,57947,57947,57947.01,57947.01,0,0,0,0,0,0,0,0,57947,57947,0,0,4739.55,4679.55,4739.55,4679.55,3000,3000,0,0,0,0,0,0,0,0,0
"03426282",1,"2015","2014",2,0.153,0.153,"2",0.3106,0.3106,"10","D",0,0,0,"D",0,"D",0,"D",29046,"D",0,"D",0,"D",0,"D",0,"D",0,"D",2500,"D",0,"D",0,"D",2,"D",0,"D",-6297,0,-6156.87,-6367,0,0,4444.04,4444.04,29046,29046,0,0,84.6,44.6,1915.4,1955.4,0,0,4241.47,4411.6,29046,29046,0,0,84.6,44.6,84.6,44.6,0,0,0,0,0,0,0,0,0,0,0
"03426322",1,"2015","2014",0,0.153,0.153,"1",0.1,0.1,"0","T",0,0,0,"D",0,"D",19006,"D",0,"D",0,"D",0,"D",0,"D",0,"D",0,"D",2100,"D",1000,"D",0,"D",0,"D",0,"D",876,0,885.6,870.6,0,0,2907.92,2907.92,19006,19006,0,0,0,0,0,0,0,0,0,0,19006,19006,0,0,885.6,870.6,885.6,870.6,0,0,0,0,0,0,0,0,0,0,0
"03426342",1,"2015","2014",0,0.153,0.153,"1",0.25,0.25,"0","T",0,0,0,"D",0,"D",64000,"D",0,"D",0,"D",0,"D",0,"D",0,"D",0,"D",1000,"D",116,"D",0,"D",0,"D",4160,"D",9252,0,9318.75,9218.75,0,0,9792,9792,64000,64000,0,0,0,0,0,0,0,0,0,0,64000,64000,0,0,9318.75,9218.75,9318.75,9218.75,0,0,0,0,0,0,0,0,0,0,0
"03426352",1,"2015","2014",0,0.038,0.038,"1",0.325,0.325,"34","D",0.0575,0.058,0,"D",0,"D",228786,"D",0,"D",538,"D",0,"D",0,"D",0,"D",0,"D",7500,"D",4200,"D",0,"D",0,"D",20740,"D",46237,12071,46457.74,46126.24,12140.79,12036.13,21401.87,21587.87,229324,229324,229324.01,229324.01,0,0,0,0,0,0,0,0,208584,208584,2639.45,2397.15,43797.85,43708.65,43797.85,43708.65,7500,7500,20000,20000,0,0,0,0,0,0,0
"03426352",2,"2015","2014",0,0.153,0.153,"1",0.25,0.25,"34","D",0.0575,0.058,0,"D",0,"D",95000,"D",0,"D",0,"D",0,"D",0,"D",0,"D",0,"D",0,"D",0,"D",0,"D",0,"D",0,"D",17002,5046,17068.75,16968.75,5075,5031.25,14535,14535,95000,95000,95000.01,95000.01,0,0,0,0,0,0,0,0,95000,95000,0,0,17068.75,16968.75,17068.75,16968.75,7500,7500,0,0,0,0,0,0,0,0,0
"03426362",1,"2015","2014",0,0.153,0.153,"1",0,0,"47","D",0,0,0,"D",0,"D",7200,"D",0,"D",75,"D",0,"D",0,"D",0,"D",10200,"D",0,"D",0,"D",0,"D",0,"D",0,"D",-501,0,-496,-503,0,0,1101.6,1101.6,7275,7275,7275.01,7275.01,0,0,0,0,0,0,496,503,7275,7275,0,0,0,0,0,0,3000,3000,0,0,0,0,0,0,99.2,100.6,0
"03426372",1,"2015","2014",6,0.153,0.153,"2",0.15,0.15,"31","D",0.0245,0.0245,0,"D",0,"D",0,"D",80000,"D",25,"D",0,"D",0,"D",0,"D",25920,"D",0,"D",1200,"D",0,"D",6,"D",0,"D",-1574,1121,-1503.75,-1608.75,1121.11,1121.11,12240,12240,80025,80025,80025.01,80025.01,4496.25,4391.25,1503.75,1608.75,0,0,0,0,80025,80025,0,0,4496.25,4391.25,4496.25,4391.25,0,0,0,0,0,0,0,0,0,0,0
"03426392",1,"2015","2014",2,0,0,"3",-0.4,-0.4,"39","D",0,0,0,"D",0,"D",0,"D",0,"D",2800,"D",8500,"D",0,"D",0,"D",0,"D",1100,"D",55,"D",0,"D",0,"D",1200,"D",0,0,0,0,0,0,0,0,11300,11300,11300.01,11300.01,0,0,0,0,0,0,0,0,11300,11300,0,0,0,0,0,0,0,0,0,0,0,0,0,0,0,0,0
"03426402",1,"2015","2014",0,0,0,"1",0.2756,0.2756,"31","D",0.014,0.014,1,"D",1,"D",0,"D",0,"D",0,"D",27030,"D",25992,"D",0,"D",0,"D",16180,"D",180,"D",0,"D",0,"D",0,"D",1881,0,1890.81,1875.81,0.42,0.42,0,0,36652.1,36652.1,12030.01,12030.01,0,0,0,0,0,0,0,0,36652.1,36652.1,0,0,1890.81,1875.81,1890.81,1875.81,0,0,0,0,0,0,0,0,0,0,0
"03426412",1,"2015","2014",0,0,0,"1",0.1,0.1,"36","D",0,0,1,"D",1,"D",0,"D",0,"D",0,"D",17875,"D",0,"D",0,"D",43356,"D",0,"D",77,"D",0,"D",0,"D",0,"D",608,0,617.5,602.5,0,0,0,0,17875,17875,17875.01,17875.01,0,0,0,0,0,0,0,0,17875,17875,0,0,617.5,602.5,617.5,602.5,0,0,0,0,0,0,0,0,0,0,0
"03426432",1,"2015","2014",0,0.153,0.153,"2",0.15,0.15,"34","D",0.0575,0.058,1,"D",1,"D",4000,"D",40000,"D",0,"D",0,"D",12120,"D",0,"D",7800,"D",0,"D",0,"D",0,"D",0,"D",0,"D",3968,1672,4012.8,3945.3,1682,1667.5,6732,6732,54302,54302,44000.01,44000.01,0,0,0,0,0,0,0,0,54302,54302,0,0,4012.8,3945.3,4012.8,3945.3,15000,15000,0,0,0,0,0,0,0,0,0
"03426462",1,"2015","2014",0,0,0,"1",0,0,"48","D",0,0,1,"D",1,"D",0,"D",0,"D",1200,"D",0,"D",12730,"D",0,"D",0,"D",3900,"D",242,"D",0,"D",0,"D",0,"D",0,0,0,0,0,0,0,0,1200,1200,0,0,0,0,0,0,0,0,0,0,1200,1200,0,0,0,0,0,0,0,0,0,0,0,0,0,0,0,0,0
"03426472",1,"2015","2014",0,0,0,"1",0,0,"26","D",0,0,1,"D",1,"D",0,"D",0,"D",0,"D",0,"D",14026,"D",0,"D",4800,"D",0,"D",0,"D",0,"D",0,"D",0,"D",0,-1100,0,0,-1100,-1100,0,0,0,0,0.01,0.01,0,0,0,0,0,0,0,0,0,0,0,0,0,0,0,0,7750,7850,0,0,1100,1100,0,0,0,0,0
"03426492",1,"2015","2014",0,0,0,"1",0,0,"39","D",0,0,1,"D",1,"D",0,"D",0,"D",3244,"D",0,"D",15358,"D",0,"D",5000,"D",16180,"D",18,"D",0,"D",0,"D",700,"D",0,0,0,0,0,0,0,0,3244,3244,3244.01,3244.01,0,0,0,0,0,0,0,0,3244,3244,0,0,0,0,0,0,0,0,0,0,0,0,0,0,0,0,0
"03426512",1,"2015","2014",1,0.153,0.153,"2",0.25,0.25,"34","D",0.0575,0.058,0,"D",0,"D",90000,"D",20000,"D",-5500,"D",0,"D",0,"D",0,"D",0,"D",1800,"D",35,"D",0,"D",1,"D",2868,"D",10633,5161,10775,10562.5,5191,5146.25,16830,16830,104500,104500,104500.01,104500.01,1000,1000,0,0,0,0,0,0,104500,104500,0,0,11775,11562.5,11775,11562.5,15000,15000,4668,4668,0,0,0,0,0,0,0
"03426522",1,"2015","2014",0,0.153,0.153,"1",0.225,0.225,"43","D",0,0,1,"D",1,"D",24607,"D",0,"D",0,"D",0,"D",11326,"D",0,"D",5100,"D",0,"D",181,"D",0,"D",0,"D",3000,"D",1858,0,1877.55,1847.55,0,0,3764.87,3764.87,27242,27242,0,0,0,0,0,0,0,0,0,0,27242,27242,0,0,1877.55,1847.55,1877.55,1847.55,0,0,0,0,0,0,0,0,0,0,0
"03426552",1,"2015","2014",0,0.153,0.153,"1",0.15,0.15,"10","D",0,0,0,"D",0,"D",36218,"D",0,"D",0,"D",0,"D",0,"D",0,"D",7920,"D",0,"D",0,"D",0,"D",0,"D",0,"D",3436,0,3456.45,3426.45,0,0,5541.35,5541.35,36218,36218,0,0,0,0,0,0,0,0,0,0,36218,36218,0,0,3456.45,3426.45,3456.45,3426.45,0,0,0,0,0,0,0,0,0,0,0
"03426562",1,"2015","2014",0,0.153,0.153,"2",0.15,0.15,"37","D",0.0525,0.0525,0,"D",0,"D",40000,"D",18000,"D",0,"D",0,"D",0,"D",0,"D",0,"D",500,"D",0,"D",0,"D",0,"D",8080,"D",4708,1890,4747.5,4687.5,1896.5,1886,8874,8874,58000,58000,58000.01,58000.01,0,0,0,0,0,0,0,0,58000,58000,0,0,4747.5,4687.5,4747.5,4687.5,12400,12600,0,0,0,0,0,0,0,0,0
"03426582",1,"2015","2014",0,0.153,0.153,"2",0.25,0.25,"44","D",0,0,0,"D",0,"D",46000,"D",60000,"D",0,"D",0,"D",0,"D",0,"D",0,"D",2200,"D",155,"D",0,"D",0,"D",4292,"D",13004,0,13137.5,12937.5,0,0,16218,16218,106000,106000,0,0,0,0,0,0,0,0,0,0,106000,106000,0,0,13137.5,12937.5,13137.5,12937.5,0,0,0,0,0,0,0,0,0,0,0
"03426592",1,"2015","2014",0,0.153,0.153,"2",0.15,0.15,"0","T",0,0,0,"D",0,"D",0,"D",55000,"D",0,"D",0,"D",0,"D",0,"D",4800,"D",0,"D",220,"D",0,"D",0,"D",0,"D",4258,0,4297.5,4237.5,0,0,8415,8415,55000,55000,0,0,0,0,0,0,0,0,0,0,55000,55000,0,0,4297.5,4237.5,4297.5,4237.5,0,0,0,0,0,0,0,0,0,0,0
"03426592",2,"2015","2014",1,0,0,"3",-0.34,-0.34,"0","T",0,0,0,"D",0,"D",0,"D",0,"D",0,"D",0,"D",0,"D",0,"D",0,"D",0,"D",0,"D",0,"D",0,"D",0,"D",0,0,0,0,0,0,0,0,0,0,0,0,0,0,0,0,0,0,0,0,0,0,0,0,0,0,0,0,0,0,0,0,0,0,0,0,0,0,0
"03426602",1,"2015","2014",0,0,0,"1",-0.0765,-0.0765,"33","D",-0.0229,-0.0229,0,"D",0,"D",0,"D",0,"D",1000,"D",0,"D",0,"D",0,"D",0,"D",0,"D",0,"D",0,"D",0,"D",0,"D",0,0,0,0,0,0,0,0,1000,1000,1000.01,1000.01,0,0,0,0,0,0,0,0,1000,1000,0,0,0,0,0,0,7800,7900,0,0,0,0,0,0,0,0,0
"03426622",1,"2015","2014",0,0,0,"1",0,0,"29","D",0,0,1,"D",1,"D",0,"D",0,"D",0,"D",0,"D",10644,"D",0,"D",9760,"D",0,"D",0,"D",0,"D",0,"D",0,"D",0,0,0,0,0,0,0,0,0,0,0,0,0,0,0,0,0,0,0,0,0,0,0,0,0,0,0,0,0,0,0,0,0,0,0,0,0,0,0
"03426672",1,"2015","2014",2,0.153,0.153,"3",0.15,0.15,"10","D",0,0,0,"D",0,"D",70000,"D",0,"D",0,"D",0,"D",0,"D",0,"D",26400,"D",0,"D",0,"D",0,"D",2,"D",0,"D",4673,0,4710,4655,0,0,10710,10710,70000,70000,0,0,2000,2000,0,0,0,0,0,0,70000,70000,0,0,6710,6655,6710,6655,0,0,0,0,0,0,0,0,0,0,0
"03426722",1,"2015","2014",0,0.029,0.029,"1",0.28,0.28,"44","D",0,0,0,"D",0,"D",120000,"D",0,"D",360,"D",0,"D",0,"D",0,"D",19800,"D",0,"D",244,"D",0,"D",0,"D",0,"D",23937,0,24034.55,23888.05,0,0,17988,18174,120360,120360,0,0,0,0,0,0,0,0,0,0,120360,120360,0,0,24034.55,23888.05,24034.55,23888.05,0,0,0,0,0,0,0,0,0,0,0
"03426722",2,"2015","2014",0,0.153,0.153,"1",0.1765,0.1765,"44","D",0,0,0,"D",0,"D",14401,"D",0,"D",0,"D",0,"D",0,"D",0,"D",0,"D",0,"D",0,"D",0,"D",0,"D",0,"D",389,0,410.36,377.65,0,0,2203.35,2203.35,14401,14401,0,0,0,0,0,0,0,0,14.74,32.45,14401,14401,0,0,425.1,410.1,425.1,410.1,0,0,0,0,0,0,0,0,0,0,0
"03426772",1,"2015","2014",0,0,0,"1",0,0,"01","D",0,0,1,"D",1,"D",0,"D",0,"D",0,"D",0,"D",25582,"D",0,"D",0,"D",2000,"D",0,"D",0,"D",0,"D",704,"D",0,0,0,0,0,0,0,0,0,0,0.01,0.01,0,0,0,0,0,0,0,0,0,0,0,0,0,0,0,0,2500,2500,2704,2704,0,0,0,0,0,0,0
"03426802",1,"2015","2014",2,0.153,0.153,"2",0.25,0.25,"45","D",0.05,0.05,0,"D",0,"D",113000,"D",54600,"D",-10407,"D",0,"D",0,"D",0,"D",0,"D",1300,"D",1899,"D",0,"D",1,"D",480,"D",23811,7860,23960.75,23735.75,7859.65,7859.65,25642.8,25642.8,157193,157193,157193.01,157193.01,0,0,0,0,0,0,0,0,157193,157193,0,0,23960.75,23735.75,23960.75,23735.75,0,0,0,0,0,0,0,0,0,0,0
"03426812",1,"2015","2014",3,0.153,0.153,"2",0.1447,0.1447,"31","D",0.035,0.035,0,"D",0,"D",38000,"D",48000,"D",60,"D",0,"D",0,"D",0,"D",0,"D",2900,"D",293,"D",0,"D",2,"D",10820,"D",4673,1528,4707.83,4655.33,1528.1,1528.1,13158,13158,86060,86060,86060.01,86060.01,2000,2000,0,0,0,0,0,0,75240,75240,0,0,6707.84,6655.34,6707.83,6655.33,0,0,0,0,0,0,0,0,0,0,0
"03426812",2,"2015","2014",3,0,0,"3",-0.45,-0.45,"31","D",-0.135,-0.09,0,"D",0,"D",0,"D",0,"D",0,"D",0,"D",0,"D",0,"D",0,"D",0,"D",0,"D",0,"D",2,"D",0,"D",0,0,0,0,0,0,0,0,0,0,0.01,0.01,0,0,0,0,0,0,0,0,0,0,0,0,0,0,0,0,0,0,0,0,0,0,0,0,0,0,0
"03426822",1,"2015","2014",0,0,0,"1",0.1,0.1,"28","D",0.0351,0.0351,1,"D",1,"D",0,"D",0,"D",0,"D",14200,"D",20662,"D",0,"D",0,"D",1500,"D",171,"D",0,"D",0,"D",2560,"D",240,63,250,235,66.9,60.88,0,0,14200,14200,14200.01,14200.01,0,0,0,0,0,0,0,0,14200,14200,0,0,250,235,250,235,7750,7850,0,0,0,0,0,0,0,0,0
"03426832",1,"2015","2014",1,0.0747,0.0747,"2",0.35,0.35,"33","D",0.0693,0.0693,0,"D",0,"D",228786,"D",96000,"D",14000,"D",0,"D",0,"D",0,"D",0,"D",9200,"D",180,"D",0,"D",1,"D",13812,"D",76287,21971,76679.9,76089.9,21973.55,21969.71,36503.87,36689.87,338786,338786,338786.01,338786.01,0,0,0,0,0,0,0,0,324974,324974,5869.76,5891.8,70278.14,69666.1,70278.14,69666.1,15650,15850,17004.23,17060.24,0,0,0,0,0,0,0
"03426832",2,"2015","2014",0,0.038,0.038,"1",0.35,0.35,"33","D",0.0685,0.0685,0,"D",0,"D",257749,"D",0,"D",0,"D",0,"D",0,"D",0,"D",0,"D",0,"D",0,"D",0,"D",0,"D",0,"D",63290,17117,63567.15,63152.15,17121.51,17114.66,22502.46,22688.46,257749,257749,257749.01,257749.01,0,0,0,0,0,0,0,0,257749,257749,1533.18,1456.57,62033.97,61695.58,62033.97,61695.58,7800,7900,0,0,0,0,0,0,0,0,0
"03426842",1,"2015","2014",2,0.153,0.153,"2",0.15,0.15,"48","D",0,0,0,"D",0,"D",0,"D",74090,"D",0,"D",0,"D",0,"D",1989,"D",18228,"D",0,"D",0,"D",0,"D",2,"D",2256,"D",3926,0,3976,3901,0,0,11335.77,11335.77,74090,74090,0,0,2000,2000,0,0,0,0,0,0,74090,74090,0,0,5976,5901,5976,5901,0,0,0,0,0,0,0,0,0,0,0
"03426852",1,"2015","2014",1,0.153,0.153,"2",0,0,"05","D",0,0,0,"D",0,"D",0,"D",17161,"D",0,"D",0,"D",0,"D",0,"D",4164,"D",0,"D",0,"D",0,"D",0,"D",0,"D",-3341,0,-3305,-3359,0,0,2625.63,2625.63,17161,17161,17161.01,17161.01,0,0,0,0,0,0,3305,3359,17161,17161,0,0,0,0,0,0,7984,8088,0,0,0,0,0,0,0,0,0
"03426862",1,"2015","2014",0,0.153,0.153,"1",0.25,0.25,"02","D",0,0,0,"D",0,"D",50000,"D",0,"D",0,"D",0,"D",0,"D",0,"D",14400,"D",0,"D",0,"D",0,"D",0,"D",0,"D",5752,0,5818.75,5718.75,0,0,7650,7650,50000,50000,0,0,0,0,0,0,0,0,0,0,50000,50000,0,0,5818.75,5718.75,5818.75,5718.75,0,0,0,0,0,0,0,0,0,0,0
"03426862",2,"2015","2014",0,0.153,0.153,"1",0.15,0.15,"02","D",0,0,0,"D",0,"D",30000,"D",0,"D",0,"D",0,"D",0,"D",0,"D",0,"D",0,"D",0,"D",0,"D",0,"D",0,"D",2504,0,2523.75,2493.75,0,0,4590,4590,30000,30000,0,0,0,0,0,0,0,0,0,0,30000,30000,0,0,2523.75,2493.75,2523.75,2493.75,0,0,0,0,0,0,0,0,0,0,0
"03426882",1,"2015","2014",0,0.153,0.153,"1",0.25,0.25,"36","D",0.0346,0.037,0,"D",0,"D",60000,"D",0,"D",-200,"D",0,"D",0,"D",0,"D",4200,"D",0,"D",0,"D",0,"D",0,"D",960,"D",8202,1522,8268.75,8168.75,1588.44,1488.31,9180,9180,59800,59800,59800.01,59800.01,0,0,0,0,0,0,0,0,59800,59800,0,0,8268.75,8168.75,8268.75,8168.75,0,0,0,0,0,0,0,0,0,0,0
"03426902",1,"2015","2014",2,0,0,"3",-0.4,-0.4,"12","D",0,0,0,"D",0,"D",0,"D",0,"D",0,"D",4089,"D",0,"D",0,"D",0,"D",1200,"D",409,"D",0,"D",0,"D",5665,"D",0,-255,0,0,-255,-255,0,0,4089,4089,4089.01,4089.01,0,0,0,0,0,0,0,0,4089,4089,0,0,0,0,0,0,3212,3212,7437.4,7437.4,0,0,0,0,0,0,0
"03426912",1,"2015","2014",0,0.153,0.153,"2",0.15,0.15,"05","D",0.04,0.04,0,"D",0,"D",0,"D",41903,"D",11960,"D",0,"D",0,"D",0,"D",12600,"D",0,"D",130,"D",0,"D",0,"D",0,"D",4087,597,4126.95,4066.95,609.29,591.57,6411.16,6411.16,53863,53863,53863.01,53863.01,0,0,0,0,0,0,0,0,53863,53863,0,0,4126.95,4066.95,4126.95,4066.95,7984,8088,130,130,0,0,0,0,0,0,0
"03426922",1,"2015","2014",0,0.153,0.153,"1",0.15,0.15,"10","D",0,0,0,"D",0,"D",28000,"D",0,"D",0,"D",0,"D",0,"D",0,"D",9900,"D",0,"D",0,"D",0,"D",0,"D",0,"D",2204,0,2223.75,2193.75,0,0,4284,4284,28000,28000,0,0,0,0,0,0,0,0,0,0,28000,28000,0,0,2223.75,2193.75,2223.75,2193.75,0,0,0,0,0,0,0,0,0,0,0
"03426942",1,"2015","2014",0,0.153,0.153,"1",-0.0765,-0.0765,"44","D",0,0,0,"D",0,"D",2000,"D",0,"D",0,"D",827,"D",0,"D",0,"D",7800,"D",0,"D",0,"D",0,"D",0,"D",480,"D",-153,0,-153,-153,0,0,306,306,2827,2827,0,0,0,0,0,0,0,0,153,153,2827,2827,0,0,0,0,0,0,0,0,0,0,0,0,0,0,0,0,0
"03426952",1,"2015","2014",2,0.029,0.029,"2",0.325,0.325,"38","D",0.09,0.09,0,"D",0,"D",0,"D",228786,"D",0,"D",0,"D",0,"D",0,"D",0,"D",5800,"D",0,"D",0,"D",2,"D",1920,"D",41884,18851,42212.95,41718.95,18862.44,18845.44,21142.79,21328.79,228786,228786,228786.01,228786.01,0,0,0,0,0,0,0,0,226866,226866,2772.95,2525.69,39440,39193.26,39440,39193.26,4231.2,4289.91,7720,7720,0,0,0,0,0,0,0
"03426962",1,"2015","2014",1,0.0807,0.0807,"2",0.2646,0.2646,"21","D",0.055,0.055,0,"D",0,"D",130000,"D",93000,"D",0,"D",0,"D",0,"D",0,"D",0,"D",4600,"D",165,"D",0,"D",1,"D",19068,"D",36766,9898,36924.27,36686.77,9898.19,9898.19,32507,32693,223000,223000,221800.01,221800.01,0,0,0,0,0,0,0,0,203932,203932,0,0,36924.27,36686.77,36924.27,36686.77,4000,4000,23833,23833,0,0,0,0,0,0,0
"03426972",1,"2015","2014",2,0.153,0.153,"2",0.15,0.15,"17","D",0.046,0.048,0,"D",0,"D",26709,"D",23998,"D",0,"D",0,"D",0,"D",0,"D",0,"D",990,"D",442,"D",0,"D",2,"D",0,"D",419,1006,468.55,393.55,1011.94,1003.52,7758.17,7758.17,50707,50707,50707.01,50707.01,2000,2000,0,0,0,0,0,0,50707,50707,0,0,2468.55,2393.55,2468.55,2393.55,7500,7500,0,0,0,0,0,0,0,0,0
"03426972",2,"2015","2014",0,0.153,0.153,"2",0.15,0.15,"17","D",0.046,0.048,1,"D",1,"D",43581,"D",0,"D",0,"D",0,"D",9669,"D",0,"D",0,"D",0,"D",0,"D",0,"D",0,"D",0,"D",3592,851,3637.45,3569.95,852.29,850.53,6667.89,6667.89,51799.65,51799.65,43581.01,43581.01,0,0,0,0,0,0,0,0,51799.65,51799.65,0,0,3637.45,3569.95,3637.45,3569.95,8200,8200,0,0,0,0,0,0,0,0,0
"03426982",1,"2015","2014",0,0.0705,0.0705,"2",0.28,0.28,"28","D",0.0684,0.0684,0,"D",0,"D",135000,"D",68000,"D",-21269,"D",0,"D",0,"D",0,"D",0,"D",1800,"D",1118,"D",0,"D",0,"D",1160,"D",32261,9632,32447.68,32168.18,9661.84,9617.53,28827,29013,181731,181731,181731.01,181731.01,0,0,0,0,0,0,0,0,181731,181731,0,0,32447.68,32168.18,32447.68,32168.18,12400,12600,0,0,0,0,0,0,0,0,0
"03427002",1,"2015","2014",0,0,0,"1",0,0,"05","D",0,0,1,"D",1,"D",0,"D",0,"D",0,"D",1635,"D",13462,"D",0,"D",43356,"D",3000,"D",0,"D",0,"D",0,"D",120,"D",0,0,0,0,0,0,0,0,1635,1635,1635.01,1635.01,0,0,0,0,0,0,0,0,1635,1635,0,0,0,0,0,0,3992,4044,3120,3120,0,0,0,0,0,0,0
"03427022",1,"2015","2014",0,0.153,0.153,"2",0.15,0.15,"21","D",0.0475,0.0475,1,"D",1,"D",34492,"D",23509,"D",0,"D",0,"D",12338,"D",0,"D",9000,"D",0,"D",90,"D",0,"D",0,"D",0,"D",6096,2104,6140.75,6073.25,2104.05,2104.05,8874.15,8874.15,68488.3,68488.3,56801.01,56801.01,0,0,0,0,0,0,0,0,68488.3,68488.3,0,0,6140.75,6073.25,6140.75,6073.25,4000,4000,0,0,0,0,0,0,0,0,0
"03427032",1,"2015","2014",0,0.153,0.153,"2",0.185,0.185,"36","D",0.0297,0.0317,2,"D",2,"D",34831,"D",0,"D",-6500,"D",233,"D",37184,"D",0,"D",0,"D",3200,"D",150,"D",0,"D",0,"D",60,"D",1428,327,1454.66,1414.66,345.49,318.07,5329.14,5329.14,37246.6,37246.6,28564.01,28564.01,0,0,0,0,0,0,0,0,37246.6,37246.6,0,0,1454.66,1414.66,1454.66,1414.66,0,0,0,0,0,0,0,0,0,0,0
"03427042",1,"2015","2014",0,0.153,0.153,"2",0.2787,0.2787,"44","D",0,0,0,"D",0,"D",70000,"D",90000,"D",22656,"D",20724,"D",0,"D",0,"D",0,"D",9000,"D",1350,"D",0,"D",0,"D",21388,"D",32531,0,32679.76,32456.26,0,0,24480,24480,203380,203380,0,0,0,0,0,0,0,0,0,0,181992,181992,0,0,32679.76,32456.26,32679.76,32456.26,0,0,0,0,0,0,0,0,0,0,0
"03427042",2,"2015","2014",0,0.153,0.153,"1",0.15,0.15,"44","D",0,0,0,"D",0,"D",30000,"D",0,"D",0,"D",0,"D",0,"D",0,"D",0,"D",0,"D",0,"D",0,"D",0,"D",0,"D",2504,0,2523.75,2493.75,0,0,4590,4590,30000,30000,0,0,0,0,0,0,0,0,0,0,30000,30000,0,0,2523.75,2493.75,2523.75,2493.75,0,0,0,0,0,0,0,0,0,0,0
"03427052",1,"2015","2014",0,0.153,0.153,"1",0.15,0.15,"14","D",0.0375,0.05,1,"D",1,"D",37097,"D",0,"D",0,"D",0,"D",0,"D",0,"D",5160,"D",0,"D",0,"D",0,"D",0,"D",0,"D",3336,1415,3355.8,3325.8,1698.6,1273.01,5675.84,5675.84,37097,37097,37097.01,37097.01,0,0,0,0,0,0,0,0,37097,37097,0,0,3355.8,3325.8,3355.8,3325.8,0,0,0,0,0,0,0,0,0,0,0
"03427072",1,"2015","2014",3,0.153,0.153,"2",0.3106,0.3106,"11","D",0.06,0.06,0,"D",0,"D",0,"D",40000,"D",-550,"D",0,"D",0,"D",0,"D",8928,"D",0,"D",0,"D",0,"D",3,"D",2400,"D",-5038,943,-4887.56,-5113.69,943,943,6120,6120,39450,39450,39450.01,39450.01,730,685,2270,2315,0,0,2617.56,2798.69,39450,39450,0,0,730,685,730,685,3000,3000,0,0,0,0,0,0,0,0,0
"03427082",1,"2015","2014",6,0,0,"3",-0.45,-0.45,"21","D",-0.1148,-0.1125,0,"D",0,"D",0,"D",0,"D",0,"D",0,"D",0,"D",0,"D",15600,"D",0,"D",0,"D",0,"D",4,"D",1650,"D",0,0,0,0,0,0,0,0,0,0,0.01,0.01,0,0,0,0,0,0,0,0,0,0,0,0,0,0,0,0,3000,3000,0,0,0,0,0,0,0,0,0
"03427102",1,"2015","2014",0,0.153,0.153,"1",0.25,0.25,"0","T",0,0,0,"D",0,"D",98000,"D",0,"D",-12000,"D",0,"D",0,"D",0,"D",0,"D",3900,"D",365,"D",0,"D",0,"D",5052,"D",13990,0,14039.5,13964.5,0,0,14994,14994,86000,86000,0,0,0,0,0,0,0,0,0,0,80948,80948,0,0,14039.5,13964.5,14039.5,13964.5,0,0,0,0,0,0,0,0,0,0,0
"03427122",1,"2015","2014",0,0.0452,0.0452,"2",0.25,0.25,"44","D",0,0,1,"D",0,"D",18000,"D",120000,"D",0,"D",0,"D",29027,"D",0,"D",0,"D",3500,"D",410,"D",0,"D",0,"D",600,"D",26964,0,27305.74,26793.24,0,0,20742,20928,162672.95,162672.95,0,0,0,0,0,0,0,0,0,0,162672.95,162672.95,0,0,27305.74,26793.24,27305.74,26793.24,0,0,0,0,0,0,0,0,0,0,0
"03427162",1,"2015","2014",0,0.153,0.153,"2",0.1,0.1,"0","T",0,0,0,"D",0,"D",15004,"D",21300,"D",0,"D",0,"D",0,"D",0,"D",0,"D",2000,"D",0,"D",0,"D",0,"D",2224,"D",1580,0,1600.4,1570.4,0,0,5554.51,5554.51,36304,36304,0,0,0,0,0,0,0,0,0,0,36304,36304,0,0,1600.4,1570.4,1600.4,1570.4,0,0,0,0,0,0,0,0,0,0,0
"03427192",1,"2015","2014",1,0.153,0.153,"2",0.15,0.15,"14","D",0.0375,0.05,0,"D",0,"D",17564,"D",44515,"D",0,"D",0,"D",0,"D",0,"D",0,"D",7100,"D",300,"D",0,"D",1,"D",1200,"D",3722,1964,3766.85,3699.35,2430.2,1731.09,9498.09,9498.09,62079,62079,62079.01,62079.01,1000,1000,0,0,0,0,0,0,62079,62079,0,0,4766.85,4699.35,4766.85,4699.35,0,0,0,0,355,355,0,0,0,0,0
"03427202",1,"2015","2014",0,0.153,0.153,"1",0.25,0.25,"22","D",0.0515,0.052,1,"D",1,"D",44009,"D",0,"D",-900,"D",0,"D",11700,"D",0,"D",0,"D",3800,"D",53,"D",0,"D",0,"D",80,"D",6128,1860,6194.75,6094.75,1872.47,1854.46,6733.38,6733.38,53054,53054,43109.01,43109.01,0,0,0,0,0,0,0,0,53054,53054,0,0,6194.75,6094.75,6194.75,6094.75,0,0,0,0,0,0,0,0,0,0,0
"03427242",1,"2015","2014",0,0.153,0.153,"1",0.25,0.25,"50","D",0.0702,0.0702,0,"D",0,"D",52615,"D",0,"D",-3123,"D",0,"D",0,"D",0,"D",10740,"D",0,"D",0,"D",0,"D",0,"D",0,"D",5625,2125,5691.75,5591.75,2136.65,2119.12,8050.09,8050.09,49492,49492,49492.01,49492.01,0,0,0,0,0,0,0,0,49492,49492,0,0,5691.75,5591.75,5691.75,5591.75,5904.96,6104.61,0,0,0,0,0,0,0,0,0
"03427252",1,"2015","2014",2,0,0,"3",-0.4,-0.4,"33","D",-0.118,-0.118,0,"D",0,"D",0,"D",0,"D",0,"D",7553,"D",0,"D",0,"D",0,"D",8000,"D",755,"D",0,"D",0,"D",495,"D",0,-262,0,0,-261.89,-261.89,0,0,7553,7553,7553.01,7553.01,0,0,0,0,0,0,0,0,7553,7553,0,0,0,0,0,0,10950,11100,0,0,61.89,61.89,0,0,0,0,0
"03427262",1,"2015","2014",2,0.153,0.153,"2",-0.15,-0.15,"43","D",0,0,0,"D",0,"D",0,"D",16100,"D",2000,"D",0,"D",0,"D",0,"D",0,"D",600,"D",0,"D",0,"D",2,"D",1200,"D",-7484,0,-7425,-7513,0,0,2463.3,2463.3,18100,18100,0,0,0,0,1965,1965,0,0,5460,5548,18100,18100,0,0,0,0,0,0,0,0,0,0,0,0,0,0,0,0,0
"03427282",1,"2015","2014",3,0.153,0.153,"3",0.3114,0.3114,"05","D",0.0004,0.0004,0,"D",0,"D",28323,"D",0,"D",0,"D",0,"D",0,"D",0,"D",10740,"D",0,"D",0,"D",160,"D",3,"D",0,"D",-6770,-23,-6636.22,-6837.61,-22.67,-22.67,4333.42,4333.42,28323,28323,28323.01,28323.01,296.96,261.96,2703.04,2738.04,45.34,45.34,3933.17,4099.57,28323,28323,0,0,342.3,307.3,342.3,307.3,7984,8088,0,0,0,0,22.67,22.67,0,0,0
"03427292",1,"2015","2014",5,0.153,0.153,"3",0.0606,0.0606,"28","D",0.0211,0.0211,0,"D",0,"D",19800,"D",0,"D",976,"D",0,"D",0,"D",0,"D",8988,"D",0,"D",6,"D",0,"D",5,"D",0,"D",-8153,-563,-8042.57,-8208.96,-552.26,-568.9,3029.4,3029.4,20776,20776,20776.01,20776.01,0,0,2520,2520,0,0,5522.57,5688.96,20776,20776,0,0,0,0,0,0,9100,9250,0,0,0,0,0,0,552.26,568.9,0
"03427302",1,"2015","2014",2,0,0,"3",-0.4,-0.4,"45","D",0,0,0,"D",0,"D",0,"D",0,"D",0,"D",6000,"D",0,"D",0,"D",0,"D",2400,"D",600,"D",0,"D",0,"D",3800,"D",0,0,0,0,0,0,0,0,6000,6000,6000.01,6000.01,0,0,0,0,0,0,0,0,6000,6000,0,0,0,0,0,0,0,0,0,0,0,0,0,0,0,0,0
"03427332",1,"2015","2014",1,0.153,0.153,"3",0.1,0.1,"0","T",0,0,0,"D",0,"D",17282,"D",0,"D",0,"D",0,"D",0,"D",0,"D",0,"D",1700,"D",0,"D",0,"D",0,"D",60,"D",-3329,0,-3276.8,-3355.8,0,0,2644.15,2644.15,17282,17282,0,0,0,0,0,0,0,0,3305,3359,17282,17282,0,0,28.2,3.2,28.2,3.2,0,0,0,0,0,0,0,0,0,0,0
"03427344",1,"2015","2014",3,0.153,0.153,"3",0.3106,0.3106,"50","D",0.1439,0.1439,0,"D",0,"D",26680,"D",0,"D",0,"D",0,"D",0,"D",0,"D",8340,"D",0,"D",0,"D",0,"D",3,"D",0,"D",-7235,-1106,-7101.19,-7302.58,-1055.13,-1131.38,4082.04,4082.04,26680,26680,26680.01,26680.01,178,143,2822,2857,0,0,4279.19,4445.58,26680,26680,0,0,178,143,178,143,10168.76,10447.21,0,0,0,0,0,0,1454.92,1511.5,0
"03427344",2,"2015","2014",0,0.153,0.153,"1",0.15,0.15,"50","D",0.0654,0.0654,0,"D",0,"D",28800,"D",0,"D",0,"D",0,"D",0,"D",0,"D",0,"D",0,"D",0,"D",0,"D",0,"D",0,"D",2324,940,2343.75,2313.75,950.44,935.36,4406.4,4406.4,28800,28800,28800.01,28800.01,0,0,0,0,0,0,0,0,28800,28800,0,0,2343.75,2313.75,2343.75,2313.75,8388,8587.65,0,0,0,0,0,0,0,0,0
"03427352",1,"2015","2014",0,0.153,0.153,"2",0.25,0.25,"33","D",0.078,0.0777,1,"D",1,"D",60000,"D",64000,"D",-7749,"D",0,"D",0,"D",0,"D",0,"D",1200,"D",1241,"D",0,"D",0,"D",200,"D",15259,5957,15400.25,15187.75,5995.45,5937.9,18972,18972,116251,116251,116251.01,116251.01,0,0,0,0,0,0,0,0,116251,116251,0,0,15400.25,15187.75,15400.25,15187.75,15650,15850,0,0,0,0,0,0,0,0,0
"03427362",1,"2015","2014",0,0.153,0.153,"1",0.25,0.25,"37","D",0.0525,0.0525,0,"D",0,"D",33696,"D",0,"D",0,"D",22800,"D",0,"D",0,"D",7860,"D",0,"D",49,"D",0,"D",0,"D",0,"D",7376,1849,7442.75,7342.75,1852.79,1847.54,5155.49,5155.49,56496,56496,46496.01,46496.01,0,0,0,0,0,0,0,0,56496,56496,0,0,7442.75,7342.75,7442.75,7342.75,6200,6300,0,0,0,0,0,0,0,0,0
"03427382",1,"2015","2014",0,0.153,0.153,"2",0.1431,0.1431,"06","D",0.0463,0.0463,0,"D",0,"D",53000,"D",32000,"D",-101,"D",0,"D",0,"D",0,"D",0,"D",1800,"D",800,"D",0,"D",0,"D",10976,"D",8150,2905,8165.48,8142.47,2936.49,2889.86,13005,13005,84899,84899,0,0,0,0,0,0,0,0,0,0,73923,73923,0,0,8165.48,8142.47,8165.48,8142.47,0,0,0,0,0,0,0,0,0,0,0
"03427392",1,"2015","2014",1,0.153,0.153,"3",0.2598,0.2598,"05","D",0,0,0,"D",0,"D",23549,"D",0,"D",0,"D",0,"D",0,"D",0,"D",12000,"D",0,"D",655,"D",0,"D",0,"D",0,"D",-1823,0,-1736.2,-1866.34,0,0,3603,3603,23549,23549,23549.01,23549.01,0,0,0,0,0,0,2391.1,2496.24,23549,23549,0,0,654.9,629.9,654.9,629.9,7984,8088,655,655,0,0,0,0,0,0,0
"03427412",1,"2015","2014",3,0.153,0.153,"2",0.15,0.15,"14","D",0.0375,0.05,0,"D",0,"D",64753,"D",0,"D",0,"D",0,"D",0,"D",0,"D",0,"D",7000,"D",70,"D",0,"D",2,"D",0,"D",1928,1902,1982.95,1900.45,2356.4,1675.11,9907.21,9907.21,64753,64753,64753.01,64753.01,2000,2000,0,0,0,0,0,0,64753,64753,0,0,3982.95,3900.45,3982.95,3900.45,0,0,0,0,350,350,0,0,0,0,0
"03427412",2,"2015","2014",0,0,0,"2",-0.0765,-0.0765,"14","D",-0.0077,-0.0077,0,"D",0,"D",0,"D",0,"D",0,"D",0,"D",14422,"D",0,"D",0,"D",0,"D",0,"D",0,"D",0,"D",0,"D",0,0,0,0,0,0,0,0,0,0,0.01,0.01,0,0,0,0,0,0,0,0,0,0,0,0,0,0,0,0,0,0,0,0,0,0,0,0,0,0,0
"03427412",3,"2015","2014",3,0,0,"3",-0.45,-0.45,"14","D",-0.045,-0.045,0,"D",0,"D",0,"D",0,"D",0,"D",0,"D",0,"D",0,"D",0,"D",0,"D",0,"D",0,"D",2,"D",0,"D",0,0,0,0,0,0,0,0,0,0,0.01,0.01,0,0,0,0,0,0,0,0,0,0,0,0,0,0,0,0,0,0,0,0,0,0,0,0,0,0,0
"03427422",1,"2015","2014",0,0,0,"2",0.25,0.25,"0","T",0,0,1,"D",1,"D",0,"D",0,"D",250,"D",96696,"D",17062,"D",0,"D",0,"D",670,"D",167,"D",0,"D",0,"D",1000,"D",14058,0,14199.68,13987.18,0,0,0,0,111448.7,111448.7,0,0,0,0,0,0,0,0,0,0,111448.7,111448.7,0,0,14199.68,13987.18,14199.68,13987.18,0,0,0,0,0,0,0,0,0,0,0
"03427432",1,"2015","2014",2,0.029,0.029,"2",0.1431,0.1431,"06","D",0.0463,0.0463,0,"D",0,"D",0,"D",228786,"D",7043,"D",0,"D",0,"D",0,"D",0,"D",28436,"D",200,"D",0,"D",1,"D",120000,"D",9285,3245,9305.63,9274.31,3305.5,3214.24,21142.79,21328.79,235829,235829,0,0,0,0,0,0,0,0,0,0,115829,115829,0,0,9305.63,9274.31,9305.63,9274.31,0,0,0,0,0,0,0,0,0,0,0
"03427442",1,"2015","2014",0,0,0,"1",-0.0765,-0.0765,"01","D",0,0,0,"D",0,"D",0,"D",0,"D",0,"D",0,"D",16800,"D",0,"D",5400,"D",0,"D",0,"D",0,"D",0,"D",0,"D",0,0,0,0,0,0,0,0,0,0,0.01,0.01,0,0,0,0,0,0,0,0,0,0,0,0,0,0,0,0,2500,2500,0,0,0,0,0,0,0,0,0
"03427492",1,"2015","2014",0,0.153,0.153,"2",0.1,0.15,"05","D",0,0,2,"D",2,"D",11818,"D",17706,"D",0,"D",11729,"D",0,"D",0,"D",20340,"D",0,"D",180,"D",0,"D",0,"D",0,"D",1835,0,1875.45,1815.3,0,0,4517.17,4517.17,41253,41253,41253.01,41253.01,0,0,0,0,0,0,0,0,41253,41253,0,0,1875.45,1815.3,1875.45,1815.3,7984,8088,180,180,0,0,0,0,0,0,0
"03427502",1,"2015","2014",0,0.153,0.153,"1",0.25,0.25,"19","D",0.045,0.045,0,"D",0,"D",60000,"D",0,"D",0,"D",0,"D",0,"D",0,"D",4200,"D",0,"D",0,"D",0,"D",0,"D",0,"D",8252,1775,8318.75,8218.75,1770.88,1776.88,9180,9180,60000,60000,60000.01,60000.01,0,0,0,0,0,0,0,0,60000,60000,0,0,8318.75,8218.75,8318.75,8218.75,0,0,0,0,0,0,0,0,0,0,0
"03427512",1,"2015","2014",2,0.153,0.153,"3",0,0,"44","D",0,0,0,"D",0,"D",15200,"D",0,"D",0,"D",0,"D",0,"D",0,"D",3216,"D",0,"D",0,"D",0,"D",1,"D",0,"D",-6519,0,-6460,-6548,0,0,2325.6,2325.6,15200,15200,0,0,0,0,1000,1000,0,0,5460,5548,15200,15200,0,0,0,0,0,0,0,0,0,0,0,0,0,0,0,0,0
"03427512",2,"2015","2014",2,0,0,"3",-0.4,-0.4,"44","D",0,0,0,"D",0,"D",0,"D",0,"D",0,"D",0,"D",0,"D",0,"D",0,"D",0,"D",0,"D",0,"D",1,"D",0,"D",0,0,0,0,0,0,0,0,0,0,0,0,0,0,0,0,0,0,0,0,0,0,0,0,0,0,0,0,0,0,0,0,0,0,0,0,0,0,0
"03427542",1,"2015","2014",2,0,0,"3",-0.4,-0.4,"0","T",0,0,0,"D",0,"D",0,"D",0,"D",0,"D",0,"D",8916,"D",0,"D",0,"D",0,"D",0,"D",0,"D",2,"D",0,"D",0,0,0,0,0,0,0,0,0,0,0,0,0,0,0,0,0,0,0,0,0,0,0,0,0,0,0,0,0,0,0,0,0,0,0,0,0,0,0
"03427552",1,"2015","2014",0,0.153,0.153,"1",0.0991,0.0991,"29","D",0,0,0,"D",0,"D",23888,"D",0,"D",0,"D",0,"D",0,"D",0,"D",0,"D",6300,"D",0,"D",0,"D",0,"D",9880,"D",332,0,335.48,330.48,0,0,3654.86,3654.86,23888,23888,0,0,0,0,0,0,0,0,0,0,14008,14008,0,0,335.48,330.48,335.48,330.48,0,0,0,0,0,0,0,0,0,0,0
"03427552",2,"2015","2014",2,0.153,0.153,"2",0.3106,0.3106,"29","D",0,0,0,"D",0,"D",27725,"D",18129,"D",0,"D",0,"D",0,"D",0,"D",0,"D",0,"D",0,"D",0,"D",2,"D",0,"D",-1076,0,-936.3,-1146.44,0,0,7015.66,7015.66,45854,45854,0,0,1765.4,1725.4,234.6,274.6,0,0,701.7,871.84,45854,45854,0,0,1765.4,1725.4,1765.4,1725.4,0,0,0,0,0,0,0,0,0,0,0
"03427552",3,"2015","2014",1,0,0,"3",-0.34,-0.34,"29","D",0,0,0,"D",0,"D",0,"D",0,"D",0,"D",0,"D",0,"D",0,"D",0,"D",0,"D",0,"D",0,"D",1,"D",0,"D",0,0,0,0,0,0,0,0,0,0,0,0,0,0,0,0,0,0,0,0,0,0,0,0,0,0,0,0,0,0,0,0,0,0,0,0,0,0,0
"03427562",1,"2015","2014",0,0.153,0.153,"1",0.15,0.15,"0","T",0,0,0,"D",0,"D",1100,"D",0,"D",28840,"D",0,"D",0,"D",0,"D",6000,"D",0,"D",0,"D",0,"D",0,"D",0,"D",2495,0,2514.75,2484.75,0,0,168.3,168.3,29940,29940,0,0,0,0,0,0,0,0,0,0,29940,29940,0,0,2514.75,2484.75,2514.75,2484.75,0,0,0,0,0,0,0,0,0,0,0
"03427572",1,"2015","2014",1,0.029,0.029,"2",0.285,0.285,"11","D",0.06,0.06,0,"D",0,"D",125000,"D",0,"D",-5000,"D",0,"D",0,"D",0,"D",0,"D",5300,"D",0,"D",0,"D",1,"D",20388,"D",10526,4775,10634.32,10471.82,4774.72,4774.72,18133,18319,120000,120000,120000.01,120000.01,500,500,0,0,0,0,0,0,99612,99612,0,0,11134.32,10971.82,11134.32,10971.82,3000,3000,25688,25688,0,0,0,0,0,0,0
"03427592",1,"2015","2014",1,0,0,"3",-0.34,-0.34,"11","D",0,0,0,"D",0,"D",0,"D",0,"D",0,"D",0,"D",17038,"D",0,"D",0,"D",1400,"D",625,"D",0,"D",0,"D",3108,"D",0,0,0,0,0,0,0,0,0,0,0.01,0.01,0,0,0,0,0,0,0,0,0,0,0,0,0,0,0,0,2300,2300,0,0,0,0,0,0,0,0,0
"03427602",1,"2015","2014",1,0.153,0.153,"2",0.1454,0.1454,"39","D",0.0307,0.0307,0,"D",0,"D",63502,"D",16236,"D",0,"D",0,"D",0,"D",0,"D",0,"D",3800,"D",145,"D",0,"D",1,"D",12420,"D",5429,2448,5453.76,5416.26,2447.96,2447.96,12199.91,12199.91,79738,79738,79738.01,79738.01,1000,1000,0,0,0,0,0,0,67318,67318,0,0,6453.76,6416.26,6453.76,6416.26,0,0,0,0,0,0,0,0,0,0,0
"03427612",1,"2015","2014",1,0.153,0.153,"3",0.2413,0.2408,"36","D",0.0346,0.037,0,"D",0,"D",96000,"D",0,"D",-22540,"D",0,"D",0,"D",0,"D",0,"D",4300,"D",315,"D",0,"D",1,"D",4964,"D",6847,1937,6902.38,6819.23,2021.47,1894.06,14688,14688,73460,73460,73460.01,73460.01,1000,1000,0,0,0,0,0,0,68496,68496,0,0,7902.38,7819.23,7902.38,7819.23,0,0,0,0,0,0,0,0,0,0,0
"03427622",1,"2015","2014",0,0,0,"2",0.2775,0.2775,"05","D",0.02,0.02,2,"D",2,"D",0,"D",0,"D",0,"D",39000,"D",12620,"D",0,"D",0,"D",1600,"D",40,"D",0,"D",0,"D",1320,"D",2555,28,2604.53,2529.53,33.35,25.25,0,0,46113.5,46113.5,39000.01,39000.01,0,0,0,0,0,0,0,0,46113.5,46113.5,0,0,2604.53,2529.53,2604.53,2529.53,7984,8088,2960,2960,0,0,0,0,0,0,0
"03427632",1,"2015","2014",0,0,0,"1",0,-0.0765,"36","D",0,0,1,"D",0,"D",0,"D",0,"D",0,"D",0,"D",0,"D",0,"D",0,"D",2800,"D",0,"D",0,"D",0,"D",2830,"D",0,0,0,0,0,0,0,0,0,0,0.01,0.01,0,0,0,0,0,0,0,0,0,0,0,0,0,0,0,0,0,0,0,0,0,0,0,0,0,0,0
"03427652",1,"2015","2014",0,0.153,0.153,"1",0.15,0.15,"39","D",0.0307,0.0307,0,"D",0,"D",38000,"D",0,"D",0,"D",0,"D",0,"D",0,"D",6900,"D",0,"D",0,"D",0,"D",0,"D",0,"D",3704,1167,3723.75,3693.75,1166.6,1166.6,5814,5814,38000,38000,38000.01,38000.01,0,0,0,0,0,0,0,0,38000,38000,0,0,3723.75,3693.75,3723.75,3693.75,0,0,0,0,0,0,0,0,0,0,0
"03427682",1,"2015","2014",0,0,0,"1",0,0,"25","D",0,0,1,"D",1,"D",0,"D",0,"D",0,"D",0,"D",16654,"D",0,"D",0,"D",290,"D",5,"D",0,"D",0,"D",0,"D",0,0,0,0,0,0,0,0,0,0,0.01,0.01,0,0,0,0,0,0,0,0,0,0,0,0,0,0,0,0,2300,2300,295,295,0,0,0,0,0,0,0
"03427782",1,"2015","2014",3,0.153,0.153,"3",-0.6,-0.6,"34","D",0,0,0,"D",0,"D",7305,"D",0,"D",0,"D",0,"D",0,"D",0,"D",7800,"D",0,"D",0,"D",0,"D",2,"D",0,"D",-3933,0,-3933,-3933,0,0,1117.66,1117.66,7305,7305,7305.01,7305.01,0,0,645.75,645.75,0,0,3287.25,3287.25,7305,7305,0,0,0,0,0,0,12000,12000,0,0,0,0,0,0,0,0,0
"03427792",1,"2015","2014",0,0.029,0.029,"2",0.2356,0.2355,"34","D",0.0575,0.058,0,"D",0,"D",0,"D",135000,"D",0,"D",0,"D",0,"D",0,"D",0,"D",2500,"D",0,"D",0,"D",0,"D",7488,"D",19161,6920,19250.5,19115.5,6960,6900,18423,18609,135000,135000,135000.01,135000.01,0,0,0,0,0,0,0,0,127512,127512,0,0,19250.5,19115.5,19250.5,19115.5,15000,15000,9988,9988,0,0,0,0,0,0,0
"03427802",1,"2015","2014",2,0.0757,0.0757,"2",0.35,0.35,"47","D",0.058,0.058,0,"D",0,"D",228786,"D",100000,"D",0,"D",0,"D",0,"D",0,"D",0,"D",4000,"D",829,"D",0,"D",2,"D",4184,"D",75624,17609,76017.7,75427.7,17611.15,17607.56,37151.87,37337.87,328786,328786,328786.01,328786.01,0,0,0,0,0,0,0,0,324602,324602,4388.68,4479.35,71629.02,70948.35,71629.02,70948.35,6000,6000,9828.58,9891.04,0,0,0,0,0,0,0
"03427812",1,"2015","2014",2,0,0,"3",-0.4,-0.4,"10","D",0,0,0,"D",0,"D",0,"D",0,"D",0,"D",0,"D",0,"D",0,"D",0,"D",6000,"D",0,"D",0,"D",0,"D",12000,"D",0,0,0,0,0,0,0,0,0,0,0,0,0,0,0,0,0,0,0,0,0,0,0,0,0,0,0,0,0,0,0,0,0,0,0,0,0,0,0
"03427832",1,"2015","2014",0,0.153,0.153,"1",0.1488,0.1488,"10","D",0,0,1,"D",1,"D",39597,"D",0,"D",0,"D",0,"D",0,"D",0,"D",0,"D",8000,"D",0,"D",0,"D",0,"D",0,"D",3606,0,3615.56,3600.56,0,0,6058.34,6058.34,39597,39597,0,0,0,0,0,0,0,0,0,0,39597,39597,0,0,3615.56,3600.56,3615.56,3600.56,0,0,0,0,0,0,0,0,0,0,0
"03427842",1,"2015","2014",0,0,0,"1",0,0,"44","D",0,0,1,"D",1,"D",0,"D",0,"D",0,"D",2770,"D",22102,"D",0,"D",0,"D",3500,"D",0,"D",0,"D",0,"D",0,"D",0,0,0,0,0,0,0,0,2770,2770,0,0,0,0,0,0,0,0,0,0,2770,2770,0,0,0,0,0,0,0,0,0,0,0,0,0,0,0,0,0
"03427872",1,"2015","2014",0,0.153,0.153,"2",0,0,"33","D",0,0,2,"D",2,"D",0,"D",12032,"D",0,"D",0,"D",18329,"D",0,"D",0,"D",4500,"D",77,"D",0,"D",0,"D",120,"D",0,0,0,0,0,0,1840.9,1840.9,12032,12032,12032.01,12032.01,0,0,0,0,0,0,0,0,12032,12032,0,0,0,0,0,0,15650,15850,0,0,0,0,0,0,0,0,0
"03427884",1,"2015","2014",1,0.153,0.153,"3",0.2598,0.2598,"06","D",0.0623,0.0463,0,"D",0,"D",22790,"D",0,"D",0,"D",0,"D",0,"D",0,"D",0,"D",960,"D",0,"D",0,"D",0,"D",6336,"D",-2020,77,-1933.39,-2063.53,268.08,-18.25,3486.87,3486.87,22790,22790,0,0,0,0,0,0,0,0,2512.39,2617.53,22790,22790,0,0,579,554,579,554,0,0,0,0,0,0,0,0,0,261.75,0
"03427942",1,"2015","2014",1,0.153,0.153,"2",0.25,0.25,"31","D",0.0553,0.0553,0,"D",0,"D",43644,"D",59643,"D",0,"D",0,"D",0,"D",0,"D",0,"D",6200,"D",175,"D",0,"D",0,"D",3572,"D",11330,2396,11471.75,11259.25,2395.68,2395.68,15802.91,15802.91,103287,103287,103287.01,103287.01,0,0,0,0,0,0,0,0,103287,103287,0,0,11471.75,11259.25,11471.75,11259.25,0,0,0,0,0,0,0,0,0,0,0
"03427972",1,"2015","2014",0,0.153,0.153,"1",0.25,0.25,"33","D",0.0645,0.0645,0,"D",0,"D",75000,"D",0,"D",0,"D",0,"D",0,"D",0,"D",12000,"D",0,"D",25,"D",0,"D",0,"D",0,"D",12002,3996,12068.75,11968.75,4005.51,3991.3,11475,11475,75000,75000,75000.01,75000.01,0,0,0,0,0,0,0,0,75000,75000,0,0,12068.75,11968.75,12068.75,11968.75,7800,7900,0,0,0,0,0,0,0,0,0
"03427972",2,"2015","2014",0,0,0,"1",-0.0765,-0.0765,"33","D",-0.0229,-0.0229,0,"D",0,"D",0,"D",0,"D",0,"D",0,"D",0,"D",0,"D",0,"D",0,"D",0,"D",0,"D",0,"D",0,"D",0,0,0,0,0,0,0,0,0,0,0.01,0.01,0,0,0,0,0,0,0,0,0,0,0,0,0,0,0,0,7800,7900,0,0,0,0,0,0,0,0,0
"03428004",1,"2015","2014",1,0.153,0.153,"3",0.2598,0.3098,"44","D",0,0,0,"D",0,"D",30000,"D",0,"D",0,"D",0,"D",0,"D",0,"D",9936,"D",0,"D",0,"D",0,"D",1,"D",0,"D",-1146,0,-1057.73,-1190.37,0,0,4590,4590,30000,30000,0,0,1000,1000,0,0,0,0,1360.23,1465.37,30000,30000,0,0,1302.5,1275,1302.5,1275,0,0,0,0,0,0,0,0,0,0,0
"03428012",1,"2015","2014",2,0.153,0.153,"2",0.3,0.3,"06","D",0.0463,0.0463,0,"D",0,"D",72000,"D",57000,"D",0,"D",0,"D",0,"D",0,"D",43356,"D",0,"D",0,"D",0,"D",2,"D",0,"D",15713,4624,15862.5,15637.5,4667.04,4602.52,19737,19737,129000,129000,0,0,1050,1050,0,0,0,0,0,0,129000,129000,0,0,16912.5,16687.5,16912.5,16687.5,0,0,0,0,0,0,0,0,0,0,0
"03428032",1,"2015","2014",2,0.153,0.153,"3",0.2106,0.2106,"36","D",0,0,0,"D",0,"D",20000,"D",0,"D",0,"D",0,"D",0,"D",0,"D",6600,"D",0,"D",0,"D",0,"D",2,"D",0,"D",-7107,0,-7003,-7158.39,0,0,3060,3060,20000,20000,20000.01,20000.01,0,0,2000,2000,0,0,5003,5158.39,20000,20000,0,0,0,0,0,0,0,0,0,0,0,0,0,0,500.3,515.84,0
"03428042",1,"2015","2014",0,0,0,"1",-0.0765,-0.0765,"02","D",0,0,0,"D",0,"D",0,"D",0,"D",2014,"D",0,"D",11972,"D",0,"D",15180,"D",0,"D",0,"D",0,"D",0,"D",0,"D",0,0,0,0,0,0,0,0,2014,2014,0,0,0,0,0,0,0,0,0,0,2014,2014,0,0,0,0,0,0,0,0,0,0,0,0,0,0,0,0,0
"03428052",1,"2015","2014",0,0.153,0.153,"1",0.1488,0.1488,"31","D",0.035,0.035,0,"D",0,"D",45000,"D",0,"D",-80,"D",0,"D",0,"D",0,"D",0,"D",8000,"D",0,"D",0,"D",0,"D",17652,"D",1746,578,1756.32,1741.32,577.5,577.5,6885,6885,44920,44920,45000.01,45000.01,0,0,0,0,0,0,0,0,27268,27268,0,0,1756.32,1741.32,1756.32,1741.32,0,0,0,0,0,0,0,0,0,0,0
"03428062",1,"2015","2014",1,0.153,0.153,"3",0.2598,0.2598,"0","T",0,0,0,"D",0,"D",19577,"D",0,"D",0,"D",0,"D",0,"D",0,"D",0,"D",1200,"D",266,"D",0,"D",0,"D",0,"D",-2855,0,-2768.13,-2898.27,0,0,2995.28,2995.28,19577,19577,0,0,0,0,0,0,0,0,3025.83,3130.97,19577,19577,0,0,257.7,232.7,257.7,232.7,0,0,0,0,0,0,0,0,0,0,0
"03428082",1,"2015","2014",0,0.153,0.153,"2",0.0765,0.0765,"33","D",0.063,0.0629,0,"D",0,"D",8000,"D",9000,"D",0,"D",0,"D",0,"D",0,"D",10800,"D",0,"D",0,"D",0,"D",0,"D",0,"D",-247,-25,-231.31,-254.37,-15.39,-30.31,2601,2601,17000,17000,17000.01,17000.01,0,0,0,0,0,0,231.31,254.37,17000,17000,0,0,0,0,0,0,15650,15850,0,0,0,0,0,0,15.39,30.31,0
"03428092",1,"2015","2014",0,0.153,0.153,"2",0.1,0.1,"50","D",0.0699,0.0699,1,"D",1,"D",0,"D",7000,"D",-5500,"D",37000,"D",2242,"D",0,"D",0,"D",4100,"D",31,"D",0,"D",0,"D",800,"D",1789,711,1812.1,1777.1,729.07,702.61,1071,1071,39621,39621,38500.01,38500.01,0,0,0,0,0,0,0,0,39621,39621,0,0,1812.1,1777.1,1812.1,1777.1,14647.85,15023.11,800,800,0,0,0,0,0,0,0
"03428102",1,"2015","2014",2,0.153,0.153,"2",0.3106,0.3106,"44","D",0,0,0,"D",0,"D",0,"D",35040,"D",-385,"D",0,"D",0,"D",0,"D",0,"D",2000,"D",180,"D",0,"D",1,"D",6444,"D",-3474,0,-3333.63,-3543.77,0,0,5361.12,5361.12,34655,34655,0,0,645.5,605.5,354.5,394.5,0,0,2979.13,3149.27,34655,34655,0,0,645.5,605.5,645.5,605.5,0,0,0,0,0,0,0,0,0,0,0
"03428102",2,"2015","2014",2,0,0,"3",-0.4,-0.4,"44","D",0,0,0,"D",0,"D",0,"D",0,"D",0,"D",0,"D",0,"D",0,"D",0,"D",0,"D",0,"D",0,"D",1,"D",0,"D",0,0,0,0,0,0,0,0,0,0,0,0,0,0,0,0,0,0,0,0,0,0,0,0,0,0,0,0,0,0,0,0,0,0,0,0,0,0,0
"03428112",1,"2015","2014",0,0.153,0.153,"2",0.2375,0.2375,"21","D",0.05,0.05,0,"D",0,"D",57949,"D",75496,"D",0,"D",0,"D",0,"D",0,"D",0,"D",4400,"D",0,"D",0,"D",0,"D",18748,"D",16004,4832,16103.66,15953.66,4832.35,4832.35,20417.08,20417.08,133445,133445,132245.01,132245.01,0,0,0,0,0,0,0,0,114697,114697,0,0,16103.66,15953.66,16103.66,15953.66,4000,4000,23148,23148,0,0,0,0,0,0,0
"03428122",1,"2015","2014",1,0.153,0.153,"3",0.3,0.3,"05","D",0.093,0.093,0,"D",0,"D",93000,"D",0,"D",-9973,"D",0,"D",0,"D",0,"D",20100,"D",0,"D",0,"D",0,"D",1,"D",0,"D",10219,2584,10320.6,10168.1,2628.12,2562.66,14229,14229,83027,83027,83027.01,83027.01,598.65,598.65,0,0,0,0,0,0,83027,83027,0,0,10919.25,10766.75,10919.25,10766.75,7984,8088,0,0,0,0,0,0,0,0,0
"03428132",1,"2015","2014",2,0.153,0.153,"2",0.15,0.15,"12","D",0.0733,0.0733,0,"D",0,"D",30825,"D",52169,"D",0,"D",0,"D",0,"D",0,"D",27600,"D",0,"D",0,"D",0,"D",1,"D",0,"D",6262,4669,6311.6,6236.6,4669.48,4669.48,12698.08,12698.08,82994,82994,82994.01,82994.01,1000,1000,0,0,0,0,0,0,82994,82994,0,0,7311.6,7236.6,7311.6,7236.6,4400,4400,4667.66,4667.66,0,0,0,0,0,0,0
"03428142",1,"2015","2014",0,0.153,0.153,"1",0.2671,0.2663,"36","D",0.046,0.0491,0,"D",0,"D",108000,"D",0,"D",4800,"D",7000,"D",0,"D",0,"D",0,"D",3400,"D",569,"D",0,"D",0,"D",6200,"D",21589,3922,21620.07,21573.79,4094.14,3836.21,16524,16524,119800,119800,119800.01,119800.01,0,0,0,0,0,0,0,0,113600,113600,0,0,21620.07,21573.79,21620.07,21573.79,0,0,0,0,0,0,0,0,0,0,0
"03428162",1,"2015","2014",0,0,0,"2",0.25,0.25,"29","D",0,0,2,"D",2,"D",0,"D",0,"D",0,"D",72000,"D",35324,"D",0,"D",0,"D",900,"D",1149,"D",0,"D",0,"D",0,"D",11394,0,11543.85,11318.85,0,0,0,0,102025.4,102025.4,0,0,0,0,0,0,0,0,0,0,102025.4,102025.4,0,0,11543.85,11318.85,11543.85,11318.85,0,0,0,0,0,0,0,0,0,0,0
"03428202",1,"2015","2014",2,0.0302,0.0302,"2",0.25,0.25,"05","D",0.093,0.093,0,"D",0,"D",121764,"D",1180,"D",0,"D",0,"D",0,"D",0,"D",0,"D",2600,"D",0,"D",0,"D",0,"D",0,"D",15249,4771,15398.5,15173.5,4826.86,4742.48,18219.7,18405.7,122944,122944,122944.01,122944.01,0,0,0,0,0,0,0,0,122944,122944,0,0,15398.5,15173.5,15398.5,15173.5,7984,8088,2600,2600,0,0,0,0,0,0,0
"03428202",2,"2015","2014",0,0.153,0.153,"1",0.15,0.15,"05","D",0.04,0.04,0,"D",0,"D",31788,"D",0,"D",0,"D",0,"D",0,"D",0,"D",0,"D",0,"D",0,"D",0,"D",0,"D",0,"D",2772,553,2791.95,2761.95,558.9,550.05,4863.56,4863.56,31788,31788,31788.01,31788.01,0,0,0,0,0,0,0,0,31788,31788,0,0,2791.95,2761.95,2791.95,2761.95,3992,4044,0,0,0,0,0,0,0,0,0
"03428212",1,"2015","2014",2,0.153,0.153,"3",0.1488,0.1488,"44","D",0,0,0,"D",0,"D",60000,"D",0,"D",-2397,"D",0,"D",0,"D",0,"D",0,"D",3500,"D",0,"D",0,"D",2,"D",9896,"D",2060,0,2081.48,2048.98,0,0,9180,9180,57603,57603,0,0,2000,2000,0,0,0,0,0,0,47707,47707,0,0,4081.48,4048.98,4081.48,4048.98,0,0,0,0,0,0,0,0,0,0,0
"03428222",1,"2015","2014",2,0.153,0.153,"2",0.2893,0.2885,"36","D",0.0429,0.046,0,"D",0,"D",73593,"D",60000,"D",-11000,"D",0,"D",0,"D",0,"D",0,"D",6500,"D",225,"D",0,"D",2,"D",12588,"D",11190,3623,11266.67,11151.24,3781.91,3543.65,20439.73,20439.73,122593,122593,122593.01,122593.01,1370.35,1370.35,0,0,0,0,0,0,110005,110005,0,0,12637.02,12521.59,12637.02,12521.59,0,0,0,0,0,0,0,0,0,0,0
"03428232",1,"2015","2014",0,0.153,0.153,"2",0.25,0.25,"05","D",0.08,0.08,0,"D",0,"D",0,"D",102204,"D",0,"D",0,"D",0,"D",0,"D",43356,"D",0,"D",0,"D",0,"D",0,"D",0,"D",12055,3623,12188.5,11988.5,3661.81,3603.96,15637.21,15637.21,102204,102204,102204.01,102204.01,0,0,0,0,0,0,0,0,102204,102204,0,0,12188.5,11988.5,12188.5,11988.5,7984,8088,0,0,0,0,0,0,0,0,0
"03428262",1,"2015","2014",0,0.153,0.153,"2",0.15,0.15,"02","D",0,0,0,"D",0,"D",29000,"D",27000,"D",0,"D",0,"D",0,"D",0,"D",20400,"D",0,"D",0,"D",0,"D",0,"D",0,"D",4408,0,4447.5,4387.5,0,0,8568,8568,56000,56000,0,0,0,0,0,0,0,0,0,0,56000,56000,0,0,4447.5,4387.5,4447.5,4387.5,0,0,0,0,0,0,0,0,0,0,0
"03428262",2,"2015","2014",0,0.153,0.153,"1",0.15,0.15,"02","D",0,0,0,"D",0,"D",39312,"D",0,"D",0,"D",0,"D",0,"D",0,"D",0,"D",0,"D",0,"D",0,"D",0,"D",0,"D",3901,0,3920.55,3890.55,0,0,6014.74,6014.74,39312,39312,0,0,0,0,0,0,0,0,0,0,39312,39312,0,0,3920.55,3890.55,3920.55,3890.55,0,0,0,0,0,0,0,0,0,0,0
"03428292",1,"2015","2014",4,0.153,0.153,"2",0.2106,0.2106,"03","D",0.0259,0.0259,0,"D",0,"D",24517,"D",12137,"D",-3751,"D",0,"D",0,"D",0,"D",0,"D",550,"D",0,"D",0,"D",3,"D",4808,"D",-6443,188,-6322.22,-6503.36,191.27,187.02,5608.06,5608.06,32903,32903,32903.01,32903.01,0,0,3000,3000,0,0,3322.22,3503.36,32903,32903,0,0,0,0,0,0,10018,10182,5960.5,5960.5,0,0,0,0,0,0,0
"03428322",1,"2015","2014",1,0.153,0.153,"2",0.2598,0.3098,"0","T",0,0,0,"D",0,"D",32000,"D",10800,"D",0,"D",0,"D",0,"D",0,"D",0,"D",1580,"D",260,"D",0,"D",1,"D",5936,"D",578,0,692.49,521.17,0,0,6548.4,6548.4,42800,42800,0,0,1000,1000,0,0,0,0,182.51,298.83,42800,42800,0,0,1875,1820,1875,1820,0,0,0,0,0,0,0,0,0,0,0
"03428362",1,"2015","2014",0,0.153,0.153,"1",0.1,0.1,"15","D",0.033,0.034,0,"D",0,"D",16784,"D",0,"D",0,"D",0,"D",0,"D",0,"D",6400,"D",0,"D",16,"D",0,"D",0,"D",0,"D",653,426,663.4,648.4,434.66,421.87,2567.95,2567.95,16784,16784,16784.01,16784.01,0,0,0,0,0,0,0,0,16784,16784,0,0,663.4,648.4,663.4,648.4,0,0,0,0,0,0,0,0,0,0,0
"03428372",1,"2015","2014",3,0.153,0.153,"3",0.0606,0.0606,"44","D",0,0,0,"D",0,"D",20000,"D",0,"D",-322,"D",0,"D",0,"D",0,"D",15000,"D",0,"D",20,"D",0,"D",3,"D",0,"D",-8347,0,-8236,-8402.39,0,0,3060,3060,19678,19678,0,0,0,0,2550,2550,0,0,5686,5852.39,19678,19678,0,0,0,0,0,0,0,0,0,0,0,0,0,0,0,0,0
"03428382",1,"2015","2014",2,0,0,"3",-0.4,-0.4,"26","D",0,0,0,"D",0,"D",0,"D",0,"D",0,"D",0,"D",0,"D",0,"D",0,"D",3700,"D",0,"D",0,"D",0,"D",12208,"D",0,0,0,0,0,0,0,0,0,0,0.01,0.01,0,0,0,0,0,0,0,0,0,0,0,0,0,0,0,0,9100,9250,0,0,0,0,0,0,0,0,0
"03428402",1,"2015","2014",1,0.153,0.153,"3",0.3886,0.3886,"21","D",0.0811,0.0799,1,"D",1,"D",20800,"D",0,"D",0,"D",0,"D",19054,"D",0,"D",0,"D",3500,"D",6552,"D",0,"D",0,"D",2424,"D",-2225,-609,-2148.01,-2263.15,-582.71,-621.55,3182.4,3182.4,23463.5,23463.5,20800.01,20800.01,0,0,0,0,0,0,2404.77,2509.9,21039.5,21039.5,0,0,256.76,246.76,256.76,246.76,3120,3120,12476,12476,0,0,0,0,1785.09,1876.49,0
"03428402",2,"2015","2014",0,0.153,0.153,"1",0.15,0.15,"21","D",0.0475,0.0475,0,"D",0,"D",24000,"D",0,"D",0,"D",0,"D",0,"D",0,"D",0,"D",0,"D",0,"D",0,"D",0,"D",0,"D",1604,841,1623.75,1593.75,840.5,840.5,3672,3672,24000,24000,24000.01,24000.01,0,0,0,0,0,0,0,0,24000,24000,0,0,1623.75,1593.75,1623.75,1593.75,2000,2000,0,0,0,0,0,0,0,0,0
"03428412",1,"2015","2014",0,0.153,0.153,"1",0.1395,0.1395,"50","D",0.0702,0.0702,0,"D",0,"D",43483,"D",0,"D",1,"D",0,"D",0,"D",0,"D",0,"D",16180,"D",20,"D",0,"D",0,"D",3532,"D",2257,1661,2265.67,2253.3,1672.54,1655.02,6652.9,6652.9,43484,43484,43484.01,43484.01,0,0,0,0,0,0,0,0,39952,39952,0,0,2265.67,2253.3,2265.67,2253.3,6625.92,6825.57,3532,3532,0,0,0,0,0,0,0
"03428412",2,"2015","2014",0,0.153,0.153,"1",0.25,0.25,"50","D",0.0702,0.0702,0,"D",0,"D",63651,"D",0,"D",0,"D",0,"D",0,"D",0,"D",0,"D",0,"D",0,"D",0,"D",0,"D",0,"D",9165,3377,9231.5,9131.5,3388.75,3371.22,9738.6,9738.6,63651,63651,63651.01,63651.01,0,0,0,0,0,0,0,0,63651,63651,0,0,9231.5,9131.5,9231.5,9131.5,4205.88,4405.53,0,0,0,0,0,0,0,0,0
"03428432",1,"2015","2014",2,0,0,"3",-0.4,-0.4,"0","T",0,0,0,"D",0,"D",0,"D",0,"D",0,"D",0,"D",0,"D",0,"D",0,"D",540,"D",0,"D",0,"D",0,"D",1627,"D",0,0,0,0,0,0,0,0,0,0,0,0,0,0,0,0,0,0,0,0,0,0,0,0,0,0,0,0,0,0,0,0,0,0,0,0,0,0,0
"03428472",1,"2015","2014",2,0.029,0.029,"2",0.325,0.325,"03","D",0.0407,0.0407,1,"D",1,"D",0,"D",228786,"D",0,"D",0,"D",11974,"D",0,"D",0,"D",4500,"D",0,"D",0,"D",0,"D",684,"D",45815,7424,46144.77,45650.77,7436.43,7417.99,21142.79,21328.79,238963.9,238963.9,228786.01,228786.01,0,0,0,0,0,0,0,0,238963.9,238963.9,219.88,47.38,45924.89,45603.39,45924.89,45603.39,10018,10182,12615.55,12597.46,0,0,0,0,0,0,0
"03428482",1,"2015","2014",6,0,0,"3",-0.45,-0.45,"45","D",0,0,0,"D",0,"D",0,"D",0,"D",86,"D",0,"D",0,"D",0,"D",0,"D",1200,"D",4761,"D",0,"D",0,"D",8108,"D",0,0,0,0,0,0,0,0,86,86,86.01,86.01,0,0,0,0,0,0,0,0,86,86,0,0,0,0,0,0,0,0,0,0,0,0,0,0,0,0,0
"03428482",2,"2015","2014",6,0,0,"3",-0.45,-0.45,"45","D",0,0,0,"D",0,"D",0,"D",0,"D",0,"D",0,"D",0,"D",0,"D",0,"D",0,"D",0,"D",0,"D",0,"D",0,"D",0,0,0,0,0,0,0,0,0,0,0.01,0.01,0,0,0,0,0,0,0,0,0,0,0,0,0,0,0,0,0,0,0,0,0,0,0,0,0,0,0
"03428482",3,"2015","2014",6,0,0,"3",-0.45,-0.45,"45","D",0,0,0,"D",0,"D",0,"D",0,"D",0,"D",0,"D",0,"D",0,"D",0,"D",0,"D",0,"D",0,"D",0,"D",0,"D",0,0,0,0,0,0,0,0,0,0,0.01,0.01,0,0,0,0,0,0,0,0,0,0,0,0,0,0,0,0,0,0,0,0,0,0,0,0,0,0,0
"03428482",4,"2015","2014",6,0,0,"3",-0.45,-0.45,"45","D",0,0,0,"D",0,"D",0,"D",0,"D",0,"D",0,"D",0,"D",0,"D",0,"D",0,"D",0,"D",0,"D",0,"D",0,"D",0,0,0,0,0,0,0,0,0,0,0.01,0.01,0,0,0,0,0,0,0,0,0,0,0,0,0,0,0,0,0,0,0,0,0,0,0,0,0,0,0
"03428482",5,"2015","2014",6,0,0,"3",-0.45,-0.45,"45","D",0,0,0,"D",0,"D",0,"D",0,"D",0,"D",0,"D",0,"D",0,"D",0,"D",0,"D",0,"D",0,"D",0,"D",0,"D",0,0,0,0,0,0,0,0,0,0,0.01,0.01,0,0,0,0,0,0,0,0,0,0,0,0,0,0,0,0,0,0,0,0,0,0,0,0,0,0,0
"03428532",1,"2015","2014",0,0.153,0.153,"1",0,0,"12","D",0.032,0.032,0,"D",0,"D",17680,"D",0,"D",-11783,"D",0,"D",0,"D",0,"D",10200,"D",0,"D",0,"D",0,"D",0,"D",0,"D",0,-87,0,0,-86.5,-86.5,2705.04,2705.04,5897,5897,5897.01,5897.01,0,0,0,0,0,0,0,0,5897,5897,0,0,0,0,0,0,2200,2200,291.79,291.79,0,0,0,0,0,0,0
"03428542",1,"2015","2014",1,0.153,0.153,"2",0.15,0.15,"50","D",0.0751,0.0751,0,"D",0,"D",50000,"D",50000,"D",-2500,"D",0,"D",0,"D",0,"D",0,"D",3300,"D",10,"D",0,"D",1,"D",0,"D",9035,4602,9080,9012.5,4622.07,4591.87,15300,15300,97500,97500,97500.01,97500.01,1000,1000,0,0,0,0,0,0,97500,97500,0,0,10080,10012.5,10080,10012.5,2980.6,3355.86,0,0,0,0,0,0,0,0,0
"03428553",1,"2015","2014",0,0.038,0.038,"2",0.3605,0.3605,"02","D",0,0,0,"D",0,"D",250000,"D",228786,"D",-19250,"D",0,"D",0,"D",0,"D",0,"D",10700,"D",3266,"D",0,"D",0,"D",20308,"D",117896,0,118265.95,117711.53,0,0,44959.87,45331.87,459536,459536,0,0,0,0,0,0,0,0,0,0,439228,439228,0,0,118265.95,117711.53,118265.95,117711.53,0,0,0,0,0,0,0,0,0,0,0
"03428553",2,"2015","2014",1,0,0,"3",-0.34,-0.34,"02","D",0,0,0,"D",0,"D",0,"D",0,"D",0,"D",0,"D",0,"D",0,"D",0,"D",0,"D",0,"D",0,"D",0,"D",0,"D",0,0,0,0,0,0,0,0,0,0,0,0,0,0,0,0,0,0,0,0,0,0,0,0,0,0,0,0,0,0,0,0,0,0,0,0,0,0,0
"03428563",1,"2015","2014",0,0.153,0.153,"1",0.15,0.15,"45","D",0.063,0.063,0,"D",0,"D",18298,"D",0,"D",7000,"D",0,"D",0,"D",0,"D",1040,"D",0,"D",110,"D",0,"D",0,"D",2472,"D",1798,860,1818.45,1788.45,867.35,856.31,2799.59,2799.59,25298,25298,25298.01,25298.01,0,0,0,0,0,0,0,0,25298,25298,0,0,1818.45,1788.45,1818.45,1788.45,0,0,0,0,0,0,0,0,0,0,0
"03428582",1,"2015","2014",0,0.153,0.153,"2",0.15,0.15,"10","D",0,0,0,"D",0,"D",0,"D",96000,"D",-6500,"D",0,"D",0,"D",0,"D",0,"D",3000,"D",0,"D",0,"D",0,"D",3552,"D",9433,0,9472.5,9412.5,0,0,14688,14688,89500,89500,0,0,0,0,0,0,0,0,0,0,89500,89500,0,0,9472.5,9412.5,9472.5,9412.5,0,0,0,0,0,0,0,0,0,0,0
"03428582",2,"2015","2014",0,0.153,0.153,"1",0.15,0.15,"10","D",0,0,0,"D",0,"D",32000,"D",0,"D",0,"D",0,"D",0,"D",0,"D",0,"D",0,"D",0,"D",0,"D",0,"D",0,"D",2804,0,2823.75,2793.75,0,0,4896,4896,32000,32000,0,0,0,0,0,0,0,0,0,0,32000,32000,0,0,2823.75,2793.75,2823.75,2793.75,0,0,0,0,0,0,0,0,0,0,0
"03428582",3,"2015","2014",1,0,0,"3",-0.34,-0.34,"10","D",0,0,0,"D",0,"D",0,"D",0,"D",0,"D",0,"D",0,"D",0,"D",0,"D",0,"D",0,"D",0,"D",0,"D",0,"D",0,0,0,0,0,0,0,0,0,0,0,0,0,0,0,0,0,0,0,0,0,0,0,0,0,0,0,0,0,0,0,0,0,0,0,0,0,0,0
"03428602",1,"2015","2014",2,0,0,"3",-0.4,-0.4,"0","T",0,0,0,"D",0,"D",0,"D",0,"D",0,"D",0,"D",0,"D",0,"D",0,"D",370,"D",0,"D",0,"D",0,"D",0,"D",0,0,0,0,0,0,0,0,0,0,0,0,0,0,0,0,0,0,0,0,0,0,0,0,0,0,0,0,0,0,0,0,0,0,0,0,0,0,0
"03428632",1,"2015","2014",0,0,0,"1",-0.0765,-0.0765,"36","D",0,0,0,"D",0,"D",0,"D",0,"D",0,"D",0,"D",0,"D",0,"D",0,"D",1900,"D",0,"D",0,"D",0,"D",1936,"D",0,0,0,0,0,0,0,0,0,0,0.01,0.01,0,0,0,0,0,0,0,0,0,0,0,0,0,0,0,0,0,0,0,0,0,0,0,0,0,0,0
"03428652",1,"2015","2014",2,0.153,0.153,"2",0.2363,0.2363,"07","D",0.055,0.055,0,"D",0,"D",65000,"D",110000,"D",-12001,"D",0,"D",0,"D",0,"D",7440,"D",8500,"D",7062,"D",0,"D",0,"D",6616,"D",20735,8465,20851.51,20676.51,8464.95,8464.95,26775,26775,162999,162999,162999.01,162999.01,0,0,0,0,0,0,0,0,156383,156383,0,0,20851.51,20676.51,20851.51,20676.51,0,0,0,0,0,0,0,0,0,0,0
"03428652",2,"2015","2014",2,0,0,"3",-0.4,-0.4,"07","D",-0.11,-0.11,0,"D",0,"D",0,"D",0,"D",0,"D",0,"D",0,"D",0,"D",0,"D",0,"D",0,"D",0,"D",0,"D",0,"D",0,0,0,0,0,0,0,0,0,0,0.01,0.01,0,0,0,0,0,0,0,0,0,0,0,0,0,0,0,0,0,0,0,0,0,0,0,0,0,0,0
"03428662",1,"2015","2014",1,0.153,0.153,"2",0.15,0.15,"10","D",0,0,0,"D",0,"D",38000,"D",23000,"D",0,"D",0,"D",0,"D",0,"D",15000,"D",0,"D",0,"D",0,"D",1,"D",0,"D",3560,0,3605,3537.5,0,0,9333,9333,61000,61000,0,0,1000,1000,0,0,0,0,0,0,61000,61000,0,0,4605,4537.5,4605,4537.5,0,0,0,0,0,0,0,0,0,0,0
"03428662",2,"2015","2014",0,0.153,0.153,"1",0.1765,0.1765,"10","D",0,0,0,"D",0,"D",12000,"D",0,"D",0,"D",0,"D",0,"D",0,"D",0,"D",0,"D",0,"D",0,"D",0,"D",0,"D",-35,0,-13.41,-46.12,0,0,1836,1836,12000,12000,0,0,0,0,0,0,0,0,198.41,216.12,12000,12000,0,0,185,170,185,170,0,0,0,0,0,0,0,0,0,0,0
"03428722",1,"2015","2014",0,0,0,"1",0,0,"22","D",0,0,1,"D",1,"D",0,"D",0,"D",0,"D",0,"D",10874,"D",0,"D",9600,"D",0,"D",0,"D",0,"D",0,"D",0,"D",0,0,0,0,0,0,0,0,0,0,0.01,0.01,0,0,0,0,0,0,0,0,0,0,0,0,0,0,0,0,0,0,0,0,0,0,0,0,0,0,0
"03428752",1,"2015","2014",2,0,0,"3",-0.4,-0.4,"26","D",0,0,0,"D",0,"D",0,"D",0,"D",206,"D",2021,"D",0,"D",0,"D",0,"D",4700,"D",223,"D",0,"D",0,"D",2157,"D",0,0,0,0,0,0,0,0,2227,2227,2227.01,2227.01,0,0,0,0,0,0,0,0,2227,2227,0,0,0,0,0,0,9100,9250,0,0,0,0,0,0,0,0,0
"03428792",1,"2015","2014",2,0.153,0.153,"2",0.143,0.143,"26","D",0.0468,0.0468,0,"D",0,"D",33000,"D",70000,"D",0,"D",0,"D",0,"D",0,"D",0,"D",2900,"D",3320,"D",0,"D",2,"D",7308,"D",7574,3595,7604.35,7558.94,3593.29,3596.01,15759,15759,103000,103000,103000.01,103000.01,2000,2000,0,0,0,0,0,0,95692,95692,0,0,9604.35,9558.94,9604.35,9558.94,0,0,21407.5,21407.5,0,0,0,0,0,0,0
"03428812",1,"2015","2014",0,0.153,0.153,"1",0.25,0.25,"21","D",0.0475,0.0475,0,"D",0,"D",55000,"D",0,"D",-3929,"D",0,"D",0,"D",0,"D",13200,"D",0,"D",170,"D",0,"D",0,"D",0,"D",6020,2126,6086.5,5986.5,2126.37,2126.37,8415,8415,51071,51071,51071.01,51071.01,0,0,0,0,0,0,0,0,51071,51071,0,0,6086.5,5986.5,6086.5,5986.5,2000,2000,0,0,0,0,0,0,0,0,0
"03428822",1,"2015","2014",2,0.153,0.153,"2",0.15,0.15,"0","T",0,0,0,"D",0,"D",0,"D",55000,"D",0,"D",0,"D",0,"D",0,"D",0,"D",1000,"D",25,"D",0,"D",1,"D",0,"D",2063,0,2112.5,2037.5,0,0,8415,8415,55000,55000,0,0,1000,1000,0,0,0,0,0,0,55000,55000,0,0,3112.5,3037.5,3112.5,3037.5,0,0,0,0,0,0,0,0,0,0,0
"03428822",2,"2015","2014",2,0,0,"3",-0.4,-0.4,"0","T",0,0,0,"D",0,"D",0,"D",0,"D",0,"D",0,"D",0,"D",0,"D",0,"D",0,"D",0,"D",0,"D",1,"D",0,"D",0,0,0,0,0,0,0,0,0,0,0,0,0,0,0,0,0,0,0,0,0,0,0,0,0,0,0,0,0,0,0,0,0,0,0,0,0,0,0
"03428832",1,"2015","2014",5,0.029,0.029,"2",0.3,0.3,"0","T",0,0,0,"D",0,"D",120385,"D",0,"D",0,"D",0,"D",0,"D",0,"D",3000,"D",0,"D",3714,"D",800,"D",5,"D",600,"D",7141,0,7315.5,7053,0,0,17999.16,18185.16,120385,120385,0,0,4480.75,4480.75,0,0,0,0,0,0,120385,120385,0,0,11796.25,11533.75,11796.25,11533.75,0,0,0,0,0,0,0,0,0,0,0
"03428872",1,"2015","2014",2,0.0829,0.0829,"2",0.2671,0.2666,"17","D",0.046,0.048,0,"D",0,"D",100000,"D",130000,"D",-2400,"D",0,"D",0,"D",0,"D",0,"D",4000,"D",2636,"D",0,"D",2,"D",10392,"D",39016,9285,39138.08,38954.44,9446.73,9204.36,33578,33764,227600,227600,230000.01,230000.01,0,0,0,0,0,0,0,0,217208,217208,0,0,39138.08,38954.44,39138.08,38954.44,7500,7500,11068.2,8514,0,0,0,0,0,0,0
"03428912",1,"2015","2014",1,0.153,0.153,"2",0.2375,0.2375,"21","D",0.05,0.05,0,"D",0,"D",55978,"D",94740,"D",0,"D",0,"D",0,"D",0,"D",0,"D",6600,"D",135,"D",0,"D",1,"D",24112,"D",17262,5391,17369.99,17207.49,5391.05,5391.05,23059.85,23059.85,150718,150718,149518.01,149518.01,0,0,0,0,0,0,0,0,126606,126606,0,0,17369.99,17207.49,17369.99,17207.49,4000,4000,30847,30847,0,0,0,0,0,0,0
"03428932",1,"2015","2014",3,0.153,0.153,"2",0.2356,0.2355,"34","D",0.0575,0.058,0,"D",0,"D",89000,"D",96000,"D",0,"D",0,"D",0,"D",0,"D",0,"D",1600,"D",0,"D",0,"D",2,"D",8012,"D",28046,9803,28157,27990.75,9860,9775,28305,28305,185000,185000,185000.01,185000.01,0,0,0,0,0,0,0,0,176988,176988,0,0,28157,27990.75,28157,27990.75,15000,15000,9612,9612,0,0,0,0,0,0,0
"03428942",1,"2015","2014",2,0,0,"3",0,0,"44","D",0,0,0,"D",0,"D",0,"D",0,"D",6535,"D",13600,"D",0,"D",0,"D",0,"D",620,"D",0,"D",0,"D",0,"D",0,"D",0,0,0,0,0,0,0,0,20135,20135,0,0,0,0,0,0,0,0,0,0,20135,20135,0,0,0,0,0,0,0,0,0,0,0,0,0,0,0,0,0
"03428982",1,"2015","2014",0,0,0,"1",0,0,"10","D",0,0,1,"D",1,"D",0,"D",0,"D",0,"D",0,"D",15240,"D",0,"D",0,"D",650,"D",0,"D",0,"D",0,"D",3588,"D",0,0,0,0,0,0,0,0,0,0,0,0,0,0,0,0,0,0,0,0,0,0,0,0,0,0,0,0,0,0,0,0,0,0,0,0,0,0,0
"03429012",1,"2015","2014",0,0.153,0.153,"1",0,0,"02","D",0,0,0,"D",0,"D",1000,"D",0,"D",4000,"D",0,"D",0,"D",0,"D",14400,"D",0,"D",0,"D",0,"D",0,"D",600,"D",0,0,0,0,0,0,153,153,5000,5000,0,0,0,0,0,0,0,0,0,0,5000,5000,0,0,0,0,0,0,0,0,0,0,0,0,0,0,0,0,0
"03429012",2,"2015","2014",1,0,0,"3",-0.34,-0.34,"02","D",0,0,0,"D",0,"D",0,"D",0,"D",0,"D",0,"D",0,"D",0,"D",0,"D",0,"D",0,"D",0,"D",0,"D",0,"D",0,0,0,0,0,0,0,0,0,0,0,0,0,0,0,0,0,0,0,0,0,0,0,0,0,0,0,0,0,0,0,0,0,0,0,0,0,0,0
"03429044",1,"2015","2014",2,0,0,"3",-0.4,-0.4,"45","D",0,0,0,"D",0,"D",0,"D",0,"D",0,"D",0,"D",0,"D",0,"D",8400,"D",0,"D",0,"D",0,"D",0,"D",2160,"D",0,0,0,0,0,0,0,0,0,0,0.01,0.01,0,0,0,0,0,0,0,0,0,0,0,0,0,0,0,0,0,0,0,0,0,0,0,0,0,0,0
"03429052",1,"2015","2014",1,0.153,0.153,"3",0.3098,0.3098,"03","D",0.0288,0.0288,0,"D",0,"D",37401,"D",0,"D",0,"D",0,"D",0,"D",0,"D",7800,"D",0,"D",50,"D",0,"D",0,"D",0,"D",2133,540,2235.1,2082.46,543.43,537.76,5722.35,5722.35,37401,37401,37401.01,37401.01,0,0,0,0,0,0,177.55,282.69,37401,37401,0,0,2412.65,2365.15,2412.65,2365.15,10018,10182,593.43,587.76,0,0,0,0,0,0,0
"03429062",1,"2015","2014",0,0.153,0.153,"1",0.2415,0.2709,"01","D",0.0341,0.0326,1,"D",1,"D",34158,"D",0,"D",68551,"D",0,"D",0,"D",0,"D",0,"D",3800,"D",0,"D",0,"D",0,"D",600,"D",18472,3746,18548.61,18434.14,3742.37,3748.09,5226.17,5226.17,102709,102709,102709.01,102709.01,0,0,0,0,0,0,0,0,102109,102109,0,0,18548.61,18434.14,18548.61,18434.14,2000,2000,7013.09,7013.09,0,0,0,0,0,0,0
"03429082",1,"2015","2014",0,0,0,"1",0,0,"12","D",0,0,1,"D",1,"D",0,"D",0,"D",0,"D",0,"D",17458,"D",0,"D",43356,"D",0,"D",0,"D",0,"D",0,"D",0,"D",0,-185,0,0,-185,-185,0,0,0,0,0.01,0.01,0,0,0,0,0,0,0,0,0,0,0,0,0,0,0,0,2200,2200,289.72,289.72,0,0,0,0,0,0,0
"03429112",1,"2015","2014",4,0.153,0.153,"2",0.1405,0.1405,"45","D",0.063,0.063,0,"D",0,"D",0,"D",116000,"D",-22950,"D",0,"D",0,"D",0,"D",0,"D",1200,"D",40,"D",0,"D",4,"D",16080,"D",2348,3390,2386.53,2329.4,3403.11,3384.03,17748,17748,93050,93050,93050.01,93050.01,4000,4000,0,0,0,0,0,0,76970,76970,0,0,6386.53,6329.4,6386.53,6329.4,0,0,0,0,0,0,0,0,0,0,0
"03429182",1,"2015","2014",1,0.153,0.153,"2",0.2598,0.2598,"18","D",0.0423,0.0476,0,"D",0,"D",2700,"D",26000,"D",-2860,"D",0,"D",9718,"D",0,"D",0,"D",80,"D",140,"D",0,"D",0,"D",2856,"D",-2378,868,-2276.69,-2428.01,937.28,833.14,4391.1,4391.1,25840,25840,25840.01,25840.01,0,0,0,0,0,0,2435.69,2552.01,25840,25840,0,0,159,124,159,124,2400,2440,3076,3076,0,0,0,0,0,0,0
"03429192",1,"2015","2014",0,0,0,"1",0,0,"05","D",0,0,1,"D",1,"D",0,"D",0,"D",0,"D",0,"D",9120,"D",0,"D",2664,"D",0,"D",20,"D",0,"D",0,"D",48,"D",0,0,0,0,0,0,0,0,0,0,0.01,0.01,0,0,0,0,0,0,0,0,0,0,0,0,0,0,0,0,3992,4044,68,68,0,0,0,0,0,0,0
"03429242",1,"2015","2014",0,0,0,"1",0,-0.0765,"26","D",0,0,1,"D",0,"D",0,"D",0,"D",0,"D",219,"D",8050,"D",0,"D",2880,"D",0,"D",0,"D",0,"D",0,"D",0,"D",0,-733,0,0,0,-1100,0,0,219,219,219.01,219.01,0,0,0,0,0,0,0,0,219,219,0,0,0,0,0,0,6200,7850,0,0,0,1100,0,0,0,0,0
"03440091",1,"2015","2014",0,0.153,0.153,"2",0.1,0.1,"45","D",0.063,0.063,0,"D",0,"D",32125,"D",2300,"D",0,"D",0,"D",0,"D",0,"D",0,"D",1408,"D",7500,"D",0,"D",0,"D",0,"D",1398,705,1412.5,1382.5,715.94,693.85,5267.02,5267.02,34425,34425,34425.01,34425.01,0,0,0,0,0,0,0,0,34425,34425,0,0,1412.5,1382.5,1412.5,1382.5,0,0,0,0,0,0,0,0,0,0,0
"03440091",2,"2015","2014",0,0.153,0.153,"1",0.25,0.25,"45","D",0.05,0.05,0,"D",0,"D",75569,"D",0,"D",0,"D",0,"D",0,"D",0,"D",0,"D",0,"D",0,"D",0,"D",0,"D",0,"D",12161,3778,12211,12111,3778.45,3778.45,11562.06,11562.06,75569,75569,75569.01,75569.01,0,0,0,0,0,0,0,0,75569,75569,0,0,12211,12111,12211,12111,0,0,0,0,0,0,0,0,0,0,0
"03440091",3,"2015","2014",0,0.153,0.153,"1",0.1765,0.1765,"45","D",0.05,0.05,0,"D",0,"D",11178,"D",0,"D",0,"D",0,"D",0,"D",0,"D",0,"D",0,"D",0,"D",0,"D",0,"D",0,"D",-175,5,-158.5,-191.21,9.15,0.9,1710.23,1710.23,11178,11178,11178.01,11178.01,0,0,0,0,0,0,261.3,279.01,11178,11178,0,0,102.8,87.8,102.8,87.8,0,0,0,0,0,0,0,0,0,0,0
"03440104",1,"2015","2014",0,0.153,0.153,"2",0.1,0.1,"38","D",0.081,0.081,0,"D",0,"D",35000,"D",0,"D",0,"D",0,"D",0,"D",0,"D",0,"D",80,"D",0,"D",0,"D",0,"D",0,"D",1455,1785,1470,1440,1792.89,1776.31,5355,5355,35000,35000,35000.01,35000.01,0,0,0,0,0,0,0,0,35000,35000,0,0,1470,1440,1470,1440,4231.2,4289.91,80,80,0,0,0,0,0,0,0
"03440111",1,"2015","2014",0,0,0,"1",0,0,"25","D",0,0,1,"D",1,"D",0,"D",0,"D",0,"D",0,"D",11674,"D",0,"D",6360,"D",0,"D",0,"D",0,"D",0,"D",0,"D",0,0,0,0,0,0,0,0,0,0,0.01,0.01,0,0,0,0,0,0,0,0,0,0,0,0,0,0,0,0,2300,2300,0,0,0,0,0,0,0,0,0
"03440121",1,"2015","2014",4,0.153,0.153,"2",-0.15,-0.15,"10","D",0,0,0,"D",0,"D",8665,"D",7188,"D",0,"D",0,"D",0,"D",0,"D",0,"D",1300,"D",0,"D",0,"D",3,"D",3008,"D",-8120,0,-8070.95,-8169.95,0,0,2425.51,2425.51,15853,15853,0,0,0,0,1927.95,1927.95,0,0,6143,6242,15853,15853,0,0,0,0,0,0,0,0,0,0,0,0,0,0,0,0,0
"03440131",1,"2015","2014",0,0.038,0.038,"1",0.35,0.35,"24","D",0.1017,0.1016,0,"D",0,"D",277175,"D",0,"D",0,"D",0,"D",0,"D",0,"D",13980,"D",0,"D",0,"D",0,"D",0,"D",0,"D",70159,22203,70366.25,69951.25,22243.08,22163.8,23240.65,23426.65,277175,277175,277175.01,277175.01,0,0,0,0,0,0,0,0,277175,277175,3216.93,3124.1,67149.32,66827.15,67149.32,66827.15,0,0,21553.83,21596.05,0,0,0,0,0,0,0
"03440141",1,"2015","2014",3,0.038,0.038,"3",0.35,0.35,"06","D",0.0463,0.0463,0,"D",0,"D",228786,"D",0,"D",0,"D",0,"D",0,"D",0,"D",0,"D",3500,"D",0,"D",0,"D",2,"D",13228,"D",48593,9062,48800.3,48385.3,9086.75,9036.49,21401.87,21587.87,228786,228786,0,0,0,0,0,0,0,0,0,0,215558,215558,5806.35,5584.78,42993.95,42800.52,42993.95,42800.52,0,0,0,0,0,0,0,0,0,0,0
"03440151",1,"2015","2014",0,0,0,"1",-0.0765,-0.0765,"0","T",0,0,0,"D",0,"D",0,"D",0,"D",0,"D",0,"D",9730,"D",0,"D",1836,"D",0,"D",0,"D",0,"D",0,"D",0,"D",0,0,0,0,0,0,0,0,0,0,0,0,0,0,0,0,0,0,0,0,0,0,0,0,0,0,0,0,0,0,0,0,0,0,0,0,0,0,0
"03440181",1,"2015","2014",0,0,0,"1",-0.0765,-0.0765,"33","D",-0.021,-0.021,0,"D",0,"D",0,"D",0,"D",0,"D",0,"D",11314,"D",0,"D",0,"D",2000,"D",17,"D",0,"D",0,"D",0,"D",0,-54,0,0,-54.37,-54.37,0,0,0,0,0.01,0.01,0,0,0,0,0,0,0,0,0,0,0,0,0,0,0,0,7800,7900,0,0,54.37,54.37,0,0,0,0,0
"03440181",2,"2015","2014",1,0,0,"3",-0.34,-0.34,"33","D",-0.102,-0.102,0,"D",0,"D",0,"D",0,"D",0,"D",0,"D",0,"D",0,"D",0,"D",0,"D",0,"D",0,"D",0,"D",0,"D",0,-100,0,0,-100,-100,0,0,0,0,0.01,0.01,0,0,0,0,0,0,0,0,0,0,0,0,0,0,0,0,10950,11100,0,0,0,0,0,0,0,0,0
"03440191",1,"2015","2014",0,0,0,"1",0,0,"33","D",0,0,1,"D",1,"D",0,"D",0,"D",0,"D",0,"D",0,"D",0,"D",2604,"D",0,"D",0,"D",0,"D",0,"D",240,"D",0,0,0,0,0,0,0,0,0,0,0.01,0.01,0,0,0,0,0,0,0,0,0,0,0,0,0,0,0,0,7800,7900,0,0,0,0,0,0,0,0,0
"03440201",1,"2015","2014",3,0.153,0.153,"2",0.2106,0.2106,"44","D",0,0,0,"D",0,"D",30000,"D",0,"D",0,"D",0,"D",0,"D",0,"D",7200,"D",0,"D",0,"D",0,"D",2,"D",0,"D",-6814,0,-6723.56,-6904.69,0,0,4590,4590,30000,30000,0,0,0,0,2000,2000,0,0,4723.56,4904.69,30000,30000,0,0,0,0,0,0,0,0,0,0,0,0,0,0,0,0,0
"03440221",1,"2015","2014",0,0,0,"1",0.1,0.1,"0","T",0,0,1,"D",1,"D",0,"D",0,"D",0,"D",14400,"D",15862,"D",0,"D",0,"D",5500,"D",180,"D",0,"D",0,"D",0,"D",263,0,270,255,0,0,0,0,14400,14400,0,0,0,0,0,0,0,0,0,0,14400,14400,0,0,270,255,270,255,0,0,0,0,0,0,0,0,0,0,0
"03440234",1,"2015","2014",0,0.153,0.153,"1",0.2275,0.2275,"38","D",0.09,0.09,0,"D",0,"D",100000,"D",0,"D",0,"D",0,"D",0,"D",0,"D",0,"D",8000,"D",20,"D",0,"D",0,"D",0,"D",15959,7469,15994.83,15923.08,7475.7,7462.7,15300,15300,100000,100000,100000.01,100000.01,0,0,0,0,0,0,0,0,100000,100000,0,0,15994.83,15923.08,15994.83,15923.08,2115.6,2144.96,8020,8020,0,0,0,0,0,0,0
"03440241",1,"2015","2014",2,0.153,0.153,"2",0.1944,0.1925,"14","D",0.0375,0.05,0,"D",0,"D",46531,"D",70000,"D",0,"D",0,"D",0,"D",0,"D",0,"D",5500,"D",0,"D",0,"D",2,"D",21548,"D",7782,4449,7702.52,7860.64,5126.55,3772.41,17829.24,17829.24,116531,116531,116531.01,116531.01,1673.45,1673.45,0,0,0,0,0,0,94983,94983,0,0,9375.97,9534.09,9375.97,9534.09,0,0,0,0,275,275,0,0,0,0,0
"03440261",1,"2015","2014",6,0.153,0.153,"2",0.0606,0.0606,"33","D",0.0587,0.0587,0,"D",0,"D",41000,"D",0,"D",0,"D",0,"D",0,"D",0,"D",43356,"D",0,"D",20,"D",0,"D",6,"D",120,"D",-8198,-1848,-8106.96,-8288.09,-1815.34,-1880.64,6273,6273,41000,41000,41000.01,41000.01,0,0,5700,5700,0,0,2406.96,2588.09,41000,41000,0,0,0,0,0,0,15650,15850,0,0,0,0,0,0,722.09,776.43,0
"03440261",2,"2015","2014",0,0.153,0.153,"1",0.15,0.15,"33","D",0.06,0.06,0,"D",0,"D",22079,"D",0,"D",0,"D",0,"D",0,"D",0,"D",0,"D",0,"D",0,"D",0,"D",0,"D",0,"D",1321,579,1335.6,1305.6,584.78,573.81,3378.09,3378.09,22079,22079,22079.01,22079.01,0,0,0,0,0,0,0,0,22079,22079,0,0,1335.6,1305.6,1335.6,1305.6,7800,7900,0,0,0,0,0,0,0,0,0
"03440261",3,"2015","2014",0,0.153,0.153,"1",0.1765,0.1765,"33","D",0.0629,0.0629,0,"D",0,"D",12172,"D",0,"D",0,"D",0,"D",0,"D",0,"D",0,"D",0,"D",0,"D",0,"D",0,"D",0,"D",1,115,16.94,-15.77,119.3,109.99,1862.32,1862.32,12172,12172,12172.01,12172.01,0,0,0,0,0,0,185.26,202.97,12172,12172,0,0,202.2,187.2,202.2,187.2,7800,7900,0,0,0,0,0,0,7.57,12.88,0
"03440271",1,"2015","2014",0,0.153,0.153,"1",0.15,0.15,"24","D",0.0535,0.0535,0,"D",0,"D",26163,"D",0,"D",0,"D",0,"D",0,"D",0,"D",0,"D",0,"D",0,"D",0,"D",0,"D",0,"D",1933,853,1948.2,1918.2,856.7,848.67,4002.94,4002.94,26163,26163,26163.01,26163.01,0,0,0,0,0,0,0,0,26163,26163,0,0,1948.2,1918.2,1948.2,1918.2,6200,6300,0,0,0,0,0,0,0,0,0
"03440271",2,"2015","2014",0,0.153,0.153,"1",0.15,0.15,"24","D",0.0535,0.0535,0,"D",0,"D",30289,"D",0,"D",0,"D",0,"D",0,"D",0,"D",0,"D",0,"D",0,"D",0,"D",0,"D",0,"D",2552,1073,2567.1,2537.1,1077.44,1069.41,4634.22,4634.22,30289,30289,30289.01,30289.01,0,0,0,0,0,0,0,0,30289,30289,0,0,2567.1,2537.1,2567.1,2537.1,6200,6300,0,0,0,0,0,0,0,0,0
"03440301",1,"2015","2014",0,0.153,0.153,"1",0.25,0.25,"05","D",0.093,0.093,0,"D",0,"D",60000,"D",0,"D",0,"D",0,"D",0,"D",0,"D",0,"D",650,"D",153,"D",0,"D",0,"D",0,"D",8269,2590,8318.75,8218.75,2609.54,2571.34,9180,9180,60000,60000,60000.01,60000.01,0,0,0,0,0,0,0,0,60000,60000,0,0,8318.75,8218.75,8318.75,8218.75,3992,4044,803,803,0,0,0,0,0,0,0
"03440301",2,"2015","2014",0,0,0,"1",-0.0765,-0.0765,"05","D",0,0,0,"D",0,"D",0,"D",0,"D",0,"D",0,"D",0,"D",0,"D",0,"D",0,"D",0,"D",0,"D",0,"D",0,"D",0,0,0,0,0,0,0,0,0,0,0.01,0.01,0,0,0,0,0,0,0,0,0,0,0,0,0,0,0,0,3992,4044,0,0,0,0,0,0,0,0,0
"03440311",1,"2015","2014",0,0.153,0.153,"2",0.1,0.1,"43","D",0,0,0,"D",0,"D",3840,"D",26000,"D",0,"D",0,"D",0,"D",0,"D",2400,"D",0,"D",2514,"D",0,"D",0,"D",480,"D",939,0,954,924,0,0,4565.52,4565.52,29840,29840,0,0,0,0,0,0,0,0,0,0,29840,29840,0,0,954,924,954,924,0,0,0,0,0,0,0,0,0,0,0
"03440321",1,"2015","2014",0,0.153,0.153,"1",0.1765,0.1765,"01","D",0.0412,0.0412,0,"D",0,"D",13437,"D",0,"D",0,"D",0,"D",0,"D",0,"D",0,"D",0,"D",0,"D",0,"D",0,"D",0,"D",224,421,240.22,207.51,419.84,421.47,2055.86,2055.86,13437,13437,13437.01,13437.01,0,0,0,0,0,0,88.48,106.19,13437,13437,0,0,328.7,313.7,328.7,313.7,2500,2500,1027.93,1027.93,0,0,0,0,0,0,0
"03440331",1,"2015","2014",2,0,0,"3",-0.4,-0.4,"0","T",0,0,0,"D",0,"D",0,"D",0,"D",0,"D",0,"D",0,"D",0,"D",0,"D",1600,"D",0,"D",0,"D",0,"D",75,"D",0,0,0,0,0,0,0,0,0,0,0,0,0,0,0,0,0,0,0,0,0,0,0,0,0,0,0,0,0,0,0,0,0,0,0,0,0,0,0
"03440361",1,"2015","2014",7,0.153,0.153,"3",0.1,0.1,"10","D",0,0,0,"D",0,"D",37482,"D",0,"D",5077,"D",0,"D",0,"D",0,"D",0,"D",470,"D",0,"D",0,"D",3,"D",4920,"D",-2842,0,-2814.1,-2869.1,0,0,5734.75,5734.75,42559,42559,0,0,185.9,130.9,2814.1,2869.1,0,0,0,0,42559,42559,0,0,185.9,130.9,185.9,130.9,0,0,0,0,0,0,0,0,0,0,0
"03440361",2,"2015","2014",0,0,0,"2",0,0,"10","D",0,0,2,"D",2,"D",0,"D",0,"D",0,"D",0,"D",22947,"D",0,"D",0,"D",0,"D",0,"D",0,"D",0,"D",0,"D",0,0,0,0,0,0,0,0,0,0,0,0,0,0,0,0,0,0,0,0,0,0,0,0,0,0,0,0,0,0,0,0,0,0,0,0,0,0,0
"03440361",4,"2015","2014",0,0.153,0.153,"1",0.15,0.15,"10","D",0,0,0,"D",0,"D",28711,"D",0,"D",0,"D",0,"D",0,"D",0,"D",0,"D",0,"D",0,"D",0,"D",0,"D",0,"D",2315,0,2330.4,2300.4,0,0,4392.78,4392.78,28711,28711,0,0,0,0,0,0,0,0,0,0,28711,28711,0,0,2330.4,2300.4,2330.4,2300.4,0,0,0,0,0,0,0,0,0,0,0
"03440374",1,"2015","2014",0,0.153,0.153,"1",0.15,0.15,"36","D",0.0297,0.0317,0,"D",0,"D",34221,"D",0,"D",0,"D",0,"D",0,"D",0,"D",7056,"D",0,"D",0,"D",0,"D",0,"D",0,"D",3142,663,3156.9,3126.9,684.48,641.34,5235.81,5235.81,34221,34221,34221.01,34221.01,0,0,0,0,0,0,0,0,34221,34221,0,0,3156.9,3126.9,3156.9,3126.9,0,0,0,0,0,0,0,0,0,0,0
"03440401",1,"2015","2014",0,0.153,0.153,"1",0,0,"33","D",0,0,0,"D",0,"D",7200,"D",0,"D",-97,"D",0,"D",0,"D",0,"D",6960,"D",0,"D",0,"D",0,"D",0,"D",0,"D",-500,-150,-496,-503,-148.8,-150.9,1101.6,1101.6,7103,7103,7103.01,7103.01,0,0,0,0,0,0,496,503,7103,7103,0,0,0,0,0,0,7800,7900,0,0,0,0,0,0,148.8,150.9,0
"03440421",1,"2015","2014",3,0.153,0.153,"2",0.199,0.2983,"44","D",0,0,0,"D",0,"D",51000,"D",65000,"D",-3120,"D",0,"D",0,"D",0,"D",0,"D",4000,"D",0,"D",0,"D",3,"D",12864,"D",7508,0,7591.74,7425.14,0,0,17748,17748,112880,112880,0,0,2856,2856,0,0,0,0,0,0,100016,100016,0,0,10447.74,10281.14,10447.74,10281.14,0,0,0,0,0,0,0,0,0,0,0
"03440431",1,"2015","2014",0,0.153,0.153,"2",0.0765,0.0765,"39","D",0.2137,0.2137,1,"D",1,"D",15203,"D",0,"D",0,"D",0,"D",28558,"D",0,"D",0,"D",700,"D",500,"D",0,"D",0,"D",540,"D",-380,411,-368.78,-391.85,411.28,411.28,2326.06,2326.06,15203,15203,15203.01,15203.01,0,0,0,0,0,0,368.78,391.85,15203,15203,0,0,0,0,0,0,0,0,0,0,0,0,0,0,0,0,0
"03440464",1,"2015","2014",1,0.153,0.153,"3",0.15,0.15,"22","D",0.0515,0.052,0,"D",0,"D",65000,"D",0,"D",0,"D",0,"D",0,"D",0,"D",22740,"D",0,"D",0,"D",0,"D",0,"D",0,"D",6529,2515,6552.5,6505,2527.2,2502.9,9945,9945,65000,65000,65000.01,65000.01,0,0,0,0,0,0,0,0,65000,65000,0,0,6552.5,6505,6552.5,6505,0,0,0,0,0,0,0,0,0,0,0
"03440472",1,"2015","2014",0,0.153,0.153,"2",0.25,0.25,"01","D",0.0337,0.0337,0,"D",0,"D",43750,"D",56000,"D",98,"D",0,"D",0,"D",0,"D",8100,"D",1200,"D",312,"D",0,"D",0,"D",1440,"D",11500,3658,11599.5,11399.5,3653.28,3663.28,15261.75,15261.75,99848,99848,99848.01,99848.01,0,0,0,0,0,0,0,0,99848,99848,0,0,11599.5,11399.5,11599.5,11399.5,4000,4000,10582.88,10582.88,0,0,0,0,0,0,0
"03440481",1,"2015","2014",0,0,0,"1",0.15,0.15,"44","D",0,0,0,"D",0,"D",0,"D",0,"D",0,"D",42000,"D",0,"D",0,"D",0,"D",1100,"D",0,"D",0,"D",0,"D",2400,"D",4309,0,4323.75,4293.75,0,0,0,0,42000,42000,0,0,0,0,0,0,0,0,0,0,42000,42000,0,0,4323.75,4293.75,4323.75,4293.75,0,0,0,0,0,0,0,0,0,0,0
"03440501",1,"2015","2014",0,0.153,0.153,"1",0.1,0.1,"34","D",0.0575,0.058,0,"D",0,"D",15000,"D",0,"D",0,"D",0,"D",0,"D",0,"D",13908,"D",0,"D",520,"D",0,"D",0,"D",0,"D",478,433,485,470,435,431.25,2295,2295,15000,15000,15000.01,15000.01,0,0,0,0,0,0,0,0,15000,15000,0,0,485,470,485,470,7500,7500,0,0,0,0,0,0,0,0,0
"03440501",2,"2015","2014",0,0.153,0.153,"1",0.15,0.15,"34","D",0.0575,0.058,0,"D",0,"D",26000,"D",0,"D",0,"D",0,"D",0,"D",0,"D",0,"D",0,"D",0,"D",0,"D",0,"D",0,"D",1909,1068,1923.75,1893.75,1073,1063.75,3978,3978,26000,26000,26000.01,26000.01,0,0,0,0,0,0,0,0,26000,26000,0,0,1923.75,1893.75,1923.75,1893.75,7500,7500,0,0,0,0,0,0,0,0,0
"03440511",1,"2015","2014",0,0.153,0.153,"1",-0.0765,-0.0765,"0","T",0,0,0,"D",0,"D",640,"D",0,"D",0,"D",0,"D",22438,"D",0,"D",7800,"D",0,"D",200,"D",0,"D",0,"D",1560,"D",-49,0,-48.96,-48.96,0,0,97.92,97.92,640,640,0,0,0,0,0,0,0,0,48.96,48.96,640,640,0,0,0,0,0,0,0,0,0,0,0,0,0,0,0,0,0
"03440531",1,"2015","2014",0,0,0,"1",0,0,"44","D",0,0,1,"D",1,"D",0,"D",0,"D",400,"D",7012,"D",15274,"D",0,"D",0,"D",2400,"D",0,"D",0,"D",0,"D",0,"D",0,0,0,0,0,0,0,0,7412,7412,0,0,0,0,0,0,0,0,0,0,7412,7412,0,0,0,0,0,0,0,0,0,0,0,0,0,0,0,0,0
"03440551",1,"2015","2014",3,0.153,0.153,"3",0.3106,0.3106,"31","D",0.0807,0.0596,0,"D",0,"D",25771,"D",0,"D",0,"D",0,"D",0,"D",0,"D",19200,"D",0,"D",0,"D",0,"D",1,"D",0,"D",-5484,-1008,-5383.53,-5584.92,-759.38,-1256.36,3942.96,3942.96,25771,25771,25771.01,25771.01,87.1,52.1,912.9,947.9,0,0,4470.63,4637.02,25771,25771,0,0,87.1,52.1,87.1,52.1,0,0,0,0,0,0,0,0,894.12,1391.1,0
"03440561",1,"2015","2014",0,0.153,0.153,"1",0.1,0.1,"41","D",0.04,0.04,0,"D",0,"D",17000,"D",0,"D",650,"D",0,"D",0,"D",0,"D",6000,"D",0,"D",30,"D",0,"D",0,"D",0,"D",743,153,750,735,156,150,2601,2601,17650,17650,7500.01,7350.01,0,0,0,0,0,0,0,0,17650,17650,0,0,750,735,750,735,0,0,0,0,0,0,0,0,0,0,0
"03440581",1,"2015","2014",0,0.153,0.153,"2",0.15,0.15,"23","D",0.0425,0.0425,0,"D",0,"D",60001,"D",31000,"D",0,"D",0,"D",0,"D",0,"D",0,"D",1000,"D",8,"D",0,"D",0,"D",1376,"D",9668,3528,9697.65,9637.65,3527.54,3527.54,13923.15,13923.15,91001,91001,91001.01,91001.01,0,0,0,0,0,0,0,0,91001,91001,0,0,9697.65,9637.65,9697.65,9637.65,0,0,0,0,0,0,0,0,0,0,0
"03440591",1,"2015","2014",0,0.153,0.153,"1",0.25,0.25,"50","D",0.0702,0.0702,0,"D",0,"D",74000,"D",0,"D",-3198,"D",0,"D",0,"D",0,"D",13620,"D",0,"D",300,"D",0,"D",0,"D",440,"D",10969,3582,11019.25,10919.25,3590.92,3573.39,11322,11322,70802,70802,70802.01,70802.01,0,0,0,0,0,0,0,0,70802,70802,0,0,11019.25,10919.25,11019.25,10919.25,3347.76,3547.41,440,440,0,0,0,0,0,0,0
"03440601",1,"2015","2014",0,0.153,0.153,"1",0.25,0.25,"34","D",0.0575,0.058,0,"D",0,"D",60000,"D",0,"D",-3600,"D",0,"D",0,"D",0,"D",15000,"D",0,"D",0,"D",0,"D",0,"D",0,"D",7369,2824,7418.75,7318.75,2836.2,2811.75,9180,9180,56400,56400,56400.01,56400.01,0,0,0,0,0,0,0,0,56400,56400,0,0,7418.75,7318.75,7418.75,7318.75,7500,7500,0,0,0,0,0,0,0,0,0
"03440601",2,"2015","2014",0,0.153,0.153,"1",0.15,0.25,"34","D",0.0575,0.058,0,"D",0,"D",50000,"D",0,"D",-2727,"D",0,"D",0,"D",0,"D",0,"D",0,"D",0,"D",0,"D",0,"D",0,"D",5111,2297,5137,5084.7,2306.83,2286.95,7650,7650,47273,47273,47273.01,47273.01,0,0,0,0,0,0,0,0,47273,47273,0,0,5137,5084.7,5137,5084.7,7500,7500,0,0,0,0,0,0,0,0,0
"03440611",1,"2015","2014",3,0.153,0.153,"3",0.1488,0.1488,"05","D",0,0,0,"D",0,"D",58624,"D",0,"D",0,"D",0,"D",0,"D",19200,"D",0,"D",3000,"D",0,"D",0,"D",2,"D",17648,"D",500,0,520.22,480.22,0,0,8969.47,8969.47,58624,58624,58624.01,58624.01,2000,2000,0,0,0,0,0,0,40976,40976,0,0,2520.22,2480.22,2520.22,2480.22,7984,8088,20648,20648,0,0,0,0,0,0,0
"03440621",1,"2015","2014",2,0.153,0.153,"3",0.3097,0.3097,"10","D",0,0,0,"D",0,"D",35321,"D",0,"D",0,"D",0,"D",0,"D",0,"D",0,"D",2600,"D",0,"D",0,"D",0,"D",9760,"D",-807,0,-721.74,-892.14,0,0,5404.11,5404.11,35321,35321,0,0,0,0,0,0,0,0,1776.4,1931.79,25561,25561,0,0,1054.65,1039.65,1054.65,1039.65,0,0,0,0,0,0,0,0,0,0,0
"03440641",1,"2015","2014",3,0.153,0.153,"2",0.0937,0.0937,"45","D",0.063,0.063,0,"D",0,"D",0,"D",56000,"D",0,"D",0,"D",0,"D",0,"D",0,"D",1100,"D",517,"D",0,"D",3,"D",15824,"D",-1255,1231,-1243.05,-1266.36,1239.45,1222.62,8568,8568,56000,56000,56000.01,56000.01,1756.95,1733.64,1243.05,1266.36,0,0,0,0,40176,40176,0,0,1756.96,1733.64,1756.95,1733.64,0,0,0,0,0,0,0,0,0,0,0
"03440661",1,"2015","2014",0,0.153,0.153,"1",0.15,0.15,"31","D",0.035,0.035,0,"D",0,"D",38740,"D",0,"D",0,"D",0,"D",0,"D",0,"D",8400,"D",0,"D",0,"D",0,"D",0,"D",0,"D",3820,488,3834.75,3804.75,488.4,488.4,5927.22,5927.22,38740,38740,38740.01,38740.01,0,0,0,0,0,0,0,0,38740,38740,0,0,3834.75,3804.75,3834.75,3804.75,0,0,0,0,0,0,0,0,0,0,0
"03440681",1,"2015","2014",0,0,0,"1",0,0,"26","D",0.0037,0.0037,1,"D",1,"D",0,"D",0,"D",0,"D",216,"D",15778,"D",0,"D",4320,"D",0,"D",50,"D",0,"D",0,"D",0,"D",0,-1040,0,0,-1040.02,-1040.02,0,0,216,216,216.01,216.01,0,0,0,0,0,0,0,0,216,216,0,0,0,0,0,0,7750,7850,0,0,1040.02,1040.02,0,0,0,0,0
"03440691",1,"2015","2014",0,0.153,0.153,"2",0.1429,0.1429,"21","D",0.0475,0.0475,0,"D",0,"D",58501,"D",4000,"D",-3755,"D",90,"D",0,"D",0,"D",0,"D",4700,"D",3077,"D",0,"D",0,"D",15052,"D",3099,1297,3114.03,3084.03,1296.83,1296.83,9562.65,9562.65,58836,58836,57636.01,57636.01,0,0,0,0,0,0,0,0,43784,43784,0,0,3114.03,3084.03,3114.03,3084.03,4000,4000,22829,22829,0,0,0,0,0,0,0
"03440713",1,"2015","2014",1,0.153,0.153,"2",0.15,0.15,"34","D",0.0575,0.058,0,"D",0,"D",36000,"D",50000,"D",0,"D",0,"D",0,"D",0,"D",11960,"D",0,"D",0,"D",0,"D",1,"D",240,"D",7321,4000,7355,7287.5,4018,3982.5,13158,13158,86000,86000,86000.01,86000.01,1000,1000,0,0,0,0,0,0,86000,86000,0,0,8355,8287.5,8355,8287.5,15000,15000,240,240,0,0,0,0,0,0,0
"03440741",1,"2015","2014",0,0,0,"2",0.15,0.15,"05","D",0.04,0.04,2,"D",2,"D",0,"D",0,"D",0,"D",60000,"D",34400,"D",0,"D",0,"D",2800,"D",0,"D",0,"D",0,"D",4980,"D",9036,749,9073.5,8998.5,758.77,739.05,0,0,89240,89240,60000.01,60000.01,0,0,0,0,0,0,0,0,89240,89240,0,0,9073.5,8998.5,9073.5,8998.5,7984,8088,7780,7780,0,0,0,0,0,0,0
"03440761",1,"2015","2014",1,0.153,0.153,"3",0.2523,0.2522,"22","D",0.0755,0.076,0,"D",0,"D",28000,"D",0,"D",0,"D",0,"D",0,"D",0,"D",0,"D",3000,"D",15,"D",0,"D",1,"D",10740,"D",-2152,496,-2096.06,-2208.89,507.22,484.15,4284,4284,28000,28000,28000.01,28000.01,583.78,576.08,416.22,423.92,0,0,1679.83,1784.97,17260,17260,0,0,583.78,576.08,583.78,576.08,0,0,0,0,0,0,0,0,251.97,267.75,0
"03440781",1,"2015","2014",0,0,0,"1",0,0,"31","D",0,0,1,"D",1,"D",0,"D",0,"D",0,"D",0,"D",21600,"D",0,"D",0,"D",6700,"D",600,"D",0,"D",0,"D",10908,"D",0,0,0,0,0,0,0,0,0,0,0,0,0,0,0,0,0,0,0,0,0,0,0,0,0,0,0,0,0,0,0,0,50,50,0,0,0,0,0
"03440791",1,"2015","2014",0,0,0,"1",-0.0765,-0.0765,"0","T",0,0,0,"D",0,"D",0,"D",0,"D",0,"D",0,"D",17062,"D",0,"D",3600,"D",0,"D",0,"D",0,"D",0,"D",0,"D",0,0,0,0,0,0,0,0,0,0,0,0,0,0,0,0,0,0,0,0,0,0,0,0,0,0,0,0,0,0,0,0,0,0,0,0,0,0,0
"03440801",1,"2015","2014",0,0.153,0.153,"1",0.25,0.25,"34","D",0.0575,0.058,0,"D",0,"D",88000,"D",0,"D",-17450,"D",0,"D",0,"D",0,"D",12960,"D",0,"D",0,"D",0,"D",0,"D",480,"D",10906,3641,10956.25,10856.25,3656.9,3625.38,13464,13464,70550,70550,70550.01,70550.01,0,0,0,0,0,0,0,0,70550,70550,0,0,10956.25,10856.25,10956.25,10856.25,7500,7500,480,480,0,0,0,0,0,0,0
"03440811",1,"2015","2014",0,0.153,0.153,"2",0.0765,0.0765,"22","D",0.059,0.0595,0,"D",0,"D",10200,"D",9601,"D",0,"D",0,"D",0,"D",0,"D",14700,"D",0,"D",0,"D",0,"D",0,"D",0,"D",-29,331,-17.03,-40.1,334.73,328.03,3029.55,3029.55,19801,19801,19801.01,19801.01,0,0,0,0,0,0,17.03,40.1,19801,19801,0,0,0,0,0,0,0,0,0,0,0,0,0,0,2.55,6.01,0
"03440833",1,"2015","2014",1,0.0786,0.0786,"2",0.28,0.28,"02","D",0,0,0,"D",0,"D",80000,"D",120000,"D",-5400,"D",0,"D",0,"D",0,"D",1800,"D",0,"D",0,"D",0,"D",1,"D",0,"D",34798,0,34945,34651.5,0,0,30228,30414,194600,194600,0,0,0,0,0,0,0,0,0,0,194600,194600,0,0,34945,34651.5,34945,34651.5,0,0,0,0,0,0,0,0,0,0,0
"03440841",1,"2015","2014",2,0.153,0.153,"3",0.15,0.15,"02","D",0,0,0,"D",0,"D",43000,"D",0,"D",14088,"D",0,"D",0,"D",0,"D",0,"D",3200,"D",2724,"D",0,"D",1,"D",2244,"D",3746,0,3773.2,3718.2,0,0,6579,6579,57088,57088,0,0,1000,1000,0,0,0,0,0,0,57088,57088,0,0,4773.2,4718.2,4773.2,4718.2,0,0,0,0,0,0,0,0,0,0,0
"03440841",2,"2015","2014",2,0,0,"3",-0.4,-0.4,"02","D",0,0,0,"D",0,"D",0,"D",0,"D",0,"D",0,"D",0,"D",0,"D",0,"D",0,"D",0,"D",0,"D",1,"D",0,"D",0,0,0,0,0,0,0,0,0,0,0,0,0,0,0,0,0,0,0,0,0,0,0,0,0,0,0,0,0,0,0,0,0,0,0,0,0,0,0
"03440851",1,"2015","2014",1,0.153,0.153,"2",0.15,0.15,"41","D",0.0673,0.0673,0,"D",0,"D",25000,"D",40000,"D",-30,"D",0,"D",0,"D",0,"D",10800,"D",0,"D",219,"D",0,"D",1,"D",0,"D",4167,2174,4200.5,4133,2185.8,2161.3,9945,9945,64970,64970,40720.01,40370.01,1000,1000,0,0,0,0,0,0,64970,64970,0,0,5200.5,5133,5200.5,5133,0,0,0,0,0,0,0,0,0,0,0
"03440881",1,"2015","2014",1,0.153,0.153,"3",0.2598,0.2598,"0","T",0,0,0,"D",0,"D",24565,"D",0,"D",0,"D",0,"D",0,"D",0,"D",4200,"D",0,"D",0,"D",0,"D",0,"D",0,"D",-1537,0,-1472.25,-1602.38,0,0,3758.44,3758.44,24565,24565,0,0,0,0,0,0,0,0,2228.75,2333.88,24565,24565,0,0,756.5,731.5,756.5,731.5,0,0,0,0,0,0,0,0,0,0,0
"03440891",1,"2015","2014",0,0,0,"1",0,0,"44","D",0,0,1,"D",1,"D",0,"D",0,"D",0,"D",1488,"D",24358,"D",0,"D",0,"D",2420,"D",171,"D",0,"D",0,"D",5732,"D",0,0,0,0,0,0,0,0,1488,1488,0,0,0,0,0,0,0,0,0,0,1488,1488,0,0,0,0,0,0,0,0,0,0,0,0,0,0,0,0,0
"03440901",1,"2015","2014",1,0.153,0.153,"2",0.15,0.1397,"41","D",0.0688,0.0688,0,"D",0,"D",80721,"D",17000,"D",0,"D",0,"D",0,"D",0,"D",0,"D",1200,"D",2664,"D",0,"D",1,"D",5416,"D",8957,4631,8868.23,9045.65,4752.77,4509.87,14951.31,14951.31,97721,97721,71838.24,73121.01,1000,1000,0,0,0,0,0,0,92305,97721,0,0,9868.23,10045.65,9868.23,10045.65,0,0,0,0,0,0,0,0,0,0,0
"03440914",1,"2015","2014",1,0.153,0.153,"3",0.15,0.15,"05","D",0.04,0.04,0,"D",0,"D",46280,"D",0,"D",0,"D",0,"D",0,"D",0,"D",14400,"D",0,"D",0,"D",0,"D",1,"D",0,"D",2721,191,2744.5,2697,200.88,180.17,7080.84,7080.84,46280,46280,46280.01,46280.01,1000,1000,0,0,0,0,0,0,46280,46280,0,0,3744.5,3697,3744.5,3697,7984,8088,0,0,0,0,0,0,0,0,0
"03440921",1,"2015","2014",0,0,0,"1",-0.0765,-0.0765,"23","D",0.0129,0.0129,0,"D",0,"D",0,"D",0,"D",0,"D",0,"D",9540,"D",0,"D",0,"D",0,"D",0,"D",0,"D",0,"D",0,"D",0,-58,0,0,-58.03,-58.03,0,0,0,0,0.01,0.01,0,0,0,0,0,0,0,0,0,0,0,0,0,0,0,0,0,0,0,0,0,0,0,0,0,0,0
"03440941",1,"2015","2014",0,0.153,0.153,"1",0.2555,0.2555,"24","D",0.1466,0.1466,1,"D",1,"D",33794,"D",0,"D",-3270,"D",0,"D",22222,"D",0,"D",0,"D",2000,"D",212,"D",0,"D",0,"D",4392,"D",3993,1264,3999.33,3986.84,1272.56,1255.83,5170.48,5170.48,41513.75,41513.75,41513.77,41513.77,0,0,0,0,0,0,0,0,37121.75,37121.75,0,0,3999.33,3986.84,3999.33,3986.84,0,0,7876.56,7859.83,409.5,410.31,0,0,0,0,0
"03440951",1,"2015","2014",1,0.153,0.153,"2",0.15,0.15,"44","D",0,0,0,"D",0,"D",27000,"D",57000,"D",-368,"D",0,"D",0,"D",0,"D",0,"D",2000,"D",40,"D",0,"D",1,"D",5248,"D",6966,0,6999.8,6932.3,0,0,12852,12852,83632,83632,0,0,1000,1000,0,0,0,0,0,0,83632,83632,0,0,7999.8,7932.3,7999.8,7932.3,0,0,0,0,0,0,0,0,0,0,0
"03440961",1,"2015","2014",2,0,0,"3",-0.4,-0.4,"01","D",0,0,0,"D",0,"D",0,"D",0,"D",1200,"D",960,"D",0,"D",0,"D",0,"D",120,"D",78,"D",0,"D",0,"D",0,"D",0,0,0,0,0,0,0,0,2160,2160,2160.01,2160.01,0,0,0,0,0,0,0,0,2160,2160,0,0,0,0,0,0,4700,4700,198,198,0,0,0,0,0,0,0
"03440971",1,"2015","2014",1,0.0637,0.0637,"2",0.35,0.35,"28","D",0.0684,0.0684,0,"D",0,"D",228936,"D",60000,"D",-5500,"D",0,"D",0,"D",0,"D",0,"D",4100,"D",770,"D",0,"D",1,"D",14984,"D",56070,15964,56365.2,55775.2,15980.61,15947.98,30677.57,30863.57,283436,283436,283436.01,283436.01,0,0,0,0,0,0,0,0,268452,268452,2662.74,2486.97,53702.46,53288.23,53702.46,53288.23,0,0,19854,19854,0,0,0,0,0,0,0
"03440992",1,"2015","2014",0,0.153,0.153,"1",0.15,0.15,"44","D",0,0,0,"D",0,"D",42000,"D",0,"D",0,"D",0,"D",0,"D",0,"D",26400,"D",0,"D",0,"D",0,"D",0,"D",0,"D",4309,0,4323.75,4293.75,0,0,6426,6426,42000,42000,0,0,0,0,0,0,0,0,0,0,42000,42000,0,0,4323.75,4293.75,4323.75,4293.75,0,0,0,0,0,0,0,0,0,0,0
"03441001",1,"2015","2014",2,0.153,0.153,"3",0.3606,0.15,"0","T",0,0,0,"D",0,"D",44000,"D",0,"D",0,"D",0,"D",0,"D",0,"D",0,"D",1200,"D",158,"D",0,"D",1,"D",0,"D",1731,0,1810,1651.01,0,0,6732,6732,44000,44000,0,0,1000,1000,0,0,0,0,0,103.99,44000,44000,0,0,2810,2755,2810,2755,0,0,0,0,0,0,0,0,0,0,0
"03441021",1,"2015","2014",0,0.068,0.068,"2",0.35,0.35,"33","D",0.0665,0.0665,2,"D",2,"D",73000,"D",228786,"D",-7500,"D",0,"D",4306,"D",0,"D",0,"D",2800,"D",50,"D",0,"D",0,"D",0,"D",66393,18523,66688.14,66098.14,18529.29,18515.99,32777.87,32963.87,297946.1,297946.1,294286.01,294286.01,0,0,0,0,0,0,0,0,297946.1,297946.1,2123.59,1937.7,64564.55,64160.44,64564.55,64160.44,15650,15850,2137.5,2137.5,0,0,0,0,0,0,0
"03441031",1,"2015","2014",0,0.153,0.153,"1",0.15,0.15,"14","D",0.0375,0.05,0,"D",0,"D",31191,"D",0,"D",0,"D",0,"D",0,"D",0,"D",10800,"D",0,"D",0,"D",0,"D",0,"D",0,"D",2687,1271,2702.4,2672.4,1453.3,1089.04,4772.22,4772.22,31191,31191,31191.01,31191.01,0,0,0,0,0,0,0,0,31191,31191,0,0,2702.4,2672.4,2702.4,2672.4,0,0,0,0,0,0,0,0,0,0,0
"03441041",1,"2015","2014",0,0.153,0.153,"2",0.1,0.1,"05","D",0.02,0.02,0,"D",0,"D",11820,"D",15993,"D",6000,"D",0,"D",0,"D",0,"D",0,"D",100,"D",500,"D",0,"D",0,"D",1680,"D",1336,143,1351.3,1321.3,145.61,139.51,4255.39,4255.39,33813,33813,33813.01,33813.01,0,0,0,0,0,0,0,0,33813,33813,0,0,1351.3,1321.3,1351.3,1321.3,7984,8088,2280,2280,0,0,0,0,0,0,0
"03441041",2,"2015","2014",0,0.153,0.153,"1",0.15,0.15,"05","D",0.04,0.04,0,"D",0,"D",29000,"D",0,"D",-382,"D",0,"D",0,"D",0,"D",0,"D",0,"D",0,"D",0,"D",0,"D",0,"D",2301,428,2316.45,2286.45,432.1,423.25,4437,4437,28618,28618,28618.01,28618.01,0,0,0,0,0,0,0,0,28618,28618,0,0,2316.45,2286.45,2316.45,2286.45,3992,4044,0,0,0,0,0,0,0,0,0
"03441041",3,"2015","2014",1,0,0,"3",-0.34,-0.34,"05","D",0,0,0,"D",0,"D",0,"D",0,"D",0,"D",0,"D",0,"D",0,"D",0,"D",0,"D",0,"D",0,"D",0,"D",0,"D",0,0,0,0,0,0,0,0,0,0,0.01,0.01,0,0,0,0,0,0,0,0,0,0,0,0,0,0,0,0,7984,8088,0,0,0,0,0,0,0,0,0
"03441051",1,"2015","2014",0,0.153,0.153,"1",-0.0765,-0.0765,"23","D",0.0554,0.0554,0,"D",0,"D",4200,"D",0,"D",0,"D",0,"D",0,"D",0,"D",0,"D",0,"D",0,"D",0,"D",0,"D",0,"D",-321,-162,-321.3,-321.3,-162.26,-162.26,642.6,642.6,4200,4200,4200.01,4200.01,0,0,0,0,0,0,321.3,321.3,4200,4200,0,0,0,0,0,0,0,0,0,0,0,0,0,0,19.28,19.28,0
"03441061",1,"2015","2014",2,0.153,0.153,"2",0.188,0.188,"05","D",0.08,0.08,0,"D",0,"D",72000,"D",47000,"D",0,"D",0,"D",0,"D",0,"D",0,"D",9000,"D",1100,"D",0,"D",2,"D",22368,"D",7777,2352,7795.18,7758.81,2380.77,2323.24,18207,18207,119000,119000,119000.01,119000.01,1550,1550,0,0,0,0,0,0,96632,96632,0,0,9345.18,9308.81,9345.18,9308.81,7984,8088,32468,32468,0,0,0,0,0,0,0
"03441081",1,"2015","2014",0,0.0414,0.0414,"2",0.2788,0.2788,"44","D",0,0,0,"D",0,"D",246181,"D",7000,"D",-9881,"D",0,"D",0,"D",0,"D",0,"D",3000,"D",908,"D",0,"D",0,"D",19428,"D",46008,0,46119.54,45896.04,0,0,22746.88,22932.88,243300,243300,0,0,0,0,0,0,0,0,0,0,223872,223872,0,0,46119.54,45896.04,46119.54,45896.04,0,0,0,0,0,0,0,0,0,0,0
"03441081",2,"2015","2014",1,0,0,"3",-0.34,-0.34,"44","D",0,0,0,"D",0,"D",0,"D",0,"D",0,"D",0,"D",0,"D",0,"D",0,"D",0,"D",0,"D",0,"D",0,"D",0,"D",0,0,0,0,0,0,0,0,0,0,0,0,0,0,0,0,0,0,0,0,0,0,0,0,0,0,0,0,0,0,0,0,0,0,0,0,0,0,0
"03441091",1,"2015","2014",0,0.153,0.153,"1",-0.0765,-0.0765,"33","D",-0.0229,-0.0229,0,"D",0,"D",5000,"D",0,"D",-1000,"D",0,"D",0,"D",0,"D",15600,"D",0,"D",0,"D",0,"D",0,"D",400,"D",-383,-115,-382.5,-382.5,-114.75,-114.75,765,765,4000,4000,4000.01,4000.01,0,0,0,0,0,0,382.5,382.5,4000,4000,0,0,0,0,0,0,7800,7900,0,0,0,0,0,0,114.75,114.75,0
"03441111",1,"2015","2014",1,0.153,0.153,"3",0.25,0.25,"0","T",0,0,0,"D",0,"D",90000,"D",0,"D",0,"D",0,"D",0,"D",0,"D",0,"D",1600,"D",586,"D",0,"D",0,"D",5112,"D",12586,0,12662.5,12510,0,0,13770,13770,90000,90000,0,0,0,0,0,0,0,0,0,0,90000,90000,0,0,12662.5,12510,12662.5,12510,0,0,0,0,0,0,0,0,0,0,0
"03441131",1,"2015","2014",2,0.153,0.153,"3",0.3106,0.3106,"47","D",0.0996,0.0996,0,"D",0,"D",25736,"D",0,"D",0,"D",0,"D",0,"D",0,"D",16800,"D",0,"D",0,"D",0,"D",0,"D",600,"D",-3409,115,-3316.4,-3501.79,130.4,99.32,3937.61,3937.61,25736,25736,25736.01,25736.01,0,0,0,0,0,0,3795,3950.39,25736,25736,0,0,478.6,448.6,478.6,448.6,3000,3000,0,0,0,0,0,0,759,790.08,0
"03441161",1,"2015","2014",2,0.153,0.153,"2",0.15,0.25,"0","T",0,0,0,"D",0,"D",39047,"D",55400,"D",8880,"D",0,"D",0,"D",0,"D",0,"D",1800,"D",0,"D",0,"D",2,"D",8616,"D",8390,0,8494.25,8286.55,0,0,14450.39,14450.39,103327,103327,0,0,2000,2000,0,0,0,0,0,0,103327,103327,0,0,10494.25,10286.55,10494.25,10286.55,0,0,0,0,0,0,0,0,0,0,0
"03441181",1,"2015","2014",0,0.153,0.153,"1",0.1,0.1,"47","D",0.05,0.05,0,"D",0,"D",18000,"D",0,"D",-797,"D",0,"D",0,"D",0,"D",15600,"D",0,"D",0,"D",0,"D",0,"D",1200,"D",698,534,705.3,690.3,533.65,533.65,2754,2754,17203,17203,17203.01,17203.01,0,0,0,0,0,0,0,0,17203,17203,0,0,705.3,690.3,705.3,690.3,3000,3000,0,0,0,0,0,0,0,0,0
"03441191",1,"2015","2014",0,0,0,"1",-0.0765,-0.0765,"31","D",-0.0229,-0.0153,0,"D",0,"D",0,"D",0,"D",0,"D",0,"D",19678,"D",0,"D",0,"D",1100,"D",1968,"D",0,"D",0,"D",5300,"D",0,0,0,0,0,0,0,0,0,0,0.01,0.01,0,0,0,0,0,0,0,0,0,0,0,0,0,0,0,0,0,0,0,0,50,50,0,0,0,0,0
"03441201",1,"2015","2014",1,0.153,0.153,"2",0.15,0.15,"28","D",0.0684,0.0684,0,"D",0,"D",38655,"D",36511,"D",5,"D",0,"D",0,"D",0,"D",0,"D",2500,"D",620,"D",0,"D",0,"D",300,"D",6697,2222,6730.65,6663.15,2245.14,2198.83,11500.4,11500.4,75171,75171,75171.01,75171.01,0,0,0,0,0,0,0,0,75171,75171,0,0,6730.65,6663.15,6730.65,6663.15,12400,12600,0,0,0,0,0,0,0,0,0
"03441201",3,"2015","2014",0,0.153,0.153,"1",0.15,0.15,"28","D",0.0501,0.0501,0,"D",0,"D",25729,"D",0,"D",0,"D",0,"D",0,"D",0,"D",0,"D",0,"D",0,"D",0,"D",0,"D",0,"D",1868,543,1883.1,1853.1,548.9,537.07,3936.54,3936.54,25729,25729,25729.01,25729.01,0,0,0,0,0,0,0,0,25729,25729,0,0,1883.1,1853.1,1883.1,1853.1,6200,6300,0,0,0,0,0,0,0,0,0
"03441231",1,"2015","2014",2,0.029,0.029,"2",0.2856,0.2856,"47","D",0.0575,0.0575,0,"D",0,"D",140000,"D",0,"D",257,"D",0,"D",0,"D",0,"D",0,"D",4600,"D",162,"D",0,"D",2,"D",24932,"D",13357,5886,13444.61,13269.61,5885.97,5885.97,18568,18754,140257,140257,140257.01,140257.01,487.15,487.15,0,0,0,0,0,0,115325,115325,0,0,13931.76,13756.76,13931.76,13756.76,6000,6000,29694,29694,0,0,0,0,0,0,0
"03441241",1,"2015","2014",0,0.153,0.153,"1",0.2231,0.2231,"36","D",0.0297,0.0317,0,"D",0,"D",1500,"D",0,"D",0,"D",22896,"D",1824,"D",0,"D",0,"D",2300,"D",49,"D",0,"D",0,"D",7804,"D",1048,341,1055.92,1040.92,353.13,329.64,229.5,229.5,24550,24550,24396.01,24396.01,0,0,0,0,0,0,0,0,16746,16746,0,0,1055.92,1040.92,1055.92,1040.92,0,0,0,0,0,0,0,0,0,0,0
"03441251",1,"2015","2014",0,0.153,0.153,"2",0,0,"31","D",0.0175,0.0175,0,"D",0,"D",45037,"D",0,"D",0,"D",0,"D",0,"D",0,"D",0,"D",8500,"D",0,"D",0,"D",0,"D",31368,"D",0,534,0,0,534.4,534.4,6890.66,6890.66,45037,45037,45037.01,45037.01,0,0,0,0,0,0,0,0,13669,13669,0,0,0,0,0,0,0,0,0,0,0,0,0,0,0,0,0
"03441251",2,"2015","2014",0,0.153,0.153,"1",0.15,0.25,"31","D",0.0552,0.0552,0,"D",0,"D",47642,"D",0,"D",0,"D",0,"D",0,"D",0,"D",0,"D",0,"D",0,"D",0,"D",0,"D",0,"D",5185,1084,5229.25,5140.05,1084.47,1084.47,7289.23,7289.23,47642,47642,47642.01,47642.01,0,0,0,0,0,0,0,0,47642,47642,0,0,5229.25,5140.05,5229.25,5140.05,0,0,0,0,0,0,0,0,0,0,0
"03441271",1,"2015","2014",1,0.153,0.153,"3",-0.34,-0.34,"43","D",0,0,0,"D",0,"D",4800,"D",0,"D",0,"D",0,"D",0,"D",0,"D",2400,"D",0,"D",8,"D",0,"D",0,"D",0,"D",-1632,0,-1632,-1632,0,0,734.4,734.4,4800,4800,0,0,0,0,0,0,0,0,1632,1632,4800,4800,0,0,0,0,0,0,0,0,0,0,0,0,0,0,0,0,0
"03441282",1,"2015","2014",0,0.153,0.153,"1",0,0,"28","D",0,0,0,"D",0,"D",8000,"D",0,"D",0,"D",0,"D",0,"D",0,"D",4500,"D",0,"D",120,"D",0,"D",0,"D",0,"D",-500,-50,-496,-503,-49.6,-50.3,1224,1224,8000,8000,8000.01,8000.01,0,0,0,0,0,0,496,503,8000,8000,0,0,0,0,0,0,6200,6300,0,0,0,0,0,0,49.6,50.3,0
"03441301",1,"2015","2014",0,0,0,"1",0,0,"39","D",0,0,1,"D",1,"D",0,"D",0,"D",0,"D",6502,"D",19462,"D",0,"D",0,"D",2500,"D",0,"D",0,"D",0,"D",0,"D",0,0,0,0,0,0,0,0,6502,6502,0.01,0.01,0,0,0,0,0,0,0,0,6502,6502,0,0,0,0,0,0,0,0,0,0,0,0,0,0,0,0,0
"03441331",1,"2015","2014",0,0.153,0.153,"1",0.0765,0.0765,"36","D",0,0,0,"D",0,"D",9000,"D",0,"D",0,"D",0,"D",0,"D",0,"D",6900,"D",0,"D",7,"D",0,"D",0,"D",0,"D",-437,0,-427.91,-445.62,0,0,1377,1377,9000,9000,9000.01,9000.01,0,0,0,0,0,0,427.91,445.62,9000,9000,0,0,0,0,0,0,0,0,0,0,0,0,0,0,0,0,0
"03441342",1,"2015","2014",2,0.153,0.153,"2",0.15,0.15,"17","D",0.027,0.027,0,"D",0,"D",35000,"D",9000,"D",10000,"D",0,"D",0,"D",0,"D",0,"D",0,"D",3300,"D",0,"D",0,"D",800,"D",2925,743,2962.5,2887.5,742.5,742.5,6732,6732,54000,54000,44000.01,44000.01,0,0,0,0,0,0,0,0,54000,54000,0,0,2962.5,2887.5,2962.5,2887.5,7500,7500,0,0,0,0,0,0,0,0,0
"03441351",1,"2015","2014",3,0.153,0.153,"2",0.3106,0.3106,"06","D",0.0674,0.0463,0,"D",0,"D",32000,"D",12000,"D",0,"D",0,"D",0,"D",0,"D",13200,"D",0,"D",0,"D",0,"D",3,"D",0,"D",-3703,422,-3590.16,-3816.29,548.66,296.19,6732,6732,44000,44000,0,0,1185,1140,1815,1860,0,0,1775.16,1956.29,44000,44000,0,0,1185,1140,1185,1140,0,0,0,0,0,0,0,0,0,195.63,0
"03441361",1,"2015","2014",0,0,0,"1",0,0,"14","D",0,0,1,"D",1,"D",0,"D",0,"D",0,"D",4000,"D",11446,"D",0,"D",0,"D",4000,"D",591,"D",0,"D",0,"D",5000,"D",0,0,0,0,0,0,0,0,4000,4000,0.01,0.01,0,0,0,0,0,0,0,0,4000,4000,0,0,0,0,0,0,0,0,0,0,0,0,0,0,0,0,0
"03441411",1,"2015","2014",0,0,0,"1",-0.0765,-0.0765,"23","D",0.0339,0.0339,0,"D",0,"D",0,"D",0,"D",0,"D",0,"D",11122,"D",0,"D",2520,"D",0,"D",45,"D",0,"D",0,"D",0,"D",0,-99,0,0,-99.16,-99.16,0,0,0,0,0.01,0.01,0,0,0,0,0,0,0,0,0,0,0,0,0,0,0,0,0,0,0,0,68.82,68.82,0,0,0,0,0
"03441431",1,"2015","2014",0,0.153,0.153,"1",0.2324,0.2324,"24","D",0.0705,0.0705,0,"D",0,"D",49000,"D",0,"D",19381,"D",0,"D",0,"D",0,"D",0,"D",5200,"D",25,"D",0,"D",0,"D",600,"D",9946,2096,9980.39,9911.99,2109.43,2083.06,7497,7497,68381,68381,68381.01,68381.01,0,0,0,0,0,0,0,0,67781,67781,0,0,9980.39,9911.99,9980.39,9911.99,0,0,7934.43,7908.06,1576.05,1586.5,0,0,0,0,0
"03441431",2,"2015","2014",0,0.153,0.153,"1",0.25,0.25,"24","D",0.0705,0.0705,0,"D",0,"D",56481,"D",0,"D",-5500,"D",0,"D",0,"D",0,"D",0,"D",0,"D",0,"D",0,"D",0,"D",0,"D",6014,2451,6064,5964,2458.78,2442.86,8641.59,8641.59,50981,50981,50981.01,50981.01,0,0,0,0,0,0,0,0,50981,50981,0,0,6064,5964,6064,5964,6200,6300,0,0,0,0,0,0,0,0,0
"03441441",1,"2015","2014",1,0.029,0.029,"3",0.325,0.325,"47","D",0.0575,0.0575,0,"D",0,"D",180000,"D",0,"D",0,"D",16000,"D",0,"D",0,"D",0,"D",1600,"D",350,"D",0,"D",1,"D",12340,"D",38171,10084,38337,38005.5,10083.88,10083.88,19728,19914,196000,196000,196000.01,196000.01,0,0,0,0,0,0,0,0,183660,183660,1907.69,1755.69,36429.32,36249.82,36429.32,36249.82,3000,3000,14290,14290,0,0,0,0,0,0,0
"03441441",2,"2015","2014",0,0.153,0.153,"1",0.15,0.15,"47","D",0.0575,0.0575,0,"D",0,"D",30000,"D",0,"D",0,"D",0,"D",0,"D",0,"D",0,"D",0,"D",0,"D",0,"D",0,"D",0,"D",2509,1242,2523.75,2493.75,1241.53,1241.53,4590,4590,30000,30000,30000.01,30000.01,0,0,0,0,0,0,0,0,30000,30000,0,0,2523.75,2493.75,2523.75,2493.75,3000,3000,0,0,0,0,0,0,0,0,0
"03441441",3,"2015","2014",0,0.153,0.153,"1",0.1,0.1,"47","D",0.05,0.05,0,"D",0,"D",15000,"D",0,"D",0,"D",0,"D",0,"D",0,"D",0,"D",0,"D",0,"D",0,"D",0,"D",0,"D",478,424,485,470,423.5,423.5,2295,2295,15000,15000,15000.01,15000.01,0,0,0,0,0,0,0,0,15000,15000,0,0,485,470,485,470,3000,3000,0,0,0,0,0,0,0,0,0
"03441451",1,"2015","2014",3,0.153,0.153,"2",0.1431,0.1431,"06","D",0.0463,0.0463,0,"D",0,"D",35000,"D",24000,"D",0,"D",0,"D",0,"D",0,"D",0,"D",1200,"D",0,"D",0,"D",3,"D",11040,"D",-66,1227,-43.58,-88.95,1250.56,1202.99,9027,9027,59000,59000,0,0,2956.42,2911.05,43.58,88.95,0,0,0,0,47960,47960,0,0,2956.42,2911.05,2956.42,2911.05,0,0,0,0,0,0,0,0,0,0,0
"03441471",1,"2015","2014",0,0.153,0.153,"2",0.2369,0.2369,"21","D",0.0525,0.0525,1,"D",0,"D",83000,"D",60000,"D",10090,"D",10200,"D",16758,"D",0,"D",0,"D",5000,"D",0,"D",0,"D",0,"D",15256,"D",27369,6453,27370.25,27367.25,6747.29,6159.29,21879,21879,177534.3,177534.3,162090.01,151890.01,0,0,0,0,0,0,0,0,162278.3,162278.3,0,0,27370.25,27367.25,27370.25,27367.25,4000,4000,20256,20256,0,0,0,0,0,0,0
"03441481",1,"2015","2014",1,0.153,0.153,"2",0.15,0.15,"19","D",0.034,0.034,0,"D",0,"D",20000,"D",39991,"D",-62,"D",0,"D",0,"D",0,"D",0,"D",0,"D",0,"D",0,"D",1,"D",10204,"D",3411,1552,3444.35,3376.85,1559.39,1544.09,9178.62,9178.62,59929,59929,59929.01,59929.01,1000,1000,0,0,0,0,0,0,59929,59929,0,0,4444.35,4376.85,4444.35,4376.85,0,0,0,0,0,0,0,0,0,0,0
"03441491",1,"2015","2014",0,0.153,0.153,"1",0.25,0.25,"10","D",0,0,0,"D",0,"D",65000,"D",0,"D",0,"D",0,"D",0,"D",0,"D",0,"D",1700,"D",0,"D",0,"D",0,"D",0,"D",9519,0,9568.75,9468.75,0,0,9945,9945,65000,65000,0,0,0,0,0,0,0,0,0,0,65000,65000,0,0,9568.75,9468.75,9568.75,9468.75,0,0,0,0,0,0,0,0,0,0,0
"03441501",1,"2015","2014",1,0.153,0.153,"2",0.15,0.15,"45","D",0.063,0.063,0,"D",0,"D",35000,"D",40000,"D",-1246,"D",0,"D",0,"D",0,"D",0,"D",30,"D",818,"D",0,"D",1,"D",3600,"D",5484,3004,5518.1,5450.6,3015.91,2991.58,11475,11475,73754,73754,73754.01,73754.01,1000,1000,0,0,0,0,0,0,73754,73754,0,0,6518.1,6450.6,6518.1,6450.6,0,0,0,0,0,0,0,0,0,0,0
"03441511",1,"2015","2014",1,0.153,0.153,"2",0.15,0.15,"12","D",0.072,0.072,0,"D",0,"D",40000,"D",12000,"D",650,"D",0,"D",0,"D",0,"D",0,"D",0,"D",177,"D",0,"D",1,"D",0,"D",2319,2478,2352.5,2285,2478.1,2478.1,7956,7956,52650,52650,52650.01,52650.01,1000,1000,0,0,0,0,0,0,52650,52650,0,0,3352.5,3285,3352.5,3285,4400,4400,2655.1,2655.1,0,0,0,0,0,0,0
"03441521",1,"2015","2014",1,0,0,"3",-0.34,-0.34,"23","D",0.0146,0.0146,1,"D",1,"D",0,"D",0,"D",50,"D",5268,"D",19462,"D",0,"D",0,"D",1500,"D",434,"D",0,"D",0,"D",1200,"D",0,-634,0,0,-634.41,-634.41,0,0,5318,5318,50.01,50.01,0,0,0,0,0,0,0,0,5318,5318,0,0,0,0,0,0,0,0,0,0,634.41,634.41,0,0,0,0,0
"03441531",1,"2015","2014",0,0.153,0.153,"2",0.15,0.15,"39","D",0.0307,0.0307,0,"D",0,"D",33160,"D",21102,"D",9643,"D",16174,"D",6331,"D",0,"D",0,"D",2900,"D",175,"D",0,"D",0,"D",1600,"D",8837,2458,8866.55,8806.55,2458.43,2458.43,8302.09,8302.09,85460.35,85460.35,80079.01,80079.01,0,0,0,0,0,0,0,0,85460.35,85460.35,0,0,8866.55,8806.55,8866.55,8806.55,0,0,0,0,0,0,0,0,0,0,0
"03441541",1,"2015","2014",0,0.153,0.153,"2",0.1444,0.1425,"14","D",0.0375,0.05,0,"D",0,"D",26066,"D",60000,"D",59,"D",0,"D",0,"D",0,"D",0,"D",2300,"D",155,"D",0,"D",0,"D",8096,"D",8709,3466,8646.79,8770.58,3978.75,2953.44,13168.1,13168.1,86125,86125,86125.01,86125.01,0,0,0,0,0,0,0,0,78029,78029,0,0,8646.79,8770.58,8646.79,8770.58,0,0,0,0,115,115,0,0,0,0,0
"03441551",1,"2015","2014",4,0.153,0.153,"2",0.15,0.15,"48","D",0,0,0,"D",0,"D",0,"D",99428,"D",46,"D",0,"D",0,"D",0,"D",18600,"D",0,"D",0,"D",0,"D",4,"D",2400,"D",4554,0,4598.6,4508.6,0,0,15212.48,15212.48,99474,99474,0,0,4000,4000,0,0,0,0,0,0,99474,99474,0,0,8598.6,8508.6,8598.6,8508.6,0,0,0,0,0,0,0,0,0,0,0
"03441564",1,"2015","2014",0,0.153,0.153,"1",0.15,0.15,"33","D",0.0645,0.0645,0,"D",0,"D",43587,"D",0,"D",0,"D",0,"D",0,"D",0,"D",14400,"D",0,"D",0,"D",0,"D",0,"D",0,"D",4547,1972,4561.8,4531.8,1979.37,1965.16,6668.81,6668.81,43587,43587,43587.01,43587.01,0,0,0,0,0,0,0,0,43587,43587,0,0,4561.8,4531.8,4561.8,4531.8,7800,7900,0,0,0,0,0,0,0,0,0
"03441581",1,"2015","2014",0,0,0,"2",0.1,0.1,"39","D",0,0,2,"D",2,"D",0,"D",0,"D",72,"D",25727,"D",11480,"D",0,"D",0,"D",2200,"D",530,"D",0,"D",0,"D",1860,"D",290,0,309.9,269.9,0,0,0,0,25799,25799,72.01,72.01,0,0,0,0,0,0,0,0,25799,25799,0,0,309.9,269.9,309.9,269.9,0,0,0,0,0,0,0,0,0,0,0
"03441591",1,"2015","2014",0,0,0,"1",0,-0.0765,"25","D",0,0,1,"D",0,"D",0,"D",0,"D",0,"D",398,"D",16330,"D",0,"D",3780,"D",0,"D",30,"D",0,"D",0,"D",0,"D",0,0,0,0,0,0,0,0,398,398,398.01,0.01,0,0,0,0,0,0,0,0,398,398,0,0,0,0,0,0,2300,2300,30,30,0,0,0,0,0,0,0
"03441611",1,"2015","2014",0,0,0,"1",0,0,"15","D",0,0,1,"D",1,"D",0,"D",0,"D",0,"D",0,"D",7020,"D",0,"D",0,"D",30,"D",0,"D",0,"D",0,"D",0,"D",0,-100,0,0,-100,-100,0,0,0,0,0.01,0.01,0,0,0,0,0,0,0,0,0,0,0,0,0,0,0,0,0,0,0,0,0,0,0,0,0,0,0
"03441621",1,"2015","2014",1,0,0,"3",-0.34,-0.34,"33","D",-0.102,-0.102,1,"D",1,"D",0,"D",0,"D",0,"D",0,"D",18262,"D",0,"D",0,"D",16180,"D",2,"D",0,"D",0,"D",0,"D",0,-100,0,0,-100,-100,0,0,0,0,0.01,0.01,0,0,0,0,0,0,0,0,0,0,0,0,0,0,0,0,10950,11100,0,0,0,0,0,0,0,0,0
"03441631",1,"2015","2014",0,0,0,"1",0,0,"24","D",0.0102,0.0102,1,"D",1,"D",0,"D",0,"D",407,"D",976,"D",7018,"D",0,"D",0,"D",2300,"D",80,"D",0,"D",0,"D",0,"D",0,-1910,0,0,-1909.6,-1910.11,0,0,1383,1383,1383.01,1383.01,0,0,0,0,0,0,0,0,1383,1383,0,0,0,0,0,0,7750,7850,0,0,1909.6,1910.11,0,0,0,0,0
"03441651",1,"2015","2014",0,0.153,0.153,"2",0.25,0.25,"0","T",0,0,0,"D",0,"D",23000,"D",78000,"D",-605,"D",0,"D",0,"D",0,"D",0,"D",850,"D",820,"D",0,"D",0,"D",408,"D",11636,0,11736.25,11536.25,0,0,15453,15453,100395,100395,0,0,0,0,0,0,0,0,0,0,100395,100395,0,0,11736.25,11536.25,11736.25,11536.25,0,0,0,0,0,0,0,0,0,0,0
"03441661",1,"2015","2014",1,0.153,0.153,"3",0.1412,0.1411,"33","D",0.059,0.059,0,"D",0,"D",44561,"D",0,"D",0,"D",2400,"D",0,"D",0,"D",0,"D",9000,"D",4536,"D",0,"D",0,"D",7696,"D",1859,1033,1871.32,1847.46,1036.87,1029.26,6817.83,6817.83,46961,46961,46961.01,46961.01,0,0,0,0,0,0,0,0,39265,39265,0,0,1871.32,1847.46,1871.32,1847.46,10950,11100,21232,21232,0,0,0,0,0,0,0
"03441661",3,"2015","2014",0,0.153,0.153,"1",0.15,0.15,"33","D",0.0645,0.0645,0,"D",0,"D",36564,"D",0,"D",0,"D",0,"D",0,"D",0,"D",0,"D",0,"D",0,"D",0,"D",0,"D",0,"D",3493,1519,3508.35,3478.35,1526.39,1512.17,5594.29,5594.29,36564,36564,36564.01,36564.01,0,0,0,0,0,0,0,0,36564,36564,0,0,3508.35,3478.35,3508.35,3478.35,7800,7900,0,0,0,0,0,0,0,0,0
"03441671",1,"2015","2014",0,0.153,0.153,"2",0.2394,0.2394,"23","D",0.0425,0.0425,0,"D",0,"D",62000,"D",52000,"D",1050,"D",0,"D",0,"D",0,"D",0,"D",3600,"D",930,"D",0,"D",0,"D",3892,"D",15182,4550,15257.09,15107.09,4549.63,4549.63,17442,17442,115050,115050,115050.01,115050.01,0,0,0,0,0,0,0,0,111158,111158,0,0,15257.09,15107.09,15257.09,15107.09,0,0,0,0,0,0,0,0,0,0,0
"03441671",2,"2015","2014",0,0.153,0.153,"1",0.15,0.15,"23","D",0.0425,0.0425,0,"D",0,"D",32000,"D",0,"D",0,"D",0,"D",0,"D",0,"D",0,"D",0,"D",0,"D",0,"D",0,"D",0,"D",2809,1190,2823.75,2793.75,1190,1190,4896,4896,32000,32000,32000.01,32000.01,0,0,0,0,0,0,0,0,32000,32000,0,0,2823.75,2793.75,2823.75,2793.75,0,0,0,0,0,0,0,0,0,0,0
"03441681",1,"2015","2014",0,0.153,0.153,"1",0.15,0.15,"05","D",0.06,0.06,0,"D",0,"D",43000,"D",0,"D",0,"D",0,"D",0,"D",0,"D",0,"D",0,"D",3408,"D",0,"D",0,"D",0,"D",4459,1199,4473.75,4443.75,1207.62,1190.19,6579,6579,43000,43000,43000.01,43000.01,0,0,0,0,0,0,0,0,43000,43000,0,0,4473.75,4443.75,4473.75,4443.75,3992,4044,3408,3408,0,0,0,0,0,0,0
"03441694",1,"2015","2014",1,0.153,0.153,"2",0.3,0.3,"44","D",0,0,0,"D",0,"D",65700,"D",55000,"D",-674,"D",0,"D",0,"D",0,"D",0,"D",6000,"D",45,"D",0,"D",1,"D",1640,"D",15052,0,15157.8,14945.3,0,0,18467.1,18467.1,120026,120026,0,0,498.7,498.7,0,0,0,0,0,0,120026,120026,0,0,15656.5,15444,15656.5,15444,0,0,0,0,0,0,0,0,0,0,0
"03441701",1,"2015","2014",1,0.153,0.153,"2",0.1454,0.1454,"39","D",0.0307,0.0307,0,"D",0,"D",49569,"D",25000,"D",0,"D",0,"D",0,"D",0,"D",0,"D",2800,"D",1,"D",0,"D",1,"D",11388,"D",5010,2289,5028.61,4991.11,2289.27,2289.27,11409.06,11409.06,74569,74569,74569.01,74569.01,1000,1000,0,0,0,0,0,0,63181,63181,0,0,6028.61,5991.11,6028.61,5991.11,0,0,0,0,0,0,0,0,0,0,0
"03441701",2,"2015","2014",0,0.153,0.153,"1",0.1765,0.1765,"39","D",0.0307,0.0307,0,"D",0,"D",14000,"D",0,"D",0,"D",0,"D",0,"D",0,"D",0,"D",0,"D",0,"D",0,"D",0,"D",0,"D",323,430,339.59,306.88,429.8,429.8,2142,2142,14000,14000,14000.01,14000.01,0,0,0,0,0,0,45.41,63.12,14000,14000,0,0,385,370,385,370,0,0,0,0,0,0,0,0,0,0,0
"03441741",1,"2015","2014",0,0.153,0.153,"1",0.25,0.25,"05","D",0.093,0.093,0,"D",0,"D",61172,"D",0,"D",0,"D",0,"D",0,"D",0,"D",0,"D",1200,"D",510,"D",0,"D",0,"D",0,"D",8562,2699,8611.75,8511.75,2718.53,2680.34,9359.32,9359.32,61172,61172,61172.01,61172.01,0,0,0,0,0,0,0,0,61172,61172,0,0,8611.75,8511.75,8611.75,8511.75,3992,4044,1710,1710,0,0,0,0,0,0,0
"03441751",1,"2015","2014",1,0.153,0.153,"3",0.0992,0.0992,"05","D",0,0,0,"D",0,"D",55000,"D",0,"D",-4508,"D",0,"D",0,"D",0,"D",0,"D",3730,"D",80,"D",0,"D",1,"D",26088,"D",186,0,191.07,181.07,0,0,8415,8415,50492,50492,50492.01,50492.01,1000,1000,0,0,0,0,0,0,24404,24404,0,0,1191.07,1181.07,1191.07,1181.07,7984,8088,29898,29898,0,0,0,0,0,0,0
"03441761",1,"2015","2014",0,0.153,0.153,"2",0.15,0.15,"47","D",0.0575,0.0575,0,"D",0,"D",40000,"D",40000,"D",0,"D",0,"D",0,"D",0,"D",600,"D",0,"D",0,"D",0,"D",0,"D",0,"D",8018,3633,8047.5,7987.5,3633.05,3633.05,12240,12240,80000,80000,80000.01,80000.01,0,0,0,0,0,0,0,0,80000,80000,0,0,8047.5,7987.5,8047.5,7987.5,6000,6000,0,0,0,0,0,0,0,0,0
"03441791",1,"2015","2014",0,0.153,0.153,"2",0.1436,0.1436,"23","D",0.0425,0.0425,2,"D",2,"D",31539,"D",0,"D",2311,"D",30600,"D",23708,"D",0,"D",0,"D",7410,"D",412,"D",0,"D",0,"D",21748,"D",5982,1099,5997.48,5967.48,1098.63,1098.63,4825.47,4825.47,84601.8,84601.8,33850.01,33850.01,0,0,0,0,0,0,0,0,62853.8,62853.8,0,0,5997.48,5967.48,5997.48,5967.48,0,0,0,0,0,0,0,0,0,0,0
"03441801",1,"2015","2014",0,0,0,"1",-0.0765,-0.0765,"0","T",0,0,0,"D",0,"D",0,"D",0,"D",0,"D",0,"D",15149,"D",0,"D",4200,"D",0,"D",0,"D",0,"D",0,"D",0,"D",0,0,0,0,0,0,0,0,0,0,0,0,0,0,0,0,0,0,0,0,0,0,0,0,0,0,0,0,0,0,0,0,0,0,0,0,0,0,0
"03441811",1,"2015","2014",0,0.153,0.153,"1",0.25,0.25,"38","D",0.09,0.09,0,"D",0,"D",63000,"D",0,"D",-4516,"D",0,"D",0,"D",0,"D",15000,"D",0,"D",0,"D",0,"D",0,"D",0,"D",7890,4070,7939.75,7839.75,4079.66,4061.01,9639,9639,58484,58484,58484.01,58484.01,0,0,0,0,0,0,0,0,58484,58484,0,0,7939.75,7839.75,7939.75,7839.75,2115.6,2144.96,0,0,0,0,0,0,0,0,0
"03441821",1,"2015","2014",2,0.153,0.153,"2",0.26,0.325,"31","D",0.0637,0.0637,0,"D",0,"D",105000,"D",100000,"D",-23981,"D",0,"D",0,"D",0,"D",0,"D",16180,"D",15610,"D",0,"D",2,"D",24060,"D",19309,8061,19493.18,19125.34,8060.5,8060.5,31365,31365,181019,181019,205000.01,205000.01,0,0,0,0,0,0,0,0,156959,156959,2453.55,2260.72,17039.63,16864.63,17039.63,16864.63,0,0,0,0,0,0,0,0,0,0,0
"03441821",2,"2015","2014",0,0,0,"1",0.25,0.25,"31","D",0.0637,0.0637,1,"D",1,"D",0,"D",0,"D",0,"D",96696,"D",3204,"D",0,"D",0,"D",0,"D",0,"D",0,"D",0,"D",0,"D",17736,2950,17786.1,17686.1,2950.39,2950.39,0,0,99419.4,99419.4,81696.01,81696.01,0,0,0,0,0,0,0,0,99419.4,99419.4,0,0,17786.1,17686.1,17786.1,17686.1,0,0,0,0,0,0,0,0,0,0,0
"03441851",1,"2015","2014",4,0.153,0.153,"2",0.2881,0.2881,"21","D",0.0475,0.0475,0,"D",0,"D",75000,"D",45000,"D",0,"D",0,"D",0,"D",0,"D",0,"D",4400,"D",0,"D",0,"D",4,"D",11336,"D",7271,3931,7370.74,7170.74,3931.04,3931.04,18360,18360,120000,120000,118800.01,118800.01,3500,3500,0,0,0,0,0,0,108664,108664,0,0,10870.74,10670.74,10870.74,10670.74,4000,4000,15736,15736,0,0,0,0,0,0,0
"03441861",1,"2015","2014",0,0.153,0.153,"2",0.2339,0.2339,"33","D",0.0645,0.0645,0,"D",0,"D",52000,"D",50000,"D",0,"D",0,"D",0,"D",0,"D",0,"D",4300,"D",525,"D",0,"D",0,"D",8220,"D",10677,4898,10748.3,10605.41,4911.8,4883.37,15606,15606,102000,102000,102000.01,102000.01,0,0,0,0,0,0,0,0,93780,93780,0,0,10748.3,10605.41,10748.3,10605.41,15650,15850,13045,13045,0,0,0,0,0,0,0
"03441861",2,"2015","2014",0,0.153,0.153,"1",0.15,0.15,"33","D",0.06,0.06,0,"D",0,"D",23405,"D",0,"D",0,"D",0,"D",0,"D",0,"D",0,"D",0,"D",0,"D",0,"D",0,"D",0,"D",1520,659,1534.5,1504.5,664.34,653.37,3580.96,3580.96,23405,23405,23405.01,23405.01,0,0,0,0,0,0,0,0,23405,23405,0,0,1534.5,1504.5,1534.5,1504.5,7800,7900,0,0,0,0,0,0,0,0,0
"03441881",1,"2015","2014",0,0.153,0.153,"1",0.15,0.15,"03","D",0.0288,0.0288,0,"D",0,"D",23671,"D",0,"D",0,"D",0,"D",0,"D",0,"D",8076,"D",0,"D",480,"D",0,"D",0,"D",480,"D",1559,447,1574.4,1544.4,447.99,445.15,3621.66,3621.66,23671,23671,23671.01,23671.01,0,0,0,0,0,0,0,0,23671,23671,0,0,1574.4,1544.4,1574.4,1544.4,5009,5091,1407.99,1405.15,0,0,0,0,0,0,0
"03441894",1,"2015","2014",3,0,0,"3",-0.45,-0.45,"0","T",0,0,1,"D",0,"D",0,"D",0,"D",0,"D",0,"D",0,"D",423,"D",2040,"D",0,"D",0,"D",0,"D",1,"D",0,"D",0,0,0,0,0,0,0,0,0,0,0,0,0,0,0,0,0,0,0,0,0,0,0,0,0,0,0,0,0,0,0,0,0,0,0,0,0,0,0
"03441901",1,"2015","2014",0,0.153,0.153,"1",-0.0765,-0.0765,"33","D",-0.0229,-0.0229,0,"D",0,"D",150,"D",0,"D",0,"D",0,"D",0,"D",0,"D",0,"D",0,"D",0,"D",0,"D",0,"D",0,"D",-11,-3,-11.47,-11.47,-3.44,-3.44,22.95,22.95,150,150,150.01,150.01,0,0,0,0,0,0,11.47,11.47,150,150,0,0,0,0,0,0,7800,7900,0,0,0,0,0,0,3.44,3.44,0
"03441911",1,"2015","2014",2,0.153,0.153,"2",0.15,0.15,"02","D",0,0,0,"D",0,"D",48000,"D",21000,"D",1600,"D",0,"D",0,"D",0,"D",0,"D",2700,"D",527,"D",0,"D",2,"D",14700,"D",2601,0,2623.3,2578.3,0,0,10557,10557,70600,70600,0,0,2000,2000,0,0,0,0,0,0,55900,55900,0,0,4623.3,4578.3,4623.3,4578.3,0,0,0,0,0,0,0,0,0,0,0
"03441921",1,"2015","2014",0,0.153,0.153,"1",0.15,0.15,"31","D",0.0175,0.0175,0,"D",0,"D",26595,"D",0,"D",0,"D",0,"D",0,"D",0,"D",7800,"D",0,"D",0,"D",0,"D",0,"D",0,"D",1998,228,2013,1983,227.91,227.91,4069.03,4069.03,26595,26595,26595.01,26595.01,0,0,0,0,0,0,0,0,26595,26595,0,0,2013,1983,2013,1983,0,0,0,0,0,0,0,0,0,0,0
"03441931",1,"2015","2014",1,0.153,0.153,"2",0.15,0.15,"05","D",0.06,0.06,0,"D",0,"D",60675,"D",19000,"D",0,"D",0,"D",0,"D",0,"D",11400,"D",0,"D",0,"D",0,"D",1,"D",0,"D",6373,1683,6406.25,6338.75,1702.74,1663.88,12190.27,12190.27,79675,79675,79675.01,79675.01,1000,1000,0,0,0,0,0,0,79675,79675,0,0,7406.25,7338.75,7406.25,7338.75,7984,8088,0,0,0,0,0,0,0,0,0
"03441954",1,"2015","2014",1,0.153,0.153,"3",0.3098,0.3098,"28","D",0.0511,0.0511,0,"D",0,"D",38000,"D",0,"D",-7600,"D",0,"D",0,"D",0,"D",8648,"D",0,"D",10,"D",0,"D",1,"D",0,"D",204,414,280.67,128.03,424.65,403.93,5814,5814,30400,30400,30400.01,30400.01,1000,1000,0,0,0,0,81.83,186.97,30400,30400,0,0,1362.5,1315,1362.5,1315,9100,9250,0,0,0,0,0,0,8.18,18.7,0
"03441954",2,"2015","2014",0,0.153,0.153,"1",0.15,0.15,"28","D",0.0501,0.0501,0,"D",0,"D",24918,"D",0,"D",0,"D",0,"D",0,"D",0,"D",0,"D",0,"D",0,"D",0,"D",0,"D",0,"D",1746,502,1761.45,1731.45,508.27,496.44,3812.45,3812.45,24918,24918,24918.01,24918.01,0,0,0,0,0,0,0,0,24918,24918,0,0,1761.45,1731.45,1761.45,1731.45,6200,6300,0,0,0,0,0,0,0,0,0
"03441961",1,"2015","2014",0,0.153,0.153,"1",0.25,0.25,"41","D",0.07,0.07,0,"D",0,"D",60000,"D",0,"D",-1420,"D",0,"D",0,"D",0,"D",11400,"D",0,"D",120,"D",0,"D",0,"D",480,"D",7914,2895,7963.75,7863.75,2900.5,2890,9180,9180,58580,58580,48430.01,48280.01,0,0,0,0,0,0,0,0,58580,58580,0,0,7963.75,7863.75,7963.75,7863.75,0,0,0,0,0,0,0,0,0,0,0
"03441981",1,"2015","2014",0,0.029,0.029,"2",0.2639,0.2638,"34","D",0.0575,0.058,0,"D",0,"D",0,"D",228786,"D",0,"D",0,"D",10678,"D",0,"D",0,"D",6000,"D",50,"D",0,"D",0,"D",17404,"D",41582,12057,41678.64,41484.37,12109.59,12005.2,21142.79,21328.79,237862.3,237862.3,228786.01,228786.01,0,0,0,0,0,0,0,0,220458.3,220458.3,0,0,41678.64,41484.37,41678.64,41484.37,15000,15000,20000,20000,0,0,0,0,0,0,0
"03441981",2,"2015","2014",0,0.153,0.153,"1",0.1,0.1,"34","D",0.0575,0.058,0,"D",0,"D",16841,"D",0,"D",0,"D",0,"D",0,"D",0,"D",0,"D",0,"D",0,"D",0,"D",0,"D",0,"D",662,539,669.1,654.1,541.78,537.11,2576.67,2576.67,16841,16841,16841.01,16841.01,0,0,0,0,0,0,0,0,16841,16841,0,0,669.1,654.1,669.1,654.1,7500,7500,0,0,0,0,0,0,0,0,0
"03441981",3,"2015","2014",0,0.153,0.153,"1",0.15,0.15,"34","D",0.0575,0.058,0,"D",0,"D",23041,"D",0,"D",0,"D",0,"D",0,"D",0,"D",0,"D",0,"D",0,"D",0,"D",0,"D",0,"D",1465,897,1479.9,1449.9,901.38,893.61,3525.27,3525.27,23041,23041,23041.01,23041.01,0,0,0,0,0,0,0,0,23041,23041,0,0,1479.9,1449.9,1479.9,1449.9,7500,7500,0,0,0,0,0,0,0,0,0
"03442001",1,"2015","2014",0,0,0,"1",0.225,0.225,"12","D",0.072,0.072,1,"D",1,"D",0,"D",0,"D",1680,"D",23891,"D",12310,"D",0,"D",0,"D",0,"D",0,"D",0,"D",0,"D",0,"D",2116,1099,2131.35,2101.35,1098.58,1098.58,0,0,28934,28934,25571.01,25571.01,0,0,0,0,0,0,0,0,28934,28934,0,0,2131.35,2101.35,2131.35,2101.35,2200,2200,1098.58,1098.58,0,0,0,0,0,0,0
"03442011",1,"2015","2014",1,0.153,0.153,"2",0,0,"45","D",0,0,0,"D",0,"D",0,"D",22000,"D",0,"D",0,"D",0,"D",0,"D",10200,"D",0,"D",550,"D",0,"D",1,"D",0,"D",-4332,0,-4305,-4359,0,0,3366,3366,22000,22000,22000.01,22000.01,0,0,1000,1000,0,0,3305,3359,22000,22000,0,0,0,0,0,0,0,0,0,0,0,0,0,0,0,0,0
"03442041",1,"2015","2014",2,0,0,"3",-0.4,-0.4,"05","D",0,0,0,"D",0,"D",0,"D",0,"D",0,"D",0,"D",0,"D",0,"D",13200,"D",0,"D",0,"D",0,"D",0,"D",0,"D",0,0,0,0,0,0,0,0,0,0,0.01,0.01,0,0,0,0,0,0,0,0,0,0,0,0,0,0,0,0,7984,8088,0,0,0,0,0,0,0,0,0
"03442051",1,"2015","2014",0,0.153,0.153,"1",0.25,0.25,"39","D",0.0307,0.0307,0,"D",0,"D",50000,"D",0,"D",0,"D",0,"D",0,"D",0,"D",0,"D",0,"D",0,"D",0,"D",0,"D",0,"D",5769,1535,5818.75,5718.75,1535,1535,7650,7650,50000,50000,50000.01,50000.01,0,0,0,0,0,0,0,0,50000,50000,0,0,5818.75,5718.75,5818.75,5718.75,0,0,0,0,0,0,0,0,0,0,0
"03442061",1,"2015","2014",0,0.153,0.153,"2",0.15,0.15,"0","T",0,0,0,"D",0,"D",29428,"D",23012,"D",0,"D",0,"D",0,"D",0,"D",0,"D",1500,"D",1428,"D",0,"D",0,"D",1632,"D",3884,0,3913.5,3853.5,0,0,8023.32,8023.32,52440,52440,0,0,0,0,0,0,0,0,0,0,52440,52440,0,0,3913.5,3853.5,3913.5,3853.5,0,0,0,0,0,0,0,0,0,0,0
"03442101",1,"2015","2014",1,0.153,0.153,"2",0,0,"39","D",0,0,0,"D",0,"D",0,"D",22000,"D",0,"D",0,"D",0,"D",0,"D",14400,"D",0,"D",0,"D",0,"D",1,"D",0,"D",-4332,0,-4305,-4359,0,0,3366,3366,22000,22000,22000.01,22000.01,0,0,1000,1000,0,0,3305,3359,22000,22000,0,0,0,0,0,0,0,0,0,0,0,0,0,0,0,0,0
"03442131",1,"2015","2014",0,0.153,0.153,"1",0.1,0.1,"29","D",0,0,0,"D",0,"D",15500,"D",0,"D",0,"D",38,"D",0,"D",0,"D",7692,"D",0,"D",0,"D",0,"D",0,"D",2400,"D",531,0,538.8,523.8,0,0,2371.5,2371.5,15538,15538,0,0,0,0,0,0,0,0,0,0,15538,15538,0,0,538.8,523.8,538.8,523.8,0,0,0,0,0,0,0,0,0,0,0
"03442141",1,"2015","2014",4,0,0,"3",-0.45,-0.45,"10","D",0,0,0,"D",0,"D",0,"D",0,"D",0,"D",0,"D",0,"D",3600,"D",4800,"D",0,"D",0,"D",0,"D",4,"D",0,"D",0,0,0,0,0,0,0,0,0,0,0,0,0,0,0,0,0,0,0,0,0,0,0,0,0,0,0,0,0,0,0,0,0,0,0,0,0,0,0
"03442151",1,"2015","2014",0,0,0,"1",0.1,0.1,"28","D",0.0351,0.0351,0,"D",0,"D",0,"D",0,"D",11680,"D",0,"D",0,"D",0,"D",3900,"D",0,"D",0,"D",0,"D",0,"D",0,"D",146,30,153,138,32.85,26.83,0,0,11680,11680,11680.01,11680.01,0,0,0,0,0,0,0,0,11680,11680,0,0,153,138,153,138,6200,6300,0,0,0,0,0,0,0,0,0
"03442162",1,"2015","2014",0,0.153,0.153,"2",0.15,0.15,"03","D",0.0336,0.0336,0,"D",0,"D",90000,"D",0,"D",0,"D",0,"D",0,"D",0,"D",14820,"D",0,"D",0,"D",0,"D",0,"D",0,"D",9518,2243,9547.5,9487.5,2248.28,2237.91,13770,13770,90000,90000,90000.01,90000.01,0,0,0,0,0,0,0,0,90000,90000,0,0,9547.5,9487.5,9547.5,9487.5,10018,10182,2248.28,2237.91,0,0,0,0,0,0,0
"03442181",1,"2015","2014",0,0.153,0.153,"1",0.25,0.25,"38","D",0.09,0.09,0,"D",0,"D",53150,"D",0,"D",0,"D",0,"D",0,"D",0,"D",12000,"D",0,"D",60,"D",0,"D",0,"D",12,"D",6556,3590,6606.25,6506.25,3599.6,3580.95,8131.95,8131.95,53150,53150,53150.01,53150.01,0,0,0,0,0,0,0,0,53150,53150,0,0,6606.25,6506.25,6606.25,6506.25,2115.6,2144.96,72,72,0,0,0,0,0,0,0
"03442181",2,"2015","2014",0,0.153,0.153,"1",0.15,0.15,"38","D",0.0765,0.0765,0,"D",0,"D",35000,"D",0,"D",0,"D",0,"D",0,"D",0,"D",0,"D",0,"D",0,"D",0,"D",0,"D",0,"D",3259,2239,3273.75,3243.75,2242.96,2236.02,5355,5355,35000,35000,35000.01,35000.01,0,0,0,0,0,0,0,0,35000,35000,0,0,3273.75,3243.75,3273.75,3243.75,2115.6,2144.96,0,0,0,0,0,0,0,0,0
"03442191",1,"2015","2014",3,0.153,0.153,"3",0.3106,0.3106,"05","D",0,0,0,"D",0,"D",38000,"D",0,"D",-7600,"D",0,"D",0,"D",0,"D",0,"D",320,"D",0,"D",0,"D",0,"D",0,"D",-1446,0,-1345.2,-1546.59,0,0,5814,5814,30400,30400,30400.01,30400.01,0,0,0,0,0,0,1895.2,2061.59,30400,30400,0,0,550,515,550,515,7984,8088,320,320,0,0,0,0,0,0,0
"03442191",2,"2015","2014",0,0.153,0.153,"1",0.15,0.15,"05","D",0.04,0.04,0,"D",0,"D",29000,"D",0,"D",0,"D",0,"D",0,"D",0,"D",0,"D",0,"D",0,"D",0,"D",0,"D",0,"D",2359,443,2373.75,2343.75,447.38,438.53,4437,4437,29000,29000,29000.01,29000.01,0,0,0,0,0,0,0,0,29000,29000,0,0,2373.75,2343.75,2373.75,2343.75,3992,4044,0,0,0,0,0,0,0,0,0
"03442221",1,"2015","2014",1,0.153,0.153,"3",0,0,"34","D",0.0575,0.058,0,"D",0,"D",15285,"D",0,"D",0,"D",0,"D",0,"D",0,"D",0,"D",900,"D",0,"D",0,"D",0,"D",0,"D",-3332,190,-3305,-3359,190.53,188.89,2338.6,2338.6,15285,15285,15285.01,15285.01,0,0,0,0,0,0,3305,3359,15285,15285,0,0,0,0,0,0,12000,12000,900,900,0,0,0,0,0,0,0
"03442231",1,"2015","2014",1,0.153,0.153,"2",0.15,0.15,"44","D",0,0,0,"D",0,"D",0,"D",47000,"D",-3683,"D",0,"D",0,"D",0,"D",0,"D",4000,"D",892,"D",0,"D",0,"D",5352,"D",1919,0,1952.55,1885.05,0,0,7191,7191,43317,43317,0,0,0,0,0,0,0,0,0,0,43317,43317,0,0,1952.55,1885.05,1952.55,1885.05,0,0,0,0,0,0,0,0,0,0,0
"03442241",1,"2015","2014",0,0,0,"1",0,0,"39","D",0,0,1,"D",1,"D",0,"D",0,"D",0,"D",10108,"D",12242,"D",0,"D",0,"D",5800,"D",615,"D",0,"D",0,"D",300,"D",0,0,0,0,0,0,0,0,10108,10108,0.01,0.01,0,0,0,0,0,0,0,0,10108,10108,0,0,0,0,0,0,0,0,0,0,0,0,0,0,0,0,0
"03442251",1,"2015","2014",2,0,0,"3",0,0,"06","D",0,0,0,"D",0,"D",0,"D",0,"D",7661,"D",11746,"D",0,"D",0,"D",0,"D",950,"D",263,"D",0,"D",0,"D",0,"D",0,-7,0,0,0,-13,0,0,19407,19407,0,0,0,0,0,0,0,0,0,0,19407,19407,0,0,0,0,0,0,0,0,0,0,0,0,0,0,0,0,0
"03442261",1,"2015","2014",0,0,0,"1",0,0,"33","D",0,0,1,"D",1,"D",0,"D",0,"D",0,"D",0,"D",10896,"D",0,"D",3000,"D",0,"D",0,"D",0,"D",0,"D",0,"D",0,0,0,0,0,0,0,0,0,0,0.01,0.01,0,0,0,0,0,0,0,0,0,0,0,0,0,0,0,0,7800,7900,0,0,0,0,0,0,0,0,0
"03442271",1,"2015","2014",0,0,0,"1",0,0,"14","D",0,0,1,"D",1,"D",0,"D",0,"D",0,"D",0,"D",0,"D",0,"D",1404,"D",0,"D",0,"D",0,"D",0,"D",216,"D",0,0,0,0,0,0,0,0,0,0,0.01,0.01,0,0,0,0,0,0,0,0,0,0,0,0,0,0,0,0,0,0,0,0,0,0,0,0,0,0,0
"03442281",1,"2015","2014",0,0.029,0.029,"1",0.28,0.28,"0","T",0,0,1,"D",1,"D",160000,"D",0,"D",30,"D",0,"D",0,"D",0,"D",0,"D",2000,"D",52,"D",0,"D",0,"D",0,"D",34635,0,34708.15,34561.65,0,0,19148,19334,160030,160030,0,0,0,0,0,0,0,0,0,0,160030,160030,0,0,34708.15,34561.65,34708.15,34561.65,0,0,0,0,0,0,0,0,0,0,0
"03442281",2,"2015","2014",0,0,0,"1",-0.0765,-0.0765,"0","T",0,0,0,"D",0,"D",0,"D",0,"D",0,"D",0,"D",0,"D",0,"D",0,"D",0,"D",0,"D",0,"D",0,"D",0,"D",0,0,0,0,0,0,0,0,0,0,0,0,0,0,0,0,0,0,0,0,0,0,0,0,0,0,0,0,0,0,0,0,0,0,0,0,0,0,0
"03442291",1,"2015","2014",1,0.0703,0.0703,"2",0.35,0.35,"21","D",0.0587,0.0587,0,"D",0,"D",241175,"D",85000,"D",-800,"D",0,"D",0,"D",0,"D",0,"D",16180,"D",2630,"D",0,"D",1,"D",21900,"D",68328,14707,68623.25,68033.25,14709.99,14703.85,35192.65,35378.65,325375,325375,324175.01,324175.01,0,0,0,0,0,0,0,0,303475,303475,6707.03,6733.62,61916.22,61299.63,61916.22,61299.63,4000,4000,40262.09,40368.94,0,0,0,0,0,0,0
"03442321",1,"2015","2014",0,0.153,0.153,"1",0.2356,0.2355,"34","D",0.0575,0.058,0,"D",0,"D",55000,"D",0,"D",0,"D",0,"D",0,"D",0,"D",0,"D",1200,"D",0,"D",0,"D",0,"D",5384,"D",6249,2743,6284,6214.94,2755,2731.25,8415,8415,55000,55000,55000.01,55000.01,0,0,0,0,0,0,0,0,49616,49616,0,0,6284,6214.94,6284,6214.94,7500,7500,6584,6584,0,0,0,0,0,0,0
"03442331",1,"2015","2014",2,0,0,"3",-0.4,-0.4,"28","D",-0.04,-0.04,0,"D",0,"D",0,"D",0,"D",5,"D",1080,"D",0,"D",0,"D",0,"D",5200,"D",109,"D",0,"D",0,"D",10905,"D",0,0,0,0,0,0,0,0,1085,1085,1085.01,1085.01,0,0,0,0,0,0,0,0,1085,1085,0,0,0,0,0,0,9100,9250,0,0,0,0,0,0,0,0,0
"03442341",1,"2015","2014",3,0.153,0.153,"2",0.15,0.15,"05","D",0.08,0.08,0,"D",0,"D",25000,"D",80000,"D",0,"D",0,"D",0,"D",300,"D",0,"D",1200,"D",144,"D",0,"D",2,"D",1200,"D",7979,2852,8020,7937.5,2886.49,2816.64,16065,16065,105000,105000,105000.01,105000.01,2000,2000,0,0,0,0,0,0,105000,105000,0,0,10020,9937.5,10020,9937.5,7984,8088,2544,2544,0,0,0,0,0,0,0
"03442341",2,"2015","2014",0,0.153,0.153,"1",0,0,"05","D",0,0,0,"D",0,"D",7189,"D",0,"D",0,"D",0,"D",0,"D",0,"D",0,"D",0,"D",0,"D",0,"D",0,"D",0,"D",-500,0,-496,-503,0,0,1099.92,1099.92,7189,7189,7189.01,7189.01,0,0,0,0,0,0,496,503,7189,7189,0,0,0,0,0,0,3992,4044,0,0,0,0,0,0,0,0,0
"03442351",1,"2015","2014",0,0.153,0.153,"2",0.15,0.15,"39","D",0.0307,0.0307,0,"D",0,"D",0,"D",61318,"D",0,"D",0,"D",7896,"D",0,"D",0,"D",2200,"D",1800,"D",0,"D",0,"D",0,"D",6222,1882,6251.94,6191.94,1882.46,1882.46,9381.65,9381.65,68029.6,68029.6,61318.01,61318.01,0,0,0,0,0,0,0,0,68029.6,68029.6,0,0,6251.94,6191.94,6251.94,6191.94,0,0,0,0,0,0,0,0,0,0,0
"03442361",1,"2015","2014",0,0.0591,0.0591,"2",0.325,0.35,"18","D",0.0615,0.0615,0,"D",0,"D",220000,"D",45000,"D",0,"D",0,"D",0,"D",0,"D",0,"D",6500,"D",13818,"D",0,"D",0,"D",20876,"D",47589,12830,47850.4,47327.8,12833.68,12826.43,27908,28094,265000,265000,265000.01,265000.01,0,0,0,0,0,0,0,0,244124,244124,3743.15,3442.02,44107.25,43885.78,44107.25,43885.78,2400,2440,40870,40991.5,0,0,0,0,0,0,0
"03442371",1,"2015","2014",2,0.153,0.153,"3",0.2106,0.2106,"25","D",0.03,0.03,0,"D",0,"D",19200,"D",0,"D",0,"D",0,"D",4626,"D",0,"D",2832,"D",0,"D",0,"D",0,"D",2,"D",0,"D",-7249,144,-7171.48,-7326.87,144,144,2937.6,2937.6,19200,19200,19200.01,19200.01,0,0,2000,2000,0,0,5171.48,5326.87,19200,19200,0,0,0,0,0,0,3400,3400,0,0,0,0,0,0,0,0,0
"03442371",2,"2015","2014",0,0.153,0.153,"1",0.1765,0.1765,"25","D",0.03,0.03,0,"D",0,"D",11814,"D",0,"D",0,"D",0,"D",0,"D",0,"D",0,"D",0,"D",0,"D",0,"D",0,"D",0,"D",-63,105,-46.24,-78.95,105.42,105.42,1807.54,1807.54,11814,11814,11814.01,11814.01,0,0,0,0,0,0,212.64,230.35,11814,11814,0,0,166.4,151.4,166.4,151.4,2300,2300,0,0,0,0,0,0,0,0,0
"03442381",1,"2015","2014",1,0,0,"3",-0.24,-0.24,"0","T",0,0,0,"D",0,"D",0,"D",0,"D",0,"D",21600,"D",0,"D",0,"D",0,"D",970,"D",260,"D",0,"D",0,"D",0,"D",448,0,460,435,0,0,0,0,21600,21600,0,0,0,0,0,0,0,0,0,0,21600,21600,0,0,460,435,460,435,0,0,0,0,0,0,0,0,0,0,0
"03442401",1,"2015","2014",0,0.153,0.153,"1",0.15,0.15,"0","T",0,0,0,"D",0,"D",7282,"D",0,"D",24000,"D",0,"D",0,"D",0,"D",5400,"D",0,"D",0,"D",0,"D",0,"D",0,"D",2701,0,2716.05,2686.05,0,0,1114.15,1114.15,31282,31282,0,0,0,0,0,0,0,0,0,0,31282,31282,0,0,2716.05,2686.05,2716.05,2686.05,0,0,0,0,0,0,0,0,0,0,0
"03442421",1,"2015","2014",3,0,0,"3",-0.45,-0.45,"10","D",0,0,0,"D",0,"D",0,"D",0,"D",0,"D",5076,"D",0,"D",0,"D",0,"D",0,"D",328,"D",0,"D",0,"D",0,"D",0,0,0,0,0,0,0,0,5076,5076,0,0,0,0,0,0,0,0,0,0,5076,5076,0,0,0,0,0,0,0,0,0,0,0,0,0,0,0,0,0
"03442441",1,"2015","2014",0,0,0,"1",0,0,"21","D",0,0,1,"D",1,"D",0,"D",0,"D",0,"D",0,"D",2628,"D",0,"D",2592,"D",0,"D",263,"D",0,"D",0,"D",590,"D",0,0,0,0,0,0,0,0,0,0,0.01,0.01,0,0,0,0,0,0,0,0,0,0,0,0,0,0,0,0,1500,1500,0,0,0,0,0,0,0,0,0
"03442451",1,"2015","2014",0,0.153,0.153,"2",0.15,0.15,"33","D",0.0645,0.0645,0,"D",0,"D",49000,"D",38000,"D",-3890,"D",0,"D",0,"D",0,"D",11628,"D",0,"D",15,"D",0,"D",0,"D",1200,"D",8484,3679,8514,8454,3693.4,3664.96,13311,13311,83110,83110,83110.01,83110.01,0,0,0,0,0,0,0,0,83110,83110,0,0,8514,8454,8514,8454,15650,15850,0,0,0,0,0,0,0,0,0
"03442451",2,"2015","2014",0,0.153,0.153,"1",0.1765,0.1765,"33","D",0.0404,0.0404,0,"D",0,"D",14033,"D",0,"D",0,"D",0,"D",0,"D",0,"D",0,"D",0,"D",0,"D",0,"D",0,"D",0,"D",329,200,345.41,312.7,202.03,198.03,2147.05,2147.05,14033,14033,14033.01,14033.01,0,0,0,0,0,0,42.89,60.6,14033,14033,0,0,388.3,373.3,388.3,373.3,7800,7900,0,0,0,0,0,0,0,0,0
"03442461",1,"2015","2014",2,0.0309,0.0309,"2",0.325,0.325,"14","D",0.0375,0.05,0,"D",0,"D",3585,"D",228786,"D",8225,"D",0,"D",0,"D",0,"D",0,"D",10600,"D",857,"D",0,"D",1,"D",15512,"D",41387,9622,41633.8,41139.8,11074.8,8169.85,21691.3,21877.3,240596,240596,240596.01,240596.01,0,0,0,0,0,0,0,0,225084,225084,2096.18,1040.3,39537.62,40099.5,39537.62,40099.5,0,0,0,0,530,530,0,0,0,0,0
"03442491",1,"2015","2014",0,0.153,0.153,"2",0.15,0.15,"34","D",0.0575,0.058,0,"D",0,"D",39604,"D",0,"D",-86,"D",0,"D",0,"D",0,"D",0,"D",860,"D",0,"D",0,"D",0,"D",4128,"D",1945,1416,1975.2,1915.2,1422.04,1409.79,6059.41,6059.41,39518,39518,39518.01,39518.01,0,0,0,0,0,0,0,0,39518,39518,0,0,1975.2,1915.2,1975.2,1915.2,15000,15000,4988,4988,0,0,0,0,0,0,0
"03442511",1,"2015","2014",2,0.153,0.153,"2",0.3106,0.3106,"17","D",0.0628,0.0628,0,"D",0,"D",0,"D",43893,"D",2,"D",0,"D",0,"D",0,"D",0,"D",2000,"D",155,"D",0,"D",2,"D",7008,"D",-1650,536,-1544.77,-1754.9,550.19,521.26,6715.63,6715.63,43895,43895,43893.01,43893.01,1569.5,1529.5,430.5,470.5,0,0,1114.27,1284.4,43895,43895,0,0,1569.5,1529.5,1569.5,1529.5,7500,7500,0,0,0,0,0,0,189.43,218.35,0
"03442591",1,"2015","2014",0,0.153,0.153,"2",0,0,"05","D",0,0,1,"D",1,"D",10000,"D",0,"D",0,"D",0,"D",0,"D",0,"D",16800,"D",0,"D",250,"D",0,"D",0,"D",0,"D",-500,0,-496,-503,0,0,1530,1530,10000,10000,10000.01,10000.01,0,0,0,0,0,0,496,503,10000,10000,0,0,0,0,0,0,7984,8088,250,250,0,0,0,0,0,0,0
"03442611",1,"2015","2014",5,0,0,"3",-0.45,-0.45,"44","D",0,0,0,"D",0,"D",0,"D",0,"D",0,"D",0,"D",0,"D",0,"D",1188,"D",0,"D",0,"D",0,"D",3,"D",0,"D",0,0,0,0,0,0,0,0,0,0,0,0,0,0,0,0,0,0,0,0,0,0,0,0,0,0,0,0,0,0,0,0,0,0,0,0,0,0,0
"03442621",1,"2015","2014",2,0.153,0.153,"2",0.2767,0.2767,"05","D",0.093,0.093,0,"D",0,"D",85000,"D",62000,"D",1000,"D",0,"D",0,"D",0,"D",0,"D",4500,"D",0,"D",0,"D",2,"D",1600,"D",21271,7115,21348.23,21194.33,7157.07,7072.69,22491,22491,148000,148000,148000.01,148000.01,100,100,0,0,0,0,0,0,146400,146400,0,0,21448.23,21294.33,21448.23,21294.33,7984,8088,6100,6100,0,0,0,0,0,0,0
"03442641",1,"2015","2014",0,0.153,0.153,"2",0.2487,0.2487,"44","D",0,0,0,"D",0,"D",104902,"D",55605,"D",100,"D",0,"D",0,"D",0,"D",0,"D",7000,"D",0,"D",0,"D",0,"D",12396,"D",24620,0,24694.53,24544.53,0,0,24557.57,24557.57,160607,160607,0,0,0,0,0,0,0,0,0,0,148211,148211,0,0,24694.53,24544.53,24694.53,24544.53,0,0,0,0,0,0,0,0,0,0,0
"03442651",1,"2015","2014",0,0.153,0.153,"1",0.2356,0.2356,"47","D",0.0575,0.0575,0,"D",0,"D",70000,"D",0,"D",-4205,"D",0,"D",0,"D",0,"D",0,"D",1330,"D",63,"D",0,"D",0,"D",5792,"D",8719,3059,8756.48,8681.48,3059.1,3059.1,10710,10710,65795,65795,65795.01,65795.01,0,0,0,0,0,0,0,0,60003,60003,0,0,8756.48,8681.48,8756.48,8681.48,3000,3000,7185,7185,0,0,0,0,0,0,0
"03442671",1,"2015","2014",1,0.153,0.153,"3",-0.34,-0.34,"34","D",0,0,0,"D",0,"D",2500,"D",0,"D",0,"D",0,"D",0,"D",0,"D",0,"D",40,"D",0,"D",0,"D",0,"D",0,"D",-850,0,-850,-850,0,0,382.5,382.5,2500,2500,2500.01,2500.01,0,0,0,0,0,0,850,850,2500,2500,0,0,0,0,0,0,12000,12000,40,40,0,0,0,0,0,0,0
"03442681",1,"2015","2014",1,0.0486,0.0486,"2",0.2304,0.2304,"24","D",0.0785,0.0785,0,"D",0,"D",160000,"D",30000,"D",-19109,"D",0,"D",0,"D",0,"D",0,"D",5500,"D",8,"D",0,"D",0,"D",5156,"D",26295,9721,26370.28,26220.28,9745.86,9695.89,23738,23924,170891,170891,170891.01,170891.01,0,0,0,0,0,0,0,0,165735,165735,0,0,26370.28,26220.28,26370.28,26220.28,0,0,20409.86,20359.89,0,0,0,0,0,0,0
"03442741",1,"2015","2014",0,0.153,0.153,"2",0.1451,0.1451,"33","D",0.0486,0.0486,2,"D",1,"D",28000,"D",0,"D",0,"D",0,"D",19200,"D",0,"D",0,"D",16180,"D",550,"D",0,"D",0,"D",600,"D",513,395,517.51,507.51,394.94,394.94,4284,4284,30800,30800,28000.01,28000.01,0,0,0,0,0,0,0,0,30200,30200,0,0,517.51,507.51,517.51,507.51,15650,15850,17330,17330,0,0,0,0,0,0,0
"03442771",1,"2015","2014",3,0.153,0.153,"3",0.3106,0.3106,"43","D",0,0,0,"D",0,"D",28800,"D",0,"D",0,"D",0,"D",0,"D",0,"D",10800,"D",0,"D",0,"D",0,"D",3,"D",0,"D",-6543,0,-6442.72,-6644.11,0,0,4406.4,4406.4,28800,28800,0,0,390,355,2610,2645,0,0,3832.72,3999.11,28800,28800,0,0,390,355,390,355,0,0,0,0,0,0,0,0,0,0,0
"03442771",2,"2015","2014",0,0,0,"1",-0.0765,-0.0765,"43","D",0,0,0,"D",0,"D",0,"D",0,"D",0,"D",0,"D",0,"D",0,"D",0,"D",0,"D",0,"D",0,"D",0,"D",0,"D",0,0,0,0,0,0,0,0,0,0,0,0,0,0,0,0,0,0,0,0,0,0,0,0,0,0,0,0,0,0,0,0,0,0,0,0,0,0,0
"03442781",1,"2015","2014",0,0,0,"1",-0.0765,-0.0765,"03","D",0,0,0,"D",0,"D",0,"D",0,"D",1566,"D",0,"D",0,"D",0,"D",0,"D",0,"D",0,"D",0,"D",0,"D",0,"D",0,-25,0,0,-25,-25,0,0,1566,1566,1566.01,1566.01,0,0,0,0,0,0,0,0,1566,1566,0,0,0,0,0,0,5009,5091,0.04,0.04,0,0,0,0,0,0,0
"03442791",1,"2015","2014",0,0.153,0.153,"1",0.15,0.15,"28","D",0.0684,0.0684,0,"D",0,"D",39000,"D",0,"D",0,"D",0,"D",0,"D",0,"D",0,"D",1800,"D",483,"D",0,"D",0,"D",2240,"D",3859,1272,3873.75,3843.75,1283.32,1261.16,5967,5967,39000,39000,39000.01,39000.01,0,0,0,0,0,0,0,0,39000,39000,0,0,3873.75,3843.75,3873.75,3843.75,6200,6300,0,0,0,0,0,0,0,0,0
"03442801",1,"2015","2014",2,0,0,"3",-0.4,-0.4,"0","T",0,0,0,"D",0,"D",0,"D",0,"D",0,"D",0,"D",0,"D",0,"D",0,"D",900,"D",0,"D",0,"D",0,"D",4586,"D",0,0,0,0,0,0,0,0,0,0,0,0,0,0,0,0,0,0,0,0,0,0,0,0,0,0,0,0,0,0,0,0,0,0,0,0,0,0,0
"03442811",1,"2015","2014",3,0.153,0.153,"3",0.3106,0.3106,"0","T",0,0,0,"D",0,"D",25271,"D",0,"D",0,"D",0,"D",0,"D",0,"D",0,"D",430,"D",0,"D",0,"D",1,"D",1752,"D",-5640,0,-5538.83,-5740.22,0,0,3866.46,3866.46,25271,25271,0,0,37.1,2.1,962.9,997.9,0,0,4575.93,4742.32,25271,25271,0,0,37.1,2.1,37.1,2.1,0,0,0,0,0,0,0,0,0,0,0
"03442821",1,"2015","2014",0,0.153,0.153,"1",0.2356,0.2356,"47","D",0.0575,0.0575,0,"D",0,"D",98654,"D",0,"D",-2947,"D",0,"D",0,"D",0,"D",0,"D",890,"D",2515,"D",0,"D",0,"D",9844,"D",14338,4430,14375.66,14300.66,4430.36,4430.36,15094.06,15094.06,95707,95707,95707.01,95707.01,0,0,0,0,0,0,0,0,85863,85863,0,0,14375.66,14300.66,14375.66,14300.66,3000,3000,13249,13249,0,0,0,0,0,0,0
"03442821",2,"2015","2014",0,0.153,0.153,"1",0.15,0.15,"47","D",0.0575,0.0575,0,"D",0,"D",35000,"D",0,"D",0,"D",0,"D",0,"D",0,"D",0,"D",0,"D",0,"D",0,"D",0,"D",0,"D",3259,1529,3273.75,3243.75,1529.03,1529.03,5355,5355,35000,35000,35000.01,35000.01,0,0,0,0,0,0,0,0,35000,35000,0,0,3273.75,3243.75,3273.75,3243.75,3000,3000,0,0,0,0,0,0,0,0,0
"03442831",1,"2015","2014",1,0.153,0.153,"2",0.15,0.15,"29","D",0,0,0,"D",0,"D",25000,"D",0,"D",802,"D",48780,"D",0,"D",0,"D",0,"D",2100,"D",0,"D",0,"D",0,"D",2960,"D",6609,0,6642.3,6574.8,0,0,3825,3825,74582,74582,0,0,0,0,0,0,0,0,0,0,74582,74582,0,0,6642.3,6574.8,6642.3,6574.8,0,0,0,0,0,0,0,0,0,0,0
"03442841",1,"2015","2014",0,0.153,0.153,"2",0.15,0.15,"0","T",0,0,2,"D",2,"D",0,"D",8231,"D",24000,"D",0,"D",17336,"D",0,"D",0,"D",4000,"D",4099,"D",0,"D",0,"D",600,"D",1378,0,1398.05,1358.05,0,0,1259.34,1259.34,36680.5,36680.5,0,0,0,0,0,0,0,0,0,0,36680.5,36680.5,0,0,1398.05,1358.05,1398.05,1358.05,0,0,0,0,0,0,0,0,0,0,0
"03442871",1,"2015","2014",0,0.0492,0.0492,"2",0.33,0.3144,"36","D",0.0469,0.0472,0,"D",0,"D",228786,"D",22789,"D",0,"D",0,"D",0,"D",0,"D",0,"D",1400,"D",30,"D",0,"D",0,"D",1024,"D",51960,9794,52170.21,51750.75,10112.78,9475.73,24643.69,24829.69,251575,251575,251575.01,251575.01,0,0,0,0,0,0,0,0,250551,251575,0,0,52170.21,51750.75,52170.21,51750.75,0,0,0,0,0,0,0,0,0,0,0
"03442891",1,"2015","2014",0,0.029,0.029,"1",0.2632,0.2632,"07","D",0.06,0.06,0,"D",0,"D",122000,"D",0,"D",-13677,"D",0,"D",0,"D",0,"D",0,"D",3000,"D",3,"D",0,"D",0,"D",4604,"D",18612,5712,18681.4,18541.9,5674.38,5749.38,18046,18232,108323,108323,108323.01,108323.01,0,0,0,0,0,0,0,0,103719,103719,0,0,18681.4,18541.9,18681.4,18541.9,0,0,0,0,0,0,0,0,0,0,0
"03442901",1,"2015","2014",0,0,0,"1",0.25,0.25,"0","T",0,0,1,"D",1,"D",0,"D",0,"D",54778,"D",0,"D",10570,"D",0,"D",0,"D",9000,"D",777,"D",0,"D",0,"D",3600,"D",7428,0,7465.13,7390.13,0,0,0,0,63762.5,63762.5,0,0,0,0,0,0,0,0,0,0,60162.5,60162.5,0,0,7465.13,7390.13,7465.13,7390.13,0,0,0,0,0,0,0,0,0,0,0
"03442921",1,"2015","2014",0,0.153,0.153,"1",0.23,0.23,"05","D",0.08,0.08,0,"D",0,"D",55000,"D",0,"D",-500,"D",0,"D",0,"D",0,"D",0,"D",3500,"D",1040,"D",0,"D",0,"D",0,"D",6810,2047,6844.02,6775.22,2058.91,2034.14,8415,8415,54500,54500,54500.01,54500.01,0,0,0,0,0,0,0,0,54500,54500,0,0,6844.02,6775.22,6844.02,6775.22,3992,4044,4540,4540,0,0,0,0,0,0,0
"03442941",1,"2015","2014",2,0,0,"3",-0.4,-0.4,"34","D",0,0,0,"D",0,"D",0,"D",0,"D",0,"D",0,"D",0,"D",0,"D",0,"D",840,"D",0,"D",0,"D",0,"D",60,"D",0,0,0,0,0,0,0,0,0,0,0.01,0.01,0,0,0,0,0,0,0,0,0,0,0,0,0,0,0,0,12000,12000,900,900,0,0,0,0,0,0,0
"03442951",1,"2015","2014",0,0,0,"1",0,0,"01","D",0,0,1,"D",1,"D",0,"D",0,"D",0,"D",1566,"D",25066,"D",0,"D",0,"D",4800,"D",249,"D",0,"D",0,"D",8464,"D",0,0,0,0,0,0,0,0,1566,1566,1566.01,1566.01,0,0,0,0,0,0,0,0,1566,1566,0,0,0,0,0,0,2500,2500,13513,13513,0,0,0,0,0,0,0
"03442961",1,"2015","2014",3,0,0,"3",-0.45,-0.45,"05","D",0,0,1,"D",1,"D",0,"D",0,"D",0,"D",10000,"D",24060,"D",0,"D",0,"D",6000,"D",79279,"D",0,"D",0,"D",0,"D",0,0,0,0,0,0,0,0,10000,10000,10000.01,10000.01,0,0,0,0,0,0,0,0,10000,10000,0,0,0,0,0,0,7984,8088,85279,85279,0,0,0,0,0,0,0
"03442971",1,"2015","2014",0,0.153,0.153,"2",0.15,0.15,"06","D",0.0463,0.0463,0,"D",0,"D",14630,"D",53018,"D",9891,"D",0,"D",0,"D",0,"D",0,"D",1200,"D",1,"D",0,"D",0,"D",1440,"D",7648,2622,7678.35,7618.35,2650.17,2594.28,10350.14,10350.14,77539,77539,0,0,0,0,0,0,0,0,0,0,77539,77539,0,0,7678.35,7618.35,7678.35,7618.35,0,0,0,0,0,0,0,0,0,0,0
"03442992",1,"2015","2014",0,0.153,0.153,"1",0.15,0.15,"34","D",0.0575,0.058,0,"D",0,"D",24674,"D",0,"D",1224,"D",0,"D",0,"D",0,"D",0,"D",0,"D",0,"D",0,"D",0,"D",0,"D",1893,1062,1908.45,1878.45,1067.08,1057.89,3775.12,3775.12,25898,25898,25898.01,25898.01,0,0,0,0,0,0,0,0,25898,25898,0,0,1908.45,1878.45,1908.45,1878.45,7500,7500,0,0,0,0,0,0,0,0,0
"03443011",1,"2015","2014",0,0.038,0.038,"1",0.325,0.325,"33","D",0.0665,0.0665,0,"D",0,"D",228786,"D",0,"D",-20500,"D",0,"D",0,"D",0,"D",0,"D",10300,"D",60,"D",0,"D",0,"D",15772,"D",41049,12548,41214.55,40883.05,12547.69,12547.69,21401.87,21587.87,208286,208286,208286.01,208286.01,0,0,0,0,0,0,0,0,192514,192514,1655.03,1442.03,39559.52,39441.02,39559.52,39441.02,7800,7900,19599,19599,0,0,0,0,0,0,0
"03443021",1,"2015","2014",1,0.153,0.153,"2",0.2686,0.2686,"03","D",0.0407,0.0407,0,"D",0,"D",114000,"D",107000,"D",2800,"D",0,"D",0,"D",0,"D",0,"D",3000,"D",120,"D",0,"D",1,"D",13516,"D",39877,6938,39993.37,39761.02,6947.11,6928.69,33813,33813,223800,223800,223800.01,223800.01,0,0,0,0,0,0,0,0,210284,210284,0,0,39993.37,39761.02,39993.37,39761.02,10018,10182,23570.09,23551.7,0,0,0,0,0,0,0
"03443031",1,"2015","2014",1,0.153,0.153,"3",0.15,0.15,"22","D",0.0515,0.052,0,"D",0,"D",50000,"D",0,"D",-21,"D",0,"D",0,"D",0,"D",10200,"D",0,"D",0,"D",0,"D",1,"D",0,"D",3276,1738,3299.35,3251.85,1746.11,1729.32,7650,7650,49979,49979,49979.01,49979.01,1000,1000,0,0,0,0,0,0,49979,49979,0,0,4299.35,4251.85,4299.35,4251.85,0,0,0,0,0,0,0,0,0,0,0
"03443051",1,"2015","2014",4,0.153,0.153,"2",0.15,0.15,"39","D",0.0307,0.0307,1,"D",1,"D",0,"D",67000,"D",0,"D",2100,"D",35152,"D",0,"D",0,"D",5000,"D",211,"D",0,"D",3,"D",1200,"D",5296,2057,5344.38,5246.88,2056.9,2056.9,10251,10251,98979.2,98979.2,67000.01,67000.01,3000,3000,0,0,0,0,0,0,98979.2,98979.2,0,0,8344.38,8246.88,8344.38,8246.88,0,0,0,0,0,0,0,0,0,0,0
"03443051",2,"2015","2014",0,0.153,0.153,"1",0.15,0.15,"39","D",0.0307,0.0307,0,"D",0,"D",33186,"D",0,"D",0,"D",0,"D",0,"D",0,"D",0,"D",0,"D",0,"D",0,"D",0,"D",0,"D",2987,1019,3001.65,2971.65,1018.81,1018.81,5077.46,5077.46,33186,33186,33186.01,33186.01,0,0,0,0,0,0,0,0,33186,33186,0,0,3001.65,2971.65,3001.65,2971.65,0,0,0,0,0,0,0,0,0,0,0
"03443061",1,"2015","2014",0,0.153,0.153,"2",0,0,"05","D",0,0,2,"D",2,"D",15042,"D",0,"D",0,"D",0,"D",27167,"D",0,"D",0,"D",6000,"D",170,"D",0,"D",0,"D",960,"D",0,0,0,0,0,0,2301.43,2301.43,15042,15042,15042.01,15042.01,0,0,0,0,0,0,0,0,15042,15042,0,0,0,0,0,0,7984,8088,7130,7130,0,0,0,0,0,0,0
"03443101",1,"2015","2014",0,0,0,"1",0.225,0.225,"39","D",0,0.0307,1,"D",0,"D",0,"D",0,"D",0,"D",26400,"D",12418,"D",0,"D",0,"D",0,"D",35,"D",0,"D",0,"D",0,"D",2423,405,2554.43,2291.93,810.48,0,0,0,30204.5,30204.5,26400.01,0.01,0,0,0,0,0,0,0,0,30204.5,30204.5,0,0,2554.43,2291.93,2554.43,2291.93,0,0,0,0,0,0,0,0,0,0,0
"03443141",1,"2015","2014",1,0,0,"3",-0.34,-0.34,"36","D",0,0,0,"D",0,"D",0,"D",0,"D",0,"D",0,"D",0,"D",0,"D",2256,"D",0,"D",0,"D",0,"D",0,"D",0,"D",0,0,0,0,0,0,0,0,0,0,0.01,0.01,0,0,0,0,0,0,0,0,0,0,0,0,0,0,0,0,0,0,0,0,0,0,0,0,0,0,0
"03443151",1,"2015","2014",0,0.153,0.153,"2",0.1415,0.1415,"47","D",0.0564,0.0564,0,"D",0,"D",5000,"D",29048,"D",12000,"D",0,"D",0,"D",0,"D",0,"D",3500,"D",490,"D",0,"D",0,"D",8540,"D",2717,1357,2731.6,2701.6,1357.31,1357.31,5209.34,5209.34,46048,46048,46048.01,46048.01,0,0,0,0,0,0,0,0,37508,37508,0,0,2731.6,2701.6,2731.6,2701.6,6000,6000,12530,12530,0,0,0,0,0,0,0
"03443161",1,"2015","2014",0,0,0,"2",0.25,0.25,"23","D",0,0,2,"D",2,"D",0,"D",0,"D",12,"D",96696,"D",30536,"D",0,"D",0,"D",8100,"D",1182,"D",0,"D",0,"D",1320,"D",16591,0,16703.4,16478.4,0,0,0,0,122663.6,122663.6,12.01,12.01,0,0,0,0,0,0,0,0,122663.6,122663.6,0,0,16703.4,16478.4,16703.4,16478.4,0,0,0,0,0,0,0,0,0,0,0
"03443183",1,"2015","2014",2,0.153,0.153,"2",0.15,0.15,"44","D",0,0,0,"D",0,"D",25000,"D",29000,"D",0,"D",0,"D",0,"D",0,"D",5136,"D",0,"D",0,"D",0,"D",2,"D",480,"D",925,0,962.5,887.5,0,0,8262,8262,54000,54000,0,0,2000,2000,0,0,0,0,0,0,54000,54000,0,0,2962.5,2887.5,2962.5,2887.5,0,0,0,0,0,0,0,0,0,0,0
"03443183",2,"2015","2014",0,0.153,0.153,"1",0.1,0.1,"44","D",0,0,0,"D",0,"D",16000,"D",0,"D",0,"D",0,"D",0,"D",0,"D",0,"D",0,"D",0,"D",0,"D",0,"D",0,"D",578,0,585,570,0,0,2448,2448,16000,16000,0,0,0,0,0,0,0,0,0,0,16000,16000,0,0,585,570,585,570,0,0,0,0,0,0,0,0,0,0,0
"03443191",1,"2015","2014",0,0.153,0.153,"1",0,0,"34","D",0,0,1,"D",1,"D",6490,"D",0,"D",0,"D",0,"D",12934,"D",0,"D",0,"D",500,"D",75,"D",0,"D",0,"D",0,"D",0,0,0,0,0,0,992.97,992.97,6490,6490,6490.01,6490.01,0,0,0,0,0,0,0,0,6490,6490,0,0,0,0,0,0,7500,7500,500,500,0,0,0,0,0,0,0
"03443221",1,"2015","2014",0,0,0,"1",-0.0765,-0.0765,"02","D",0,0,0,"D",0,"D",0,"D",0,"D",90,"D",0,"D",22440,"D",0,"D",0,"D",2000,"D",543,"D",0,"D",0,"D",100,"D",0,0,0,0,0,0,0,0,90,90,0,0,0,0,0,0,0,0,0,0,90,90,0,0,0,0,0,0,0,0,0,0,0,0,0,0,0,0,0
"03443254",1,"2015","2014",2,0,0,"3",0,0,"05","D",0,0,0,"D",0,"D",0,"D",0,"D",8822,"D",0,"D",0,"D",0,"D",19200,"D",0,"D",0,"D",0,"D",0,"D",0,"D",0,0,0,0,0,0,0,0,8822,8822,8822.01,8822.01,0,0,0,0,0,0,0,0,8822,8822,0,0,0,0,0,0,7984,8088,0,0,0,0,0,0,0,0,0
"03443261",1,"2015","2014",0,0.153,0.153,"2",0.15,0.15,"0","T",0,0,1,"D",1,"D",0,"D",33316,"D",-5800,"D",36000,"D",0,"D",0,"D",0,"D",1400,"D",477,"D",0,"D",0,"D",0,"D",5361,0,5394.9,5327.4,0,0,5097.35,5097.35,63516,63516,0,0,0,0,0,0,0,0,0,0,63516,63516,0,0,5394.9,5327.4,5394.9,5327.4,0,0,0,0,0,0,0,0,0,0,0
"03443271",1,"2015","2014",0,0.153,0.153,"1",0.25,0.25,"33","D",0.0645,0.0645,1,"D",1,"D",70000,"D",0,"D",3516,"D",0,"D",25462,"D",0,"D",11484,"D",0,"D",100,"D",0,"D",0,"D",800,"D",16671,3903,16720.93,16620.93,3909.79,3895.58,10710,10710,95158.7,95158.7,73516.01,73516.01,0,0,0,0,0,0,0,0,95158.7,95158.7,0,0,16720.93,16620.93,16720.93,16620.93,7800,7900,0,0,0,0,0,0,0,0,0
"03443271",2,"2015","2014",0,0.153,0.153,"1",0.25,0.25,"33","D",0.0645,0.0645,0,"D",0,"D",50000,"D",0,"D",0,"D",0,"D",0,"D",0,"D",0,"D",0,"D",0,"D",0,"D",0,"D",0,"D",5769,2386,5818.75,5718.75,2393.01,2378.8,7650,7650,50000,50000,50000.01,50000.01,0,0,0,0,0,0,0,0,50000,50000,0,0,5818.75,5718.75,5818.75,5718.75,7800,7900,0,0,0,0,0,0,0,0,0
"03443281",1,"2015","2014",0,0.153,0.153,"1",0.15,0.15,"06","D",0.0463,0.0463,0,"D",0,"D",25000,"D",0,"D",0,"D",0,"D",0,"D",0,"D",11100,"D",0,"D",0,"D",0,"D",0,"D",0,"D",1759,678,1773.75,1743.75,687.56,667.61,3825,3825,25000,25000,0,0,0,0,0,0,0,0,0,0,25000,25000,0,0,1773.75,1743.75,1773.75,1743.75,0,0,0,0,0,0,0,0,0,0,0
"03443301",1,"2015","2014",0,0.153,0.153,"1",0.25,0.25,"14","D",0.0375,0.05,0,"D",0,"D",80000,"D",0,"D",0,"D",0,"D",0,"D",0,"D",10200,"D",0,"D",150,"D",0,"D",0,"D",0,"D",13269,3407,13318.75,13218.75,3893.75,2919.38,12240,12240,80000,80000,80000.01,80000.01,0,0,0,0,0,0,0,0,80000,80000,0,0,13318.75,13218.75,13318.75,13218.75,0,0,0,0,0,0,0,0,0,0,0
"03443311",1,"2015","2014",1,0.153,0.153,"2",0.1455,0.1451,"36","D",0.0301,0.0324,0,"D",0,"D",8016,"D",64551,"D",-7980,"D",0,"D",0,"D",0,"D",0,"D",4000,"D",2778,"D",0,"D",1,"D",5072,"D",3995,1413,4006.68,3982.98,1459.11,1367.14,11102.75,11102.75,64587,64587,64587.01,64587.01,1000,1000,0,0,0,0,0,0,59515,59515,0,0,5006.68,4982.98,5006.68,4982.98,0,0,0,0,0,0,0,0,0,0,0
"03443321",1,"2015","2014",0,0.153,0.153,"2",0.15,0.15,"0","T",0,0,0,"D",0,"D",46000,"D",37440,"D",-30,"D",0,"D",0,"D",0,"D",0,"D",1300,"D",18,"D",0,"D",0,"D",0,"D",8529,0,8559,8499,0,0,12766.32,12766.32,83410,83410,0,0,0,0,0,0,0,0,0,0,83410,83410,0,0,8559,8499,8559,8499,0,0,0,0,0,0,0,0,0,0,0
"03443361",1,"2015","2014",0,0.153,0.153,"1",0.25,0.25,"12","D",0.0733,0.0733,0,"D",0,"D",63000,"D",0,"D",-15066,"D",0,"D",0,"D",0,"D",18000,"D",0,"D",110,"D",0,"D",0,"D",0,"D",5252,2859,5302.25,5202.25,2858.88,2858.88,9639,9639,47934,47934,47934.01,47934.01,0,0,0,0,0,0,0,0,47934,47934,0,0,5302.25,5202.25,5302.25,5202.25,2200,2200,2963.7,2963.7,0,0,0,0,0,0,0
"03443381",1,"2015","2014",0,0,0,"1",-0.0765,-0.0765,"0","T",0,0,0,"D",0,"D",0,"D",0,"D",4,"D",1200,"D",0,"D",0,"D",0,"D",250,"D",0,"D",0,"D",0,"D",0,"D",0,0,0,0,0,0,0,0,1204,1204,0,0,0,0,0,0,0,0,0,0,1204,1204,0,0,0,0,0,0,0,0,0,0,0,0,0,0,0,0,0
"03443401",1,"2015","2014",0,0.038,0.038,"2",0.266,0.325,"25","D",0.05,0.05,0,"D",0,"D",258786,"D",0,"D",0,"D",0,"D",0,"D",0,"D",0,"D",9500,"D",0,"D",0,"D",0,"D",17148,"D",46892,10857,47013.85,46770.21,10856.9,10856.9,22091.87,22277.87,258786,258786,258786.01,258786.01,0,0,0,0,0,0,0,0,241638,241638,20.14,0,46993.71,46770.21,46993.71,46770.21,4600,4600,26648,26648,0,0,0,0,0,0,0
"03443411",1,"2015","2014",0,0.029,0.029,"2",0.2486,0.2486,"44","D",0,0,0,"D",0,"D",120000,"D",0,"D",200,"D",0,"D",0,"D",0,"D",0,"D",4000,"D",110,"D",0,"D",0,"D",9996,"D",15894,0,15969.32,15819.32,0,0,17988,18174,120200,120200,0,0,0,0,0,0,0,0,0,0,110204,110204,0,0,15969.32,15819.32,15969.32,15819.32,0,0,0,0,0,0,0,0,0,0,0
"03443431",1,"2015","2014",2,0.153,0.153,"3",0.3106,0.3106,"18","D",0.058,0.058,0,"D",0,"D",27000,"D",0,"D",0,"D",0,"D",0,"D",0,"D",0,"D",480,"D",1236,"D",0,"D",1,"D",0,"D",-4016,1212,-3923.8,-4109.19,1212.8,1210.48,4131,4131,27000,27000,27000.01,27000.01,605,575,395,425,0,0,3528.8,3684.19,27000,27000,0,0,605,575,605,575,2400,2440,1716,1716,0,0,0,0,0,0,0
"03443431",2,"2015","2014",0,0.153,0.153,"1",0.25,0.25,"18","D",0.058,0.058,0,"D",0,"D",64000,"D",0,"D",0,"D",0,"D",0,"D",0,"D",0,"D",0,"D",0,"D",0,"D",0,"D",0,"D",9269,3378,9318.75,9218.75,3378.8,3376.48,9792,9792,64000,64000,64000.01,64000.01,0,0,0,0,0,0,0,0,64000,64000,0,0,9318.75,9218.75,9318.75,9218.75,2400,2440,0,0,0,0,0,0,0,0,0
"03443461",1,"2015","2014",2,0.153,0.153,"3",-0.55,-0.55,"31","D",-0.12,-0.08,0,"D",0,"D",5000,"D",0,"D",0,"D",0,"D",9996,"D",0,"D",7200,"D",0,"D",0,"D",0,"D",1,"D",0,"D",-2300,-650,-2300,-2300,-550,-750,765,765,5000,5000,5000.01,5000.01,0,0,300,300,0,0,2000,2000,5000,5000,0,0,0,0,0,0,0,0,0,0,0,0,0,0,400,600,0
"03443481",1,"2015","2014",1,0.153,0.153,"3",-0.34,-0.34,"10","D",0,0,0,"D",0,"D",4000,"D",0,"D",0,"D",0,"D",19702,"D",0,"D",15600,"D",0,"D",0,"D",0,"D",0,"D",0,"D",-1360,0,-1360,-1360,0,0,612,612,4000,4000,0,0,0,0,0,0,0,0,1360,1360,4000,4000,0,0,0,0,0,0,0,0,0,0,0,0,0,0,0,0,0
"03443491",1,"2015","2014",0,0.153,0.153,"2",0.15,0.15,"10","D",0,0,0,"D",0,"D",40000,"D",30000,"D",0,"D",0,"D",0,"D",0,"D",11700,"D",0,"D",0,"D",0,"D",0,"D",0,"D",6518,0,6547.5,6487.5,0,0,10710,10710,70000,70000,0,0,0,0,0,0,0,0,0,0,70000,70000,0,0,6547.5,6487.5,6547.5,6487.5,0,0,0,0,0,0,0,0,0,0,0
"03443541",1,"2015","2014",3,0.153,0.153,"2",0.2106,0.2106,"01","D",0.0462,0.0462,0,"D",0,"D",1,"D",26121,"D",0,"D",0,"D",0,"D",0,"D",0,"D",170,"D",300,"D",0,"D",1,"D",3128,"D",-6631,721,-6540.26,-6721.4,721.28,721.28,3996.67,3996.67,26122,26122,26122.01,26122.01,0,0,1000,1000,0,0,5540.26,5721.4,26122,26122,0,0,0,0,0,0,5428.73,5428.73,5596.33,5596.33,0,0,0,0,0,0,0
"03443541",2,"2015","2014",3,0,0,"3",-0.45,-0.45,"01","D",0,0,0,"D",0,"D",0,"D",0,"D",0,"D",0,"D",0,"D",0,"D",0,"D",0,"D",0,"D",0,"D",1,"D",0,"D",0,0,0,0,0,0,0,0,0,0,0.01,0.01,0,0,0,0,0,0,0,0,0,0,0,0,0,0,0,0,4700,4700,0,0,0,0,0,0,0,0,0
"03443561",1,"2015","2014",0,0,0,"1",0.15,0.225,"19","D",0.017,0.031,1,"D",0,"D",0,"D",0,"D",0,"D",17740,"D",22042,"D",0,"D",0,"D",600,"D",45,"D",0,"D",0,"D",0,"D",872,225,966.83,777.05,340.93,109.26,0,0,19620.5,19620.5,17740.01,11740.01,0,0,0,0,0,0,0,0,19620.5,19620.5,0,0,966.83,777.05,966.83,777.05,0,0,0,0,0,0,0,0,0,0,0
"03443571",1,"2015","2014",0,0,0,"1",0,0,"0","T",0,0,1,"D",1,"D",0,"D",0,"D",0,"D",0,"D",17998,"D",0,"D",0,"D",950,"D",0,"D",0,"D",0,"D",0,"D",0,0,0,0,0,0,0,0,0,0,0,0,0,0,0,0,0,0,0,0,0,0,0,0,0,0,0,0,0,0,0,0,0,0,0,0,0,0,0
"03443581",1,"2015","2014",0,0.153,0.153,"1",0.1489,0.1489,"44","D",0,0,0,"D",0,"D",50000,"D",0,"D",-1433,"D",0,"D",0,"D",0,"D",0,"D",2300,"D",60,"D",0,"D",0,"D",7192,"D",4705,0,4712.13,4697.13,0,0,7650,7650,48567,48567,0,0,0,0,0,0,0,0,0,0,41375,41375,0,0,4712.13,4697.13,4712.13,4697.13,0,0,0,0,0,0,0,0,0,0,0
"03443591",1,"2015","2014",0,0,0,"1",0.25,0.25,"38","D",0.09,0.09,0,"D",0,"D",0,"D",0,"D",40000,"D",0,"D",15646,"D",0,"D",0,"D",1000,"D",70,"D",0,"D",0,"D",480,"D",6594,2407,6643.53,6543.53,2416.1,2397.45,0,0,53299.1,53299.1,40000.01,40000.01,0,0,0,0,0,0,0,0,53299.1,53299.1,0,0,6643.53,6543.53,6643.53,6543.53,2115.6,2144.96,1550,1550,0,0,0,0,0,0,0
"03443591",3,"2015","2014",0,0,0,"1",-0.0765,-0.0765,"38","D",-0.0061,-0.0061,0,"D",0,"D",0,"D",0,"D",0,"D",0,"D",13762,"D",0,"D",0,"D",0,"D",0,"D",0,"D",0,"D",0,"D",0,0,0,0,0,0,0,0,0,0,0.01,0.01,0,0,0,0,0,0,0,0,0,0,0,0,0,0,0,0,2115.6,2144.96,0,0,0,0,0,0,0,0,0
"03443601",1,"2015","2014",1,0.153,0.153,"2",0.2375,0.2375,"45","D",0.05,0.05,0,"D",0,"D",63315,"D",47370,"D",0,"D",0,"D",0,"D",0,"D",0,"D",2700,"D",1427,"D",0,"D",0,"D",4200,"D",12875,5534,12955.94,12793.44,5534.25,5534.25,16934.8,16934.8,110685,110685,110685.01,110685.01,0,0,0,0,0,0,0,0,106485,106485,0,0,12955.94,12793.44,12955.94,12793.44,0,0,0,0,0,0,0,0,0,0,0
"03443611",1,"2015","2014",2,0,0,"3",0.15,0.15,"0","T",0,0,0,"D",0,"D",0,"D",0,"D",50000,"D",0,"D",0,"D",0,"D",0,"D",7100,"D",0,"D",0,"D",0,"D",0,"D",3683,0,3710,3655,0,0,0,0,50000,50000,0,0,0,0,0,0,0,0,0,0,50000,50000,0,0,3710,3655,3710,3655,0,0,0,0,0,0,0,0,0,0,0
"03443621",1,"2015","2014",0,0.153,0.153,"1",0.1405,0.1405,"45","D",0.063,0.063,0,"D",0,"D",45806,"D",0,"D",-2308,"D",0,"D",0,"D",0,"D",0,"D",1100,"D",77,"D",0,"D",0,"D",5040,"D",4237,2010,4243.96,4229.72,2012.93,2007.89,7008.32,7008.32,43498,43498,43498.01,43498.01,0,0,0,0,0,0,0,0,38458,38458,0,0,4243.96,4229.72,4243.96,4229.72,0,0,0,0,0,0,0,0,0,0,0
"03443631",1,"2015","2014",0,0.153,0.153,"1",0.15,0.15,"26","D",0.051,0.051,0,"D",0,"D",30000,"D",0,"D",0,"D",0,"D",0,"D",0,"D",1600,"D",0,"D",0,"D",0,"D",0,"D",120,"D",2509,923,2523.75,2493.75,925.58,921.38,4590,4590,30000,30000,30000.01,30000.01,0,0,0,0,0,0,0,0,30000,30000,0,0,2523.75,2493.75,2523.75,2493.75,6200,6300,0,0,0,0,0,0,0,0,0
"03443641",1,"2015","2014",1,0.153,0.153,"3",0.2598,0.2598,"0","T",0,0,0,"D",0,"D",25000,"D",0,"D",0,"D",0,"D",0,"D",0,"D",0,"D",0,"D",0,"D",0,"D",1,"D",0,"D",-2424,0,-2359.23,-2489.37,0,0,3825,3825,25000,25000,0,0,800,775,200,225,0,0,2159.23,2264.37,25000,25000,0,0,800,775,800,775,0,0,0,0,0,0,0,0,0,0,0
"03443661",1,"2015","2014",0,0,0,"1",0,0,"44","D",0,0,1,"D",1,"D",0,"D",0,"D",0,"D",0,"D",11206,"D",0,"D",0,"D",400,"D",75,"D",0,"D",0,"D",2400,"D",0,0,0,0,0,0,0,0,0,0,0,0,0,0,0,0,0,0,0,0,0,0,0,0,0,0,0,0,0,0,0,0,0,0,0,0,0,0,0
"03443671",1,"2015","2014",0,0.153,0.153,"2",0.2755,0.2755,"05","D",0,0,2,"D",2,"D",0,"D",32000,"D",-2383,"D",15984,"D",19568,"D",0,"D",0,"D",5400,"D",0,"D",0,"D",0,"D",12888,"D",4191,0,4205.59,4175.59,0,0,4896,4896,61278.25,61278.25,45601.01,45601.01,0,0,0,0,0,0,0,0,48390.25,48390.25,0,0,4205.59,4175.59,4205.59,4175.59,7984,8088,18288,18288,0,0,0,0,0,0,0
"03443681",1,"2015","2014",0,0,0,"1",0,0,"44","D",0,0,1,"D",1,"D",0,"D",0,"D",0,"D",11160,"D",14664,"D",0,"D",0,"D",1500,"D",0,"D",0,"D",0,"D",0,"D",0,0,0,0,0,0,0,0,11160,11160,0,0,0,0,0,0,0,0,0,0,11160,11160,0,0,0,0,0,0,0,0,0,0,0,0,0,0,0,0,0
"03443691",1,"2015","2014",0,0.153,0.153,"2",0.15,0.15,"36","D",0.0346,0.037,1,"D",0,"D",59231,"D",0,"D",3300,"D",900,"D",12725,"D",0,"D",0,"D",1200,"D",0,"D",0,"D",0,"D",5460,"D",7061,1561,7184.59,6937.09,1650.6,1471.56,9062.34,9062.34,74247.25,74247.25,63431.01,63431.01,0,0,0,0,0,0,0,0,74247.25,74247.25,0,0,7184.59,6937.09,7184.59,6937.09,0,0,0,0,0,0,0,0,0,0,0
"03443701",1,"2015","2014",0,0,0,"1",0.15,0.15,"33","D",0.0456,0.0456,1,"D",1,"D",0,"D",0,"D",16396,"D",2115,"D",16474,"D",0,"D",0,"D",4300,"D",1245,"D",0,"D",0,"D",1280,"D",761,297,768.5,753.5,300.08,294.6,0,0,19385,19385,16396.01,16396.01,0,0,0,0,0,0,0,0,19385,19385,0,0,768.5,753.5,768.5,753.5,7800,7900,0,0,0,0,0,0,0,0,0
"03443711",1,"2015","2014",0,0.153,0.153,"2",0.15,0.15,"50","D",0.0697,0.0697,0,"D",0,"D",41917,"D",9200,"D",0,"D",0,"D",0,"D",0,"D",0,"D",3200,"D",35,"D",0,"D",0,"D",4496,"D",3685,1372,3715.05,3655.05,1386.65,1356.45,7820.9,7820.9,51117,51117,51117.01,51117.01,0,0,0,0,0,0,0,0,51117,51117,0,0,3715.05,3655.05,3715.05,3655.05,12152.84,12528.1,4496,4496,0,0,0,0,0,0,0
"03443771",1,"2015","2014",0,0.153,0.153,"2",0.15,0.15,"12","D",0.0707,0.0707,0,"D",0,"D",26122,"D",54089,"D",0,"D",0,"D",0,"D",0,"D",0,"D",850,"D",0,"D",0,"D",0,"D",3052,"D",8049,4356,8079.15,8019.15,4355.62,4355.62,12272.28,12272.28,80211,80211,80211.01,80211.01,0,0,0,0,0,0,0,0,80211,80211,0,0,8079.15,8019.15,8079.15,8019.15,4400,4400,8233.28,8233.28,0,0,0,0,0,0,0
"03443781",1,"2015","2014",0,0.153,0.153,"2",0.15,0.15,"33","D",0.059,0.0645,0,"D",0,"D",38000,"D",20000,"D",0,"D",0,"D",0,"D",0,"D",14400,"D",0,"D",168,"D",0,"D",0,"D",0,"D",4718,2060,4747.5,4687.5,2073.8,2047.18,8874,8874,58000,58000,58000.01,58000.01,0,0,0,0,0,0,0,0,58000,58000,0,0,4747.5,4687.5,4747.5,4687.5,15650,15850,0,0,0,0,0,0,0,0,0
"03443781",2,"2015","2014",0,0.153,0.153,"1",0.15,0.15,"33","D",0.0645,0.0645,0,"D",0,"D",42000,"D",0,"D",0,"D",0,"D",0,"D",0,"D",0,"D",0,"D",0,"D",0,"D",0,"D",0,"D",4309,1870,4323.75,4293.75,1877.01,1862.8,6426,6426,42000,42000,42000.01,42000.01,0,0,0,0,0,0,0,0,42000,42000,0,0,4323.75,4293.75,4323.75,4293.75,7800,7900,0,0,0,0,0,0,0,0,0
"03443781",3,"2015","2014",0,0.153,0.153,"1",0.15,0.15,"33","D",0.0645,0.0645,0,"D",0,"D",38000,"D",0,"D",0,"D",0,"D",0,"D",0,"D",0,"D",0,"D",0,"D",0,"D",0,"D",0,"D",3709,1612,3723.75,3693.75,1619.01,1604.8,5814,5814,38000,38000,38000.01,38000.01,0,0,0,0,0,0,0,0,38000,38000,0,0,3723.75,3693.75,3723.75,3693.75,7800,7900,0,0,0,0,0,0,0,0,0
"03443791",1,"2015","2014",2,0,0,"3",-0.4,-0.4,"03","D",0,0,0,"D",0,"D",0,"D",0,"D",0,"D",0,"D",0,"D",0,"D",0,"D",2400,"D",0,"D",0,"D",0,"D",10,"D",0,-75,0,0,-75,-75,0,0,0,0,0.01,0.01,0,0,0,0,0,0,0,0,0,0,0,0,0,0,0,0,10018,10182,2410.05,2410.05,0,0,0,0,0,0,0
"03443821",1,"2015","2014",0,0.153,0.153,"1",0.25,0.25,"36","D",0.0346,0.037,0,"D",0,"D",83000,"D",0,"D",0,"D",0,"D",0,"D",0,"D",0,"D",2100,"D",235,"D",0,"D",0,"D",156,"D",14019,2378,14068.75,13968.75,2455.62,2300.85,12699,12699,83000,83000,83000.01,83000.01,0,0,0,0,0,0,0,0,83000,83000,0,0,14068.75,13968.75,14068.75,13968.75,0,0,0,0,0,0,0,0,0,0,0
"03443851",1,"2015","2014",0,0.029,0.029,"2",0.2267,0.2267,"05","D",0.093,0.093,0,"D",0,"D",0,"D",142000,"D",-400,"D",0,"D",0,"D",0,"D",0,"D",5000,"D",60,"D",0,"D",0,"D",16228,"D",18251,5957,18317.85,18184.53,5990.6,5923.89,18626,18812,141600,141600,141600.01,141600.01,0,0,0,0,0,0,0,0,125372,125372,0,0,18317.85,18184.53,18317.85,18184.53,7984,8088,21288,21288,0,0,0,0,0,0,0
"03443871",1,"2015","2014",0,0.153,0.153,"1",0.1405,0.1405,"23","D",0.0635,0.0635,0,"D",0,"D",41600,"D",0,"D",2064,"D",0,"D",0,"D",0,"D",0,"D",2000,"D",150,"D",0,"D",0,"D",4416,"D",4307,1359,4314.55,4299.55,1359.34,1359.34,6364.8,6364.8,43664,43664,43664.01,43664.01,0,0,0,0,0,0,0,0,39248,39248,0,0,4314.55,4299.55,4314.55,4299.55,0,0,0,0,326.38,326.38,0,0,0,0,0
"03443871",2,"2015","2014",1,0,0,"3",-0.34,-0.34,"23","D",-0.0029,-0.0029,0,"D",0,"D",0,"D",0,"D",0,"D",0,"D",0,"D",0,"D",0,"D",0,"D",0,"D",0,"D",1,"D",0,"D",0,-303,0,0,-302.98,-302.98,0,0,0,0,0.01,0.01,0,0,0,0,0,0,0,0,0,0,0,0,0,0,0,0,0,0,0,0,0,0,0,0,0,0,0
"03443891",1,"2015","2014",2,0.153,0.153,"2",0.2919,0.292,"03","D",0.0325,0.0325,0,"D",0,"D",80000,"D",45000,"D",-40,"D",0,"D",0,"D",0,"D",0,"D",1200,"D",1964,"D",0,"D",2,"D",10156,"D",13588,2984,13674.77,13500.89,2986.64,2981.93,19125,19125,124960,124960,124960.01,124960.01,1252,1252,0,0,0,0,0,0,114804,114804,0,0,14926.77,14752.89,14926.77,14752.89,10018,10182,16302.93,16298.45,0,0,0,0,0,0,0
"03443903",1,"2015","2014",0,0.153,0.153,"1",0.15,0.15,"33","D",0.0657,0.0657,0,"D",0,"D",27597,"D",0,"D",0,"D",0,"D",0,"D",0,"D",15600,"D",0,"D",0,"D",0,"D",0,"D",0,"D",2148,925,2163.3,2133.3,930.57,919.6,4222.34,4222.34,27597,27597,27597.01,27597.01,0,0,0,0,0,0,0,0,27597,27597,0,0,2163.3,2133.3,2163.3,2133.3,7800,7900,0,0,0,0,0,0,0,0,0
"03443903",2,"2015","2014",0,0.153,0.153,"1",0.1,0.15,"33","D",0.0454,0.0529,0,"D",0,"D",19278,"D",0,"D",0,"D",0,"D",0,"D",0,"D",0,"D",0,"D",0,"D",0,"D",0,"D",0,"D",907,427,915.45,897.8,430.22,424.25,2949.53,2949.53,19278,19278,19278.01,19278.01,0,0,0,0,0,0,0,0,19278,19278,0,0,915.45,897.8,915.45,897.8,7800,7900,0,0,0,0,0,0,0,0,0
"03443921",1,"2015","2014",6,0,0,"3",-0.45,-0.45,"12","D",0,0,0,"D",0,"D",0,"D",0,"D",0,"D",0,"D",0,"D",0,"D",16800,"D",0,"D",0,"D",0,"D",0,"D",300,"D",0,-945,0,0,-945,-945,0,0,0,0,0.01,0.01,0,0,0,0,0,0,0,0,0,0,0,0,0,0,0,0,3212,3212,300.14,300.14,0,0,0,0,0,0,0
"03443931",1,"2015","2014",2,0.153,0.153,"3",0,0,"50","D",0.0703,0.0703,0,"D",0,"D",15000,"D",0,"D",0,"D",0,"D",0,"D",0,"D",4500,"D",0,"D",20,"D",0,"D",1,"D",0,"D",-6504,-1048,-6460,-6548,-1043.55,-1053.23,2295,2295,15000,15000,15000.01,15000.01,0,0,1000,1000,0,0,5460,5548,15000,15000,0,0,0,0,0,0,12948.6,13227.05,0,0,442.95,442.95,0,0,600.6,610.28,0
"03443942",1,"2015","2014",0,0.153,0.153,"1",0.1,0.1,"34","D",0.0575,0.058,0,"D",0,"D",17632,"D",0,"D",0,"D",0,"D",0,"D",0,"D",0,"D",0,"D",0,"D",0,"D",0,"D",0,"D",741,585,748.2,733.2,587.66,582.59,2697.7,2697.7,17632,17632,17632.01,17632.01,0,0,0,0,0,0,0,0,17632,17632,0,0,748.2,733.2,748.2,733.2,7500,7500,0,0,0,0,0,0,0,0,0
"03443951",1,"2015","2014",2,0.153,0.153,"2",0.25,0.25,"10","D",0,0,0,"D",0,"D",35000,"D",105000,"D",0,"D",0,"D",0,"D",0,"D",43356,"D",0,"D",0,"D",0,"D",1,"D",0,"D",19550,0,19662.5,19437.5,0,0,21420,21420,140000,140000,0,0,0,0,0,0,0,0,0,0,140000,140000,0,0,19662.5,19437.5,19662.5,19437.5,0,0,0,0,0,0,0,0,0,0,0
"03443971",1,"2015","2014",0,0.153,0.153,"2",0.15,0.15,"0","T",0,0,0,"D",0,"D",5800,"D",50000,"D",0,"D",30000,"D",0,"D",0,"D",0,"D",16980,"D",370,"D",0,"D",0,"D",1592,"D",7921,0,7936.2,7906.2,0,0,8537.4,8537.4,85800,85800,0,0,0,0,0,0,0,0,0,0,84208,84208,0,0,7936.2,7906.2,7936.2,7906.2,0,0,0,0,0,0,0,0,0,0,0
"03443991",1,"2015","2014",0,0.153,0.153,"2",0.25,0.25,"0","T",0,0,0,"D",0,"D",33956,"D",73170,"D",74,"D",0,"D",0,"D",0,"D",0,"D",2500,"D",0,"D",0,"D",0,"D",0,"D",13338,0,13437.5,13237.5,0,0,16390.28,16390.28,107200,107200,0,0,0,0,0,0,0,0,0,0,107200,107200,0,0,13437.5,13237.5,13437.5,13237.5,0,0,0,0,0,0,0,0,0,0,0
"03444001",1,"2015","2014",0,0.153,0.153,"1",0.1,0.1,"28","D",0.0351,0.0351,0,"D",0,"D",17500,"D",0,"D",0,"D",0,"D",0,"D",0,"D",11340,"D",0,"D",0,"D",0,"D",0,"D",0,"D",728,234,735,720,237.13,231.12,2677.5,2677.5,17500,17500,17500.01,17500.01,0,0,0,0,0,0,0,0,17500,17500,0,0,735,720,735,720,6200,6300,0,0,0,0,0,0,0,0,0
"03444041",1,"2015","2014",0,0.153,0.153,"1",0.25,0.25,"10","D",0,0,0,"D",0,"D",62459,"D",0,"D",-5000,"D",0,"D",0,"D",0,"D",0,"D",3500,"D",0,"D",0,"D",0,"D",0,"D",7634,0,7683.5,7583.5,0,0,9556.23,9556.23,57459,57459,0,0,0,0,0,0,0,0,0,0,57459,57459,0,0,7683.5,7583.5,7683.5,7583.5,0,0,0,0,0,0,0,0,0,0,0
"03444054",1,"2015","2014",0,0.153,0.153,"1",0.25,0.25,"44","D",0,0,0,"D",0,"D",93000,"D",0,"D",-3100,"D",0,"D",0,"D",0,"D",14280,"D",0,"D",205,"D",0,"D",0,"D",400,"D",15744,0,15793.75,15693.75,0,0,14229,14229,89900,89900,0,0,0,0,0,0,0,0,0,0,89900,89900,0,0,15793.75,15693.75,15793.75,15693.75,0,0,0,0,0,0,0,0,0,0,0
"03444101",1,"2015","2014",2,0.153,0.153,"2",0.15,0.15,"33","D",0.0645,0.0645,0,"D",0,"D",40000,"D",31240,"D",0,"D",0,"D",0,"D",0,"D",12000,"D",0,"D",69,"D",0,"D",2,"D",0,"D",3511,2125,3548.5,3473.5,2138.78,2110.35,10899.72,10899.72,71240,71240,71240.01,71240.01,2000,2000,0,0,0,0,0,0,71240,71240,0,0,5548.5,5473.5,5548.5,5473.5,15650,15850,0,0,0,0,0,0,0,0,0
"03444111",1,"2015","2014",2,0.153,0.153,"2",0.15,0.15,"0","T",0,0,0,"D",0,"D",49721,"D",2000,"D",0,"D",0,"D",0,"D",0,"D",13500,"D",0,"D",0,"D",0,"D",2,"D",0,"D",583,0,620.65,545.65,0,0,7913.31,7913.31,51721,51721,0,0,2000,2000,0,0,0,0,0,0,51721,51721,0,0,2620.65,2545.65,2620.65,2545.65,0,0,0,0,0,0,0,0,0,0,0
"03444121",1,"2015","2014",0,0.153,0.153,"2",0.0765,0.0765,"44","D",0,0,0,"D",0,"D",0,"D",14000,"D",0,"D",0,"D",0,"D",0,"D",3600,"D",0,"D",800,"D",0,"D",0,"D",240,"D",-472,0,-460.81,-483.87,0,0,2142,2142,14000,14000,0,0,0,0,0,0,0,0,460.81,483.87,14000,14000,0,0,0,0,0,0,0,0,0,0,0,0,0,0,0,0,0
"03444141",1,"2015","2014",0,0,0,"1",0,0,"22","D",0,0,1,"D",1,"D",0,"D",0,"D",0,"D",555,"D",17062,"D",0,"D",0,"D",2600,"D",0,"D",0,"D",0,"D",500,"D",0,0,0,0,0,0,0,0,555,555,555.01,555.01,0,0,0,0,0,0,0,0,555,555,0,0,0,0,0,0,0,0,0,0,0,0,0,0,0,0,0
"03444151",1,"2015","2014",0,0.153,0.153,"2",0.15,0.15,"17","D",0.046,0.048,0,"D",0,"D",84000,"D",17202,"D",-17515,"D",0,"D",0,"D",0,"D",0,"D",1300,"D",288,"D",0,"D",0,"D",1416,"D",8571,3592,8600.55,8540.55,3651.7,3533.29,15483.91,15483.91,83687,83687,101202.01,101202.01,0,0,0,0,0,0,0,0,83687,83687,0,0,8600.55,8540.55,8600.55,8540.55,7500,7500,0,0,0,0,0,0,0,0,0
"03444161",1,"2015","2014",0,0,0,"1",0,0,"12","D",0,0,1,"D",1,"D",0,"D",0,"D",0,"D",0,"D",0,"D",0,"D",2064,"D",0,"D",0,"D",0,"D",0,"D",0,"D",0,-185,0,0,-185,-185,0,0,0,0,0.01,0.01,0,0,0,0,0,0,0,0,0,0,0,0,0,0,0,0,2200,2200,0.09,0.09,0,0,0,0,0,0,0
"03444181",1,"2015","2014",0,0.153,0.153,"1",0.1431,0.1428,"17","D",0.046,0.048,0,"D",0,"D",41000,"D",0,"D",-1171,"D",0,"D",0,"D",0,"D",0,"D",1100,"D",78,"D",0,"D",0,"D",3912,"D",3951,1373,3956.67,3945.67,1386.19,1359.5,6273,6273,39829,39829,41000.01,41000.01,0,0,0,0,0,0,0,0,35917,35917,0,0,3956.67,3945.68,3956.67,3945.67,3000,3000,3308.5,2545,0,0,0,0,0,0,0
"03444181",2,"2015","2014",0,0.153,0.153,"1",0.1,0.1,"17","D",0.027,0.027,0,"D",0,"D",15600,"D",0,"D",0,"D",0,"D",0,"D",0,"D",0,"D",0,"D",0,"D",0,"D",0,"D",0,"D",538,279,545,530,279.45,279.45,2386.8,2386.8,15600,15600,15600.01,15600.01,0,0,0,0,0,0,0,0,15600,15600,0,0,545,530,545,530,3000,3000,0,0,0,0,0,0,0,0,0
"03444191",1,"2015","2014",2,0,0,"3",-0.4,-0.4,"23","D",0.057,0.057,0,"D",0,"D",0,"D",0,"D",0,"D",14616,"D",0,"D",0,"D",0,"D",800,"D",175,"D",0,"D",0,"D",1544,"D",0,-187,0,0,-187.07,-187.07,0,0,14616,14616,14616.01,14616.01,0,0,0,0,0,0,0,0,14616,14616,0,0,0,0,0,0,0,0,0,0,173.04,173.04,0,0,0,0,0
"03444201",1,"2015","2014",0,0.029,0.029,"2",0.2656,0.325,"22","D",0.0515,0.052,2,"D",1,"D",0,"D",228786,"D",159,"D",0,"D",0,"D",0,"D",0,"D",11000,"D",801,"D",0,"D",0,"D",4604,"D",41280,11338,41392.33,41168.4,11411.14,11265.37,21142.79,21328.79,228945,228945,228945.01,228945.01,0,0,0,0,0,0,0,0,224341,224341,41.24,0,41351.08,41168.4,41351.08,41168.4,0,0,0,0,0,0,0,0,0,0,0
"03444222",1,"2015","2014",0,0.153,0.153,"1",0.15,0.15,"33","D",0.0645,0.0645,0,"D",0,"D",30000,"D",0,"D",0,"D",0,"D",0,"D",0,"D",9200,"D",0,"D",300,"D",0,"D",0,"D",3440,"D",2509,1096,2523.75,2493.75,1103.01,1088.8,4590,4590,30000,30000,30000.01,30000.01,0,0,0,0,0,0,0,0,30000,30000,0,0,2523.75,2493.75,2523.75,2493.75,7800,7900,0,0,0,0,0,0,0,0,0
"03444231",1,"2015","2014",0,0.153,0.153,"1",0.235,0.235,"11","D",0.06,0.06,0,"D",0,"D",75000,"D",0,"D",-6500,"D",0,"D",0,"D",0,"D",0,"D",1600,"D",0,"D",0,"D",0,"D",4428,"D",9600,3396,9637.67,9562.67,3396.32,3396.32,11475,11475,68500,68500,68500.01,68500.01,0,0,0,0,0,0,0,0,64072,64072,0,0,9637.67,9562.67,9637.67,9562.67,2300,2300,6028,6028,0,0,0,0,0,0,0
"03444241",1,"2015","2014",0,0.153,0.153,"2",0.15,0.15,"47","D",0.0575,0.0575,0,"D",0,"D",42103,"D",24812,"D",0,"D",0,"D",0,"D",0,"D",0,"D",1900,"D",780,"D",0,"D",0,"D",2004,"D",6055,2881,6084.75,6024.75,2880.66,2880.66,10237.99,10237.99,66915,66915,66915.01,66915.01,0,0,0,0,0,0,0,0,66915,66915,0,0,6084.75,6024.75,6084.75,6024.75,6000,6000,0,0,0,0,0,0,0,0,0
"03444251",1,"2015","2014",1,0.153,0.153,"2",0.15,0.15,"36","D",0.0346,0.037,0,"D",0,"D",53655,"D",0,"D",0,"D",0,"D",0,"D",0,"D",0,"D",1000,"D",0,"D",0,"D",0,"D",8868,"D",3470,1179,3503.25,3435.75,1216.97,1140.25,8209.21,8209.21,53655,53655,53655.01,53655.01,0,0,0,0,0,0,0,0,53655,53655,0,0,3503.25,3435.75,3503.25,3435.75,0,0,0,0,0,0,0,0,0,0,0
"03444261",1,"2015","2014",2,0,0,"3",-0.4,-0.4,"47","D",0,0,0,"D",0,"D",0,"D",0,"D",0,"D",0,"D",0,"D",0,"D",4200,"D",0,"D",0,"D",0,"D",0,"D",2,"D",0,0,0,0,0,0,0,0,0,0,0.01,0.01,0,0,0,0,0,0,0,0,0,0,0,0,0,0,0,0,0,0,0,0,0,0,0,0,0,0,0
"03444271",1,"2015","2014",0,0.153,0.153,"1",0.15,0.15,"09","D",0.06,0.06,0,"D",0,"D",49000,"D",0,"D",-3861,"D",0,"D",0,"D",0,"D",19500,"D",0,"D",195,"D",0,"D",0,"D",200,"D",4780,2123,4794.6,4764.6,2155.84,2089.84,7497,7497,45139,45139,45139.01,45139.01,0,0,0,0,0,0,0,0,45139,45139,0,0,4794.6,4764.6,4794.6,4764.6,4150,5200,0,0,0,0,0,0,0,0,0
"03444271",2,"2015","2014",0,0.153,0.153,"1",0.15,0.15,"09","D",0.07,0.085,0,"D",0,"D",47000,"D",0,"D",0,"D",0,"D",0,"D",0,"D",0,"D",0,"D",0,"D",0,"D",0,"D",0,"D",5059,2249,5073.75,5043.75,2295.63,2201.75,7191,7191,47000,47000,47000.01,47000.01,0,0,0,0,0,0,0,0,47000,47000,0,0,5073.75,5043.75,5073.75,5043.75,4150,5200,0,0,0,0,0,0,0,0,0
"03444281",1,"2015","2014",2,0.153,0.153,"2",0.1405,0.1405,"45","D",0.063,0.063,0,"D",0,"D",65000,"D",10000,"D",0,"D",0,"D",0,"D",0,"D",0,"D",1700,"D",3054,"D",0,"D",2,"D",9200,"D",3434,2816,3455.89,3413.07,2823.42,2808.84,11475,11475,75000,75000,75000.01,75000.01,2000,2000,0,0,0,0,0,0,65800,65800,0,0,5455.89,5413.07,5455.89,5413.07,0,0,0,0,0,0,0,0,0,0,0
"03444291",1,"2015","2014",1,0.153,0.153,"2",0.3,0.3,"0","T",0,0,0,"D",0,"D",43000,"D",70000,"D",0,"D",0,"D",0,"D",0,"D",0,"D",3500,"D",0,"D",0,"D",1,"D",13076,"D",11925,0,12006,11843.5,0,0,17289,17289,113000,113000,0,0,850,850,0,0,0,0,0,0,99924,99924,0,0,12856,12693.5,12856,12693.5,0,0,0,0,0,0,0,0,0,0,0
"03444321",1,"2015","2014",0,0.153,0.153,"2",0.25,0.25,"0","T",0,0,0,"D",0,"D",79487,"D",81494,"D",-12178,"D",0,"D",0,"D",0,"D",0,"D",4200,"D",296,"D",0,"D",0,"D",17240,"D",21429,0,21504.25,21354.25,0,0,24630.09,24630.09,148803,148803,0,0,0,0,0,0,0,0,0,0,131563,131563,0,0,21504.25,21354.25,21504.25,21354.25,0,0,0,0,0,0,0,0,0,0,0
"03444371",1,"2015","2014",1,0.153,0.153,"2",0.1463,0.1463,"31","D",0.0245,0.0245,0,"D",0,"D",6205,"D",64415,"D",-12433,"D",0,"D",0,"D",0,"D",0,"D",8000,"D",805,"D",0,"D",1,"D",4040,"D",2943,1028,2962.03,2924.53,1028.44,1028.44,10804.86,10804.86,58187,58187,70620.01,70620.01,1000,1000,0,0,0,0,0,0,54147,54147,0,0,3962.03,3924.53,3962.03,3924.53,0,0,0,0,0,0,0,0,0,0,0
"03444391",1,"2015","2014",1,0.153,0.153,"3",0,0,"0","T",0,0,0,"D",0,"D",10000,"D",0,"D",0,"D",0,"D",0,"D",0,"D",4200,"D",0,"D",221,"D",0,"D",0,"D",0,"D",-3332,0,-3305,-3359,0,0,1530,1530,10000,10000,0,0,0,0,0,0,0,0,3305,3359,10000,10000,0,0,0,0,0,0,0,0,0,0,0,0,0,0,0,0,0
"03444401",1,"2015","2014",0,0.153,0.153,"1",0.25,0.25,"03","D",0.0336,0.0336,0,"D",0,"D",50000,"D",0,"D",0,"D",0,"D",0,"D",0,"D",14004,"D",0,"D",0,"D",0,"D",0,"D",24,"D",5769,1290,5818.75,5718.75,1292.14,1286.95,7650,7650,50000,50000,50000.01,50000.01,0,0,0,0,0,0,0,0,50000,50000,0,0,5818.75,5718.75,5818.75,5718.75,5009,5091,1316.14,1310.95,0,0,0,0,0,0,0
"03444401",2,"2015","2014",0,0.153,0.153,"1",0.25,0.25,"03","D",0.0336,0.0336,0,"D",0,"D",50900,"D",0,"D",0,"D",0,"D",0,"D",0,"D",0,"D",0,"D",0,"D",0,"D",0,"D",0,"D",5994,1320,6043.75,5943.75,1322.38,1317.19,7787.7,7787.7,50900,50900,50900.01,50900.01,0,0,0,0,0,0,0,0,50900,50900,0,0,6043.75,5943.75,6043.75,5943.75,5009,5091,1322.38,1317.19,0,0,0,0,0,0,0
"03444413",1,"2015","2014",0,0.153,0.153,"1",0.254,0.254,"05","D",0.093,0.093,0,"D",0,"D",115000,"D",0,"D",-4025,"D",0,"D",0,"D",0,"D",21600,"D",0,"D",0,"D",0,"D",0,"D",0,"D",21031,7331,21084.69,20976.89,7350.21,7312.02,17595,17595,110975,110975,110975.01,110975.01,0,0,0,0,0,0,0,0,110975,110975,0,0,21084.69,20976.89,21084.69,20976.89,3992,4044,0,0,0,0,0,0,0,0,0
"03444421",1,"2015","2014",0,0.153,0.153,"2",0.15,0.15,"0","T",0,0,0,"D",0,"D",22000,"D",18000,"D",0,"D",0,"D",0,"D",0,"D",4540,"D",0,"D",0,"D",0,"D",0,"D",60,"D",2018,0,2047.5,1987.5,0,0,6120,6120,40000,40000,0,0,0,0,0,0,0,0,0,0,40000,40000,0,0,2047.5,1987.5,2047.5,1987.5,0,0,0,0,0,0,0,0,0,0,0
"03444431",1,"2015","2014",0,0.153,0.153,"2",0.1,0.1,"43","D",0,0,0,"D",0,"D",27000,"D",0,"D",-1124,"D",0,"D",8400,"D",0,"D",0,"D",2200,"D",1689,"D",0,"D",0,"D",4800,"D",543,0,557.6,527.6,0,0,4131,4131,25876,25876,0,0,0,0,0,0,0,0,0,0,25876,25876,0,0,557.6,527.6,557.6,527.6,0,0,0,0,0,0,0,0,0,0,0
"03444431",2,"2015","2014",0,0.153,0.153,"1",0.25,0.25,"43","D",0,0,0,"D",0,"D",62400,"D",0,"D",0,"D",0,"D",0,"D",0,"D",0,"D",0,"D",0,"D",0,"D",0,"D",0,"D",8869,0,8918.75,8818.75,0,0,9547.2,9547.2,62400,62400,0,0,0,0,0,0,0,0,0,0,62400,62400,0,0,8918.75,8818.75,8918.75,8818.75,0,0,0,0,0,0,0,0,0,0,0
"03444451",1,"2015","2014",0,0.153,0.153,"1",0.1765,0.1765,"10","D",0,0,0,"D",0,"D",12000,"D",0,"D",0,"D",0,"D",0,"D",0,"D",6000,"D",0,"D",0,"D",0,"D",0,"D",0,"D",-30,0,-13.41,-46.12,0,0,1836,1836,12000,12000,0,0,0,0,0,0,0,0,198.41,216.12,12000,12000,0,0,185,170,185,170,0,0,0,0,0,0,0,0,0,0,0
"03444461",1,"2015","2014",1,0.153,0.153,"2",0.2598,0.2598,"05","D",0,0,0,"D",0,"D",20050,"D",17000,"D",0,"D",0,"D",0,"D",0,"D",0,"D",0,"D",200,"D",0,"D",1,"D",0,"D",-897,0,-821.36,-972.68,0,0,5668.65,5668.65,37050,37050,37050.01,37050.01,1000,1000,0,0,0,0,1101.36,1217.68,37050,37050,0,0,1280,1245,1280,1245,7984,8088,200,200,0,0,0,0,0,0,0
"03444491",1,"2015","2014",0,0.153,0.153,"2",0.25,0.25,"38","D",0.09,0.09,0,"D",0,"D",76644,"D",0,"D",110,"D",35195,"D",0,"D",0,"D",0,"D",3400,"D",0,"D",0,"D",0,"D",0,"D",14525,8265,14624.75,14424.75,8279.1,8250.82,11726.53,11726.53,111949,111949,111949.01,111949.01,0,0,0,0,0,0,0,0,111949,111949,0,0,14624.75,14424.75,14624.75,14424.75,4231.2,4289.91,3400,3400,0,0,0,0,0,0,0
"03444501",1,"2015","2014",1,0.153,0.0672,"2",0.2343,0.2343,"50","D",0.0627,0.0627,0,"D",0,"D",52000,"D",117000,"D",0,"D",0,"D",0,"D",0,"D",0,"D",5800,"D",230,"D",0,"D",1,"D",11992,"D",24241,8689,24321.4,24160.57,8692.41,8685.73,25857,25857,169000,169000,169000.01,169000.01,0,0,0,0,0,0,0,0,157008,157008,0,0,24321.4,24160.57,24321.4,24160.57,0,0,11992,11992,0,0,0,0,0,0,0
"03444521",1,"2015","2014",1,0.0596,0.0596,"2",0.35,0.35,"05","D",0.0986,0.0986,0,"D",0,"D",283786,"D",60000,"D",50000,"D",0,"D",0,"D",0,"D",0,"D",9400,"D",0,"D",8600,"D",1,"D",25592,"D",92280,28305,92574.9,91984.9,28370.98,28238.68,32761.87,32947.87,393786,393786,393786.01,393786.01,0,0,0,0,600,600,0,0,368194,368194,6586.8,6544.66,84688.1,84140.24,84688.1,84140.24,7984,8088,32534.4,32809.56,0,0,0,0,0,0,0
"03444531",1,"2015","2014",0,0.153,0.153,"2",0.15,0.15,"44","D",0,0,0,"D",0,"D",39404,"D",10671,"D",0,"D",0,"D",0,"D",0,"D",0,"D",3500,"D",0,"D",0,"D",0,"D",3636,"D",3529,0,3558.75,3498.75,0,0,7661.47,7661.47,50075,50075,0,0,0,0,0,0,0,0,0,0,50075,50075,0,0,3558.75,3498.75,3558.75,3498.75,0,0,0,0,0,0,0,0,0,0,0
"03444601",1,"2015","2014",1,0.153,0.153,"3",0.2678,0.2678,"41","D",0.04,0.04,0,"D",0,"D",24000,"D",0,"D",0,"D",0,"D",0,"D",0,"D",0,"D",200,"D",0,"D",1600,"D",1,"D",400,"D",-3172,19,-3107.03,-3237.17,24,14,3672,3672,24000,24000,7000.01,6750.01,212,187,788,813,488,488,2319.03,2424.17,24000,24000,0,0,700,675,700,675,0,0,0,0,0,0,112,112,0,0,0
"03444611",1,"2015","2014",1,0.153,0.153,"3",0,0,"0","T",0,0,0,"D",0,"D",11000,"D",0,"D",0,"D",0,"D",0,"D",0,"D",2508,"D",0,"D",0,"D",0,"D",0,"D",0,"D",-3332,0,-3305,-3359,0,0,1683,1683,11000,11000,0,0,0,0,0,0,0,0,3305,3359,11000,11000,0,0,0,0,0,0,0,0,0,0,0,0,0,0,0,0,0
"03444641",1,"2015","2014",0,0,0,"1",0,0,"36","D",0,0,1,"D",1,"D",0,"D",0,"D",0,"D",0,"D",22570,"D",0,"D",0,"D",580,"D",1645,"D",0,"D",0,"D",0,"D",0,0,0,0,0,0,0,0,0,0,0.01,0.01,0,0,0,0,0,0,0,0,0,0,0,0,0,0,0,0,0,0,0,0,0,0,0,0,0,0,0
"03444651",1,"2015","2014",0,0.153,0.153,"1",0.15,0.15,"34","D",0.0575,0.058,0,"D",0,"D",24000,"D",0,"D",0,"D",0,"D",0,"D",0,"D",11388,"D",0,"D",250,"D",0,"D",0,"D",300,"D",1609,953,1623.75,1593.75,957,948.75,3672,3672,24000,24000,24000.01,24000.01,0,0,0,0,0,0,0,0,24000,24000,0,0,1623.75,1593.75,1623.75,1593.75,7500,7500,300,300,0,0,0,0,0,0,0
"03444651",2,"2015","2014",0,0.153,0.153,"1",0.1,0.1,"34","D",0.0575,0.058,0,"D",0,"D",15000,"D",0,"D",0,"D",0,"D",0,"D",0,"D",0,"D",0,"D",0,"D",0,"D",0,"D",0,"D",478,433,485,470,435,431.25,2295,2295,15000,15000,15000.01,15000.01,0,0,0,0,0,0,0,0,15000,15000,0,0,485,470,485,470,7500,7500,0,0,0,0,0,0,0,0,0
"03444671",1,"2015","2014",0,0.153,0.153,"1",0.1765,0.1765,"02","D",0,0,0,"D",0,"D",14000,"D",0,"D",0,"D",0,"D",0,"D",0,"D",21600,"D",0,"D",0,"D",0,"D",0,"D",0,"D",323,0,339.59,306.88,0,0,2142,2142,14000,14000,0,0,0,0,0,0,0,0,45.41,63.12,14000,14000,0,0,385,370,385,370,0,0,0,0,0,0,0,0,0,0,0
"03444671",2,"2015","2014",0,0.153,0.153,"1",0.15,0.15,"02","D",0,0,0,"D",0,"D",45000,"D",0,"D",0,"D",0,"D",0,"D",0,"D",0,"D",0,"D",0,"D",0,"D",0,"D",0,"D",4759,0,4773.75,4743.75,0,0,6885,6885,45000,45000,0,0,0,0,0,0,0,0,0,0,45000,45000,0,0,4773.75,4743.75,4773.75,4743.75,0,0,0,0,0,0,0,0,0,0,0
"03444671",3,"2015","2014",0,0.153,0.153,"1",0.15,0.15,"02","D",0,0,0,"D",0,"D",34439,"D",0,"D",0,"D",0,"D",0,"D",0,"D",0,"D",0,"D",0,"D",0,"D",0,"D",0,"D",3175,0,3189.6,3159.6,0,0,5269.17,5269.17,34439,34439,0,0,0,0,0,0,0,0,0,0,34439,34439,0,0,3189.6,3159.6,3189.6,3159.6,0,0,0,0,0,0,0,0,0,0,0
"03444691",1,"2015","2014",0,0,0,"1",0,0,"33","D",0,0,1,"D",1,"D",0,"D",0,"D",0,"D",0,"D",26662,"D",0,"D",0,"D",3700,"D",0,"D",0,"D",0,"D",4800,"D",0,0,0,0,0,0,0,0,0,0,0.01,0.01,0,0,0,0,0,0,0,0,0,0,0,0,0,0,0,0,7800,7900,0,0,0,0,0,0,0,0,0
"03444711",1,"2015","2014",3,0,0,"3",-0.45,-0.45,"05","D",0,0,0,"D",0,"D",0,"D",0,"D",700,"D",0,"D",0,"D",3600,"D",7620,"D",0,"D",0,"D",0,"D",3,"D",0,"D",0,0,0,0,0,0,0,0,700,700,700.01,700.01,0,0,0,0,0,0,0,0,700,700,0,0,0,0,0,0,7984,8088,0,0,0,0,0,0,0,0,0
"03444731",1,"2015","2014",2,0.153,0.153,"3",0,0.2106,"33","D",0.04,0.1032,0,"D",0,"D",17859,"D",0,"D",0,"D",0,"D",0,"D",0,"D",3396,"D",0,"D",0,"D",0,"D",1,"D",0,"D",-6501,-1787,-6453.89,-6548,-1769.81,-1804.04,2732.43,2732.43,17859,17859,17859.01,17859.01,0,0,1000,1000,0,0,5453.89,5548,17859,17859,0,0,0,0,0,0,10950,11100,0,0,0,0,0,0,1545.34,1573.58,0
"03444741",1,"2015","2014",3,0.153,0.153,"2",0.15,0.15,"21","D",0.0475,0.0475,0,"D",0,"D",85156,"D",0,"D",0,"D",0,"D",0,"D",0,"D",0,"D",2200,"D",0,"D",0,"D",3,"D",1200,"D",4002,3042,4043.4,3960.9,3042.41,3042.41,13028.87,13028.87,85156,85156,85156.01,85156.01,3000,3000,0,0,0,0,0,0,85156,85156,0,0,7043.4,6960.9,7043.4,6960.9,4000,4000,0,0,0,0,0,0,0,0,0
"03444771",1,"2015","2014",1,0.153,0.153,"3",0.15,0.15,"02","D",0,0,0,"D",0,"D",40000,"D",0,"D",4144,"D",0,"D",0,"D",0,"D",11100,"D",0,"D",14,"D",0,"D",0,"D",0,"D",3400,0,3424.1,3376.6,0,0,6120,6120,44144,44144,0,0,0,0,0,0,0,0,0,0,44144,44144,0,0,3424.1,3376.6,3424.1,3376.6,0,0,0,0,0,0,0,0,0,0,0
"03444781",1,"2015","2014",4,0.153,0.153,"2",0.1394,0.1394,"24","D",0.0705,0.0705,0,"D",0,"D",55672,"D",44668,"D",-5059,"D",0,"D",0,"D",0,"D",0,"D",2500,"D",52,"D",0,"D",4,"D",17464,"D",2346,3006,2374.23,2318.58,3020.11,2991.12,15352.02,15352.02,95281,95281,95281.01,95281.01,4000,4000,0,0,0,0,0,0,77817,77817,0,0,6374.23,6318.58,6374.23,6318.58,0,0,23036.11,23007.12,0,0,0,0,0,0,0
"03444811",1,"2015","2014",2,0.153,0.153,"2",0.15,0.15,"0","T",0,0,0,"D",0,"D",33000,"D",45000,"D",-4596,"D",0,"D",0,"D",0,"D",0,"D",800,"D",2,"D",0,"D",2,"D",12420,"D",3727,0,3749.8,3704.8,0,0,11934,11934,73404,73404,0,0,2000,2000,0,0,0,0,0,0,60984,60984,0,0,5749.8,5704.8,5749.8,5704.8,0,0,0,0,0,0,0,0,0,0,0
"03444831",1,"2015","2014",0,0.153,0.153,"1",-0.0765,-0.0765,"0","T",0,0,0,"D",0,"D",1000,"D",0,"D",0,"D",0,"D",0,"D",672,"D",0,"D",1200,"D",8,"D",0,"D",0,"D",0,"D",-77,0,-76.5,-76.5,0,0,153,153,1000,1000,0,0,0,0,0,0,0,0,76.5,76.5,1000,1000,0,0,0,0,0,0,0,0,0,0,0,0,0,0,0,0,0
"03444841",1,"2015","2014",0,0.153,0.153,"2",0.2423,0.2423,"39","D",0.0307,0.0307,0,"D",0,"D",79259,"D",77067,"D",15835,"D",0,"D",0,"D",0,"D",0,"D",11500,"D",4409,"D",0,"D",0,"D",3540,"D",26519,5285,26594.16,26444.16,5285.34,5285.34,23917.88,23917.88,172161,172161,172161.01,172161.01,0,0,0,0,0,0,0,0,168621,168621,0,0,26594.16,26444.16,26594.16,26444.16,0,0,0,0,0,0,0,0,0,0,0
"03444841",2,"2015","2014",0,0.153,0.153,"1",0.15,0.15,"39","D",0.0307,0.0307,0,"D",0,"D",46091,"D",0,"D",0,"D",0,"D",0,"D",0,"D",0,"D",0,"D",0,"D",0,"D",0,"D",0,"D",4922,1415,4937.4,4907.4,1414.99,1414.99,7051.92,7051.92,46091,46091,46091.01,46091.01,0,0,0,0,0,0,0,0,46091,46091,0,0,4937.4,4907.4,4937.4,4907.4,0,0,0,0,0,0,0,0,0,0,0
"03444851",1,"2015","2014",0,0.153,0.153,"1",0.2356,0.2356,"47","D",0.0575,0.0575,0,"D",0,"D",60348,"D",0,"D",0,"D",0,"D",0,"D",0,"D",0,"D",1200,"D",68,"D",0,"D",0,"D",10924,"D",6256,2458,6293.25,6218.25,2458,2458,9233.24,9233.24,60348,60348,60348.01,60348.01,0,0,0,0,0,0,0,0,49424,49424,0,0,6293.25,6218.25,6293.25,6218.25,3000,3000,12192,12192,0,0,0,0,0,0,0
"03444851",2,"2015","2014",0,0.153,0.153,"1",0.25,0.25,"47","D",0.0575,0.0575,0,"D",0,"D",52883,"D",0,"D",0,"D",0,"D",0,"D",0,"D",0,"D",0,"D",0,"D",0,"D",0,"D",0,"D",6490,2557,6539.5,6439.5,2557.3,2557.3,8091.1,8091.1,52883,52883,52883.01,52883.01,0,0,0,0,0,0,0,0,52883,52883,0,0,6539.5,6439.5,6539.5,6439.5,3000,3000,0,0,0,0,0,0,0,0,0
"03444871",1,"2015","2014",2,0,0,"3",-0.4,-0.4,"0","T",0,0,0,"D",0,"D",0,"D",0,"D",0,"D",2040,"D",0,"D",0,"D",3000,"D",0,"D",0,"D",0,"D",2,"D",120,"D",0,0,0,0,0,0,0,0,2040,2040,0,0,0,0,0,0,0,0,0,0,2040,2040,0,0,0,0,0,0,0,0,0,0,0,0,0,0,0,0,0
"03444881",1,"2015","2014",3,0.153,0.153,"2",0.3106,0.3106,"37","D",0.063,0.063,0,"D",0,"D",0,"D",37662,"D",0,"D",0,"D",0,"D",0,"D",5580,"D",0,"D",0,"D",0,"D",3,"D",0,"D",-5672,156,-5558.74,-5784.87,165.76,146.2,5762.29,5762.29,37662,37662,37662.01,37662.01,551.2,506.2,2448.8,2493.8,0,0,3109.94,3291.07,37662,37662,0,0,551.2,506.2,551.2,506.2,12400,12600,0,0,0,0,150,150,155.5,164.55,0
"03444901",1,"2015","2014",3,0,0,"3",-0.45,-0.45,"43","D",0,0,0,"D",0,"D",0,"D",0,"D",0,"D",0,"D",5338,"D",0,"D",4200,"D",0,"D",11,"D",0,"D",0,"D",240,"D",0,0,0,0,0,0,0,0,0,0,0,0,0,0,0,0,0,0,0,0,0,0,0,0,0,0,0,0,0,0,0,0,0,0,0,0,0,0,0
"03444911",1,"2015","2014",0,0,0,"2",0.15,0.15,"48","D",0,0,2,"D",2,"D",0,"D",0,"D",126,"D",25229,"D",15370,"D",0,"D",0,"D",1600,"D",100,"D",0,"D",0,"D",0,"D",298,0,317.5,277.5,0,0,0,0,25875,25875,0,0,0,0,0,0,0,0,0,0,25875,25875,0,0,317.5,277.5,317.5,277.5,0,0,0,0,0,0,0,0,0,0,0
"03444941",1,"2015","2014",0,0.153,0.153,"1",0.15,0.15,"19","D",0.034,0.034,0,"D",0,"D",38000,"D",0,"D",0,"D",0,"D",0,"D",0,"D",0,"D",400,"D",0,"D",0,"D",0,"D",0,"D",3709,1042,3723.75,3693.75,1041.05,1042.25,5814,5814,38000,38000,38000.01,38000.01,0,0,0,0,0,0,0,0,38000,38000,0,0,3723.75,3693.75,3723.75,3693.75,0,0,0,0,0,0,0,0,0,0,0
"03444951",1,"2015","2014",0,0.153,0.153,"2",0.1,0.1,"48","D",0,0,0,"D",0,"D",23367,"D",0,"D",0,"D",0,"D",0,"D",0,"D",15000,"D",0,"D",0,"D",0,"D",0,"D",0,"D",292,0,306.7,276.7,0,0,3575.15,3575.15,23367,23367,0,0,0,0,0,0,0,0,0,0,23367,23367,0,0,306.7,276.7,306.7,276.7,0,0,0,0,0,0,0,0,0,0,0
"03444961",1,"2015","2014",0,0.153,0.153,"1",0.2614,0.2614,"33","D",0.0665,0.0665,0,"D",0,"D",60000,"D",0,"D",62130,"D",0,"D",0,"D",0,"D",12000,"D",0,"D",30,"D",0,"D",0,"D",0,"D",24071,7600,24128.93,24012.29,7602.95,7596.3,9180,9180,122130,122130,122130.01,122130.01,0,0,0,0,0,0,0,0,122130,122130,0,0,24128.93,24012.29,24128.93,24012.29,7800,7900,26.68,26.68,0,0,0,0,0,0,0
"03444971",1,"2015","2014",2,0.153,0.153,"3",0.141,0.141,"11","D",0.06,0.06,0,"D",0,"D",60000,"D",0,"D",0,"D",0,"D",0,"D",0,"D",0,"D",1000,"D",0,"D",0,"D",1,"D",6220,"D",4118,2385,4134.28,4101.78,2384.8,2384.8,9180,9180,60000,60000,60000.01,60000.01,1000,1000,0,0,0,0,0,0,53780,53780,0,0,5134.28,5101.78,5134.28,5101.78,2300,2300,7220,7220,0,0,0,0,0,0,0
"03444971",2,"2015","2014",0,0.153,0.153,"1",0.15,0.15,"11","D",0.06,0.06,0,"D",0,"D",40271,"D",0,"D",0,"D",0,"D",0,"D",0,"D",0,"D",0,"D",0,"D",0,"D",0,"D",0,"D",4049,1926,4064.4,4034.4,1926.26,1926.26,6161.46,6161.46,40271,40271,40271.01,40271.01,0,0,0,0,0,0,0,0,40271,40271,0,0,4064.4,4034.4,4064.4,4034.4,2300,2300,0,0,0,0,0,0,0,0,0
"03444991",1,"2015","2014",6,0.153,0.153,"3",0.15,0.15,"0","T",0,0,0,"D",0,"D",55082,"D",0,"D",150,"D",0,"D",0,"D",0,"D",8100,"D",0,"D",420,"D",0,"D",5,"D",0,"D",-2918,0,-2875.2,-2960.2,0,0,8427.55,8427.55,55232,55232,0,0,2124.8,2039.8,2875.2,2960.2,0,0,0,0,55232,55232,0,0,2124.8,2039.8,2124.8,2039.8,0,0,0,0,0,0,0,0,0,0,0
"03445001",1,"2015","2014",2,0.153,0.153,"2",0.15,0.15,"10","D",0,0,0,"D",0,"D",52376,"D",26979,"D",0,"D",0,"D",0,"D",0,"D",4000,"D",3700,"D",360,"D",0,"D",2,"D",5672,"D",4728,0,4765.75,4690.75,0,0,12141.31,12141.31,79355,79355,0,0,2000,2000,0,0,0,0,0,0,79355,79355,0,0,6765.75,6690.75,6765.75,6690.75,0,0,0,0,0,0,0,0,0,0,0
"03445011",1,"2015","2014",0,0,0,"1",-0.0765,-0.0765,"05","D",0,0,0,"D",0,"D",0,"D",0,"D",2100,"D",1730,"D",11390,"D",0,"D",0,"D",3200,"D",1180,"D",0,"D",0,"D",13380,"D",0,0,0,0,0,0,0,0,3830,3830,3830.01,3830.01,0,0,0,0,0,0,0,0,3830,3830,0,0,0,0,0,0,3992,4044,17760,17760,0,0,0,0,0,0,0
"03445011",3,"2015","2014",0,0,0,"1",0,0,"05","D",0,0,1,"D",1,"D",0,"D",0,"D",0,"D",1730,"D",19462,"D",0,"D",0,"D",0,"D",0,"D",0,"D",0,"D",0,"D",0,0,0,0,0,0,0,0,1730,1730,1730.01,1730.01,0,0,0,0,0,0,0,0,1730,1730,0,0,0,0,0,0,3992,4044,0,0,0,0,0,0,0,0,0
"03445021",1,"2015","2014",0,0,0,"1",0.2757,0.2757,"31","D",0.0175,0.0175,0,"D",0,"D",0,"D",0,"D",0,"D",36000,"D",16846,"D",0,"D",0,"D",9500,"D",215,"D",0,"D",0,"D",23208,"D",1301,376,1308.89,1293.89,376.25,376.25,0,0,49359.55,49359.55,36000.01,36000.01,0,0,0,0,0,0,0,0,26151.55,26151.55,0,0,1308.89,1293.89,1308.89,1293.89,0,0,0,0,0,0,0,0,0,0,0
"03445031",1,"2015","2014",0,0.029,0.029,"2",0.35,0.35,"12","D",0.0785,0.0785,2,"D",2,"D",228786,"D",0,"D",70238,"D",0,"D",37724,"D",0,"D",0,"D",10300,"D",630,"D",0,"D",0,"D",6000,"D",78562,20420,78857.33,78267.33,20419.87,20419.87,21142.79,21328.79,331089.4,331089.4,299024.01,299024.01,0,0,0,0,0,0,0,0,325089.4,325089.4,5106.26,5068.33,71082.03,70529.96,71082.03,70529.96,4400,4400,33232.79,33232.79,0,0,0,0,0,0,0
"03445051",1,"2015","2014",0,0.029,0.029,"1",0.267,0.267,"06","D",0.0463,0.0463,0,"D",0,"D",153000,"D",0,"D",7500,"D",0,"D",0,"D",0,"D",0,"D",2000,"D",0,"D",0,"D",0,"D",10560,"D",31571,6654,31626.26,31514.85,6666.74,6641.42,18945,19131,160500,160500,0,0,0,0,0,0,0,0,0,0,149940,149940,0,0,31626.26,31514.85,31626.26,31514.85,0,0,0,0,0,0,0,0,0,0,0
"03445081",1,"2015","2014",2,0,0,"3",-0.4,-0.4,"36","D",0,0,0,"D",0,"D",0,"D",0,"D",0,"D",9500,"D",0,"D",0,"D",0,"D",4500,"D",306,"D",0,"D",0,"D",4800,"D",0,0,0,0,0,0,0,0,9500,9500,9500.01,9500.01,0,0,0,0,0,0,0,0,9500,9500,0,0,0,0,0,0,0,0,0,0,0,0,0,0,0,0,0
"03445101",1,"2015","2014",0,0,0,"1",0,0,"47","D",0,0,1,"D",1,"D",0,"D",0,"D",0,"D",7100,"D",14777,"D",0,"D",0,"D",500,"D",0,"D",0,"D",0,"D",22328,"D",0,0,0,0,0,0,0,0,7100,7100,0,0,0,0,0,0,0,0,0,0,7100,7100,0,0,0,0,0,0,3000,3000,0,0,0,0,0,0,0,0,0
"03445101",2,"2015","2014",1,0,0,"3",-0.34,-0.34,"47","D",0,0,0,"D",0,"D",0,"D",0,"D",0,"D",0,"D",0,"D",0,"D",0,"D",0,"D",0,"D",0,"D",0,"D",0,"D",0,0,0,0,0,0,0,0,0,0,0.01,0.01,0,0,0,0,0,0,0,0,0,0,0,0,0,0,0,0,0,0,0,0,0,0,0,0,0,0,0
"03445111",1,"2015","2014",0,0.153,0.153,"2",0.15,0.15,"05","D",0.04,0.04,0,"D",0,"D",0,"D",60000,"D",-466,"D",0,"D",0,"D",0,"D",0,"D",1100,"D",0,"D",0,"D",0,"D",0,"D",4948,947,4977.6,4917.6,956.13,938.41,9180,9180,59534,59534,59534.01,59534.01,0,0,0,0,0,0,0,0,59534,59534,0,0,4977.6,4917.6,4977.6,4917.6,7984,8088,1100,1100,0,0,0,0,0,0,0
"03445121",1,"2015","2014",2,0.153,0.153,"2",0.1444,0.1425,"14","D",0.0375,0.05,0,"D",0,"D",54464,"D",26898,"D",0,"D",0,"D",0,"D",0,"D",0,"D",4000,"D",130,"D",0,"D",2,"D",11852,"D",4059,2986,4013.03,4105.21,3443.1,2528.58,12448.39,12448.39,81362,81362,81362.01,81362.01,2000,2000,0,0,0,0,0,0,69510,69510,0,0,6013.04,6105.21,6013.03,6105.21,0,0,0,0,200,200,0,0,0,0,0
"03445141",1,"2015","2014",0,0.153,0.153,"1",0.15,0.15,"44","D",0,0,0,"D",0,"D",23354,"D",0,"D",0,"D",0,"D",0,"D",0,"D",7320,"D",0,"D",0,"D",0,"D",0,"D",0,"D",1512,0,1526.85,1496.85,0,0,3573.16,3573.16,23354,23354,0,0,0,0,0,0,0,0,0,0,23354,23354,0,0,1526.85,1496.85,1526.85,1496.85,0,0,0,0,0,0,0,0,0,0,0
"03445151",1,"2015","2014",0,0.153,0.153,"1",0.15,0.15,"39","D",0.0307,0.0307,0,"D",0,"D",30000,"D",0,"D",6700,"D",0,"D",6035,"D",0,"D",0,"D",4100,"D",75,"D",0,"D",0,"D",0,"D",4283,1127,4298.21,4268.21,1126.69,1126.69,4590,4590,41829.75,41829.75,36700.01,36700.01,0,0,0,0,0,0,0,0,41829.75,41829.75,0,0,4298.21,4268.21,4298.21,4268.21,0,0,0,0,0,0,0,0,0,0,0
"03445171",1,"2015","2014",1,0.153,0.153,"2",0.3,0.3,"39","D",0.0307,0.0307,0,"D",0,"D",82000,"D",48000,"D",-10546,"D",0,"D",0,"D",0,"D",0,"D",1600,"D",720,"D",0,"D",1,"D",5748,"D",14880,3667,14986.2,14773.7,3667.24,3667.24,19890,19890,119454,119454,119454.01,119454.01,527.3,527.3,0,0,0,0,0,0,119454,119454,0,0,15513.5,15301,15513.5,15301,0,0,0,0,0,0,0,0,0,0,0
"03445181",1,"2015","2014",1,0.153,0.153,"3",0.3098,0.3098,"07","D",0.0664,0.0664,0,"D",0,"D",34515,"D",0,"D",0,"D",0,"D",0,"D",0,"D",7968,"D",0,"D",0,"D",0,"D",1,"D",288,"D",265,159,341.01,188.38,173.43,144.52,5280.79,5280.79,34515,34515,34515.01,34515.01,1000,1000,0,0,0,0,638.74,743.87,34515,34515,0,0,1979.75,1932.25,1979.75,1932.25,0,0,0,0,0,0,0,0,175.65,204.56,0
"03445181",2,"2015","2014",0,0.153,0.153,"1",0.25,0.25,"07","D",0.045,0.045,0,"D",0,"D",47840,"D",0,"D",0,"D",0,"D",0,"D",0,"D",0,"D",0,"D",0,"D",0,"D",0,"D",0,"D",5229,1973,5278.75,5178.75,1972.8,1972.8,7319.52,7319.52,47840,47840,47840.01,47840.01,0,0,0,0,0,0,0,0,47840,47840,0,0,5278.75,5178.75,5278.75,5178.75,0,0,0,0,0,0,0,0,0,0,0
"03445181",3,"2015","2014",0,0.153,0.153,"1",0.15,0.15,"07","D",0.09,0.09,0,"D",0,"D",37440,"D",0,"D",-1500,"D",0,"D",0,"D",0,"D",0,"D",0,"D",0,"D",0,"D",0,"D",0,"D",3400,1097,3414.75,3384.75,1097.1,1097.1,5728.32,5728.32,35940,35940,35940.01,35940.01,0,0,0,0,0,0,0,0,35940,35940,0,0,3414.75,3384.75,3414.75,3384.75,0,0,0,0,0,0,0,0,0,0,0
"03445191",1,"2015","2014",0,0.153,0.153,"1",0.25,0.25,"19","D",0.045,0.045,0,"D",0,"D",50000,"D",0,"D",40710,"D",0,"D",0,"D",0,"D",0,"D",460,"D",333,"D",0,"D",0,"D",0,"D",15946,3156,15996.25,15896.25,3152.83,3158.83,7650,7650,90710,90710,90710.01,90710.01,0,0,0,0,0,0,0,0,90710,90710,0,0,15996.25,15896.25,15996.25,15896.25,0,0,0,0,0,0,0,0,0,0,0
"03445201",1,"2015","2014",1,0.153,0.153,"3",0.2598,0.2598,"0","T",0,0,0,"D",0,"D",16936,"D",0,"D",0,"D",3523,"D",0,"D",0,"D",8400,"D",140,"D",0,"D",0,"D",0,"D",0,"D",-2604,0,-2538.99,-2669.12,0,0,2591.21,2591.21,20459,20459,0,0,0,0,0,0,0,0,2884.89,2990.02,20459,20459,0,0,345.9,320.9,345.9,320.9,0,0,0,0,0,0,0,0,0,0,0
"03445211",1,"2015","2014",2,0.153,0.153,"2",0.2893,0.2885,"36","D",0.0429,0.046,0,"D",0,"D",89000,"D",42000,"D",0,"D",0,"D",0,"D",0,"D",0,"D",5000,"D",40,"D",1600,"D",2,"D",7140,"D",15099,4042,15154.07,15044.8,4173.74,3910.79,20043,20043,131000,131000,131000.01,131000.01,950,950,0,0,320,320,0,0,123860,123860,0,0,16424.07,16314.8,16424.07,16314.8,0,0,0,0,0,0,0,0,0,0,0
"03445221",1,"2015","2014",0,0.153,0.153,"1",0,0,"10","D",0,0,0,"D",0,"D",7000,"D",0,"D",0,"D",0,"D",12024,"D",0,"D",3936,"D",0,"D",150,"D",0,"D",0,"D",0,"D",-500,0,-496,-503,0,0,1071,1071,7000,7000,0,0,0,0,0,0,0,0,496,503,7000,7000,0,0,0,0,0,0,0,0,0,0,0,0,0,0,0,0,0
"03445241",1,"2015","2014",2,0,0,"3",0,0,"45","D",0,0,0,"D",0,"D",0,"D",0,"D",9000,"D",0,"D",0,"D",0,"D",7500,"D",0,"D",30,"D",0,"D",0,"D",3960,"D",0,0,0,0,0,0,0,0,9000,9000,9000.01,9000.01,0,0,0,0,0,0,0,0,9000,9000,0,0,0,0,0,0,0,0,0,0,0,0,0,0,0,0,0
"03445271",1,"2015","2014",0,0,0,"2",-0.0765,-0.0765,"05","D",0,0,0,"D",0,"D",0,"D",0,"D",0,"D",0,"D",11182,"D",0,"D",0,"D",2200,"D",0,"D",0,"D",0,"D",0,"D",0,0,0,0,0,0,0,0,0,0,0.01,0.01,0,0,0,0,0,0,0,0,0,0,0,0,0,0,0,0,7984,8088,2200,2200,0,0,0,0,0,0,0
"03445281",1,"2015","2014",0,0.153,0.153,"2",0.15,0.15,"10","D",0,0,1,"D",0,"D",0,"D",30000,"D",0,"D",0,"D",13764,"D",0,"D",0,"D",630,"D",145,"D",0,"D",0,"D",2792,"D",1137,0,1214.1,1059.1,0,0,4590,4590,32441,32441,0,0,0,0,0,0,0,0,0,0,32441,32441,0,0,1214.1,1059.1,1214.1,1059.1,0,0,0,0,0,0,0,0,0,0,0
"03445291",1,"2015","2014",0,0.153,0.153,"1",-0.0765,-0.0765,"05","D",0,0,0,"D",0,"D",4500,"D",0,"D",0,"D",0,"D",0,"D",0,"D",5400,"D",0,"D",0,"D",0,"D",0,"D",0,"D",-344,0,-344.25,-344.25,0,0,688.5,688.5,4500,4500,4500.01,4500.01,0,0,0,0,0,0,344.25,344.25,4500,4500,0,0,0,0,0,0,3992,4044,0,0,0,0,0,0,0,0,0
"03445301",1,"2015","2014",2,0.038,0.038,"2",0.35,0.35,"17","D",0.0467,0.0489,0,"D",0,"D",228786,"D",228786,"D",0,"D",0,"D",0,"D",0,"D",0,"D",16000,"D",0,"D",0,"D",1,"D",41436,"D",107760,19049,108054.6,107464.6,19252.21,18845.18,44153.74,44525.74,457572,457572,457572.01,457572.01,0,0,0,0,0,0,0,0,416136,416136,4948.48,4647.68,103106.12,102816.92,103106.12,102816.92,7500,7500,34359.22,26502.92,0,0,0,0,0,0,0
"03445301",2,"2015","2014",2,0,0,"3",-0.4,-0.4,"17","D",-0.068,-0.068,0,"D",0,"D",0,"D",0,"D",0,"D",0,"D",0,"D",0,"D",0,"D",0,"D",0,"D",0,"D",1,"D",0,"D",0,0,0,0,0,0,0,0,0,0,0.01,0.01,0,0,0,0,0,0,0,0,0,0,0,0,0,0,0,0,5500,5500,0,0,0,0,0,0,0,0,0
"03445311",1,"2015","2014",4,0.153,0.153,"3",0.2969,0.2969,"50","D",0.1373,0.1373,0,"D",0,"D",40000,"D",0,"D",0,"D",0,"D",0,"D",0,"D",0,"D",3000,"D",377,"D",0,"D",4,"D",9172,"D",-4861,613,-4768.43,-4953.31,645.34,580.22,6120,6120,40000,40000,40000.01,40000.01,705.57,687.08,3294.43,3312.92,0,0,1474,1640.39,30828,30828,0,0,705.57,687.08,705.57,687.08,6998.6,7277.05,9172,9172,0,0,0,0,501.16,557.73,0
"03445311",2,"2015","2014",0,0.153,0.153,"1",0.25,0.25,"50","D",0.0702,0.0702,0,"D",0,"D",50000,"D",0,"D",0,"D",0,"D",0,"D",0,"D",0,"D",0,"D",0,"D",0,"D",0,"D",0,"D",5769,2421,5818.75,5718.75,2430.12,2412.6,7650,7650,50000,50000,50000.01,50000.01,0,0,0,0,0,0,0,0,50000,50000,0,0,5818.75,5718.75,5818.75,5718.75,5844,6043.65,0,0,0,0,0,0,0,0,0
"03445331",1,"2015","2014",0,0.153,0.153,"2",0.15,0.15,"0","T",0,0,0,"D",0,"D",4836,"D",41595,"D",0,"D",0,"D",0,"D",0,"D",0,"D",900,"D",120,"D",0,"D",0,"D",3668,"D",2982,0,3012.15,2952.15,0,0,7103.94,7103.94,46431,46431,0,0,0,0,0,0,0,0,0,0,46431,46431,0,0,3012.15,2952.15,3012.15,2952.15,0,0,0,0,0,0,0,0,0,0,0
"03445341",1,"2015","2014",0,0.153,0.153,"1",0.2362,0.2362,"31","D",0.0552,0.0552,0,"D",0,"D",57000,"D",0,"D",0,"D",0,"D",0,"D",0,"D",0,"D",2700,"D",600,"D",0,"D",0,"D",6236,"D",6334,1452,6371.67,6296.67,1452.33,1452.33,8721,8721,57000,57000,57000.01,57000.01,0,0,0,0,0,0,0,0,50764,50764,0,0,6371.67,6296.67,6371.67,6296.67,0,0,0,0,0,0,0,0,0,0,0
"03445351",1,"2015","2014",0,0.153,0.153,"1",0.15,0.15,"0","T",0,0,0,"D",0,"D",35000,"D",0,"D",-3359,"D",0,"D",0,"D",0,"D",5700,"D",0,"D",0,"D",0,"D",0,"D",0,"D",2755,0,2769.9,2739.9,0,0,5355,5355,31641,31641,0,0,0,0,0,0,0,0,0,0,31641,31641,0,0,2769.9,2739.9,2769.9,2739.9,0,0,0,0,0,0,0,0,0,0,0
"03445371",1,"2015","2014",0,0.153,0.153,"1",0.15,0.15,"0","T",0,0,0,"D",0,"D",24500,"D",0,"D",0,"D",0,"D",0,"D",0,"D",7200,"D",0,"D",0,"D",0,"D",0,"D",0,"D",1684,0,1698.75,1668.75,0,0,3748.5,3748.5,24500,24500,0,0,0,0,0,0,0,0,0,0,24500,24500,0,0,1698.75,1668.75,1698.75,1668.75,0,0,0,0,0,0,0,0,0,0,0
"03445381",1,"2015","2014",0,0.153,0.153,"1",0.0765,0.0765,"19","D",0.0227,0.0227,0,"D",0,"D",9600,"D",0,"D",0,"D",0,"D",0,"D",0,"D",2700,"D",0,"D",0,"D",0,"D",0,"D",0,"D",-391,88,-382.01,-399.72,88.63,88.01,1468.8,1468.8,9600,9600,9600.01,9600.01,0,0,0,0,0,0,382.01,399.72,9600,9600,0,0,0,0,0,0,0,0,0,0,0,0,0,0,13.37,13.99,0
"03445421",1,"2015","2014",1,0,0,"3",0,0,"43","D",0,0,1,"D",1,"D",0,"D",0,"D",4706,"D",5333,"D",23184,"D",0,"D",0,"D",900,"D",291,"D",0,"D",0,"D",3984,"D",0,0,0,0,0,0,0,0,10039,10039,0,0,0,0,0,0,0,0,0,0,10039,10039,0,0,0,0,0,0,0,0,0,0,0,0,0,0,0,0,0
"03445431",1,"2015","2014",0,0.153,0.153,"2",0.15,0.15,"34","D",0.0575,0.058,0,"D",0,"D",42906,"D",18073,"D",0,"D",0,"D",0,"D",0,"D",0,"D",3500,"D",0,"D",0,"D",0,"D",0,"D",5164,2655,5194.35,5134.35,2666.78,2643.79,9329.79,9329.79,60979,60979,60979.01,60979.01,0,0,0,0,0,0,0,0,60979,60979,0,0,5194.35,5134.35,5194.35,5134.35,15000,15000,3500,3500,0,0,0,0,0,0,0
"03445444",1,"2015","2014",2,0,0,"3",-0.4,-0.4,"43","D",0,0,0,"D",0,"D",0,"D",0,"D",20,"D",0,"D",0,"D",0,"D",0,"D",3500,"D",2,"D",0,"D",0,"D",3848,"D",0,0,0,0,0,0,0,0,20,20,0,0,0,0,0,0,0,0,0,0,20,20,0,0,0,0,0,0,0,0,0,0,0,0,0,0,0,0,0
"03445461",1,"2015","2014",0,0,0,"1",0.1,0.1,"33","D",0.017,0.017,1,"D",1,"D",0,"D",0,"D",8724,"D",4064,"D",12372,"D",0,"D",0,"D",2120,"D",0,"D",0,"D",0,"D",500,"D",101,-113,108.8,93.8,-112.59,-112.59,0,0,12788,12788,8724.01,8724.01,0,0,0,0,0,0,0,0,12788,12788,0,0,108.8,93.8,108.8,93.8,7800,7900,0,0,112.59,112.59,0,0,0,0,0
"03445481",1,"2015","2014",0,0,0,"1",0,-0.0765,"22","D",0,-0.0115,1,"D",0,"D",0,"D",0,"D",0,"D",0,"D",14494,"D",0,"D",7800,"D",0,"D",125,"D",0,"D",0,"D",0,"D",0,0,0,0,0,0,0,0,0,0,0.01,0.01,0,0,0,0,0,0,0,0,0,0,0,0,0,0,0,0,0,0,0,0,0,0,0,0,0,0,0
"03445491",1,"2015","2014",0,0.153,0.153,"1",0.1765,0.1765,"26","D",0.03,0.03,0,"D",0,"D",11427,"D",0,"D",0,"D",0,"D",0,"D",0,"D",5160,"D",0,"D",250,"D",0,"D",0,"D",0,"D",-131,62,-114.55,-147.26,63.81,60.81,1748.33,1748.33,11427,11427,11427.01,11427.01,0,0,0,0,0,0,242.25,259.96,11427,11427,0,0,127.7,112.7,127.7,112.7,6200,6300,0,0,0,0,0,0,0,0,0
"03445501",1,"2015","2014",1,0.153,0.153,"2",0.25,0.25,"10","D",0,0,0,"D",0,"D",88969,"D",74431,"D",0,"D",0,"D",0,"D",0,"D",0,"D",3700,"D",500,"D",0,"D",1,"D",0,"D",26394,0,26500,26287.5,0,0,25000.2,25000.2,163400,163400,0,0,0,0,0,0,0,0,0,0,163400,163400,0,0,26500,26287.5,26500,26287.5,0,0,0,0,0,0,0,0,0,0,0
"03445521",1,"2015","2014",0,0.153,0.153,"2",0.15,0.15,"34","D",0.0575,0.058,0,"D",0,"D",45459,"D",0,"D",0,"D",4300,"D",0,"D",0,"D",0,"D",1900,"D",0,"D",0,"D",0,"D",6744,"D",3481,2007,3511.35,3451.35,2016.02,1998.64,6955.23,6955.23,49759,49759,49759.01,49759.01,0,0,0,0,0,0,0,0,49759,49759,0,0,3511.35,3451.35,3511.35,3451.35,15000,15000,8644,8644,0,0,0,0,0,0,0
"03445531",1,"2015","2014",3,0.153,0.153,"3",0,0.2106,"05","D",0,0,0,"D",0,"D",17920,"D",0,"D",0,"D",0,"D",0,"D",0,"D",18200,"D",0,"D",0,"D",0,"D",1,"D",0,"D",-7183,0,-7124.05,-7242,0,0,2741.76,2741.76,17920,17920,17920.01,17920.01,0,0,1000,1000,0,0,6124.05,6242,17920,17920,0,0,0,0,0,0,7984,8088,0,0,0,0,0,0,0,0,0
"03445551",1,"2015","2014",0,0.153,0.153,"1",0.1448,0.1445,"36","D",0.0346,0.037,0,"D",0,"D",50000,"D",0,"D",-1225,"D",0,"D",0,"D",0,"D",0,"D",3200,"D",352,"D",0,"D",0,"D",5492,"D",4734,1144,4736.29,4732.46,1180.73,1106.29,7650,7650,48775,48775,48775.01,48775.01,0,0,0,0,0,0,0,0,43283,43283,0,0,4736.29,4732.46,4736.29,4732.46,0,0,0,0,0,0,0,0,0,0,0
"03445561",1,"2015","2014",0,0,0,"1",0,0,"36","D",0,0,1,"D",1,"D",0,"D",0,"D",8635,"D",0,"D",7378,"D",0,"D",0,"D",5600,"D",214,"D",0,"D",0,"D",0,"D",0,0,0,0,0,0,0,0,8635,8635,8635.01,8635.01,0,0,0,0,0,0,0,0,8635,8635,0,0,0,0,0,0,0,0,0,0,0,0,0,0,0,0,0
"03445621",1,"2015","2014",0,0.153,0.153,"1",0.2287,0.2287,"09","D",0.085,0.085,0,"D",0,"D",98777,"D",0,"D",9500,"D",0,"D",0,"D",0,"D",0,"D",2000,"D",50,"D",0,"D",0,"D",31584,"D",12281,4846,12279.99,12281.06,4998.03,4693.78,15112.88,15112.88,108277,108277,108277.01,108277.01,0,0,0,0,0,0,0,0,76693,76693,0,0,12279.99,12281.06,12279.99,12281.06,4150,5200,33634,33634,0,0,0,0,0,0,0
"03445621",2,"2015","2014",0,0.153,0.153,"1",0.25,0.25,"09","D",0.085,0.085,0,"D",0,"D",83377,"D",0,"D",-2500,"D",0,"D",0,"D",0,"D",0,"D",0,"D",0,"D",0,"D",0,"D",0,"D",13488,4978,13538,13438,5175.17,4781.67,12756.68,12756.68,80877,80877,80877.01,80877.01,0,0,0,0,0,0,0,0,80877,80877,0,0,13538,13438,13538,13438,4150,5200,0,0,0,0,0,0,0,0,0
"03445631",1,"2015","2014",0,0.153,0.153,"1",0.15,0.15,"39","D",0.0307,0.0307,0,"D",0,"D",65000,"D",0,"D",-30000,"D",0,"D",0,"D",0,"D",22800,"D",0,"D",225,"D",0,"D",0,"D",0,"D",3259,1075,3273.75,3243.75,1074.5,1074.5,9945,9945,35000,35000,35000.01,35000.01,0,0,0,0,0,0,0,0,35000,35000,0,0,3273.75,3243.75,3273.75,3243.75,0,0,0,0,0,0,0,0,0,0,0
"03445641",1,"2015","2014",0,0.038,0.038,"2",0.3714,0.3714,"38","D",0.0928,0.0928,2,"D",2,"D",394786,"D",394786,"D",-25166,"D",96696,"D",40268,"D",0,"D",0,"D",9800,"D",390,"D",0,"D",0,"D",7352,"D",271673,74596,272114.08,271231.32,74611.09,74581.75,56769.73,57141.73,895329.8,895329.8,861102.01,861102.01,0,0,0,0,0,0,0,0,887977.8,887977.8,0,0,272114.08,271231.32,272114.08,271231.32,6231.2,6289.91,73710.66,73826.21,0,0,0,0,0,0,0
"03445654",1,"2015","2014",0,0.153,0.153,"1",0.1,0.1,"41","D",0.03,0.03,0,"D",0,"D",15444,"D",0,"D",0,"D",0,"D",0,"D",0,"D",4700,"D",0,"D",31,"D",0,"D",0,"D",0,"D",522,70,529.4,514.4,72.42,67.92,2362.93,2362.93,15444,15444,5294.01,5144.01,0,0,0,0,0,0,0,0,15444,15444,0,0,529.4,514.4,529.4,514.4,0,0,0,0,0,0,0,0,0,0,0
"03445654",2,"2015","2014",0,0,0,"1",-0.0765,-0.0765,"41","D",0,0,0,"D",0,"D",0,"D",0,"D",0,"D",3000,"D",0,"D",0,"D",0,"D",0,"D",0,"D",0,"D",0,"D",0,"D",0,0,0,0,0,0,0,0,3000,3000,-3000,-3000,0,0,0,0,0,0,0,0,3000,3000,0,0,0,0,0,0,0,0,0,0,0,0,0,0,0,0,0
"03445661",1,"2015","2014",2,0.153,0.153,"2",0.15,0.15,"43","D",0,0,0,"D",0,"D",31141,"D",30000,"D",0,"D",0,"D",0,"D",0,"D",0,"D",400,"D",82,"D",0,"D",2,"D",2468,"D",1996,0,2033.65,1958.65,0,0,9354.57,9354.57,61141,61141,0,0,2000,2000,0,0,0,0,0,0,61141,61141,0,0,4033.65,3958.65,4033.65,3958.65,0,0,0,0,0,0,0,0,0,0,0
"03445671",1,"2015","2014",3,0,0,"3",-0.45,-0.45,"12","D",0,0,0,"D",0,"D",0,"D",0,"D",0,"D",0,"D",0,"D",0,"D",16800,"D",0,"D",0,"D",0,"D",0,"D",20,"D",0,-540,0,0,-540,-540,0,0,0,0,0.01,0.01,0,0,0,0,0,0,0,0,0,0,0,0,0,0,0,0,3212,3212,20.13,20.13,0,0,0,0,0,0,0
"03445701",1,"2015","2014",4,0.029,0.029,"2",0.2843,0.2843,"50","D",0.0627,0.0627,0,"D",0,"D",125000,"D",0,"D",100,"D",0,"D",0,"D",0,"D",0,"D",3450,"D",350,"D",0,"D",3,"D",9876,"D",9701,6391,9800,9601.67,6394.01,6387.33,18133,18319,125100,125100,125100.01,125100.01,2245,2245,0,0,0,0,0,0,115224,115224,0,0,12045,11846.67,12045,11846.67,0,0,9876,9876,0,0,0,0,0,0,0
"03445721",1,"2015","2014",0,0.153,0.153,"1",0.25,0.25,"23","D",0.0425,0.0425,0,"D",0,"D",60979,"D",0,"D",-1906,"D",1290,"D",0,"D",0,"D",9960,"D",0,"D",261,"D",0,"D",0,"D",0,"D",8360,2395,8409.5,8309.5,2395.43,2395.43,9329.79,9329.79,60363,60363,60363.01,60363.01,0,0,0,0,0,0,0,0,60363,60363,0,0,8409.5,8309.5,8409.5,8309.5,0,0,0,0,0,0,0,0,0,0,0
"03445721",2,"2015","2014",0,0.153,0.153,"1",0.15,0.15,"23","D",0.0425,0.0425,0,"D",0,"D",35011,"D",0,"D",0,"D",0,"D",0,"D",0,"D",0,"D",0,"D",0,"D",0,"D",0,"D",0,"D",3260,1318,3275.4,3245.4,1317.97,1317.97,5356.68,5356.68,35011,35011,35011.01,35011.01,0,0,0,0,0,0,0,0,35011,35011,0,0,3275.4,3245.4,3275.4,3245.4,0,0,0,0,0,0,0,0,0,0,0
"03445761",1,"2015","2014",1,0,0,"3",-0.34,-0.34,"44","D",0,0,1,"D",1,"D",0,"D",0,"D",0,"D",0,"D",0,"D",0,"D",9360,"D",0,"D",0,"D",0,"D",0,"D",0,"D",0,0,0,0,0,0,0,0,0,0,0,0,0,0,0,0,0,0,0,0,0,0,0,0,0,0,0,0,0,0,0,0,0,0,0,0,0,0,0
"03445771",1,"2015","2014",0,0.153,0.153,"1",0.15,0.15,"05","D",0.04,0.04,0,"D",0,"D",30000,"D",0,"D",0,"D",0,"D",0,"D",0,"D",12000,"D",0,"D",0,"D",0,"D",0,"D",0,"D",2509,423,2523.75,2493.75,427.38,418.53,4590,4590,30000,30000,30000.01,30000.01,0,0,0,0,0,0,0,0,30000,30000,0,0,2523.75,2493.75,2523.75,2493.75,3992,4044,0,0,0,0,0,0,0,0,0
"03445771",2,"2015","2014",0,0.153,0.153,"1",0.15,0.15,"05","D",0.06,0.06,0,"D",0,"D",40000,"D",0,"D",0,"D",0,"D",0,"D",0,"D",0,"D",0,"D",0,"D",0,"D",0,"D",0,"D",4009,1019,4023.75,3993.75,1027.62,1010.19,6120,6120,40000,40000,40000.01,40000.01,0,0,0,0,0,0,0,0,40000,40000,0,0,4023.75,3993.75,4023.75,3993.75,3992,4044,0,0,0,0,0,0,0,0,0
"03445791",1,"2015","2014",2,0.153,0.153,"2",0.1431,0.1431,"06","D",0.0463,0.0463,0,"D",0,"D",57000,"D",54000,"D",-2500,"D",0,"D",0,"D",0,"D",0,"D",5400,"D",90,"D",0,"D",2,"D",16860,"D",7138,3232,7156.42,7119.11,3257.21,3205.95,16983,16983,108500,108500,0,0,2000,2000,0,0,0,0,0,0,91640,91640,0,0,9156.42,9119.11,9156.42,9119.11,0,0,0,0,0,0,0,0,0,0,0
"03445813",1,"2015","2014",1,0.153,0.153,"2",0.2598,0.2598,"50","D",0.0064,0.0064,0,"D",0,"D",21600,"D",6480,"D",0,"D",0,"D",0,"D",0,"D",8340,"D",0,"D",42,"D",0,"D",0,"D",0,"D",-2227,-104,-2151.76,-2303.09,-101.39,-106.04,4296.24,4296.24,28080,28080,28080.01,28080.01,0,0,0,0,0,0,2534.76,2651.09,28080,28080,0,0,383,348,383,348,16708.4,17083.66,0,0,0,0,0,0,101.39,106.04,0
"03445831",1,"2015","2014",2,0,0,"3",-0.4,-0.4,"0","T",0,0,0,"D",0,"D",0,"D",0,"D",497,"D",0,"D",0,"D",0,"D",0,"D",8100,"D",50,"D",0,"D",0,"D",788,"D",0,0,0,0,0,0,0,0,497,497,0,0,0,0,0,0,0,0,0,0,497,497,0,0,0,0,0,0,0,0,0,0,0,0,0,0,0,0,0
"03445841",1,"2015","2014",1,0,0,"3",-0.34,-0.34,"43","D",0,0,0,"D",0,"D",0,"D",0,"D",0,"D",0,"D",10723,"D",0,"D",0,"D",1800,"D",0,"D",0,"D",0,"D",5492,"D",0,0,0,0,0,0,0,0,0,0,0,0,0,0,0,0,0,0,0,0,0,0,0,0,0,0,0,0,0,0,0,0,0,0,0,0,0,0,0
"03445851",1,"2015","2014",1,0.153,0.153,"2",0.15,0.15,"14","D",0.0375,0.05,0,"D",0,"D",35000,"D",42000,"D",0,"D",0,"D",0,"D",0,"D",7200,"D",0,"D",0,"D",0,"D",1,"D",0,"D",5971,3088,6005,5937.5,3531.25,2645.63,11781,11781,77000,77000,77000.01,77000.01,1000,1000,0,0,0,0,0,0,77000,77000,0,0,7005,6937.5,7005,6937.5,0,0,0,0,0,0,0,0,0,0,0
"03445862",1,"2015","2014",0,0.153,0.153,"1",0,0,"0","T",0,0,1,"D",1,"D",9985,"D",0,"D",0,"D",0,"D",3600,"D",0,"D",0,"D",120,"D",0,"D",0,"D",0,"D",0,"D",0,0,0,0,0,0,1527.7,1527.7,9985,9985,0,0,0,0,0,0,0,0,0,0,9985,9985,0,0,0,0,0,0,0,0,0,0,0,0,0,0,0,0,0
"03445901",1,"2015","2014",0,0,0,"1",0,0,"10","D",0,0,1,"D",1,"D",0,"D",0,"D",0,"D",0,"D",8290,"D",0,"D",7200,"D",0,"D",0,"D",0,"D",0,"D",1440,"D",0,0,0,0,0,0,0,0,0,0,0,0,0,0,0,0,0,0,0,0,0,0,0,0,0,0,0,0,0,0,0,0,0,0,0,0,0,0,0
"03445911",1,"2015","2014",1,0.153,0.153,"3",-0.34,-0.34,"18","D",0,0,0,"D",0,"D",6472,"D",0,"D",0,"D",0,"D",0,"D",0,"D",7200,"D",0,"D",0,"D",0,"D",0,"D",0,"D",-2200,0,-2200.48,-2200.48,0,0,990.22,990.22,6472,6472,6472.01,6472.01,0,0,0,0,0,0,2200.48,2200.48,6472,6472,0,0,0,0,0,0,2400,2440,0,0,0,0,0,0,0,0,0
"03445921",1,"2015","2014",2,0.153,0.153,"3",0.1455,0.1452,"36","D",0.0297,0.0317,0,"D",0,"D",39803,"D",0,"D",4048,"D",0,"D",0,"D",0,"D",0,"D",3000,"D",25,"D",0,"D",2,"D",11740,"D",-205,846,-193.2,-217.43,873.99,818.89,6089.86,6089.86,43851,43851,43851.01,43851.01,1806.8,1782.57,193.2,217.43,0,0,0,0,32111,32111,0,0,1806.8,1782.57,1806.8,1782.57,0,0,0,0,0,0,0,0,0,0,0
"03445921",2,"2015","2014",0,0.153,0.153,"1",0,0,"36","D",0,0,0,"D",0,"D",7632,"D",0,"D",0,"D",0,"D",0,"D",0,"D",0,"D",0,"D",0,"D",0,"D",0,"D",0,"D",-500,0,-496,-503,0,0,1167.7,1167.7,7632,7632,7632.01,7632.01,0,0,0,0,0,0,496,503,7632,7632,0,0,0,0,0,0,0,0,0,0,0,0,0,0,0,0,0
"03445921",3,"2015","2014",2,0,0,"3",-0.4,-0.4,"36","D",0,0,0,"D",0,"D",0,"D",0,"D",0,"D",0,"D",0,"D",0,"D",0,"D",0,"D",0,"D",0,"D",2,"D",0,"D",0,0,0,0,0,0,0,0,0,0,0.01,0.01,0,0,0,0,0,0,0,0,0,0,0,0,0,0,0,0,0,0,0,0,0,0,0,0,0,0,0
"03445951",1,"2015","2014",1,0.036,0.036,"2",0.2363,0.2363,"07","D",0.055,0.055,0,"D",0,"D",150000,"D",9000,"D",-11000,"D",0,"D",0,"D",0,"D",0,"D",8600,"D",6460,"D",0,"D",1,"D",20112,"D",14985,7565,15065.75,14903.25,7565,7565,20235,20421,148000,148000,148000.01,148000.01,0,0,0,0,0,0,0,0,127888,127888,0,0,15065.75,14903.25,15065.75,14903.25,0,0,0,0,0,0,0,0,0,0,0
"03445991",1,"2015","2014",2,0.0622,0.0622,"2",0.35,0.35,"39","D",0.0307,0.0307,0,"D",0,"D",247541,"D",60000,"D",-18700,"D",0,"D",0,"D",0,"D",0,"D",16180,"D",0,"D",0,"D",1,"D",19320,"D",56444,8867,56739.35,56149.35,8867.42,8867.42,31384.56,31570.56,288841,288841,288841.01,288841.01,0,0,0,0,0,0,0,0,269521,269521,5372.57,5125.25,51366.78,51024.1,51366.78,51024.1,0,0,0,0,0,0,0,0,0,0,0
"03446011",1,"2015","2014",0,0.153,0.153,"2",0.25,0.25,"02","D",0,0,0,"D",0,"D",96975,"D",4700,"D",7800,"D",0,"D",0,"D",0,"D",0,"D",3400,"D",852,"D",0,"D",0,"D",5628,"D",13906,0,14006.25,13806.25,0,0,15556.27,15556.27,109475,109475,0,0,0,0,0,0,0,0,0,0,109475,109475,0,0,14006.25,13806.25,14006.25,13806.25,0,0,0,0,0,0,0,0,0,0,0
"03446051",1,"2015","2014",1,0.153,0.153,"3",0.25,0.25,"06","D",0.0463,0.0463,0,"D",0,"D",96000,"D",0,"D",-1000,"D",0,"D",0,"D",0,"D",0,"D",2100,"D",500,"D",0,"D",0,"D",0,"D",13836,3595,13912.5,13760,3611.4,3578.83,14688,14688,95000,95000,0,0,0,0,0,0,0,0,0,0,95000,95000,0,0,13912.5,13760,13912.5,13760,0,0,0,0,0,0,0,0,0,0,0
"03446061",1,"2015","2014",2,0.153,0.153,"3",0,0,"10","D",0,0,0,"D",0,"D",17500,"D",0,"D",0,"D",0,"D",0,"D",0,"D",20160,"D",0,"D",0,"D",0,"D",1,"D",0,"D",-6504,0,-6460,-6548,0,0,2677.5,2677.5,17500,17500,0,0,0,0,1000,1000,0,0,5460,5548,17500,17500,0,0,0,0,0,0,0,0,0,0,0,0,0,0,0,0,0
"03446061",2,"2015","2014",0,0.153,0.153,"1",0.25,0.25,"10","D",0,0,0,"D",0,"D",80000,"D",0,"D",0,"D",0,"D",0,"D",0,"D",0,"D",0,"D",0,"D",0,"D",0,"D",0,"D",13269,0,13318.75,13218.75,0,0,12240,12240,80000,80000,0,0,0,0,0,0,0,0,0,0,80000,80000,0,0,13318.75,13218.75,13318.75,13218.75,0,0,0,0,0,0,0,0,0,0,0
"03446061",3,"2015","2014",0,0.153,0.153,"1",0.25,0.25,"10","D",0,0,0,"D",0,"D",65000,"D",0,"D",0,"D",0,"D",0,"D",0,"D",0,"D",0,"D",0,"D",0,"D",0,"D",0,"D",9519,0,9568.75,9468.75,0,0,9945,9945,65000,65000,0,0,0,0,0,0,0,0,0,0,65000,65000,0,0,9568.75,9468.75,9568.75,9468.75,0,0,0,0,0,0,0,0,0,0,0
"03446074",1,"2015","2014",0,0.153,0.153,"1",0.15,0.15,"34","D",0.0575,0.058,0,"D",0,"D",40000,"D",0,"D",-700,"D",0,"D",0,"D",0,"D",4856,"D",0,"D",0,"D",0,"D",0,"D",0,"D",3904,1836,3918.75,3888.75,1844.4,1828.5,6120,6120,39300,39300,39300.01,39300.01,0,0,0,0,0,0,0,0,39300,39300,0,0,3918.75,3888.75,3918.75,3888.75,7500,7500,0,0,0,0,0,0,0,0,0
"03446081",1,"2015","2014",0,0.153,0.153,"2",0.15,0.15,"18","D",0.058,0.058,0,"D",0,"D",30000,"D",0,"D",-400,"D",0,"D",25462,"D",0,"D",0,"D",1100,"D",350,"D",0,"D",0,"D",2208,"D",1432,1301,1446.55,1416.55,1300.64,1300.64,4590,4590,34765.5,34765.5,29600.01,29600.01,0,0,0,0,0,0,0,0,34765.5,34765.5,0,0,1446.55,1416.55,1446.55,1416.55,2400,2440,3658,3658,0,0,0,0,0,0,0
"03446081",2,"2015","2014",0,0.153,0.153,"1",0.15,0.15,"18","D",0.058,0.058,0,"D",0,"D",32000,"D",0,"D",0,"D",0,"D",0,"D",0,"D",0,"D",0,"D",0,"D",0,"D",0,"D",0,"D",2809,1522,2823.75,2793.75,1522.8,1520.48,4896,4896,32000,32000,32000.01,32000.01,0,0,0,0,0,0,0,0,32000,32000,0,0,2823.75,2793.75,2823.75,2793.75,2400,2440,0,0,0,0,0,0,0,0,0
"03446091",1,"2015","2014",0,0.153,0.153,"1",0.1,0.1,"19","D",0.036,0.036,0,"D",0,"D",15000,"D",0,"D",0,"D",0,"D",0,"D",0,"D",2700,"D",0,"D",0,"D",0,"D",0,"D",0,"D",478,251,485,470,250.6,251.2,2295,2295,15000,15000,15000.01,15000.01,0,0,0,0,0,0,0,0,15000,15000,0,0,485,470,485,470,0,0,0,0,0,0,0,0,0,0,0
"03446101",1,"2015","2014",1,0.153,0.153,"3",0,0,"23","D",0.06,0.06,0,"D",0,"D",10555,"D",0,"D",0,"D",0,"D",0,"D",0,"D",0,"D",5000,"D",0,"D",0,"D",0,"D",0,"D",-3332,-1410,-3305,-3359,-1407.98,-1411.22,1614.91,1614.91,10555,10555,10555.01,10555.01,0,0,0,0,0,0,3305,3359,10555,10555,0,0,0,0,0,0,0,0,0,0,1200,1200,0,0,198.3,201.54,0
"03446121",1,"2015","2014",0,0.153,0.153,"1",0.1765,0.1765,"33","D",0.0404,0.0404,0,"D",0,"D",13018,"D",0,"D",0,"D",0,"D",0,"D",0,"D",8400,"D",0,"D",0,"D",0,"D",0,"D",0,"D",150,159,166.26,133.55,161.03,157.03,1991.75,1991.75,13018,13018,13018.01,13018.01,0,0,0,0,0,0,120.54,138.25,13018,13018,0,0,286.8,271.8,286.8,271.8,7800,7900,0,0,0,0,0,0,0,0,0
"03446151",1,"2015","2014",1,0.153,0.153,"3",0.1,0.1,"19","D",0.036,0.036,0,"D",0,"D",7395,"D",0,"D",16767,"D",0,"D",0,"D",0,"D",9000,"D",0,"D",0,"D",0,"D",0,"D",0,"D",704,479,716.2,691.2,487.83,470.83,1131.43,1131.43,24162,24162,24162.01,24162.01,0,0,0,0,0,0,0,0,24162,24162,0,0,716.2,691.2,716.2,691.2,0,0,0,0,0,0,0,0,0,0,0
"03446161",1,"2015","2014",0,0.153,0.153,"1",0.23,0.23,"05","D",0.08,0.08,0,"D",0,"D",75000,"D",0,"D",24,"D",0,"D",0,"D",0,"D",0,"D",8000,"D",40,"D",0,"D",0,"D",20024,"D",6120,1807,6154.02,6085.22,1818.91,1794.14,11475,11475,75024,75024,75024.01,75024.01,0,0,0,0,0,0,0,0,55000,55000,0,0,6154.02,6085.22,6154.02,6085.22,3992,4044,28064,28064,0,0,0,0,0,0,0
"03446161",2,"2015","2014",0,0.153,0.153,"1",0.15,0.15,"05","D",0.06,0.06,0,"D",0,"D",36629,"D",0,"D",0,"D",0,"D",0,"D",0,"D",0,"D",0,"D",0,"D",0,"D",0,"D",0,"D",3503,817,3518.1,3488.1,825.36,807.93,5604.24,5604.24,36629,36629,36629.01,36629.01,0,0,0,0,0,0,0,0,36629,36629,0,0,3518.1,3488.1,3518.1,3488.1,3992,4044,0,0,0,0,0,0,0,0,0
"03446161",3,"2015","2014",0,0.153,0.153,"1",0.25,0.25,"05","D",0.08,0.08,0,"D",0,"D",52156,"D",0,"D",0,"D",0,"D",0,"D",0,"D",0,"D",0,"D",0,"D",0,"D",0,"D",0,"D",6308,1901,6357.75,6257.75,1915.23,1886.3,7979.87,7979.87,52156,52156,52156.01,52156.01,0,0,0,0,0,0,0,0,52156,52156,0,0,6357.75,6257.75,6357.75,6257.75,3992,4044,0,0,0,0,0,0,0,0,0
"03446161",4,"2015","2014",0,0.153,0.153,"1",0.15,0.15,"05","D",0.04,0.04,0,"D",0,"D",26375,"D",0,"D",0,"D",0,"D",0,"D",0,"D",0,"D",0,"D",0,"D",0,"D",0,"D",0,"D",1965,338,1980,1950,342.38,333.53,4035.37,4035.37,26375,26375,26375.01,26375.01,0,0,0,0,0,0,0,0,26375,26375,0,0,1980,1950,1980,1950,3992,4044,0,0,0,0,0,0,0,0,0
"03446171",1,"2015","2014",0,0.153,0.153,"2",0.15,0.15,"05","D",0.08,0.08,0,"D",0,"D",36000,"D",60000,"D",-2760,"D",0,"D",0,"D",0,"D",0,"D",2500,"D",50,"D",0,"D",0,"D",1136,"D",10004,2916,10033.5,9973.5,2944.69,2886.84,14688,14688,93240,93240,93240.01,93240.01,0,0,0,0,0,0,0,0,93240,93240,0,0,10033.5,9973.5,10033.5,9973.5,7984,8088,3686,3686,0,0,0,0,0,0,0
"03446181",1,"2015","2014",2,0.153,0.153,"3",0.3461,0.3461,"16","D",0.0964,0.0964,0,"D",0,"D",35000,"D",0,"D",-150,"D",0,"D",0,"D",0,"D",0,"D",3000,"D",3500,"D",0,"D",0,"D",1216,"D",-416,821,-324.34,-507.58,836.28,805.28,5355,5355,34850,34850,34850.01,34850.01,0,0,0,0,0,0,1844,1999.39,33634,33634,0,0,1519.66,1491.81,1519.66,1491.81,4740,4810,7716,7716,0,0,0,0,276.6,299.91,0
"03446221",1,"2015","2014",0,0,0,"1",-0.0765,-0.0765,"0","T",0,0,0,"D",0,"D",0,"D",0,"D",0,"D",0,"D",15523,"D",0,"D",0,"D",17980,"D",607,"D",0,"D",0,"D",600,"D",0,0,0,0,0,0,0,0,0,0,0,0,0,0,0,0,0,0,0,0,0,0,0,0,0,0,0,0,0,0,0,0,0,0,0,0,0,0,0
"03446241",1,"2015","2014",0,0.153,0.153,"1",0.1,0.1,"10","D",0,0,0,"D",0,"D",7500,"D",0,"D",3950,"D",0,"D",0,"D",0,"D",0,"D",700,"D",0,"D",0,"D",0,"D",1736,"D",123,0,130,115,0,0,1147.5,1147.5,11450,11450,0,0,0,0,0,0,0,0,0,0,11450,11450,0,0,130,115,130,115,0,0,0,0,0,0,0,0,0,0,0
"03446251",1,"2015","2014",1,0.153,0.153,"2",0.3098,0.3098,"05","D",0,0,0,"D",0,"D",29062,"D",14253,"D",0,"D",0,"D",0,"D",0,"D",12540,"D",0,"D",0,"D",0,"D",0,"D",0,"D",1760,0,1852.04,1668.22,0,0,6627.19,6627.19,43315,43315,43315.01,43315.01,0,0,0,0,0,0,100.21,216.53,43315,43315,0,0,1952.25,1884.75,1952.25,1884.75,7984,8088,0,0,0,0,0,0,0,0,0
"03446321",1,"2015","2014",2,0.153,0.153,"2",0,0,"44","D",0,0,0,"D",0,"D",20000,"D",0,"D",0,"D",0,"D",0,"D",0,"D",5820,"D",0,"D",0,"D",0,"D",1,"D",0,"D",-6504,0,-6460,-6548,0,0,3060,3060,20000,20000,0,0,0,0,1000,1000,0,0,5460,5548,20000,20000,0,0,0,0,0,0,0,0,0,0,0,0,0,0,0,0,0
"03446341",1,"2015","2014",0,0.0589,0.0589,"2",0.35,0.35,"31","D",0.0637,0.0637,0,"D",0,"D",228786,"D",46246,"D",1602,"D",0,"D",0,"D",0,"D",0,"D",6400,"D",0,"D",0,"D",0,"D",0,"D",58995,13044,59289.78,58699.78,13044.01,13044.01,28443.72,28629.72,276634,276634,276634.01,276634.01,0,0,0,0,0,0,0,0,276634,276634,1058.7,877.2,58170.2,57761.7,58170.2,57761.7,0,0,0,0,0,0,0,0,0,0,0
"03446401",1,"2015","2014",0,0,0,"1",0,0,"45","D",0,0,1,"D",1,"D",0,"D",0,"D",10,"D",780,"D",3958,"D",0,"D",0,"D",1300,"D",90,"D",0,"D",0,"D",10200,"D",0,0,0,0,0,0,0,0,790,790,790.01,790.01,0,0,0,0,0,0,0,0,790,790,0,0,0,0,0,0,0,0,0,0,0,0,0,0,0,0,0
"03446411",1,"2015","2014",4,0.153,0.153,"3",0.2106,0.2106,"29","D",0,0,0,"D",0,"D",32254,"D",0,"D",0,"D",0,"D",0,"D",0,"D",0,"D",10000,"D",0,"D",0,"D",2,"D",7888,"D",-5189,0,-5105.31,-5271.7,0,0,4934.86,4934.86,32254,32254,0,0,0,0,2000,2000,0,0,3105.31,3271.7,24366,24366,0,0,0,0,0,0,0,0,0,0,0,0,0,0,0,0,0
"03446421",1,"2015","2014",2,0,0,"3",-0.4,-0.4,"10","D",0,0,0,"D",0,"D",0,"D",0,"D",0,"D",0,"D",0,"D",0,"D",0,"D",150,"D",0,"D",0,"D",0,"D",100,"D",0,0,0,0,0,0,0,0,0,0,0,0,0,0,0,0,0,0,0,0,0,0,0,0,0,0,0,0,0,0,0,0,0,0,0,0,0,0,0
"03446451",1,"2015","2014",0,0.153,0.153,"2",0,0,"0","T",0,0,1,"D",1,"D",7091,"D",0,"D",0,"D",0,"D",14734,"D",0,"D",0,"D",150,"D",287,"D",0,"D",0,"D",0,"D",-500,0,-496,-503,0,0,1084.92,1084.92,7091,7091,0,0,0,0,0,0,0,0,496,503,7091,7091,0,0,0,0,0,0,0,0,0,0,0,0,0,0,0,0,0
"03446461",1,"2015","2014",0,0.153,0.153,"1",0.28,0.28,"45","D",0.05,0.05,0,"D",0,"D",102061,"D",0,"D",0,"D",0,"D",0,"D",0,"D",12000,"D",0,"D",0,"D",0,"D",0,"D",240,"D",18838,5103,18910.83,18764.33,5103.05,5103.05,15615.33,15615.33,102061,102061,102061.01,102061.01,0,0,0,0,0,0,0,0,102061,102061,0,0,18910.83,18764.33,18910.83,18764.33,0,0,0,0,0,0,0,0,0,0,0
"03446481",1,"2015","2014",0,0.153,0.153,"1",0.23,0.23,"05","D",0.08,0.08,0,"D",0,"D",58232,"D",0,"D",-4235,"D",0,"D",0,"D",0,"D",0,"D",5000,"D",0,"D",0,"D",0,"D",1888,"D",6154,1818,6188.29,6119.49,1830.83,1806.06,8909.5,8909.5,53997,53997,53997.01,53997.01,0,0,0,0,0,0,0,0,52109,52109,0,0,6188.29,6119.49,6188.29,6119.49,3992,4044,6888,6888,0,0,0,0,0,0,0
"03446481",2,"2015","2014",0,0.153,0.153,"1",0.1765,0.1765,"05","D",0,0,0,"D",0,"D",13176,"D",0,"D",0,"D",0,"D",0,"D",0,"D",0,"D",0,"D",0,"D",0,"D",0,"D",0,"D",178,0,194.15,161.44,0,0,2015.93,2015.93,13176,13176,13176.01,13176.01,0,0,0,0,0,0,108.45,126.16,13176,13176,0,0,302.6,287.6,302.6,287.6,3992,4044,0,0,0,0,0,0,0,0,0
"03446491",1,"2015","2014",0,0.153,0.153,"1",0.25,0.25,"05","D",0.093,0.093,0,"D",0,"D",56562,"D",0,"D",0,"D",0,"D",0,"D",0,"D",28872,"D",0,"D",0,"D",0,"D",0,"D",0,"D",7409,2271,7459.25,7359.25,2289.8,2251.61,8653.99,8653.99,56562,56562,56562.01,56562.01,0,0,0,0,0,0,0,0,56562,56562,0,0,7459.25,7359.25,7459.25,7359.25,3992,4044,0,0,0,0,0,0,0,0,0
"03446491",2,"2015","2014",0,0.153,0.153,"1",0.25,0.25,"05","D",0.093,0.093,0,"D",0,"D",83030,"D",0,"D",0,"D",0,"D",0,"D",0,"D",0,"D",0,"D",0,"D",0,"D",0,"D",0,"D",14026,4732,14076.25,13976.25,4751.33,4713.13,12703.59,12703.59,83030,83030,83030.01,83030.01,0,0,0,0,0,0,0,0,83030,83030,0,0,14076.25,13976.25,14076.25,13976.25,3992,4044,0,0,0,0,0,0,0,0,0
"03446491",3,"2015","2014",0,0.153,0.153,"1",0.15,0.15,"05","D",0.06,0.06,0,"D",0,"D",35122,"D",0,"D",0,"D",0,"D",0,"D",0,"D",0,"D",0,"D",0,"D",0,"D",0,"D",0,"D",3277,726,3292.05,3262.05,734.94,717.51,5373.67,5373.67,35122,35122,35122.01,35122.01,0,0,0,0,0,0,0,0,35122,35122,0,0,3292.05,3262.05,3292.05,3262.05,3992,4044,0,0,0,0,0,0,0,0,0
"03446501",1,"2015","2014",0,0.153,0.153,"1",0.15,0.15,"44","D",0,0,0,"D",0,"D",33000,"D",0,"D",0,"D",0,"D",0,"D",0,"D",7080,"D",0,"D",111,"D",0,"D",0,"D",0,"D",2959,0,2973.75,2943.75,0,0,5049,5049,33000,33000,0,0,0,0,0,0,0,0,0,0,33000,33000,0,0,2973.75,2943.75,2973.75,2943.75,0,0,0,0,0,0,0,0,0,0,0
"03446521",1,"2015","2014",2,0,0,"3",-0.4,-0.4,"44","D",0,0,0,"D",0,"D",0,"D",0,"D",0,"D",0,"D",0,"D",0,"D",0,"D",10000,"D",0,"D",0,"D",0,"D",15204,"D",0,0,0,0,0,0,0,0,0,0,0,0,0,0,0,0,0,0,0,0,0,0,0,0,0,0,0,0,0,0,0,0,0,0,0,0,0,0,0
"03446531",1,"2015","2014",0,0,0,"1",0,0,"36","D",0,0,1,"D",1,"D",0,"D",0,"D",0,"D",0,"D",15003,"D",0,"D",2400,"D",0,"D",0,"D",0,"D",0,"D",0,"D",0,0,0,0,0,0,0,0,0,0,0.01,0.01,0,0,0,0,0,0,0,0,0,0,0,0,0,0,0,0,0,0,0,0,0,0,0,0,0,0,0
"03446561",1,"2015","2014",1,0.153,0.153,"2",0.15,0.15,"14","D",0.0375,0.05,0,"D",0,"D",59000,"D",0,"D",0,"D",0,"D",0,"D",0,"D",0,"D",2100,"D",400,"D",0,"D",1,"D",5364,"D",3271,2196,3305,3237.5,2526.25,1865.63,9027,9027,59000,59000,59000.01,59000.01,1000,1000,0,0,0,0,0,0,59000,59000,0,0,4305,4237.5,4305,4237.5,0,0,0,0,105,105,0,0,0,0,0
"03446581",1,"2015","2014",1,0.153,0.153,"3",0.2598,0.3098,"0","T",0,0,0,"D",0,"D",30000,"D",0,"D",0,"D",0,"D",0,"D",0,"D",7500,"D",0,"D",180,"D",0,"D",1,"D",0,"D",-1124,0,-1057.73,-1190.37,0,0,4590,4590,30000,30000,0,0,1000,1000,0,0,0,0,1360.23,1465.37,30000,30000,0,0,1302.5,1275,1302.5,1275,0,0,0,0,0,0,0,0,0,0,0
"03446621",1,"2015","2014",2,0.153,0.153,"3",0.3106,0.3106,"05","D",0,0,0,"D",0,"D",24000,"D",0,"D",0,"D",0,"D",0,"D",0,"D",14400,"D",0,"D",0,"D",0,"D",0,"D",120,"D",-3948,0,-3855.6,-4040.99,0,0,3672,3672,24000,24000,24000.01,24000.01,0,0,0,0,0,0,4160.6,4315.99,24000,24000,0,0,305,275,305,275,7984,8088,120,120,0,0,0,0,0,0,0
"03446641",1,"2015","2014",2,0.153,0.153,"2",0.2106,0.2106,"03","D",0.0259,0.0259,0,"D",0,"D",25862,"D",0,"D",646,"D",646,"D",0,"D",0,"D",0,"D",0,"D",442,"D",0,"D",2,"D",0,"D",-6725,159,-6639.92,-6810.06,161.51,157.26,3956.89,3956.89,27154,27154,27154.01,27154.01,0,0,2000,2000,0,0,4639.92,4810.06,27154,27154,0,0,0,0,0,0,10018,10182,906.04,906.04,0,0,0,0,0,0,0
"03446641",2,"2015","2014",0,0.153,0.153,"1",0.1765,0.1765,"03","D",0.0259,0.0259,0,"D",0,"D",12559,"D",0,"D",0,"D",0,"D",0,"D",0,"D",0,"D",0,"D",0,"D",0,"D",0,"D",0,"D",69,140,85.25,52.54,141.16,139.03,1921.53,1921.53,12559,12559,12559.01,12559.01,0,0,0,0,0,0,155.65,173.36,12559,12559,0,0,240.9,225.9,240.9,225.9,5009,5091,237.49,237.49,0,0,0,0,0,0,0
"03446651",1,"2015","2014",2,0.153,0.153,"3",0.2835,0.2835,"08","D",0.066,0.066,0,"D",0,"D",100000,"D",0,"D",0,"D",0,"D",0,"D",0,"D",0,"D",2800,"D",3200,"D",0,"D",2,"D",6684,"D",11361,4416,11424.91,11297.41,4416.36,4416.36,15300,15300,100000,100000,100000.01,100000.01,750,750,0,0,0,0,0,0,93316,93316,0,0,12174.91,12047.41,12174.91,12047.41,3250,3250,12684,12684,0,0,0,0,0,0,0
"03446661",1,"2015","2014",2,0,0,"3",-0.4,-0.4,"10","D",0,0,0,"D",0,"D",0,"D",0,"D",0,"D",2609,"D",0,"D",0,"D",0,"D",460,"D",0,"D",0,"D",0,"D",6480,"D",0,0,0,0,0,0,0,0,2609,2609,0,0,0,0,0,0,0,0,0,0,2609,2609,0,0,0,0,0,0,0,0,0,0,0,0,0,0,0,0,0
"03446721",1,"2015","2014",0,0,0,"1",0,0,"05","D",0,0,1,"D",1,"D",0,"D",0,"D",261,"D",0,"D",15862,"D",0,"D",0,"D",5000,"D",75,"D",0,"D",0,"D",0,"D",0,0,0,0,0,0,0,0,261,261,261.01,261.01,0,0,0,0,0,0,0,0,261,261,0,0,0,0,0,0,3992,4044,5075,5075,0,0,0,0,0,0,0
"03446731",1,"2015","2014",0,0.153,0.153,"2",0.2775,0.2775,"34","D",0.0575,0.058,2,"D",1,"D",37000,"D",0,"D",0,"D",45,"D",38504,"D",0,"D",0,"D",3300,"D",110,"D",0,"D",0,"D",0,"D",3765,1273,3892.12,3637.12,1278.61,1267.59,5661,5661,53497.45,53497.45,37045.01,37045.01,0,0,0,0,0,0,0,0,53497.45,53497.45,0,0,3892.12,3637.12,3892.12,3637.12,15000,15000,3300,3300,0,0,0,0,0,0,0
"03446771",1,"2015","2014",1,0.153,0.153,"2",0,0,"44","D",0,0,0,"D",0,"D",0,"D",23201,"D",0,"D",0,"D",15382,"D",0,"D",0,"D",11000,"D",0,"D",0,"D",0,"D",348,"D",-3332,0,-3305,-3359,0,0,3549.75,3549.75,23201,23201,0,0,0,0,0,0,0,0,3305,3359,23201,23201,0,0,0,0,0,0,0,0,0,0,0,0,0,0,0,0,0
"03446771",2,"2015","2014",0,0.153,0.153,"1",0.1,0.1,"44","D",0,0,0,"D",0,"D",16923,"D",0,"D",0,"D",0,"D",0,"D",0,"D",0,"D",0,"D",0,"D",0,"D",0,"D",0,"D",670,0,677.3,662.3,0,0,2589.22,2589.22,16923,16923,0,0,0,0,0,0,0,0,0,0,16923,16923,0,0,677.3,662.3,677.3,662.3,0,0,0,0,0,0,0,0,0,0,0
"03446781",1,"2015","2014",0,0.0502,0.0502,"2",0.2646,0.2646,"21","D",0.055,0.055,0,"D",0,"D",150000,"D",31000,"D",-1300,"D",0,"D",0,"D",0,"D",0,"D",5100,"D",250,"D",0,"D",0,"D",6000,"D",29789,8115,29900.73,29677.23,8115.25,8115.25,23601,23787,179700,179700,178500.01,178500.01,0,0,0,0,0,0,0,0,173700,173700,0,0,29900.73,29677.23,29900.73,29677.23,4000,4000,11350,11350,0,0,0,0,0,0,0
"03446781",2,"2015","2014",0,0.153,0.153,"1",0.25,0.25,"21","D",0.0475,0.0475,0,"D",0,"D",68000,"D",0,"D",-17600,"D",0,"D",0,"D",0,"D",0,"D",0,"D",0,"D",0,"D",0,"D",0,"D",5869,2095,5918.75,5818.75,2094.5,2094.5,10404,10404,50400,50400,50400.01,50400.01,0,0,0,0,0,0,0,0,50400,50400,0,0,5918.75,5818.75,5918.75,5818.75,2000,2000,0,0,0,0,0,0,0,0,0
"03446801",1,"2015","2014",1,0.153,0.153,"2",0.15,0.1436,"23","D",0.0425,0.0425,0,"D",0,"D",59000,"D",2477,"D",-1264,"D",0,"D",0,"D",0,"D",0,"D",1800,"D",4344,"D",0,"D",0,"D",4244,"D",4450,2049,4481.39,4419.45,2049.05,2049.05,9405.98,9405.98,60213,60213,60213.01,60213.01,0,0,0,0,0,0,0,0,55969,60213,0,0,4481.39,4419.45,4481.39,4419.45,0,0,0,0,0,0,0,0,0,0,0
"03446811",1,"2015","2014",0,0.153,0.153,"1",0.15,0.15,"36","D",0.0297,0.0317,0,"D",0,"D",35060,"D",0,"D",0,"D",0,"D",0,"D",0,"D",0,"D",0,"D",0,"D",0,"D",0,"D",0,"D",3268,689,3282.75,3252.75,711.07,666.25,5364.18,5364.18,35060,35060,35060.01,35060.01,0,0,0,0,0,0,0,0,35060,35060,0,0,3282.75,3252.75,3282.75,3252.75,0,0,0,0,0,0,0,0,0,0,0
"03446831",1,"2015","2014",0,0.153,0.153,"2",0.15,0.15,"0","T",0,0,0,"D",0,"D",16113,"D",43955,"D",0,"D",0,"D",0,"D",0,"D",10200,"D",0,"D",1440,"D",0,"D",0,"D",0,"D",5028,0,5057.7,4997.7,0,0,9190.4,9190.4,60068,60068,0,0,0,0,0,0,0,0,0,0,60068,60068,0,0,5057.7,4997.7,5057.7,4997.7,0,0,0,0,0,0,0,0,0,0,0
"03446871",1,"2015","2014",3,0,0,"3",-0.45,-0.45,"33","D",-0.135,-0.135,0,"D",0,"D",0,"D",0,"D",1400,"D",0,"D",0,"D",1481,"D",0,"D",0,"D",0,"D",0,"D",2,"D",1000,"D",0,-300,0,0,-300,-300,0,0,1400,1400,1400.01,1400.01,0,0,0,0,0,0,0,0,1400,1400,0,0,0,0,0,0,10950,11100,0,0,0,0,0,0,0,0,0
"03446881",1,"2015","2014",0,0.153,0.153,"2",0.25,0.25,"44","D",0,0,0,"D",0,"D",63000,"D",66310,"D",-12354,"D",0,"D",0,"D",0,"D",0,"D",2400,"D",0,"D",0,"D",0,"D",0,"D",15777,0,15876.5,15676.5,0,0,19784.43,19784.43,116956,116956,0,0,0,0,0,0,0,0,0,0,116956,116956,0,0,15876.5,15676.5,15876.5,15676.5,0,0,0,0,0,0,0,0,0,0,0
"03446891",1,"2015","2014",0,0.153,0.153,"2",0.1454,0.1454,"39","D",0.0307,0.0307,0,"D",0,"D",12000,"D",65000,"D",251,"D",0,"D",0,"D",0,"D",0,"D",4000,"D",1964,"D",0,"D",0,"D",9664,"D",6780,2372,6795.21,6765.21,2371.61,2371.61,11781,11781,77251,77251,77251.01,77251.01,0,0,0,0,0,0,0,0,67587,67587,0,0,6795.21,6765.21,6795.21,6765.21,0,0,0,0,0,0,0,0,0,0,0
"03446901",1,"2015","2014",3,0.153,0.153,"2",0.1444,0.1425,"14","D",0.0375,0.05,0,"D",0,"D",1,"D",104379,"D",0,"D",0,"D",0,"D",0,"D",0,"D",6500,"D",5306,"D",0,"D",3,"D",9776,"D",4957,3774,4895.29,5019.28,4362.75,3186.13,15970.14,15970.14,104380,104380,104380.01,104380.01,3000,3000,0,0,0,0,0,0,94604,94604,0,0,7895.29,8019.28,7895.29,8019.28,0,0,0,0,325,325,0,0,0,0,0
"03446921",1,"2015","2014",1,0.153,0.153,"2",0.3098,0.3098,"18","D",0.058,0.058,0,"D",0,"D",12500,"D",31000,"D",-45,"D",0,"D",0,"D",0,"D",0,"D",250,"D",0,"D",0,"D",1,"D",0,"D",811,1842,902.6,718.78,1843.99,1839.35,6655.5,6655.5,43455,43455,43455.01,43455.01,1000,1000,0,0,0,0,70.65,186.97,43455,43455,0,0,1973.25,1905.75,1973.25,1905.75,2400,2440,250,250,0,0,0,0,0,0,0
"03446931",1,"2015","2014",1,0.153,0.153,"3",0,0,"10","D",0,0,0,"D",0,"D",14400,"D",0,"D",0,"D",0,"D",0,"D",0,"D",8400,"D",0,"D",0,"D",0,"D",1,"D",0,"D",-4332,0,-4305,-4359,0,0,2203.2,2203.2,14400,14400,0,0,0,0,1000,1000,0,0,3305,3359,14400,14400,0,0,0,0,0,0,0,0,0,0,0,0,0,0,0,0,0
"03446961",1,"2015","2014",0,0,0,"1",0,0,"31","D",0,0,1,"D",1,"D",0,"D",0,"D",0,"D",0,"D",13462,"D",0,"D",43356,"D",0,"D",1346,"D",0,"D",0,"D",154,"D",0,-775,0,0,-775,-775,0,0,0,0,0,0,0,0,0,0,0,0,0,0,0,0,0,0,0,0,0,0,0,0,0,0,0,0,0,0,0,0,0
"03446971",1,"2015","2014",2,0.153,0.153,"3",-0.55,-0.55,"01","D",0,0,0,"D",0,"D",6000,"D",0,"D",0,"D",0,"D",0,"D",0,"D",396,"D",0,"D",0,"D",0,"D",2,"D",0,"D",-2850,0,-2850,-2850,0,0,918,918,6000,6000,6000.01,6000.01,0,0,450,450,0,0,2400,2400,6000,6000,0,0,0,0,0,0,4700,4700,459,459,0,0,0,0,0,0,0
"03446981",1,"2015","2014",2,0,0,"3",-0.4,-0.4,"10","D",0,0,0,"D",0,"D",0,"D",0,"D",0,"D",2164,"D",0,"D",0,"D",43356,"D",0,"D",216,"D",0,"D",0,"D",1744,"D",0,0,0,0,0,0,0,0,2164,2164,0,0,0,0,0,0,0,0,0,0,2164,2164,0,0,0,0,0,0,0,0,0,0,0,0,0,0,0,0,0
"03446991",1,"2015","2014",0,0,0,"1",0,0,"10","D",0,0,1,"D",1,"D",0,"D",0,"D",0,"D",0,"D",14052,"D",0,"D",0,"D",350,"D",278,"D",0,"D",0,"D",336,"D",0,0,0,0,0,0,0,0,0,0,0,0,0,0,0,0,0,0,0,0,0,0,0,0,0,0,0,0,0,0,0,0,0,0,0,0,0,0,0
"03447022",1,"2015","2014",0,0.153,0.153,"1",0.15,0.15,"05","D",0.08,0.08,0,"D",0,"D",46218,"D",0,"D",0,"D",0,"D",0,"D",0,"D",28272,"D",0,"D",0,"D",0,"D",0,"D",0,"D",4941,1426,4956.45,4926.45,1440.19,1411.26,7071.35,7071.35,46218,46218,46218.01,46218.01,0,0,0,0,0,0,0,0,46218,46218,0,0,4956.45,4926.45,4956.45,4926.45,3992,4044,0,0,0,0,0,0,0,0,0
"03447041",1,"2015","2014",0,0.0685,0.0685,"2",0.2362,0.2362,"21","D",0.055,0.055,0,"D",0,"D",120000,"D",56000,"D",0,"D",0,"D",0,"D",0,"D",0,"D",3500,"D",1,"D",0,"D",0,"D",13872,"D",27424,7580,27499.13,27349.13,7580.49,7580.49,26556,26742,176000,176000,174800.01,174800.01,0,0,0,0,0,0,0,0,162128,162128,0,0,27499.13,27349.13,27499.13,27349.13,4000,4000,17373,17373,0,0,0,0,0,0,0
"03447061",1,"2015","2014",0,0.029,0.029,"2",0.28,0.28,"0","T",0,0,1,"D",0,"D",228786,"D",0,"D",30,"D",0,"D",0,"D",0,"D",0,"D",6500,"D",160,"D",0,"D",0,"D",10624,"D",44152,0,44263.96,44040.46,0,0,21142.79,21328.79,228816,228816,0,0,0,0,0,0,0,0,0,0,218192,218192,0,0,44263.96,44040.46,44263.96,44040.46,0,0,0,0,0,0,0,0,0,0,0
"03447071",1,"2015","2014",1,0.153,0.153,"2",0.259,0.259,"18","D",0.0508,0.0508,0,"D",0,"D",6200,"D",26400,"D",-200,"D",0,"D",0,"D",0,"D",0,"D",1700,"D",155,"D",0,"D",1,"D",17284,"D",-2788,460,-2722.33,-2853.66,460.26,460.26,4987.8,4987.8,32400,32400,32400.01,32400.01,90.13,75.13,909.87,924.87,0,0,1812.47,1928.79,15116,15116,0,0,90.13,75.13,90.13,75.13,2400,2440,19139,19139,0,0,0,0,0,0,0
"03447101",1,"2015","2014",1,0.0818,0.0818,"2",0.2787,0.2787,"44","D",0,0,0,"D",0,"D",135000,"D",100000,"D",-11000,"D",0,"D",0,"D",0,"D",0,"D",8500,"D",390,"D",0,"D",1,"D",20344,"D",37828,0,37947.1,37709.6,0,0,33723,33909,224000,224000,0,0,0,0,0,0,0,0,0,0,203656,203656,0,0,37947.1,37709.6,37947.1,37709.6,0,0,0,0,0,0,0,0,0,0,0
"03447111",1,"2015","2014",0,0.153,0.153,"1",0.0942,0.0942,"34","D",0.0575,0.058,0,"D",0,"D",25000,"D",0,"D",0,"D",0,"D",0,"D",0,"D",0,"D",1500,"D",795,"D",0,"D",0,"D",12104,"D",597,658,599,594.57,660.97,655.27,3825,3825,25000,25000,25000.01,25000.01,0,0,0,0,0,0,0,0,12896,12896,0,0,599,594.57,599,594.57,7500,7500,13604,13604,0,0,0,0,0,0,0
"03447121",1,"2015","2014",2,0,0,"3",-0.4,-0.4,"0","T",0,0,0,"D",0,"D",0,"D",0,"D",0,"D",0,"D",0,"D",0,"D",0,"D",3600,"D",0,"D",0,"D",0,"D",10154,"D",0,0,0,0,0,0,0,0,0,0,0,0,0,0,0,0,0,0,0,0,0,0,0,0,0,0,0,0,0,0,0,0,0,0,0,0,0,0,0
"03447141",1,"2015","2014",0,0.153,0.153,"1",0.1,0.1,"06","D",0.0463,0.0463,0,"D",0,"D",15000,"D",0,"D",0,"D",0,"D",0,"D",0,"D",15460,"D",0,"D",20,"D",0,"D",0,"D",0,"D",478,215,485,470,224.56,204.61,2295,2295,15000,15000,0,0,0,0,0,0,0,0,0,0,15000,15000,0,0,485,470,485,470,0,0,0,0,0,0,0,0,0,0,0
"03447151",1,"2015","2014",0,0.153,0.153,"1",0.2482,0.2482,"44","D",0,0,0,"D",0,"D",49000,"D",0,"D",0,"D",0,"D",0,"D",0,"D",0,"D",1600,"D",90,"D",0,"D",0,"D",3992,"D",5506,0,5543.63,5468.63,0,0,7497,7497,49000,49000,0,0,0,0,0,0,0,0,0,0,45008,45008,0,0,5543.63,5468.63,5543.63,5468.63,0,0,0,0,0,0,0,0,0,0,0
"03447181",1,"2015","2014",0,0,0,"1",0,0,"31","D",0,0,1,"D",1,"D",0,"D",0,"D",0,"D",0,"D",18860,"D",0,"D",43356,"D",0,"D",0,"D",0,"D",0,"D",0,"D",0,-775,0,0,-775,-775,0,0,0,0,0,0,0,0,0,0,0,0,0,0,0,0,0,0,0,0,0,0,0,0,0,0,0,0,0,0,0,0,0
"03447231",1,"2015","2014",0,0.153,0.153,"2",0.15,0.15,"05","D",0.04,0.04,2,"D",2,"D",30000,"D",0,"D",15000,"D",6594,"D",15658,"D",0,"D",0,"D",4500,"D",45,"D",0,"D",0,"D",4396,"D",5386,376,5423,5348,384.25,368.69,4590,4590,64903.3,64903.3,51594.01,51594.01,0,0,0,0,0,0,0,0,64903.3,64903.3,0,0,5423,5348,5423,5348,7984,8088,8941,8941,0,0,0,0,0,0,0
"03447241",1,"2015","2014",0,0.153,0.153,"1",0.25,0.25,"33","D",0.0645,0.0645,0,"D",0,"D",62013,"D",0,"D",-5500,"D",0,"D",0,"D",0,"D",8700,"D",0,"D",180,"D",0,"D",0,"D",640,"D",7397,2806,7447,7347,2813.1,2798.88,9487.99,9487.99,56513,56513,56513.01,56513.01,0,0,0,0,0,0,0,0,56513,56513,0,0,7447,7347,7447,7347,7800,7900,0,0,0,0,0,0,0,0,0
"03447251",1,"2015","2014",0,0.153,0.153,"1",0,0,"45","D",0,0,1,"D",1,"D",1000,"D",0,"D",0,"D",450,"D",24262,"D",0,"D",0,"D",1300,"D",100,"D",0,"D",0,"D",7380,"D",0,0,0,0,0,0,153,153,1450,1450,1450.01,1450.01,0,0,0,0,0,0,0,0,1450,1450,0,0,0,0,0,0,0,0,0,0,0,0,0,0,0,0,0
"03447271",1,"2015","2014",4,0.153,0.153,"3",0.3106,0.3106,"10","D",0,0,0,"D",0,"D",37000,"D",0,"D",0,"D",1158,"D",0,"D",0,"D",10200,"D",0,"D",360,"D",0,"D",4,"D",0,"D",-5034,0,-4931.12,-5137.51,0,0,5661,5661,38158,38158,0,0,930.8,890.8,3069.2,3109.2,0,0,1861.92,2028.31,38158,38158,0,0,930.8,890.8,930.8,890.8,0,0,0,0,0,0,0,0,0,0,0
"03447271",2,"2015","2014",0,0.153,0.153,"1",0.15,0.15,"10","D",0,0,0,"D",0,"D",27000,"D",0,"D",0,"D",0,"D",0,"D",0,"D",0,"D",0,"D",0,"D",0,"D",0,"D",0,"D",2059,0,2073.75,2043.75,0,0,4131,4131,27000,27000,0,0,0,0,0,0,0,0,0,0,27000,27000,0,0,2073.75,2043.75,2073.75,2043.75,0,0,0,0,0,0,0,0,0,0,0
"03447291",1,"2015","2014",0,0.153,0.153,"1",0.15,0.15,"44","D",0,0,0,"D",0,"D",40000,"D",0,"D",0,"D",0,"D",0,"D",0,"D",9000,"D",0,"D",0,"D",0,"D",0,"D",0,"D",4009,0,4023.75,3993.75,0,0,6120,6120,40000,40000,0,0,0,0,0,0,0,0,0,0,40000,40000,0,0,4023.75,3993.75,4023.75,3993.75,0,0,0,0,0,0,0,0,0,0,0
"03447301",1,"2015","2014",2,0.153,0.153,"3",0.2106,0.2106,"10","D",0,0,0,"D",0,"D",20000,"D",0,"D",0,"D",0,"D",0,"D",0,"D",10800,"D",0,"D",0,"D",0,"D",1,"D",0,"D",-6081,0,-6003,-6158.39,0,0,3060,3060,20000,20000,0,0,0,0,1000,1000,0,0,5003,5158.39,20000,20000,0,0,0,0,0,0,0,0,0,0,0,0,0,0,0,0,0
"03447321",1,"2015","2014",2,0,0,"3",-0.4,-0.4,"33","D",-0.12,-0.12,0,"D",0,"D",0,"D",0,"D",3030,"D",0,"D",0,"D",0,"D",0,"D",8000,"D",2403,"D",0,"D",0,"D",212,"D",0,-275,0,0,-275,-275,0,0,3030,3030,3030.01,3030.01,0,0,0,0,0,0,0,0,3030,3030,0,0,0,0,0,0,10950,11100,0,0,75,75,0,0,0,0,0
"03447331",1,"2015","2014",2,0,0,"3",-0.4,-0.4,"33","D",-0.12,-0.12,0,"D",0,"D",0,"D",0,"D",100,"D",900,"D",0,"D",0,"D",0,"D",5000,"D",100,"D",0,"D",0,"D",13511,"D",0,-275,0,0,-275,-275,0,0,1000,1000,1000.01,1000.01,0,0,0,0,0,0,0,0,1000,1000,0,0,0,0,0,0,10950,11100,0,0,75,75,0,0,0,0,0
"03447344",1,"2015","2014",0,0.153,0.153,"1",0.1,0.1,"45","D",0.063,0.063,0,"D",0,"D",16694,"D",0,"D",0,"D",0,"D",0,"D",0,"D",7980,"D",0,"D",0,"D",0,"D",0,"D",0,"D",647,320,654.4,639.4,325.3,314.26,2554.18,2554.18,16694,16694,16694.01,16694.01,0,0,0,0,0,0,0,0,16694,16694,0,0,654.4,639.4,654.4,639.4,0,0,0,0,0,0,0,0,0,0,0
"03447344",2,"2015","2014",0,0.153,0.153,"1",0.25,0.25,"45","D",0.05,0.05,0,"D",0,"D",57298,"D",0,"D",0,"D",0,"D",0,"D",0,"D",0,"D",0,"D",0,"D",0,"D",0,"D",0,"D",7593,2865,7643.25,7543.25,2864.9,2864.9,8766.59,8766.59,57298,57298,57298.01,57298.01,0,0,0,0,0,0,0,0,57298,57298,0,0,7643.25,7543.25,7643.25,7543.25,0,0,0,0,0,0,0,0,0,0,0
"03447351",1,"2015","2014",2,0.153,0.153,"2",0.15,0.15,"0","T",0,0,0,"D",0,"D",73806,"D",25745,"D",0,"D",0,"D",0,"D",0,"D",7800,"D",0,"D",25,"D",0,"D",2,"D",1200,"D",7758,0,7795.15,7720.15,0,0,15231.3,15231.3,99551,99551,0,0,2000,2000,0,0,0,0,0,0,99551,99551,0,0,9795.15,9720.15,9795.15,9720.15,0,0,0,0,0,0,0,0,0,0,0
"03447371",1,"2015","2014",0,0.0694,0.0694,"2",0.35,0.35,"05","D",0.093,0.093,0,"D",0,"D",228786,"D",77718,"D",-17500,"D",0,"D",0,"D",0,"D",0,"D",4800,"D",2540,"D",0,"D",0,"D",2080,"D",62535,20770,62830.4,62240.4,20802.89,20736.18,33542.18,33728.18,289004,289004,289004.01,289004.01,0,0,0,0,0,0,0,0,286924,286924,4135.14,3931.62,58695.27,58308.78,58695.27,58308.78,7984,8088,9420,9420,0,0,0,0,0,0,0
"03447371",2,"2015","2014",1,0,0,"3",-0.34,-0.34,"05","D",0,0,0,"D",0,"D",0,"D",0,"D",0,"D",0,"D",0,"D",0,"D",0,"D",0,"D",0,"D",0,"D",0,"D",0,"D",0,0,0,0,0,0,0,0,0,0,0.01,0.01,0,0,0,0,0,0,0,0,0,0,0,0,0,0,0,0,7984,8088,0,0,0,0,0,0,0,0,0
"03447401",1,"2015","2014",0,0.153,0.153,"2",0.15,0.15,"05","D",0.04,0.04,0,"D",0,"D",22628,"D",7447,"D",28900,"D",0,"D",0,"D",0,"D",0,"D",6500,"D",30,"D",0,"D",0,"D",3600,"D",4864,841,4893.75,4833.75,847.93,834.37,4601.47,4601.47,58975,58975,58975.01,58975.01,0,0,0,0,0,0,0,0,58975,58975,0,0,4893.75,4833.75,4893.75,4833.75,7984,8088,10130,10130,0,0,0,0,0,0,0
"03447411",1,"2015","2014",0,0,0,"1",0.25,0.25,"0","T",0,0,1,"D",1,"D",0,"D",0,"D",38318,"D",12777,"D",20770,"D",0,"D",0,"D",3800,"D",0,"D",0,"D",0,"D",0,"D",10069,0,10118.63,10018.63,0,0,0,0,68749.5,68749.5,0,0,0,0,0,0,0,0,0,0,68749.5,68749.5,0,0,10118.63,10018.63,10118.63,10018.63,0,0,0,0,0,0,0,0,0,0,0
"03447421",1,"2015","2014",3,0,0,"3",-0.45,-0.45,"05","D",0,0,0,"D",0,"D",0,"D",0,"D",0,"D",0,"D",0,"D",0,"D",0,"D",0,"D",0,"D",0,"D",0,"D",0,"D",0,0,0,0,0,0,0,0,0,0,0.01,0.01,0,0,0,0,0,0,0,0,0,0,0,0,0,0,0,0,7984,8088,0,0,0,0,0,0,0,0,0
"03447431",1,"2015","2014",0,0.0342,0.0342,"2",0.28,0.28,"30","D",0,0,0,"D",0,"D",228786,"D",10000,"D",-4499,"D",0,"D",0,"D",0,"D",0,"D",7600,"D",135,"D",0,"D",0,"D",1200,"D",47024,0,47163.36,46883.86,0,0,22672.79,22858.79,234287,234287,0,0,0,0,0,0,0,0,0,0,234287,234287,0,0,47163.36,46883.86,47163.36,46883.86,0,0,0,0,0,0,0,0,0,0,0
"03447451",1,"2015","2014",0,0.153,0.153,"1",0.0765,0.0765,"05","D",0,0,0,"D",0,"D",8400,"D",0,"D",0,"D",0,"D",0,"D",0,"D",7840,"D",0,"D",20,"D",0,"D",0,"D",0,"D",-483,0,-473.81,-491.52,0,0,1285.2,1285.2,8400,8400,8400.01,8400.01,0,0,0,0,0,0,473.81,491.52,8400,8400,0,0,0,0,0,0,3992,4044,20,20,0,0,0,0,0,0,0
"03447481",1,"2015","2014",3,0.153,0.153,"3",0.3106,0.3106,"21","D",0.1012,0.1001,0,"D",0,"D",31200,"D",0,"D",-841,"D",0,"D",0,"D",0,"D",18600,"D",0,"D",0,"D",0,"D",2,"D",0,"D",-4882,-270,-4781.38,-4982.77,-240.27,-299.33,4773.6,4773.6,30359,30359,30359.01,30359.01,545.9,510.9,1454.1,1489.1,0,0,3327.28,3493.67,30359,30359,0,0,545.9,510.9,545.9,510.9,4000,4000,0,0,0,0,0,0,1903.9,2046.17,0
"03447481",2,"2015","2014",0,0,0,"1",-0.0765,-0.0765,"21","D",-0.0195,-0.0191,0,"D",0,"D",0,"D",0,"D",0,"D",0,"D",0,"D",0,"D",0,"D",0,"D",0,"D",0,"D",0,"D",0,"D",0,0,0,0,0,0,0,0,0,0,0.01,0.01,0,0,0,0,0,0,0,0,0,0,0,0,0,0,0,0,1500,1500,0,0,0,0,0,0,0,0,0
"03447491",1,"2015","2014",1,0.153,0.153,"3",0.15,0.15,"44","D",0,0,0,"D",0,"D",40000,"D",0,"D",0,"D",0,"D",0,"D",0,"D",0,"D",1200,"D",270,"D",0,"D",0,"D",760,"D",2779,0,2802.5,2755,0,0,6120,6120,40000,40000,0,0,0,0,0,0,0,0,0,0,40000,40000,0,0,2802.5,2755,2802.5,2755,0,0,0,0,0,0,0,0,0,0,0
"03447501",1,"2015","2014",0,0,0,"1",0,-0.0765,"36","D",0,0,1,"D",0,"D",0,"D",0,"D",737,"D",1069,"D",22428,"D",0,"D",9000,"D",410,"D",1200,"D",0,"D",0,"D",0,"D",0,0,0,0,0,0,0,0,1806,1806,1806.01,1806.01,0,0,0,0,0,0,0,0,1806,1806,0,0,0,0,0,0,0,0,0,0,0,0,0,0,0,0,0
"03447501",2,"2015","2014",1,0,0,"3",-0.34,-0.34,"36","D",0,0,0,"D",0,"D",0,"D",0,"D",0,"D",0,"D",0,"D",0,"D",0,"D",0,"D",0,"D",0,"D",0,"D",0,"D",0,0,0,0,0,0,0,0,0,0,0.01,0.01,0,0,0,0,0,0,0,0,0,0,0,0,0,0,0,0,0,0,0,0,0,0,0,0,0,0,0
"03447531",1,"2015","2014",1,0.153,0.153,"2",0.15,0.15,"01","D",0.0425,0.0425,0,"D",0,"D",25000,"D",27000,"D",0,"D",0,"D",0,"D",0,"D",6240,"D",0,"D",0,"D",0,"D",1,"D",0,"D",2221,2034,2255,2187.5,2032.25,2035.63,7956,7956,52000,52000,52000.01,52000.01,1000,1000,0,0,0,0,0,0,52000,52000,0,0,3255,3187.5,3255,3187.5,4000,4000,3978,3978,0,0,0,0,0,0,0
"03447551",1,"2015","2014",0,0.153,0.153,"1",0.1,0.1,"01","D",0.045,0.045,0,"D",0,"D",15000,"D",0,"D",0,"D",0,"D",0,"D",0,"D",7188,"D",0,"D",190,"D",0,"D",0,"D",0,"D",478,486,485,470,485.75,486.5,2295,2295,15000,15000,15000.01,15000.01,0,0,0,0,0,0,0,0,15000,15000,0,0,485,470,485,470,2500,2500,1337.5,1337.5,0,0,0,0,0,0,0
"03447571",1,"2015","2014",3,0.153,0.153,"2",0.15,0.15,"0","T",0,0,0,"D",0,"D",80700,"D",0,"D",-5473,"D",0,"D",0,"D",0,"D",0,"D",2500,"D",1235,"D",0,"D",3,"D",11804,"D",2057,0,2083.2,2030.7,0,0,12347.1,12347.1,75227,75227,0,0,3000,3000,0,0,0,0,0,0,63423,63423,0,0,5083.2,5030.7,5083.2,5030.7,0,0,0,0,0,0,0,0,0,0,0
"03447581",1,"2015","2014",0,0,0,"1",-0.0765,-0.0765,"0","T",0,0,0,"D",0,"D",0,"D",0,"D",0,"D",0,"D",17302,"D",0,"D",4320,"D",0,"D",0,"D",0,"D",0,"D",0,"D",0,0,0,0,0,0,0,0,0,0,0,0,0,0,0,0,0,0,0,0,0,0,0,0,0,0,0,0,0,0,0,0,0,0,0,0,0,0,0
"03447614",1,"2015","2014",0,0.153,0.153,"2",0.25,0.25,"34","D",0.0575,0.058,0,"D",0,"D",50000,"D",49077,"D",0,"D",0,"D",0,"D",0,"D",0,"D",3200,"D",400,"D",0,"D",0,"D",2712,"D",11307,4855,11406.75,11206.75,4876.47,4834.43,15158.78,15158.78,99077,99077,99077.01,99077.01,0,0,0,0,0,0,0,0,99077,99077,0,0,11406.75,11206.75,11406.75,11206.75,15000,15000,5912,5912,0,0,0,0,0,0,0
"03447641",1,"2015","2014",2,0.153,0.153,"2",0.3226,0.3226,"34","D",0.0575,0.058,0,"D",0,"D",2500,"D",36000,"D",1217,"D",0,"D",0,"D",0,"D",16800,"D",0,"D",0,"D",2400,"D",2,"D",0,"D",-3491,1177,-3385.85,-3595.99,1183.59,1171.23,5890.5,5890.5,39717,39717,39717.01,39717.01,608.3,568.3,1391.7,1431.7,543.4,543.4,1994.16,2164.29,39717,39717,0,0,1151.7,1111.7,1151.7,1111.7,15000,15000,0,0,0,0,0,0,0,0,0
"03447651",1,"2015","2014",0,0,0,"1",-0.0765,-0.0765,"19","D",-0.0027,-0.0027,0,"D",0,"D",0,"D",0,"D",0,"D",0,"D",5500,"D",0,"D",0,"D",70,"D",0,"D",0,"D",0,"D",0,"D",0,0,0,0,0,0,0,0,0,0,0.01,0.01,0,0,0,0,0,0,0,0,0,0,0,0,0,0,0,0,0,0,0,0,0,0,0,0,0,0,0
"03447671",1,"2015","2014",0,0.153,0.153,"1",0.15,0.15,"18","D",0.058,0.058,0,"D",0,"D",21000,"D",0,"D",0,"D",0,"D",0,"D",0,"D",0,"D",0,"D",60,"D",0,"D",0,"D",1752,"D",1159,884,1173.75,1143.75,884.8,882.48,3213,3213,21000,21000,21000.01,21000.01,0,0,0,0,0,0,0,0,21000,21000,0,0,1173.75,1143.75,1173.75,1143.75,2400,2440,1812,1812,0,0,0,0,0,0,0
"03447731",1,"2015","2014",0,0.153,0.153,"2",0.1365,0.1365,"38","D",0.09,0.09,0,"D",0,"D",79000,"D",23000,"D",-1200,"D",0,"D",0,"D",0,"D",0,"D",3500,"D",183,"D",0,"D",0,"D",12880,"D",9605,6154,9618.18,9591.63,6165.83,6142.83,15606,15606,100800,100800,100800.01,100800.01,0,0,0,0,0,0,0,0,87920,87920,0,0,9618.18,9591.63,9618.18,9591.63,4231.2,4289.91,16563,16563,0,0,0,0,0,0,0
"03447783",1,"2015","2014",0,0.153,0.153,"1",0.1,0.1,"01","D",0.045,0.045,0,"D",0,"D",19200,"D",0,"D",0,"D",0,"D",0,"D",0,"D",8388,"D",0,"D",160,"D",0,"D",0,"D",72,"D",898,675,905,890,674.75,675.5,2937.6,2937.6,19200,19200,19200.01,19200.01,0,0,0,0,0,0,0,0,19200,19200,0,0,905,890,905,890,2500,2500,1700.8,1700.8,0,0,0,0,0,0,0
"03447783",2,"2015","2014",0,0.153,0.153,"1",0.15,0.15,"01","D",0.0387,0.0387,0,"D",0,"D",31000,"D",0,"D",0,"D",0,"D",0,"D",0,"D",0,"D",0,"D",0,"D",0,"D",0,"D",0,"D",2659,1183,2673.75,2643.75,1182.74,1184.24,4743,4743,31000,31000,31000.01,31000.01,0,0,0,0,0,0,0,0,31000,31000,0,0,2673.75,2643.75,2673.75,2643.75,2000,2000,2371.5,2371.5,0,0,0,0,0,0,0
"03447783",3,"2015","2014",0,0.153,0.153,"1",0.15,0.15,"01","D",0.0387,0.0387,0,"D",0,"D",31200,"D",0,"D",0,"D",0,"D",0,"D",0,"D",0,"D",0,"D",0,"D",0,"D",0,"D",0,"D",2689,1191,2703.75,2673.75,1190.47,1191.97,4773.6,4773.6,31200,31200,31200.01,31200.01,0,0,0,0,0,0,0,0,31200,31200,0,0,2703.75,2673.75,2703.75,2673.75,2000,2000,2386.8,2386.8,0,0,0,0,0,0,0
"03447791",1,"2015","2014",0,0.153,0.153,"2",0.15,0.15,"10","D",0,0,0,"D",0,"D",28000,"D",60000,"D",0,"D",0,"D",0,"D",0,"D",0,"D",4500,"D",40,"D",0,"D",0,"D",5772,"D",9218,0,9247.5,9187.5,0,0,13464,13464,88000,88000,0,0,0,0,0,0,0,0,0,0,88000,88000,0,0,9247.5,9187.5,9247.5,9187.5,0,0,0,0,0,0,0,0,0,0,0
"03447791",2,"2015","2014",1,0,0,"3",-0.34,-0.34,"10","D",0,0,0,"D",0,"D",0,"D",0,"D",0,"D",0,"D",0,"D",0,"D",0,"D",0,"D",0,"D",0,"D",0,"D",0,"D",0,0,0,0,0,0,0,0,0,0,0,0,0,0,0,0,0,0,0,0,0,0,0,0,0,0,0,0,0,0,0,0,0,0,0,0,0,0,0
"03447801",1,"2015","2014",0,0.153,0.153,"1",0.15,0.15,"26","D",0.051,0.051,0,"D",0,"D",30000,"D",0,"D",-1200,"D",0,"D",0,"D",0,"D",1720,"D",0,"D",540,"D",0,"D",0,"D",0,"D",2329,862,2343.75,2313.75,864.38,860.18,4590,4590,28800,28800,28800.01,28800.01,0,0,0,0,0,0,0,0,28800,28800,0,0,2343.75,2313.75,2343.75,2313.75,6200,6300,0,0,0,0,0,0,0,0,0
"03447831",1,"2015","2014",1,0.153,0.153,"3",0,0,"05","D",0,0,0,"D",0,"D",16334,"D",0,"D",0,"D",0,"D",0,"D",0,"D",9600,"D",0,"D",0,"D",0,"D",0,"D",0,"D",-3332,0,-3305,-3359,0,0,2499.1,2499.1,16334,16334,16334.01,16334.01,0,0,0,0,0,0,3305,3359,16334,16334,0,0,0,0,0,0,7984,8088,0,0,0,0,0,0,0,0,0
"03447841",1,"2015","2014",0,0,0,"1",-0.0765,-0.0765,"07","D",-0.021,-0.021,0,"D",0,"D",0,"D",0,"D",0,"D",0,"D",0,"D",0,"D",0,"D",5000,"D",0,"D",0,"D",0,"D",3520,"D",0,0,0,0,0,0,0,0,0,0,0.01,0.01,0,0,0,0,0,0,0,0,0,0,0,0,0,0,0,0,0,0,0,0,0,0,0,0,0,0,0
"03447851",1,"2015","2014",0,0.153,0.153,"1",0.15,0.15,"48","D",0,0,0,"D",0,"D",40000,"D",0,"D",5050,"D",0,"D",0,"D",0,"D",21760,"D",0,"D",0,"D",0,"D",0,"D",120,"D",4766,0,4781.25,4751.25,0,0,6120,6120,45050,45050,0,0,0,0,0,0,0,0,0,0,45050,45050,0,0,4781.25,4751.25,4781.25,4751.25,0,0,0,0,0,0,0,0,0,0,0
"03447851",2,"2015","2014",0,0.153,0.153,"1",0.15,0.15,"48","D",0,0,0,"D",0,"D",35474,"D",0,"D",0,"D",0,"D",0,"D",0,"D",0,"D",0,"D",0,"D",0,"D",0,"D",0,"D",3330,0,3344.85,3314.85,0,0,5427.52,5427.52,35474,35474,0,0,0,0,0,0,0,0,0,0,35474,35474,0,0,3344.85,3314.85,3344.85,3314.85,0,0,0,0,0,0,0,0,0,0,0
"03447871",1,"2015","2014",1,0,0,"3",-0.34,-0.34,"23","D",0.0006,0.0006,0,"D",0,"D",0,"D",0,"D",0,"D",6480,"D",21742,"D",0,"D",7944,"D",0,"D",220,"D",0,"D",0,"D",0,"D",0,-361,0,0,-360.6,-360.6,0,0,6480,6480,6480.01,6480.01,0,0,0,0,0,0,0,0,6480,6480,0,0,0,0,0,0,0,0,0,0,360.6,360.6,0,0,0,0,0
"03447892",1,"2015","2014",0,0.153,0.153,"1",0.0765,0.0765,"33","D",0.063,0.0629,0,"D",0,"D",9000,"D",0,"D",0,"D",0,"D",0,"D",0,"D",22800,"D",0,"D",0,"D",0,"D",0,"D",0,"D",-437,-85,-427.91,-445.62,-80.37,-89.69,1377,1377,9000,9000,9000.01,9000.01,0,0,0,0,0,0,427.91,445.62,9000,9000,0,0,0,0,0,0,7800,7900,0,0,0,0,0,0,80.37,89.69,0
"03447892",2,"2015","2014",0,0.153,0.153,"1",0.1,0.1,"33","D",0.0454,0.0454,0,"D",0,"D",18000,"D",0,"D",0,"D",0,"D",0,"D",0,"D",0,"D",0,"D",0,"D",0,"D",0,"D",0,"D",778,369,785,770,371.73,366.25,2754,2754,18000,18000,18000.01,18000.01,0,0,0,0,0,0,0,0,18000,18000,0,0,785,770,785,770,7800,7900,0,0,0,0,0,0,0,0,0
"03447911",1,"2015","2014",1,0.153,0.153,"2",0.15,0.15,"07","D",0.085,0.085,0,"D",0,"D",8000,"D",40000,"D",0,"D",0,"D",0,"D",0,"D",0,"D",3000,"D",900,"D",0,"D",0,"D",5232,"D",2621,380,2655,2587.5,380,380,7344,7344,48000,48000,48000.01,48000.01,0,0,0,0,0,0,0,0,48000,48000,0,0,2655,2587.5,2655,2587.5,0,0,0,0,0,0,0,0,0,0,0
"03447941",1,"2015","2014",0,0.029,0.029,"1",0.2548,0.2548,"38","D",0.09,0.09,0,"D",0,"D",132000,"D",0,"D",-5500,"D",0,"D",0,"D",0,"D",0,"D",0,"D",0,"D",0,"D",0,"D",3000,"D",23705,10306,23762.25,23647.39,10312.5,10299.5,18336,18522,126500,126500,126500.01,126500.01,0,0,0,0,0,0,0,0,123500,123500,0,0,23762.25,23647.39,23762.25,23647.39,2115.6,2144.96,3000,3000,0,0,0,0,0,0,0
"03447991",1,"2015","2014",2,0,0,"3",0.15,0.15,"10","D",0,0,0,"D",0,"D",0,"D",0,"D",67951,"D",1500,"D",0,"D",0,"D",0,"D",890,"D",0,"D",0,"D",0,"D",3960,"D",6600,0,6627.65,6572.65,0,0,0,0,69451,69451,0,0,0,0,0,0,0,0,0,0,69451,69451,0,0,6627.65,6572.65,6627.65,6572.65,0,0,0,0,0,0,0,0,0,0,0
"03448001",1,"2015","2014",1,0.153,0.153,"2",0.15,0.15,"0","T",0,0,0,"D",0,"D",56523,"D",0,"D",0,"D",0,"D",0,"D",0,"D",0,"D",1300,"D",1924,"D",0,"D",1,"D",0,"D",2900,0,2933.45,2865.95,0,0,8648.02,8648.02,56523,56523,0,0,1000,1000,0,0,0,0,0,0,56523,56523,0,0,3933.45,3865.95,3933.45,3865.95,0,0,0,0,0,0,0,0,0,0,0
"03448011",1,"2015","2014",0,0,0,"1",-0.0765,-0.0765,"07","D",-0.021,-0.021,0,"D",0,"D",0,"D",0,"D",0,"D",0,"D",0,"D",0,"D",2004,"D",0,"D",0,"D",0,"D",0,"D",15,"D",0,0,0,0,0,0,0,0,0,0,0.01,0.01,0,0,0,0,0,0,0,0,0,0,0,0,0,0,0,0,0,0,0,0,0,0,0,0,0,0,0
"03448041",1,"2015","2014",0,0.153,0.153,"2",0.2356,0.2355,"34","D",0.0575,0.058,0,"D",0,"D",96715,"D",68457,"D",0,"D",0,"D",0,"D",0,"D",0,"D",11000,"D",0,"D",0,"D",0,"D",5556,"D",24671,8583,24736.57,24605.15,8619.73,8545.42,25271.32,25271.32,165172,165172,165172.01,165172.01,0,0,0,0,0,0,0,0,159616,159616,0,0,24736.57,24605.15,24736.57,24605.15,15000,15000,16556,16556,0,0,0,0,0,0,0
"03448061",1,"2015","2014",0,0.153,0.153,"2",0.15,0.15,"36","D",0.0297,0.0317,0,"D",0,"D",54604,"D",0,"D",-10921,"D",0,"D",0,"D",0,"D",11520,"D",0,"D",0,"D",0,"D",0,"D",180,"D",2570,901,2599.95,2539.95,930.46,871.8,8354.41,8354.41,43683,43683,43683.01,43683.01,0,0,0,0,0,0,0,0,43683,43683,0,0,2599.95,2539.95,2599.95,2539.95,0,0,0,0,0,0,0,0,0,0,0
"03448091",1,"2015","2014",1,0.153,0.153,"2",0.285,0.285,"11","D",0.06,0.06,0,"D",0,"D",50000,"D",75000,"D",0,"D",0,"D",0,"D",0,"D",0,"D",3000,"D",0,"D",0,"D",1,"D",8352,"D",15347,5935,15428.28,15265.78,5934.88,5934.88,19125,19125,125000,125000,125000.01,125000.01,250,250,0,0,0,0,0,0,116648,116648,0,0,15678.28,15515.78,15678.28,15515.78,3000,3000,11352,11352,0,0,0,0,0,0,0
"03448101",1,"2015","2014",3,0.153,0.153,"2",0.2106,0.2106,"44","D",0,0,0,"D",0,"D",0,"D",27483,"D",0,"D",0,"D",0,"D",0,"D",0,"D",1200,"D",0,"D",0,"D",2,"D",4656,"D",-7344,0,-7253.64,-7434.77,0,0,4204.9,4204.9,27483,27483,0,0,0,0,2000,2000,0,0,5253.64,5434.77,27483,27483,0,0,0,0,0,0,0,0,0,0,0,0,0,0,0,0,0
"03448112",1,"2015","2014",2,0,0,"3",-0.4,-0.4,"05","D",0,0,0,"D",0,"D",0,"D",0,"D",2593,"D",0,"D",0,"D",0,"D",0,"D",900,"D",0,"D",0,"D",0,"D",0,"D",0,0,0,0,0,0,0,0,2593,2593,2593.01,2593.01,0,0,0,0,0,0,0,0,2593,2593,0,0,0,0,0,0,7984,8088,900,900,0,0,0,0,0,0,0
"03448141",1,"2015","2014",0,0.029,0.029,"2",0.2376,0.2376,"37","D",0.0499,0.0499,0,"D",0,"D",0,"D",140000,"D",0,"D",0,"D",0,"D",0,"D",0,"D",1200,"D",590,"D",0,"D",0,"D",7460,"D",20840,6050,20914.68,20764.54,6049.71,6049.68,18568,18754,140000,140000,140000.01,140000.01,0,0,0,0,0,0,0,0,132540,132540,0,0,20914.68,20764.54,20914.68,20764.54,12400,12600,15291.3,15291.85,0,0,0,0,0,0,0
"03448141",2,"2015","2014",0,0.153,0.153,"1",0.15,0.15,"37","D",0.0525,0.0525,0,"D",0,"D",32661,"D",0,"D",0,"D",0,"D",0,"D",0,"D",0,"D",0,"D",0,"D",0,"D",0,"D",0,"D",2908,1124,2922.9,2892.9,1126.45,1121.2,4997.13,4997.13,32661,32661,32661.01,32661.01,0,0,0,0,0,0,0,0,32661,32661,0,0,2922.9,2892.9,2922.9,2892.9,6200,6300,0,0,0,0,0,0,0,0,0
"03448141",3,"2015","2014",0,0.153,0.153,"1",0.15,0.15,"37","D",0.0525,0.0525,0,"D",0,"D",23771,"D",0,"D",0,"D",0,"D",0,"D",0,"D",0,"D",0,"D",0,"D",0,"D",0,"D",0,"D",1574,657,1589.4,1559.4,659.73,654.48,3636.96,3636.96,23771,23771,23771.01,23771.01,0,0,0,0,0,0,0,0,23771,23771,0,0,1589.4,1559.4,1589.4,1559.4,6200,6300,0,0,0,0,0,0,0,0,0
"03448154",1,"2015","2014",3,0.153,0.153,"2",0.0606,0.0606,"31","D",0.0807,0.0596,0,"D",0,"D",0,"D",18720,"D",8450,"D",0,"D",0,"D",0,"D",12500,"D",0,"D",0,"D",0,"D",3,"D",0,"D",-2693,52,-2577.55,-2808.69,97.81,6.52,2864.16,2864.16,27170,27170,27170.01,27170.01,0,0,2358,2358,0,0,219.55,450.69,27170,27170,0,0,0,0,0,0,0,0,0,0,0,0,0,0,43.91,135.21,0
"03448161",1,"2015","2014",0,0.153,0.153,"1",0.25,0.25,"33","D",0.0665,0.0665,0,"D",0,"D",95000,"D",0,"D",0,"D",0,"D",0,"D",0,"D",15000,"D",0,"D",0,"D",0,"D",0,"D",0,"D",17019,5305,17068.75,16968.75,5314.29,5296.2,14535,14535,95000,95000,95000.01,95000.01,0,0,0,0,0,0,0,0,95000,95000,0,0,17068.75,16968.75,17068.75,16968.75,7800,7900,0,0,0,0,0,0,0,0,0
"03448161",2,"2015","2014",0,0.153,0.153,"1",0.1,0.1,"33","D",0.0404,0.0404,0,"D",0,"D",15000,"D",0,"D",0,"D",0,"D",0,"D",0,"D",0,"D",0,"D",0,"D",0,"D",0,"D",0,"D",478,239,485,470,241.08,237.08,2295,2295,15000,15000,15000.01,15000.01,0,0,0,0,0,0,0,0,15000,15000,0,0,485,470,485,470,7800,7900,0,0,0,0,0,0,0,0,0
"03448161",3,"2015","2014",1,0,0,"3",-0.34,-0.34,"33","D",-0.102,-0.102,0,"D",0,"D",0,"D",0,"D",0,"D",0,"D",0,"D",0,"D",0,"D",0,"D",0,"D",0,"D",0,"D",0,"D",0,-100,0,0,-100,-100,0,0,0,0,0.01,0.01,0,0,0,0,0,0,0,0,0,0,0,0,0,0,0,0,10950,11100,0,0,0,0,0,0,0,0,0
"03448171",1,"2015","2014",0,0,0,"1",-0.0765,-0.0765,"05","D",0,0,0,"D",0,"D",0,"D",0,"D",0,"D",0,"D",15142,"D",0,"D",5040,"D",0,"D",0,"D",0,"D",0,"D",0,"D",0,0,0,0,0,0,0,0,0,0,0.01,0.01,0,0,0,0,0,0,0,0,0,0,0,0,0,0,0,0,3992,4044,0,0,0,0,0,0,0,0,0
"03448181",1,"2015","2014",0,0.153,0.153,"2",0,0,"05","D",0,0,0,"D",0,"D",11855,"D",0,"D",0,"D",0,"D",0,"D",0,"D",9000,"D",0,"D",0,"D",0,"D",0,"D",0,"D",-500,0,-496,-503,0,0,1813.81,1813.81,11855,11855,11855.01,11855.01,0,0,0,0,0,0,496,503,11855,11855,0,0,0,0,0,0,7984,8088,0,0,0,0,0,0,0,0,0
"03448191",1,"2015","2014",0,0.153,0.153,"2",0.15,0.15,"22","D",0.0495,0.05,1,"D",1,"D",12711,"D",38299,"D",0,"D",0,"D",0,"D",0,"D",0,"D",1400,"D",42,"D",0,"D",0,"D",0,"D",3485,2048,3519,3451.5,2057.39,2037.61,7804.53,7804.53,51010,51010,51010.01,51010.01,0,0,0,0,0,0,0,0,51010,51010,0,0,3519,3451.5,3519,3451.5,0,0,0,0,0,0,0,0,0,0,0
"03448191",2,"2015","2014",0,0.153,0.153,"1",0.15,0.15,"22","D",0.0476,0.048,1,"D",1,"D",23444,"D",0,"D",0,"D",0,"D",0,"D",0,"D",0,"D",0,"D",0,"D",0,"D",0,"D",0,"D",1293,856,1307.85,1277.85,860.63,852.35,3586.93,3586.93,23444,23444,23444.01,23444.01,0,0,0,0,0,0,0,0,23444,23444,0,0,1307.85,1277.85,1307.85,1277.85,0,0,0,0,0,0,0,0,0,0,0
"03448201",1,"2015","2014",1,0.153,0.153,"2",0,0,"44","D",0,0,0,"D",0,"D",20000,"D",0,"D",0,"D",0,"D",0,"D",0,"D",0,"D",2000,"D",2000,"D",0,"D",0,"D",1600,"D",-3332,0,-3305,-3359,0,0,3060,3060,20000,20000,0,0,0,0,0,0,0,0,3305,3359,20000,20000,0,0,0,0,0,0,0,0,0,0,0,0,0,0,0,0,0
"03448221",1,"2015","2014",0,0.153,0.153,"1",0.1,0.1,"01","D",0.045,0.045,0,"D",0,"D",19000,"D",0,"D",0,"D",0,"D",0,"D",0,"D",0,"D",0,"D",0,"D",0,"D",0,"D",0,"D",878,666,885,870,665.75,666.5,2907,2907,19000,19000,19000.01,19000.01,0,0,0,0,0,0,0,0,19000,19000,0,0,885,870,885,870,2500,2500,1453.5,1453.5,0,0,0,0,0,0,0
"03448241",1,"2015","2014",1,0.029,0.029,"2",0.258,0.325,"24","D",0.0785,0.0785,0,"D",0,"D",241175,"D",0,"D",-6500,"D",0,"D",0,"D",0,"D",0,"D",3700,"D",1050,"D",0,"D",1,"D",7404,"D",42113,14728,42344.58,41880.56,14752.91,14702.93,21502.07,21688.07,234675,234675,234675.01,234675.01,0,0,0,0,0,0,0,0,227271,227271,240.51,0,42104.07,41880.56,42104.07,41880.56,0,0,26906.91,26856.93,0,0,0,0,0,0,0
"03448261",1,"2015","2014",2,0.153,0.153,"2",0.3,0.3,"44","D",0,0,0,"D",0,"D",50000,"D",57344,"D",8000,"D",0,"D",0,"D",0,"D",22044,"D",0,"D",180,"D",0,"D",2,"D",0,"D",11653,0,11765.7,11540.7,0,0,16423.63,16423.63,115344,115344,0,0,1732.8,1732.8,0,0,0,0,0,0,115344,115344,0,0,13498.5,13273.5,13498.5,13273.5,0,0,0,0,0,0,0,0,0,0,0
"03448291",1,"2015","2014",2,0.153,0.153,"3",0.15,0.15,"39","D",0.0307,0.0307,0,"D",0,"D",40000,"D",0,"D",0,"D",7000,"D",0,"D",0,"D",0,"D",3400,"D",345,"D",0,"D",0,"D",0,"D",3233,1443,3260,3205,1442.9,1442.9,6120,6120,47000,47000,47000.01,47000.01,0,0,0,0,0,0,0,0,47000,47000,0,0,3260,3205,3260,3205,0,0,0,0,0,0,0,0,0,0,0
"03448301",1,"2015","2014",1,0,0,"3",-0.34,-0.34,"29","D",0,0,1,"D",1,"D",0,"D",0,"D",540,"D",2450,"D",0,"D",0,"D",0,"D",1200,"D",0,"D",0,"D",0,"D",2400,"D",0,0,0,0,0,0,0,0,2990,2990,0,0,0,0,0,0,0,0,0,0,2990,2990,0,0,0,0,0,0,0,0,0,0,0,0,0,0,0,0,0
"03448311",1,"2015","2014",2,0,0,"3",-0.4,-0.4,"14","D",-0.04,-0.04,0,"D",0,"D",0,"D",0,"D",0,"D",0,"D",0,"D",0,"D",6600,"D",2900,"D",0,"D",0,"D",0,"D",892,"D",0,0,0,0,0,0,0,0,0,0,0.01,0.01,0,0,0,0,0,0,0,0,0,0,0,0,0,0,0,0,0,0,0,0,0,0,0,0,0,0,0
"03448341",1,"2015","2014",1,0.153,0.153,"3",0.3098,0.3098,"12","D",0.0672,0.0672,0,"D",0,"D",38000,"D",0,"D",0,"D",400,"D",0,"D",0,"D",0,"D",1800,"D",520,"D",0,"D",0,"D",200,"D",2468,1667,2544.59,2391.95,1667.36,1667.36,5814,5814,38400,38400,38400.01,38400.01,0,0,0,0,0,0,17.91,123.05,38400,38400,0,0,2562.5,2515,2562.5,2515,3212,3212,4181.95,4181.95,0,0,0,0,0,0,0
"03448351",1,"2015","2014",1,0.029,0.029,"2",0.28,0.28,"0","T",0,0,0,"D",0,"D",228786,"D",0,"D",-5500,"D",0,"D",0,"D",0,"D",0,"D",4400,"D",1100,"D",0,"D",1,"D",13588,"D",40986,0,41104.44,40866.94,0,0,21142.79,21328.79,223286,223286,0,0,0,0,0,0,0,0,0,0,209698,209698,0,0,41104.44,40866.94,41104.44,40866.94,0,0,0,0,0,0,0,0,0,0,0
"03448371",1,"2015","2014",1,0.153,0.153,"2",0.15,0.15,"34","D",0.0575,0.058,0,"D",0,"D",56621,"D",0,"D",850,"D",0,"D",0,"D",0,"D",10800,"D",0,"D",140,"D",0,"D",1,"D",3600,"D",3042,2353,3075.65,3008.15,2363.32,2342.08,8663.01,8663.01,57471,57471,57471.01,57471.01,1000,1000,0,0,0,0,0,0,57471,57471,0,0,4075.65,4008.15,4075.65,4008.15,15000,15000,3600,3600,0,0,0,0,0,0,0
"03448381",1,"2015","2014",3,0.153,0.153,"3",-0.45,-0.45,"05","D",0,0,0,"D",0,"D",850,"D",0,"D",957,"D",0,"D",0,"D",0,"D",9000,"D",0,"D",140,"D",0,"D",3,"D",400,"D",-383,0,-382.5,-382.5,0,0,130.05,130.05,1807,1807,1807.01,1807.01,0,0,0,0,0,0,382.5,382.5,1807,1807,0,0,0,0,0,0,7984,8088,540,540,0,0,0,0,0,0,0
"03448401",1,"2015","2014",3,0.153,0.153,"2",0.1484,0.1484,"43","D",0,0,0,"D",0,"D",34000,"D",33000,"D",0,"D",0,"D",0,"D",0,"D",0,"D",20474,"D",0,"D",0,"D",1,"D",5232,"D",1099,0,1124.93,1072.43,0,0,10251,10251,67000,67000,0,0,1000,1000,0,0,0,0,0,0,61768,61768,0,0,2124.93,2072.43,2124.93,2072.43,0,0,0,0,0,0,0,0,0,0,0
"03448421",1,"2015","2014",2,0.153,0.153,"2",0.15,0.15,"01","D",0.0387,0.0387,0,"D",0,"D",55000,"D",30000,"D",0,"D",0,"D",0,"D",0,"D",0,"D",400,"D",0,"D",0,"D",2,"D",7564,"D",5575,2968,5612.5,5537.5,2966.05,2969.8,13005,13005,85000,85000,85000.01,85000.01,2000,2000,0,0,0,0,0,0,85000,85000,0,0,7612.5,7537.5,7612.5,7537.5,4000,4000,14466.5,14466.5,0,0,0,0,0,0,0
"03448461",1,"2015","2014",3,0.153,0.153,"2",0.3,0.3,"10","D",0,0,0,"D",0,"D",100000,"D",40000,"D",0,"D",0,"D",0,"D",0,"D",43356,"D",0,"D",0,"D",0,"D",3,"D",0,"D",17056,0,17175,16937.5,0,0,21420,21420,140000,140000,0,0,1500,1500,0,0,0,0,0,0,140000,140000,0,0,18675,18437.5,18675,18437.5,0,0,0,0,0,0,0,0,0,0,0
"03448471",1,"2015","2014",0,0,0,"1",0,0,"10","D",0,0,1,"D",1,"D",0,"D",0,"D",0,"D",0,"D",13462,"D",0,"D",0,"D",590,"D",0,"D",0,"D",0,"D",10888,"D",0,0,0,0,0,0,0,0,0,0,0,0,0,0,0,0,0,0,0,0,0,0,0,0,0,0,0,0,0,0,0,0,0,0,0,0,0,0,0
"03448481",1,"2015","2014",0,0,0,"1",0,0,"01","D",0,0,1,"D",1,"D",0,"D",0,"D",0,"D",355,"D",17062,"D",0,"D",0,"D",0,"D",60,"D",0,"D",0,"D",3600,"D",0,0,0,0,0,0,0,0,355,355,355.01,355.01,0,0,0,0,0,0,0,0,355,355,0,0,0,0,0,0,2500,2500,3660,3660,0,0,0,0,0,0,0
"03448491",1,"2015","2014",3,0.029,0.029,"2",0.2786,0.2786,"48","D",0,0,0,"D",0,"D",228786,"D",0,"D",-18000,"D",0,"D",0,"D",0,"D",0,"D",3600,"D",436,"D",0,"D",3,"D",13188,"D",35219,0,35351.74,35086.24,0,0,21142.79,21328.79,210786,210786,0,0,0,0,0,0,0,0,0,0,197598,197598,0,0,35351.74,35086.24,35351.74,35086.24,0,0,0,0,0,0,0,0,0,0,0
"03448511",1,"2015","2014",0,0,0,"1",-0.0765,-0.0765,"36","D",0,0,0,"D",0,"D",0,"D",0,"D",0,"D",0,"D",15156,"D",0,"D",0,"D",800,"D",45,"D",0,"D",0,"D",2324,"D",0,0,0,0,0,0,0,0,0,0,0.01,0.01,0,0,0,0,0,0,0,0,0,0,0,0,0,0,0,0,0,0,0,0,0,0,0,0,0,0,0
"03448551",1,"2015","2014",0,0.153,0.153,"2",0.0765,0.0765,"50","D",0.0703,0.0703,0,"D",0,"D",17220,"D",0,"D",0,"D",0,"D",0,"D",40,"D",7240,"D",0,"D",250,"D",0,"D",0,"D",0,"D",-226,-509,-214.48,-237.54,-508.91,-508.91,2634.66,2634.66,17220,17220,17220.01,17220.01,0,0,0,0,0,0,214.48,237.54,17220,17220,0,0,0,0,0,0,18158,18464.09,0,0,508.91,508.91,0,0,0,0,0
"03448561",1,"2015","2014",1,0.153,0.153,"3",0.2587,0.2587,"07","D",0.0439,0.0439,0,"D",0,"D",28000,"D",0,"D",0,"D",0,"D",0,"D",0,"D",0,"D",8000,"D",2800,"D",0,"D",0,"D",3035,"D",-1162,-476,-1104.07,-1219.21,-461.95,-490.87,4284,4284,28000,28000,28000.01,28000.01,0,0,0,0,0,0,1679.83,1784.97,24965,24965,0,0,575.76,565.76,575.76,565.76,0,0,0,0,0,0,0,0,461.95,490.87,0
"03448611",1,"2015","2014",0,0.153,0.153,"1",0.15,0.15,"06","D",0.0463,0.0463,0,"D",0,"D",20800,"D",0,"D",0,"D",0,"D",0,"D",0,"D",16800,"D",0,"D",0,"D",0,"D",0,"D",0,"D",1129,483,1143.75,1113.75,493.1,473.15,3182.4,3182.4,20800,20800,0,0,0,0,0,0,0,0,0,0,20800,20800,0,0,1143.75,1113.75,1143.75,1113.75,0,0,0,0,0,0,0,0,0,0,0
"03448611",2,"2015","2014",0,0.153,0.153,"1",0.15,0.15,"06","D",0.0463,0.0463,0,"D",0,"D",31910,"D",0,"D",0,"D",0,"D",0,"D",0,"D",0,"D",0,"D",0,"D",0,"D",0,"D",0,"D",2795,998,2810.25,2780.25,1007.49,987.54,4882.23,4882.23,31910,31910,0,0,0,0,0,0,0,0,0,0,31910,31910,0,0,2810.25,2780.25,2810.25,2780.25,0,0,0,0,0,0,0,0,0,0,0
"03448611",3,"2015","2014",0,0.153,0.153,"1",0.15,0.15,"06","D",0.0463,0.0463,0,"D",0,"D",22267,"D",0,"D",0,"D",0,"D",0,"D",0,"D",0,"D",0,"D",0,"D",0,"D",0,"D",0,"D",1349,551,1363.8,1333.8,561.02,541.07,3406.85,3406.85,22267,22267,0,0,0,0,0,0,0,0,0,0,22267,22267,0,0,1363.8,1333.8,1363.8,1333.8,0,0,0,0,0,0,0,0,0,0,0
"03448621",1,"2015","2014",2,0.153,0.153,"2",0.15,0.15,"39","D",0.0307,0.0307,0,"D",0,"D",45000,"D",7157,"D",-828,"D",0,"D",0,"D",0,"D",0,"D",1500,"D",0,"D",0,"D",2,"D",5536,"D",524,1576,561.85,486.85,1575.8,1575.8,7980.02,7980.02,51329,51329,51329.01,51329.01,2000,2000,0,0,0,0,0,0,51329,51329,0,0,2561.85,2486.85,2561.85,2486.85,0,0,0,0,0,0,0,0,0,0,0
"03448641",1,"2015","2014",2,0,0,"3",-0.4,-0.4,"10","D",0,0,0,"D",0,"D",0,"D",0,"D",0,"D",3294,"D",0,"D",0,"D",0,"D",700,"D",329,"D",0,"D",0,"D",1865,"D",0,0,0,0,0,0,0,0,3294,3294,0,0,0,0,0,0,0,0,0,0,3294,3294,0,0,0,0,0,0,0,0,0,0,0,0,0,0,0,0,0
"03448661",1,"2015","2014",0,0.153,0.153,"2",0.1,0.1,"0","T",0,0,0,"D",0,"D",18200,"D",16640,"D",0,"D",0,"D",0,"D",0,"D",0,"D",160,"D",0,"D",0,"D",0,"D",364,"D",1439,0,1454,1424,0,0,5330.52,5330.52,34840,34840,0,0,0,0,0,0,0,0,0,0,34840,34840,0,0,1454,1424,1454,1424,0,0,0,0,0,0,0,0,0,0,0
"03448661",2,"2015","2014",0,0.153,0.153,"1",0.1765,0.1765,"0","T",0,0,0,"D",0,"D",10400,"D",0,"D",0,"D",0,"D",0,"D",0,"D",0,"D",0,"D",0,"D",0,"D",0,"D",0,"D",-312,0,-295.81,-328.52,0,0,1591.2,1591.2,10400,10400,0,0,0,0,0,0,0,0,320.81,338.52,10400,10400,0,0,25,10,25,10,0,0,0,0,0,0,0,0,0,0,0
"03448701",1,"2015","2014",4,0.153,0.153,"2",0.1405,0.1405,"45","D",0.063,0.063,0,"D",0,"D",107128,"D",0,"D",0,"D",0,"D",0,"D",0,"D",0,"D",1400,"D",60,"D",0,"D",3,"D",19232,"D",4861,4078,4889.74,4832.61,4087.7,4068.62,16390.58,16390.58,107128,107128,107128.01,107128.01,3000,3000,0,0,0,0,0,0,87896,87896,0,0,7889.74,7832.61,7889.74,7832.61,0,0,0,0,0,0,0,0,0,0,0
"03448711",1,"2015","2014",0,0.153,0.153,"2",0.1414,0.1413,"34","D",0.0575,0.058,0,"D",0,"D",45066,"D",24269,"D",-9013,"D",0,"D",0,"D",0,"D",0,"D",1300,"D",0,"D",0,"D",0,"D",12556,"D",4470,2617,4483.1,4456.5,2628.68,2606.02,10608.25,10608.25,60322,60322,60322.01,60322.01,0,0,0,0,0,0,0,0,47766,47766,0,0,4483.1,4456.5,4483.1,4456.5,15000,15000,13856,13856,0,0,0,0,0,0,0
"03448721",1,"2015","2014",0,0.153,0.153,"2",0.15,0.15,"0","T",0,0,1,"D",0,"D",33352,"D",16707,"D",347,"D",0,"D",1348,"D",0,"D",0,"D",800,"D",500,"D",0,"D",0,"D",0,"D",3657,0,3780.27,3532.77,0,0,7659.03,7659.03,51551.8,51551.8,0,0,0,0,0,0,0,0,0,0,51551.8,51551.8,0,0,3780.27,3532.77,3780.27,3532.77,0,0,0,0,0,0,0,0,0,0,0
"03448731",1,"2015","2014",3,0.153,0.153,"2",0.1891,0.1891,"38","D",0.073,0.073,0,"D",0,"D",47000,"D",70000,"D",-5400,"D",0,"D",0,"D",0,"D",0,"D",3100,"D",3414,"D",5400,"D",3,"D",13316,"D",4911,6389,4935.96,4886.24,6398.06,6379.54,17901,17901,111600,111600,111600.01,111600.01,2920,2920,0,0,1080,1080,0,0,98284,98284,0,0,8935.96,8886.24,8935.96,8886.24,4231.2,4289.91,19830,19830,0,0,0,0,0,0,0
"03448741",1,"2015","2014",0,0.153,0.153,"2",0.15,0.25,"05","D",0.08,0.08,0,"D",0,"D",32748,"D",62000,"D",-140,"D",0,"D",0,"D",0,"D",0,"D",2200,"D",5,"D",0,"D",0,"D",4540,"D",10234,3025,10289.5,10178.7,3054.13,2996.28,14496.44,14496.44,94608,94608,94608.01,94608.01,0,0,0,0,0,0,0,0,94608,94608,0,0,10289.5,10178.7,10289.5,10178.7,7984,8088,6745,6745,0,0,0,0,0,0,0
"03448752",1,"2015","2014",0,0.153,0.153,"1",-0.0765,-0.0765,"28","D",-0.0077,-0.0077,0,"D",0,"D",6437,"D",0,"D",0,"D",0,"D",0,"D",0,"D",4500,"D",0,"D",0,"D",0,"D",0,"D",0,"D",-492,-49,-492.43,-492.43,-49.24,-49.24,984.86,984.86,6437,6437,6437.01,6437.01,0,0,0,0,0,0,492.43,492.43,6437,6437,0,0,0,0,0,0,6200,6300,0,0,0,0,0,0,49.24,49.24,0
"03448771",1,"2015","2014",4,0.153,0.153,"2",0.3196,0.3196,"03","D",0.0259,0.0259,0,"D",0,"D",7200,"D",34600,"D",0,"D",0,"D",0,"D",0,"D",0,"D",630,"D",0,"D",1800,"D",4,"D",3688,"D",-6173,420,-6057.28,-6288.41,421.7,417.46,6395.4,6395.4,41800,41800,41800.01,41800.01,181.2,131.2,3818.8,3868.8,388.8,388.8,2238.48,2419.61,41800,41800,0,0,570,520,570,520,10018,10182,4971.41,4971.41,0,0,0,0,0,0,0
"03448801",1,"2015","2014",0,0,0,"1",0,0,"10","D",0,0,1,"D",1,"D",0,"D",0,"D",0,"D",0,"D",9598,"D",0,"D",6900,"D",0,"D",0,"D",0,"D",0,"D",0,"D",0,0,0,0,0,0,0,0,0,0,0,0,0,0,0,0,0,0,0,0,0,0,0,0,0,0,0,0,0,0,0,0,0,0,0,0,0,0,0
"03448811",1,"2015","2014",0,0.153,0.153,"1",0.1765,0.1765,"24","D",0.0846,0.0846,0,"D",0,"D",14517,"D",0,"D",0,"D",0,"D",0,"D",0,"D",2364,"D",0,"D",0,"D",0,"D",0,"D",84,"D",414,45,430.84,398.13,50.83,38.19,2221.1,2221.1,14517,14517,14517.01,14517.01,0,0,0,0,0,0,5.86,23.57,14517,14517,0,0,436.7,421.7,436.7,421.7,6200,6300,0,0,181.19,181.19,0,0,1.62,6.23,0
"03448831",1,"2015","2014",1,0,0,"3",-0.34,-0.34,"21","D",-0.0867,-0.085,1,"D",1,"D",0,"D",0,"D",1000,"D",3500,"D",24351,"D",0,"D",0,"D",3500,"D",100,"D",0,"D",0,"D",780,"D",0,0,0,0,0,0,0,0,4500,4500,1000.01,1000.01,0,0,0,0,0,0,0,0,4500,4500,0,0,0,0,0,0,3000,3000,0,0,0,0,0,0,0,0,0
"03448901",1,"2015","2014",0,0.153,0.153,"2",0.25,0.25,"44","D",0,0,0,"D",0,"D",36588,"D",81095,"D",-2747,"D",0,"D",0,"D",0,"D",0,"D",6600,"D",0,"D",0,"D",0,"D",1800,"D",15272,0,15371.5,15171.5,0,0,18005.5,18005.5,114936,114936,0,0,0,0,0,0,0,0,0,0,114936,114936,0,0,15371.5,15171.5,15371.5,15171.5,0,0,0,0,0,0,0,0,0,0,0
"03448911",1,"2015","2014",1,0.038,0.038,"3",0.35,0.35,"0","T",0,0,0,"D",0,"D",260175,"D",0,"D",0,"D",0,"D",0,"D",0,"D",8700,"D",0,"D",0,"D",0,"D",1,"D",0,"D",64209,0,64416.25,64001.25,0,0,22594.65,22780.65,260175,260175,0,0,0,0,0,0,0,0,0,0,260175,260175,3912.5,3894,60503.75,60107.25,60503.75,60107.25,0,0,0,0,0,0,0,0,0,0,0
"03448911",2,"2015","2014",0,0.153,0.153,"1",0.15,0.15,"0","T",0,0,0,"D",0,"D",23004,"D",0,"D",0,"D",0,"D",0,"D",0,"D",0,"D",0,"D",0,"D",0,"D",0,"D",0,"D",1459,0,1474.35,1444.35,0,0,3519.61,3519.61,23004,23004,0,0,0,0,0,0,0,0,0,0,23004,23004,0,0,1474.35,1444.35,1474.35,1444.35,0,0,0,0,0,0,0,0,0,0,0
"03448921",1,"2015","2014",2,0.153,0.153,"2",0.15,0.15,"33","D",0.0645,0.0645,0,"D",0,"D",70752,"D",0,"D",-2398,"D",0,"D",0,"D",0,"D",24000,"D",0,"D",248,"D",0,"D",0,"D",4000,"D",5078,2398,5115.6,5040.6,2412.63,2384.2,10825.06,10825.06,68354,68354,68354.01,68354.01,0,0,0,0,0,0,0,0,68354,68354,0,0,5115.6,5040.6,5115.6,5040.6,15650,15850,0,0,0,0,0,0,0,0,0
"03448921",2,"2015","2014",0,0.153,0.153,"1",0.1,0.1,"33","D",0.0404,0.0404,0,"D",0,"D",15600,"D",0,"D",0,"D",0,"D",0,"D",0,"D",0,"D",0,"D",0,"D",0,"D",0,"D",0,"D",538,263,545,530,265.31,261.31,2386.8,2386.8,15600,15600,15600.01,15600.01,0,0,0,0,0,0,0,0,15600,15600,0,0,545,530,545,530,7800,7900,0,0,0,0,0,0,0,0,0
"03448931",1,"2015","2014",2,0.153,0.153,"2",0.25,0.25,"05","D",0.093,0.093,0,"D",0,"D",45000,"D",100000,"D",0,"D",0,"D",0,"D",0,"D",26400,"D",0,"D",200,"D",0,"D",0,"D",600,"D",20800,6836,20912.5,20687.5,6878.07,6793.69,22185,22185,145000,145000,145000.01,145000.01,0,0,0,0,0,0,0,0,145000,145000,0,0,20912.5,20687.5,20912.5,20687.5,7984,8088,800,800,0,0,0,0,0,0,0
"03448971",1,"2015","2014",0,0.153,0.153,"1",0.2267,0.2267,"05","D",0.093,0.093,0,"D",0,"D",90000,"D",0,"D",-2500,"D",0,"D",0,"D",0,"D",0,"D",6000,"D",675,"D",0,"D",0,"D",0,"D",13812,4901,13845.62,13778.96,4917.52,4884.16,13770,13770,87500,87500,87500.01,87500.01,0,0,0,0,0,0,0,0,87500,87500,0,0,13845.62,13778.96,13845.62,13778.96,3992,4044,6675,6675,0,0,0,0,0,0,0
"03449011",1,"2015","2014",0,0.153,0.153,"2",0.2267,0.2268,"05","D",0.093,0.093,0,"D",0,"D",90000,"D",35000,"D",0,"D",0,"D",0,"D",0,"D",0,"D",2700,"D",115,"D",0,"D",0,"D",5896,"D",17339,5583,17405.64,17272.31,5616.46,5549.75,19125,19125,125000,125000,125000.01,125000.01,0,0,0,0,0,0,0,0,119104,119104,0,0,17405.64,17272.31,17405.64,17272.31,7984,8088,8711,8711,0,0,0,0,0,0,0
"03449011",2,"2015","2014",0,0.153,0.153,"1",0.1765,0.1765,"05","D",0,0,0,"D",0,"D",12000,"D",0,"D",0,"D",0,"D",0,"D",0,"D",0,"D",0,"D",0,"D",0,"D",0,"D",0,"D",-30,0,-13.41,-46.12,0,0,1836,1836,12000,12000,12000.01,12000.01,0,0,0,0,0,0,198.41,216.12,12000,12000,0,0,185,170,185,170,3992,4044,0,0,0,0,0,0,0,0,0
"03449041",1,"2015","2014",0,0.153,0.153,"2",0.185,0.2775,"36","D",0.0255,0.0267,2,"D",2,"D",0,"D",14000,"D",0,"D",18300,"D",31045,"D",0,"D",0,"D",3200,"D",27,"D",0,"D",0,"D",10500,"D",1882,209,1919.87,1844.91,224.3,194.64,2142,2142,41549.13,41549.13,32300.01,32300.01,0,0,0,0,0,0,0,0,41549.13,41549.13,0,0,1919.87,1844.91,1919.87,1844.91,0,0,0,0,0,0,0,0,0,0,0
"03449081",1,"2015","2014",0,0,0,"1",-0.0765,-0.0765,"39","D",0,0,0,"D",0,"D",0,"D",0,"D",0,"D",0,"D",14530,"D",0,"D",9000,"D",0,"D",0,"D",0,"D",0,"D",1200,"D",0,0,0,0,0,0,0,0,0,0,0.01,0.01,0,0,0,0,0,0,0,0,0,0,0,0,0,0,0,0,0,0,0,0,0,0,0,0,0,0,0
"03449091",1,"2015","2014",5,0.153,0.153,"3",-0.15,-0.15,"37","D",0,0,0,"D",0,"D",17000,"D",0,"D",0,"D",0,"D",0,"D",0,"D",0,"D",0,"D",0,"D",0,"D",5,"D",400,"D",-8293,-550,-8243,-8342,-547.15,-552.1,2601,2601,17000,17000,17000.01,17000.01,0,0,2100,2100,0,0,6143,6242,17000,17000,0,0,0,0,0,0,9100,9250,0,0,0,0,105,105,307.15,312.1,0
"03449103",1,"2015","2014",0,0.153,0.153,"1",0.2275,0.2275,"38","D",0.09,0.09,0,"D",0,"D",90000,"D",0,"D",100,"D",0,"D",0,"D",0,"D",0,"D",2200,"D",90,"D",0,"D",0,"D",0,"D",15058,6901,15093.9,15022.9,6909.4,6893.4,13770,13770,90100,90100,90100.01,90100.01,0,0,0,0,0,0,0,0,90100,90100,0,0,15093.9,15022.9,15093.9,15022.9,2115.6,2144.96,2290,2290,0,0,0,0,0,0,0
"03449121",1,"2015","2014",2,0.153,0.153,"2",0.15,0.15,"0","T",0,0,0,"D",0,"D",74000,"D",10202,"D",0,"D",0,"D",0,"D",0,"D",0,"D",1400,"D",200,"D",0,"D",2,"D",8920,"D",5455,0,5492.8,5417.8,0,0,12882.91,12882.91,84202,84202,0,0,2000,2000,0,0,0,0,0,0,84202,84202,0,0,7492.8,7417.8,7492.8,7417.8,0,0,0,0,0,0,0,0,0,0,0
"03449131",1,"2015","2014",0,0,0,"1",0,0,"45","D",0,0,1,"D",1,"D",0,"D",0,"D",0,"D",0,"D",19462,"D",0,"D",0,"D",2200,"D",80,"D",0,"D",0,"D",1072,"D",0,0,0,0,0,0,0,0,0,0,0.01,0.01,0,0,0,0,0,0,0,0,0,0,0,0,0,0,0,0,0,0,0,0,0,0,0,0,0,0,0
"03449141",1,"2015","2014",2,0.153,0.153,"3",-0.55,-0.55,"50","D",-0.044,-0.044,0,"D",0,"D",8000,"D",0,"D",0,"D",0,"D",0,"D",0,"D",9300,"D",0,"D",458,"D",0,"D",2,"D",0,"D",-3950,-1512,-3950,-3950,-1512,-1512,1224,1224,8000,8000,8000.01,8000.01,0,0,750,750,0,0,3200,3200,8000,8000,0,0,0,0,0,0,13020,13239.48,0,0,1160,1160,0,0,352,352,0
"03449211",1,"2015","2014",1,0.153,0.153,"3",0.2598,0.2598,"33","D",0.0879,0.0879,0,"D",0,"D",20000,"D",0,"D",0,"D",0,"D",0,"D",0,"D",18276,"D",0,"D",0,"D",0,"D",0,"D",0,"D",-2723,-684,-2658.23,-2788.37,-665.47,-703.01,3060,3060,20000,20000,20000.01,20000.01,0,0,0,0,0,0,2958.23,3063.37,20000,20000,0,0,300,275,300,275,10950,11100,0,0,0,0,0,0,812.47,844.01,0
"03449211",2,"2015","2014",0,0.153,0.153,"1",0,0,"33","D",0.04,0.04,0,"D",0,"D",8000,"D",0,"D",0,"D",0,"D",0,"D",0,"D",0,"D",0,"D",0,"D",0,"D",0,"D",0,"D",-500,-144,-496,-503,-140.8,-146.9,1224,1224,8000,8000,8000.01,8000.01,0,0,0,0,0,0,496,503,8000,8000,0,0,0,0,0,0,7800,7900,0,0,0,0,0,0,140.8,146.9,0
"03449211",3,"2015","2014",0,0.153,0.153,"1",0.15,0.15,"33","D",0.0535,0.0535,0,"D",0,"D",21000,"D",0,"D",0,"D",0,"D",0,"D",0,"D",0,"D",0,"D",0,"D",0,"D",0,"D",0,"D",1159,518,1173.75,1143.75,521.91,513.66,3213,3213,21000,21000,21000.01,21000.01,0,0,0,0,0,0,0,0,21000,21000,0,0,1173.75,1143.75,1173.75,1143.75,7800,7900,0,0,0,0,0,0,0,0,0
"03449231",1,"2015","2014",0,0.153,0.153,"2",0.1403,0.1403,"33","D",0.0645,0.0645,0,"D",0,"D",81000,"D",0,"D",0,"D",0,"D",0,"D",0,"D",0,"D",16180,"D",84,"D",0,"D",0,"D",19068,"D",4401,2280,4414.53,4386.86,2287.81,2272.28,12393,12393,81000,81000,81000.01,81000.01,0,0,0,0,0,0,0,0,61932,61932,0,0,4414.53,4386.86,4414.53,4386.86,15650,15850,35332,35332,0,0,0,0,0,0,0
"03449251",1,"2015","2014",0,0,0,"1",0,0,"14","D",0,0,1,"D",1,"D",0,"D",0,"D",0,"D",0,"D",16416,"D",0,"D",0,"D",4500,"D",654,"D",0,"D",0,"D",6860,"D",0,0,0,0,0,0,0,0,0,0,0.01,0.01,0,0,0,0,0,0,0,0,0,0,0,0,0,0,0,0,0,0,0,0,0,0,0,0,0,0,0
"03449291",1,"2015","2014",0,0.153,0.153,"2",0.15,0.15,"50","D",0.0691,0.0691,0,"D",0,"D",48000,"D",12000,"D",116,"D",0,"D",0,"D",0,"D",0,"D",3200,"D",0,"D",0,"D",0,"D",400,"D",5035,1963,5064.9,5004.9,1978.47,1948.26,9180,9180,60116,60116,60116.01,60116.01,0,0,0,0,0,0,0,0,60116,60116,0,0,5064.9,5004.9,5064.9,5004.9,10373.28,10748.54,400,400,0,0,0,0,0,0,0
"03449291",2,"2015","2014",0,0.153,0.153,"1",0.15,0.15,"50","D",0.0702,0.0702,0,"D",0,"D",36371,"D",0,"D",0,"D",0,"D",0,"D",0,"D",0,"D",0,"D",0,"D",0,"D",0,"D",0,"D",3464,1464,3479.4,3449.4,1473.04,1455.51,5564.76,5564.76,36371,36371,36371.01,36371.01,0,0,0,0,0,0,0,0,36371,36371,0,0,3479.4,3449.4,3479.4,3449.4,7479.48,7679.13,0,0,0,0,0,0,0,0,0
"03449311",1,"2015","2014",3,0.153,0.153,"2",0.2356,0.2355,"34","D",0.0575,0.058,0,"D",0,"D",98591,"D",107737,"D",-5000,"D",0,"D",0,"D",0,"D",0,"D",4200,"D",1964,"D",0,"D",3,"D",32380,"D",24759,10472,24841.74,24676.91,10517.02,10426.36,31568.18,31568.18,201328,201328,201328.01,201328.01,0,0,0,0,0,0,0,0,168948,168948,0,0,24841.74,24676.91,24841.74,24676.91,15000,15000,20000,20000,0,0,0,0,0,0,0
"03449321",1,"2015","2014",2,0.153,0.153,"2",0.1431,0.1428,"17","D",0.046,0.048,0,"D",0,"D",0,"D",106000,"D",-17639,"D",0,"D",0,"D",0,"D",0,"D",2000,"D",863,"D",0,"D",1,"D",18072,"D",5305,3392,5330.48,5279.83,3372.83,3410.5,16218,16218,88361,88361,106000.01,106000.01,1000,1000,0,0,0,0,0,0,70289,70289,0,0,6330.48,6279.83,6330.48,6279.83,7500,7500,13607.75,10467.5,0,0,0,0,0,0,0
"03449331",1,"2015","2014",3,0.029,0.029,"2",0.325,0.325,"23","D",0.0425,0.0425,0,"D",0,"D",0,"D",228786,"D",9,"D",0,"D",0,"D",0,"D",0,"D",10000,"D",4270,"D",0,"D",3,"D",16616,"D",37193,8874,37439.68,36945.68,8873.79,8873.79,21142.79,21328.79,228795,228795,228795.01,228795.01,0,0,0,0,0,0,0,0,212179,212179,2792.82,2564.32,34646.86,34381.36,34646.86,34381.36,0,0,0,0,0,0,0,0,0,0,0
"03449341",1,"2015","2014",0,0.153,0.153,"1",0.225,0.225,"22","D",0.0476,0.048,1,"D",1,"D",24400,"D",0,"D",4,"D",0,"D",18262,"D",0,"D",8400,"D",0,"D",20,"D",0,"D",0,"D",1228,"D",2077,747,2091.98,2061.98,750.74,743.53,3733.2,3733.2,28671.5,28671.5,24404.01,24404.01,0,0,0,0,0,0,0,0,28671.5,28671.5,0,0,2091.98,2061.98,2091.98,2061.98,0,0,0,0,0,0,0,0,0,0,0
"03449341",2,"2015","2014",0,0.153,0.153,"1",0.15,0.15,"22","D",0.0476,0.048,0,"D",0,"D",22110,"D",0,"D",0,"D",0,"D",0,"D",0,"D",0,"D",0,"D",0,"D",0,"D",0,"D",0,"D",1325,829,1340.25,1310.25,832.97,824.96,3382.83,3382.83,22110,22110,22110.01,22110.01,0,0,0,0,0,0,0,0,22110,22110,0,0,1340.25,1310.25,1340.25,1310.25,0,0,0,0,0,0,0,0,0,0,0
"03449351",1,"2015","2014",0,0,0,"1",0,0,"14","D",0,0,1,"D",1,"D",0,"D",0,"D",0,"D",0,"D",12044,"D",0,"D",0,"D",0,"D",0,"D",0,"D",0,"D",240,"D",0,0,0,0,0,0,0,0,0,0,0.01,0.01,0,0,0,0,0,0,0,0,0,0,0,0,0,0,0,0,0,0,0,0,0,0,0,0,0,0,0
"03449361",1,"2015","2014",0,0.153,0.153,"1",0.25,0.25,"02","D",0,0,0,"D",0,"D",50000,"D",0,"D",0,"D",0,"D",0,"D",0,"D",12756,"D",0,"D",0,"D",0,"D",0,"D",0,"D",5769,0,5818.75,5718.75,0,0,7650,7650,50000,50000,0,0,0,0,0,0,0,0,0,0,50000,50000,0,0,5818.75,5718.75,5818.75,5718.75,0,0,0,0,0,0,0,0,0,0,0
"03449371",1,"2015","2014",2,0,0,"3",-0.4,-0.4,"36","D",0,0,0,"D",0,"D",0,"D",0,"D",0,"D",0,"D",0,"D",0,"D",9000,"D",0,"D",0,"D",0,"D",0,"D",4055,"D",0,0,0,0,0,0,0,0,0,0,0.01,0.01,0,0,0,0,0,0,0,0,0,0,0,0,0,0,0,0,0,0,0,0,0,0,0,0,0,0,0
"03449401",1,"2015","2014",1,0.153,0.153,"2",0.141,0.141,"05","D",0.06,0.06,0,"D",0,"D",98102,"D",0,"D",0,"D",0,"D",0,"D",0,"D",0,"D",16180,"D",2317,"D",0,"D",0,"D",600,"D",8828,2125,8844.51,8811.91,2141.58,2108.96,15009.61,15009.61,98102,98102,98102.01,98102.01,0,0,0,0,0,0,0,0,97502,97502,0,0,8844.51,8811.91,8844.51,8811.91,7984,8088,19097,19097,0,0,0,0,0,0,0
"03449441",1,"2015","2014",3,0.153,0.153,"2",0.2106,0.2106,"0","T",0,0,0,"D",0,"D",22000,"D",1827,"D",0,"D",0,"D",0,"D",0,"D",0,"D",0,"D",500,"D",0,"D",3,"D",0,"D",-9114,0,-9023.59,-9204.72,0,0,3645.53,3645.53,23827,23827,0,0,0,0,3000,3000,0,0,6023.59,6204.72,23827,23827,0,0,0,0,0,0,0,0,0,0,0,0,0,0,0,0,0
"03449451",1,"2015","2014",1,0.153,0.153,"2",0.1454,0.1454,"39","D",0.0307,0.0307,0,"D",0,"D",41384,"D",40176,"D",0,"D",0,"D",0,"D",0,"D",0,"D",3000,"D",600,"D",0,"D",1,"D",7536,"D",6484,2504,6503.02,6465.52,2503.89,2503.89,12478.68,12478.68,81560,81560,81560.01,81560.01,1000,1000,0,0,0,0,0,0,74024,74024,0,0,7503.02,7465.52,7503.02,7465.52,0,0,0,0,0,0,0,0,0,0,0
"03449491",1,"2015","2014",3,0.153,0.153,"2",0.15,0.15,"05","D",0,0,0,"D",0,"D",0,"D",56000,"D",0,"D",0,"D",0,"D",0,"D",0,"D",1900,"D",75,"D",0,"D",3,"D",7536,"D",-371,0,-330,-412.5,0,0,8568,8568,56000,56000,56000.01,56000.01,2670,2587.5,330,412.5,0,0,0,0,56000,56000,0,0,2670,2587.5,2670,2587.5,7984,8088,9511,9511,0,0,0,0,0,0,0
"03449501",1,"2015","2014",0,0.153,0.153,"2",0.2775,0.2775,"45","D",0.1628,0.1628,2,"D",2,"D",0,"D",31000,"D",0,"D",0,"D",37462,"D",0,"D",0,"D",1220,"D",120,"D",0,"D",0,"D",3600,"D",1931,374,1968.2,1893.2,387.84,359.75,4743,4743,41871.35,41871.35,41871.37,41871.37,0,0,0,0,0,0,0,0,41871.35,41871.35,0,0,1968.2,1893.2,1968.2,1893.2,0,0,0,0,0,0,0,0,0,0,0
"03449521",1,"2015","2014",3,0.153,0.153,"2",0.2894,0.2894,"23","D",0.0425,0.0425,0,"D",0,"D",41893,"D",104913,"D",400,"D",330,"D",0,"D",0,"D",0,"D",4230,"D",2468,"D",2520,"D",3,"D",13048,"D",15646,5420,15740.23,15552.73,5420.28,5420.28,22461.32,22461.32,147536,147536,147536.01,147536.01,1123.2,1123.2,0,0,504,504,0,0,134488,134488,0,0,17367.43,17179.93,17367.43,17179.93,0,0,0,0,0,0,0,0,0,0,0
"03449531",1,"2015","2014",0,0,0,"1",0,0,"01","D",0,0,1,"D",1,"D",0,"D",0,"D",0,"D",0,"D",11758,"D",0,"D",2592,"D",0,"D",0,"D",0,"D",0,"D",0,"D",0,0,0,0,0,0,0,0,0,0,0.01,0.01,0,0,0,0,0,0,0,0,0,0,0,0,0,0,0,0,2500,2500,0,0,0,0,0,0,0,0,0
"03449541",1,"2015","2014",1,0.153,0.153,"2",0.3,0.3,"34","D",0.0575,0.058,0,"D",0,"D",74000,"D",36600,"D",0,"D",0,"D",0,"D",0,"D",0,"D",950,"D",0,"D",0,"D",1,"D",1184,"D",12224,5521,12330,12117.5,5544.8,5497,16921.8,16921.8,110600,110600,110600.01,110600.01,970,970,0,0,0,0,0,0,110600,110600,0,0,13300,13087.5,13300,13087.5,15000,15000,2134,2134,0,0,0,0,0,0,0
"03449561",1,"2015","2014",0,0.153,0.153,"1",-0.0765,-0.0765,"11","D",0,0,0,"D",0,"D",2381,"D",0,"D",0,"D",0,"D",0,"D",0,"D",10800,"D",0,"D",0,"D",0,"D",0,"D",320,"D",-182,0,-182.15,-182.15,0,0,364.29,364.29,2381,2381,2381.01,2381.01,0,0,0,0,0,0,182.15,182.15,2381,2381,0,0,0,0,0,0,2300,2300,0,0,0,0,0,0,0,0,0
"03449591",1,"2015","2014",0,0.153,0.153,"1",-0.0765,0,"19","D",0.0173,0.02,0,"D",0,"D",6491,"D",0,"D",0,"D",0,"D",0,"D",0,"D",9000,"D",0,"D",0,"D",0,"D",0,"D",0,"D",-496,22,-496,-496.56,22.46,22.44,993.12,993.12,6491,6491,6491.01,6491.01,0,0,0,0,0,0,496,496.56,6491,6491,0,0,0,0,0,0,0,0,0,0,0,0,0,0,17.36,17.38,0
"03449591",3,"2015","2014",0,0.153,0.153,"1",0.1765,0.1765,"19","D",0.0207,0.0207,0,"D",0,"D",10510,"D",0,"D",0,"D",0,"D",0,"D",0,"D",0,"D",0,"D",0,"D",0,"D",0,"D",0,"D",-293,108,-276.4,-309.11,108.55,108.23,1608.03,1608.03,10510,10510,10510.01,10510.01,0,0,0,0,0,0,312.4,330.11,10510,10510,0,0,36,21,36,21,0,0,0,0,0,0,0,0,10.93,11.55,0
"03449611",1,"2015","2014",0,0,0,"1",0,0,"39","D",0,0,1,"D",1,"D",0,"D",0,"D",0,"D",0,"D",1710,"D",0,"D",3204,"D",0,"D",0,"D",0,"D",0,"D",0,"D",0,0,0,0,0,0,0,0,0,0,0.01,0.01,0,0,0,0,0,0,0,0,0,0,0,0,0,0,0,0,0,0,0,0,0,0,0,0,0,0,0
"03449621",1,"2015","2014",0,0.153,0.153,"1",-0.0765,-0.0765,"0","T",0,0,0,"D",0,"D",3000,"D",0,"D",120,"D",0,"D",15622,"D",0,"D",0,"D",5000,"D",100,"D",0,"D",0,"D",5136,"D",-230,0,-229.5,-229.5,0,0,459,459,3120,3120,0,0,0,0,0,0,0,0,229.5,229.5,3120,3120,0,0,0,0,0,0,0,0,0,0,0,0,0,0,0,0,0
"03449634",1,"2015","2014",1,0.153,0.153,"3",0.2335,0.2335,"08","D",0.066,0.066,0,"D",0,"D",90000,"D",0,"D",-750,"D",0,"D",0,"D",0,"D",0,"D",2300,"D",70,"D",0,"D",0,"D",9676,"D",10716,3859,10773.76,10658.76,3858.96,3858.96,13770,13770,89250,89250,89250.01,89250.01,0,0,0,0,0,0,0,0,79574,79574,0,0,10773.76,10658.76,10773.76,10658.76,3250,3250,12046,12046,0,0,0,0,0,0,0
"03449651",1,"2015","2014",4,0.153,0.153,"2",0.3106,0.3106,"44","D",0,0,0,"D",0,"D",17163,"D",21746,"D",0,"D",0,"D",0,"D",0,"D",8088,"D",0,"D",120,"D",0,"D",3,"D",0,"D",-5682,0,-5566.42,-5797.55,0,0,5953.08,5953.08,38909,38909,0,0,280.9,230.9,2719.1,2769.1,0,0,2847.32,3028.45,38909,38909,0,0,280.9,230.9,280.9,230.9,0,0,0,0,0,0,0,0,0,0,0
"03449661",1,"2015","2014",3,0.153,0.153,"3",0.0606,0.0606,"0","T",0,0,0,"D",0,"D",21000,"D",0,"D",4800,"D",0,"D",0,"D",0,"D",7836,"D",0,"D",0,"D",0,"D",3,"D",0,"D",-5823,0,-5714.52,-5930.91,0,0,3213,3213,25800,25800,0,0,90,55,2700,2700,0,0,3014.52,3230.91,25800,25800,0,0,90,55,90,55,0,0,0,0,0,0,0,0,0,0,0
"03449671",1,"2015","2014",3,0.153,0.153,"3",-0.6,-0.6,"19","D",-0.0158,0.0242,0,"D",0,"D",13000,"D",0,"D",0,"D",0,"D",0,"D",0,"D",6000,"D",0,"D",0,"D",0,"D",2,"D",0,"D",-7350,-190,-7350,-7350,-174.75,-204.75,1989,1989,13000,13000,13000.01,13000.01,0,0,1500,1500,0,0,5850,5850,13000,13000,0,0,0,0,0,0,0,0,0,0,0,0,0,0,204.75,204.75,0
"03449721",1,"2015","2014",0,0,0,"1",0,0,"50","D",0.0703,0.0703,1,"D",1,"D",0,"D",0,"D",0,"D",4636,"D",15840,"D",0,"D",0,"D",1700,"D",85,"D",0,"D",0,"D",2112,"D",0,-283,0,0,-282.82,-282.82,0,0,4636,4636,4636.01,4636.01,0,0,0,0,0,0,0,0,4636,4636,0,0,0,0,0,0,10080,10249.92,2112,2112,282.82,282.82,0,0,0,0,0
"03449734",1,"2015","2014",0,0.153,0.153,"1",0.1765,0.1765,"10","D",0,0,0,"D",0,"D",12944,"D",0,"D",0,"D",0,"D",0,"D",0,"D",10692,"D",0,"D",0,"D",0,"D",0,"D",0,"D",137,0,153.2,120.49,0,0,1980.43,1980.43,12944,12944,0,0,0,0,0,0,0,0,126.2,143.91,12944,12944,0,0,279.4,264.4,279.4,264.4,0,0,0,0,0,0,0,0,0,0,0
"03449741",1,"2015","2014",0,0.153,0.153,"1",0.1487,0.1487,"28","D",0.0351,0.0351,0,"D",0,"D",28000,"D",0,"D",-7180,"D",0,"D",0,"D",0,"D",0,"D",3800,"D",695,"D",0,"D",0,"D",1800,"D",1066,349,1073.13,1058.13,350.33,347.82,4284,4284,20820,20820,20820.01,20820.01,0,0,0,0,0,0,0,0,19020,19020,0,0,1073.13,1058.13,1073.13,1058.13,0,0,6295,6295,0,0,0,0,0,0,0
"03449741",2,"2015","2014",0,0.153,0.153,"1",0.1,0.1,"28","D",0.0351,0.0351,0,"D",0,"D",18000,"D",0,"D",0,"D",0,"D",0,"D",0,"D",0,"D",0,"D",0,"D",0,"D",0,"D",0,"D",778,252,785,770,254.68,248.67,2754,2754,18000,18000,18000.01,18000.01,0,0,0,0,0,0,0,0,18000,18000,0,0,785,770,785,770,6200,6300,0,0,0,0,0,0,0,0,0
"03449771",1,"2015","2014",0,0.0641,0.0641,"2",0.35,0.35,"05","D",0.093,0.093,0,"D",0,"D",228786,"D",60939,"D",0,"D",0,"D",0,"D",0,"D",0,"D",2600,"D",10,"D",0,"D",0,"D",4800,"D",61836,20965,62130.75,61540.75,21003.5,20927.11,30823.99,31009.99,289725,289725,289725.01,289725.01,0,0,0,0,0,0,0,0,284925,284925,2600.45,2393.75,59530.3,59147,59530.3,59147,7984,8088,7410,7410,0,0,0,0,0,0,0
"03449781",1,"2015","2014",0,0.153,0.153,"1",0.15,0.15,"39","D",0.0307,0.0307,0,"D",0,"D",23000,"D",0,"D",0,"D",0,"D",0,"D",0,"D",11880,"D",0,"D",0,"D",0,"D",0,"D",0,"D",1459,706,1473.75,1443.75,706.1,706.1,3519,3519,23000,23000,23000.01,23000.01,0,0,0,0,0,0,0,0,23000,23000,0,0,1473.75,1443.75,1473.75,1443.75,0,0,0,0,0,0,0,0,0,0,0
"03449791",1,"2015","2014",0,0.153,0.153,"2",0.2305,0.2306,"33","D",0.078,0.0777,0,"D",0,"D",94000,"D",70000,"D",-25000,"D",0,"D",0,"D",0,"D",0,"D",4500,"D",7532,"D",0,"D",0,"D",7532,"D",17649,7491,17719.11,17578.5,7509.58,7472,25092,25092,139000,139000,139000.01,139000.01,0,0,0,0,0,0,0,0,131468,131468,0,0,17719.11,17578.5,17719.11,17578.5,15650,15850,19564,19564,0,0,0,0,0,0,0
"03449801",1,"2015","2014",2,0.153,0.153,"2",0.15,0.15,"23","D",0.0425,0.0425,0,"D",0,"D",77087,"D",24086,"D",20,"D",0,"D",0,"D",0,"D",0,"D",1800,"D",3418,"D",0,"D",2,"D",3000,"D",8004,3621,8041.45,7966.45,3620.7,3620.7,15479.47,15479.47,101193,101193,101193.01,101193.01,2000,2000,0,0,0,0,0,0,101193,101193,0,0,10041.45,9966.45,10041.45,9966.45,0,0,0,0,0,0,0,0,0,0,0
"03449811",1,"2015","2014",0,0.029,0.029,"1",0.2681,0.2681,"23","D",0.0425,0.0425,0,"D",0,"D",122432,"D",0,"D",0,"D",0,"D",0,"D",0,"D",9600,"D",0,"D",0,"D",0,"D",0,"D",3000,"D",24042,5033,24101.37,23982.87,5033.36,5033.36,18058.53,18244.53,122432,122432,122432.01,122432.01,0,0,0,0,0,0,0,0,119432,119432,0,0,24101.37,23982.87,24101.37,23982.87,0,0,0,0,0,0,0,0,0,0,0
"03449821",1,"2015","2014",0,0.153,0.153,"2",0.15,0.15,"05","D",0,0,2,"D",2,"D",20200,"D",0,"D",2000,"D",0,"D",23612,"D",0,"D",8580,"D",0,"D",128,"D",0,"D",0,"D",3800,"D",30,0,50.3,10.3,0,0,3090.6,3090.6,23203,23203,22200.01,22200.01,0,0,0,0,0,0,0,0,23203,23203,0,0,50.3,10.3,50.3,10.3,7984,8088,3928,3928,0,0,0,0,0,0,0
"03449851",1,"2015","2014",0,0.153,0.153,"1",0.1765,0.1765,"19","D",0.0207,0.0207,0,"D",0,"D",11000,"D",0,"D",0,"D",0,"D",0,"D",0,"D",2700,"D",0,"D",0,"D",0,"D",0,"D",0,"D",-206,119,-189.91,-222.62,118.68,118.36,1683,1683,11000,11000,11000.01,11000.01,0,0,0,0,0,0,274.91,292.62,11000,11000,0,0,85,70,85,70,0,0,0,0,0,0,0,0,9.62,10.24,0
"03449891",1,"2015","2014",2,0.153,0.153,"2",0.25,0.25,"44","D",0,0,0,"D",0,"D",21000,"D",90000,"D",-857,"D",0,"D",0,"D",0,"D",0,"D",3300,"D",475,"D",0,"D",0,"D",5784,"D",12086,0,12198.25,11973.25,0,0,16983,16983,110143,110143,0,0,0,0,0,0,0,0,0,0,110143,110143,0,0,12198.25,11973.25,12198.25,11973.25,0,0,0,0,0,0,0,0,0,0,0
"03449911",1,"2015","2014",3,0.153,0.153,"2",0.15,0.15,"0","T",0,0,0,"D",0,"D",44000,"D",12846,"D",0,"D",0,"D",0,"D",0,"D",7800,"D",0,"D",0,"D",5368,"D",3,"D",0,"D",-1318,0,-1276.7,-1359.2,0,0,8697.44,8697.44,56846,56846,0,0,1723.3,1640.8,1276.7,1359.2,1073.6,1073.6,0,0,56846,56846,0,0,2796.9,2714.4,2796.9,2714.4,0,0,0,0,0,0,0,0,0,0,0
"03449941",1,"2015","2014",2,0,0,"3",0,0,"10","D",0,0,0,"D",0,"D",0,"D",0,"D",10050,"D",0,"D",0,"D",0,"D",0,"D",2300,"D",600,"D",0,"D",0,"D",14400,"D",0,0,0,0,0,0,0,0,10050,10050,0,0,0,0,0,0,0,0,0,0,10050,10050,0,0,0,0,0,0,0,0,0,0,0,0,0,0,0,0,0
"03449951",1,"2015","2014",1,0.153,0.153,"3",0.3897,0.3897,"17","D",0.0677,0.0677,0,"D",0,"D",18000,"D",0,"D",0,"D",6303,"D",11416,"D",600,"D",6744,"D",0,"D",16,"D",0,"D",0,"D",0,"D",-877,-243,-811.45,-941.58,-234.36,-252.23,2754,2754,27108.5,27108.5,24303.01,24303.01,0,0,0,0,0,0,1822.3,1927.43,27108.5,27108.5,0,0,1010.85,985.85,1010.85,985.85,5500,5500,0,0,0,0,0,0,309.79,327.66,0
"03449991",1,"2015","2014",0,0,0,"1",0,0,"34","D",0,0,1,"D",1,"D",0,"D",0,"D",4074,"D",460,"D",20736,"D",0,"D",0,"D",1200,"D",49,"D",0,"D",0,"D",1560,"D",0,0,0,0,0,0,0,0,4534,4534,4534.01,4534.01,0,0,0,0,0,0,0,0,4534,4534,0,0,0,0,0,0,7500,7500,2760,2760,0,0,0,0,0,0,0
"03450001",1,"2015","2014",0,0,0,"1",0,0,"17","D",0,0,1,"D",1,"D",0,"D",0,"D",288,"D",0,"D",29386,"D",0,"D",13300,"D",0,"D",0,"D",0,"D",0,"D",288,"D",0,0,0,0,0,0,0,0,288,288,0.01,0.01,0,0,0,0,0,0,0,0,288,288,0,0,0,0,0,0,3850,3850,0,0,0,0,0,0,0,0,0
"03450031",1,"2015","2014",1,0.153,0.153,"2",0.1425,0.1425,"28","D",0.0501,0.0501,0,"D",0,"D",65000,"D",5754,"D",-4101,"D",0,"D",0,"D",0,"D",0,"D",4000,"D",345,"D",0,"D",1,"D",12904,"D",3485,1480,3502.38,3467.23,1488.14,1472.49,10825.36,10825.36,66653,66653,66653.01,66653.01,1000,1000,0,0,0,0,0,0,53749,53749,0,0,4502.38,4467.23,4502.38,4467.23,0,0,17249,17249,0,0,0,0,0,0,0
"03450041",1,"2015","2014",0,0.153,0.153,"1",0.15,0.15,"34","D",0.0575,0.058,0,"D",0,"D",33000,"D",0,"D",0,"D",0,"D",0,"D",0,"D",6300,"D",0,"D",0,"D",0,"D",0,"D",0,"D",2959,1473,2973.75,2943.75,1479,1466.25,5049,5049,33000,33000,33000.01,33000.01,0,0,0,0,0,0,0,0,33000,33000,0,0,2973.75,2943.75,2973.75,2943.75,7500,7500,0,0,0,0,0,0,0,0,0
"03450061",1,"2015","2014",0,0,0,"1",-0.0765,-0.0765,"10","D",0,0,0,"D",0,"D",0,"D",0,"D",0,"D",0,"D",0,"D",0,"D",6000,"D",0,"D",0,"D",0,"D",0,"D",0,"D",0,0,0,0,0,0,0,0,0,0,0,0,0,0,0,0,0,0,0,0,0,0,0,0,0,0,0,0,0,0,0,0,0,0,0,0,0,0,0
"03450071",1,"2015","2014",2,0.153,0.153,"2",0.15,0.15,"05","D",0.06,0.06,0,"D",0,"D",82000,"D",0,"D",0,"D",0,"D",0,"D",0,"D",0,"D",2000,"D",110,"D",0,"D",2,"D",7444,"D",5125,1397,5162.5,5087.5,1415.04,1378.42,12546,12546,82000,82000,82000.01,82000.01,2000,2000,0,0,0,0,0,0,82000,82000,0,0,7162.5,7087.5,7162.5,7087.5,7984,8088,9554,9554,0,0,0,0,0,0,0
"03450101",1,"2015","2014",0,0.153,0.153,"2",0.28,0.28,"29","D",0,0,0,"D",0,"D",100000,"D",100000,"D",0,"D",0,"D",0,"D",0,"D",0,"D",1500,"D",20,"D",0,"D",0,"D",9392,"D",37423,0,37563,37283.5,0,0,30600,30600,200000,200000,0,0,0,0,0,0,0,0,0,0,200000,200000,0,0,37563,37283.5,37563,37283.5,0,0,0,0,0,0,0,0,0,0,0
"03450121",1,"2015","2014",0,0.153,0.153,"1",0.25,0.25,"05","D",0.093,0.093,0,"D",0,"D",73000,"D",0,"D",14401,"D",0,"D",0,"D",0,"D",21120,"D",0,"D",0,"D",0,"D",0,"D",0,"D",15119,5139,15169,15069,5157.83,5119.64,11169,11169,87401,87401,87401.01,87401.01,0,0,0,0,0,0,0,0,87401,87401,0,0,15169,15069,15169,15069,3992,4044,0,0,0,0,0,0,0,0,0
"03450161",1,"2015","2014",2,0.153,0.153,"3",0.3106,0.3106,"05","D",0,0,0,"D",0,"D",30000,"D",0,"D",-5220,"D",0,"D",0,"D",0,"D",0,"D",1200,"D",2067,"D",0,"D",0,"D",628,"D",-2607,0,-2514,-2699.39,0,0,4590,4590,24780,24780,24780.01,24780.01,0,0,0,0,0,0,2897,3052.39,24780,24780,0,0,383,353,383,353,7984,8088,3895,3895,0,0,0,0,0,0,0
"03450171",1,"2015","2014",0,0,0,"1",-0.0765,-0.0765,"36","D",0,0,0,"D",0,"D",0,"D",0,"D",0,"D",0,"D",18932,"D",0,"D",0,"D",1200,"D",0,"D",0,"D",0,"D",0,"D",0,0,0,0,0,0,0,0,0,0,0.01,0.01,0,0,0,0,0,0,0,0,0,0,0,0,0,0,0,0,0,0,0,0,0,0,0,0,0,0,0
"03450181",1,"2015","2014",0,0.153,0.153,"2",0.2775,0.2775,"36","D",0.0297,0.0317,0,"D",0,"D",0,"D",47000,"D",-3114,"D",0,"D",17062,"D",0,"D",0,"D",770,"D",350,"D",0,"D",0,"D",0,"D",4574,907,4603.57,4543.57,936.89,877.82,7191,7191,57040.45,57040.45,43886.01,43886.01,0,0,0,0,0,0,0,0,57040.45,57040.45,0,0,4603.57,4543.57,4603.57,4543.57,0,0,0,0,0,0,0,0,0,0,0
"03450191",1,"2015","2014",1,0.153,0.153,"2",0.15,0.15,"34","D",0.0575,0.058,0,"D",0,"D",25322,"D",56248,"D",0,"D",0,"D",0,"D",0,"D",0,"D",2200,"D",30,"D",0,"D",0,"D",5064,"D",7657,3844,7690.5,7623,3861.06,3827.78,12480.21,12480.21,81570,81570,81570.01,81570.01,0,0,0,0,0,0,0,0,81570,81570,0,0,7690.5,7623,7690.5,7623,15000,15000,7264,7264,0,0,0,0,0,0,0
"03450191",2,"2015","2014",0,0.153,0.153,"1",0,0,"34","D",0,0,0,"D",0,"D",7077,"D",0,"D",0,"D",0,"D",0,"D",0,"D",0,"D",0,"D",0,"D",0,"D",0,"D",0,"D",-500,0,-496,-503,0,0,1082.78,1082.78,7077,7077,7077.01,7077.01,0,0,0,0,0,0,496,503,7077,7077,0,0,0,0,0,0,7500,7500,0,0,0,0,0,0,0,0,0
"03450201",1,"2015","2014",0,0.153,0.153,"2",0.2787,0.2787,"44","D",0,0,0,"D",0,"D",100000,"D",100000,"D",0,"D",0,"D",0,"D",0,"D",0,"D",1200,"D",500,"D",0,"D",0,"D",20020,"D",34401,0,34513.08,34289.58,0,0,30600,30600,200000,200000,0,0,0,0,0,0,0,0,0,0,179980,179980,0,0,34513.08,34289.58,34513.08,34289.58,0,0,0,0,0,0,0,0,0,0,0
"03450221",1,"2015","2014",1,0.153,0.153,"2",0.3,0.3,"03","D",0.0336,0.0424,0,"D",0,"D",50000,"D",70000,"D",0,"D",0,"D",0,"D",0,"D",12000,"D",0,"D",0,"D",0,"D",1,"D",0,"D",15044,3109,15150,14937.5,3120.6,3098.07,18360,18360,120000,120000,120000.01,120000.01,500,500,0,0,0,0,0,0,120000,120000,0,0,15650,15437.5,15650,15437.5,10018,10182,3120.6,3098.07,0,0,0,0,0,0,0
"03450231",1,"2015","2014",2,0.153,0.153,"2",0.2923,0.2923,"39","D",0.0307,0.0307,0,"D",0,"D",90000,"D",30000,"D",-1300,"D",0,"D",0,"D",0,"D",0,"D",4000,"D",8716,"D",0,"D",2,"D",7416,"D",9841,3644,9928.48,9753.48,3644.09,3644.09,18360,18360,118700,118700,118700.01,118700.01,1565,1565,0,0,0,0,0,0,111284,111284,0,0,11493.48,11318.48,11493.48,11318.48,0,0,0,0,0,0,0,0,0,0,0
"03450251",1,"2015","2014",0,0.153,0.153,"2",0.2305,0.2306,"33","D",0.078,0.0777,0,"D",0,"D",32000,"D",78000,"D",0,"D",0,"D",0,"D",0,"D",0,"D",4800,"D",0,"D",0,"D",0,"D",5268,"D",13275,5480,13342.99,13207.87,5510.02,5450.54,16830,16830,110000,110000,110000.01,110000.01,0,0,0,0,0,0,0,0,104732,104732,0,0,13342.99,13207.87,13342.99,13207.87,15650,15850,10068,10068,0,0,0,0,0,0,0
"03450261",1,"2015","2014",0,0,0,"1",0,-0.0765,"23","D",0,0.0589,1,"D",0,"D",0,"D",0,"D",89,"D",11400,"D",21118,"D",0,"D",0,"D",2400,"D",0,"D",0,"D",0,"D",9752,"D",0,-819,0,0,-438.82,-1200,0,0,11489,11489,11489.01,89.01,0,0,0,0,0,0,0,0,1737,11489,0,0,0,0,0,0,0,0,0,0,757.1,1200,0,0,0,0,0
"03450281",1,"2015","2014",0,0,0,"1",0,0,"0","T",0,0,1,"D",1,"D",0,"D",0,"D",0,"D",0,"D",12226,"D",0,"D",2652,"D",0,"D",0,"D",0,"D",0,"D",0,"D",0,0,0,0,0,0,0,0,0,0,0,0,0,0,0,0,0,0,0,0,0,0,0,0,0,0,0,0,0,0,0,0,0,0,0,0,0,0,0
"03450311",1,"2015","2014",0,0,0,"1",-0.0765,-0.0765,"10","D",0,0,0,"D",0,"D",0,"D",0,"D",0,"D",0,"D",13532,"D",0,"D",0,"D",1400,"D",5270,"D",0,"D",0,"D",5120,"D",0,0,0,0,0,0,0,0,0,0,0,0,0,0,0,0,0,0,0,0,0,0,0,0,0,0,0,0,0,0,0,0,0,0,0,0,0,0,0
"03450323",1,"2015","2014",0,0.153,0.153,"1",0.15,0.15,"0","T",0,0,0,"D",0,"D",27300,"D",0,"D",0,"D",0,"D",0,"D",0,"D",6000,"D",0,"D",0,"D",0,"D",0,"D",0,"D",2104,0,2118.75,2088.75,0,0,4176.9,4176.9,27300,27300,0,0,0,0,0,0,0,0,0,0,27300,27300,0,0,2118.75,2088.75,2118.75,2088.75,0,0,0,0,0,0,0,0,0,0,0
"03450361",1,"2015","2014",0,0,0,"1",0.0235,0.0235,"03","D",0.0259,0.0259,0,"D",0,"D",0,"D",0,"D",0,"D",12000,"D",20400,"D",0,"D",0,"D",1800,"D",0,"D",0,"D",0,"D",892,"D",178,101,185,170,101.68,99.55,0,0,12000,12000,12000.01,12000.01,0,0,0,0,0,0,0,0,12000,12000,0,0,185,170,185,170,5009,5091,3118.35,3118.35,0,0,0,0,0,0,0
"03450371",1,"2015","2014",0,0,0,"1",0.254,0.254,"05","D",0.093,0.093,1,"D",0,"D",0,"D",0,"D",14700,"D",96696,"D",0,"D",0,"D",0,"D",3300,"D",25,"D",0,"D",0,"D",600,"D",20054,7316,20092.61,20015.32,7389.36,7242.17,0,0,111396,111396,111396.01,111396.01,0,0,0,0,0,0,0,0,110796,110796,0,0,20092.61,20015.32,20092.61,20015.32,3992,4044,3925,3925,0,0,0,0,0,0,0
"03450421",1,"2015","2014",0,0.153,0.153,"1",0.15,0.15,"02","D",0,0,0,"D",0,"D",22000,"D",0,"D",4144,"D",0,"D",0,"D",0,"D",12000,"D",0,"D",0,"D",0,"D",0,"D",0,"D",1930,0,1945.35,1915.35,0,0,3366,3366,26144,26144,0,0,0,0,0,0,0,0,0,0,26144,26144,0,0,1945.35,1915.35,1945.35,1915.35,0,0,0,0,0,0,0,0,0,0,0
"03450421",2,"2015","2014",1,0,0,"3",-0.34,-0.34,"02","D",0,0,0,"D",0,"D",0,"D",0,"D",0,"D",0,"D",0,"D",0,"D",0,"D",0,"D",0,"D",0,"D",0,"D",0,"D",0,0,0,0,0,0,0,0,0,0,0,0,0,0,0,0,0,0,0,0,0,0,0,0,0,0,0,0,0,0,0,0,0,0,0,0,0,0,0
"03450431",1,"2015","2014",3,0,0,"3",-0.45,-0.45,"33","D",-0.135,-0.135,0,"D",0,"D",0,"D",0,"D",0,"D",0,"D",2844,"D",0,"D",10740,"D",0,"D",0,"D",0,"D",2,"D",0,"D",0,-300,0,0,-300,-300,0,0,0,0,0.01,0.01,0,0,0,0,0,0,0,0,0,0,0,0,0,0,0,0,10950,11100,0,0,0,0,0,0,0,0,0
"03450431",3,"2015","2014",0,0,0,"1",-0.0765,-0.0765,"33","D",-0.0229,-0.0229,0,"D",0,"D",0,"D",0,"D",0,"D",0,"D",0,"D",0,"D",0,"D",0,"D",0,"D",0,"D",0,"D",0,"D",0,0,0,0,0,0,0,0,0,0,0.01,0.01,0,0,0,0,0,0,0,0,0,0,0,0,0,0,0,0,7800,7900,0,0,0,0,0,0,0,0,0
"03450471",1,"2015","2014",3,0.153,0.153,"2",0.3106,0.3106,"14","D",0.0586,0.0711,0,"D",0,"D",0,"D",50000,"D",0,"D",0,"D",0,"D",0,"D",0,"D",1600,"D",0,"D",0,"D",2,"D",3224,"D",-840,1580,-726.56,-952.69,1837.59,1322.61,7650,7650,50000,50000,50000.01,50000.01,1785,1740,215,260,0,0,511.56,692.69,50000,50000,0,0,1785,1740,1785,1740,0,0,0,0,80,80,0,0,51.16,69.27,0
"03450511",1,"2015","2014",3,0.153,0.153,"2",0.2829,0.2829,"28","D",0.0684,0.0684,0,"D",0,"D",73000,"D",55000,"D",581,"D",0,"D",0,"D",0,"D",0,"D",3500,"D",280,"D",900,"D",3,"D",13860,"D",10872,5176,10960.81,10782.47,5193.96,5157.33,19584,19584,128581,128581,128581.01,128581.01,2070.95,2070.95,0,0,180,180,0,0,114721,114721,0,0,13211.76,13033.42,13211.76,13033.42,0,0,17640,17640,0,0,45,45,0,0,0
"03450521",1,"2015","2014",1,0.153,0.153,"2",0,0,"44","D",0,0,0,"D",0,"D",10000,"D",0,"D",0,"D",0,"D",0,"D",0,"D",16200,"D",0,"D",0,"D",0,"D",0,"D",0,"D",-3332,0,-3305,-3359,0,0,1530,1530,10000,10000,0,0,0,0,0,0,0,0,3305,3359,10000,10000,0,0,0,0,0,0,0,0,0,0,0,0,0,0,0,0,0
"03450541",1,"2015","2014",0,0.153,0.153,"1",0.15,0.15,"11","D",0.06,0.06,0,"D",0,"D",35934,"D",0,"D",-389,"D",0,"D",0,"D",0,"D",6000,"D",0,"D",0,"D",0,"D",0,"D",160,"D",3341,1643,3355.5,3325.5,1642.7,1642.7,5497.9,5497.9,35545,35545,35545.01,35545.01,0,0,0,0,0,0,0,0,35545,35545,0,0,3355.5,3325.5,3355.5,3325.5,2300,2300,0,0,0,0,0,0,0,0,0
"03450561",1,"2015","2014",2,0.153,0.153,"2",0.3,0.3,"36","D",0.0444,0.046,0,"D",0,"D",63151,"D",60417,"D",0,"D",0,"D",0,"D",0,"D",0,"D",2400,"D",0,"D",0,"D",2,"D",3504,"D",14120,3707,14232.9,14007.9,3827.35,3586.23,18905.9,18905.9,123568,123568,123568.01,123568.01,1321.6,1321.6,0,0,0,0,0,0,123568,123568,0,0,15554.5,15329.5,15554.5,15329.5,0,0,0,0,0,0,0,0,0,0,0
"03450571",1,"2015","2014",0,0.153,0.153,"2",0.25,0.25,"0","T",0,0,0,"D",0,"D",58411,"D",54498,"D",-8662,"D",0,"D",0,"D",0,"D",0,"D",5200,"D",120,"D",0,"D",0,"D",12752,"D",11206,0,11281.25,11131.25,0,0,17275.08,17275.08,104247,104247,0,0,0,0,0,0,0,0,0,0,91495,91495,0,0,11281.25,11131.25,11281.25,11131.25,0,0,0,0,0,0,0,0,0,0,0
"03450581",1,"2015","2014",0,0.153,0.153,"1",0.15,0.15,"05","D",0.04,0.04,0,"D",0,"D",24000,"D",0,"D",0,"D",0,"D",0,"D",0,"D",7200,"D",0,"D",0,"D",0,"D",0,"D",0,"D",1609,183,1623.75,1593.75,187.38,178.53,3672,3672,24000,24000,24000.01,24000.01,0,0,0,0,0,0,0,0,24000,24000,0,0,1623.75,1593.75,1623.75,1593.75,3992,4044,0,0,0,0,0,0,0,0,0
"03450591",1,"2015","2014",1,0.0704,0.0704,"2",0.35,0.35,"01","D",0.0315,0.0315,0,"D",0,"D",228786,"D",80798,"D",-13604,"D",0,"D",0,"D",0,"D",0,"D",3000,"D",753,"D",0,"D",1,"D",23940,"D",57326,9544,57621,57031,9531.72,9555.49,34041.14,34227.14,295980,295980,295980.01,295980.01,0,0,0,0,0,0,0,0,272040,272040,237.76,80.6,57383.24,56950.4,57383.24,56950.4,4000,4000,42824.55,42939.3,0,0,0,0,0,0,0
"03450601",1,"2015","2014",10,0.153,0.153,"2",-0.15,-0.15,"29","D",0,0,0,"D",0,"D",0,"D",19789,"D",0,"D",0,"D",0,"D",0,"D",13200,"D",0,"D",0,"D",0,"D",9,"D",1200,"D",-8711,0,-8661.35,-8760.35,0,0,3027.72,3027.72,19789,19789,0,0,0,0,2518.35,2518.35,0,0,6143,6242,19789,19789,0,0,0,0,0,0,0,0,0,0,0,0,0,0,0,0,0
"03450601",2,"2015","2014",0,0.153,0.153,"1",0.0765,0.0765,"29","D",0,0,0,"D",0,"D",10106,"D",0,"D",0,"D",0,"D",0,"D",0,"D",0,"D",0,"D",0,"D",0,"D",0,"D",0,"D",-352,0,-343.31,-361.02,0,0,1546.22,1546.22,10106,10106,0,0,0,0,0,0,0,0,343.31,361.02,10106,10106,0,0,0,0,0,0,0,0,0,0,0,0,0,0,0,0,0
"03450611",1,"2015","2014",2,0,0,"3",-0.4,-0.4,"44","D",0,0,0,"D",0,"D",0,"D",0,"D",1250,"D",0,"D",0,"D",0,"D",0,"D",2700,"D",125,"D",0,"D",0,"D",258,"D",0,0,0,0,0,0,0,0,1250,1250,0,0,0,0,0,0,0,0,0,0,1250,1250,0,0,0,0,0,0,0,0,0,0,0,0,0,0,0,0,0
"03450621",1,"2015","2014",2,0,0,"3",-0.4,-0.4,"22","D",-0.06,-0.06,0,"D",0,"D",0,"D",0,"D",0,"D",0,"D",0,"D",0,"D",0,"D",3200,"D",0,"D",0,"D",0,"D",1406,"D",0,0,0,0,0,0,0,0,0,0,0.01,0.01,0,0,0,0,0,0,0,0,0,0,0,0,0,0,0,0,0,0,0,0,0,0,0,0,0,0,0
"03450631",1,"2015","2014",2,0,0,"3",-0.4,-0.4,"33","D",-0.12,-0.12,0,"D",0,"D",0,"D",0,"D",0,"D",0,"D",0,"D",0,"D",8508,"D",0,"D",0,"D",0,"D",1,"D",0,"D",0,-200,0,0,-200,-200,0,0,0,0,0.01,0.01,0,0,0,0,0,0,0,0,0,0,0,0,0,0,0,0,10950,11100,0,0,0,0,0,0,0,0,0
"03450641",1,"2015","2014",2,0.153,0.153,"3",-0.55,-0.55,"50","D",-0.044,-0.044,0,"D",0,"D",8000,"D",0,"D",0,"D",0,"D",0,"D",0,"D",8208,"D",0,"D",340,"D",0,"D",2,"D",0,"D",-3950,-1512,-3950,-3950,-1512,-1512,1224,1224,8000,8000,8000.01,8000.01,0,0,750,750,0,0,3200,3200,8000,8000,0,0,0,0,0,0,13020,13239.48,0,0,1160,1160,0,0,352,352,0
"03450641",2,"2015","2014",0,0.153,0.153,"1",0.1765,0.1765,"50","D",0.04,0.04,0,"D",0,"D",13409,"D",0,"D",0,"D",0,"D",0,"D",0,"D",0,"D",0,"D",0,"D",0,"D",0,"D",0,"D",219,102,235.27,202.56,105.16,98.36,2051.58,2051.58,13409,13409,13409.01,13409.01,0,0,0,0,0,0,90.63,108.34,13409,13409,0,0,325.9,310.9,325.9,310.9,10080,10249.92,0,0,0,0,0,0,0,0,0
"03450651",1,"2015","2014",1,0.153,0.153,"3",0.1431,0.1428,"17","D",0.046,0.048,0,"D",0,"D",60000,"D",0,"D",-4000,"D",0,"D",0,"D",0,"D",0,"D",2000,"D",4022,"D",0,"D",0,"D",4880,"D",4634,1906,4647.07,4620.47,1900.86,1911.5,9180,9180,56000,56000,60000.01,60000.01,0,0,0,0,0,0,0,0,51120,51120,0,0,4647.07,4620.48,4647.07,4620.47,5500,5500,7086.3,5451,0,0,0,0,0,0,0
"03450671",1,"2015","2014",0,0.153,0.153,"1",-0.0765,-0.0765,"34","D",0,0,0,"D",0,"D",2133,"D",0,"D",0,"D",0,"D",0,"D",0,"D",0,"D",1000,"D",22,"D",0,"D",0,"D",4328,"D",-163,0,-163.17,-163.17,0,0,326.35,326.35,2133,2133,2133.01,2133.01,0,0,0,0,0,0,163.17,163.17,2133,2133,0,0,0,0,0,0,7500,7500,5328,5328,0,0,0,0,0,0,0
"03450681",1,"2015","2014",2,0.153,0.153,"3",0.15,0.15,"44","D",0,0,0,"D",0,"D",60000,"D",0,"D",0,"D",0,"D",0,"D",0,"D",0,"D",900,"D",0,"D",0,"D",1,"D",4572,"D",4183,0,4210,4155,0,0,9180,9180,60000,60000,0,0,1000,1000,0,0,0,0,0,0,60000,60000,0,0,5210,5155,5210,5155,0,0,0,0,0,0,0,0,0,0,0
"03450691",1,"2015","2014",3,0.153,0.153,"3",-0.45,-0.45,"05","D",0,0,0,"D",0,"D",1000,"D",0,"D",0,"D",0,"D",7294,"D",7476,"D",7200,"D",0,"D",600,"D",0,"D",0,"D",0,"D",-450,0,-450,-450,0,0,153,153,1000,1000,1000.01,1000.01,0,0,0,0,0,0,450,450,1000,1000,0,0,0,0,0,0,7984,8088,600,600,0,0,0,0,0,0,0
"03450691",3,"2015","2014",0,0,0,"1",-0.0765,-0.0765,"05","D",0,0,0,"D",0,"D",0,"D",0,"D",0,"D",0,"D",0,"D",0,"D",0,"D",0,"D",0,"D",0,"D",0,"D",0,"D",0,0,0,0,0,0,0,0,0,0,0.01,0.01,0,0,0,0,0,0,0,0,0,0,0,0,0,0,0,0,3992,4044,0,0,0,0,0,0,0,0,0
"03450691",4,"2015","2014",0,0.153,0.153,"1",-0.0765,-0.0765,"05","D",0,0,0,"D",0,"D",5160,"D",0,"D",0,"D",0,"D",0,"D",0,"D",0,"D",0,"D",0,"D",0,"D",0,"D",0,"D",-395,0,-394.74,-394.74,0,0,789.48,789.48,5160,5160,5160.01,5160.01,0,0,0,0,0,0,394.74,394.74,5160,5160,0,0,0,0,0,0,3992,4044,0,0,0,0,0,0,0,0,0
"03450702",1,"2015","2014",0,0.153,0.153,"1",0.25,0.25,"23","D",0.0425,0.0425,0,"D",0,"D",72000,"D",0,"D",0,"D",0,"D",0,"D",0,"D",43356,"D",0,"D",0,"D",0,"D",0,"D",0,"D",11269,2890,11318.75,11218.75,2890,2890,11016,11016,72000,72000,72000.01,72000.01,0,0,0,0,0,0,0,0,72000,72000,0,0,11318.75,11218.75,11318.75,11218.75,0,0,0,0,0,0,0,0,0,0,0
"03460851",1,"2015","2014",0,0.153,0.153,"1",0.1,0.1,"44","D",0,0,0,"D",0,"D",17000,"D",0,"D",0,"D",0,"D",0,"D",0,"D",4980,"D",0,"D",200,"D",0,"D",0,"D",0,"D",676,0,685,670,0,0,2601,2601,17000,17000,0,0,0,0,0,0,0,0,0,0,17000,17000,0,0,685,670,685,670,0,0,0,0,0,0,0,0,0,0,0
"03460861",1,"2015","2014",0,0.153,0.153,"2",0.15,0.15,"19","D",0.034,0.034,0,"D",0,"D",55000,"D",0,"D",0,"D",0,"D",0,"D",0,"D",0,"D",1200,"D",0,"D",0,"D",0,"D",0,"D",4263,1350,4297.5,4237.5,1348.1,1350.5,8415,8415,55000,55000,55000.01,55000.01,0,0,0,0,0,0,0,0,55000,55000,0,0,4297.5,4237.5,4297.5,4237.5,0,0,0,0,0,0,0,0,0,0,0
"03460891",1,"2015","2014",2,0,0,"3",-0.4,-0.4,"03","D",0,0,0,"D",0,"D",0,"D",0,"D",0,"D",0,"D",0,"D",0,"D",0,"D",800,"D",0,"D",0,"D",0,"D",0,"D",0,-75,0,0,-75,-75,0,0,0,0,0.01,0.01,0,0,0,0,0,0,0,0,0,0,0,0,0,0,0,0,10018,10182,800.05,800.05,0,0,0,0,0,0,0
"03460941",1,"2015","2014",1,0.153,0.153,"3",0.2598,0.2598,"03","D",0.0259,0.0259,0,"D",0,"D",27000,"D",0,"D",0,"D",0,"D",0,"D",0,"D",7800,"D",0,"D",8,"D",0,"D",1,"D",0,"D",-1916,269,-1839.63,-1969.77,271.48,267.24,4131,4131,27000,27000,27000.01,27000.01,1000,975,0,25,0,0,1839.63,1944.77,27000,27000,0,0,1000,975,1000,975,10018,10182,430.85,430.85,0,0,0,0,0,0,0
"03460941",2,"2015","2014",0,0.153,0.153,"1",0.15,0.15,"03","D",0.0336,0.0336,0,"D",0,"D",38000,"D",0,"D",0,"D",0,"D",0,"D",0,"D",0,"D",0,"D",0,"D",0,"D",0,"D",0,"D",3706,886,3723.75,3693.75,888.94,883.75,5814,5814,38000,38000,38000.01,38000.01,0,0,0,0,0,0,0,0,38000,38000,0,0,3723.75,3693.75,3723.75,3693.75,5009,5091,888.94,883.75,0,0,0,0,0,0,0
"03460961",1,"2015","2014",0,0.153,0.153,"2",0.15,0.15,"43","D",0,0,0,"D",0,"D",68000,"D",27384,"D",-9449,"D",0,"D",0,"D",0,"D",0,"D",1700,"D",3139,"D",0,"D",0,"D",4600,"D",8903,0,8937.75,8877.75,0,0,14593.75,14593.75,85935,85935,0,0,0,0,0,0,0,0,0,0,85935,85935,0,0,8937.75,8877.75,8937.75,8877.75,0,0,0,0,0,0,0,0,0,0,0
"03460981",1,"2015","2014",0,0.153,0.153,"1",0.15,0.15,"09","D",0.1,0.1,0,"D",0,"D",32000,"D",0,"D",0,"D",0,"D",0,"D",0,"D",9780,"D",0,"D",0,"D",0,"D",0,"D",0,"D",2806,653,2823.75,2793.75,691.5,625.5,4896,4896,32000,32000,32000.01,32000.01,0,0,0,0,0,0,0,0,32000,32000,0,0,2823.75,2793.75,2823.75,2793.75,4150,5200,0,0,676,676,0,0,0,0,0
"03460981",2,"2015","2014",0,0.153,0.153,"1",0.1,0.1,"09","D",0.04,0.04,0,"D",0,"D",15000,"D",0,"D",0,"D",0,"D",0,"D",0,"D",0,"D",0,"D",0,"D",0,"D",0,"D",0,"D",476,46,485,470,365,-182,2295,2295,15000,15000,15000.01,15000.01,0,0,0,0,0,0,0,0,15000,15000,0,0,485,470,485,470,4150,5200,0,0,0,0,0,0,0,503,0
"03461011",1,"2015","2014",1,0.153,0.153,"3",0.25,0.25,"05","D",0.093,0.093,1,"D",1,"D",57905,"D",0,"D",46,"D",46533,"D",10952,"D",0,"D",0,"D",4500,"D",616,"D",0,"D",0,"D",0,"D",18134,4477,18223.3,18070.8,4515.62,4449.16,8859.46,8859.46,113793.2,113793.2,104484.01,104484.01,0,0,0,0,0,0,0,0,113793.2,113793.2,0,0,18223.3,18070.8,18223.3,18070.8,7984,8088,5116,5116,0,0,0,0,0,0,0
"03461021",1,"2015","2014",0,0.153,0.153,"1",0.2775,0.2775,"01","D",0.0323,0.0323,1,"D",1,"D",30000,"D",0,"D",0,"D",0,"D",28582,"D",0,"D",0,"D",660,"D",550,"D",0,"D",0,"D",2400,"D",4261,877,4278.35,4248.35,875.83,877.33,4590,4590,43247.35,43247.35,30000.01,30000.01,0,0,0,0,0,0,0,0,43247.35,43247.35,0,0,4278.35,4248.35,4278.35,4248.35,2000,2000,5905,5905,0,0,0,0,0,0,0
"03461031",1,"2015","2014",0,0,0,"1",-0.0765,-0.0765,"18","D",0,0,0,"D",0,"D",0,"D",0,"D",0,"D",0,"D",11482,"D",0,"D",5100,"D",0,"D",1,"D",0,"D",0,"D",0,"D",0,0,0,0,0,0,0,0,0,0,0.01,0.01,0,0,0,0,0,0,0,0,0,0,0,0,0,0,0,0,2400,2440,1,1,0,0,0,0,0,0,0
"03461041",1,"2015","2014",1,0.153,0.153,"3",0.26,0.26,"14","D",0.0375,0.05,0,"D",0,"D",50000,"D",0,"D",73589,"D",0,"D",0,"D",0,"D",0,"D",7300,"D",73740,"D",0,"D",0,"D",12508,"D",15032,4731,15153.06,14945.06,5601.95,4108.34,7650,7650,123589,123589,123589.01,123589.01,0,0,0,0,0,0,0,0,111081,111081,13319.7,12912.66,1833.36,2032.4,1833.36,2032.4,0,0,0,0,365,365,0,0,0,0,0
"03461051",1,"2015","2014",0,0,0,"1",-0.0765,-0.0765,"50","D",0,0,0,"D",0,"D",0,"D",0,"D",0,"D",0,"D",0,"D",0,"D",2820,"D",0,"D",0,"D",0,"D",0,"D",30,"D",0,-564,0,0,-564,-564,0,0,0,0,0.01,0.01,0,0,0,0,0,0,0,0,0,0,0,0,0,0,0,0,10080,10249.92,30,30,564,564,0,0,0,0,0
"03461061",1,"2015","2014",1,0.153,0.153,"2",0.1405,0.1405,"45","D",0.063,0.063,0,"D",0,"D",65000,"D",8000,"D",-2047,"D",0,"D",0,"D",0,"D",0,"D",1100,"D",8377,"D",0,"D",1,"D",8172,"D",3911,2517,3931.92,3896.27,2524.51,2512.17,11169,11169,70953,70953,70953.01,70953.01,1000,1000,0,0,0,0,0,0,62781,62781,0,0,4931.92,4896.27,4931.92,4896.27,0,0,0,0,0,0,0,0,0,0,0
"03461071",1,"2015","2014",2,0,0,"3",0.325,0.325,"39","D",0.0307,0.0307,0,"D",0,"D",0,"D",0,"D",67951,"D",96696,"D",0,"D",0,"D",43356,"D",0,"D",4791,"D",0,"D",0,"D",9000,"D",29039,5055,29232.78,28901.28,5054.66,5054.66,0,0,164647,164647,164647.01,164647.01,0,0,0,0,0,0,0,0,155647,155647,1140.4,1002.4,28092.37,27898.87,28092.37,27898.87,0,0,0,0,0,0,0,0,0,0,0
"03461081",1,"2015","2014",1,0.153,0.153,"3",0.2598,0.2598,"36","D",0,0,0,"D",0,"D",15000,"D",0,"D",961,"D",3430,"D",0,"D",0,"D",0,"D",2100,"D",125,"D",0,"D",0,"D",1200,"D",-2892,0,-2816.45,-2946.59,0,0,2295,2295,19391,19391,19391.01,19391.01,0,0,0,0,0,0,3055.55,3160.69,19391,19391,0,0,239.1,214.1,239.1,214.1,0,0,0,0,0,0,0,0,305.56,316.07,0
"03461101",1,"2015","2014",3,0.153,0.153,"2",0.1486,0.1486,"05","D",0,0,0,"D",0,"D",50000,"D",12000,"D",0,"D",0,"D",0,"D",0,"D",0,"D",1300,"D",136,"D",0,"D",3,"D",14088,"D",-72,0,-41.38,-93.88,0,0,9486,9486,62000,62000,62000.01,62000.01,2958.62,2906.12,41.38,93.88,0,0,0,0,47912,47912,0,0,2958.62,2906.12,2958.62,2906.12,7984,8088,15524,15524,0,0,0,0,0,0,0
"03461101",2,"2015","2014",0,0.153,0.153,"2",0.15,0.15,"05","D",0.02,0.02,0,"D",0,"D",22199,"D",21021,"D",0,"D",0,"D",0,"D",0,"D",0,"D",0,"D",0,"D",0,"D",0,"D",0,"D",2496,330,2530.5,2470.5,333.75,327.65,6612.66,6612.66,43220,43220,43220.01,43220.01,0,0,0,0,0,0,0,0,43220,43220,0,0,2530.5,2470.5,2530.5,2470.5,7984,8088,0,0,0,0,0,0,0,0,0
"03461111",1,"2015","2014",0,0,0,"1",0.25,0.25,"0","T",0,0,1,"D",1,"D",0,"D",0,"D",75803,"D",1172,"D",15101,"D",0,"D",0,"D",3200,"D",0,"D",0,"D",0,"D",2004,"D",15326,0,15383.96,15283.96,0,0,0,0,89810.85,89810.85,0,0,0,0,0,0,0,0,0,0,89810.85,89810.85,0,0,15383.96,15283.96,15383.96,15283.96,0,0,0,0,0,0,0,0,0,0,0
"03461141",1,"2015","2014",3,0.153,0.153,"2",0.1405,0.1405,"45","D",0.063,0.063,0,"D",0,"D",80000,"D",7277,"D",0,"D",0,"D",0,"D",0,"D",0,"D",1700,"D",175,"D",0,"D",3,"D",18632,"D",2662,3016,2691.61,2641.63,3025.94,3009.11,13353.38,13353.38,87277,87277,87277.01,87277.01,3000,3000,0,0,0,0,0,0,68645,68645,0,0,5691.61,5641.63,5691.61,5641.63,0,0,0,0,0,0,0,0,0,0,0
"03461171",1,"2015","2014",5,0,0,"3",-0.45,-0.45,"11","D",0,0,0,"D",0,"D",0,"D",0,"D",0,"D",0,"D",0,"D",0,"D",15600,"D",0,"D",0,"D",0,"D",1,"D",44,"D",0,0,0,0,0,0,0,0,0,0,0.01,0.01,0,0,0,0,0,0,0,0,0,0,0,0,0,0,0,0,2300,2300,0,0,0,0,0,0,0,0,0
"03461181",1,"2015","2014",1,0.153,0.153,"2",0.1487,0.1487,"43","D",0,0,0,"D",0,"D",60000,"D",28956,"D",0,"D",0,"D",0,"D",0,"D",0,"D",1000,"D",500,"D",0,"D",0,"D",13496,"D",8177,0,8198.88,8161.38,0,0,13610.27,13610.27,88956,88956,0,0,0,0,0,0,0,0,0,0,75460,75460,0,0,8198.88,8161.38,8198.88,8161.38,0,0,0,0,0,0,0,0,0,0,0
"03461191",1,"2015","2014",2,0,0,"3",-0.4,-0.4,"18","D",0,0,0,"D",0,"D",0,"D",0,"D",0,"D",371,"D",0,"D",0,"D",0,"D",760,"D",4,"D",0,"D",0,"D",0,"D",0,0,0,0,0,0,0,0,371,371,0.01,0.01,0,0,0,0,0,0,0,0,371,371,0,0,0,0,0,0,2400,2440,764,764,0,0,0,0,0,0,0
"03461201",1,"2015","2014",0,0.153,0.153,"2",0.15,0.15,"0","T",0,0,0,"D",0,"D",45000,"D",35000,"D",-200,"D",0,"D",0,"D",0,"D",0,"D",1200,"D",0,"D",0,"D",0,"D",9628,"D",7983,0,8017.5,7957.5,0,0,12240,12240,79800,79800,0,0,0,0,0,0,0,0,0,0,79800,79800,0,0,8017.5,7957.5,8017.5,7957.5,0,0,0,0,0,0,0,0,0,0,0
"03461234",1,"2015","2014",0,0.153,0.153,"1",0.1,0.1,"03","D",0.0259,0.0259,0,"D",0,"D",16000,"D",0,"D",0,"D",0,"D",0,"D",0,"D",17020,"D",0,"D",400,"D",0,"D",0,"D",1800,"D",576,229,585,570,230.28,228.15,2448,2448,16000,16000,16000.01,16000.01,0,0,0,0,0,0,0,0,16000,16000,0,0,585,570,585,570,5009,5091,2475.79,2475.79,0,0,0,0,0,0,0
"03461241",1,"2015","2014",1,0,0,"2",-0.34,-0.34,"19","D",-0.0119,-0.0119,2,"D",2,"D",0,"D",0,"D",210,"D",25319,"D",20576,"D",0,"D",0,"D",480,"D",0,"D",0,"D",0,"D",21688,"D",0,0,0,0,0,0,0,0,27437.5,27437.5,13529.01,13529.01,0,0,0,0,0,0,0,0,5749.5,5749.5,0,0,0,0,0,0,0,0,0,0,0,0,0,0,0,0,0
"03461241",2,"2015","2014",0,0.153,0.153,"1",0.15,0.15,"19","D",0.034,0.034,0,"D",0,"D",35434,"D",0,"D",0,"D",0,"D",0,"D",0,"D",0,"D",0,"D",0,"D",0,"D",0,"D",0,"D",3321,955,3338.85,3308.85,953.81,955.01,5421.4,5421.4,35434,35434,35434.01,35434.01,0,0,0,0,0,0,0,0,35434,35434,0,0,3338.85,3308.85,3338.85,3308.85,0,0,0,0,0,0,0,0,0,0,0
"03461251",1,"2015","2014",1,0.153,0.153,"3",0.15,0.15,"39","D",0.0307,0.0307,0,"D",0,"D",55000,"D",0,"D",105,"D",0,"D",0,"D",0,"D",0,"D",0,"D",160,"D",0,"D",0,"D",0,"D",5041,1692,5068.25,5020.75,1691.72,1691.72,8415,8415,55105,55105,55105.01,55105.01,0,0,0,0,0,0,0,0,55105,55105,0,0,5068.25,5020.75,5068.25,5020.75,0,0,0,0,0,0,0,0,0,0,0
"03461291",1,"2015","2014",3,0,0,"3",-0.45,-0.45,"39","D",0,0,0,"D",0,"D",0,"D",0,"D",0,"D",3275,"D",0,"D",0,"D",0,"D",11000,"D",3654,"D",0,"D",0,"D",0,"D",0,0,0,0,0,0,0,0,3275,3275,3275.01,3275.01,0,0,0,0,0,0,0,0,3275,3275,0,0,0,0,0,0,0,0,0,0,0,0,0,0,0,0,0
"03461301",1,"2015","2014",0,0.153,0.153,"1",0.15,0.15,"02","D",0,0,0,"D",0,"D",41000,"D",0,"D",0,"D",0,"D",0,"D",0,"D",0,"D",0,"D",0,"D",0,"D",0,"D",0,"D",4156,0,4173.75,4143.75,0,0,6273,6273,41000,41000,0,0,0,0,0,0,0,0,0,0,41000,41000,0,0,4173.75,4143.75,4173.75,4143.75,0,0,0,0,0,0,0,0,0,0,0
"03461331",1,"2015","2014",0,0,0,"1",0,0,"01","D",0,0,1,"D",1,"D",0,"D",0,"D",0,"D",0,"D",16318,"D",0,"D",0,"D",0,"D",1632,"D",0,"D",0,"D",833,"D",0,0,0,0,0,0,0,0,0,0,0.01,0.01,0,0,0,0,0,0,0,0,0,0,0,0,0,0,0,0,2500,2500,2465,2465,0,0,0,0,0,0,0
"03461391",1,"2015","2014",0,0,0,"1",0,0,"17","D",0,0,1,"D",1,"D",0,"D",0,"D",5,"D",264,"D",20278,"D",0,"D",0,"D",1300,"D",303,"D",0,"D",0,"D",480,"D",0,-120,0,0,-120,-120,0,0,269,269,264.01,264.01,0,0,0,0,0,0,0,0,269,269,0,0,0,0,0,0,3850,3850,0,0,120,120,0,0,0,0,0
"03461411",1,"2015","2014",3,0.153,0.153,"2",0.15,0.15,"10","D",0,0,0,"D",0,"D",28989,"D",35846,"D",0,"D",0,"D",0,"D",0,"D",8400,"D",0,"D",73,"D",0,"D",3,"D",1200,"D",947,0,995.25,912.75,0,0,9919.75,9919.75,64835,64835,0,0,3000,3000,0,0,0,0,0,0,64835,64835,0,0,3995.25,3912.75,3995.25,3912.75,0,0,0,0,0,0,0,0,0,0,0
"03461421",1,"2015","2014",0,0,0,"1",0,0,"50","D",0.0703,0.0703,1,"D",1,"D",0,"D",0,"D",0,"D",0,"D",14564,"D",0,"D",5400,"D",0,"D",0,"D",0,"D",0,"D",0,"D",0,-618,0,0,-618.45,-618.45,0,0,0,0,0.01,0.01,0,0,0,0,0,0,0,0,0,0,0,0,0,0,0,0,10080,10249.92,0,0,618.45,618.45,0,0,0,0,0
"03461431",1,"2015","2014",2,0.153,0.153,"3",0,0,"33","D",0.0468,0.0468,0,"D",0,"D",14400,"D",0,"D",12981,"D",0,"D",0,"D",0,"D",0,"D",6000,"D",0,"D",0,"D",1,"D",9776,"D",-1000,-53,-1000,-1000,-52.66,-52.66,2203.2,2203.2,27381,27381,27381.01,27381.01,0,0,1000,1000,0,0,0,0,17605,17605,0,0,0,0,0,0,10950,11100,15776,15776,48.2,48.2,0,0,0,0,0
"03461431",2,"2015","2014",0,0.153,0.153,"1",0.1,0.1,"33","D",0.0454,0.0454,0,"D",0,"D",16800,"D",0,"D",0,"D",0,"D",0,"D",0,"D",0,"D",0,"D",0,"D",0,"D",0,"D",0,"D",656,314,665,650,317.27,311.79,2570.4,2570.4,16800,16800,16800.01,16800.01,0,0,0,0,0,0,0,0,16800,16800,0,0,665,650,665,650,7800,7900,0,0,0,0,0,0,0,0,0
"03461431",3,"2015","2014",2,0,0,"3",-0.4,-0.4,"33","D",-0.12,-0.12,0,"D",0,"D",0,"D",0,"D",0,"D",0,"D",0,"D",0,"D",0,"D",0,"D",0,"D",0,"D",1,"D",0,"D",0,-200,0,0,-200,-200,0,0,0,0,0.01,0.01,0,0,0,0,0,0,0,0,0,0,0,0,0,0,0,0,10950,11100,0,0,0,0,0,0,0,0,0
"03461471",1,"2015","2014",0,0.153,0.153,"1",0.25,0.25,"31","D",0.0552,0.0552,0,"D",0,"D",56000,"D",0,"D",0,"D",0,"D",0,"D",0,"D",43356,"D",0,"D",0,"D",0,"D",0,"D",0,"D",7260,1396,7318.75,7218.75,1396.25,1396.25,8568,8568,56000,56000,56000.01,56000.01,0,0,0,0,0,0,0,0,56000,56000,0,0,7318.75,7218.75,7318.75,7218.75,0,0,0,0,0,0,0,0,0,0,0
"03461471",2,"2015","2014",0,0,0,"1",-0.0765,-0.0765,"31","D",-0.0229,-0.0153,0,"D",0,"D",0,"D",0,"D",0,"D",0,"D",0,"D",0,"D",0,"D",0,"D",0,"D",0,"D",0,"D",0,"D",0,0,0,0,0,0,0,0,0,0,0.01,0.01,0,0,0,0,0,0,0,0,0,0,0,0,0,0,0,0,0,0,0,0,0,0,0,0,0,0,0
"03461511",1,"2015","2014",0,0.153,0.153,"2",0.15,0.15,"0","T",0,0,0,"D",0,"D",0,"D",41419,"D",0,"D",0,"D",0,"D",0,"D",0,"D",750,"D",465,"D",0,"D",0,"D",2880,"D",2225,0,2260.35,2200.35,0,0,6337.11,6337.11,41419,41419,0,0,0,0,0,0,0,0,0,0,41419,41419,0,0,2260.35,2200.35,2260.35,2200.35,0,0,0,0,0,0,0,0,0,0,0
"03461511",2,"2015","2014",0,0.153,0.153,"1",0.25,0.25,"0","T",0,0,0,"D",0,"D",57607,"D",0,"D",0,"D",0,"D",0,"D",0,"D",0,"D",0,"D",0,"D",0,"D",0,"D",0,"D",7662,0,7720.5,7620.5,0,0,8813.87,8813.87,57607,57607,0,0,0,0,0,0,0,0,0,0,57607,57607,0,0,7720.5,7620.5,7720.5,7620.5,0,0,0,0,0,0,0,0,0,0,0
"03461521",1,"2015","2014",0,0.153,0.153,"1",0.2381,0.2381,"21","D",0.0475,0.0475,0,"D",0,"D",104215,"D",0,"D",0,"D",0,"D",0,"D",0,"D",0,"D",6000,"D",0,"D",0,"D",0,"D",3060,"D",17516,4391,17559.66,17484.66,4391.36,4391.36,15944.89,15944.89,104215,104215,104215.01,104215.01,0,0,0,0,0,0,0,0,101155,101155,0,0,17559.66,17484.66,17559.66,17484.66,2000,2000,9060,9060,0,0,0,0,0,0,0
"03461541",1,"2015","2014",0,0,0,"1",0,0,"0","T",0,0,1,"D",1,"D",0,"D",0,"D",1520,"D",0,"D",8770,"D",0,"D",7500,"D",0,"D",10,"D",0,"D",0,"D",2700,"D",0,0,0,0,0,0,0,0,1520,1520,0,0,0,0,0,0,0,0,0,0,1520,1520,0,0,0,0,0,0,0,0,0,0,0,0,0,0,0,0,0
"03461551",1,"2015","2014",0,0.153,0.153,"1",0.15,0.15,"23","D",0.0635,0.0635,0,"D",0,"D",35000,"D",0,"D",0,"D",0,"D",0,"D",0,"D",8900,"D",0,"D",0,"D",0,"D",0,"D",0,"D",3256,985,3273.75,3243.75,984.52,984.52,5355,5355,35000,35000,35000.01,35000.01,0,0,0,0,0,0,0,0,35000,35000,0,0,3273.75,3243.75,3273.75,3243.75,0,0,0,0,332.98,332.98,0,0,0,0,0
"03461551",2,"2015","2014",0,0.153,0.153,"1",0.15,0.15,"23","D",0.0425,0.0425,0,"D",0,"D",23427,"D",0,"D",0,"D",0,"D",0,"D",0,"D",0,"D",0,"D",0,"D",0,"D",0,"D",0,"D",1520,826,1537.8,1507.8,825.65,825.65,3584.33,3584.33,23427,23427,23427.01,23427.01,0,0,0,0,0,0,0,0,23427,23427,0,0,1537.8,1507.8,1537.8,1507.8,0,0,0,0,0,0,0,0,0,0,0
"03461561",1,"2015","2014",2,0.153,0.153,"2",0.3606,0.3606,"05","D",0,0,0,"D",0,"D",24000,"D",24000,"D",0,"D",0,"D",0,"D",0,"D",19800,"D",0,"D",0,"D",0,"D",1,"D",0,"D",670,0,812.74,567.61,0,0,7344,7344,48000,48000,48000.01,48000.01,1000,1000,0,0,0,0,249.76,419.89,48000,48000,0,0,2062.5,1987.5,2062.5,1987.5,7984,8088,0,0,0,0,0,0,0,0,0
"03461571",1,"2015","2014",1,0.0455,0.0455,"2",0.2385,0.238,"17","D",0.046,0.048,0,"D",0,"D",20000,"D",130000,"D",2328,"D",0,"D",0,"D",0,"D",0,"D",2500,"D",756,"D",0,"D",0,"D",10244,"D",21928,5737,22000.8,21875.88,5824.8,5674.5,21338,21524,152328,152328,150000.01,150000.01,0,0,0,0,0,0,0,0,142084,142084,0,0,22000.8,21875.88,22000.8,21875.88,7500,7500,8775,6750,0,0,0,0,0,0,0
"03461601",1,"2015","2014",2,0.153,0.153,"3",0.2482,0.2482,"29","D",0,0,0,"D",0,"D",44321,"D",0,"D",61451,"D",1400,"D",0,"D",0,"D",0,"D",2800,"D",260,"D",0,"D",0,"D",6560,"D",15599,0,15673.38,15545.88,0,0,6781.11,6781.11,107172,107172,0,0,0,0,0,0,0,0,0,0,100612,100612,0,0,15673.38,15545.88,15673.38,15545.88,0,0,0,0,0,0,0,0,0,0,0
"03461612",1,"2015","2014",0,0.153,0.153,"1",0.15,0.15,"22","D",0.0476,0.048,0,"D",0,"D",23768,"D",0,"D",0,"D",0,"D",0,"D",0,"D",19800,"D",0,"D",0,"D",0,"D",0,"D",20,"D",1571,752,1588.95,1558.95,756.59,749.31,3636.5,3636.5,23768,23768,23768.01,23768.01,0,0,0,0,0,0,0,0,23768,23768,0,0,1588.95,1558.95,1588.95,1558.95,0,0,0,0,0,0,0,0,0,0,0
"03461621",1,"2015","2014",3,0.153,0.153,"3",0.2106,0.2106,"05","D",0,0,0,"D",0,"D",29580,"D",0,"D",-29790,"D",0,"D",0,"D",0,"D",0,"D",2000,"D",0,"D",0,"D",0,"D",874,"D",-3766,0,-3668.45,-3834.84,0,0,4525.74,4525.74,-210,-210,-209.99,-209.99,0,0,0,0,0,0,3668.45,3834.84,0,0,0,0,0,0,0,0,7984,8088,2874,2874,0,0,0,0,0,0,0
"03461653",1,"2015","2014",0,0,0,"1",0,0,"0","T",0,0,1,"D",1,"D",0,"D",0,"D",10560,"D",1000,"D",12382,"D",0,"D",55756,"D",0,"D",200,"D",0,"D",0,"D",0,"D",0,0,0,0,0,0,0,0,11560,11560,0,0,0,0,0,0,0,0,0,0,11560,11560,0,0,0,0,0,0,0,0,0,0,0,0,0,0,0,0,0
"03461661",1,"2015","2014",0,0,0,"1",0,0,"11","D",0,0,1,"D",1,"D",0,"D",0,"D",0,"D",0,"D",15394,"D",0,"D",0,"D",140,"D",841,"D",0,"D",0,"D",0,"D",0,0,0,0,0,0,0,0,0,0,0,0,0,0,0,0,0,0,0,0,0,0,0,0,0,0,0,0,3600,3600,0,0,0,0,0,0,0,0,0
"03461671",1,"2015","2014",2,0.153,0.153,"3",0.15,0.15,"44","D",0,0,0,"D",0,"D",60000,"D",0,"D",0,"D",0,"D",0,"D",0,"D",0,"D",1200,"D",95,"D",0,"D",1,"D",5128,"D",4178,0,4210,4155,0,0,9180,9180,60000,60000,0,0,1000,1000,0,0,0,0,0,0,60000,60000,0,0,5210,5155,5210,5155,0,0,0,0,0,0,0,0,0,0,0
"03461691",1,"2015","2014",0,0.153,0.153,"1",0.15,0.15,"44","D",0,0,0,"D",0,"D",37000,"D",0,"D",-2643,"D",0,"D",0,"D",0,"D",0,"D",240,"D",0,"D",0,"D",0,"D",3752,"D",3160,0,3177.3,3147.3,0,0,5661,5661,34357,34357,0,0,0,0,0,0,0,0,0,0,34357,34357,0,0,3177.3,3147.3,3177.3,3147.3,0,0,0,0,0,0,0,0,0,0,0
"03461711",1,"2015","2014",0,0.153,0.153,"1",0.15,0.15,"03","D",0.0288,0.0288,0,"D",0,"D",27500,"D",0,"D",0,"D",0,"D",0,"D",0,"D",0,"D",40,"D",0,"D",0,"D",0,"D",0,"D",2131,557,2148.75,2118.75,558.26,555.43,4207.5,4207.5,27500,27500,27500.01,27500.01,0,0,0,0,0,0,0,0,27500,27500,0,0,2148.75,2118.75,2148.75,2118.75,5009,5091,598.26,595.43,0,0,0,0,0,0,0
"03461721",1,"2015","2014",0,0.153,0.153,"2",0.25,0.25,"10","D",0,0,0,"D",0,"D",55000,"D",45000,"D",0,"D",0,"D",0,"D",0,"D",0,"D",1900,"D",1356,"D",0,"D",0,"D",636,"D",11521,0,11637.5,11437.5,0,0,15300,15300,100000,100000,0,0,0,0,0,0,0,0,0,0,100000,100000,0,0,11637.5,11437.5,11637.5,11437.5,0,0,0,0,0,0,0,0,0,0,0
"03461731",1,"2015","2014",0,0.153,0.153,"1",0.15,0.15,"23","D",0.0635,0.0635,0,"D",0,"D",25447,"D",0,"D",0,"D",0,"D",0,"D",0,"D",4560,"D",0,"D",0,"D",0,"D",0,"D",320,"D",1823,899,1840.8,1810.8,898.71,898.71,3893.39,3893.39,25447,25447,25447.01,25447.01,0,0,0,0,0,0,0,0,25447,25447,0,0,1840.8,1810.8,1840.8,1810.8,0,0,0,0,12.79,12.79,0,0,0,0,0
"03461751",1,"2015","2014",0,0.153,0.153,"1",0.15,0.15,"10","D",0,0,0,"D",0,"D",30000,"D",0,"D",0,"D",0,"D",0,"D",0,"D",10740,"D",0,"D",0,"D",0,"D",0,"D",0,"D",2506,0,2523.75,2493.75,0,0,4590,4590,30000,30000,0,0,0,0,0,0,0,0,0,0,30000,30000,0,0,2523.75,2493.75,2523.75,2493.75,0,0,0,0,0,0,0,0,0,0,0
"03461771",1,"2015","2014",2,0.153,0.153,"2",0,0,"44","D",0,0,0,"D",0,"D",18000,"D",0,"D",950,"D",0,"D",0,"D",0,"D",0,"D",2600,"D",60,"D",0,"D",0,"D",1380,"D",-5511,0,-5460,-5548,0,0,2754,2754,18950,18950,0,0,0,0,0,0,0,0,5460,5548,18950,18950,0,0,0,0,0,0,0,0,0,0,0,0,0,0,0,0,0
"03461771",2,"2015","2014",2,0,0,"3",-0.4,-0.4,"44","D",0,0,0,"D",0,"D",0,"D",0,"D",0,"D",0,"D",0,"D",0,"D",0,"D",0,"D",0,"D",0,"D",0,"D",0,"D",0,0,0,0,0,0,0,0,0,0,0,0,0,0,0,0,0,0,0,0,0,0,0,0,0,0,0,0,0,0,0,0,0,0,0,0,0,0,0
"03461811",1,"2015","2014",2,0,0,"3",-0.4,-0.4,"0","T",0,0,0,"D",0,"D",0,"D",0,"D",0,"D",1900,"D",0,"D",0,"D",0,"D",1000,"D",190,"D",0,"D",0,"D",7070,"D",0,0,0,0,0,0,0,0,1900,1900,0,0,0,0,0,0,0,0,0,0,1900,1900,0,0,0,0,0,0,0,0,0,0,0,0,0,0,0,0,0
"03461831",1,"2015","2014",3,0.153,0.153,"2",0.15,0.1442,"01","D",0.0387,0.039,0,"D",0,"D",90000,"D",0,"D",-8090,"D",0,"D",0,"D",0,"D",0,"D",680,"D",84,"D",160,"D",3,"D",8908,"D",3505,2787,3547.94,3474,2785.25,2788.95,13770,13770,81910,81910,81910.01,81910.01,3000,3000,0,0,0,0,0,0,73002,81910,0,0,6547.94,6474,6547.94,6474,4000,4000,16557,16557,0,0,0,0,0,0,0
"03461841",1,"2015","2014",5,0.153,0.153,"3",0.2106,0.2106,"29","D",0,0,0,"D",0,"D",31271,"D",0,"D",0,"D",0,"D",0,"D",0,"D",13200,"D",0,"D",698,"D",0,"D",4,"D",0,"D",-7409,0,-7312.33,-7478.72,0,0,4784.46,4784.46,31271,31271,0,0,0,0,4000,4000,0,0,3312.33,3478.72,31271,31271,0,0,0,0,0,0,0,0,0,0,0,0,0,0,0,0,0
"03461841",2,"2015","2014",0,0.153,0.153,"1",0.1,0.15,"29","D",0,0,0,"D",0,"D",19252,"D",0,"D",0,"D",0,"D",0,"D",0,"D",0,"D",0,"D",0,"D",0,"D",0,"D",0,"D",902,0,911.55,895.2,0,0,2945.56,2945.56,19252,19252,0,0,0,0,0,0,0,0,0,0,19252,19252,0,0,911.55,895.2,911.55,895.2,0,0,0,0,0,0,0,0,0,0,0
"03461851",1,"2015","2014",0,0.063,0.063,"2",0.2695,0.266,"14","D",0.0375,0.05,0,"D",0,"D",145600,"D",55000,"D",-4600,"D",0,"D",0,"D",0,"D",0,"D",4600,"D",6625,"D",0,"D",0,"D",3200,"D",33517,7958,33255.9,33704.05,9357.5,6958.75,27145.4,27331.4,196000,196000,196000.01,196000.01,0,0,0,0,0,0,0,0,192800,192800,0,0,33255.9,33704.05,33255.9,33704.05,0,0,0,0,230,230,0,0,0,0,0
"03461851",2,"2015","2014",0,0.153,0.153,"1",0.15,0.15,"14","D",0.0375,0.05,0,"D",0,"D",24380,"D",0,"D",0,"D",0,"D",0,"D",0,"D",0,"D",0,"D",0,"D",0,"D",0,"D",0,"D",1663,950,1680.75,1650.75,1112.75,833.63,3730.14,3730.14,24380,24380,24380.01,24380.01,0,0,0,0,0,0,0,0,24380,24380,0,0,1680.75,1650.75,1680.75,1650.75,0,0,0,0,0,0,0,0,0,0,0
"03461862",1,"2015","2014",0,0,0,"1",-0.0765,-0.0765,"36","D",0,0,0,"D",0,"D",0,"D",0,"D",0,"D",0,"D",15934,"D",0,"D",4200,"D",0,"D",73,"D",0,"D",0,"D",0,"D",0,0,0,0,0,0,0,0,0,0,0.01,0.01,0,0,0,0,0,0,0,0,0,0,0,0,0,0,0,0,0,0,0,0,0,0,0,0,0,0,0
"03461871",1,"2015","2014",3,0,0,"3",-0.45,-0.45,"44","D",0,0,0,"D",0,"D",0,"D",0,"D",0,"D",0,"D",0,"D",0,"D",0,"D",2300,"D",0,"D",0,"D",1,"D",0,"D",0,0,0,0,0,0,0,0,0,0,0,0,0,0,0,0,0,0,0,0,0,0,0,0,0,0,0,0,0,0,0,0,0,0,0,0,0,0,0
"03461891",1,"2015","2014",2,0,0,"3",-0.4,-0.4,"23","D",-0.024,-0.024,1,"D",1,"D",0,"D",0,"D",168,"D",5532,"D",20470,"D",0,"D",0,"D",0,"D",313,"D",0,"D",0,"D",40,"D",0,0,0,0,0,0,0,0,5700,5700,168.01,168.01,0,0,0,0,0,0,0,0,5700,5700,0,0,0,0,0,0,0,0,0,0,0,0,0,0,0,0,0
"03461921",1,"2015","2014",0,0,0,"1",-0.0765,-0.0765,"05","D",0,0,0,"D",0,"D",0,"D",0,"D",0,"D",0,"D",0,"D",0,"D",0,"D",0,"D",0,"D",0,"D",0,"D",0,"D",0,0,0,0,0,0,0,0,0,0,0.01,0.01,0,0,0,0,0,0,0,0,0,0,0,0,0,0,0,0,3992,4044,0,0,0,0,0,0,0,0,0
"03461941",1,"2015","2014",0,0.153,0.153,"2",0.2343,0.2343,"50","D",0.0627,0.0627,0,"D",0,"D",99873,"D",75000,"D",-4000,"D",0,"D",0,"D",0,"D",0,"D",3400,"D",750,"D",0,"D",0,"D",5784,"D",27595,9160,27681.22,27532.89,9164.13,9157.46,26755.57,26755.57,170873,170873,170873.01,170873.01,0,0,0,0,0,0,0,0,165089,165089,0,0,27681.22,27532.89,27681.22,27532.89,0,0,5784,5784,0,0,0,0,0,0,0
"03461951",1,"2015","2014",0,0,0,"1",0,0,"33","D",0,0,1,"D",1,"D",0,"D",0,"D",0,"D",1040,"D",19042,"D",0,"D",11400,"D",0,"D",95,"D",0,"D",0,"D",0,"D",0,0,0,0,0,0,0,0,1040,1040,0.01,0.01,0,0,0,0,0,0,0,0,1040,1040,0,0,0,0,0,0,7800,7900,0,0,0,0,0,0,0,0,0
"03461961",1,"2015","2014",1,0.153,0.153,"2",0.15,0.15,"05","D",0.08,0.08,0,"D",0,"D",0,"D",90000,"D",-173,"D",0,"D",0,"D",0,"D",13740,"D",0,"D",4926,"D",0,"D",0,"D",2160,"D",8890,2303,8929.05,8861.55,2338.65,2276.8,13770,13770,89827,89827,89827.01,89827.01,0,0,0,0,0,0,0,0,89827,89827,0,0,8929.05,8861.55,8929.05,8861.55,7984,8088,7086,7086,0,0,0,0,0,0,0
"03461991",1,"2015","2014",0,0,0,"1",0,0,"03","D",0,0,1,"D",1,"D",0,"D",0,"D",257,"D",0,"D",7762,"D",0,"D",0,"D",250,"D",623,"D",0,"D",0,"D",0,"D",0,-25,0,0,-25,-25,0,0,257,257,257.01,257.01,0,0,0,0,0,0,0,0,257,257,0,0,0,0,0,0,5009,5091,1049.45,1049.45,0,0,0,0,0,0,0
"03462011",1,"2015","2014",0,0.153,0.153,"1",-0.0765,-0.0765,"24","D",-0.0115,-0.0115,0,"D",0,"D",1413,"D",0,"D",0,"D",0,"D",0,"D",0,"D",9420,"D",0,"D",0,"D",0,"D",0,"D",0,"D",-108,-1538,-108.09,-108.09,-1537.58,-1537.58,216.19,216.19,1413,1413,1413.01,1413.01,0,0,0,0,0,0,108.09,108.09,1413,1413,0,0,0,0,0,0,6200,6300,0,0,1507.91,1507.91,0,0,29.67,29.67,0
"03462021",1,"2015","2014",1,0.0431,0.0431,"2",0.25,0.25,"0","T",0,0,0,"D",0,"D",16000,"D",125000,"D",-150,"D",0,"D",0,"D",0,"D",15600,"D",400,"D",1140,"D",0,"D",1,"D",600,"D",20739,0,20862.5,20650,0,0,20581,20767,140850,140850,0,0,0,0,0,0,0,0,0,0,140850,140850,0,0,20862.5,20650,20862.5,20650,0,0,0,0,0,0,0,0,0,0,0
"03462051",1,"2015","2014",2,0.153,0.153,"2",0.3106,0.3106,"31","D",0.0807,0.0596,0,"D",0,"D",42000,"D",0,"D",0,"D",0,"D",0,"D",0,"D",0,"D",5800,"D",20,"D",0,"D",1,"D",0,"D",-1256,55,-1133.36,-1343.49,173.33,-29.05,6426,6426,42000,42000,42000.01,42000.01,1000,1000,0,0,0,0,1513.36,1683.49,42000,42000,0,0,1380,1340,1380,1340,0,0,0,0,0,0,0,0,302.67,505.05,0
"03462051",2,"2015","2014",2,0,0,"3",-0.4,-0.4,"31","D",-0.12,-0.08,0,"D",0,"D",0,"D",0,"D",0,"D",0,"D",0,"D",0,"D",0,"D",0,"D",0,"D",0,"D",1,"D",0,"D",0,0,0,0,0,0,0,0,0,0,0.01,0.01,0,0,0,0,0,0,0,0,0,0,0,0,0,0,0,0,0,0,0,0,0,0,0,0,0,0,0
"03462081",1,"2015","2014",0,0.153,0.153,"1",0.1752,0.1752,"31","D",0.037,0.0293,0,"D",0,"D",12300,"D",0,"D",0,"D",0,"D",0,"D",0,"D",0,"D",1500,"D",46,"D",0,"D",0,"D",4536,"D",11,60,24.39,1.68,73.11,50.25,1881.9,1881.9,12300,12300,12300.01,12300.01,0,0,0,0,0,0,175.46,193.17,7764,7764,0,0,199.86,194.86,199.86,194.86,0,0,0,0,50,50,0,0,35.09,57.95,0
"03462091",1,"2015","2014",0,0.153,0.153,"2",0,0,"11","D",0.02,0.02,0,"D",0,"D",13000,"D",0,"D",0,"D",0,"D",0,"D",0,"D",7392,"D",0,"D",0,"D",0,"D",0,"D",0,"D",-500,26,-496,-503,26,26,1989,1989,13000,13000,13000.01,13000.01,0,0,0,0,0,0,496,503,13000,13000,0,0,0,0,0,0,3000,3000,0,0,0,0,0,0,0,0,0
"03462111",1,"2015","2014",4,0.153,0.153,"2",0.0606,0.0606,"10","D",0,0,0,"D",0,"D",0,"D",24000,"D",0,"D",0,"D",0,"D",0,"D",13860,"D",0,"D",0,"D",0,"D",4,"D",0,"D",-9243,0,-9137.16,-9318.29,0,0,3672,3672,24000,24000,0,0,0,0,3150,3150,0,0,5987.16,6168.29,24000,24000,0,0,0,0,0,0,0,0,0,0,0,0,0,0,0,0,0
"03462131",1,"2015","2014",3,0.153,0.153,"2",0.2921,0.2921,"01","D",0.0316,0.0316,0,"D",0,"D",0,"D",115000,"D",0,"D",0,"D",0,"D",0,"D",0,"D",370,"D",1915,"D",0,"D",3,"D",11044,"D",8346,3951,8456.44,8266.57,3945.85,3955.35,17595,17595,115000,115000,115000.01,115000.01,2750,2750,0,0,0,0,0,0,103956,103956,0,0,11206.44,11016.57,11206.44,11016.57,4000,4000,22126.5,22126.5,0,0,0,0,0,0,0
"03462141",1,"2015","2014",2,0,0,"3",-0.4,-0.4,"28","D",-0.04,-0.04,0,"D",0,"D",0,"D",0,"D",0,"D",0,"D",0,"D",0,"D",0,"D",390,"D",0,"D",0,"D",0,"D",100,"D",0,0,0,0,0,0,0,0,0,0,0.01,0.01,0,0,0,0,0,0,0,0,0,0,0,0,0,0,0,0,9100,9250,0,0,0,0,0,0,0,0,0
"03462161",1,"2015","2014",0,0.153,0.153,"2",0.15,0.15,"0","T",0,0,0,"D",0,"D",30000,"D",40000,"D",0,"D",0,"D",0,"D",0,"D",4800,"D",0,"D",0,"D",0,"D",0,"D",0,"D",6513,0,6547.5,6487.5,0,0,10710,10710,70000,70000,0,0,0,0,0,0,0,0,0,0,70000,70000,0,0,6547.5,6487.5,6547.5,6487.5,0,0,0,0,0,0,0,0,0,0,0
"03462181",1,"2015","2014",0,0.153,0.153,"1",0.25,0.25,"44","D",0,0,0,"D",0,"D",60000,"D",0,"D",-1714,"D",0,"D",0,"D",0,"D",0,"D",2500,"D",0,"D",0,"D",0,"D",2856,"D",7832,0,7890.25,7790.25,0,0,9180,9180,58286,58286,0,0,0,0,0,0,0,0,0,0,58286,58286,0,0,7890.25,7790.25,7890.25,7790.25,0,0,0,0,0,0,0,0,0,0,0
"03462191",1,"2015","2014",2,0,0,"3",-0.4,-0.4,"0","T",0,0,0,"D",0,"D",0,"D",0,"D",220,"D",3060,"D",0,"D",0,"D",0,"D",210,"D",0,"D",0,"D",0,"D",2400,"D",0,0,0,0,0,0,0,0,3280,3280,0,0,0,0,0,0,0,0,0,0,3280,3280,0,0,0,0,0,0,0,0,0,0,0,0,0,0,0,0,0
"03462201",1,"2015","2014",3,0.153,0.153,"2",0.3146,0.3146,"0","T",0,0,0,"D",0,"D",23000,"D",20000,"D",0,"D",0,"D",0,"D",0,"D",7800,"D",0,"D",0,"D",800,"D",3,"D",0,"D",-4201,0,-4068.76,-4294.89,0,0,6579,6579,43000,43000,0,0,917,872,2083,2128,168,168,1985.76,2166.89,43000,43000,0,0,1085,1040,1085,1040,0,0,0,0,0,0,0,0,0,0,0
"03462211",1,"2015","2014",0,0,0,"1",0,0,"45","D",0,0,1,"D",1,"D",0,"D",0,"D",0,"D",0,"D",8314,"D",0,"D",0,"D",1000,"D",0,"D",0,"D",0,"D",240,"D",0,0,0,0,0,0,0,0,0,0,0.01,0.01,0,0,0,0,0,0,0,0,0,0,0,0,0,0,0,0,0,0,0,0,0,0,0,0,0,0,0
"03462221",1,"2015","2014",0,0.153,0.153,"1",0.15,0.15,"33","D",0.0645,0.0645,0,"D",0,"D",33000,"D",0,"D",0,"D",0,"D",0,"D",0,"D",0,"D",2500,"D",1800,"D",0,"D",0,"D",0,"D",2956,1288,2973.75,2943.75,1296.51,1282.3,5049,5049,33000,33000,33000.01,33000.01,0,0,0,0,0,0,0,0,33000,33000,0,0,2973.75,2943.75,2973.75,2943.75,7800,7900,0,0,0,0,0,0,0,0,0
"03462241",1,"2015","2014",0,0,0,"1",0,0,"34","D",0,0,1,"D",1,"D",0,"D",0,"D",2633,"D",0,"D",15862,"D",0,"D",43356,"D",500,"D",42,"D",0,"D",0,"D",0,"D",0,0,0,0,0,0,0,0,2633,2633,2633.01,2633.01,0,0,0,0,0,0,0,0,2633,2633,0,0,0,0,0,0,7500,7500,500,500,0,0,0,0,0,0,0
"03462251",1,"2015","2014",3,0.153,0.153,"2",0.2106,0.2106,"05","D",0,0,0,"D",0,"D",0,"D",25000,"D",0,"D",0,"D",0,"D",0,"D",0,"D",0,"D",0,"D",0,"D",3,"D",0,"D",-8882,0,-8776.56,-8957.69,0,0,3825,3825,25000,25000,25000.01,25000.01,0,0,3000,3000,0,0,5776.56,5957.69,25000,25000,0,0,0,0,0,0,7984,8088,0,0,0,0,0,0,0,0,0
"03462281",1,"2015","2014",2,0.153,0.153,"3",-0.55,-0.55,"10","D",0,0,0,"D",0,"D",13291,"D",0,"D",0,"D",0,"D",0,"D",0,"D",884,"D",0,"D",0,"D",0,"D",2,"D",0,"D",-6860,0,-6860.05,-6860.05,0,0,2033.52,2033.52,13291,13291,0,0,0,0,1543.65,1543.65,0,0,5316.4,5316.4,13291,13291,0,0,0,0,0,0,0,0,0,0,0,0,0,0,0,0,0
"03462294",1,"2015","2014",0,0.153,0.153,"1",0.1765,0.1765,"33","D",0.063,0.063,0,"D",0,"D",10500,"D",0,"D",0,"D",0,"D",0,"D",0,"D",20400,"D",0,"D",0,"D",0,"D",0,"D",0,"D",-297,9,-278.16,-310.87,14.05,4.74,1606.5,1606.5,10500,10500,10500.01,10500.01,0,0,0,0,0,0,313.16,330.87,10500,10500,0,0,35,20,35,20,7800,7900,0,0,0,0,0,0,45.3,50.61,0
"03462301",1,"2015","2014",1,0,0,"3",-0.34,-0.34,"10","D",0,0,0,"D",0,"D",0,"D",0,"D",0,"D",0,"D",19186,"D",0,"D",0,"D",70,"D",0,"D",0,"D",0,"D",0,"D",0,0,0,0,0,0,0,0,0,0,0,0,0,0,0,0,0,0,0,0,0,0,0,0,0,0,0,0,0,0,0,0,0,0,0,0,0,0,0
"03462311",1,"2015","2014",2,0.153,0.153,"2",0.3048,0.3048,"34","D",0.0575,0.058,0,"D",0,"D",0,"D",45000,"D",0,"D",0,"D",0,"D",0,"D",0,"D",1200,"D",0,"D",0,"D",2,"D",10224,"D",-1368,1531,-1257.96,-1446.59,1540,1525,6885,6885,45000,45000,45000.01,45000.01,1623.6,1605.1,376.4,394.9,0,0,881.56,1051.69,34776,34776,0,0,1623.6,1605.1,1623.6,1605.1,15000,15000,11424,11424,0,0,0,0,0,0,0
"03462321",1,"2015","2014",1,0.153,0.153,"2",0.25,0.25,"05","D",0.08,0.08,0,"D",0,"D",25596,"D",83741,"D",0,"D",0,"D",0,"D",0,"D",18444,"D",0,"D",0,"D",0,"D",1,"D",0,"D",11860,3863,11984.25,11771.75,3899.45,3837.6,16728.56,16728.56,109337,109337,109337.01,109337.01,1000,1000,0,0,0,0,0,0,109337,109337,0,0,12984.25,12771.75,12984.25,12771.75,7984,8088,0,0,0,0,0,0,0,0,0
"03462361",1,"2015","2014",2,0,0,"3",-0.4,-0.4,"36","D",0,0,0,"D",0,"D",0,"D",0,"D",2229,"D",0,"D",0,"D",0,"D",0,"D",1800,"D",0,"D",0,"D",0,"D",4660,"D",0,0,0,0,0,0,0,0,2229,2229,2229.01,2229.01,0,0,0,0,0,0,0,0,2229,2229,0,0,0,0,0,0,0,0,0,0,0,0,0,0,0,0,0
"03462391",1,"2015","2014",0,0.153,0.153,"2",0.0765,0,"17","D",0.04,0.027,0,"D",0,"D",7664,"D",12488,"D",0,"D",0,"D",0,"D",0,"D",5100,"D",0,"D",70,"D",0,"D",0,"D",960,"D",-8,99,0,-13.25,100.1,97.85,3083.26,3083.26,20152,20152,20152.01,20152.01,0,0,0,0,0,0,0,13.25,20152,20152,0,0,0,0,0,0,7500,7500,0,0,120,120,0,0,0,2.25,0
"03462401",1,"2015","2014",0,0.153,0.153,"1",0.1442,0.1442,"01","D",0.039,0.039,0,"D",0,"D",26325,"D",0,"D",-5649,"D",0,"D",0,"D",0,"D",0,"D",6900,"D",33,"D",0,"D",0,"D",0,"D",943,424,951.62,936.51,423.88,424.63,4027.72,4027.72,20676,20676,20676.01,20676.01,0,0,0,0,0,0,0,0,20676,20676,0,0,951.62,936.51,951.62,936.51,2464.42,2464.42,8946.86,8946.86,0,0,0,0,0,0,0
"03462444",1,"2015","2014",3,0.153,0.153,"2",0.3106,0.3106,"44","D",0,0,0,"D",0,"D",0,"D",38000,"D",0,"D",0,"D",0,"D",0,"D",4000,"D",4000,"D",100,"D",0,"D",3,"D",7232,"D",-5586,0,-5453.76,-5679.89,0,0,5814,5814,38000,38000,0,0,585,540,2415,2460,0,0,3038.76,3219.89,38000,38000,0,0,585,540,585,540,0,0,0,0,0,0,0,0,0,0,0
"03462461",1,"2015","2014",1,0.153,0.153,"2",0.15,0.15,"17","D",0.046,0.048,0,"D",0,"D",37000,"D",30000,"D",-2775,"D",0,"D",0,"D",0,"D",0,"D",1600,"D",181,"D",0,"D",1,"D",8360,"D",4049,1875,4088.75,4021.25,1902,1856.5,10251,10251,64225,64225,67000.01,67000.01,1000,1000,0,0,0,0,0,0,64225,64225,0,0,5088.75,5021.25,5088.75,5021.25,7500,7500,0,0,0,0,0,0,0,0,0
"03462471",1,"2015","2014",0,0.153,0.153,"1",0.25,0.25,"05","D",0.093,0.093,0,"D",0,"D",65000,"D",0,"D",0,"D",0,"D",0,"D",0,"D",17400,"D",0,"D",0,"D",0,"D",0,"D",0,"D",9510,3052,9568.75,9468.75,3074.54,3036.34,9945,9945,65000,65000,65000.01,65000.01,0,0,0,0,0,0,0,0,65000,65000,0,0,9568.75,9468.75,9568.75,9468.75,3992,4044,0,0,0,0,0,0,0,0,0
"03462471",2,"2015","2014",0,0.153,0.153,"1",0.25,0.25,"05","D",0.08,0.08,0,"D",0,"D",53000,"D",0,"D",0,"D",0,"D",0,"D",0,"D",0,"D",0,"D",0,"D",0,"D",0,"D",0,"D",6510,1966,6568.75,6468.75,1982.75,1953.82,8109,8109,53000,53000,53000.01,53000.01,0,0,0,0,0,0,0,0,53000,53000,0,0,6568.75,6468.75,6568.75,6468.75,3992,4044,0,0,0,0,0,0,0,0,0
"03462481",1,"2015","2014",0,0.153,0.153,"1",0.1,0.1,"05","D",0.02,0.02,0,"D",0,"D",16600,"D",0,"D",0,"D",0,"D",0,"D",0,"D",0,"D",0,"D",1050,"D",0,"D",0,"D",0,"D",636,65,645,630,66.67,63.63,2539.8,2539.8,16600,16600,16600.01,16600.01,0,0,0,0,0,0,0,0,16600,16600,0,0,645,630,645,630,3992,4044,1050,1050,0,0,0,0,0,0,0
"03462481",2,"2015","2014",1,0,0,"3",-0.34,-0.34,"05","D",0,0,0,"D",0,"D",0,"D",0,"D",0,"D",0,"D",0,"D",0,"D",0,"D",0,"D",0,"D",0,"D",0,"D",0,"D",0,0,0,0,0,0,0,0,0,0,0.01,0.01,0,0,0,0,0,0,0,0,0,0,0,0,0,0,0,0,7984,8088,0,0,0,0,0,0,0,0,0
"03462491",1,"2015","2014",2,0,0,"3",0,0,"44","D",0,0,0,"D",0,"D",0,"D",0,"D",5000,"D",0,"D",0,"D",0,"D",0,"D",1200,"D",200,"D",0,"D",0,"D",800,"D",0,0,0,0,0,0,0,0,5000,5000,0,0,0,0,0,0,0,0,0,0,5000,5000,0,0,0,0,0,0,0,0,0,0,0,0,0,0,0,0,0
"03462571",1,"2015","2014",0,0.153,0.153,"1",0.15,0.15,"39","D",0.0307,0.0307,0,"D",0,"D",45000,"D",0,"D",0,"D",0,"D",0,"D",0,"D",6800,"D",0,"D",0,"D",0,"D",0,"D",0,"D",4756,1382,4773.75,4743.75,1381.5,1381.5,6885,6885,45000,45000,45000.01,45000.01,0,0,0,0,0,0,0,0,45000,45000,0,0,4773.75,4743.75,4773.75,4743.75,0,0,0,0,0,0,0,0,0,0,0
"03462581",1,"2015","2014",0,0.029,0.029,"2",0.258,0.258,"24","D",0.0785,0.0785,0,"D",0,"D",0,"D",228786,"D",500,"D",0,"D",0,"D",0,"D",0,"D",4100,"D",1050,"D",0,"D",0,"D",4744,"D",42243,14613,42365.58,42154.97,14639.94,14593.89,21142.79,21328.79,229286,229286,229286.01,229286.01,0,0,0,0,0,0,0,0,224542,224542,0,0,42365.58,42154.97,42365.58,42154.97,0,0,24533.95,24487.89,0,0,0,0,0,0,0
"03462581",2,"2015","2014",0,0.153,0.153,"1",0.15,0.15,"24","D",0.0535,0.0535,0,"D",0,"D",31756,"D",0,"D",0,"D",0,"D",0,"D",0,"D",0,"D",0,"D",0,"D",0,"D",0,"D",0,"D",2770,1151,2787.15,2757.15,1155.92,1147.9,4858.67,4858.67,31756,31756,31756.01,31756.01,0,0,0,0,0,0,0,0,31756,31756,0,0,2787.15,2757.15,2787.15,2757.15,6200,6300,0,0,0,0,0,0,0,0,0
"03462601",1,"2015","2014",3,0.153,0.153,"2",0.1488,0.1488,"44","D",0,0,0,"D",0,"D",16902,"D",53000,"D",0,"D",0,"D",0,"D",0,"D",0,"D",5000,"D",0,"D",0,"D",2,"D",11360,"D",1983,0,2013.47,1960.97,0,0,10695.01,10695.01,69902,69902,0,0,2000,2000,0,0,0,0,0,0,58542,58542,0,0,4013.47,3960.97,4013.47,3960.97,0,0,0,0,0,0,0,0,0,0,0
"03462621",1,"2015","2014",0,0,0,"1",0,0,"34","D",0,0,1,"D",1,"D",0,"D",0,"D",144,"D",4706,"D",9012,"D",0,"D",0,"D",1600,"D",0,"D",0,"D",0,"D",3800,"D",0,0,0,0,0,0,0,0,4850,4850,4850.01,4850.01,0,0,0,0,0,0,0,0,4850,4850,0,0,0,0,0,0,7500,7500,5400,5400,0,0,0,0,0,0,0
"03462641",1,"2015","2014",0,0,0,"1",0,0,"34","D",0.0575,0.058,1,"D",1,"D",0,"D",0,"D",14084,"D",0,"D",18571,"D",0,"D",0,"D",2200,"D",3416,"D",0,"D",0,"D",4235,"D",0,380,0,0,381.87,378.58,0,0,14084,14084,14084.01,14084.01,0,0,0,0,0,0,0,0,9849,9849,0,0,0,0,0,0,7500,7500,6435,6435,0,0,0,0,0,0,0
"03462651",1,"2015","2014",3,0,0,"3",-0.45,-0.45,"39","D",0,0,0,"D",0,"D",0,"D",0,"D",0,"D",0,"D",0,"D",0,"D",7200,"D",0,"D",0,"D",0,"D",0,"D",0,"D",0,0,0,0,0,0,0,0,0,0,0.01,0.01,0,0,0,0,0,0,0,0,0,0,0,0,0,0,0,0,0,0,0,0,0,0,0,0,0,0,0
"03462671",1,"2015","2014",0,0,0,"1",0,0,"43","D",0,0,1,"D",1,"D",0,"D",0,"D",0,"D",0,"D",0,"D",0,"D",4440,"D",0,"D",0,"D",0,"D",0,"D",120,"D",0,0,0,0,0,0,0,0,0,0,0,0,0,0,0,0,0,0,0,0,0,0,0,0,0,0,0,0,0,0,0,0,0,0,0,0,0,0,0
"03462731",1,"2015","2014",0,0,0,"1",0,0,"0","T",0,0,1,"D",1,"D",0,"D",0,"D",0,"D",0,"D",18343,"D",0,"D",8100,"D",2500,"D",0,"D",0,"D",0,"D",0,"D",0,0,0,0,0,0,0,0,0,0,0,0,0,0,0,0,0,0,0,0,0,0,0,0,0,0,0,0,0,0,0,0,0,0,0,0,0,0,0
"03462741",1,"2015","2014",0,0.153,0.153,"2",0.2787,0.2787,"10","D",0,0,1,"D",1,"D",115000,"D",47000,"D",61732,"D",0,"D",0,"D",0,"D",0,"D",10500,"D",959,"D",0,"D",0,"D",4200,"D",42798,0,42928.07,42704.57,0,0,24786,24786,223732,223732,0,0,0,0,0,0,0,0,0,0,219532,219532,0,0,42928.07,42704.57,42928.07,42704.57,0,0,0,0,0,0,0,0,0,0,0
"03462741",2,"2015","2014",0,0.153,0.153,"1",0.15,0.15,"10","D",0,0,0,"D",0,"D",45000,"D",0,"D",0,"D",0,"D",0,"D",0,"D",0,"D",0,"D",0,"D",0,"D",0,"D",0,"D",4756,0,4773.75,4743.75,0,0,6885,6885,45000,45000,0,0,0,0,0,0,0,0,0,0,45000,45000,0,0,4773.75,4743.75,4773.75,4743.75,0,0,0,0,0,0,0,0,0,0,0
"03462751",1,"2015","2014",0,0.153,0.153,"2",0.0765,0.0765,"36","D",0.0275,0.0288,0,"D",0,"D",16635,"D",0,"D",0,"D",0,"D",0,"D",0,"D",0,"D",0,"D",0,"D",0,"D",0,"D",0,"D",-273,49,-259.23,-282.3,55.27,45.32,2545.15,2545.15,16635,16635,16635.01,16635.01,0,0,0,0,0,0,259.23,282.3,16635,16635,0,0,0,0,0,0,0,0,0,0,0,0,0,0,25.92,28.23,0
"03462761",1,"2015","2014",0,0.029,0.029,"2",0.2632,0.2632,"11","D",0.06,0.06,0,"D",0,"D",228786,"D",0,"D",0,"D",0,"D",0,"D",0,"D",0,"D",3300,"D",145,"D",0,"D",0,"D",6328,"D",42746,12437,42876.34,42652.84,12436.78,12436.78,21142.79,21328.79,228786,228786,228786.01,228786.01,0,0,0,0,0,0,0,0,222458,222458,0,0,42876.34,42652.84,42876.34,42652.84,3000,3000,9773,9773,0,0,0,0,0,0,0
"03462791",1,"2015","2014",0,0,0,"1",0,0,"22","D",0,0,0,"D",0,"D",0,"D",0,"D",4427,"D",0,"D",0,"D",0,"D",15660,"D",0,"D",0,"D",0,"D",0,"D",0,"D",0,0,0,0,0,0,0,0,4427,4427,4427.01,4427.01,0,0,0,0,0,0,0,0,4427,4427,0,0,0,0,0,0,0,0,0,0,0,0,0,0,0,0,0
"03462831",1,"2015","2014",0,0,0,"1",0,0,"24","D",0,0,1,"D",1,"D",0,"D",0,"D",0,"D",0,"D",2603,"D",0,"D",0,"D",4500,"D",50,"D",0,"D",0,"D",400,"D",0,-2581,0,0,-2571.45,-2588.5,0,0,0,0,0.01,0.01,0,0,0,0,0,0,0,0,0,0,0,0,0,0,0,0,7750,7850,0,0,2571.45,2588.5,0,0,0,0,0
"03462851",1,"2015","2014",1,0.153,0.153,"3",0,0,"47","D",0,0,0,"D",0,"D",12000,"D",0,"D",0,"D",0,"D",0,"D",0,"D",15540,"D",0,"D",500,"D",0,"D",1,"D",0,"D",-4337,0,-4305,-4359,0,0,1836,1836,12000,12000,12000.01,12000.01,0,0,1000,1000,0,0,3305,3359,12000,12000,0,0,0,0,0,0,3000,3000,0,0,0,0,0,0,661,671.8,0
"03462851",2,"2015","2014",0,0.153,0.153,"1",0.25,0.25,"47","D",0.0575,0.0575,0,"D",0,"D",90000,"D",0,"D",0,"D",0,"D",0,"D",0,"D",0,"D",0,"D",0,"D",0,"D",0,"D",0,"D",15760,4692,15818.75,15718.75,4691.53,4691.53,13770,13770,90000,90000,90000.01,90000.01,0,0,0,0,0,0,0,0,90000,90000,0,0,15818.75,15718.75,15818.75,15718.75,3000,3000,0,0,0,0,0,0,0,0,0
"03462861",1,"2015","2014",1,0.153,0.153,"2",0.1365,0.1365,"38","D",0.09,0.09,0,"D",0,"D",0,"D",90000,"D",700,"D",0,"D",0,"D",0,"D",0,"D",3300,"D",0,"D",0,"D",1,"D",13752,"D",6589,5007,6608.93,6575.33,5021.82,4995.82,13770,13770,90700,90700,90700.01,90700.01,1000,1000,0,0,0,0,0,0,76948,76948,0,0,7608.93,7575.33,7608.93,7575.33,4231.2,4289.91,17052,17052,0,0,0,0,0,0,0
"03462871",1,"2015","2014",2,0.153,0.153,"3",0.3606,0.3606,"50","D",0.1008,0.1008,0,"D",0,"D",38000,"D",0,"D",2920,"D",0,"D",0,"D",0,"D",9000,"D",0,"D",0,"D",0,"D",2,"D",0,"D",-372,1409,-249.25,-459.64,1431.66,1392.1,5814,5814,40920,40920,40920.01,40920.01,2000,2000,0,0,0,0,597.25,752.64,40920,40920,0,0,2348,2293,2348,2293,6779.64,7058.09,0,0,0,0,0,0,65.7,82.79,0
"03462881",1,"2015","2014",1,0,0,"3",-0.34,-0.34,"44","D",0,0,1,"D",1,"D",0,"D",0,"D",0,"D",910,"D",0,"D",0,"D",0,"D",460,"D",0,"D",0,"D",0,"D",0,"D",0,0,0,0,0,0,0,0,910,910,0,0,0,0,0,0,0,0,0,0,910,910,0,0,0,0,0,0,0,0,0,0,0,0,0,0,0,0,0
"03462891",1,"2015","2014",1,0,0,"3",-0.19,-0.19,"05","D",0,0,1,"D",1,"D",0,"D",0,"D",0,"D",24965,"D",13426,"D",0,"D",0,"D",70,"D",15,"D",0,"D",0,"D",0,"D",961,0,975.4,950.4,0,0,0,0,28304,28304,24965.01,24965.01,0,0,0,0,0,0,0,0,28304,28304,0,0,975.4,950.4,975.4,950.4,7984,8088,85,85,0,0,0,0,0,0,0
"03462911",1,"2015","2014",0,0.153,0.153,"2",0.2361,0.2361,"26","D",0.0554,0.0554,0,"D",0,"D",51739,"D",49787,"D",0,"D",0,"D",0,"D",0,"D",0,"D",2000,"D",0,"D",0,"D",0,"D",8872,"D",11396,3671,11483.19,11333.19,3671.24,3671.24,15533.48,15533.48,101526,101526,101526.01,101526.01,0,0,0,0,0,0,0,0,92654,92654,0,0,11483.19,11333.19,11483.19,11333.19,0,0,18638.74,18638.74,0,0,0,0,0,0,0
"03462921",1,"2015","2014",0,0.153,0.153,"2",0.25,0.25,"39","D",0.0307,0.0307,0,"D",0,"D",60000,"D",42517,"D",20000,"D",0,"D",0,"D",0,"D",0,"D",1200,"D",476,"D",0,"D",0,"D",3036,"D",17150,3761,17266.75,17066.75,3761.27,3761.27,15685.1,15685.1,122517,122517,122517.01,122517.01,0,0,0,0,0,0,0,0,122517,122517,0,0,17266.75,17066.75,17266.75,17066.75,0,0,0,0,0,0,0,0,0,0,0
"03462931",1,"2015","2014",2,0,0,"3",0,0,"18","D",0,0.0058,0,"D",0,"D",0,"D",0,"D",20000,"D",0,"D",0,"D",0,"D",0,"D",1300,"D",415,"D",0,"D",0,"D",4800,"D",0,24,0,0,56.81,0,0,0,20000,20000,20000.01,20000.01,0,0,0,0,0,0,0,0,20000,20000,0,0,0,0,0,0,2400,2440,6515,6515,0,0,0,0,0,0,0
"03462961",1,"2015","2014",2,0,0,"3",-0.4,-0.4,"19","D",-0.014,-0.014,0,"D",0,"D",0,"D",0,"D",0,"D",0,"D",0,"D",0,"D",0,"D",2400,"D",0,"D",0,"D",0,"D",20916,"D",0,0,0,0,0,0,0,0,0,0,0.01,0.01,0,0,0,0,0,0,0,0,0,0,0,0,0,0,0,0,0,0,0,0,0,0,0,0,0,0,0
"03462971",1,"2015","2014",0,0.153,0.153,"1",0.25,0.25,"0","T",0,0,0,"D",0,"D",85000,"D",0,"D",-848,"D",0,"D",0,"D",0,"D",0,"D",480,"D",25,"D",0,"D",0,"D",4568,"D",14298,0,14356.75,14256.75,0,0,13005,13005,84152,84152,0,0,0,0,0,0,0,0,0,0,84152,84152,0,0,14356.75,14256.75,14356.75,14256.75,0,0,0,0,0,0,0,0,0,0,0
"03462981",1,"2015","2014",0,0.153,0.153,"2",0.185,0.185,"05","D",0,0,1,"D",0,"D",15000,"D",10000,"D",1,"D",0,"D",46438,"D",0,"D",0,"D",4800,"D",3096,"D",0,"D",0,"D",1440,"D",1338,0,1428.8,1273.8,0,0,3825,3825,34588,34588,25001.01,25001.01,0,0,0,0,0,0,0,0,34588,34588,0,0,1428.8,1273.8,1428.8,1273.8,7984,8088,9336,9336,0,0,0,0,0,0,0
"03462981",2,"2015","2014",0,0.153,0.153,"1",0.1,0.1,"05","D",0.02,0.02,0,"D",0,"D",18000,"D",0,"D",0,"D",0,"D",0,"D",0,"D",0,"D",0,"D",0,"D",0,"D",0,"D",0,"D",776,93,785,770,94.67,91.63,2754,2754,18000,18000,18000.01,18000.01,0,0,0,0,0,0,0,0,18000,18000,0,0,785,770,785,770,3992,4044,0,0,0,0,0,0,0,0,0
"03462981",3,"2015","2014",0,0,0,"1",0.2775,0.2775,"05","D",0.04,0.04,1,"D",1,"D",0,"D",0,"D",0,"D",28800,"D",17062,"D",0,"D",0,"D",0,"D",0,"D",0,"D",0,"D",0,"D",3193,326,3210.95,3180.95,331.38,321.53,0,0,36131.35,36131.35,28800.01,28800.01,0,0,0,0,0,0,0,0,36131.35,36131.35,0,0,3210.95,3180.95,3210.95,3180.95,3992,4044,0,0,0,0,0,0,0,0,0
"03463001",1,"2015","2014",1,0.153,0.153,"2",0.15,0.25,"05","D",0.08,0.08,0,"D",0,"D",65000,"D",35000,"D",-1862,"D",0,"D",0,"D",0,"D",0,"D",880,"D",256,"D",0,"D",0,"D",6240,"D",10140,2967,10184.5,10108.2,3003.53,2941.68,15300,15300,98138,98138,98138.01,98138.01,0,0,0,0,0,0,0,0,98138,98138,0,0,10184.5,10108.2,10184.5,10108.2,7984,8088,7376,7376,0,0,0,0,0,0,0
"03463011",1,"2015","2014",0,0.153,0.153,"1",0.25,0.25,"23","D",0.073,0.073,0,"D",0,"D",53000,"D",0,"D",0,"D",0,"D",0,"D",0,"D",10596,"D",0,"D",13,"D",0,"D",0,"D",40,"D",6510,1972,6568.75,6468.75,1971.57,1971.57,8109,8109,53000,53000,53000.01,53000.01,0,0,0,0,0,0,0,0,53000,53000,0,0,6568.75,6468.75,6568.75,6468.75,0,0,0,0,110.93,110.93,0,0,0,0,0
"03463024",1,"2015","2014",2,0.153,0.153,"3",-0.55,-0.55,"14","D",-0.0025,0.01,0,"D",0,"D",6622,"D",0,"D",0,"D",0,"D",0,"D",0,"D",0,"D",0,"D",0,"D",0,"D",2,"D",0,"D",-3192,-256,-3192.1,-3192.1,-252.53,-258.43,1013.17,1013.17,6622,6622,6622.01,6622.01,0,0,543.3,543.3,0,0,2648.8,2648.8,6622,6622,0,0,0,0,0,0,0,0,0,0,0,0,0,0,264.88,264.88,0
"03463024",2,"2015","2014",0,0.153,0.153,"1",0.15,0.15,"14","D",0.0375,0.05,0,"D",0,"D",23420,"D",0,"D",0,"D",0,"D",0,"D",0,"D",0,"D",0,"D",0,"D",0,"D",0,"D",0,"D",1519,909,1536.75,1506.75,1064.75,797.63,3583.26,3583.26,23420,23420,23420.01,23420.01,0,0,0,0,0,0,0,0,23420,23420,0,0,1536.75,1506.75,1536.75,1506.75,0,0,0,0,0,0,0,0,0,0,0
"03463031",1,"2015","2014",4,0,0,"3",-0.45,-0.45,"34","D",0,0,0,"D",0,"D",0,"D",0,"D",0,"D",0,"D",0,"D",1668,"D",11400,"D",0,"D",0,"D",0,"D",2,"D",0,"D",0,0,0,0,0,0,0,0,0,0,0.01,0.01,0,0,0,0,0,0,0,0,0,0,0,0,0,0,0,0,12000,12000,0,0,0,0,0,0,0,0,0
"03463071",1,"2015","2014",0,0.153,0.153,"1",0.15,0.15,"07","D",0.09,0.09,0,"D",0,"D",42977,"D",0,"D",234,"D",0,"D",0,"D",0,"D",10200,"D",0,"D",0,"D",0,"D",0,"D",0,"D",4488,1751,4505.4,4475.4,1751.49,1751.49,6575.48,6575.48,43211,43211,43211.01,43211.01,0,0,0,0,0,0,0,0,43211,43211,0,0,4505.4,4475.4,4505.4,4475.4,0,0,0,0,0,0,0,0,0,0,0
"03463071",2,"2015","2014",0,0.153,0.153,"1",0.1,0.1,"07","D",0.0075,0.0075,0,"D",0,"D",17450,"D",0,"D",0,"D",0,"D",0,"D",0,"D",0,"D",0,"D",0,"D",0,"D",0,"D",0,"D",721,22,730,715,22.13,22.13,2669.85,2669.85,17450,17450,17450.01,17450.01,0,0,0,0,0,0,0,0,17450,17450,0,0,730,715,730,715,0,0,0,0,0,0,0,0,0,0,0
"03463081",1,"2015","2014",2,0,0,"3",-0.4,-0.4,"10","D",0,0,0,"D",0,"D",0,"D",0,"D",0,"D",0,"D",0,"D",0,"D",0,"D",0,"D",0,"D",0,"D",0,"D",0,"D",0,0,0,0,0,0,0,0,0,0,0,0,0,0,0,0,0,0,0,0,0,0,0,0,0,0,0,0,0,0,0,0,0,0,0,0,0,0,0
"03463091",1,"2015","2014",0,0.153,0.153,"2",0.15,0.15,"10","D",0,0,0,"D",0,"D",37424,"D",30000,"D",0,"D",3156,"D",0,"D",0,"D",9108,"D",0,"D",10,"D",0,"D",0,"D",720,"D",6600,0,6634.5,6574.5,0,0,10315.87,10315.87,70580,70580,0,0,0,0,0,0,0,0,0,0,70580,70580,0,0,6634.5,6574.5,6634.5,6574.5,0,0,0,0,0,0,0,0,0,0,0
"03463101",1,"2015","2014",2,0,0,"3",-0.4,-0.4,"0","T",0,0,0,"D",0,"D",0,"D",0,"D",900,"D",0,"D",0,"D",0,"D",0,"D",9200,"D",80,"D",0,"D",0,"D",3080,"D",0,0,0,0,0,0,0,0,900,900,0,0,0,0,0,0,0,0,0,0,900,900,0,0,0,0,0,0,0,0,0,0,0,0,0,0,0,0,0
"03463111",1,"2015","2014",3,0,0,"3",-0.45,-0.45,"28","D",-0.045,-0.045,0,"D",0,"D",0,"D",0,"D",0,"D",0,"D",0,"D",0,"D",2400,"D",0,"D",0,"D",0,"D",3,"D",0,"D",0,0,0,0,0,0,0,0,0,0,0.01,0.01,0,0,0,0,0,0,0,0,0,0,0,0,0,0,0,0,9100,9250,0,0,0,0,0,0,0,0,0
"03463111",3,"2015","2014",0,0.153,0.153,"1",-0.0765,-0.0765,"28","D",-0.0077,-0.0077,0,"D",0,"D",800,"D",0,"D",0,"D",0,"D",0,"D",0,"D",0,"D",0,"D",0,"D",0,"D",0,"D",0,"D",-61,-6,-61.2,-61.2,-6.12,-6.12,122.4,122.4,800,800,800.01,800.01,0,0,0,0,0,0,61.2,61.2,800,800,0,0,0,0,0,0,6200,6300,0,0,0,0,0,0,6.12,6.12,0
"03463121",1,"2015","2014",0,0.153,0.153,"1",0.15,0.15,"41","D",0.07,0.07,0,"D",0,"D",43929,"D",0,"D",0,"D",0,"D",0,"D",0,"D",10056,"D",0,"D",0,"D",0,"D",0,"D",0,"D",4596,1869,4613.1,4583.1,1874.93,1864.43,6721.14,6721.14,43929,43929,33779.01,33629.01,0,0,0,0,0,0,0,0,43929,43929,0,0,4613.1,4583.1,4613.1,4583.1,0,0,0,0,0,0,0,0,0,0,0
"03463131",1,"2015","2014",0,0,0,"2",-0.0765,-0.0765,"10","D",0,0,0,"D",0,"D",0,"D",0,"D",0,"D",16858,"D",16255,"D",0,"D",0,"D",2000,"D",0,"D",0,"D",0,"D",12804,"D",0,0,0,0,0,0,0,0,16858,16858,0,0,0,0,0,0,0,0,0,0,16858,16858,0,0,0,0,0,0,0,0,0,0,0,0,0,0,0,0,0
"03463151",1,"2015","2014",1,0.153,0.153,"3",0,0,"14","D",0.0375,0.05,0,"D",0,"D",13312,"D",0,"D",0,"D",0,"D",0,"D",0,"D",9360,"D",0,"D",0,"D",0,"D",1,"D",0,"D",-4337,52,-4305,-4359,122.6,2.05,2036.74,2036.74,13312,13312,13312.01,13312.01,0,0,1000,1000,0,0,3305,3359,13312,13312,0,0,0,0,0,0,0,0,0,0,0,0,0,0,330.5,335.9,0
"03463191",1,"2015","2014",2,0.153,0.153,"2",0.2639,0.2638,"34","D",0.0575,0.058,0,"D",0,"D",87131,"D",112500,"D",-5155,"D",0,"D",0,"D",0,"D",0,"D",2500,"D",0,"D",0,"D",2,"D",6352,"D",31751,10357,31883.03,31656.66,10409.61,10319.87,30543.54,30543.54,194476,194476,194476.01,194476.01,0,0,0,0,0,0,0,0,188124,188124,0,0,31883.03,31656.66,31883.03,31656.66,15000,15000,8852,8852,0,0,0,0,0,0,0
"03463221",1,"2015","2014",1,0.0787,0.0787,"2",0.325,0.325,"16","D",0.0589,0.0589,0,"D",0,"D",170000,"D",83000,"D",0,"D",0,"D",0,"D",0,"D",0,"D",6400,"D",600,"D",0,"D",1,"D",13788,"D",45937,13111,46225.4,45731.4,13113.61,13109.33,32164,32350,253000,253000,253000.01,253000.01,0,0,0,0,0,0,0,0,239212,239212,948.85,691.15,45276.55,45040.25,45276.55,45040.25,4740,4810,20788,20788,0,0,0,0,0,0,0
"03463251",1,"2015","2014",2,0,0,"3",-0.4,-0.4,"33","D",-0.118,-0.118,0,"D",0,"D",0,"D",0,"D",511,"D",10701,"D",0,"D",0,"D",0,"D",5400,"D",185,"D",0,"D",0,"D",480,"D",0,-256,0,0,-255.6,-255.6,0,0,11212,11212,11212.01,11212.01,0,0,0,0,0,0,0,0,11212,11212,0,0,0,0,0,0,10950,11100,0,0,55.6,55.6,0,0,0,0,0
"03463281",1,"2015","2014",0,0.153,0.153,"1",0.1765,0.1765,"44","D",0,0,0,"D",0,"D",12000,"D",0,"D",0,"D",0,"D",0,"D",0,"D",7716,"D",0,"D",0,"D",0,"D",0,"D",0,"D",-32,0,-13.41,-46.12,0,0,1836,1836,12000,12000,0,0,0,0,0,0,0,0,198.41,216.12,12000,12000,0,0,185,170,185,170,0,0,0,0,0,0,0,0,0,0,0
"03463281",2,"2015","2014",0,0.153,0.153,"1",0,0,"44","D",0,0,0,"D",0,"D",6652,"D",0,"D",0,"D",0,"D",0,"D",0,"D",0,"D",0,"D",0,"D",0,"D",0,"D",0,"D",-500,0,-496,-503,0,0,1017.76,1017.76,6652,6652,0,0,0,0,0,0,0,0,496,503,6652,6652,0,0,0,0,0,0,0,0,0,0,0,0,0,0,0,0,0
"03463301",1,"2015","2014",2,0.153,0.153,"2",0.2106,0.2106,"44","D",0,0,0,"D",0,"D",24836,"D",1520,"D",0,"D",0,"D",0,"D",0,"D",0,"D",2100,"D",0,"D",0,"D",0,"D",3468,"D",-4907,0,-4807.98,-4978.12,0,0,4032.47,4032.47,26356,26356,0,0,0,0,0,0,0,0,4807.98,4978.12,26356,26356,0,0,0,0,0,0,0,0,0,0,0,0,0,0,0,0,0
"03463301",2,"2015","2014",2,0,0,"3",-0.4,-0.4,"44","D",0,0,0,"D",0,"D",0,"D",0,"D",0,"D",0,"D",0,"D",0,"D",0,"D",0,"D",0,"D",0,"D",0,"D",0,"D",0,0,0,0,0,0,0,0,0,0,0,0,0,0,0,0,0,0,0,0,0,0,0,0,0,0,0,0,0,0,0,0,0,0,0,0,0,0,0
"03463321",1,"2015","2014",0,0.153,0.153,"1",0.25,0.25,"10","D",0,0,0,"D",0,"D",81360,"D",0,"D",0,"D",0,"D",0,"D",0,"D",0,"D",1400,"D",0,"D",0,"D",0,"D",1044,"D",13600,0,13658.75,13558.75,0,0,12448.08,12448.08,81360,81360,0,0,0,0,0,0,0,0,0,0,81360,81360,0,0,13658.75,13558.75,13658.75,13558.75,0,0,0,0,0,0,0,0,0,0,0
"03463341",1,"2015","2014",0,0,0,"1",0,0,"23","D",0,0,1,"D",1,"D",0,"D",0,"D",0,"D",0,"D",21600,"D",0,"D",0,"D",4000,"D",250,"D",0,"D",0,"D",11820,"D",0,-1200,0,0,-1200,-1200,0,0,0,0,0.01,0.01,0,0,0,0,0,0,0,0,0,0,0,0,0,0,0,0,0,0,0,0,1200,1200,0,0,0,0,0
"03463351",1,"2015","2014",0,0,0,"1",-0.0765,-0.0765,"0","T",0,0,0,"D",0,"D",0,"D",0,"D",0,"D",0,"D",12432,"D",0,"D",0,"D",100,"D",0,"D",0,"D",0,"D",4260,"D",0,0,0,0,0,0,0,0,0,0,0,0,0,0,0,0,0,0,0,0,0,0,0,0,0,0,0,0,0,0,0,0,0,0,0,0,0,0,0
"03463391",1,"2015","2014",4,0,0,"3",0,0,"10","D",0,0,0,"D",0,"D",0,"D",0,"D",4000,"D",0,"D",0,"D",0,"D",0,"D",0,"D",0,"D",0,"D",1,"D",0,"D",0,0,0,0,0,0,0,0,4000,4000,0,0,0,0,0,0,0,0,0,0,4000,4000,0,0,0,0,0,0,0,0,0,0,0,0,0,0,0,0,0
"03463391",2,"2015","2014",0,0.153,0.153,"1",0.225,0.225,"10","D",0,0,0,"D",0,"D",20800,"D",0,"D",0,"D",0,"D",12070,"D",0,"D",0,"D",0,"D",0,"D",0,"D",0,"D",0,"D",1264,0,1281.38,1251.38,0,0,3182.4,3182.4,21717.5,21717.5,0,0,0,0,0,0,0,0,0,0,21717.5,21717.5,0,0,1281.38,1251.38,1281.38,1251.38,0,0,0,0,0,0,0,0,0,0,0
"03463391",3,"2015","2014",0,0.153,0.153,"1",0,0,"10","D",0,0,0,"D",0,"D",8000,"D",0,"D",0,"D",0,"D",0,"D",0,"D",0,"D",0,"D",0,"D",0,"D",0,"D",0,"D",-500,0,-496,-503,0,0,1224,1224,8000,8000,0,0,0,0,0,0,0,0,496,503,8000,8000,0,0,0,0,0,0,0,0,0,0,0,0,0,0,0,0,0
"03463404",1,"2015","2014",3,0.153,0.153,"2",0.3106,0.3106,"50","D",0.1416,0.1416,0,"D",0,"D",48000,"D",0,"D",-2640,"D",0,"D",0,"D",0,"D",0,"D",2500,"D",30,"D",0,"D",3,"D",4940,"D",-2744,732,-2611.76,-2837.89,783.74,695.69,7344,7344,45360,45360,45360.01,45360.01,1321,1276,1679,1724,0,0,932.76,1113.89,45360,45360,0,0,1321,1276,1321,1276,13291.28,13666.54,4940,4940,0,0,0,0,317.14,378.72,0
"03463411",1,"2015","2014",0,0.153,0.153,"2",0.1,0.1,"33","D",0.0443,0.0443,0,"D",0,"D",4544,"D",18813,"D",0,"D",0,"D",0,"D",0,"D",10600,"D",0,"D",0,"D",0,"D",0,"D",0,"D",288,236,305.7,275.7,241.16,233.16,3573.62,3573.62,23357,23357,23357.01,23357.01,0,0,0,0,0,0,0,0,23357,23357,0,0,305.7,275.7,305.7,275.7,15650,15850,0,0,0,0,0,0,0,0,0
"03463421",1,"2015","2014",0,0.153,0.153,"1",0.15,0.15,"0","T",0,0,0,"D",0,"D",22000,"D",0,"D",2200,"D",0,"D",0,"D",0,"D",0,"D",600,"D",146,"D",0,"D",0,"D",1740,"D",1636,0,1653.75,1623.75,0,0,3366,3366,24200,24200,0,0,0,0,0,0,0,0,0,0,24200,24200,0,0,1653.75,1623.75,1653.75,1623.75,0,0,0,0,0,0,0,0,0,0,0
"03463441",1,"2015","2014",2,0.153,0.153,"2",0.3106,0.3106,"28","D",0.0562,0.0562,0,"D",0,"D",17473,"D",17960,"D",0,"D",0,"D",0,"D",0,"D",9240,"D",0,"D",369,"D",0,"D",2,"D",0,"D",-4296,-75,-4173.07,-4383.2,-56.18,-89.22,5421.25,5421.25,35433,35433,35433.01,35433.01,723.3,683.3,1276.7,1316.7,0,0,2896.37,3066.5,35433,35433,0,0,723.3,683.3,723.3,683.3,12400,12600,0,0,0,0,0,0,289.64,306.65,0
"03463471",1,"2015","2014",0,0.153,0.153,"2",0.2339,0.2339,"33","D",0.0645,0.0645,2,"D",2,"D",87746,"D",0,"D",4259,"D",45000,"D",41324,"D",0,"D",0,"D",16180,"D",100,"D",0,"D",0,"D",14000,"D",24203,3637,24288.6,24142.49,3645.99,3630.45,13425.14,13425.14,172130.4,172130.4,97005.01,97005.01,0,0,0,0,0,0,0,0,158130.4,158130.4,0,0,24288.6,24142.49,24288.6,24142.49,15650,15850,30280,30280,0,0,0,0,0,0,0
"03463483",1,"2015","2014",2,0.153,0.153,"2",0.15,0.15,"19","D",0.034,0.034,0,"D",0,"D",41000,"D",46000,"D",-2400,"D",0,"D",0,"D",0,"D",0,"D",800,"D",0,"D",480,"D",2,"D",0,"D",5413,2417,5456.5,5381.5,2436.14,2403.14,13311,13311,84600,84600,84600.01,84600.01,2000,2000,0,0,96,96,0,0,84600,84600,0,0,7552.5,7477.5,7552.5,7477.5,0,0,0,0,0,0,0,0,0,0,0
"03463501",1,"2015","2014",0,0.153,0.153,"1",0,0,"33","D",0,0,1,"D",1,"D",2173,"D",0,"D",40,"D",3644,"D",24000,"D",0,"D",8388,"D",0,"D",10,"D",0,"D",0,"D",400,"D",0,0,0,0,0,0,332.47,332.47,5857,5857,2213.01,2213.01,0,0,0,0,0,0,0,0,5857,5857,0,0,0,0,0,0,7800,7900,0,0,0,0,0,0,0,0,0
"03463531",1,"2015","2014",3,0,0,"3",-0.45,-0.45,"29","D",0,0,0,"D",0,"D",0,"D",0,"D",0,"D",0,"D",0,"D",0,"D",13200,"D",0,"D",0,"D",0,"D",1,"D",0,"D",0,0,0,0,0,0,0,0,0,0,0,0,0,0,0,0,0,0,0,0,0,0,0,0,0,0,0,0,0,0,0,0,0,0,0,0,0,0,0
"03463561",1,"2015","2014",4,0,0,"3",-0.45,-0.45,"19","D",-0.0158,-0.0158,0,"D",0,"D",0,"D",0,"D",0,"D",0,"D",0,"D",0,"D",0,"D",300,"D",0,"D",0,"D",2,"D",1748,"D",0,0,0,0,0,0,0,0,0,0,0.01,0.01,0,0,0,0,0,0,0,0,0,0,0,0,0,0,0,0,0,0,0,0,0,0,0,0,0,0,0
"03463571",1,"2015","2014",0,0.03,0.03,"2",0.28,0.28,"03","D",0.0424,0.0424,0,"D",0,"D",228786,"D",1800,"D",0,"D",0,"D",0,"D",0,"D",0,"D",1900,"D",0,"D",0,"D",0,"D",0,"D",45964,7981,46127.08,45847.58,7996,7969.85,21418.19,21604.19,230586,230586,230586.01,230586.01,0,0,0,0,0,0,0,0,230586,230586,0,0,46127.08,45847.58,46127.08,45847.58,10018,10182,9896,9869.85,0,0,0,0,0,0,0
"03463581",1,"2015","2014",0,0.0757,0.0757,"2",0.361,0.3608,"30","D",0,0,0,"D",0,"D",100000,"D",228786,"D",2798,"D",0,"D",0,"D",0,"D",0,"D",6000,"D",0,"D",0,"D",0,"D",32156,"D",70729,0,71050.81,70498.87,0,0,37151.87,37337.87,331584,331584,0,0,0,0,0,0,0,0,0,0,299428,299428,0,0,70944.49,70392.55,70944.49,70392.55,0,0,0,0,0,0,0,0,0,0,0
"03463591",1,"2015","2014",0,0.0578,0.0578,"2",0.2656,0.2654,"22","D",0.0515,0.052,1,"D",1,"D",160000,"D",48313,"D",0,"D",0,"D",19200,"D",0,"D",0,"D",6500,"D",0,"D",0,"D",0,"D",5092,"D",41736,10073,41850,41653.78,10130.28,10032.87,26539.89,26725.89,224633,224633,208313.01,208313.01,0,0,0,0,0,0,0,0,219541,219541,0,0,41850,41653.78,41850,41653.78,0,0,0,0,0,0,0,0,0,0,0
"03463591",2,"2015","2014",0,0.153,0.153,"1",0.25,0.25,"22","D",0.0515,0.052,0,"D",0,"D",63419,"D",0,"D",0,"D",0,"D",0,"D",0,"D",0,"D",0,"D",0,"D",0,"D",0,"D",0,"D",9115,2948,9173.5,9073.5,2964.99,2936.48,9703.11,9703.11,63419,63419,63419.01,63419.01,0,0,0,0,0,0,0,0,63419,63419,0,0,9173.5,9073.5,9173.5,9073.5,0,0,0,0,0,0,0,0,0,0,0
"03463601",1,"2015","2014",1,0.153,0.153,"2",0.3,0.3,"0","T",0,0,0,"D",0,"D",82000,"D",26333,"D",6000,"D",0,"D",0,"D",0,"D",0,"D",500,"D",130,"D",800,"D",1,"D",15896,"D",12164,0,12258.4,12095.9,0,0,16574.95,16574.95,114333,114333,0,0,783.35,783.35,0,0,160,160,0,0,98437,98437,0,0,13201.75,13039.25,13201.75,13039.25,0,0,0,0,0,0,0,0,0,0,0
"03463611",1,"2015","2014",0,0.153,0.153,"1",0.15,0.15,"19","D",0.034,0.034,0,"D",0,"D",28000,"D",0,"D",0,"D",0,"D",0,"D",0,"D",0,"D",800,"D",0,"D",0,"D",0,"D",3204,"D",2206,702,2223.75,2193.75,701.05,702.25,4284,4284,28000,28000,28000.01,28000.01,0,0,0,0,0,0,0,0,28000,28000,0,0,2223.75,2193.75,2223.75,2193.75,0,0,0,0,0,0,0,0,0,0,0
"03463621",1,"2015","2014",2,0.153,0.153,"3",0.3457,0.3457,"47","D",0.0996,0.0996,0,"D",0,"D",33978,"D",0,"D",1,"D",0,"D",0,"D",0,"D",0,"D",300,"D",232,"D",0,"D",2,"D",6420,"D",-2646,706,-2538.62,-2721.85,724.32,693.25,5198.63,5198.63,33979,33979,33979.01,33979.01,1520.4,1492.56,479.6,507.44,0,0,2059.02,2214.41,27559,27559,0,0,1520.4,1492.56,1520.4,1492.56,3000,3000,6952,6952,0,0,0,0,411.8,442.88,0
"03463631",1,"2015","2014",0,0.153,0.153,"2",0.1,0.1,"14","D",0.0375,0.05,0,"D",0,"D",0,"D",17344,"D",3329,"D",0,"D",0,"D",0,"D",0,"D",3100,"D",41,"D",0,"D",0,"D",0,"D",20,545,37.3,7.3,666.15,458.99,2653.63,2653.63,20673,20673,20673.01,20673.01,0,0,0,0,0,0,0,0,20673,20673,0,0,37.3,7.3,37.3,7.3,0,0,0,0,155,155,0,0,0,0,0
"03463631",2,"2015","2014",0,0.153,0.153,"1",0.25,0.25,"14","D",0.0375,0.05,0,"D",0,"D",57188,"D",0,"D",0,"D",0,"D",0,"D",0,"D",0,"D",0,"D",0,"D",0,"D",0,"D",0,"D",7557,2351,7615.75,7515.75,2753.15,2063.93,8749.76,8749.76,57188,57188,57188.01,57188.01,0,0,0,0,0,0,0,0,57188,57188,0,0,7615.75,7515.75,7615.75,7515.75,0,0,0,0,0,0,0,0,0,0,0
"03463641",1,"2015","2014",0,0.153,0.153,"1",0.2614,0.2614,"33","D",0.0665,0.0665,0,"D",0,"D",115000,"D",0,"D",0,"D",0,"D",0,"D",0,"D",16080,"D",0,"D",200,"D",0,"D",0,"D",0,"D",22150,7125,22217.69,22101.05,7128.8,7122.15,17595,17595,115000,115000,115000.01,115000.01,0,0,0,0,0,0,0,0,115000,115000,0,0,22217.69,22101.05,22217.69,22101.05,7800,7900,185,185,0,0,0,0,0,0,0
"03463641",2,"2015","2014",0,0.153,0.153,"1",0.25,0.25,"33","D",0.0645,0.0645,0,"D",0,"D",50000,"D",0,"D",0,"D",0,"D",0,"D",0,"D",0,"D",0,"D",0,"D",0,"D",0,"D",0,"D",5760,2385,5818.75,5718.75,2393.01,2378.8,7650,7650,50000,50000,50000.01,50000.01,0,0,0,0,0,0,0,0,50000,50000,0,0,5818.75,5718.75,5818.75,5718.75,7800,7900,0,0,0,0,0,0,0,0,0
"03463661",1,"2015","2014",0,0.153,0.153,"1",0.15,0.15,"10","D",0,0,0,"D",0,"D",46187,"D",0,"D",0,"D",0,"D",0,"D",0,"D",16800,"D",0,"D",0,"D",0,"D",0,"D",0,"D",4934,0,4951.8,4921.8,0,0,7066.61,7066.61,46187,46187,0,0,0,0,0,0,0,0,0,0,46187,46187,0,0,4951.8,4921.8,4951.8,4921.8,0,0,0,0,0,0,0,0,0,0,0
"03463671",1,"2015","2014",1,0.153,0.153,"2",0.15,0.15,"39","D",0.0307,0.0307,0,"D",0,"D",58523,"D",0,"D",1217,"D",0,"D",0,"D",0,"D",19800,"D",0,"D",10,"D",0,"D",1,"D",0,"D",3377,1834,3416,3348.5,1834.02,1834.02,8954.02,8954.02,59740,59740,59740.01,59740.01,1000,1000,0,0,0,0,0,0,59740,59740,0,0,4416,4348.5,4416,4348.5,0,0,0,0,0,0,0,0,0,0,0
"03463681",1,"2015","2014",0,0,0,"1",-0.0765,-0.0765,"22","D",-0.0115,-0.0115,0,"D",0,"D",0,"D",0,"D",0,"D",0,"D",9862,"D",0,"D",3084,"D",0,"D",30,"D",0,"D",0,"D",0,"D",0,0,0,0,0,0,0,0,0,0,0.01,0.01,0,0,0,0,0,0,0,0,0,0,0,0,0,0,0,0,0,0,0,0,0,0,0,0,0,0,0
"03463691",1,"2015","2014",1,0.153,0.153,"2",0.25,0.25,"05","D",0.093,0.093,0,"D",0,"D",55798,"D",84687,"D",-8182,"D",0,"D",0,"D",0,"D",15000,"D",0,"D",100,"D",0,"D",1,"D",0,"D",18602,5983,18725.75,18513.25,6030.25,5949.86,21494.2,21494.2,132303,132303,132303.01,132303.01,0,0,0,0,0,0,0,0,132303,132303,0,0,18725.75,18513.25,18725.75,18513.25,7984,8088,100,100,0,0,0,0,0,0,0
"03463751",1,"2015","2014",0,0,0,"2",0.15,0.15,"38","D",0.0826,0.0826,2,"D",2,"D",0,"D",0,"D",12111,"D",50800,"D",33707,"D",0,"D",0,"D",7000,"D",2598,"D",0,"D",0,"D",0,"D",9378,3093,9421.79,9346.79,3105.63,3084.51,0,0,91561.95,91561.95,62911.01,62911.01,0,0,0,0,0,0,0,0,91561.95,91561.95,0,0,9421.79,9346.79,9421.79,9346.79,6231.2,6289.91,12676.23,12655.3,0,0,0,0,0,0,0
"03463761",1,"2015","2014",3,0.153,0.153,"2",0.2106,0.2106,"44","D",0,0,0,"D",0,"D",18000,"D",8000,"D",0,"D",0,"D",0,"D",0,"D",10320,"D",0,"D",1000,"D",0,"D",2,"D",0,"D",-7672,0,-7565.96,-7747.09,0,0,3978,3978,26000,26000,0,0,0,0,2000,2000,0,0,5565.96,5747.09,26000,26000,0,0,0,0,0,0,0,0,0,0,0,0,0,0,0,0,0
"03463791",1,"2015","2014",2,0.153,0.153,"3",-0.55,-0.55,"44","D",0,0,0,"D",0,"D",3600,"D",0,"D",0,"D",0,"D",0,"D",0,"D",0,"D",1400,"D",360,"D",0,"D",2,"D",4028,"D",-1530,0,-1530,-1530,0,0,550.8,550.8,3600,3600,0,0,0,0,90,90,0,0,1440,1440,3600,3600,0,0,0,0,0,0,0,0,0,0,0,0,0,0,0,0,0
"03463801",1,"2015","2014",4,0.153,0.153,"2",0.15,0.15,"19","D",0.034,0.034,0,"D",0,"D",55000,"D",35000,"D",0,"D",0,"D",0,"D",0,"D",0,"D",150,"D",0,"D",0,"D",3,"D",2044,"D",4125,2633,4177.5,4087.5,2672.9,2604.5,13770,13770,90000,90000,90000.01,90000.01,3000,3000,0,0,0,0,0,0,90000,90000,0,0,7177.5,7087.5,7177.5,7087.5,0,0,0,0,0,0,0,0,0,0,0
"03463821",1,"2015","2014",3,0.153,0.153,"3",-0.6,-0.6,"44","D",0,0,0,"D",0,"D",10000,"D",0,"D",0,"D",0,"D",0,"D",0,"D",0,"D",2500,"D",0,"D",0,"D",3,"D",3024,"D",-5550,0,-5550,-5550,0,0,1530,1530,10000,10000,0,0,0,0,1050,1050,0,0,4500,4500,10000,10000,0,0,0,0,0,0,0,0,0,0,0,0,0,0,0,0,0
"03463831",1,"2015","2014",0,0,0,"1",-0.0765,-0.0765,"05","D",0,0,0,"D",0,"D",0,"D",0,"D",0,"D",0,"D",7284,"D",0,"D",1728,"D",0,"D",0,"D",0,"D",0,"D",0,"D",0,0,0,0,0,0,0,0,0,0,0.01,0.01,0,0,0,0,0,0,0,0,0,0,0,0,0,0,0,0,3992,4044,0,0,0,0,0,0,0,0,0
"03463841",1,"2015","2014",0,0.153,0.153,"1",0.15,0.15,"43","D",0,0,0,"D",0,"D",42000,"D",0,"D",0,"D",0,"D",0,"D",0,"D",7800,"D",1000,"D",1500,"D",0,"D",0,"D",0,"D",4306,0,4323.75,4293.75,0,0,6426,6426,42000,42000,0,0,0,0,0,0,0,0,0,0,42000,42000,0,0,4323.75,4293.75,4323.75,4293.75,0,0,0,0,0,0,0,0,0,0,0
"03463841",2,"2015","2014",0,0.153,0.153,"1",0.15,0.15,"43","D",0,0,0,"D",0,"D",25717,"D",0,"D",0,"D",0,"D",0,"D",0,"D",0,"D",0,"D",0,"D",0,"D",0,"D",0,"D",1864,0,1881.3,1851.3,0,0,3934.7,3934.7,25717,25717,0,0,0,0,0,0,0,0,0,0,25717,25717,0,0,1881.3,1851.3,1881.3,1851.3,0,0,0,0,0,0,0,0,0,0,0
"03463851",1,"2015","2014",0,0.069,0.069,"2",0.35,0.35,"28","D",0.0684,0.0796,0,"D",0,"D",76256,"D",228786,"D",79,"D",0,"D",0,"D",0,"D",0,"D",2500,"D",396,"D",0,"D",0,"D",5544,"D",66918,18355,67261.95,66671.95,18373.49,18341.95,33305.34,33491.34,305121,305121,305121.01,305121.01,0,0,0,0,0,0,0,0,299577,299577,2117.79,1928.06,65141.16,64740.89,65141.16,64740.89,0,0,8431.9,8440,0,0,0,0,0,0,0
"03463871",1,"2015","2014",0,0.153,0.153,"2",0.2267,0.2267,"05","D",0.093,0.093,0,"D",0,"D",77106,"D",101493,"D",0,"D",0,"D",0,"D",0,"D",0,"D",4100,"D",0,"D",0,"D",0,"D",12180,"D",27765,9858,27842.94,27709.62,9897.25,9830.54,27325.65,27325.65,178599,178599,178599.01,178599.01,0,0,0,0,0,0,0,0,166419,166419,0,0,27842.94,27709.62,27842.94,27709.62,7984,8088,16280,16280,0,0,0,0,0,0,0
"03463901",1,"2015","2014",0,0.029,0.029,"1",0.254,0.254,"05","D",0.093,0.093,1,"D",1,"D",160000,"D",0,"D",0,"D",0,"D",0,"D",0,"D",19800,"D",0,"D",0,"D",0,"D",0,"D",0,"D",33503,11779,33565.32,33457.79,11801.54,11762.34,19148,19334,160000,160000,160000.01,160000.01,0,0,0,0,0,0,0,0,160000,160000,0,0,33565.32,33457.79,33565.32,33457.79,3992,4044,0,0,0,0,0,0,0,0,0
"03463911",1,"2015","2014",2,0.153,0.153,"3",0.3106,0.3106,"44","D",0,0,0,"D",0,"D",25975,"D",0,"D",0,"D",0,"D",0,"D",0,"D",2004,"D",0,"D",0,"D",0,"D",2,"D",480,"D",-5350,0,-5242.16,-5427.55,0,0,3974.17,3974.17,25975,25975,0,0,502.5,472.5,1497.5,1527.5,0,0,3744.66,3900.05,25975,25975,0,0,502.5,472.5,502.5,472.5,0,0,0,0,0,0,0,0,0,0,0
"03463921",1,"2015","2014",0,0.153,0.153,"1",0.25,0.25,"05","D",0.093,0.093,1,"D",1,"D",59000,"D",0,"D",68,"D",0,"D",16942,"D",0,"D",0,"D",1800,"D",18,"D",0,"D",0,"D",0,"D",11240,2392,11298.43,11198.43,2414.86,2375.67,9027,9027,73468.7,73468.7,59068.01,59068.01,0,0,0,0,0,0,0,0,73468.7,73468.7,0,0,11298.43,11198.43,11298.43,11198.43,3992,4044,1818,1818,0,0,0,0,0,0,0
"03463951",1,"2015","2014",0,0,0,"1",-0.0765,-0.0765,"39","D",0,0,0,"D",0,"D",0,"D",0,"D",0,"D",0,"D",18600,"D",0,"D",0,"D",250,"D",0,"D",0,"D",0,"D",0,"D",0,0,0,0,0,0,0,0,0,0,0.01,0.01,0,0,0,0,0,0,0,0,0,0,0,0,0,0,0,0,0,0,0,0,0,0,0,0,0,0,0
"03463961",1,"2015","2014",1,0.153,0.153,"2",0.2598,0.2598,"25","D",0.05,0.05,0,"D",0,"D",33254,"D",0,"D",0,"D",0,"D",0,"D",0,"D",4200,"D",0,"D",0,"D",0,"D",1,"D",0,"D",-1896,608,-1807.56,-1958.88,607.7,607.7,5087.86,5087.86,33254,33254,33254.01,33254.01,900.4,865.4,99.6,134.6,0,0,1707.96,1824.28,33254,33254,0,0,900.4,865.4,900.4,865.4,4600,4600,0,0,0,0,0,0,0,0,0
"03463961",2,"2015","2014",0,0.153,0.153,"1",0.1,0.1,"25","D",0.04,0.04,0,"D",0,"D",14943,"D",0,"D",0,"D",0,"D",0,"D",0,"D",0,"D",0,"D",0,"D",0,"D",0,"D",0,"D",471,216,479.3,464.3,215.72,215.72,2286.28,2286.28,14943,14943,14943.01,14943.01,0,0,0,0,0,0,0,0,14943,14943,0,0,479.3,464.3,479.3,464.3,2300,2300,0,0,0,0,0,0,0,0,0
"03463961",3,"2015","2014",0,0.153,0.153,"1",0.1,0.1,"25","D",0.05,0.05,0,"D",0,"D",18520,"D",0,"D",0,"D",0,"D",0,"D",0,"D",0,"D",0,"D",0,"D",0,"D",0,"D",0,"D",828,361,837,822,361,361,2833.56,2833.56,18520,18520,18520.01,18520.01,0,0,0,0,0,0,0,0,18520,18520,0,0,837,822,837,822,2300,2300,0,0,0,0,0,0,0,0,0
"03463971",1,"2015","2014",0,0.153,0.153,"2",0.15,0.15,"33","D",0.0645,0.0645,1,"D",1,"D",64000,"D",0,"D",0,"D",0,"D",0,"D",0,"D",0,"D",5000,"D",105,"D",0,"D",0,"D",3684,"D",5428,2444,5467.5,5400,2460.8,2432.37,9792,9792,64000,64000,64000.01,64000.01,0,0,0,0,0,0,0,0,64000,64000,0,0,5467.5,5400,5467.5,5400,15650,15850,0,0,0,0,0,0,0,0,0
"03463991",1,"2015","2014",1,0.153,0.153,"2",0,0,"03","D",0,0,0,"D",0,"D",12000,"D",0,"D",0,"D",0,"D",0,"D",0,"D",0,"D",1800,"D",0,"D",0,"D",0,"D",1248,"D",-3337,-75,-3305,-3359,-75,-75,1836,1836,12000,12000,12000.01,12000.01,0,0,0,0,0,0,3305,3359,12000,12000,0,0,0,0,0,0,10018,10182,3320.43,3320.43,0,0,0,0,0,0,0
"03464021",1,"2015","2014",2,0,0,"3",-0.4,-0.4,"29","D",0,0,0,"D",0,"D",0,"D",0,"D",0,"D",1692,"D",0,"D",0,"D",0,"D",1100,"D",0,"D",0,"D",0,"D",0,"D",0,0,0,0,0,0,0,0,1692,1692,0,0,0,0,0,0,0,0,0,0,1692,1692,0,0,0,0,0,0,0,0,0,0,0,0,0,0,0,0,0
"03464031",1,"2015","2014",0,0.153,0.153,"2",0.15,0.15,"36","D",0.0301,0.0324,0,"D",0,"D",40000,"D",30000,"D",-1200,"D",0,"D",0,"D",0,"D",0,"D",1900,"D",0,"D",0,"D",0,"D",4260,"D",6333,1603,6367.5,6307.5,1664.23,1559.33,10710,10710,68800,68800,68800.01,68800.01,0,0,0,0,0,0,0,0,68800,68800,0,0,6367.5,6307.5,6367.5,6307.5,0,0,0,0,0,0,0,0,0,0,0
"03464051",1,"2015","2014",0,0.153,0.153,"2",0.15,0.15,"33","D",0.0645,0.0645,1,"D",1,"D",51146,"D",35506,"D",0,"D",0,"D",0,"D",0,"D",0,"D",7000,"D",200,"D",0,"D",0,"D",0,"D",8826,3905,8865.3,8797.8,3921.85,3893.42,13257.76,13257.76,86652,86652,86652.01,86652.01,0,0,0,0,0,0,0,0,86652,86652,0,0,8865.3,8797.8,8865.3,8797.8,15650,15850,0,0,0,0,0,0,0,0,0
"03464061",1,"2015","2014",2,0,0,"3",-0.4,-0.4,"37","D",-0.02,-0.02,0,"D",0,"D",0,"D",0,"D",0,"D",0,"D",0,"D",0,"D",0,"D",9000,"D",0,"D",0,"D",0,"D",0,"D",0,-120,0,0,-120,-120,0,0,0,0,0.01,0.01,0,0,0,0,0,0,0,0,0,0,0,0,0,0,0,0,9100,9250,0,0,0,0,0,0,0,0,0
"03464071",1,"2015","2014",1,0.153,0.153,"3",0.15,0.15,"28","D",0.0501,0.0501,0,"D",0,"D",44295,"D",0,"D",0,"D",0,"D",0,"D",0,"D",10200,"D",0,"D",0,"D",0,"D",0,"D",0,"D",3419,1005,3446.75,3399.25,1016.47,997.1,6777.13,6777.13,44295,44295,44295.01,44295.01,0,0,0,0,0,0,0,0,44295,44295,0,0,3446.75,3399.25,3446.75,3399.25,9100,9250,0,0,0,0,0,0,0,0,0
"03464101",1,"2015","2014",2,0,0,"3",-0.4,-0.4,"14","D",-0.04,-0.04,0,"D",0,"D",0,"D",0,"D",0,"D",5598,"D",0,"D",0,"D",0,"D",5200,"D",560,"D",0,"D",0,"D",3467,"D",0,0,0,0,0,0,0,0,5598,5598,0.01,0.01,0,0,0,0,0,0,0,0,5598,5598,0,0,0,0,0,0,0,0,0,0,0,0,0,0,0,0,0
"03464114",1,"2015","2014",2,0.153,0.153,"3",0.3,0.3,"39","D",0.0307,0.0307,0,"D",0,"D",77394,"D",0,"D",0,"D",0,"D",0,"D",0,"D",20400,"D",0,"D",0,"D",0,"D",1,"D",0,"D",7547,2376,7643.2,7478.2,2376,2376,11841.28,11841.28,77394,77394,77394.01,77394.01,880.3,880.3,0,0,0,0,0,0,77394,77394,0,0,8523.5,8358.5,8523.5,8358.5,0,0,0,0,0,0,0,0,0,0,0
"03464114",2,"2015","2014",0,0.153,0.153,"1",0.25,0.25,"39","D",0.0307,0.0307,0,"D",0,"D",62051,"D",0,"D",0,"D",0,"D",0,"D",0,"D",0,"D",0,"D",0,"D",0,"D",0,"D",0,"D",8773,1905,8831.5,8731.5,1904.97,1904.97,9493.8,9493.8,62051,62051,62051.01,62051.01,0,0,0,0,0,0,0,0,62051,62051,0,0,8831.5,8731.5,8831.5,8731.5,0,0,0,0,0,0,0,0,0,0,0
"03464121",1,"2015","2014",2,0,0,"3",-0.4,-0.4,"10","D",0,0,0,"D",0,"D",0,"D",0,"D",0,"D",0,"D",0,"D",0,"D",0,"D",350,"D",0,"D",0,"D",0,"D",600,"D",0,0,0,0,0,0,0,0,0,0,0,0,0,0,0,0,0,0,0,0,0,0,0,0,0,0,0,0,0,0,0,0,0,0,0,0,0,0,0
"03464131",1,"2015","2014",4,0.153,0.153,"3",0.3106,0.3106,"36","D",0.0148,0.0158,0,"D",0,"D",35409,"D",0,"D",600,"D",0,"D",0,"D",0,"D",7200,"D",0,"D",241,"D",0,"D",2,"D",0,"D",-3719,173,-3598.6,-3804.99,181.14,166.58,5417.58,5417.58,36009,36009,36009.01,36009.01,715.9,675.9,1284.1,1324.1,0,0,2314.5,2480.89,36009,36009,0,0,715.9,675.9,715.9,675.9,0,0,0,0,0,0,0,0,181.14,166.58,0
"03464141",1,"2015","2014",0,0.153,0.153,"2",0.15,0.15,"48","D",0,0,1,"D",1,"D",19533,"D",36791,"D",0,"D",0,"D",0,"D",0,"D",0,"D",1500,"D",35,"D",0,"D",0,"D",9040,"D",4277,0,4316.1,4248.6,0,0,8617.57,8617.57,56324,56324,0,0,0,0,0,0,0,0,0,0,56324,56324,0,0,4316.1,4248.6,4316.1,4248.6,0,0,0,0,0,0,0,0,0,0,0
"03464141",2,"2015","2014",0,0.153,0.153,"1",0.15,0.15,"48","D",0,0,0,"D",0,"D",24848,"D",0,"D",0,"D",0,"D",0,"D",0,"D",0,"D",0,"D",0,"D",0,"D",0,"D",0,"D",1733,0,1750.95,1720.95,0,0,3801.74,3801.74,24848,24848,0,0,0,0,0,0,0,0,0,0,24848,24848,0,0,1750.95,1720.95,1750.95,1720.95,0,0,0,0,0,0,0,0,0,0,0
"03464151",1,"2015","2014",1,0.153,0.153,"3",0.2406,0.2375,"14","D",0.0375,0.05,0,"D",0,"D",74574,"D",0,"D",0,"D",3277,"D",0,"D",0,"D",0,"D",5400,"D",122,"D",0,"D",0,"D",1400,"D",9420,2732,9358.2,9463.43,3246.2,2365.28,11409.82,11409.82,77851,77851,74574.01,74574.01,0,0,0,0,0,0,0,0,76451,76451,0,0,9358.2,9463.43,9358.2,9463.43,0,0,0,0,270,270,0,0,0,0,0
"03464161",1,"2015","2014",0,0.153,0.153,"2",0.25,0.25,"36","D",0.0396,0.0423,2,"D",2,"D",26276,"D",0,"D",67951,"D",0,"D",37002,"D",0,"D",0,"D",5000,"D",1395,"D",0,"D",0,"D",800,"D",17326,2693,17457.18,17232.18,2797.4,2617.97,4020.23,4020.23,125678.7,125678.7,94227.01,94227.01,0,0,0,0,0,0,0,0,125678.7,125678.7,0,0,17457.18,17232.18,17457.18,17232.18,0,0,0,0,0,0,0,0,0,0,0
"03464191",1,"2015","2014",2,0,0,"3",-0.4,-0.4,"11","D",0,0,0,"D",0,"D",0,"D",0,"D",0,"D",0,"D",0,"D",0,"D",5400,"D",0,"D",0,"D",0,"D",0,"D",0,"D",0,0,0,0,0,0,0,0,0,0,0.01,0.01,0,0,0,0,0,0,0,0,0,0,0,0,0,0,0,0,2300,2300,0,0,0,0,0,0,0,0,0
"03464201",1,"2015","2014",1,0,0,"3",0,0,"44","D",0,0,0,"D",0,"D",0,"D",0,"D",4000,"D",0,"D",0,"D",0,"D",12276,"D",0,"D",0,"D",0,"D",0,"D",0,"D",0,0,0,0,0,0,0,0,4000,4000,0,0,0,0,0,0,0,0,0,0,4000,4000,0,0,0,0,0,0,0,0,0,0,0,0,0,0,0,0,0
"03464221",1,"2015","2014",3,0.153,0.153,"2",0.3106,0.3106,"34","D",0.0575,0.058,0,"D",0,"D",17287,"D",32000,"D",0,"D",0,"D",0,"D",0,"D",5280,"D",0,"D",0,"D",0,"D",3,"D",0,"D",-2080,1679,-1948.01,-2174.15,1688.65,1671.5,7540.91,7540.91,49287,49287,49287.01,49287.01,1713.7,1668.7,1286.3,1331.3,0,0,661.71,842.85,49287,49287,0,0,1713.7,1668.7,1713.7,1668.7,15000,15000,0,0,0,0,0,0,0,0,0
"03464251",1,"2015","2014",0,0.038,0.038,"1",0.33,0.33,"44","D",0,0,0,"D",0,"D",228786,"D",0,"D",0,"D",0,"D",0,"D",0,"D",24000,"D",0,"D",0,"D",0,"D",0,"D",0,"D",55832,0,56008.13,55706.63,0,0,21401.87,21587.87,228786,228786,0,0,0,0,0,0,0,0,0,0,228786,228786,0,0,56008.13,55706.63,56008.13,55706.63,0,0,0,0,0,0,0,0,0,0,0
"03464261",1,"2015","2014",3,0.153,0.153,"2",0.2106,0.2106,"28","D",0.0211,0.0211,0,"D",0,"D",17000,"D",8000,"D",0,"D",0,"D",0,"D",0,"D",0,"D",200,"D",225,"D",0,"D",2,"D",480,"D",-7882,-588,-7776.56,-7957.69,-577.66,-595.77,3825,3825,25000,25000,25000.01,25000.01,0,0,2000,2000,0,0,5776.56,5957.69,25000,25000,0,0,0,0,0,0,12400,12600,0,0,0,0,0,0,577.66,595.77,0
"03464291",1,"2015","2014",0,0.038,0.038,"1",0.35,0.35,"11","D",0.06,0.06,0,"D",0,"D",228786,"D",0,"D",0,"D",0,"D",0,"D",0,"D",0,"D",7300,"D",800,"D",0,"D",0,"D",7184,"D",50674,12458,50915.7,50500.7,12458.12,12458.12,21401.87,21587.87,228786,228786,228786.01,228786.01,0,0,0,0,0,0,0,0,221602,221602,2016.47,1869.97,48899.23,48630.73,48899.23,48630.73,2300,2300,15284,15284,0,0,0,0,0,0,0
"03464291",2,"2015","2014",0,0.153,0.153,"1",0.15,0.15,"11","D",0.06,0.06,0,"D",0,"D",44497,"D",0,"D",0,"D",0,"D",0,"D",0,"D",0,"D",0,"D",0,"D",0,"D",0,"D",0,"D",4681,2180,4698.3,4668.3,2179.82,2179.82,6808.04,6808.04,44497,44497,44497.01,44497.01,0,0,0,0,0,0,0,0,44497,44497,0,0,4698.3,4668.3,4698.3,4668.3,2300,2300,0,0,0,0,0,0,0,0,0
"03464311",1,"2015","2014",1,0.153,0.153,"3",0.15,0.15,"22","D",0.0515,0.052,0,"D",0,"D",58000,"D",0,"D",0,"D",0,"D",0,"D",0,"D",10800,"D",0,"D",0,"D",0,"D",0,"D",0,"D",5475,2151,5502.5,5455,2163.2,2142.4,8874,8874,58000,58000,58000.01,58000.01,0,0,0,0,0,0,0,0,58000,58000,0,0,5502.5,5455,5502.5,5455,0,0,0,0,0,0,0,0,0,0,0
"03464311",2,"2015","2014",0,0.153,0.153,"1",0.25,0.25,"22","D",0.0515,0.052,0,"D",0,"D",55000,"D",0,"D",0,"D",0,"D",0,"D",0,"D",0,"D",0,"D",0,"D",0,"D",0,"D",0,"D",7010,2513,7068.75,6968.75,2527.2,2502.9,8415,8415,55000,55000,55000.01,55000.01,0,0,0,0,0,0,0,0,55000,55000,0,0,7068.75,6968.75,7068.75,6968.75,0,0,0,0,0,0,0,0,0,0,0
"03464331",1,"2015","2014",1,0.153,0.153,"3",-0.34,-0.34,"05","D",0,0,0,"D",0,"D",4000,"D",0,"D",4071,"D",1840,"D",0,"D",0,"D",43356,"D",0,"D",0,"D",0,"D",0,"D",2400,"D",-668,0,-639,-689,0,0,612,612,9911,9911,9911.01,9911.01,0,0,0,0,0,0,639,689,9911,9911,0,0,0,0,0,0,7984,8088,2400,2400,0,0,0,0,0,0,0
"03464341",1,"2015","2014",0,0.153,0.153,"2",0.2384,0.2384,"06","D",0.0463,0.0463,0,"D",0,"D",45342,"D",90000,"D",20,"D",0,"D",0,"D",0,"D",0,"D",3000,"D",1000,"D",0,"D",0,"D",13220,"D",17917,5075,17996.95,17859.61,5104.2,5053.57,20707.33,20707.33,135362,135362,0,0,0,0,0,0,0,0,0,0,122142,122142,0,0,17996.95,17859.61,17996.95,17859.61,0,0,0,0,0,0,0,0,0,0,0
"03464351",1,"2015","2014",0,0.153,0.153,"2",0.15,0.15,"10","D",0,0,0,"D",0,"D",28000,"D",20000,"D",0,"D",0,"D",0,"D",0,"D",11400,"D",0,"D",0,"D",0,"D",0,"D",0,"D",3213,0,3247.5,3187.5,0,0,7344,7344,48000,48000,0,0,0,0,0,0,0,0,0,0,48000,48000,0,0,3247.5,3187.5,3247.5,3187.5,0,0,0,0,0,0,0,0,0,0,0
"03464411",1,"2015","2014",0,0,0,"1",0,0,"0","T",0,0,1,"D",1,"D",0,"D",0,"D",0,"D",0,"D",11818,"D",0,"D",0,"D",960,"D",0,"D",0,"D",0,"D",0,"D",0,0,0,0,0,0,0,0,0,0,0,0,0,0,0,0,0,0,0,0,0,0,0,0,0,0,0,0,0,0,0,0,0,0,0,0,0,0,0
"03464423",1,"2015","2014",4,0,0,"3",-0.45,-0.45,"48","D",0,0,0,"D",0,"D",0,"D",0,"D",0,"D",0,"D",17662,"D",0,"D",15800,"D",0,"D",0,"D",0,"D",4,"D",0,"D",0,0,0,0,0,0,0,0,0,0,0,0,0,0,0,0,0,0,0,0,0,0,0,0,0,0,0,0,0,0,0,0,0,0,0,0,0,0,0
"03464431",1,"2015","2014",1,0.153,0.153,"2",0.2829,0.2829,"28","D",0.0684,0.0684,0,"D",0,"D",39000,"D",87601,"D",-4000,"D",0,"D",0,"D",0,"D",0,"D",2000,"D",0,"D",0,"D",1,"D",7580,"D",15125,5663,15214.74,15060.4,5682.24,5649.61,19369.95,19369.95,122601,122601,122601.01,122601.01,369.95,369.95,0,0,0,0,0,0,115021,115021,0,0,15584.69,15430.35,15584.69,15430.35,0,0,9580,9580,0,0,0,0,0,0,0
"03464431",2,"2015","2014",0,0.153,0.153,"1",0.15,0.15,"28","D",0.0501,0.0501,0,"D",0,"D",26000,"D",0,"D",0,"D",0,"D",0,"D",0,"D",0,"D",0,"D",0,"D",0,"D",0,"D",0,"D",1906,556,1923.75,1893.75,562.48,550.65,3978,3978,26000,26000,26000.01,26000.01,0,0,0,0,0,0,0,0,26000,26000,0,0,1923.75,1893.75,1923.75,1893.75,6200,6300,0,0,0,0,0,0,0,0,0
"03464441",1,"2015","2014",2,0,0,"3",-0.4,-0.4,"03","D",0,0,0,"D",0,"D",0,"D",0,"D",0,"D",0,"D",8772,"D",0,"D",1788,"D",0,"D",0,"D",0,"D",2,"D",0,"D",0,-75,0,0,-75,-75,0,0,0,0,0.01,0.01,0,0,0,0,0,0,0,0,0,0,0,0,0,0,0,0,10018,10182,224.51,224.51,0,0,0,0,0,0,0
"03464471",1,"2015","2014",0,0.153,0.153,"2",0.15,0.15,"10","D",0,0,0,"D",0,"D",0,"D",45000,"D",0,"D",0,"D",0,"D",0,"D",0,"D",1600,"D",2388,"D",0,"D",0,"D",1632,"D",2763,0,2797.5,2737.5,0,0,6885,6885,45000,45000,0,0,0,0,0,0,0,0,0,0,45000,45000,0,0,2797.5,2737.5,2797.5,2737.5,0,0,0,0,0,0,0,0,0,0,0
"03464471",2,"2015","2014",0,0.153,0.153,"1",0.15,0.15,"10","D",0,0,0,"D",0,"D",25000,"D",0,"D",0,"D",0,"D",0,"D",0,"D",0,"D",0,"D",0,"D",0,"D",0,"D",0,"D",1756,0,1773.75,1743.75,0,0,3825,3825,25000,25000,0,0,0,0,0,0,0,0,0,0,25000,25000,0,0,1773.75,1743.75,1773.75,1743.75,0,0,0,0,0,0,0,0,0,0,0
"03464481",1,"2015","2014",0,0,0,"1",0,0,"37","D",0,0,1,"D",1,"D",0,"D",0,"D",0,"D",644,"D",19966,"D",0,"D",0,"D",1100,"D",21,"D",0,"D",0,"D",0,"D",0,-40,0,0,-40,-40,0,0,644,644,0.01,0.01,0,0,0,0,0,0,0,0,644,644,0,0,0,0,0,0,6200,6300,0,0,0,0,0,0,0,0,0
"03464491",1,"2015","2014",3,0.153,0.153,"3",0.15,0.15,"0","T",0,0,0,"D",0,"D",65000,"D",0,"D",-8038,"D",0,"D",0,"D",0,"D",0,"D",1400,"D",0,"D",0,"D",3,"D",5804,"D",1125,0,1161.8,1099.3,0,0,9945,9945,56962,56962,0,0,3000,3000,0,0,0,0,0,0,56962,56962,0,0,4161.8,4099.3,4161.8,4099.3,0,0,0,0,0,0,0,0,0,0,0
"03464521",1,"2015","2014",0,0.153,0.153,"1",0.1765,0.1765,"22","D",0.059,0.0595,0,"D",0,"D",12880,"D",0,"D",0,"D",0,"D",0,"D",0,"D",15660,"D",0,"D",0,"D",0,"D",0,"D",0,"D",123,211,141.91,109.2,214.06,209.16,1970.64,1970.64,12880,12880,12880.01,12880.01,0,0,0,0,0,0,131.09,148.8,12880,12880,0,0,273,258,273,258,0,0,0,0,0,0,0,0,19.66,22.32,0
"03464531",1,"2015","2014",1,0.153,0.153,"2",0.2598,0.2598,"05","D",0,0,0,"D",0,"D",32000,"D",0,"D",0,"D",0,"D",0,"D",0,"D",18000,"D",0,"D",0,"D",0,"D",1,"D",3360,"D",-2222,0,-2133.35,-2284.67,0,0,4896,4896,32000,32000,32000.01,32000.01,775,740,225,260,0,0,1908.35,2024.67,32000,32000,0,0,775,740,775,740,7984,8088,3360,3360,0,0,0,0,0,0,0
"03464541",1,"2015","2014",0,0.153,0.153,"1",0.2356,0.2355,"34","D",0.0575,0.058,0,"D",0,"D",50000,"D",0,"D",17400,"D",0,"D",0,"D",0,"D",0,"D",750,"D",3426,"D",0,"D",0,"D",3276,"D",8948,3457,8987.2,8919.69,3474.2,3444.25,7650,7650,67400,67400,67400.01,67400.01,0,0,0,0,0,0,0,0,64124,64124,0,0,8987.2,8919.69,8987.2,8919.69,7500,7500,4026,4026,0,0,0,0,0,0,0
"03464541",2,"2015","2014",0,0,0,"1",-0.0765,-0.0765,"34","D",0,0,0,"D",0,"D",0,"D",0,"D",0,"D",0,"D",0,"D",0,"D",0,"D",0,"D",0,"D",0,"D",0,"D",0,"D",0,0,0,0,0,0,0,0,0,0,0.01,0.01,0,0,0,0,0,0,0,0,0,0,0,0,0,0,0,0,7500,7500,0,0,0,0,0,0,0,0,0
"03464561",1,"2015","2014",4,0.153,0.153,"2",0.2861,0.2861,"26","D",0.0554,0.0554,0,"D",0,"D",40000,"D",100000,"D",14400,"D",0,"D",0,"D",0,"D",0,"D",2000,"D",7035,"D",400,"D",4,"D",22084,"D",13340,5164,13456.69,13256.69,5164.26,5164.26,21420,21420,154400,154400,154400.01,154400.01,1780,1780,0,0,80,80,0,0,132316,132316,0,0,15316.69,15116.69,15316.69,15116.69,0,0,41829,41829,0,0,0,0,0,0,0
"03464571",1,"2015","2014",2,0,0,"3",-0.4,-0.4,"39","D",0,0,0,"D",0,"D",0,"D",0,"D",0,"D",1436,"D",0,"D",0,"D",0,"D",1900,"D",3,"D",0,"D",0,"D",2228,"D",0,0,0,0,0,0,0,0,1436,1436,1436.01,1436.01,0,0,0,0,0,0,0,0,1436,1436,0,0,0,0,0,0,0,0,0,0,0,0,0,0,0,0,0
"03464591",1,"2015","2014",1,0.153,0.153,"2",0.15,0.15,"10","D",0,0,0,"D",0,"D",0,"D",78655,"D",0,"D",0,"D",0,"D",0,"D",19200,"D",0,"D",0,"D",0,"D",1,"D",0,"D",6214,0,6253.25,6185.75,0,0,12034.21,12034.21,78655,78655,0,0,1000,1000,0,0,0,0,0,0,78655,78655,0,0,7253.25,7185.75,7253.25,7185.75,0,0,0,0,0,0,0,0,0,0,0
"03464601",1,"2015","2014",2,0,0,"3",0,0,"05","D",0,0,0,"D",0,"D",0,"D",0,"D",8000,"D",0,"D",0,"D",0,"D",0,"D",18184,"D",0,"D",0,"D",0,"D",1200,"D",0,0,0,0,0,0,0,0,8000,8000,8000.01,8000.01,0,0,0,0,0,0,0,0,8000,8000,0,0,0,0,0,0,7984,8088,19384,19384,0,0,0,0,0,0,0
"03464611",1,"2015","2014",0,0,0,"2",0.1,0.1,"50","D",0,0,0,"D",0,"D",0,"D",0,"D",0,"D",21276,"D",18264,"D",0,"D",0,"D",2700,"D",0,"D",0,"D",0,"D",0,"D",80,0,97.6,67.6,0,0,0,0,21276,21276,21276.01,21276.01,0,0,0,0,0,0,0,0,21276,21276,0,0,97.6,67.6,97.6,67.6,17995.98,18358.88,0,0,0,0,0,0,0,0,0
"03464622",1,"2015","2014",0,0.153,0.153,"1",0.15,0.15,"33","D",0.059,0.059,0,"D",0,"D",28206,"D",0,"D",0,"D",0,"D",0,"D",0,"D",4800,"D",0,"D",0,"D",0,"D",0,"D",0,"D",2237,983,2254.65,2224.65,989.19,978.22,4315.52,4315.52,28206,28206,28206.01,28206.01,0,0,0,0,0,0,0,0,28206,28206,0,0,2254.65,2224.65,2254.65,2224.65,7800,7900,0,0,0,0,0,0,0,0,0
"03464631",1,"2015","2014",0,0,0,"1",0,0,"33","D",0,0,1,"D",1,"D",0,"D",0,"D",0,"D",3100,"D",18922,"D",0,"D",0,"D",8500,"D",200,"D",0,"D",0,"D",2400,"D",0,0,0,0,0,0,0,0,3100,3100,0.01,0.01,0,0,0,0,0,0,0,0,3100,3100,0,0,0,0,0,0,7800,7900,0,0,0,0,0,0,0,0,0
"03464661",1,"2015","2014",0,0.153,0.153,"2",0.15,0.15,"36","D",0.0373,0.0407,0,"D",0,"D",38000,"D",50000,"D",0,"D",0,"D",0,"D",0,"D",0,"D",1200,"D",0,"D",0,"D",0,"D",8608,"D",9213,2365,9247.5,9187.5,2455.04,2300.32,13464,13464,88000,88000,88000.01,88000.01,0,0,0,0,0,0,0,0,88000,88000,0,0,9247.5,9187.5,9247.5,9187.5,0,0,0,0,0,0,0,0,0,0,0
"03464691",1,"2015","2014",1,0.153,0.153,"3",0.15,0.15,"38","D",0.0765,0.0765,0,"D",0,"D",46000,"D",0,"D",2880,"D",0,"D",0,"D",0,"D",9060,"D",0,"D",431,"D",0,"D",1,"D",0,"D",3107,2958,3134.5,3087,2966.59,2952.61,7038,7038,48880,48880,48880.01,48880.01,1000,1000,0,0,0,0,0,0,48880,48880,0,0,4134.5,4087,4134.5,4087,3405.6,3452.86,431,431,0,0,0,0,0,0,0
"03464711",1,"2015","2014",0,0.153,0.153,"2",0.2311,0.2311,"12","D",0.0763,0.0763,0,"D",0,"D",42000,"D",115000,"D",0,"D",0,"D",0,"D",0,"D",0,"D",2700,"D",0,"D",0,"D",0,"D",22744,"D",20435,8478,20522.72,20372.72,8477.56,8477.56,24021,24021,157000,157000,157000.01,157000.01,0,0,0,0,0,0,0,0,134256,134256,0,0,20522.72,20372.72,20522.72,20372.72,4400,4400,33859.14,33859.14,0,0,0,0,0,0,0
"03464721",1,"2015","2014",3,0.029,0.029,"2",0.325,0.325,"47","D",0.0575,0.0575,0,"D",0,"D",228786,"D",0,"D",6487,"D",0,"D",0,"D",0,"D",0,"D",2500,"D",220,"D",0,"D",3,"D",22100,"D",37475,11489,37762.73,37268.73,11489.42,11489.42,21142.79,21328.79,235273,235273,235273.01,235273.01,0,0,0,0,0,0,0,0,213173,213173,335.92,107.42,37426.8,37161.3,37426.8,37161.3,6000,6000,24820,24820,0,0,0,0,0,0,0
"03464731",1,"2015","2014",0,0,0,"1",0,0,"10","D",0,0,1,"D",1,"D",0,"D",0,"D",0,"D",3660,"D",11602,"D",0,"D",9600,"D",0,"D",45,"D",0,"D",0,"D",0,"D",0,0,0,0,0,0,0,0,3660,3660,0,0,0,0,0,0,0,0,0,0,3660,3660,0,0,0,0,0,0,0,0,0,0,0,0,0,0,0,0,0
"03464751",1,"2015","2014",1,0.153,0.153,"2",0.2598,0.2598,"11","D",0.06,0.06,0,"D",0,"D",0,"D",35207,"D",0,"D",0,"D",0,"D",0,"D",0,"D",5000,"D",0,"D",0,"D",0,"D",0,"D",-388,1048,-300.17,-451.49,1048.42,1048.42,5386.67,5386.67,35207,35207,35207.01,35207.01,0,0,0,0,0,0,1395.87,1512.19,35207,35207,0,0,1095.7,1060.7,1095.7,1060.7,3000,3000,0,0,0,0,0,0,0,0,0
"03464761",1,"2015","2014",3,0.153,0.153,"2",0.2106,0.2106,"22","D",0.0831,0.0836,0,"D",0,"D",0,"D",32000,"D",0,"D",0,"D",0,"D",0,"D",0,"D",3200,"D",20,"D",0,"D",0,"D",5688,"D",-4408,11,-4302.36,-4483.49,30.65,-3.02,4896,4896,32000,32000,32000.01,32000.01,0,0,0,0,0,0,4302.36,4483.49,32000,32000,0,0,0,0,0,0,0,0,0,0,0,0,0,0,645.35,672.52,0
"03464761",2,"2015","2014",0,0.153,0.153,"1",0.15,0.15,"22","D",0.0515,0.052,0,"D",0,"D",28454,"D",0,"D",0,"D",0,"D",0,"D",0,"D",0,"D",0,"D",0,"D",0,"D",0,"D",0,"D",2274,1140,2291.85,2261.85,1146.81,1135.78,4353.46,4353.46,28454,28454,28454.01,28454.01,0,0,0,0,0,0,0,0,28454,28454,0,0,2291.85,2261.85,2291.85,2261.85,0,0,0,0,0,0,0,0,0,0,0
"03464811",1,"2015","2014",3,0.153,0.153,"2",0.15,0.15,"33","D",0.0645,0.0645,0,"D",0,"D",0,"D",80439,"D",0,"D",0,"D",0,"D",0,"D",0,"D",0,"D",137,"D",0,"D",3,"D",3600,"D",3288,2117,3335.85,3253.35,2337.62,1959.18,12307.17,12307.17,80439,80439,80439.01,80439.01,3000,3000,0,0,0,0,0,0,80439,80439,0,0,6335.85,6253.35,6335.85,6253.35,15650,15850,0,0,0,0,0,0,0,0,0
"03464841",1,"2015","2014",0,0.029,0.029,"2",0.2639,0.325,"47","D",0.0575,0.0575,0,"D",0,"D",228786,"D",0,"D",0,"D",0,"D",0,"D",0,"D",0,"D",6000,"D",6052,"D",0,"D",0,"D",8244,"D",40027,11624,40157.65,39934.06,11623.73,11623.73,21142.79,21328.79,228786,228786,228786.01,228786.01,0,0,0,0,0,0,0,0,220542,220542,0.09,0,40157.56,39934.06,40157.56,39934.06,6000,6000,20296,20296,0,0,0,0,0,0,0
"03464851",1,"2015","2014",0,0.153,0.153,"2",0.15,0.15,"43","D",0,0,0,"D",0,"D",22000,"D",26832,"D",-851,"D",0,"D",0,"D",0,"D",0,"D",150,"D",133,"D",0,"D",0,"D",0,"D",3210,0,3244.65,3184.65,0,0,7471.3,7471.3,47981,47981,0,0,0,0,0,0,0,0,0,0,47981,47981,0,0,3244.65,3184.65,3244.65,3184.65,0,0,0,0,0,0,0,0,0,0,0
"03464861",1,"2015","2014",0,0.153,0.153,"1",0.1423,0.1422,"22","D",0.0515,0.052,0,"D",0,"D",50000,"D",0,"D",3,"D",0,"D",0,"D",0,"D",0,"D",2400,"D",200,"D",0,"D",0,"D",9892,"D",4233,2255,4240.3,4228.57,2267.36,2245.55,7650,7650,50003,50003,50003.01,50003.01,0,0,0,0,0,0,0,0,40111,40111,0,0,4240.3,4228.57,4240.3,4228.57,0,0,0,0,0,0,0,0,0,0,0
"03464891",1,"2015","2014",0,0.153,0.153,"2",0.15,0.15,"15","D",0.033,0.034,0,"D",0,"D",0,"D",73225,"D",0,"D",0,"D",0,"D",0,"D",0,"D",2000,"D",90,"D",0,"D",0,"D",3400,"D",6996,2313,7031.25,6971.25,2353.65,2284.43,11203.42,11203.42,73225,73225,73225.01,73225.01,0,0,0,0,0,0,0,0,73225,73225,0,0,7031.25,6971.25,7031.25,6971.25,0,0,0,0,0,0,0,0,0,0,0
"03464921",1,"2015","2014",2,0,0,"3",0,0,"03","D",0,0,0,"D",0,"D",0,"D",0,"D",4500,"D",0,"D",0,"D",0,"D",0,"D",1100,"D",0,"D",0,"D",0,"D",840,"D",0,-75,0,0,-75,-75,0,0,4500,4500,4500.01,4500.01,0,0,0,0,0,0,0,0,4500,4500,0,0,0,0,0,0,10018,10182,1940.05,1940.05,0,0,0,0,0,0,0
"03464931",1,"2015","2014",0,0,0,"1",0,0,"10","D",0,0,1,"D",1,"D",0,"D",0,"D",2800,"D",0,"D",25462,"D",0,"D",0,"D",300,"D",0,"D",0,"D",0,"D",160,"D",0,0,0,0,0,0,0,0,2800,2800,0,0,0,0,0,0,0,0,0,0,2800,2800,0,0,0,0,0,0,0,0,0,0,0,0,0,0,0,0,0
"03464931",3,"2015","2014",0,0,0,"1",0,0,"10","D",0,0,1,"D",1,"D",0,"D",0,"D",0,"D",0,"D",0,"D",0,"D",0,"D",0,"D",0,"D",0,"D",0,"D",0,"D",0,0,0,0,0,0,0,0,0,0,0,0,0,0,0,0,0,0,0,0,0,0,0,0,0,0,0,0,0,0,0,0,0,0,0,0,0,0,0
"03464941",1,"2015","2014",1,0.153,0.153,"2",0.28,0.28,"05","D",0.093,0.093,0,"D",0,"D",110000,"D",70000,"D",0,"D",0,"D",0,"D",0,"D",29220,"D",0,"D",450,"D",0,"D",1,"D",600,"D",30686,10419,30857,30563.5,10466.07,10385.69,27540,27540,180000,180000,180000.01,180000.01,0,0,0,0,0,0,0,0,180000,180000,0,0,30857,30563.5,30857,30563.5,7984,8088,1050,1050,0,0,0,0,0,0,0
"03464961",1,"2015","2014",5,0.153,0.153,"3",0.3106,0.3106,"05","D",0,0,0,"D",0,"D",42000,"D",0,"D",-1650,"D",0,"D",0,"D",0,"D",10392,"D",0,"D",0,"D",0,"D",4,"D",300,"D",-4421,0,-4297.8,-4509.19,0,0,6426,6426,40350,40350,40350.01,40350.01,755,710,3245,3290,0,0,1052.8,1219.19,40350,40350,0,0,755,710,755,710,7984,8088,300,300,0,0,0,0,0,0,0
"03464991",1,"2015","2014",4,0.153,0.153,"2",0.15,0.15,"44","D",0,0,0,"D",0,"D",32000,"D",32000,"D",9600,"D",0,"D",0,"D",0,"D",0,"D",350,"D",100,"D",0,"D",4,"D",120,"D",665,0,717.5,627.5,0,0,9792,9792,73600,73600,0,0,4000,4000,0,0,0,0,0,0,73600,73600,0,0,4717.5,4627.5,4717.5,4627.5,0,0,0,0,0,0,0,0,0,0,0
"03465001",1,"2015","2014",0,0.153,0.153,"2",0.15,0.15,"23","D",0.0425,0.0425,0,"D",0,"D",32000,"D",52000,"D",-5100,"D",0,"D",0,"D",0,"D",0,"D",2000,"D",80,"D",0,"D",0,"D",4380,"D",7848,3013,7882.5,7822.5,3013.25,3013.25,12852,12852,78900,78900,78900.01,78900.01,0,0,0,0,0,0,0,0,78900,78900,0,0,7882.5,7822.5,7882.5,7822.5,0,0,0,0,0,0,0,0,0,0,0
"03465021",1,"2015","2014",0,0.153,0.153,"2",0.25,0.25,"05","D",0.093,0.093,2,"D",2,"D",0,"D",22307,"D",78951,"D",30612,"D",32156,"D",0,"D",0,"D",5100,"D",746,"D",0,"D",0,"D",0,"D",25707,6061,25838.15,25613.15,6106.98,6028.6,3412.97,3412.97,159202.6,159202.6,131870.01,131870.01,0,0,0,0,0,0,0,0,159202.6,159202.6,0,0,25838.15,25613.15,25838.15,25613.15,7984,8088,5846,5846,0,0,0,0,0,0,0
"03465031",1,"2015","2014",0,0.153,0.153,"2",0.15,0.15,"45","D",0.063,0.063,2,"D",2,"D",0,"D",250,"D",0,"D",70000,"D",5854,"D",0,"D",0,"D",2400,"D",905,"D",0,"D",0,"D",720,"D",6928,3126,6971.39,6896.39,3142.39,3114.31,38.25,38.25,75225.9,75225.9,75225.91,75225.91,0,0,0,0,0,0,0,0,75225.9,75225.9,0,0,6971.39,6896.39,6971.39,6896.39,0,0,0,0,0,0,0,0,0,0,0
"03465051",1,"2015","2014",0,0.153,0.153,"2",0.1,0.1,"36","D",0.0297,0.0317,0,"D",0,"D",43702,"D",0,"D",-15240,"D",0,"D",0,"D",0,"D",8400,"D",0,"D",36,"D",0,"D",0,"D",0,"D",799,376,816.2,786.2,392.26,365.04,6686.41,6686.41,28462,28462,28462.01,28462.01,0,0,0,0,0,0,0,0,28462,28462,0,0,816.2,786.2,816.2,786.2,0,0,0,0,0,0,0,0,0,0,0
"03465061",1,"2015","2014",2,0.0427,0.0427,"2",0.35,0.35,"23","D",0.0425,0.0425,0,"D",0,"D",268786,"D",10500,"D",-900,"D",0,"D",0,"D",0,"D",0,"D",4100,"D",1027,"D",0,"D",2,"D",3456,"D",58288,11151,58632.5,58042.5,11151.41,11151.41,24172.87,24358.87,278386,278386,278386.01,278386.01,0,0,0,0,0,0,0,0,274930,274930,2586.97,2438.47,56045.53,55604.03,56045.53,55604.03,0,0,0,0,0,0,0,0,0,0,0
"03465071",1,"2015","2014",3,0.153,0.153,"2",0.2267,0.2268,"05","D",0.093,0.093,0,"D",0,"D",90000,"D",56000,"D",-6720,"D",0,"D",0,"D",0,"D",0,"D",4000,"D",0,"D",0,"D",0,"D",7052,"D",17302,5682,17400.05,17232.23,5727.79,5649.07,22338,22338,139280,139280,139280.01,139280.01,0,0,0,0,0,0,0,0,132228,132228,0,0,17400.05,17232.23,17400.05,17232.23,7984,8088,11052,11052,0,0,0,0,0,0,0
"03465081",1,"2015","2014",0,0.153,0.153,"1",0.216,0.216,"11","D",0.06,0.06,1,"D",1,"D",25749,"D",0,"D",-155,"D",0,"D",16186,"D",0,"D",0,"D",540,"D",363,"D",0,"D",0,"D",5432,"D",2401,564,2409.59,2394.59,563.54,563.54,3939.6,3939.6,29937.5,29937.5,21594.01,21594.01,0,0,0,0,0,0,0,0,24505.5,24505.5,0,0,2409.59,2394.59,2409.59,2394.59,3600,3600,6335,6335,0,0,0,0,0,0,0
"03465091",1,"2015","2014",2,0,0,"3",0,0,"0","T",0,0,0,"D",0,"D",0,"D",0,"D",19000,"D",0,"D",0,"D",0,"D",0,"D",940,"D",1900,"D",0,"D",0,"D",6386,"D",0,0,0,0,0,0,0,0,19000,19000,0,0,0,0,0,0,0,0,0,0,19000,19000,0,0,0,0,0,0,0,0,0,0,0,0,0,0,0,0,0
"03465101",1,"2015","2014",0,0.153,0.153,"2",0.25,0.25,"44","D",0,0,0,"D",0,"D",67715,"D",38546,"D",0,"D",0,"D",0,"D",0,"D",0,"D",3300,"D",0,"D",0,"D",0,"D",2004,"D",13086,0,13202.75,13002.75,0,0,16257.93,16257.93,106261,106261,0,0,0,0,0,0,0,0,0,0,106261,106261,0,0,13202.75,13002.75,13202.75,13002.75,0,0,0,0,0,0,0,0,0,0,0
"03465111",1,"2015","2014",1,0.029,0.029,"2",0.2787,0.2787,"44","D",0,0,0,"D",0,"D",0,"D",228786,"D",-14500,"D",1635,"D",0,"D",0,"D",0,"D",10000,"D",0,"D",0,"D",1,"D",2564,"D",40220,0,40358.49,40120.99,0,0,21142.79,21328.79,215921,215921,0,0,0,0,0,0,0,0,0,0,213357,213357,0,0,40358.49,40120.99,40358.49,40120.99,0,0,0,0,0,0,0,0,0,0,0
"03465121",1,"2015","2014",0,0,0,"1",0,0,"03","D",0,0,1,"D",1,"D",0,"D",0,"D",1628,"D",400,"D",14062,"D",0,"D",0,"D",1100,"D",60,"D",0,"D",0,"D",0,"D",0,-25,0,0,-25,-25,0,0,2028,2028,2028.01,2028.01,0,0,0,0,0,0,0,0,2028,2028,0,0,0,0,0,0,5009,5091,1419.11,1419.11,0,0,0,0,0,0,0
"03465131",1,"2015","2014",0,0.153,0.153,"2",0.0765,0.0765,"50","D",0.0703,0.0703,1,"D",1,"D",15000,"D",0,"D",0,"D",0,"D",1159,"D",0,"D",8100,"D",0,"D",20,"D",0,"D",0,"D",0,"D",-398,-586,-384.31,-407.37,-586.32,-586.32,2295,2295,15000,15000,15000.01,15000.01,0,0,0,0,0,0,384.31,407.37,15000,15000,0,0,0,0,0,0,18158,18464.09,0,0,586.32,586.32,0,0,0,0,0
"03465141",1,"2015","2014",0,0.153,0.153,"2",0.1414,0.1413,"34","D",0.0575,0.058,0,"D",0,"D",21000,"D",32000,"D",-5793,"D",39022,"D",0,"D",0,"D",0,"D",4100,"D",1018,"D",0,"D",0,"D",11360,"D",7740,4084,7754.46,7729.77,4104.6,4069.22,8109,8109,86229,86229,86229.01,86229.01,0,0,0,0,0,0,0,0,74869,74869,0,0,7754.46,7729.77,7754.46,7729.77,15000,15000,15460,15460,0,0,0,0,0,0,0
"03465151",1,"2015","2014",0,0.029,0.029,"2",0.2405,0.2405,"01","D",0.038,0.038,0,"D",0,"D",122000,"D",0,"D",3550,"D",0,"D",0,"D",0,"D",0,"D",0,"D",0,"D",0,"D",0,"D",23024,"D",14350,3728,14437.42,14286.97,3726.9,3728.69,18046,18232,125550,125550,125550.01,125550.01,0,0,0,0,0,0,0,0,102526,102526,0,0,14437.42,14286.97,14437.42,14286.97,4000,4000,31974.5,32089.25,0,0,0,0,0,0,0
"03465164",1,"2015","2014",0,0.153,0.153,"1",0.2381,0.2381,"21","D",0.0475,0.0475,0,"D",0,"D",64500,"D",0,"D",-13403,"D",0,"D",0,"D",0,"D",3700,"D",3600,"D",0,"D",0,"D",0,"D",3700,"D",5305,1876,5349.04,5274.04,1875.86,1875.86,9868.5,9868.5,51097,51097,51097.01,51097.01,0,0,0,0,0,0,0,0,47397,47397,0,0,5349.04,5274.04,5349.04,5274.04,2000,2000,7300,7300,0,0,0,0,0,0,0
"03465164",2,"2015","2014",0,0.153,0.153,"1",0.15,0.15,"21","D",0.0475,0.0475,0,"D",0,"D",40000,"D",0,"D",0,"D",0,"D",0,"D",0,"D",0,"D",0,"D",0,"D",0,"D",0,"D",0,"D",4006,1601,4023.75,3993.75,1600.5,1600.5,6120,6120,40000,40000,40000.01,40000.01,0,0,0,0,0,0,0,0,40000,40000,0,0,4023.75,3993.75,4023.75,3993.75,2000,2000,0,0,0,0,0,0,0,0,0
"03465174",1,"2015","2014",4,0.153,0.153,"3",-0.6,-0.6,"44","D",0,0,0,"D",0,"D",10000,"D",0,"D",800,"D",0,"D",0,"D",0,"D",3980,"D",0,"D",0,"D",0,"D",3,"D",720,"D",-5550,0,-5550,-5550,0,0,1530,1530,10800,10800,0,0,0,0,1050,1050,0,0,4500,4500,10800,10800,0,0,0,0,0,0,0,0,0,0,0,0,0,0,0,0,0
"03465174",2,"2015","2014",4,0,0,"3",-0.45,-0.45,"44","D",0,0,0,"D",0,"D",0,"D",0,"D",0,"D",0,"D",0,"D",0,"D",0,"D",0,"D",0,"D",0,"D",3,"D",0,"D",0,0,0,0,0,0,0,0,0,0,0,0,0,0,0,0,0,0,0,0,0,0,0,0,0,0,0,0,0,0,0,0,0,0,0,0,0,0,0
"03465181",1,"2015","2014",2,0.153,0.153,"2",0,0,"33","D",0.04,0.04,0,"D",0,"D",0,"D",18200,"D",0,"D",0,"D",0,"D",0,"D",4488,"D",0,"D",0,"D",0,"D",2,"D",0,"D",-7511,-2296,-7460,-7548,-2276,-2310.4,2784.6,2784.6,18200,18200,18200.01,18200.01,0,0,2000,2000,0,0,5460,5548,18200,18200,0,0,0,0,0,0,15650,15850,0,0,0,0,0,0,1616,1650.4,0
"03465201",1,"2015","2014",0,0,0,"1",0,0,"36","D",0,0,1,"D",0,"D",0,"D",0,"D",4275,"D",1205,"D",20578,"D",0,"D",0,"D",6300,"D",1052,"D",0,"D",0,"D",936,"D",0,0,0,0,0,0,0,0,5480,5480,5480.01,5480.01,0,0,0,0,0,0,0,0,5480,5480,0,0,0,0,0,0,0,0,0,0,0,0,0,0,0,0,0
"03465224",1,"2015","2014",0,0.153,0.153,"1",-0.0765,-0.0765,"45","D",0,0,0,"D",0,"D",4000,"D",0,"D",-6400,"D",0,"D",0,"D",0,"D",7800,"D",0,"D",0,"D",0,"D",0,"D",540,"D",-306,0,-306,-306,0,0,612,612,-2400,-2400,-2399.99,-2399.99,0,0,0,0,0,0,306,306,0,0,0,0,0,0,0,0,0,0,0,0,0,0,0,0,0,0,0
"03465231",1,"2015","2014",2,0.153,0.153,"3",0.3606,0.3606,"29","D",0,0,0,"D",0,"D",42406,"D",0,"D",0,"D",0,"D",0,"D",0,"D",0,"D",450,"D",0,"D",0,"D",1,"D",2292,"D",1164,0,1286.61,1076.21,0,0,6488.12,6488.12,42406,42406,0,0,1000,1000,0,0,0,0,284.29,439.69,42406,42406,0,0,2570.9,2515.9,2570.9,2515.9,0,0,0,0,0,0,0,0,0,0,0
"03465263",1,"2015","2014",0,0.153,0.153,"1",0.15,0.15,"14","D",0.0375,0.05,0,"D",0,"D",37788,"D",0,"D",0,"D",0,"D",0,"D",0,"D",0,"D",0,"D",0,"D",0,"D",0,"D",0,"D",3674,1523,3691.95,3661.95,1783.15,1336.43,5781.56,5781.56,37788,37788,37788.01,37788.01,0,0,0,0,0,0,0,0,37788,37788,0,0,3691.95,3661.95,3691.95,3661.95,0,0,0,0,0,0,0,0,0,0,0
"03465281",1,"2015","2014",0,0.153,0.153,"2",0.0765,0.0765,"50","D",0.0703,0.0703,0,"D",0,"D",0,"D",14000,"D",0,"D",0,"D",0,"D",0,"D",0,"D",2300,"D",2054,"D",0,"D",0,"D",0,"D",-474,-738,-460.81,-483.87,-738.11,-738.11,2142,2142,14000,14000,14000.01,14000.01,0,0,0,0,0,0,460.81,483.87,14000,14000,0,0,0,0,0,0,18158,18464.09,0,0,738.1,738.1,0,0,0,0,0
"03465291",1,"2015","2014",0,0.153,0.153,"1",0.15,0.15,"14","D",0.0375,0.05,0,"D",0,"D",42000,"D",0,"D",-11590,"D",0,"D",0,"D",0,"D",12960,"D",0,"D",27,"D",0,"D",0,"D",0,"D",2568,1207,2585.25,2555.25,1414.25,1059.75,6426,6426,30410,30410,30410.01,30410.01,0,0,0,0,0,0,0,0,30410,30410,0,0,2585.25,2555.25,2585.25,2555.25,0,0,0,0,0,0,0,0,0,0,0
"03465291",2,"2015","2014",0,0.153,0.153,"1",0.15,0.15,"14","D",0.0375,0.05,0,"D",0,"D",30000,"D",0,"D",0,"D",0,"D",0,"D",0,"D",0,"D",0,"D",0,"D",0,"D",0,"D",0,"D",2506,1190,2523.75,2493.75,1393.75,1044.38,4590,4590,30000,30000,30000.01,30000.01,0,0,0,0,0,0,0,0,30000,30000,0,0,2523.75,2493.75,2523.75,2493.75,0,0,0,0,0,0,0,0,0,0,0
"03465301",1,"2015","2014",1,0.153,0.153,"2",0.2393,0.2385,"36","D",0.0429,0.046,0,"D",0,"D",77000,"D",55428,"D",-436,"D",0,"D",0,"D",0,"D",0,"D",5380,"D",1686,"D",0,"D",1,"D",8696,"D",16677,4141,16732.7,16637.91,4299.2,4028.36,20261.48,20261.48,131992,131992,131992.01,131992.01,0,0,0,0,0,0,0,0,123296,123296,0,0,16732.7,16637.91,16732.7,16637.91,0,0,0,0,0,0,0,0,0,0,0
"03465314",1,"2015","2014",2,0.153,0.153,"2",0.15,0.15,"02","D",0,0,0,"D",0,"D",47000,"D",40000,"D",20,"D",0,"D",0,"D",0,"D",0,"D",6600,"D",4191,"D",0,"D",2,"D",8172,"D",4905,0,4930.9,4885.9,0,0,13311,13311,87020,87020,0,0,2000,2000,0,0,0,0,0,0,78848,78848,0,0,6930.9,6885.9,6930.9,6885.9,0,0,0,0,0,0,0,0,0,0,0
"03465321",1,"2015","2014",0,0.153,0.153,"1",0.15,0.15,"33","D",0.0645,0.0645,0,"D",0,"D",36835,"D",0,"D",0,"D",0,"D",0,"D",0,"D",0,"D",1800,"D",0,"D",0,"D",0,"D",0,"D",3532,1536,3549,3519,1543.87,1529.65,5635.75,5635.75,36835,36835,36835.01,36835.01,0,0,0,0,0,0,0,0,36835,36835,0,0,3549,3519,3549,3519,7800,7900,0,0,0,0,0,0,0,0,0
"03465341",1,"2015","2014",2,0,0,"3",-0.4,-0.4,"22","D",-0.06,-0.06,0,"D",0,"D",0,"D",0,"D",0,"D",0,"D",0,"D",0,"D",0,"D",3100,"D",0,"D",0,"D",0,"D",430,"D",0,0,0,0,0,0,0,0,0,0,0.01,0.01,0,0,0,0,0,0,0,0,0,0,0,0,0,0,0,0,0,0,0,0,0,0,0,0,0,0,0
"03465371",1,"2015","2014",2,0,0,"3",0.1,0.1,"41","D",0.03,0.03,0,"D",0,"D",0,"D",0,"D",24500,"D",0,"D",0,"D",0,"D",0,"D",900,"D",500,"D",0,"D",0,"D",0,"D",338,15,355,325,20.1,11.1,0,0,24500,24500,3550.01,3250.01,0,0,0,0,0,0,0,0,24500,24500,0,0,355,325,355,325,0,0,0,0,0,0,0,0,0,0,0
"03465401",1,"2015","2014",0,0.153,0.153,"2",0.0765,0.0765,"44","D",0,0,0,"D",0,"D",0,"D",20000,"D",0,"D",0,"D",0,"D",0,"D",0,"D",1780,"D",0,"D",0,"D",0,"D",0,"D",-15,0,-1.81,-24.87,0,0,3060,3060,20000,20000,0,0,0,0,0,0,0,0,1.81,24.87,20000,20000,0,0,0,0,0,0,0,0,0,0,0,0,0,0,0,0,0
"03465401",2,"2015","2014",0,0.153,0.153,"1",0,0,"44","D",0,0,0,"D",0,"D",7298,"D",0,"D",0,"D",0,"D",0,"D",0,"D",0,"D",0,"D",0,"D",0,"D",0,"D",0,"D",-500,0,-496,-503,0,0,1116.59,1116.59,7298,7298,0,0,0,0,0,0,0,0,496,503,7298,7298,0,0,0,0,0,0,0,0,0,0,0,0,0,0,0,0,0
"03465401",3,"2015","2014",0,0.153,0.153,"1",0,0,"44","D",0,0,0,"D",0,"D",6602,"D",0,"D",0,"D",0,"D",0,"D",0,"D",0,"D",0,"D",0,"D",0,"D",0,"D",0,"D",-500,0,-496,-503,0,0,1010.11,1010.11,6602,6602,0,0,0,0,0,0,0,0,496,503,6602,6602,0,0,0,0,0,0,0,0,0,0,0,0,0,0,0,0,0
"03465401",4,"2015","2014",0,0.153,0.153,"1",0,0.0765,"44","D",0,0,0,"D",0,"D",8133,"D",0,"D",0,"D",0,"D",0,"D",0,"D",0,"D",0,"D",0,"D",0,"D",0,"D",0,"D",-499,0,-494.24,-503,0,0,1244.35,1244.35,8133,8133,0,0,0,0,0,0,0,0,494.24,503,8133,8133,0,0,0,0,0,0,0,0,0,0,0,0,0,0,0,0,0
"03465421",1,"2015","2014",4,0.153,0.153,"2",0.0606,0.0606,"10","D",0,0,0,"D",0,"D",25000,"D",0,"D",0,"D",0,"D",0,"D",0,"D",0,"D",1600,"D",0,"D",0,"D",4,"D",7548,"D",-9182,0,-9076.56,-9257.69,0,0,3825,3825,25000,25000,0,0,0,0,3300,3300,0,0,5776.56,5957.69,25000,25000,0,0,0,0,0,0,0,0,0,0,0,0,0,0,0,0,0
"03465431",1,"2015","2014",0,0,0,"1",-0.0765,-0.0765,"50","D",0,0,0,"D",0,"D",0,"D",0,"D",0,"D",0,"D",0,"D",0,"D",2772,"D",0,"D",0,"D",0,"D",0,"D",660,"D",0,-554,0,0,-554.4,-554.4,0,0,0,0,0.01,0.01,0,0,0,0,0,0,0,0,0,0,0,0,0,0,0,0,10080,10249.92,660,660,554.4,554.4,0,0,0,0,0
"03465441",1,"2015","2014",3,0,0,"3",-0.45,-0.45,"21","D",-0.1148,-0.1125,0,"D",0,"D",0,"D",0,"D",0,"D",0,"D",23434,"D",0,"D",15120,"D",0,"D",0,"D",0,"D",2,"D",2616,"D",0,0,0,0,0,0,0,0,0,0,0.01,0.01,0,0,0,0,0,0,0,0,0,0,0,0,0,0,0,0,3000,3000,0,0,0,0,0,0,0,0,0
"03465441",2,"2015","2014",0,0.153,0.153,"1",0.15,0.15,"21","D",0.0475,0.0475,0,"D",0,"D",33316,"D",0,"D",0,"D",0,"D",0,"D",0,"D",0,"D",0,"D",0,"D",0,"D",0,"D",0,"D",3004,1283,3021.15,2991.15,1283.01,1283.01,5097.35,5097.35,33316,33316,33316.01,33316.01,0,0,0,0,0,0,0,0,33316,33316,0,0,3021.15,2991.15,3021.15,2991.15,2000,2000,0,0,0,0,0,0,0,0,0
"03465441",3,"2015","2014",3,0,0,"3",-0.45,-0.45,"21","D",-0.1148,-0.1125,0,"D",0,"D",0,"D",0,"D",0,"D",0,"D",0,"D",0,"D",0,"D",0,"D",0,"D",0,"D",2,"D",0,"D",0,0,0,0,0,0,0,0,0,0,0.01,0.01,0,0,0,0,0,0,0,0,0,0,0,0,0,0,0,0,3000,3000,0,0,0,0,0,0,0,0,0
"03465451",1,"2015","2014",0,0.153,0.153,"2",0.1,0.1,"14","D",0.0375,0.05,0,"D",0,"D",28954,"D",0,"D",0,"D",0,"D",0,"D",0,"D",8640,"D",0,"D",0,"D",0,"D",0,"D",0,"D",848,1054,865.4,835.4,1235.2,924.53,4429.96,4429.96,28954,28954,28954.01,28954.01,0,0,0,0,0,0,0,0,28954,28954,0,0,865.4,835.4,865.4,835.4,0,0,0,0,0,0,0,0,0,0,0
"03465471",1,"2015","2014",0,0.029,0.029,"2",0.2305,0.2306,"33","D",0.078,0.0777,0,"D",0,"D",0,"D",120000,"D",0,"D",0,"D",0,"D",0,"D",0,"D",9800,"D",115,"D",0,"D",0,"D",11940,"D",12721,5861,12802.16,12663.03,5886.35,5842.88,17988,18174,120000,120000,120000.01,120000.01,0,0,0,0,0,0,0,0,108060,108060,0,0,12802.16,12663.03,12802.16,12663.03,15650,15850,21855,21855,0,0,0,0,0,0,0
"03465481",1,"2015","2014",0,0.153,0.153,"2",0.2267,0.2267,"05","D",0.093,0.093,0,"D",0,"D",70000,"D",90000,"D",-1200,"D",0,"D",0,"D",0,"D",0,"D",5000,"D",0,"D",0,"D",0,"D",18728,"D",21587,7324,21664.68,21531.36,7363.28,7296.57,24480,24480,158800,158800,158800.01,158800.01,0,0,0,0,0,0,0,0,140072,140072,0,0,21664.68,21531.36,21664.68,21531.36,7984,8088,23728,23728,0,0,0,0,0,0,0
"03465481",2,"2015","2014",0,0.153,0.153,"1",0.25,0.25,"05","D",0.08,0.08,0,"D",0,"D",51075,"D",0,"D",0,"D",0,"D",0,"D",0,"D",0,"D",0,"D",0,"D",0,"D",0,"D",0,"D",6029,1812,6087.5,5987.5,1828.75,1799.82,7814.47,7814.47,51075,51075,51075.01,51075.01,0,0,0,0,0,0,0,0,51075,51075,0,0,6087.5,5987.5,6087.5,5987.5,3992,4044,0,0,0,0,0,0,0,0,0
"03465481",3,"2015","2014",1,0,0,"3",-0.34,-0.34,"05","D",0,0,0,"D",0,"D",0,"D",0,"D",0,"D",0,"D",0,"D",0,"D",0,"D",0,"D",0,"D",0,"D",0,"D",0,"D",0,0,0,0,0,0,0,0,0,0,0.01,0.01,0,0,0,0,0,0,0,0,0,0,0,0,0,0,0,0,7984,8088,0,0,0,0,0,0,0,0,0
"03465501",1,"2015","2014",0,0.153,0.153,"1",-0.0765,-0.0765,"05","D",0,0,0,"D",0,"D",2400,"D",0,"D",0,"D",0,"D",12682,"D",0,"D",6900,"D",0,"D",25,"D",0,"D",0,"D",0,"D",-184,0,-183.6,-183.6,0,0,367.2,367.2,2400,2400,2400.01,2400.01,0,0,0,0,0,0,183.6,183.6,2400,2400,0,0,0,0,0,0,3992,4044,25,25,0,0,0,0,0,0,0
"03465501",3,"2015","2014",0,0,0,"1",-0.0765,-0.0765,"05","D",0,0,0,"D",0,"D",0,"D",0,"D",0,"D",0,"D",11614,"D",0,"D",0,"D",0,"D",0,"D",0,"D",0,"D",0,"D",0,0,0,0,0,0,0,0,0,0,0.01,0.01,0,0,0,0,0,0,0,0,0,0,0,0,0,0,0,0,3992,4044,0,0,0,0,0,0,0,0,0
"03465521",1,"2015","2014",2,0.153,0.153,"2",0.3106,0.3106,"05","D",0,0,0,"D",0,"D",0,"D",29850,"D",15,"D",0,"D",0,"D",0,"D",0,"D",0,"D",0,"D",0,"D",2,"D",0,"D",-6025,0,-5902.49,-6112.62,0,0,4567.05,4567.05,29865,29865,29865.01,29865.01,166.5,126.5,1833.5,1873.5,0,0,4068.99,4239.12,29865,29865,0,0,166.5,126.5,166.5,126.5,7984,8088,0,0,0,0,0,0,0,0,0
"03465551",1,"2015","2014",0,0.153,0.153,"2",0,0,"41","D",0,0,2,"D",2,"D",16926,"D",0,"D",0,"D",0,"D",26492,"D",0,"D",0,"D",650,"D",325,"D",0,"D",0,"D",1272,"D",0,0,0,0,0,0,2589.68,2589.68,16926,16926,-30000,-30000,0,0,0,0,0,0,0,0,16926,16926,0,0,0,0,0,0,0,0,0,0,0,0,0,0,0,0,0
"03465551",2,"2015","2014",0,0.153,0.153,"1",0,0,"41","D",0,0,0,"D",0,"D",7263,"D",0,"D",0,"D",0,"D",0,"D",0,"D",0,"D",0,"D",0,"D",0,"D",0,"D",0,"D",-500,0,-496,-503,0,0,1111.24,1111.24,7263,7263,0,0,0,0,0,0,0,0,496,503,7263,7263,0,0,0,0,0,0,0,0,0,0,0,0,0,0,0,0,0
"03465561",1,"2015","2014",0,0.029,0.029,"2",0.2362,0.2362,"31","D",0.0553,0.0553,0,"D",0,"D",0,"D",150000,"D",0,"D",0,"D",0,"D",0,"D",0,"D",18180,"D",756,"D",0,"D",0,"D",10432,"D",18596,4850,18683.13,18533.13,4849.5,4849.5,18858,19044,150000,150000,150000.01,150000.01,0,0,0,0,0,0,0,0,139568,139568,0,0,18683.13,18533.13,18683.13,18533.13,0,0,0,0,0,0,0,0,0,0,0
"03465571",1,"2015","2014",0,0.153,0.153,"2",0.15,0.15,"0","T",0,0,0,"D",0,"D",25365,"D",28000,"D",0,"D",0,"D",0,"D",0,"D",0,"D",600,"D",169,"D",0,"D",0,"D",0,"D",4017,0,4052.25,3992.25,0,0,8164.84,8164.84,53365,53365,0,0,0,0,0,0,0,0,0,0,53365,53365,0,0,4052.25,3992.25,4052.25,3992.25,0,0,0,0,0,0,0,0,0,0,0
"03465581",1,"2015","2014",1,0.153,0.153,"2",0.2598,0.2598,"01","D",0.05,0.05,0,"D",0,"D",40000,"D",0,"D",0,"D",0,"D",0,"D",0,"D",4500,"D",0,"D",15,"D",0,"D",1,"D",0,"D",-143,1545,-54.95,-206.27,1545,1545,6120,6120,40000,40000,40000.01,40000.01,1000,1000,0,0,0,0,629.95,746.27,40000,40000,0,0,1575,1540,1575,1540,4000,4000,3075,3075,0,0,0,0,0,0,0
"03465591",1,"2015","2014",0,0.153,0.153,"1",0.235,0.235,"11","D",0.06,0.06,0,"D",0,"D",84865,"D",0,"D",0,"D",0,"D",0,"D",0,"D",0,"D",1800,"D",45,"D",0,"D",0,"D",8800,"D",12355,4101,12398.45,12323.45,4101.2,4101.2,12984.34,12984.34,84865,84865,84865.01,84865.01,0,0,0,0,0,0,0,0,76065,76065,0,0,12398.45,12323.45,12398.45,12323.45,2300,2300,10645,10645,0,0,0,0,0,0,0
"03465601",1,"2015","2014",3,0.153,0.153,"2",0.15,0.15,"33","D",0.0645,0.0645,0,"D",0,"D",72380,"D",6000,"D",-1343,"D",0,"D",0,"D",0,"D",14532,"D",0,"D",30,"D",0,"D",1,"D",0,"D",4777,2557,4825.55,4743.05,2778.19,2399.75,11992.14,11992.14,77037,77037,77037.01,77037.01,1000,1000,0,0,0,0,0,0,77037,77037,0,0,5825.55,5743.05,5825.55,5743.05,15650,15850,0,0,0,0,0,0,0,0,0
"03465601",2,"2015","2014",3,0,0,"3",-0.45,-0.45,"33","D",-0.135,-0.135,0,"D",0,"D",0,"D",0,"D",0,"D",0,"D",0,"D",0,"D",0,"D",0,"D",0,"D",0,"D",1,"D",0,"D",0,-300,0,0,-300,-300,0,0,0,0,0.01,0.01,0,0,0,0,0,0,0,0,0,0,0,0,0,0,0,0,10950,11100,0,0,0,0,0,0,0,0,0
"03465601",3,"2015","2014",3,0,0,"3",-0.45,-0.45,"33","D",-0.135,-0.135,0,"D",0,"D",0,"D",0,"D",0,"D",0,"D",0,"D",0,"D",0,"D",0,"D",0,"D",0,"D",1,"D",0,"D",0,-300,0,0,-300,-300,0,0,0,0,0.01,0.01,0,0,0,0,0,0,0,0,0,0,0,0,0,0,0,0,10950,11100,0,0,0,0,0,0,0,0,0
"03465611",1,"2015","2014",2,0.153,0.153,"2",0.2805,0.2806,"33","D",0.078,0.0777,0,"D",0,"D",47000,"D",85000,"D",0,"D",0,"D",0,"D",0,"D",0,"D",5600,"D",0,"D",1600,"D",2,"D",11916,"D",13392,6678,13437.23,13359.67,6905.09,6515.34,20196,20196,132000,132000,132000.01,132000.01,900,900,0,0,320,320,0,0,120084,120084,0,0,14657.23,14579.67,14657.23,14579.67,15650,15850,17516,17516,0,0,64,64,0,0,0
"03465671",1,"2015","2014",0,0.153,0.153,"2",0.15,0.15,"0","T",0,0,0,"D",0,"D",29500,"D",24734,"D",0,"D",0,"D",0,"D",0,"D",0,"D",1500,"D",3700,"D",0,"D",0,"D",7748,"D",4083,0,4100.4,4070.4,0,0,8297.8,8297.8,54234,54234,0,0,0,0,0,0,0,0,0,0,46486,46486,0,0,4100.4,4070.4,4100.4,4070.4,0,0,0,0,0,0,0,0,0,0,0
"03465681",1,"2015","2014",0,0,0,"1",0,0,"0","T",0,0,1,"D",1,"D",0,"D",0,"D",5251,"D",0,"D",17304,"D",0,"D",0,"D",400,"D",0,"D",0,"D",0,"D",0,"D",0,0,0,0,0,0,0,0,5251,5251,0,0,0,0,0,0,0,0,0,0,5251,5251,0,0,0,0,0,0,0,0,0,0,0,0,0,0,0,0,0
"03465711",1,"2015","2014",0,0.153,0.153,"1",0.25,0.25,"05","D",0.093,0.093,0,"D",0,"D",56490,"D",0,"D",0,"D",0,"D",0,"D",0,"D",18000,"D",0,"D",0,"D",0,"D",0,"D",300,"D",7383,2261,7441.25,7341.25,2283.11,2244.91,8642.97,8642.97,56490,56490,56490.01,56490.01,0,0,0,0,0,0,0,0,56490,56490,0,0,7441.25,7341.25,7441.25,7341.25,3992,4044,300,300,0,0,0,0,0,0,0
"03465711",2,"2015","2014",0,0.153,0.153,"1",0.1765,0.1765,"05","D",0,0,0,"D",0,"D",12335,"D",0,"D",0,"D",0,"D",0,"D",0,"D",0,"D",0,"D",0,"D",0,"D",0,"D",0,"D",27,0,45.71,13,0,0,1887.25,1887.25,12335,12335,12335.01,12335.01,0,0,0,0,0,0,172.79,190.5,12335,12335,0,0,218.5,203.5,218.5,203.5,3992,4044,0,0,0,0,0,0,0,0,0
"03465721",1,"2015","2014",0,0.153,0.153,"2",0.15,0.15,"03","D",0.0336,0.0336,0,"D",0,"D",0,"D",53768,"D",24002,"D",0,"D",0,"D",0,"D",0,"D",2200,"D",0,"D",0,"D",0,"D",0,"D",7678,1831,7713,7653,1837.35,1826.98,8226.5,8226.5,77770,77770,77770.01,77770.01,0,0,0,0,0,0,0,0,77770,77770,0,0,7713,7653,7713,7653,10018,10182,4037.35,4026.98,0,0,0,0,0,0,0
"03465761",1,"2015","2014",2,0,0,"3",-0.4,-0.4,"18","D",0,0,0,"D",0,"D",0,"D",0,"D",0,"D",0,"D",0,"D",0,"D",6336,"D",0,"D",0,"D",0,"D",0,"D",13,"D",0,0,0,0,0,0,0,0,0,0,0.01,0.01,0,0,0,0,0,0,0,0,0,0,0,0,0,0,0,0,2400,2440,13,13,0,0,0,0,0,0,0
"03465781",1,"2015","2014",1,0.153,0.153,"2",0.15,0.15,"0","T",0,0,0,"D",0,"D",33000,"D",30000,"D",0,"D",0,"D",0,"D",0,"D",0,"D",950,"D",0,"D",0,"D",1,"D",0,"D",3866,0,3905,3837.5,0,0,9639,9639,63000,63000,0,0,1000,1000,0,0,0,0,0,0,63000,63000,0,0,4905,4837.5,4905,4837.5,0,0,0,0,0,0,0,0,0,0,0
"03465791",1,"2015","2014",4,0.153,0.153,"2",0.15,0.15,"05","D",0.06,0.06,0,"D",0,"D",57568,"D",17438,"D",0,"D",0,"D",0,"D",0,"D",17340,"D",0,"D",350,"D",0,"D",4,"D",0,"D",876,274,928.4,838.4,303.6,252.74,11475.92,11475.92,75006,75006,75006.01,75006.01,4000,4000,0,0,0,0,0,0,75006,75006,0,0,4928.4,4838.4,4928.4,4838.4,7984,8088,350,350,0,0,0,0,0,0,0
"03465801",1,"2015","2014",3,0.153,0.153,"2",0.15,0.15,"22","D",0.0515,0.052,0,"D",0,"D",42000,"D",33888,"D",0,"D",0,"D",0,"D",0,"D",13800,"D",0,"D",0,"D",0,"D",3,"D",0,"D",2605,2580,2653.2,2570.7,2594.18,2569.23,11610.86,11610.86,75888,75888,75888.01,75888.01,3000,3000,0,0,0,0,0,0,75888,75888,0,0,5653.2,5570.7,5653.2,5570.7,0,0,0,0,0,0,0,0,0,0,0
"03465821",1,"2015","2014",0,0,0,"1",0,0,"01","D",0,0,1,"D",1,"D",0,"D",0,"D",0,"D",0,"D",19942,"D",0,"D",0,"D",170,"D",82,"D",0,"D",0,"D",960,"D",0,0,0,0,0,0,0,0,0,0,0.01,0.01,0,0,0,0,0,0,0,0,0,0,0,0,0,0,0,0,2500,2500,1212,1212,0,0,0,0,0,0,0
"03465831",1,"2015","2014",0,0.153,0.153,"1",0.25,0.25,"05","D",0.093,0.093,0,"D",0,"D",78423,"D",0,"D",0,"D",0,"D",0,"D",0,"D",43356,"D",0,"D",80,"D",0,"D",0,"D",240,"D",12866,4301,12924.5,12824.5,4322.87,4284.68,11998.72,11998.72,78423,78423,78423.01,78423.01,0,0,0,0,0,0,0,0,78423,78423,0,0,12924.5,12824.5,12924.5,12824.5,3992,4044,320,320,0,0,0,0,0,0,0
"03465831",2,"2015","2014",0,0.153,0.153,"1",0.254,0.254,"05","D",0.093,0.093,0,"D",0,"D",102824,"D",0,"D",0,"D",0,"D",0,"D",0,"D",0,"D",0,"D",0,"D",0,"D",0,"D",0,"D",18952,6570,19014.66,18906.86,6592.17,6553.97,15732.07,15732.07,102824,102824,102824.01,102824.01,0,0,0,0,0,0,0,0,102824,102824,0,0,19014.66,18906.86,19014.66,18906.86,3992,4044,0,0,0,0,0,0,0,0,0
"03465841",1,"2015","2014",1,0.153,0.153,"3",0.15,0.15,"03","D",0.0288,0.0288,0,"D",0,"D",60000,"D",0,"D",0,"D",0,"D",0,"D",0,"D",11712,"D",0,"D",46,"D",0,"D",1,"D",0,"D",4775,1191,4802.5,4755,1194.28,1188.61,9180,9180,60000,60000,60000.01,60000.01,1000,1000,0,0,0,0,0,0,60000,60000,0,0,5802.5,5755,5802.5,5755,10018,10182,1240.28,1234.61,0,0,0,0,0,0,0
"03465861",1,"2015","2014",0,0.153,0.153,"2",0.1454,0.1454,"39","D",0.0307,0.0307,1,"D",1,"D",53000,"D",24791,"D",0,"D",0,"D",15862,"D",0,"D",0,"D",2400,"D",272,"D",0,"D",0,"D",9340,"D",9421,2388,9438.53,9408.53,2388.18,2388.18,11902.02,11902.02,91273.7,91273.7,77791.01,77791.01,0,0,0,0,0,0,0,0,81933.7,81933.7,0,0,9438.53,9408.53,9438.53,9408.53,0,0,0,0,0,0,0,0,0,0,0
"03465871",1,"2015","2014",0,0.153,0.153,"2",0.0765,0.0765,"38","D",0.0761,0.0761,0,"D",0,"D",2465,"D",16000,"D",-250,"D",0,"D",0,"D",0,"D",9920,"D",0,"D",27,"D",0,"D",0,"D",6600,"D",-133,282,-119.24,-142.3,287.62,277.78,2825.14,2825.14,18215,18215,18215.01,18215.01,0,0,0,0,0,0,119.24,142.3,18215,18215,0,0,0,0,0,0,4231.2,4289.91,6627,6627,0,0,0,0,9.54,11.38,0
"03465881",1,"2015","2014",2,0.0716,0.0716,"2",0.35,0.35,"22","D",0.0515,0.052,0,"D",0,"D",228786,"D",85000,"D",9000,"D",0,"D",0,"D",0,"D",0,"D",16180,"D",4475,"D",0,"D",2,"D",11036,"D",71517,15553,71861.5,71271.5,15640.87,15490.48,34721.87,34907.87,322786,322786,322786.01,322786.01,0,0,0,0,0,0,0,0,311750,311750,9013.75,9059.13,62505.75,61870.37,62505.75,61870.37,0,0,0,0,0,0,0,0,0,0,0
"03465901",1,"2015","2014",0,0,0,"1",0.15,0.15,"0","T",0,0,0,"D",0,"D",0,"D",0,"D",0,"D",26777,"D",0,"D",0,"D",0,"D",0,"D",295,"D",0,"D",0,"D",1200,"D",2023,0,2040.3,2010.3,0,0,0,0,26777,26777,0,0,0,0,0,0,0,0,0,0,26777,26777,0,0,2040.3,2010.3,2040.3,2010.3,0,0,0,0,0,0,0,0,0,0,0
"03465931",1,"2015","2014",0,0.153,0.153,"1",0.1,0.1,"44","D",0,0,0,"D",0,"D",16000,"D",0,"D",0,"D",0,"D",0,"D",0,"D",14400,"D",0,"D",0,"D",0,"D",0,"D",0,"D",576,0,585,570,0,0,2448,2448,16000,16000,0,0,0,0,0,0,0,0,0,0,16000,16000,0,0,585,570,585,570,0,0,0,0,0,0,0,0,0,0,0
"03465941",1,"2015","2014",0,0,0,"1",0,0,"05","D",0,0,1,"D",1,"D",0,"D",0,"D",0,"D",0,"D",27600,"D",0,"D",22496,"D",0,"D",0,"D",0,"D",0,"D",0,"D",0,0,0,0,0,0,0,0,0,0,0.01,0.01,0,0,0,0,0,0,0,0,0,0,0,0,0,0,0,0,3992,4044,0,0,0,0,0,0,0,0,0
"03465951",1,"2015","2014",1,0.153,0.153,"2",0.15,0.15,"0","T",0,0,0,"D",0,"D",59943,"D",1900,"D",0,"D",0,"D",0,"D",0,"D",0,"D",0,"D",0,"D",0,"D",1,"D",6680,"D",3692,0,3731.45,3663.95,0,0,9461.98,9461.98,61843,61843,0,0,1000,1000,0,0,0,0,0,0,61843,61843,0,0,4731.45,4663.95,4731.45,4663.95,0,0,0,0,0,0,0,0,0,0,0
"03465961",1,"2015","2014",2,0.153,0.153,"2",0.15,0.15,"10","D",0,0,0,"D",0,"D",0,"D",60000,"D",0,"D",0,"D",0,"D",0,"D",20400,"D",0,"D",0,"D",0,"D",2,"D",0,"D",1819,0,1862.5,1787.5,0,0,9180,9180,60000,60000,0,0,2000,2000,0,0,0,0,0,0,60000,60000,0,0,3862.5,3787.5,3862.5,3787.5,0,0,0,0,0,0,0,0,0,0,0
"03465981",1,"2015","2014",1,0,0,"3",-0.24,-0.24,"19","D",0.0241,0.0241,0,"D",0,"D",0,"D",0,"D",2403,"D",20697,"D",0,"D",0,"D",0,"D",1300,"D",0,"D",0,"D",0,"D",4500,"D",595,440,610,585,449.6,432.6,0,0,23100,23100,23100.01,23100.01,0,0,0,0,0,0,0,0,23100,23100,0,0,610,585,610,585,0,0,0,0,0,0,0,0,0,0,0
"03465991",1,"2015","2014",0,0,0,"1",0.15,0.15,"36","D",0,0,1,"D",1,"D",0,"D",0,"D",0,"D",16666,"D",16776,"D",0,"D",13520,"D",0,"D",0,"D",0,"D",0,"D",0,"D",491,0,499.3,484.3,0,0,0,0,16693,16693,16666.01,16666.01,0,0,0,0,0,0,0,0,16693,16693,0,0,499.3,484.3,499.3,484.3,0,0,0,0,0,0,0,0,0,0,0
"03466011",1,"2015","2014",0,0,0,"1",0.15,0.1491,"23","D",0.035,0.035,1,"D",1,"D",0,"D",0,"D",865,"D",12180,"D",24574,"D",0,"D",0,"D",1590,"D",20,"D",0,"D",0,"D",5800,"D",138,-304,141.2,136.1,-303.57,-303.57,0,0,13211,13211,865.01,865.01,0,0,0,0,0,0,0,0,7411,13211,0,0,141.2,136.1,141.2,136.1,0,0,0,0,303.57,303.57,0,0,0,0,0
"03466031",1,"2015","2014",3,0.153,0.153,"3",0.1489,0.1489,"10","D",0,0,0,"D",0,"D",67199,"D",0,"D",0,"D",0,"D",0,"D",0,"D",0,"D",10000,"D",0,"D",0,"D",3,"D",8076,"D",1199,0,1222.08,1182.08,0,0,10281.45,10281.45,67199,67199,0,0,3000,3000,0,0,0,0,0,0,59123,59123,0,0,4222.08,4182.08,4222.08,4182.08,0,0,0,0,0,0,0,0,0,0,0
"03466031",2,"2015","2014",0,0.153,0.153,"1",0.25,0.25,"10","D",0,0,0,"D",0,"D",59262,"D",0,"D",0,"D",0,"D",0,"D",0,"D",0,"D",0,"D",0,"D",0,"D",0,"D",0,"D",8076,0,8134.25,8034.25,0,0,9067.09,9067.09,59262,59262,0,0,0,0,0,0,0,0,0,0,59262,59262,0,0,8134.25,8034.25,8134.25,8034.25,0,0,0,0,0,0,0,0,0,0,0
"03466041",1,"2015","2014",0,0.153,0.153,"1",0.15,0.15,"33","D",0.0535,0.0535,0,"D",0,"D",21000,"D",0,"D",0,"D",0,"D",0,"D",0,"D",10800,"D",0,"D",0,"D",0,"D",0,"D",0,"D",1156,517,1173.75,1143.75,521.91,513.66,3213,3213,21000,21000,21000.01,21000.01,0,0,0,0,0,0,0,0,21000,21000,0,0,1173.75,1143.75,1173.75,1143.75,7800,7900,0,0,0,0,0,0,0,0,0
"03466051",1,"2015","2014",0,0.153,0.153,"1",0.2342,0.2342,"23","D",0.0633,0.0633,0,"D",0,"D",53622,"D",0,"D",0,"D",0,"D",0,"D",0,"D",0,"D",2000,"D",1050,"D",0,"D",0,"D",5744,"D",5517,2062,5560.3,5485.3,2061.8,2061.8,8204.17,8204.17,53622,53622,53622.01,53622.01,0,0,0,0,0,0,0,0,47878,47878,0,0,5560.3,5485.3,5560.3,5485.3,0,0,0,0,47.14,47.14,0,0,0,0,0
"03466061",1,"2015","2014",1,0.153,0.153,"2",0.15,0.15,"21","D",0.0475,0.0475,0,"D",0,"D",33000,"D",38500,"D",0,"D",0,"D",0,"D",0,"D",0,"D",2300,"D",126,"D",0,"D",0,"D",4228,"D",6141,2641,6180,6112.5,2640.75,2640.75,10939.5,10939.5,71500,71500,70300.01,70300.01,0,0,0,0,0,0,0,0,71500,71500,0,0,6180,6112.5,6180,6112.5,4000,4000,0,0,0,0,0,0,0,0,0
"03466101",1,"2015","2014",0,0,0,"1",0,0,"39","D",0,0,1,"D",1,"D",0,"D",0,"D",0,"D",614,"D",16330,"D",0,"D",5244,"D",0,"D",70,"D",0,"D",0,"D",1000,"D",0,0,0,0,0,0,0,0,614,614,0.01,0.01,0,0,0,0,0,0,0,0,614,614,0,0,0,0,0,0,0,0,0,0,0,0,0,0,0,0,0
"03466111",1,"2015","2014",0,0.153,0.153,"2",0.15,0.15,"44","D",0,0,0,"D",0,"D",30000,"D",26000,"D",0,"D",0,"D",0,"D",0,"D",0,"D",10000,"D",0,"D",0,"D",0,"D",0,"D",4413,0,4447.5,4387.5,0,0,8568,8568,56000,56000,0,0,0,0,0,0,0,0,0,0,56000,56000,0,0,4447.5,4387.5,4447.5,4387.5,0,0,0,0,0,0,0,0,0,0,0
"03466121",1,"2015","2014",0,0,0,"2",0.2775,0.2775,"07","D",0.085,0.085,1,"D",1,"D",0,"D",0,"D",0,"D",40000,"D",41458,"D",0,"D",0,"D",4800,"D",0,"D",0,"D",0,"D",1800,"D",4861,380,4900.45,4832.95,380,380,0,0,60219.65,60219.65,48000.01,48000.01,0,0,0,0,0,0,0,0,60219.65,60219.65,0,0,4900.45,4832.95,4900.45,4832.95,0,0,0,0,0,0,0,0,0,0,0
"03466141",1,"2015","2014",1,0,0,"3",-0.34,-0.34,"0","T",0,0,0,"D",0,"D",0,"D",0,"D",0,"D",0,"D",0,"D",0,"D",0,"D",2500,"D",0,"D",0,"D",0,"D",565,"D",0,0,0,0,0,0,0,0,0,0,0,0,0,0,0,0,0,0,0,0,0,0,0,0,0,0,0,0,0,0,0,0,0,0,0,0,0,0,0
"03466161",1,"2015","2014",0,0,0,"1",0,0,"0","T",0,0,1,"D",1,"D",0,"D",0,"D",0,"D",2318,"D",14703,"D",0,"D",0,"D",240,"D",30,"D",0,"D",0,"D",240,"D",0,0,0,0,0,0,0,0,2318,2318,0,0,0,0,0,0,0,0,0,0,2318,2318,0,0,0,0,0,0,0,0,0,0,0,0,0,0,0,0,0
"03466171",1,"2015","2014",2,0.153,0.153,"3",0.15,0.15,"06","D",0.0463,0.0463,0,"D",0,"D",50000,"D",0,"D",0,"D",0,"D",0,"D",0,"D",0,"D",2600,"D",0,"D",200,"D",1,"D",2400,"D",2638,1322,2670,2615,1341.02,1309.13,7650,7650,50000,50000,0,0,1000,1000,0,0,40,40,0,0,50000,50000,0,0,3710,3655,3710,3655,0,0,0,0,0,0,4,4,0,0,0
"03466191",1,"2015","2014",2,0,0,"3",-0.4,-0.4,"0","T",0,0,0,"D",0,"D",0,"D",0,"D",0,"D",1136,"D",0,"D",0,"D",0,"D",4800,"D",114,"D",0,"D",0,"D",5120,"D",0,0,0,0,0,0,0,0,1136,1136,0,0,0,0,0,0,0,0,0,0,1136,1136,0,0,0,0,0,0,0,0,0,0,0,0,0,0,0,0,0
"03466201",1,"2015","2014",0,0,0,"1",0.25,0.25,"02","D",0,0,0,"D",0,"D",0,"D",0,"D",32072,"D",35000,"D",1416,"D",0,"D",13800,"D",0,"D",12,"D",0,"D",0,"D",0,"D",10329,0,10387.65,10287.65,0,0,0,0,68275.6,68275.6,0,0,0,0,0,0,0,0,0,0,68275.6,68275.6,0,0,10387.65,10287.65,10387.65,10287.65,0,0,0,0,0,0,0,0,0,0,0
"03466211",1,"2015","2014",0,0.153,0.153,"1",0.15,0.15,"0","T",0,0,0,"D",0,"D",28000,"D",0,"D",0,"D",0,"D",0,"D",0,"D",5148,"D",0,"D",0,"D",0,"D",0,"D",0,"D",2206,0,2223.75,2193.75,0,0,4284,4284,28000,28000,0,0,0,0,0,0,0,0,0,0,28000,28000,0,0,2223.75,2193.75,2223.75,2193.75,0,0,0,0,0,0,0,0,0,0,0
"03466221",1,"2015","2014",0,0.153,0.153,"1",0.15,0.15,"36","D",0.0297,0.0317,0,"D",0,"D",25000,"D",0,"D",0,"D",0,"D",0,"D",0,"D",7260,"D",0,"D",0,"D",0,"D",0,"D",600,"D",1756,358,1773.75,1743.75,372.27,347.57,3825,3825,25000,25000,25000.01,25000.01,0,0,0,0,0,0,0,0,25000,25000,0,0,1773.75,1743.75,1773.75,1743.75,0,0,0,0,0,0,0,0,0,0,0
"03466231",1,"2015","2014",0,0,0,"1",-0.0765,-0.0765,"34","D",0,0,0,"D",0,"D",0,"D",0,"D",0,"D",0,"D",0,"D",0,"D",1800,"D",0,"D",0,"D",0,"D",0,"D",0,"D",0,0,0,0,0,0,0,0,0,0,0.01,0.01,0,0,0,0,0,0,0,0,0,0,0,0,0,0,0,0,7500,7500,0,0,0,0,0,0,0,0,0
"03466241",1,"2015","2014",2,0.029,0.029,"2",0.2356,0.2355,"34","D",0.0575,0.058,0,"D",0,"D",0,"D",150000,"D",0,"D",0,"D",0,"D",0,"D",0,"D",1300,"D",0,"D",0,"D",2,"D",5044,"D",21627,7791,21719,21560.88,7830,7762.5,18858,19044,150000,150000,150000.01,150000.01,0,0,0,0,0,0,0,0,144956,144956,0,0,21719,21560.88,21719,21560.88,15000,15000,6344,6344,0,0,0,0,0,0,0
"03466271",1,"2015","2014",1,0.153,0.153,"3",0.15,0.15,"05","D",0.02,0.02,0,"D",0,"D",300,"D",0,"D",0,"D",40000,"D",0,"D",0,"D",0,"D",2400,"D",1580,"D",0,"D",0,"D",4320,"D",2820,40,2847.5,2800,43.92,36.91,45.9,45.9,40300,40300,40300.01,40300.01,0,0,0,0,0,0,0,0,40300,40300,0,0,2847.5,2800,2847.5,2800,7984,8088,8300,8300,0,0,0,0,0,0,0
"03466311",1,"2015","2014",1,0.153,0.153,"2",0.15,0.15,"33","D",0.059,0.059,0,"D",0,"D",37000,"D",21000,"D",0,"D",0,"D",0,"D",0,"D",3700,"D",3000,"D",50,"D",0,"D",1,"D",0,"D",3116,1463,3155,3087.5,1680.13,1308.18,8874,8874,58000,58000,58000.01,58000.01,1000,1000,0,0,0,0,0,0,58000,58000,0,0,4155,4087.5,4155,4087.5,15650,15850,0,0,0,0,0,0,0,0,0
"03466331",1,"2015","2014",0,0,0,"1",0,0,"39","D",0,0,1,"D",1,"D",0,"D",0,"D",2400,"D",0,"D",12574,"D",0,"D",12696,"D",0,"D",0,"D",0,"D",0,"D",0,"D",0,0,0,0,0,0,0,0,2400,2400,2400.01,2400.01,0,0,0,0,0,0,0,0,2400,2400,0,0,0,0,0,0,0,0,0,0,0,0,0,0,0,0,0
"03466351",1,"2015","2014",0,0,0,"1",-0.0765,-0.0765,"33","D",-0.0229,-0.0229,0,"D",0,"D",0,"D",0,"D",0,"D",0,"D",8400,"D",0,"D",4272,"D",0,"D",0,"D",0,"D",0,"D",0,"D",0,0,0,0,0,0,0,0,0,0,0.01,0.01,0,0,0,0,0,0,0,0,0,0,0,0,0,0,0,0,7800,7900,0,0,0,0,0,0,0,0,0
"03466361",1,"2015","2014",2,0.153,0.153,"2",0.15,0.15,"50","D",0.0751,0.0751,0,"D",0,"D",80639,"D",0,"D",0,"D",0,"D",0,"D",0,"D",0,"D",4500,"D",0,"D",0,"D",1,"D",1604,"D",5915,3774,5958.35,5883.35,3791.94,3761.74,12337.77,12337.77,80639,80639,80639.01,80639.01,1000,1000,0,0,0,0,0,0,80639,80639,0,0,6958.35,6883.35,6958.35,6883.35,6314.86,6690.12,1604,1604,0,0,0,0,0,0,0
"03466381",1,"2015","2014",2,0.153,0.153,"3",-0.55,-0.55,"45","D",0,0,0,"D",0,"D",12900,"D",0,"D",5200,"D",0,"D",0,"D",0,"D",0,"D",1400,"D",1090,"D",0,"D",2,"D",0,"D",-4824,0,-4795,-4845,0,0,1973.7,1973.7,18100,18100,18100.01,18100.01,0,0,1485,1485,0,0,3310,3360,18100,18100,0,0,0,0,0,0,0,0,0,0,0,0,0,0,0,0,0
"03466403",1,"2015","2014",1,0.153,0.153,"2",0.15,0.25,"39","D",0.0307,0.0307,0,"D",0,"D",66000,"D",33000,"D",0,"D",0,"D",0,"D",0,"D",15600,"D",0,"D",1250,"D",0,"D",1,"D",0,"D",9305,3039,9400,9237.5,3039.3,3039.3,15147,15147,99000,99000,99000.01,99000.01,1000,1000,0,0,0,0,0,0,99000,99000,0,0,10400,10237.5,10400,10237.5,0,0,0,0,0,0,0,0,0,0,0
"03466431",1,"2015","2014",1,0.153,0.153,"2",0.1365,0.1365,"38","D",0.09,0.09,0,"D",0,"D",36000,"D",45000,"D",0,"D",0,"D",0,"D",0,"D",0,"D",3600,"D",0,"D",0,"D",0,"D",11652,"D",6511,4296,6530.58,6496.98,4310.82,4284.82,12393,12393,81000,81000,81000.01,81000.01,0,0,0,0,0,0,0,0,69348,69348,0,0,6530.58,6496.98,6530.58,6496.98,4231.2,4289.91,15252,15252,0,0,0,0,0,0,0
"03466431",2,"2015","2014",0,0.153,0.153,"1",0.15,0.15,"38","D",0.0765,0.0765,0,"D",0,"D",38000,"D",0,"D",0,"D",0,"D",0,"D",0,"D",0,"D",0,"D",0,"D",0,"D",0,"D",0,"D",3706,2468,3723.75,3693.75,2472.46,2465.52,5814,5814,38000,38000,38000.01,38000.01,0,0,0,0,0,0,0,0,38000,38000,0,0,3723.75,3693.75,3723.75,3693.75,2115.6,2144.96,0,0,0,0,0,0,0,0,0
"03466431",3,"2015","2014",0,0.153,0.153,"1",0.25,0.25,"38","D",0.0675,0.0675,0,"D",0,"D",50352,"D",0,"D",0,"D",0,"D",0,"D",0,"D",0,"D",0,"D",0,"D",0,"D",0,"D",0,"D",5848,3387,5906.75,5806.75,3387.67,3387.03,7703.86,7703.86,50352,50352,50352.01,50352.01,0,0,0,0,0,0,0,0,50352,50352,0,0,5906.75,5806.75,5906.75,5806.75,2115.6,2144.96,0,0,0,0,0,0,0,0,0
"03466441",1,"2015","2014",3,0.029,0.029,"2",0.325,0.325,"36","D",0.05,0.0533,0,"D",0,"D",228786,"D",0,"D",0,"D",0,"D",0,"D",0,"D",0,"D",9000,"D",800,"D",0,"D",3,"D",2400,"D",41769,8821,42056.95,41562.95,9157.71,8580.84,21142.79,21328.79,228786,228786,228786.01,228786.01,0,0,0,0,0,0,0,0,226386,226386,2260.03,1870.01,39796.92,39692.94,39796.92,39692.94,0,0,0,0,0,0,0,0,0,0,0
"03466451",1,"2015","2014",0,0.153,0.153,"2",0.2775,0.2775,"34","D",0.0575,0.058,2,"D",2,"D",23625,"D",16725,"D",-3345,"D",0,"D",19870,"D",0,"D",0,"D",1700,"D",0,"D",0,"D",0,"D",6556,"D",2469,1270,2513.1,2438.1,1276.29,1265.29,6173.55,6173.55,45504,45504,37005.01,37005.01,0,0,0,0,0,0,0,0,45504,45504,0,0,2513.1,2438.1,2513.1,2438.1,15000,15000,8256,8256,0,0,0,0,0,0,0
"03466461",1,"2015","2014",0,0.153,0.153,"1",0.15,0.15,"0","T",0,0,0,"D",0,"D",35000,"D",0,"D",-3672,"D",0,"D",0,"D",0,"D",0,"D",5000,"D",7,"D",0,"D",0,"D",12032,"D",1088,0,1097.1,1082.1,0,0,5355,5355,31328,31328,0,0,0,0,0,0,0,0,0,0,19296,19296,0,0,1097.1,1082.1,1097.1,1082.1,0,0,0,0,0,0,0,0,0,0,0
"03466461",2,"2015","2014",0,0.153,0.153,"1",0.15,0.15,"0","T",0,0,0,"D",0,"D",44000,"D",0,"D",0,"D",0,"D",0,"D",0,"D",0,"D",0,"D",0,"D",0,"D",0,"D",0,"D",4606,0,4623.75,4593.75,0,0,6732,6732,44000,44000,0,0,0,0,0,0,0,0,0,0,44000,44000,0,0,4623.75,4593.75,4623.75,4593.75,0,0,0,0,0,0,0,0,0,0,0
"03466471",1,"2015","2014",2,0.153,0.153,"2",0.1417,0.1417,"31","D",0.0552,0.0552,0,"D",0,"D",60000,"D",25607,"D",8000,"D",0,"D",0,"D",0,"D",0,"D",8000,"D",20,"D",0,"D",2,"D",21404,"D",4072,1679,4098.17,4053.17,1678.54,1678.54,13097.87,13097.87,93607,93607,93607.01,93607.01,2000,2000,0,0,0,0,0,0,72203,72203,0,0,6098.17,6053.17,6098.17,6053.17,0,0,0,0,0,0,0,0,0,0,0
"03466481",1,"2015","2014",0,0.153,0.153,"1",0.1765,0.1765,"17","D",0.04,0.04,0,"D",0,"D",12000,"D",0,"D",0,"D",0,"D",0,"D",0,"D",0,"D",3300,"D",145,"D",0,"D",0,"D",0,"D",-32,-165,-13.41,-46.12,-163.48,-166.49,1836,1836,12000,12000,12000.01,12000.01,0,0,0,0,0,0,198.41,216.12,12000,12000,0,0,185,170,185,170,3000,3000,0,0,312,312,0,0,33.73,36.74,0
"03466481",3,"2015","2014",0,0.153,0.153,"1",0.1765,0.1765,"17","D",0.04,0.04,0,"D",0,"D",12436,"D",0,"D",0,"D",0,"D",0,"D",0,"D",0,"D",0,"D",0,"D",0,"D",0,"D",0,"D",44,164,63.54,30.83,165.96,162.95,1902.71,1902.71,12436,12436,12436.01,12436.01,0,0,0,0,0,0,165.06,182.77,12436,12436,0,0,228.6,213.6,228.6,213.6,3000,3000,0,0,0,0,0,0,28.06,31.07,0
"03466491",1,"2015","2014",2,0.153,0.153,"2",0.15,0.15,"44","D",0,0,0,"D",0,"D",61000,"D",33000,"D",0,"D",0,"D",0,"D",0,"D",17400,"D",0,"D",0,"D",0,"D",2,"D",0,"D",6919,0,6962.5,6887.5,0,0,14382,14382,94000,94000,0,0,2000,2000,0,0,0,0,0,0,94000,94000,0,0,8962.5,8887.5,8962.5,8887.5,0,0,0,0,0,0,0,0,0,0,0
"03466501",1,"2015","2014",1,0.153,0.153,"2",0.1414,0.1413,"34","D",0.0575,0.058,0,"D",0,"D",0,"D",103940,"D",0,"D",0,"D",0,"D",0,"D",0,"D",2400,"D",0,"D",0,"D",1,"D",13236,"D",8774,5096,8792.36,8761.48,5121.63,5077.48,15902.82,15902.82,103940,103940,103940.01,103940.01,1000,1000,0,0,0,0,0,0,90704,90704,0,0,9792.36,9761.48,9792.36,9761.48,15000,15000,15636,15636,0,0,0,0,0,0,0
"03466531",1,"2015","2014",2,0,0,"3",-0.4,-0.4,"0","T",0,0,0,"D",0,"D",0,"D",0,"D",0,"D",0,"D",0,"D",0,"D",0,"D",40,"D",0,"D",0,"D",0,"D",146,"D",0,0,0,0,0,0,0,0,0,0,0,0,0,0,0,0,0,0,0,0,0,0,0,0,0,0,0,0,0,0,0,0,0,0,0,0,0,0,0
"03466544",1,"2015","2014",0,0.153,0.153,"2",0.15,0.15,"43","D",0,0,0,"D",0,"D",72020,"D",20800,"D",0,"D",0,"D",0,"D",0,"D",15600,"D",0,"D",1600,"D",0,"D",0,"D",0,"D",9936,0,9970.5,9910.5,0,0,14201.46,14201.46,92820,92820,0,0,0,0,0,0,0,0,0,0,92820,92820,0,0,9970.5,9910.5,9970.5,9910.5,0,0,0,0,0,0,0,0,0,0,0
"03466551",1,"2015","2014",2,0,0,"3",0,0,"19","D",0.04,0.04,0,"D",0,"D",0,"D",0,"D",11793,"D",4000,"D",0,"D",0,"D",0,"D",1700,"D",0,"D",0,"D",0,"D",2716,"D",0,141,0,0,161.72,125.72,0,0,15793,15793,15793.01,15793.01,0,0,0,0,0,0,0,0,15793,15793,0,0,0,0,0,0,0,0,0,0,0,0,0,0,0,0,0
"03466561",1,"2015","2014",0,0.153,0.153,"2",0.1489,0.1489,"44","D",0,0,0,"D",0,"D",45256,"D",20438,"D",0,"D",0,"D",0,"D",0,"D",0,"D",9000,"D",0,"D",0,"D",0,"D",3844,"D",5694,0,5711.93,5681.93,0,0,10051.18,10051.18,65694,65694,0,0,0,0,0,0,0,0,0,0,61850,61850,0,0,5711.93,5681.93,5711.93,5681.93,0,0,0,0,0,0,0,0,0,0,0
"03466561",2,"2015","2014",0,0.153,0.153,"1",0.1765,0.1765,"44","D",0,0,0,"D",0,"D",11916,"D",0,"D",0,"D",0,"D",0,"D",0,"D",0,"D",0,"D",0,"D",0,"D",0,"D",0,"D",-47,0,-28.24,-60.95,0,0,1823.15,1823.15,11916,11916,0,0,0,0,0,0,0,0,204.84,222.55,11916,11916,0,0,176.6,161.6,176.6,161.6,0,0,0,0,0,0,0,0,0,0,0
"03466571",1,"2015","2014",0,0.153,0.153,"1",0.15,0.15,"0","T",0,0,0,"D",0,"D",34825,"D",0,"D",0,"D",0,"D",0,"D",0,"D",0,"D",1200,"D",0,"D",0,"D",0,"D",4244,"D",3230,0,3247.5,3217.5,0,0,5328.22,5328.22,34825,34825,0,0,0,0,0,0,0,0,0,0,34825,34825,0,0,3247.5,3217.5,3247.5,3217.5,0,0,0,0,0,0,0,0,0,0,0
"03466571",2,"2015","2014",0,0.153,0.153,"1",0.15,0.15,"0","T",0,0,0,"D",0,"D",33271,"D",0,"D",0,"D",0,"D",0,"D",0,"D",0,"D",0,"D",0,"D",0,"D",0,"D",0,"D",2997,0,3014.4,2984.4,0,0,5090.46,5090.46,33271,33271,0,0,0,0,0,0,0,0,0,0,33271,33271,0,0,3014.4,2984.4,3014.4,2984.4,0,0,0,0,0,0,0,0,0,0,0
"03466591",1,"2015","2014",0,0.153,0.153,"1",0.15,0.15,"44","D",0,0,0,"D",0,"D",35000,"D",0,"D",0,"D",0,"D",0,"D",0,"D",19040,"D",0,"D",30,"D",0,"D",0,"D",0,"D",3256,0,3273.75,3243.75,0,0,5355,5355,35000,35000,0,0,0,0,0,0,0,0,0,0,35000,35000,0,0,3273.75,3243.75,3273.75,3243.75,0,0,0,0,0,0,0,0,0,0,0
"03466591",2,"2015","2014",0,0.153,0.153,"1",0.15,0.15,"44","D",0,0,0,"D",0,"D",42000,"D",0,"D",0,"D",0,"D",0,"D",0,"D",0,"D",0,"D",0,"D",0,"D",0,"D",0,"D",4306,0,4323.75,4293.75,0,0,6426,6426,42000,42000,0,0,0,0,0,0,0,0,0,0,42000,42000,0,0,4323.75,4293.75,4323.75,4293.75,0,0,0,0,0,0,0,0,0,0,0
"03466601",1,"2015","2014",4,0.153,0.153,"2",0.1,0.15,"44","D",0,0,0,"D",0,"D",18000,"D",37000,"D",0,"D",0,"D",0,"D",0,"D",16400,"D",0,"D",40,"D",0,"D",3,"D",0,"D",-1124,0,-1072.5,-1160,0,0,8415,8415,55000,55000,0,0,1927.5,1840,1072.5,1160,0,0,0,0,55000,55000,0,0,1927.5,1840,1927.5,1840,0,0,0,0,0,0,0,0,0,0,0
"03466631",1,"2015","2014",0,0.153,0.153,"1",0.15,0.15,"22","D",0.0515,0.052,0,"D",0,"D",40000,"D",0,"D",0,"D",0,"D",0,"D",0,"D",10500,"D",0,"D",0,"D",0,"D",0,"D",0,"D",4006,1582,4023.75,3993.75,1591.2,1575.9,6120,6120,40000,40000,40000.01,40000.01,0,0,0,0,0,0,0,0,40000,40000,0,0,4023.75,3993.75,4023.75,3993.75,0,0,0,0,0,0,0,0,0,0,0
"03466641",1,"2015","2014",3,0.153,0.153,"3",-0.6,-0.6,"23","D",0.0115,0.0115,0,"D",0,"D",5000,"D",0,"D",0,"D",0,"D",0,"D",0,"D",4800,"D",0,"D",0,"D",0,"D",2,"D",0,"D",-2550,-977,-2550,-2550,-977.46,-977.46,765,765,5000,5000,5000.01,5000.01,0,0,300,300,0,0,2250,2250,5000,5000,0,0,0,0,0,0,0,0,0,0,470.98,470.98,0,0,135,135,0
"03466651",1,"2015","2014",0,0.153,0.153,"2",0.1,0.1,"0","T",0,0,0,"D",0,"D",0,"D",23000,"D",0,"D",0,"D",0,"D",0,"D",0,"D",3200,"D",2300,"D",0,"D",0,"D",4203,"D",253,0,270,240,0,0,3519,3519,23000,23000,0,0,0,0,0,0,0,0,0,0,23000,23000,0,0,270,240,270,240,0,0,0,0,0,0,0,0,0,0,0
"03466672",1,"2015","2014",3,0,0,"3",-0.45,-0.45,"22","D",-0.0675,-0.0675,0,"D",0,"D",0,"D",0,"D",0,"D",0,"D",0,"D",0,"D",5076,"D",0,"D",0,"D",0,"D",0,"D",0,"D",0,0,0,0,0,0,0,0,0,0,0.01,0.01,0,0,0,0,0,0,0,0,0,0,0,0,0,0,0,0,0,0,0,0,0,0,0,0,0,0,0
"03466701",1,"2015","2014",1,0.153,0.153,"2",0.2598,0.2598,"44","D",0,0,0,"D",0,"D",25000,"D",0,"D",0,"D",0,"D",0,"D",0,"D",12600,"D",0,"D",0,"D",0,"D",1,"D",0,"D",-4040,0,-3951.95,-4103.27,0,0,3825,3825,25000,25000,0,0,75,40,925,960,0,0,3026.95,3143.27,25000,25000,0,0,75,40,75,40,0,0,0,0,0,0,0,0,0,0,0
"03466711",1,"2015","2014",0,0.0682,0.0682,"2",0.254,0.254,"05","D",0.093,0.093,1,"D",0,"D",60000,"D",130000,"D",0,"D",0,"D",0,"D",0,"D",0,"D",4000,"D",0,"D",0,"D",0,"D",3540,"D",32740,11621,32839.66,32668.07,11729.07,11543.69,27458,27644,190000,190000,190000.01,190000.01,0,0,0,0,0,0,0,0,186460,186460,0,0,32839.66,32668.07,32839.66,32668.07,7984,8088,7540,7540,0,0,0,0,0,0,0
"03466721",1,"2015","2014",2,0.153,0.153,"3",0.15,0.15,"39","D",0.0307,0.0307,0,"D",0,"D",53000,"D",0,"D",-3178,"D",0,"D",0,"D",0,"D",0,"D",2600,"D",78,"D",0,"D",1,"D",3320,"D",2651,1530,2683.3,2628.3,1529.54,1529.54,8109,8109,49822,49822,49822.01,49822.01,1000,1000,0,0,0,0,0,0,49822,49822,0,0,3683.3,3628.3,3683.3,3628.3,0,0,0,0,0,0,0,0,0,0,0
"03466731",1,"2015","2014",0,0.153,0.153,"1",0.25,0.25,"02","D",0,0,0,"D",0,"D",65000,"D",0,"D",2000,"D",0,"D",0,"D",0,"D",0,"D",2200,"D",0,"D",0,"D",0,"D",7444,"D",9164,0,9207.5,9132.5,0,0,9945,9945,67000,67000,0,0,0,0,0,0,0,0,0,0,59556,59556,0,0,9207.5,9132.5,9207.5,9132.5,0,0,0,0,0,0,0,0,0,0,0
"03466741",1,"2015","2014",2,0.153,0.153,"3",-0.15,-0.15,"34","D",0.0575,0.058,0,"D",0,"D",12467,"D",0,"D",9870,"D",0,"D",0,"D",0,"D",5700,"D",0,"D",0,"D",0,"D",2,"D",0,"D",-1420,347,-1420.05,-1420.05,349.55,344.38,1907.45,1907.45,22337,22337,22337.01,22337.01,138.7,108.7,1420.05,1420.05,0,0,0,0,22337,22337,0,0,138.7,108.7,138.7,108.7,12000,12000,0,0,0,0,0,0,0,0,0
"03466761",1,"2015","2014",4,0.153,0.153,"2",0.2106,0.2106,"0","T",0,0,0,"D",0,"D",0,"D",35000,"D",0,"D",0,"D",0,"D",0,"D",0,"D",200,"D",0,"D",0,"D",1,"D",0,"D",-4776,0,-4670.56,-4851.69,0,0,5355,5355,35000,35000,0,0,0,0,1000,1000,0,0,3670.56,3851.69,35000,35000,0,0,0,0,0,0,0,0,0,0,0,0,0,0,0,0,0
"03466771",1,"2015","2014",0,0.0363,0.0363,"2",0.23,0.2267,"05","D",0.08,0.093,0,"D",0,"D",7800,"D",125000,"D",-8098,"D",0,"D",22822,"D",0,"D",0,"D",4950,"D",1865,"D",0,"D",0,"D",15184,"D",19096,4317,19174.68,19040.2,4352.96,4290.92,19326.4,19512.4,144100.7,144100.7,124702.01,124702.01,0,0,0,0,0,0,0,0,128916.7,128916.7,0,0,19174.69,19040.2,19174.68,19040.2,7984,8088,21999,21999,0,0,0,0,0,0,0
"03466801",1,"2015","2014",1,0.153,0.153,"3",0.2598,0.2598,"23","D",0.0731,0.0731,0,"D",0,"D",23905,"D",0,"D",0,"D",0,"D",0,"D",0,"D",0,"D",1400,"D",0,"D",0,"D",1,"D",0,"D",-2720,194,-2643.71,-2773.85,197.94,191.63,3657.46,3657.46,23905,23905,23905.01,23905.01,690.5,665.5,309.5,334.5,0,0,2334.21,2439.35,23905,23905,0,0,690.5,665.5,690.5,665.5,0,0,0,0,337.97,337.97,0,0,140.05,146.36,0
"03466801",2,"2015","2014",0,0.153,0.153,"1",0.15,0.15,"23","D",0.0425,0.0425,1,"D",0,"D",26566,"D",0,"D",0,"D",0,"D",0,"D",0,"D",0,"D",0,"D",0,"D",0,"D",0,"D",0,"D",1856,959,2008.65,1746.15,959.06,959.06,4064.6,4064.6,26566,26566,26566.01,26566.01,0,0,0,0,0,0,0,0,26566,26566,0,0,2008.65,1746.15,2008.65,1746.15,0,0,0,0,0,0,0,0,0,0,0
"03466811",1,"2015","2014",0,0.153,0.153,"2",0.15,0.15,"01","D",0.0387,0.0387,0,"D",0,"D",30000,"D",28000,"D",-5500,"D",0,"D",0,"D",0,"D",7944,"D",0,"D",95,"D",0,"D",0,"D",0,"D",3888,1974,3922.5,3862.5,1972.28,1975.28,8874,8874,52500,52500,52500.01,52500.01,0,0,0,0,0,0,0,0,52500,52500,0,0,3922.5,3862.5,3922.5,3862.5,4000,4000,4532,4532,0,0,0,0,0,0,0
"03466821",1,"2015","2014",0,0.153,0.153,"2",0.15,0.15,"34","D",0.0575,0.058,0,"D",0,"D",11793,"D",36000,"D",0,"D",0,"D",0,"D",0,"D",9540,"D",0,"D",0,"D",0,"D",0,"D",120,"D",3181,1892,3216.45,3156.45,1901.99,1885.6,7312.33,7312.33,47793,47793,47793.01,47793.01,0,0,0,0,0,0,0,0,47793,47793,0,0,3216.45,3156.45,3216.45,3156.45,15000,15000,120,120,0,0,0,0,0,0,0
"03466831",1,"2015","2014",0,0.153,0.153,"1",0.25,0.25,"02","D",0,0,0,"D",0,"D",65000,"D",0,"D",2072,"D",0,"D",0,"D",0,"D",0,"D",4000,"D",0,"D",0,"D",0,"D",8372,"D",8500,0,8543.5,8468.5,0,0,9945,9945,67072,67072,0,0,0,0,0,0,0,0,0,0,58700,58700,0,0,8543.5,8468.5,8543.5,8468.5,0,0,0,0,0,0,0,0,0,0,0
"03466851",1,"2015","2014",2,0.153,0.153,"2",0.15,0.1425,"28","D",0.0501,0.0501,0,"D",0,"D",25000,"D",45000,"D",-10429,"D",0,"D",0,"D",0,"D",0,"D",3400,"D",4048,"D",0,"D",2,"D",4028,"D",1731,1251,1742.57,1723.15,1294.56,1220.6,10710,10710,59571,59571,59571.01,59571.01,2000,2000,0,0,0,0,0,0,55543,59571,0,0,3742.57,3723.15,3742.57,3723.15,0,12600,11476,0,0,0,0,0,0,0,0
"03466891",1,"2015","2014",0,0.153,0.153,"1",0.15,0.15,"38","D",0.0765,0.0765,0,"D",0,"D",45029,"D",0,"D",0,"D",0,"D",0,"D",0,"D",15600,"D",0,"D",600,"D",0,"D",0,"D",0,"D",4761,3006,4778.1,4748.1,3010.18,3003.24,6889.44,6889.44,45029,45029,45029.01,45029.01,0,0,0,0,0,0,0,0,45029,45029,0,0,4778.1,4748.1,4778.1,4748.1,2115.6,2144.96,600,600,0,0,0,0,0,0,0
"03466911",1,"2015","2014",2,0.153,0.153,"3",-0.55,-0.55,"0","T",0,0,0,"D",0,"D",7520,"D",0,"D",2640,"D",0,"D",0,"D",0,"D",3600,"D",0,"D",0,"D",0,"D",2,"D",0,"D",-3686,0,-3686,-3686,0,0,1150.56,1150.56,10160,10160,0,0,0,0,678,678,0,0,3008,3008,10160,10160,0,0,0,0,0,0,0,0,0,0,0,0,0,0,0,0,0
"03466911",2,"2015","2014",0,0,0,"1",-0.0765,-0.0765,"0","T",0,0,0,"D",0,"D",0,"D",0,"D",0,"D",0,"D",0,"D",0,"D",0,"D",0,"D",0,"D",0,"D",0,"D",0,"D",0,0,0,0,0,0,0,0,0,0,0,0,0,0,0,0,0,0,0,0,0,0,0,0,0,0,0,0,0,0,0,0,0,0,0,0,0,0,0
"03466921",1,"2015","2014",0,0.153,0.153,"2",0.15,0.15,"0","T",0,0,0,"D",0,"D",40000,"D",43000,"D",0,"D",0,"D",0,"D",0,"D",0,"D",900,"D",2354,"D",0,"D",0,"D",1500,"D",8463,0,8497.5,8437.5,0,0,12699,12699,83000,83000,0,0,0,0,0,0,0,0,0,0,83000,83000,0,0,8497.5,8437.5,8497.5,8437.5,0,0,0,0,0,0,0,0,0,0,0
"03466921",2,"2015","2014",1,0,0,"3",-0.34,-0.34,"0","T",0,0,0,"D",0,"D",0,"D",0,"D",0,"D",0,"D",0,"D",0,"D",0,"D",0,"D",0,"D",0,"D",0,"D",0,"D",0,0,0,0,0,0,0,0,0,0,0,0,0,0,0,0,0,0,0,0,0,0,0,0,0,0,0,0,0,0,0,0,0,0,0,0,0,0,0
"03466933",1,"2015","2014",0,0,0,"1",-0.0765,-0.0765,"05","D",0,0,0,"D",0,"D",0,"D",0,"D",0,"D",0,"D",0,"D",0,"D",12300,"D",0,"D",0,"D",0,"D",0,"D",0,"D",0,0,0,0,0,0,0,0,0,0,0.01,0.01,0,0,0,0,0,0,0,0,0,0,0,0,0,0,0,0,3992,4044,0,0,0,0,0,0,0,0,0
"03466961",1,"2015","2014",1,0.153,0.153,"2",0.2738,0.2738,"39","D",0.0307,0.0307,0,"D",0,"D",34924,"D",6647,"D",0,"D",0,"D",0,"D",0,"D",0,"D",1730,"D",219,"D",2800,"D",1,"D",6300,"D",-343,1276,-254.81,-406.13,1276.23,1276.23,6360.36,6360.36,41571,41571,41571.01,41571.01,1000,1000,0,0,608.01,608.01,378.9,495.22,41571,41571,0,0,1732.1,1697.1,1732.1,1697.1,0,0,0,0,0,0,0,0,0,0,0
"03466971",1,"2015","2014",2,0,0,"3",-0.4,-0.4,"0","T",0,0,0,"D",0,"D",0,"D",0,"D",0,"D",2890,"D",0,"D",0,"D",0,"D",2500,"D",81,"D",0,"D",0,"D",12300,"D",0,0,0,0,0,0,0,0,2890,2890,0,0,0,0,0,0,0,0,0,0,2890,2890,0,0,0,0,0,0,0,0,0,0,0,0,0,0,0,0,0
"03466981",1,"2015","2014",0,0.153,0.153,"2",0.2487,0.2487,"44","D",0,0,0,"D",0,"D",80000,"D",83000,"D",0,"D",0,"D",0,"D",0,"D",11280,"D",18436,"D",20,"D",0,"D",0,"D",19832,"D",20479,0,20566.65,20416.65,0,0,24939,24939,163000,163000,0,0,0,0,0,0,0,0,0,0,143168,143168,0,0,20566.65,20416.65,20566.65,20416.65,0,0,0,0,0,0,0,0,0,0,0
"03466991",1,"2015","2014",3,0.153,0.153,"2",0.0992,0.0992,"10","D",0,0,0,"D",0,"D",0,"D",55451,"D",0,"D",0,"D",0,"D",0,"D",5100,"D",1400,"D",3129,"D",0,"D",1,"D",22896,"D",-266,0,-251.52,-276.52,0,0,8484,8484,55451,55451,0,0,748.48,723.48,251.52,276.52,0,0,0,0,32555,32555,0,0,748.48,723.48,748.48,723.48,0,0,0,0,0,0,0,0,0,0,0
"03466991",2,"2015","2014",3,0,0,"3",-0.45,-0.45,"10","D",0,0,0,"D",0,"D",0,"D",0,"D",0,"D",0,"D",0,"D",0,"D",0,"D",0,"D",0,"D",0,"D",1,"D",0,"D",0,0,0,0,0,0,0,0,0,0,0,0,0,0,0,0,0,0,0,0,0,0,0,0,0,0,0,0,0,0,0,0,0,0,0,0,0,0,0
"03467011",1,"2015","2014",3,0.153,0.153,"2",0.15,0.15,"50","D",0.0699,0.0699,0,"D",0,"D",12000,"D",56962,"D",2,"D",0,"D",0,"D",0,"D",0,"D",5000,"D",390,"D",0,"D",0,"D",1536,"D",4566,2494,4614.6,4532.1,2511.27,2481.07,10551.19,10551.19,68964,68964,68964.01,68964.01,0,0,0,0,0,0,0,0,68964,68964,0,0,4614.6,4532.1,4614.6,4532.1,8623.59,8998.85,1536,1536,0,0,0,0,0,0,0
"03467011",2,"2015","2014",3,0,0,"3",-0.45,-0.45,"50","D",-0.153,-0.153,0,"D",0,"D",0,"D",0,"D",0,"D",0,"D",0,"D",0,"D",0,"D",0,"D",0,"D",0,"D",0,"D",0,"D",0,0,0,0,0,0,0,0,0,0,0.01,0.01,0,0,0,0,0,0,0,0,0,0,0,0,0,0,0,0,13020,13239.48,0,0,0,0,0,0,0,0,0
"03467021",1,"2015","2014",1,0.153,0.153,"2",0.15,0.15,"26","D",0.0508,0.0508,0,"D",0,"D",56029,"D",0,"D",2767,"D",0,"D",0,"D",0,"D",0,"D",900,"D",0,"D",0,"D",1,"D",7988,"D",3235,1994,3274.4,3206.9,1998.35,1990.54,8572.44,8572.44,58796,58796,58796.01,58796.01,1000,1000,0,0,0,0,0,0,58796,58796,0,0,4274.4,4206.9,4274.4,4206.9,12400,12600,0,0,0,0,0,0,0,0,0
"03467031",1,"2015","2014",0,0.153,0.153,"1",0.15,0.15,"0","T",0,0,0,"D",0,"D",22000,"D",0,"D",0,"D",0,"D",0,"D",0,"D",0,"D",0,"D",0,"D",0,"D",0,"D",0,"D",1306,0,1323.75,1293.75,0,0,3366,3366,22000,22000,0,0,0,0,0,0,0,0,0,0,22000,22000,0,0,1323.75,1293.75,1323.75,1293.75,0,0,0,0,0,0,0,0,0,0,0
"03467051",1,"2015","2014",0,0.153,0.153,"2",0.1,0.1,"44","D",0,0,0,"D",0,"D",21000,"D",16000,"D",0,"D",0,"D",0,"D",0,"D",14400,"D",0,"D",0,"D",0,"D",0,"D",0,"D",1653,0,1670,1640,0,0,5661,5661,37000,37000,0,0,0,0,0,0,0,0,0,0,37000,37000,0,0,1670,1640,1670,1640,0,0,0,0,0,0,0,0,0,0,0
"03467071",1,"2015","2014",0,0.153,0.153,"1",0.1765,0.1765,"0","T",0,0,0,"D",0,"D",11500,"D",0,"D",0,"D",0,"D",0,"D",0,"D",0,"D",0,"D",0,"D",0,"D",0,"D",0,"D",-121,0,-101.66,-134.37,0,0,1759.5,1759.5,11500,11500,0,0,0,0,0,0,0,0,236.66,254.37,11500,11500,0,0,135,120,135,120,0,0,0,0,0,0,0,0,0,0,0
"03467101",1,"2015","2014",0,0.153,0.153,"1",0.1765,0.1765,"34","D",0.0575,0.058,0,"D",0,"D",12186,"D",0,"D",0,"D",0,"D",0,"D",0,"D",5220,"D",0,"D",0,"D",0,"D",0,"D",0,"D",0,270,19.41,-13.3,271.79,269.45,1864.46,1864.46,12186,12186,12186.01,12186.01,0,0,0,0,0,0,184.19,201.9,12186,12186,0,0,203.6,188.6,203.6,188.6,7500,7500,0,0,0,0,0,0,0,0,0
"03467111",1,"2015","2014",0,0.153,0.153,"1",0.1,0.1,"25","D",0.04,0.04,0,"D",0,"D",15000,"D",0,"D",0,"D",0,"D",0,"D",0,"D",4800,"D",0,"D",0,"D",0,"D",0,"D",240,"D",476,218,485,470,218,218,2295,2295,15000,15000,15000.01,15000.01,0,0,0,0,0,0,0,0,15000,15000,0,0,485,470,485,470,2300,2300,240,240,0,0,0,0,0,0,0
"03467131",1,"2015","2014",0,0.153,0.153,"1",0.1489,0.1489,"29","D",0,0,0,"D",0,"D",33475,"D",0,"D",0,"D",0,"D",0,"D",0,"D",0,"D",2000,"D",0,"D",0,"D",0,"D",14944,"D",1353,0,1361.51,1346.51,0,0,5121.67,5121.67,33475,33475,0,0,0,0,0,0,0,0,0,0,18531,18531,0,0,1361.51,1346.51,1361.51,1346.51,0,0,0,0,0,0,0,0,0,0,0
"03467131",2,"2015","2014",0,0.153,0.153,"1",0.25,0.25,"29","D",0,0,0,"D",0,"D",47881,"D",0,"D",0,"D",0,"D",0,"D",0,"D",0,"D",0,"D",0,"D",0,"D",0,"D",0,"D",5231,0,5289,5189,0,0,7325.79,7325.79,47881,47881,0,0,0,0,0,0,0,0,0,0,47881,47881,0,0,5289,5189,5289,5189,0,0,0,0,0,0,0,0,0,0,0
"03467171",1,"2015","2014",0,0.153,0.153,"2",0.141,0.141,"05","D",0.06,0.06,0,"D",0,"D",60000,"D",30000,"D",0,"D",0,"D",0,"D",0,"D",0,"D",6500,"D",0,"D",0,"D",0,"D",7032,"D",9014,2306,9029.35,9003.64,2322.36,2293.74,13770,13770,90000,90000,90000.01,90000.01,0,0,0,0,0,0,0,0,82968,82968,0,0,9029.35,9003.64,9029.35,9003.64,7984,8088,13532,13532,0,0,0,0,0,0,0
"03467193",1,"2015","2014",2,0.153,0.153,"2",0.2106,0.2106,"18","D",0.0174,0.0232,0,"D",0,"D",0,"D",27000,"D",0,"D",0,"D",0,"D",0,"D",4200,"D",0,"D",0,"D",0,"D",2,"D",0,"D",-6772,411,-6672.36,-6842.49,481.12,360.14,4131,4131,27000,27000,27000.01,27000.01,0,0,2000,2000,0,0,4672.36,4842.49,27000,27000,0,0,0,0,0,0,2400,2440,0,0,0,0,0,0,0,0,0
"03467201",1,"2015","2014",0,0,0,"1",0,0,"0","T",0,0,1,"D",1,"D",0,"D",0,"D",0,"D",0,"D",13018,"D",0,"D",0,"D",1200,"D",0,"D",0,"D",0,"D",0,"D",0,0,0,0,0,0,0,0,0,0,0,0,0,0,0,0,0,0,0,0,0,0,0,0,0,0,0,0,0,0,0,0,0,0,0,0,0,0,0
"03467211",1,"2015","2014",0,0.153,0.029,"1",0.28,0.28,"0","T",0,0,0,"D",0,"D",117000,"D",0,"D",-3600,"D",0,"D",0,"D",0,"D",0,"D",450,"D",225,"D",0,"D",0,"D",3476,"D",22000,0,22085.75,21939.25,0,0,17901,17901,113400,113400,0,0,0,0,0,0,0,0,0,0,113400,113400,0,0,22085.75,21939.25,22085.75,21939.25,0,0,0,0,0,0,0,0,0,0,0
"03467221",1,"2015","2014",0,0.153,0.153,"1",0.2406,0.2375,"14","D",0.0375,0.05,0,"D",0,"D",81366,"D",0,"D",-6447,"D",0,"D",0,"D",0,"D",0,"D",6300,"D",172,"D",0,"D",0,"D",0,"D",11238,2793,11149.33,11302.04,3324.7,2413.84,12449,12449,74919,74919,74919.01,74919.01,0,0,0,0,0,0,0,0,74919,74919,0,0,11149.33,11302.04,11149.33,11302.04,0,0,0,0,315,315,0,0,0,0,0
"03467221",2,"2015","2014",0,0.153,0.153,"1",0.25,0.25,"14","D",0.0375,0.05,0,"D",0,"D",75084,"D",0,"D",-5500,"D",0,"D",0,"D",0,"D",0,"D",0,"D",0,"D",0,"D",0,"D",0,"D",10656,2881,10714.75,10614.75,3372.95,2528.78,11487.85,11487.85,69584,69584,69584.01,69584.01,0,0,0,0,0,0,0,0,69584,69584,0,0,10714.75,10614.75,10714.75,10614.75,0,0,0,0,0,0,0,0,0,0,0
"03467231",1,"2015","2014",0,0.153,0.153,"1",0.0765,0.0765,"10","D",0,0,0,"D",0,"D",9000,"D",0,"D",0,"D",0,"D",0,"D",0,"D",9000,"D",0,"D",0,"D",0,"D",0,"D",0,"D",-438,0,-427.91,-445.62,0,0,1377,1377,9000,9000,0,0,0,0,0,0,0,0,427.91,445.62,9000,9000,0,0,0,0,0,0,0,0,0,0,0,0,0,0,0,0,0
"03467231",3,"2015","2014",0,0.153,0.153,"1",-0.0765,-0.0765,"10","D",0,0,0,"D",0,"D",3000,"D",0,"D",0,"D",0,"D",0,"D",0,"D",0,"D",0,"D",0,"D",0,"D",0,"D",0,"D",-230,0,-229.5,-229.5,0,0,459,459,3000,3000,0,0,0,0,0,0,0,0,229.5,229.5,3000,3000,0,0,0,0,0,0,0,0,0,0,0,0,0,0,0,0,0
"03467261",1,"2015","2014",0,0.029,0.029,"1",0.2267,0.2267,"05","D",0.093,0.093,0,"D",0,"D",140000,"D",0,"D",-7000,"D",0,"D",0,"D",0,"D",0,"D",5000,"D",15601,"D",0,"D",0,"D",15436,"D",17466,6399,17504.91,17438.25,6418.35,6384.99,18568,18754,133000,133000,133000.01,133000.01,0,0,0,0,0,0,0,0,117564,117564,0,0,17504.91,17438.25,17504.91,17438.25,3992,4044,36037,36037,0,0,0,0,0,0,0
"03467271",1,"2015","2014",1,0.153,0.153,"3",0.3085,0.3085,"28","D",0.0511,0.0511,0,"D",0,"D",34442,"D",0,"D",-1925,"D",0,"D",0,"D",0,"D",0,"D",2000,"D",580,"D",0,"D",1,"D",7752,"D",-306,390,-229.69,-359.82,398.85,383.4,5269.63,5269.63,32517,32517,32517.01,32517.01,1000,1000,0,0,0,0,650.4,755.54,24765,24765,0,0,1420.72,1395.72,1420.72,1395.72,0,0,10332,10332,0,0,0,0,65.04,75.55,0
"03467281",1,"2015","2014",0,0,0,"1",0,0,"0","T",0,0,1,"D",1,"D",0,"D",0,"D",0,"D",4548,"D",15190,"D",0,"D",0,"D",80,"D",0,"D",0,"D",0,"D",1200,"D",0,0,0,0,0,0,0,0,4548,4548,0,0,0,0,0,0,0,0,0,0,4548,4548,0,0,0,0,0,0,0,0,0,0,0,0,0,0,0,0,0
"03467311",1,"2015","2014",0,0,0,"1",0,0,"44","D",0,0,1,"D",1,"D",0,"D",0,"D",0,"D",201,"D",17962,"D",0,"D",0,"D",0,"D",0,"D",0,"D",0,"D",1752,"D",0,0,0,0,0,0,0,0,201,201,0,0,0,0,0,0,0,0,0,0,201,201,0,0,0,0,0,0,0,0,0,0,0,0,0,0,0,0,0
"03467321",1,"2015","2014",0,0.153,0.153,"1",0.1765,0.1765,"0","T",0,0,0,"D",0,"D",14000,"D",0,"D",0,"D",0,"D",0,"D",0,"D",3900,"D",0,"D",150,"D",0,"D",0,"D",0,"D",321,0,339.59,306.88,0,0,2142,2142,14000,14000,0,0,0,0,0,0,0,0,45.41,63.12,14000,14000,0,0,385,370,385,370,0,0,0,0,0,0,0,0,0,0,0
"03467331",1,"2015","2014",0,0.153,0.153,"1",0.235,0.235,"07","D",0.06,0.06,0,"D",0,"D",58595,"D",0,"D",47000,"D",0,"D",0,"D",0,"D",0,"D",4300,"D",1100,"D",0,"D",0,"D",36032,"D",9482,5537,9531.83,9445.58,5510.7,5555.7,8965.03,8965.03,105595,105595,105595.01,105595.01,0,0,0,0,0,0,0,0,69563,69563,0,0,9531.83,9445.58,9531.83,9445.58,0,0,0,0,0,0,0,0,0,0,0
"03467351",1,"2015","2014",0,0.153,0.153,"2",0.25,0.25,"01","D",0.0337,0.0337,0,"D",0,"D",72000,"D",643,"D",3900,"D",29185,"D",0,"D",0,"D",0,"D",150,"D",245,"D",0,"D",0,"D",1520,"D",12953,4035,13069.5,12869.5,4029.32,4039.32,11114.38,11114.38,105728,105728,105728.01,105728.01,0,0,0,0,0,0,0,0,105728,105728,0,0,13069.5,12869.5,13069.5,12869.5,4000,4000,7472.19,7472.19,0,0,0,0,0,0,0
"03467361",1,"2015","2014",1,0,0,"3",0.15,0.15,"05","D",0,0,1,"D",1,"D",0,"D",0,"D",5000,"D",30000,"D",2522,"D",0,"D",0,"D",1300,"D",50,"D",0,"D",0,"D",3400,"D",2114,0,2141.56,2094.06,0,0,0,0,37143.7,37143.7,35000.01,35000.01,0,0,0,0,0,0,0,0,37143.7,37143.7,0,0,2141.56,2094.06,2141.56,2094.06,7984,8088,4750,4750,0,0,0,0,0,0,0
"03467371",1,"2015","2014",2,0.153,0.153,"3",0,0.2106,"31","D",0,0.0421,0,"D",0,"D",18000,"D",0,"D",0,"D",0,"D",0,"D",720,"D",6000,"D",0,"D",0,"D",0,"D",0,"D",0,"D",-5496,-1573,-5424.2,-5548,-1234.84,-1814.4,2754,2754,18000,18000,18000.01,18000.01,0,0,0,0,0,0,5424.2,5548,18000,18000,0,0,0,0,0,0,0,0,0,0,0,0,0,0,1084.84,1664.4,0
"03467371",2,"2015","2014",0,0.153,0.153,"1",0.0765,0.0765,"31","D",0.037,0.0293,0,"D",0,"D",10090,"D",0,"D",0,"D",0,"D",0,"D",0,"D",0,"D",0,"D",0,"D",0,"D",0,"D",0,"D",-355,35,-344.53,-362.24,58.35,18.59,1543.77,1543.77,10090,10090,10090.01,10090.01,0,0,0,0,0,0,344.53,362.24,10090,10090,0,0,0,0,0,0,0,0,0,0,0,0,0,0,68.91,108.67,0
"03467371",4,"2015","2014",2,0,0,"3",-0.4,-0.4,"31","D",-0.12,-0.08,0,"D",0,"D",0,"D",0,"D",0,"D",0,"D",0,"D",0,"D",0,"D",0,"D",0,"D",0,"D",0,"D",0,"D",0,0,0,0,0,0,0,0,0,0,0.01,0.01,0,0,0,0,0,0,0,0,0,0,0,0,0,0,0,0,0,0,0,0,0,0,0,0,0,0,0
"03467381",1,"2015","2014",1,0.153,0.153,"3",0.2598,0.2598,"44","D",0,0,0,"D",0,"D",24000,"D",0,"D",0,"D",0,"D",0,"D",0,"D",7500,"D",0,"D",0,"D",0,"D",0,"D",0,"D",-1695,0,-1619.03,-1749.17,0,0,3672,3672,24000,24000,0,0,0,0,0,0,0,0,2319.03,2424.17,24000,24000,0,0,700,675,700,675,0,0,0,0,0,0,0,0,0,0,0
"03467401",1,"2015","2014",2,0.153,0.153,"2",0.2686,0.2686,"03","D",0.0407,0.0407,0,"D",0,"D",100792,"D",105117,"D",0,"D",0,"D",0,"D",0,"D",0,"D",1500,"D",0,"D",0,"D",2,"D",9120,"D",35580,6360,35723.53,35477.17,6370.49,6352.07,31504.08,31504.08,205909,205909,205909.01,205909.01,0,0,0,0,0,0,0,0,196789,196789,0,0,35723.53,35477.17,35723.53,35477.17,10018,10182,16978.55,16960.17,0,0,0,0,0,0,0
"03467411",1,"2015","2014",0,0,0,"1",-0.0765,-0.0765,"21","D",-0.0195,-0.0191,0,"D",0,"D",0,"D",0,"D",600,"D",0,"D",0,"D",0,"D",0,"D",2800,"D",300,"D",0,"D",0,"D",2148,"D",0,0,0,0,0,0,0,0,600,600,600.01,600.01,0,0,0,0,0,0,0,0,600,600,0,0,0,0,0,0,1500,1500,0,0,0,0,0,0,0,0,0
"03467421",1,"2015","2014",2,0.153,0.153,"2",0.1444,0.1425,"14","D",0.0375,0.05,0,"D",0,"D",43229,"D",52311,"D",0,"D",0,"D",0,"D",0,"D",0,"D",4000,"D",950,"D",800,"D",2,"D",4952,"D",6855,3515,6785.4,6904.16,4152,3060.25,14617.62,14617.62,95540,95540,95540.01,95540.01,2000,2000,0,0,160,160,0,0,90588,90588,0,0,8945.4,9064.16,8945.4,9064.16,0,0,0,0,200,200,0,0,0,0,0
"03467431",1,"2015","2014",0,0,0,"1",0.1,0.1,"03","D",0.0259,0.0259,1,"D",1,"D",0,"D",0,"D",13200,"D",600,"D",8242,"D",0,"D",0,"D",450,"D",50,"D",0,"D",0,"D",0,"D",201,118,210,195,118.91,116.78,0,0,13800,13800,13800.01,13800.01,0,0,0,0,0,0,0,0,13800,13800,0,0,210,195,210,195,5009,5091,691.23,691.23,0,0,0,0,0,0,0
"03467453",1,"2015","2014",1,0.153,0.153,"2",0.15,0.15,"28","D",0.0501,0.0501,0,"D",0,"D",25512,"D",24197,"D",0,"D",0,"D",0,"D",0,"D",6060,"D",0,"D",0,"D",0,"D",1,"D",0,"D",1872,867,1911.35,1843.85,882.18,856.51,7605.48,7605.48,49709,49709,49709.01,49709.01,1000,1000,0,0,0,0,0,0,49709,49709,0,0,2911.35,2843.85,2911.35,2843.85,12400,12600,0,0,0,0,0,0,0,0,0
"03467461",1,"2015","2014",0,0,0,"2",0.2775,0.2775,"48","D",0,0,2,"D",2,"D",0,"D",0,"D",40,"D",38094,"D",31340,"D",0,"D",3524,"D",3700,"D",10,"D",0,"D",0,"D",2920,"D",3514,0,3557.61,3482.61,0,0,0,0,52467.4,52467.4,0,0,0,0,0,0,0,0,0,0,52467.4,52467.4,0,0,3557.61,3482.61,3557.61,3482.61,0,0,0,0,0,0,0,0,0,0,0
"03467471",1,"2015","2014",0,0.153,0.153,"2",0.15,0.15,"44","D",0,0,0,"D",0,"D",47000,"D",36000,"D",0,"D",0,"D",0,"D",0,"D",0,"D",1600,"D",1057,"D",0,"D",0,"D",6612,"D",8463,0,8497.5,8437.5,0,0,12699,12699,83000,83000,0,0,0,0,0,0,0,0,0,0,83000,83000,0,0,8497.5,8437.5,8497.5,8437.5,0,0,0,0,0,0,0,0,0,0,0
"03467481",1,"2015","2014",0,0,0,"2",0.2775,0.2775,"33","D",0.04,0.059,1,"D",0,"D",0,"D",0,"D",0,"D",50000,"D",35024,"D",0,"D",0,"D",2100,"D",2508,"D",0,"D",0,"D",480,"D",7301,996,7445.28,7197.78,1597.13,566,0,0,75985.2,75985.2,50000.01,30000.01,0,0,0,0,0,0,0,0,75985.2,75985.2,0,0,7445.28,7197.78,7445.28,7197.78,15650,15850,0,0,0,0,0,0,0,0,0
"03467491",1,"2015","2014",1,0,0,"3",0,0,"22","D",0,0,0,"D",0,"D",0,"D",0,"D",13036,"D",0,"D",0,"D",0,"D",26400,"D",0,"D",0,"D",0,"D",0,"D",0,"D",0,0,0,0,0,0,0,0,13036,13036,13036.01,13036.01,0,0,0,0,0,0,0,0,13036,13036,0,0,0,0,0,0,0,0,0,0,0,0,0,0,0,0,0
"03467501",1,"2015","2014",0,0.153,0.153,"1",0.15,0.15,"10","D",0,0,0,"D",0,"D",42318,"D",0,"D",0,"D",0,"D",0,"D",0,"D",21840,"D",0,"D",0,"D",0,"D",0,"D",0,"D",4354,0,4371.45,4341.45,0,0,6474.65,6474.65,42318,42318,0,0,0,0,0,0,0,0,0,0,42318,42318,0,0,4371.45,4341.45,4371.45,4341.45,0,0,0,0,0,0,0,0,0,0,0
"03467511",1,"2015","2014",0,0.153,0.153,"1",0.25,0.25,"44","D",0,0,0,"D",0,"D",71000,"D",0,"D",0,"D",0,"D",0,"D",0,"D",9600,"D",0,"D",210,"D",0,"D",0,"D",800,"D",11010,0,11068.75,10968.75,0,0,10863,10863,71000,71000,0,0,0,0,0,0,0,0,0,0,71000,71000,0,0,11068.75,10968.75,11068.75,10968.75,0,0,0,0,0,0,0,0,0,0,0
"03467511",2,"2015","2014",0,0,0,"1",-0.0765,-0.0765,"44","D",0,0,0,"D",0,"D",0,"D",0,"D",0,"D",0,"D",0,"D",0,"D",0,"D",0,"D",0,"D",0,"D",0,"D",0,"D",0,0,0,0,0,0,0,0,0,0,0,0,0,0,0,0,0,0,0,0,0,0,0,0,0,0,0,0,0,0,0,0,0,0,0,0,0,0,0
"03467531",1,"2015","2014",0,0.153,0.153,"1",-0.0765,-0.0765,"44","D",0,0,0,"D",0,"D",3700,"D",0,"D",0,"D",0,"D",0,"D",0,"D",7360,"D",0,"D",0,"D",0,"D",0,"D",0,"D",-283,0,-283.05,-283.05,0,0,566.1,566.1,3700,3700,0,0,0,0,0,0,0,0,283.05,283.05,3700,3700,0,0,0,0,0,0,0,0,0,0,0,0,0,0,0,0,0
"03467541",1,"2015","2014",0,0,0,"1",0,0,"43","D",0,0,1,"D",1,"D",0,"D",0,"D",0,"D",0,"D",17986,"D",0,"D",0,"D",0,"D",187,"D",0,"D",0,"D",400,"D",0,0,0,0,0,0,0,0,0,0,0,0,0,0,0,0,0,0,0,0,0,0,0,0,0,0,0,0,0,0,0,0,0,0,0,0,0,0,0
"03467571",1,"2015","2014",0,0.0775,0.0775,"2",0.325,0.325,"05","D",0.093,0.093,0,"D",0,"D",90000,"D",140000,"D",40,"D",0,"D",0,"D",0,"D",0,"D",8300,"D",0,"D",0,"D",0,"D",480,"D",42800,15340,43088.5,42594.5,15378.76,15312.05,32338,32524,230040,230040,230040.01,230040.01,0,0,0,0,0,0,0,0,229560,229560,406.75,117.57,42681.75,42476.93,42681.75,42476.93,7984,8088,8780,8780,0,0,0,0,0,0,0
"03467591",1,"2015","2014",1,0.153,0.153,"2",0.2384,0.2384,"06","D",0.0463,0.0463,0,"D",0,"D",44000,"D",100000,"D",0,"D",0,"D",0,"D",0,"D",0,"D",3170,"D",0,"D",0,"D",1,"D",22224,"D",17079,4912,17165.8,17016.54,4942.8,4889.86,22032,22032,144000,144000,0,0,0,0,0,0,0,0,0,0,121776,121776,0,0,17165.8,17016.54,17165.8,17016.54,0,0,0,0,0,0,0,0,0,0,0
"03467611",1,"2015","2014",0,0,0,"1",0,0,"33","D",0,0,1,"D",1,"D",0,"D",0,"D",0,"D",10800,"D",14062,"D",0,"D",10392,"D",0,"D",0,"D",0,"D",0,"D",720,"D",0,0,0,0,0,0,0,0,10800,10800,0.01,0.01,0,0,0,0,0,0,0,0,10800,10800,0,0,0,0,0,0,7800,7900,0,0,0,0,0,0,0,0,0
"03467621",1,"2015","2014",5,0.153,0.153,"2",0.1414,0.1414,"47","D",0.0575,0.0575,0,"D",0,"D",35000,"D",48000,"D",-2192,"D",0,"D",0,"D",0,"D",0,"D",2300,"D",1425,"D",0,"D",5,"D",13720,"D",-1003,2754,-963.66,-1031.16,2754.05,2754.05,12699,12699,80808,80808,80808.01,80808.01,4036.34,3968.84,963.66,1031.16,0,0,0,0,67088,67088,0,0,4036.34,3968.84,4036.34,3968.84,6000,6000,17445,17445,0,0,0,0,0,0,0
"03467651",1,"2015","2014",0,0.153,0.153,"2",0.2333,0.2333,"07","D",0.067,0.067,0,"D",0,"D",59231,"D",76745,"D",-5250,"D",0,"D",0,"D",0,"D",0,"D",7600,"D",40,"D",0,"D",0,"D",5744,"D",17352,6533,17439.84,17289.84,6532.64,6532.64,20804.33,20804.33,130726,130726,130726.01,130726.01,0,0,0,0,0,0,0,0,124982,124982,0,0,17439.84,17289.84,17439.84,17289.84,0,0,0,0,0,0,0,0,0,0,0
"03467671",1,"2015","2014",2,0.153,0.153,"2",0.2985,0.2985,"44","D",0,0,0,"D",0,"D",90000,"D",40000,"D",0,"D",0,"D",0,"D",0,"D",0,"D",7600,"D",1050,"D",0,"D",2,"D",9596,"D",14257,0,14359.38,14184.38,0,0,19890,19890,130000,130000,0,0,1000,1000,0,0,0,0,0,0,120404,120404,0,0,15359.38,15184.38,15359.38,15184.38,0,0,0,0,0,0,0,0,0,0,0
"03467693",1,"2015","2014",0,0.153,0.153,"1",0.0765,0.0765,"05","D",0,0,0,"D",0,"D",8700,"D",0,"D",-400,"D",0,"D",0,"D",0,"D",3440,"D",0,"D",0,"D",0,"D",0,"D",0,"D",-461,0,-450.87,-468.57,0,0,1331.1,1331.1,8300,8300,8300.01,8300.01,0,0,0,0,0,0,450.87,468.57,8300,8300,0,0,0,0,0,0,3992,4044,0,0,0,0,0,0,0,0,0
"03467701",1,"2015","2014",0,0,0,"1",0,0,"41","D",0,0,1,"D",1,"D",0,"D",0,"D",0,"D",0,"D",16330,"D",0,"D",0,"D",750,"D",30,"D",0,"D",0,"D",960,"D",0,0,0,0,0,0,0,0,0,0,-15000,-15000,0,0,0,0,0,0,0,0,0,0,0,0,0,0,0,0,0,0,0,0,0,0,0,0,0,0,0
"03467711",1,"2015","2014",0,0.153,0.153,"1",0.2371,0.237,"22","D",0.0515,0.052,0,"D",0,"D",60000,"D",0,"D",0,"D",0,"D",0,"D",0,"D",0,"D",3600,"D",0,"D",0,"D",0,"D",7348,"D",6395,2772,6434.95,6366.65,2787.2,2760.4,9180,9180,60000,60000,60000.01,60000.01,0,0,0,0,0,0,0,0,52652,52652,0,0,6434.95,6366.65,6434.95,6366.65,0,0,0,0,0,0,0,0,0,0,0
"03467711",2,"2015","2014",0,0.153,0.153,"1",0.25,0.25,"22","D",0.0515,0.052,0,"D",0,"D",60000,"D",0,"D",0,"D",0,"D",0,"D",0,"D",0,"D",0,"D",0,"D",0,"D",0,"D",0,"D",8260,2772,8318.75,8218.75,2787.2,2760.4,9180,9180,60000,60000,60000.01,60000.01,0,0,0,0,0,0,0,0,60000,60000,0,0,8318.75,8218.75,8318.75,8218.75,0,0,0,0,0,0,0,0,0,0,0
"03467731",1,"2015","2014",2,0.0391,0.0391,"2",0.35,0.35,"36","D",0.0469,0.0533,0,"D",0,"D",258786,"D",2400,"D",-3350,"D",0,"D",0,"D",0,"D",0,"D",6800,"D",410,"D",0,"D",2,"D",8200,"D",49435,9881,49779.6,49189.6,10257.73,9611.55,22480.67,22666.67,257836,257836,257836.01,257836.01,0,0,0,0,0,0,0,0,249636,249636,1949.48,1430.05,47830.12,47759.55,47830.12,47759.55,0,0,0,0,0,0,0,0,0,0,0
"03467761",1,"2015","2014",0,0,0,"1",0,0,"10","D",0,0,1,"D",1,"D",0,"D",0,"D",0,"D",0,"D",19102,"D",0,"D",0,"D",1200,"D",0,"D",0,"D",0,"D",0,"D",0,0,0,0,0,0,0,0,0,0,0,0,0,0,0,0,0,0,0,0,0,0,0,0,0,0,0,0,0,0,0,0,0,0,0,0,0,0,0
"03467801",1,"2015","2014",1,0.0625,0.0625,"2",0.2423,0.2423,"39","D",0.0307,0.0307,0,"D",0,"D",135000,"D",50000,"D",2800,"D",0,"D",0,"D",0,"D",0,"D",6000,"D",15,"D",0,"D",1,"D",20868,"D",27443,5765,27537.89,27375.39,5765.46,5765.46,26073,26259,187800,187800,187800.01,187800.01,0,0,0,0,0,0,0,0,166932,166932,0,0,27537.89,27375.39,27537.89,27375.39,0,0,0,0,0,0,0,0,0,0,0
"03467831",1,"2015","2014",2,0.0477,0.0477,"2",0.2874,0.2873,"22","D",0.0503,0.0508,0,"D",0,"D",22000,"D",124235,"D",-1900,"D",0,"D",0,"D",0,"D",0,"D",3000,"D",20,"D",0,"D",2,"D",13264,"D",17800,6359,17893.4,17733.77,6394.39,6332.9,21476.81,21662.81,144335,144335,144335.01,144335.01,283.25,283.25,0,0,0,0,0,0,131071,131071,0,0,18176.65,18017.02,18176.65,18017.02,0,0,0,0,0,0,0,0,0,0,0
"03467841",1,"2015","2014",0,0.153,0.153,"2",0.15,0.15,"45","D",0.063,0.063,0,"D",0,"D",12000,"D",56938,"D",1,"D",0,"D",0,"D",0,"D",0,"D",830,"D",850,"D",0,"D",0,"D",4976,"D",6353,2877,6388.35,6328.35,2890.32,2868.23,10547.51,10547.51,68939,68939,68939.01,68939.01,0,0,0,0,0,0,0,0,68939,68939,0,0,6388.35,6328.35,6388.35,6328.35,0,0,0,0,0,0,0,0,0,0,0
"03467851",1,"2015","2014",2,0.153,0.153,"2",0.15,0.15,"05","D",0.06,0.06,0,"D",0,"D",0,"D",81347,"D",0,"D",0,"D",0,"D",0,"D",43356,"D",0,"D",0,"D",8000,"D",2,"D",0,"D",5021,1445,5064.55,4989.55,1470.06,1427.2,12446.09,12446.09,81347,81347,81347.01,81347.01,2000,2000,0,0,0,0,0,0,81347,81347,0,0,7064.55,6989.55,7064.55,6989.55,7984,8088,0,0,0,0,0,0,0,0,0
"03467861",1,"2015","2014",1,0.153,0.153,"3",0.2598,0.2598,"05","D",0,0,0,"D",0,"D",20000,"D",0,"D",0,"D",0,"D",0,"D",0,"D",9000,"D",0,"D",0,"D",0,"D",0,"D",0,"D",-2734,0,-2658.23,-2788.37,0,0,3060,3060,20000,20000,20000.01,20000.01,0,0,0,0,0,0,2958.23,3063.37,20000,20000,0,0,300,275,300,275,7984,8088,0,0,0,0,0,0,0,0,0
"03467891",1,"2015","2014",0,0.038,0.038,"2",0.35,0.35,"41","D",0.07,0.07,0,"D",0,"D",130000,"D",140000,"D",0,"D",0,"D",0,"D",0,"D",0,"D",3500,"D",0,"D",0,"D",0,"D",16052,"D",50945,16275,51288.8,50698.8,16278.76,16271.76,37026,37398,270000,270000,226269.25,226176.25,0,0,0,0,0,0,0,0,253948,253948,686.41,317.95,50602.39,50380.85,50602.39,50380.85,0,0,0,0,0,0,0,0,0,0,0
"03467901",1,"2015","2014",1,0.153,0.153,"3",0.15,0.15,"33","D",0.0645,0.0645,0,"D",0,"D",44503,"D",0,"D",0,"D",0,"D",0,"D",0,"D",7200,"D",0,"D",0,"D",0,"D",0,"D",0,"D",3450,1494,3477.95,3430.45,1506.34,1485.01,6808.96,6808.96,44503,44503,44503.01,44503.01,0,0,0,0,0,0,0,0,44503,44503,0,0,3477.95,3430.45,3477.95,3430.45,10950,11100,0,0,0,0,0,0,0,0,0
"03467901",2,"2015","2014",0,0.153,0.153,"1",0.1,0.1,"33","D",0.0454,0.0454,0,"D",0,"D",17227,"D",0,"D",0,"D",0,"D",0,"D",0,"D",0,"D",0,"D",0,"D",0,"D",0,"D",0,"D",699,333,707.7,692.7,336.65,331.17,2635.73,2635.73,17227,17227,17227.01,17227.01,0,0,0,0,0,0,0,0,17227,17227,0,0,707.7,692.7,707.7,692.7,7800,7900,0,0,0,0,0,0,0,0,0
"03467921",1,"2015","2014",0,0,0,"2",-0.0765,-0.0765,"0","T",0,0,1,"D",1,"D",0,"D",0,"D",0,"D",7500,"D",26816,"D",0,"D",0,"D",1000,"D",2078,"D",0,"D",0,"D",0,"D",0,0,0,0,0,0,0,0,7500,7500,0,0,0,0,0,0,0,0,0,0,7500,7500,0,0,0,0,0,0,0,0,0,0,0,0,0,0,0,0,0
"03467931",1,"2015","2014",0,0,0,"1",-0.0765,-0.0765,"34","D",0,0,0,"D",0,"D",0,"D",0,"D",0,"D",5700,"D",0,"D",0,"D",0,"D",650,"D",1817,"D",0,"D",0,"D",1312,"D",0,0,0,0,0,0,0,0,5700,5700,5700.01,5700.01,0,0,0,0,0,0,0,0,5700,5700,0,0,0,0,0,0,7500,7500,1962,1962,0,0,0,0,0,0,0
"03467951",1,"2015","2014",0,0.153,0.153,"1",0.2341,0.2341,"31","D",0.0637,0.0637,0,"D",0,"D",90000,"D",0,"D",50,"D",0,"D",0,"D",0,"D",0,"D",10700,"D",1351,"D",0,"D",0,"D",0,"D",13597,2909,13641.19,13566.19,2909.24,2909.24,13770,13770,90050,90050,90050.01,90050.01,0,0,0,0,0,0,0,0,90050,90050,0,0,13641.19,13566.19,13641.19,13566.19,0,0,0,0,0,0,0,0,0,0,0
"03467964",1,"2015","2014",0,0.153,0.153,"1",0.15,0.15,"0","T",0,0,0,"D",0,"D",35000,"D",0,"D",-1167,"D",0,"D",0,"D",0,"D",6800,"D",0,"D",20,"D",0,"D",0,"D",0,"D",3081,0,3098.7,3068.7,0,0,5355,5355,33833,33833,0,0,0,0,0,0,0,0,0,0,33833,33833,0,0,3098.7,3068.7,3098.7,3068.7,0,0,0,0,0,0,0,0,0,0,0
"03467971",1,"2015","2014",0,0,0,"1",0.15,0.15,"12","D",0.0733,0.0733,0,"D",0,"D",0,"D",0,"D",41074,"D",0,"D",0,"D",0,"D",28500,"D",0,"D",100,"D",0,"D",0,"D",400,"D",4167,2328,4184.85,4154.85,2327.99,2327.99,0,0,41074,41074,41074.01,41074.01,0,0,0,0,0,0,0,0,41074,41074,0,0,4184.85,4154.85,4184.85,4154.85,2200,2200,2823.77,2823.77,0,0,0,0,0,0,0
"03467981",1,"2015","2014",0,0.153,0.153,"1",0.15,0.15,"10","D",0,0,0,"D",0,"D",20000,"D",0,"D",0,"D",0,"D",0,"D",0,"D",8808,"D",0,"D",0,"D",0,"D",0,"D",0,"D",1006,0,1023.75,993.75,0,0,3060,3060,20000,20000,0,0,0,0,0,0,0,0,0,0,20000,20000,0,0,1023.75,993.75,1023.75,993.75,0,0,0,0,0,0,0,0,0,0,0
"03467981",2,"2015","2014",0,0.153,0.153,"1",0.0765,0.0765,"10","D",0,0,0,"D",0,"D",9000,"D",0,"D",0,"D",0,"D",0,"D",0,"D",0,"D",0,"D",0,"D",0,"D",0,"D",0,"D",-438,0,-427.91,-445.62,0,0,1377,1377,9000,9000,0,0,0,0,0,0,0,0,427.91,445.62,9000,9000,0,0,0,0,0,0,0,0,0,0,0,0,0,0,0,0,0
"03468011",1,"2015","2014",2,0,0,"3",-0.4,-0.4,"0","T",0,0,0,"D",0,"D",0,"D",0,"D",0,"D",0,"D",0,"D",0,"D",0,"D",900,"D",0,"D",0,"D",0,"D",2741,"D",0,0,0,0,0,0,0,0,0,0,0,0,0,0,0,0,0,0,0,0,0,0,0,0,0,0,0,0,0,0,0,0,0,0,0,0,0,0,0
"03468021",1,"2015","2014",0,0.153,0.153,"2",0.15,0.15,"34","D",0.0575,0.058,0,"D",0,"D",11374,"D",33923,"D",0,"D",0,"D",0,"D",0,"D",0,"D",540,"D",40,"D",0,"D",0,"D",1296,"D",2807,1748,2842.05,2782.05,1757.23,1742.08,6930.44,6930.44,45297,45297,45297.01,45297.01,0,0,0,0,0,0,0,0,45297,45297,0,0,2842.05,2782.05,2842.05,2782.05,15000,15000,1836,1836,0,0,0,0,0,0,0
"03468041",1,"2015","2014",0,0.029,0.029,"2",0.3597,0.3594,"48","D",0,0,1,"D",1,"D",241175,"D",0,"D",61451,"D",0,"D",23924,"D",0,"D",0,"D",6000,"D",0,"D",0,"D",0,"D",10076,"D",76471,0,76794.79,76240.57,0,0,21502.07,21688.07,322961.4,322961.4,0,0,0,0,0,0,0,0,0,0,312885.4,312885.4,0,0,74459.65,73905.43,74459.65,73905.43,0,0,0,0,0,0,0,0,0,0,0
"03468091",1,"2015","2014",0,0.153,0.153,"1",0.15,0.15,"34","D",0.0575,0.058,0,"D",0,"D",30000,"D",0,"D",673,"D",0,"D",0,"D",0,"D",6000,"D",0,"D",1200,"D",0,"D",0,"D",0,"D",2607,1337,2624.7,2594.7,1344.03,1332.45,4590,4590,30673,30673,30673.01,30673.01,0,0,0,0,0,0,0,0,30673,30673,0,0,2624.7,2594.7,2624.7,2594.7,7500,7500,0,0,0,0,0,0,0,0,0
"03468123",1,"2015","2014",3,0.153,0.153,"3",0.3606,0.3606,"10","D",0,0,0,"D",0,"D",40000,"D",0,"D",0,"D",0,"D",0,"D",0,"D",1200,"D",0,"D",0,"D",0,"D",2,"D",0,"D",-1990,0,-1856.5,-2085.39,0,0,6120,6120,40000,40000,0,0,1617.5,1555,382.5,445,0,0,1474,1640.39,40000,40000,0,0,1617.5,1555,1617.5,1555,0,0,0,0,0,0,0,0,0,0,0
"03468131",1,"2015","2014",2,0,0,"3",-0.4,-0.4,"33","D",-0.118,-0.118,0,"D",0,"D",0,"D",0,"D",0,"D",1794,"D",0,"D",0,"D",0,"D",5600,"D",179,"D",0,"D",0,"D",907,"D",0,-273,0,0,-273.41,-273.41,0,0,1794,1794,1794.01,1794.01,0,0,0,0,0,0,0,0,1794,1794,0,0,0,0,0,0,10950,11100,0,0,73.41,73.41,0,0,0,0,0
"03468141",1,"2015","2014",0,0.153,0.153,"2",0.15,0.15,"07","D",0.045,0.045,0,"D",0,"D",22346,"D",63246,"D",0,"D",0,"D",0,"D",0,"D",0,"D",3000,"D",0,"D",0,"D",0,"D",0,"D",8851,3192,8886.3,8826.3,3191.64,3191.64,13095.58,13095.58,85592,85592,85592.01,85592.01,0,0,0,0,0,0,0,0,85592,85592,0,0,8886.3,8826.3,8886.3,8826.3,0,0,0,0,0,0,0,0,0,0,0
"03468151",1,"2015","2014",2,0.153,0.153,"2",0.138,0.138,"05","D",0.08,0.08,0,"D",0,"D",0,"D",100000,"D",0,"D",0,"D",0,"D",0,"D",0,"D",4000,"D",0,"D",0,"D",2,"D",8536,"D",7453,2422,7473.8,7437.43,2455.33,2397.8,15300,15300,100000,100000,100000.01,100000.01,2000,2000,0,0,0,0,0,0,91464,91464,0,0,9473.8,9437.43,9473.8,9437.43,7984,8088,12536,12536,0,0,0,0,0,0,0
"03468161",1,"2015","2014",0,0.153,0.153,"2",0.2775,0.2775,"28","D",0.0351,0.0649,2,"D",2,"D",0,"D",13461,"D",2000,"D",19200,"D",30944,"D",0,"D",0,"D",3500,"D",3220,"D",0,"D",0,"D",5432,"D",2525,533,2568.61,2493.61,771.7,362.58,2059.53,2059.53,45874.05,45874.05,45874.07,34661.01,0,0,0,0,0,0,0,0,45874.05,45874.05,0,0,2568.61,2493.61,2568.61,2493.61,14800,15100,0,0,0,0,0,0,0,0,0
"03468171",1,"2015","2014",2,0.153,0.153,"2",0.2906,0.2875,"14","D",0.0375,0.05,0,"D",0,"D",84000,"D",49000,"D",-3000,"D",0,"D",0,"D",0,"D",0,"D",5200,"D",155,"D",0,"D",2,"D",10124,"D",14059,4927,13939,14144.63,5815,4292.5,20349,20349,130000,130000,130000.01,130000.01,1000,1000,0,0,0,0,0,0,119876,119876,0,0,14939,15144.63,14939,15144.63,0,0,0,0,260,260,0,0,0,0,0
"03468201",1,"2015","2014",2,0.153,0.153,"2",0.2275,0.2275,"38","D",0.09,0.09,0,"D",0,"D",95000,"D",75000,"D",400,"D",0,"D",0,"D",0,"D",0,"D",6400,"D",1064,"D",0,"D",2,"D",14940,"D",21783,11505,21880.97,21713.22,11522.14,11493.14,26010,26010,170400,170400,170400.01,170400.01,0,0,0,0,0,0,0,0,155460,155460,0,0,21880.97,21713.22,21880.97,21713.22,4231.2,4289.91,22404,22404,0,0,0,0,0,0,0
"03468211",1,"2015","2014",0,0,0,"1",0,0,"0","T",0,0,1,"D",1,"D",0,"D",0,"D",0,"D",796,"D",16162,"D",0,"D",0,"D",500,"D",0,"D",0,"D",0,"D",240,"D",0,0,0,0,0,0,0,0,796,796,0,0,0,0,0,0,0,0,0,0,796,796,0,0,0,0,0,0,0,0,0,0,0,0,0,0,0,0,0
"03468221",1,"2015","2014",0,0.153,0.153,"1",0.25,0.25,"06","D",0.0463,0.0463,0,"D",0,"D",54000,"D",0,"D",0,"D",0,"D",0,"D",0,"D",14940,"D",0,"D",500,"D",0,"D",0,"D",0,"D",6760,2016,6818.75,6718.75,2030.26,2005.31,8262,8262,54000,54000,0,0,0,0,0,0,0,0,0,0,54000,54000,0,0,6818.75,6718.75,6818.75,6718.75,0,0,0,0,0,0,0,0,0,0,0
"03468251",1,"2015","2014",1,0.153,0.153,"2",0.2598,0.2598,"24","D",0.1265,0.1265,0,"D",0,"D",28100,"D",0,"D",0,"D",0,"D",0,"D",0,"D",8580,"D",0,"D",246,"D",0,"D",1,"D",0,"D",-3235,-1659,-3146.57,-3297.89,-1622.91,-1684.82,4299.3,4299.3,28100,28100,28100.01,28100.01,385,350,615,650,0,0,2531.57,2647.89,28100,28100,0,0,385,350,385,350,12400,12600,0,0,877.98,878.88,0,0,950.9,993.19,0
"03468261",1,"2015","2014",0,0.0441,0.0441,"2",0.2681,0.2681,"23","D",0.0425,0.0425,0,"D",0,"D",18000,"D",130000,"D",148,"D",40000,"D",0,"D",0,"D",0,"D",4600,"D",305,"D",0,"D",0,"D",9444,"D",31425,7656,31554.96,31331.46,7656.29,7656.29,21032,21218,188148,188148,188148.01,188148.01,0,0,0,0,0,0,0,0,178704,178704,0,0,31554.96,31331.46,31554.96,31331.46,0,0,0,0,0,0,0,0,0,0,0
"03468283",1,"2015","2014",2,0.153,0.153,"2",0.3,0.3,"14","D",0.0375,0.05,0,"D",0,"D",105575,"D",34000,"D",0,"D",0,"D",0,"D",0,"D",11600,"D",5500,"D",0,"D",1600,"D",2,"D",0,"D",18584,5321,18715,18490,6278.75,4636.56,21354.97,21354.97,139575,139575,139575.01,139575.01,521.25,521.25,0,0,320,320,0,0,139575,139575,0,0,19556.25,19331.25,19556.25,19331.25,0,0,0,0,275,275,0,0,0,0,0
"03468291",1,"2015","2014",0,0.153,0.153,"1",0.2371,0.237,"22","D",0.0515,0.052,0,"D",0,"D",108409,"D",0,"D",0,"D",0,"D",0,"D",0,"D",0,"D",3000,"D",0,"D",0,"D",0,"D",8644,"D",17698,5275,17733.88,17671.63,5304.47,5253.46,16586.58,16586.58,108409,108409,108409.01,108409.01,0,0,0,0,0,0,0,0,99765,99765,0,0,17733.88,17671.63,17733.88,17671.63,0,0,0,0,0,0,0,0,0,0,0
"03468291",2,"2015","2014",0,0.153,0.153,"1",0.15,0.15,"22","D",0.0515,0.052,0,"D",0,"D",38852,"D",0,"D",0,"D",0,"D",0,"D",0,"D",0,"D",0,"D",0,"D",0,"D",0,"D",0,"D",3834,1678,3851.55,3821.55,1687.5,1671.28,5944.36,5944.36,38852,38852,38852.01,38852.01,0,0,0,0,0,0,0,0,38852,38852,0,0,3851.55,3821.55,3851.55,3821.55,0,0,0,0,0,0,0,0,0,0,0
"03468301",1,"2015","2014",1,0,0,"3",-0.34,-0.34,"06","D",-0.034,0,0,"D",0,"D",0,"D",0,"D",0,"D",0,"D",0,"D",0,"D",0,"D",1200,"D",0,"D",0,"D",0,"D",4205,"D",0,-8,0,0,0,-13,0,0,0,0,0,0,0,0,0,0,0,0,0,0,0,0,0,0,0,0,0,0,0,0,0,0,0,0,0,0,0,0,0
"03468311",1,"2015","2014",2,0.056,0.056,"2",0.35,0.35,"18","D",0.0615,0.0615,0,"D",0,"D",38924,"D",228786,"D",0,"D",0,"D",0,"D",0,"D",0,"D",4000,"D",1590,"D",0,"D",2,"D",13092,"D",51179,14331,51523.3,50933.3,14335.46,14328.21,27257.56,27443.56,267710,267710,267710.01,267710.01,0,0,0,0,0,0,0,0,254618,254618,2986.39,2645.86,48536.91,48287.44,48536.91,48287.44,2400,2440,18276.7,18398.2,0,0,0,0,0,0,0
"03468351",1,"2015","2014",2,0,0,"3",-0.4,-0.4,"05","D",0,0,0,"D",0,"D",0,"D",0,"D",0,"D",10440,"D",0,"D",0,"D",8280,"D",0,"D",732,"D",0,"D",0,"D",640,"D",0,0,0,0,0,0,0,0,10440,10440,10440.01,10440.01,0,0,0,0,0,0,0,0,10440,10440,0,0,0,0,0,0,7984,8088,1372,1372,0,0,0,0,0,0,0
"03468361",1,"2015","2014",0,0.153,0.153,"1",0.15,0.15,"28","D",0.0351,0.0351,0,"D",0,"D",26000,"D",0,"D",-4180,"D",0,"D",0,"D",0,"D",4200,"D",0,"D",0,"D",0,"D",0,"D",200,"D",1279,385,1296.75,1266.75,388.76,382.75,3978,3978,21820,21820,21820.01,21820.01,0,0,0,0,0,0,0,0,21820,21820,0,0,1296.75,1266.75,1296.75,1266.75,6200,6300,0,0,0,0,0,0,0,0,0
"03468381",1,"2015","2014",0,0.153,0.153,"1",0.2376,0.2376,"07","D",0.0495,0.0495,0,"D",0,"D",53000,"D",0,"D",-689,"D",0,"D",0,"D",0,"D",10200,"D",0,"D",4442,"D",0,"D",0,"D",0,"D",6246,2184,6289.9,6214.9,2184.39,2184.39,8109,8109,52311,52311,52311.01,52311.01,0,0,0,0,0,0,0,0,52311,52311,0,0,6289.9,6214.9,6289.9,6214.9,0,0,0,0,0,0,0,0,0,0,0
"03468421",1,"2015","2014",2,0,0,"3",-0.4,-0.4,"0","T",0,0,0,"D",0,"D",0,"D",0,"D",0,"D",0,"D",0,"D",0,"D",0,"D",700,"D",0,"D",0,"D",0,"D",1112,"D",0,0,0,0,0,0,0,0,0,0,0,0,0,0,0,0,0,0,0,0,0,0,0,0,0,0,0,0,0,0,0,0,0,0,0,0,0,0,0
"03468431",1,"2015","2014",2,0.153,0.153,"2",0.3606,0.15,"33","D",0.1222,0.059,0,"D",0,"D",25000,"D",24363,"D",0,"D",0,"D",0,"D",0,"D",12624,"D",0,"D",2,"D",0,"D",2,"D",0,"D",146,745,266.95,59.11,781.54,719.75,7552.54,7552.54,49363,49363,49363.01,49363.01,2000,2000,0,0,0,0,0,132.84,49363,49363,0,0,2266.95,2191.95,2266.95,2191.95,15650,15850,0,0,0,0,0,0,0,39.85,0
"03468441",1,"2015","2014",2,0.038,0.038,"2",0.35,0.35,"33","D",0.0694,0.0694,0,"D",0,"D",228786,"D",228786,"D",-11490,"D",0,"D",0,"D",0,"D",0,"D",16180,"D",520,"D",0,"D",1,"D",39264,"D",104449,27687,104793.3,104203.3,27689.88,27684.89,44153.74,44525.74,446082,446082,446082.01,446082.01,0,0,0,0,0,0,0,0,406818,406818,7891.26,7723.13,96902.04,96480.17,96902.04,96480.17,15650,15850,39850.13,39923.01,0,0,0,0,0,0,0
"03468451",1,"2015","2014",0,0.153,0.153,"1",0.15,0.15,"10","D",0,0,0,"D",0,"D",45000,"D",0,"D",-2224,"D",0,"D",0,"D",0,"D",13464,"D",0,"D",0,"D",0,"D",0,"D",0,"D",4423,0,4440.15,4410.15,0,0,6885,6885,42776,42776,0,0,0,0,0,0,0,0,0,0,42776,42776,0,0,4440.15,4410.15,4440.15,4410.15,0,0,0,0,0,0,0,0,0,0,0
"03468501",1,"2015","2014",0,0.153,0.153,"1",-0.0765,-0.0765,"05","D",0,0,0,"D",0,"D",800,"D",0,"D",0,"D",0,"D",7296,"D",0,"D",0,"D",0,"D",5,"D",0,"D",0,"D",0,"D",-61,0,-61.2,-61.2,0,0,122.4,122.4,800,800,800.01,800.01,0,0,0,0,0,0,61.2,61.2,800,800,0,0,0,0,0,0,3992,4044,5,5,0,0,0,0,0,0,0
"03468521",1,"2015","2014",1,0.153,0.153,"3",0.15,0.15,"33","D",0.0645,0.0645,0,"D",0,"D",55000,"D",0,"D",0,"D",0,"D",0,"D",0,"D",0,"D",3200,"D",0,"D",0,"D",1,"D",0,"D",4025,1737,4052.5,4005,1953.39,1582.07,8415,8415,55000,55000,55000.01,55000.01,1000,1000,0,0,0,0,0,0,55000,55000,0,0,5052.5,5005,5052.5,5005,10950,11100,0,0,0,0,0,0,0,0,0
"03468531",1,"2015","2014",1,0.153,0.153,"2",-0.49,-0.49,"34","D",0,0,0,"D",0,"D",0,"D",8776,"D",0,"D",0,"D",0,"D",0,"D",0,"D",0,"D",0,"D",0,"D",1,"D",0,"D",-3850,0,-3850.24,-3850.24,0,0,1342.73,1342.73,8776,8776,8776.01,8776.01,0,0,866.4,866.4,0,0,2983.84,2983.84,8776,8776,0,0,0,0,0,0,15000,15000,0,0,0,0,0,0,0,0,0
"03468551",1,"2015","2014",0,0.038,0.038,"1",0.35,0.35,"22","D",0.0515,0.052,0,"D",0,"D",202579,"D",0,"D",36000,"D",0,"D",0,"D",0,"D",0,"D",8000,"D",0,"D",0,"D",0,"D",18524,"D",51500,12006,51742.25,51327.25,12073.31,11957.22,20406,20592,238579,238579,238579.01,238579.01,0,0,0,0,0,0,0,0,220055,220055,1825.54,1640.73,48548.71,48318.52,48548.71,48318.52,0,0,0,0,0,0,0,0,0,0,0
"03468561",1,"2015","2014",0,0,0,"1",0.249,0.249,"14","D",0,0,0,"D",0,"D",0,"D",0,"D",5929,"D",96696,"D",0,"D",0,"D",0,"D",16180,"D",3,"D",0,"D",0,"D",0,"D",16243,0,16287.04,16212.04,0,0,0,0,102625,102625,5929.01,5929.01,0,0,0,0,0,0,0,0,102625,102625,0,0,16287.04,16212.04,16287.04,16212.04,0,0,0,0,190.2,141.71,0,0,0,0,0
"03468571",1,"2015","2014",2,0,0,"3",-0.4,-0.4,"0","T",0,0,0,"D",0,"D",0,"D",0,"D",0,"D",0,"D",0,"D",0,"D",0,"D",0,"D",0,"D",0,"D",0,"D",1896,"D",0,0,0,0,0,0,0,0,0,0,0,0,0,0,0,0,0,0,0,0,0,0,0,0,0,0,0,0,0,0,0,0,0,0,0,0,0,0,0
"03468581",1,"2015","2014",0,0.153,0.153,"2",0.0765,0.0765,"45","D",0,0,0,"D",0,"D",11000,"D",9000,"D",-223,"D",0,"D",0,"D",0,"D",0,"D",0,"D",53,"D",0,"D",0,"D",3960,"D",-15,0,-1.81,-24.88,0,0,3060,3060,19777,19777,19777.01,19777.01,0,0,0,0,0,0,1.81,24.88,19777,19777,0,0,0,0,0,0,0,0,0,0,0,0,0,0,0,0,0
"03468591",1,"2015","2014",2,0.153,0.153,"2",0.2106,0.2106,"0","T",0,0,0,"D",0,"D",3000,"D",25000,"D",0,"D",0,"D",0,"D",0,"D",8400,"D",0,"D",0,"D",640,"D",2,"D",0,"D",-6561,0,-6461.76,-6631.89,0,0,4284,4284,28000,28000,0,0,0,0,2000,2000,0,0,4461.76,4631.89,28000,28000,0,0,0,0,0,0,0,0,0,0,0,0,0,0,0,0,0
"03468631",1,"2015","2014",2,0.153,0.153,"2",0.2415,0.2415,"01","D",0.0341,0.0341,0,"D",0,"D",90000,"D",65000,"D",10,"D",0,"D",0,"D",0,"D",0,"D",500,"D",250,"D",0,"D",2,"D",8120,"D",22868,5311,22971.31,22794.1,5305.56,5314.42,23715,23715,155010,155010,155010.01,155010.01,0,0,0,0,0,0,0,0,146890,146890,0,0,22971.32,22794.1,22971.31,22794.1,4000,4000,20727.5,20727.5,0,0,0,0,0,0,0
"03468661",1,"2015","2014",0,0.153,0.153,"2",0.15,0.15,"09","D",0.06,0.06,0,"D",0,"D",43000,"D",39000,"D",0,"D",0,"D",0,"D",0,"D",43356,"D",3000,"D",0,"D",0,"D",0,"D",0,"D",8313,3914,8347.5,8287.5,4064,3806,12546,12546,82000,82000,82000.01,82000.01,0,0,0,0,0,0,0,0,82000,82000,0,0,8347.5,8287.5,8347.5,8287.5,4150,8350,0,0,0,0,0,0,0,0,0
"03468671",1,"2015","2014",0,0.153,0.153,"2",0.1,0.1,"21","D",0.0475,0.0475,0,"D",0,"D",31000,"D",0,"D",0,"D",0,"D",0,"D",0,"D",10632,"D",0,"D",0,"D",0,"D",0,"D",720,"D",1053,926,1070,1040,926,926,4743,4743,31000,31000,31000.01,31000.01,0,0,0,0,0,0,0,0,31000,31000,0,0,1070,1040,1070,1040,4000,4000,0,0,0,0,0,0,0,0,0
"03468671",2,"2015","2014",0,0.153,0.153,"1",0.1765,0.1765,"21","D",0.0786,0.0786,0,"D",0,"D",11968,"D",0,"D",0,"D",0,"D",0,"D",0,"D",0,"D",0,"D",0,"D",0,"D",0,"D",0,"D",-38,173,-19.06,-51.77,178.28,169.42,1831.1,1831.1,11968,11968,11968.01,11968.01,0,0,0,0,0,0,200.86,218.57,11968,11968,0,0,181.8,166.8,181.8,166.8,1795.2,1795.2,0,0,0,0,0,0,100.43,109.29,0
"03468711",1,"2015","2014",3,0.153,0.153,"2",0.15,0.15,"21","D",0.0475,0.0475,0,"D",0,"D",48000,"D",16412,"D",-3822,"D",0,"D",0,"D",0,"D",18888,"D",0,"D",141,"D",0,"D",1,"D",300,"D",2310,1819,2358.5,2276,1818.53,1818.53,9855.04,9855.04,60590,60590,59390.01,59390.01,1000,1000,0,0,0,0,0,0,60590,60590,0,0,3358.5,3276,3358.5,3276,4000,4000,0,0,0,0,0,0,0,0,0
"03468721",1,"2015","2014",0,0,0,"2",0.1421,0.1421,"33","D",0.0525,0.0525,0,"D",0,"D",0,"D",0,"D",0,"D",41000,"D",0,"D",0,"D",0,"D",8600,"D",562,"D",0,"D",0,"D",3700,"D",1951,1067,1966.7,1939.17,1076.69,1060.19,0,0,41000,41000,41000.01,41000.01,0,0,0,0,0,0,0,0,37300,37300,0,0,1966.7,1939.17,1966.7,1939.17,15650,15850,12862,12862,0,0,0,0,0,0,0
"03468731",1,"2015","2014",2,0.153,0.153,"2",0.15,0.15,"23","D",0.0425,0.0425,0,"D",0,"D",60512,"D",16627,"D",-5500,"D",0,"D",0,"D",0,"D",0,"D",1300,"D",1028,"D",0,"D",2,"D",300,"D",3565,2365,3608.35,3533.35,2364.66,2364.66,11802.27,11802.27,71639,71639,71639.01,71639.01,2000,2000,0,0,0,0,0,0,71639,71639,0,0,5608.35,5533.35,5608.35,5533.35,0,0,0,0,0,0,0,0,0,0,0
"03468751",1,"2015","2014",2,0.0546,0.0546,"2",0.35,0.35,"34","D",0.0575,0.058,0,"D",0,"D",228786,"D",35276,"D",91951,"D",0,"D",0,"D",0,"D",0,"D",8300,"D",0,"D",0,"D",0,"D",12000,"D",85962,19391,86305.69,85715.69,19488.75,19320.75,26666.58,26852.58,356013,356013,356013.01,356013.01,0,0,0,0,0,0,0,0,344013,344013,5136.75,5158.78,77674.8,77062.78,77674.8,77062.78,15000,15000,20000,20000,0,0,0,0,0,0,0
"03468761",1,"2015","2014",2,0,0,"3",-0.4,-0.4,"07","D",-0.11,-0.11,0,"D",0,"D",0,"D",0,"D",0,"D",0,"D",0,"D",0,"D",0,"D",6550,"D",983,"D",0,"D",0,"D",200,"D",0,0,0,0,0,0,0,0,0,0,0.01,0.01,0,0,0,0,0,0,0,0,0,0,0,0,0,0,0,0,0,0,0,0,0,0,0,0,0,0,0
"03468771",1,"2015","2014",2,0,0,"3",-0.4,-0.4,"10","D",0,0,0,"D",0,"D",0,"D",0,"D",0,"D",0,"D",0,"D",0,"D",0,"D",150,"D",0,"D",0,"D",0,"D",37,"D",0,0,0,0,0,0,0,0,0,0,0,0,0,0,0,0,0,0,0,0,0,0,0,0,0,0,0,0,0,0,0,0,0,0,0,0,0,0,0
"03468784",1,"2015","2014",1,0.153,0.153,"2",0.15,0.15,"48","D",0,0,0,"D",0,"D",25000,"D",40000,"D",-5000,"D",0,"D",0,"D",0,"D",11200,"D",1000,"D",742,"D",0,"D",1,"D",8488,"D",3416,0,3455,3387.5,0,0,9945,9945,60000,60000,0,0,1000,1000,0,0,0,0,0,0,60000,60000,0,0,4455,4387.5,4455,4387.5,0,0,0,0,0,0,0,0,0,0,0
"03468791",1,"2015","2014",2,0.153,0.153,"2",0.1454,0.1454,"39","D",0.0307,0.0307,0,"D",0,"D",38500,"D",69100,"D",-3380,"D",0,"D",0,"D",0,"D",0,"D",7700,"D",1305,"D",0,"D",2,"D",10056,"D",6990,3200,7016.42,6971.42,3199.55,3199.55,16462.8,16462.8,104220,104220,104220.01,104220.01,2000,2000,0,0,0,0,0,0,94164,94164,0,0,9016.42,8971.42,9016.42,8971.42,0,0,0,0,0,0,0,0,0,0,0
"03468801",1,"2015","2014",3,0.153,0.153,"2",0.15,0.15,"47","D",0.0575,0.0575,0,"D",0,"D",0,"D",82339,"D",0,"D",0,"D",0,"D",0,"D",21600,"D",0,"D",0,"D",0,"D",2,"D",0,"D",4573,3865,4620.85,4538.35,3864.62,3864.62,12597.87,12597.87,82339,82339,82339.01,82339.01,2000,2000,0,0,0,0,0,0,82339,82339,0,0,6620.85,6538.35,6620.85,6538.35,6000,6000,0,0,0,0,0,0,0,0,0
"03468831",1,"2015","2014",0,0.153,0.153,"2",0.25,0.25,"45","D",0.05,0.05,0,"D",0,"D",57487,"D",60589,"D",0,"D",0,"D",0,"D",0,"D",2400,"D",300,"D",126,"D",0,"D",0,"D",100,"D",16040,5904,16156.5,15956.5,5903.8,5903.8,18065.63,18065.63,118076,118076,118076.01,118076.01,0,0,0,0,0,0,0,0,118076,118076,0,0,16156.5,15956.5,16156.5,15956.5,0,0,0,0,0,0,0,0,0,0,0
"03468841",1,"2015","2014",0,0.153,0.153,"1",0.15,0.15,"34","D",0.0575,0.058,0,"D",0,"D",32000,"D",0,"D",0,"D",0,"D",0,"D",0,"D",5700,"D",0,"D",0,"D",0,"D",0,"D",0,"D",2806,1414,2823.75,2793.75,1421,1408.75,4896,4896,32000,32000,32000.01,32000.01,0,0,0,0,0,0,0,0,32000,32000,0,0,2823.75,2793.75,2823.75,2793.75,7500,7500,0,0,0,0,0,0,0,0,0
"03468851",1,"2015","2014",0,0,0,"2",0.15,0.15,"05","D",0.06,0.06,2,"D",2,"D",0,"D",0,"D",3000,"D",72000,"D",5026,"D",0,"D",0,"D",1600,"D",25,"D",0,"D",0,"D",4320,"D",7535,1518,7578.32,7503.32,1539.24,1502.38,0,0,79272.1,79272.1,75000.01,75000.01,0,0,0,0,0,0,0,0,79272.1,79272.1,0,0,7578.32,7503.32,7578.32,7503.32,7984,8088,5945,5945,0,0,0,0,0,0,0
"03468871",1,"2015","2014",0,0.153,0.153,"1",0.1405,0.1405,"45","D",0.063,0.063,0,"D",0,"D",35000,"D",0,"D",-1800,"D",0,"D",0,"D",0,"D",0,"D",1200,"D",123,"D",0,"D",0,"D",14748,"D",1399,770,1407.16,1392.92,772.92,767.88,5355,5355,33200,33200,33200.01,33200.01,0,0,0,0,0,0,0,0,18452,18452,0,0,1407.16,1392.92,1407.16,1392.92,0,0,0,0,0,0,0,0,0,0,0
"03468881",1,"2015","2014",0,0,0,"1",0,0,"05","D",0,0,0,"D",0,"D",0,"D",0,"D",8400,"D",0,"D",0,"D",0,"D",0,"D",1300,"D",349,"D",0,"D",0,"D",0,"D",0,0,0,0,0,0,0,0,8400,8400,8400.01,8400.01,0,0,0,0,0,0,0,0,8400,8400,0,0,0,0,0,0,3992,4044,1649,1649,0,0,0,0,0,0,0
"03468881",3,"2015","2014",0,0,0,"1",-0.0765,-0.0765,"05","D",0,0,0,"D",0,"D",0,"D",0,"D",0,"D",0,"D",0,"D",0,"D",0,"D",0,"D",0,"D",0,"D",0,"D",0,"D",0,0,0,0,0,0,0,0,0,0,0.01,0.01,0,0,0,0,0,0,0,0,0,0,0,0,0,0,0,0,3992,4044,0,0,0,0,0,0,0,0,0
"03468891",1,"2015","2014",0,0.153,0.153,"1",0.1,0.1,"44","D",0,0,0,"D",0,"D",18000,"D",0,"D",0,"D",0,"D",0,"D",0,"D",9180,"D",0,"D",0,"D",0,"D",0,"D",0,"D",776,0,785,770,0,0,2754,2754,18000,18000,0,0,0,0,0,0,0,0,0,0,18000,18000,0,0,785,770,785,770,0,0,0,0,0,0,0,0,0,0,0
"03468911",1,"2015","2014",0,0.153,0.153,"2",0.15,0.15,"48","D",0,0,1,"D",1,"D",0,"D",71764,"D",0,"D",0,"D",12833,"D",0,"D",0,"D",3000,"D",0,"D",0,"D",0,"D",8604,"D",8229,0,8268.31,8200.81,0,0,10979.89,10979.89,82672.05,82672.05,0,0,0,0,0,0,0,0,0,0,82672.05,82672.05,0,0,8268.31,8200.81,8268.31,8200.81,0,0,0,0,0,0,0,0,0,0,0
"03468934",1,"2015","2014",3,0.153,0.153,"3",-0.6,-0.6,"10","D",0,0,0,"D",0,"D",12000,"D",0,"D",0,"D",0,"D",0,"D",0,"D",8400,"D",0,"D",0,"D",0,"D",2,"D",0,"D",-6750,0,-6750,-6750,0,0,1836,1836,12000,12000,0,0,0,0,1350,1350,0,0,5400,5400,12000,12000,0,0,0,0,0,0,0,0,0,0,0,0,0,0,0,0,0
"03468941",1,"2015","2014",0,0.153,0.153,"1",0.1487,0.1487,"48","D",0,0,0,"D",0,"D",34000,"D",0,"D",10,"D",0,"D",0,"D",0,"D",0,"D",2000,"D",816,"D",0,"D",0,"D",7208,"D",2465,0,2474.19,2459.19,0,0,5202,5202,34010,34010,0,0,0,0,0,0,0,0,0,0,26802,26802,0,0,2474.19,2459.19,2474.19,2459.19,0,0,0,0,0,0,0,0,0,0,0
"03468971",1,"2015","2014",2,0,0,"3",-0.4,-0.4,"0","T",0,0,0,"D",0,"D",0,"D",0,"D",240,"D",2316,"D",0,"D",0,"D",0,"D",800,"D",165,"D",0,"D",0,"D",2400,"D",0,0,0,0,0,0,0,0,2556,2556,0,0,0,0,0,0,0,0,0,0,2556,2556,0,0,0,0,0,0,0,0,0,0,0,0,0,0,0,0,0
"03468981",1,"2015","2014",1,0.153,0.153,"2",0.15,0.15,"39","D",0.0307,0.0307,0,"D",0,"D",48842,"D",0,"D",0,"D",0,"D",0,"D",0,"D",0,"D",0,"D",150,"D",0,"D",0,"D",300,"D",2742,1499,2781.3,2713.8,1499.45,1499.45,7472.83,7472.83,48842,48842,48842.01,48842.01,0,0,0,0,0,0,0,0,48842,48842,0,0,2781.3,2713.8,2781.3,2713.8,0,0,0,0,0,0,0,0,0,0,0
"03468981",3,"2015","2014",0,0.153,0.153,"1",0.15,0.15,"39","D",0.0307,0.0307,0,"D",0,"D",45563,"D",0,"D",0,"D",0,"D",0,"D",0,"D",0,"D",0,"D",0,"D",0,"D",0,"D",0,"D",4841,1399,4858.2,4828.2,1398.78,1398.78,6971.14,6971.14,45563,45563,45563.01,45563.01,0,0,0,0,0,0,0,0,45563,45563,0,0,4858.2,4828.2,4858.2,4828.2,0,0,0,0,0,0,0,0,0,0,0
"03469011",1,"2015","2014",2,0.153,0.153,"2",0.25,0.25,"06","D",0.0463,0.0463,0,"D",0,"D",38900,"D",51000,"D",24720,"D",28644,"D",0,"D",0,"D",0,"D",2700,"D",26,"D",0,"D",1,"D",0,"D",20347,5290,20478.5,20253.5,5327.46,5262.94,13754.7,13754.7,143264,143264,0,0,0,0,0,0,0,0,0,0,143264,143264,0,0,20478.5,20253.5,20478.5,20253.5,0,0,0,0,0,0,0,0,0,0,0
"03469011",2,"2015","2014",0,0.153,0.153,"1",0.15,0.15,"06","D",0.0463,0.0463,0,"D",0,"D",39520,"D",0,"D",0,"D",0,"D",0,"D",0,"D",0,"D",0,"D",0,"D",0,"D",0,"D",0,"D",3934,1345,3951.75,3921.75,1359.83,1334.89,6046.56,6046.56,39520,39520,0,0,0,0,0,0,0,0,0,0,39520,39520,0,0,3951.75,3921.75,3951.75,3921.75,0,0,0,0,0,0,0,0,0,0,0
"03469031",1,"2015","2014",0,0.153,0.153,"2",0.15,0.15,"24","D",0.0654,0.0654,1,"D",0,"D",27000,"D",62500,"D",-13000,"D",0,"D",0,"D",0,"D",0,"D",2300,"D",522,"D",0,"D",0,"D",1200,"D",7378,3197,7522.5,7275,3255.85,3154.4,13693.5,13693.5,76500,76500,76500.01,76500.01,0,0,0,0,0,0,0,0,76500,76500,0,0,7522.5,7275,7522.5,7275,12400,13850,0,0,0,0,0,0,0,0,0
"03469041",1,"2015","2014",2,0.0792,0.0792,"2",0.2787,0.2787,"10","D",0,0,0,"D",0,"D",85000,"D",125000,"D",-15484,"D",0,"D",0,"D",0,"D",0,"D",6500,"D",28,"D",0,"D",2,"D",15116,"D",30609,0,30755.54,30504.04,0,0,31138,31324,194516,194516,0,0,0,0,0,0,0,0,0,0,179400,179400,0,0,30755.54,30504.04,30755.54,30504.04,0,0,0,0,0,0,0,0,0,0,0
"03469051",1,"2015","2014",0,0.153,0.153,"1",0,0,"50","D",0,0,0,"D",0,"D",40001,"D",0,"D",-32865,"D",0,"D",0,"D",0,"D",0,"D",16180,"D",100,"D",0,"D",0,"D",900,"D",0,0,0,0,0,0,6120.15,6120.15,7136,7136,7136.01,7136.01,0,0,0,0,0,0,0,0,7136,7136,0,0,0,0,0,0,10080,10249.92,900,900,0,0,0,0,0,0,0
"03469061",1,"2015","2014",0,0.153,0.153,"2",0.1,0.1,"0","T",0,0,0,"D",0,"D",0,"D",33004,"D",0,"D",0,"D",0,"D",0,"D",4500,"D",0,"D",0,"D",0,"D",0,"D",0,"D",1253,0,1270.4,1240.4,0,0,5049.61,5049.61,33004,33004,0,0,0,0,0,0,0,0,0,0,33004,33004,0,0,1270.4,1240.4,1270.4,1240.4,0,0,0,0,0,0,0,0,0,0,0
"03469081",1,"2015","2014",1,0.153,0.153,"2",0.2598,0.2598,"05","D",0,0,0,"D",0,"D",28000,"D",0,"D",0,"D",0,"D",0,"D",0,"D",0,"D",1000,"D",0,"D",0,"D",1,"D",3788,"D",-3261,0,-3172.55,-3323.87,0,0,4284,4284,28000,28000,28000.01,28000.01,375,340,625,660,0,0,2547.55,2663.87,28000,28000,0,0,375,340,375,340,7984,8088,4788,4788,0,0,0,0,0,0,0
"03469091",1,"2015","2014",2,0,0,"3",-0.4,-0.4,"17","D",-0.068,-0.068,0,"D",0,"D",0,"D",0,"D",308,"D",180,"D",0,"D",0,"D",0,"D",1100,"D",4,"D",0,"D",0,"D",5020,"D",0,-600,0,0,-600,-600,0,0,488,488,180.01,180.01,0,0,0,0,0,0,0,0,488,488,0,0,0,0,0,0,5500,5500,0,0,600,600,0,0,0,0,0
"03469101",1,"2015","2014",0,0.153,0.153,"1",0.2335,0.2335,"08","D",0.066,0.066,1,"D",1,"D",74775,"D",0,"D",0,"D",0,"D",26482,"D",0,"D",0,"D",1500,"D",0,"D",0,"D",0,"D",6460,"D",16363,3173,16406.6,16331.6,3173.29,3173.29,11440.57,11440.57,97284.7,97284.7,74775.01,74775.01,0,0,0,0,0,0,0,0,90824.7,90824.7,0,0,16406.6,16331.6,16406.6,16331.6,5750,5750,7960,7960,0,0,0,0,0,0,0
"03469111",1,"2015","2014",0,0,0,"1",0.15,0.15,"0","T",0,0,0,"D",0,"D",0,"D",0,"D",5,"D",22500,"D",0,"D",0,"D",0,"D",4100,"D",255,"D",0,"D",0,"D",0,"D",1382,0,1399.5,1369.5,0,0,0,0,22505,22505,0,0,0,0,0,0,0,0,0,0,22505,22505,0,0,1399.5,1369.5,1399.5,1369.5,0,0,0,0,0,0,0,0,0,0,0
"03469121",1,"2015","2014",0,0,0,"1",0,0,"0","T",0,0,1,"D",1,"D",0,"D",0,"D",0,"D",600,"D",8662,"D",0,"D",0,"D",200,"D",0,"D",0,"D",0,"D",960,"D",0,0,0,0,0,0,0,0,600,600,0,0,0,0,0,0,0,0,0,0,600,600,0,0,0,0,0,0,0,0,0,0,0,0,0,0,0,0,0
"03469131",1,"2015","2014",0,0.038,0.038,"1",0.35,0.35,"38","D",0.099,0.099,0,"D",0,"D",228786,"D",0,"D",-1668,"D",0,"D",0,"D",0,"D",0,"D",2000,"D",30,"D",0,"D",0,"D",0,"D",52604,20281,52846.3,52431.3,20290.59,20273.78,21401.87,21587.87,227118,227118,227118.01,227118.01,0,0,0,0,0,0,0,0,227118,227118,2708.4,2556.36,50137.9,49874.94,50137.9,49874.94,2115.6,2144.96,2030,2030,0,0,0,0,0,0,0
"03469151",1,"2015","2014",0,0.153,0.153,"2",0.1,0.0991,"10","D",0,0,0,"D",0,"D",10000,"D",23000,"D",0,"D",0,"D",0,"D",0,"D",0,"D",3000,"D",10,"D",0,"D",0,"D",8980,"D",1248,0,1259.75,1240,0,0,5049,5049,33000,33000,0,0,0,0,0,0,0,0,0,0,24020,33000,0,0,1259.75,1240,1259.75,1240,0,0,0,0,0,0,0,0,0,0,0
"03469151",2,"2015","2014",0,0.153,0.153,"1",0.0765,0.0765,"10","D",0,0,0,"D",0,"D",9000,"D",0,"D",-600,"D",0,"D",0,"D",0,"D",0,"D",0,"D",0,"D",0,"D",0,"D",0,"D",-438,0,-427.92,-445.63,0,0,1377,1377,8400,8400,0,0,0,0,0,0,0,0,427.92,445.63,8400,8400,0,0,0,0,0,0,0,0,0,0,0,0,0,0,0,0,0
"03469151",3,"2015","2014",0,0.153,0.153,"1",0.1,0.1,"10","D",0,0,0,"D",0,"D",16600,"D",0,"D",-600,"D",0,"D",0,"D",0,"D",0,"D",0,"D",0,"D",0,"D",0,"D",0,"D",576,0,585,570,0,0,2539.8,2539.8,16000,16000,0,0,0,0,0,0,0,0,0,0,16000,16000,0,0,585,570,585,570,0,0,0,0,0,0,0,0,0,0,0
"03469171",1,"2015","2014",0,0.153,0.153,"2",0.15,0.1384,"38","D",0.0765,0.0775,0,"D",0,"D",62000,"D",0,"D",-5200,"D",0,"D",6800,"D",0,"D",14400,"D",0,"D",6880,"D",0,"D",0,"D",2635,"D",5397,2918,5428.87,5374.5,2923.05,2913.95,9486,9486,62580,62580,56800.01,56800.01,0,0,0,0,0,0,0,0,59945,62580,0,0,5428.87,5374.5,5428.87,5374.5,4231.2,4289.91,9515,9515,0,0,0,0,0,0,0
"03469171",2,"2015","2014",0,0.153,0.153,"1",0.15,0.15,"38","D",0.0765,0.0765,0,"D",0,"D",36400,"D",0,"D",0,"D",0,"D",0,"D",0,"D",0,"D",0,"D",0,"D",0,"D",0,"D",0,"D",3466,2346,3483.75,3453.75,2350.06,2343.12,5569.2,5569.2,36400,36400,36400.01,36400.01,0,0,0,0,0,0,0,0,36400,36400,0,0,3483.75,3453.75,3483.75,3453.75,2115.6,2144.96,0,0,0,0,0,0,0,0,0
"03469171",3,"2015","2014",1,0,0,"3",-0.34,-0.34,"38","D",-0.0272,-0.0272,0,"D",0,"D",0,"D",0,"D",0,"D",0,"D",0,"D",0,"D",0,"D",0,"D",0,"D",0,"D",0,"D",0,"D",0,0,0,0,0,0,0,0,0,0,0.01,0.01,0,0,0,0,0,0,0,0,0,0,0,0,0,0,0,0,3405.6,3452.86,0,0,0,0,0,0,0,0,0
"03469181",1,"2015","2014",0,0,0,"1",0.25,0.25,"44","D",0,0,1,"D",1,"D",0,"D",0,"D",0,"D",96696,"D",0,"D",0,"D",0,"D",20,"D",0,"D",0,"D",0,"D",0,"D",17047,0,17105.25,17005.25,0,0,0,0,96696,96696,0,0,0,0,0,0,0,0,0,0,96696,96696,0,0,17105.25,17005.25,17105.25,17005.25,0,0,0,0,0,0,0,0,0,0,0
"03469191",1,"2015","2014",1,0.153,0.153,"2",0.1429,0.1429,"21","D",0.0475,0.0475,0,"D",0,"D",60000,"D",8900,"D",0,"D",0,"D",0,"D",0,"D",0,"D",3000,"D",100,"D",0,"D",1,"D",11784,"D",4095,2000,4117.36,4079.86,2000.26,2000.26,10541.7,10541.7,68900,68900,67700.01,67700.01,1000,1000,0,0,0,0,0,0,57116,57116,0,0,5117.36,5079.86,5117.36,5079.86,4000,4000,14884,14884,0,0,0,0,0,0,0
"03469191",2,"2015","2014",0,0.153,0.153,"1",0.15,0.15,"21","D",0.0475,0.0475,0,"D",0,"D",23681,"D",0,"D",0,"D",0,"D",0,"D",0,"D",0,"D",0,"D",0,"D",0,"D",0,"D",0,"D",1558,825,1575.9,1545.9,825.35,825.35,3623.19,3623.19,23681,23681,23681.01,23681.01,0,0,0,0,0,0,0,0,23681,23681,0,0,1575.9,1545.9,1575.9,1545.9,2000,2000,0,0,0,0,0,0,0,0,0
"03469202",1,"2015","2014",2,0.038,0.038,"2",0.35,0.35,"38","D",0.099,0.099,0,"D",0,"D",232786,"D",228786,"D",-6300,"D",0,"D",0,"D",0,"D",45816,"D",0,"D",5800,"D",0,"D",2,"D",0,"D",121408,40994,121752.2,121162.2,41006.05,40985.78,44305.74,44677.74,455272,455272,455272.01,455272.01,0,0,0,0,0,0,0,0,455272,455272,9409.29,9366.62,112342.91,111795.58,112342.91,111795.58,4231.2,4289.91,7325.5,7349.5,0,0,0,0,0,0,0
"03469241",1,"2015","2014",0,0.153,0.153,"1",0.1,0.1,"36","D",0.0198,0.0211,0,"D",0,"D",15000,"D",0,"D",0,"D",0,"D",0,"D",0,"D",0,"D",0,"D",0,"D",0,"D",0,"D",0,"D",476,108,485,470,113.13,104.74,2295,2295,15000,15000,15000.01,15000.01,0,0,0,0,0,0,0,0,15000,15000,0,0,485,470,485,470,0,0,0,0,0,0,0,0,0,0,0
"03469291",1,"2015","2014",1,0.153,0.153,"3",-0.49,-0.49,"45","D",0,0,0,"D",0,"D",4000,"D",0,"D",0,"D",0,"D",14400,"D",0,"D",12600,"D",0,"D",1840,"D",0,"D",1,"D",2460,"D",-1510,0,-1510,-1510,0,0,612,612,4000,4000,4000.01,4000.01,0,0,150,150,0,0,1360,1360,4000,4000,0,0,0,0,0,0,0,0,0,0,0,0,0,0,0,0,0
"03469301",1,"2015","2014",0,0.153,0.153,"1",0.2267,0.2267,"05","D",0.093,0.093,0,"D",0,"D",100000,"D",0,"D",-7000,"D",0,"D",6800,"D",0,"D",20400,"D",0,"D",297,"D",0,"D",0,"D",600,"D",17882,5656,17919.87,17854.41,5678.54,5640.34,15300,15300,98780,98780,93000.01,93000.01,0,0,0,0,0,0,0,0,98180,98180,0,0,17919.87,17854.41,17919.87,17854.41,3992,4044,897,897,0,0,0,0,0,0,0
"03469311",1,"2015","2014",0,0.153,0.153,"1",0.1391,0.2318,"12","D",0.0733,0.0733,0,"D",0,"D",52000,"D",0,"D",36,"D",0,"D",0,"D",0,"D",0,"D",380,"D",15,"D",0,"D",0,"D",8184,"D",5084,2563,5096.51,5075.41,2563.2,2563.2,7956,7956,52036,52036,52036.01,52036.01,0,0,0,0,0,0,0,0,43852,43852,0,0,5096.51,5075.41,5096.51,5075.41,2200,2200,11124.95,11124.95,0,0,0,0,0,0,0
"03469321",1,"2015","2014",2,0.153,0.153,"2",0.149,0.149,"44","D",0,0,0,"D",0,"D",54717,"D",45000,"D",-430,"D",0,"D",0,"D",0,"D",0,"D",1500,"D",300,"D",0,"D",2,"D",14292,"D",7000,0,7026.21,6981.21,0,0,15256.7,15256.7,99287,99287,0,0,2000,2000,0,0,0,0,0,0,84995,84995,0,0,9026.21,8981.21,9026.21,8981.21,0,0,0,0,0,0,0,0,0,0,0
"03469341",1,"2015","2014",0,0.153,0.153,"1",0.254,0.254,"05","D",0.093,0.093,0,"D",0,"D",110000,"D",0,"D",0,"D",0,"D",0,"D",0,"D",11940,"D",0,"D",55,"D",0,"D",0,"D",0,"D",20759,7237,20821.68,20713.87,7259.54,7221.34,16830,16830,110000,110000,110000.01,110000.01,0,0,0,0,0,0,0,0,110000,110000,0,0,20821.68,20713.87,20821.68,20713.87,3992,4044,55,55,0,0,0,0,0,0,0
"03469351",1,"2015","2014",2,0.153,0.153,"2",0.15,0.15,"45","D",0.063,0.063,0,"D",0,"D",0,"D",60000,"D",-568,"D",0,"D",0,"D",0,"D",12000,"D",0,"D",1115,"D",0,"D",2,"D",3600,"D",1734,1920,1777.3,1702.3,1935.88,1909.29,9180,9180,59432,59432,59432.01,59432.01,2000,2000,0,0,0,0,0,0,59432,59432,0,0,3777.3,3702.3,3777.3,3702.3,0,0,0,0,0,0,0,0,0,0,0
"03469381",1,"2015","2014",0,0.153,0.153,"1",0.15,0.15,"39","D",0.0307,0.0307,0,"D",0,"D",30000,"D",0,"D",0,"D",0,"D",0,"D",0,"D",8400,"D",0,"D",0,"D",0,"D",0,"D",0,"D",2506,921,2523.75,2493.75,921,921,4590,4590,30000,30000,30000.01,30000.01,0,0,0,0,0,0,0,0,30000,30000,0,0,2523.75,2493.75,2523.75,2493.75,0,0,0,0,0,0,0,0,0,0,0
"03469391",1,"2015","2014",0,0.153,0.153,"1",0.2775,0.2775,"19","D",0.0289,0.0289,1,"D",1,"D",33900,"D",0,"D",0,"D",0,"D",17686,"D",0,"D",0,"D",0,"D",0,"D",0,"D",0,"D",0,"D",4648,820,4665.98,4635.98,819.36,820.56,5186.7,5186.7,45831.55,45831.55,33900.01,33900.01,0,0,0,0,0,0,0,0,45831.55,45831.55,0,0,4665.98,4635.98,4665.98,4635.98,0,0,0,0,0,0,0,0,0,0,0
"03469401",1,"2015","2014",0,0,0,"1",0,0,"33","D",0,0,1,"D",1,"D",0,"D",0,"D",0,"D",0,"D",17926,"D",0,"D",0,"D",2900,"D",0,"D",0,"D",0,"D",0,"D",0,-86,0,0,-86,-86,0,0,0,0,0.01,0.01,0,0,0,0,0,0,0,0,0,0,0,0,0,0,0,0,7800,7900,0,0,86,86,0,0,0,0,0
"03469411",1,"2015","2014",2,0,0,"3",-0.4,-0.4,"0","T",0,0,0,"D",0,"D",0,"D",0,"D",0,"D",0,"D",0,"D",0,"D",0,"D",6000,"D",0,"D",0,"D",0,"D",0,"D",0,0,0,0,0,0,0,0,0,0,0,0,0,0,0,0,0,0,0,0,0,0,0,0,0,0,0,0,0,0,0,0,0,0,0,0,0,0,0
"03469422",1,"2015","2014",0,0.153,0.153,"1",-0.0765,-0.0765,"0","T",0,0,0,"D",0,"D",2053,"D",0,"D",0,"D",0,"D",0,"D",0,"D",0,"D",0,"D",0,"D",0,"D",0,"D",0,"D",-157,0,-157.05,-157.05,0,0,314.11,314.11,2053,2053,0,0,0,0,0,0,0,0,157.05,157.05,2053,2053,0,0,0,0,0,0,0,0,0,0,0,0,0,0,0,0,0
"03469461",1,"2015","2014",0,0,0,"1",0.0959,0.0959,"01","D",0.0414,0.0414,0,"D",0,"D",0,"D",0,"D",0,"D",21888,"D",0,"D",0,"D",0,"D",5100,"D",2580,"D",0,"D",0,"D",3768,"D",608,377,611.36,606.33,376.43,376.68,0,0,21888,21888,21888.01,21888.01,0,0,0,0,0,0,0,0,18120,18120,0,0,611.36,606.33,611.36,606.33,2400.63,2400.63,11448,11448,0,0,0,0,0,0,0
"03469461",2,"2015","2014",0,0,0,"1",0.225,0.225,"01","D",0.0414,0.0414,1,"D",1,"D",0,"D",0,"D",0,"D",21888,"D",15862,"D",0,"D",0,"D",0,"D",0,"D",0,"D",0,"D",0,"D",1418,788,1435.88,1405.88,787.57,789.07,0,0,24297.5,24297.5,21888.01,21888.01,0,0,0,0,0,0,0,0,24297.5,24297.5,0,0,1435.88,1405.88,1435.88,1405.88,2400.63,2400.63,0,0,0,0,0,0,0,0,0
"03469491",1,"2015","2014",2,0.153,0.153,"2",0.15,0.25,"0","T",0,0,0,"D",0,"D",62000,"D",47000,"D",-6820,"D",0,"D",0,"D",0,"D",0,"D",3400,"D",227,"D",2880,"D",2,"D",7960,"D",7577,0,7631.5,7538.5,0,0,16677,16677,102180,102180,0,0,2000,2000,0,0,576,576,0,0,102180,102180,0,0,10207.5,10114.5,10207.5,10114.5,0,0,0,0,0,0,0,0,0,0,0
"03469501",1,"2015","2014",2,0.153,0.153,"2",0.0942,0.0942,"34","D",0.0575,0.058,0,"D",0,"D",0,"D",57877,"D",0,"D",0,"D",0,"D",0,"D",0,"D",3400,"D",495,"D",0,"D",2,"D",19648,"D",-357,1986,-346.29,-364.39,1996.87,1977.93,8855.18,8855.18,57877,57877,57877.01,57877.01,1653.71,1635.61,346.29,364.39,0,0,0,0,38229,38229,0,0,1653.71,1635.61,1653.71,1635.61,15000,15000,20000,20000,0,0,0,0,0,0,0
"03469591",1,"2015","2014",1,0.153,0.153,"2",0.15,0.15,"50","D",0.0751,0.0751,0,"D",0,"D",45000,"D",29000,"D",-4000,"D",22000,"D",0,"D",0,"D",0,"D",5200,"D",65,"D",0,"D",1,"D",2412,"D",8216,4191,8255,8187.5,4209.03,4178.83,11322,11322,92000,92000,92000.01,92000.01,1000,1000,0,0,0,0,0,0,92000,92000,0,0,9255,9187.5,9255,9187.5,4068.22,4443.48,2412,2412,0,0,0,0,0,0,0
"03469621",1,"2015","2014",1,0.029,0.029,"2",0.2788,0.2788,"10","D",0,0,0,"D",0,"D",0,"D",228786,"D",-3900,"D",0,"D",0,"D",0,"D",0,"D",2200,"D",100,"D",5128,"D",1,"D",9984,"D",42842,0,42980.92,42743.42,0,0,21142.79,21328.79,224886,224886,0,0,0,0,0,0,0,0,0,0,214902,214902,0,0,42980.92,42743.42,42980.92,42743.42,0,0,0,0,0,0,0,0,0,0,0
"03469621",2,"2015","2014",0,0.153,0.153,"1",0.15,0.15,"10","D",0,0,0,"D",0,"D",24359,"D",0,"D",0,"D",0,"D",0,"D",0,"D",0,"D",0,"D",0,"D",0,"D",0,"D",0,"D",1660,0,1677.6,1647.6,0,0,3726.93,3726.93,24359,24359,0,0,0,0,0,0,0,0,0,0,24359,24359,0,0,1677.6,1647.6,1677.6,1647.6,0,0,0,0,0,0,0,0,0,0,0
"03469631",1,"2015","2014",0,0.153,0.153,"1",0.15,0.15,"41","D",0.07,0.07,0,"D",0,"D",22809,"D",0,"D",9270,"D",0,"D",0,"D",0,"D",0,"D",360,"D",0,"D",0,"D",0,"D",0,"D",2818,1039,2835.6,2805.6,1045.43,1034.93,3489.78,3489.78,32079,32079,21929.01,21779.01,0,0,0,0,0,0,0,0,32079,32079,0,0,2835.6,2805.6,2835.6,2805.6,0,0,0,0,0,0,0,0,0,0,0
"03469631",2,"2015","2014",1,0,0,"3",-0.34,-0.34,"41","D",0,0,0,"D",0,"D",0,"D",0,"D",0,"D",0,"D",0,"D",0,"D",0,"D",0,"D",0,"D",0,"D",0,"D",0,"D",0,0,0,0,0,0,0,0,0,0,0,0,0,0,0,0,0,0,0,0,0,0,0,0,0,0,0,0,0,0,0,0,0,0,0,0,0,0,0
"03469641",1,"2015","2014",0,0,0,"1",-0.0765,-0.0765,"34","D",0,0,0,"D",0,"D",0,"D",0,"D",0,"D",0,"D",3400,"D",0,"D",0,"D",330,"D",0,"D",0,"D",0,"D",400,"D",0,0,0,0,0,0,0,0,0,0,0.01,0.01,0,0,0,0,0,0,0,0,0,0,0,0,0,0,0,0,7500,7500,730,730,0,0,0,0,0,0,0
"03469661",1,"2015","2014",0,0.153,0.153,"1",-0.0765,-0.0765,"25","D",0,0,0,"D",0,"D",2000,"D",0,"D",0,"D",1500,"D",13462,"D",0,"D",0,"D",270,"D",1420,"D",0,"D",0,"D",3120,"D",-153,0,-153,-153,0,0,306,306,3500,3500,3500.01,3500.01,0,0,0,0,0,0,153,153,3500,3500,0,0,0,0,0,0,2300,2300,4810,4810,0,0,0,0,0,0,0
"03469711",1,"2015","2014",0,0.153,0.153,"2",0.141,0.141,"05","D",0.06,0.06,0,"D",0,"D",78000,"D",0,"D",0,"D",14400,"D",0,"D",0,"D",0,"D",3000,"D",575,"D",0,"D",0,"D",8940,"D",9496,2511,9511.14,9485.44,2527.38,2498.76,11934,11934,92400,92400,92400.01,92400.01,0,0,0,0,0,0,0,0,83460,83460,0,0,9511.14,9485.44,9511.14,9485.44,7984,8088,12515,12515,0,0,0,0,0,0,0
"03469721",1,"2015","2014",0,0,0,"1",0,0,"05","D",0,0,1,"D",1,"D",0,"D",0,"D",0,"D",0,"D",24048,"D",0,"D",2304,"D",0,"D",0,"D",0,"D",0,"D",40,"D",0,0,0,0,0,0,0,0,0,0,0.01,0.01,0,0,0,0,0,0,0,0,0,0,0,0,0,0,0,0,3992,4044,40,40,0,0,0,0,0,0,0
"03469732",1,"2015","2014",0,0.153,0.153,"1",0.15,0.15,"11","D",0.06,0.06,0,"D",0,"D",37500,"D",0,"D",0,"D",0,"D",0,"D",0,"D",9120,"D",0,"D",0,"D",0,"D",0,"D",0,"D",3631,1760,3648.75,3618.75,1760,1760,5737.5,5737.5,37500,37500,37500.01,37500.01,0,0,0,0,0,0,0,0,37500,37500,0,0,3648.75,3618.75,3648.75,3618.75,2300,2300,0,0,0,0,0,0,0,0,0
"03469771",1,"2015","2014",2,0,0,"3",-0.4,-0.4,"36","D",0,0,0,"D",0,"D",0,"D",0,"D",0,"D",0,"D",0,"D",0,"D",0,"D",5000,"D",0,"D",0,"D",0,"D",200,"D",0,0,0,0,0,0,0,0,0,0,0.01,0.01,0,0,0,0,0,0,0,0,0,0,0,0,0,0,0,0,0,0,0,0,0,0,0,0,0,0,0
"03469781",1,"2015","2014",0,0.029,0.029,"2",0.3907,0.3907,"03","D",0.0436,0.0436,0,"D",0,"D",228786,"D",0,"D",571205,"D",96696,"D",0,"D",0,"D",0,"D",3000,"D",100,"D",0,"D",0,"D",31728,"D",302302,35329,302815.98,301934.17,35347.67,35315.27,21142.79,21328.79,896687,896687,896687.01,896687.01,0,0,0,0,0,0,0,0,864959,864959,0,0,281110.19,280228.38,281110.19,280228.38,10018,10182,68133,68100.67,0,0,0,0,0,0,0
"03469781",2,"2015","2014",1,0,0,"3",-0.34,-0.34,"03","D",0,0,0,"D",0,"D",0,"D",0,"D",0,"D",0,"D",0,"D",0,"D",0,"D",0,"D",0,"D",0,"D",0,"D",0,"D",0,-50,0,0,-50,-50,0,0,0,0,0.01,0.01,0,0,0,0,0,0,0,0,0,0,0,0,0,0,0,0,10018,10182,0.05,0.05,0,0,0,0,0,0,0
"03469791",1,"2015","2014",2,0.153,0.153,"3",0.2775,0.2775,"38","D",0.09,0.09,0,"D",0,"D",90500,"D",0,"D",1801,"D",0,"D",0,"D",0,"D",0,"D",4000,"D",100,"D",440,"D",2,"D",4204,"D",9667,5938,9737.99,9616.99,5953.23,5927.23,13846.5,13846.5,92301,92301,92301.01,92301.01,1134.95,1134.95,0,0,88,88,0,0,88097,88097,0,0,10960.94,10839.94,10960.94,10839.94,3405.6,3452.86,8304,8304,0,0,0,0,0,0,0
"03469791",2,"2015","2014",0,0.153,0.153,"1",0.15,0.15,"38","D",0.0765,0.0765,0,"D",0,"D",24791,"D",0,"D",0,"D",0,"D",0,"D",0,"D",0,"D",0,"D",0,"D",0,"D",0,"D",0,"D",1725,1458,1742.4,1712.4,1461.97,1455.03,3793.02,3793.02,24791,24791,24791.01,24791.01,0,0,0,0,0,0,0,0,24791,24791,0,0,1742.4,1712.4,1742.4,1712.4,2115.6,2144.96,0,0,0,0,0,0,0,0,0
"03469811",1,"2015","2014",0,0.153,0.153,"1",0.15,0.15,"33","D",0.0645,0.0645,0,"D",0,"D",30145,"D",0,"D",0,"D",0,"D",0,"D",0,"D",5040,"D",0,"D",0,"D",0,"D",0,"D",0,"D",2528,1104,2545.5,2515.5,1112.37,1098.15,4612.18,4612.18,30145,30145,30145.01,30145.01,0,0,0,0,0,0,0,0,30145,30145,0,0,2545.5,2515.5,2545.5,2515.5,7800,7900,0,0,0,0,0,0,0,0,0
"03469811",2,"2015","2014",1,0,0,"3",-0.34,-0.34,"33","D",-0.102,-0.102,0,"D",0,"D",0,"D",0,"D",0,"D",0,"D",0,"D",0,"D",0,"D",0,"D",0,"D",0,"D",0,"D",0,"D",0,-100,0,0,-100,-100,0,0,0,0,0.01,0.01,0,0,0,0,0,0,0,0,0,0,0,0,0,0,0,0,10950,11100,0,0,0,0,0,0,0,0,0
"03469821",1,"2015","2014",0,0,0,"1",0,0,"11","D",0,0,1,"D",1,"D",0,"D",0,"D",0,"D",0,"D",17062,"D",0,"D",0,"D",2000,"D",0,"D",0,"D",0,"D",0,"D",0,0,0,0,0,0,0,0,0,0,0,0,0,0,0,0,0,0,0,0,0,0,0,0,0,0,0,0,3600,3600,0,0,0,0,0,0,0,0,0
"03469841",1,"2015","2014",0,0.153,0.153,"2",0.143,0.143,"26","D",0.0468,0.0468,0,"D",0,"D",63000,"D",37500,"D",0,"D",0,"D",0,"D",0,"D",0,"D",3000,"D",0,"D",0,"D",0,"D",25196,"D",8334,2675,8352.06,8321.79,2673.82,2675.64,15376.5,15376.5,100500,100500,100500.01,100500.01,0,0,0,0,0,0,0,0,75304,75304,0,0,8352.06,8321.79,8352.06,8321.79,0,0,35884.25,35884.25,0,0,0,0,0,0,0
"03469841",2,"2015","2014",2,0,0,"3",-0.4,-0.4,"26","D",0,0,0,"D",0,"D",0,"D",0,"D",0,"D",0,"D",0,"D",0,"D",0,"D",0,"D",0,"D",0,"D",0,"D",0,"D",0,0,0,0,0,0,0,0,0,0,0.01,0.01,0,0,0,0,0,0,0,0,0,0,0,0,0,0,0,0,9100,9250,0,0,0,0,0,0,0,0,0
"03469841",3,"2015","2014",2,0,0,"3",-0.4,-0.4,"26","D",0,0,0,"D",0,"D",0,"D",0,"D",0,"D",0,"D",0,"D",0,"D",0,"D",0,"D",0,"D",0,"D",0,"D",0,"D",0,0,0,0,0,0,0,0,0,0,0.01,0.01,0,0,0,0,0,0,0,0,0,0,0,0,0,0,0,0,9100,9250,0,0,0,0,0,0,0,0,0
"03469851",1,"2015","2014",4,0.153,0.153,"3",0.3106,0.3606,"07","D",0.1429,0.1429,0,"D",0,"D",42000,"D",0,"D",0,"D",0,"D",0,"D",0,"D",10800,"D",0,"D",0,"D",0,"D",4,"D",0,"D",-3854,559,-3727.8,-3944.19,585.98,540.22,6426,6426,42000,42000,42000.01,42000.01,1325,1275,2675,2725,0,0,1052.8,1219.19,42000,42000,0,0,1325,1275,1325,1275,0,0,0,0,0,0,0,0,289.52,335.28,0
"03469861",1,"2015","2014",2,0.153,0.153,"3",-0.55,-0.55,"0","T",0,0,0,"D",0,"D",8000,"D",0,"D",0,"D",0,"D",0,"D",0,"D",8100,"D",0,"D",3,"D",0,"D",1,"D",0,"D",-3950,0,-3950,-3950,0,0,1224,1224,8000,8000,0,0,0,0,750,750,0,0,3200,3200,8000,8000,0,0,0,0,0,0,0,0,0,0,0,0,0,0,0,0,0
"03469861",2,"2015","2014",2,0,0,"3",-0.4,-0.4,"0","T",0,0,0,"D",0,"D",0,"D",0,"D",0,"D",0,"D",0,"D",0,"D",0,"D",0,"D",0,"D",0,"D",1,"D",0,"D",0,0,0,0,0,0,0,0,0,0,0,0,0,0,0,0,0,0,0,0,0,0,0,0,0,0,0,0,0,0,0,0,0,0,0,0,0,0,0
"03469871",1,"2015","2014",0,0.153,0.153,"2",0.1405,0.1405,"45","D",0.063,0.063,1,"D",1,"D",0,"D",72000,"D",0,"D",0,"D",19200,"D",0,"D",0,"D",3200,"D",536,"D",0,"D",0,"D",14172,"D",7886,3775,7902.17,7873.69,3780.84,3770.76,11016,11016,88320,88320,88320.01,88320.01,0,0,0,0,0,0,0,0,74148,74148,0,0,7902.17,7873.69,7902.17,7873.69,0,0,0,0,0,0,0,0,0,0,0
"03469881",1,"2015","2014",3,0.153,0.153,"2",0.0992,0.1488,"31","D",0.0175,0.0175,0,"D",0,"D",0,"D",56054,"D",-1019,"D",5748,"D",0,"D",0,"D",0,"D",5800,"D",8194,"D",0,"D",2,"D",7920,"D",-184,796,-165.94,-197.29,796.29,796.29,8576.26,8576.26,60783,60783,61802.01,61802.01,1834.06,1802.71,165.94,197.29,0,0,0,0,52863,52863,0,0,1834.06,1802.71,1834.06,1802.71,0,0,0,0,0,0,0,0,0,0,0
"03469881",2,"2015","2014",0,0.153,0.153,"1",0.1765,0.1765,"31","D",0.037,0.0293,0,"D",0,"D",13482,"D",0,"D",0,"D",0,"D",0,"D",0,"D",0,"D",0,"D",0,"D",0,"D",0,"D",0,"D",229,150,248.16,215.45,157.74,143.92,2062.75,2062.75,13482,13482,13482.01,13482.01,0,0,0,0,0,0,85.04,102.75,13482,13482,0,0,333.2,318.2,333.2,318.2,0,0,0,0,0,0,0,0,17.01,30.83,0
"03469881",3,"2015","2014",0,0.153,0.153,"1",0.1,0.1,"31","D",0.014,0.014,0,"D",0,"D",18080,"D",0,"D",0,"D",0,"D",0,"D",0,"D",0,"D",0,"D",0,"D",0,"D",0,"D",0,"D",784,239,793,778,239.12,239.12,2766.24,2766.24,18080,18080,18080.01,18080.01,0,0,0,0,0,0,0,0,18080,18080,0,0,793,778,793,778,0,0,0,0,0,0,0,0,0,0,0
"03469901",1,"2015","2014",0,0.153,0.153,"1",0.15,0.15,"05","D",0.06,0.06,1,"D",1,"D",44685,"D",0,"D",0,"D",0,"D",0,"D",0,"D",0,"D",3000,"D",760,"D",0,"D",0,"D",2856,"D",4477,1034,4494,4464,1043.28,1027.97,6836.8,6836.8,44685,44685,44685.01,44685.01,0,0,0,0,0,0,0,0,44685,44685,0,0,4494,4464,4494,4464,3992,4044,6616,6616,0,0,0,0,0,0,0
"03469901",2,"2015","2014",0,0.153,0.153,"1",0.1,0.1,"05","D",0,0,1,"D",1,"D",12315,"D",0,"D",0,"D",0,"D",13278,"D",0,"D",0,"D",0,"D",0,"D",0,"D",0,"D",0,"D",53,0,61.5,46.5,0,0,1884.19,1884.19,12315,12315,12315.01,12315.01,0,0,0,0,0,0,0,0,12315,12315,0,0,61.5,46.5,61.5,46.5,3992,4044,0,0,0,0,0,0,0,0,0
"03469911",1,"2015","2014",2,0.153,0.153,"2",0.3106,0.3106,"44","D",0,0,0,"D",0,"D",22000,"D",19000,"D",0,"D",0,"D",0,"D",0,"D",7560,"D",0,"D",40,"D",0,"D",2,"D",0,"D",-2567,0,-2443.96,-2654.09,0,0,6273,6273,41000,41000,0,0,1280,1240,720,760,0,0,1723.96,1894.09,41000,41000,0,0,1280,1240,1280,1240,0,0,0,0,0,0,0,0,0,0,0
"03469951",1,"2015","2014",1,0.153,0.153,"3",0.1403,0.1403,"33","D",0.0645,0.0645,0,"D",0,"D",44679,"D",0,"D",0,"D",0,"D",0,"D",0,"D",0,"D",1200,"D",0,"D",0,"D",1,"D",9144,"D",2143,1071,2124.6,2155.3,1287.69,916.36,6835.89,6835.89,44679,44679,44679.01,44679.01,1000,1000,0,0,0,0,0,0,35535,35535,0,0,3124.6,3155.3,3124.6,3155.3,10950,11100,10344,10344,0,0,0,0,0,0,0
"03469971",1,"2015","2014",0,0.153,0.153,"2",0.1442,0.1442,"01","D",0.039,0.039,0,"D",0,"D",80738,"D",0,"D",0,"D",0,"D",0,"D",0,"D",0,"D",2300,"D",0,"D",0,"D",0,"D",8760,"D",7960,2547,7977.29,7947.06,2546.21,2547.72,12352.91,12352.91,80738,80738,80738.01,80738.01,0,0,0,0,0,0,0,0,71978,71978,0,0,7977.29,7947.06,7977.29,7947.06,4000,4000,17236.46,17236.46,0,0,0,0,0,0,0
"03469981",1,"2015","2014",1,0.153,0.153,"2",0.15,0.15,"01","D",0.0387,0.0387,0,"D",0,"D",35759,"D",34774,"D",0,"D",0,"D",0,"D",0,"D",0,"D",1700,"D",54,"D",0,"D",0,"D",1800,"D",5996,2524,6034.95,5967.45,2522.41,2525.79,10791.55,10791.55,70533,70533,70533.01,70533.01,0,0,0,0,0,0,0,0,70533,70533,0,0,6034.95,5967.45,6034.95,5967.45,4000,4000,8949.78,8949.78,0,0,0,0,0,0,0
"03469981",3,"2015","2014",0,0.153,0.153,"1",0.2775,0.2775,"01","D",0.0323,0.0323,1,"D",1,"D",33032,"D",0,"D",0,"D",0,"D",15070,"D",0,"D",0,"D",0,"D",0,"D",0,"D",0,"D",0,"D",4241,1198,4258.34,4228.34,1197.34,1198.84,5053.9,5053.9,43113.95,43113.95,33032.01,33032.01,0,0,0,0,0,0,0,0,43113.95,43113.95,0,0,4258.34,4228.34,4258.34,4228.34,2000,2000,2526.95,2526.95,0,0,0,0,0,0,0
"03469981",4,"2015","2014",0,0.153,0.153,"1",0.15,0.15,"01","D",0.0451,0.0451,0,"D",0,"D",24073,"D",0,"D",0,"D",0,"D",0,"D",0,"D",0,"D",0,"D",0,"D",0,"D",0,"D",0,"D",1617,894,1634.7,1604.7,892.63,894.13,3683.17,3683.17,24073,24073,24073.01,24073.01,0,0,0,0,0,0,0,0,24073,24073,0,0,1634.7,1604.7,1634.7,1604.7,2285.63,2285.63,1841.59,1841.59,0,0,0,0,0,0,0
"03469981",5,"2015","2014",0,0.153,0.153,"1",0.1765,0.1765,"01","D",0.05,0.05,0,"D",0,"D",11153,"D",0,"D",0,"D",0,"D",0,"D",0,"D",0,"D",0,"D",0,"D",0,"D",0,"D",0,"D",-182,318,-162.91,-195.62,317.65,317.65,1706.41,1706.41,11153,11153,11153.01,11153.01,0,0,0,0,0,0,263.21,280.92,11153,11153,0,0,100.3,85.3,100.3,85.3,2500,2500,853.21,853.21,0,0,0,0,0,0,0
"03470001",1,"2015","2014",1,0.153,0.153,"3",0.1914,0.1913,"34","D",0.0575,0.058,0,"D",0,"D",83000,"D",0,"D",-4809,"D",0,"D",0,"D",0,"D",0,"D",2200,"D",151,"D",0,"D",1,"D",15316,"D",5881,3401,5892.78,5872.33,3419.15,3388.81,12699,12699,78191,78191,78191.01,78191.01,840.45,840.45,0,0,0,0,0,0,62875,62875,0,0,6733.23,6712.78,6733.23,6712.78,12000,12000,17516,17516,0,0,0,0,0,0,0
"03470011",1,"2015","2014",2,0.153,0.153,"3",0.3106,0.3106,"37","D",0.063,0.063,0,"D",0,"D",28116,"D",0,"D",0,"D",0,"D",0,"D",0,"D",9000,"D",0,"D",0,"D",0,"D",0,"D",0,"D",-2685,155,-2577.17,-2762.56,163.65,148.01,4301.75,4301.75,28116,28116,28116.01,28116.01,0,0,0,0,0,0,3293.77,3449.16,28116,28116,0,0,716.6,686.6,716.6,686.6,9100,9250,0,0,0,0,0,0,164.69,172.46,0
"03470021",1,"2015","2014",0,0,0,"1",0.15,0.15,"36","D",0,0,1,"D",1,"D",0,"D",0,"D",0,"D",19500,"D",15178,"D",0,"D",0,"D",2000,"D",64,"D",0,"D",0,"D",1080,"D",876,0,884.45,869.45,0,0,0,0,20544.5,20544.5,19500.01,19500.01,0,0,0,0,0,0,0,0,20544.5,20544.5,0,0,884.45,869.45,884.45,869.45,0,0,0,0,0,0,0,0,0,0,0
"03470051",1,"2015","2014",3,0.153,0.153,"2",0,0,"44","D",0,0,0,"D",0,"D",14000,"D",0,"D",0,"D",0,"D",0,"D",0,"D",8760,"D",0,"D",0,"D",0,"D",1,"D",0,"D",-7201,0,-7143,-7242,0,0,2142,2142,14000,14000,0,0,0,0,1000,1000,0,0,6143,6242,14000,14000,0,0,0,0,0,0,0,0,0,0,0,0,0,0,0,0,0
"03470051",2,"2015","2014",0,0.153,0.153,"1",0.15,0.15,"44","D",0,0,0,"D",0,"D",21000,"D",0,"D",0,"D",0,"D",0,"D",0,"D",0,"D",0,"D",0,"D",0,"D",0,"D",0,"D",1156,0,1173.75,1143.75,0,0,3213,3213,21000,21000,0,0,0,0,0,0,0,0,0,0,21000,21000,0,0,1173.75,1143.75,1173.75,1143.75,0,0,0,0,0,0,0,0,0,0,0
"03470051",3,"2015","2014",3,0,0,"3",-0.45,-0.45,"44","D",0,0,0,"D",0,"D",0,"D",0,"D",0,"D",0,"D",0,"D",0,"D",0,"D",0,"D",0,"D",0,"D",1,"D",0,"D",0,0,0,0,0,0,0,0,0,0,0,0,0,0,0,0,0,0,0,0,0,0,0,0,0,0,0,0,0,0,0,0,0,0,0,0,0,0,0
"03470061",1,"2015","2014",0,0.153,0.153,"1",0.1417,0.1417,"31","D",0.0553,0.0553,0,"D",0,"D",55000,"D",0,"D",-4324,"D",0,"D",0,"D",0,"D",0,"D",14600,"D",10,"D",0,"D",0,"D",500,"D",4139,939,4147.87,4132.87,938.5,938.5,8415,8415,50676,50676,55000.01,55000.01,0,0,0,0,0,0,0,0,50176,50176,0,0,4147.88,4132.88,4147.87,4132.87,0,0,0,0,0,0,0,0,0,0,0
"03470081",1,"2015","2014",0,0.153,0.153,"2",0.25,0.25,"36","D",0.0381,0.04,2,"D",2,"D",0,"D",75000,"D",0,"D",15738,"D",37546,"D",0,"D",0,"D",3400,"D",2592,"D",0,"D",0,"D",4036,"D",16569,2233,16700.53,16475.53,2327.46,2165.82,11475,11475,122652.1,122652.1,90738.01,90738.01,0,0,0,0,0,0,0,0,122652.1,122652.1,0,0,16700.53,16475.53,16700.53,16475.53,0,0,0,0,0,0,0,0,0,0,0
"03470091",1,"2015","2014",0,0.153,0.153,"2",0.0765,0.0765,"36","D",0.0234,0.0246,0,"D",0,"D",8465,"D",10990,"D",0,"D",0,"D",0,"D",0,"D",12600,"D",0,"D",0,"D",0,"D",0,"D",0,"D",-57,102,-43.5,-66.57,108.27,96.85,2976.61,2976.61,19455,19455,19455.01,19455.01,0,0,0,0,0,0,43.5,66.57,19455,19455,0,0,0,0,0,0,0,0,0,0,0,0,0,0,4.35,6.66,0
"03470101",1,"2015","2014",0,0.153,0.153,"1",0.25,0.25,"33","D",0.0645,0.0645,1,"D",1,"D",53732,"D",0,"D",0,"D",0,"D",0,"D",0,"D",0,"D",3800,"D",0,"D",0,"D",0,"D",1100,"D",6306,2625,6364.25,6264.25,2633.73,2619.51,8221,8221,53732,53732,53732.01,53732.01,0,0,0,0,0,0,0,0,53732,53732,0,0,6364.25,6264.25,6364.25,6264.25,7800,7900,0,0,0,0,0,0,0,0,0
"03470121",1,"2015","2014",0,0.153,0.153,"1",0.15,0.15,"0","T",0,0,0,"D",0,"D",61000,"D",0,"D",-22790,"D",0,"D",0,"D",0,"D",0,"D",5500,"D",30,"D",0,"D",0,"D",10268,"D",2307,0,2315.55,2300.55,0,0,9333,9333,38210,38210,0,0,0,0,0,0,0,0,0,0,27942,27942,0,0,2315.55,2300.55,2315.55,2300.55,0,0,0,0,0,0,0,0,0,0,0
"03470141",1,"2015","2014",2,0,0,"3",-0.4,-0.4,"45","D",0,0,0,"D",0,"D",0,"D",0,"D",50,"D",2350,"D",0,"D",0,"D",0,"D",1100,"D",33,"D",0,"D",0,"D",8456,"D",0,0,0,0,0,0,0,0,2400,2400,2400.01,2400.01,0,0,0,0,0,0,0,0,2400,2400,0,0,0,0,0,0,0,0,0,0,0,0,0,0,0,0,0
"03470151",1,"2015","2014",1,0,0,"3",0,0,"21","D",-0.03,-0.03,0,"D",0,"D",0,"D",0,"D",9703,"D",0,"D",0,"D",0,"D",15180,"D",0,"D",0,"D",0,"D",1,"D",0,"D",0,6,0,0,6.06,6.06,0,0,9703,9703,9703.01,9703.01,0,0,0,0,0,0,0,0,9703,9703,0,0,0,0,0,0,3000,3000,0,0,0,0,0,0,0,0,0
"03470171",1,"2015","2014",0,0.153,0.153,"1",0.25,0.25,"48","D",0,0,0,"D",0,"D",49000,"D",0,"D",630,"D",0,"D",0,"D",0,"D",15540,"D",0,"D",40,"D",0,"D",0,"D",0,"D",5668,0,5726.25,5626.25,0,0,7497,7497,49630,49630,0,0,0,0,0,0,0,0,0,0,49630,49630,0,0,5726.25,5626.25,5726.25,5626.25,0,0,0,0,0,0,0,0,0,0,0
"03470191",1,"2015","2014",0,0.153,0.153,"1",0.25,0.25,"47","D",0.0575,0.0575,0,"D",0,"D",57000,"D",0,"D",-5360,"D",0,"D",0,"D",0,"D",12540,"D",0,"D",200,"D",0,"D",0,"D",0,"D",6170,2486,6228.75,6128.75,2485.83,2485.83,8721,8721,51640,51640,51640.01,51640.01,0,0,0,0,0,0,0,0,51640,51640,0,0,6228.75,6128.75,6228.75,6128.75,3000,3000,0,0,0,0,0,0,0,0,0
"03470221",1,"2015","2014",1,0.153,0.153,"3",0.2913,0.2908,"36","D",0.0346,0.037,0,"D",0,"D",76000,"D",0,"D",300,"D",0,"D",0,"D",0,"D",0,"D",6000,"D",0,"D",0,"D",1,"D",6228,"D",6941,2048,6988.88,6907.38,2126.5,1992.47,11628,11628,76300,76300,76300.01,76300.01,935,935,0,0,0,0,0,0,70072,70072,0,0,7923.88,7842.38,7923.88,7842.38,0,0,0,0,0,0,0,0,0,0,0
"03470241",1,"2015","2014",0,0.153,0.153,"1",0.25,0.25,"36","D",0.0346,0.037,0,"D",0,"D",57202,"D",0,"D",0,"D",0,"D",6030,"D",0,"D",6000,"D",0,"D",0,"D",0,"D",0,"D",0,"D",8842,1437,8900.63,8800.63,1492.36,1398.29,8751.91,8751.91,62327.5,62327.5,57202.01,57202.01,0,0,0,0,0,0,0,0,62327.5,62327.5,0,0,8900.63,8800.63,8900.63,8800.63,0,0,0,0,0,0,0,0,0,0,0
"03470251",1,"2015","2014",0,0.153,0.153,"1",0.143,0.143,"26","D",0.0468,0.0468,0,"D",0,"D",34000,"D",0,"D",9090,"D",0,"D",0,"D",0,"D",0,"D",2500,"D",30,"D",0,"D",0,"D",7492,"D",3717,1254,3725.95,3710.81,1253.46,1254.37,5202,5202,43090,43090,43090.01,43090.01,0,0,0,0,0,0,0,0,35598,35598,0,0,3725.95,3710.81,3725.95,3710.81,0,0,12623,12623,0,0,0,0,0,0,0
"03470251",2,"2015","2014",0,0.029,0.029,"1",0.2632,0.2632,"26","D",0.06,0.06,0,"D",0,"D",130000,"D",0,"D",0,"D",0,"D",0,"D",0,"D",0,"D",0,"D",0,"D",0,"D",0,"D",0,"D",26550,6608,26618.4,26501.83,6611.97,6605.09,18278,18464,130000,130000,130000.01,130000.01,0,0,0,0,0,0,0,0,130000,130000,0,0,26618.4,26501.83,26618.4,26501.83,0,0,8950.5,9065.25,0,0,0,0,0,0,0
"03470281",1,"2015","2014",0,0.153,0.153,"1",0.25,0.25,"31","D",0.0552,0.0552,0,"D",0,"D",54000,"D",0,"D",0,"D",0,"D",0,"D",0,"D",19200,"D",0,"D",0,"D",0,"D",0,"D",0,"D",6760,1286,6818.75,6718.75,1285.75,1285.75,8262,8262,54000,54000,54000.01,54000.01,0,0,0,0,0,0,0,0,54000,54000,0,0,6818.75,6718.75,6818.75,6718.75,0,0,0,0,0,0,0,0,0,0,0
"03470281",2,"2015","2014",0,0.153,0.153,"1",0.25,0.25,"31","D",0.0637,0.0637,0,"D",0,"D",80000,"D",0,"D",0,"D",0,"D",0,"D",0,"D",0,"D",0,"D",0,"D",0,"D",0,"D",0,"D",13260,2906,13318.75,13218.75,2906.05,2906.05,12240,12240,80000,80000,80000.01,80000.01,0,0,0,0,0,0,0,0,80000,80000,0,0,13318.75,13218.75,13318.75,13218.75,0,0,0,0,0,0,0,0,0,0,0
"03470311",1,"2015","2014",0,0,0,"1",-0.0765,-0.0765,"44","D",0,0,0,"D",0,"D",0,"D",0,"D",0,"D",9600,"D",0,"D",0,"D",9840,"D",0,"D",25,"D",0,"D",0,"D",0,"D",0,0,0,0,0,0,0,0,9600,9600,0,0,0,0,0,0,0,0,0,0,9600,9600,0,0,0,0,0,0,0,0,0,0,0,0,0,0,0,0,0
"03470311",2,"2015","2014",0,0.153,0.153,"1",0.1,0.1,"44","D",0,0,0,"D",0,"D",15489,"D",0,"D",0,"D",0,"D",0,"D",0,"D",0,"D",0,"D",0,"D",0,"D",0,"D",0,"D",525,0,533.9,518.9,0,0,2369.82,2369.82,15489,15489,0,0,0,0,0,0,0,0,0,0,15489,15489,0,0,533.9,518.9,533.9,518.9,0,0,0,0,0,0,0,0,0,0,0
"03470321",1,"2015","2014",3,0.153,0.153,"2",0.3106,0.3106,"0","T",0,0,0,"D",0,"D",32000,"D",5000,"D",0,"D",0,"D",0,"D",0,"D",6600,"D",0,"D",25,"D",0,"D",3,"D",0,"D",-5896,0,-5764.36,-5990.49,0,0,5661,5661,37000,37000,0,0,485,440,2515,2560,0,0,3249.36,3430.49,37000,37000,0,0,485,440,485,440,0,0,0,0,0,0,0,0,0,0,0
"03470361",1,"2015","2014",0,0.153,0.153,"2",0.2332,0.2332,"07","D",0.067,0.067,0,"D",0,"D",96000,"D",42000,"D",-6500,"D",0,"D",0,"D",0,"D",0,"D",5600,"D",435,"D",0,"D",0,"D",8512,"D",17242,6585,17329.63,17179.63,6584.5,6584.5,21114,21114,131500,131500,131500.01,131500.01,0,0,0,0,0,0,0,0,122988,122988,0,0,17329.63,17179.63,17329.63,17179.63,0,0,0,0,0,0,0,0,0,0,0
"03470371",1,"2015","2014",0,0.153,0.153,"1",0.15,0.15,"34","D",0.0575,0.058,0,"D",0,"D",25000,"D",0,"D",0,"D",0,"D",0,"D",0,"D",7800,"D",0,"D",0,"D",0,"D",0,"D",0,"D",1756,1010,1773.75,1743.75,1015,1006.25,3825,3825,25000,25000,25000.01,25000.01,0,0,0,0,0,0,0,0,25000,25000,0,0,1773.75,1743.75,1773.75,1743.75,7500,7500,0,0,0,0,0,0,0,0,0
"03470371",2,"2015","2014",0,0,0,"1",-0.0765,-0.0765,"34","D",0,0,0,"D",0,"D",0,"D",0,"D",0,"D",0,"D",0,"D",0,"D",0,"D",0,"D",0,"D",0,"D",0,"D",0,"D",0,0,0,0,0,0,0,0,0,0,0.01,0.01,0,0,0,0,0,0,0,0,0,0,0,0,0,0,0,0,7500,7500,0,0,0,0,0,0,0,0,0
"03470401",1,"2015","2014",1,0.153,0.153,"3",0.15,0.15,"36","D",0.0297,0.0317,0,"D",0,"D",42000,"D",0,"D",0,"D",0,"D",0,"D",0,"D",12600,"D",0,"D",173,"D",0,"D",0,"D",240,"D",3075,845,3102.5,3055,877.13,821.83,6426,6426,42000,42000,42000.01,42000.01,0,0,0,0,0,0,0,0,42000,42000,0,0,3102.5,3055,3102.5,3055,0,0,0,0,0,0,0,0,0,0,0
"03470411",1,"2015","2014",0,0.153,0.153,"1",0.225,0.225,"0","T",0,0,1,"D",1,"D",25286,"D",0,"D",0,"D",0,"D",14662,"D",0,"D",0,"D",2200,"D",0,"D",0,"D",0,"D",1920,"D",2138,0,2155.43,2125.43,0,0,3868.76,3868.76,29094.5,29094.5,0,0,0,0,0,0,0,0,0,0,29094.5,29094.5,0,0,2155.43,2125.43,2155.43,2125.43,0,0,0,0,0,0,0,0,0,0,0
"03470421",1,"2015","2014",0,0.153,0.153,"1",0,0,"18","D",0,0,0,"D",0,"D",7200,"D",0,"D",0,"D",0,"D",0,"D",0,"D",0,"D",370,"D",0,"D",0,"D",0,"D",0,"D",-500,0,-496,-503,0,0,1101.6,1101.6,7200,7200,7200.01,7200.01,0,0,0,0,0,0,496,503,7200,7200,0,0,0,0,0,0,2400,2440,370,370,0,0,0,0,0,0,0
"03470421",2,"2015","2014",0,0.153,0.153,"1",0.1765,0.1765,"18","D",0.0058,0.0058,0,"D",0,"D",11850,"D",0,"D",0,"D",0,"D",0,"D",0,"D",0,"D",0,"D",0,"D",0,"D",0,"D",0,"D",-59,35,-39.89,-72.6,35.41,35.18,1813.05,1813.05,11850,11850,11850.01,11850.01,0,0,0,0,0,0,209.89,227.6,11850,11850,0,0,170,155,170,155,2400,2440,0,0,0,0,0,0,0,0,0
"03470421",3,"2015","2014",0,0.153,0.153,"1",0.15,0.15,"18","D",0.058,0.058,0,"D",0,"D",20973,"D",0,"D",0,"D",0,"D",0,"D",0,"D",0,"D",0,"D",0,"D",0,"D",0,"D",0,"D",1152,882,1169.7,1139.7,883.23,880.91,3208.87,3208.87,20973,20973,20973.01,20973.01,0,0,0,0,0,0,0,0,20973,20973,0,0,1169.7,1139.7,1169.7,1139.7,2400,2440,0,0,0,0,0,0,0,0,0
"03470431",1,"2015","2014",1,0.153,0.153,"2",0.15,0.15,"05","D",0.04,0.04,0,"D",0,"D",41740,"D",15924,"D",900,"D",0,"D",0,"D",0,"D",0,"D",1200,"D",312,"D",0,"D",1,"D",528,"D",3200,572,3239.6,3172.1,584.33,562.61,8822.59,8822.59,58564,58564,58564.01,58564.01,1000,1000,0,0,0,0,0,0,58564,58564,0,0,4239.6,4172.1,4239.6,4172.1,7984,8088,2040,2040,0,0,0,0,0,0,0
"03470441",1,"2015","2014",0,0.153,0.153,"1",0.2341,0.2341,"31","D",0.0637,0.0637,0,"D",0,"D",90000,"D",0,"D",0,"D",0,"D",0,"D",0,"D",0,"D",9000,"D",0,"D",0,"D",0,"D",2064,"D",13817,2970,13860.31,13785.31,2969.75,2969.75,13770,13770,90000,90000,90000.01,90000.01,0,0,0,0,0,0,0,0,87936,87936,0,0,13860.31,13785.31,13860.31,13785.31,0,0,0,0,0,0,0,0,0,0,0
"03470471",1,"2015","2014",0,0,0,"1",0,0,"47","D",0,0,1,"D",1,"D",0,"D",0,"D",0,"D",2027,"D",24228,"D",0,"D",0,"D",3000,"D",200,"D",0,"D",0,"D",2400,"D",0,0,0,0,0,0,0,0,2027,2027,2027.01,2027.01,0,0,0,0,0,0,0,0,2027,2027,0,0,0,0,0,0,0,0,0,0,0,0,0,0,0,0,0
"03470501",1,"2015","2014",0,0.153,0.153,"2",0.2325,0.2325,"41","D",0.07,0.07,0,"D",0,"D",85000,"D",85000,"D",-7839,"D",0,"D",0,"D",0,"D",0,"D",2950,"D",2,"D",0,"D",0,"D",28964,"D",20246,7860,20332.61,20184.36,7864.55,7857.55,26010,26010,162161,162161,114480.46,114387.46,0,0,0,0,0,0,0,0,133197,133197,0,0,20332.61,20184.36,20332.61,20184.36,0,0,0,0,0,0,0,0,0,0,0
"03470511",1,"2015","2014",0,0.153,0.153,"2",0.15,0.15,"0","T",0,0,0,"D",0,"D",46426,"D",39372,"D",0,"D",0,"D",0,"D",0,"D",0,"D",830,"D",250,"D",0,"D",0,"D",2568,"D",8882,0,8917.2,8857.2,0,0,13127.09,13127.09,85798,85798,0,0,0,0,0,0,0,0,0,0,85798,85798,0,0,8917.2,8857.2,8917.2,8857.2,0,0,0,0,0,0,0,0,0,0,0
"03470521",1,"2015","2014",0,0,0,"1",-0.0765,-0.0765,"44","D",0,0,0,"D",0,"D",0,"D",0,"D",0,"D",0,"D",0,"D",0,"D",2424,"D",0,"D",0,"D",0,"D",0,"D",0,"D",0,0,0,0,0,0,0,0,0,0,0,0,0,0,0,0,0,0,0,0,0,0,0,0,0,0,0,0,0,0,0,0,0,0,0,0,0,0,0
"03470531",1,"2015","2014",3,0.153,0.153,"3",-0.45,-0.45,"05","D",0,0,0,"D",0,"D",888,"D",0,"D",0,"D",0,"D",0,"D",700,"D",0,"D",0,"D",0,"D",0,"D",3,"D",0,"D",-400,0,-399.6,-399.6,0,0,135.86,135.86,888,888,888.01,888.01,0,0,0,0,0,0,399.6,399.6,888,888,0,0,0,0,0,0,7984,8088,0,0,0,0,0,0,0,0,0
"03470541",1,"2015","2014",4,0.153,0.153,"3",-0.15,-0.15,"23","D",0.0175,0.0175,0,"D",0,"D",14314,"D",0,"D",0,"D",0,"D",0,"D",0,"D",1440,"D",0,"D",0,"D",0,"D",2,"D",0,"D",-7898,-659,-7840.1,-7939.1,-655.07,-661.01,2190.04,2190.04,14314,14314,14314.01,14314.01,0,0,1697.1,1697.1,0,0,6143,6242,14314,14314,0,0,0,0,0,0,0,0,0,0,0,0,0,0,368.58,374.52,0
"03470551",1,"2015","2014",0,0,0,"1",0,0,"07","D",0,0,1,"D",1,"D",0,"D",0,"D",0,"D",760,"D",13200,"D",0,"D",6924,"D",0,"D",0,"D",0,"D",0,"D",0,"D",0,0,0,0,0,0,0,0,760,760,760.01,760.01,0,0,0,0,0,0,0,0,760,760,0,0,0,0,0,0,0,0,0,0,0,0,0,0,0,0,0
"03470571",1,"2015","2014",1,0.153,0.153,"3",0.15,0.15,"05","D",0.04,0.04,0,"D",0,"D",50000,"D",0,"D",-4063,"D",0,"D",0,"D",0,"D",16200,"D",0,"D",70,"D",0,"D",0,"D",0,"D",3665,175,3693.05,3645.55,187.16,166.45,7650,7650,45937,45937,45937.01,45937.01,0,0,0,0,0,0,0,0,45937,45937,0,0,3693.05,3645.55,3693.05,3645.55,7984,8088,70,70,0,0,0,0,0,0,0
"03470571",2,"2015","2014",0,0.153,0.153,"1",0.1765,0.1765,"05","D",0.02,0.02,0,"D",0,"D",14000,"D",0,"D",0,"D",0,"D",0,"D",0,"D",0,"D",0,"D",0,"D",0,"D",0,"D",0,"D",321,13,339.59,306.88,14.67,11.63,2142,2142,14000,14000,14000.01,14000.01,0,0,0,0,0,0,45.41,63.12,14000,14000,0,0,385,370,385,370,3992,4044,0,0,0,0,0,0,0,0,0
"03470581",1,"2015","2014",0,0,0,"1",-0.0765,-0.0765,"0","T",0,0,0,"D",0,"D",0,"D",0,"D",0,"D",0,"D",0,"D",0,"D",0,"D",3500,"D",0,"D",0,"D",0,"D",1444,"D",0,0,0,0,0,0,0,0,0,0,0,0,0,0,0,0,0,0,0,0,0,0,0,0,0,0,0,0,0,0,0,0,0,0,0,0,0,0,0
"03470591",1,"2015","2014",0,0.153,0.153,"1",0.15,0.15,"11","D",0.06,0.06,0,"D",0,"D",39000,"D",0,"D",0,"D",0,"D",0,"D",0,"D",13824,"D",0,"D",0,"D",0,"D",0,"D",0,"D",3856,1850,3873.75,3843.75,1850,1850,5967,5967,39000,39000,39000.01,39000.01,0,0,0,0,0,0,0,0,39000,39000,0,0,3873.75,3843.75,3873.75,3843.75,2300,2300,0,0,0,0,0,0,0,0,0
"03470601",1,"2015","2014",0,0.153,0.153,"2",0.2356,0.2356,"47","D",0.0575,0.0575,0,"D",0,"D",53850,"D",44009,"D",0,"D",0,"D",0,"D",0,"D",0,"D",9000,"D",392,"D",0,"D",0,"D",800,"D",10462,4419,10549.52,10399.52,4418.9,4418.9,14972.43,14972.43,97859,97859,97859.01,97859.01,0,0,0,0,0,0,0,0,97059,97059,0,0,10549.52,10399.52,10549.52,10399.52,6000,6000,10192,10192,0,0,0,0,0,0,0
"03470631",1,"2015","2014",1,0.153,0.153,"3",0.2598,0.3098,"03","D",0.0259,0.0259,0,"D",0,"D",30000,"D",0,"D",0,"D",0,"D",0,"D",0,"D",12540,"D",0,"D",0,"D",0,"D",1,"D",0,"D",-1135,347,-1057.73,-1190.37,349.18,344.94,4590,4590,30000,30000,30000.01,30000.01,1000,1000,0,0,0,0,1360.23,1465.37,30000,30000,0,0,1302.5,1275,1302.5,1275,10018,10182,451.27,451.27,0,0,0,0,0,0,0
"03470641",1,"2015","2014",0,0.153,0.153,"2",0.254,0.254,"05","D",0.093,0.093,2,"D",2,"D",50794,"D",0,"D",89449,"D",12066,"D",31808,"D",0,"D",0,"D",3100,"D",300,"D",0,"D",0,"D",7464,"D",29924,7700,30042.71,29838.45,7739.97,7671.25,7771.48,7771.48,179345.8,179345.8,152309.01,152309.01,0,0,0,0,0,0,0,0,171881.8,171881.8,0,0,30042.71,29838.45,30042.71,29838.45,7984,8088,10864,10864,0,0,0,0,0,0,0
"03470641",2,"2015","2014",0,0.153,0.153,"1",0.15,0.15,"05","D",0.04,0.04,0,"D",0,"D",26631,"D",0,"D",0,"D",0,"D",0,"D",0,"D",0,"D",0,"D",0,"D",0,"D",0,"D",0,"D",2001,347,2018.4,1988.4,352.62,343.77,4074.54,4074.54,26631,26631,26631.01,26631.01,0,0,0,0,0,0,0,0,26631,26631,0,0,2018.4,1988.4,2018.4,1988.4,3992,4044,0,0,0,0,0,0,0,0,0
"03470651",1,"2015","2014",2,0,0,"3",-0.4,-0.4,"33","D",-0.12,-0.12,0,"D",0,"D",0,"D",0,"D",0,"D",0,"D",0,"D",0,"D",0,"D",1200,"D",0,"D",0,"D",0,"D",6336,"D",0,-275,0,0,-275,-275,0,0,0,0,0.01,0.01,0,0,0,0,0,0,0,0,0,0,0,0,0,0,0,0,10950,11100,0,0,75,75,0,0,0,0,0
"03470661",1,"2015","2014",0,0.153,0.153,"1",0.15,0.15,"19","D",0.034,0.034,0,"D",0,"D",37001,"D",0,"D",0,"D",0,"D",0,"D",0,"D",0,"D",0,"D",0,"D",0,"D",0,"D",0,"D",3556,1008,3573.9,3543.9,1007.08,1008.28,5661.15,5661.15,37001,37001,37001.01,37001.01,0,0,0,0,0,0,0,0,37001,37001,0,0,3573.9,3543.9,3573.9,3543.9,0,0,0,0,0,0,0,0,0,0,0
"03470671",1,"2015","2014",0,0,0,"1",0,0,"14","D",0,0,1,"D",1,"D",0,"D",0,"D",0,"D",946,"D",22606,"D",0,"D",0,"D",3300,"D",375,"D",0,"D",0,"D",11196,"D",0,0,0,0,0,0,0,0,946,946,0.01,0.01,0,0,0,0,0,0,0,0,946,946,0,0,0,0,0,0,0,0,0,0,0,0,0,0,0,0,0
"03470681",1,"2015","2014",3,0.153,0.153,"3",0.3,0.3,"05","D",0.093,0.093,0,"D",0,"D",95000,"D",0,"D",0,"D",0,"D",0,"D",0,"D",43356,"D",0,"D",70,"D",0,"D",3,"D",0,"D",9834,3033,9937.5,9760,3075.6,3002.15,14535,14535,95000,95000,95000.01,95000.01,2000,2000,0,0,0,0,0,0,95000,95000,0,0,11937.5,11760,11937.5,11760,7984,8088,70,70,0,0,0,0,0,0,0
"03470681",2,"2015","2014",0,0.153,0.153,"1",0.15,0.15,"05","D",0.04,0.04,0,"D",0,"D",32000,"D",0,"D",0,"D",0,"D",0,"D",0,"D",0,"D",0,"D",0,"D",0,"D",0,"D",0,"D",2806,562,2823.75,2793.75,567.38,558.53,4896,4896,32000,32000,32000.01,32000.01,0,0,0,0,0,0,0,0,32000,32000,0,0,2823.75,2793.75,2823.75,2793.75,3992,4044,0,0,0,0,0,0,0,0,0
"03470691",1,"2015","2014",1,0.153,0.153,"3",0.2598,0.2598,"34","D",0.0575,0.058,0,"D",0,"D",16700,"D",0,"D",930,"D",1590,"D",0,"D",0,"D",0,"D",1900,"D",24,"D",0,"D",1,"D",6072,"D",-3937,292,-3860.88,-3991.01,293.76,290.15,2555.1,2555.1,19220,19220,19220.01,19220.01,222,197,778,803,0,0,3082.88,3188.01,19220,19220,0,0,222,197,222,197,12000,12000,7972,7972,0,0,0,0,0,0,0
"03470701",1,"2015","2014",0,0,0,"2",0.25,0.25,"33","D",0.078,0.0777,0,"D",0,"D",0,"D",0,"D",72109,"D",43000,"D",0,"D",0,"D",0,"D",5200,"D",345,"D",0,"D",0,"D",0,"D",15298,5873,15414.75,15214.75,5906.76,5848.87,0,0,115109,115109,115109.01,115109.01,0,0,0,0,0,0,0,0,115109,115109,0,0,15414.75,15214.75,15414.75,15214.75,15650,15850,0,0,0,0,0,0,0,0,0
"03470701",2,"2015","2014",0,0.153,0.153,"1",0.15,0.15,"33","D",0.0645,0.0645,0,"D",0,"D",40000,"D",0,"D",0,"D",0,"D",0,"D",0,"D",0,"D",0,"D",0,"D",0,"D",0,"D",0,"D",4006,1740,4023.75,3993.75,1748.01,1733.8,6120,6120,40000,40000,40000.01,40000.01,0,0,0,0,0,0,0,0,40000,40000,0,0,4023.75,3993.75,4023.75,3993.75,7800,7900,0,0,0,0,0,0,0,0,0
"03470721",1,"2015","2014",1,0,0,"3",-0.34,-0.34,"05","D",0,0,0,"D",0,"D",0,"D",0,"D",0,"D",0,"D",15862,"D",0,"D",0,"D",1600,"D",0,"D",0,"D",0,"D",0,"D",0,0,0,0,0,0,0,0,0,0,0.01,0.01,0,0,0,0,0,0,0,0,0,0,0,0,0,0,0,0,7984,8088,1600,1600,0,0,0,0,0,0,0
"03470751",1,"2015","2014",2,0.153,0.153,"2",0.15,0.15,"39","D",0.0307,0.0307,0,"D",0,"D",100000,"D",0,"D",10,"D",0,"D",0,"D",0,"D",0,"D",3600,"D",2410,"D",0,"D",2,"D",720,"D",7820,3070,7864,7789,3070.31,3070.31,15300,15300,100010,100010,100010.01,100010.01,2000,2000,0,0,0,0,0,0,100010,100010,0,0,9864,9789,9864,9789,0,0,0,0,0,0,0,0,0,0,0
"03470833",1,"2015","2014",0,0.153,0.153,"1",0.15,0.15,"31","D",0.035,0.035,0,"D",0,"D",40000,"D",0,"D",0,"D",0,"D",0,"D",0,"D",0,"D",1100,"D",3500,"D",0,"D",0,"D",0,"D",4006,633,4023.75,3993.75,632.5,632.5,6120,6120,40000,40000,40000.01,40000.01,0,0,0,0,0,0,0,0,40000,40000,0,0,4023.75,3993.75,4023.75,3993.75,0,0,0,0,50,50,0,0,0,0,0
"03470841",1,"2015","2014",3,0.153,0.153,"2",0.15,0.15,"48","D",0,0,0,"D",0,"D",44465,"D",31422,"D",0,"D",0,"D",0,"D",0,"D",0,"D",2200,"D",0,"D",0,"D",2,"D",7696,"D",3605,0,3653.05,3570.55,0,0,11610.71,11610.71,75887,75887,0,0,2000,2000,0,0,0,0,0,0,75887,75887,0,0,5653.05,5570.55,5653.05,5570.55,0,0,0,0,0,0,0,0,0,0,0
"03470851",1,"2015","2014",2,0,0,"3",-0.4,-0.4,"44","D",0,0,0,"D",0,"D",0,"D",0,"D",0,"D",2946,"D",0,"D",0,"D",0,"D",0,"D",0,"D",0,"D",0,"D",0,"D",0,0,0,0,0,0,0,0,2946,2946,0,0,0,0,0,0,0,0,0,0,2946,2946,0,0,0,0,0,0,0,0,0,0,0,0,0,0,0,0,0
"03470901",1,"2015","2014",1,0.153,0.153,"2",0.25,0.25,"05","D",0.093,0.093,0,"D",0,"D",61205,"D",90000,"D",-3000,"D",0,"D",0,"D",0,"D",0,"D",4000,"D",185,"D",0,"D",0,"D",0,"D",22577,7462,22701.25,22488.75,7509.14,7428.75,23134.36,23134.36,148205,148205,148205.01,148205.01,0,0,0,0,0,0,0,0,148205,148205,0,0,22701.25,22488.75,22701.25,22488.75,7984,8088,4185,4185,0,0,0,0,0,0,0
"03470942",1,"2015","2014",0,0.153,0.153,"1",-0.0765,-0.0765,"48","D",0,0,0,"D",0,"D",3000,"D",0,"D",0,"D",0,"D",0,"D",0,"D",24324,"D",0,"D",0,"D",0,"D",0,"D",0,"D",-230,0,-229.5,-229.5,0,0,459,459,3000,3000,0,0,0,0,0,0,0,0,229.5,229.5,3000,3000,0,0,0,0,0,0,0,0,0,0,0,0,0,0,0,0,0
"03470961",1,"2015","2014",2,0.153,0.153,"2",0.3106,0.3106,"45","D",0.063,0.063,0,"D",0,"D",20000,"D",10000,"D",0,"D",0,"D",0,"D",0,"D",6000,"D",1100,"D",630,"D",0,"D",2,"D",2160,"D",-5983,66,-5860.56,-6070.69,81.66,55.08,4590,4590,30000,30000,30000.01,30000.01,180,140,1820,1860,0,0,4040.56,4210.69,30000,30000,0,0,180,140,180,140,0,0,0,0,0,0,0,0,0,0,0
"03470971",1,"2015","2014",2,0.153,0.153,"2",0.3,0.3,"36","D",0.0429,0.0475,0,"D",0,"D",84000,"D",55000,"D",-16820,"D",0,"D",0,"D",0,"D",0,"D",1930,"D",1342,"D",0,"D",2,"D",844,"D",13685,3624,13816.5,13591.5,3762.66,3525.61,21267,21267,122180,122180,122180.01,122180.01,1391,1391,0,0,0,0,0,0,122180,122180,0,0,15207.5,14982.5,15207.5,14982.5,0,0,0,0,0,0,0,0,0,0,0
"03470991",1,"2015","2014",3,0.153,0.153,"3",-0.45,-0.45,"18","D",0,0,0,"D",0,"D",7200,"D",0,"D",0,"D",0,"D",0,"D",0,"D",0,"D",860,"D",0,"D",0,"D",0,"D",6700,"D",-3240,0,-3240,-3240,0,0,1101.6,1101.6,7200,7200,7200.01,7200.01,0,0,0,0,0,0,3240,3240,7200,7200,0,0,0,0,0,0,2400,2440,7560,7560,0,0,0,0,0,0,0
"03471051",1,"2015","2014",1,0.153,0.153,"2",0,0,"22","D",0,0,2,"D",2,"D",17001,"D",0,"D",0,"D",0,"D",25856,"D",0,"D",0,"D",5000,"D",33,"D",0,"D",0,"D",720,"D",-3337,-500,-3305,-3359,-495.75,-503.85,2601.15,2601.15,17001,17001,17001.01,17001.01,0,0,0,0,0,0,3305,3359,17001,17001,0,0,0,0,0,0,0,0,0,0,0,0,0,0,495.75,503.85,0
"03471081",1,"2015","2014",1,0.153,0.153,"2",0,0,"06","D",0,0,0,"D",0,"D",23160,"D",0,"D",0,"D",0,"D",0,"D",0,"D",10800,"D",0,"D",0,"D",0,"D",1,"D",0,"D",-4337,-211,-4305,-4359,0,-361.9,3543.48,3543.48,23160,23160,0,0,0,0,1000,1000,0,0,3305,3359,23160,23160,0,0,0,0,0,0,0,0,0,0,0,0,0,0,0,335.9,0
"03471101",1,"2015","2014",0,0.153,0.153,"1",0.15,0.15,"0","T",0,0,0,"D",0,"D",36500,"D",0,"D",0,"D",0,"D",0,"D",0,"D",0,"D",300,"D",125,"D",0,"D",0,"D",4032,"D",3481,0,3498.75,3468.75,0,0,5584.5,5584.5,36500,36500,0,0,0,0,0,0,0,0,0,0,36500,36500,0,0,3498.75,3468.75,3498.75,3468.75,0,0,0,0,0,0,0,0,0,0,0
"03471111",1,"2015","2014",3,0,0,"3",-0.45,-0.45,"18","D",0,0,0,"D",0,"D",0,"D",0,"D",0,"D",0,"D",0,"D",0,"D",4500,"D",0,"D",0,"D",0,"D",0,"D",60,"D",0,0,0,0,0,0,0,0,0,0,0.01,0.01,0,0,0,0,0,0,0,0,0,0,0,0,0,0,0,0,2400,2440,60,60,0,0,0,0,0,0,0
"03471121",1,"2015","2014",1,0.153,0.153,"2",0.2267,0.2267,"05","D",0.093,0.093,0,"D",0,"D",85534,"D",54601,"D",0,"D",0,"D",0,"D",0,"D",0,"D",2300,"D",1782,"D",0,"D",1,"D",8400,"D",18994,6299,19078.17,18933.35,6340.31,6269.6,21440.65,21440.65,140135,140135,140135.01,140135.01,0,0,0,0,0,0,0,0,131735,131735,0,0,19078.17,18933.35,19078.17,18933.35,7984,8088,12482,12482,0,0,0,0,0,0,0
"03471131",1,"2015","2014",0,0,0,"1",0.2632,0.2632,"07","D",0.06,0.06,1,"D",1,"D",0,"D",0,"D",67951,"D",49000,"D",25462,"D",0,"D",0,"D",10700,"D",2490,"D",0,"D",0,"D",324,"D",25163,6642,25232.29,25113.79,6642.06,6642.06,0,0,138593.7,138593.7,123201.01,123201.01,0,0,0,0,0,0,0,0,138269.7,138269.7,0,0,25232.29,25113.79,25232.29,25113.79,0,0,0,0,0,0,0,0,0,0,0
"03471143",1,"2015","2014",0,0,0,"1",-0.0765,-0.0765,"10","D",0,0,0,"D",0,"D",0,"D",0,"D",0,"D",0,"D",0,"D",0,"D",5800,"D",0,"D",0,"D",0,"D",0,"D",3,"D",0,0,0,0,0,0,0,0,0,0,0,0,0,0,0,0,0,0,0,0,0,0,0,0,0,0,0,0,0,0,0,0,0,0,0,0,0,0,0
"03471151",1,"2015","2014",2,0,0,"3",-0.4,-0.4,"05","D",0,0,0,"D",0,"D",0,"D",0,"D",15,"D",3760,"D",0,"D",0,"D",0,"D",4000,"D",378,"D",0,"D",0,"D",4198,"D",0,0,0,0,0,0,0,0,3775,3775,3775.01,3775.01,0,0,0,0,0,0,0,0,3775,3775,0,0,0,0,0,0,7984,8088,8576,8576,0,0,0,0,0,0,0
"03471201",1,"2015","2014",0,0.153,0.153,"2",0.15,0.15,"29","D",0,0,0,"D",0,"D",35000,"D",32000,"D",0,"D",0,"D",0,"D",0,"D",0,"D",1500,"D",1100,"D",0,"D",0,"D",3772,"D",6063,0,6097.5,6037.5,0,0,10251,10251,67000,67000,0,0,0,0,0,0,0,0,0,0,67000,67000,0,0,6097.5,6037.5,6097.5,6037.5,0,0,0,0,0,0,0,0,0,0,0
"03471211",1,"2015","2014",2,0,0,"3",-0.4,-0.4,"33","D",-0.12,-0.12,0,"D",0,"D",0,"D",0,"D",0,"D",0,"D",0,"D",0,"D",0,"D",16180,"D",0,"D",0,"D",0,"D",30,"D",0,-275,0,0,-275,-275,0,0,0,0,0.01,0.01,0,0,0,0,0,0,0,0,0,0,0,0,0,0,0,0,10950,11100,0,0,75,75,0,0,0,0,0
"03471221",1,"2015","2014",0,0,0,"1",0,0,"24","D",0,0,1,"D",1,"D",0,"D",0,"D",0,"D",0,"D",4380,"D",0,"D",0,"D",0,"D",80,"D",0,"D",0,"D",1500,"D",0,0,0,0,0,0,0,0,0,0,0.01,0.01,0,0,0,0,0,0,0,0,0,0,0,0,0,0,0,0,7750,7850,0,0,0,0,0,0,0,0,0
"03471231",1,"2015","2014",0,0.153,0.153,"1",0.225,0.225,"0","T",0,0,1,"D",1,"D",19000,"D",0,"D",0,"D",0,"D",22174,"D",0,"D",0,"D",1000,"D",0,"D",0,"D",0,"D",0,"D",1005,0,1022.78,992.78,0,0,2907,2907,21543.5,21543.5,0,0,0,0,0,0,0,0,0,0,21543.5,21543.5,0,0,1022.78,992.78,1022.78,992.78,0,0,0,0,0,0,0,0,0,0,0
"03471241",1,"2015","2014",0,0,0,"1",0,0,"31","D",0,0,1,"D",1,"D",0,"D",0,"D",0,"D",0,"D",17518,"D",0,"D",0,"D",16180,"D",1752,"D",0,"D",0,"D",6106,"D",0,0,0,0,0,0,0,0,0,0,0,0,0,0,0,0,0,0,0,0,0,0,0,0,0,0,0,0,0,0,0,0,50,50,0,0,0,0,0
"03471281",1,"2015","2014",4,0.153,0.153,"2",0.1,0.15,"45","D",0.063,0.063,0,"D",0,"D",57625,"D",0,"D",-3033,"D",0,"D",0,"D",0,"D",13800,"D",0,"D",813,"D",100,"D",4,"D",3080,"D",-2173,1257,-2133.7,-2200.8,1275.46,1244.37,8816.62,8816.62,54592,54592,54592.01,54592.01,1866.3,1799.2,2133.7,2200.8,0,0,0,0,54592,54592,0,0,1866.3,1799.2,1866.3,1799.2,0,0,0,0,0,0,0,0,0,0,0
"03471291",1,"2015","2014",3,0.06,0.06,"2",0.2356,0.2355,"34","D",0.0575,0.058,0,"D",0,"D",50000,"D",150000,"D",-27000,"D",0,"D",0,"D",0,"D",0,"D",5600,"D",127,"D",0,"D",2,"D",10004,"D",23712,9083,23810.01,23642.18,9128.97,9050.27,26508,26694,173000,173000,173000.01,173000.01,0,0,0,0,0,0,0,0,162996,162996,0,0,23810.01,23642.18,23810.01,23642.18,15000,15000,15604,15604,0,0,0,0,0,0,0
"03471301",1,"2015","2014",0,0.153,0.153,"1",0.1765,0.1765,"21","D",0.0857,0.0857,0,"D",0,"D",14000,"D",0,"D",0,"D",0,"D",0,"D",0,"D",0,"D",2300,"D",0,"D",0,"D",0,"D",2244,"D",321,338,339.59,306.88,342.79,333.94,2142,2142,14000,14000,14000.01,14000.01,0,0,0,0,0,0,45.41,63.12,14000,14000,0,0,385,370,385,370,2000,2000,0,0,0,0,0,0,22.71,31.56,0
"03471301",2,"2015","2014",0,0.153,0.153,"2",0.25,0.25,"21","D",0.0525,0.0525,0,"D",0,"D",62210,"D",93937,"D",0,"D",0,"D",0,"D",0,"D",0,"D",0,"D",0,"D",0,"D",0,"D",0,"D",25558,7142,25674.25,25474.25,7141.72,7141.72,23890.49,23890.49,156147,156147,154947.01,154947.01,0,0,0,0,0,0,0,0,156147,156147,0,0,25674.25,25474.25,25674.25,25474.25,4000,4000,0,0,0,0,0,0,0,0,0
"03471311",1,"2015","2014",1,0.153,0.153,"3",0.25,0.25,"10","D",0,0,0,"D",0,"D",55000,"D",0,"D",0,"D",24984,"D",0,"D",0,"D",0,"D",1000,"D",0,"D",0,"D",0,"D",4572,"D",10070,0,10158.5,10006,0,0,8415,8415,79984,79984,0,0,0,0,0,0,0,0,0,0,79984,79984,0,0,10158.5,10006,10158.5,10006,0,0,0,0,0,0,0,0,0,0,0
"03491961",1,"2015","2014",2,0.153,0.153,"3",0.2906,0.2875,"14","D",0.0375,0.05,0,"D",0,"D",79442,"D",0,"D",0,"D",0,"D",0,"D",0,"D",0,"D",3000,"D",5640,"D",4000,"D",2,"D",5784,"D",4318,2893,4250.76,4352.3,3503.35,2587.2,12154.63,12154.63,79442,79442,79442.01,79442.01,1777.9,1777.9,0,0,800,800,0,0,73658,73658,0,0,6828.66,6930.2,6828.66,6930.2,0,0,0,0,150,150,0,0,0,0,0
"03491971",1,"2015","2014",2,0.153,0.153,"2",0.15,0.15,"44","D",0,0,0,"D",0,"D",1400,"D",100000,"D",0,"D",0,"D",0,"D",0,"D",0,"D",2900,"D",0,"D",0,"D",2,"D",3744,"D",8023,0,8072.5,7997.5,0,0,15514.2,15514.2,101400,101400,0,0,2000,2000,0,0,0,0,0,0,101400,101400,0,0,10072.5,9997.5,10072.5,9997.5,0,0,0,0,0,0,0,0,0,0,0
"03491981",1,"2015","2014",0,0.153,0.153,"1",0.15,0.15,"28","D",0.0501,0.0501,0,"D",0,"D",32000,"D",0,"D",0,"D",0,"D",0,"D",0,"D",4200,"D",0,"D",60,"D",0,"D",0,"D",0,"D",2804,855,2823.75,2793.75,863.08,851.25,4896,4896,32000,32000,32000.01,32000.01,0,0,0,0,0,0,0,0,32000,32000,0,0,2823.75,2793.75,2823.75,2793.75,6200,6300,0,0,0,0,0,0,0,0,0
"03492001",1,"2015","2014",2,0.153,0.153,"2",0.15,0.15,"25","D",0.0499,0.0499,0,"D",0,"D",0,"D",87071,"D",4948,"D",0,"D",0,"D",0,"D",0,"D",1600,"D",0,"D",0,"D",2,"D",1396,"D",6615,3432,6665.35,6590.35,3432.01,3432.01,13321.86,13321.86,92019,92019,92019.01,92019.01,2000,2000,0,0,0,0,0,0,92019,92019,0,0,8665.35,8590.35,8665.35,8590.35,4600,4600,2996,2996,0,0,0,0,0,0,0
"03492031",1,"2015","2014",1,0.153,0.153,"2",0.1433,0.1433,"07","D",0.045,0.045,0,"D",0,"D",31200,"D",41600,"D",0,"D",0,"D",0,"D",0,"D",0,"D",4000,"D",135,"D",0,"D",1,"D",9908,"D",4711,2616,4736.15,4698.65,2616,2616,11138.4,11138.4,72800,72800,72800.01,72800.01,1000,1000,0,0,0,0,0,0,62892,62892,0,0,5736.15,5698.65,5736.15,5698.65,0,0,0,0,0,0,0,0,0,0,0
"03492041",1,"2015","2014",0,0.153,0.153,"1",0.0765,0.0765,"06","D",0.0077,0,0,"D",0,"D",9000,"D",0,"D",0,"D",0,"D",0,"D",0,"D",0,"D",1500,"D",200,"D",0,"D",0,"D",5548,"D",-440,-38,-427.91,-445.62,0,-57.56,1377,1377,9000,9000,0,0,0,0,0,0,0,0,427.91,445.62,9000,9000,0,0,0,0,0,0,0,0,0,0,0,0,0,0,0,44.56,0
"03492051",1,"2015","2014",0,0.153,0.153,"2",0.15,0.15,"05","D",0.04,0.06,0,"D",0,"D",4000,"D",58697,"D",0,"D",3717,"D",0,"D",0,"D",0,"D",3400,"D",360,"D",0,"D",0,"D",0,"D",5970,1222,6009.6,5949.6,1240.08,1213.61,9592.64,9592.64,66414,66414,66414.01,66414.01,0,0,0,0,0,0,0,0,66414,66414,0,0,6009.6,5949.6,6009.6,5949.6,7984,8088,3760,3760,0,0,0,0,0,0,0
"03492061",1,"2015","2014",0,0.153,0.153,"2",0.15,0.15,"18","D",0.058,0.058,0,"D",0,"D",17300,"D",37000,"D",0,"D",0,"D",0,"D",0,"D",0,"D",1300,"D",0,"D",0,"D",0,"D",2976,"D",4153,2452,4192.5,4132.5,2453.21,2450.89,8307.9,8307.9,54300,54300,54300.01,54300.01,0,0,0,0,0,0,0,0,54300,54300,0,0,4192.5,4132.5,4192.5,4132.5,2400,2440,4276,4276,0,0,0,0,0,0,0
"03492091",1,"2015","2014",0,0.153,0.153,"2",0.2406,0.2375,"14","D",0.0375,0.05,0,"D",0,"D",56030,"D",99484,"D",596,"D",0,"D",0,"D",0,"D",0,"D",8000,"D",212,"D",0,"D",0,"D",19416,"D",20276,5926,20059.75,20384.78,7193,5292.88,23793.64,23793.64,156110,156110,156110.01,156110.01,0,0,0,0,0,0,0,0,136694,136694,0,0,20059.75,20384.78,20059.75,20384.78,0,0,0,0,400,400,0,0,0,0,0
"03492121",1,"2015","2014",0,0.153,0.153,"2",0.2775,0.2775,"0","T",0,0,1,"D",1,"D",53468,"D",0,"D",74,"D",0,"D",41386,"D",0,"D",0,"D",590,"D",116,"D",0,"D",0,"D",3000,"D",8609,0,8653.76,8586.26,0,0,8180.6,8180.6,85241.75,85241.75,0,0,0,0,0,0,0,0,0,0,85241.75,85241.75,0,0,8653.76,8586.26,8653.76,8586.26,0,0,0,0,0,0,0,0,0,0,0
"03492141",1,"2015","2014",0,0.153,0.153,"2",0.25,0.25,"0","T",0,0,1,"D",1,"D",43085,"D",0,"D",28200,"D",37404,"D",28406,"D",0,"D",0,"D",2440,"D",394,"D",0,"D",0,"D",22592,"D",16490,0,16589.53,16439.53,0,0,6592,6592,132834.1,132834.1,0,0,0,0,0,0,0,0,0,0,110242.1,110242.1,0,0,16589.53,16439.53,16589.53,16439.53,0,0,0,0,0,0,0,0,0,0,0
"03492151",1,"2015","2014",0,0.153,0.153,"2",0.1,0.1,"44","D",0,0,0,"D",0,"D",32955,"D",0,"D",-10490,"D",0,"D",0,"D",0,"D",0,"D",4500,"D",0,"D",0,"D",0,"D",1200,"D",197,0,216.5,186.5,0,0,5042.11,5042.11,22465,22465,0,0,0,0,0,0,0,0,0,0,22465,22465,0,0,216.5,186.5,216.5,186.5,0,0,0,0,0,0,0,0,0,0,0
"03492161",1,"2015","2014",0,0,0,"1",0.25,0.25,"23","D",0.0425,0.0425,0,"D",0,"D",0,"D",0,"D",13200,"D",36000,"D",0,"D",0,"D",16800,"D",0,"D",0,"D",0,"D",0,"D",0,"D",5552,721,5618.75,5518.75,721,721,0,0,49200,49200,49200.01,49200.01,0,0,0,0,0,0,0,0,49200,49200,0,0,5618.75,5518.75,5618.75,5518.75,0,0,0,0,1200,1200,0,0,0,0,0
"03492171",1,"2015","2014",0,0.153,0.153,"1",-0.0765,-0.0765,"14","D",-0.0077,-0.0077,0,"D",0,"D",908,"D",0,"D",-636,"D",0,"D",0,"D",0,"D",10200,"D",0,"D",45,"D",0,"D",0,"D",0,"D",-69,-7,-69.46,-69.46,-6.95,-6.95,138.92,138.92,272,272,272.01,272.01,0,0,0,0,0,0,69.46,69.46,272,272,0,0,0,0,0,0,0,0,0,0,0,0,0,0,6.95,6.95,0
"03492181",1,"2015","2014",0,0.153,0.153,"1",0.1,0.1,"47","D",0.05,0.05,0,"D",0,"D",17000,"D",0,"D",0,"D",0,"D",0,"D",0,"D",16800,"D",0,"D",0,"D",0,"D",0,"D",0,"D",675,524,685,670,523.5,523.5,2601,2601,17000,17000,17000.01,17000.01,0,0,0,0,0,0,0,0,17000,17000,0,0,685,670,685,670,3000,3000,0,0,0,0,0,0,0,0,0
"03492181",2,"2015","2014",0,0.153,0.153,"1",0.15,0.15,"47","D",0.0575,0.0575,0,"D",0,"D",36200,"D",0,"D",0,"D",0,"D",0,"D",0,"D",0,"D",0,"D",0,"D",0,"D",0,"D",0,"D",3434,1598,3453.75,3423.75,1598.03,1598.03,5538.6,5538.6,36200,36200,36200.01,36200.01,0,0,0,0,0,0,0,0,36200,36200,0,0,3453.75,3423.75,3453.75,3423.75,3000,3000,0,0,0,0,0,0,0,0,0
"03492191",1,"2015","2014",0,0,0,"1",0,0,"18","D",0,0,1,"D",1,"D",0,"D",0,"D",2160,"D",0,"D",13606,"D",0,"D",0,"D",1300,"D",102,"D",0,"D",0,"D",120,"D",0,0,0,0,0,0,0,0,2160,2160,2160.01,2160.01,0,0,0,0,0,0,0,0,2160,2160,0,0,0,0,0,0,2400,2440,1522,1522,0,0,0,0,0,0,0
"03492201",1,"2015","2014",0,0.153,0.153,"1",0.2339,0.2334,"33","D",0.0645,0.0665,0,"D",0,"D",90000,"D",0,"D",-4000,"D",0,"D",0,"D",0,"D",0,"D",2000,"D",150,"D",0,"D",0,"D",0,"D",14605,4706,14652.3,14581.05,4715.79,4700.8,13770,13770,86000,86000,86000.01,86000.01,0,0,0,0,0,0,0,0,86000,86000,0,0,14652.3,14581.05,14652.3,14581.05,7800,7900,2150,2150,0,0,0,0,0,0,0
"03492213",1,"2015","2014",0,0.153,0.153,"2",0.25,0.25,"44","D",0,0,0,"D",0,"D",35000,"D",61710,"D",0,"D",0,"D",0,"D",0,"D",18080,"D",0,"D",0,"D",0,"D",0,"D",0,"D",10682,0,10815,10615,0,0,14796.63,14796.63,96710,96710,0,0,0,0,0,0,0,0,0,0,96710,96710,0,0,10815,10615,10815,10615,0,0,0,0,0,0,0,0,0,0,0
"03492232",1,"2015","2014",0,0,0,"1",0,0,"0","T",0,0,1,"D",1,"D",0,"D",0,"D",1500,"D",0,"D",19642,"D",0,"D",7680,"D",0,"D",0,"D",0,"D",0,"D",3600,"D",0,0,0,0,0,0,0,0,1500,1500,0,0,0,0,0,0,0,0,0,0,1500,1500,0,0,0,0,0,0,0,0,0,0,0,0,0,0,0,0,0
"03492241",1,"2015","2014",0,0.153,0.153,"2",0.15,0.15,"10","D",0,0,0,"D",0,"D",4000,"D",45000,"D",0,"D",0,"D",0,"D",0,"D",0,"D",3500,"D",1000,"D",0,"D",0,"D",3820,"D",3358,0,3397.5,3337.5,0,0,7497,7497,49000,49000,0,0,0,0,0,0,0,0,0,0,49000,49000,0,0,3397.5,3337.5,3397.5,3337.5,0,0,0,0,0,0,0,0,0,0,0
"03492251",1,"2015","2014",0,0,0,"1",0,0,"36","D",0,0,1,"D",1,"D",0,"D",0,"D",0,"D",0,"D",16258,"D",0,"D",0,"D",1600,"D",0,"D",0,"D",0,"D",1664,"D",0,0,0,0,0,0,0,0,0,0,0.01,0.01,0,0,0,0,0,0,0,0,0,0,0,0,0,0,0,0,0,0,0,0,0,0,0,0,0,0,0
"03492251",2,"2015","2014",1,0,0,"3",-0.34,-0.34,"36","D",0,0,0,"D",0,"D",0,"D",0,"D",0,"D",0,"D",0,"D",0,"D",0,"D",0,"D",0,"D",0,"D",0,"D",0,"D",0,0,0,0,0,0,0,0,0,0,0.01,0.01,0,0,0,0,0,0,0,0,0,0,0,0,0,0,0,0,0,0,0,0,0,0,0,0,0,0,0
"03492271",1,"2015","2014",2,0,0,"3",-0.4,-0.4,"34","D",0,0,0,"D",0,"D",0,"D",0,"D",0,"D",0,"D",0,"D",0,"D",0,"D",1600,"D",0,"D",0,"D",0,"D",3000,"D",0,0,0,0,0,0,0,0,0,0,0.01,0.01,0,0,0,0,0,0,0,0,0,0,0,0,0,0,0,0,12000,12000,4600,4600,0,0,0,0,0,0,0
"03492284",1,"2015","2014",0,0.153,0.153,"1",0,0,"22","D",0,0,0,"D",0,"D",7000,"D",0,"D",0,"D",0,"D",0,"D",0,"D",0,"D",0,"D",0,"D",0,"D",0,"D",0,"D",-501,-75,-496,-503,-74.4,-75.45,1071,1071,7000,7000,7000.01,7000.01,0,0,0,0,0,0,496,503,7000,7000,0,0,0,0,0,0,0,0,0,0,0,0,0,0,74.4,75.45,0
"03492301",1,"2015","2014",1,0.153,0.153,"3",-0.34,-0.34,"47","D",0,0,0,"D",0,"D",1800,"D",0,"D",478,"D",0,"D",0,"D",0,"D",16800,"D",0,"D",270,"D",0,"D",1,"D",0,"D",-612,0,-612,-612,0,0,275.4,275.4,2278,2278,2278.01,2278.01,0,0,0,0,0,0,612,612,2278,2278,0,0,0,0,0,0,0,0,0,0,0,0,0,0,0,0,0
"03492321",1,"2015","2014",0,0.153,0.153,"2",0.25,0.25,"06","D",0.0463,0.0463,0,"D",0,"D",96000,"D",17810,"D",300,"D",0,"D",0,"D",0,"D",0,"D",500,"D",520,"D",0,"D",0,"D",2436,"D",15032,4306,15165,14965,4343.4,4287.51,17412.93,17412.93,114110,114110,0,0,0,0,0,0,0,0,0,0,114110,114110,0,0,15165,14965,15165,14965,0,0,0,0,0,0,0,0,0,0,0
"03492361",1,"2015","2014",0,0.153,0.153,"1",0.2384,0.2384,"06","D",0.0463,0.0463,0,"D",0,"D",60000,"D",0,"D",-5235,"D",0,"D",0,"D",0,"D",0,"D",1300,"D",550,"D",0,"D",0,"D",5652,"D",6137,1992,6183.15,6113.23,2005.39,1985.08,9180,9180,54765,54765,0,0,0,0,0,0,0,0,0,0,49113,49113,0,0,6183.15,6113.23,6183.15,6113.23,0,0,0,0,0,0,0,0,0,0,0
"03492371",1,"2015","2014",0,0.038,0.038,"1",0.35,0.35,"33","D",0.0685,0.0685,0,"D",0,"D",228786,"D",0,"D",0,"D",0,"D",0,"D",0,"D",26400,"D",0,"D",0,"D",0,"D",0,"D",0,"D",53153,15133,53430.1,53015.1,15137.54,15130.69,21401.87,21587.87,228786,228786,228786.01,228786.01,0,0,0,0,0,0,0,0,228786,228786,371.36,222.6,53058.74,52792.5,53058.74,52792.5,7800,7900,0,0,0,0,0,0,0,0,0
"03492391",1,"2015","2014",0,0.153,0.153,"2",0.25,0.25,"0","T",0,0,0,"D",0,"D",67000,"D",60000,"D",0,"D",0,"D",0,"D",0,"D",0,"D",3560,"D",53,"D",0,"D",0,"D",1764,"D",18254,0,18387.5,18187.5,0,0,19431,19431,127000,127000,0,0,0,0,0,0,0,0,0,0,127000,127000,0,0,18387.5,18187.5,18387.5,18187.5,0,0,0,0,0,0,0,0,0,0,0
"03492431",1,"2015","2014",2,0,0,"3",-0.4,-0.4,"18","D",0,0,0,"D",0,"D",0,"D",0,"D",348,"D",0,"D",0,"D",0,"D",0,"D",40,"D",34,"D",0,"D",0,"D",2516,"D",0,0,0,0,0,0,0,0,348,348,348.01,348.01,0,0,0,0,0,0,0,0,348,348,0,0,0,0,0,0,2400,2440,2590,2590,0,0,0,0,0,0,0
"03492441",1,"2015","2014",1,0.153,0.153,"3",0.15,0.15,"0","T",0,0,0,"D",0,"D",45001,"D",0,"D",0,"D",0,"D",0,"D",0,"D",0,"D",120,"D",0,"D",0,"D",0,"D",1952,"D",3521,0,3552.65,3505.15,0,0,6885.15,6885.15,45001,45001,0,0,0,0,0,0,0,0,0,0,45001,45001,0,0,3552.65,3505.15,3552.65,3505.15,0,0,0,0,0,0,0,0,0,0,0
"03492441",3,"2015","2014",0,0.153,0.153,"1",0.1,0.1,"0","T",0,0,0,"D",0,"D",18776,"D",0,"D",0,"D",0,"D",0,"D",0,"D",0,"D",0,"D",0,"D",0,"D",0,"D",0,"D",853,0,862.6,847.6,0,0,2872.73,2872.73,18776,18776,0,0,0,0,0,0,0,0,0,0,18776,18776,0,0,862.6,847.6,862.6,847.6,0,0,0,0,0,0,0,0,0,0,0
"03492471",1,"2015","2014",0,0.153,0.153,"2",0.1405,0.1405,"45","D",0.063,0.063,0,"D",0,"D",0,"D",50000,"D",150,"D",0,"D",0,"D",0,"D",0,"D",1910,"D",130,"D",0,"D",0,"D",10800,"D",3233,1673,3251.97,3223.48,1680.21,1670.13,7650,7650,50150,50150,50150.01,50150.01,0,0,0,0,0,0,0,0,39350,39350,0,0,3251.97,3223.48,3251.97,3223.48,0,0,0,0,0,0,0,0,0,0,0
"03492484",1,"2015","2014",1,0.153,0.153,"2",0.25,0.25,"0","T",0,0,0,"D",0,"D",55000,"D",64128,"D",14100,"D",0,"D",0,"D",0,"D",0,"D",900,"D",0,"D",0,"D",1,"D",0,"D",18815,0,18957,18744.5,0,0,18226.58,18226.58,133228,133228,0,0,0,0,0,0,0,0,0,0,133228,133228,0,0,18957,18744.5,18957,18744.5,0,0,0,0,0,0,0,0,0,0,0
"03492491",1,"2015","2014",3,0.153,0.153,"2",0.2106,0.2106,"23","D",0.0936,0.0936,0,"D",0,"D",0,"D",26000,"D",0,"D",0,"D",0,"D",0,"D",0,"D",1900,"D",225,"D",0,"D",3,"D",2320,"D",-8687,-762,-8565.96,-8747.09,-754.92,-765.79,3978,3978,26000,26000,26000.01,26000.01,0,0,3000,3000,0,0,5565.96,5747.09,26000,26000,0,0,0,0,0,0,0,0,0,0,593.98,593.98,0,0,333.96,344.83,0
"03492501",1,"2015","2014",0,0.153,0.153,"2",0.15,0.15,"02","D",0,0,0,"D",0,"D",28000,"D",28000,"D",1128,"D",0,"D",0,"D",0,"D",16200,"D",0,"D",0,"D",0,"D",0,"D",0,"D",4577,0,4616.7,4556.7,0,0,8568,8568,57128,57128,0,0,0,0,0,0,0,0,0,0,57128,57128,0,0,4616.7,4556.7,4616.7,4556.7,0,0,0,0,0,0,0,0,0,0,0
"03492511",1,"2015","2014",0,0,0,"1",0,0,"0","T",0,0,1,"D",1,"D",0,"D",0,"D",1000,"D",249,"D",15178,"D",0,"D",0,"D",1700,"D",428,"D",0,"D",0,"D",0,"D",0,0,0,0,0,0,0,0,1249,1249,0,0,0,0,0,0,0,0,0,0,1249,1249,0,0,0,0,0,0,0,0,0,0,0,0,0,0,0,0,0
"03492531",1,"2015","2014",0,0.153,0.153,"2",0.25,0.25,"0","T",0,0,0,"D",0,"D",43183,"D",55000,"D",6880,"D",0,"D",0,"D",0,"D",0,"D",800,"D",66,"D",0,"D",0,"D",1108,"D",12770,0,12903.25,12703.25,0,0,15022,15022,105063,105063,0,0,0,0,0,0,0,0,0,0,105063,105063,0,0,12903.25,12703.25,12903.25,12703.25,0,0,0,0,0,0,0,0,0,0,0
"03492541",1,"2015","2014",0,0.153,0.153,"2",0.25,0.25,"0","T",0,0,1,"D",1,"D",0,"D",80000,"D",0,"D",354,"D",26662,"D",0,"D",0,"D",100,"D",337,"D",0,"D",0,"D",0,"D",11950,0,12091.68,11879.18,0,0,12240,12240,103016.7,103016.7,0,0,0,0,0,0,0,0,0,0,103016.7,103016.7,0,0,12091.68,11879.18,12091.68,11879.18,0,0,0,0,0,0,0,0,0,0,0
"03492551",1,"2015","2014",0,0,0,"1",0,0,"10","D",0,0,1,"D",1,"D",0,"D",0,"D",3000,"D",0,"D",4018,"D",0,"D",0,"D",1800,"D",702,"D",0,"D",0,"D",71596,"D",0,0,0,0,0,0,0,0,3000,3000,0,0,0,0,0,0,0,0,0,0,3000,3000,0,0,0,0,0,0,0,0,0,0,0,0,0,0,0,0,0
"03492561",1,"2015","2014",0,0.153,0.153,"1",0.15,0.15,"23","D",0.0425,0.0425,0,"D",0,"D",34855,"D",0,"D",0,"D",0,"D",0,"D",0,"D",5760,"D",0,"D",0,"D",0,"D",0,"D",0,"D",3232,1311,3252,3222,1311.34,1311.34,5332.81,5332.81,34855,34855,34855.01,34855.01,0,0,0,0,0,0,0,0,34855,34855,0,0,3252,3222,3252,3222,0,0,0,0,0,0,0,0,0,0,0
"03492621",1,"2015","2014",1,0.153,0.153,"3",0.2598,0.2598,"22","D",0.0755,0.076,0,"D",0,"D",30000,"D",0,"D",-802,"D",0,"D",0,"D",0,"D",0,"D",3400,"D",0,"D",0,"D",1,"D",4828,"D",-1227,602,-1140.43,-1270.57,617.46,593.79,4590,4590,29198,29198,29198.01,29198.01,1000,1000,0,0,0,0,1360.23,1465.37,29198,29198,0,0,1219.8,1194.8,1219.8,1194.8,0,0,0,0,0,0,0,0,204.03,219.81,0
"03492621",2,"2015","2014",1,0.153,0.153,"2",0.15,0.15,"22","D",0.0515,0.052,0,"D",0,"D",43414,"D",44347,"D",0,"D",0,"D",0,"D",0,"D",0,"D",0,"D",0,"D",0,"D",1,"D",0,"D",7574,3635,7619.15,7551.65,3658.77,3623.59,13427.43,13427.43,87761,87761,87761.01,87761.01,1000,1000,0,0,0,0,0,0,87761,87761,0,0,8619.15,8551.65,8619.15,8551.65,0,0,0,0,0,0,0,0,0,0,0
"03492631",1,"2015","2014",0,0.153,0.153,"2",0.1491,0.1491,"44","D",0,0,2,"D",1,"D",30000,"D",70000,"D",-6500,"D",0,"D",0,"D",0,"D",0,"D",0,"D",1095,"D",0,"D",0,"D",23872,"D",8010,0,8030.13,8000.13,0,0,15300,15300,93500,93500,0,0,0,0,0,0,0,0,0,0,69628,69628,0,0,8030.13,8000.13,8030.13,8000.13,0,0,0,0,0,0,0,0,0,0,0
"03492641",1,"2015","2014",0,0.153,0.153,"1",0.1,0.1,"0","T",0,0,0,"D",0,"D",16000,"D",0,"D",0,"D",3000,"D",11314,"D",0,"D",0,"D",80,"D",0,"D",0,"D",0,"D",0,"D",875,0,885,870,0,0,2448,2448,19000,19000,0,0,0,0,0,0,0,0,0,0,19000,19000,0,0,885,870,885,870,0,0,0,0,0,0,0,0,0,0,0
"03492651",1,"2015","2014",0,0,0,"1",0,0,"10","D",0,0,1,"D",1,"D",0,"D",0,"D",0,"D",2269,"D",14794,"D",0,"D",0,"D",5000,"D",0,"D",0,"D",0,"D",0,"D",0,0,0,0,0,0,0,0,2269,2269,0,0,0,0,0,0,0,0,0,0,2269,2269,0,0,0,0,0,0,0,0,0,0,0,0,0,0,0,0,0
"03492662",1,"2015","2014",0,0.153,0.153,"1",0.25,0.25,"29","D",0,0,0,"D",0,"D",80000,"D",0,"D",0,"D",0,"D",0,"D",0,"D",5200,"D",0,"D",0,"D",0,"D",0,"D",0,"D",13252,0,13318.75,13218.75,0,0,12240,12240,80000,80000,0,0,0,0,0,0,0,0,0,0,80000,80000,0,0,13318.75,13218.75,13318.75,13218.75,0,0,0,0,0,0,0,0,0,0,0
"03492681",1,"2015","2014",1,0.153,0.153,"3",0,0,"0","T",0,0,0,"D",0,"D",15934,"D",0,"D",0,"D",0,"D",0,"D",0,"D",4800,"D",0,"D",145,"D",0,"D",1,"D",0,"D",-4341,0,-4305,-4359,0,0,2437.9,2437.9,15934,15934,0,0,0,0,1000,1000,0,0,3305,3359,15934,15934,0,0,0,0,0,0,0,0,0,0,0,0,0,0,0,0,0
"03492691",1,"2015","2014",0,0.153,0.153,"2",0.1,0.1,"0","T",0,0,0,"D",0,"D",0,"D",21181,"D",0,"D",0,"D",0,"D",0,"D",4056,"D",0,"D",91,"D",0,"D",0,"D",0,"D",68,0,88.1,58.1,0,0,3240.69,3240.69,21181,21181,0,0,0,0,0,0,0,0,0,0,21181,21181,0,0,88.1,58.1,88.1,58.1,0,0,0,0,0,0,0,0,0,0,0
"03492711",1,"2015","2014",0,0.153,0.153,"1",0.1,0.1,"45","D",0.063,0.063,0,"D",0,"D",19000,"D",0,"D",100,"D",0,"D",0,"D",0,"D",11520,"D",0,"D",840,"D",0,"D",0,"D",1520,"D",885,470,895,880,476.88,465.84,2907,2907,19100,19100,19100.01,19100.01,0,0,0,0,0,0,0,0,19100,19100,0,0,895,880,895,880,0,0,0,0,0,0,0,0,0,0,0
"03492711",2,"2015","2014",0,0.153,0.153,"1",0.15,0.15,"45","D",0.063,0.063,0,"D",0,"D",40000,"D",0,"D",-1333,"D",0,"D",0,"D",0,"D",0,"D",0,"D",0,"D",0,"D",0,"D",0,"D",3804,1702,3823.8,3793.8,1709.6,1698.56,6120,6120,38667,38667,38667.01,38667.01,0,0,0,0,0,0,0,0,38667,38667,0,0,3823.8,3793.8,3823.8,3793.8,0,0,0,0,0,0,0,0,0,0,0
"03492731",1,"2015","2014",1,0,0,"3",-0.34,-0.34,"10","D",0,0,1,"D",1,"D",0,"D",0,"D",0,"D",0,"D",11540,"D",0,"D",0,"D",4600,"D",0,"D",0,"D",0,"D",1200,"D",0,0,0,0,0,0,0,0,0,0,0,0,0,0,0,0,0,0,0,0,0,0,0,0,0,0,0,0,0,0,0,0,0,0,0,0,0,0,0
"03492741",1,"2015","2014",0,0,0,"1",0,-0.0765,"23","D",0.0525,0.0339,1,"D",0,"D",0,"D",0,"D",0,"D",0,"D",7464,"D",0,"D",3744,"D",0,"D",15,"D",0,"D",0,"D",0,"D",0,-517,0,0,-386.88,-581.89,0,0,0,0,0.01,0.01,0,0,0,0,0,0,0,0,0,0,0,0,0,0,0,0,0,0,0,0,292.51,487.52,0,0,0,0,0
"03492751",1,"2015","2014",0,0.038,0.038,"2",0.325,0.325,"23","D",0.0425,0.0425,0,"D",0,"D",120000,"D",150000,"D",-5415,"D",0,"D",0,"D",0,"D",0,"D",12000,"D",0,"D",0,"D",0,"D",29444,"D",44573,10905,44902.33,44408.33,10904.86,10904.86,37026,37398,264585,264585,264585.01,264585.01,0,0,0,0,0,0,0,0,235141,235141,441.21,170.71,44461.12,44237.62,44461.12,44237.62,0,0,0,0,0,0,0,0,0,0,0
"03492771",1,"2015","2014",0,0.153,0.153,"1",0.1454,0.2423,"39","D",0.0307,0.0307,0,"D",0,"D",49444,"D",0,"D",14,"D",0,"D",0,"D",0,"D",0,"D",6000,"D",8,"D",0,"D",0,"D",756,"D",5131,1518,5162.66,5115.1,1518.36,1518.36,7564.93,7564.93,49458,49458,49458.01,49458.01,0,0,0,0,0,0,0,0,48702,48702,0,0,5162.66,5115.1,5162.66,5115.1,0,0,0,0,0,0,0,0,0,0,0
"03492781",1,"2015","2014",0,0,0,"1",0,-0.0765,"22","D",0,-0.0115,1,"D",0,"D",0,"D",0,"D",3,"D",0,"D",18478,"D",0,"D",0,"D",1600,"D",21,"D",0,"D",0,"D",120,"D",0,0,0,0,0,0,0,0,3,3,3.01,3.01,0,0,0,0,0,0,0,0,3,3,0,0,0,0,0,0,0,0,0,0,0,0,0,0,0,0,0
"03492792",1,"2015","2014",0,0.153,0.153,"1",0.15,0.15,"44","D",0,0,0,"D",0,"D",26000,"D",0,"D",0,"D",0,"D",0,"D",0,"D",7144,"D",0,"D",0,"D",0,"D",0,"D",0,"D",1904,0,1923.75,1893.75,0,0,3978,3978,26000,26000,0,0,0,0,0,0,0,0,0,0,26000,26000,0,0,1923.75,1893.75,1923.75,1893.75,0,0,0,0,0,0,0,0,0,0,0
"03492841",1,"2015","2014",0,0,0,"1",0,0,"50","D",0.0703,0.0703,1,"D",1,"D",0,"D",0,"D",262,"D",0,"D",18262,"D",0,"D",0,"D",2400,"D",350,"D",0,"D",0,"D",3820,"D",0,-438,0,0,-438.47,-438.47,0,0,262,262,262.01,262.01,0,0,0,0,0,0,0,0,262,262,0,0,0,0,0,0,10080,10249.92,3820,3820,438.47,438.47,0,0,0,0,0
"03492861",1,"2015","2014",0,0.153,0.153,"2",0.25,0.25,"0","T",0,0,0,"D",0,"D",115000,"D",0,"D",-9360,"D",0,"D",0,"D",0,"D",0,"D",5000,"D",0,"D",0,"D",0,"D",11160,"D",12008,0,12107.5,11957.5,0,0,17595,17595,105640,105640,0,0,0,0,0,0,0,0,0,0,94480,94480,0,0,12107.5,11957.5,12107.5,11957.5,0,0,0,0,0,0,0,0,0,0,0
"03492871",1,"2015","2014",1,0.153,0.153,"2",0.25,0.25,"43","D",0,0,0,"D",0,"D",93000,"D",28000,"D",-14786,"D",0,"D",0,"D",0,"D",0,"D",1200,"D",750,"D",0,"D",1,"D",0,"D",11062,0,11203.5,10991,0,0,18513,18513,106214,106214,0,0,1000,1000,0,0,0,0,0,0,106214,106214,0,0,12203.5,11991,12203.5,11991,0,0,0,0,0,0,0,0,0,0,0
"03492871",2,"2015","2014",0,0.153,0.153,"1",0.15,0.15,"43","D",0,0,0,"D",0,"D",22918,"D",0,"D",0,"D",0,"D",0,"D",0,"D",0,"D",0,"D",0,"D",0,"D",0,"D",0,"D",1441,0,1461.45,1431.45,0,0,3506.45,3506.45,22918,22918,0,0,0,0,0,0,0,0,0,0,22918,22918,0,0,1461.45,1431.45,1461.45,1431.45,0,0,0,0,0,0,0,0,0,0,0
"03492881",1,"2015","2014",1,0,0,"3",-0.34,-0.34,"15","D",0,0,1,"D",1,"D",0,"D",0,"D",0,"D",0,"D",13702,"D",0,"D",6000,"D",0,"D",4,"D",0,"D",0,"D",0,"D",0,-100,0,0,-100,-100,0,0,0,0,0.01,0.01,0,0,0,0,0,0,0,0,0,0,0,0,0,0,0,0,0,0,0,0,0,0,0,0,0,0,0
"03492901",1,"2015","2014",0,0.153,0.153,"2",0.2295,0.2295,"38","D",0.0826,0.0826,1,"D",1,"D",62000,"D",25000,"D",0,"D",0,"D",21382,"D",0,"D",0,"D",3000,"D",6285,"D",0,"D",0,"D",6000,"D",10967,4612,11063.59,10918.82,4626.17,4605.05,13311,13311,105174.7,105174.7,87000.01,87000.01,0,0,0,0,0,0,0,0,99174.7,99174.7,0,0,11063.59,10918.82,11063.59,10918.82,5231.2,5289.91,19870.35,19849.42,0,0,0,0,0,0,0
"03492911",1,"2015","2014",2,0.153,0.153,"2",0.2106,0.2106,"05","D",0,0,0,"D",0,"D",0,"D",27000,"D",0,"D",0,"D",0,"D",0,"D",24000,"D",0,"D",0,"D",0,"D",2,"D",0,"D",-6786,0,-6672.36,-6842.49,0,0,4131,4131,27000,27000,27000.01,27000.01,0,0,2000,2000,0,0,4672.36,4842.49,27000,27000,0,0,0,0,0,0,7984,8088,0,0,0,0,0,0,0,0,0
"03492921",1,"2015","2014",0,0.153,0.153,"1",0.1765,0.1765,"44","D",0,0,0,"D",0,"D",13500,"D",0,"D",0,"D",0,"D",0,"D",0,"D",0,"D",1400,"D",0,"D",0,"D",0,"D",1312,"D",230,0,251.34,218.63,0,0,2065.5,2065.5,13500,13500,0,0,0,0,0,0,0,0,83.66,101.37,13500,13500,0,0,335,320,335,320,0,0,0,0,0,0,0,0,0,0,0
"03492921",2,"2015","2014",0,0.153,0.153,"1",0.15,0.15,"44","D",0,0,0,"D",0,"D",24000,"D",0,"D",0,"D",0,"D",0,"D",0,"D",0,"D",0,"D",0,"D",0,"D",0,"D",0,"D",1604,0,1623.75,1593.75,0,0,3672,3672,24000,24000,0,0,0,0,0,0,0,0,0,0,24000,24000,0,0,1623.75,1593.75,1623.75,1593.75,0,0,0,0,0,0,0,0,0,0,0
"03492931",1,"2015","2014",3,0.153,0.153,"3",0.1,0.1,"48","D",0,0,0,"D",0,"D",30486,"D",0,"D",6000,"D",0,"D",0,"D",0,"D",16200,"D",0,"D",0,"D",0,"D",1,"D",0,"D",135,0,158.6,123.6,0,0,4664.36,4664.36,36486,36486,0,0,1000,1000,0,0,0,0,0,0,36486,36486,0,0,1158.6,1123.6,1158.6,1123.6,0,0,0,0,0,0,0,0,0,0,0
"03492941",1,"2015","2014",2,0,0,"3",-0.4,-0.4,"10","D",0,0,0,"D",0,"D",0,"D",0,"D",0,"D",4692,"D",0,"D",0,"D",0,"D",1200,"D",0,"D",0,"D",0,"D",3076,"D",0,0,0,0,0,0,0,0,4692,4692,0,0,0,0,0,0,0,0,0,0,4692,4692,0,0,0,0,0,0,0,0,0,0,0,0,0,0,0,0,0
"03492971",1,"2015","2014",0,0.153,0.153,"1",0.15,0.15,"17","D",0.046,0.048,0,"D",0,"D",44000,"D",0,"D",0,"D",0,"D",0,"D",0,"D",5700,"D",0,"D",254,"D",0,"D",0,"D",0,"D",4604,1513,4623.75,4593.75,1545,1497.5,6732,6732,44000,44000,44000.01,44000.01,0,0,0,0,0,0,0,0,44000,44000,0,0,4623.75,4593.75,4623.75,4593.75,3000,3000,0,0,0,0,0,0,0,0,0
"03492982",1,"2015","2014",0,0,0,"1",0.25,0.25,"41","D",0.07,0.07,0,"D",0,"D",0,"D",0,"D",56747,"D",0,"D",0,"D",0,"D",1200,"D",0,"D",0,"D",0,"D",0,"D",0,"D",7439,2765,7505.5,7405.5,2772.19,2761.69,0,0,56747,56747,46597.01,46447.01,0,0,0,0,0,0,0,0,56747,56747,0,0,7505.5,7405.5,7505.5,7405.5,0,0,0,0,0,0,0,0,0,0,0
"03492991",1,"2015","2014",0,0,0,"1",0,0,"0","T",0,0,1,"D",1,"D",0,"D",0,"D",0,"D",6200,"D",5902,"D",0,"D",0,"D",2400,"D",0,"D",0,"D",0,"D",9132,"D",0,0,0,0,0,0,0,0,6200,6200,0,0,0,0,0,0,0,0,0,0,6200,6200,0,0,0,0,0,0,0,0,0,0,0,0,0,0,0,0,0
"03493002",1,"2015","2014",0,0.153,0.153,"1",0.25,0.25,"33","D",0.0645,0.0645,0,"D",0,"D",58000,"D",0,"D",-140,"D",0,"D",0,"D",0,"D",0,"D",1800,"D",0,"D",0,"D",0,"D",1224,"D",7717,2891,7783.75,7683.75,2899.98,2885.77,8874,8874,57860,57860,57860.01,57860.01,0,0,0,0,0,0,0,0,57860,57860,0,0,7783.75,7683.75,7783.75,7683.75,7800,7900,0,0,0,0,0,0,0,0,0
"03493021",1,"2015","2014",2,0.153,0.153,"2",0.2487,0.2487,"10","D",0,0,0,"D",0,"D",84000,"D",84000,"D",-7560,"D",3120,"D",0,"D",0,"D",0,"D",4200,"D",610,"D",0,"D",2,"D",18488,"D",22338,0,22454.88,22279.88,0,0,25704,25704,163560,163560,0,0,0,0,0,0,0,0,0,0,145072,145072,0,0,22454.88,22279.88,22454.88,22279.88,0,0,0,0,0,0,0,0,0,0,0
"03493031",1,"2015","2014",2,0.029,0.029,"3",0.2487,0.2487,"10","D",0,0,0,"D",0,"D",150000,"D",0,"D",13700,"D",0,"D",0,"D",0,"D",0,"D",6500,"D",0,"D",0,"D",2,"D",22284,"D",24762,0,24847.37,24719.87,0,0,18858,19044,163700,163700,0,0,0,0,0,0,0,0,0,0,141416,141416,0,0,24847.37,24719.87,24847.37,24719.87,0,0,0,0,0,0,0,0,0,0,0
"03493041",1,"2015","2014",2,0.153,0.153,"2",0.15,0.15,"43","D",0,0,0,"D",0,"D",70400,"D",2400,"D",-4012,"D",0,"D",0,"D",0,"D",0,"D",2100,"D",220,"D",0,"D",2,"D",6364,"D",3131,0,3180.7,3105.7,0,0,11138.4,11138.4,68788,68788,0,0,2000,2000,0,0,0,0,0,0,68788,68788,0,0,5180.7,5105.7,5180.7,5105.7,0,0,0,0,0,0,0,0,0,0,0
"03493051",1,"2015","2014",0,0,0,"1",0,0,"0","T",0,0,1,"D",1,"D",0,"D",0,"D",0,"D",0,"D",18146,"D",0,"D",0,"D",100,"D",10,"D",0,"D",0,"D",0,"D",0,0,0,0,0,0,0,0,0,0,0,0,0,0,0,0,0,0,0,0,0,0,0,0,0,0,0,0,0,0,0,0,0,0,0,0,0,0,0
"03493061",1,"2015","2014",1,0.0448,0.0448,"2",0.254,0.254,"05","D",0.093,0.093,0,"D",0,"D",130000,"D",19000,"D",40500,"D",0,"D",0,"D",0,"D",0,"D",9000,"D",340,"D",0,"D",1,"D",600,"D",30934,11121,31078.85,30861.15,11167.66,11096.95,21185,21371,189500,189500,189500.01,189500.01,0,0,0,0,0,0,0,0,188900,188900,0,0,31078.85,30861.15,31078.85,30861.15,7984,8088,9940,9940,0,0,0,0,0,0,0
"03493091",1,"2015","2014",0,0,0,"1",0.1492,0.1492,"26","D",0.0194,0.0194,0,"D",0,"D",0,"D",0,"D",41074,"D",0,"D",14573,"D",0,"D",0,"D",3000,"D",0,"D",0,"D",0,"D",31728,"D",1711,48,1721.26,1706.26,48.12,48.49,0,0,53461.05,53461.05,53461.06,53461.06,0,0,0,0,0,0,0,0,21733.05,21733.05,0,0,1721.26,1706.26,1721.26,1706.26,0,0,34728,34728,0,0,0,0,0,0,0
"03493131",1,"2015","2014",0,0.153,0.153,"1",0.25,0.25,"14","D",0.0375,0.05,0,"D",0,"D",52000,"D",0,"D",0,"D",0,"D",0,"D",0,"D",10620,"D",0,"D",30,"D",0,"D",0,"D",720,"D",6252,2078,6318.75,6218.75,2493.75,1869.38,7956,7956,52000,52000,52000.01,52000.01,0,0,0,0,0,0,0,0,52000,52000,0,0,6318.75,6218.75,6318.75,6218.75,0,0,0,0,0,0,0,0,0,0,0
"03493141",1,"2015","2014",0,0.153,0.153,"2",0.25,0.25,"33","D",0.0645,0.0645,0,"D",0,"D",50000,"D",50000,"D",-3600,"D",0,"D",0,"D",0,"D",0,"D",3800,"D",110,"D",0,"D",0,"D",0,"D",10604,4532,10737.5,10537.5,4550.6,4522.17,15300,15300,96400,96400,96400.01,96400.01,0,0,0,0,0,0,0,0,96400,96400,0,0,10737.5,10537.5,10737.5,10537.5,15650,15850,0,0,0,0,0,0,0,0,0
"03493171",1,"2015","2014",0,0.153,0.153,"1",0.2339,0.2339,"33","D",0.0645,0.0645,0,"D",0,"D",75000,"D",0,"D",0,"D",0,"D",0,"D",0,"D",0,"D",2500,"D",2134,"D",0,"D",0,"D",200,"D",11361,3996,11408.87,11337.43,4005.51,3991.3,11475,11475,75000,75000,75000.01,75000.01,0,0,0,0,0,0,0,0,74800,74800,0,0,11408.87,11337.43,11408.87,11337.43,7800,7900,4834,4834,0,0,0,0,0,0,0
"03493171",2,"2015","2014",1,0,0,"3",-0.34,-0.34,"33","D",-0.102,-0.102,0,"D",0,"D",0,"D",0,"D",0,"D",0,"D",0,"D",0,"D",0,"D",0,"D",0,"D",0,"D",0,"D",0,"D",0,-100,0,0,-100,-100,0,0,0,0,0.01,0.01,0,0,0,0,0,0,0,0,0,0,0,0,0,0,0,0,10950,11100,0,0,0,0,0,0,0,0,0
"03493181",1,"2015","2014",1,0.153,0.153,"2",0.15,0.15,"01","D",0.0387,0.0387,0,"D",0,"D",51000,"D",4800,"D",0,"D",0,"D",0,"D",0,"D",6600,"D",0,"D",408,"D",0,"D",1,"D",0,"D",2780,2162,2825,2757.5,2159.92,2163.29,8537.4,8537.4,55800,55800,55800.01,55800.01,1000,1000,0,0,0,0,0,0,55800,55800,0,0,3825,3757.5,3825,3757.5,4000,4000,4676.7,4676.7,0,0,0,0,0,0,0
"03493191",1,"2015","2014",1,0,0,"3",-0.34,-0.34,"26","D",0.0212,0.0212,1,"D",1,"D",0,"D",0,"D",700,"D",0,"D",24262,"D",0,"D",0,"D",5000,"D",1598,"D",0,"D",0,"D",380,"D",0,-584,0,0,-584.41,-584.41,0,0,700,700,700.01,700.01,0,0,0,0,0,0,0,0,700,700,0,0,0,0,0,0,10650,10800,0,0,584.41,584.41,0,0,0,0,0
"03493201",1,"2015","2014",0,0.153,0.153,"2",0.2415,0.2415,"01","D",0.0341,0.0341,0,"D",0,"D",65000,"D",55000,"D",-12000,"D",0,"D",0,"D",0,"D",0,"D",1100,"D",0,"D",0,"D",0,"D",10492,"D",12868,3488,12968.9,12817,3482.96,3490.55,18360,18360,108000,108000,108000.01,108000.01,0,0,0,0,0,0,0,0,97508,97508,0,0,12968.9,12817,12968.9,12817,4000,4000,20772,20772,0,0,0,0,0,0,0
"03493211",1,"2015","2014",0,0,0,"1",0.15,0.15,"17","D",0,0,0,"D",0,"D",0,"D",0,"D",25400,"D",0,"D",0,"D",0,"D",7200,"D",0,"D",0,"D",0,"D",0,"D",0,"D",1814,-600,1833.75,1803.75,-600,-600,0,0,25400,25400,0.01,0.01,0,0,0,0,0,0,0,0,25400,25400,0,0,1833.75,1803.75,1833.75,1803.75,3000,3000,0,0,600,600,0,0,0,0,0
"03493211",3,"2015","2014",0,0.153,0.153,"1",0.25,0.25,"17","D",0.046,0.048,0,"D",0,"D",57644,"D",0,"D",0,"D",0,"D",0,"D",0,"D",0,"D",0,"D",0,"D",0,"D",0,"D",0,"D",7663,2150,7729.75,7629.75,2199.91,2125.12,8819.53,8819.53,57644,57644,57644.01,57644.01,0,0,0,0,0,0,0,0,57644,57644,0,0,7729.75,7629.75,7729.75,7629.75,3000,3000,0,0,0,0,0,0,0,0,0
"03493221",1,"2015","2014",4,0.153,0.153,"2",0.15,0.15,"0","T",0,0,0,"D",0,"D",24000,"D",60000,"D",-4000,"D",0,"D",0,"D",0,"D",0,"D",0,"D",85,"D",0,"D",4,"D",0,"D",1618,0,1677.5,1587.5,0,0,12852,12852,80000,80000,0,0,4000,4000,0,0,0,0,0,0,80000,80000,0,0,5677.5,5587.5,5677.5,5587.5,0,0,0,0,0,0,0,0,0,0,0
"03493231",1,"2015","2014",0,0.153,0.153,"2",0.15,0.15,"25","D",0.05,0.05,0,"D",0,"D",1600,"D",80000,"D",-7500,"D",0,"D",0,"D",0,"D",0,"D",1830,"D",829,"D",0,"D",0,"D",1440,"D",7123,2725,7162.5,7102.5,2725,2725,12484.8,12484.8,74100,74100,74100.01,74100.01,0,0,0,0,0,0,0,0,74100,74100,0,0,7162.5,7102.5,7162.5,7102.5,4600,4600,4099,4099,0,0,0,0,0,0,0
"03493231",2,"2015","2014",1,0,0,"3",-0.34,-0.34,"25","D",0,0,0,"D",0,"D",0,"D",0,"D",0,"D",0,"D",0,"D",0,"D",0,"D",0,"D",0,"D",0,"D",0,"D",0,"D",0,0,0,0,0,0,0,0,0,0,0.01,0.01,0,0,0,0,0,0,0,0,0,0,0,0,0,0,0,0,3400,3400,0,0,0,0,0,0,0,0,0
"03493251",1,"2015","2014",1,0.153,0.153,"2",0.15,0.15,"37","D",0.0525,0.0525,0,"D",0,"D",58000,"D",27400,"D",0,"D",0,"D",0,"D",0,"D",12000,"D",0,"D",423,"D",0,"D",1,"D",0,"D",7220,3226,7265,7197.5,3232.5,3222,13066.2,13066.2,85400,85400,85400.01,85400.01,1000,1000,0,0,0,0,0,0,85400,85400,0,0,8265,8197.5,8265,8197.5,12400,12600,0,0,0,0,50,50,0,0,0
"03493271",1,"2015","2014",1,0.153,0.153,"2",0.1391,0.1391,"50","D",0.0725,0.0725,0,"D",0,"D",78405,"D",7339,"D",250,"D",0,"D",0,"D",0,"D",0,"D",4400,"D",1579,"D",0,"D",0,"D",3588,"D",8154,3998,8176.38,8143.41,4017.82,3987.61,13118.83,13118.83,85994,85994,85994.01,85994.01,0,0,0,0,0,0,0,0,82406,82406,0,0,8176.38,8143.41,8176.38,8143.41,5255.91,5631.17,3588,3588,0,0,0,0,0,0,0
"03493281",1,"2015","2014",2,0.153,0.153,"2",0.2805,0.2806,"33","D",0.078,0.0777,0,"D",0,"D",43000,"D",87000,"D",-478,"D",0,"D",0,"D",0,"D",7020,"D",3000,"D",19,"D",0,"D",2,"D",6864,"D",14875,6628,14924.1,14849.95,6897.01,6493.59,19890,19890,129522,129522,129522.01,129522.01,1023.9,1023.9,0,0,0,0,0,0,122658,122658,0,0,15948,15873.85,15948,15873.85,15650,15850,9883,9883,0,0,0,0,0,0,0
"03493322",1,"2015","2014",0,0.153,0.153,"1",0.25,0.25,"50","D",0.0702,0.0702,0,"D",0,"D",74000,"D",0,"D",-5500,"D",0,"D",0,"D",0,"D",19200,"D",0,"D",0,"D",0,"D",0,"D",0,"D",10377,3418,10443.75,10343.75,3429.27,3411.74,11322,11322,68500,68500,68500.01,68500.01,0,0,0,0,0,0,0,0,68500,68500,0,0,10443.75,10343.75,10443.75,10343.75,3624,3823.65,0,0,0,0,0,0,0,0,0
"03493322",2,"2015","2014",0,0.153,0.153,"1",0,0,"50","D",0,0,0,"D",0,"D",7000,"D",0,"D",0,"D",0,"D",0,"D",0,"D",0,"D",0,"D",0,"D",0,"D",0,"D",0,"D",-501,0,-496,-503,0,0,1071,1071,7000,7000,7000.01,7000.01,0,0,0,0,0,0,496,503,7000,7000,0,0,0,0,0,0,10080,10249.92,0,0,0,0,0,0,0,0,0
"03493341",1,"2015","2014",2,0.153,0.153,"2",0,0,"14","D",0.0375,0.05,0,"D",0,"D",23000,"D",0,"D",0,"D",0,"D",0,"D",0,"D",16200,"D",0,"D",39,"D",0,"D",2,"D",0,"D",-7519,50,-7460,-7548,179,-14.8,3519,3519,23000,23000,23000.01,23000.01,0,0,2000,2000,0,0,5460,5548,23000,23000,0,0,0,0,0,0,0,0,0,0,0,0,0,0,546,554.8,0
"03493351",1,"2015","2014",2,0,0,"3",-0.4,-0.4,"45","D",0,0,0,"D",0,"D",0,"D",0,"D",0,"D",1043,"D",0,"D",0,"D",0,"D",1500,"D",4536,"D",0,"D",0,"D",8818,"D",0,0,0,0,0,0,0,0,1043,1043,1043.01,1043.01,0,0,0,0,0,0,0,0,1043,1043,0,0,0,0,0,0,0,0,0,0,0,0,0,0,0,0,0
"03493363",1,"2015","2014",0,0.153,0.153,"1",0.25,0.25,"10","D",0,0,0,"D",0,"D",48800,"D",0,"D",0,"D",0,"D",0,"D",0,"D",10504,"D",0,"D",0,"D",0,"D",0,"D",0,"D",5452,0,5518.75,5418.75,0,0,7466.4,7466.4,48800,48800,0,0,0,0,0,0,0,0,0,0,48800,48800,0,0,5518.75,5418.75,5518.75,5418.75,0,0,0,0,0,0,0,0,0,0,0
"03493371",1,"2015","2014",0,0.153,0.153,"2",0.1429,0.1429,"21","D",0.0475,0.0475,0,"D",0,"D",48000,"D",8000,"D",7740,"D",4380,"D",0,"D",0,"D",0,"D",3100,"D",270,"D",0,"D",0,"D",9064,"D",5906,2232,5925.66,5895.66,2231.59,2231.59,8568,8568,68120,68120,66920.01,66920.01,0,0,0,0,0,0,0,0,59056,59056,0,0,5925.66,5895.66,5925.66,5895.66,4000,4000,12434,12434,0,0,0,0,0,0,0
"03493381",1,"2015","2014",3,0.153,0.153,"3",0.3106,0.3106,"10","D",0,0,0,"D",0,"D",37440,"D",0,"D",0,"D",0,"D",0,"D",0,"D",11400,"D",0,"D",0,"D",0,"D",2,"D",0,"D",-2893,0,-2759.13,-2960.53,0,0,5728.32,5728.32,37440,37440,0,0,1254,1219,746,781,0,0,2013.13,2179.53,37440,37440,0,0,1254,1219,1254,1219,0,0,0,0,0,0,0,0,0,0,0
"03493391",1,"2015","2014",0,0.153,0.153,"2",0.2362,0.2362,"31","D",0.0553,0.0553,0,"D",0,"D",45222,"D",55971,"D",0,"D",0,"D",0,"D",0,"D",0,"D",4300,"D",84,"D",0,"D",0,"D",10712,"D",10545,2468,10644.79,10494.79,2467.84,2467.84,15482.53,15482.53,101193,101193,101193.01,101193.01,0,0,0,0,0,0,0,0,90481,90481,0,0,10644.79,10494.79,10644.79,10494.79,0,0,0,0,0,0,0,0,0,0,0
"03493411",1,"2015","2014",0,0.153,0.153,"1",0.25,0.25,"38","D",0.0826,0.09,1,"D",0,"D",21000,"D",0,"D",24286,"D",0,"D",21000,"D",0,"D",0,"D",3100,"D",67,"D",0,"D",0,"D",0,"D",8778,2635,9102.75,8615.25,2797.21,2553.3,3213,3213,63136,63136,45286.01,45286.01,0,0,0,0,0,0,0,0,63136,63136,0,0,9102.75,8615.25,9102.75,8615.25,2115.6,3344.96,3167,5699.34,0,0,0,0,0,0,0
"03493411",2,"2015","2014",0,0.153,0.153,"1",0.15,0.15,"38","D",0.0765,0.0765,0,"D",0,"D",25000,"D",0,"D",0,"D",0,"D",0,"D",0,"D",0,"D",0,"D",0,"D",0,"D",0,"D",0,"D",1754,1473,1773.75,1743.75,1477.96,1471.02,3825,3825,25000,25000,25000.01,25000.01,0,0,0,0,0,0,0,0,25000,25000,0,0,1773.75,1743.75,1773.75,1743.75,2115.6,2144.96,0,0,0,0,0,0,0,0,0
"03493431",1,"2015","2014",0,0,0,"1",0.25,0.25,"0","T",0,0,1,"D",1,"D",0,"D",0,"D",-1900,"D",44508,"D",12370,"D",0,"D",15000,"D",0,"D",0,"D",0,"D",0,"D",4320,"D",6145,0,6211.88,6111.88,0,0,0,0,53122.5,53122.5,0,0,0,0,0,0,0,0,0,0,53122.5,53122.5,0,0,6211.88,6111.88,6211.88,6111.88,0,0,0,0,0,0,0,0,0,0,0
"03493441",1,"2015","2014",0,0.038,0.038,"2",0.3881,0.3868,"36","D",0.05,0.0533,0,"D",0,"D",320892,"D",313672,"D",-5900,"D",0,"D",0,"D",0,"D",0,"D",13800,"D",1616,"D",0,"D",0,"D",0,"D",181437,28813,181521.99,181394.66,30105.19,28167.59,50879.43,51251.43,628664,628664,628664.01,628664.01,0,0,0,0,0,0,0,0,628664,628664,0,0,181521.99,181394.66,181521.99,181394.66,0,0,0,0,0,0,0,0,0,0,0
"03493461",1,"2015","2014",0,0.153,0.153,"2",0.1,0.1,"39","D",0.0307,0.0307,0,"D",0,"D",0,"D",43000,"D",-7818,"D",0,"D",0,"D",0,"D",0,"D",5000,"D",0,"D",0,"D",0,"D",4832,"D",1468,1080,1488.2,1458.2,1080.09,1080.09,6579,6579,35182,35182,35182.01,35182.01,0,0,0,0,0,0,0,0,35182,35182,0,0,1488.2,1458.2,1488.2,1458.2,0,0,0,0,0,0,0,0,0,0,0
"03493491",1,"2015","2014",0,0.153,0.153,"1",-0.0765,-0.0765,"50","D",0,0,0,"D",0,"D",1025,"D",0,"D",0,"D",0,"D",0,"D",0,"D",0,"D",0,"D",0,"D",0,"D",0,"D",0,"D",-78,0,-78.41,-78.41,0,0,156.82,156.82,1025,1025,1025.01,1025.01,0,0,0,0,0,0,78.41,78.41,1025,1025,0,0,0,0,0,0,10080,10249.92,0,0,0,0,0,0,0,0,0
"03493511",1,"2015","2014",0,0.153,0.153,"1",-0.0765,-0.0765,"01","D",0,0,0,"D",0,"D",500,"D",0,"D",0,"D",0,"D",0,"D",0,"D",3900,"D",0,"D",0,"D",0,"D",0,"D",0,"D",-38,0,-38.25,-38.25,0,0,76.5,76.5,500,500,500.01,500.01,0,0,0,0,0,0,38.25,38.25,500,500,0,0,0,0,0,0,2500,2500,38.25,38.25,0,0,0,0,0,0,0
"03493521",1,"2015","2014",2,0.153,0.153,"2",0.25,0.25,"36","D",0.0381,0.0407,0,"D",0,"D",25080,"D",97693,"D",-12975,"D",0,"D",0,"D",0,"D",0,"D",3500,"D",61,"D",0,"D",0,"D",0,"D",11962,3060,12112,11887,3193.66,2992.45,18784.27,18784.27,109798,109798,109798.01,109798.01,0,0,0,0,0,0,0,0,109798,109798,0,0,12112,11887,12112,11887,0,0,0,0,0,0,0,0,0,0,0
"03493521",2,"2015","2014",2,0,0,"3",-0.4,-0.4,"36","D",0,0,0,"D",0,"D",0,"D",0,"D",0,"D",0,"D",0,"D",0,"D",0,"D",0,"D",0,"D",0,"D",0,"D",0,"D",0,0,0,0,0,0,0,0,0,0,0.01,0.01,0,0,0,0,0,0,0,0,0,0,0,0,0,0,0,0,0,0,0,0,0,0,0,0,0,0,0
"03493581",1,"2015","2014",0,0.153,0.153,"2",0.2775,0.2775,"01","D",0.0361,0.0361,1,"D",1,"D",0,"D",30000,"D",0,"D",3800,"D",21900,"D",0,"D",0,"D",550,"D",292,"D",0,"D",0,"D",0,"D",1888,1166,1933.13,1865.63,1163.34,1166.72,4590,4590,40437.5,40437.5,33800.01,33800.01,0,0,0,0,0,0,0,0,40437.5,40437.5,0,0,1933.13,1865.63,1933.13,1865.63,4000,4000,3137,3137,0,0,0,0,0,0,0
"03493591",1,"2015","2014",0,0.029,0.029,"2",0.25,0.25,"34","D",0.0575,0.058,0,"D",0,"D",0,"D",120000,"D",16000,"D",0,"D",14574,"D",0,"D",0,"D",4270,"D",0,"D",0,"D",0,"D",0,"D",23601,6978,23734.48,23534.48,7018,6957.5,17988,18174,148387.9,148387.9,136000.01,136000.01,0,0,0,0,0,0,0,0,148387.9,148387.9,0,0,23734.48,23534.48,23734.48,23534.48,15000,15000,4270,4270,0,0,0,0,0,0,0
"03493603",1,"2015","2014",1,0.153,0.153,"2",0.3,0.3,"0","T",0,0,0,"D",0,"D",63598,"D",64340,"D",0,"D",0,"D",0,"D",0,"D",0,"D",700,"D",0,"D",0,"D",1,"D",4396,"D",17390,0,17531.4,17318.9,0,0,19574.51,19574.51,127938,127938,0,0,103.1,103.1,0,0,0,0,0,0,127938,127938,0,0,17634.5,17422,17634.5,17422,0,0,0,0,0,0,0,0,0,0,0
"03493621",1,"2015","2014",0,0.153,0.153,"1",-0.0765,-0.0765,"22","D",-0.0115,-0.0115,0,"D",0,"D",2500,"D",0,"D",0,"D",0,"D",0,"D",0,"D",0,"D",0,"D",0,"D",0,"D",0,"D",0,"D",-191,-29,-191.25,-191.25,-28.69,-28.69,382.5,382.5,2500,2500,2500.01,2500.01,0,0,0,0,0,0,191.25,191.25,2500,2500,0,0,0,0,0,0,0,0,0,0,0,0,0,0,28.69,28.69,0
"03493631",1,"2015","2014",2,0.153,0.153,"2",0.1897,0.1897,"28","D",0.0684,0.0684,0,"D",0,"D",2981,"D",103706,"D",785,"D",2587,"D",0,"D",0,"D",0,"D",10500,"D",84,"D",0,"D",2,"D",18168,"D",6387,3362,6413.75,6373.94,3385,3350.37,16323.11,16323.11,110059,110059,110059.01,110059.01,1997.05,1997.05,0,0,0,0,0,0,91891,91891,0,0,8410.8,8370.99,8410.8,8370.99,0,0,28752,28752,0,0,0,0,0,0,0
"03493661",1,"2015","2014",0,0.153,0.153,"1",0.15,0.15,"36","D",0.0297,0.0317,0,"D",0,"D",25519,"D",0,"D",0,"D",0,"D",0,"D",0,"D",0,"D",1300,"D",429,"D",0,"D",0,"D",0,"D",1832,372,1851.6,1821.6,388.72,362.98,3904.41,3904.41,25519,25519,25519.01,25519.01,0,0,0,0,0,0,0,0,25519,25519,0,0,1851.6,1821.6,1851.6,1821.6,0,0,0,0,0,0,0,0,0,0,0
"03493671",1,"2015","2014",0,0,0,"1",0.15,0.15,"05","D",0.04,0.04,0,"D",0,"D",0,"D",0,"D",-1600,"D",27600,"D",0,"D",0,"D",16800,"D",0,"D",200,"D",0,"D",0,"D",0,"D",1904,261,1923.75,1893.75,267.38,258.53,0,0,26000,26000,26000.01,26000.01,0,0,0,0,0,0,0,0,26000,26000,0,0,1923.75,1893.75,1923.75,1893.75,3992,4044,200,200,0,0,0,0,0,0,0
"03493691",1,"2015","2014",0,0,0,"1",0,0,"03","D",0,0,1,"D",1,"D",0,"D",0,"D",0,"D",0,"D",12946,"D",0,"D",0,"D",0,"D",3,"D",0,"D",0,"D",0,"D",0,-25,0,0,-25,-25,0,0,0,0,0.01,0.01,0,0,0,0,0,0,0,0,0,0,0,0,0,0,0,0,5009,5091,244.99,244.99,0,0,0,0,0,0,0
"03493701",1,"2015","2014",1,0.153,0.153,"2",0.2906,0.2875,"14","D",0.0375,0.05,0,"D",0,"D",50440,"D",56947,"D",12104,"D",0,"D",0,"D",0,"D",0,"D",5500,"D",425,"D",0,"D",1,"D",10240,"D",12839,4436,12710.85,12902.54,5380.8,3964.04,16430.21,16430.21,119491,119491,119491.01,119491.01,525.45,525.45,0,0,0,0,0,0,109251,109251,0,0,13236.3,13427.99,13236.3,13427.99,0,0,0,0,275,275,0,0,0,0,0
"03493701",2,"2015","2014",0,0.153,0.153,"1",0.15,0.15,"14","D",0.0375,0.05,0,"D",0,"D",19753,"D",0,"D",0,"D",0,"D",0,"D",0,"D",0,"D",0,"D",0,"D",0,"D",0,"D",0,"D",967,734,986.7,956.7,881.4,660.11,3022.21,3022.21,19753,19753,19753.01,19753.01,0,0,0,0,0,0,0,0,19753,19753,0,0,986.7,956.7,986.7,956.7,0,0,0,0,0,0,0,0,0,0,0
"03493761",1,"2015","2014",2,0.153,0.153,"3",0.3606,0.3606,"44","D",0,0,0,"D",0,"D",36400,"D",0,"D",-1272,"D",480,"D",0,"D",0,"D",0,"D",90,"D",0,"D",0,"D",2,"D",0,"D",-2138,0,-1997.96,-2208.35,0,0,5569.2,5569.2,35608,35608,0,0,1551.2,1496.2,448.8,503.8,0,0,1549.16,1704.55,35608,35608,0,0,1551.2,1496.2,1551.2,1496.2,0,0,0,0,0,0,0,0,0,0,0
"03493804",1,"2015","2014",1,0.153,0.153,"3",0.15,0.15,"06","D",0.0463,0.0463,0,"D",0,"D",60308,"D",0,"D",0,"D",0,"D",0,"D",0,"D",24652,"D",0,"D",0,"D",0,"D",1,"D",0,"D",4817,1985,4848.7,4801.2,2005.16,1975.59,9227.12,9227.12,60308,60308,0,0,1000,1000,0,0,0,0,0,0,60308,60308,0,0,5848.7,5801.2,5848.7,5801.2,0,0,0,0,0,0,0,0,0,0,0
"03493804",2,"2015","2014",0,0.153,0.153,"1",0.15,0.15,"06","D",0.0463,0.0463,0,"D",0,"D",46204,"D",0,"D",0,"D",0,"D",0,"D",0,"D",0,"D",0,"D",0,"D",0,"D",0,"D",0,"D",4934,1653,4954.35,4924.35,1669.3,1644.36,7069.21,7069.21,46204,46204,0,0,0,0,0,0,0,0,0,0,46204,46204,0,0,4954.35,4924.35,4954.35,4924.35,0,0,0,0,0,0,0,0,0,0,0
"03493811",1,"2015","2014",4,0.153,0.153,"3",0.3106,0.3106,"36","D",0.0148,0.0158,0,"D",0,"D",35000,"D",0,"D",0,"D",0,"D",0,"D",0,"D",0,"D",2100,"D",0,"D",0,"D",2,"D",3408,"D",-4050,156,-3912,-4118.39,165.15,151.6,5355,5355,35000,35000,35000.01,35000.01,615,575,1385,1425,0,0,2527,2693.39,35000,35000,0,0,615,575,615,575,0,0,0,0,0,0,0,0,165.15,151.6,0
"03493821",1,"2015","2014",0,0,0,"1",-0.0765,-0.0765,"47","D",0,0,0,"D",0,"D",0,"D",0,"D",0,"D",0,"D",5838,"D",0,"D",0,"D",1300,"D",60,"D",0,"D",0,"D",0,"D",0,0,0,0,0,0,0,0,0,0,0.01,0.01,0,0,0,0,0,0,0,0,0,0,0,0,0,0,0,0,0,0,0,0,0,0,0,0,0,0,0
"03493841",1,"2015","2014",2,0.0584,0.0584,"2",0.35,0.35,"10","D",0,0,0,"D",0,"D",45129,"D",228786,"D",0,"D",0,"D",0,"D",0,"D",0,"D",16180,"D",0,"D",0,"D",1,"D",17068,"D",51910,0,52303.45,51713.45,0,0,28262.77,28448.77,273915,273915,0,0,0,0,0,0,0,0,0,0,256847,256847,2645.48,2306.98,49657.97,49406.47,49657.97,49406.47,0,0,0,0,0,0,0,0,0,0,0
"03493851",1,"2015","2014",0,0.153,0.153,"2",0,0,"41","D",0,0,2,"D",2,"D",8000,"D",0,"D",2500,"D",0,"D",21092,"D",0,"D",0,"D",800,"D",26,"D",0,"D",0,"D",4200,"D",0,0,0,0,0,0,1224,1224,10500,10500,-30000,-30000,0,0,0,0,0,0,0,0,10500,10500,0,0,0,0,0,0,0,0,0,0,0,0,0,0,0,0,0
"03493881",1,"2015","2014",0,0.153,0.153,"2",0.15,0.15,"03","D",0.028,0.028,1,"D",1,"D",55779,"D",0,"D",0,"D",0,"D",19462,"D",0,"D",0,"D",7800,"D",1440,"D",0,"D",0,"D",0,"D",6671,1069,6715.76,6648.26,1070.07,1069.15,8534.19,8534.19,72321.7,72321.7,55779.01,55779.01,0,0,0,0,0,0,0,0,72321.7,72321.7,0,0,6715.76,6648.26,6715.76,6648.26,10018,10182,10309.82,10309.04,0,0,0,0,0,0,0
"03493891",1,"2015","2014",0,0.153,0.153,"1",0.1395,0.1395,"12","D",0.0707,0.0707,0,"D",0,"D",49538,"D",0,"D",-5950,"D",0,"D",0,"D",0,"D",0,"D",500,"D",1222,"D",0,"D",0,"D",4428,"D",4246,2104,4255.82,4240.82,2104.04,2104.04,7579.31,7579.31,43588,43588,43588.01,43588.01,0,0,0,0,0,0,0,0,39160,39160,0,0,4255.82,4240.82,4255.82,4240.82,2200,2200,8240.89,8240.89,0,0,0,0,0,0,0
"03493901",1,"2015","2014",0,0,0,"1",-0.0765,-0.0765,"33","D",-0.0229,-0.0229,0,"D",0,"D",0,"D",0,"D",0,"D",0,"D",0,"D",0,"D",7920,"D",0,"D",0,"D",0,"D",0,"D",0,"D",0,0,0,0,0,0,0,0,0,0,0.01,0.01,0,0,0,0,0,0,0,0,0,0,0,0,0,0,0,0,7800,7900,0,0,0,0,0,0,0,0,0
"03493921",1,"2015","2014",0,0,0,"1",0.2426,0.2421,"36","D",0.0297,0.0317,0,"D",0,"D",0,"D",0,"D",5500,"D",32712,"D",18862,"D",0,"D",0,"D",3300,"D",1726,"D",0,"D",0,"D",1244,"D",6618,777,6659.69,6597.47,810.96,759.84,0,0,54244.7,54244.7,38212.01,38212.01,0,0,0,0,0,0,0,0,53000.7,53000.7,0,0,6659.69,6597.47,6659.69,6597.47,0,0,0,0,0,0,0,0,0,0,0
"03493921",2,"2015","2014",0,0.153,0.153,"1",0.15,0.15,"36","D",0.0297,0.0317,0,"D",0,"D",43355,"D",0,"D",0,"D",0,"D",0,"D",0,"D",0,"D",0,"D",0,"D",0,"D",0,"D",0,"D",4507,941,4527,4497,981.86,919.95,6633.31,6633.31,43355,43355,43355.01,43355.01,0,0,0,0,0,0,0,0,43355,43355,0,0,4527,4497,4527,4497,0,0,0,0,0,0,0,0,0,0,0
"03493941",1,"2015","2014",2,0,0,"3",0,0,"07","D",0,0,0,"D",0,"D",0,"D",0,"D",10816,"D",2128,"D",0,"D",0,"D",0,"D",5500,"D",993,"D",0,"D",0,"D",2240,"D",0,0,0,0,0,0,0,0,12944,12944,12944.01,12944.01,0,0,0,0,0,0,0,0,12944,12944,0,0,0,0,0,0,0,0,0,0,0,0,0,0,0,0,0
"03493981",1,"2015","2014",0,0,0,"1",-0.0765,-0.0765,"41","D",0,0,0,"D",0,"D",0,"D",0,"D",0,"D",0,"D",10762,"D",0,"D",0,"D",40,"D",6,"D",0,"D",0,"D",0,"D",0,0,0,0,0,0,0,0,0,0,0,0,0,0,0,0,0,0,0,0,0,0,0,0,0,0,0,0,0,0,0,0,0,0,0,0,0,0,0
"03494001",1,"2015","2014",0,0.153,0.153,"1",0,0,"14","D",0.0375,0.05,0,"D",0,"D",8000,"D",0,"D",0,"D",0,"D",0,"D",0,"D",0,"D",0,"D",0,"D",0,"D",0,"D",20,"D",-501,194,-496,-503,244.15,169.08,1224,1224,8000,8000,8000.01,8000.01,0,0,0,0,0,0,496,503,8000,8000,0,0,0,0,0,0,0,0,0,0,0,0,0,0,49.6,50.3,0
"03494021",1,"2015","2014",0,0.153,0.153,"2",0.25,0.25,"21","D",0.05,0.05,0,"D",0,"D",6615,"D",106729,"D",0,"D",0,"D",0,"D",0,"D",0,"D",2100,"D",165,"D",0,"D",0,"D",960,"D",14840,4785,14973.5,14773.5,4784.7,4784.7,17341.63,17341.63,113344,113344,112144.01,112144.01,0,0,0,0,0,0,0,0,113344,113344,0,0,14973.5,14773.5,14973.5,14773.5,4000,4000,0,0,0,0,0,0,0,0,0
"03494031",1,"2015","2014",2,0.153,0.153,"3",0.1425,0.1425,"37","D",0.0499,0.0499,0,"D",0,"D",60000,"D",0,"D",0,"D",0,"D",0,"D",0,"D",0,"D",990,"D",2564,"D",0,"D",1,"D",7432,"D",3625,1875,3646.65,3614.15,1875.08,1875.08,9180,9180,60000,60000,60000.01,60000.01,1000,1000,0,0,0,0,0,0,52568,52568,0,0,4646.65,4614.15,4646.65,4614.15,9100,9250,12855.64,12855.64,0,0,50,50,0,0,0
"03494031",2,"2015","2014",0,0.153,0.153,"1",0.25,0.25,"37","D",0.0525,0.0525,0,"D",0,"D",55179,"D",0,"D",0,"D",0,"D",0,"D",0,"D",0,"D",0,"D",0,"D",0,"D",0,"D",0,"D",7047,2305,7113.5,7013.5,2308.65,2303.4,8442.39,8442.39,55179,55179,55179.01,55179.01,0,0,0,0,0,0,0,0,55179,55179,0,0,7113.5,7013.5,7113.5,7013.5,6200,6300,0,0,0,0,0,0,0,0,0
"03494031",3,"2015","2014",2,0,0,"3",-0.4,-0.4,"37","D",-0.02,-0.02,0,"D",0,"D",0,"D",0,"D",0,"D",0,"D",0,"D",0,"D",0,"D",0,"D",0,"D",0,"D",1,"D",0,"D",0,-120,0,0,-120,-120,0,0,0,0,0.01,0.01,0,0,0,0,0,0,0,0,0,0,0,0,0,0,0,0,9100,9250,0,0,0,0,0,0,0,0,0
"03494041",1,"2015","2014",5,0.153,0.153,"2",0.3106,0.3106,"0","T",0,0,0,"D",0,"D",15600,"D",26000,"D",-731,"D",0,"D",0,"D",0,"D",10800,"D",0,"D",0,"D",0,"D",5,"D",0,"D",-7356,0,-7198.7,-7434.83,0,0,6364.8,6364.8,40869,40869,0,0,81.9,26.9,4918.1,4973.1,0,0,2280.6,2461.73,40869,40869,0,0,81.9,26.9,81.9,26.9,0,0,0,0,0,0,0,0,0,0,0
"03494071",1,"2015","2014",0,0.153,0.153,"2",0.15,0.15,"44","D",0,0,0,"D",0,"D",31000,"D",18000,"D",0,"D",0,"D",0,"D",0,"D",0,"D",1200,"D",300,"D",0,"D",0,"D",0,"D",3358,0,3397.5,3337.5,0,0,7497,7497,49000,49000,0,0,0,0,0,0,0,0,0,0,49000,49000,0,0,3397.5,3337.5,3397.5,3337.5,0,0,0,0,0,0,0,0,0,0,0
"03494081",1,"2015","2014",0,0,0,"1",0,0,"23","D",0.0525,0.0525,1,"D",1,"D",0,"D",0,"D",0,"D",0,"D",8796,"D",0,"D",2568,"D",0,"D",0,"D",0,"D",0,"D",0,"D",0,-277,0,0,-276.76,-276.76,0,0,0,0,0.01,0.01,0,0,0,0,0,0,0,0,0,0,0,0,0,0,0,0,0,0,0,0,205.7,205.7,0,0,0,0,0
"03494101",1,"2015","2014",2,0,0,"3",-0.4,-0.4,"10","D",0,0,1,"D",1,"D",0,"D",0,"D",0,"D",0,"D",18262,"D",0,"D",0,"D",900,"D",0,"D",0,"D",1,"D",3388,"D",0,0,0,0,0,0,0,0,0,0,0,0,0,0,0,0,0,0,0,0,0,0,0,0,0,0,0,0,0,0,0,0,0,0,0,0,0,0,0
"03494111",1,"2015","2014",0,0.029,0.029,"2",0.2604,0.2604,"41","D",0.07,0.07,0,"D",0,"D",0,"D",228786,"D",0,"D",0,"D",0,"D",0,"D",0,"D",2500,"D",461,"D",0,"D",0,"D",20256,"D",38709,13343,38857.1,38635.56,13347.23,13340.23,21142.79,21328.79,228786,228786,184321.78,184228.78,0,0,0,0,0,0,0,0,208530,208530,0,0,38857.1,38635.56,38857.1,38635.56,0,0,0,0,0,0,0,0,0,0,0
"03494121",1,"2015","2014",2,0.153,0.153,"2",0.15,0.15,"23","D",0.0425,0.0425,0,"D",0,"D",60000,"D",0,"D",0,"D",0,"D",0,"D",0,"D",0,"D",1400,"D",25,"D",0,"D",0,"D",600,"D",3813,1870,3862.5,3787.5,1870,1870,9180,9180,60000,60000,60000.01,60000.01,0,0,0,0,0,0,0,0,60000,60000,0,0,3862.5,3787.5,3862.5,3787.5,0,0,0,0,0,0,0,0,0,0,0
"03494141",1,"2015","2014",0,0.038,0.038,"1",0.35,0.35,"05","D",0.093,0.093,0,"D",0,"D",228786,"D",0,"D",0,"D",0,"D",0,"D",0,"D",21600,"D",0,"D",15,"D",0,"D",0,"D",120,"D",53111,18390,53388.1,52973.1,18414.63,18377.44,21401.87,21587.87,228786,228786,228786.01,228786.01,0,0,0,0,0,0,0,0,228666,228666,1455.35,1296.58,51932.75,51676.52,51932.75,51676.52,3992,4044,27,27,0,0,0,0,0,0,0
"03494141",2,"2015","2014",0,0.153,0.153,"1",0.15,0.15,"05","D",0.04,0.04,0,"D",0,"D",24886,"D",0,"D",0,"D",0,"D",0,"D",0,"D",0,"D",0,"D",0,"D",0,"D",0,"D",0,"D",1737,277,1756.65,1726.65,282.82,273.97,3807.56,3807.56,24886,24886,24886.01,24886.01,0,0,0,0,0,0,0,0,24886,24886,0,0,1756.65,1726.65,1756.65,1726.65,3992,4044,0,0,0,0,0,0,0,0,0
"03494151",1,"2015","2014",0,0.153,0.153,"2",0.15,0.15,"33","D",0.059,0.059,0,"D",0,"D",19844,"D",34915,"D",0,"D",0,"D",0,"D",0,"D",0,"D",1800,"D",275,"D",0,"D",0,"D",396,"D",4221,1863,4261.35,4201.35,1877.91,1855.96,8378.13,8378.13,54759,54759,54759.01,54759.01,0,0,0,0,0,0,0,0,54759,54759,0,0,4261.35,4201.35,4261.35,4201.35,15650,15850,0,0,0,0,0,0,0,0,0
"03494163",1,"2015","2014",2,0.153,0.153,"2",0.3106,0.3106,"0","T",0,0,0,"D",0,"D",15000,"D",15000,"D",1056,"D",0,"D",0,"D",0,"D",5300,"D",0,"D",30,"D",0,"D",2,"D",0,"D",-5673,0,-5532.56,-5742.7,0,0,4590,4590,31056,31056,0,0,285.6,245.6,1714.4,1754.4,0,0,3818.16,3988.3,31056,31056,0,0,285.6,245.6,285.6,245.6,0,0,0,0,0,0,0,0,0,0,0
"03494201",1,"2015","2014",2,0.153,0.153,"2",0.15,0.15,"05","D",0.06,0.06,0,"D",0,"D",25000,"D",55000,"D",-500,"D",0,"D",0,"D",0,"D",16800,"D",0,"D",1700,"D",0,"D",2,"D",0,"D",4738,1331,4787.5,4712.5,1359.24,1316.38,12240,12240,79500,79500,79500.01,79500.01,2000,2000,0,0,0,0,0,0,79500,79500,0,0,6787.5,6712.5,6787.5,6712.5,7984,8088,1700,1700,0,0,0,0,0,0,0
"03494211",1,"2015","2014",2,0.153,0.153,"2",0.2829,0.2829,"28","D",0.0684,0.0684,0,"D",0,"D",60000,"D",72000,"D",-350,"D",0,"D",0,"D",0,"D",0,"D",1300,"D",0,"D",0,"D",2,"D",9352,"D",15459,6077,15569.53,15403.19,6099.86,6065.23,20196,20196,131650,131650,131650.01,131650.01,917.5,917.5,0,0,0,0,0,0,122298,122298,0,0,16487.03,16320.69,16487.03,16320.69,0,0,10652,10652,0,0,0,0,0,0,0
"03494241",1,"2015","2014",0,0.153,0.153,"1",0.25,0.25,"39","D",0.0307,0.0307,0,"D",0,"D",80000,"D",0,"D",0,"D",0,"D",0,"D",0,"D",13800,"D",0,"D",25,"D",0,"D",0,"D",0,"D",13252,2456,13318.75,13218.75,2456,2456,12240,12240,80000,80000,80000.01,80000.01,0,0,0,0,0,0,0,0,80000,80000,0,0,13318.75,13218.75,13318.75,13218.75,0,0,0,0,0,0,0,0,0,0,0
"03494253",1,"2015","2014",0,0,0,"1",-0.0765,-0.0765,"34","D",0,0,0,"D",0,"D",0,"D",0,"D",0,"D",0,"D",0,"D",0,"D",0,"D",0,"D",0,"D",0,"D",0,"D",0,"D",0,0,0,0,0,0,0,0,0,0,0.01,0.01,0,0,0,0,0,0,0,0,0,0,0,0,0,0,0,0,7500,7500,0,0,0,0,0,0,0,0,0
"03494271",1,"2015","2014",2,0.153,0.153,"3",0.1429,0.2381,"21","D",0.0475,0.0475,0,"D",0,"D",75000,"D",0,"D",-1820,"D",0,"D",0,"D",0,"D",0,"D",3900,"D",170,"D",0,"D",0,"D",4556,"D",6878,2558,6949.05,6841.93,2557.82,2557.82,11475,11475,73180,73180,73180.01,73180.01,0,0,0,0,0,0,0,0,68624,68624,0,0,6949.05,6841.93,6949.05,6841.93,4000,4000,8626,8626,0,0,0,0,0,0,0
"03494271",2,"2015","2014",0,0.153,0.153,"1",0.15,0.15,"21","D",0.0475,0.0475,0,"D",0,"D",30000,"D",0,"D",0,"D",0,"D",0,"D",0,"D",0,"D",0,"D",0,"D",0,"D",0,"D",0,"D",2504,1126,2523.75,2493.75,1125.5,1125.5,4590,4590,30000,30000,30000.01,30000.01,0,0,0,0,0,0,0,0,30000,30000,0,0,2523.75,2493.75,2523.75,2493.75,2000,2000,0,0,0,0,0,0,0,0,0
"03494281",1,"2015","2014",0,0.153,0.153,"1",0.15,0.15,"17","D",0.046,0.048,1,"D",1,"D",14000,"D",0,"D",113,"D",24000,"D",8662,"D",0,"D",0,"D",2400,"D",196,"D",0,"D",0,"D",0,"D",4593,1194,4612.61,4582.61,1216.2,1182.4,2142,2142,45475.7,45475.7,38000.01,38000.01,0,0,0,0,0,0,0,0,45475.7,45475.7,0,0,4612.61,4582.61,4612.61,4582.61,3850,3850,0,0,0,0,0,0,0,0,0
"03494281",2,"2015","2014",0,0.153,0.153,"1",0.15,0.15,"17","D",0.046,0.048,0,"D",0,"D",27732,"D",0,"D",0,"D",0,"D",0,"D",0,"D",0,"D",0,"D",0,"D",0,"D",0,"D",0,"D",2164,754,2183.55,2153.55,764.14,749.17,4243,4243,27732,27732,27732.01,27732.01,0,0,0,0,0,0,0,0,27732,27732,0,0,2183.55,2153.55,2183.55,2153.55,3000,3000,0,0,0,0,0,0,0,0,0
"03494281",3,"2015","2014",0,0.153,0.153,"1",0.15,0.15,"17","D",0.046,0.048,0,"D",0,"D",28973,"D",0,"D",0,"D",0,"D",0,"D",0,"D",0,"D",0,"D",0,"D",0,"D",0,"D",0,"D",2350,812,2369.7,2339.7,823.7,806.26,4432.87,4432.87,28973,28973,28973.01,28973.01,0,0,0,0,0,0,0,0,28973,28973,0,0,2369.7,2339.7,2369.7,2339.7,3000,3000,0,0,0,0,0,0,0,0,0
"03494291",1,"2015","2014",0,0.153,0.153,"2",0.2342,0.2342,"45","D",0.063,0.063,1,"D",1,"D",0,"D",106055,"D",0,"D",0,"D",14688,"D",0,"D",0,"D",690,"D",225,"D",0,"D",0,"D",13200,"D",14267,5906,14365.63,14218.15,5912.27,5902.18,16226.41,16226.41,118539.8,118539.8,118539.81,118539.81,0,0,0,0,0,0,0,0,105339.8,105339.8,0,0,14365.63,14218.15,14365.63,14218.15,0,0,0,0,0,0,0,0,0,0,0
"03494311",1,"2015","2014",2,0.029,0.029,"2",0.285,0.285,"11","D",0.06,0.06,0,"D",0,"D",120000,"D",0,"D",3000,"D",0,"D",0,"D",0,"D",0,"D",1600,"D",0,"D",0,"D",2,"D",6788,"D",13496,5813,13612.32,13437.32,5812.72,5812.72,17988,18174,123000,123000,123000.01,123000.01,1350,1350,0,0,0,0,0,0,116212,116212,0,0,14962.32,14787.32,14962.32,14787.32,3000,3000,8388,8388,0,0,0,0,0,0,0
"03494333",1,"2015","2014",1,0.038,0.038,"3",0.325,0.325,"33","D",0.0665,0.0665,0,"D",0,"D",228786,"D",0,"D",-18000,"D",0,"D",0,"D",0,"D",43356,"D",1700,"D",5326,"D",0,"D",0,"D",100,"D",46899,13216,47120.45,46788.95,13222.59,13212.62,21401.87,21587.87,210786,210786,210786.01,210786.01,0,0,0,0,0,0,0,0,210686,210686,5423.98,5269.18,41696.47,41519.77,41696.47,41519.77,10950,11100,5344.5,5344.5,0,0,0,0,0,0,0
"03494341",1,"2015","2014",0,0.153,0.153,"2",0.15,0.15,"38","D",0.0765,0.0765,0,"D",0,"D",0,"D",43379,"D",0,"D",0,"D",0,"D",0,"D",0,"D",3100,"D",15,"D",0,"D",0,"D",0,"D",2514,2440,2554.35,2494.35,2449.41,2435.53,6636.99,6636.99,43379,43379,43379.01,43379.01,0,0,0,0,0,0,0,0,43379,43379,0,0,2554.35,2494.35,2554.35,2494.35,4231.2,4289.91,3115,3115,0,0,0,0,0,0,0
"03494341",2,"2015","2014",0,0.153,0.153,"1",0.15,0.15,"38","D",0.0765,0.0765,0,"D",0,"D",21320,"D",0,"D",0,"D",0,"D",0,"D",0,"D",0,"D",0,"D",0,"D",0,"D",0,"D",0,"D",1202,1192,1221.75,1191.75,1196.44,1189.5,3261.96,3261.96,21320,21320,21320.01,21320.01,0,0,0,0,0,0,0,0,21320,21320,0,0,1221.75,1191.75,1221.75,1191.75,2115.6,2144.96,0,0,0,0,0,0,0,0,0
"03494351",1,"2015","2014",0,0.153,0.153,"1",0.25,0.25,"48","D",0,0,0,"D",0,"D",91410,"D",0,"D",0,"D",0,"D",0,"D",0,"D",21000,"D",0,"D",0,"D",0,"D",0,"D",0,"D",16105,0,16171.25,16071.25,0,0,13985.73,13985.73,91410,91410,0,0,0,0,0,0,0,0,0,0,91410,91410,0,0,16171.25,16071.25,16171.25,16071.25,0,0,0,0,0,0,0,0,0,0,0
"03494361",1,"2015","2014",3,0.153,0.153,"3",0.2106,0.2106,"05","D",0,0,0,"D",0,"D",31432,"D",0,"D",0,"D",0,"D",0,"D",0,"D",0,"D",4000,"D",50,"D",0,"D",0,"D",18948,"D",-3389,0,-3278.42,-3444.81,0,0,4809.1,4809.1,31432,31432,31432.01,31432.01,0,0,0,0,0,0,3278.42,3444.81,12484,12484,0,0,0,0,0,0,7984,8088,22998,22998,0,0,0,0,0,0,0
"03494381",1,"2015","2014",0,0.153,0.153,"2",0.15,0.15,"10","D",0,0,0,"D",0,"D",28000,"D",46000,"D",0,"D",0,"D",0,"D",0,"D",7200,"D",0,"D",200,"D",0,"D",0,"D",0,"D",7108,0,7147.5,7087.5,0,0,11322,11322,74000,74000,0,0,0,0,0,0,0,0,0,0,74000,74000,0,0,7147.5,7087.5,7147.5,7087.5,0,0,0,0,0,0,0,0,0,0,0
"03494421",1,"2015","2014",0,0,0,"2",0.15,0.15,"29","D",0,0,2,"D",2,"D",0,"D",0,"D",0,"D",27060,"D",32996,"D",0,"D",0,"D",1500,"D",0,"D",0,"D",0,"D",7904,"D",987,0,1013.9,973.9,0,0,0,0,32839,32839,0,0,0,0,0,0,0,0,0,0,32839,32839,0,0,1013.9,973.9,1013.9,973.9,0,0,0,0,0,0,0,0,0,0,0
"03494441",1,"2015","2014",2,0.153,0.153,"3",-0.55,-0.55,"50","D",-0.044,-0.044,0,"D",0,"D",8000,"D",0,"D",0,"D",0,"D",0,"D",0,"D",6900,"D",0,"D",0,"D",0,"D",2,"D",0,"D",-3950,-1512,-3950,-3950,-1512,-1512,1224,1224,8000,8000,8000.01,8000.01,0,0,750,750,0,0,3200,3200,8000,8000,0,0,0,0,0,0,13020,13239.48,0,0,1160,1160,0,0,352,352,0
"03494441",2,"2015","2014",0,0,0,"1",-0.0765,-0.0765,"50","D",0,0,0,"D",0,"D",0,"D",0,"D",0,"D",0,"D",0,"D",0,"D",0,"D",0,"D",0,"D",0,"D",0,"D",0,"D",0,0,0,0,0,0,0,0,0,0,0.01,0.01,0,0,0,0,0,0,0,0,0,0,0,0,0,0,0,0,10080,10249.92,0,0,0,0,0,0,0,0,0
"03494471",1,"2015","2014",1,0.153,0.153,"3",0.15,0.15,"0","T",0,0,0,"D",0,"D",60000,"D",0,"D",0,"D",0,"D",0,"D",0,"D",7800,"D",0,"D",0,"D",0,"D",1,"D",0,"D",4771,0,4802.5,4755,0,0,9180,9180,60000,60000,0,0,1000,1000,0,0,0,0,0,0,60000,60000,0,0,5802.5,5755,5802.5,5755,0,0,0,0,0,0,0,0,0,0,0
"03494471",2,"2015","2014",0,0.153,0.153,"1",0.15,0.15,"0","T",0,0,0,"D",0,"D",20000,"D",0,"D",0,"D",0,"D",0,"D",0,"D",0,"D",0,"D",0,"D",0,"D",0,"D",0,"D",1004,0,1023.75,993.75,0,0,3060,3060,20000,20000,0,0,0,0,0,0,0,0,0,0,20000,20000,0,0,1023.75,993.75,1023.75,993.75,0,0,0,0,0,0,0,0,0,0,0
"03494491",1,"2015","2014",0,0.153,0.153,"1",0.1765,0.1765,"26","D",0.0247,0.0288,0,"D",0,"D",12350,"D",0,"D",0,"D",0,"D",0,"D",0,"D",6600,"D",0,"D",0,"D",0,"D",0,"D",0,"D",27,89,48.36,15.65,90.06,88.03,1889.55,1889.55,12350,12350,12350.01,12350.01,0,0,0,0,0,0,171.64,189.35,12350,12350,0,0,220,205,220,205,6200,6300,0,0,0,0,0,0,0,0,0
"03494501",1,"2015","2014",4,0.153,0.153,"3",-0.15,-0.15,"44","D",0,0,0,"D",0,"D",15000,"D",0,"D",1253,"D",0,"D",0,"D",0,"D",12000,"D",0,"D",0,"D",0,"D",4,"D",0,"D",-8009,0,-7943,-8042,0,0,2295,2295,16253,16253,0,0,0,0,1800,1800,0,0,6143,6242,16253,16253,0,0,0,0,0,0,0,0,0,0,0,0,0,0,0,0,0
"03494521",1,"2015","2014",2,0.153,0.153,"3",-0.15,-0.15,"47","D",0,0,0,"D",0,"D",3158,"D",0,"D",4884,"D",0,"D",0,"D",0,"D",192,"D",0,"D",0,"D",0,"D",2,"D",0,"D",-24,0,-23.7,-23.7,0,0,483.17,483.17,8042,8042,8042.01,8042.01,0,0,23.7,23.7,0,0,0,0,8042,8042,0,0,0,0,0,0,3000,3000,0,0,0,0,0,0,0,0,0
"03494531",1,"2015","2014",7,0,0,"3",-0.45,-0.45,"19","D",-0.0158,-0.0158,0,"D",0,"D",0,"D",0,"D",0,"D",0,"D",0,"D",0,"D",8400,"D",0,"D",0,"D",0,"D",3,"D",2160,"D",0,0,0,0,0,0,0,0,0,0,0.01,0.01,0,0,0,0,0,0,0,0,0,0,0,0,0,0,0,0,0,0,0,0,0,0,0,0,0,0,0
"03494554",1,"2015","2014",0,0.153,0.153,"1",0.15,0.15,"10","D",0,0,0,"D",0,"D",45000,"D",0,"D",0,"D",0,"D",0,"D",0,"D",9200,"D",0,"D",0,"D",0,"D",0,"D",0,"D",4754,0,4773.75,4743.75,0,0,6885,6885,45000,45000,0,0,0,0,0,0,0,0,0,0,45000,45000,0,0,4773.75,4743.75,4773.75,4743.75,0,0,0,0,0,0,0,0,0,0,0
"03494561",1,"2015","2014",4,0.153,0.153,"2",0.15,0.15,"12","D",0.0707,0.0707,0,"D",0,"D",40607,"D",38539,"D",0,"D",0,"D",0,"D",0,"D",0,"D",6000,"D",65,"D",0,"D",4,"D",0,"D",1489,3804,1549.4,1459.4,3804.36,3804.36,12109.34,12109.34,79146,79146,79146.01,79146.01,4000,4000,0,0,0,0,0,0,79146,79146,0,0,5549.4,5459.4,5549.4,5459.4,4400,4400,9845.72,9845.72,0,0,0,0,0,0,0
"03494631",1,"2015","2014",0,0.153,0.153,"2",0.1414,0.1414,"47","D",0.0575,0.0575,0,"D",0,"D",52000,"D",53000,"D",-10862,"D",0,"D",0,"D",0,"D",0,"D",6600,"D",50,"D",0,"D",0,"D",16628,"D",7999,3453,8018.62,7988.62,3452.5,3452.5,16065,16065,94138,94138,94138.01,94138.01,0,0,0,0,0,0,0,0,77510,77510,0,0,8018.63,7988.63,8018.62,7988.62,6000,6000,23278,23278,0,0,0,0,0,0,0
"03494651",1,"2015","2014",0,0.153,0.153,"2",0.2362,0.2362,"31","D",0.0553,0.0553,0,"D",0,"D",45000,"D",70000,"D",-6282,"D",0,"D",0,"D",0,"D",0,"D",16250,"D",0,"D",0,"D",0,"D",824,"D",11820,2916,11919.56,11769.56,2915.75,2915.75,17595,17595,108718,108718,115000.01,115000.01,0,0,0,0,0,0,0,0,107894,107894,0,0,11919.56,11769.56,11919.56,11769.56,0,0,0,0,0,0,0,0,0,0,0
"03494661",1,"2015","2014",0,0.153,0.153,"1",0.15,0.15,"22","D",0.0515,0.052,0,"D",0,"D",38001,"D",0,"D",3,"D",0,"D",0,"D",0,"D",0,"D",2600,"D",0,"D",0,"D",0,"D",0,"D",3704,1633,3724.35,3694.35,1643.41,1627.61,5814.15,5814.15,38004,38004,38004.01,38004.01,0,0,0,0,0,0,0,0,38004,38004,0,0,3724.35,3694.35,3724.35,3694.35,0,0,0,0,0,0,0,0,0,0,0
"03494661",2,"2015","2014",0,0.153,0.153,"1",0.25,0.25,"22","D",0.0515,0.052,0,"D",0,"D",60000,"D",0,"D",0,"D",0,"D",0,"D",0,"D",0,"D",0,"D",0,"D",0,"D",0,"D",0,"D",8252,2769,8318.75,8218.75,2787.2,2760.4,9180,9180,60000,60000,60000.01,60000.01,0,0,0,0,0,0,0,0,60000,60000,0,0,8318.75,8218.75,8318.75,8218.75,0,0,0,0,0,0,0,0,0,0,0
"03494671",1,"2015","2014",2,0,0,"3",-0.4,-0.4,"34","D",0.0575,0.058,0,"D",0,"D",0,"D",0,"D",25,"D",15000,"D",0,"D",0,"D",0,"D",2000,"D",504,"D",0,"D",0,"D",720,"D",0,174,0,0,175.45,173.94,0,0,15025,15025,15025.01,15025.01,0,0,0,0,0,0,0,0,15025,15025,0,0,0,0,0,0,12000,12000,2720,2720,0,0,0,0,0,0,0
"03494681",1,"2015","2014",0,0.153,0.153,"2",0.15,0.15,"19","D",0.034,0.034,0,"D",0,"D",40973,"D",9716,"D",0,"D",0,"D",0,"D",0,"D",0,"D",1000,"D",0,"D",0,"D",0,"D",0,"D",3611,1203,3650.85,3590.85,1201.53,1203.93,7755.42,7755.42,50689,50689,50689.01,50689.01,0,0,0,0,0,0,0,0,50689,50689,0,0,3650.85,3590.85,3650.85,3590.85,0,0,0,0,0,0,0,0,0,0,0
"03494691",1,"2015","2014",3,0.153,0.153,"2",0.3106,0.3106,"43","D",0,0,0,"D",0,"D",15000,"D",33000,"D",-700,"D",0,"D",0,"D",0,"D",0,"D",270,"D",240,"D",0,"D",2,"D",960,"D",-1569,0,-1417.76,-1643.89,0,0,7344,7344,47300,47300,0,0,1515,1470,485,530,0,0,932.76,1113.89,47300,47300,0,0,1515,1470,1515,1470,0,0,0,0,0,0,0,0,0,0,0
"03494711",1,"2015","2014",1,0.153,0.153,"3",0.2598,0.2598,"05","D",0,0,0,"D",0,"D",20000,"D",0,"D",3000,"D",0,"D",0,"D",0,"D",18900,"D",0,"D",165,"D",0,"D",0,"D",0,"D",-1966,0,-1878.83,-2008.97,0,0,3060,3060,23000,23000,23000.01,23000.01,0,0,0,0,0,0,2478.83,2583.97,23000,23000,0,0,600,575,600,575,7984,8088,165,165,0,0,0,0,0,0,0
"03494711",2,"2015","2014",0,0.153,0.153,"1",0.15,0.15,"05","D",0.06,0.06,0,"D",0,"D",39000,"D",0,"D",0,"D",0,"D",0,"D",0,"D",0,"D",0,"D",0,"D",0,"D",0,"D",0,"D",3854,956,3873.75,3843.75,967.62,950.19,5967,5967,39000,39000,39000.01,39000.01,0,0,0,0,0,0,0,0,39000,39000,0,0,3873.75,3843.75,3873.75,3843.75,3992,4044,0,0,0,0,0,0,0,0,0
"03494711",3,"2015","2014",0,0.153,0.153,"1",0.1,0.1,"05","D",0.02,0.02,0,"D",0,"D",17163,"D",0,"D",0,"D",0,"D",0,"D",0,"D",0,"D",0,"D",0,"D",0,"D",0,"D",0,"D",691,76,701.3,686.3,77.93,74.89,2625.94,2625.94,17163,17163,17163.01,17163.01,0,0,0,0,0,0,0,0,17163,17163,0,0,701.3,686.3,701.3,686.3,3992,4044,0,0,0,0,0,0,0,0,0
"03494721",1,"2015","2014",0,0.153,0.153,"2",0.15,0.15,"0","T",0,0,0,"D",0,"D",12824,"D",59086,"D",6000,"D",0,"D",0,"D",0,"D",0,"D",370,"D",626,"D",0,"D",0,"D",7208,"D",7694,0,7734,7674,0,0,11002.23,11002.23,77910,77910,0,0,0,0,0,0,0,0,0,0,77910,77910,0,0,7734,7674,7734,7674,0,0,0,0,0,0,0,0,0,0,0
"03494731",1,"2015","2014",2,0,0,"3",-0.4,-0.4,"22","D",-0.06,-0.06,0,"D",0,"D",0,"D",0,"D",0,"D",0,"D",0,"D",0,"D",0,"D",71488,"D",0,"D",0,"D",0,"D",152600,"D",0,0,0,0,0,0,0,0,0,0,0.01,0.01,0,0,0,0,0,0,0,0,0,0,0,0,0,0,0,0,0,0,0,0,0,0,0,0,0,0,0
"03494741",1,"2015","2014",2,0,0,"3",-0.4,-0.4,"0","T",0,0,0,"D",0,"D",0,"D",0,"D",889,"D",8139,"D",0,"D",0,"D",0,"D",2400,"D",0,"D",0,"D",0,"D",0,"D",0,0,0,0,0,0,0,0,9028,9028,0,0,0,0,0,0,0,0,0,0,9028,9028,0,0,0,0,0,0,0,0,0,0,0,0,0,0,0,0,0
"03494751",1,"2015","2014",2,0,0,"3",-0.4,-0.4,"45","D",0,0,0,"D",0,"D",0,"D",0,"D",1000,"D",0,"D",0,"D",0,"D",7800,"D",0,"D",0,"D",0,"D",0,"D",4560,"D",0,0,0,0,0,0,0,0,1000,1000,1000.01,1000.01,0,0,0,0,0,0,0,0,1000,1000,0,0,0,0,0,0,0,0,0,0,0,0,0,0,0,0,0
"03494781",1,"2015","2014",0,0.029,0.029,"1",0.2681,0.2681,"23","D",0.0425,0.0425,0,"D",0,"D",165000,"D",0,"D",-706,"D",0,"D",0,"D",0,"D",0,"D",4000,"D",327,"D",0,"D",0,"D",3000,"D",34034,6813,34113.01,33994.51,6812.5,6812.5,19293,19479,164294,164294,164294.01,164294.01,0,0,0,0,0,0,0,0,161294,161294,0,0,34113.01,33994.51,34113.01,33994.51,0,0,0,0,0,0,0,0,0,0,0
"03494791",1,"2015","2014",0,0.153,0.153,"2",0.2362,0.2362,"31","D",0.0552,0.0552,0,"D",0,"D",0,"D",78261,"D",0,"D",34563,"D",0,"D",0,"D",0,"D",16180,"D",180,"D",0,"D",0,"D",6480,"D",11435,2796,11534.62,11384.62,2795.53,2795.53,11973.93,11973.93,112824,112824,112824.01,112824.01,0,0,0,0,0,0,0,0,106344,106344,0,0,11534.62,11384.62,11534.62,11384.62,0,0,0,0,0,0,0,0,0,0,0
"03494811",1,"2015","2014",0,0.0714,0.0714,"2",0.2385,0.2385,"36","D",0.046,0.046,0,"D",0,"D",125000,"D",65000,"D",0,"D",0,"D",0,"D",0,"D",0,"D",11200,"D",2490,"D",0,"D",0,"D",14856,"D",28305,6785,28330.5,28292.03,7082.01,6635.9,28078,28264,190000,190000,190000.01,190000.01,0,0,0,0,0,0,0,0,175144,175144,0,0,28330.5,28292.03,28330.5,28292.03,0,0,0,0,0,0,0,0,0,0,0
"03494821",1,"2015","2014",0,0.153,0.153,"1",0.15,0.15,"02","D",0,0,0,"D",0,"D",40800,"D",0,"D",2072,"D",0,"D",0,"D",0,"D",0,"D",3600,"D",175,"D",0,"D",0,"D",8592,"D",3519,0,3529.35,3514.35,0,0,6242.4,6242.4,42872,42872,0,0,0,0,0,0,0,0,0,0,34280,34280,0,0,3529.35,3514.35,3529.35,3514.35,0,0,0,0,0,0,0,0,0,0,0
"03494841",1,"2015","2014",2,0.153,0.153,"3",-0.4,-0.4,"10","D",0,0,0,"D",0,"D",11000,"D",0,"D",0,"D",0,"D",0,"D",0,"D",11160,"D",0,"D",0,"D",0,"D",1,"D",240,"D",-5400,0,-5400,-5400,0,0,1683,1683,11000,11000,0,0,0,0,1000,1000,0,0,4400,4400,11000,11000,0,0,0,0,0,0,0,0,0,0,0,0,0,0,0,0,0
"03494841",2,"2015","2014",2,0,0,"3",-0.4,-0.4,"10","D",0,0,0,"D",0,"D",0,"D",0,"D",0,"D",0,"D",0,"D",0,"D",0,"D",0,"D",0,"D",0,"D",1,"D",0,"D",0,0,0,0,0,0,0,0,0,0,0,0,0,0,0,0,0,0,0,0,0,0,0,0,0,0,0,0,0,0,0,0,0,0,0,0,0,0,0
"03494851",1,"2015","2014",2,0.153,0.153,"3",0.2106,0.2106,"37","D",0.0291,0.0291,0,"D",0,"D",19539,"D",0,"D",0,"D",1302,"D",0,"D",0,"D",0,"D",500,"D",225,"D",0,"D",0,"D",240,"D",-4929,-264,-4825.88,-4981.28,-257.44,-267.72,2989.47,2989.47,20841,20841,19539.01,19539.01,0,0,0,0,0,0,4825.88,4981.28,20841,20841,0,0,0,0,0,0,9100,9250,0,0,0,0,0,0,226.22,233.5,0
"03494861",1,"2015","2014",0,0,0,"1",0,0,"10","D",0,0,1,"D",1,"D",0,"D",0,"D",148,"D",0,"D",18106,"D",0,"D",9876,"D",0,"D",0,"D",0,"D",0,"D",100,"D",0,0,0,0,0,0,0,0,148,148,0,0,0,0,0,0,0,0,0,0,148,148,0,0,0,0,0,0,0,0,0,0,0,0,0,0,0,0,0
"03494881",1,"2015","2014",0,0.029,0.029,"2",0.325,0.325,"33","D",0.0665,0.0665,0,"D",0,"D",0,"D",228786,"D",200,"D",0,"D",0,"D",0,"D",0,"D",10800,"D",0,"D",0,"D",0,"D",296,"D",42476,14178,42805.75,42311.75,14186.84,14173.54,21142.79,21328.79,228986,228986,228986.01,228986.01,0,0,0,0,0,0,0,0,228690,228690,733.87,459.64,42071.88,41852.11,42071.88,41852.11,15650,15850,9487.86,9487.86,0,0,0,0,0,0,0
"03494904",1,"2015","2014",2,0,0,"3",-0.4,-0.4,"0","T",0,0,0,"D",0,"D",0,"D",0,"D",0,"D",5000,"D",0,"D",0,"D",12132,"D",0,"D",0,"D",0,"D",0,"D",0,"D",0,0,0,0,0,0,0,0,5000,5000,0,0,0,0,0,0,0,0,0,0,5000,5000,0,0,0,0,0,0,0,0,0,0,0,0,0,0,0,0,0
"03494911",1,"2015","2014",2,0,0,"3",0.26,0.26,"31","D",0.0553,0.0553,0,"D",0,"D",0,"D",0,"D",0,"D",96696,"D",0,"D",0,"D",0,"D",16180,"D",0,"D",0,"D",0,"D",16740,"D",6922,1794,7060.56,6852.56,1793.95,1793.95,0,0,96696,96696,96696.01,96696.01,0,0,0,0,0,0,0,0,79956,79956,115.05,12.75,6945.51,6839.81,6945.51,6839.81,0,0,0,0,0,0,0,0,0,0,0
"03494941",1,"2015","2014",3,0.153,0.153,"2",0.3,0.2919,"03","D",0.0325,0.0325,0,"D",0,"D",77745,"D",44922,"D",0,"D",0,"D",0,"D",0,"D",0,"D",1400,"D",0,"D",0,"D",3,"D",8160,"D",11807,2956,11945.95,11737.6,2959.53,2954.83,18768.05,18768.05,122667,122667,122667.01,122667.01,2366.65,2366.65,0,0,0,0,0,0,114507,122667,0,0,14312.6,14104.25,14312.6,14104.25,10018,10182,12516.61,12512.11,0,0,0,0,0,0,0
"03494961",1,"2015","2014",0,0.153,0.153,"2",0.1423,0.1422,"22","D",0.0515,0.052,0,"D",0,"D",60000,"D",44187,"D",0,"D",0,"D",0,"D",0,"D",0,"D",13200,"D",20,"D",0,"D",0,"D",10396,"D",9265,4722,9280.33,9257.19,4752.12,4706.43,15940.61,15940.61,104187,104187,104187.01,104187.01,0,0,0,0,0,0,0,0,93791,93791,0,0,9280.33,9257.19,9280.33,9257.19,0,0,0,0,0,0,0,0,0,0,0
"03494971",1,"2015","2014",2,0.153,0.153,"2",0.15,0.15,"50","D",0.0707,0.0707,0,"D",0,"D",13343,"D",77529,"D",684,"D",0,"D",0,"D",0,"D",0,"D",2300,"D",1749,"D",320,"D",2,"D",0,"D",6482,4189,6531.9,6456.9,4209.47,4179.27,13903.42,13903.42,91556,91556,91236.01,91236.01,2000,2000,0,0,64,64,0,0,91556,91556,0,0,8595.9,8520.9,8595.9,8520.9,4219.3,4594.56,0,0,0,0,0,0,0,0,0
"03494971",2,"2015","2014",0,0.153,0.153,"1",0.15,0.15,"50","D",0.0654,0.0654,0,"D",0,"D",27150,"D",0,"D",0,"D",0,"D",0,"D",0,"D",0,"D",0,"D",0,"D",0,"D",0,"D",0,"D",2076,832,2096.25,2066.25,842.51,827.44,4153.95,4153.95,27150,27150,27150.01,27150.01,0,0,0,0,0,0,0,0,27150,27150,0,0,2096.25,2066.25,2096.25,2066.25,8586,8785.65,0,0,0,0,0,0,0,0,0
"03494981",1,"2015","2014",0,0.153,0.153,"2",0.1405,0.1405,"45","D",0.063,0.063,2,"D",1,"D",23959,"D",22660,"D",15000,"D",0,"D",19687,"D",0,"D",0,"D",1600,"D",65,"D",0,"D",0,"D",11148,"D",7201,3452,7219.7,7191.21,3458.62,3448.53,7132.71,7132.71,78352.95,78352.95,78352.96,78352.96,0,0,0,0,0,0,0,0,67204.95,67204.95,0,0,7219.7,7191.21,7219.7,7191.21,0,0,0,0,0,0,0,0,0,0,0
"03495001",1,"2015","2014",0,0.153,0.153,"1",0.25,0.25,"03","D",0.0424,0.0424,0,"D",0,"D",60000,"D",0,"D",-50,"D",0,"D",0,"D",0,"D",0,"D",60,"D",0,"D",0,"D",0,"D",0,"D",8240,1643,8306.25,8206.25,1651.46,1638.38,9180,9180,59950,59950,59950.01,59950.01,0,0,0,0,0,0,0,0,59950,59950,0,0,8306.25,8206.25,8306.25,8206.25,5009,5091,1711.46,1698.38,0,0,0,0,0,0,0
"03495021",1,"2015","2014",0,0.153,0.153,"1",0.2267,0.2267,"05","D",0.093,0.093,0,"D",0,"D",95000,"D",0,"D",0,"D",0,"D",0,"D",0,"D",0,"D",5000,"D",3740,"D",0,"D",0,"D",20580,"D",10367,3487,10411.49,10344.83,3509.03,3475.67,14535,14535,95000,95000,95000.01,95000.01,0,0,0,0,0,0,0,0,74420,74420,0,0,10411.49,10344.83,10411.49,10344.83,3992,4044,29320,29320,0,0,0,0,0,0,0
"03495061",1,"2015","2014",0,0.153,0.153,"1",0.25,0.25,"12","D",0.0763,0.0763,0,"D",0,"D",65000,"D",0,"D",0,"D",0,"D",0,"D",0,"D",16800,"D",0,"D",0,"D",0,"D",0,"D",0,"D",9502,4178,9568.75,9468.75,4178.22,4178.22,9945,9945,65000,65000,65000.01,65000.01,0,0,0,0,0,0,0,0,65000,65000,0,0,9568.75,9468.75,9568.75,9468.75,2200,2200,4163.65,4163.65,0,0,0,0,0,0,0
"03495071",1,"2015","2014",0,0.153,0.153,"1",0.2484,0.2484,"10","D",0,0,0,"D",0,"D",60000,"D",0,"D",0,"D",0,"D",0,"D",0,"D",0,"D",2800,"D",0,"D",0,"D",0,"D",5820,"D",7498,0,7548.12,7473.12,0,0,9180,9180,60000,60000,0,0,0,0,0,0,0,0,0,0,54180,54180,0,0,7548.12,7473.12,7548.12,7473.12,0,0,0,0,0,0,0,0,0,0,0
"03495071",2,"2015","2014",0,0.153,0.153,"1",0,0,"10","D",0,0,0,"D",0,"D",7040,"D",0,"D",0,"D",0,"D",0,"D",0,"D",0,"D",0,"D",0,"D",0,"D",0,"D",0,"D",-501,0,-496,-503,0,0,1077.12,1077.12,7040,7040,0,0,0,0,0,0,0,0,496,503,7040,7040,0,0,0,0,0,0,0,0,0,0,0,0,0,0,0,0,0
"03495081",1,"2015","2014",0,0.153,0.153,"1",0.1429,0.1429,"21","D",0.0475,0.0475,0,"D",0,"D",36000,"D",0,"D",400,"D",0,"D",0,"D",0,"D",0,"D",6500,"D",3640,"D",0,"D",0,"D",2802,"D",2326,910,2335.99,2320.99,909.76,909.76,5508,5508,36400,36400,36400.01,36400.01,0,0,0,0,0,0,0,0,33598,33598,0,0,2335.99,2320.99,2335.99,2320.99,2000,2000,12942,12942,0,0,0,0,0,0,0
"03495091",1,"2015","2014",1,0.153,0.153,"3",0.2598,0.2598,"01","D",0.0642,0.0642,0,"D",0,"D",24313,"D",0,"D",271,"D",0,"D",0,"D",0,"D",5400,"D",0,"D",103,"D",0,"D",0,"D",0,"D",-1554,844,-1467.31,-1597.45,844.34,844.34,3719.89,3719.89,24584,24584,24584.01,24584.01,0,0,0,0,0,0,2225.71,2330.85,24584,24584,0,0,758.4,733.4,758.4,733.4,3397.18,3397.18,1962.95,1962.95,0,0,0,0,0,0,0
"03495091",3,"2015","2014",0,0,0,"1",0,0,"01","D",0,0,1,"D",1,"D",0,"D",0,"D",0,"D",0,"D",5760,"D",0,"D",0,"D",0,"D",0,"D",0,"D",0,"D",0,"D",0,0,0,0,0,0,0,0,0,0,0.01,0.01,0,0,0,0,0,0,0,0,0,0,0,0,0,0,0,0,2500,2500,0,0,0,0,0,0,0,0,0
"03495101",1,"2015","2014",1,0.153,0.153,"2",0.2598,0.2598,"34","D",0.0575,0.058,0,"D",0,"D",25000,"D",0,"D",0,"D",0,"D",0,"D",0,"D",7200,"D",0,"D",0,"D",0,"D",0,"D",0,"D",-3053,577,-2951.95,-3103.27,580,575,3825,3825,25000,25000,25000.01,25000.01,0,0,0,0,0,0,3026.95,3143.27,25000,25000,0,0,75,40,75,40,15000,15000,0,0,0,0,0,0,0,0,0
"03495101",2,"2015","2014",0,0.153,0.153,"1",0.15,0.15,"34","D",0.0575,0.058,0,"D",0,"D",28000,"D",0,"D",0,"D",0,"D",0,"D",0,"D",0,"D",0,"D",0,"D",0,"D",0,"D",0,"D",2204,1182,2223.75,2193.75,1189,1178.75,4284,4284,28000,28000,28000.01,28000.01,0,0,0,0,0,0,0,0,28000,28000,0,0,2223.75,2193.75,2223.75,2193.75,7500,7500,0,0,0,0,0,0,0,0,0
"03495111",1,"2015","2014",0,0.153,0.153,"2",0,0,"37","D",0,0,2,"D",2,"D",9544,"D",0,"D",0,"D",0,"D",32300,"D",0,"D",0,"D",3000,"D",280,"D",0,"D",0,"D",7800,"D",0,-80,0,0,-80,-80,1460.23,1460.23,9544,9544,9544.01,9544.01,0,0,0,0,0,0,0,0,9544,9544,0,0,0,0,0,0,12400,12600,0,0,0,0,0,0,0,0,0
"03495141",1,"2015","2014",0,0,0,"1",0.25,0.25,"02","D",0,0,1,"D",1,"D",0,"D",0,"D",42874,"D",10000,"D",19162,"D",0,"D",0,"D",2700,"D",800,"D",0,"D",0,"D",11828,"D",8277,0,8326.93,8251.93,0,0,0,0,69161.7,69161.7,0,0,0,0,0,0,0,0,0,0,57333.7,57333.7,0,0,8326.93,8251.93,8326.93,8251.93,0,0,0,0,0,0,0,0,0,0,0
"03495151",1,"2015","2014",0,0,0,"1",0,0,"28","D",0,0,1,"D",1,"D",0,"D",0,"D",3600,"D",0,"D",17746,"D",0,"D",0,"D",1300,"D",781,"D",0,"D",0,"D",0,"D",0,0,0,0,0,0,0,0,3600,3600,3600.01,3600.01,0,0,0,0,0,0,0,0,3600,3600,0,0,0,0,0,0,7750,7850,0,0,0,0,0,0,0,0,0
"03495161",1,"2015","2014",0,0.153,0.153,"1",0.25,0.25,"24","D",0.0705,0.0705,0,"D",0,"D",52542,"D",0,"D",0,"D",0,"D",0,"D",0,"D",9600,"D",0,"D",0,"D",0,"D",0,"D",2400,"D",6388,2558,6454.25,6354.25,2568.83,2552.91,8038.93,8038.93,52542,52542,52542.01,52542.01,0,0,0,0,0,0,0,0,52542,52542,0,0,6454.25,6354.25,6454.25,6354.25,6200,6300,0,0,0,0,0,0,0,0,0
"03495161",2,"2015","2014",0,0.153,0.153,"1",0.1765,0.1765,"24","D",0.0736,0.0736,0,"D",0,"D",12682,"D",0,"D",0,"D",0,"D",0,"D",0,"D",0,"D",0,"D",0,"D",0,"D",0,"D",0,"D",85,89,106.96,74.25,96.96,84.32,1940.35,1940.35,12682,12682,12682.01,12682.01,0,0,0,0,0,0,146.24,163.95,12682,12682,0,0,253.2,238.2,253.2,238.2,6200,6300,0,0,0,0,0,0,38.5,43.12,0
"03495161",3,"2015","2014",0,0.153,0.153,"1",0.0765,0.0765,"24","D",0.0201,0.0201,0,"D",0,"D",9496,"D",0,"D",0,"D",0,"D",0,"D",0,"D",0,"D",0,"D",0,"D",0,"D",0,"D",0,"D",-402,-106,-389.97,-407.68,-102.54,-107.16,1452.89,1452.89,9496,9496,9496.01,9496.01,0,0,0,0,0,0,389.97,407.68,9496,9496,0,0,0,0,0,0,6200,6300,0,0,0,0,0,0,102.54,107.16,0
"03495171",1,"2015","2014",0,0.153,0.153,"2",0.185,0.185,"47","D",0,0,2,"D",2,"D",0,"D",27442,"D",0,"D",0,"D",35343,"D",0,"D",0,"D",500,"D",36,"D",0,"D",0,"D",2004,"D",1142,0,1168.85,1128.85,0,0,4198.63,4198.63,34388.48,34388.48,3442.01,3442.01,0,0,0,0,0,0,0,0,34388.48,34388.48,0,0,1168.85,1128.85,1168.85,1128.85,6000,6000,0,0,0,0,0,0,0,0,0
"03495211",1,"2015","2014",2,0.039,0.039,"2",0.363,0.363,"11","D",0.06,0.06,0,"D",0,"D",228786,"D",20000,"D",6900,"D",0,"D",0,"D",0,"D",0,"D",5500,"D",0,"D",0,"D",2,"D",14736,"D",46677,13063,47006.32,46512.32,13063,13063,24202.79,24388.79,255686,255686,255686.01,255686.01,0,0,0,0,0,0,0,0,240950,240950,1698.89,1456.39,45091.36,44839.86,45091.36,44839.86,3000,3000,20236,20236,0,0,0,0,0,0,0
"03495251",1,"2015","2014",0,0.153,0.153,"1",0.1454,0.1454,"39","D",0.0307,0.0307,0,"D",0,"D",30000,"D",0,"D",0,"D",0,"D",0,"D",0,"D",0,"D",1500,"D",0,"D",0,"D",0,"D",6148,"D",2158,921,2168.4,2153.4,921,921,4590,4590,30000,30000,30000.01,30000.01,0,0,0,0,0,0,0,0,23852,23852,0,0,2168.4,2153.4,2168.4,2153.4,0,0,0,0,0,0,0,0,0,0,0
"03495271",1,"2015","2014",2,0,0,"3",-0.4,-0.4,"05","D",0,0,0,"D",0,"D",0,"D",0,"D",0,"D",0,"D",0,"D",0,"D",4800,"D",0,"D",0,"D",0,"D",0,"D",727,"D",0,0,0,0,0,0,0,0,0,0,0.01,0.01,0,0,0,0,0,0,0,0,0,0,0,0,0,0,0,0,7984,8088,727,727,0,0,0,0,0,0,0
"03495281",1,"2015","2014",0,0.153,0.153,"2",0.25,0.25,"0","T",0,0,0,"D",0,"D",81388,"D",41156,"D",0,"D",0,"D",0,"D",0,"D",0,"D",2000,"D",0,"D",0,"D",0,"D",0,"D",17140,0,17273.5,17073.5,0,0,18749.23,18749.23,122544,122544,0,0,0,0,0,0,0,0,0,0,122544,122544,0,0,17273.5,17073.5,17273.5,17073.5,0,0,0,0,0,0,0,0,0,0,0
"03495291",1,"2015","2014",2,0,0,"3",-0.4,-0.4,"28","D",-0.04,-0.04,0,"D",0,"D",0,"D",0,"D",932,"D",0,"D",0,"D",0,"D",0,"D",1300,"D",93,"D",0,"D",0,"D",1219,"D",0,0,0,0,0,0,0,0,932,932,932.01,932.01,0,0,0,0,0,0,0,0,932,932,0,0,0,0,0,0,9100,9250,0,0,0,0,0,0,0,0,0
"03495301",1,"2015","2014",1,0.153,0.153,"2",0.2598,0.2598,"33","D",0.0879,0.0879,0,"D",0,"D",15738,"D",16801,"D",0,"D",0,"D",0,"D",0,"D",13224,"D",0,"D",0,"D",0,"D",1,"D",0,"D",-2094,-270,-1993.32,-2144.64,-241.1,-284,4978.47,4978.47,32539,32539,32539.01,32539.01,828.9,793.9,171.1,206.1,0,0,1822.22,1938.54,32539,32539,0,0,828.9,793.9,828.9,793.9,15650,15850,0,0,0,0,0,0,546.66,581.56,0
"03495311",1,"2015","2014",0,0.153,0.153,"1",0.25,0.25,"0","T",0,0,0,"D",0,"D",60231,"D",0,"D",0,"D",0,"D",0,"D",0,"D",10200,"D",0,"D",10,"D",0,"D",0,"D",0,"D",8310,0,8376.5,8276.5,0,0,9215.34,9215.34,60231,60231,0,0,0,0,0,0,0,0,0,0,60231,60231,0,0,8376.5,8276.5,8376.5,8276.5,0,0,0,0,0,0,0,0,0,0,0
"03495321",1,"2015","2014",0,0.153,0.153,"1",0,0,"26","D",0.0131,0.0131,1,"D",1,"D",2000,"D",0,"D",0,"D",0,"D",18310,"D",0,"D",0,"D",2800,"D",1016,"D",0,"D",0,"D",1640,"D",0,-833,0,0,-833.42,-833.42,306,306,2000,2000,2000.01,2000.01,0,0,0,0,0,0,0,0,2000,2000,0,0,0,0,0,0,7750,7850,0,0,833.42,833.42,0,0,0,0,0
"03495331",1,"2015","2014",0,0,0,"1",0,0,"14","D",0,0,1,"D",1,"D",0,"D",0,"D",180,"D",1505,"D",23602,"D",0,"D",0,"D",9570,"D",63,"D",0,"D",0,"D",0,"D",0,0,0,0,0,0,0,0,1685,1685,180.01,180.01,0,0,0,0,0,0,0,0,1685,1685,0,0,0,0,0,0,0,0,0,0,0,0,0,0,0,0,0
"03495363",1,"2015","2014",1,0.038,0.038,"3",0.35,0.35,"12","D",0.0785,0.0785,0,"D",0,"D",228786,"D",0,"D",0,"D",0,"D",0,"D",0,"D",43356,"D",3000,"D",0,"D",0,"D",0,"D",0,"D",53153,16260,53430.1,53015.1,16260.35,16260.35,21401.87,21587.87,228786,228786,228786.01,228786.01,0,0,0,0,0,0,0,0,228786,228786,3284.72,3266.22,50145.38,49748.88,50145.38,49748.88,3212,3212,17296.29,17296.29,0,0,0,0,0,0,0
"03495401",1,"2015","2014",0,0,0,"1",0,0,"36","D",0,0,1,"D",1,"D",0,"D",0,"D",800,"D",0,"D",22162,"D",0,"D",0,"D",2700,"D",467,"D",0,"D",0,"D",240,"D",0,0,0,0,0,0,0,0,800,800,800.01,800.01,0,0,0,0,0,0,0,0,800,800,0,0,0,0,0,0,0,0,0,0,0,0,0,0,0,0,0
"03495411",1,"2015","2014",0,0,0,"1",-0.0765,-0.0765,"39","D",0,0,0,"D",0,"D",0,"D",0,"D",0,"D",0,"D",9686,"D",0,"D",15660,"D",0,"D",0,"D",0,"D",0,"D",0,"D",0,0,0,0,0,0,0,0,0,0,0.01,0.01,0,0,0,0,0,0,0,0,0,0,0,0,0,0,0,0,0,0,0,0,0,0,0,0,0,0,0
"03495421",1,"2015","2014",2,0,0,"3",0,0,"11","D",0,0,0,"D",0,"D",0,"D",0,"D",7800,"D",0,"D",0,"D",0,"D",0,"D",6000,"D",112,"D",0,"D",0,"D",0,"D",0,0,0,0,0,0,0,0,7800,7800,7800.01,7800.01,0,0,0,0,0,0,0,0,7800,7800,0,0,0,0,0,0,2300,2300,0,0,0,0,0,0,0,0,0
"03495431",1,"2015","2014",0,0.153,0.153,"2",0.231,0.231,"24","D",0.0762,0.0762,0,"D",0,"D",41792,"D",102345,"D",30,"D",0,"D",0,"D",0,"D",0,"D",3100,"D",250,"D",0,"D",0,"D",7120,"D",21086,7903,21179.09,21039.63,7930.62,7888.48,22052.96,22052.96,144167,144167,144167.01,144167.01,0,0,0,0,0,0,0,0,137047,137047,0,0,21179.09,21039.63,21179.09,21039.63,0,0,18400.62,18358.48,0,0,0,0,0,0,0
"03495451",1,"2015","2014",0,0.153,0.153,"2",0.1394,0.2324,"24","D",0.0705,0.0705,0,"D",0,"D",55000,"D",43500,"D",0,"D",0,"D",0,"D",0,"D",0,"D",2600,"D",3480,"D",0,"D",0,"D",5348,"D",10274,4652,10337.13,10242.05,4673.5,4641.65,15070.5,15070.5,98500,98500,98500.01,98500.01,0,0,0,0,0,0,0,0,93152,93152,0,0,10337.13,10242.05,10337.13,10242.05,0,0,16101.5,16069.65,0,0,0,0,0,0,0
"03495471",1,"2015","2014",0,0.153,0.153,"2",0.15,0.15,"06","D",0.0463,0.0463,0,"D",0,"D",35000,"D",17052,"D",0,"D",0,"D",0,"D",0,"D",0,"D",900,"D",0,"D",0,"D",0,"D",5236,"D",3815,1437,3855.3,3795.3,1470.12,1420.23,7963.96,7963.96,52052,52052,0,0,0,0,0,0,0,0,0,0,52052,52052,0,0,3855.3,3795.3,3855.3,3795.3,0,0,0,0,0,0,0,0,0,0,0
"03495471",2,"2015","2014",0,0.153,0.153,"1",0.15,0.15,"06","D",0.0463,0.0463,0,"D",0,"D",34834,"D",0,"D",0,"D",0,"D",0,"D",0,"D",0,"D",0,"D",0,"D",0,"D",0,"D",0,"D",3229,1130,3248.85,3218.85,1142.87,1122.92,5329.6,5329.6,34834,34834,0,0,0,0,0,0,0,0,0,0,34834,34834,0,0,3248.85,3218.85,3248.85,3218.85,0,0,0,0,0,0,0,0,0,0,0
"03495471",3,"2015","2014",0,0.153,0.153,"1",0.15,0.15,"06","D",0.0463,0.0463,0,"D",0,"D",32000,"D",0,"D",0,"D",0,"D",0,"D",0,"D",0,"D",0,"D",0,"D",0,"D",0,"D",0,"D",2804,998,2823.75,2793.75,1011.66,991.71,4896,4896,32000,32000,0,0,0,0,0,0,0,0,0,0,32000,32000,0,0,2823.75,2793.75,2823.75,2793.75,0,0,0,0,0,0,0,0,0,0,0
"03495491",1,"2015","2014",0,0.153,0.153,"1",0.143,0.143,"26","D",0.0468,0.0468,0,"D",0,"D",37000,"D",0,"D",0,"D",0,"D",0,"D",0,"D",0,"D",1200,"D",0,"D",0,"D",0,"D",6432,"D",3191,1050,3201.59,3186.45,1049.15,1050.06,5661,5661,37000,37000,37000.01,37000.01,0,0,0,0,0,0,0,0,30568,30568,0,0,3201.59,3186.45,3201.59,3186.45,0,0,10462.5,10462.5,0,0,0,0,0,0,0
"03495511",1,"2015","2014",0,0.153,0.153,"1",0.15,0.15,"44","D",0,0,0,"D",0,"D",24000,"D",0,"D",0,"D",0,"D",0,"D",0,"D",9600,"D",0,"D",70,"D",0,"D",0,"D",0,"D",1604,0,1623.75,1593.75,0,0,3672,3672,24000,24000,0,0,0,0,0,0,0,0,0,0,24000,24000,0,0,1623.75,1593.75,1623.75,1593.75,0,0,0,0,0,0,0,0,0,0,0
"03495521",1,"2015","2014",0,0.153,0.153,"1",0.25,0.25,"05","D",0.093,0.093,0,"D",0,"D",64352,"D",0,"D",0,"D",0,"D",0,"D",0,"D",0,"D",2000,"D",0,"D",0,"D",0,"D",0,"D",9340,2989,9406.75,9306.75,3014.27,2976.08,9845.86,9845.86,64352,64352,64352.01,64352.01,0,0,0,0,0,0,0,0,64352,64352,0,0,9406.75,9306.75,9406.75,9306.75,3992,4044,2000,2000,0,0,0,0,0,0,0
"03495521",2,"2015","2014",0,0.153,0.153,"1",0.25,0.25,"05","D",0.093,0.093,0,"D",0,"D",57854,"D",0,"D",0,"D",0,"D",0,"D",0,"D",0,"D",0,"D",0,"D",0,"D",0,"D",0,"D",7716,2384,7782.25,7682.25,2409.96,2371.76,8851.66,8851.66,57854,57854,57854.01,57854.01,0,0,0,0,0,0,0,0,57854,57854,0,0,7782.25,7682.25,7782.25,7682.25,3992,4044,0,0,0,0,0,0,0,0,0
"03495521",3,"2015","2014",0,0.153,0.153,"1",0.15,0.15,"05","D",0.06,0.06,0,"D",0,"D",33987,"D",0,"D",0,"D",0,"D",0,"D",0,"D",0,"D",0,"D",0,"D",0,"D",0,"D",0,"D",3102,655,3121.8,3091.8,666.84,649.41,5200.01,5200.01,33987,33987,33987.01,33987.01,0,0,0,0,0,0,0,0,33987,33987,0,0,3121.8,3091.8,3121.8,3091.8,3992,4044,0,0,0,0,0,0,0,0,0
"03495534",1,"2015","2014",3,0.153,0.153,"2",0.15,0.15,"0","T",0,0,0,"D",0,"D",52000,"D",1600,"D",0,"D",0,"D",0,"D",0,"D",7960,"D",0,"D",0,"D",0,"D",3,"D",0,"D",-745,0,-690,-772.5,0,0,8200.8,8200.8,53600,53600,0,0,2310,2227.5,690,772.5,0,0,0,0,53600,53600,0,0,2310,2227.5,2310,2227.5,0,0,0,0,0,0,0,0,0,0,0
"03495541",1,"2015","2014",0,0.153,0.153,"1",0.2393,0.2393,"19","D",0.0431,0.0431,0,"D",0,"D",98278,"D",0,"D",125,"D",0,"D",0,"D",0,"D",10500,"D",0,"D",30,"D",0,"D",0,"D",13460,"D",15288,3041,15339.93,15262.43,3034.69,3044.74,15036.53,15036.53,98403,98403,98403.01,98403.01,0,0,0,0,0,0,0,0,84943,84943,0,0,15339.93,15262.43,15339.93,15262.43,0,0,0,0,0,0,0,0,0,0,0
"03495551",1,"2015","2014",3,0.153,0.153,"2",0.3,0.2824,"24","D",0.0705,0.0705,0,"D",0,"D",2275,"D",107281,"D",2371,"D",0,"D",0,"D",0,"D",0,"D",4500,"D",1722,"D",0,"D",3,"D",1224,"D",8590,4983,8739.34,8515.6,5009.06,4969.49,16762.07,16762.07,111927,111927,111927.01,111927.01,2903.65,2903.65,0,0,0,0,0,0,110703,111927,0,0,11642.99,11419.25,11642.99,11419.25,0,12600,12455.06,0,0,0,0,0,0,0,0
"03495561",1,"2015","2014",0,0,0,"1",0.1,0.1,"38","D",0.0744,0.0744,1,"D",1,"D",0,"D",0,"D",0,"D",18000,"D",13582,"D",0,"D",0,"D",5000,"D",969,"D",0,"D",0,"D",1080,"D",620,462,630,615,465.38,460.19,0,0,18000,18000,18000.01,18000.01,0,0,0,0,0,0,0,0,18000,18000,0,0,630,615,630,615,3315.6,3344.96,7510.27,7505.13,0,0,0,0,0,0,0
"03495561",2,"2015","2014",0,0.153,0.153,"1",0.25,0.25,"38","D",0.09,0.09,0,"D",0,"D",54310,"D",0,"D",0,"D",0,"D",0,"D",0,"D",0,"D",0,"D",0,"D",0,"D",0,"D",0,"D",6830,3692,6896.25,6796.25,3704,3685.35,8309.43,8309.43,54310,54310,54310.01,54310.01,0,0,0,0,0,0,0,0,54310,54310,0,0,6896.25,6796.25,6896.25,6796.25,2115.6,2144.96,0,0,0,0,0,0,0,0,0
"03495561",3,"2015","2014",0,0.153,0.153,"1",0.25,0.25,"38","D",0.09,0.09,0,"D",0,"D",58113,"D",0,"D",0,"D",0,"D",0,"D",0,"D",0,"D",0,"D",0,"D",0,"D",0,"D",0,"D",7780,4034,7847,7747,4046.27,4027.62,8891.29,8891.29,58113,58113,58113.01,58113.01,0,0,0,0,0,0,0,0,58113,58113,0,0,7847,7747,7847,7747,2115.6,2144.96,0,0,0,0,0,0,0,0,0
"03495591",1,"2015","2014",0,0.153,0.153,"1",0.1,0.1,"33","D",0.0404,0.0454,0,"D",0,"D",16261,"D",0,"D",0,"D",0,"D",0,"D",0,"D",9480,"D",0,"D",0,"D",0,"D",0,"D",0,"D",601,290,611.1,596.1,292.81,288,2487.93,2487.93,16261,16261,16261.01,16261.01,0,0,0,0,0,0,0,0,16261,16261,0,0,611.1,596.1,611.1,596.1,7800,7900,0,0,0,0,0,0,0,0,0
"03495622",1,"2015","2014",0,0.153,0.153,"1",0.1,0.15,"50","D",0.1151,0.1151,0,"D",0,"D",19000,"D",0,"D",300,"D",0,"D",0,"D",0,"D",4260,"D",0,"D",0,"D",0,"D",0,"D",0,"D",906,177,918.75,900,182.49,174.51,2907,2907,19300,19300,19300.01,19300.01,0,0,0,0,0,0,0,0,19300,19300,0,0,918.75,900,918.75,900,9528,9727.65,0,0,78.58,78.58,0,0,0,0,0
"03495622",2,"2015","2014",0,0.153,0.153,"1",0.1,0.1,"50","D",0.0448,0.0448,0,"D",0,"D",16000,"D",0,"D",0,"D",0,"D",0,"D",0,"D",0,"D",0,"D",0,"D",0,"D",0,"D",0,"D",575,210,585,570,215.04,207.05,2448,2448,16000,16000,16000.01,16000.01,0,0,0,0,0,0,0,0,16000,16000,0,0,585,570,585,570,9924,10123.65,0,0,0,0,0,0,0,0,0
"03495651",1,"2015","2014",3,0.153,0.153,"3",0.0606,0.0606,"45","D",0,0,0,"D",0,"D",20000,"D",0,"D",0,"D",0,"D",0,"D",0,"D",9924,"D",0,"D",100,"D",0,"D",3,"D",0,"D",-8347,0,-8236,-8402.39,0,0,3060,3060,20000,20000,20000.01,20000.01,0,0,2550,2550,0,0,5686,5852.39,20000,20000,0,0,0,0,0,0,0,0,0,0,0,0,0,0,0,0,0
"03495661",1,"2015","2014",0,0,0,"1",0,0,"0","T",0,0,1,"D",1,"D",0,"D",0,"D",0,"D",0,"D",6514,"D",0,"D",0,"D",0,"D",22,"D",0,"D",0,"D",0,"D",0,0,0,0,0,0,0,0,0,0,0,0,0,0,0,0,0,0,0,0,0,0,0,0,0,0,0,0,0,0,0,0,0,0,0,0,0,0,0
"03495671",1,"2015","2014",2,0,0,"3",0,0,"05","D",0,0,0,"D",0,"D",0,"D",0,"D",14595,"D",0,"D",0,"D",0,"D",0,"D",1700,"D",1607,"D",0,"D",0,"D",6636,"D",0,0,0,0,0,0,0,0,14595,14595,14595.01,14595.01,0,0,0,0,0,0,0,0,14595,14595,0,0,0,0,0,0,7984,8088,9943,9943,0,0,0,0,0,0,0
"03495682",1,"2015","2014",0,0,0,"1",-0.0765,-0.0765,"10","D",0,0,0,"D",0,"D",0,"D",0,"D",0,"D",0,"D",6737,"D",0,"D",0,"D",0,"D",0,"D",0,"D",0,"D",0,"D",0,0,0,0,0,0,0,0,0,0,0,0,0,0,0,0,0,0,0,0,0,0,0,0,0,0,0,0,0,0,0,0,0,0,0,0,0,0,0
"03495691",1,"2015","2014",0,0,0,"1",0,0,"47","D",0,0,1,"D",1,"D",0,"D",0,"D",0,"D",0,"D",14662,"D",0,"D",1784,"D",0,"D",119,"D",0,"D",0,"D",40,"D",0,0,0,0,0,0,0,0,0,0,0.01,0.01,0,0,0,0,0,0,0,0,0,0,0,0,0,0,0,0,0,0,0,0,0,0,0,0,0,0,0
"03495731",1,"2015","2014",0,0.153,0.153,"2",0.15,0.15,"19","D",0.034,0.034,0,"D",0,"D",42870,"D",47187,"D",0,"D",0,"D",0,"D",0,"D",0,"D",800,"D",99,"D",0,"D",0,"D",7824,"D",9516,2542,9556.05,9496.05,2540.04,2542.44,13778.72,13778.72,90057,90057,90057.01,90057.01,0,0,0,0,0,0,0,0,90057,90057,0,0,9556.05,9496.05,9556.05,9496.05,0,0,0,0,0,0,0,0,0,0,0
"03495761",1,"2015","2014",0,0,0,"1",-0.0765,-0.0765,"33","D",-0.0229,-0.0229,0,"D",0,"D",0,"D",0,"D",0,"D",0,"D",0,"D",0,"D",2832,"D",0,"D",0,"D",0,"D",0,"D",0,"D",0,0,0,0,0,0,0,0,0,0,0.01,0.01,0,0,0,0,0,0,0,0,0,0,0,0,0,0,0,0,7800,7900,0,0,0,0,0,0,0,0,0
"03495851",1,"2015","2014",0,0.153,0.153,"2",0.1,0.1,"10","D",0,0,0,"D",0,"D",40000,"D",0,"D",-1600,"D",0,"D",0,"D",0,"D",0,"D",360,"D",3410,"D",0,"D",0,"D",0,"D",1790,0,1810,1780,0,0,6120,6120,38400,38400,0,0,0,0,0,0,0,0,0,0,38400,38400,0,0,1810,1780,1810,1780,0,0,0,0,0,0,0,0,0,0,0
"03495911",1,"2015","2014",0,0.153,0.153,"1",-0.0765,-0.0765,"05","D",0,0,0,"D",0,"D",2200,"D",0,"D",0,"D",0,"D",0,"D",0,"D",19200,"D",0,"D",0,"D",0,"D",0,"D",240,"D",-168,0,-168.3,-168.3,0,0,336.6,336.6,2200,2200,2200.01,2200.01,0,0,0,0,0,0,168.3,168.3,2200,2200,0,0,0,0,0,0,3992,4044,240,240,0,0,0,0,0,0,0
"03495921",1,"2015","2014",2,0,0,"3",-0.4,-0.4,"33","D",-0.12,-0.12,0,"D",0,"D",0,"D",0,"D",0,"D",0,"D",0,"D",0,"D",0,"D",8300,"D",600,"D",0,"D",0,"D",7042,"D",0,-275,0,0,-275,-275,0,0,0,0,0.01,0.01,0,0,0,0,0,0,0,0,0,0,0,0,0,0,0,0,10950,11100,0,0,75,75,0,0,0,0,0
"03495931",1,"2015","2014",0,0.153,0.153,"2",0.2622,0.2622,"31","D",0.0637,0.0637,0,"D",0,"D",82687,"D",104209,"D",-6000,"D",0,"D",0,"D",0,"D",0,"D",9400,"D",150,"D",0,"D",0,"D",0,"D",30865,7137,31013.63,30790.13,7136.6,7136.6,28595.09,28595.09,180896,180896,186896.01,186896.01,0,0,0,0,0,0,0,0,180896,180896,0,0,31013.63,30790.13,31013.63,30790.13,0,0,0,0,0,0,0,0,0,0,0
"03495931",2,"2015","2014",0,0.153,0.153,"1",0.15,0.15,"31","D",0.035,0.035,0,"D",0,"D",40000,"D",0,"D",-3000,"D",0,"D",0,"D",0,"D",0,"D",0,"D",0,"D",0,"D",0,"D",0,"D",3554,683,3573.75,3543.75,682.5,682.5,6120,6120,37000,37000,40000.01,40000.01,0,0,0,0,0,0,0,0,37000,37000,0,0,3573.75,3543.75,3573.75,3543.75,0,0,0,0,0,0,0,0,0,0,0
"03495931",3,"2015","2014",0,0.153,0.153,"1",0.25,0.25,"31","D",0.0552,0.0552,0,"D",0,"D",65000,"D",0,"D",-5000,"D",0,"D",0,"D",0,"D",0,"D",0,"D",0,"D",0,"D",0,"D",0,"D",8252,2044,8318.75,8218.75,2043.5,2043.5,9945,9945,60000,60000,65000.01,65000.01,0,0,0,0,0,0,0,0,60000,60000,0,0,8318.75,8218.75,8318.75,8218.75,0,0,0,0,0,0,0,0,0,0,0
"03495941",1,"2015","2014",0,0,0,"2",0.25,0.25,"15","D",0.033,0.034,2,"D",2,"D",0,"D",0,"D",36700,"D",35988,"D",30284,"D",0,"D",0,"D",4300,"D",300,"D",0,"D",0,"D",300,"D",10495,2206,10644.85,10419.85,2250.39,2184.2,0,0,98429.4,98429.4,72688.01,72688.01,0,0,0,0,0,0,0,0,98429.4,98429.4,0,0,10644.85,10419.85,10644.85,10419.85,0,0,0,0,0,0,0,0,0,0,0
"03495961",1,"2015","2014",0,0,0,"1",0,0,"10","D",0,0,0,"D",0,"D",0,"D",0,"D",5002,"D",0,"D",0,"D",0,"D",7860,"D",0,"D",0,"D",0,"D",0,"D",0,"D",0,0,0,0,0,0,0,0,5002,5002,0,0,0,0,0,0,0,0,0,0,5002,5002,0,0,0,0,0,0,0,0,0,0,0,0,0,0,0,0,0
"03495991",1,"2015","2014",1,0.153,0.153,"2",0.3,0.3,"07","D",0.067,0.067,0,"D",0,"D",42000,"D",70000,"D",0,"D",0,"D",0,"D",0,"D",0,"D",2850,"D",0,"D",0,"D",1,"D",0,"D",12608,5188,12750,12537.5,5188,5188,17136,17136,112000,112000,112000.01,112000.01,900,900,0,0,0,0,0,0,112000,112000,0,0,13650,13437.5,13650,13437.5,0,0,0,0,0,0,0,0,0,0,0
"03495991",2,"2015","2014",0,0.153,0.153,"1",0.15,0.15,"07","D",0.09,0.09,0,"D",0,"D",35821,"D",0,"D",0,"D",0,"D",0,"D",0,"D",0,"D",0,"D",0,"D",0,"D",0,"D",0,"D",3377,1086,3396.9,3366.9,1086.39,1086.39,5480.61,5480.61,35821,35821,35821.01,35821.01,0,0,0,0,0,0,0,0,35821,35821,0,0,3396.9,3366.9,3396.9,3366.9,0,0,0,0,0,0,0,0,0,0,0
"03496001",1,"2015","2014",0,0.153,0.153,"1",0.1,0.1,"36","D",0.0198,0.0211,1,"D",1,"D",12000,"D",0,"D",3000,"D",0,"D",2556,"D",0,"D",0,"D",3600,"D",235,"D",0,"D",0,"D",3060,"D",320,58,330,315,63.13,54.74,1836,1836,15000,15000,15000.01,15000.01,0,0,0,0,0,0,0,0,15000,15000,0,0,330,315,330,315,0,0,0,0,0,0,0,0,0,0,0
"03496011",1,"2015","2014",0,0.153,0.153,"1",0.25,0.25,"36","D",0.0346,0.037,0,"D",0,"D",54000,"D",0,"D",0,"D",0,"D",0,"D",0,"D",5796,"D",0,"D",50,"D",0,"D",0,"D",0,"D",6752,1316,6818.75,6718.75,1373.95,1287.34,8262,8262,54000,54000,54000.01,54000.01,0,0,0,0,0,0,0,0,54000,54000,0,0,6818.75,6718.75,6818.75,6718.75,0,0,0,0,0,0,0,0,0,0,0
"03496021",1,"2015","2014",1,0.153,0.153,"2",0.15,0.15,"01","D",0.0387,0.0387,0,"D",0,"D",23000,"D",47000,"D",0,"D",302,"D",0,"D",0,"D",0,"D",0,"D",0,"D",0,"D",1,"D",0,"D",4955,2745,5000.3,4932.8,2742.34,2745.71,10710,10710,70302,70302,70302.01,70302.01,1000,1000,0,0,0,0,0,0,70302,70302,0,0,6000.3,5932.8,6000.3,5932.8,4000,4000,5355,5355,0,0,0,0,0,0,0
"03496021",2,"2015","2014",0,0.153,0.153,"1",0.1765,0.1765,"01","D",0.0412,0.0412,0,"D",0,"D",13000,"D",0,"D",0,"D",0,"D",0,"D",0,"D",0,"D",0,"D",0,"D",0,"D",0,"D",0,"D",141,403,163.09,130.38,401.85,403.48,1989,1989,13000,13000,13000.01,13000.01,0,0,0,0,0,0,121.91,139.62,13000,13000,0,0,285,270,285,270,2500,2500,994.5,994.5,0,0,0,0,0,0,0
"03496041",1,"2015","2014",0,0,0,"1",-0.0765,-0.0765,"0","T",0,0,0,"D",0,"D",0,"D",0,"D",0,"D",0,"D",20662,"D",0,"D",0,"D",600,"D",0,"D",0,"D",0,"D",0,"D",0,0,0,0,0,0,0,0,0,0,0,0,0,0,0,0,0,0,0,0,0,0,0,0,0,0,0,0,0,0,0,0,0,0,0,0,0,0,0
"03496051",1,"2015","2014",1,0.153,0.153,"3",0.15,0.25,"50","D",0.0702,0.0702,0,"D",0,"D",34623,"D",0,"D",0,"D",32000,"D",0,"D",0,"D",0,"D",4100,"D",1,"D",0,"D",0,"D",0,"D",6772,3240,6818.25,6748.45,3251.28,3233.72,5297.32,5297.32,66623,66623,66623.01,66623.01,0,0,0,0,0,0,0,0,66623,66623,0,0,6818.25,6748.45,6818.25,6748.45,3885.64,4085.91,0,0,0,0,0,0,0,0,0
"03496071",1,"2015","2014",0,0.153,0.153,"2",0.25,0.25,"10","D",0,0,0,"D",0,"D",33000,"D",85000,"D",0,"D",0,"D",0,"D",0,"D",9000,"D",0,"D",0,"D",0,"D",0,"D",0,"D",16004,0,16137.5,15937.5,0,0,18054,18054,118000,118000,0,0,0,0,0,0,0,0,0,0,118000,118000,0,0,16137.5,15937.5,16137.5,15937.5,0,0,0,0,0,0,0,0,0,0,0
"03496131",1,"2015","2014",2,0.153,0.153,"2",0.15,0.15,"50","D",0.074,0.074,0,"D",0,"D",1919,"D",52000,"D",0,"D",0,"D",0,"D",0,"D",10800,"D",0,"D",20,"D",0,"D",2,"D",120,"D",900,1747,950.35,875.35,1767.53,1737.32,8249.61,8249.61,53919,53919,53919.01,53919.01,2000,2000,0,0,0,0,0,0,53919,53919,0,0,2950.35,2875.35,2950.35,2875.35,11598.74,11974,120,120,0,0,0,0,0,0,0
"03496141",1,"2015","2014",0,0.038,0.038,"1",0.35,0.35,"05","D",0.093,0.093,0,"D",0,"D",228786,"D",0,"D",0,"D",0,"D",0,"D",0,"D",14400,"D",0,"D",80,"D",0,"D",0,"D",0,"D",53153,18390,53430.1,53015.1,18414.63,18377.44,21401.87,21587.87,228786,228786,228786.01,228786.01,0,0,0,0,0,0,0,0,228786,228786,1479.2,1320.43,51950.9,51694.67,51950.9,51694.67,3992,4044,16,16,0,0,0,0,0,0,0
"03496141",2,"2015","2014",0,0.153,0.153,"1",0.15,0.15,"05","D",0.06,0.06,0,"D",0,"D",34210,"D",0,"D",0,"D",0,"D",0,"D",0,"D",0,"D",0,"D",0,"D",0,"D",0,"D",0,"D",3135,669,3155.25,3125.25,680.22,662.79,5234.13,5234.13,34210,34210,34210.01,34210.01,0,0,0,0,0,0,0,0,34210,34210,0,0,3155.25,3125.25,3155.25,3125.25,3992,4044,0,0,0,0,0,0,0,0,0
"03496151",1,"2015","2014",0,0.153,0.153,"1",0.15,0.15,"26","D",0.051,0.051,0,"D",0,"D",23805,"D",0,"D",0,"D",0,"D",0,"D",0,"D",10212,"D",0,"D",265,"D",0,"D",0,"D",0,"D",1575,607,1594.5,1564.5,609.63,605.43,3642.16,3642.16,23805,23805,23805.01,23805.01,0,0,0,0,0,0,0,0,23805,23805,0,0,1594.5,1564.5,1594.5,1564.5,6200,6300,0,0,0,0,0,0,0,0,0
"03496171",1,"2015","2014",1,0.153,0.153,"3",0.2598,0.2598,"01","D",0.0332,0.0332,0,"D",0,"D",34000,"D",0,"D",-5667,"D",0,"D",0,"D",0,"D",0,"D",300,"D",0,"D",0,"D",0,"D",0,"D",326,1040,412.27,282.13,1035.99,1042.49,5202,5202,28333,28333,28333.01,28333.01,0,0,0,0,0,0,721.03,826.17,28333,28333,0,0,1133.3,1108.3,1133.3,1108.3,2331.67,2331.67,2901,2901,0,0,0,0,0,0,0
"03496191",1,"2015","2014",0,0.153,0.153,"2",0.15,0.15,"22","D",0.0515,0.052,0,"D",0,"D",30680,"D",29120,"D",0,"D",0,"D",0,"D",0,"D",14400,"D",0,"D",0,"D",0,"D",0,"D",5760,"D",4978,2273,5017.5,4957.5,2288,2266,9149.4,9149.4,59800,59800,59800.01,59800.01,0,0,0,0,0,0,0,0,59800,59800,0,0,5017.5,4957.5,5017.5,4957.5,0,0,0,0,0,0,0,0,0,0,0
"03496201",1,"2015","2014",5,0.153,0.153,"3",0.3098,0.3098,"21","D",0,0.1528,0,"D",0,"D",44920,"D",0,"D",0,"D",0,"D",0,"D",0,"D",0,"D",750,"D",0,"D",0,"D",2,"D",17652,"D",-2351,25,-2219.64,-2416.03,76.18,0,6872.76,6872.76,44920,44920,44920.01,44920.01,218.21,188.21,1781.79,1811.79,0,0,437.85,604.24,27268,27268,0,0,218.21,188.21,218.21,188.21,4000,4000,18402,18402,0,0,0,0,218.92,302.12,0
"03496201",3,"2015","2014",0,0.153,0.153,"1",0.1765,0.1765,"21","D",0.0786,0.0786,0,"D",0,"D",11981,"D",0,"D",0,"D",0,"D",0,"D",0,"D",0,"D",0,"D",0,"D",0,"D",0,"D",0,"D",-39,173,-16.77,-49.48,179.3,170.44,1833.09,1833.09,11981,11981,11981.01,11981.01,0,0,0,0,0,0,199.87,217.58,11981,11981,0,0,183.1,168.1,183.1,168.1,1797.15,1797.15,0,0,0,0,0,0,99.93,108.79,0
"03496201",4,"2015","2014",3,0.153,0.153,"3",-0.15,-0.15,"21","D",0,0,0,"D",0,"D",15296,"D",0,"D",0,"D",0,"D",0,"D",0,"D",0,"D",0,"D",0,"D",0,"D",2,"D",0,"D",-8053,-1573,-7987.4,-8086.4,-1535.75,-1591.71,2340.29,2340.29,15296,15296,15296.01,15296.01,0,0,1844.4,1844.4,0,0,6143,6242,15296,15296,0,0,0,0,0,0,3000,3000,0,0,0,0,0,0,4607.25,4712.71,0
"03496201",5,"2015","2014",0,0.153,0.153,"1",0.15,0.15,"21","D",0.0475,0.0475,0,"D",0,"D",27667,"D",0,"D",0,"D",0,"D",0,"D",0,"D",0,"D",0,"D",0,"D",0,"D",0,"D",0,"D",2154,1015,2173.8,2143.8,1014.68,1014.68,4233.05,4233.05,27667,27667,27667.01,27667.01,0,0,0,0,0,0,0,0,27667,27667,0,0,2173.8,2143.8,2173.8,2143.8,2000,2000,0,0,0,0,0,0,0,0,0
"03496201",6,"2015","2014",0,0.153,0.153,"1",0.1765,0.1765,"21","D",0.0857,0.0857,0,"D",0,"D",13804,"D",0,"D",0,"D",0,"D",0,"D",0,"D",0,"D",0,"D",0,"D",0,"D",0,"D",0,"D",283,320,304.99,272.28,325.99,317.13,2112.01,2112.01,13804,13804,13804.01,13804.01,0,0,0,0,0,0,60.41,78.12,13804,13804,0,0,365.4,350.4,365.4,350.4,2000,2000,0,0,0,0,0,0,30.2,39.06,0
"03496201",7,"2015","2014",0,0.153,0.153,"1",0.1765,0.1765,"21","D",0.0858,0.0857,0,"D",0,"D",13709,"D",0,"D",0,"D",0,"D",0,"D",0,"D",0,"D",0,"D",0,"D",0,"D",0,"D",0,"D",266,312,288.22,255.51,317.84,308.98,2097.48,2097.48,13709,13709,13709.01,13709.01,0,0,0,0,0,0,67.68,85.39,13709,13709,0,0,355.9,340.9,355.9,340.9,2000,2000,0,0,0,0,0,0,33.84,42.69,0
"03496201",8,"2015","2014",5,0,0,"3",-0.45,-0.45,"21","D",-0.1148,-0.1125,0,"D",0,"D",0,"D",0,"D",0,"D",0,"D",0,"D",0,"D",0,"D",0,"D",0,"D",0,"D",2,"D",0,"D",0,0,0,0,0,0,0,0,0,0,0.01,0.01,0,0,0,0,0,0,0,0,0,0,0,0,0,0,0,0,3000,3000,0,0,0,0,0,0,0,0,0
"03496233",1,"2015","2014",0,0.153,0.153,"1",0.15,0.15,"05","D",0.04,0.04,0,"D",0,"D",12000,"D",0,"D",15000,"D",0,"D",0,"D",0,"D",6000,"D",0,"D",0,"D",0,"D",0,"D",1600,"D",2054,301,2073.75,2043.75,307.38,298.53,1836,1836,27000,27000,27000.01,27000.01,0,0,0,0,0,0,0,0,27000,27000,0,0,2073.75,2043.75,2073.75,2043.75,3992,4044,1600,1600,0,0,0,0,0,0,0
"03496251",1,"2015","2014",0,0.029,0.029,"1",0.2681,0.2681,"23","D",0.0425,0.0425,0,"D",0,"D",120000,"D",0,"D",0,"D",0,"D",0,"D",0,"D",0,"D",2000,"D",10,"D",0,"D",0,"D",3824,"D",22577,4930,22655.83,22537.33,4930,4930,17988,18174,120000,120000,120000.01,120000.01,0,0,0,0,0,0,0,0,116176,116176,0,0,22655.83,22537.33,22655.83,22537.33,0,0,0,0,0,0,0,0,0,0,0
"03496271",1,"2015","2014",0,0.153,0.153,"2",0.2363,0.2363,"07","D",0.055,0.055,0,"D",0,"D",75000,"D",80000,"D",-8004,"D",0,"D",0,"D",0,"D",0,"D",14900,"D",1352,"D",0,"D",0,"D",480,"D",20326,7510,20426.06,20276.06,7509.78,7509.78,23715,23715,146996,146996,146996.01,146996.01,0,0,0,0,0,0,0,0,146516,146516,0,0,20426.06,20276.06,20426.06,20276.06,0,0,0,0,0,0,0,0,0,0,0
"03496291",1,"2015","2014",0,0.153,0.153,"1",0.15,0.15,"02","D",0,0,0,"D",0,"D",29479,"D",0,"D",4000,"D",0,"D",0,"D",0,"D",19800,"D",350,"D",502,"D",0,"D",0,"D",0,"D",3026,0,3045.6,3015.6,0,0,4510.29,4510.29,33479,33479,0,0,0,0,0,0,0,0,0,0,33479,33479,0,0,3045.6,3015.6,3045.6,3015.6,0,0,0,0,0,0,0,0,0,0,0
"03496291",2,"2015","2014",0,0.153,0.153,"1",0.25,0.25,"02","D",0,0,0,"D",0,"D",54000,"D",0,"D",0,"D",0,"D",0,"D",0,"D",0,"D",0,"D",0,"D",0,"D",0,"D",0,"D",6752,0,6818.75,6718.75,0,0,8262,8262,54000,54000,0,0,0,0,0,0,0,0,0,0,54000,54000,0,0,6818.75,6718.75,6818.75,6718.75,0,0,0,0,0,0,0,0,0,0,0
"03496311",1,"2015","2014",0,0.153,0.153,"1",-0.0765,-0.0765,"14","D",0.0298,0.0423,0,"D",0,"D",3900,"D",0,"D",0,"D",0,"D",0,"D",0,"D",11700,"D",0,"D",4,"D",0,"D",0,"D",0,"D",-298,44,-298.35,-298.35,58.92,35.79,596.7,596.7,3900,3900,3900.01,3900.01,0,0,0,0,0,0,298.35,298.35,3900,3900,0,0,0,0,0,0,0,0,0,0,0,0,0,0,29.84,29.84,0
"03496311",3,"2015","2014",0,0,0,"1",-0.0765,-0.0765,"14","D",-0.0077,-0.0077,0,"D",0,"D",0,"D",0,"D",0,"D",0,"D",0,"D",0,"D",0,"D",0,"D",0,"D",0,"D",0,"D",0,"D",0,0,0,0,0,0,0,0,0,0,0.01,0.01,0,0,0,0,0,0,0,0,0,0,0,0,0,0,0,0,0,0,0,0,0,0,0,0,0,0,0
"03496341",1,"2015","2014",5,0.153,0.153,"3",0.0606,0.0606,"39","D",0,0,0,"D",0,"D",24762,"D",0,"D",0,"D",0,"D",0,"D",0,"D",7200,"D",0,"D",0,"D",0,"D",4,"D",0,"D",-8058,0,-7947.42,-8113.81,0,0,3788.59,3788.59,24762,24762,24762.01,24762.01,0,0,3264.3,3264.3,0,0,4683.12,4849.51,24762,24762,0,0,0,0,0,0,0,0,0,0,0,0,0,0,0,0,0
"03496351",1,"2015","2014",0,0.153,0.153,"2",0.23,0.23,"05","D",0.08,0.08,2,"D",2,"D",60000,"D",25006,"D",29494,"D",0,"D",11842,"D",0,"D",0,"D",4800,"D",165,"D",0,"D",0,"D",17652,"D",14319,3224,14409.96,14272.85,3258.85,3207.32,13005.92,13005.92,124565.7,124565.7,114500.01,114500.01,0,0,0,0,0,0,0,0,106913.7,106913.7,0,0,14409.96,14272.85,14409.96,14272.85,7984,8088,22617,22617,0,0,0,0,0,0,0
"03496371",1,"2015","2014",4,0.153,0.153,"2",0.2106,0.2106,"18","D",0.058,0.058,0,"D",0,"D",35000,"D",0,"D",0,"D",0,"D",0,"D",0,"D",6000,"D",0,"D",0,"D",0,"D",4,"D",0,"D",-7791,1645,-7670.56,-7851.69,1646.8,1644.48,5355,5355,35000,35000,35000.01,35000.01,0,0,4000,4000,0,0,3670.56,3851.69,35000,35000,0,0,0,0,0,0,2400,2440,0,0,0,0,0,0,0,0,0
"03496391",1,"2015","2014",0,0.153,0.153,"2",0.23,0.23,"05","D",0.08,0.08,0,"D",0,"D",70000,"D",40000,"D",0,"D",0,"D",0,"D",0,"D",0,"D",700,"D",0,"D",0,"D",0,"D",9244,"D",13628,4096,13719.33,13581.71,4128.69,4079.16,16830,16830,110000,110000,110000.01,110000.01,0,0,0,0,0,0,0,0,100756,100756,0,0,13719.33,13581.71,13719.33,13581.71,7984,8088,9944,9944,0,0,0,0,0,0,0
"03496401",1,"2015","2014",0,0.153,0.153,"1",0.15,0.15,"10","D",0,0,0,"D",0,"D",41000,"D",0,"D",-1300,"D",0,"D",0,"D",0,"D",7200,"D",0,"D",175,"D",0,"D",0,"D",0,"D",3959,0,3978.75,3948.75,0,0,6273,6273,39700,39700,0,0,0,0,0,0,0,0,0,0,39700,39700,0,0,3978.75,3948.75,3978.75,3948.75,0,0,0,0,0,0,0,0,0,0,0
"03496401",2,"2015","2014",0,0,0,"1",-0.0765,-0.0765,"10","D",0,0,0,"D",0,"D",0,"D",0,"D",0,"D",0,"D",0,"D",0,"D",0,"D",0,"D",0,"D",0,"D",0,"D",0,"D",0,0,0,0,0,0,0,0,0,0,0,0,0,0,0,0,0,0,0,0,0,0,0,0,0,0,0,0,0,0,0,0,0,0,0,0,0,0,0
"03496411",1,"2015","2014",0,0.029,0.029,"2",0.2614,0.2614,"33","D",0.0665,0.0665,0,"D",0,"D",0,"D",228786,"D",-5402,"D",0,"D",0,"D",0,"D",0,"D",6200,"D",1357,"D",0,"D",0,"D",0,"D",41452,13805,41598.55,41378.78,13814.31,13801.01,21142.79,21328.79,223384,223384,223384.01,223384.01,0,0,0,0,0,0,0,0,223384,223384,0,0,41598.55,41378.78,41598.55,41378.78,15650,15850,6673.44,6673.44,0,0,0,0,0,0,0
"03496421",1,"2015","2014",1,0.153,0.153,"2",0.141,0.141,"05","D",0.06,0.06,0,"D",0,"D",72598,"D",18481,"D",0,"D",0,"D",0,"D",0,"D",0,"D",4500,"D",0,"D",0,"D",1,"D",11572,"D",7259,1880,7280.79,7248.19,1901.7,1869.08,13935.09,13935.09,91079,91079,91079.01,91079.01,1000,1000,0,0,0,0,0,0,79507,79507,0,0,8280.79,8248.19,8280.79,8248.19,7984,8088,16072,16072,0,0,0,0,0,0,0
"03496431",1,"2015","2014",0,0.153,0.153,"2",0.15,0.15,"24","D",0.0705,0.0705,0,"D",0,"D",90000,"D",0,"D",88,"D",0,"D",0,"D",0,"D",11280,"D",0,"D",0,"D",0,"D",0,"D",0,"D",9521,4286,9560.7,9500.7,4304.83,4275.84,13770,13770,90088,90088,90088.01,90088.01,0,0,0,0,0,0,0,0,90088,90088,0,0,9560.7,9500.7,9560.7,9500.7,12400,12600,0,0,0,0,0,0,0,0,0
"03496441",1,"2015","2014",1,0.153,0.153,"3",0.2775,0.2775,"05","D",0,0,1,"D",1,"D",28000,"D",0,"D",10800,"D",0,"D",21442,"D",0,"D",15600,"D",0,"D",50,"D",0,"D",0,"D",0,"D",5012,0,5043.93,4996.43,0,0,4284,4284,56492.85,56492.85,38800.01,38800.01,0,0,0,0,0,0,0,0,56492.85,56492.85,0,0,5043.93,4996.43,5043.93,4996.43,7984,8088,50,50,0,0,0,0,0,0,0
"03496441",2,"2015","2014",0,0.153,0.153,"1",0.1765,0.1765,"05","D",0.02,0.02,0,"D",0,"D",14400,"D",0,"D",0,"D",0,"D",0,"D",0,"D",0,"D",0,"D",0,"D",0,"D",0,"D",0,"D",388,21,410.19,377.48,22.67,19.63,2203.2,2203.2,14400,14400,14400.01,14400.01,0,0,0,0,0,0,14.81,32.52,14400,14400,0,0,425,410,425,410,3992,4044,0,0,0,0,0,0,0,0,0
"03496451",1,"2015","2014",0,0.153,0.153,"2",0.1,0.1,"01","D",0.0412,0.0412,0,"D",0,"D",0,"D",37558,"D",0,"D",0,"D",0,"D",0,"D",0,"D",1500,"D",0,"D",0,"D",0,"D",5264,"D",1706,1081,1725.8,1695.8,1079.75,1081.25,5746.37,5746.37,37558,37558,37558.01,37558.01,0,0,0,0,0,0,0,0,37558,37558,0,0,1725.8,1695.8,1725.8,1695.8,4000,4000,9637.19,9637.19,0,0,0,0,0,0,0
"03496461",1,"2015","2014",0,0.153,0.153,"2",0.25,0.25,"0","T",0,0,0,"D",0,"D",60000,"D",52000,"D",-6409,"D",0,"D",0,"D",0,"D",0,"D",1050,"D",1397,"D",0,"D",0,"D",10000,"D",12898,0,13023.5,12835.25,0,0,17136,17136,105591,105591,0,0,0,0,0,0,0,0,0,0,95591,105591,0,0,13023.5,12835.25,13023.5,12835.25,0,0,0,0,0,0,0,0,0,0,0
"03496484",1,"2015","2014",0,0.153,0.153,"1",0.25,0.25,"44","D",0,0,0,"D",0,"D",90000,"D",0,"D",-8882,"D",0,"D",0,"D",0,"D",11600,"D",0,"D",0,"D",0,"D",0,"D",0,"D",13532,0,13598.25,13498.25,0,0,13770,13770,81118,81118,0,0,0,0,0,0,0,0,0,0,81118,81118,0,0,13598.25,13498.25,13598.25,13498.25,0,0,0,0,0,0,0,0,0,0,0
"03496491",1,"2015","2014",3,0.0355,0.0355,"2",0.28,0.28,"0","T",0,0,0,"D",0,"D",228786,"D",12679,"D",-537,"D",0,"D",0,"D",0,"D",0,"D",3000,"D",93,"D",0,"D",3,"D",24496,"D",41275,0,41451.92,41186.42,0,0,23082.68,23268.68,240928,240928,0,0,0,0,0,0,0,0,0,0,216432,216432,0,0,41451.92,41186.42,41451.92,41186.42,0,0,0,0,0,0,0,0,0,0,0
"03496501",1,"2015","2014",2,0.0584,0.0584,"2",0.2483,0.2483,"43","D",0,0,0,"D",0,"D",37330,"D",120000,"D",-1725,"D",0,"D",0,"D",0,"D",0,"D",1200,"D",2059,"D",200,"D",2,"D",12312,"D",22113,0,22229.99,22054.99,0,0,23699.49,23885.49,155605,155605,0,0,0,0,0,0,40,40,0,0,143293,143293,0,0,22269.99,22094.99,22269.99,22094.99,0,0,0,0,0,0,0,0,0,0,0
"03496523",1,"2015","2014",0,0.153,0.153,"1",-0.0765,-0.0765,"45","D",0,0,0,"D",0,"D",2000,"D",0,"D",3445,"D",0,"D",0,"D",0,"D",0,"D",0,"D",0,"D",0,"D",0,"D",960,"D",-91,0,-58,-108,0,0,306,306,5445,5445,5445.01,5445.01,0,0,0,0,0,0,58,108,5445,5445,0,0,0,0,0,0,0,0,0,0,0,0,0,0,0,0,0
"03496531",1,"2015","2014",0,0.153,0.153,"1",0.25,0.25,"43","D",0,0,0,"D",0,"D",85000,"D",0,"D",6000,"D",0,"D",0,"D",0,"D",5528,"D",0,"D",158,"D",0,"D",0,"D",0,"D",16002,0,16068.75,15968.75,0,0,13005,13005,91000,91000,0,0,0,0,0,0,0,0,0,0,91000,91000,0,0,16068.75,15968.75,16068.75,15968.75,0,0,0,0,0,0,0,0,0,0,0
"03496551",1,"2015","2014",0,0,0,"1",-0.0765,-0.0765,"10","D",0,0,0,"D",0,"D",0,"D",0,"D",6,"D",0,"D",0,"D",0,"D",8400,"D",0,"D",0,"D",0,"D",0,"D",0,"D",0,0,0,0,0,0,0,0,6,6,0,0,0,0,0,0,0,0,0,0,6,6,0,0,0,0,0,0,0,0,0,0,0,0,0,0,0,0,0
"03496571",1,"2015","2014",0,0,0,"1",0,0,"10","D",0,0,1,"D",1,"D",0,"D",0,"D",0,"D",0,"D",19918,"D",0,"D",0,"D",800,"D",0,"D",0,"D",0,"D",460,"D",0,0,0,0,0,0,0,0,0,0,0,0,0,0,0,0,0,0,0,0,0,0,0,0,0,0,0,0,0,0,0,0,0,0,0,0,0,0,0
"03496591",1,"2015","2014",0,0.07,0.07,"2",0.3191,0.3504,"01","D",0.0331,0.0315,0,"D",0,"D",79672,"D",228786,"D",179,"D",0,"D",0,"D",0,"D",0,"D",1700,"D",0,"D",0,"D",0,"D",8432,"D",68100,10534,68450.45,67924.85,10520.46,10541,33858.73,34044.73,308637,308637,308637.01,308637.01,0,0,0,0,0,0,0,0,300205,300205,0,0,68443.65,67918.05,68443.65,67918.05,4000,4000,25177.41,25292.16,0,0,0,0,0,0,0
"03496601",1,"2015","2014",2,0,0,"3",-0.4,-0.4,"36","D",0,0,0,"D",0,"D",0,"D",0,"D",159,"D",0,"D",0,"D",0,"D",0,"D",2200,"D",16,"D",0,"D",0,"D",2292,"D",0,0,0,0,0,0,0,0,159,159,159.01,159.01,0,0,0,0,0,0,0,0,159,159,0,0,0,0,0,0,0,0,0,0,0,0,0,0,0,0,0
"03496611",1,"2015","2014",1,0.0682,0.0682,"2",0.35,0.35,"05","D",0.093,0.0986,1,"D",0,"D",86743,"D",269495,"D",0,"D",0,"D",0,"D",0,"D",0,"D",5200,"D",1264,"D",0,"D",1,"D",3204,"D",85576,26598,85968.9,85378.9,26754.63,26519.88,36551.18,36737.18,356238,356238,356238.01,356238.01,0,0,0,0,0,0,0,0,353034,353034,6327.7,6266.63,79641.2,79112.27,79641.2,79112.27,7984,8088,9463.28,9668,0,0,0,0,0,0,0
"03496621",1,"2015","2014",2,0.0749,0.0749,"2",0.35,0.35,"05","D",0.093,0.093,0,"D",0,"D",236026,"D",100000,"D",0,"D",0,"D",0,"D",0,"D",0,"D",16180,"D",12123,"D",0,"D",1,"D",42928,"D",64598,18712,64991.3,64401.3,18761.52,18686.8,37426.99,37612.99,336026,336026,336026.01,336026.01,0,0,0,0,0,0,0,0,293098,293098,11511.02,11574.39,53480.28,52826.91,53480.28,52826.91,7984,8088,71231,71231,0,0,0,0,0,0,0
"03496631",1,"2015","2014",3,0.153,0.153,"2",0.3106,0.3106,"39","D",0,0,0,"D",0,"D",14271,"D",20774,"D",0,"D",0,"D",0,"D",0,"D",0,"D",4600,"D",130,"D",0,"D",3,"D",6432,"D",-6522,0,-6371.58,-6597.71,0,0,5361.88,5361.88,35045,35045,35045.01,35045.01,289.5,244.5,2710.5,2755.5,0,0,3661.08,3842.21,35045,35045,0,0,289.5,244.5,289.5,244.5,0,0,0,0,0,0,0,0,0,0,0
"03496651",1,"2015","2014",0,0,0,"1",-0.0765,-0.0765,"0","T",0,0,0,"D",0,"D",0,"D",0,"D",74,"D",0,"D",0,"D",0,"D",0,"D",0,"D",7,"D",0,"D",0,"D",153,"D",0,0,0,0,0,0,0,0,74,74,0,0,0,0,0,0,0,0,0,0,74,74,0,0,0,0,0,0,0,0,0,0,0,0,0,0,0,0,0
"03496661",1,"2015","2014",3,0.153,0.153,"2",0.3106,0.3106,"44","D",0,0,0,"D",0,"D",0,"D",40000,"D",0,"D",0,"D",0,"D",0,"D",0,"D",1200,"D",0,"D",0,"D",1,"D",0,"D",-2983,0,-2832.56,-3058.69,0,0,6120,6120,40000,40000,0,0,785,740,215,260,0,0,2617.56,2798.69,40000,40000,0,0,785,740,785,740,0,0,0,0,0,0,0,0,0,0,0
"03496673",1,"2015","2014",3,0.153,0.153,"2",0.3106,0.3106,"0","T",0,0,0,"D",0,"D",0,"D",44000,"D",0,"D",0,"D",0,"D",0,"D",0,"D",290,"D",0,"D",0,"D",2,"D",0,"D",-2741,0,-2590.16,-2816.29,0,0,6732,6732,44000,44000,0,0,1185,1140,815,860,0,0,1775.16,1956.29,44000,44000,0,0,1185,1140,1185,1140,0,0,0,0,0,0,0,0,0,0,0
"03496691",1,"2015","2014",2,0,0,"3",-0.4,-0.4,"31","D",-0.12,-0.08,0,"D",0,"D",0,"D",0,"D",0,"D",0,"D",0,"D",0,"D",11940,"D",0,"D",0,"D",0,"D",0,"D",240,"D",0,-150,0,0,-150,-150,0,0,0,0,0.01,0.01,0,0,0,0,0,0,0,0,0,0,0,0,0,0,0,0,0,0,0,0,0,0,0,0,0,0,0
"03496701",1,"2015","2014",0,0,0,"1",0.15,0.15,"23","D",0.0635,0.0635,0,"D",0,"D",0,"D",0,"D",0,"D",23210,"D",0,"D",0,"D",0,"D",1700,"D",80,"D",0,"D",0,"D",0,"D",1485,284,1505.25,1475.25,283.86,283.86,0,0,23210,23210,23210.01,23210.01,0,0,0,0,0,0,0,0,23210,23210,0,0,1505.25,1475.25,1505.25,1475.25,0,0,0,0,532.57,532.57,0,0,0,0,0
"03496721",1,"2015","2014",0,0,0,"1",0,0,"0","T",0,0,1,"D",1,"D",0,"D",0,"D",226,"D",0,"D",19366,"D",0,"D",0,"D",1300,"D",2650,"D",0,"D",0,"D",360,"D",0,0,0,0,0,0,0,0,226,226,0,0,0,0,0,0,0,0,0,0,226,226,0,0,0,0,0,0,0,0,0,0,0,0,0,0,0,0,0
"03496741",1,"2015","2014",0,0.153,0.153,"1",0.23,0.23,"05","D",0.08,0.08,0,"D",0,"D",60000,"D",0,"D",0,"D",0,"D",0,"D",0,"D",0,"D",1200,"D",3668,"D",0,"D",0,"D",6988,"D",6380,1897,6426.34,6357.54,1913.63,1888.86,9180,9180,60000,60000,60000.01,60000.01,0,0,0,0,0,0,0,0,53012,53012,0,0,6426.34,6357.54,6426.34,6357.54,3992,4044,11856,11856,0,0,0,0,0,0,0
"03496761",1,"2015","2014",1,0.153,0.153,"2",0.3098,0.15,"05","D",0.02,0.02,0,"D",0,"D",0,"D",44472,"D",0,"D",0,"D",0,"D",0,"D",0,"D",620,"D",0,"D",0,"D",0,"D",620,"D",2060,19,2125.8,2026.66,25.79,15.69,6804.22,6804.22,44472,44472,44472.01,44472.01,0,0,0,0,0,0,0,31.64,44472,44472,0,0,2125.8,2058.3,2125.8,2058.3,7984,8088,1240,1240,0,0,0,0,0,0,0
"03496761",2,"2015","2014",0,0.153,0.153,"1",0,0,"05","D",0,0,0,"D",0,"D",7241,"D",0,"D",0,"D",0,"D",0,"D",0,"D",0,"D",0,"D",0,"D",0,"D",0,"D",0,"D",-501,0,-496,-503,0,0,1107.87,1107.87,7241,7241,7241.01,7241.01,0,0,0,0,0,0,496,503,7241,7241,0,0,0,0,0,0,3992,4044,0,0,0,0,0,0,0,0,0
"03496781",1,"2015","2014",1,0.153,0.153,"2",0.1488,0.1488,"48","D",0,0,0,"D",0,"D",62000,"D",0,"D",100,"D",0,"D",0,"D",0,"D",0,"D",2200,"D",7340,"D",0,"D",1,"D",7340,"D",2943,0,2968.43,2930.93,0,0,9486,9486,62100,62100,0,0,1000,1000,0,0,0,0,0,0,54760,54760,0,0,3968.43,3930.93,3968.43,3930.93,0,0,0,0,0,0,0,0,0,0,0
"03496801",1,"2015","2014",0,0.153,0.153,"1",0.218,0.2169,"33","D",0.0465,0.054,0,"D",0,"D",6800,"D",0,"D",12580,"D",0,"D",17268,"D",0,"D",0,"D",3800,"D",38,"D",0,"D",0,"D",3224,"D",953,432,961.99,948,436.74,430.01,1040.4,1040.4,20887,20887,19380.01,19380.01,0,0,0,0,0,0,0,0,17663,17663,0,0,961.99,948,961.99,948,7800,7900,7062,7062,0,0,0,0,0,0,0
"03496801",2,"2015","2014",0,0,0,"1",0.4625,0.4625,"33","D",0.0645,0.0645,0,"D",0,"D",0,"D",0,"D",0,"D",36876,"D",20700,"D",0,"D",0,"D",0,"D",0,"D",0,"D",0,"D",0,"D",6407,1537,6473.28,6373.28,1546.51,1532.3,0,0,52618.1,52618.1,36876.01,36876.01,0,0,0,0,0,0,0,0,52618.1,52618.1,0,0,6473.28,6373.28,6473.28,6373.28,7800,7900,0,0,0,0,0,0,0,0,0
"03496841",1,"2015","2014",1,0.153,0.153,"2",0.15,0.15,"38","D",0.09,0.09,0,"D",0,"D",36400,"D",44982,"D",0,"D",0,"D",0,"D",0,"D",15660,"D",0,"D",0,"D",0,"D",0,"D",0,"D",7617,5316,7662.3,7594.8,5337.07,5305.79,12451.45,12451.45,81382,81382,81382.01,81382.01,0,0,0,0,0,0,0,0,81382,81382,0,0,7662.3,7594.8,7662.3,7594.8,4231.2,4289.91,0,0,0,0,0,0,0,0,0
"03496851",1,"2015","2014",0,0.153,0.153,"2",0.2423,0.2423,"39","D",0.0307,0.0307,0,"D",0,"D",85000,"D",82143,"D",200,"D",0,"D",0,"D",0,"D",0,"D",13500,"D",5395,"D",0,"D",0,"D",600,"D",25315,5137,25415.14,25265.14,5137.43,5137.43,25572.88,25572.88,167343,167343,167343.01,167343.01,0,0,0,0,0,0,0,0,166743,166743,0,0,25415.14,25265.14,25415.14,25265.14,0,0,0,0,0,0,0,0,0,0,0
"03496861",1,"2015","2014",5,0.153,0.153,"2",0.2106,0.2106,"05","D",0,0,0,"D",0,"D",12000,"D",13500,"D",0,"D",0,"D",0,"D",0,"D",16800,"D",0,"D",0,"D",0,"D",3,"D",0,"D",-8792,0,-8671.26,-8852.39,0,0,3901.5,3901.5,25500,25500,25500.01,25500.01,0,0,3000,3000,0,0,5671.26,5852.39,25500,25500,0,0,0,0,0,0,7984,8088,0,0,0,0,0,0,0,0,0
"03496881",1,"2015","2014",2,0.153,0.153,"2",0.15,0.15,"29","D",0,0,0,"D",0,"D",31780,"D",55863,"D",0,"D",0,"D",0,"D",0,"D",0,"D",2800,"D",0,"D",0,"D",2,"D",3236,"D",5959,0,6008.95,5933.95,0,0,13409.38,13409.38,87643,87643,0,0,2000,2000,0,0,0,0,0,0,87643,87643,0,0,8008.95,7933.95,8008.95,7933.95,0,0,0,0,0,0,0,0,0,0,0
"03496891",1,"2015","2014",1,0.153,0.153,"3",0.2598,0.2598,"29","D",0,0,0,"D",0,"D",23498,"D",0,"D",0,"D",0,"D",0,"D",0,"D",10740,"D",0,"D",0,"D",0,"D",0,"D",0,"D",-1836,0,-1749.45,-1879.59,0,0,3595.19,3595.19,23498,23498,0,0,0,0,0,0,0,0,2399.25,2504.39,23498,23498,0,0,649.8,624.8,649.8,624.8,0,0,0,0,0,0,0,0,0,0,0
"03496971",1,"2015","2014",1,0.153,0.153,"2",0,0,"33","D",0.04,0.04,0,"D",0,"D",15230,"D",5502,"D",0,"D",0,"D",0,"D",0,"D",0,"D",500,"D",0,"D",0,"D",1,"D",0,"D",-4341,-1174,-4305,-4359,-1158.22,-1182.42,3172,3172,20732,20732,20732.01,20732.01,0,0,1000,1000,0,0,3305,3359,20732,20732,0,0,0,0,0,0,15650,15850,0,0,0,0,0,0,902.96,919.16,0
"03496971",2,"2015","2014",0,0.153,0.153,"1",0.1765,0.1765,"33","D",0.0404,0.0404,0,"D",0,"D",12901,"D",0,"D",0,"D",0,"D",0,"D",0,"D",0,"D",0,"D",0,"D",0,"D",0,"D",0,"D",124,154,145.61,112.9,156.31,152.31,1973.85,1973.85,12901,12901,12901.01,12901.01,0,0,0,0,0,0,129.49,147.2,12901,12901,0,0,275.1,260.1,275.1,260.1,7800,7900,0,0,0,0,0,0,0,0,0
"03496981",1,"2015","2014",0,0.153,0.153,"2",0.1433,0.1433,"07","D",0.045,0.045,0,"D",0,"D",70000,"D",13000,"D",0,"D",0,"D",0,"D",0,"D",0,"D",5000,"D",795,"D",0,"D",0,"D",5772,"D",8141,3075,8161.2,8131.2,3075,3075,12699,12699,83000,83000,83000.01,83000.01,0,0,0,0,0,0,0,0,77228,77228,0,0,8161.2,8131.2,8161.2,8131.2,0,0,0,0,0,0,0,0,0,0,0
"03497001",1,"2015","2014",2,0,0,"3",0.15,0.15,"44","D",0,0,0,"D",0,"D",0,"D",0,"D",36868,"D",0,"D",0,"D",0,"D",0,"D",0,"D",200,"D",0,"D",0,"D",3932,"D",1704,0,1740.2,1685.2,0,0,0,0,36868,36868,0,0,0,0,0,0,0,0,0,0,36868,36868,0,0,1740.2,1685.2,1740.2,1685.2,0,0,0,0,0,0,0,0,0,0,0
"03497011",1,"2015","2014",0,0.153,0.153,"1",-0.0765,-0.0765,"05","D",0,0,0,"D",0,"D",6400,"D",0,"D",0,"D",0,"D",0,"D",0,"D",7920,"D",0,"D",20,"D",0,"D",0,"D",0,"D",-490,0,-489.6,-489.6,0,0,979.2,979.2,6400,6400,6400.01,6400.01,0,0,0,0,0,0,489.6,489.6,6400,6400,0,0,0,0,0,0,3992,4044,20,20,0,0,0,0,0,0,0
"03497021",1,"2015","2014",0,0.153,0.153,"2",0.1444,0.1425,"14","D",0.0375,0.05,0,"D",0,"D",43750,"D",0,"D",67951,"D",2584,"D",0,"D",0,"D",0,"D",22480,"D",158,"D",0,"D",0,"D",7200,"D",10052,3352,9937.27,10109.02,4248.55,2903.54,6693.75,6693.75,114285,114285,111701.01,111701.01,0,0,0,0,0,0,0,0,107085,107085,0,0,9937.27,10109.02,9937.27,10109.02,0,0,0,0,1124,1124,0,0,0,0,0
"03497041",1,"2015","2014",3,0.153,0.153,"3",0.3097,0.3097,"28","D",0.0562,0.0562,0,"D",0,"D",35000,"D",0,"D",477,"D",0,"D",0,"D",0,"D",0,"D",2300,"D",0,"D",0,"D",2,"D",6692,"D",-3538,99,-3413.71,-3600.1,116.17,90.59,5355,5355,35477,35477,35477.01,35477.01,1012.83,992.83,987.17,1007.17,0,0,2426.54,2592.93,28785,28785,0,0,1012.83,992.83,1012.83,992.83,0,0,8992,8992,0,0,0,0,242.65,259.29,0
"03497051",1,"2015","2014",1,0.153,0.153,"2",0.15,0.15,"47","D",0.0575,0.0575,0,"D",0,"D",21000,"D",46000,"D",5643,"D",0,"D",0,"D",0,"D",0,"D",0,"D",393,"D",0,"D",1,"D",2920,"D",5306,3157,5351.45,5283.95,3156.55,3156.55,10251,10251,72643,72643,72643.01,72643.01,1000,1000,0,0,0,0,0,0,72643,72643,0,0,6351.45,6283.95,6351.45,6283.95,6000,6000,0,0,0,0,0,0,0,0,0
"03497081",1,"2015","2014",0,0.153,0.153,"1",-0.0765,-0.0765,"30","D",0,0,0,"D",0,"D",4125,"D",0,"D",0,"D",0,"D",0,"D",0,"D",0,"D",0,"D",0,"D",0,"D",0,"D",0,"D",-316,0,-315.56,-315.56,0,0,631.12,631.12,4125,4125,0,0,0,0,0,0,0,0,315.56,315.56,4125,4125,0,0,0,0,0,0,0,0,0,0,0,0,0,0,0,0,0
"03497091",1,"2015","2014",0,0,0,"2",0.1,0.1,"44","D",0,0,2,"D",2,"D",0,"D",0,"D",5575,"D",20626,"D",11480,"D",0,"D",0,"D",920,"D",0,"D",0,"D",0,"D",1740,"D",323,0,350.1,310.1,0,0,0,0,26201,26201,0,0,0,0,0,0,0,0,0,0,26201,26201,0,0,350.1,310.1,350.1,310.1,0,0,0,0,0,0,0,0,0,0,0
"03497111",1,"2015","2014",0,0,0,"1",-0.0765,-0.0765,"0","T",0,0,0,"D",0,"D",0,"D",0,"D",0,"D",0,"D",10188,"D",0,"D",0,"D",200,"D",5,"D",0,"D",0,"D",0,"D",0,0,0,0,0,0,0,0,0,0,0,0,0,0,0,0,0,0,0,0,0,0,0,0,0,0,0,0,0,0,0,0,0,0,0,0,0,0,0
"03497121",1,"2015","2014",3,0.0692,0.0692,"2",0.35,0.35,"10","D",0,0,0,"D",0,"D",228786,"D",77071,"D",0,"D",0,"D",0,"D",0,"D",0,"D",4000,"D",1964,"D",0,"D",3,"D",7096,"D",66580,0,66973.35,66383.35,0,0,33437.37,33623.37,305857,305857,0,0,0,0,0,0,0,0,0,0,298761,298761,1629.28,1547.35,65344.07,64836,65344.07,64836,0,0,0,0,0,0,0,0,0,0,0
"03497131",1,"2015","2014",3,0,0,"3",-0.45,-0.45,"0","T",0,0,0,"D",0,"D",0,"D",0,"D",0,"D",675,"D",0,"D",0,"D",0,"D",130,"D",68,"D",0,"D",0,"D",660,"D",0,0,0,0,0,0,0,0,675,675,0,0,0,0,0,0,0,0,0,0,675,675,0,0,0,0,0,0,0,0,0,0,0,0,0,0,0,0,0
"03497141",1,"2015","2014",0,0.153,0.153,"1",0,0,"0","T",0,0,0,"D",0,"D",7539,"D",0,"D",0,"D",0,"D",0,"D",0,"D",1200,"D",0,"D",90,"D",0,"D",0,"D",0,"D",-501,0,-496,-503,0,0,1153.47,1153.47,7539,7539,0,0,0,0,0,0,0,0,496,503,7539,7539,0,0,0,0,0,0,0,0,0,0,0,0,0,0,0,0,0
"03497151",1,"2015","2014",0,0,0,"1",0,0,"10","D",0,0,0,"D",0,"D",0,"D",0,"D",5522,"D",0,"D",0,"D",0,"D",8820,"D",0,"D",0,"D",0,"D",0,"D",0,"D",0,0,0,0,0,0,0,0,5522,5522,0,0,0,0,0,0,0,0,0,0,5522,5522,0,0,0,0,0,0,0,0,0,0,0,0,0,0,0,0,0
"03497171",1,"2015","2014",2,0.153,0.153,"3",0.3606,0.3606,"01","D",0.0462,0.0462,0,"D",0,"D",36679,"D",0,"D",0,"D",0,"D",0,"D",0,"D",10200,"D",0,"D",175,"D",0,"D",1,"D",480,"D",-919,1421,-778.55,-988.94,1420.9,1420.9,5611.89,5611.89,36679,36679,36679.01,36679.01,1000,1000,0,0,0,0,1490.4,1645.79,36679,36679,0,0,1711.85,1656.85,1711.85,1656.85,2000,2000,3460.94,3460.94,0,0,0,0,0,0,0
"03497171",2,"2015","2014",0,0.153,0.153,"1",0,0,"01","D",0.05,0.05,0,"D",0,"D",7285,"D",0,"D",0,"D",0,"D",0,"D",0,"D",0,"D",0,"D",0,"D",0,"D",0,"D",0,"D",-501,124,-496,-503,124.25,124.25,1114.6,1114.6,7285,7285,7285.01,7285.01,0,0,0,0,0,0,496,503,7285,7285,0,0,0,0,0,0,2500,2500,557.3,557.3,0,0,0,0,0,0,0
"03497191",1,"2015","2014",3,0.153,0.153,"3",0.15,0.15,"0","T",0,0,0,"D",0,"D",53368,"D",0,"D",0,"D",0,"D",0,"D",0,"D",0,"D",2200,"D",180,"D",0,"D",0,"D",0,"D",3581,0,3622.7,3560.2,0,0,8165.3,8165.3,53368,53368,0,0,0,0,0,0,0,0,0,0,53368,53368,0,0,3622.7,3560.2,3622.7,3560.2,0,0,0,0,0,0,0,0,0,0,0
"03497201",1,"2015","2014",1,0,0,"3",-0.34,-0.34,"43","D",0,0,1,"D",1,"D",0,"D",0,"D",0,"D",1572,"D",9382,"D",0,"D",1200,"D",0,"D",100,"D",0,"D",0,"D",1300,"D",0,0,0,0,0,0,0,0,1572,1572,0,0,0,0,0,0,0,0,0,0,1572,1572,0,0,0,0,0,0,0,0,0,0,0,0,0,0,0,0,0
"03497221",1,"2015","2014",1,0.153,0.153,"3",0.15,0.15,"0","T",0,0,0,"D",0,"D",50000,"D",0,"D",-4335,"D",0,"D",0,"D",0,"D",0,"D",1060,"D",0,"D",0,"D",0,"D",6648,"D",3621,0,3652.25,3604.75,0,0,7650,7650,45665,45665,0,0,0,0,0,0,0,0,0,0,45665,45665,0,0,3652.25,3604.75,3652.25,3604.75,0,0,0,0,0,0,0,0,0,0,0
"03497231",1,"2015","2014",1,0.153,0.153,"2",0.2598,0.2598,"41","D",0,0,0,"D",0,"D",26000,"D",0,"D",0,"D",0,"D",0,"D",0,"D",5400,"D",0,"D",533,"D",0,"D",0,"D",1032,"D",-2793,0,-2692.15,-2843.47,0,0,3978,3978,26000,26000,1750.01,1400.01,0,0,0,0,0,0,2867.15,2983.47,26000,26000,0,0,175,140,175,140,0,0,0,0,0,0,0,0,0,0,0
"03497241",1,"2015","2014",0,0.153,0.153,"2",0.25,0.25,"11","D",0.06,0.06,0,"D",0,"D",80000,"D",85000,"D",0,"D",0,"D",0,"D",0,"D",16200,"D",0,"D",135,"D",0,"D",0,"D",2000,"D",27754,9016,27887.5,27687.5,9016,9016,25245,25245,165000,165000,165000.01,165000.01,0,0,0,0,0,0,0,0,165000,165000,0,0,27887.5,27687.5,27887.5,27687.5,3000,3000,0,0,0,0,0,0,0,0,0
"03497251",1,"2015","2014",0,0.153,0.153,"1",0.25,0.25,"39","D",0.0307,0.0307,0,"D",0,"D",66000,"D",0,"D",0,"D",0,"D",0,"D",0,"D",4200,"D",0,"D",0,"D",0,"D",0,"D",0,"D",9752,2026,9818.75,9718.75,2026.2,2026.2,10098,10098,66000,66000,66000.01,66000.01,0,0,0,0,0,0,0,0,66000,66000,0,0,9818.75,9718.75,9818.75,9718.75,0,0,0,0,0,0,0,0,0,0,0
"03497251",2,"2015","2014",0,0.153,0.153,"1",0.15,0.15,"39","D",0.0307,0.0307,0,"D",0,"D",34000,"D",0,"D",0,"D",0,"D",0,"D",0,"D",0,"D",0,"D",0,"D",0,"D",0,"D",0,"D",3104,1044,3123.75,3093.75,1043.8,1043.8,5202,5202,34000,34000,34000.01,34000.01,0,0,0,0,0,0,0,0,34000,34000,0,0,3123.75,3093.75,3123.75,3093.75,0,0,0,0,0,0,0,0,0,0,0
"03497261",1,"2015","2014",1,0.153,0.153,"2",0.15,0.15,"10","D",0,0,0,"D",0,"D",91090,"D",0,"D",-6500,"D",0,"D",0,"D",0,"D",0,"D",900,"D",385,"D",0,"D",1,"D",3000,"D",7099,0,7143.5,7076,0,0,13936.77,13936.77,84590,84590,0,0,1000,1000,0,0,0,0,0,0,84590,84590,0,0,8143.5,8076,8143.5,8076,0,0,0,0,0,0,0,0,0,0,0
"03497273",1,"2015","2014",0,0.153,0.153,"1",0.1765,0.1765,"31","D",0.037,0.0293,0,"D",0,"D",11647,"D",0,"D",0,"D",0,"D",0,"D",0,"D",6160,"D",0,"D",0,"D",0,"D",0,"D",0,"D",-98,-65,-75.72,-108.43,-46.03,-73.88,1781.99,1781.99,11647,11647,11647.01,11647.01,0,0,0,0,0,0,225.42,243.13,11647,11647,0,0,149.7,134.7,149.7,134.7,0,0,0,0,0,0,0,0,45.08,72.94,0
"03497281",1,"2015","2014",0,0.153,0.153,"1",0.15,0.15,"22","D",0.0515,0.052,0,"D",0,"D",45000,"D",0,"D",0,"D",0,"D",0,"D",0,"D",9300,"D",0,"D",180,"D",0,"D",0,"D",720,"D",4754,1839,4773.75,4743.75,1851.2,1833.4,6885,6885,45000,45000,45000.01,45000.01,0,0,0,0,0,0,0,0,45000,45000,0,0,4773.75,4743.75,4773.75,4743.75,0,0,0,0,0,0,0,0,0,0,0
"03497301",1,"2015","2014",0,0.153,0.153,"2",0.225,0.225,"25","D",0.04,0.04,1,"D",1,"D",19204,"D",22000,"D",-6500,"D",0,"D",18262,"D",0,"D",0,"D",1900,"D",0,"D",0,"D",0,"D",0,"D",1916,564,1960.73,1893.23,564.16,564.16,6304.21,6304.21,40621.5,40621.5,34704.01,34704.01,0,0,0,0,0,0,0,0,40621.5,40621.5,0,0,1960.73,1893.23,1960.73,1893.23,4600,4600,1900,1900,0,0,0,0,0,0,0
"03497341",1,"2015","2014",0,0.153,0.153,"1",-0.0765,-0.0765,"10","D",0,0,0,"D",0,"D",6000,"D",0,"D",0,"D",0,"D",0,"D",0,"D",0,"D",1800,"D",2512,"D",0,"D",0,"D",2824,"D",-459,0,-459,-459,0,0,918,918,6000,6000,0,0,0,0,0,0,0,0,459,459,6000,6000,0,0,0,0,0,0,0,0,0,0,0,0,0,0,0,0,0
"03497371",1,"2015","2014",2,0,0,"3",-0.4,-0.4,"44","D",0,0,0,"D",0,"D",0,"D",0,"D",0,"D",0,"D",0,"D",0,"D",0,"D",3000,"D",0,"D",0,"D",0,"D",3000,"D",0,0,0,0,0,0,0,0,0,0,0,0,0,0,0,0,0,0,0,0,0,0,0,0,0,0,0,0,0,0,0,0,0,0,0,0,0,0,0
"03497391",1,"2015","2014",0,0.153,0.153,"1",0.15,0.15,"06","D",0.0463,0.0463,0,"D",0,"D",36712,"D",0,"D",0,"D",0,"D",0,"D",0,"D",0,"D",3800,"D",10,"D",0,"D",0,"D",0,"D",3511,1213,3530.55,3500.55,1229.82,1204.88,5616.94,5616.94,36712,36712,0,0,0,0,0,0,0,0,0,0,36712,36712,0,0,3530.55,3500.55,3530.55,3500.55,0,0,0,0,0,0,0,0,0,0,0
"03497421",1,"2015","2014",4,0.153,0.153,"2",0.1487,0.1487,"44","D",0,0,0,"D",0,"D",45000,"D",20000,"D",-1286,"D",0,"D",0,"D",0,"D",0,"D",4000,"D",660,"D",0,"D",2,"D",8520,"D",932,0,971.71,911.71,0,0,9945,9945,63714,63714,0,0,2000,2000,0,0,0,0,0,0,55194,55194,0,0,2971.71,2911.71,2971.71,2911.71,0,0,0,0,0,0,0,0,0,0,0
"03497431",1,"2015","2014",1,0,0,"3",-0.34,-0.34,"22","D",-0.051,-0.051,1,"D",1,"D",0,"D",0,"D",0,"D",400,"D",10236,"D",0,"D",4104,"D",0,"D",1,"D",0,"D",0,"D",80,"D",0,0,0,0,0,0,0,0,400,400,400.01,400.01,0,0,0,0,0,0,0,0,400,400,0,0,0,0,0,0,0,0,0,0,0,0,0,0,0,0,0
"03497441",1,"2015","2014",0,0.153,0.153,"1",0.225,0.225,"43","D",0,0,1,"D",0,"D",24300,"D",0,"D",25,"D",648,"D",3898,"D",0,"D",9900,"D",0,"D",116,"D",0,"D",0,"D",3000,"D",1739,0,1913.85,1651.35,0,0,3717.9,3717.9,25934,25934,0,0,0,0,0,0,0,0,0,0,25934,25934,0,0,1913.85,1651.35,1913.85,1651.35,0,0,0,0,0,0,0,0,0,0,0
"03497461",1,"2015","2014",0,0.153,0.153,"2",0.15,0.15,"34","D",0.0575,0.058,0,"D",0,"D",28291,"D",28676,"D",0,"D",0,"D",0,"D",0,"D",0,"D",1600,"D",0,"D",0,"D",0,"D",5168,"D",4553,2420,4592.55,4532.55,2434.09,2413.1,8715.95,8715.95,56967,56967,56967.01,56967.01,0,0,0,0,0,0,0,0,56967,56967,0,0,4592.55,4532.55,4592.55,4532.55,15000,15000,6768,6768,0,0,0,0,0,0,0
"03497484",1,"2015","2014",2,0.153,0.153,"2",-0.15,-0.15,"03","D",0,0,0,"D",0,"D",0,"D",15000,"D",6638,"D",0,"D",0,"D",0,"D",2400,"D",0,"D",0,"D",0,"D",2,"D",0,"D",-4064,-100,-3972,-4110,-100,-100,2295,2295,21638,21638,21638.01,21638.01,0,0,1800,1800,0,0,2172,2310,21638,21638,0,0,0,0,0,0,10018,10182,326.5,326.5,0,0,0,0,0,0,0
"03497491",1,"2015","2014",0,0.153,0.153,"2",0.25,0.25,"0","T",0,0,0,"D",0,"D",87000,"D",2500,"D",0,"D",0,"D",15262,"D",0,"D",0,"D",1350,"D",465,"D",0,"D",0,"D",9364,"D",12122,0,12255.68,12055.68,0,0,13693.5,13693.5,102472.7,102472.7,0,0,0,0,0,0,0,0,0,0,102472.7,102472.7,0,0,12255.68,12055.68,12255.68,12055.68,0,0,0,0,0,0,0,0,0,0,0
"03497491",2,"2015","2014",1,0,0,"3",-0.34,-0.34,"0","T",0,0,0,"D",0,"D",0,"D",0,"D",0,"D",0,"D",0,"D",0,"D",0,"D",0,"D",0,"D",0,"D",0,"D",0,"D",0,0,0,0,0,0,0,0,0,0,0,0,0,0,0,0,0,0,0,0,0,0,0,0,0,0,0,0,0,0,0,0,0,0,0,0,0,0,0
"03497561",1,"2015","2014",4,0.153,0.153,"3",0.3106,0.3106,"0","T",0,0,0,"D",0,"D",35000,"D",0,"D",0,"D",0,"D",0,"D",0,"D",7200,"D",0,"D",1158,"D",0,"D",0,"D",0,"D",-2050,0,-1912,-2118.39,0,0,5355,5355,35000,35000,0,0,0,0,0,0,0,0,2527,2693.39,35000,35000,0,0,615,575,615,575,0,0,0,0,0,0,0,0,0,0,0
"03497561",2,"2015","2014",0,0.153,0.153,"1",0.25,0.25,"0","T",0,0,0,"D",0,"D",76000,"D",0,"D",0,"D",0,"D",0,"D",0,"D",0,"D",0,"D",0,"D",0,"D",0,"D",0,"D",12252,0,12318.75,12218.75,0,0,11628,11628,76000,76000,0,0,0,0,0,0,0,0,0,0,76000,76000,0,0,12318.75,12218.75,12318.75,12218.75,0,0,0,0,0,0,0,0,0,0,0
"03497561",4,"2015","2014",4,0,0,"3",-0.45,-0.45,"0","T",0,0,0,"D",0,"D",0,"D",0,"D",0,"D",0,"D",0,"D",0,"D",0,"D",0,"D",0,"D",0,"D",0,"D",0,"D",0,0,0,0,0,0,0,0,0,0,0,0,0,0,0,0,0,0,0,0,0,0,0,0,0,0,0,0,0,0,0,0,0,0,0,0,0,0,0
"03497561",5,"2015","2014",4,0,0,"3",-0.45,-0.45,"0","T",0,0,0,"D",0,"D",0,"D",0,"D",0,"D",0,"D",0,"D",0,"D",0,"D",0,"D",0,"D",0,"D",0,"D",0,"D",0,0,0,0,0,0,0,0,0,0,0,0,0,0,0,0,0,0,0,0,0,0,0,0,0,0,0,0,0,0,0,0,0,0,0,0,0,0,0
"03497601",1,"2015","2014",1,0.153,0.153,"2",0.2356,0.2356,"47","D",0.0575,0.0575,0,"D",0,"D",59000,"D",110000,"D",73,"D",0,"D",0,"D",0,"D",0,"D",9000,"D",1925,"D",0,"D",1,"D",20140,"D",21329,7260,21436.99,21274.49,7260.04,7260.04,25857,25857,169073,169073,169073.01,169073.01,0,0,0,0,0,0,0,0,148933,148933,0,0,21436.99,21274.49,21436.99,21274.49,6000,6000,31065,31065,0,0,0,0,0,0,0
"03497631",1,"2015","2014",0,0,0,"1",-0.0765,-0.0765,"07","D",-0.021,-0.021,0,"D",0,"D",0,"D",0,"D",0,"D",0,"D",0,"D",0,"D",8400,"D",0,"D",0,"D",0,"D",0,"D",5,"D",0,0,0,0,0,0,0,0,0,0,0.01,0.01,0,0,0,0,0,0,0,0,0,0,0,0,0,0,0,0,0,0,0,0,0,0,0,0,0,0,0
"03497641",1,"2015","2014",0,0,0,"1",0,0,"05","D",0,0,1,"D",1,"D",0,"D",0,"D",0,"D",0,"D",4354,"D",0,"D",0,"D",2500,"D",100,"D",0,"D",0,"D",2000,"D",0,0,0,0,0,0,0,0,0,0,0.01,0.01,0,0,0,0,0,0,0,0,0,0,0,0,0,0,0,0,3992,4044,4600,4600,0,0,0,0,0,0,0
"03497661",1,"2015","2014",0,0.153,0.153,"1",0.15,0.15,"37","D",0.0525,0.0525,0,"D",0,"D",36239,"D",0,"D",0,"D",0,"D",0,"D",0,"D",0,"D",470,"D",0,"D",0,"D",0,"D",2164,"D",3440,1311,3459.6,3429.6,1314.3,1309.05,5544.57,5544.57,36239,36239,36239.01,36239.01,0,0,0,0,0,0,0,0,36239,36239,0,0,3459.6,3429.6,3459.6,3429.6,6200,6300,0,0,0,0,0,0,0,0,0
"03497691",1,"2015","2014",3,0.153,0.153,"3",0.3606,0.3606,"31","D",0.0807,0.0596,0,"D",0,"D",45000,"D",0,"D",0,"D",0,"D",0,"D",0,"D",16440,"D",0,"D",260,"D",0,"D",3,"D",0,"D",-1206,326,-1053.5,-1282.39,387.05,295.03,6885,6885,45000,45000,45000.01,45000.01,2367.5,2305,632.5,695,0,0,421,587.39,45000,45000,0,0,2367.5,2305,2367.5,2305,0,0,0,0,0,0,0,0,84.2,176.22,0
"03497701",1,"2015","2014",0,0.153,0.153,"1",0.15,0.15,"02","D",0,0,0,"D",0,"D",45000,"D",0,"D",0,"D",0,"D",0,"D",0,"D",0,"D",5000,"D",0,"D",0,"D",0,"D",12196,"D",3114,0,3124.2,3109.2,0,0,6885,6885,45000,45000,0,0,0,0,0,0,0,0,0,0,32804,32804,0,0,3124.2,3109.2,3124.2,3109.2,0,0,0,0,0,0,0,0,0,0,0
"03497701",2,"2015","2014",1,0.153,0.153,"2",0.15,0.15,"02","D",0,0,0,"D",0,"D",34000,"D",36000,"D",0,"D",0,"D",0,"D",0,"D",0,"D",0,"D",0,"D",0,"D",0,"D",0,"D",5910,0,5955,5887.5,0,0,10710,10710,70000,70000,0,0,0,0,0,0,0,0,0,0,70000,70000,0,0,5955,5887.5,5955,5887.5,0,0,0,0,0,0,0,0,0,0,0
"03497711",1,"2015","2014",0,0.153,0.153,"1",0.15,0.15,"44","D",0,0,0,"D",0,"D",30000,"D",0,"D",-1680,"D",0,"D",0,"D",0,"D",10800,"D",0,"D",0,"D",0,"D",0,"D",0,"D",2252,0,2271.75,2241.75,0,0,4590,4590,28320,28320,0,0,0,0,0,0,0,0,0,0,28320,28320,0,0,2271.75,2241.75,2271.75,2241.75,0,0,0,0,0,0,0,0,0,0,0
"03497731",1,"2015","2014",2,0.153,0.153,"3",-0.4,-0.4,"19","D",-0.014,0.006,0,"D",0,"D",12000,"D",0,"D",0,"D",0,"D",0,"D",0,"D",6600,"D",0,"D",0,"D",0,"D",1,"D",0,"D",-5800,-161,-5800,-5800,-148,-168,1836,1836,12000,12000,12000.01,12000.01,0,0,1000,1000,0,0,4800,4800,12000,12000,0,0,0,0,0,0,0,0,0,0,0,0,0,0,168,168,0
"03497741",1,"2015","2014",1,0.153,0.153,"2",0,0,"03","D",0,0,0,"D",0,"D",0,"D",11997,"D",0,"D",0,"D",0,"D",0,"D",0,"D",550,"D",0,"D",0,"D",1,"D",5836,"D",-4341,-75,-4305,-4359,-75,-75,1835.54,1835.54,11997,11997,11997.01,11997.01,0,0,1000,1000,0,0,3305,3359,11997,11997,0,0,0,0,0,0,10018,10182,6658.39,6658.39,0,0,0,0,0,0,0
"03497754",1,"2015","2014",3,0.153,0.153,"3",-0.6,-0.6,"14","D",-0.0075,0.005,0,"D",0,"D",11155,"D",0,"D",150,"D",0,"D",0,"D",0,"D",9600,"D",0,"D",0,"D",0,"D",2,"D",0,"D",-6243,-388,-6243,-6243,-361.72,-400.54,1706.71,1706.71,11305,11305,11305.01,11305.01,0,0,1223.25,1223.25,0,0,5019.75,5019.75,11305,11305,0,0,0,0,0,0,0,0,0,0,0,0,0,0,501.98,501.98,0
"03497761",1,"2015","2014",0,0.153,0.153,"1",0.1395,0.1395,"50","D",0.0702,0.0702,0,"D",0,"D",42000,"D",0,"D",-2333,"D",0,"D",0,"D",0,"D",0,"D",2200,"D",3967,"D",0,"D",0,"D",2480,"D",3383,1427,3390.98,3378.6,1438.5,1420.97,6426,6426,39667,39667,39667.01,39667.01,0,0,0,0,0,0,0,0,37187,37187,0,0,3390.98,3378.6,3390.98,3378.6,7083.96,7283.61,2480,2480,0,0,0,0,0,0,0
"03497761",2,"2015","2014",0,0.153,0.153,"1",0.15,0.15,"50","D",0.0702,0.0702,0,"D",0,"D",33000,"D",0,"D",-1010,"D",0,"D",0,"D",0,"D",0,"D",0,"D",0,"D",0,"D",0,"D",0,"D",2802,1154,2822.25,2792.25,1165.39,1147.86,5049,5049,31990,31990,31990.01,31990.01,0,0,0,0,0,0,0,0,31990,31990,0,0,2822.25,2792.25,2822.25,2792.25,8005.2,8204.85,0,0,0,0,0,0,0,0,0
"03497773",1,"2015","2014",0,0.153,0.153,"1",0.1,0.1,"45","D",0.063,0.063,0,"D",0,"D",12000,"D",0,"D",5500,"D",0,"D",0,"D",0,"D",0,"D",0,"D",185,"D",0,"D",0,"D",540,"D",725,369,735,720,376.08,365.04,1836,1836,17500,17500,17500.01,17500.01,0,0,0,0,0,0,0,0,17500,17500,0,0,735,720,735,720,0,0,0,0,0,0,0,0,0,0,0
"03497791",1,"2015","2014",0,0.0545,0.0545,"2",0.35,0.35,"07","D",0.06,0.06,0,"D",0,"D",35000,"D",228786,"D",-340,"D",0,"D",0,"D",0,"D",0,"D",8400,"D",2777,"D",0,"D",0,"D",5376,"D",52338,14307,52731.5,52141.5,14306.76,14306.76,26621.87,26807.87,263446,263446,263446.01,263446.01,0,0,0,0,0,0,0,0,258070,258070,2572.35,2205.85,50159.15,49935.65,50159.15,49935.65,0,0,0,0,0,0,0,0,0,0,0
"03497801",1,"2015","2014",1,0.153,0.153,"2",0.2598,0.2598,"05","D",0,0,2,"D",2,"D",32042,"D",0,"D",0,"D",0,"D",0,"D",0,"D",0,"D",1600,"D",0,"D",0,"D",0,"D",0,"D",-1470,0,-1362.44,-1523.76,0,0,4902.43,4902.43,32042,32042,32042.01,32042.01,0,0,0,0,0,0,1901.64,2017.96,32042,32042,0,0,539.2,494.2,539.2,494.2,7984,8088,1600,1600,0,0,0,0,0,0,0
"03497811",1,"2015","2014",0,0.153,0.153,"1",0.141,0.141,"11","D",0.06,0.06,0,"D",0,"D",36000,"D",0,"D",0,"D",0,"D",0,"D",0,"D",13680,"D",10000,"D",50,"D",0,"D",0,"D",240,"D",2622,1191,2631.66,2616.66,1190.6,1190.6,5508,5508,36000,36000,36000.01,36000.01,0,0,0,0,0,0,0,0,35760,35760,0,0,2631.66,2616.66,2631.66,2616.66,2300,2300,10290,10290,0,0,0,0,0,0,0
"03497821",1,"2015","2014",0,0.153,0.153,"1",0,0,"30","D",0,0,0,"D",0,"D",7500,"D",0,"D",0,"D",0,"D",0,"D",0,"D",0,"D",0,"D",0,"D",0,"D",0,"D",0,"D",-501,0,-496,-503,0,0,1147.5,1147.5,7500,7500,0,0,0,0,0,0,0,0,496,503,7500,7500,0,0,0,0,0,0,0,0,0,0,0,0,0,0,0,0,0
"03497841",1,"2015","2014",0,0.153,0.153,"1",0.15,0.15,"25","D",0.05,0.05,0,"D",0,"D",22000,"D",0,"D",0,"D",0,"D",0,"D",0,"D",3000,"D",0,"D",0,"D",0,"D",0,"D",524,"D",1304,535,1323.75,1293.75,535,535,3366,3366,22000,22000,22000.01,22000.01,0,0,0,0,0,0,0,0,22000,22000,0,0,1323.75,1293.75,1323.75,1293.75,2300,2300,524,524,0,0,0,0,0,0,0
"03497861",1,"2015","2014",1,0.153,0.153,"3",0.1395,0.1395,"50","D",0.0702,0.0702,0,"D",0,"D",60000,"D",0,"D",1,"D",1824,"D",0,"D",0,"D",0,"D",6700,"D",2070,"D",0,"D",0,"D",2800,"D",5254,2903,5268.6,5246.23,2914.35,2896.78,9180,9180,61825,61825,61825.01,61825.01,0,0,0,0,0,0,0,0,59025,59025,0,0,5268.6,5246.23,5268.6,5246.23,4461.4,4661.67,2800,2800,0,0,0,0,0,0,0
"03497881",1,"2015","2014",2,0,0,"3",-0.4,-0.4,"44","D",0,0,0,"D",0,"D",0,"D",0,"D",0,"D",2200,"D",0,"D",0,"D",0,"D",4000,"D",220,"D",0,"D",0,"D",6051,"D",0,0,0,0,0,0,0,0,2200,2200,0,0,0,0,0,0,0,0,0,0,2200,2200,0,0,0,0,0,0,0,0,0,0,0,0,0,0,0,0,0
"03497901",1,"2015","2014",2,0.153,0.153,"3",0.1423,0.1422,"22","D",0.0515,0.052,0,"D",0,"D",72000,"D",0,"D",0,"D",0,"D",0,"D",0,"D",0,"D",2500,"D",0,"D",0,"D",0,"D",8216,"D",6327,2790,6346.4,6317.95,2808,2781,11016,11016,72000,72000,72000.01,72000.01,0,0,0,0,0,0,0,0,63784,63784,0,0,6346.4,6317.95,6346.4,6317.95,0,0,0,0,0,0,0,0,0,0,0
"03497901",2,"2015","2014",0,0.153,0.153,"1",0.25,0.25,"22","D",0.0515,0.052,0,"D",0,"D",60000,"D",0,"D",0,"D",0,"D",0,"D",0,"D",0,"D",0,"D",0,"D",0,"D",0,"D",0,"D",8252,2769,8318.75,8218.75,2787.2,2760.4,9180,9180,60000,60000,60000.01,60000.01,0,0,0,0,0,0,0,0,60000,60000,0,0,8318.75,8218.75,8318.75,8218.75,0,0,0,0,0,0,0,0,0,0,0
"03497911",1,"2015","2014",1,0.153,0.153,"2",0.1,0.1,"0","T",0,0,0,"D",0,"D",11220,"D",7600,"D",11850,"D",0,"D",0,"D",0,"D",4800,"D",0,"D",150,"D",0,"D",1,"D",0,"D",-381,0,-358,-393,0,0,2879.46,2879.46,30670,30670,0,0,642,607,358,393,0,0,0,0,30670,30670,0,0,642,607,642,607,0,0,0,0,0,0,0,0,0,0,0
"03497921",1,"2015","2014",0,0.038,0.038,"2",0.35,0.35,"09","D",0.085,0.085,0,"D",0,"D",200000,"D",228786,"D",-13500,"D",0,"D",0,"D",0,"D",14580,"D",0,"D",0,"D",0,"D",0,"D",1000,"D",107014,31811,107407.1,106817.1,32253.31,31589.56,43059.87,43431.87,415286,415286,415286.01,415286.01,0,0,0,0,0,0,0,0,414286,414286,4648.39,4369.2,102758.71,102447.9,102758.71,102447.9,4150,8350,900.55,902.99,0,0,0,0,0,0,0
"03497931",1,"2015","2014",0,0,0,"1",0,0,"39","D",0,0,1,"D",1,"D",0,"D",0,"D",0,"D",0,"D",11062,"D",0,"D",8100,"D",0,"D",40,"D",0,"D",0,"D",0,"D",0,0,0,0,0,0,0,0,0,0,0.01,0.01,0,0,0,0,0,0,0,0,0,0,0,0,0,0,0,0,0,0,0,0,0,0,0,0,0,0,0
"03497952",1,"2015","2014",3,0.153,0.153,"2",0.2106,0.2106,"01","D",0.0684,0.0684,0,"D",0,"D",9000,"D",15000,"D",680,"D",0,"D",0,"D",0,"D",6000,"D",0,"D",260,"D",0,"D",3,"D",24,"D",-8965,631,-8843.95,-9025.08,631,631,3672,3672,24680,24680,24680.01,24680.01,0,0,3000,3000,0,0,5843.95,6025.08,24680,24680,0,0,0,0,0,0,5960,5960,2120,2120,0,0,0,0,0,0,0
"03497961",1,"2015","2014",0,0.153,0.153,"1",0.15,0.15,"34","D",0.0575,0.058,0,"D",0,"D",23000,"D",0,"D",0,"D",0,"D",0,"D",0,"D",0,"D",40,"D",0,"D",0,"D",0,"D",160,"D",1454,894,1473.75,1443.75,899,891.25,3519,3519,23000,23000,23000.01,23000.01,0,0,0,0,0,0,0,0,23000,23000,0,0,1473.75,1443.75,1473.75,1443.75,7500,7500,200,200,0,0,0,0,0,0,0
"03497971",1,"2015","2014",1,0.153,0.153,"2",0.2423,0.2423,"39","D",0.0307,0.0307,0,"D",0,"D",81728,"D",54341,"D",-5280,"D",0,"D",0,"D",0,"D",15000,"D",140,"D",27,"D",0,"D",0,"D",9992,"D",17795,4015,17903.69,17741.19,4015.22,4015.22,20818.56,20818.56,130789,130789,130789.01,130789.01,0,0,0,0,0,0,0,0,120797,120797,0,0,17903.69,17741.19,17903.69,17741.19,0,0,0,0,0,0,0,0,0,0,0
"03497983",1,"2015","2014",1,0.153,0.153,"2",0.15,0.15,"38","D",0.0765,0.0765,0,"D",0,"D",39000,"D",16535,"D",1400,"D",0,"D",0,"D",0,"D",5140,"D",0,"D",0,"D",0,"D",1,"D",0,"D",2950,3428,2995.25,2927.75,3438.77,3422.56,8496.85,8496.85,56935,56935,56935.01,56935.01,1000,1000,0,0,0,0,0,0,56935,56935,0,0,3995.25,3927.75,3995.25,3927.75,4231.2,4289.91,0,0,0,0,0,0,0,0,0
"03497992",1,"2015","2014",0,0.153,0.153,"2",0.15,0.15,"0","T",0,0,0,"D",0,"D",35000,"D",29000,"D",0,"D",0,"D",0,"D",0,"D",3200,"D",0,"D",0,"D",0,"D",0,"D",2100,"D",5608,0,5647.5,5587.5,0,0,9792,9792,64000,64000,0,0,0,0,0,0,0,0,0,0,64000,64000,0,0,5647.5,5587.5,5647.5,5587.5,0,0,0,0,0,0,0,0,0,0,0
"03498001",1,"2015","2014",0,0.153,0.153,"2",0.15,0.15,"0","T",0,0,1,"D",1,"D",29640,"D",22558,"D",0,"D",0,"D",0,"D",0,"D",0,"D",300,"D",0,"D",0,"D",0,"D",5896,"D",3652,0,3697.2,3629.7,0,0,7986.29,7986.29,52198,52198,0,0,0,0,0,0,0,0,0,0,52198,52198,0,0,3697.2,3629.7,3697.2,3629.7,0,0,0,0,0,0,0,0,0,0,0
"03498041",1,"2015","2014",0,0.153,0.153,"2",0.1444,0.1439,"36","D",0.0373,0.0407,0,"D",0,"D",65000,"D",45000,"D",-20080,"D",0,"D",0,"D",0,"D",0,"D",6100,"D",94,"D",0,"D",0,"D",6452,"D",9115,2426,9118.78,9112.72,2532.12,2372.55,16830,16830,89920,89920,89920.01,89920.01,0,0,0,0,0,0,0,0,83468,83468,0,0,9118.78,9112.72,9118.78,9112.72,0,0,0,0,0,0,0,0,0,0,0
"03498061",1,"2015","2014",0,0.153,0.153,"1",0.2339,0.2339,"33","D",0.0645,0.0645,0,"D",0,"D",75000,"D",0,"D",3630,"D",0,"D",0,"D",0,"D",0,"D",3500,"D",44,"D",0,"D",0,"D",2864,"D",11817,4230,11864.34,11792.89,4239.65,4225.43,11475,11475,78630,78630,78630.01,78630.01,0,0,0,0,0,0,0,0,75766,75766,0,0,11864.34,11792.89,11864.34,11792.89,7800,7900,6408,6408,0,0,0,0,0,0,0
"03498071",1,"2015","2014",0,0,0,"1",0,0,"36","D",0,0,1,"D",1,"D",0,"D",0,"D",210,"D",1389,"D",12036,"D",0,"D",0,"D",2500,"D",350,"D",0,"D",0,"D",2564,"D",0,0,0,0,0,0,0,0,1599,1599,1599.01,1599.01,0,0,0,0,0,0,0,0,1599,1599,0,0,0,0,0,0,0,0,0,0,0,0,0,0,0,0,0
"03498091",1,"2015","2014",2,0,0,"3",-0.4,-0.4,"33","D",-0.118,-0.118,0,"D",0,"D",0,"D",0,"D",0,"D",2000,"D",0,"D",0,"D",0,"D",4000,"D",200,"D",0,"D",0,"D",5976,"D",0,-273,0,0,-273,-273,0,0,2000,2000,2000.01,2000.01,0,0,0,0,0,0,0,0,2000,2000,0,0,0,0,0,0,10950,11100,0,0,73,73,0,0,0,0,0
"03498101",1,"2015","2014",0,0,0,"1",-0.0765,-0.0765,"0","T",0,0,0,"D",0,"D",0,"D",0,"D",0,"D",0,"D",0,"D",0,"D",0,"D",0,"D",0,"D",0,"D",0,"D",0,"D",0,0,0,0,0,0,0,0,0,0,0,0,0,0,0,0,0,0,0,0,0,0,0,0,0,0,0,0,0,0,0,0,0,0,0,0,0,0,0
"03498121",1,"2015","2014",1,0.153,0.153,"2",0.15,0.15,"33","D",0.0645,0.0645,0,"D",0,"D",81662,"D",0,"D",0,"D",0,"D",0,"D",0,"D",9900,"D",0,"D",245,"D",0,"D",1,"D",0,"D",6659,2953,6704.3,6636.8,3205.5,2827.07,12494.29,12494.29,81662,81662,81662.01,81662.01,1000,1000,0,0,0,0,0,0,81662,81662,0,0,7704.3,7636.8,7704.3,7636.8,15650,15850,0,0,0,0,0,0,0,0,0
"03498191",1,"2015","2014",0,0,0,"1",-0.0765,-0.0765,"10","D",0,0,0,"D",0,"D",0,"D",0,"D",0,"D",0,"D",0,"D",0,"D",8100,"D",0,"D",0,"D",0,"D",0,"D",0,"D",0,0,0,0,0,0,0,0,0,0,0,0,0,0,0,0,0,0,0,0,0,0,0,0,0,0,0,0,0,0,0,0,0,0,0,0,0,0,0
"03498201",1,"2015","2014",0,0.153,0.153,"2",0.15,0.15,"34","D",0.0575,0.058,0,"D",0,"D",6913,"D",0,"D",11383,"D",58992,"D",0,"D",0,"D",0,"D",1420,"D",240,"D",0,"D",0,"D",5372,"D",7601,3592,7640.7,7580.7,3612.7,3581.56,1057.69,1057.69,77288,77288,77288.01,77288.01,0,0,0,0,0,0,0,0,77288,77288,0,0,7640.7,7580.7,7640.7,7580.7,15000,15000,6792,6792,0,0,0,0,0,0,0
"03498211",1,"2015","2014",1,0.153,0.153,"2",0.2598,0.2598,"44","D",0,0,0,"D",0,"D",24497,"D",4000,"D",0,"D",0,"D",0,"D",0,"D",10560,"D",0,"D",0,"D",0,"D",1,"D",0,"D",-3144,0,-3043.43,-3194.75,0,0,4360.04,4360.04,28497,28497,0,0,424.7,389.7,575.3,610.3,0,0,2468.13,2584.45,28497,28497,0,0,424.7,389.7,424.7,389.7,0,0,0,0,0,0,0,0,0,0,0
"03498221",1,"2015","2014",0,0.0295,0.0295,"2",0.25,0.25,"05","D",0.093,0.093,0,"D",0,"D",135000,"D",600,"D",-13500,"D",0,"D",0,"D",0,"D",0,"D",3500,"D",0,"D",0,"D",0,"D",3208,"D",17029,5363,17162.5,16962.5,5414.37,5337.99,18514.8,18700.8,122100,122100,122100.01,122100.01,0,0,0,0,0,0,0,0,122100,122100,0,0,17162.5,16962.5,17162.5,16962.5,7984,8088,6708,6708,0,0,0,0,0,0,0
"03498271",1,"2015","2014",2,0.153,0.153,"2",0.2423,0.2423,"39","D",0.0307,0.0307,0,"D",0,"D",76000,"D",90000,"D",0,"D",0,"D",0,"D",0,"D",0,"D",3200,"D",44,"D",0,"D",2,"D",14788,"D",23364,5096,23480.45,23305.45,5096.2,5096.2,25398,25398,166000,166000,166000.01,166000.01,0,0,0,0,0,0,0,0,151212,151212,0,0,23480.45,23305.45,23480.45,23305.45,0,0,0,0,0,0,0,0,0,0,0
"03498281",1,"2015","2014",0,0.153,0.153,"2",0.15,0.15,"12","D",0.0672,0.0672,2,"D",2,"D",29681,"D",29919,"D",0,"D",0,"D",0,"D",0,"D",0,"D",500,"D",0,"D",0,"D",0,"D",8856,"D",4578,2370,4627.5,4552.5,2369.63,2369.63,9118.8,9118.8,59600,59600,59600.01,59600.01,0,0,0,0,0,0,0,0,59600,59600,0,0,4627.5,4552.5,4627.5,4552.5,4400,4400,11712.47,11712.47,0,0,0,0,0,0,0
"03498291",1,"2015","2014",0,0.153,0.153,"2",0.15,0.15,"19","D",0.034,0.034,1,"D",1,"D",30665,"D",39189,"D",0,"D",0,"D",17537,"D",0,"D",0,"D",2530,"D",41,"D",0,"D",0,"D",6188,"D",8537,1753,8581.57,8514.07,1750.9,1753.6,10687.66,10687.66,84760.45,84760.45,69854.01,69854.01,0,0,0,0,0,0,0,0,84760.45,84760.45,0,0,8581.57,8514.07,8581.57,8514.07,0,0,0,0,0,0,0,0,0,0,0
"03498301",1,"2015","2014",0,0.153,0.153,"1",0.2398,0.2398,"03","D",0.0407,0.0407,0,"D",0,"D",96657,"D",0,"D",20,"D",0,"D",0,"D",0,"D",0,"D",2000,"D",0,"D",0,"D",0,"D",7852,"D",15808,2875,15856,15783.3,2881.4,2872.19,14788.52,14788.52,96677,96677,96677.01,96677.01,0,0,0,0,0,0,0,0,88825,88825,0,0,15856,15783.3,15856,15783.3,5009,5091,12728,12718.81,0,0,0,0,0,0,0
"03498321",1,"2015","2014",2,0,0,"3",-0.4,-0.4,"28","D",-0.04,-0.04,0,"D",0,"D",0,"D",0,"D",0,"D",3069,"D",0,"D",0,"D",0,"D",1100,"D",0,"D",0,"D",0,"D",5280,"D",0,0,0,0,0,0,0,0,3069,3069,3069.01,3069.01,0,0,0,0,0,0,0,0,3069,3069,0,0,0,0,0,0,9100,9250,0,0,0,0,0,0,0,0,0
"03498331",1,"2015","2014",0,0.153,0.153,"1",0.1765,0.1765,"0","T",0,0,0,"D",0,"D",11436,"D",0,"D",0,"D",0,"D",0,"D",0,"D",300,"D",0,"D",0,"D",0,"D",0,"D",0,"D",-135,0,-112.96,-145.67,0,0,1749.71,1749.71,11436,11436,0,0,0,0,0,0,0,0,241.56,259.27,11436,11436,0,0,128.6,113.6,128.6,113.6,0,0,0,0,0,0,0,0,0,0,0
"03498361",1,"2015","2014",0,0.153,0.153,"1",0.15,0.15,"02","D",0,0,0,"D",0,"D",32000,"D",0,"D",0,"D",0,"D",0,"D",0,"D",0,"D",0,"D",600,"D",0,"D",0,"D",0,"D",2804,0,2823.75,2793.75,0,0,4896,4896,32000,32000,0,0,0,0,0,0,0,0,0,0,32000,32000,0,0,2823.75,2793.75,2823.75,2793.75,0,0,0,0,0,0,0,0,0,0,0
"03498381",1,"2015","2014",0,0.153,0.153,"2",0.25,0.25,"48","D",0,0,1,"D",1,"D",82000,"D",1500,"D",67951,"D",0,"D",21600,"D",0,"D",0,"D",2400,"D",85,"D",0,"D",0,"D",0,"D",28649,0,28790.25,28577.75,0,0,12775.5,12775.5,169811,169811,0,0,0,0,0,0,0,0,0,0,169811,169811,0,0,28790.25,28577.75,28790.25,28577.75,0,0,0,0,0,0,0,0,0,0,0
"03498391",1,"2015","2014",1,0.153,0.153,"3",0.2515,0.2515,"38","D",0.0828,0.0828,0,"D",0,"D",32000,"D",0,"D",-4498,"D",0,"D",0,"D",0,"D",0,"D",2900,"D",185,"D",0,"D",1,"D",9968,"D",-1503,403,-1427.15,-1540.65,414.18,397.77,4896,4896,27502,27502,27502.01,27502.01,613.48,605.12,386.52,394.88,0,0,1040.63,1145.77,17534,17534,0,0,613.48,605.12,613.48,605.12,3405.6,3452.86,13053,13053,0,0,0,0,83.25,91.66,0
"03498401",1,"2015","2014",0,0.153,0.153,"2",0.15,0.15,"44","D",0,0,0,"D",0,"D",89000,"D",0,"D",-625,"D",0,"D",0,"D",0,"D",0,"D",2800,"D",580,"D",0,"D",0,"D",7964,"D",9264,0,9303.75,9243.75,0,0,13617,13617,88375,88375,0,0,0,0,0,0,0,0,0,0,88375,88375,0,0,9303.75,9243.75,9303.75,9243.75,0,0,0,0,0,0,0,0,0,0,0
"03498431",1,"2015","2014",1,0.153,0.153,"2",0.2598,0.2598,"0","T",0,0,0,"D",0,"D",17000,"D",8228,"D",0,"D",0,"D",0,"D",0,"D",0,"D",1700,"D",0,"D",0,"D",1,"D",3288,"D",-3994,0,-3892.71,-4044.04,0,0,3859.88,3859.88,25228,25228,0,0,97.8,62.8,902.2,937.2,0,0,2990.51,3106.84,25228,25228,0,0,97.8,62.8,97.8,62.8,0,0,0,0,0,0,0,0,0,0,0
"03498451",1,"2015","2014",0,0.153,0.153,"1",0.25,0.25,"17","D",0.046,0.048,0,"D",0,"D",57000,"D",0,"D",2000,"D",0,"D",0,"D",0,"D",0,"D",900,"D",810,"D",0,"D",0,"D",1080,"D",8002,2120,8068.75,7968.75,2169,2095.5,8721,8721,59000,59000,57000.01,57000.01,0,0,0,0,0,0,0,0,59000,59000,0,0,8068.75,7968.75,8068.75,7968.75,3000,3000,0,0,0,0,0,0,0,0,0
"03498451",2,"2015","2014",1,0,0,"3",-0.34,-0.34,"17","D",-0.0578,-0.0578,0,"D",0,"D",0,"D",0,"D",0,"D",0,"D",0,"D",0,"D",0,"D",0,"D",0,"D",0,"D",0,"D",0,"D",0,0,0,0,0,0,0,0,0,0,0.01,0.01,0,0,0,0,0,0,0,0,0,0,0,0,0,0,0,0,5500,5500,0,0,0,0,0,0,0,0,0
"03498461",1,"2015","2014",0,0.153,0.153,"1",0.2361,0.2361,"08","D",0.0555,0.0555,0,"D",0,"D",62000,"D",0,"D",0,"D",0,"D",0,"D",0,"D",0,"D",2100,"D",160,"D",0,"D",0,"D",8404,"D",7065,2353,7114.59,7039.59,2352.65,2352.65,9486,9486,62000,62000,62000.01,62000.01,0,0,0,0,0,0,0,0,53596,53596,0,0,7114.59,7039.59,7114.59,7039.59,3250,3250,10664,10664,0,0,0,0,0,0,0
"03498493",1,"2015","2014",1,0.153,0.153,"3",0.3098,0.3098,"34","D",0.0575,0.058,0,"D",0,"D",32504,"D",0,"D",0,"D",0,"D",0,"D",0,"D",0,"D",0,"D",0,"D",0,"D",0,"D",0,"D",616,1182,718.01,565.37,1189.23,1178.98,4973.11,4973.11,32504,32504,32504.01,32504.01,0,0,0,0,0,0,960.09,1065.23,32504,32504,0,0,1678.1,1630.6,1678.1,1630.6,12000,12000,0,0,0,0,0,0,0,0,0
"03498531",1,"2015","2014",0,0,0,"1",0.2681,0.2681,"23","D",0.0425,0.0425,1,"D",1,"D",0,"D",0,"D",0,"D",96696,"D",15281,"D",0,"D",0,"D",2000,"D",25,"D",0,"D",0,"D",7800,"D",19438,1834,19510.85,19401.68,1855.93,1822.61,0,0,109684.85,109684.85,47669.01,46885.01,0,0,0,0,0,0,0,0,101884.85,101884.85,0,0,19510.85,19401.68,19510.85,19401.68,0,0,0,0,0,0,0,0,0,0,0
"03498572",1,"2015","2014",0,0.153,0.153,"1",0.2523,0.2523,"38","D",0.099,0.099,0,"D",0,"D",26000,"D",0,"D",157000,"D",0,"D",0,"D",0,"D",5100,"D",0,"D",0,"D",0,"D",0,"D",0,"D",38775,15912,38851.34,38737.54,15922.91,15906.1,3978,3978,183000,183000,183000.01,183000.01,0,0,0,0,0,0,0,0,183000,183000,0,0,38851.34,38737.54,38851.34,38737.54,2115.6,2144.96,0,0,0,0,0,0,0,0,0
"03498591",1,"2015","2014",0,0.038,0.038,"1",0.35,0.35,"18","D",0.06,0.06,1,"D",1,"D",228786,"D",0,"D",0,"D",0,"D",0,"D",0,"D",0,"D",3500,"D",3650,"D",0,"D",0,"D",0,"D",53153,12914,53430.1,53015.1,12914.16,12914.16,21401.87,21587.87,228786,228786,228786.01,228786.01,0,0,0,0,0,0,0,0,228786,228786,1997.14,1850.64,51432.96,51164.46,51432.96,51164.46,2400,2440,7150,7150,0,0,0,0,0,0,0
"03498591",2,"2015","2014",0,0.153,0.153,"1",0.25,0.25,"18","D",0.058,0.058,1,"D",1,"D",58094,"D",0,"D",0,"D",0,"D",0,"D",0,"D",0,"D",0,"D",0,"D",0,"D",0,"D",0,"D",7388,2995,7454.75,7354.75,2996.25,2993.93,8888.38,8888.38,58094,58094,58094.01,58094.01,0,0,0,0,0,0,0,0,58094,58094,0,0,7454.75,7354.75,7454.75,7354.75,2400,2440,0,0,0,0,0,0,0,0,0
"03498601",1,"2015","2014",0,0.153,0.153,"2",0.25,0.25,"44","D",0,0,0,"D",0,"D",106000,"D",40000,"D",0,"D",0,"D",0,"D",0,"D",0,"D",3200,"D",0,"D",0,"D",0,"D",5736,"D",23004,0,23137.5,22937.5,0,0,22338,22338,146000,146000,0,0,0,0,0,0,0,0,0,0,146000,146000,0,0,23137.5,22937.5,23137.5,22937.5,0,0,0,0,0,0,0,0,0,0,0
"03498611",1,"2015","2014",2,0,0,"3",-0.4,-0.4,"33","D",-0.12,-0.12,0,"D",0,"D",0,"D",0,"D",0,"D",0,"D",0,"D",0,"D",13800,"D",0,"D",0,"D",0,"D",0,"D",240,"D",0,-200,0,0,-200,-200,0,0,0,0,0.01,0.01,0,0,0,0,0,0,0,0,0,0,0,0,0,0,0,0,10950,11100,0,0,0,0,0,0,0,0,0
"03498621",1,"2015","2014",2,0.153,0.153,"2",-0.15,-0.15,"44","D",0,0,0,"D",0,"D",15600,"D",0,"D",0,"D",0,"D",0,"D",0,"D",4200,"D",0,"D",13,"D",0,"D",2,"D",0,"D",-7409,0,-7350,-7438,0,0,2386.8,2386.8,15600,15600,0,0,0,0,1890,1890,0,0,5460,5548,15600,15600,0,0,0,0,0,0,0,0,0,0,0,0,0,0,0,0,0
"03498641",1,"2015","2014",1,0.153,0.153,"2",0,0,"34","D",0.0575,0.058,0,"D",0,"D",0,"D",15000,"D",-152,"D",2580,"D",0,"D",0,"D",0,"D",920,"D",507,"D",0,"D",1,"D",3468,"D",-4341,15,-4305,-4359,15.82,14.61,2295,2295,17428,17428,17428.01,17428.01,0,0,1000,1000,0,0,3305,3359,17428,17428,0,0,0,0,0,0,15000,15000,4388,4388,0,0,0,0,0,0,0
"03498662",1,"2015","2014",1,0.153,0.153,"3",0.15,0.15,"28","D",0.0501,0.0501,0,"D",0,"D",48000,"D",0,"D",0,"D",0,"D",0,"D",0,"D",10200,"D",0,"D",0,"D",0,"D",0,"D",0,"D",3971,1189,4002.5,3955,1202.09,1182.72,7344,7344,48000,48000,48000.01,48000.01,0,0,0,0,0,0,0,0,48000,48000,0,0,4002.5,3955,4002.5,3955,9100,9250,0,0,0,0,0,0,0,0,0
"03498671",1,"2015","2014",1,0.153,0.153,"3",0.1444,0.1425,"14","D",0.0375,0.05,0,"D",0,"D",90000,"D",0,"D",17400,"D",0,"D",0,"D",0,"D",0,"D",16180,"D",70,"D",0,"D",0,"D",30000,"D",6800,3488,6687.72,6856.41,4348.5,3057.25,13770,13770,107400,107400,107400.01,107400.01,0,0,0,0,0,0,0,0,77400,77400,0,0,6687.73,6856.41,6687.72,6856.41,0,0,0,0,809,809,0,0,0,0,0
"03498694",1,"2015","2014",3,0.06,0.06,"2",0.28,0.28,"43","D",0,0,0,"D",0,"D",50000,"D",150000,"D",-2000,"D",0,"D",0,"D",0,"D",0,"D",2800,"D",6262,"D",0,"D",3,"D",820,"D",33471,0,33685,33363.5,0,0,26508,26694,198000,198000,0,0,0,0,0,0,0,0,0,0,198000,198000,0,0,33685,33363.5,33685,33363.5,0,0,0,0,0,0,0,0,0,0,0
"03498741",1,"2015","2014",2,0,0,"3",0,0,"0","T",0,0,0,"D",0,"D",0,"D",0,"D",7437,"D",0,"D",0,"D",0,"D",0,"D",600,"D",80,"D",0,"D",0,"D",1920,"D",0,0,0,0,0,0,0,0,7437,7437,0,0,0,0,0,0,0,0,0,0,7437,7437,0,0,0,0,0,0,0,0,0,0,0,0,0,0,0,0,0
"03498801",1,"2015","2014",0,0,0,"1",0.1,0.1,"05","D",0,0,1,"D",1,"D",0,"D",0,"D",0,"D",12021,"D",21190,"D",0,"D",0,"D",2600,"D",109,"D",0,"D",0,"D",2200,"D",22,0,32.1,17.1,0,0,0,0,12021,12021,12021.01,12021.01,0,0,0,0,0,0,0,0,12021,12021,0,0,32.1,17.1,32.1,17.1,3992,4044,4909,4909,0,0,0,0,0,0,0
"03498811",1,"2015","2014",1,0.153,0.153,"2",0.15,0.15,"45","D",0.063,0.063,0,"D",0,"D",9600,"D",44200,"D",0,"D",0,"D",0,"D",0,"D",13392,"D",0,"D",107,"D",0,"D",1,"D",0,"D",2480,1743,2525,2457.5,1758.81,1734.48,8231.4,8231.4,53800,53800,53800.01,53800.01,1000,1000,0,0,0,0,0,0,53800,53800,0,0,3525,3457.5,3525,3457.5,0,0,0,0,0,0,0,0,0,0,0
"03498821",1,"2015","2014",3,0.153,0.153,"2",-0.15,-0.15,"14","D",0.0375,0.05,0,"D",0,"D",0,"D",20000,"D",0,"D",0,"D",0,"D",0,"D",13200,"D",0,"D",8,"D",0,"D",3,"D",80,"D",-8759,-233,-8693,-8792,-145.55,-277.32,3060,3060,20000,20000,20000.01,20000.01,0,0,2550,2550,0,0,6143,6242,20000,20000,0,0,0,0,0,0,0,0,0,0,0,0,0,0,614.3,624.2,0
"03498831",1,"2015","2014",1,0.153,0.153,"3",-0.34,-0.34,"39","D",0,0,0,"D",0,"D",6000,"D",0,"D",0,"D",0,"D",0,"D",0,"D",11460,"D",0,"D",0,"D",0,"D",0,"D",0,"D",-2040,0,-2040,-2040,0,0,918,918,6000,6000,6000.01,6000.01,0,0,0,0,0,0,2040,2040,6000,6000,0,0,0,0,0,0,0,0,0,0,0,0,0,0,0,0,0
"03498841",1,"2015","2014",5,0.153,0.153,"3",-0.6,-0.6,"34","D",0,0,0,"D",0,"D",6000,"D",0,"D",1500,"D",0,"D",0,"D",0,"D",6000,"D",0,"D",0,"D",0,"D",3,"D",540,"D",-3150,0,-3150,-3150,0,0,918,918,7500,7500,7500.01,7500.01,0,0,450,450,0,0,2700,2700,7500,7500,0,0,0,0,0,0,12000,12000,540,540,0,0,0,0,0,0,0
"03498861",1,"2015","2014",1,0.0523,0.0523,"2",0.2324,0.2324,"24","D",0.0705,0.0705,0,"D",0,"D",138000,"D",32000,"D",2500,"D",0,"D",0,"D",0,"D",0,"D",2360,"D",882,"D",0,"D",1,"D",13692,"D",25157,9504,25262.31,25104.42,9516.75,9498.34,23406,23592,172500,172500,172500.01,172500.01,0,0,0,0,0,0,0,0,158808,158808,0,0,25262.31,25104.42,25262.31,25104.42,0,0,26450.76,26432.34,0,0,0,0,0,0,0
"03498871",1,"2015","2014",2,0,0,"3",-0.4,-0.4,"22","D",-0.06,-0.06,0,"D",0,"D",0,"D",0,"D",0,"D",0,"D",0,"D",0,"D",0,"D",0,"D",0,"D",0,"D",0,"D",0,"D",0,0,0,0,0,0,0,0,0,0,0.01,0.01,0,0,0,0,0,0,0,0,0,0,0,0,0,0,0,0,0,0,0,0,0,0,0,0,0,0,0
"03498881",1,"2015","2014",0,0.153,0.153,"1",0.225,0.225,"41","D",0,0,1,"D",1,"D",21000,"D",0,"D",0,"D",0,"D",16248,"D",0,"D",0,"D",400,"D",48,"D",0,"D",0,"D",5376,"D",1231,0,1250.55,1220.55,0,0,3213,3213,23062,23062,-5699.99,-5849.99,0,0,0,0,0,0,0,0,23062,23062,0,0,1250.55,1220.55,1250.55,1220.55,0,0,0,0,0,0,0,0,0,0,0
"03498891",1,"2015","2014",0,0.153,0.153,"2",0.15,0.15,"01","D",0.0387,0.0387,1,"D",1,"D",56000,"D",0,"D",187,"D",22763,"D",5999,"D",0,"D",0,"D",0,"D",1340,"D",0,"D",0,"D",5572,"D",8430,2736,8474.87,8407.37,2733.96,2737.33,8568,8568,84049.15,84049.15,78950.01,78950.01,0,0,0,0,0,0,0,0,84049.15,84049.15,0,0,8474.87,8407.37,8474.87,8407.37,4000,4000,11196,11196,0,0,0,0,0,0,0
"03498911",1,"2015","2014",3,0.153,0.153,"2",0,0,"33","D",0.04,0.04,0,"D",0,"D",7000,"D",11934,"D",0,"D",0,"D",0,"D",0,"D",0,"D",5900,"D",0,"D",0,"D",2,"D",0,"D",-8209,-2517,-8143,-8242,-2491.54,-2529.24,2896.9,2896.9,18934,18934,18934.01,18934.01,0,0,2000,2000,0,0,6143,6242,18934,18934,0,0,0,0,0,0,15650,15850,0,0,0,0,0,0,1831.54,1869.24,0
"03498911",2,"2015","2014",3,0,0,"3",-0.45,-0.45,"33","D",-0.135,-0.135,0,"D",0,"D",0,"D",0,"D",0,"D",0,"D",0,"D",0,"D",0,"D",0,"D",0,"D",0,"D",2,"D",0,"D",0,-300,0,0,-300,-300,0,0,0,0,0.01,0.01,0,0,0,0,0,0,0,0,0,0,0,0,0,0,0,0,10950,11100,0,0,0,0,0,0,0,0,0
"03498941",1,"2015","2014",2,0,0,"3",-0.4,-0.4,"10","D",0,0,0,"D",0,"D",0,"D",0,"D",1819,"D",0,"D",0,"D",0,"D",0,"D",1300,"D",182,"D",0,"D",0,"D",3484,"D",0,0,0,0,0,0,0,0,1819,1819,0,0,0,0,0,0,0,0,0,0,1819,1819,0,0,0,0,0,0,0,0,0,0,0,0,0,0,0,0,0
"03498951",1,"2015","2014",0,0.153,0.153,"2",0.2324,0.2324,"24","D",0.0705,0.0705,0,"D",0,"D",96000,"D",62000,"D",-9800,"D",0,"D",0,"D",0,"D",0,"D",3600,"D",0,"D",0,"D",0,"D",13332,"D",20493,7846,20590.04,20444.48,7857.84,7840.09,24174,24174,148200,148200,148200.01,148200.01,0,0,0,0,0,0,0,0,134868,134868,0,0,20590.04,20444.48,20590.04,20444.48,0,0,24789.84,24772.09,0,0,0,0,0,0,0
"03498971",1,"2015","2014",0,0.153,0.153,"2",0.15,0.15,"0","T",0,0,0,"D",0,"D",48000,"D",33521,"D",0,"D",0,"D",0,"D",0,"D",7680,"D",0,"D",387,"D",0,"D",0,"D",48,"D",8236,0,8275.65,8215.65,0,0,12472.71,12472.71,81521,81521,0,0,0,0,0,0,0,0,0,0,81521,81521,0,0,8275.65,8215.65,8275.65,8215.65,0,0,0,0,0,0,0,0,0,0,0
"03498991",1,"2015","2014",1,0.153,0.153,"3",0.2598,0.2598,"0","T",0,0,0,"D",0,"D",26000,"D",0,"D",0,"D",0,"D",0,"D",0,"D",0,"D",180,"D",43,"D",0,"D",1,"D",6656,"D",-2186,0,-2099.43,-2229.57,0,0,3978,3978,26000,26000,0,0,900,875,100,125,0,0,1999.43,2104.57,26000,26000,0,0,900,875,900,875,0,0,0,0,0,0,0,0,0,0,0
"03499031",1,"2015","2014",0,0.153,0.153,"1",0.15,0.15,"34","D",0.0575,0.058,0,"D",0,"D",25213,"D",0,"D",0,"D",0,"D",0,"D",0,"D",12000,"D",0,"D",850,"D",0,"D",0,"D",0,"D",1786,1021,1805.7,1775.7,1027.35,1018.5,3857.59,3857.59,25213,25213,25213.01,25213.01,0,0,0,0,0,0,0,0,25213,25213,0,0,1805.7,1775.7,1805.7,1775.7,7500,7500,0,0,0,0,0,0,0,0,0
"03499031",2,"2015","2014",0,0.153,0.153,"1",0.15,0.15,"34","D",0.0575,0.058,0,"D",0,"D",32974,"D",0,"D",0,"D",0,"D",0,"D",0,"D",0,"D",0,"D",0,"D",0,"D",0,"D",0,"D",2950,1469,2969.85,2939.85,1477.49,1464.76,5045.02,5045.02,32974,32974,32974.01,32974.01,0,0,0,0,0,0,0,0,32974,32974,0,0,2969.85,2939.85,2969.85,2939.85,7500,7500,0,0,0,0,0,0,0,0,0
"03499051",1,"2015","2014",2,0.029,0.029,"3",0.25,0.25,"0","T",0,0,0,"D",0,"D",125000,"D",0,"D",0,"D",0,"D",0,"D",0,"D",0,"D",2400,"D",0,"D",0,"D",2,"D",1280,"D",20315,0,20425,20260,0,0,18133,18319,125000,125000,0,0,0,0,0,0,0,0,0,0,125000,125000,0,0,20425,20260,20425,20260,0,0,0,0,0,0,0,0,0,0,0
"03499061",1,"2015","2014",2,0.0703,0.0703,"2",0.2394,0.2394,"23","D",0.0425,0.0425,0,"D",0,"D",60000,"D",120000,"D",35,"D",0,"D",0,"D",0,"D",0,"D",3300,"D",1615,"D",0,"D",1,"D",13692,"D",26260,6971,26376.63,26201.63,6971.49,6971.49,27168,27354,180035,180035,180035.01,180035.01,0,0,0,0,0,0,0,0,166343,166343,0,0,26376.63,26201.63,26376.63,26201.63,0,0,0,0,0,0,0,0,0,0,0
"03499071",1,"2015","2014",3,0,0,"3",-0.45,-0.45,"41","D",0,0,1,"D",1,"D",0,"D",0,"D",0,"D",3096,"D",14496,"D",0,"D",0,"D",60,"D",115,"D",0,"D",0,"D",0,"D",0,0,0,0,0,0,0,0,3096,3096,-15000,-15000,0,0,0,0,0,0,0,0,3096,3096,0,0,0,0,0,0,0,0,0,0,0,0,0,0,0,0,0
"03499081",1,"2015","2014",0,0.153,0.153,"1",0.25,0.25,"44","D",0,0,0,"D",0,"D",50000,"D",0,"D",-1452,"D",0,"D",0,"D",0,"D",0,"D",3300,"D",26,"D",0,"D",0,"D",36,"D",5389,0,5455.75,5355.75,0,0,7650,7650,48548,48548,0,0,0,0,0,0,0,0,0,0,48548,48548,0,0,5455.75,5355.75,5455.75,5355.75,0,0,0,0,0,0,0,0,0,0,0
"03499091",1,"2015","2014",0,0.153,0.153,"1",0.1486,0.1486,"48","D",0,0,0,"D",0,"D",30912,"D",0,"D",0,"D",0,"D",0,"D",0,"D",0,"D",1600,"D",300,"D",0,"D",0,"D",15288,"D",929,0,939.12,924.12,0,0,4729.54,4729.54,30912,30912,0,0,0,0,0,0,0,0,0,0,15624,15624,0,0,939.12,924.12,939.12,924.12,0,0,0,0,0,0,0,0,0,0,0
"03499091",2,"2015","2014",0,0.153,0.153,"1",0.25,0.25,"48","D",0,0,0,"D",0,"D",55913,"D",0,"D",0,"D",0,"D",0,"D",0,"D",0,"D",0,"D",0,"D",0,"D",0,"D",0,"D",7230,0,7297,7197,0,0,8554.69,8554.69,55913,55913,0,0,0,0,0,0,0,0,0,0,55913,55913,0,0,7297,7197,7297,7197,0,0,0,0,0,0,0,0,0,0,0
"03499091",3,"2015","2014",0,0.153,0.153,"1",0.15,0.15,"48","D",0,0,0,"D",0,"D",19675,"D",0,"D",0,"D",0,"D",0,"D",0,"D",0,"D",0,"D",0,"D",0,"D",0,"D",0,"D",955,0,975,945,0,0,3010.27,3010.27,19675,19675,0,0,0,0,0,0,0,0,0,0,19675,19675,0,0,975,945,975,945,0,0,0,0,0,0,0,0,0,0,0
"03499101",1,"2015","2014",3,0.153,0.153,"2",0.3106,0.3106,"33","D",0.1032,0.1032,0,"D",0,"D",33233,"D",0,"D",0,"D",0,"D",0,"D",0,"D",28800,"D",0,"D",0,"D",0,"D",2,"D",0,"D",-6085,-1331,-5934.39,-6160.52,-1289.49,-1351.83,5084.65,5084.65,33233,33233,33233.01,33233.01,108.3,63.3,1891.7,1936.7,0,0,4042.69,4223.82,33233,33233,0,0,108.3,63.3,108.3,63.3,15650,15850,0,0,0,0,0,0,1212.81,1267.15,0
"03499101",2,"2015","2014",3,0,0,"3",-0.45,-0.45,"33","D",-0.135,-0.135,0,"D",0,"D",0,"D",0,"D",0,"D",0,"D",0,"D",0,"D",0,"D",0,"D",0,"D",0,"D",2,"D",0,"D",0,-300,0,0,-300,-300,0,0,0,0,0.01,0.01,0,0,0,0,0,0,0,0,0,0,0,0,0,0,0,0,10950,11100,0,0,0,0,0,0,0,0,0
"03499121",1,"2015","2014",2,0.153,0.153,"2",0.3,0.3,"44","D",0,0,1,"D",1,"D",100000,"D",30000,"D",-13000,"D",0,"D",0,"D",0,"D",0,"D",1600,"D",595,"D",0,"D",1,"D",6960,"D",12804,0,12962.5,12725,0,0,19890,19890,117000,117000,0,0,650,650,0,0,0,0,0,0,117000,117000,0,0,13612.5,13375,13612.5,13375,0,0,0,0,0,0,0,0,0,0,0
"03499121",2,"2015","2014",0,0.153,0.153,"2",0.1,0.1,"44","D",0,0,0,"D",0,"D",32875,"D",0,"D",0,"D",0,"D",0,"D",0,"D",0,"D",0,"D",0,"D",0,"D",0,"D",0,"D",1238,0,1257.5,1227.5,0,0,5029.87,5029.87,32875,32875,0,0,0,0,0,0,0,0,0,0,32875,32875,0,0,1257.5,1227.5,1257.5,1227.5,0,0,0,0,0,0,0,0,0,0,0
"03499141",1,"2015","2014",0,0.153,0.153,"2",0.15,0.15,"31","D",0.035,0.035,0,"D",0,"D",81000,"D",0,"D",2,"D",0,"D",0,"D",0,"D",27880,"D",0,"D",610,"D",0,"D",0,"D",0,"D",8158,1460,8197.8,8137.8,1460.07,1460.07,12393,12393,81002,81002,81002.01,81002.01,0,0,0,0,0,0,0,0,81002,81002,0,0,8197.8,8137.8,8197.8,8137.8,0,0,0,0,0,0,0,0,0,0,0
"03499151",1,"2015","2014",0,0.153,0.153,"1",0.15,0.15,"06","D",0.0463,0.0463,0,"D",0,"D",30000,"D",0,"D",0,"D",0,"D",0,"D",0,"D",9600,"D",0,"D",380,"D",0,"D",0,"D",1100,"D",2504,906,2523.75,2493.75,919.06,899.11,4590,4590,30000,30000,0,0,0,0,0,0,0,0,0,0,30000,30000,0,0,2523.75,2493.75,2523.75,2493.75,0,0,0,0,0,0,0,0,0,0,0
"03499151",2,"2015","2014",1,0,0,"3",-0.34,-0.34,"06","D",-0.034,0,0,"D",0,"D",0,"D",0,"D",0,"D",0,"D",0,"D",0,"D",0,"D",0,"D",0,"D",0,"D",0,"D",0,"D",0,-9,0,0,0,-13,0,0,0,0,0,0,0,0,0,0,0,0,0,0,0,0,0,0,0,0,0,0,0,0,0,0,0,0,0,0,0,0,0
"03499181",1,"2015","2014",3,0.0705,0.0705,"2",0.2267,0.2268,"05","D",0.093,0.093,0,"D",0,"D",66000,"D",131074,"D",-14818,"D",0,"D",0,"D",0,"D",0,"D",9300,"D",1350,"D",0,"D",3,"D",23552,"D",21784,7519,21895.6,21727.78,7571.6,7492.89,28407.15,28593.15,182256,182256,182256.01,182256.01,0,0,0,0,0,0,0,0,158704,158704,0,0,21895.6,21727.78,21895.6,21727.78,7984,8088,34202,34202,0,0,0,0,0,0,0
"03499221",1,"2015","2014",0,0,0,"1",0,0,"08","D",0,0,1,"D",1,"D",0,"D",0,"D",0,"D",55,"D",23542,"D",0,"D",0,"D",1800,"D",400,"D",0,"D",0,"D",0,"D",0,0,0,0,0,0,0,0,55,55,-1999.99,-1999.99,0,0,0,0,0,0,0,0,55,55,0,0,0,0,0,0,5750,5750,2200,2200,0,0,0,0,0,0,0
"03499241",1,"2015","2014",0,0.153,0.153,"1",0.25,0.25,"50","D",0.0702,0.0702,0,"D",0,"D",60367,"D",0,"D",0,"D",0,"D",0,"D",0,"D",7800,"D",0,"D",0,"D",0,"D",0,"D",160,"D",8344,2958,8410.5,8310.5,2969.93,2952.41,9236.15,9236.15,60367,60367,60367.01,60367.01,0,0,0,0,0,0,0,0,60367,60367,0,0,8410.5,8310.5,8410.5,8310.5,4599.96,4799.61,160,160,0,0,0,0,0,0,0
"03499261",1,"2015","2014",0,0.153,0.153,"2",0.185,0.185,"17","D",0,0,2,"D",2,"D",0,"D",1939,"D",9000,"D",12234,"D",43556,"D",0,"D",0,"D",1800,"D",444,"D",0,"D",0,"D",6420,"D",701,0,728.14,688.14,0,0,296.67,296.67,29981.35,29981.35,14173.01,14173.01,0,0,0,0,0,0,0,0,29981.35,29981.35,0,0,728.14,688.14,728.14,688.14,8900,8900,0,0,0,0,0,0,0,0,0
"03499271",1,"2015","2014",0,0.153,0.153,"2",0.15,0.15,"19","D",0.034,0.034,0,"D",0,"D",46200,"D",15120,"D",2,"D",0,"D",0,"D",0,"D",0,"D",50,"D",304,"D",0,"D",0,"D",200,"D",5206,1565,5245.8,5185.8,1563.05,1565.45,9381.96,9381.96,61322,61322,61322.01,61322.01,0,0,0,0,0,0,0,0,61322,61322,0,0,5245.8,5185.8,5245.8,5185.8,0,0,0,0,0,0,0,0,0,0,0
"03499301",1,"2015","2014",0,0,0,"1",0.15,0.15,"45","D",0.063,0.063,0,"D",0,"D",0,"D",0,"D",37809,"D",0,"D",0,"D",0,"D",1676,"D",0,"D",210,"D",0,"D",0,"D",0,"D",3675,1648,3695.1,3665.1,1655.55,1644.5,0,0,37809,37809,37809.01,37809.01,0,0,0,0,0,0,0,0,37809,37809,0,0,3695.1,3665.1,3695.1,3665.1,0,0,0,0,0,0,0,0,0,0,0
"03499311",1,"2015","2014",2,0.153,0.153,"2",0.28,0.28,"0","T",0,0,0,"D",0,"D",104000,"D",111000,"D",-3200,"D",0,"D",0,"D",0,"D",0,"D",3600,"D",1150,"D",0,"D",2,"D",17304,"D",35784,0,35951.88,35700.38,0,0,32895,32895,211800,211800,0,0,0,0,0,0,0,0,0,0,194496,194496,0,0,35951.88,35700.38,35951.88,35700.38,0,0,0,0,0,0,0,0,0,0,0
"03499331",1,"2015","2014",2,0.153,0.153,"2",0.15,0.15,"05","D",0.08,0.08,0,"D",0,"D",49198,"D",46948,"D",0,"D",0,"D",0,"D",0,"D",28800,"D",0,"D",210,"D",0,"D",1,"D",240,"D",8234,2467,8284.4,8209.4,2511.17,2445.32,14710.34,14710.34,96146,96146,96146.01,96146.01,1000,1000,0,0,0,0,0,0,96146,96146,0,0,9284.4,9209.4,9284.4,9209.4,7984,8088,450,450,0,0,0,0,0,0,0
"03499341",1,"2015","2014",0,0.153,0.153,"2",0.2486,0.2486,"48","D",0,0,0,"D",0,"D",98459,"D",32529,"D",24852,"D",0,"D",0,"D",0,"D",0,"D",4000,"D",9818,"D",0,"D",0,"D",9616,"D",22423,0,22522.66,22372.66,0,0,20041.16,20041.16,155840,155840,0,0,0,0,0,0,0,0,0,0,146224,146224,0,0,22522.66,22372.66,22522.66,22372.66,0,0,0,0,0,0,0,0,0,0,0
"03499341",2,"2015","2014",0,0.153,0.153,"1",0.15,0.15,"48","D",0,0,0,"D",0,"D",36442,"D",0,"D",0,"D",0,"D",0,"D",0,"D",0,"D",0,"D",0,"D",0,"D",0,"D",0,"D",3470,0,3490.05,3460.05,0,0,5575.63,5575.63,36442,36442,0,0,0,0,0,0,0,0,0,0,36442,36442,0,0,3490.05,3460.05,3490.05,3460.05,0,0,0,0,0,0,0,0,0,0,0
"03499371",1,"2015","2014",0,0.029,0.029,"1",0.2614,0.2614,"33","D",0.0665,0.0665,0,"D",0,"D",150000,"D",0,"D",0,"D",0,"D",0,"D",0,"D",0,"D",5500,"D",50,"D",0,"D",0,"D",4116,"D",28638,9452,28715.51,28598.87,9456.3,9449.65,18858,19044,150000,150000,150000.01,150000.01,0,0,0,0,0,0,0,0,145884,145884,0,0,28715.51,28598.87,28715.51,28598.87,7800,7900,7249.5,7249.5,0,0,0,0,0,0,0
"03499381",1,"2015","2014",0,0,0,"1",0,0,"05","D",0,0,1,"D",1,"D",0,"D",0,"D",80,"D",0,"D",19006,"D",0,"D",14076,"D",0,"D",0,"D",0,"D",0,"D",0,"D",0,0,0,0,0,0,0,0,80,80,80.01,80.01,0,0,0,0,0,0,0,0,80,80,0,0,0,0,0,0,3992,4044,0,0,0,0,0,0,0,0,0
"03499401",1,"2015","2014",0,0.153,0.153,"1",0.25,0.25,"0","T",0,0,0,"D",0,"D",80000,"D",0,"D",-4800,"D",0,"D",0,"D",0,"D",0,"D",3600,"D",0,"D",0,"D",0,"D",0,"D",12052,0,12118.75,12018.75,0,0,12240,12240,75200,75200,0,0,0,0,0,0,0,0,0,0,75200,75200,0,0,12118.75,12018.75,12118.75,12018.75,0,0,0,0,0,0,0,0,0,0,0
"03499401",2,"2015","2014",0,0.153,0.153,"1",0.15,0.15,"0","T",0,0,0,"D",0,"D",32000,"D",0,"D",0,"D",0,"D",0,"D",0,"D",0,"D",0,"D",0,"D",0,"D",0,"D",0,"D",2804,0,2823.75,2793.75,0,0,4896,4896,32000,32000,0,0,0,0,0,0,0,0,0,0,32000,32000,0,0,2823.75,2793.75,2823.75,2793.75,0,0,0,0,0,0,0,0,0,0,0
"03499421",1,"2015","2014",0,0.153,0.153,"2",0.2775,0.2775,"10","D",0,0,2,"D",2,"D",37300,"D",0,"D",-1848,"D",0,"D",18056,"D",0,"D",0,"D",2800,"D",0,"D",0,"D",0,"D",4896,"D",1917,0,1966.5,1891.5,0,0,5706.9,5706.9,41860,41860,0,0,0,0,0,0,0,0,0,0,41860,41860,0,0,1966.5,1891.5,1966.5,1891.5,0,0,0,0,0,0,0,0,0,0,0
"03499421",2,"2015","2014",0,0.153,0.153,"2",0.15,0.15,"10","D",0,0,0,"D",0,"D",37000,"D",22880,"D",-1849,"D",0,"D",0,"D",0,"D",0,"D",0,"D",0,"D",0,"D",0,"D",0,"D",4712,0,4752.15,4692.15,0,0,9161.64,9161.64,58031,58031,0,0,0,0,0,0,0,0,0,0,58031,58031,0,0,4752.15,4692.15,4752.15,4692.15,0,0,0,0,0,0,0,0,0,0,0
"03499441",1,"2015","2014",2,0.153,0.153,"2",0.15,0.15,"36","D",0.0346,0.037,0,"D",0,"D",0,"D",56552,"D",0,"D",0,"D",0,"D",0,"D",0,"D",3800,"D",0,"D",0,"D",2,"D",0,"D",1295,1199,1345.3,1270.3,1251.99,1173.06,8652.46,8652.46,56552,56552,56552.01,56552.01,2000,2000,0,0,0,0,0,0,56552,56552,0,0,3345.3,3270.3,3345.3,3270.3,0,0,0,0,0,0,0,0,0,0,0
"03499461",1,"2015","2014",0,0,0,"1",-0.0765,-0.0765,"36","D",0,0,0,"D",0,"D",0,"D",0,"D",0,"D",0,"D",15454,"D",0,"D",6180,"D",0,"D",10,"D",0,"D",0,"D",0,"D",0,0,0,0,0,0,0,0,0,0,0.01,0.01,0,0,0,0,0,0,0,0,0,0,0,0,0,0,0,0,0,0,0,0,0,0,0,0,0,0,0
"03499471",1,"2015","2014",2,0,0,"3",-0.4,-0.4,"43","D",0,0,0,"D",0,"D",0,"D",0,"D",0,"D",0,"D",0,"D",0,"D",0,"D",1400,"D",0,"D",0,"D",0,"D",377,"D",0,0,0,0,0,0,0,0,0,0,0,0,0,0,0,0,0,0,0,0,0,0,0,0,0,0,0,0,0,0,0,0,0,0,0,0,0,0,0
"03499481",1,"2015","2014",2,0.153,0.153,"2",0.3106,0.3106,"19","D",0.0474,0.0474,0,"D",0,"D",28800,"D",0,"D",0,"D",0,"D",0,"D",0,"D",5592,"D",0,"D",100,"D",0,"D",1,"D",0,"D",-5373,254,-5233.28,-5443.41,281.74,239.78,4406.4,4406.4,28800,28800,28800.01,28800.01,60,20,940,980,0,0,4293.28,4463.41,28800,28800,0,0,60,20,60,20,0,0,0,0,0,0,0,0,150.26,156.22,0
"03499481",2,"2015","2014",2,0,0,"3",-0.4,-0.4,"19","D",-0.014,-0.014,0,"D",0,"D",0,"D",0,"D",0,"D",0,"D",0,"D",0,"D",0,"D",0,"D",0,"D",0,"D",1,"D",0,"D",0,0,0,0,0,0,0,0,0,0,0.01,0.01,0,0,0,0,0,0,0,0,0,0,0,0,0,0,0,0,0,0,0,0,0,0,0,0,0,0,0
"03499491",1,"2015","2014",2,0,0,"3",0.1444,0.1425,"14","D",0.0375,0.05,0,"D",0,"D",0,"D",0,"D",67951,"D",6700,"D",0,"D",0,"D",0,"D",9000,"D",1050,"D",0,"D",0,"D",6472,"D",5956,2114,5900.03,5983.41,2628.8,1856.29,0,0,74651,74651,67951.01,67951.01,0,0,0,0,0,0,0,0,68179,68179,0,0,5900.03,5983.41,5900.03,5983.41,0,0,0,0,450,450,0,0,0,0,0
"03499501",1,"2015","2014",0,0.038,0.038,"2",0.3147,0.3147,"06","D",0.0463,0.0463,0,"D",0,"D",0,"D",253278,"D",26307,"D",0,"D",0,"D",0,"D",0,"D",2700,"D",905,"D",0,"D",0,"D",20,"D",61015,12353,61268.28,60888.37,12411.18,12324.55,21882.56,22068.56,279585,279585,0,0,0,0,0,0,0,0,0,0,279565,279565,0,0,60268.61,59888.7,60268.61,59888.7,0,0,0,0,0,0,0,0,0,0,0
"03499511",1,"2015","2014",0,0.153,0.153,"1",0.15,0.15,"10","D",0,0,0,"D",0,"D",34664,"D",0,"D",0,"D",0,"D",0,"D",0,"D",10500,"D",0,"D",0,"D",0,"D",0,"D",0,"D",3203,0,3223.35,3193.35,0,0,5303.59,5303.59,34664,34664,0,0,0,0,0,0,0,0,0,0,34664,34664,0,0,3223.35,3193.35,3223.35,3193.35,0,0,0,0,0,0,0,0,0,0,0
"03499521",1,"2015","2014",0,0.153,0.153,"1",0.15,0.15,"02","D",0,0,0,"D",0,"D",40000,"D",0,"D",-655,"D",0,"D",0,"D",0,"D",12600,"D",0,"D",250,"D",0,"D",0,"D",0,"D",3906,0,3925.5,3895.5,0,0,6120,6120,39345,39345,0,0,0,0,0,0,0,0,0,0,39345,39345,0,0,3925.5,3895.5,3925.5,3895.5,0,0,0,0,0,0,0,0,0,0,0
"03499531",1,"2015","2014",5,0.153,0.153,"3",0.2106,0.2106,"12","D",0.0543,0.0543,0,"D",0,"D",24000,"D",0,"D",0,"D",0,"D",0,"D",0,"D",0,"D",1400,"D",100,"D",0,"D",2,"D",2792,"D",-6955,178,-6843.6,-7009.99,177.55,177.55,3672,3672,24000,24000,24000.01,24000.01,0,0,2000,2000,0,0,4843.6,5009.99,24000,24000,0,0,0,0,0,0,3212,3212,4809.6,4809.6,0,0,0,0,0,0,0
"03499531",2,"2015","2014",0,0.153,0.153,"1",0.15,0.15,"12","D",0.072,0.072,0,"D",0,"D",24000,"D",0,"D",0,"D",0,"D",0,"D",0,"D",0,"D",0,"D",0,"D",0,"D",0,"D",0,"D",1604,1068,1623.75,1593.75,1067.83,1067.83,3672,3672,24000,24000,24000.01,24000.01,0,0,0,0,0,0,0,0,24000,24000,0,0,1623.75,1593.75,1623.75,1593.75,2200,2200,1067.83,1067.83,0,0,0,0,0,0,0
"03499543",1,"2015","2014",2,0.153,0.153,"2",-0.55,-0.55,"05","D",0,0,0,"D",0,"D",0,"D",10500,"D",0,"D",0,"D",0,"D",0,"D",22240,"D",0,"D",20,"D",0,"D",2,"D",0,"D",-5325,0,-5325,-5325,0,0,1606.5,1606.5,10500,10500,10500.01,10500.01,0,0,1125,1125,0,0,4200,4200,10500,10500,0,0,0,0,0,0,7984,8088,20,20,0,0,0,0,0,0,0
"03499571",1,"2015","2014",4,0,0,"3",-0.45,-0.45,"45","D",0,0,0,"D",0,"D",0,"D",0,"D",52,"D",165,"D",0,"D",0,"D",0,"D",1400,"D",22,"D",0,"D",0,"D",1836,"D",0,0,0,0,0,0,0,0,217,217,217.01,217.01,0,0,0,0,0,0,0,0,217,217,0,0,0,0,0,0,0,0,0,0,0,0,0,0,0,0,0
"03499571",2,"2015","2014",4,0,0,"3",-0.45,-0.45,"45","D",0,0,0,"D",0,"D",0,"D",0,"D",0,"D",0,"D",0,"D",0,"D",0,"D",0,"D",0,"D",0,"D",0,"D",0,"D",0,0,0,0,0,0,0,0,0,0,0.01,0.01,0,0,0,0,0,0,0,0,0,0,0,0,0,0,0,0,0,0,0,0,0,0,0,0,0,0,0
"03499581",1,"2015","2014",0,0,0,"1",0,0,"45","D",0,0,1,"D",1,"D",0,"D",0,"D",0,"D",0,"D",22798,"D",0,"D",0,"D",800,"D",1187,"D",0,"D",0,"D",4368,"D",0,0,0,0,0,0,0,0,0,0,0.01,0.01,0,0,0,0,0,0,0,0,0,0,0,0,0,0,0,0,0,0,0,0,0,0,0,0,0,0,0
"03499591",1,"2015","2014",0,0.038,0.038,"1",0.35,0.35,"05","D",0.093,0.093,0,"D",0,"D",228786,"D",0,"D",0,"D",0,"D",0,"D",0,"D",43356,"D",0,"D",0,"D",0,"D",0,"D",0,"D",53153,18390,53430.1,53015.1,18414.63,18377.44,21401.87,21587.87,228786,228786,228786.01,228786.01,0,0,0,0,0,0,0,0,228786,228786,1452.8,1294.03,51977.3,51721.07,51977.3,51721.07,3992,4044,0,0,0,0,0,0,0,0,0
"03499591",2,"2015","2014",0,0,0,"1",-0.0765,-0.0765,"05","D",0,0,0,"D",0,"D",0,"D",0,"D",0,"D",0,"D",0,"D",0,"D",0,"D",0,"D",0,"D",0,"D",0,"D",0,"D",0,0,0,0,0,0,0,0,0,0,0.01,0.01,0,0,0,0,0,0,0,0,0,0,0,0,0,0,0,0,3992,4044,0,0,0,0,0,0,0,0,0
"03499611",1,"2015","2014",0,0.153,0.153,"1",0.15,0.15,"06","D",0.0463,0.0463,0,"D",0,"D",46785,"D",0,"D",0,"D",0,"D",0,"D",0,"D",21900,"D",0,"D",0,"D",0,"D",0,"D",0,"D",5022,1680,5041.5,5011.5,1696.2,1671.26,7158.1,7158.1,46785,46785,0,0,0,0,0,0,0,0,0,0,46785,46785,0,0,5041.5,5011.5,5041.5,5011.5,0,0,0,0,0,0,0,0,0,0,0
"03499641",1,"2015","2014",1,0.153,0.153,"3",0.15,0.15,"0","T",0,0,0,"D",0,"D",58020,"D",0,"D",153,"D",3600,"D",0,"D",0,"D",0,"D",1600,"D",49,"D",0,"D",0,"D",448,"D",6037,0,6068.45,6020.95,0,0,8877.06,8877.06,61773,61773,0,0,0,0,0,0,0,0,0,0,61773,61773,0,0,6068.45,6020.95,6068.45,6020.95,0,0,0,0,0,0,0,0,0,0,0
"03499661",1,"2015","2014",0,0.153,0.153,"1",0.2339,0.2339,"33","D",0.0645,0.0645,0,"D",0,"D",99000,"D",0,"D",-4600,"D",0,"D",0,"D",0,"D",0,"D",16180,"D",500,"D",0,"D",0,"D",8188,"D",11164,4151,11212.77,11139.71,4155.93,4148.16,15147,15147,94400,94400,94400.01,94400.01,0,0,0,0,0,0,0,0,86212,86212,0,0,11212.77,11139.71,11212.77,11139.71,7800,7900,24868,24868,0,0,0,0,0,0,0
"03499672",1,"2015","2014",0,0,0,"1",-0.0765,-0.0765,"41","D",0,0,0,"D",0,"D",0,"D",0,"D",503,"D",0,"D",0,"D",0,"D",1200,"D",0,"D",0,"D",0,"D",0,"D",0,"D",0,0,0,0,0,0,0,0,503,503,0,0,0,0,0,0,0,0,0,0,503,503,0,0,0,0,0,0,0,0,0,0,0,0,0,0,0,0,0
"03499681",1,"2015","2014",3,0.153,0.153,"2",0.15,0.15,"36","D",0.0396,0.0423,0,"D",0,"D",0,"D",98000,"D",0,"D",0,"D",0,"D",0,"D",0,"D",2900,"D",0,"D",0,"D",3,"D",3572,"D",5915,2674,5970,5887.5,2791.33,2615.42,14994,14994,98000,98000,98000.01,98000.01,3000,3000,0,0,0,0,0,0,98000,98000,0,0,8970,8887.5,8970,8887.5,0,0,0,0,0,0,0,0,0,0,0
"03499701",1,"2015","2014",5,0.153,0.153,"2",-0.15,-0.15,"33","D",-0.0235,-0.0235,0,"D",0,"D",0,"D",28379,"D",21600,"D",0,"D",0,"D",0,"D",0,"D",2800,"D",0,"D",0,"D",5,"D",5416,"D",-3807,-286,-3806.85,-3806.85,-283.03,-286.82,4341.99,4341.99,49979,49979,49979.01,49979.01,992.9,937.9,3806.85,3806.85,0,0,0,0,49979,49979,0,0,992.9,937.9,992.9,937.9,15650,15850,0,0,0,0,0,0,0,0,0
"03499711",1,"2015","2014",2,0.153,0.153,"3",0.3106,0.3106,"10","D",0,0,0,"D",0,"D",25000,"D",0,"D",0,"D",0,"D",0,"D",0,"D",10800,"D",0,"D",0,"D",0,"D",2,"D",0,"D",-5669,0,-5545,-5730.39,0,0,3825,3825,25000,25000,0,0,405,375,1595,1625,0,0,3950,4105.39,25000,25000,0,0,405,375,405,375,0,0,0,0,0,0,0,0,0,0,0
"03499711",2,"2015","2014",0,0.153,0.153,"1",0.15,0.15,"10","D",0,0,0,"D",0,"D",24464,"D",0,"D",0,"D",0,"D",0,"D",0,"D",0,"D",0,"D",0,"D",0,"D",0,"D",0,"D",1673,0,1693.35,1663.35,0,0,3742.99,3742.99,24464,24464,0,0,0,0,0,0,0,0,0,0,24464,24464,0,0,1693.35,1663.35,1693.35,1663.35,0,0,0,0,0,0,0,0,0,0,0
"03499731",1,"2015","2014",0,0,0,"1",0,0,"28","D",0,0,1,"D",1,"D",0,"D",0,"D",0,"D",0,"D",14698,"D",0,"D",7200,"D",0,"D",28,"D",0,"D",0,"D",1200,"D",0,0,0,0,0,0,0,0,0,0,0.01,0.01,0,0,0,0,0,0,0,0,0,0,0,0,0,0,0,0,7750,7850,0,0,0,0,0,0,0,0,0
"03499741",1,"2015","2014",0,0.033,0.033,"2",0.2376,0.2376,"37","D",0.0499,0.0499,0,"D",0,"D",4000,"D",120000,"D",-5000,"D",24000,"D",0,"D",0,"D",0,"D",2300,"D",7223,"D",0,"D",0,"D",0,"D",21711,5188,21811.42,21661.28,5188.02,5187.99,18600,18786,143000,143000,123000.01,123000.01,0,0,0,0,0,0,0,0,143000,143000,0,0,21811.42,21661.28,21811.42,21661.28,12400,12600,14704.32,14704.87,0,0,0,0,0,0,0
"03499761",1,"2015","2014",2,0.153,0.153,"2",0.15,0.15,"0","T",0,0,0,"D",0,"D",28000,"D",25000,"D",-1337,"D",0,"D",0,"D",0,"D",0,"D",190,"D",803,"D",0,"D",2,"D",3252,"D",562,0,611.95,536.95,0,0,8109,8109,51663,51663,0,0,2000,2000,0,0,0,0,0,0,51663,51663,0,0,2611.95,2536.95,2611.95,2536.95,0,0,0,0,0,0,0,0,0,0,0
"03499771",1,"2015","2014",2,0.029,0.029,"2",0.325,0.325,"05","D",0.093,0.093,0,"D",0,"D",0,"D",228786,"D",0,"D",0,"D",0,"D",0,"D",0,"D",11000,"D",3752,"D",0,"D",2,"D",31432,"D",32292,11068,32621.55,32127.55,11117.57,11042.86,21142.79,21328.79,228786,228786,228786.01,228786.01,0,0,0,0,0,0,0,0,197354,197354,1782.91,1519.49,30838.64,30608.06,30838.64,30608.06,7984,8088,46184,46184,0,0,0,0,0,0,0
"03499781",1,"2015","2014",2,0.153,0.153,"3",0.2325,0.2325,"41","D",0.07,0.07,0,"D",0,"D",92075,"D",0,"D",0,"D",0,"D",0,"D",0,"D",0,"D",1200,"D",0,"D",0,"D",0,"D",10980,"D",10272,4267,10355.36,10230.49,4273.55,4263.05,14087.47,14087.47,92075,92075,63771.46,63631.96,0,0,0,0,0,0,0,0,81095,81095,0,0,10355.36,10230.49,10355.36,10230.49,0,0,0,0,0,0,0,0,0,0,0
"03499791",1,"2015","2014",1,0,0,"3",0,0,"05","D",0,0,1,"D",1,"D",0,"D",0,"D",5000,"D",0,"D",22882,"D",0,"D",0,"D",600,"D",310,"D",0,"D",0,"D",1500,"D",0,0,0,0,0,0,0,0,5000,5000,5000.01,5000.01,0,0,0,0,0,0,0,0,5000,5000,0,0,0,0,0,0,7984,8088,2410,2410,0,0,0,0,0,0,0
"03499801",1,"2015","2014",0,0.029,0.029,"2",0.388,0.388,"10","D",0,0,0,"D",0,"D",0,"D",228786,"D",140040,"D",0,"D",0,"D",0,"D",0,"D",34616,"D",0,"D",0,"D",0,"D",14456,"D",90559,0,90951.89,90361.89,0,0,21142.79,21328.79,368826,368826,0,0,0,0,0,0,0,0,0,0,354370,354370,6189.61,6141.72,80246.89,79704.78,80246.89,79704.78,0,0,0,0,0,0,0,0,0,0,0
"03499861",1,"2015","2014",2,0.029,0.029,"2",0.2305,0.2306,"33","D",0.078,0.0777,0,"D",0,"D",120000,"D",0,"D",0,"D",0,"D",0,"D",0,"D",0,"D",6000,"D",4486,"D",0,"D",0,"D",528,"D",13362,6120,13469.61,13308.7,6157.58,6101.2,17988,18174,120000,120000,120000.01,120000.01,0,0,0,0,0,0,0,0,119472,119472,0,0,13469.61,13308.7,13469.61,13308.7,15650,15850,11014,11014,0,0,0,0,0,0,0
"03499871",1,"2015","2014",4,0.153,0.153,"2",0.2406,0.2375,"14","D",0.0375,0.05,0,"D",0,"D",53294,"D",68870,"D",0,"D",0,"D",0,"D",0,"D",0,"D",11000,"D",1480,"D",0,"D",0,"D",0,"D",12074,4005,11978.33,12121.65,4920.7,3547.4,18691.09,18691.09,122164,122164,122164.01,122164.01,0,0,0,0,0,0,0,0,122164,122164,0,0,11978.33,12121.65,11978.33,12121.65,0,0,0,0,550,550,0,0,0,0,0
"03499871",2,"2015","2014",4,0,0,"3",-0.45,-0.45,"14","D",-0.045,-0.045,0,"D",0,"D",0,"D",0,"D",0,"D",0,"D",0,"D",0,"D",0,"D",0,"D",0,"D",0,"D",0,"D",0,"D",0,0,0,0,0,0,0,0,0,0,0.01,0.01,0,0,0,0,0,0,0,0,0,0,0,0,0,0,0,0,0,0,0,0,0,0,0,0,0,0,0
"03499871",3,"2015","2014",4,0,0,"3",-0.45,-0.45,"14","D",-0.045,-0.045,0,"D",0,"D",0,"D",0,"D",0,"D",0,"D",0,"D",0,"D",0,"D",0,"D",0,"D",0,"D",0,"D",0,"D",0,0,0,0,0,0,0,0,0,0,0.01,0.01,0,0,0,0,0,0,0,0,0,0,0,0,0,0,0,0,0,0,0,0,0,0,0,0,0,0,0
"03499883",1,"2015","2014",0,0.153,0.153,"1",0.1,0.1,"10","D",0,0,0,"D",0,"D",15000,"D",0,"D",0,"D",0,"D",0,"D",0,"D",10380,"D",0,"D",45,"D",0,"D",0,"D",0,"D",475,0,485,470,0,0,2295,2295,15000,15000,0,0,0,0,0,0,0,0,0,0,15000,15000,0,0,485,470,485,470,0,0,0,0,0,0,0,0,0,0,0
"03499883",3,"2015","2014",0,0,0,"1",-0.0765,-0.0765,"10","D",0,0,0,"D",0,"D",0,"D",0,"D",0,"D",0,"D",0,"D",0,"D",0,"D",0,"D",0,"D",0,"D",0,"D",0,"D",0,0,0,0,0,0,0,0,0,0,0,0,0,0,0,0,0,0,0,0,0,0,0,0,0,0,0,0,0,0,0,0,0,0,0,0,0,0,0
"03499894",1,"2015","2014",2,0.153,0.153,"3",0.3106,0.3106,"48","D",0,0,0,"D",0,"D",24000,"D",0,"D",-1200,"D",0,"D",0,"D",0,"D",11492,"D",0,"D",220,"D",0,"D",1,"D",0,"D",-5099,0,-4975.6,-5160.99,0,0,3672,3672,22800,22800,0,0,185,155,815,845,0,0,4160.6,4315.99,22800,22800,0,0,185,155,185,155,0,0,0,0,0,0,0,0,0,0,0
"03499901",1,"2015","2014",2,0,0,"3",-0.4,-0.4,"50","D",0.0263,0.0263,0,"D",0,"D",0,"D",0,"D",3000,"D",15480,"D",0,"D",0,"D",0,"D",3400,"D",700,"D",0,"D",0,"D",5168,"D",0,-669,0,0,-669.21,-669.21,0,0,18480,18480,18480.01,18480.01,0,0,0,0,0,0,0,0,18480,18480,0,0,0,0,0,0,12120.36,12398.81,5168,5168,669.21,669.21,0,0,0,0,0
"03499921",1,"2015","2014",0,0.153,0.153,"1",-0.0765,-0.0765,"36","D",0,0,0,"D",0,"D",1300,"D",0,"D",0,"D",0,"D",0,"D",0,"D",5796,"D",0,"D",0,"D",0,"D",0,"D",100,"D",-99,0,-99.45,-99.45,0,0,198.9,198.9,1300,1300,1300.01,1300.01,0,0,0,0,0,0,99.45,99.45,1300,1300,0,0,0,0,0,0,0,0,0,0,0,0,0,0,0,0,0
"03499931",1,"2015","2014",1,0.153,0.153,"3",0.15,0.15,"17","D",0.046,0.048,0,"D",0,"D",60000,"D",0,"D",0,"D",0,"D",0,"D",0,"D",9180,"D",0,"D",1126,"D",0,"D",0,"D",224,"D",5771,1933,5802.5,5755,1977,1911.5,9180,9180,60000,60000,60000.01,60000.01,0,0,0,0,0,0,0,0,60000,60000,0,0,5802.5,5755,5802.5,5755,5500,5500,0,0,0,0,0,0,0,0,0
"03499941",1,"2015","2014",2,0.153,0.153,"2",0.3106,0.3106,"05","D",0,0,0,"D",0,"D",5000,"D",25000,"D",0,"D",0,"D",0,"D",0,"D",14400,"D",0,"D",0,"D",0,"D",2,"D",960,"D",-6001,0,-5860.56,-6070.69,0,0,4590,4590,30000,30000,30000.01,30000.01,180,140,1820,1860,0,0,4040.56,4210.69,30000,30000,0,0,180,140,180,140,7984,8088,960,960,0,0,0,0,0,0,0
"03499951",1,"2015","2014",1,0.153,0.153,"2",0.25,0.25,"44","D",0,0,0,"D",0,"D",70495,"D",100085,"D",0,"D",0,"D",0,"D",0,"D",0,"D",3000,"D",1910,"D",0,"D",1,"D",5704,"D",28153,0,28295,28082.5,0,0,26098.74,26098.74,170580,170580,0,0,0,0,0,0,0,0,0,0,170580,170580,0,0,28295,28082.5,28295,28082.5,0,0,0,0,0,0,0,0,0,0,0
"03499961",1,"2015","2014",0,0.153,0.153,"1",0.1429,0.1429,"21","D",0.0475,0.0475,1,"D",0,"D",45000,"D",0,"D",-5689,"D",0,"D",0,"D",0,"D",0,"D",2300,"D",65,"D",0,"D",0,"D",5640,"D",3452,1251,3457.27,3449.39,1282.54,1235.04,6885,6885,39311,39311,39311.01,39311.01,0,0,0,0,0,0,0,0,33671,33671,0,0,3457.27,3449.39,3457.27,3449.39,2000,2000,8005,8005,0,0,0,0,0,0,0
"03499971",1,"2015","2014",0,0.153,0.153,"1",0.1,0.1,"45","D",0.063,0.063,0,"D",0,"D",16790,"D",0,"D",500,"D",0,"D",0,"D",0,"D",5028,"D",0,"D",0,"D",0,"D",0,"D",960,"D",704,355,714,699,362.85,351.81,2568.87,2568.87,17290,17290,17290.01,17290.01,0,0,0,0,0,0,0,0,17290,17290,0,0,714,699,714,699,0,0,0,0,0,0,0,0,0,0,0
"03499981",1,"2015","2014",3,0.153,0.153,"2",0.1403,0.1403,"33","D",0.0645,0.0645,0,"D",0,"D",38000,"D",50000,"D",400,"D",0,"D",0,"D",0,"D",0,"D",8200,"D",0,"D",0,"D",3,"D",11464,"D",3053,2349,3051.57,3053.9,2592.2,2226.66,13464,13464,88400,88400,88400.01,88400.01,3000,3000,0,0,0,0,0,0,76936,76936,0,0,6051.57,6053.9,6051.57,6053.9,15650,15850,19664,19664,0,0,0,0,0,0,0
"03499991",1,"2015","2014",0,0,0,"1",0,0,"33","D",0,0,1,"D",1,"D",0,"D",0,"D",0,"D",43,"D",5290,"D",0,"D",2040,"D",0,"D",0,"D",0,"D",0,"D",200,"D",0,0,0,0,0,0,0,0,43,43,0.01,0.01,0,0,0,0,0,0,0,0,43,43,0,0,0,0,0,0,7800,7900,0,0,0,0,0,0,0,0,0
"03500051",1,"2015","2014",2,0.153,0.153,"3",-0.3,-0.3,"05","D",0.0008,0.0008,0,"D",0,"D",13537,"D",0,"D",4404,"D",0,"D",0,"D",0,"D",9600,"D",0,"D",0,"D",320,"D",2,"D",140,"D",-5952,-54,-5908.83,-5973.83,-53.65,-53.65,2071.16,2071.16,17941,17941,17941.01,17941.01,451.97,436.97,1548.03,1563.03,107.29,107.29,4360.8,4410.8,17801,17801,0,0,559.27,544.27,559.27,544.27,7984,8088,140,140,0,0,53.65,53.65,0,0,0
"03500061",1,"2015","2014",2,0.153,0.153,"3",-0.55,-0.55,"05","D",0,0,0,"D",0,"D",7000,"D",0,"D",0,"D",0,"D",0,"D",0,"D",11400,"D",0,"D",0,"D",0,"D",1,"D",0,"D",-3400,0,-3400,-3400,0,0,1071,1071,7000,7000,7000.01,7000.01,0,0,600,600,0,0,2800,2800,7000,7000,0,0,0,0,0,0,7984,8088,0,0,0,0,0,0,0,0,0
"03500061",2,"2015","2014",2,0,0,"3",-0.4,-0.4,"05","D",0,0,0,"D",0,"D",0,"D",0,"D",0,"D",0,"D",0,"D",0,"D",0,"D",0,"D",0,"D",0,"D",1,"D",0,"D",0,0,0,0,0,0,0,0,0,0,0.01,0.01,0,0,0,0,0,0,0,0,0,0,0,0,0,0,0,0,7984,8088,0,0,0,0,0,0,0,0,0
"03500101",1,"2015","2014",2,0.153,0.153,"3",-0.4,-0.4,"21","D",-0.102,-0.1,0,"D",0,"D",1085,"D",0,"D",0,"D",0,"D",0,"D",0,"D",10980,"D",0,"D",0,"D",2240,"D",1,"D",0,"D",-434,-110,-434,-434,-108.5,-110.67,166,166,1085,1085,-1154.99,-1154.99,0,0,0,0,0,0,434,434,1085,1085,0,0,0,0,0,0,3000,3000,0,0,0,0,0,0,325.5,327.67,0
"03500111",1,"2015","2014",3,0.153,0.153,"2",0.1405,0.1405,"45","D",0.063,0.063,0,"D",0,"D",79825,"D",0,"D",0,"D",0,"D",0,"D",0,"D",0,"D",1500,"D",155,"D",80,"D",3,"D",14940,"D",2163,2780,2195.82,2145.85,2791.19,2774.35,12213.22,12213.22,79825,79825,79825.01,79825.01,3000,3000,0,0,0,0,0,0,64885,64885,0,0,5195.82,5145.85,5195.82,5145.85,0,0,0,0,0,0,0,0,0,0,0
"03500121",1,"2015","2014",0,0.153,0.153,"2",0.1436,0.1436,"23","D",0.0425,0.0425,0,"D",0,"D",90000,"D",0,"D",10,"D",0,"D",0,"D",0,"D",0,"D",2500,"D",8369,"D",0,"D",0,"D",8836,"D",7910,3485,7930.44,7900.44,3485.43,3485.43,13770,13770,90010,90010,90010.01,90010.01,0,0,0,0,0,0,0,0,81174,81174,0,0,7930.44,7900.44,7930.44,7900.44,0,0,0,0,0,0,0,0,0,0,0
"03500131",1,"2015","2014",0,0,0,"1",-0.0765,-0.0765,"50","D",0.0703,0.0703,0,"D",0,"D",0,"D",0,"D",0,"D",0,"D",11364,"D",0,"D",0,"D",3600,"D",1123,"D",0,"D",0,"D",2400,"D",0,-923,0,0,-923.43,-923.43,0,0,0,0,0.01,0.01,0,0,0,0,0,0,0,0,0,0,0,0,0,0,0,0,10080,10249.92,2400,2400,923.43,923.43,0,0,0,0,0
"03500131",2,"2015","2014",1,0,0,"3",-0.34,-0.34,"50","D",-0.0136,-0.0136,0,"D",0,"D",0,"D",0,"D",0,"D",0,"D",0,"D",0,"D",0,"D",0,"D",0,"D",0,"D",0,"D",0,"D",0,0,0,0,0,0,0,0,0,0,0.01,0.01,0,0,0,0,0,0,0,0,0,0,0,0,0,0,0,0,13020,13239.48,0,0,0,0,0,0,0,0,0
"03500141",1,"2015","2014",3,0.038,0.038,"2",0.35,0.35,"05","D",0.0986,0.0986,0,"D",0,"D",0,"D",469961,"D",-4800,"D",0,"D",0,"D",0,"D",0,"D",2500,"D",903,"D",0,"D",3,"D",28516,"D",114839,35876,115232.75,114642.75,35935.92,35845.61,30116.52,30302.52,465161,465161,465161.01,465161.01,0,0,0,0,0,0,0,0,436645,436645,6632.14,6435.86,108600.61,108206.89,108600.61,108206.89,7984,8088,25178.9,25454.06,0,0,0,0,0,0,0
"03500151",1,"2015","2014",3,0,0,"3",-0.45,-0.45,"44","D",0,0,0,"D",0,"D",0,"D",0,"D",0,"D",0,"D",0,"D",0,"D",844,"D",0,"D",0,"D",0,"D",2,"D",60,"D",0,0,0,0,0,0,0,0,0,0,0,0,0,0,0,0,0,0,0,0,0,0,0,0,0,0,0,0,0,0,0,0,0,0,0,0,0,0,0
"03500161",1,"2015","2014",2,0,0,"3",0,0,"02","D",0,0,0,"D",0,"D",0,"D",0,"D",12497,"D",0,"D",0,"D",0,"D",0,"D",0,"D",233,"D",0,"D",0,"D",7400,"D",0,0,0,0,0,0,0,0,12497,12497,0,0,0,0,0,0,0,0,0,0,12497,12497,0,0,0,0,0,0,0,0,0,0,0,0,0,0,0,0,0
"03500181",1,"2015","2014",2,0,0,"3",-0.4,-0.4,"10","D",0,0,0,"D",0,"D",0,"D",0,"D",0,"D",0,"D",0,"D",0,"D",0,"D",5600,"D",0,"D",0,"D",0,"D",0,"D",0,0,0,0,0,0,0,0,0,0,0,0,0,0,0,0,0,0,0,0,0,0,0,0,0,0,0,0,0,0,0,0,0,0,0,0,0,0,0
"03500191",1,"2015","2014",0,0.153,0.153,"2",0.15,0.15,"14","D",0.0375,0.05,0,"D",0,"D",38000,"D",47000,"D",-1000,"D",0,"D",0,"D",0,"D",6600,"D",0,"D",300,"D",0,"D",0,"D",0,"D",8608,3322,8647.5,8587.5,3987.5,2988.75,13005,13005,84000,84000,84000.01,84000.01,0,0,0,0,0,0,0,0,84000,84000,0,0,8647.5,8587.5,8647.5,8587.5,0,0,0,0,0,0,0,0,0,0,0
"03500201",1,"2015","2014",1,0.153,0.153,"3",0.15,0.15,"0","T",0,0,0,"D",0,"D",50000,"D",0,"D",0,"D",0,"D",0,"D",0,"D",7500,"D",0,"D",40,"D",1440,"D",1,"D",0,"D",2983,0,3014.5,2967,0,0,7650,7650,50000,50000,0,0,1000,1000,0,0,288,288,0,0,50000,50000,0,0,4302.5,4255,4302.5,4255,0,0,0,0,0,0,0,0,0,0,0
"03500201",2,"2015","2014",0,0.153,0.153,"1",0.15,0.15,"0","T",0,0,0,"D",0,"D",30000,"D",0,"D",0,"D",0,"D",0,"D",0,"D",0,"D",0,"D",0,"D",0,"D",0,"D",0,"D",2504,0,2523.75,2493.75,0,0,4590,4590,30000,30000,0,0,0,0,0,0,0,0,0,0,30000,30000,0,0,2523.75,2493.75,2523.75,2493.75,0,0,0,0,0,0,0,0,0,0,0
"03500211",1,"2015","2014",2,0,0,"3",0.1405,0.1405,"45","D",0.063,0.063,0,"D",0,"D",0,"D",0,"D",67951,"D",0,"D",0,"D",0,"D",0,"D",6800,"D",0,"D",0,"D",0,"D",17600,"D",3784,2011,3804.85,3773.99,2018.66,2007.72,0,0,67951,67951,67951.01,67951.01,0,0,0,0,0,0,0,0,50351,50351,0,0,3804.85,3773.99,3804.85,3773.99,0,0,0,0,0,0,0,0,0,0,0
"03500234",1,"2015","2014",0,0.153,0.153,"1",0.2339,0.2339,"33","D",0.0645,0.0645,0,"D",0,"D",61088,"D",0,"D",0,"D",0,"D",0,"D",0,"D",0,"D",3000,"D",0,"D",0,"D",0,"D",11572,"D",5781,2666,5829.9,5756.84,2671.39,2663.63,9346.46,9346.46,61088,61088,61088.01,61088.01,0,0,0,0,0,0,0,0,49516,49516,0,0,5829.9,5756.84,5829.9,5756.84,7800,7900,14572,14572,0,0,0,0,0,0,0
"03500241",1,"2015","2014",0,0.153,0.153,"1",0.25,0.25,"0","T",0,0,0,"D",0,"D",60864,"D",0,"D",0,"D",0,"D",0,"D",0,"D",0,"D",750,"D",0,"D",0,"D",0,"D",0,"D",8468,0,8534.75,8434.75,0,0,9312.19,9312.19,60864,60864,0,0,0,0,0,0,0,0,0,0,60864,60864,0,0,8534.75,8434.75,8534.75,8434.75,0,0,0,0,0,0,0,0,0,0,0
"03500261",1,"2015","2014",1,0,0,"2",0.1431,0.1431,"07","D",0.046,0.046,0,"D",0,"D",0,"D",0,"D",0,"D",96696,"D",0,"D",0,"D",0,"D",10000,"D",650,"D",0,"D",0,"D",13672,"D",7579,3780,7604.1,7566.6,3780.02,3780.02,0,0,96696,96696,96696.01,96696.01,0,0,0,0,0,0,0,0,83024,83024,0,0,7604.1,7566.6,7604.1,7566.6,0,0,0,0,0,0,0,0,0,0,0
"03500271",1,"2015","2014",0,0.153,0.153,"2",0.2787,0.2787,"44","D",0,0,0,"D",0,"D",96101,"D",82355,"D",67951,"D",0,"D",0,"D",0,"D",0,"D",10000,"D",365,"D",0,"D",0,"D",7968,"D",48335,0,48483.77,48260.27,0,0,27303.77,27303.77,246407,246407,0,0,0,0,0,0,0,0,0,0,238439,238439,0,0,48483.77,48260.27,48483.77,48260.27,0,0,0,0,0,0,0,0,0,0,0
"03500281",1,"2015","2014",0,0.153,0.153,"1",0.15,0.15,"34","D",0.0575,0.058,0,"D",0,"D",35000,"D",0,"D",0,"D",0,"D",0,"D",0,"D",18660,"D",0,"D",309,"D",0,"D",0,"D",0,"D",3254,1586,3273.75,3243.75,1595,1581.25,5355,5355,35000,35000,35000.01,35000.01,0,0,0,0,0,0,0,0,35000,35000,0,0,3273.75,3243.75,3273.75,3243.75,7500,7500,0,0,0,0,0,0,0,0,0
"03500281",2,"2015","2014",0,0.153,0.153,"1",0.15,0.15,"34","D",0.0575,0.058,0,"D",0,"D",32000,"D",0,"D",-267,"D",0,"D",0,"D",0,"D",0,"D",0,"D",0,"D",0,"D",0,"D",0,"D",2764,1397,2783.7,2753.7,1405.51,1393.4,4896,4896,31733,31733,31733.01,31733.01,0,0,0,0,0,0,0,0,31733,31733,0,0,2783.7,2753.7,2783.7,2753.7,7500,7500,0,0,0,0,0,0,0,0,0
"03500291",1,"2015","2014",0,0.153,0.153,"1",0,0,"0","T",0,0,1,"D",1,"D",6000,"D",0,"D",0,"D",0,"D",18526,"D",0,"D",900,"D",0,"D",350,"D",0,"D",0,"D",100,"D",0,0,0,0,0,0,918,918,6000,6000,0,0,0,0,0,0,0,0,0,0,6000,6000,0,0,0,0,0,0,0,0,0,0,0,0,0,0,0,0,0
"03500301",1,"2015","2014",2,0,0,"3",-0.4,-0.4,"10","D",0,0,0,"D",0,"D",0,"D",0,"D",0,"D",0,"D",0,"D",0,"D",0,"D",560,"D",0,"D",0,"D",0,"D",0,"D",0,0,0,0,0,0,0,0,0,0,0,0,0,0,0,0,0,0,0,0,0,0,0,0,0,0,0,0,0,0,0,0,0,0,0,0,0,0,0
"03500311",1,"2015","2014",0,0.153,0.153,"1",0.25,0.25,"05","D",0.08,0.08,0,"D",0,"D",65000,"D",0,"D",-16416,"D",0,"D",0,"D",0,"D",14460,"D",0,"D",0,"D",0,"D",0,"D",0,"D",5398,1610,5464.75,5364.75,1629.47,1600.54,9945,9945,48584,48584,48584.01,48584.01,0,0,0,0,0,0,0,0,48584,48584,0,0,5464.75,5364.75,5464.75,5364.75,3992,4044,0,0,0,0,0,0,0,0,0
"03500341",1,"2015","2014",2,0.153,0.153,"3",0,0,"05","D",0,0,0,"D",0,"D",17000,"D",0,"D",0,"D",0,"D",0,"D",0,"D",12380,"D",0,"D",0,"D",400,"D",2,"D",0,"D",-7519,0,-7460,-7548,0,0,2601,2601,17000,17000,17000.01,17000.01,0,0,2000,2000,0,0,5460,5548,17000,17000,0,0,0,0,0,0,7984,8088,0,0,0,0,0,0,0,0,0
"03500341",2,"2015","2014",0,0.153,0.153,"1",0.15,0.15,"05","D",0.04,0.04,0,"D",0,"D",28000,"D",0,"D",0,"D",0,"D",0,"D",0,"D",0,"D",0,"D",0,"D",0,"D",0,"D",0,"D",2204,401,2223.75,2193.75,407.38,398.53,4284,4284,28000,28000,28000.01,28000.01,0,0,0,0,0,0,0,0,28000,28000,0,0,2223.75,2193.75,2223.75,2193.75,3992,4044,0,0,0,0,0,0,0,0,0
"03500371",1,"2015","2014",1,0,0,"3",-0.34,-0.34,"0","T",0,0,0,"D",0,"D",0,"D",0,"D",0,"D",0,"D",0,"D",0,"D",360,"D",0,"D",0,"D",0,"D",0,"D",0,"D",0,0,0,0,0,0,0,0,0,0,0,0,0,0,0,0,0,0,0,0,0,0,0,0,0,0,0,0,0,0,0,0,0,0,0,0,0,0,0
"03500394",1,"2015","2014",0,0.153,0.153,"1",0.15,0.15,"50","D",0.1357,0.1357,0,"D",0,"D",22958,"D",0,"D",0,"D",0,"D",0,"D",0,"D",6720,"D",0,"D",185,"D",0,"D",0,"D",16,"D",1447,288,1467.45,1437.45,298.2,283.13,3512.57,3512.57,22958,22958,22958.01,22958.01,0,0,0,0,0,0,0,0,22958,22958,0,0,1467.45,1437.45,1467.45,1437.45,9089.04,9288.69,16,16,108.32,108.32,0,0,0,0,0
"03500394",2,"2015","2014",0,0.153,0.153,"1",0.15,0.15,"50","D",0.0702,0.0702,0,"D",0,"D",45715,"D",0,"D",0,"D",0,"D",0,"D",0,"D",0,"D",0,"D",0,"D",0,"D",0,"D",0,"D",4861,2118,4881,4851,2129.21,2111.69,6994.39,6994.39,45715,45715,45715.01,45715.01,0,0,0,0,0,0,0,0,45715,45715,0,0,4881,4851,4881,4851,6358.2,6557.85,0,0,0,0,0,0,0,0,0
"03500411",1,"2015","2014",3,0.153,0.153,"2",0.2923,0.2923,"39","D",0.0307,0.0307,0,"D",0,"D",74000,"D",55654,"D",-5246,"D",0,"D",0,"D",0,"D",0,"D",4400,"D",346,"D",0,"D",2,"D",8712,"D",12153,3819,12278.07,12090.57,3819.33,3819.33,19837.06,19837.06,124408,124408,124408.01,124408.01,1279.6,1279.6,0,0,0,0,0,0,115696,115696,0,0,13557.67,13370.17,13557.67,13370.17,0,0,0,0,0,0,0,0,0,0,0
"03500421",1,"2015","2014",1,0.153,0.153,"2",0.2363,0.2363,"07","D",0.055,0.055,0,"D",0,"D",53000,"D",90000,"D",0,"D",0,"D",0,"D",0,"D",0,"D",6000,"D",30,"D",0,"D",1,"D",13448,"D",17700,7290,17808,17645.5,7290,7290,21879,21879,143000,143000,143000.01,143000.01,0,0,0,0,0,0,0,0,129552,129552,0,0,17808,17645.5,17808,17645.5,0,0,0,0,0,0,0,0,0,0,0
"03500441",1,"2015","2014",0,0.029,0.029,"2",0.25,0.25,"01","D",0.0375,0.0375,0,"D",0,"D",0,"D",120000,"D",400,"D",1200,"D",11472,"D",0,"D",0,"D",1200,"D",972,"D",0,"D",0,"D",4800,"D",19342,4083,19475.3,19275.3,4080.11,4084.37,17988,18174,131351.2,131351.2,121600.01,121600.01,0,0,0,0,0,0,0,0,131351.2,131351.2,0,0,19475.3,19275.3,19475.3,19275.3,4000,4000,15922.5,16037.25,0,0,0,0,0,0,0
"03500451",1,"2015","2014",0,0.029,0.029,"1",0.2671,0.2663,"36","D",0.046,0.0491,0,"D",0,"D",147000,"D",0,"D",693,"D",0,"D",0,"D",0,"D",0,"D",5400,"D",963,"D",0,"D",0,"D",13548,"D",26304,5233,26319.19,26297.04,5462.57,5118.45,18771,18957,147693,147693,147693.01,147693.01,0,0,0,0,0,0,0,0,134145,134145,0,0,26319.19,26297.04,26319.19,26297.04,0,0,0,0,0,0,0,0,0,0,0
"03500461",1,"2015","2014",0,0.153,0.153,"1",0.1765,0.1765,"45","D",0.063,0.063,0,"D",0,"D",14500,"D",0,"D",0,"D",0,"D",0,"D",0,"D",4428,"D",0,"D",85,"D",0,"D",0,"D",720,"D",406,180,427.84,395.13,187.08,176.04,2218.5,2218.5,14500,14500,14500.01,14500.01,0,0,0,0,0,0,7.16,24.87,14500,14500,0,0,435,420,435,420,0,0,0,0,0,0,0,0,0,0,0
"03500491",1,"2015","2014",1,0.153,0.153,"3",0.1454,0.1454,"39","D",0.0307,0.0307,0,"D",0,"D",53000,"D",0,"D",-3180,"D",2016,"D",0,"D",0,"D",0,"D",1800,"D",445,"D",0,"D",0,"D",9668,"D",3901,1591,3917.25,3892.25,1591.37,1591.37,8109,8109,51836,51836,51836.01,51836.01,0,0,0,0,0,0,0,0,42168,42168,0,0,3917.25,3892.25,3917.25,3892.25,0,0,0,0,0,0,0,0,0,0,0
"03500501",1,"2015","2014",0,0.153,0.153,"1",0.15,0.15,"38","D",0.0765,0.0765,0,"D",0,"D",40000,"D",0,"D",0,"D",0,"D",0,"D",0,"D",11940,"D",0,"D",0,"D",0,"D",0,"D",0,"D",4004,2621,4023.75,3993.75,2625.46,2618.52,6120,6120,40000,40000,40000.01,40000.01,0,0,0,0,0,0,0,0,40000,40000,0,0,4023.75,3993.75,4023.75,3993.75,2115.6,2144.96,0,0,0,0,0,0,0,0,0
"03500511",1,"2015","2014",0,0.0757,0.0757,"2",0.35,0.35,"34","D",0.0575,0.058,0,"D",0,"D",228786,"D",100000,"D",-26900,"D",0,"D",0,"D",0,"D",0,"D",2400,"D",261,"D",0,"D",0,"D",29828,"D",57234,16255,57627.3,57037.3,16349.39,16208.45,37151.87,37337.87,301886,301886,301886.01,301886.01,0,0,0,0,0,0,0,0,272058,272058,824.09,596.08,56803.21,56441.22,56803.21,56441.22,15000,15000,20000,20000,0,0,0,0,0,0,0
"03500591",1,"2015","2014",3,0,0,"3",-0.45,-0.45,"33","D",-0.135,-0.135,1,"D",1,"D",0,"D",0,"D",200,"D",0,"D",0,"D",0,"D",28800,"D",0,"D",0,"D",0,"D",0,"D",36000,"D",0,-300,0,0,-300,-300,0,0,200,200,200.01,200.01,0,0,0,0,0,0,0,0,200,200,0,0,0,0,0,0,10950,11100,0,0,0,0,0,0,0,0,0
"03500601",1,"2015","2014",0,0.153,0.153,"2",0.1,0.1,"05","D",0,0,0,"D",0,"D",20000,"D",6000,"D",0,"D",0,"D",0,"D",0,"D",12564,"D",0,"D",40,"D",0,"D",0,"D",0,"D",550,0,570,540,0,0,3978,3978,26000,26000,26000.01,26000.01,0,0,0,0,0,0,0,0,26000,26000,0,0,570,540,570,540,7984,8088,40,40,0,0,0,0,0,0,0
"03500631",1,"2015","2014",0,0,0,"1",0.4625,0.4625,"07","D",0.09,0.09,1,"D",1,"D",0,"D",0,"D",10,"D",37320,"D",20542,"D",0,"D",43356,"D",0,"D",291,"D",0,"D",0,"D",0,"D",6212,1684,6278.96,6178.96,1684.4,1684.4,0,0,53390.85,53390.85,42465.51,42465.51,0,0,0,0,0,0,0,0,53390.85,53390.85,0,0,6278.96,6178.96,6278.96,6178.96,0,0,0,0,0,0,0,0,0,0,0
"03500643",1,"2015","2014",0,0,0,"1",-0.0765,-0.0765,"10","D",0,0,0,"D",0,"D",0,"D",0,"D",0,"D",0,"D",1644,"D",0,"D",2800,"D",0,"D",0,"D",0,"D",0,"D",0,"D",0,0,0,0,0,0,0,0,0,0,0,0,0,0,0,0,0,0,0,0,0,0,0,0,0,0,0,0,0,0,0,0,0,0,0,0,0,0,0
"03500643",3,"2015","2014",0,0,0,"1",-0.0765,-0.0765,"10","D",0,0,0,"D",0,"D",0,"D",0,"D",0,"D",0,"D",0,"D",0,"D",0,"D",0,"D",0,"D",0,"D",0,"D",0,"D",0,0,0,0,0,0,0,0,0,0,0,0,0,0,0,0,0,0,0,0,0,0,0,0,0,0,0,0,0,0,0,0,0,0,0,0,0,0,0
"03500651",1,"2015","2014",0,0.153,0.153,"2",0.1365,0.1365,"07","D",0.09,0.09,0,"D",0,"D",32864,"D",0,"D",0,"D",34543,"D",0,"D",0,"D",0,"D",7800,"D",751,"D",0,"D",0,"D",13048,"D",4434,2167,4453.71,4423.71,2166.63,2166.63,5028.19,5028.19,67407,67407,67407.01,67407.01,0,0,0,0,0,0,0,0,54359,54359,0,0,4453.71,4423.71,4453.71,4423.71,0,0,0,0,0,0,0,0,0,0,0
"03500661",1,"2015","2014",0,0.029,0.029,"2",0.2639,0.2639,"47","D",0.0575,0.0575,0,"D",0,"D",228786,"D",0,"D",94,"D",0,"D",0,"D",0,"D",0,"D",6900,"D",60,"D",0,"D",0,"D",19560,"D",38391,11271,38539.85,38316.35,11271.25,11271.25,21142.79,21328.79,228880,228880,228880.01,228880.01,0,0,0,0,0,0,0,0,209320,209320,0,0,38539.85,38316.35,38539.85,38316.35,6000,6000,26520,26520,0,0,0,0,0,0,0
"03500671",1,"2015","2014",0,0.153,0.153,"2",0.25,0.25,"11","D",0.06,0.06,1,"D",0,"D",36000,"D",48000,"D",0,"D",0,"D",24128,"D",0,"D",0,"D",1400,"D",540,"D",0,"D",0,"D",1696,"D",12423,3944,12764.7,12252.2,4156,3838,12852,12852,104508.8,104508.8,84000.01,80000.01,0,0,0,0,0,0,0,0,104508.8,104508.8,0,0,12764.7,12252.2,12764.7,12252.2,3000,4300,0,0,0,0,0,0,0,0,0
"03500681",1,"2015","2014",0,0,0,"1",-0.0765,-0.0765,"33","D",-0.0229,-0.0229,0,"D",0,"D",0,"D",0,"D",0,"D",0,"D",28800,"D",0,"D",16800,"D",0,"D",1340,"D",0,"D",0,"D",0,"D",0,0,0,0,0,0,0,0,0,0,0.01,0.01,0,0,0,0,0,0,0,0,0,0,0,0,0,0,0,0,7800,7900,0,0,0,0,0,0,0,0,0
"03500691",1,"2015","2014",0,0.153,0.153,"2",0.15,0.15,"39","D",0.0307,0.0307,0,"D",0,"D",42000,"D",40000,"D",-8239,"D",0,"D",0,"D",0,"D",0,"D",3500,"D",855,"D",0,"D",0,"D",3892,"D",7072,2264,7111.65,7051.65,2264.46,2264.46,12546,12546,73761,73761,73761.01,73761.01,0,0,0,0,0,0,0,0,73761,73761,0,0,7111.65,7051.65,7111.65,7051.65,0,0,0,0,0,0,0,0,0,0,0
"03500731",1,"2015","2014",1,0,0,"2",0.185,0.185,"39","D",0,0,2,"D",2,"D",0,"D",0,"D",4869,"D",26000,"D",36668,"D",0,"D",0,"D",7000,"D",4221,"D",0,"D",0,"D",1764,"D",1434,0,1464.16,1419.16,0,0,0,0,41291.55,41291.55,4869.01,4869.01,0,0,0,0,0,0,0,0,41291.55,41291.55,0,0,1464.16,1419.16,1464.16,1419.16,0,0,0,0,0,0,0,0,0,0,0
"03500731",2,"2015","2014",0,0.153,0.153,"1",0.25,0.25,"39","D",0.0307,0.0307,0,"D",0,"D",89000,"D",0,"D",0,"D",0,"D",0,"D",0,"D",0,"D",0,"D",0,"D",0,"D",0,"D",0,"D",15502,2732,15568.75,15468.75,2732.3,2732.3,13617,13617,89000,89000,89000.01,89000.01,0,0,0,0,0,0,0,0,89000,89000,0,0,15568.75,15468.75,15568.75,15468.75,0,0,0,0,0,0,0,0,0,0,0
"03500761",1,"2015","2014",1,0.153,0.153,"3",0.3098,0.3098,"10","D",0,0,0,"D",0,"D",35600,"D",0,"D",0,"D",0,"D",0,"D",0,"D",10240,"D",0,"D",0,"D",0,"D",0,"D",480,"D",1575,0,1677.15,1524.51,0,0,5446.8,5446.8,35600,35600,0,0,0,0,0,0,0,0,465.35,570.49,35600,35600,0,0,2142.5,2095,2142.5,2095,0,0,0,0,0,0,0,0,0,0,0
"03500771",1,"2015","2014",4,0.153,0.153,"2",-0.6,-0.6,"18","D",0,0,0,"D",0,"D",0,"D",8000,"D",0,"D",0,"D",18866,"D",0,"D",0,"D",330,"D",26,"D",0,"D",2,"D",0,"D",-4350,0,-4350,-4350,0,0,1224,1224,8000,8000,8000.01,8000.01,0,0,750,750,0,0,3600,3600,8000,8000,0,0,0,0,0,0,2400,2440,356,356,0,0,0,0,0,0,0
"03500811",1,"2015","2014",0,0.153,0.153,"2",0.15,0.25,"36","D",0.0381,0.0407,0,"D",0,"D",36183,"D",59672,"D",-1206,"D",0,"D",0,"D",0,"D",0,"D",3500,"D",0,"D",0,"D",0,"D",4912,"D",10223,2608,10299.75,10184.85,2721.98,2550.45,14665.81,14665.81,94649,94649,94649.01,94649.01,0,0,0,0,0,0,0,0,94649,94649,0,0,10299.75,10184.85,10299.75,10184.85,0,0,0,0,0,0,0,0,0,0,0
"03500831",1,"2015","2014",3,0.0671,0.0671,"2",0.35,0.35,"22","D",0.0515,0.052,0,"D",0,"D",70000,"D",228786,"D",-1500,"D",0,"D",0,"D",0,"D",0,"D",16180,"D",700,"D",4800,"D",3,"D",30968,"D",54265,14171,54658.3,54068.3,14262.87,14125.73,32291.87,32477.87,297286,297286,297286.01,297286.01,0,0,0,0,960,960,0,0,266318,266318,8052.26,7689.36,47566.04,47338.94,47566.04,47338.94,0,0,0,0,0,0,0,0,0,0,0
"03500901",1,"2015","2014",0,0.153,0.153,"2",0.25,0.25,"0","T",0,0,0,"D",0,"D",60918,"D",56191,"D",-5178,"D",0,"D",0,"D",0,"D",0,"D",600,"D",550,"D",0,"D",0,"D",1488,"D",14487,0,14620.25,14420.25,0,0,17917.68,17917.68,111931,111931,0,0,0,0,0,0,0,0,0,0,111931,111931,0,0,14620.25,14420.25,14620.25,14420.25,0,0,0,0,0,0,0,0,0,0,0
"03500911",1,"2015","2014",0,0.038,0.038,"2",0.35,0.35,"34","D",0.0575,0.058,0,"D",0,"D",289669,"D",0,"D",43635,"D",0,"D",0,"D",0,"D",0,"D",1600,"D",219,"D",0,"D",0,"D",36304,"D",67622,18067,68015.13,67425.13,18171.63,18014.98,23265.42,23451.42,333304,333304,333304.01,333304.01,0,0,0,0,0,0,0,0,297000,297000,777.43,687.22,65579.57,65079.78,65579.57,65079.78,15000,15000,20000,20000,0,0,0,0,0,0,0
"03500921",1,"2015","2014",3,0.153,0.153,"2",0.2106,0.2106,"05","D",0,0,0,"D",0,"D",0,"D",24000,"D",0,"D",0,"D",0,"D",0,"D",10200,"D",0,"D",0,"D",0,"D",3,"D",2040,"D",-9108,0,-8987.16,-9168.29,0,0,3672,3672,24000,24000,24000.01,24000.01,0,0,3000,3000,0,0,5987.16,6168.29,24000,24000,0,0,0,0,0,0,7984,8088,2040,2040,0,0,0,0,0,0,0
"03500941",1,"2015","2014",0,0,0,"1",0,0,"33","D",0,0,1,"D",1,"D",0,"D",0,"D",0,"D",0,"D",19762,"D",0,"D",15600,"D",0,"D",0,"D",0,"D",0,"D",0,"D",0,0,0,0,0,0,0,0,0,0,0.01,0.01,0,0,0,0,0,0,0,0,0,0,0,0,0,0,0,0,7800,7900,0,0,0,0,0,0,0,0,0
"03500952",1,"2015","2014",0,0.153,0.153,"1",0.25,0.28,"21","D",0.0475,0.0475,0,"D",0,"D",100000,"D",0,"D",0,"D",0,"D",0,"D",0,"D",0,"D",0,"D",0,"D",0,"D",0,"D",0,"D",18257,4527,18333.75,18218.75,4526.5,4526.5,15300,15300,100000,100000,100000.01,100000.01,0,0,0,0,0,0,0,0,100000,100000,0,0,18333.75,18218.75,18333.75,18218.75,2000,2000,0,0,0,0,0,0,0,0,0
"03500961",1,"2015","2014",0,0.153,0.153,"2",0.15,0.15,"50","D",0.0751,0.0751,0,"D",0,"D",43000,"D",36000,"D",-271,"D",0,"D",0,"D",0,"D",9180,"D",0,"D",0,"D",0,"D",0,"D",0,"D",7817,3317,7856.85,7796.85,3336.88,3306.68,12087,12087,78729,78729,78729.01,78729.01,0,0,0,0,0,0,0,0,78729,78729,0,0,7856.85,7796.85,7856.85,7796.85,6692.56,7067.82,0,0,0,0,0,0,0,0,0
"03500971",1,"2015","2014",0,0,0,"1",-0.0765,-0.0765,"36","D",0,0,0,"D",0,"D",0,"D",0,"D",0,"D",0,"D",19534,"D",0,"D",0,"D",1000,"D",140,"D",0,"D",0,"D",0,"D",0,0,0,0,0,0,0,0,0,0,0.01,0.01,0,0,0,0,0,0,0,0,0,0,0,0,0,0,0,0,0,0,0,0,0,0,0,0,0,0,0
"03500981",1,"2015","2014",2,0.153,0.153,"3",-0.55,-0.55,"18","D",0.02,0.025,1,"D",1,"D",8000,"D",0,"D",0,"D",16608,"D",13270,"D",0,"D",9240,"D",0,"D",55,"D",0,"D",2,"D",800,"D",-3950,38,-3950,-3950,45,35.2,1224,1224,27729.5,27729.5,8000.01,8000.01,522.95,492.95,750,750,0,0,3200,3200,27729.5,27729.5,0,0,522.95,492.95,522.95,492.95,2400,2440,855,855,0,0,0,0,0,0,0
"03500991",1,"2015","2014",0,0.153,0.153,"1",0.1,0.1,"0","T",0,0,0,"D",0,"D",17579,"D",0,"D",0,"D",0,"D",0,"D",0,"D",9600,"D",0,"D",0,"D",0,"D",0,"D",0,"D",733,0,742.9,727.9,0,0,2689.59,2689.59,17579,17579,0,0,0,0,0,0,0,0,0,0,17579,17579,0,0,742.9,727.9,742.9,727.9,0,0,0,0,0,0,0,0,0,0,0
"03500991",2,"2015","2014",0,0.153,0.153,"1",0.1,0.1,"0","T",0,0,0,"D",0,"D",17198,"D",0,"D",0,"D",0,"D",0,"D",0,"D",0,"D",0,"D",0,"D",0,"D",0,"D",0,"D",695,0,704.8,689.8,0,0,2631.29,2631.29,17198,17198,0,0,0,0,0,0,0,0,0,0,17198,17198,0,0,704.8,689.8,704.8,689.8,0,0,0,0,0,0,0,0,0,0,0
"03501021",1,"2015","2014",0,0.153,0.153,"1",0,0,"28","D",0,0,0,"D",0,"D",7800,"D",0,"D",0,"D",0,"D",0,"D",0,"D",0,"D",4000,"D",0,"D",0,"D",0,"D",9432,"D",-501,-50,-496,-503,-49.6,-50.3,1193.4,1193.4,7800,7800,7800.01,7800.01,0,0,0,0,0,0,496,503,7800,7800,0,0,0,0,0,0,6200,6300,0,0,0,0,0,0,49.6,50.3,0
"03501021",2,"2015","2014",0,0.153,0.153,"1",0.1,0.1,"28","D",0.0351,0.0351,0,"D",0,"D",16497,"D",0,"D",0,"D",0,"D",0,"D",0,"D",0,"D",0,"D",0,"D",0,"D",0,"D",0,"D",625,198,634.7,619.7,201.92,195.91,2524.04,2524.04,16497,16497,16497.01,16497.01,0,0,0,0,0,0,0,0,16497,16497,0,0,634.7,619.7,634.7,619.7,6200,6300,0,0,0,0,0,0,0,0,0
"03501021",3,"2015","2014",2,0.153,0.153,"3",0.3106,0.3106,"28","D",0.0562,0.0562,0,"D",0,"D",22472,"D",0,"D",0,"D",0,"D",0,"D",0,"D",0,"D",0,"D",0,"D",0,"D",2,"D",0,"D",-6454,-440,-6330.19,-6515.59,-421.68,-449.43,3438.22,3438.22,22472,22472,22472.01,22472.01,152.2,122.2,1847.8,1877.8,0,0,4482.39,4637.79,22472,22472,0,0,152.2,122.2,152.2,122.2,9100,9250,0,0,0,0,0,0,448.24,463.78,0
"03501051",1,"2015","2014",0,0.153,0.153,"2",0.2385,0.238,"17","D",0.046,0.048,2,"D",1,"D",0,"D",26886,"D",2285,"D",96696,"D",29038,"D",0,"D",0,"D",4000,"D",150,"D",0,"D",0,"D",13036,"D",21561,5667,21644.7,21519.89,5734.48,5633.76,4113.56,4113.56,150549.3,150549.3,148264.31,148264.31,0,0,0,0,0,0,0,0,137513.3,137513.3,0,0,21644.7,21519.89,21644.7,21519.89,8200,8900,11170.9,8593,0,0,0,0,0,0,0
"03501061",1,"2015","2014",1,0,0,"3",-0.34,-0.34,"05","D",0,0,1,"D",1,"D",0,"D",0,"D",0,"D",6704,"D",0,"D",0,"D",0,"D",3700,"D",76,"D",0,"D",0,"D",12200,"D",0,0,0,0,0,0,0,0,6704,6704,6704.01,6704.01,0,0,0,0,0,0,0,0,6704,6704,0,0,0,0,0,0,7984,8088,15976,15976,0,0,0,0,0,0,0
"03501121",1,"2015","2014",2,0.153,0.153,"3",0.3606,0.3606,"24","D",0.1773,0.1773,0,"D",0,"D",36500,"D",0,"D",1300,"D",0,"D",0,"D",426,"D",0,"D",2300,"D",0,"D",0,"D",0,"D",4848,"D",485,-436,625.68,415.29,-379.02,-464.88,5584.5,5584.5,37800,37800,37800.01,37800.01,0,0,0,0,0,0,1254.32,1409.71,37800,37800,0,0,1880,1825,1880,1825,9100,9250,0,0,1071.69,1073.8,0,0,208.8,276.5,0
"03501121",2,"2015","2014",2,0,0,"3",-0.4,-0.4,"24","D",0,0,0,"D",0,"D",0,"D",0,"D",0,"D",0,"D",0,"D",0,"D",0,"D",0,"D",0,"D",0,"D",0,"D",0,"D",0,0,0,0,0,0,0,0,0,0,0.01,0.01,0,0,0,0,0,0,0,0,0,0,0,0,0,0,0,0,9100,9250,0,0,0,0,0,0,0,0,0
"03501141",1,"2015","2014",2,0,0,"3",-0.4,-0.4,"0","T",0,0,0,"D",0,"D",0,"D",0,"D",0,"D",1100,"D",0,"D",0,"D",0,"D",1500,"D",110,"D",0,"D",0,"D",986,"D",0,0,0,0,0,0,0,0,1100,1100,0,0,0,0,0,0,0,0,0,0,1100,1100,0,0,0,0,0,0,0,0,0,0,0,0,0,0,0,0,0
"03501171",1,"2015","2014",0,0.153,0.153,"2",0.15,0.15,"05","D",0.04,0.04,0,"D",0,"D",0,"D",52722,"D",0,"D",0,"D",0,"D",0,"D",12000,"D",0,"D",0,"D",0,"D",0,"D",0,"D",3916,552,3955.8,3895.8,563.65,545.93,8066.47,8066.47,52722,52722,52722.01,52722.01,0,0,0,0,0,0,0,0,52722,52722,0,0,3955.8,3895.8,3955.8,3895.8,7984,8088,0,0,0,0,0,0,0,0,0
"03501201",1,"2015","2014",0,0.153,0.153,"1",0.15,0.15,"10","D",0,0,0,"D",0,"D",38000,"D",0,"D",0,"D",0,"D",0,"D",0,"D",10112,"D",0,"D",0,"D",0,"D",0,"D",0,"D",3704,0,3723.75,3693.75,0,0,5814,5814,38000,38000,0,0,0,0,0,0,0,0,0,0,38000,38000,0,0,3723.75,3693.75,3723.75,3693.75,0,0,0,0,0,0,0,0,0,0,0
"03501211",1,"2015","2014",0,0.153,0.153,"2",0.15,0.15,"23","D",0.0775,0.0775,1,"D",1,"D",0,"D",17034,"D",0,"D",7200,"D",21034,"D",0,"D",8400,"D",0,"D",0,"D",0,"D",0,"D",0,"D",388,288,410.95,375.95,288.36,288.36,2606.2,2606.2,25609.5,25609.5,17034.01,17034.01,0,0,0,0,0,0,0,0,25609.5,25609.5,0,0,410.95,375.95,410.95,375.95,0,0,0,0,95.58,95.58,0,0,0,0,0
"03501311",1,"2015","2014",0,0.153,0.153,"1",0.15,0.15,"31","D",0.0175,0.0175,0,"D",0,"D",25000,"D",0,"D",1050,"D",0,"D",0,"D",0,"D",10200,"D",0,"D",0,"D",0,"D",0,"D",0,"D",1911,218,1931.25,1901.25,218.38,218.38,3825,3825,26050,26050,26050.01,26050.01,0,0,0,0,0,0,0,0,26050,26050,0,0,1931.25,1901.25,1931.25,1901.25,0,0,0,0,0,0,0,0,0,0,0
"03501331",1,"2015","2014",0,0.153,0.153,"1",0.1765,0.1765,"05","D",0,0,0,"D",0,"D",11666,"D",0,"D",0,"D",0,"D",0,"D",0,"D",4800,"D",0,"D",30,"D",0,"D",0,"D",0,"D",-94,0,-72.37,-105.08,0,0,1784.9,1784.9,11666,11666,11666.01,11666.01,0,0,0,0,0,0,223.97,241.68,11666,11666,0,0,151.6,136.6,151.6,136.6,3992,4044,30,30,0,0,0,0,0,0,0
"03501361",1,"2015","2014",1,0.153,0.153,"2",0.3,0.3,"10","D",0,0,0,"D",0,"D",41000,"D",90000,"D",-8000,"D",0,"D",0,"D",0,"D",13080,"D",0,"D",60,"D",0,"D",1,"D",0,"D",15908,0,16050,15837.5,0,0,20043,20043,123000,123000,0,0,350,350,0,0,0,0,0,0,123000,123000,0,0,16400,16187.5,16400,16187.5,0,0,0,0,0,0,0,0,0,0,0
"03501371",1,"2015","2014",0,0,0,"1",0,0,"50","D",0.0703,0.0703,1,"D",1,"D",0,"D",0,"D",0,"D",327,"D",16894,"D",0,"D",5700,"D",0,"D",24,"D",0,"D",0,"D",300,"D",0,-492,0,0,-491.66,-491.66,0,0,327,327,327.01,327.01,0,0,0,0,0,0,0,0,327,327,0,0,0,0,0,0,10080,10249.92,300,300,491.66,491.66,0,0,0,0,0
"03501381",1,"2015","2014",1,0.153,0.153,"2",0.15,0.15,"07","D",0.0425,0.0425,0,"D",0,"D",24640,"D",22880,"D",0,"D",0,"D",0,"D",0,"D",9600,"D",0,"D",114,"D",0,"D",1,"D",0,"D",1538,660,1583,1515.5,659.6,659.6,7270.56,7270.56,47520,47520,47520.01,47520.01,1000,1000,0,0,0,0,0,0,47520,47520,0,0,2583,2515.5,2583,2515.5,0,0,0,0,0,0,0,0,0,0,0
"03501391",1,"2015","2014",0,0.153,0.153,"1",0.15,0.25,"33","D",0.0645,0.0645,0,"D",0,"D",47082,"D",0,"D",0,"D",0,"D",0,"D",0,"D",7200,"D",0,"D",0,"D",0,"D",0,"D",0,"D",5067,2195,5089.25,5056.05,2204.8,2190.59,7203.55,7203.55,47082,47082,47082.01,47082.01,0,0,0,0,0,0,0,0,47082,47082,0,0,5089.25,5056.05,5089.25,5056.05,7800,7900,0,0,0,0,0,0,0,0,0
"03501401",1,"2015","2014",0,0.153,0.153,"1",0.2339,0.2339,"50","D",0.0642,0.0642,0,"D",0,"D",90000,"D",0,"D",-200,"D",0,"D",0,"D",0,"D",0,"D",4400,"D",0,"D",0,"D",0,"D",2480,"D",14336,4849,14385.14,14312.03,4854.44,4846.89,13770,13770,89800,89800,89800.01,89800.01,0,0,0,0,0,0,0,0,87320,87320,0,0,14385.14,14312.03,14385.14,14312.03,1068,1267.65,2480,2480,0,0,0,0,0,0,0
"03501411",1,"2015","2014",2,0.153,0.153,"2",0.1417,0.1417,"31","D",0.0552,0.0552,0,"D",0,"D",3600,"D",90000,"D",0,"D",0,"D",0,"D",0,"D",13200,"D",0,"D",300,"D",0,"D",2,"D",12000,"D",6592,1970,6621.98,6576.98,1970.15,1970.15,14320.8,14320.8,93600,93600,93600.01,93600.01,2000,2000,0,0,0,0,0,0,81600,81600,0,0,8621.98,8576.98,8621.98,8576.98,0,0,0,0,0,0,0,0,0,0,0
"03501441",1,"2015","2014",0,0.153,0.153,"1",0.1489,0.1489,"44","D",0,0,0,"D",0,"D",45000,"D",0,"D",-3375,"D",0,"D",0,"D",0,"D",0,"D",1200,"D",1195,"D",0,"D",0,"D",3736,"D",4180,0,4189.58,4174.58,0,0,6885,6885,41625,41625,0,0,0,0,0,0,0,0,0,0,37889,37889,0,0,4189.58,4174.58,4189.58,4174.58,0,0,0,0,0,0,0,0,0,0,0
"03501441",2,"2015","2014",0,0.153,0.153,"1",0.15,0.15,"44","D",0,0,0,"D",0,"D",30000,"D",0,"D",0,"D",0,"D",0,"D",0,"D",0,"D",0,"D",0,"D",0,"D",0,"D",0,"D",2504,0,2523.75,2493.75,0,0,4590,4590,30000,30000,0,0,0,0,0,0,0,0,0,0,30000,30000,0,0,2523.75,2493.75,2523.75,2493.75,0,0,0,0,0,0,0,0,0,0,0
"03501451",1,"2015","2014",0,0.153,0.153,"2",0.1405,0.1405,"45","D",0.063,0.063,0,"D",0,"D",30000,"D",51000,"D",0,"D",0,"D",0,"D",0,"D",0,"D",2000,"D",4874,"D",0,"D",0,"D",20976,"D",5453,2716,5471.53,5443.04,2723.16,2713.08,12393,12393,81000,81000,81000.01,81000.01,0,0,0,0,0,0,0,0,60024,60024,0,0,5471.53,5443.04,5471.53,5443.04,0,0,0,0,0,0,0,0,0,0,0
"03501471",1,"2015","2014",3,0.153,0.153,"2",0.3106,0.3106,"11","D",0.06,0.06,0,"D",0,"D",0,"D",35000,"D",0,"D",0,"D",0,"D",0,"D",0,"D",60,"D",0,"D",0,"D",3,"D",600,"D",-6536,676,-6385.56,-6611.69,676,676,5355,5355,35000,35000,35000.01,35000.01,285,240,2715,2760,0,0,3670.56,3851.69,35000,35000,0,0,285,240,285,240,3000,3000,0,0,0,0,0,0,0,0,0
"03501481",1,"2015","2014",0,0.153,0.153,"2",0.15,0.15,"33","D",0.0645,0.0645,0,"D",0,"D",52757,"D",25000,"D",205,"D",0,"D",0,"D",0,"D",0,"D",930,"D",1880,"D",0,"D",0,"D",6168,"D",7702,3342,7741.8,7681.8,3361.35,3332.92,11896.82,11896.82,77962,77962,77962.01,77962.01,0,0,0,0,0,0,0,0,77962,77962,0,0,7741.8,7681.8,7741.8,7681.8,15650,15850,0,0,0,0,0,0,0,0,0
"03501501",1,"2015","2014",0,0.153,0.153,"1",0.15,0.15,"05","D",0.06,0.06,0,"D",0,"D",42200,"D",0,"D",-1219,"D",0,"D",0,"D",0,"D",0,"D",0,"D",75,"D",0,"D",0,"D",0,"D",4151,1075,4170.9,4140.9,1086.48,1069.05,6456.6,6456.6,40981,40981,40981.01,40981.01,0,0,0,0,0,0,0,0,40981,40981,0,0,4170.9,4140.9,4170.9,4140.9,3992,4044,75,75,0,0,0,0,0,0,0
"03501501",2,"2015","2014",1,0,0,"3",-0.34,-0.34,"05","D",0,0,0,"D",0,"D",0,"D",0,"D",0,"D",0,"D",0,"D",0,"D",0,"D",0,"D",0,"D",0,"D",0,"D",0,"D",0,0,0,0,0,0,0,0,0,0,0.01,0.01,0,0,0,0,0,0,0,0,0,0,0,0,0,0,0,0,7984,8088,0,0,0,0,0,0,0,0,0
"03501511",1,"2015","2014",1,0.153,0.153,"3",0.2598,0.2598,"0","T",0,0,0,"D",0,"D",26000,"D",0,"D",0,"D",0,"D",0,"D",0,"D",6000,"D",0,"D",0,"D",0,"D",0,"D",0,"D",-1186,0,-1099.43,-1229.57,0,0,3978,3978,26000,26000,0,0,0,0,0,0,0,0,1999.43,2104.57,26000,26000,0,0,900,875,900,875,0,0,0,0,0,0,0,0,0,0,0
"03501511",2,"2015","2014",0,0.153,0.153,"1",0.1,0.1,"0","T",0,0,0,"D",0,"D",17339,"D",0,"D",0,"D",0,"D",0,"D",0,"D",0,"D",0,"D",0,"D",0,"D",0,"D",0,"D",709,0,718.9,703.9,0,0,2652.87,2652.87,17339,17339,0,0,0,0,0,0,0,0,0,0,17339,17339,0,0,718.9,703.9,718.9,703.9,0,0,0,0,0,0,0,0,0,0,0
"03501521",1,"2015","2014",1,0.153,0.153,"3",0.1405,0.1405,"45","D",0.063,0.063,0,"D",0,"D",43059,"D",0,"D",72,"D",0,"D",0,"D",0,"D",0,"D",1500,"D",130,"D",0,"D",1,"D",6680,"D",2135,1592,2150.93,2127.23,1598.15,1589.46,6588.03,6588.03,43131,43131,43131.01,43131.01,1000,1000,0,0,0,0,0,0,36451,36451,0,0,3150.93,3127.23,3150.93,3127.23,0,0,0,0,0,0,0,0,0,0,0
"03501521",2,"2015","2014",0,0.153,0.153,"1",0.25,0.25,"45","D",0.05,0.05,0,"D",0,"D",58762,"D",0,"D",0,"D",0,"D",0,"D",0,"D",0,"D",0,"D",0,"D",0,"D",0,"D",0,"D",7943,2938,8009.25,7909.25,2938.1,2938.1,8990.59,8990.59,58762,58762,58762.01,58762.01,0,0,0,0,0,0,0,0,58762,58762,0,0,8009.25,7909.25,8009.25,7909.25,0,0,0,0,0,0,0,0,0,0,0
"03501551",1,"2015","2014",0,0.153,0.153,"2",0.1429,0.1429,"21","D",0.0475,0.0475,0,"D",0,"D",98106,"D",0,"D",0,"D",0,"D",0,"D",0,"D",0,"D",2500,"D",0,"D",0,"D",0,"D",14412,"D",9542,3500,9561.57,9531.57,3500.22,3500.22,15010.22,15010.22,98106,98106,98106.01,98106.01,0,0,0,0,0,0,0,0,83694,83694,0,0,9561.57,9531.57,9561.57,9531.57,4000,4000,16912,16912,0,0,0,0,0,0,0
"03501571",1,"2015","2014",2,0,0,"3",-0.4,-0.4,"10","D",0,0,0,"D",0,"D",0,"D",0,"D",0,"D",0,"D",0,"D",0,"D",0,"D",5600,"D",0,"D",0,"D",0,"D",8,"D",0,0,0,0,0,0,0,0,0,0,0,0,0,0,0,0,0,0,0,0,0,0,0,0,0,0,0,0,0,0,0,0,0,0,0,0,0,0,0
"03501581",1,"2015","2014",0,0.153,0.029,"1",0.2614,0.2614,"33","D",0.0665,0.0665,0,"D",0,"D",118000,"D",0,"D",-2411,"D",0,"D",0,"D",0,"D",14400,"D",0,"D",180,"D",0,"D",0,"D",360,"D",22199,7164,22276.44,22159.8,7167.97,7161.32,17930,18054,115589,115589,115589.01,115589.01,0,0,0,0,0,0,0,0,115229,115229,0,0,22276.44,22159.8,22276.44,22159.8,7800,7900,497.91,497.91,0,0,0,0,0,0,0
"03501591",1,"2015","2014",1,0.0818,0.0818,"2",0.2622,0.325,"31","D",0.0637,0.0637,0,"D",0,"D",100000,"D",135000,"D",-6210,"D",0,"D",0,"D",0,"D",0,"D",8000,"D",1165,"D",0,"D",1,"D",4404,"D",41202,10194,41406.95,41098.93,10194.45,10194.45,33723,33909,228790,228790,235000.01,235000.01,0,0,0,0,0,0,0,0,224386,224386,70.52,0,41336.43,41098.93,41336.43,41098.93,0,0,0,0,0,0,0,0,0,0,0
"03501603",1,"2015","2014",0,0,0,"1",-0.0765,-0.0765,"05","D",0,0,0,"D",0,"D",0,"D",0,"D",0,"D",0,"D",0,"D",4169,"D",0,"D",0,"D",0,"D",0,"D",0,"D",0,"D",0,0,0,0,0,0,0,0,0,0,0.01,0.01,0,0,0,0,0,0,0,0,0,0,0,0,0,0,0,0,3992,4044,0,0,0,0,0,0,0,0,0
"03501611",1,"2015","2014",1,0.153,0.153,"2",0,0,"0","T",0,0,0,"D",0,"D",0,"D",11723,"D",0,"D",0,"D",26134,"D",0,"D",0,"D",5000,"D",60,"D",0,"D",0,"D",8384,"D",-3341,0,-3305,-3359,0,0,1793.62,1793.62,11723,11723,0,0,0,0,0,0,0,0,3305,3359,11723,11723,0,0,0,0,0,0,0,0,0,0,0,0,0,0,0,0,0
"03501621",1,"2015","2014",0,0.153,0.153,"1",0.1455,0.1452,"36","D",0.0297,0.0317,0,"D",0,"D",34210,"D",0,"D",0,"D",0,"D",0,"D",0,"D",0,"D",1600,"D",110,"D",0,"D",0,"D",4568,"D",3035,655,3040.93,3032.4,684.13,641.02,5234.13,5234.13,34210,34210,34210.01,34210.01,0,0,0,0,0,0,0,0,29642,29642,0,0,3040.93,3032.4,3040.93,3032.4,0,0,0,0,0,0,0,0,0,0,0
"03501641",1,"2015","2014",0,0.153,0.153,"2",0.25,0.25,"10","D",0,0,0,"D",0,"D",108967,"D",23000,"D",0,"D",0,"D",0,"D",0,"D",11400,"D",0,"D",0,"D",0,"D",0,"D",0,"D",19496,0,19629.25,19429.25,0,0,20190.95,20190.95,131967,131967,0,0,0,0,0,0,0,0,0,0,131967,131967,0,0,19629.25,19429.25,19629.25,19429.25,0,0,0,0,0,0,0,0,0,0,0
"03501661",1,"2015","2014",1,0.153,0.153,"2",0.15,0.15,"34","D",0.0575,0.058,0,"D",0,"D",24000,"D",25000,"D",-4033,"D",0,"D",0,"D",0,"D",8400,"D",0,"D",55,"D",0,"D",1,"D",60,"D",1155,1628,1200.05,1132.55,1638.09,1623.1,7497,7497,44967,44967,44967.01,44967.01,1000,1000,0,0,0,0,0,0,44967,44967,0,0,2200.05,2132.55,2200.05,2132.55,15000,15000,60,60,0,0,0,0,0,0,0
"03501674",1,"2015","2014",1,0.153,0.153,"2",0.254,0.254,"05","D",0.093,0.093,0,"D",0,"D",110000,"D",110000,"D",3605,"D",0,"D",0,"D",0,"D",43356,"D",0,"D",0,"D",0,"D",1,"D",40000,"D",31961,11497,32106.12,31888.42,11543.85,11473.13,33660,33660,223605,223605,223605.01,223605.01,0,0,0,0,0,0,0,0,183605,183605,0,0,32106.12,31888.42,32106.12,31888.42,7984,8088,40000,40000,0,0,0,0,0,0,0
"03501701",1,"2015","2014",0,0.153,0.153,"1",0.2406,0.2375,"14","D",0.0375,0.05,0,"D",0,"D",104477,"D",0,"D",0,"D",0,"D",0,"D",0,"D",0,"D",11630,"D",0,"D",0,"D",0,"D",12628,"D",13953,3683,13789.48,14034.56,4536.1,3255.76,15984.98,15984.98,104477,104477,104477.01,104477.01,0,0,0,0,0,0,0,0,91849,91849,0,0,13789.48,14034.56,13789.48,14034.56,0,0,0,0,581.5,581.5,0,0,0,0,0
"03501711",1,"2015","2014",0,0.153,0.153,"1",0.25,0.25,"05","D",0.093,0.093,0,"D",0,"D",60000,"D",0,"D",-998,"D",0,"D",0,"D",0,"D",11820,"D",0,"D",0,"D",0,"D",0,"D",0,"D",8003,2491,8069.25,7969.25,2516.72,2478.53,9180,9180,59002,59002,59002.01,59002.01,0,0,0,0,0,0,0,0,59002,59002,0,0,8069.25,7969.25,8069.25,7969.25,3992,4044,0,0,0,0,0,0,0,0,0
"03501731",1,"2015","2014",0,0,0,"1",-0.0765,-0.0765,"0","T",0,0,0,"D",0,"D",0,"D",0,"D",0,"D",0,"D",12684,"D",0,"D",3732,"D",0,"D",10,"D",0,"D",0,"D",0,"D",0,0,0,0,0,0,0,0,0,0,0,0,0,0,0,0,0,0,0,0,0,0,0,0,0,0,0,0,0,0,0,0,0,0,0,0,0,0,0
"03501741",1,"2015","2014",1,0.153,0.153,"2",0.2598,0.2598,"39","D",0.0307,0.0307,0,"D",0,"D",21000,"D",16730,"D",0,"D",0,"D",0,"D",0,"D",0,"D",2700,"D",73,"D",0,"D",1,"D",120,"D",-746,1158,-644.69,-796.02,1158.31,1158.31,5772.69,5772.69,37730,37730,37730.01,37730.01,1000,1000,0,0,0,0,992.69,1109.02,37730,37730,0,0,1348,1313,1348,1313,0,0,0,0,0,0,0,0,0,0,0
"03501751",1,"2015","2014",0,0,0,"1",-0.0765,-0.0765,"45","D",0,0,0,"D",0,"D",0,"D",0,"D",0,"D",0,"D",12034,"D",0,"D",3420,"D",0,"D",30,"D",0,"D",0,"D",0,"D",0,0,0,0,0,0,0,0,0,0,0.01,0.01,0,0,0,0,0,0,0,0,0,0,0,0,0,0,0,0,0,0,0,0,0,0,0,0,0,0,0
"03501811",1,"2015","2014",1,0.153,0.153,"2",0.2598,0.2598,"03","D",0.0259,0.0259,0,"D",0,"D",0,"D",32000,"D",0,"D",0,"D",0,"D",0,"D",0,"D",780,"D",2004,"D",0,"D",1,"D",3164,"D",-2234,344,-2133.35,-2284.67,346.59,342.35,4896,4896,32000,32000,32000.01,32000.01,775,740,225,260,0,0,1908.35,2024.67,32000,32000,0,0,775,740,775,740,10018,10182,6447.16,6447.16,0,0,0,0,0,0,0
"03501851",1,"2015","2014",0,0.153,0.153,"1",0.15,0.15,"28","D",0.0684,0.0684,0,"D",0,"D",41600,"D",0,"D",0,"D",0,"D",0,"D",0,"D",6900,"D",0,"D",0,"D",0,"D",0,"D",0,"D",4244,1446,4263.75,4233.75,1461.16,1439,6364.8,6364.8,41600,41600,41600.01,41600.01,0,0,0,0,0,0,0,0,41600,41600,0,0,4263.75,4233.75,4263.75,4233.75,6200,6300,0,0,0,0,0,0,0,0,0
"03501861",1,"2015","2014",0,0,0,"1",0,0,"28","D",0,0,1,"D",1,"D",0,"D",0,"D",0,"D",0,"D",24262,"D",0,"D",0,"D",3000,"D",780,"D",0,"D",0,"D",0,"D",0,0,0,0,0,0,0,0,0,0,0.01,0.01,0,0,0,0,0,0,0,0,0,0,0,0,0,0,0,0,7750,7850,0,0,0,0,0,0,0,0,0
"03501871",1,"2015","2014",0,0,0,"1",0,0,"24","D",0,0,1,"D",1,"D",0,"D",0,"D",0,"D",3971,"D",21538,"D",0,"D",24744,"D",0,"D",100,"D",0,"D",0,"D",1920,"D",0,-1666,0,0,-1659,-1670,0,0,3971,3971,3971.01,3971.01,0,0,0,0,0,0,0,0,3971,3971,0,0,0,0,0,0,7750,7850,0,0,1659,1670,0,0,0,0,0
"03501881",1,"2015","2014",1,0.153,0.153,"2",0.0962,0.095,"14","D",0.0375,0.05,0,"D",0,"D",13000,"D",34000,"D",-1093,"D",0,"D",0,"D",0,"D",0,"D",5200,"D",1964,"D",0,"D",0,"D",7320,"D",1809,1385,1785.64,1820.34,1716.6,1219.64,7191,7191,45907,45907,45907.01,45907.01,0,0,0,0,0,0,0,0,38587,38587,0,0,1785.64,1820.34,1785.64,1820.34,0,0,0,0,260,260,0,0,0,0,0
"03501891",1,"2015","2014",0,0.153,0.153,"2",0.15,0.25,"33","D",0.0645,0.0645,0,"D",0,"D",53232,"D",41800,"D",0,"D",0,"D",0,"D",0,"D",0,"D",6000,"D",0,"D",0,"D",0,"D",0,"D",10293,4443,10395.5,10242.3,4462.36,4433.93,14539.9,14539.9,95032,95032,95032.01,95032.01,0,0,0,0,0,0,0,0,95032,95032,0,0,10395.5,10242.3,10395.5,10242.3,15650,15850,0,0,0,0,0,0,0,0,0
"03501891",2,"2015","2014",0,0.153,0.153,"1",0.1,0.1,"33","D",0.0454,0.0454,0,"D",0,"D",17034,"D",0,"D",0,"D",0,"D",0,"D",0,"D",0,"D",0,"D",0,"D",0,"D",0,"D",0,"D",678,324,688.4,673.4,327.89,322.41,2606.2,2606.2,17034,17034,17034.01,17034.01,0,0,0,0,0,0,0,0,17034,17034,0,0,688.4,673.4,688.4,673.4,7800,7900,0,0,0,0,0,0,0,0,0
"03501891",3,"2015","2014",0,0.153,0.153,"1",0.0765,0.0765,"33","D",0.0629,0.063,0,"D",0,"D",9276,"D",0,"D",0,"D",0,"D",0,"D",0,"D",0,"D",0,"D",0,"D",0,"D",0,"D",0,"D",-419,-69,-406.8,-424.51,-63,-72.31,1419.23,1419.23,9276,9276,9276.01,9276.01,0,0,0,0,0,0,406.8,424.51,9276,9276,0,0,0,0,0,0,7800,7900,0,0,0,0,0,0,72.92,78.23,0
"03501901",1,"2015","2014",0,0.153,0.153,"1",0.1,0.1,"0","T",0,0,0,"D",0,"D",16623,"D",0,"D",0,"D",0,"D",0,"D",0,"D",0,"D",600,"D",0,"D",0,"D",0,"D",0,"D",637,0,647.3,632.3,0,0,2543.32,2543.32,16623,16623,0,0,0,0,0,0,0,0,0,0,16623,16623,0,0,647.3,632.3,647.3,632.3,0,0,0,0,0,0,0,0,0,0,0
"03501901",2,"2015","2014",1,0,0,"3",-0.34,-0.34,"0","T",0,0,0,"D",0,"D",0,"D",0,"D",0,"D",0,"D",0,"D",0,"D",0,"D",0,"D",0,"D",0,"D",0,"D",0,"D",0,0,0,0,0,0,0,0,0,0,0,0,0,0,0,0,0,0,0,0,0,0,0,0,0,0,0,0,0,0,0,0,0,0,0,0,0,0,0
"03501911",1,"2015","2014",3,0.153,0.153,"2",0.2768,0.2768,"05","D",0.093,0.093,0,"D",0,"D",54963,"D",77092,"D",-3348,"D",0,"D",0,"D",0,"D",0,"D",4000,"D",0,"D",0,"D",2,"D",8844,"D",13420,4525,13531.64,13363.82,4577.84,4499.13,20204.41,20204.41,128707,128707,128707.01,128707.01,1064.65,1064.65,0,0,0,0,0,0,119863,119863,0,0,14596.29,14428.47,14596.29,14428.47,7984,8088,12844,12844,0,0,0,0,0,0,0
"03501921",1,"2015","2014",2,0.153,0.153,"2",0.1414,0.1413,"34","D",0.0575,0.058,0,"D",0,"D",42000,"D",30000,"D",0,"D",0,"D",0,"D",0,"D",0,"D",5000,"D",0,"D",0,"D",2,"D",5796,"D",3410,3087,3437.2,3396.47,3106,3077.5,11016,11016,72000,72000,72000.01,72000.01,2000,2000,0,0,0,0,0,0,66204,66204,0,0,5437.2,5396.48,5437.2,5396.47,15000,15000,10796,10796,0,0,0,0,0,0,0
"03501931",1,"2015","2014",0,0.153,0.153,"1",0.2775,0.2775,"34","D",0.0575,0.058,0,"D",0,"D",32068,"D",0,"D",0,"D",0,"D",21862,"D",0,"D",0,"D",800,"D",0,"D",0,"D",0,"D",0,"D",4636,1417,4656.32,4626.32,1424.94,1412.66,4906.4,4906.4,44217.15,44217.15,32068.01,32068.01,0,0,0,0,0,0,0,0,44217.15,44217.15,0,0,4656.32,4626.32,4656.32,4626.32,7500,7500,800,800,0,0,0,0,0,0,0
"03501961",1,"2015","2014",0,0,0,"1",0,0,"36","D",0,0,1,"D",1,"D",0,"D",0,"D",36,"D",0,"D",21600,"D",0,"D",0,"D",7430,"D",1,"D",0,"D",0,"D",3700,"D",0,0,0,0,0,0,0,0,36,36,36.01,36.01,0,0,0,0,0,0,0,0,36,36,0,0,0,0,0,0,0,0,0,0,0,0,0,0,0,0,0
"03501971",1,"2015","2014",3,0.153,0.153,"2",0.0991,0.0991,"44","D",0,0,0,"D",0,"D",54000,"D",1569,"D",0,"D",0,"D",0,"D",0,"D",0,"D",11000,"D",0,"D",0,"D",2,"D",11064,"D",-727,0,-710.69,-735.69,0,0,8502.06,8502.06,55569,55569,0,0,1289.31,1264.31,710.69,735.69,0,0,0,0,44505,44505,0,0,1289.31,1264.31,1289.31,1264.31,0,0,0,0,0,0,0,0,0,0,0
"03501991",1,"2015","2014",0,0.153,0.153,"1",0.25,0.25,"05","D",0.093,0.093,0,"D",0,"D",60782,"D",0,"D",-5000,"D",0,"D",0,"D",0,"D",19200,"D",0,"D",0,"D",0,"D",0,"D",400,"D",7198,2192,7264.25,7164.25,2217.26,2179.07,9299.65,9299.65,55782,55782,55782.01,55782.01,0,0,0,0,0,0,0,0,55782,55782,0,0,7264.25,7164.25,7264.25,7164.25,3992,4044,400,400,0,0,0,0,0,0,0
"03502021",1,"2015","2014",0,0.153,0.153,"2",0.25,0.25,"39","D",0.0307,0.0307,0,"D",0,"D",77304,"D",59957,"D",500,"D",0,"D",0,"D",0,"D",0,"D",5200,"D",1245,"D",0,"D",0,"D",0,"D",20944,4229,21077.75,20877.75,4229.26,4229.26,21000.93,21000.93,137761,137761,137761.01,137761.01,0,0,0,0,0,0,0,0,137761,137761,0,0,21077.75,20877.75,21077.75,20877.75,0,0,0,0,0,0,0,0,0,0,0
"03502031",1,"2015","2014",0,0.153,0.153,"1",0.1455,0.1452,"36","D",0.0297,0.0317,0,"D",0,"D",11766,"D",0,"D",15000,"D",0,"D",0,"D",0,"D",0,"D",1400,"D",0,"D",0,"D",0,"D",8964,"D",1343,409,1349.82,1339.05,428.23,400,1800.2,1800.2,26766,26766,26766.01,26766.01,0,0,0,0,0,0,0,0,17802,17802,0,0,1349.82,1339.05,1349.82,1339.05,0,0,0,0,0,0,0,0,0,0,0
"03502061",1,"2015","2014",1,0,0,"3",-0.34,-0.34,"39","D",0,0,0,"D",0,"D",0,"D",0,"D",0,"D",0,"D",0,"D",0,"D",0,"D",650,"D",0,"D",0,"D",0,"D",0,"D",0,0,0,0,0,0,0,0,0,0,0.01,0.01,0,0,0,0,0,0,0,0,0,0,0,0,0,0,0,0,0,0,0,0,0,0,0,0,0,0,0
"03502071",1,"2015","2014",3,0.0342,0.0342,"2",0.325,0.325,"05","D",0.093,0.093,0,"D",0,"D",228786,"D",10000,"D",60,"D",0,"D",0,"D",0,"D",0,"D",16180,"D",6006,"D",0,"D",3,"D",23452,"D",38155,11718,38484.55,37990.55,11770.93,11692.21,22672.79,22858.79,238846,238846,238846.01,238846.01,0,0,0,0,0,0,0,0,215394,215394,5965.17,5714.63,32519.38,32275.92,32519.38,32275.92,7984,8088,45638,45638,0,0,0,0,0,0,0
"03502083",1,"2015","2014",0,0.153,0.153,"1",-0.0765,-0.0765,"45","D",0,0,0,"D",0,"D",1300,"D",0,"D",0,"D",0,"D",0,"D",0,"D",0,"D",0,"D",0,"D",0,"D",0,"D",24,"D",-99,0,-99.45,-99.45,0,0,198.9,198.9,1300,1300,1300.01,1300.01,0,0,0,0,0,0,99.45,99.45,1300,1300,0,0,0,0,0,0,0,0,0,0,0,0,0,0,0,0,0
"03502131",1,"2015","2014",1,0.153,0.153,"2",0.2598,0.3098,"10","D",0,0,0,"D",0,"D",16000,"D",26000,"D",480,"D",0,"D",0,"D",0,"D",6000,"D",0,"D",0,"D",0,"D",0,"D",120,"D",1490,0,1593.36,1438.03,0,0,6426,6426,42480,42480,0,0,0,0,0,0,0,0,233.64,349.97,42480,42480,0,0,1827,1788,1827,1788,0,0,0,0,0,0,0,0,0,0,0
"03502141",1,"2015","2014",0,0.153,0.153,"2",0.2423,0.2423,"39","D",0.0307,0.0307,0,"D",0,"D",55000,"D",52000,"D",0,"D",0,"D",0,"D",0,"D",0,"D",3500,"D",0,"D",0,"D",0,"D",6088,"D",13169,3285,13269.28,13119.28,3284.9,3284.9,16371,16371,107000,107000,107000.01,107000.01,0,0,0,0,0,0,0,0,100912,100912,0,0,13269.28,13119.28,13269.28,13119.28,0,0,0,0,0,0,0,0,0,0,0
"03502151",1,"2015","2014",0,0.153,0.153,"2",0.25,0.25,"14","D",0.0375,0.05,0,"D",0,"D",77849,"D",60312,"D",-5083,"D",0,"D",0,"D",0,"D",0,"D",2400,"D",0,"D",0,"D",0,"D",2400,"D",19774,5247,19907,19707,6321.4,4709.18,21138.63,21138.63,133078,133078,133078.01,133078.01,0,0,0,0,0,0,0,0,133078,133078,0,0,19907,19707,19907,19707,0,0,0,0,120,120,0,0,0,0,0
"03502171",1,"2015","2014",1,0.153,0.153,"3",0.2598,0.2598,"41","D",0,0,0,"D",0,"D",17538,"D",0,"D",1800,"D",0,"D",0,"D",0,"D",6900,"D",0,"D",30,"D",0,"D",0,"D",40,"D",-2917,0,-2830.22,-2960.36,0,0,2683.31,2683.31,19338,19338,2338.01,2088.01,0,0,0,0,0,0,3064.02,3169.16,19338,19338,0,0,233.8,208.8,233.8,208.8,0,0,0,0,0,0,0,0,0,0,0
"03502171",2,"2015","2014",0,0,0,"1",-0.0765,-0.0765,"41","D",0,0,0,"D",0,"D",0,"D",0,"D",0,"D",0,"D",17962,"D",0,"D",0,"D",0,"D",0,"D",0,"D",0,"D",0,"D",0,0,0,0,0,0,0,0,0,0,0,0,0,0,0,0,0,0,0,0,0,0,0,0,0,0,0,0,0,0,0,0,0,0,0,0,0,0,0
"03502191",1,"2015","2014",1,0.153,0.153,"3",0.15,0.15,"10","D",0,0,0,"D",0,"D",60000,"D",0,"D",0,"D",0,"D",0,"D",0,"D",9000,"D",0,"D",160,"D",0,"D",0,"D",0,"D",5771,0,5802.5,5755,0,0,9180,9180,60000,60000,0,0,0,0,0,0,0,0,0,0,60000,60000,0,0,5802.5,5755,5802.5,5755,0,0,0,0,0,0,0,0,0,0,0
"03502211",1,"2015","2014",1,0.153,0.153,"3",0.2598,0.2598,"47","D",0.0895,0.0895,0,"D",0,"D",29000,"D",0,"D",450,"D",0,"D",0,"D",0,"D",0,"D",1500,"D",90,"D",0,"D",1,"D",3000,"D",-1290,853,-1203.12,-1333.26,866.8,845.77,4437,4437,29450,29450,29450.01,29450.01,1000,1000,0,0,0,0,1448.12,1553.26,29450,29450,0,0,1245,1220,1245,1220,3000,3000,0,0,0,0,0,0,289.62,310.65,0
"03502211",2,"2015","2014",0,0.153,0.153,"1",0.1,0.1,"47","D",0.05,0.05,0,"D",0,"D",17990,"D",0,"D",0,"D",0,"D",0,"D",0,"D",0,"D",0,"D",0,"D",0,"D",0,"D",0,"D",774,573,784,769,573,573,2752.47,2752.47,17990,17990,17990.01,17990.01,0,0,0,0,0,0,0,0,17990,17990,0,0,784,769,784,769,3000,3000,0,0,0,0,0,0,0,0,0
"03502211",3,"2015","2014",0,0.153,0.153,"1",0.15,0.15,"47","D",0.0575,0.0575,0,"D",0,"D",33748,"D",0,"D",0,"D",0,"D",0,"D",0,"D",0,"D",0,"D",0,"D",0,"D",0,"D",0,"D",3066,1457,3085.95,3055.95,1457.04,1457.04,5163.44,5163.44,33748,33748,33748.01,33748.01,0,0,0,0,0,0,0,0,33748,33748,0,0,3085.95,3055.95,3085.95,3055.95,3000,3000,0,0,0,0,0,0,0,0,0
"03502241",1,"2015","2014",2,0,0,"3",-0.4,-0.4,"25","D",0,0,0,"D",0,"D",0,"D",0,"D",2820,"D",0,"D",0,"D",0,"D",0,"D",400,"D",0,"D",0,"D",0,"D",3740,"D",0,0,0,0,0,0,0,0,2820,2820,2820.01,2820.01,0,0,0,0,0,0,0,0,2820,2820,0,0,0,0,0,0,3400,3400,4140,4140,0,0,0,0,0,0,0
"03502261",1,"2015","2014",0,0.153,0.153,"2",0.15,0.15,"10","D",0,0,0,"D",0,"D",43178,"D",15000,"D",0,"D",0,"D",0,"D",0,"D",10836,"D",0,"D",0,"D",0,"D",0,"D",0,"D",4734,0,4774.2,4714.2,0,0,8901.23,8901.23,58178,58178,0,0,0,0,0,0,0,0,0,0,58178,58178,0,0,4774.2,4714.2,4774.2,4714.2,0,0,0,0,0,0,0,0,0,0,0
"03502271",1,"2015","2014",0,0.153,0.153,"2",0.25,0.25,"36","D",0.0381,0.0392,1,"D",0,"D",45300,"D",59966,"D",-3786,"D",0,"D",6476,"D",0,"D",0,"D",4800,"D",1014,"D",0,"D",0,"D",160,"D",13042,2839,13383.65,12871.15,2996.22,2759.93,16105.7,16105.7,106984.6,106984.6,101480.01,101480.01,0,0,0,0,0,0,0,0,106984.6,106984.6,0,0,13383.65,12871.15,13383.65,12871.15,0,0,0,0,0,0,0,0,0,0,0
"03502281",1,"2015","2014",0,0.153,0.153,"2",0.1454,0.1454,"39","D",0.0307,0.0307,0,"D",0,"D",25371,"D",56545,"D",2145,"D",0,"D",0,"D",0,"D",0,"D",6300,"D",0,"D",0,"D",0,"D",6000,"D",8265,2581,8284.55,8254.55,2580.67,2580.67,12533.15,12533.15,84061,84061,84061.01,84061.01,0,0,0,0,0,0,0,0,78061,78061,0,0,8284.55,8254.55,8284.55,8254.55,0,0,0,0,0,0,0,0,0,0,0
"03502281",2,"2015","2014",0,0.153,0.153,"1",0.15,0.15,"39","D",0.0307,0.0307,0,"D",0,"D",43751,"D",0,"D",0,"D",0,"D",0,"D",0,"D",0,"D",0,"D",0,"D",0,"D",0,"D",0,"D",4566,1343,4586.4,4556.4,1343.16,1343.16,6693.9,6693.9,43751,43751,43751.01,43751.01,0,0,0,0,0,0,0,0,43751,43751,0,0,4586.4,4556.4,4586.4,4556.4,0,0,0,0,0,0,0,0,0,0,0
"03502291",1,"2015","2014",0,0.153,0.153,"1",0.175,0.175,"21","D",0.0475,0.0475,1,"D",1,"D",15947,"D",0,"D",0,"D",0,"D",0,"D",0,"D",7360,"D",0,"D",0,"D",0,"D",0,"D",0,"D",298,410,308.23,293.23,410.48,410.48,2439.89,2439.89,15947,15947,15947.01,15947.01,0,0,0,0,0,0,0,0,15947,15947,0,0,424.7,409.7,424.7,409.7,2000,2000,0,0,0,0,0,0,0,0,0
"03502304",1,"2015","2014",0,0.153,0.153,"1",0.1765,0.1765,"10","D",0,0,0,"D",0,"D",14400,"D",0,"D",0,"D",0,"D",0,"D",0,"D",0,"D",460,"D",0,"D",0,"D",0,"D",2120,"D",388,0,410.19,377.48,0,0,2203.2,2203.2,14400,14400,0,0,0,0,0,0,0,0,14.81,32.52,14400,14400,0,0,425,410,425,410,0,0,0,0,0,0,0,0,0,0,0
"03502304",2,"2015","2014",0,0,0,"1",-0.0765,-0.0765,"10","D",0,0,0,"D",0,"D",0,"D",0,"D",0,"D",0,"D",0,"D",0,"D",0,"D",0,"D",0,"D",0,"D",0,"D",0,"D",0,0,0,0,0,0,0,0,0,0,0,0,0,0,0,0,0,0,0,0,0,0,0,0,0,0,0,0,0,0,0,0,0,0,0,0,0,0,0
"03502311",1,"2015","2014",0,0.153,0.153,"2",0.0765,0.0765,"05","D",0,0,1,"D",1,"D",15000,"D",0,"D",0,"D",0,"D",0,"D",0,"D",12000,"D",0,"D",0,"D",0,"D",0,"D",0,"D",-400,0,-384.31,-407.37,0,0,2295,2295,15000,15000,15000.01,15000.01,0,0,0,0,0,0,384.31,407.37,15000,15000,0,0,0,0,0,0,7984,8088,0,0,0,0,0,0,0,0,0
"03502311",2,"2015","2014",0,0.153,0.153,"1",0.0765,0.0765,"05","D",0,0,0,"D",0,"D",9278,"D",0,"D",0,"D",0,"D",0,"D",0,"D",0,"D",0,"D",0,"D",0,"D",0,"D",0,"D",-418,0,-406.65,-424.36,0,0,1419.53,1419.53,9278,9278,9278.01,9278.01,0,0,0,0,0,0,406.65,424.36,9278,9278,0,0,0,0,0,0,3992,4044,0,0,0,0,0,0,0,0,0
"03502341",1,"2015","2014",2,0.153,0.153,"2",0.3106,0.3106,"0","T",0,0,0,"D",0,"D",30000,"D",0,"D",-1091,"D",0,"D",0,"D",0,"D",9600,"D",0,"D",0,"D",0,"D",2,"D",0,"D",-6110,0,-5969.66,-6179.79,0,0,4590,4590,28909,28909,0,0,70.9,30.9,1929.1,1969.1,0,0,4040.56,4210.69,28909,28909,0,0,70.9,30.9,70.9,30.9,0,0,0,0,0,0,0,0,0,0,0
"03502371",1,"2015","2014",2,0.153,0.153,"2",0.1423,0.1422,"22","D",0.0515,0.052,0,"D",0,"D",40000,"D",60000,"D",-500,"D",0,"D",0,"D",0,"D",0,"D",4200,"D",0,"D",0,"D",1,"D",7680,"D",8235,4004,8261,8221.81,4030,3991.25,15300,15300,99500,99500,99500.01,99500.01,1000,1000,0,0,0,0,0,0,91820,91820,0,0,9261,9221.81,9261,9221.81,0,0,0,0,0,0,0,0,0,0,0
"03502411",1,"2015","2014",1,0.153,0.153,"2",0.15,0.15,"15","D",0.033,0.034,0,"D",0,"D",85000,"D",0,"D",-8357,"D",0,"D",0,"D",0,"D",13800,"D",0,"D",0,"D",0,"D",1,"D",0,"D",5906,2305,5951.45,5883.95,2350.86,2281.72,13005,13005,76643,76643,76643.01,76643.01,1000,1000,0,0,0,0,0,0,76643,76643,0,0,6951.45,6883.95,6951.45,6883.95,0,0,0,0,0,0,0,0,0,0,0
"03502421",1,"2015","2014",0,0,0,"1",0,0,"05","D",0,0,1,"D",1,"D",0,"D",0,"D",0,"D",0,"D",12262,"D",0,"D",3648,"D",0,"D",125,"D",0,"D",0,"D",0,"D",0,0,0,0,0,0,0,0,0,0,0.01,0.01,0,0,0,0,0,0,0,0,0,0,0,0,0,0,0,0,3992,4044,125,125,0,0,0,0,0,0,0
"03502431",1,"2015","2014",0,0.153,0.153,"1",0.15,0.15,"45","D",0.063,0.063,0,"D",0,"D",25680,"D",0,"D",0,"D",0,"D",0,"D",0,"D",5028,"D",0,"D",90,"D",0,"D",0,"D",1440,"D",1856,884,1875.75,1845.75,891.42,880.38,3929.04,3929.04,25680,25680,25680.01,25680.01,0,0,0,0,0,0,0,0,25680,25680,0,0,1875.75,1845.75,1875.75,1845.75,0,0,0,0,0,0,0,0,0,0,0
"03502441",1,"2015","2014",2,0.153,0.153,"2",0.3106,0.3106,"36","D",0.0091,0.0097,0,"D",0,"D",32878,"D",600,"D",-3653,"D",0,"D",0,"D",0,"D",10020,"D",0,"D",0,"D",0,"D",2,"D",0,"D",-5286,73,-5145.59,-5355.72,76.81,70.46,5122.13,5122.13,29825,29825,29825.01,29825.01,162.5,122.5,1837.5,1877.5,0,0,3308.09,3478.22,29825,29825,0,0,162.5,122.5,162.5,122.5,0,0,0,0,0,0,0,0,128.01,117.44,0
"03502471",1,"2015","2014",1,0.153,0.153,"3",0.25,0.25,"05","D",0.08,0.08,0,"D",0,"D",85000,"D",0,"D",-10625,"D",0,"D",0,"D",0,"D",0,"D",1900,"D",0,"D",0,"D",0,"D",1296,"D",8655,1826,8756.25,8603.75,1860.55,1808.14,13005,13005,74375,74375,74375.01,74375.01,0,0,0,0,0,0,0,0,74375,74375,0,0,8756.25,8603.75,8756.25,8603.75,7984,8088,3196,3196,0,0,0,0,0,0,0
"03502481",1,"2015","2014",0,0.153,0.153,"1",0.15,0.15,"44","D",0,0,0,"D",0,"D",24600,"D",0,"D",0,"D",0,"D",0,"D",0,"D",7500,"D",0,"D",0,"D",0,"D",0,"D",0,"D",1694,0,1713.75,1683.75,0,0,3763.8,3763.8,24600,24600,0,0,0,0,0,0,0,0,0,0,24600,24600,0,0,1713.75,1683.75,1713.75,1683.75,0,0,0,0,0,0,0,0,0,0,0
"03502521",1,"2015","2014",0,0.153,0.153,"2",0.15,0.15,"05","D",0.06,0.06,0,"D",0,"D",23838,"D",46007,"D",254,"D",0,"D",0,"D",0,"D",0,"D",3500,"D",0,"D",0,"D",0,"D",0,"D",6522,1438,6562.35,6502.35,1461.18,1426.32,10686.28,10686.28,70099,70099,70099.01,70099.01,0,0,0,0,0,0,0,0,70099,70099,0,0,6562.35,6502.35,6562.35,6502.35,7984,8088,3500,3500,0,0,0,0,0,0,0
"03502554",1,"2015","2014",1,0.153,0.153,"3",0.2598,0.2598,"10","D",0,0,0,"D",0,"D",25480,"D",0,"D",0,"D",0,"D",0,"D",0,"D",6240,"D",0,"D",0,"D",0,"D",1,"D",0,"D",-2321,0,-2234.53,-2364.67,0,0,3898.44,3898.44,25480,25480,0,0,848,823,152,177,0,0,2082.53,2187.67,25480,25480,0,0,848,823,848,823,0,0,0,0,0,0,0,0,0,0,0
"03502561",1,"2015","2014",0,0.153,0.153,"1",0.15,0.15,"36","D",0.0248,0.0264,0,"D",0,"D",23000,"D",0,"D",0,"D",0,"D",0,"D",0,"D",7800,"D",0,"D",0,"D",0,"D",0,"D",0,"D",1454,296,1473.75,1443.75,309.42,288.68,3519,3519,23000,23000,23000.01,23000.01,0,0,0,0,0,0,0,0,23000,23000,0,0,1473.75,1443.75,1473.75,1443.75,0,0,0,0,0,0,0,0,0,0,0
"03502561",2,"2015","2014",0,0.153,0.153,"1",0.15,0.15,"36","D",0.0297,0.0317,0,"D",0,"D",40000,"D",0,"D",0,"D",0,"D",0,"D",0,"D",0,"D",0,"D",0,"D",0,"D",0,"D",0,"D",4004,839,4023.75,3993.75,875.54,820.34,6120,6120,40000,40000,40000.01,40000.01,0,0,0,0,0,0,0,0,40000,40000,0,0,4023.75,3993.75,4023.75,3993.75,0,0,0,0,0,0,0,0,0,0,0
"03502581",1,"2015","2014",3,0,0,"3",-0.45,-0.45,"31","D",-0.135,-0.09,0,"D",0,"D",0,"D",0,"D",0,"D",0,"D",0,"D",0,"D",5948,"D",0,"D",0,"D",0,"D",0,"D",25,"D",0,-150,0,0,-150,-150,0,0,0,0,0.01,0.01,0,0,0,0,0,0,0,0,0,0,0,0,0,0,0,0,0,0,0,0,0,0,0,0,0,0,0
"03502591",1,"2015","2014",0,0.153,0.153,"2",0.15,0.15,"0","T",0,0,0,"D",0,"D",35119,"D",17909,"D",-11671,"D",8400,"D",0,"D",0,"D",0,"D",1900,"D",80,"D",0,"D",0,"D",0,"D",3471,0,3511.05,3451.05,0,0,8113.28,8113.28,49757,49757,0,0,0,0,0,0,0,0,0,0,49757,49757,0,0,3511.05,3451.05,3511.05,3451.05,0,0,0,0,0,0,0,0,0,0,0
"03502601",1,"2015","2014",0,0.153,0.153,"2",0.25,0.25,"44","D",0,0,0,"D",0,"D",100000,"D",0,"D",0,"D",0,"D",6000,"D",0,"D",0,"D",4100,"D",53,"D",0,"D",0,"D",480,"D",12779,0,12912.5,12712.5,0,0,15300,15300,105100,105100,0,0,0,0,0,0,0,0,0,0,105100,105100,0,0,12912.5,12712.5,12912.5,12712.5,0,0,0,0,0,0,0,0,0,0,0
"03502621",1,"2015","2014",2,0.153,0.153,"2",0.1405,0.1405,"45","D",0.063,0.063,0,"D",0,"D",96000,"D",4600,"D",-17000,"D",0,"D",0,"D",0,"D",0,"D",1120,"D",585,"D",0,"D",1,"D",13464,"D",5465,3283,5493.3,5450.49,3292.32,3277.74,15391.8,15391.8,83600,83600,83600.01,83600.01,1000,1000,0,0,0,0,0,0,70136,70136,0,0,6493.3,6450.49,6493.3,6450.49,0,0,0,0,0,0,0,0,0,0,0
"03502621",2,"2015","2014",0,0.153,0.153,"1",0.1765,0.1765,"45","D",0.05,0.05,0,"D",0,"D",12000,"D",0,"D",0,"D",0,"D",0,"D",0,"D",0,"D",0,"D",0,"D",0,"D",0,"D",0,"D",-35,45,-13.41,-46.12,50.25,42,1836,1836,12000,12000,12000.01,12000.01,0,0,0,0,0,0,198.41,216.12,12000,12000,0,0,185,170,185,170,0,0,0,0,0,0,0,0,0,0,0
"03502641",1,"2015","2014",5,0.153,0.153,"2",0.15,0.15,"14","D",0.0375,0.05,0,"D",0,"D",78000,"D",0,"D",0,"D",0,"D",0,"D",0,"D",0,"D",2500,"D",0,"D",0,"D",2,"D",4128,"D",2720,2501,2785,2687.5,3031.25,2235.63,11934,11934,78000,78000,78000.01,78000.01,2000,2000,0,0,0,0,0,0,78000,78000,0,0,4785,4687.5,4785,4687.5,0,0,0,0,125,125,0,0,0,0,0
"03502641",2,"2015","2014",5,0,0,"3",-0.45,-0.45,"14","D",-0.045,-0.045,0,"D",0,"D",0,"D",0,"D",0,"D",0,"D",0,"D",0,"D",0,"D",0,"D",0,"D",0,"D",2,"D",0,"D",0,0,0,0,0,0,0,0,0,0,0.01,0.01,0,0,0,0,0,0,0,0,0,0,0,0,0,0,0,0,0,0,0,0,0,0,0,0,0,0,0
"03502671",1,"2015","2014",0,0.153,0.153,"2",0.15,0.15,"44","D",0,0,0,"D",0,"D",40000,"D",11663,"D",0,"D",0,"D",0,"D",0,"D",0,"D",1700,"D",120,"D",0,"D",0,"D",6728,"D",3757,0,3796.95,3736.95,0,0,7904.44,7904.44,51663,51663,0,0,0,0,0,0,0,0,0,0,51663,51663,0,0,3796.95,3736.95,3796.95,3736.95,0,0,0,0,0,0,0,0,0,0,0
"03502691",1,"2015","2014",0,0,0,"1",0,0,"37","D",0,0,1,"D",1,"D",0,"D",0,"D",0,"D",1200,"D",20662,"D",0,"D",0,"D",1200,"D",70,"D",0,"D",0,"D",0,"D",0,-40,0,0,-40,-40,0,0,1200,1200,0.01,0.01,0,0,0,0,0,0,0,0,1200,1200,0,0,0,0,0,0,6200,6300,0,0,0,0,0,0,0,0,0
"03502711",1,"2015","2014",2,0.153,0.153,"2",0.25,0.25,"26","D",0.045,0.045,0,"D",0,"D",60000,"D",32000,"D",14880,"D",0,"D",0,"D",0,"D",0,"D",250,"D",1340,"D",0,"D",2,"D",1328,"D",9233,4261,9382.5,9157.5,4259.85,4261.35,14076,14076,106880,106880,106880.01,106880.01,2000,2000,0,0,0,0,0,0,106880,106880,0,0,11382.5,11157.5,11382.5,11157.5,12400,12600,0,0,0,0,0,0,0,0,0
"03502731",1,"2015","2014",3,0.153,0.153,"2",0.15,0.15,"0","T",0,0,0,"D",0,"D",64035,"D",32451,"D",0,"D",0,"D",0,"D",0,"D",0,"D",1200,"D",0,"D",0,"D",3,"D",200,"D",5688,0,5742.9,5660.4,0,0,14762.36,14762.36,96486,96486,0,0,3000,3000,0,0,0,0,0,0,96486,96486,0,0,8742.9,8660.4,8742.9,8660.4,0,0,0,0,0,0,0,0,0,0,0
"03502741",1,"2015","2014",0,0.153,0.153,"1",0.25,0.25,"06","D",0.0463,0.0463,0,"D",0,"D",51000,"D",0,"D",0,"D",0,"D",0,"D",0,"D",26100,"D",0,"D",0,"D",0,"D",0,"D",0,"D",6002,1875,6068.75,5968.75,1891.36,1866.41,7803,7803,51000,51000,0,0,0,0,0,0,0,0,0,0,51000,51000,0,0,6068.75,5968.75,6068.75,5968.75,0,0,0,0,0,0,0,0,0,0,0
"03502751",1,"2015","2014",2,0.153,0.153,"2",0.2768,0.2768,"05","D",0.093,0.093,0,"D",0,"D",32000,"D",108000,"D",85,"D",0,"D",0,"D",0,"D",0,"D",4400,"D",0,"D",0,"D",2,"D",18184,"D",15272,5013,15376.21,15219.88,5063.18,4988.46,21420,21420,140085,140085,140085.01,140085.01,495.75,495.75,0,0,0,0,0,0,121901,121901,0,0,15871.96,15715.63,15871.96,15715.63,7984,8088,22584,22584,0,0,0,0,0,0,0
"03502761",1,"2015","2014",2,0,0,"3",0,0,"0","T",0,0,0,"D",0,"D",0,"D",0,"D",20000,"D",0,"D",0,"D",0,"D",0,"D",3200,"D",0,"D",0,"D",0,"D",5764,"D",0,0,0,0,0,0,0,0,20000,20000,0,0,0,0,0,0,0,0,0,0,20000,20000,0,0,0,0,0,0,0,0,0,0,0,0,0,0,0,0,0
"03502784",1,"2015","2014",0,0.153,0.153,"1",0.0765,0.0765,"22","D",0.1115,0.1115,0,"D",0,"D",9630,"D",0,"D",500,"D",0,"D",0,"D",0,"D",0,"D",0,"D",0,"D",0,"D",0,"D",0,"D",-353,160,-341.47,-359.18,161.78,159.12,1473.39,1473.39,10130,10130,10130.01,10130.01,0,0,0,0,0,0,341.47,359.18,10130,10130,0,0,0,0,0,0,0,0,0,0,0,0,0,0,51.22,53.88,0
"03502792",1,"2015","2014",0,0,0,"1",0,0,"19","D",0.02,0.02,0,"D",0,"D",0,"D",0,"D",6941,"D",0,"D",0,"D",0,"D",3200,"D",0,"D",0,"D",0,"D",0,"D",0,"D",0,49,0,0,48.82,48.82,0,0,6941,6941,6941.01,6941.01,0,0,0,0,0,0,0,0,6941,6941,0,0,0,0,0,0,0,0,0,0,0,0,0,0,0,0,0
"03502821",1,"2015","2014",0,0.153,0.153,"2",0.15,0.15,"36","D",0.0316,0.0339,0,"D",0,"D",57500,"D",0,"D",-6490,"D",5600,"D",7500,"D",0,"D",0,"D",1200,"D",983,"D",0,"D",0,"D",0,"D",5455,1206,5495.25,5435.25,1258.52,1179.19,8797.5,8797.5,62985,62985,56610.01,56610.01,0,0,0,0,0,0,0,0,62985,62985,0,0,5495.25,5435.25,5495.25,5435.25,0,0,0,0,0,0,0,0,0,0,0
"03502841",1,"2015","2014",1,0.029,0.029,"2",0.2684,0.2684,"19","D",0.0414,0.0414,0,"D",0,"D",228786,"D",0,"D",3434,"D",0,"D",0,"D",0,"D",0,"D",2500,"D",120,"D",760,"D",1,"D",14364,"D",41810,7968,41969.75,41730.04,7963.12,7971.03,21142.79,21328.79,232220,232220,232220.01,232220.01,0,0,0,0,0,0,0,0,217856,217856,0,0,41969.75,41730.04,41969.75,41730.04,0,0,0,0,0,0,0,0,0,0,0
"03502861",1,"2015","2014",0,0.153,0.153,"1",-0.0765,-0.0765,"38","D",-0.0061,-0.0061,0,"D",0,"D",2000,"D",0,"D",2000,"D",0,"D",0,"D",0,"D",0,"D",0,"D",0,"D",0,"D",0,"D",0,"D",-153,-12,-153,-153,-12.24,-12.24,306,306,4000,4000,4000.01,4000.01,0,0,0,0,0,0,153,153,4000,4000,0,0,0,0,0,0,2115.6,2144.96,0,0,0,0,0,0,12.24,12.24,0
"03502861",3,"2015","2014",0,0.153,0.153,"1",0.0765,0.0765,"38","D",0.0761,0.0761,0,"D",0,"D",9592,"D",0,"D",0,"D",0,"D",0,"D",0,"D",0,"D",0,"D",0,"D",0,"D",0,"D",0,"D",-394,231,-382.63,-400.34,235.74,228.27,1467.58,1467.58,9592,9592,9592.01,9592.01,0,0,0,0,0,0,382.63,400.34,9592,9592,0,0,0,0,0,0,2115.6,2144.96,0,0,0,0,0,0,30.61,32.03,0
